0.000000000000000000e+00 2.378238575862322568e-01 2.579299725070034466e-01 3.810696973250810027e-01 4.479112734530847906e-01 8.225683616823564748e-02 6.082676614628629297e-01 3.033810301403543908e-01 5.565455657063835826e-01 2.264608757469273037e-01 4.222341263872448902e-01 8.263119167334949111e-01 7.865910995760089230e-01 9.497895978240578074e-02 4.823265061468168802e-01 8.299666770003469862e-01 2.249527871277495761e-01 4.777168665841761697e-01 6.171661575437014102e-01 5.403303443772220493e-01 1.498787629276119859e-01 5.471016125980925349e-01 3.295033379564800691e-01 1.575376831877582928e-01 5.047024292762689601e-01 3.681296497494949138e-01 6.783348051647013488e-01 5.771134026464516120e-01 3.393361134054259098e-01 5.496900054259939994e-01 8.641380359463762817e-01 6.841046970156989815e-01 6.066761791178594265e-01 5.112930184834626468e-01 8.232119148816907650e-02
2.378238575862322568e-01 0.000000000000000000e+00 6.771464922132739428e-01 6.501273838267729310e-01 4.710154270024969891e-01 8.138503985967462384e-01 6.222261240782998026e-01 8.511543025463603751e-01 4.629438759378572410e-01 4.217800364451941286e-01 5.878142528759424668e-01 2.932482830618702851e-01 5.569423342938895072e-01 6.709841533167892891e-01 8.362319902904874480e-01 7.606451253995342165e-01 4.627212894395045240e-01 3.882160832087755420e-01 3.242874785310916330e-01 7.447471497734756696e-01 9.043135813268455836e-01 4.973748580150085252e-01 5.543336345123239806e-01 5.102594044499035864e-01 8.682647567661754273e-01 6.104512687331445919e-01 4.706742058897770420e-01 5.445816489797676851e-01 8.264939768448328339e-01 7.352548720191127707e-01 5.319142953177358191e-01 7.010535713361154553e-01 3.712565862596599042e-01 3.563348394501010263e-01 5.694898454847029390e-01
2.579299725070034466e-01 6.771464922132739428e-01 0.000000000000000000e+00 5.408946942535275415e-02 8.010379593432711554e-01 3.046160463728061485e-01 4.399120826847058296e-02 1.006369258902317654e-01 1.279260339845874617e-01 5.308193804850207531e-01 8.635584052487443874e-01 3.180011428404736495e-01 5.831604818532180046e-01 1.855806167936892570e-01 2.171861138564786797e-01 4.442209558512953405e-01 3.839404030946911295e-01 5.410949454881550658e-01 2.219129180760368580e-01 6.708935171379972751e-01 6.823312805549165416e-01 7.358935254610081689e-01 7.913586677385591184e-01 4.624798458038113513e-01 3.884106191784231221e-01 3.226077045780595398e-02 3.340734525513832098e-01 4.694781129274901987e-01 6.915321329188683919e-02 8.005899122075028629e-01 4.779630878693869045e-01 3.826313949214703580e-01 8.602211813633017234e-01 5.205705244763236816e-01 9.196764029201766055e-01
3.810696973250810027e-01 6.501273838267729310e-01 5.408946942535275415e-02 0.000000000000000000e+00 7.474555576690498082e-01 9.308427407960468969e-01 5.867234389611042378e-01 2.056364638113180598e-01 5.085471804131603824e-01 6.018187890200228374e-01 5.071230227471142937e-01 1.933116600037139143e-01 7.918800864806524453e-01 5.779529452117531108e-01 1.564078387788647717e-01 4.529415420509045331e-01 7.207091463483412674e-01 8.370297772952668414e-01 2.135004390713705069e-01 4.159407714243708587e-01 4.792389799350154633e-01 4.378227522294847462e-01 7.326614939208753174e-02 5.053837596560757373e-01 4.712020245830360610e-01 3.865926409335251890e-01 8.060483353768729264e-01 9.662736327111893786e-01 4.096094903200009352e-01 5.441282261044644297e-01 8.076720885093484625e-01 1.305125879075959006e-01 6.572138077557663216e-01 4.884868222646507330e-01 4.085853717582447198e-01
4.479112734530847906e-01 4.710154270024969891e-01 8.010379593432711554e-01 7.474555576690498082e-01 0.000000000000000000e+00 1.215937287157035085e-01 7.217645888938553078e-01 1.048815282520276781e-01 1.826729563971259407e-01 5.101611329213509016e-01 8.648081959639020155e-01 8.268034880090643357e-01 5.466202549988163906e-01 4.679752263691466796e-01 6.126946216146359481e-01 8.024487022960050675e-01 5.563547127812955573e-01 4.307854523630891830e-01 3.241052170571092628e-01 3.909479424993974606e-01 1.979499527537585957e-01 2.581291921410991952e-01 8.743271334068951628e-01 6.236571495052830594e-01 5.542714091617808592e-01 1.343143696376551954e-01 2.867868321950386434e-01 6.010761317976021090e-01 5.932536494460847187e-01 7.561456286062360199e-01 4.568310135612054235e-01 6.435295837681833664e-01 5.947556438812235946e-01 1.492123854808791172e-01 1.921780840692152159e-01
8.225683616823564748e-02 8.138503985967462384e-01 3.046160463728061485e-01 9.308427407960468969e-01 1.215937287157035085e-01 0.000000000000000000e+00 7.482480950085454996e-01 4.896014714725415717e-01 2.690895528555229399e-01 6.156634948819543762e-01 6.136365240492149820e-01 6.163290693493306271e-02 4.271434487316704276e-01 5.267407646679687083e-01 7.795151703228524465e-01 8.464158480551582375e-01 6.736388692423349589e-01 6.820931140101360590e-02 5.203374170865884274e-01 4.889576693267552732e-01 6.902504645535939565e-01 4.021362283152754014e-01 7.966634676396218140e-01 5.043234239969578425e-01 5.946427440185693136e-01 3.753011301702002811e-01 7.219485074866727192e-01 8.716466757336712723e-01 6.272362180300555812e-01 8.865452947839913556e-01 9.095451815282282748e-01 5.634851178396684812e-01 3.271464380116055892e-01 7.555422329221490596e-01 5.539560940008503298e-01
6.082676614628629297e-01 6.222261240782998026e-01 4.399120826847058296e-02 5.867234389611042378e-01 7.217645888938553078e-01 7.482480950085454996e-01 0.000000000000000000e+00 5.097734515555512047e-01 6.764970761432477220e-01 3.811011874627840967e-01 6.020473942911737097e-01 7.323856442611387241e-01 4.377387991841135140e-01 3.927896067383205292e-01 2.003731659711349700e-01 7.404989192602065007e-01 6.113428065021275781e-01 8.763747262178267494e-01 8.143952789549353533e-01 6.607873621946074305e-01 4.899853941754704345e-01 6.857328226772341218e-01 6.882015873291575936e-01 1.573192244349639335e-01 3.484688568130346886e-01 7.831985296364718518e-02 5.559491322644609657e-01 4.974154614164113530e-01 5.482116036141421178e-01 4.962306155155880028e-01 3.631456468480298572e-01 3.103432200618201353e-01 3.303254294336789298e-01 5.351823275155698223e-01 6.680819071120223107e-01
3.033810301403543908e-01 8.511543025463603751e-01 1.006369258902317654e-01 2.056364638113180598e-01 1.048815282520276781e-01 4.896014714725415717e-01 5.097734515555512047e-01 0.000000000000000000e+00 6.470006825052165844e-01 5.294198996517185396e-02 4.301384653186468010e-01 2.132189389515705136e-01 5.071935064083354927e-01 7.415513995338847142e-01 8.486494849051890998e-01 3.145754640167910399e-01 6.854364329269880818e-01 2.326568884759695477e-01 4.669972775765801609e-01 5.330105400357110224e-01 3.741860605737586387e-01 7.675011607888243548e-01 2.731808462525485703e-01 5.285686152944364391e-01 4.924471309622052151e-01 1.649575552874532614e-01 5.086319747221919041e-01 2.641047994498562090e-01 5.585128275704299705e-01 8.568898922286548592e-01 6.666069316454936722e-01 9.474614852419290800e-01 4.581753386036592213e-01 3.103766260880745920e-01 4.433898052515058974e-01
5.565455657063835826e-01 4.629438759378572410e-01 1.279260339845874617e-01 5.085471804131603824e-01 1.826729563971259407e-01 2.690895528555229399e-01 6.764970761432477220e-01 6.470006825052165844e-01 0.000000000000000000e+00 5.412755155738357971e-01 8.370256785042775594e-01 3.879777187856071619e-01 4.386700246468807629e-01 4.584562349024651762e-01 9.038968785778156434e-02 3.738254611293434504e-01 6.129197766876739450e-01 2.208043717087841973e-01 5.162424978711215307e-01 8.056206406899120154e-01 3.201598680530729490e-01 8.340607245248710111e-01 5.754148984729868799e-01 2.243899203144710253e-01 6.992676370774413286e-01 7.176070760651055425e-01 6.041896509109896396e-01 3.415756101185012383e-01 1.947893517802273822e-01 4.083421470132015951e-01 2.149782599098728486e-01 2.376856079028063784e-01 9.508230793990910534e-01 4.146982189944710129e-01 2.575056949243720306e-01
2.264608757469273037e-01 4.217800364451941286e-01 5.308193804850207531e-01 6.018187890200228374e-01 5.101611329213509016e-01 6.156634948819543762e-01 3.811011874627840967e-01 5.294198996517185396e-02 5.412755155738357971e-01 0.000000000000000000e+00 3.581143873648989784e-01 8.706500736875155688e-01 1.174233633582717484e-01 6.149325494128897729e-01 7.985380953124020520e-01 7.930196056481452205e-01 4.019682769989958437e-01 1.398165986089586754e-01 6.274165325701104301e-01 3.302310284614521363e-01 4.339328287769276815e-01 3.634741399934511286e-01 3.758842194867688113e-01 3.945103738541338445e-01 8.634471440806634757e-01 7.870766673820273063e-02 5.000812219548913529e-01 7.738808890685133779e-01 4.823609925660499731e-01 7.051381983066369319e-01 8.776350394632657093e-01 6.411303321813808243e-01 5.854047585660275832e-01 2.496914128082141637e-01 1.273337178707690809e-01
4.222341263872448902e-01 5.878142528759424668e-01 8.635584052487443874e-01 5.071230227471142937e-01 8.648081959639020155e-01 6.136365240492149820e-01 6.020473942911737097e-01 4.301384653186468010e-01 8.370256785042775594e-01 3.581143873648989784e-01 0.000000000000000000e+00 4.646277993565842701e-01 7.334985391911075236e-02 6.115889899446236289e-02 8.997516619564960294e-02 4.784757115935797112e-01 9.517768396627224181e-02 7.020987328423049512e-01 5.899288849810662150e-01 4.450356716279775249e-01 7.741272147269540049e-01 4.522325530963077211e-01 6.920682086640330688e-01 3.451259745540302126e-01 5.121097907661702475e-01 4.955520642588317481e-01 3.236968085297449171e-01 5.566028251898447188e-01 4.932276088287275706e-01 4.210746684086877911e-01 3.077520447797081338e-01 6.778989979860046144e-01 3.704486127141556340e-01 3.866730396980575524e-01 4.433812269046631949e-01
8.263119167334949111e-01 2.932482830618702851e-01 3.180011428404736495e-01 1.933116600037139143e-01 8.268034880090643357e-01 6.163290693493306271e-02 7.323856442611387241e-01 2.132189389515705136e-01 3.879777187856071619e-01 8.706500736875155688e-01 4.646277993565842701e-01 0.000000000000000000e+00 8.338201793302240095e-01 2.993935904416384908e-01 2.283391406714599947e-01 2.464169416426899573e-01 5.208794298764736208e-01 4.447467763680990060e-01 8.135066752932422762e-01 8.116841091358737437e-01 5.209894021143450793e-01 9.287368568811966707e-01 4.204672737869884491e-01 2.342732295255469666e-01 7.938021489660771479e-01 5.409170595885220978e-01 5.999539082902115572e-01 1.607254289357487043e-01 7.163651516531512886e-01 6.364567372484679630e-01 7.637443321463427415e-01 1.332034309441149089e-01 4.967800414016808608e-01 1.438225156870229782e-01 7.941347223464083616e-01
7.865910995760089230e-01 5.569423342938895072e-01 5.831604818532180046e-01 7.918800864806524453e-01 5.466202549988163906e-01 4.271434487316704276e-01 4.377387991841135140e-01 5.071935064083354927e-01 4.386700246468807629e-01 1.174233633582717484e-01 7.334985391911075236e-02 8.338201793302240095e-01 0.000000000000000000e+00 8.051633000701723386e-01 8.948867440159470332e-01 9.512602318599077122e-01 1.160355124777138203e-01 1.727228740460298173e-01 9.297943390492080518e-01 2.791707521161707062e-01 8.387923696055121781e-01 6.876514468914389777e-01 2.305870431035509371e-01 3.707137406807813340e-01 4.853706701217079811e-01 2.720130552167873139e-01 9.472053265961795088e-01 5.111596575408917653e-01 8.894072413119182841e-01 1.362786442596646275e-01 4.852996546115379006e-01 8.333063782735317115e-01 4.808931117191682647e-01 6.319727995772723705e-01 6.027838291588292208e-01
9.497895978240578074e-02 6.709841533167892891e-01 1.855806167936892570e-01 5.779529452117531108e-01 4.679752263691466796e-01 5.267407646679687083e-01 3.927896067383205292e-01 7.415513995338847142e-01 4.584562349024651762e-01 6.149325494128897729e-01 6.115889899446236289e-02 2.993935904416384908e-01 8.051633000701723386e-01 0.000000000000000000e+00 3.727788819975688117e-01 5.688728712314328195e-01 4.032440379941879538e-01 3.229815003349000291e-01 4.478698126477780872e-01 4.741258715136218993e-01 4.701354494133365147e-01 6.198005525098122526e-01 9.374619620199042824e-01 4.240270183424894035e-01 1.697080692843292438e-01 7.086184610411316864e-01 4.747444507621325083e-01 5.027087041514202159e-01 2.258415820699176124e-01 4.134622120928543865e-02 9.085529611009552919e-01 5.266234957035815789e-01 2.972806890957608861e-01 8.438307584496524960e-01 4.311246183425356815e-01
4.823265061468168802e-01 8.362319902904874480e-01 2.171861138564786797e-01 1.564078387788647717e-01 6.126946216146359481e-01 7.795151703228524465e-01 2.003731659711349700e-01 8.486494849051890998e-01 9.038968785778156434e-02 7.985380953124020520e-01 8.997516619564960294e-02 2.283391406714599947e-01 8.948867440159470332e-01 3.727788819975688117e-01 0.000000000000000000e+00 3.804396799365522552e-01 7.394275555591853788e-01 8.853752509075945021e-01 8.632449607717855855e-01 4.049169414259038424e-01 7.934139615598634343e-02 8.107354033124256620e-01 7.352707294569710283e-01 4.396026341940446613e-01 4.809198219948430664e-01 8.879544045253111584e-01 6.767084192751402494e-01 7.901479221962639521e-01 4.442252966573383977e-01 3.407240300759668550e-01 2.755363056144168321e-01 7.265045090642555659e-01 6.872444024132173812e-01 1.092487428874086008e-01 4.535413724510832245e-01
8.299666770003469862e-01 7.606451253995342165e-01 4.442209558512953405e-01 4.529415420509045331e-01 8.024487022960050675e-01 8.464158480551582375e-01 7.404989192602065007e-01 3.145754640167910399e-01 3.738254611293434504e-01 7.930196056481452205e-01 4.784757115935797112e-01 2.464169416426899573e-01 9.512602318599077122e-01 5.688728712314328195e-01 3.804396799365522552e-01 0.000000000000000000e+00 4.941296773170895662e-01 5.052814446061386633e-01 7.894454844990428377e-01 9.522657430286106672e-01 8.068609755936914096e-01 6.562638956371864563e-01 7.026059768297289176e-01 1.996889594814915680e-01 3.582583624561847535e-01 1.081745064757632102e-01 4.132157366258619180e-01 5.401030148855030522e-01 3.519062237615200317e-02 6.857206172155132506e-01 8.497682747856107888e-01 1.613715380264876265e-01 3.956363584677731193e-01 1.373199459300593617e-01 1.264529945476609019e-01
2.249527871277495761e-01 4.627212894395045240e-01 3.839404030946911295e-01 7.207091463483412674e-01 5.563547127812955573e-01 6.736388692423349589e-01 6.113428065021275781e-01 6.854364329269880818e-01 6.129197766876739450e-01 4.019682769989958437e-01 9.517768396627224181e-02 5.208794298764736208e-01 1.160355124777138203e-01 4.032440379941879538e-01 7.394275555591853788e-01 4.941296773170895662e-01 0.000000000000000000e+00 4.857379569532495056e-01 3.837206850974219652e-01 5.053460068733200972e-01 4.819987711675635111e-01 3.538783215187899511e-01 7.999421355717473148e-01 8.159409366609895464e-01 7.109903555385734819e-01 6.279806261227900421e-01 4.667261830267537270e-01 8.071309040132941259e-01 6.786572860591721934e-01 2.369223548229066889e-01 3.709845526234799573e-01 8.036946118916844517e-01 8.489580258575485372e-01 3.390009577492268944e-01 3.733905022015060471e-01
4.777168665841761697e-01 3.882160832087755420e-01 5.410949454881550658e-01 8.370297772952668414e-01 4.307854523630891830e-01 6.820931140101360590e-02 8.763747262178267494e-01 2.326568884759695477e-01 2.208043717087841973e-01 1.398165986089586754e-01 7.020987328423049512e-01 4.447467763680990060e-01 1.727228740460298173e-01 3.229815003349000291e-01 8.853752509075945021e-01 5.052814446061386633e-01 4.857379569532495056e-01 0.000000000000000000e+00 7.804030607776790696e-02 5.448997558168904298e-01 3.851325085624027755e-01 7.234830200270871980e-01 6.902977648933396049e-01 2.361858642610890069e-01 8.012659421446706176e-01 2.423840225095096335e-01 2.254737596337004213e-01 4.421438815234790543e-01 1.904536916030944438e-01 5.915335183154046828e-02 5.796958556616956804e-01 8.035603005900636697e-01 3.916132169071501190e-01 8.566540577974183224e-01 5.337668982364184300e-01
6.171661575437014102e-01 3.242874785310916330e-01 2.219129180760368580e-01 2.135004390713705069e-01 3.241052170571092628e-01 5.203374170865884274e-01 8.143952789549353533e-01 4.669972775765801609e-01 5.162424978711215307e-01 6.274165325701104301e-01 5.899288849810662150e-01 8.135066752932422762e-01 9.297943390492080518e-01 4.478698126477780872e-01 8.632449607717855855e-01 7.894454844990428377e-01 3.837206850974219652e-01 7.804030607776790696e-02 0.000000000000000000e+00 3.859769303385677808e-01 8.044032613889455785e-01 5.419070861009529505e-01 5.069301409632324118e-01 5.369200827358326933e-01 5.683068930410581920e-01 4.029918075305354286e-01 2.405724856655515609e-01 7.773045107334382031e-01 5.302227125212704006e-01 5.512534501121171271e-01 8.088085163578220271e-01 3.518106074029031527e-01 5.788298455975182666e-01 1.162764707816223986e-01 5.215151875278836169e-01
5.403303443772220493e-01 7.447471497734756696e-01 6.708935171379972751e-01 4.159407714243708587e-01 3.909479424993974606e-01 4.889576693267552732e-01 6.607873621946074305e-01 5.330105400357110224e-01 8.056206406899120154e-01 3.302310284614521363e-01 4.450356716279775249e-01 8.116841091358737437e-01 2.791707521161707062e-01 4.741258715136218993e-01 4.049169414259038424e-01 9.522657430286106672e-01 5.053460068733200972e-01 5.448997558168904298e-01 3.859769303385677808e-01 0.000000000000000000e+00 3.123259931598157957e-01 6.262589232139555984e-01 5.460394877344940667e-01 4.660133972739732844e-01 4.724035802264391348e-01 5.499600002482116778e-01 5.521687733312568014e-01 3.191342499592607629e-01 4.426921356446855138e-01 5.158011723450075525e-01 5.502032549105627668e-01 8.666675450125244096e-01 4.753265457707369634e-01 4.172624462702789749e-02 7.292996816377792513e-01
1.498787629276119859e-01 9.043135813268455836e-01 6.823312805549165416e-01 4.792389799350154633e-01 1.979499527537585957e-01 6.902504645535939565e-01 4.899853941754704345e-01 3.741860605737586387e-01 3.201598680530729490e-01 4.339328287769276815e-01 7.741272147269540049e-01 5.209894021143450793e-01 8.387923696055121781e-01 4.701354494133365147e-01 7.934139615598634343e-02 8.068609755936914096e-01 4.819987711675635111e-01 3.851325085624027755e-01 8.044032613889455785e-01 3.123259931598157957e-01 0.000000000000000000e+00 7.586379080394332064e-01 8.430235431484538466e-01 2.200829014828010188e-01 1.244798375698306092e-01 7.475028022673652073e-01 8.695907453719827762e-01 7.876923707630469895e-01 6.702208160000043824e-01 6.138402807221079449e-01 4.319787717215270995e-01 9.283001051750764399e-01 4.475694053060953470e-01 6.545306347528059288e-01 8.147844061913132041e-01
5.471016125980925349e-01 4.973748580150085252e-01 7.358935254610081689e-01 4.378227522294847462e-01 2.581291921410991952e-01 4.021362283152754014e-01 6.857328226772341218e-01 7.675011607888243548e-01 8.340607245248710111e-01 3.634741399934511286e-01 4.522325530963077211e-01 9.287368568811966707e-01 6.876514468914389777e-01 6.198005525098122526e-01 8.107354033124256620e-01 6.562638956371864563e-01 3.538783215187899511e-01 7.234830200270871980e-01 5.419070861009529505e-01 6.262589232139555984e-01 7.586379080394332064e-01 0.000000000000000000e+00 2.865366512998690496e-02 6.845072448532335541e-01 8.799030883892111632e-02 3.238657092978771690e-01 3.564354151428373862e-01 7.546344423944570945e-01 5.852964917075051954e-01 4.117015162694547259e-01 6.337788576831666632e-01 3.517619836504501940e-01 7.960661026733998336e-01 6.181280492572289731e-01 4.643045796720894902e-01
3.295033379564800691e-01 5.543336345123239806e-01 7.913586677385591184e-01 7.326614939208753174e-02 8.743271334068951628e-01 7.966634676396218140e-01 6.882015873291575936e-01 2.731808462525485703e-01 5.754148984729868799e-01 3.758842194867688113e-01 6.920682086640330688e-01 4.204672737869884491e-01 2.305870431035509371e-01 9.374619620199042824e-01 7.352707294569710283e-01 7.026059768297289176e-01 7.999421355717473148e-01 6.902977648933396049e-01 5.069301409632324118e-01 5.460394877344940667e-01 8.430235431484538466e-01 2.865366512998690496e-02 0.000000000000000000e+00 5.921511403670691731e-01 3.171762402205715592e-01 7.932032387958005692e-01 6.006862145046372170e-01 9.672253885516823857e-02 6.429414459064026754e-01 8.576930552617251236e-01 5.439522763267621297e-01 1.508867810119428055e-01 8.860330576862749385e-01 6.255835433996269623e-01 6.836185458182097996e-01
1.575376831877582928e-01 5.102594044499035864e-01 4.624798458038113513e-01 5.053837596560757373e-01 6.236571495052830594e-01 5.043234239969578425e-01 1.573192244349639335e-01 5.285686152944364391e-01 2.243899203144710253e-01 3.945103738541338445e-01 3.451259745540302126e-01 2.342732295255469666e-01 3.707137406807813340e-01 4.240270183424894035e-01 4.396026341940446613e-01 1.996889594814915680e-01 8.159409366609895464e-01 2.361858642610890069e-01 5.369200827358326933e-01 4.660133972739732844e-01 2.200829014828010188e-01 6.845072448532335541e-01 5.921511403670691731e-01 0.000000000000000000e+00 3.629753984954939838e-01 7.543647429225973644e-01 5.561784836859379189e-01 7.402728586095965735e-01 3.944176128500830325e-01 8.508016678368015562e-01 7.634905395981473886e-01 5.080474923879734206e-01 4.421613451952229878e-01 7.196625500449044255e-01 4.034077545784780505e-01
5.047024292762689601e-01 8.682647567661754273e-01 3.884106191784231221e-01 4.712020245830360610e-01 5.542714091617808592e-01 5.946427440185693136e-01 3.484688568130346886e-01 4.924471309622052151e-01 6.992676370774413286e-01 8.634471440806634757e-01 5.121097907661702475e-01 7.938021489660771479e-01 4.853706701217079811e-01 1.697080692843292438e-01 4.809198219948430664e-01 3.582583624561847535e-01 7.109903555385734819e-01 8.012659421446706176e-01 5.683068930410581920e-01 4.724035802264391348e-01 1.244798375698306092e-01 8.799030883892111632e-02 3.171762402205715592e-01 3.629753984954939838e-01 0.000000000000000000e+00 4.888503289479886327e-01 2.749232355091190128e-01 1.385422202743358255e-02 4.051198512231268256e-01 5.732905107724203253e-01 4.914856981563994198e-01 6.696528777310424285e-01 7.401297393225853005e-01 7.975257050920416813e-01 3.854746458267696019e-01
3.681296497494949138e-01 6.104512687331445919e-01 3.226077045780595398e-02 3.865926409335251890e-01 1.343143696376551954e-01 3.753011301702002811e-01 7.831985296364718518e-02 1.649575552874532614e-01 7.176070760651055425e-01 7.870766673820273063e-02 4.955520642588317481e-01 5.409170595885220978e-01 2.720130552167873139e-01 7.086184610411316864e-01 8.879544045253111584e-01 1.081745064757632102e-01 6.279806261227900421e-01 2.423840225095096335e-01 4.029918075305354286e-01 5.499600002482116778e-01 7.475028022673652073e-01 3.238657092978771690e-01 7.932032387958005692e-01 7.543647429225973644e-01 4.888503289479886327e-01 0.000000000000000000e+00 3.777068451745096422e-01 4.340580708575246249e-01 4.952283651195801828e-01 3.202114177547727980e-01 4.025083924947222003e-01 2.065990094592183857e-01 7.208319125932727278e-01 4.063557341297330816e-01 5.164453925284966385e-01
6.783348051647013488e-01 4.706742058897770420e-01 3.340734525513832098e-01 8.060483353768729264e-01 2.867868321950386434e-01 7.219485074866727192e-01 5.559491322644609657e-01 5.086319747221919041e-01 6.041896509109896396e-01 5.000812219548913529e-01 3.236968085297449171e-01 5.999539082902115572e-01 9.472053265961795088e-01 4.747444507621325083e-01 6.767084192751402494e-01 4.132157366258619180e-01 4.667261830267537270e-01 2.254737596337004213e-01 2.405724856655515609e-01 5.521687733312568014e-01 8.695907453719827762e-01 3.564354151428373862e-01 6.006862145046372170e-01 5.561784836859379189e-01 2.749232355091190128e-01 3.777068451745096422e-01 0.000000000000000000e+00 5.407932365808867381e-01 3.620905347484605352e-01 4.013445084027867926e-01 2.746192989248209537e-01 5.266983399725502224e-01 2.203499886684500142e-01 7.640724777496441522e-01 5.115801244493312083e-01
5.771134026464516120e-01 5.445816489797676851e-01 4.694781129274901987e-01 9.662736327111893786e-01 6.010761317976021090e-01 8.716466757336712723e-01 4.974154614164113530e-01 2.641047994498562090e-01 3.415756101185012383e-01 7.738808890685133779e-01 5.566028251898447188e-01 1.607254289357487043e-01 5.111596575408917653e-01 5.027087041514202159e-01 7.901479221962639521e-01 5.401030148855030522e-01 8.071309040132941259e-01 4.421438815234790543e-01 7.773045107334382031e-01 3.191342499592607629e-01 7.876923707630469895e-01 7.546344423944570945e-01 9.672253885516823857e-02 7.402728586095965735e-01 1.385422202743358255e-02 4.340580708575246249e-01 5.407932365808867381e-01 0.000000000000000000e+00 3.878850046336994595e-01 4.571243932375935737e-01 3.191927725447681330e-01 5.485835368404620160e-01 3.890791842242954379e-01 9.088122799517324157e-01 7.438326969242303743e-01
3.393361134054259098e-01 8.264939768448328339e-01 6.915321329188683919e-02 4.096094903200009352e-01 5.932536494460847187e-01 6.272362180300555812e-01 5.482116036141421178e-01 5.585128275704299705e-01 1.947893517802273822e-01 4.823609925660499731e-01 4.932276088287275706e-01 7.163651516531512886e-01 8.894072413119182841e-01 2.258415820699176124e-01 4.442252966573383977e-01 3.519062237615200317e-02 6.786572860591721934e-01 1.904536916030944438e-01 5.302227125212704006e-01 4.426921356446855138e-01 6.702208160000043824e-01 5.852964917075051954e-01 6.429414459064026754e-01 3.944176128500830325e-01 4.051198512231268256e-01 4.952283651195801828e-01 3.620905347484605352e-01 3.878850046336994595e-01 0.000000000000000000e+00 7.855851202050276871e-01 3.908930341476467007e-01 2.050763099520008237e-01 7.861430473644659411e-01 3.142736003056046945e-01 7.026841688685345755e-01
5.496900054259939994e-01 7.352548720191127707e-01 8.005899122075028629e-01 5.441282261044644297e-01 7.561456286062360199e-01 8.865452947839913556e-01 4.962306155155880028e-01 8.568898922286548592e-01 4.083421470132015951e-01 7.051381983066369319e-01 4.210746684086877911e-01 6.364567372484679630e-01 1.362786442596646275e-01 4.134622120928543865e-02 3.407240300759668550e-01 6.857206172155132506e-01 2.369223548229066889e-01 5.915335183154046828e-02 5.512534501121171271e-01 5.158011723450075525e-01 6.138402807221079449e-01 4.117015162694547259e-01 8.576930552617251236e-01 8.508016678368015562e-01 5.732905107724203253e-01 3.202114177547727980e-01 4.013445084027867926e-01 4.571243932375935737e-01 7.855851202050276871e-01 0.000000000000000000e+00 2.625983269765923556e-01 3.785471112956450002e-01 9.132865458383014889e-01 6.364095983758100150e-01 5.232164892987267724e-01
8.641380359463762817e-01 5.319142953177358191e-01 4.779630878693869045e-01 8.076720885093484625e-01 4.568310135612054235e-01 9.095451815282282748e-01 3.631456468480298572e-01 6.666069316454936722e-01 2.149782599098728486e-01 8.776350394632657093e-01 3.077520447797081338e-01 7.637443321463427415e-01 4.852996546115379006e-01 9.085529611009552919e-01 2.755363056144168321e-01 8.497682747856107888e-01 3.709845526234799573e-01 5.796958556616956804e-01 8.088085163578220271e-01 5.502032549105627668e-01 4.319787717215270995e-01 6.337788576831666632e-01 5.439522763267621297e-01 7.634905395981473886e-01 4.914856981563994198e-01 4.025083924947222003e-01 2.746192989248209537e-01 3.191927725447681330e-01 3.908930341476467007e-01 2.625983269765923556e-01 0.000000000000000000e+00 4.302293863484251135e-01 5.316858284390206801e-01 4.271462358072742882e-01 3.481869154259732424e-01
6.841046970156989815e-01 7.010535713361154553e-01 3.826313949214703580e-01 1.305125879075959006e-01 6.435295837681833664e-01 5.634851178396684812e-01 3.103432200618201353e-01 9.474614852419290800e-01 2.376856079028063784e-01 6.411303321813808243e-01 6.778989979860046144e-01 1.332034309441149089e-01 8.333063782735317115e-01 5.266234957035815789e-01 7.265045090642555659e-01 1.613715380264876265e-01 8.036946118916844517e-01 8.035603005900636697e-01 3.518106074029031527e-01 8.666675450125244096e-01 9.283001051750764399e-01 3.517619836504501940e-01 1.508867810119428055e-01 5.080474923879734206e-01 6.696528777310424285e-01 2.065990094592183857e-01 5.266983399725502224e-01 5.485835368404620160e-01 2.050763099520008237e-01 3.785471112956450002e-01 4.302293863484251135e-01 0.000000000000000000e+00 5.088704294353451063e-01 4.418667240425705467e-01 7.769864162596710200e-01
6.066761791178594265e-01 3.712565862596599042e-01 8.602211813633017234e-01 6.572138077557663216e-01 5.947556438812235946e-01 3.271464380116055892e-01 3.303254294336789298e-01 4.581753386036592213e-01 9.508230793990910534e-01 5.854047585660275832e-01 3.704486127141556340e-01 4.967800414016808608e-01 4.808931117191682647e-01 2.972806890957608861e-01 6.872444024132173812e-01 3.956363584677731193e-01 8.489580258575485372e-01 3.916132169071501190e-01 5.788298455975182666e-01 4.753265457707369634e-01 4.475694053060953470e-01 7.960661026733998336e-01 8.860330576862749385e-01 4.421613451952229878e-01 7.401297393225853005e-01 7.208319125932727278e-01 2.203499886684500142e-01 3.890791842242954379e-01 7.861430473644659411e-01 9.132865458383014889e-01 5.316858284390206801e-01 5.088704294353451063e-01 0.000000000000000000e+00 7.830972643211195905e-01 5.043818292188172459e-01
5.112930184834626468e-01 3.563348394501010263e-01 5.205705244763236816e-01 4.884868222646507330e-01 1.492123854808791172e-01 7.555422329221490596e-01 5.351823275155698223e-01 3.103766260880745920e-01 4.146982189944710129e-01 2.496914128082141637e-01 3.866730396980575524e-01 1.438225156870229782e-01 6.319727995772723705e-01 8.438307584496524960e-01 1.092487428874086008e-01 1.373199459300593617e-01 3.390009577492268944e-01 8.566540577974183224e-01 1.162764707816223986e-01 4.172624462702789749e-02 6.545306347528059288e-01 6.181280492572289731e-01 6.255835433996269623e-01 7.196625500449044255e-01 7.975257050920416813e-01 4.063557341297330816e-01 7.640724777496441522e-01 9.088122799517324157e-01 3.142736003056046945e-01 6.364095983758100150e-01 4.271462358072742882e-01 4.418667240425705467e-01 7.830972643211195905e-01 0.000000000000000000e+00 1.550811291520987067e-01
8.232119148816907650e-02 5.694898454847029390e-01 9.196764029201766055e-01 4.085853717582447198e-01 1.921780840692152159e-01 5.539560940008503298e-01 6.680819071120223107e-01 4.433898052515058974e-01 2.575056949243720306e-01 1.273337178707690809e-01 4.433812269046631949e-01 7.941347223464083616e-01 6.027838291588292208e-01 4.311246183425356815e-01 4.535413724510832245e-01 1.264529945476609019e-01 3.733905022015060471e-01 5.337668982364184300e-01 5.215151875278836169e-01 7.292996816377792513e-01 8.147844061913132041e-01 4.643045796720894902e-01 6.836185458182097996e-01 4.034077545784780505e-01 3.854746458267696019e-01 5.164453925284966385e-01 5.115801244493312083e-01 7.438326969242303743e-01 7.026841688685345755e-01 5.232164892987267724e-01 3.481869154259732424e-01 7.769864162596710200e-01 5.043818292188172459e-01 1.550811291520987067e-01 0.000000000000000000e+00
