0.000000000000000000e+00 4.536709843451309787e-01 4.076420274204883842e-01 5.964011960034014681e-01 8.187929604701851272e-01 3.630033339587762642e-01 5.589391173175963790e-01 2.761743317789522312e-01 2.013999246060886872e-01 3.039978867875106072e-01 5.695648596778339900e-01 3.541321437750523660e-01 5.428720091276537651e-01 4.104773242021950153e-01 5.119194294827615899e-01 7.391860269428098817e-01 5.227185611263357456e-01 4.974194572779881973e-01 7.631039797130980684e-01 2.700037107356596522e-01 3.763019696277408177e-01 5.989542848036908396e-01 6.419422563482112265e-01 3.877683678511402166e-01 7.502068661614795797e-01 5.250818389469553704e-01 5.829288656578273109e-01 6.841959348426916998e-01 8.053985962813927646e-01 6.160649463374503476e-01 2.203206192372552108e-01 2.217280831274585640e-01 4.951705238129284203e-01 6.291764419721637136e-01 5.456221747024584401e-01
4.536709843451309787e-01 0.000000000000000000e+00 7.659006681214940437e-01 4.922612873711407211e-01 5.708066237495453832e-01 5.329866919061378994e-01 5.992202220333011642e-01 6.895772122169168128e-01 7.962669858881048501e-01 2.494317370448762006e-02 5.683992387970011606e-01 6.586469951676907630e-01 5.839315426008483412e-01 5.257221185799817453e-01 4.212462950171523834e-01 8.304681285979825800e-02 1.817614936105975687e-01 7.032955751776539532e-01 1.026374068815532059e-01 3.843154841030683722e-01 2.090183127697431420e-01 7.155486563914383868e-01 1.721175239426351311e-01 6.610472851026975016e-01 4.850028853749507318e-01 8.185599788016163503e-01 5.888956443391546447e-02 4.728462493592505700e-01 5.268939820301599131e-01 3.235027615930047284e-01 4.929085054424238721e-01 9.720046099255675864e-01 2.736390380556521507e-01 1.833483060616037941e-01 3.919851201041033573e-01
4.076420274204883842e-01 7.659006681214940437e-01 0.000000000000000000e+00 6.687367670421286991e-01 6.935494858977000465e-01 8.157851072955927263e-01 4.289850209967555617e-01 8.314714951393451514e-01 4.393132118877633441e-01 7.294684494604715130e-01 4.268440916508450811e-01 4.092972893283182700e-01 3.634588787632451190e-01 5.825360306864717508e-01 6.210617534853821731e-01 4.287076128378585760e-01 7.882150574962941691e-01 6.889881228597647400e-01 3.283927014752531237e-01 7.547159829258153207e-01 2.167589671625488323e-01 4.103284437623391234e-01 4.704059760747527630e-01 8.438486924736570138e-01 7.622967840288306096e-01 5.368342694958226913e-01 5.057300016092918238e-01 8.040593488646619047e-01 5.997754236747263601e-01 2.700706308470977035e-01 5.227930684868929978e-01 8.501397502525516181e-01 1.481003975721909560e-01 5.555884780149088487e-01 2.620904945647993811e-01
5.964011960034014681e-01 4.922612873711407211e-01 6.687367670421286991e-01 0.000000000000000000e+00 7.171011862429941264e-01 5.383022754574975366e-01 5.618530810863813230e-01 2.773729523191049706e-01 7.964827377262420072e-01 5.637293848327462609e-01 7.366611636599506019e-01 3.220175093959651846e-01 3.338268839892291062e-01 2.903728168724312164e-01 4.819842841496247976e-01 2.120921474949266639e-01 8.632280751724017431e-01 6.739536018294446373e-01 8.331258099984162335e-02 3.925690833325904405e-01 1.090232489469895594e-01 2.542174682782669670e-01 3.947239417398775152e-01 4.974680111723837617e-01 9.435282820907711088e-01 9.223555339674794906e-01 6.111747782418027741e-01 9.383912867188948237e-02 5.080918438101476031e-01 6.581736079139651752e-01 2.820982880641020873e-01 3.102245589882522414e-01 8.663364196481615487e-01 8.502194616525211579e-01 4.789281926763199193e-01
8.187929604701851272e-01 5.708066237495453832e-01 6.935494858977000465e-01 7.171011862429941264e-01 0.000000000000000000e+00 3.682855296430942449e-02 4.582501072576996570e-01 3.864715186752120113e-01 6.681137701962649444e-01 7.099748428489530694e-01 4.315199597936781317e-01 5.277438393383269144e-01 7.824342067249471233e-01 8.500560935693406428e-01 7.543898294480444466e-02 8.512279512217839628e-01 3.373983457958219523e-01 6.916392016546306643e-01 7.644982836258806813e-02 6.752689898586881068e-01 8.853166127345467595e-01 1.420294154871346581e-01 5.665577581043709232e-01 2.831091297694918740e-01 5.401256614775431508e-01 5.852694402229143833e-01 4.096151730401852986e-01 8.823985180887020663e-01 7.268412550650775739e-01 5.679440681615448572e-01 5.907619388277312034e-01 7.775825016068793616e-01 5.316953227378138358e-01 6.526797200573711821e-01 8.721238067930630056e-01
3.630033339587762642e-01 5.329866919061378994e-01 8.157851072955927263e-01 5.383022754574975366e-01 3.682855296430942449e-02 0.000000000000000000e+00 8.131935647266750333e-01 7.104717142416320241e-01 5.269332193081739391e-01 5.217587498920627231e-01 2.414751411346580667e-01 8.873934647782443230e-01 1.587375551175461696e-01 7.434580982332748000e-01 3.959356085668325198e-01 8.899196285592556599e-01 3.658764126918177539e-01 7.266738646669750334e-01 1.362672229985555372e-01 5.199677364385087985e-01 4.965913242744757761e-01 2.733972301524538739e-01 5.470785865145568749e-01 3.987421255979526347e-01 6.036701594070343901e-01 5.452086295400218052e-01 4.366141202237534547e-01 2.940712269472778306e-01 6.308398847568685852e-01 7.546507007312728277e-01 8.887111979120587701e-01 4.561299941046197404e-01 3.873838671271125911e-01 8.507740200957423227e-01 7.978723861071048695e-01
5.589391173175963790e-01 5.992202220333011642e-01 4.289850209967555617e-01 5.618530810863813230e-01 4.582501072576996570e-01 8.131935647266750333e-01 0.000000000000000000e+00 2.354362115779524700e-01 8.034119743009271453e-01 7.265512927470885174e-01 4.930349435942625869e-01 6.683148521653952123e-01 8.658721100777250212e-01 4.541658932794707115e-01 2.105187931198886364e-01 3.348424533908591627e-01 7.486209587168136670e-01 5.814346982379501316e-01 9.124852101909182167e-01 4.910503923959034234e-01 5.323333584331189083e-01 7.206736438582828086e-01 5.235579520474000770e-01 8.258564114285059654e-01 4.421847290589595025e-01 4.795642098185880497e-01 5.307448288684712967e-01 1.625250168292929898e-01 6.118643420036717906e-01 5.799969523175203534e-01 8.672743021633517735e-01 1.235262917260083748e-01 4.705266377687403745e-01 4.060946458822683458e-01 6.647153885992020950e-01
2.761743317789522312e-01 6.895772122169168128e-01 8.314714951393451514e-01 2.773729523191049706e-01 3.864715186752120113e-01 7.104717142416320241e-01 2.354362115779524700e-01 0.000000000000000000e+00 4.469031333529030481e-01 7.737487866519757729e-01 7.307861207504748879e-01 6.561709794586219058e-01 2.225999804714249297e-01 8.409576351662024774e-01 8.636447891788134879e-02 4.627323395977884779e-01 3.242537707518199919e-01 4.429508978264603547e-01 3.322362030943296629e-01 1.432890497765126891e-01 8.111623834561645374e-01 5.721058579504385566e-01 8.533568263710027413e-01 4.463411726004732349e-01 1.451112043670093055e-01 7.996393590669246265e-01 5.072929649982649281e-01 8.584048883528213603e-01 6.873320320919508175e-01 8.542061086268247783e-01 6.571824727382573617e-01 8.563253860764820091e-01 2.247318361391511532e-01 6.346340388110478514e-01 2.769371585330741015e-01
2.013999246060886872e-01 7.962669858881048501e-01 4.393132118877633441e-01 7.964827377262420072e-01 6.681137701962649444e-01 5.269332193081739391e-01 8.034119743009271453e-01 4.469031333529030481e-01 0.000000000000000000e+00 2.116352089344515353e-01 4.719381376094230474e-01 4.066925413019354951e-01 2.856894790370200221e-01 5.356403150331867646e-01 6.948711936545355350e-01 3.201789522247597830e-01 4.499899864326591392e-01 5.611662743163438050e-01 6.009860348730542423e-01 4.869236440326436544e-01 9.148167807008029673e-01 3.211292817754962670e-01 4.434030652190236732e-01 8.327086975751272213e-01 3.598726890369479126e-01 4.441779174467027635e-01 8.166852798752337605e-01 4.192943101371119918e-01 4.671624636178615120e-01 4.879678747296415930e-01 4.460678636189959745e-01 6.550991080218543372e-01 7.443462297075001954e-01 7.814445808733727628e-02 3.814832329684020307e-01
3.039978867875106072e-01 2.494317370448762006e-02 7.294684494604715130e-01 5.637293848327462609e-01 7.099748428489530694e-01 5.217587498920627231e-01 7.265512927470885174e-01 7.737487866519757729e-01 2.116352089344515353e-01 0.000000000000000000e+00 6.577678678419169866e-01 8.894786872980420256e-01 5.678238772446212446e-01 3.916717973500244421e-01 5.800973174696240076e-01 9.416306656513613316e-01 6.217657816230457435e-01 8.610246040428157777e-01 5.672289168019907235e-01 4.180262547057136402e-01 7.890413095480266481e-01 2.323005314096103779e-01 8.839438011196847356e-01 6.034495308807688030e-01 7.408943527790841088e-01 3.017286498065167577e-01 4.769973433204882651e-01 6.738338904419720610e-01 6.688059258710850052e-01 5.948231474725562684e-01 7.660482050393312425e-01 8.248004900576406673e-01 1.178733889482020958e-01 1.576603887104681689e-01 3.024838267154695837e-01
5.695648596778339900e-01 5.683992387970011606e-01 4.268440916508450811e-01 7.366611636599506019e-01 4.315199597936781317e-01 2.414751411346580667e-01 4.930349435942625869e-01 7.307861207504748879e-01 4.719381376094230474e-01 6.577678678419169866e-01 0.000000000000000000e+00 1.873974622049849881e-01 2.494163349724268230e-01 8.293779636225492302e-01 8.110277889830271869e-01 8.225377050294349068e-01 6.667653189222086940e-01 5.280189579105765141e-01 4.703316481867503285e-01 6.898487066964995584e-01 4.284742437146345506e-01 4.338406118313119508e-01 8.621101471446712683e-02 1.958040708190397772e-01 2.903717252603847943e-01 5.633989611687262311e-01 2.016530745424029991e-01 3.369716901346952453e-01 2.744049969143019796e-01 5.206245842612209351e-01 5.491586046130627619e-01 6.784434674356405459e-01 8.427245890056678235e-01 6.884422556557685535e-01 1.909317088727804368e-01
3.541321437750523660e-01 6.586469951676907630e-01 4.092972893283182700e-01 3.220175093959651846e-01 5.277438393383269144e-01 8.873934647782443230e-01 6.683148521653952123e-01 6.561709794586219058e-01 4.066925413019354951e-01 8.894786872980420256e-01 1.873974622049849881e-01 0.000000000000000000e+00 4.260339401384164448e-01 8.281683994711791508e-01 9.525035713454688135e-01 3.955830833011650949e-01 8.207687657317520591e-01 4.615472423262398927e-01 5.473842895196430192e-01 3.525164689960881281e-01 5.591964381535520223e-01 5.686049937171983037e-01 3.774242628385459652e-01 5.243745173214384714e-01 1.675687337429874191e-01 4.236942138076581488e-01 9.513255618907434652e-01 2.340246897153991368e-01 2.965638542515715015e-01 5.931043476721664653e-01 4.533348477121954545e-01 5.675898968167278902e-01 4.915138801996344897e-01 3.234182306387136663e-01 6.633387503651844153e-01
5.428720091276537651e-01 5.839315426008483412e-01 3.634588787632451190e-01 3.338268839892291062e-01 7.824342067249471233e-01 1.587375551175461696e-01 8.658721100777250212e-01 2.225999804714249297e-01 2.856894790370200221e-01 5.678238772446212446e-01 2.494163349724268230e-01 4.260339401384164448e-01 0.000000000000000000e+00 7.066265465204679685e-01 5.974585263325289386e-01 8.700139692134001290e-01 6.364182505959795622e-01 5.188430726029387152e-01 3.955663623736818124e-01 5.353651582544883825e-01 8.486435285192037714e-01 2.005786381068509483e-01 7.932680999502434993e-01 5.146140335716726799e-01 5.042917655820928768e-01 5.570641991336411358e-01 7.553521048932795301e-01 5.959857883558855596e-01 8.034664764011085758e-01 7.331625515152861983e-01 3.879237347513703194e-01 7.673179264554226275e-01 7.611575862926164282e-01 2.755961034772070883e-01 8.579328071559415569e-01
4.104773242021950153e-01 5.257221185799817453e-01 5.825360306864717508e-01 2.903728168724312164e-01 8.500560935693406428e-01 7.434580982332748000e-01 4.541658932794707115e-01 8.409576351662024774e-01 5.356403150331867646e-01 3.916717973500244421e-01 8.293779636225492302e-01 8.281683994711791508e-01 7.066265465204679685e-01 0.000000000000000000e+00 1.596374738800389048e-01 5.341259971220360114e-01 2.426991282560666541e-01 7.305307998345500486e-01 8.237816157428998753e-01 3.899955945905144716e-01 9.674203993221425213e-01 7.026294725722520562e-01 3.602872893833919399e-02 9.433459847693181910e-01 7.043485854223263676e-01 6.309033477190064687e-01 8.112141831503152378e-01 6.322995843727471366e-01 9.104897474711679539e-01 3.875923473132513175e-01 7.571910943498435520e-01 4.521604632027156345e-01 1.224881498175883765e-01 5.221850513424486362e-01 2.725186161143146046e-01
5.119194294827615899e-01 4.212462950171523834e-01 6.210617534853821731e-01 4.819842841496247976e-01 7.543898294480444466e-02 3.959356085668325198e-01 2.105187931198886364e-01 8.636447891788134879e-02 6.948711936545355350e-01 5.800973174696240076e-01 8.110277889830271869e-01 9.525035713454688135e-01 5.974585263325289386e-01 1.596374738800389048e-01 0.000000000000000000e+00 4.924179146467174140e-01 8.630930522901258950e-01 5.876676063184749221e-01 4.688353659903420900e-01 7.180122263148454032e-01 7.275122762466772475e-01 4.644539594224625922e-01 6.623201912741807362e-01 6.492690213691306722e-01 4.565488784671409839e-01 4.797256471651827892e-01 8.634757866992893716e-01 8.584341022856594172e-01 5.047420809853253587e-01 6.886974378178720713e-01 1.304452404685183531e-01 4.536040618467459540e-01 9.038874464200941095e-02 7.819707816693004521e-01 7.630814165471548893e-01
7.391860269428098817e-01 8.304681285979825800e-02 4.287076128378585760e-01 2.120921474949266639e-01 8.512279512217839628e-01 8.899196285592556599e-01 3.348424533908591627e-01 4.627323395977884779e-01 3.201789522247597830e-01 9.416306656513613316e-01 8.225377050294349068e-01 3.955830833011650949e-01 8.700139692134001290e-01 5.341259971220360114e-01 4.924179146467174140e-01 0.000000000000000000e+00 5.342899052567129381e-01 1.196331537293328084e-01 7.070975232288274626e-01 3.411165267591380612e-01 2.143528646684539352e-01 2.849248237323430688e-01 5.504252902688834270e-01 8.523465733761743657e-01 2.171069383989720492e-01 6.875922458053309594e-01 3.802712853903633672e-01 9.175426353976864347e-01 3.585845727798098181e-01 4.561676385656353583e-01 4.745060437323038727e-01 3.261818451494028492e-01 5.201394506446228583e-01 1.477225348867536869e-01 6.696242394237591489e-01
5.227185611263357456e-01 1.817614936105975687e-01 7.882150574962941691e-01 8.632280751724017431e-01 3.373983457958219523e-01 3.658764126918177539e-01 7.486209587168136670e-01 3.242537707518199919e-01 4.499899864326591392e-01 6.217657816230457435e-01 6.667653189222086940e-01 8.207687657317520591e-01 6.364182505959795622e-01 2.426991282560666541e-01 8.630930522901258950e-01 5.342899052567129381e-01 0.000000000000000000e+00 8.228650492132301153e-01 5.844132323000140739e-01 3.833704560789344962e-01 9.106546446071384082e-02 8.602045222535623648e-01 3.295105997796309305e-01 6.002197917517114734e-01 2.880717205555139993e-01 6.470895286899613907e-01 8.803324418032087983e-02 9.354495959558868368e-01 2.326823243120856866e-01 1.981396396263011006e-01 3.040532293002176645e-01 1.936776567033809959e-01 3.244503280013412150e-01 2.451559597108271538e-01 9.186879917965453668e-01
4.974194572779881973e-01 7.032955751776539532e-01 6.889881228597647400e-01 6.739536018294446373e-01 6.916392016546306643e-01 7.266738646669750334e-01 5.814346982379501316e-01 4.429508978264603547e-01 5.611662743163438050e-01 8.610246040428157777e-01 5.280189579105765141e-01 4.615472423262398927e-01 5.188430726029387152e-01 7.305307998345500486e-01 5.876676063184749221e-01 1.196331537293328084e-01 8.228650492132301153e-01 0.000000000000000000e+00 6.715878502442331754e-01 8.501691946050409232e-01 5.016994181913037032e-01 7.278578658967927995e-01 2.090543691403122795e-01 6.986296032661988287e-01 4.623731071309922225e-01 4.699805337536272498e-01 4.889773286812394426e-01 2.305140599766232201e-01 6.473988533555881109e-01 4.567293108216605724e-01 1.260898799736275278e-01 4.056494364453612222e-01 1.564879162497796461e-01 5.221960111645589375e-01 2.173463443013199381e-01
7.631039797130980684e-01 1.026374068815532059e-01 3.283927014752531237e-01 8.331258099984162335e-02 7.644982836258806813e-02 1.362672229985555372e-01 9.124852101909182167e-01 3.322362030943296629e-01 6.009860348730542423e-01 5.672289168019907235e-01 4.703316481867503285e-01 5.473842895196430192e-01 3.955663623736818124e-01 8.237816157428998753e-01 4.688353659903420900e-01 7.070975232288274626e-01 5.844132323000140739e-01 6.715878502442331754e-01 0.000000000000000000e+00 4.515821934223542833e-01 8.279392135926491036e-01 5.166091297636662416e-01 2.247665352167290687e-01 8.075972471716446055e-01 4.008708938572969060e-02 3.746035074423255118e-01 5.476312220425831878e-01 5.987467775568551254e-01 7.738527354513677903e-01 1.795115633841956049e-01 3.582892489750844622e-01 2.091077513862787396e-01 7.362721566382278704e-01 3.617039988973188569e-01 3.148911798291913477e-01
2.700037107356596522e-01 3.843154841030683722e-01 7.547159829258153207e-01 3.925690833325904405e-01 6.752689898586881068e-01 5.199677364385087985e-01 4.910503923959034234e-01 1.432890497765126891e-01 4.869236440326436544e-01 4.180262547057136402e-01 6.898487066964995584e-01 3.525164689960881281e-01 5.353651582544883825e-01 3.899955945905144716e-01 7.180122263148454032e-01 3.411165267591380612e-01 3.833704560789344962e-01 8.501691946050409232e-01 4.515821934223542833e-01 0.000000000000000000e+00 4.928990613407789878e-01 7.245832002567613728e-01 4.579300352108267025e-01 1.679343509754094299e-01 6.133372659481992617e-01 8.310954918678343795e-01 5.717791615662617399e-01 5.172232767343011295e-01 4.982366459342856269e-01 1.245259058201233504e-01 6.195458938230457013e-01 8.150674596077073231e-01 6.324564515073626270e-01 3.582814668247200074e-01 5.303271371212097129e-01
3.763019696277408177e-01 2.090183127697431420e-01 2.167589671625488323e-01 1.090232489469895594e-01 8.853166127345467595e-01 4.965913242744757761e-01 5.323333584331189083e-01 8.111623834561645374e-01 9.148167807008029673e-01 7.890413095480266481e-01 4.284742437146345506e-01 5.591964381535520223e-01 8.486435285192037714e-01 9.674203993221425213e-01 7.275122762466772475e-01 2.143528646684539352e-01 9.106546446071384082e-02 5.016994181913037032e-01 8.279392135926491036e-01 4.928990613407789878e-01 0.000000000000000000e+00 6.110269590059713707e-01 4.995707991603688392e-01 9.117099699625503817e-01 9.509393074245842126e-02 7.717908413967660142e-01 3.005687052813834637e-01 5.018690606345681537e-01 4.484822005994256733e-01 2.321214785107966749e-01 3.008944547411773751e-01 1.929554527114495377e-01 5.873114722832207812e-01 4.943558967916465430e-01 6.609284559435653073e-01
5.989542848036908396e-01 7.155486563914383868e-01 4.103284437623391234e-01 2.542174682782669670e-01 1.420294154871346581e-01 2.733972301524538739e-01 7.206736438582828086e-01 5.721058579504385566e-01 3.211292817754962670e-01 2.323005314096103779e-01 4.338406118313119508e-01 5.686049937171983037e-01 2.005786381068509483e-01 7.026294725722520562e-01 4.644539594224625922e-01 2.849248237323430688e-01 8.602045222535623648e-01 7.278578658967927995e-01 5.166091297636662416e-01 7.245832002567613728e-01 6.110269590059713707e-01 0.000000000000000000e+00 6.941405117250599721e-01 3.960170975920718761e-01 6.307608454235781315e-01 1.117782333281385210e-01 7.730448986785399823e-01 6.686897865252614537e-01 2.245072389107087840e-01 3.678490694115540416e-01 1.908217581189900480e-01 3.311200755662244699e-01 2.319181772948192277e-01 1.212751419377232631e-01 7.021568110268447960e-01
6.419422563482112265e-01 1.721175239426351311e-01 4.704059760747527630e-01 3.947239417398775152e-01 5.665577581043709232e-01 5.470785865145568749e-01 5.235579520474000770e-01 8.533568263710027413e-01 4.434030652190236732e-01 8.839438011196847356e-01 8.621101471446712683e-02 3.774242628385459652e-01 7.932680999502434993e-01 3.602872893833919399e-02 6.623201912741807362e-01 5.504252902688834270e-01 3.295105997796309305e-01 2.090543691403122795e-01 2.247665352167290687e-01 4.579300352108267025e-01 4.995707991603688392e-01 6.941405117250599721e-01 0.000000000000000000e+00 8.094055080103728095e-01 2.830849285160513817e-01 4.324915490636935811e-01 2.508358507039091245e-01 2.638769301462401962e-01 8.581562671058406977e-01 8.435066387766554374e-02 4.627367127542797998e-01 6.435337756158391320e-01 4.677227522706937646e-01 6.040002379797849708e-01 8.209407163590305423e-01
3.877683678511402166e-01 6.610472851026975016e-01 8.438486924736570138e-01 4.974680111723837617e-01 2.831091297694918740e-01 3.987421255979526347e-01 8.258564114285059654e-01 4.463411726004732349e-01 8.327086975751272213e-01 6.034495308807688030e-01 1.958040708190397772e-01 5.243745173214384714e-01 5.146140335716726799e-01 9.433459847693181910e-01 6.492690213691306722e-01 8.523465733761743657e-01 6.002197917517114734e-01 6.986296032661988287e-01 8.075972471716446055e-01 1.679343509754094299e-01 9.117099699625503817e-01 3.960170975920718761e-01 8.094055080103728095e-01 0.000000000000000000e+00 1.526017421359963100e-01 3.756461919611291389e-01 5.616301578013216389e-01 7.193153873191615588e-01 8.114203289498580496e-01 9.072826536244285034e-01 5.302037652881723684e-01 9.600384959118148931e-01 7.265115239493644683e-01 2.017691298720728499e-01 4.863973434863430034e-01
7.502068661614795797e-01 4.850028853749507318e-01 7.622967840288306096e-01 9.435282820907711088e-01 5.401256614775431508e-01 6.036701594070343901e-01 4.421847290589595025e-01 1.451112043670093055e-01 3.598726890369479126e-01 7.408943527790841088e-01 2.903717252603847943e-01 1.675687337429874191e-01 5.042917655820928768e-01 7.043485854223263676e-01 4.565488784671409839e-01 2.171069383989720492e-01 2.880717205555139993e-01 4.623731071309922225e-01 4.008708938572969060e-02 6.133372659481992617e-01 9.509393074245842126e-02 6.307608454235781315e-01 2.830849285160513817e-01 1.526017421359963100e-01 0.000000000000000000e+00 4.967160136282305349e-01 3.371992173434278373e-01 4.241697947428859639e-01 4.807445116065324209e-01 1.706795443619175678e-01 7.039192857961720229e-01 6.032931030406285533e-01 7.587085953158545504e-01 1.768345989713973054e-01 4.816503890384455921e-01
5.250818389469553704e-01 8.185599788016163503e-01 5.368342694958226913e-01 9.223555339674794906e-01 5.852694402229143833e-01 5.452086295400218052e-01 4.795642098185880497e-01 7.996393590669246265e-01 4.441779174467027635e-01 3.017286498065167577e-01 5.633989611687262311e-01 4.236942138076581488e-01 5.570641991336411358e-01 6.309033477190064687e-01 4.797256471651827892e-01 6.875922458053309594e-01 6.470895286899613907e-01 4.699805337536272498e-01 3.746035074423255118e-01 8.310954918678343795e-01 7.717908413967660142e-01 1.117782333281385210e-01 4.324915490636935811e-01 3.756461919611291389e-01 4.967160136282305349e-01 0.000000000000000000e+00 7.393753810390644166e-01 3.293610610013361639e-01 4.973520768557191385e-01 5.888871059618563386e-01 3.787323585607987320e-01 4.386770605428487180e-01 5.024274428519239777e-01 4.754602559953802765e-01 2.845421938286915586e-01
5.829288656578273109e-01 5.888956443391546447e-02 5.057300016092918238e-01 6.111747782418027741e-01 4.096151730401852986e-01 4.366141202237534547e-01 5.307448288684712967e-01 5.072929649982649281e-01 8.166852798752337605e-01 4.769973433204882651e-01 2.016530745424029991e-01 9.513255618907434652e-01 7.553521048932795301e-01 8.112141831503152378e-01 8.634757866992893716e-01 3.802712853903633672e-01 8.803324418032087983e-02 4.889773286812394426e-01 5.476312220425831878e-01 5.717791615662617399e-01 3.005687052813834637e-01 7.730448986785399823e-01 2.508358507039091245e-01 5.616301578013216389e-01 3.371992173434278373e-01 7.393753810390644166e-01 0.000000000000000000e+00 7.823779528158945062e-01 3.032844368051299533e-01 5.386125777767388767e-01 9.159749627410895823e-01 3.924818643109996286e-01 7.774023160593199755e-01 2.452986511648295176e-01 3.678627466259919432e-01
6.841959348426916998e-01 4.728462493592505700e-01 8.040593488646619047e-01 9.383912867188948237e-02 8.823985180887020663e-01 2.940712269472778306e-01 1.625250168292929898e-01 8.584048883528213603e-01 4.192943101371119918e-01 6.738338904419720610e-01 3.369716901346952453e-01 2.340246897153991368e-01 5.959857883558855596e-01 6.322995843727471366e-01 8.584341022856594172e-01 9.175426353976864347e-01 9.354495959558868368e-01 2.305140599766232201e-01 5.987467775568551254e-01 5.172232767343011295e-01 5.018690606345681537e-01 6.686897865252614537e-01 2.638769301462401962e-01 7.193153873191615588e-01 4.241697947428859639e-01 3.293610610013361639e-01 7.823779528158945062e-01 0.000000000000000000e+00 4.762067453548031182e-01 5.205794231970821695e-01 1.461598535612751437e-01 7.933570739926047999e-01 4.027794695625874777e-01 4.363508769357640205e-01 6.543824087362652975e-01
8.053985962813927646e-01 5.268939820301599131e-01 5.997754236747263601e-01 5.080918438101476031e-01 7.268412550650775739e-01 6.308398847568685852e-01 6.118643420036717906e-01 6.873320320919508175e-01 4.671624636178615120e-01 6.688059258710850052e-01 2.744049969143019796e-01 2.965638542515715015e-01 8.034664764011085758e-01 9.104897474711679539e-01 5.047420809853253587e-01 3.585845727798098181e-01 2.326823243120856866e-01 6.473988533555881109e-01 7.738527354513677903e-01 4.982366459342856269e-01 4.484822005994256733e-01 2.245072389107087840e-01 8.581562671058406977e-01 8.114203289498580496e-01 4.807445116065324209e-01 4.973520768557191385e-01 3.032844368051299533e-01 4.762067453548031182e-01 0.000000000000000000e+00 5.506999328974165886e-01 5.495930747238658709e-01 5.930785210481628322e-01 2.471130261370604320e-01 2.219803351044293827e-01 3.102832034489974022e-01
6.160649463374503476e-01 3.235027615930047284e-01 2.700706308470977035e-01 6.581736079139651752e-01 5.679440681615448572e-01 7.546507007312728277e-01 5.799969523175203534e-01 8.542061086268247783e-01 4.879678747296415930e-01 5.948231474725562684e-01 5.206245842612209351e-01 5.931043476721664653e-01 7.331625515152861983e-01 3.875923473132513175e-01 6.886974378178720713e-01 4.561676385656353583e-01 1.981396396263011006e-01 4.567293108216605724e-01 1.795115633841956049e-01 1.245259058201233504e-01 2.321214785107966749e-01 3.678490694115540416e-01 8.435066387766554374e-02 9.072826536244285034e-01 1.706795443619175678e-01 5.888871059618563386e-01 5.386125777767388767e-01 5.205794231970821695e-01 5.506999328974165886e-01 0.000000000000000000e+00 1.278722595115530103e-01 8.247786920178005188e-01 2.111286710653834664e-01 3.041328549114914459e-01 5.257920777173422655e-01
2.203206192372552108e-01 4.929085054424238721e-01 5.227930684868929978e-01 2.820982880641020873e-01 5.907619388277312034e-01 8.887111979120587701e-01 8.672743021633517735e-01 6.571824727382573617e-01 4.460678636189959745e-01 7.660482050393312425e-01 5.491586046130627619e-01 4.533348477121954545e-01 3.879237347513703194e-01 7.571910943498435520e-01 1.304452404685183531e-01 4.745060437323038727e-01 3.040532293002176645e-01 1.260898799736275278e-01 3.582892489750844622e-01 6.195458938230457013e-01 3.008944547411773751e-01 1.908217581189900480e-01 4.627367127542797998e-01 5.302037652881723684e-01 7.039192857961720229e-01 3.787323585607987320e-01 9.159749627410895823e-01 1.461598535612751437e-01 5.495930747238658709e-01 1.278722595115530103e-01 0.000000000000000000e+00 3.027466816115588211e-01 3.930850954477994597e-01 7.817488148595499453e-01 4.362797125503566353e-01
2.217280831274585640e-01 9.720046099255675864e-01 8.501397502525516181e-01 3.102245589882522414e-01 7.775825016068793616e-01 4.561299941046197404e-01 1.235262917260083748e-01 8.563253860764820091e-01 6.550991080218543372e-01 8.248004900576406673e-01 6.784434674356405459e-01 5.675898968167278902e-01 7.673179264554226275e-01 4.521604632027156345e-01 4.536040618467459540e-01 3.261818451494028492e-01 1.936776567033809959e-01 4.056494364453612222e-01 2.091077513862787396e-01 8.150674596077073231e-01 1.929554527114495377e-01 3.311200755662244699e-01 6.435337756158391320e-01 9.600384959118148931e-01 6.032931030406285533e-01 4.386770605428487180e-01 3.924818643109996286e-01 7.933570739926047999e-01 5.930785210481628322e-01 8.247786920178005188e-01 3.027466816115588211e-01 0.000000000000000000e+00 2.746050894034967049e-01 6.890509928288621744e-01 7.666111510088280401e-01
4.951705238129284203e-01 2.736390380556521507e-01 1.481003975721909560e-01 8.663364196481615487e-01 5.316953227378138358e-01 3.873838671271125911e-01 4.705266377687403745e-01 2.247318361391511532e-01 7.443462297075001954e-01 1.178733889482020958e-01 8.427245890056678235e-01 4.915138801996344897e-01 7.611575862926164282e-01 1.224881498175883765e-01 9.038874464200941095e-02 5.201394506446228583e-01 3.244503280013412150e-01 1.564879162497796461e-01 7.362721566382278704e-01 6.324564515073626270e-01 5.873114722832207812e-01 2.319181772948192277e-01 4.677227522706937646e-01 7.265115239493644683e-01 7.587085953158545504e-01 5.024274428519239777e-01 7.774023160593199755e-01 4.027794695625874777e-01 2.471130261370604320e-01 2.111286710653834664e-01 3.930850954477994597e-01 2.746050894034967049e-01 0.000000000000000000e+00 2.115844779312994195e-01 5.175240342591178599e-01
6.291764419721637136e-01 1.833483060616037941e-01 5.555884780149088487e-01 8.502194616525211579e-01 6.526797200573711821e-01 8.507740200957423227e-01 4.060946458822683458e-01 6.346340388110478514e-01 7.814445808733727628e-02 1.576603887104681689e-01 6.884422556557685535e-01 3.234182306387136663e-01 2.755961034772070883e-01 5.221850513424486362e-01 7.819707816693004521e-01 1.477225348867536869e-01 2.451559597108271538e-01 5.221960111645589375e-01 3.617039988973188569e-01 3.582814668247200074e-01 4.943558967916465430e-01 1.212751419377232631e-01 6.040002379797849708e-01 2.017691298720728499e-01 1.768345989713973054e-01 4.754602559953802765e-01 2.452986511648295176e-01 4.363508769357640205e-01 2.219803351044293827e-01 3.041328549114914459e-01 7.817488148595499453e-01 6.890509928288621744e-01 2.115844779312994195e-01 0.000000000000000000e+00 5.724212769299024117e-01
5.456221747024584401e-01 3.919851201041033573e-01 2.620904945647993811e-01 4.789281926763199193e-01 8.721238067930630056e-01 7.978723861071048695e-01 6.647153885992020950e-01 2.769371585330741015e-01 3.814832329684020307e-01 3.024838267154695837e-01 1.909317088727804368e-01 6.633387503651844153e-01 8.579328071559415569e-01 2.725186161143146046e-01 7.630814165471548893e-01 6.696242394237591489e-01 9.186879917965453668e-01 2.173463443013199381e-01 3.148911798291913477e-01 5.303271371212097129e-01 6.609284559435653073e-01 7.021568110268447960e-01 8.209407163590305423e-01 4.863973434863430034e-01 4.816503890384455921e-01 2.845421938286915586e-01 3.678627466259919432e-01 6.543824087362652975e-01 3.102832034489974022e-01 5.257920777173422655e-01 4.362797125503566353e-01 7.666111510088280401e-01 5.175240342591178599e-01 5.724212769299024117e-01 0.000000000000000000e+00
