0.000000000000000000e+00 5.518785444966489706e-01 4.068904591132749271e-01 7.100245648713587876e-01 2.516531133829987832e-01 5.070551212092575533e-01 3.978949224317797073e-01 1.934100117707080457e-01 5.155619782245288718e-01 7.067646789697945575e-01 4.033851989027950613e-01 5.677111812736413965e-01 6.193963452160768934e-01 2.335212839626091552e-01 5.992980059065763365e-01 2.492542625533978873e-01 1.881906502738565079e-01 5.748578007157945091e-01 2.854352393676486410e-01 3.027961660029357960e-01 5.363619627245308497e-01 7.838081984607119246e-01 4.565781390734434675e-01 4.438384147620966225e-01 7.378880638921641033e-01 4.777211389570173994e-01 6.623076967042361707e-01 6.949760165915344068e-01 1.644108466773478439e-01 5.679528366303473463e-01 7.376728308188652550e-01 6.366416686087785770e-01 4.778826555868627701e-01 4.195103740145200155e-01 7.704914096869566187e-01
5.518785444966489706e-01 0.000000000000000000e+00 3.822522913862641536e-01 6.109242785818160826e-01 3.744319382744497049e-01 4.193131052000003134e-01 4.341728574013835606e-01 6.409660085278708896e-01 6.656161385294989685e-01 6.969038034406300763e-01 5.360408517948191953e-01 4.518123329033151281e-01 7.414998582632369439e-01 4.181245943177394064e-01 1.796660035769993558e-01 5.915158495673219496e-01 4.962181886090245575e-01 8.632537250146288255e-01 2.355406301114780776e-01 3.080823375207637493e-01 3.679058238756197641e-01 9.484563298467985071e-01 3.978842028986931401e-01 6.864567958749159260e-01 5.935170245673296874e-01 6.928613799563106967e-01 5.118826567855816467e-01 5.896205868100014014e-01 4.779636975459562453e-01 3.952617854188080759e-01 1.287599610920629467e-01 5.606523758199462026e-01 4.114343696415491136e-01 5.480557340786642584e-01 3.738445225425706120e-01
4.068904591132749271e-01 3.822522913862641536e-01 0.000000000000000000e+00 7.700221765248778105e-01 8.103525328440337461e-01 3.169012076611857909e-01 9.607452143868644434e-02 4.951667355364324230e-01 4.744762059273411881e-01 5.743322749519994552e-01 6.119759376379545479e-01 2.067044019605400185e-01 5.805310105464740467e-01 5.872742183457027032e-01 3.507398436015137788e-01 8.174941556207819815e-01 7.097405343649920706e-02 5.486944932434918432e-01 5.868799229030381426e-01 8.425112618947607768e-01 4.624163432211933489e-01 2.382540610729365071e-01 7.449052032918231925e-01 6.856320941187635798e-01 4.243725898559146947e-01 5.636263348374326299e-01 6.587133630600685574e-01 5.483988787769404905e-01 6.336756646462633480e-01 1.126804768155632575e-01 5.045755647102837527e-01 1.059296950387628167e-01 2.640842352746269883e-01 6.546867233661302077e-01 5.730580427732883120e-01
7.100245648713587876e-01 6.109242785818160826e-01 7.700221765248778105e-01 0.000000000000000000e+00 3.255839317348031003e-01 4.439237226569786032e-01 8.663921405679220200e-01 8.514038985422778261e-01 9.323066340398400431e-01 4.370760789890308362e-01 4.483377304912706252e-01 5.814778576769937812e-01 7.769187719960066740e-01 6.687008457890668556e-01 2.818861073445163568e-01 1.392313109022547124e-01 2.786394256726740792e-01 4.662746087843790965e-01 3.416948075699642873e-01 6.446574815836417782e-01 8.374972488111906976e-01 2.410366394634776421e-01 7.284938450955824596e-01 4.519965758023882785e-01 6.932621598093542392e-01 4.634881380007061513e-01 6.400296109562253477e-01 2.262162168999513057e-01 6.541718727410341661e-01 3.030442965896231744e-01 5.059971521943893435e-01 8.583876132575900542e-01 8.099918242393669976e-01 7.602739793751454034e-01 2.380571453302336438e-01
2.516531133829987832e-01 3.744319382744497049e-01 8.103525328440337461e-01 3.255839317348031003e-01 0.000000000000000000e+00 7.667440956619763215e-01 1.808273357364417189e-01 9.088733485523858846e-01 6.504203246977883213e-01 5.732263121660268190e-01 4.648884621846134935e-01 7.781784082563676375e-01 8.686881942333957163e-01 5.012147081114848302e-01 8.435035631615730445e-01 4.339590008384731079e-01 2.951885944515331150e-01 8.502759140430102835e-01 5.741428171288018856e-01 7.995183476778993104e-01 9.181251893618408433e-01 1.888319645711875605e-01 7.158024484556814171e-01 8.346758378395378042e-01 4.357682813333101368e-01 8.545589970998532792e-01 4.746011775693863011e-01 2.847675980670996143e-01 3.528688634008288472e-01 9.013069978064185417e-01 3.808680922052526396e-01 4.501857129317037853e-01 3.115523023489155663e-01 5.529554256322672945e-01 9.715513322167312893e-02
5.070551212092575533e-01 4.193131052000003134e-01 3.169012076611857909e-01 4.439237226569786032e-01 7.667440956619763215e-01 0.000000000000000000e+00 4.292432820999745879e-01 7.215325979624999109e-01 3.928701189568277741e-01 4.281978684879139685e-02 9.155109692293672552e-01 6.766710826127398937e-01 3.511548778592168407e-01 3.022837952916747062e-01 3.901640475484669524e-01 3.714309118223474426e-01 6.866458316059058653e-01 5.171961391878349135e-01 7.023260604767299631e-01 6.985188797642238878e-01 8.279106358647128072e-01 3.235999788520910192e-01 7.189421557008945918e-02 7.141037706360747750e-01 2.440921214912311621e-01 4.510548295366227367e-01 3.786893651654760218e-01 7.633085655998382846e-01 5.341834477156439664e-01 2.024882933665255180e-01 5.339501757849693941e-01 3.089816473537587149e-01 7.079723354071634223e-01 4.774235487679218126e-01 4.614788685279505032e-01
3.978949224317797073e-01 4.341728574013835606e-01 9.607452143868644434e-02 8.663921405679220200e-01 1.808273357364417189e-01 4.292432820999745879e-01 0.000000000000000000e+00 5.473547638682202399e-01 6.787974336788851204e-01 9.520873883795677450e-02 8.039339060799866044e-02 4.377787306533664768e-01 1.600776831412079604e-01 8.156622715827536174e-01 3.932238651080324776e-01 5.126435348486438892e-01 5.971625517335115152e-01 5.599859714567396729e-01 3.739655590409050601e-01 8.273383022599124503e-01 3.835494057682110602e-01 5.601668257645173732e-01 5.808868589195559373e-01 4.719548597006016921e-01 6.479143950978647482e-01 4.923603833762988380e-01 3.862911437792353464e-01 4.175644670712599371e-01 5.196944918460464358e-01 6.978041302180160166e-01 2.913809900237761541e-01 2.415057931124151014e-01 5.736197781637806248e-01 6.424284369335113709e-01 4.382736069158283954e-01
1.934100117707080457e-01 6.409660085278708896e-01 4.951667355364324230e-01 8.514038985422778261e-01 9.088733485523858846e-01 7.215325979624999109e-01 5.473547638682202399e-01 0.000000000000000000e+00 1.796149271729743369e-01 6.109538042582275397e-01 6.956614402009124731e-01 7.432620097069169152e-01 6.658503759163139080e-01 4.472412614191686453e-01 2.067160697282393045e-01 4.310043091152666039e-01 3.884538590263218460e-01 3.964340634360020710e-01 8.992952996370289220e-01 5.763237919104209350e-01 2.507577869060618747e-01 4.560941031644163424e-01 4.771793193748347650e-01 5.038879681510533004e-01 4.721345130819765146e-01 1.957016548832279379e-01 6.672734896919411129e-01 4.076754717734586975e-01 4.884984113086094926e-01 3.123643712754505808e-01 5.848372507099217632e-01 6.907795400534889607e-01 6.355552183482908735e-01 5.159643904230408751e-01 5.365261553607655332e-01
5.155619782245288718e-01 6.656161385294989685e-01 4.744762059273411881e-01 9.323066340398400431e-01 6.504203246977883213e-01 3.928701189568277741e-01 6.787974336788851204e-01 1.796149271729743369e-01 0.000000000000000000e+00 6.610515074451567274e-01 6.668693950175841323e-01 5.213544160319159015e-01 8.916891829308692952e-02 1.231032083377291420e-01 9.259638982275715247e-01 1.728076568777479061e-01 3.705307453448445365e-01 4.829710123473140437e-01 1.092012230774746517e-01 6.660918769528968442e-01 7.196759882054752921e-01 4.252274819254943661e-01 5.529389010075551614e-01 2.614241397835902481e-01 3.857656564626269491e-01 4.159259138414203028e-01 6.029516308305574723e-01 7.368804822021306489e-01 3.196921257929842275e-01 9.283273718357069049e-01 5.053426609342331899e-01 7.283378737583228180e-01 5.538581976306926613e-01 9.211026957626727851e-01 6.021141923726227585e-01
7.067646789697945575e-01 6.969038034406300763e-01 5.743322749519994552e-01 4.370760789890308362e-01 5.732263121660268190e-01 4.281978684879139685e-02 9.520873883795677450e-02 6.109538042582275397e-01 6.610515074451567274e-01 0.000000000000000000e+00 7.610573166110924381e-01 9.149218894496937704e-01 6.243937920357105487e-01 4.201617838325655274e-01 7.834556697311074736e-01 3.200031636709413929e-01 6.252140405515704824e-01 5.686360279353733782e-01 6.318793580148703848e-01 4.772995556086791491e-01 6.157029430555897020e-01 8.577471707015948965e-01 3.123930359241892663e-01 7.869136425254610323e-01 2.669171367129564154e-01 6.451372720723083098e-01 3.620953082460401928e-01 6.460060023845489718e-01 7.849792626920454319e-01 7.795455470657556285e-01 8.959773563940243157e-02 6.966369075219546181e-01 5.454782870306092990e-01 5.184922569187808694e-01 7.280331501651393644e-01
4.033851989027950613e-01 5.360408517948191953e-01 6.119759376379545479e-01 4.483377304912706252e-01 4.648884621846134935e-01 9.155109692293672552e-01 8.039339060799866044e-02 6.956614402009124731e-01 6.668693950175841323e-01 7.610573166110924381e-01 0.000000000000000000e+00 4.047999619935045423e-01 3.941914614407424633e-01 7.412050255132814902e-01 4.768464539371577438e-01 5.499167435921233915e-01 2.474892687978221262e-01 2.362201710063373539e-01 6.578040241474413241e-01 5.829801959128502187e-01 4.490622568386868352e-01 7.489926411637032322e-01 7.748577357860428894e-01 3.527862931895402454e-01 5.899055459300828197e-01 6.990928566639214026e-01 4.296645846242588829e-01 5.818356210264044037e-01 5.241899042166607847e-01 6.705115013621703035e-01 3.593882672677171097e-01 9.089633234204697043e-02 2.400224995622144419e-01 2.676624866830713545e-01 5.445910373202125232e-01
5.677111812736413965e-01 4.518123329033151281e-01 2.067044019605400185e-01 5.814778576769937812e-01 7.781784082563676375e-01 6.766710826127398937e-01 4.377787306533664768e-01 7.432620097069169152e-01 5.213544160319159015e-01 9.149218894496937704e-01 4.047999619935045423e-01 0.000000000000000000e+00 5.246543443579327892e-01 3.785559044433648435e-01 6.739406200642696909e-01 2.215341486896613699e-01 4.530997425963463332e-01 2.977127671802379805e-01 2.773372057482634268e-01 5.304185335240295673e-01 4.992026686104345523e-01 4.779830961183662019e-02 2.503730995762362133e-01 2.591611518177606710e-01 5.428129305613615951e-01 3.365039069782546077e-01 8.473917369813821487e-01 4.367394020721195314e-01 4.354642755021214118e-01 7.081523557697533278e-01 2.195435924780848591e-01 6.209551879243486727e-01 5.677234947409560695e-01 6.110828968349926171e-01 3.195098190232353863e-01
6.193963452160768934e-01 7.414998582632369439e-01 5.805310105464740467e-01 7.769187719960066740e-01 8.686881942333957163e-01 3.511548778592168407e-01 1.600776831412079604e-01 6.658503759163139080e-01 8.916891829308692952e-02 6.243937920357105487e-01 3.941914614407424633e-01 5.246543443579327892e-01 0.000000000000000000e+00 8.281318505724264423e-01 5.248303845750315055e-01 2.129305905088908490e-01 5.279634557987153975e-01 3.892004260375844238e-01 4.880248909699973492e-01 4.209257083772776076e-01 6.193447514550174393e-01 4.063611926116692530e-01 4.564279561453222778e-01 5.530818604064994259e-01 4.236269573756853424e-01 7.790770466221728086e-01 5.681957192662110412e-01 4.291053575908435613e-01 3.002692995520812591e-01 4.118610071229711345e-01 6.947020599064378521e-01 3.658674697916007856e-01 6.066953102963215105e-01 5.847301337856259940e-01 7.797692389507404620e-01
2.335212839626091552e-01 4.181245943177394064e-01 5.872742183457027032e-01 6.687008457890668556e-01 5.012147081114848302e-01 3.022837952916747062e-01 8.156622715827536174e-01 4.472412614191686453e-01 1.231032083377291420e-01 4.201617838325655274e-01 7.412050255132814902e-01 3.785559044433648435e-01 8.281318505724264423e-01 0.000000000000000000e+00 5.901300576197434644e-01 9.648855271115253096e-01 4.633726264882140899e-01 3.965097250996695855e-01 3.276371972100613483e-01 8.964610510449377845e-01 2.624073032777407555e-01 8.326072119452809783e-01 5.020401360842821070e-01 1.803383070414772416e-01 5.330353335573148055e-01 7.359184041625221884e-01 2.133742907620510554e-01 3.775451250370585043e-01 4.742952298480302975e-01 6.789940086980765788e-01 6.062890188320495533e-01 6.072707761541882299e-01 8.685699183824887593e-01 2.868789260740001179e-01 6.338174315700344508e-01
5.992980059065763365e-01 1.796660035769993558e-01 3.507398436015137788e-01 2.818861073445163568e-01 8.435035631615730445e-01 3.901640475484669524e-01 3.932238651080324776e-01 2.067160697282393045e-01 9.259638982275715247e-01 7.834556697311074736e-01 4.768464539371577438e-01 6.739406200642696909e-01 5.248303845750315055e-01 5.901300576197434644e-01 0.000000000000000000e+00 3.499108204600905325e-01 7.013692825061064173e-01 3.082961350600439410e-01 2.771972583369810561e-01 5.135804983297893589e-01 7.373926011661807722e-01 4.541254334610557164e-01 3.871221808999694147e-01 2.814119102013288298e-01 6.121465949283037000e-01 3.257997082836265879e-01 4.426081668184647100e-01 1.463161374528860748e-01 6.311910775994418188e-01 6.163320067410258396e-01 6.787283218797157680e-01 5.910908044083456048e-01 4.500574675972102701e-01 4.746121458122730674e-01 4.362557128983307608e-01
2.492542625533978873e-01 5.915158495673219496e-01 8.174941556207819815e-01 1.392313109022547124e-01 4.339590008384731079e-01 3.714309118223474426e-01 5.126435348486438892e-01 4.310043091152666039e-01 1.728076568777479061e-01 3.200031636709413929e-01 5.499167435921233915e-01 2.215341486896613699e-01 2.129305905088908490e-01 9.648855271115253096e-01 3.499108204600905325e-01 0.000000000000000000e+00 7.076036198044762804e-01 4.783721694798863666e-01 4.359282421842371469e-01 8.866606071549961721e-01 2.403642390227824222e-01 2.599156803850006803e-01 5.489979252152273892e-01 5.543167006331950475e-01 6.365363654267823801e-01 8.682127928906795411e-01 8.386433068623956322e-01 3.729588471307727637e-01 5.970003519026870764e-01 4.424181912627673241e-01 3.056393029776186543e-01 8.234254926081046033e-01 8.696469987889795528e-01 1.711362845836564839e-01 1.771605247282064255e-01
1.881906502738565079e-01 4.962181886090245575e-01 7.097405343649920706e-02 2.786394256726740792e-01 2.951885944515331150e-01 6.866458316059058653e-01 5.971625517335115152e-01 3.884538590263218460e-01 3.705307453448445365e-01 6.252140405515704824e-01 2.474892687978221262e-01 4.530997425963463332e-01 5.279634557987153975e-01 4.633726264882140899e-01 7.013692825061064173e-01 7.076036198044762804e-01 0.000000000000000000e+00 5.761565964237602699e-01 6.901831856399009979e-01 4.776482813415203754e-01 8.621357354248122551e-01 3.071064016414323250e-01 4.214213201624238958e-01 3.130923369622861108e-01 4.805076854285920129e-01 1.569642101067797446e-01 6.848441723755912536e-01 4.108561596392011350e-01 3.615721129288449465e-01 4.405459860566702801e-01 4.526107581045841766e-01 6.639472414723416316e-01 3.075800440722120666e-01 4.215213319610698894e-01 4.654573967475922336e-01
5.748578007157945091e-01 8.632537250146288255e-01 5.486944932434918432e-01 4.662746087843790965e-01 8.502759140430102835e-01 5.171961391878349135e-01 5.599859714567396729e-01 3.964340634360020710e-01 4.829710123473140437e-01 5.686360279353733782e-01 2.362201710063373539e-01 2.977127671802379805e-01 3.892004260375844238e-01 3.965097250996695855e-01 3.082961350600439410e-01 4.783721694798863666e-01 5.761565964237602699e-01 0.000000000000000000e+00 5.472661339063145114e-01 5.908077446884902884e-01 1.602541739815271926e-01 1.024639066278026922e-01 5.017142549985194044e-01 7.995382442817142721e-01 5.216761118780799400e-01 4.413843956649318168e-01 3.797009039133381059e-01 4.586108611541540037e-01 4.238906311364296631e-01 5.323145769421656626e-01 8.026147852688989559e-01 8.114234265165061188e-01 4.953591613546391437e-01 8.592595238078810649e-01 5.226274065671834279e-01
2.854352393676486410e-01 2.355406301114780776e-01 5.868799229030381426e-01 3.416948075699642873e-01 5.741428171288018856e-01 7.023260604767299631e-01 3.739655590409050601e-01 8.992952996370289220e-01 1.092012230774746517e-01 6.318793580148703848e-01 6.578040241474413241e-01 2.773372057482634268e-01 4.880248909699973492e-01 3.276371972100613483e-01 2.771972583369810561e-01 4.359282421842371469e-01 6.901831856399009979e-01 5.472661339063145114e-01 0.000000000000000000e+00 4.024876481993227006e-01 5.132279225569909009e-01 1.985866794267929780e-01 1.888512614328811123e-01 4.606201335372230865e-01 3.314200437761252171e-01 5.358074082250726677e-01 3.238419361042019773e-01 6.926617205468704741e-02 5.718539366964945359e-01 4.602228772098504450e-01 5.030328920082316468e-01 5.276379098457305572e-01 5.494057904315347018e-01 5.265711761225804199e-01 9.584231061153721809e-01
3.027961660029357960e-01 3.080823375207637493e-01 8.425112618947607768e-01 6.446574815836417782e-01 7.995183476778993104e-01 6.985188797642238878e-01 8.273383022599124503e-01 5.763237919104209350e-01 6.660918769528968442e-01 4.772995556086791491e-01 5.829801959128502187e-01 5.304185335240295673e-01 4.209257083772776076e-01 8.964610510449377845e-01 5.135804983297893589e-01 8.866606071549961721e-01 4.776482813415203754e-01 5.908077446884902884e-01 4.024876481993227006e-01 0.000000000000000000e+00 5.687838025176922274e-01 6.792992477629378190e-01 7.118209156035569807e-01 6.050725731572156318e-01 3.888241743657535610e-01 5.143633500008633064e-01 4.744226598370506198e-01 2.293055909240567791e-01 8.444613578688748845e-01 3.352228058070959027e-01 2.827441571933716480e-01 4.967205700098851207e-01 5.688577347368171111e-01 6.463866943458791425e-01 8.821156482173153623e-01
5.363619627245308497e-01 3.679058238756197641e-01 4.624163432211933489e-01 8.374972488111906976e-01 9.181251893618408433e-01 8.279106358647128072e-01 3.835494057682110602e-01 2.507577869060618747e-01 7.196759882054752921e-01 6.157029430555897020e-01 4.490622568386868352e-01 4.992026686104345523e-01 6.193447514550174393e-01 2.624073032777407555e-01 7.373926011661807722e-01 2.403642390227824222e-01 8.621357354248122551e-01 1.602541739815271926e-01 5.132279225569909009e-01 5.687838025176922274e-01 0.000000000000000000e+00 3.835178319792903467e-01 2.984273917629185480e-01 3.911871751193966018e-01 4.594262615378564840e-01 3.020976017555698223e-01 6.629897682109658907e-01 4.103071898868965728e-01 7.458996204367207561e-01 5.647849524210044603e-01 4.648271111885193818e-01 8.304297002416413109e-01 5.345466332334785076e-01 4.825219019884973704e-01 3.124723261121248874e-01
7.838081984607119246e-01 9.484563298467985071e-01 2.382540610729365071e-01 2.410366394634776421e-01 1.888319645711875605e-01 3.235999788520910192e-01 5.601668257645173732e-01 4.560941031644163424e-01 4.252274819254943661e-01 8.577471707015948965e-01 7.489926411637032322e-01 4.779830961183662019e-02 4.063611926116692530e-01 8.326072119452809783e-01 4.541254334610557164e-01 2.599156803850006803e-01 3.071064016414323250e-01 1.024639066278026922e-01 1.985866794267929780e-01 6.792992477629378190e-01 3.835178319792903467e-01 0.000000000000000000e+00 8.077212607520168897e-01 6.510169419000981783e-01 7.969277683734808937e-01 5.699316731168042605e-01 2.035271637347613183e-01 6.797361660111557180e-01 7.162507268467940280e-01 3.146496466471794262e-01 5.328163917180032128e-01 7.723419521338026339e-02 5.453705672432281881e-01 4.218713106974530946e-01 7.159804064541330781e-01
4.565781390734434675e-01 3.978842028986931401e-01 7.449052032918231925e-01 7.284938450955824596e-01 7.158024484556814171e-01 7.189421557008945918e-02 5.808868589195559373e-01 4.771793193748347650e-01 5.529389010075551614e-01 3.123930359241892663e-01 7.748577357860428894e-01 2.503730995762362133e-01 4.564279561453222778e-01 5.020401360842821070e-01 3.871221808999694147e-01 5.489979252152273892e-01 4.214213201624238958e-01 5.017142549985194044e-01 1.888512614328811123e-01 7.118209156035569807e-01 2.984273917629185480e-01 8.077212607520168897e-01 0.000000000000000000e+00 4.410853752278570128e-01 2.884128946117457959e-01 4.125042514698145646e-01 7.871659774854664615e-01 8.800636254395388658e-01 6.435673346482395640e-01 8.360926589752618598e-01 5.159517157571540391e-01 3.302662884851091940e-01 3.102003651220466285e-01 2.625714333470499096e-01 3.598114078300546081e-01
4.438384147620966225e-01 6.864567958749159260e-01 6.856320941187635798e-01 4.519965758023882785e-01 8.346758378395378042e-01 7.141037706360747750e-01 4.719548597006016921e-01 5.038879681510533004e-01 2.614241397835902481e-01 7.869136425254610323e-01 3.527862931895402454e-01 2.591611518177606710e-01 5.530818604064994259e-01 1.803383070414772416e-01 2.814119102013288298e-01 5.543167006331950475e-01 3.130923369622861108e-01 7.995382442817142721e-01 4.606201335372230865e-01 6.050725731572156318e-01 3.911871751193966018e-01 6.510169419000981783e-01 4.410853752278570128e-01 0.000000000000000000e+00 6.115044578933677144e-01 1.506903157922480085e-01 4.973837967924640835e-01 7.121162427223409752e-01 8.395307771207698444e-01 5.438144280239101125e-01 5.703945537018232370e-01 7.326033351543689287e-01 8.724638700451976536e-01 9.265430073815794643e-01 5.402453850077441055e-01
7.378880638921641033e-01 5.935170245673296874e-01 4.243725898559146947e-01 6.932621598093542392e-01 4.357682813333101368e-01 2.440921214912311621e-01 6.479143950978647482e-01 4.721345130819765146e-01 3.857656564626269491e-01 2.669171367129564154e-01 5.899055459300828197e-01 5.428129305613615951e-01 4.236269573756853424e-01 5.330353335573148055e-01 6.121465949283037000e-01 6.365363654267823801e-01 4.805076854285920129e-01 5.216761118780799400e-01 3.314200437761252171e-01 3.888241743657535610e-01 4.594262615378564840e-01 7.969277683734808937e-01 2.884128946117457959e-01 6.115044578933677144e-01 0.000000000000000000e+00 3.932181699194906010e-01 1.735348022902430953e-01 5.260404569535479524e-01 3.219829390375534839e-01 7.682493697098240482e-01 8.766761463406043120e-01 6.512204192123240976e-01 8.567547200174208122e-01 1.644637549637150142e-01 2.653488062364719458e-01
4.777211389570173994e-01 6.928613799563106967e-01 5.636263348374326299e-01 4.634881380007061513e-01 8.545589970998532792e-01 4.510548295366227367e-01 4.923603833762988380e-01 1.957016548832279379e-01 4.159259138414203028e-01 6.451372720723083098e-01 6.990928566639214026e-01 3.365039069782546077e-01 7.790770466221728086e-01 7.359184041625221884e-01 3.257997082836265879e-01 8.682127928906795411e-01 1.569642101067797446e-01 4.413843956649318168e-01 5.358074082250726677e-01 5.143633500008633064e-01 3.020976017555698223e-01 5.699316731168042605e-01 4.125042514698145646e-01 1.506903157922480085e-01 3.932181699194906010e-01 0.000000000000000000e+00 1.073917835615534333e-01 4.223181058825583034e-01 6.629894677284220439e-01 6.635954734269112754e-01 5.549763908163058979e-01 1.231772209038008992e-01 7.908942931840690083e-01 6.514017204275719397e-01 4.067306081039517296e-01
6.623076967042361707e-01 5.118826567855816467e-01 6.587133630600685574e-01 6.400296109562253477e-01 4.746011775693863011e-01 3.786893651654760218e-01 3.862911437792353464e-01 6.672734896919411129e-01 6.029516308305574723e-01 3.620953082460401928e-01 4.296645846242588829e-01 8.473917369813821487e-01 5.681957192662110412e-01 2.133742907620510554e-01 4.426081668184647100e-01 8.386433068623956322e-01 6.848441723755912536e-01 3.797009039133381059e-01 3.238419361042019773e-01 4.744226598370506198e-01 6.629897682109658907e-01 2.035271637347613183e-01 7.871659774854664615e-01 4.973837967924640835e-01 1.735348022902430953e-01 1.073917835615534333e-01 0.000000000000000000e+00 4.590734913414429297e-01 7.890566935700311646e-01 7.400345606643523588e-01 6.315975770117997490e-01 5.268180437020223428e-01 8.316143425157804803e-01 7.871114111985038075e-01 4.501839137016842018e-01
6.949760165915344068e-01 5.896205868100014014e-01 5.483988787769404905e-01 2.262162168999513057e-01 2.847675980670996143e-01 7.633085655998382846e-01 4.175644670712599371e-01 4.076754717734586975e-01 7.368804822021306489e-01 6.460060023845489718e-01 5.818356210264044037e-01 4.367394020721195314e-01 4.291053575908435613e-01 3.775451250370585043e-01 1.463161374528860748e-01 3.729588471307727637e-01 4.108561596392011350e-01 4.586108611541540037e-01 6.926617205468704741e-02 2.293055909240567791e-01 4.103071898868965728e-01 6.797361660111557180e-01 8.800636254395388658e-01 7.121162427223409752e-01 5.260404569535479524e-01 4.223181058825583034e-01 4.590734913414429297e-01 0.000000000000000000e+00 3.863575083069433758e-01 7.098935584540906341e-01 4.976756833327773966e-01 3.692841546830852861e-01 5.614502482122019078e-01 4.530798545002192035e-01 4.686940504212019354e-01
1.644108466773478439e-01 4.779636975459562453e-01 6.336756646462633480e-01 6.541718727410341661e-01 3.528688634008288472e-01 5.341834477156439664e-01 5.196944918460464358e-01 4.884984113086094926e-01 3.196921257929842275e-01 7.849792626920454319e-01 5.241899042166607847e-01 4.354642755021214118e-01 3.002692995520812591e-01 4.742952298480302975e-01 6.311910775994418188e-01 5.970003519026870764e-01 3.615721129288449465e-01 4.238906311364296631e-01 5.718539366964945359e-01 8.444613578688748845e-01 7.458996204367207561e-01 7.162507268467940280e-01 6.435673346482395640e-01 8.395307771207698444e-01 3.219829390375534839e-01 6.629894677284220439e-01 7.890566935700311646e-01 3.863575083069433758e-01 0.000000000000000000e+00 7.496597191897818035e-01 5.500689501654629776e-01 7.838946672734958820e-01 7.202690534275503209e-01 3.200054070742182066e-01 1.484624597032690452e-01
5.679528366303473463e-01 3.952617854188080759e-01 1.126804768155632575e-01 3.030442965896231744e-01 9.013069978064185417e-01 2.024882933665255180e-01 6.978041302180160166e-01 3.123643712754505808e-01 9.283273718357069049e-01 7.795455470657556285e-01 6.705115013621703035e-01 7.081523557697533278e-01 4.118610071229711345e-01 6.789940086980765788e-01 6.163320067410258396e-01 4.424181912627673241e-01 4.405459860566702801e-01 5.323145769421656626e-01 4.602228772098504450e-01 3.352228058070959027e-01 5.647849524210044603e-01 3.146496466471794262e-01 8.360926589752618598e-01 5.438144280239101125e-01 7.682493697098240482e-01 6.635954734269112754e-01 7.400345606643523588e-01 7.098935584540906341e-01 7.496597191897818035e-01 0.000000000000000000e+00 4.314600414296664299e-01 4.059287775020336553e-01 8.089128943268224514e-01 3.676128105633471588e-01 6.248952168995489664e-01
7.376728308188652550e-01 1.287599610920629467e-01 5.045755647102837527e-01 5.059971521943893435e-01 3.808680922052526396e-01 5.339501757849693941e-01 2.913809900237761541e-01 5.848372507099217632e-01 5.053426609342331899e-01 8.959773563940243157e-02 3.593882672677171097e-01 2.195435924780848591e-01 6.947020599064378521e-01 6.062890188320495533e-01 6.787283218797157680e-01 3.056393029776186543e-01 4.526107581045841766e-01 8.026147852688989559e-01 5.030328920082316468e-01 2.827441571933716480e-01 4.648271111885193818e-01 5.328163917180032128e-01 5.159517157571540391e-01 5.703945537018232370e-01 8.766761463406043120e-01 5.549763908163058979e-01 6.315975770117997490e-01 4.976756833327773966e-01 5.500689501654629776e-01 4.314600414296664299e-01 0.000000000000000000e+00 6.039534134345088123e-01 3.644409213539835379e-01 2.624181666063594154e-01 5.400758690745646184e-01
6.366416686087785770e-01 5.606523758199462026e-01 1.059296950387628167e-01 8.583876132575900542e-01 4.501857129317037853e-01 3.089816473537587149e-01 2.415057931124151014e-01 6.907795400534889607e-01 7.283378737583228180e-01 6.966369075219546181e-01 9.089633234204697043e-02 6.209551879243486727e-01 3.658674697916007856e-01 6.072707761541882299e-01 5.910908044083456048e-01 8.234254926081046033e-01 6.639472414723416316e-01 8.114234265165061188e-01 5.276379098457305572e-01 4.967205700098851207e-01 8.304297002416413109e-01 7.723419521338026339e-02 3.302662884851091940e-01 7.326033351543689287e-01 6.512204192123240976e-01 1.231772209038008992e-01 5.268180437020223428e-01 3.692841546830852861e-01 7.838946672734958820e-01 4.059287775020336553e-01 6.039534134345088123e-01 0.000000000000000000e+00 3.999927068347123305e-01 6.312821448367098576e-01 1.945973795289749342e-01
4.778826555868627701e-01 4.114343696415491136e-01 2.640842352746269883e-01 8.099918242393669976e-01 3.115523023489155663e-01 7.079723354071634223e-01 5.736197781637806248e-01 6.355552183482908735e-01 5.538581976306926613e-01 5.454782870306092990e-01 2.400224995622144419e-01 5.677234947409560695e-01 6.066953102963215105e-01 8.685699183824887593e-01 4.500574675972102701e-01 8.696469987889795528e-01 3.075800440722120666e-01 4.953591613546391437e-01 5.494057904315347018e-01 5.688577347368171111e-01 5.345466332334785076e-01 5.453705672432281881e-01 3.102003651220466285e-01 8.724638700451976536e-01 8.567547200174208122e-01 7.908942931840690083e-01 8.316143425157804803e-01 5.614502482122019078e-01 7.202690534275503209e-01 8.089128943268224514e-01 3.644409213539835379e-01 3.999927068347123305e-01 0.000000000000000000e+00 2.562968068189067639e-01 2.614182870069678422e-01
4.195103740145200155e-01 5.480557340786642584e-01 6.546867233661302077e-01 7.602739793751454034e-01 5.529554256322672945e-01 4.774235487679218126e-01 6.424284369335113709e-01 5.159643904230408751e-01 9.211026957626727851e-01 5.184922569187808694e-01 2.676624866830713545e-01 6.110828968349926171e-01 5.847301337856259940e-01 2.868789260740001179e-01 4.746121458122730674e-01 1.711362845836564839e-01 4.215213319610698894e-01 8.592595238078810649e-01 5.265711761225804199e-01 6.463866943458791425e-01 4.825219019884973704e-01 4.218713106974530946e-01 2.625714333470499096e-01 9.265430073815794643e-01 1.644637549637150142e-01 6.514017204275719397e-01 7.871114111985038075e-01 4.530798545002192035e-01 3.200054070742182066e-01 3.676128105633471588e-01 2.624181666063594154e-01 6.312821448367098576e-01 2.562968068189067639e-01 0.000000000000000000e+00 6.984745551568951605e-01
7.704914096869566187e-01 3.738445225425706120e-01 5.730580427732883120e-01 2.380571453302336438e-01 9.715513322167312893e-02 4.614788685279505032e-01 4.382736069158283954e-01 5.365261553607655332e-01 6.021141923726227585e-01 7.280331501651393644e-01 5.445910373202125232e-01 3.195098190232353863e-01 7.797692389507404620e-01 6.338174315700344508e-01 4.362557128983307608e-01 1.771605247282064255e-01 4.654573967475922336e-01 5.226274065671834279e-01 9.584231061153721809e-01 8.821156482173153623e-01 3.124723261121248874e-01 7.159804064541330781e-01 3.598114078300546081e-01 5.402453850077441055e-01 2.653488062364719458e-01 4.067306081039517296e-01 4.501839137016842018e-01 4.686940504212019354e-01 1.484624597032690452e-01 6.248952168995489664e-01 5.400758690745646184e-01 1.945973795289749342e-01 2.614182870069678422e-01 6.984745551568951605e-01 0.000000000000000000e+00
