0.000000000000000000e+00 1.525368774753175227e-01 5.879529680179805817e-01 6.958466397775520118e-01 8.561673584337339271e-01 8.077195152404895717e-01 7.231537892840448345e-01 8.587125260878353261e-01 5.157921516261796402e-01 6.220284888299179027e-01 6.181579533727554754e-01 6.797998949070480634e-01 8.511181880979568071e-01 2.878718841025066921e-01 3.727293664557994601e-01 3.025765655255020503e-01 5.014173396690591034e-01 6.535218797476762820e-01 4.818640575236287638e-01 1.303292029790995010e-01 6.416510126487789956e-01 2.920692794031417572e-01 6.194160580432740426e-01 3.190560310169548996e-01 4.865942866808376510e-01 5.143534783111033404e-01 4.165133054092279297e-01 6.529053615629240026e-01 3.839910669238719709e-01 1.847187812891240011e-01 4.304847101770018503e-01 2.945161774980613600e-01 8.346684909114594486e-01 5.693414928247775286e-01 6.473914091487522615e-01
1.525368774753175227e-01 0.000000000000000000e+00 4.404736222847714933e-01 2.000695448476608740e-01 7.806523819414142862e-01 5.798601395956788362e-01 3.229828530993912317e-01 5.280774837135450150e-01 2.128393114130328057e-01 4.013316077513101598e-01 3.436660183395648938e-01 2.598539799685591900e-01 2.786701686191195293e-02 6.581145477959391421e-01 7.779312721275513098e-01 5.651443642906729403e-01 4.694967284788979511e-01 6.407661605269996397e-01 2.430391620686273013e-01 2.325608401919929680e-01 6.708812083623618694e-01 1.524849155760991115e-01 4.065862715355204604e-01 3.772932701838767056e-01 4.559527005357164597e-01 4.620472882277734672e-01 7.426566264891090174e-01 5.683775306171890973e-01 3.456719230699384360e-01 4.902257464740282789e-01 3.488594739668706701e-01 5.040875874851716842e-01 8.176675498245733475e-02 7.951046000797473701e-01 3.785522820772735941e-01
5.879529680179805817e-01 4.404736222847714933e-01 0.000000000000000000e+00 6.123582104301075191e-01 5.670981272556276931e-01 4.642002917723896949e-01 4.836115145542617122e-01 4.077857808904708503e-01 5.571845971631733674e-01 5.437934829280808291e-01 6.585011691593426475e-01 3.665731255782269660e-01 5.987420971859467311e-01 2.636337486166615562e-01 5.831921811059486149e-01 2.795934883530084014e-01 6.584970394534184202e-01 4.830054537963969219e-01 6.848985126378586141e-01 1.504253967936447500e-01 6.523021738505609957e-01 4.668645827676192184e-01 2.521176851569750799e-02 3.162527532815778697e-01 8.316624921195154840e-01 8.360134079477635760e-01 7.337565314750993384e-02 8.604235659171042272e-01 7.932333076190963839e-01 7.270981274623076196e-01 7.601349255279257200e-01 2.596515907559967529e-01 7.943273005010267340e-01 3.670577955989406949e-01 1.922707317504702695e-01
6.958466397775520118e-01 2.000695448476608740e-01 6.123582104301075191e-01 0.000000000000000000e+00 6.739198998953958020e-01 7.706436878057006945e-01 1.715020507840741004e-01 5.516547999909610089e-01 8.364433552610804901e-01 2.982840392957862852e-01 6.509893832557065441e-01 3.999619603960057890e-01 6.724203246031461578e-01 7.841286468740591431e-01 2.665818564270873159e-01 4.102656935538747662e-01 2.054424120847615498e-01 4.140816670878134098e-01 5.261397307233552922e-01 8.013081161867936508e-01 7.122768120869589215e-01 4.203202656352167388e-01 2.491150283499180551e-01 5.993567143085178905e-01 7.111857107732031391e-01 1.854714467392920563e-01 4.318520046474108032e-01 4.845621491421097105e-01 6.794537094422035128e-01 6.928405451300259088e-01 7.449395232344445672e-01 2.079412869351880411e-01 3.431346020247149076e-01 4.700357165619724609e-01 4.324283987300450161e-01
8.561673584337339271e-01 7.806523819414142862e-01 5.670981272556276931e-01 6.739198998953958020e-01 0.000000000000000000e+00 7.292336658848845854e-01 5.239800061669491749e-01 8.685403183746496225e-01 5.768764526269356541e-01 8.024575275537875196e-01 4.539120624693193662e-01 2.766829775648667056e-01 2.033207177635766305e-01 5.832780785313784744e-01 7.501017871864303910e-01 8.509350721775539306e-01 4.595328400446982431e-01 5.882515064256481629e-01 3.653942031484215813e-01 6.543251661019198195e-01 3.262427743865621843e-01 2.963195793301730552e-01 5.180994878128561965e-01 2.510958556299893729e-01 2.160053527480154667e-01 5.337128780525393079e-01 4.264659717894503377e-01 1.499964769798184383e-01 9.263264152119365935e-02 4.947681989634977739e-01 4.114824972569188222e-01 3.914482904732075053e-01 1.200970626766802996e-01 2.329037168436920990e-01 3.057010540281187572e-01
8.077195152404895717e-01 5.798601395956788362e-01 4.642002917723896949e-01 7.706436878057006945e-01 7.292336658848845854e-01 0.000000000000000000e+00 5.709082623172468951e-01 2.363357745110908903e-01 2.113694137545705232e-01 8.717522320622820287e-01 4.239839549819949260e-01 2.899305282098902370e-01 3.892373907933196486e-01 7.463846370172758649e-01 3.630887792936697833e-01 5.328432485583691758e-01 5.007976575058820101e-01 5.782399469532510938e-01 7.054957658127452014e-01 1.925931258888239350e-01 6.025310295842242203e-01 2.923243719278934005e-01 2.571869934314048867e-01 9.071859339233955266e-01 5.837760541637329048e-01 4.292362191221590351e-01 4.397269567534648482e-01 2.274020490959588470e-01 6.974571730890397614e-01 5.220681259037660560e-01 5.453469504912111798e-01 3.547372757656995779e-01 1.400950520660841914e-01 3.102057409272881427e-01 7.162525450426420193e-01
7.231537892840448345e-01 3.229828530993912317e-01 4.836115145542617122e-01 1.715020507840741004e-01 5.239800061669491749e-01 5.709082623172468951e-01 0.000000000000000000e+00 5.753443208784629892e-01 2.384795390366930556e-01 2.871665023116715121e-01 5.177323864155183308e-01 5.726137698638392726e-01 3.046105407065474169e-01 7.013008116832588623e-01 3.337003913055306414e-01 8.891789428319573085e-01 3.984794853213114996e-01 8.810737488922131266e-01 5.483272642569376742e-01 4.082044791711885168e-01 4.639432078456110498e-01 6.740715915473405317e-01 8.058886458687017917e-01 6.180149763410354158e-01 8.524608537046327594e-01 5.941857171700457574e-01 5.487745091309295109e-01 7.230408549027965703e-01 3.215820349922724475e-01 4.105509826307068844e-01 9.336577111800994366e-01 2.556578393070769728e-01 6.021996560958893241e-01 5.919808930646557332e-01 6.614434456778282012e-01
8.587125260878353261e-01 5.280774837135450150e-01 4.077857808904708503e-01 5.516547999909610089e-01 8.685403183746496225e-01 2.363357745110908903e-01 5.753443208784629892e-01 0.000000000000000000e+00 2.993293116822882682e-01 1.694694560744058887e-01 9.058386791125109250e-01 1.590292911852572710e-01 7.180706034965214091e-01 3.246054308934369637e-01 8.184519264049223697e-01 5.000125445080083608e-01 2.179721564835044312e-01 2.407256689597992438e-01 5.502742635473769628e-01 7.181292523911475545e-01 3.703713342032554645e-01 1.596684831756111089e-01 8.333484823876593506e-01 3.672608693487049436e-01 7.698968995362663881e-01 6.650483184302410367e-01 2.144911041286561848e-01 1.146460629772017015e-01 5.989958320979862361e-01 7.929882449767496899e-01 4.132170795292822163e-02 2.034967387660999716e-01 5.770743536670943641e-01 5.681809232099059859e-01 2.148826690427103059e-01
5.157921516261796402e-01 2.128393114130328057e-01 5.571845971631733674e-01 8.364433552610804901e-01 5.768764526269356541e-01 2.113694137545705232e-01 2.384795390366930556e-01 2.993293116822882682e-01 0.000000000000000000e+00 2.771949175517252062e-01 7.268531348151749949e-01 2.916133337694424288e-01 5.490655712105350084e-01 3.931790626795300114e-01 3.430411584868591213e-01 2.955488519168669170e-01 4.795280793666394370e-01 1.872389569322180369e-01 6.727316988161683442e-01 5.157780633947395277e-01 4.475498930277901355e-01 2.940945600249222358e-01 6.930190748168230108e-01 7.036199180127211683e-01 6.534971857961091590e-01 6.317793471562968000e-01 4.127592204911929574e-01 4.871585372699657746e-01 7.316446044235093149e-01 3.497584249160818892e-01 8.200398690929215917e-01 3.841691454443461051e-01 7.867902933819438394e-01 8.343223971110526049e-01 3.803201038094915498e-01
6.220284888299179027e-01 4.013316077513101598e-01 5.437934829280808291e-01 2.982840392957862852e-01 8.024575275537875196e-01 8.717522320622820287e-01 2.871665023116715121e-01 1.694694560744058887e-01 2.771949175517252062e-01 0.000000000000000000e+00 3.789936469368421212e-01 7.084035983027755501e-01 5.336847569265985580e-01 4.054560537000482245e-01 7.265399909646410581e-01 7.039209394512631057e-01 3.422663260021795439e-01 6.777666882453132757e-01 3.951487743526412300e-01 7.345232358492980174e-01 4.648540904564554821e-01 6.198718811747174762e-01 3.636328800549638030e-01 5.844312539341530721e-01 6.191139145290417423e-01 8.848013357434711956e-01 6.222751413014926403e-01 4.217357522275169135e-01 1.443575713003188987e-01 3.466358707577121834e-01 5.871905120298070990e-01 8.224062115339521029e-01 3.828419626213325211e-01 9.831655328518440484e-02 7.754230600412832519e-01
6.181579533727554754e-01 3.436660183395648938e-01 6.585011691593426475e-01 6.509893832557065441e-01 4.539120624693193662e-01 4.239839549819949260e-01 5.177323864155183308e-01 9.058386791125109250e-01 7.268531348151749949e-01 3.789936469368421212e-01 0.000000000000000000e+00 5.663408319787612832e-01 1.004221132253597659e-01 3.727407172002439317e-01 4.211597652386293023e-01 3.439996331244703498e-01 5.026705425078505929e-01 9.039023120843250325e-01 7.389796038644097509e-01 8.160547437040538421e-01 6.587893668338069553e-01 3.752504325308867461e-01 6.626143010685334733e-01 4.921529700795952977e-01 9.021467067835593490e-01 4.793587781539647152e-01 6.503132645466267459e-01 4.872981187912214240e-01 4.404842668164291597e-01 2.868349214898342492e-01 6.001041996103497755e-01 5.392981471651130398e-01 8.508883981874437730e-01 6.421817751379961248e-01 5.952153324141267188e-01
6.797998949070480634e-01 2.598539799685591900e-01 3.665731255782269660e-01 3.999619603960057890e-01 2.766829775648667056e-01 2.899305282098902370e-01 5.726137698638392726e-01 1.590292911852572710e-01 2.916133337694424288e-01 7.084035983027755501e-01 5.663408319787612832e-01 0.000000000000000000e+00 8.632367263676925528e-01 2.690951154303828363e-01 2.405361139472332321e-01 8.477368306582682145e-01 3.623772968946673556e-01 2.337273031203896401e-01 3.252345173190008820e-01 6.028668583074813236e-01 6.020426561270744159e-01 5.074958176216048944e-01 8.087834384739678306e-01 4.864621599944572994e-01 6.031736015642266135e-01 4.270062131337589162e-01 4.565155605387051230e-01 8.270264417698315329e-01 6.321353447206552456e-01 5.229708400616515096e-01 7.083833460332704668e-01 4.826915926951279578e-01 2.497206316941177340e-01 5.518113709761115482e-01 6.845984231793877939e-01
8.511181880979568071e-01 2.786701686191195293e-02 5.987420971859467311e-01 6.724203246031461578e-01 2.033207177635766305e-01 3.892373907933196486e-01 3.046105407065474169e-01 7.180706034965214091e-01 5.490655712105350084e-01 5.336847569265985580e-01 1.004221132253597659e-01 8.632367263676925528e-01 0.000000000000000000e+00 1.405702876405980906e-01 7.453283425369745530e-01 5.631338595098200894e-01 6.536008848849115260e-01 3.024635704522343205e-01 3.846196176151182033e-01 4.531453726610114030e-01 6.443025526125139013e-01 7.773554229928349990e-01 8.415104213141422207e-01 2.737365220070095972e-01 1.590738571940735202e-01 1.684548407445892737e-01 3.393337159384601787e-01 7.390860142637745156e-01 7.151530799997122267e-01 9.094334935338550530e-01 5.378402714591210554e-01 5.853775601266297812e-01 3.092411416627309784e-01 4.131687859684127773e-01 4.501776756746883601e-01
2.878718841025066921e-01 6.581145477959391421e-01 2.636337486166615562e-01 7.841286468740591431e-01 5.832780785313784744e-01 7.463846370172758649e-01 7.013008116832588623e-01 3.246054308934369637e-01 3.931790626795300114e-01 4.054560537000482245e-01 3.727407172002439317e-01 2.690951154303828363e-01 1.405702876405980906e-01 0.000000000000000000e+00 8.811599422515615787e-01 4.482811072592254309e-01 7.213311178713859295e-01 4.748373090909701055e-01 3.703873540624523786e-01 6.077164139864200676e-01 2.810322124944641953e-01 5.358876733378539203e-01 3.204911776418558622e-01 8.597222942480280405e-01 7.855148266941505142e-01 5.874873472480395264e-01 3.146073455516289474e-01 1.731048687887275506e-01 3.149097388218939919e-01 3.811186434516014021e-01 7.735819780207788821e-01 7.911271817621883251e-01 5.627664341982189233e-01 4.760101317250219899e-01 4.643710578609584472e-01
3.727293664557994601e-01 7.779312721275513098e-01 5.831921811059486149e-01 2.665818564270873159e-01 7.501017871864303910e-01 3.630887792936697833e-01 3.337003913055306414e-01 8.184519264049223697e-01 3.430411584868591213e-01 7.265399909646410581e-01 4.211597652386293023e-01 2.405361139472332321e-01 7.453283425369745530e-01 8.811599422515615787e-01 0.000000000000000000e+00 6.548992682417751343e-01 8.863242371957060772e-01 2.522796636109797541e-01 6.194552952220159225e-01 4.806916448997988756e-02 8.721705186438196700e-01 7.969699151086274691e-01 6.747460576537507304e-01 4.545977168891439657e-01 4.242160596666462724e-01 4.917043152513378423e-01 5.289294719005872558e-01 7.580773134656253465e-01 5.983726476015028828e-01 4.774581898111550649e-01 6.963266409398823908e-01 6.182359190084004696e-01 3.666746721880537185e-01 7.219622655021786795e-01 1.718867247851361690e-01
3.025765655255020503e-01 5.651443642906729403e-01 2.795934883530084014e-01 4.102656935538747662e-01 8.509350721775539306e-01 5.328432485583691758e-01 8.891789428319573085e-01 5.000125445080083608e-01 2.955488519168669170e-01 7.039209394512631057e-01 3.439996331244703498e-01 8.477368306582682145e-01 5.631338595098200894e-01 4.482811072592254309e-01 6.548992682417751343e-01 0.000000000000000000e+00 1.571720591010783430e-01 6.977063990484489997e-01 7.382922700079133094e-01 6.438630459010628027e-01 1.683125291298076531e-01 6.775864945590335253e-01 7.541442931741394462e-01 6.743085728172079074e-01 4.681797816451466199e-01 5.688446208192055042e-01 7.156265814260290847e-01 6.723784626838922307e-01 3.076409424012925831e-01 5.944528182012494000e-01 6.275673505832257693e-01 8.235229385396682922e-01 6.306576018209792966e-01 3.517695093807192697e-01 4.476525032592260644e-01
5.014173396690591034e-01 4.694967284788979511e-01 6.584970394534184202e-01 2.054424120847615498e-01 4.595328400446982431e-01 5.007976575058820101e-01 3.984794853213114996e-01 2.179721564835044312e-01 4.795280793666394370e-01 3.422663260021795439e-01 5.026705425078505929e-01 3.623772968946673556e-01 6.536008848849115260e-01 7.213311178713859295e-01 8.863242371957060772e-01 1.571720591010783430e-01 0.000000000000000000e+00 3.058664390719764703e-01 1.783877167486933590e-01 4.375331781736141457e-01 5.252289899340834012e-01 2.364998952617501926e-01 5.463386830683489848e-01 9.132845422735711427e-01 4.986814756363383561e-01 8.562646792180403921e-01 7.388177585052442264e-01 2.212419087941393803e-01 7.354785495080851110e-01 4.225306660376373369e-01 5.329135632481112328e-01 2.572363905642299775e-01 5.345766828218423417e-01 7.502006570634970339e-01 8.366803265947679868e-01
6.535218797476762820e-01 6.407661605269996397e-01 4.830054537963969219e-01 4.140816670878134098e-01 5.882515064256481629e-01 5.782399469532510938e-01 8.810737488922131266e-01 2.407256689597992438e-01 1.872389569322180369e-01 6.777666882453132757e-01 9.039023120843250325e-01 2.337273031203896401e-01 3.024635704522343205e-01 4.748373090909701055e-01 2.522796636109797541e-01 6.977063990484489997e-01 3.058664390719764703e-01 0.000000000000000000e+00 5.655527263760662393e-02 6.068991303274702265e-01 4.330208758228847321e-01 3.862702873261099068e-01 4.585262549043825353e-01 1.937545969759671971e-01 6.975667744494826739e-01 5.346386592202059251e-01 5.462125109285492774e-01 8.127861347590716878e-01 4.015669089761210730e-01 8.017438098472153829e-01 5.452477423728370187e-01 5.486965229757423401e-01 7.810102885190057798e-01 1.355182938814522009e-01 1.476061277985930009e-01
4.818640575236287638e-01 2.430391620686273013e-01 6.848985126378586141e-01 5.261397307233552922e-01 3.653942031484215813e-01 7.054957658127452014e-01 5.483272642569376742e-01 5.502742635473769628e-01 6.727316988161683442e-01 3.951487743526412300e-01 7.389796038644097509e-01 3.252345173190008820e-01 3.846196176151182033e-01 3.703873540624523786e-01 6.194552952220159225e-01 7.382922700079133094e-01 1.783877167486933590e-01 5.655527263760662393e-02 0.000000000000000000e+00 5.670268093569874601e-01 3.213259608128650746e-01 4.922210986758972506e-01 9.348946083716047628e-02 2.059993114151434379e-01 6.963120356941233657e-01 5.844488117630157742e-01 1.785847796396214937e-01 1.695527946737714342e-01 6.608066983299327735e-01 3.800023562649047504e-01 4.103459080393062619e-01 5.059508161014734107e-01 6.617278824674357462e-01 5.469672294872001128e-01 4.680007546732007362e-01
1.303292029790995010e-01 2.325608401919929680e-01 1.504253967936447500e-01 8.013081161867936508e-01 6.543251661019198195e-01 1.925931258888239350e-01 4.082044791711885168e-01 7.181292523911475545e-01 5.157780633947395277e-01 7.345232358492980174e-01 8.160547437040538421e-01 6.028668583074813236e-01 4.531453726610114030e-01 6.077164139864200676e-01 4.806916448997988756e-02 6.438630459010628027e-01 4.375331781736141457e-01 6.068991303274702265e-01 5.670268093569874601e-01 0.000000000000000000e+00 6.410122688899870802e-01 6.344908253069871940e-01 2.407406317197036127e-01 2.460720469046931980e-01 5.389380056308671341e-01 4.775203676399505937e-01 4.016342113180790818e-01 4.099338492781549048e-01 7.459264703812207298e-01 6.791155635532808432e-02 3.890383439413046540e-01 4.824257228857720126e-02 3.829201940047508024e-01 4.381319772836952953e-01 4.727130756518385657e-01
6.416510126487789956e-01 6.708812083623618694e-01 6.523021738505609957e-01 7.122768120869589215e-01 3.262427743865621843e-01 6.025310295842242203e-01 4.639432078456110498e-01 3.703713342032554645e-01 4.475498930277901355e-01 4.648540904564554821e-01 6.587893668338069553e-01 6.020426561270744159e-01 6.443025526125139013e-01 2.810322124944641953e-01 8.721705186438196700e-01 1.683125291298076531e-01 5.252289899340834012e-01 4.330208758228847321e-01 3.213259608128650746e-01 6.410122688899870802e-01 0.000000000000000000e+00 2.223140661127105400e-01 2.622008241178035992e-01 8.224141944345011446e-01 5.503892205419298467e-01 6.472178512997452948e-01 7.380114902946354194e-01 2.641594589041967867e-01 5.948611391158522554e-01 4.178317840658196114e-01 6.801140774972465053e-01 3.665293917171274507e-01 2.844118476852037225e-01 8.158616621569273475e-01 3.486752578816434411e-01
2.920692794031417572e-01 1.524849155760991115e-01 4.668645827676192184e-01 4.203202656352167388e-01 2.963195793301730552e-01 2.923243719278934005e-01 6.740715915473405317e-01 1.596684831756111089e-01 2.940945600249222358e-01 6.198718811747174762e-01 3.752504325308867461e-01 5.074958176216048944e-01 7.773554229928349990e-01 5.358876733378539203e-01 7.969699151086274691e-01 6.775864945590335253e-01 2.364998952617501926e-01 3.862702873261099068e-01 4.922210986758972506e-01 6.344908253069871940e-01 2.223140661127105400e-01 0.000000000000000000e+00 4.284637272909266326e-01 8.741522086901694077e-01 5.489612528032068450e-01 6.485985929397594107e-01 8.856183597731398516e-01 5.423919613829508712e-01 6.928769535213769037e-01 7.732707017639889324e-01 1.443792580072352782e-01 5.894565050789246641e-01 4.078537555605462606e-01 1.373510976098942793e-01 6.223648867187018263e-01
6.194160580432740426e-01 4.065862715355204604e-01 2.521176851569750799e-02 2.491150283499180551e-01 5.180994878128561965e-01 2.571869934314048867e-01 8.058886458687017917e-01 8.333484823876593506e-01 6.930190748168230108e-01 3.636328800549638030e-01 6.626143010685334733e-01 8.087834384739678306e-01 8.415104213141422207e-01 3.204911776418558622e-01 6.747460576537507304e-01 7.541442931741394462e-01 5.463386830683489848e-01 4.585262549043825353e-01 9.348946083716047628e-02 2.407406317197036127e-01 2.622008241178035992e-01 4.284637272909266326e-01 0.000000000000000000e+00 1.464739106061423435e-01 3.770674307492187238e-01 6.675937170927548348e-01 9.359133591748820535e-01 4.938076024643589523e-01 4.706878918184588256e-01 5.171940283563525309e-01 6.213260557086863756e-01 2.665713093233691433e-01 8.863569322395767891e-01 2.934877217185839493e-01 4.563769690235762733e-01
3.190560310169548996e-01 3.772932701838767056e-01 3.162527532815778697e-01 5.993567143085178905e-01 2.510958556299893729e-01 9.071859339233955266e-01 6.180149763410354158e-01 3.672608693487049436e-01 7.036199180127211683e-01 5.844312539341530721e-01 4.921529700795952977e-01 4.864621599944572994e-01 2.737365220070095972e-01 8.597222942480280405e-01 4.545977168891439657e-01 6.743085728172079074e-01 9.132845422735711427e-01 1.937545969759671971e-01 2.059993114151434379e-01 2.460720469046931980e-01 8.224141944345011446e-01 8.741522086901694077e-01 1.464739106061423435e-01 0.000000000000000000e+00 7.021296356750565959e-01 5.819082062795157828e-01 4.130406667568337076e-01 4.011462781166023062e-01 3.629746636660243775e-01 7.236425051729986624e-01 8.702844167984298274e-01 5.610869725695744048e-01 2.266581598340199344e-01 4.676959059630136917e-01 2.486276386360354307e-01
4.865942866808376510e-01 4.559527005357164597e-01 8.316624921195154840e-01 7.111857107732031391e-01 2.160053527480154667e-01 5.837760541637329048e-01 8.524608537046327594e-01 7.698968995362663881e-01 6.534971857961091590e-01 6.191139145290417423e-01 9.021467067835593490e-01 6.031736015642266135e-01 1.590738571940735202e-01 7.855148266941505142e-01 4.242160596666462724e-01 4.681797816451466199e-01 4.986814756363383561e-01 6.975667744494826739e-01 6.963120356941233657e-01 5.389380056308671341e-01 5.503892205419298467e-01 5.489612528032068450e-01 3.770674307492187238e-01 7.021296356750565959e-01 0.000000000000000000e+00 4.274953257570696663e-01 3.512311938194334626e-01 3.470661075492202929e-01 4.395439457215843948e-02 8.686115686741401332e-01 8.722396931301749090e-01 8.083062727461438612e-01 5.832941143964578412e-01 2.128001337492710365e-01 9.267500273829490931e-01
5.143534783111033404e-01 4.620472882277734672e-01 8.360134079477635760e-01 1.854714467392920563e-01 5.337128780525393079e-01 4.292362191221590351e-01 5.941857171700457574e-01 6.650483184302410367e-01 6.317793471562968000e-01 8.848013357434711956e-01 4.793587781539647152e-01 4.270062131337589162e-01 1.684548407445892737e-01 5.874873472480395264e-01 4.917043152513378423e-01 5.688446208192055042e-01 8.562646792180403921e-01 5.346386592202059251e-01 5.844488117630157742e-01 4.775203676399505937e-01 6.472178512997452948e-01 6.485985929397594107e-01 6.675937170927548348e-01 5.819082062795157828e-01 4.274953257570696663e-01 0.000000000000000000e+00 2.893630114642687934e-01 3.212426416156644038e-01 4.515951567669169164e-01 6.370490942219646513e-01 7.922818548177911202e-01 4.675560826248182367e-01 3.573438709486042586e-01 8.562058451850573793e-01 8.421519387172899940e-01
4.165133054092279297e-01 7.426566264891090174e-01 7.337565314750993384e-02 4.318520046474108032e-01 4.264659717894503377e-01 4.397269567534648482e-01 5.487745091309295109e-01 2.144911041286561848e-01 4.127592204911929574e-01 6.222751413014926403e-01 6.503132645466267459e-01 4.565155605387051230e-01 3.393337159384601787e-01 3.146073455516289474e-01 5.289294719005872558e-01 7.156265814260290847e-01 7.388177585052442264e-01 5.462125109285492774e-01 1.785847796396214937e-01 4.016342113180790818e-01 7.380114902946354194e-01 8.856183597731398516e-01 9.359133591748820535e-01 4.130406667568337076e-01 3.512311938194334626e-01 2.893630114642687934e-01 0.000000000000000000e+00 6.668174059725400227e-01 6.367807938753996533e-01 8.421083826917226123e-01 5.573230001319195992e-01 4.586136496984941635e-01 6.873606105699161528e-01 7.381992097810244902e-01 3.560897003267317062e-01
6.529053615629240026e-01 5.683775306171890973e-01 8.604235659171042272e-01 4.845621491421097105e-01 1.499964769798184383e-01 2.274020490959588470e-01 7.230408549027965703e-01 1.146460629772017015e-01 4.871585372699657746e-01 4.217357522275169135e-01 4.872981187912214240e-01 8.270264417698315329e-01 7.390860142637745156e-01 1.731048687887275506e-01 7.580773134656253465e-01 6.723784626838922307e-01 2.212419087941393803e-01 8.127861347590716878e-01 1.695527946737714342e-01 4.099338492781549048e-01 2.641594589041967867e-01 5.423919613829508712e-01 4.938076024643589523e-01 4.011462781166023062e-01 3.470661075492202929e-01 3.212426416156644038e-01 6.668174059725400227e-01 0.000000000000000000e+00 3.954879838503821965e-01 7.014987352328304615e-01 1.118715311550011471e-01 2.077712263856191788e-01 7.040565119449821996e-01 4.485651740762724438e-01 4.890167164881826234e-01
3.839910669238719709e-01 3.456719230699384360e-01 7.932333076190963839e-01 6.794537094422035128e-01 9.263264152119365935e-02 6.974571730890397614e-01 3.215820349922724475e-01 5.989958320979862361e-01 7.316446044235093149e-01 1.443575713003188987e-01 4.404842668164291597e-01 6.321353447206552456e-01 7.151530799997122267e-01 3.149097388218939919e-01 5.983726476015028828e-01 3.076409424012925831e-01 7.354785495080851110e-01 4.015669089761210730e-01 6.608066983299327735e-01 7.459264703812207298e-01 5.948611391158522554e-01 6.928769535213769037e-01 4.706878918184588256e-01 3.629746636660243775e-01 4.395439457215843948e-02 4.515951567669169164e-01 6.367807938753996533e-01 3.954879838503821965e-01 0.000000000000000000e+00 5.998525867648595300e-01 7.600286533920359577e-01 6.255709868113201733e-01 2.614356256981756887e-01 4.784987103715008794e-01 9.244529684446889384e-01
1.847187812891240011e-01 4.902257464740282789e-01 7.270981274623076196e-01 6.928405451300259088e-01 4.947681989634977739e-01 5.220681259037660560e-01 4.105509826307068844e-01 7.929882449767496899e-01 3.497584249160818892e-01 3.466358707577121834e-01 2.868349214898342492e-01 5.229708400616515096e-01 9.094334935338550530e-01 3.811186434516014021e-01 4.774581898111550649e-01 5.944528182012494000e-01 4.225306660376373369e-01 8.017438098472153829e-01 3.800023562649047504e-01 6.791155635532808432e-02 4.178317840658196114e-01 7.732707017639889324e-01 5.171940283563525309e-01 7.236425051729986624e-01 8.686115686741401332e-01 6.370490942219646513e-01 8.421083826917226123e-01 7.014987352328304615e-01 5.998525867648595300e-01 0.000000000000000000e+00 6.660364629013957316e-01 2.748870997828964380e-01 2.883783332649937359e-01 6.081704272436917469e-01 6.764750396751985084e-01
4.304847101770018503e-01 3.488594739668706701e-01 7.601349255279257200e-01 7.449395232344445672e-01 4.114824972569188222e-01 5.453469504912111798e-01 9.336577111800994366e-01 4.132170795292822163e-02 8.200398690929215917e-01 5.871905120298070990e-01 6.001041996103497755e-01 7.083833460332704668e-01 5.378402714591210554e-01 7.735819780207788821e-01 6.963266409398823908e-01 6.275673505832257693e-01 5.329135632481112328e-01 5.452477423728370187e-01 4.103459080393062619e-01 3.890383439413046540e-01 6.801140774972465053e-01 1.443792580072352782e-01 6.213260557086863756e-01 8.702844167984298274e-01 8.722396931301749090e-01 7.922818548177911202e-01 5.573230001319195992e-01 1.118715311550011471e-01 7.600286533920359577e-01 6.660364629013957316e-01 0.000000000000000000e+00 3.554559236528230803e-01 8.350339254996845817e-01 6.566311370554680504e-01 7.216456433015357996e-01
2.945161774980613600e-01 5.040875874851716842e-01 2.596515907559967529e-01 2.079412869351880411e-01 3.914482904732075053e-01 3.547372757656995779e-01 2.556578393070769728e-01 2.034967387660999716e-01 3.841691454443461051e-01 8.224062115339521029e-01 5.392981471651130398e-01 4.826915926951279578e-01 5.853775601266297812e-01 7.911271817621883251e-01 6.182359190084004696e-01 8.235229385396682922e-01 2.572363905642299775e-01 5.486965229757423401e-01 5.059508161014734107e-01 4.824257228857720126e-02 3.665293917171274507e-01 5.894565050789246641e-01 2.665713093233691433e-01 5.610869725695744048e-01 8.083062727461438612e-01 4.675560826248182367e-01 4.586136496984941635e-01 2.077712263856191788e-01 6.255709868113201733e-01 2.748870997828964380e-01 3.554559236528230803e-01 0.000000000000000000e+00 1.979648743700131996e-01 2.680359414508245441e-01 6.687644377679620167e-01
8.346684909114594486e-01 8.176675498245733475e-02 7.943273005010267340e-01 3.431346020247149076e-01 1.200970626766802996e-01 1.400950520660841914e-01 6.021996560958893241e-01 5.770743536670943641e-01 7.867902933819438394e-01 3.828419626213325211e-01 8.508883981874437730e-01 2.497206316941177340e-01 3.092411416627309784e-01 5.627664341982189233e-01 3.666746721880537185e-01 6.306576018209792966e-01 5.345766828218423417e-01 7.810102885190057798e-01 6.617278824674357462e-01 3.829201940047508024e-01 2.844118476852037225e-01 4.078537555605462606e-01 8.863569322395767891e-01 2.266581598340199344e-01 5.832941143964578412e-01 3.573438709486042586e-01 6.873606105699161528e-01 7.040565119449821996e-01 2.614356256981756887e-01 2.883783332649937359e-01 8.350339254996845817e-01 1.979648743700131996e-01 0.000000000000000000e+00 8.122602703483228215e-02 4.177972587359758405e-01
5.693414928247775286e-01 7.951046000797473701e-01 3.670577955989406949e-01 4.700357165619724609e-01 2.329037168436920990e-01 3.102057409272881427e-01 5.919808930646557332e-01 5.681809232099059859e-01 8.343223971110526049e-01 9.831655328518440484e-02 6.421817751379961248e-01 5.518113709761115482e-01 4.131687859684127773e-01 4.760101317250219899e-01 7.219622655021786795e-01 3.517695093807192697e-01 7.502006570634970339e-01 1.355182938814522009e-01 5.469672294872001128e-01 4.381319772836952953e-01 8.158616621569273475e-01 1.373510976098942793e-01 2.934877217185839493e-01 4.676959059630136917e-01 2.128001337492710365e-01 8.562058451850573793e-01 7.381992097810244902e-01 4.485651740762724438e-01 4.784987103715008794e-01 6.081704272436917469e-01 6.566311370554680504e-01 2.680359414508245441e-01 8.122602703483228215e-02 0.000000000000000000e+00 3.802601303948791589e-01
6.473914091487522615e-01 3.785522820772735941e-01 1.922707317504702695e-01 4.324283987300450161e-01 3.057010540281187572e-01 7.162525450426420193e-01 6.614434456778282012e-01 2.148826690427103059e-01 3.803201038094915498e-01 7.754230600412832519e-01 5.952153324141267188e-01 6.845984231793877939e-01 4.501776756746883601e-01 4.643710578609584472e-01 1.718867247851361690e-01 4.476525032592260644e-01 8.366803265947679868e-01 1.476061277985930009e-01 4.680007546732007362e-01 4.727130756518385657e-01 3.486752578816434411e-01 6.223648867187018263e-01 4.563769690235762733e-01 2.486276386360354307e-01 9.267500273829490931e-01 8.421519387172899940e-01 3.560897003267317062e-01 4.890167164881826234e-01 9.244529684446889384e-01 6.764750396751985084e-01 7.216456433015357996e-01 6.687644377679620167e-01 4.177972587359758405e-01 3.802601303948791589e-01 0.000000000000000000e+00
