0.000000000000000000e+00 5.110213862991241918e-01 4.179096796529999658e-01 5.037525300933329842e-01 2.347955380391100189e-01 5.245083333206895793e-01 2.134100653424251259e-01 2.103503809326121576e-01 7.373612067356658528e-01 6.109468180484625144e-01 8.807605915123775109e-01 6.241871547386305119e-01 7.780098958121315356e-01 1.151948075423485096e-01 2.785855114219639717e-01 8.871965931788849957e-01 7.492292075418205410e-01 1.208234022769877347e-01 3.367714726747059739e-01 6.551229362891908270e-01 4.782913066203666186e-01 6.406499492061553669e-01 5.845100541711416575e-01 4.844029096203934515e-01 1.076258681776850468e-01 2.846068493332073457e-01 4.458770730071934807e-01 4.124166751427946753e-01 7.533043411750334206e-01 5.649501582973850411e-01 5.982363909463181972e-01 6.611673694203172857e-01 7.772170928738265649e-01 3.918184228675396508e-01 9.154824885661361211e-01
5.110213862991241918e-01 0.000000000000000000e+00 1.834095082818842926e-01 4.603081350942642147e-01 6.680845296476787265e-01 9.685184065590721758e-01 9.431643239809107682e-01 6.489335665614502924e-01 4.834613091403722751e-01 3.994981953050876777e-01 5.623436676897051179e-01 3.001943148957074148e-01 4.202105170670203393e-01 6.121581078777583729e-01 4.602799217411858157e-01 6.047581574626591516e-01 5.971665337053313483e-01 3.875805492478967551e-01 3.975636143084849694e-01 2.365993877916689470e-01 2.991806878766073430e-01 2.909898227174479990e-01 5.940818840314412430e-01 2.325168522969283114e-01 4.751063455126763313e-01 3.080436035209804801e-01 7.720804239151923820e-02 4.228476524347234422e-01 2.554809552682568707e-01 2.188839510234817376e-01 5.178582758409695508e-01 2.014752916392225091e-01 9.209296014324704904e-01 7.771603328026468471e-01 3.660151873918936483e-01
4.179096796529999658e-01 1.834095082818842926e-01 0.000000000000000000e+00 5.485380087063358445e-01 2.062617794552753514e-01 3.345445512881851657e-01 3.074726599321588871e-01 6.566388082974128348e-01 2.417807936517165079e-01 3.318012698195587085e-01 2.529918889228621737e-01 9.616216825112164912e-01 5.731364587238036989e-01 8.761710130875026703e-01 5.827218740629991345e-01 6.636727660974111043e-01 4.131026013603226743e-01 4.004837989393028597e-01 3.050581474227285206e-01 8.316981445601867584e-01 5.818353369056041835e-01 3.404130764809841225e-01 5.965689277280363800e-01 7.413757749242928519e-01 6.809702037298379640e-01 1.616364411626594055e-01 7.472082887591421363e-01 3.226247609799332006e-01 5.992240936677661889e-01 5.384723395501302967e-01 6.281621143348538050e-01 8.150060210648947256e-01 8.045151329207116397e-01 4.949006778813196394e-01 6.727320987825191612e-01
5.037525300933329842e-01 4.603081350942642147e-01 5.485380087063358445e-01 0.000000000000000000e+00 4.001544251419774101e-01 7.423467691887204456e-01 2.966195639997676325e-01 5.788232271271982476e-01 5.188766945807161690e-01 6.609750335263648857e-01 2.981240675011167518e-01 6.335431206798745052e-01 4.770106968772067635e-01 5.594963468828036968e-01 7.983081050645639554e-01 2.205514784617089719e-01 5.172364775404680870e-01 8.699040153184001145e-02 4.371577368255312734e-01 1.529142022517404609e-01 7.839557729071677805e-02 4.689287145455726113e-01 6.782109624415380011e-01 5.845714026559527543e-01 5.783264535146738217e-01 3.832126780202246286e-01 4.439394157166935972e-01 6.651148172425772609e-01 3.170633313260337593e-01 5.287203197866265914e-01 2.830708201431616500e-01 7.842539634141325600e-01 8.835033803640841565e-01 9.391446833488279466e-01 8.644434757809688064e-01
2.347955380391100189e-01 6.680845296476787265e-01 2.062617794552753514e-01 4.001544251419774101e-01 0.000000000000000000e+00 4.791715585053923365e-01 6.735739680803375373e-01 5.539952232464937509e-01 7.585821143034596759e-01 6.554032707583837825e-01 4.127029920210371072e-01 6.112459910966746568e-01 5.339817782108211563e-01 4.499713189652284062e-01 4.914815885371361937e-01 5.211307655182998433e-01 5.969043837779792749e-01 6.651379437328488464e-01 2.270553172342546500e-01 5.164904982673612643e-01 5.684729036346147790e-02 4.137155543605876562e-01 4.432042198050700210e-01 7.644395960025497372e-01 4.274077962851516865e-01 6.504388511966572306e-01 3.154304130118993355e-01 4.363735724726335308e-01 5.724252529441623549e-01 5.365914519727600362e-01 3.913321304128931644e-01 6.685146938053925236e-01 3.150477689825120220e-01 4.635588000252394147e-01 5.803947910117399633e-01
5.245083333206895793e-01 9.685184065590721758e-01 3.345445512881851657e-01 7.423467691887204456e-01 4.791715585053923365e-01 0.000000000000000000e+00 3.967933240408513251e-01 7.472797485244901949e-01 4.659877936461469528e-01 4.762460728875040905e-01 6.585301956779190391e-01 6.342026864913201667e-01 5.441679635232268275e-01 4.482246452247234947e-01 7.227363232643881918e-01 3.488972691554529382e-01 4.462836434774473671e-01 1.756260664712390174e-01 8.232532116009353418e-01 6.303001983606550951e-01 8.242288089387730388e-01 7.599548777168573244e-01 5.936819586864794385e-01 2.819962955949717465e-01 4.167926425691708681e-01 4.629686707761635489e-01 2.641448554787383385e-01 5.090018662954169937e-01 4.018985701053195414e-01 6.199261912866875779e-01 4.373721128858251150e-01 8.681145200230913073e-01 3.755264186077011956e-01 5.047726866732162865e-01 9.832308372820679487e-01
2.134100653424251259e-01 9.431643239809107682e-01 3.074726599321588871e-01 2.966195639997676325e-01 6.735739680803375373e-01 3.967933240408513251e-01 0.000000000000000000e+00 1.940508588142589863e-01 8.680956320862074360e-01 2.730010878157540510e-01 4.218850501873994130e-01 6.476937539104989927e-01 4.822344856896511045e-01 8.340102650120904126e-01 3.505439166677002394e-01 7.753822279313813404e-01 7.668316222924537184e-01 1.655639015144456661e-01 8.139806373763531777e-01 6.911084384361800836e-01 2.997607607060249202e-01 4.064327988643748890e-01 5.624353955006269334e-01 7.128663784887661059e-01 3.478166538472509672e-01 2.575866789132993384e-01 5.727987195447463709e-01 4.364035627151552355e-01 6.746056695928784874e-01 5.258720191353101203e-01 9.017572056357084920e-01 3.255429543177590368e-01 6.898270048762318307e-01 5.824116297794759145e-01 4.763270406606757712e-01
2.103503809326121576e-01 6.489335665614502924e-01 6.566388082974128348e-01 5.788232271271982476e-01 5.539952232464937509e-01 7.472797485244901949e-01 1.940508588142589863e-01 0.000000000000000000e+00 2.783177996686271305e-01 4.220500779008717895e-01 5.141210887081318903e-01 8.117677074503746315e-01 6.562020457174224664e-01 5.713353025686380704e-01 3.754158850674769177e-01 5.932481204031487820e-01 5.761120887217505704e-01 5.187863009571600514e-01 6.902090206945959983e-01 6.723019677580944764e-01 4.632656126472236569e-01 1.061007224176961916e-01 9.032075461811064354e-01 4.382788441442147520e-01 7.170247205953472758e-01 2.279814125500930766e-01 7.126018464238335071e-01 7.160817626329901708e-01 4.792378818893696102e-01 4.930641737528983493e-01 4.370933472940844444e-01 8.179887049200927907e-01 9.007360215681932125e-01 6.566562748112505510e-01 3.975401185314589303e-01
7.373612067356658528e-01 4.834613091403722751e-01 2.417807936517165079e-01 5.188766945807161690e-01 7.585821143034596759e-01 4.659877936461469528e-01 8.680956320862074360e-01 2.783177996686271305e-01 0.000000000000000000e+00 4.133343512390431074e-01 7.291991443705130305e-01 4.387925115669588649e-01 4.074445137048416932e-01 2.982587639598894835e-01 5.442650400948698675e-01 6.900510165596278611e-01 5.865352398061797201e-01 5.162639317828139340e-01 8.063284183105883240e-01 4.638983421780089600e-01 8.919234567097549249e-01 1.337529050880466031e-01 1.150771301310671291e-01 5.341230425168603801e-01 2.875712255100959513e-01 5.001398223631451367e-01 3.866525368226809700e-01 8.510516119705977545e-01 6.864446253178013713e-01 5.798759797372090574e-01 5.143497738850499879e-01 7.059872048275628309e-01 8.557296854913616357e-01 1.763469057770858384e-01 4.472122759536318326e-01
6.109468180484625144e-01 3.994981953050876777e-01 3.318012698195587085e-01 6.609750335263648857e-01 6.554032707583837825e-01 4.762460728875040905e-01 2.730010878157540510e-01 4.220500779008717895e-01 4.133343512390431074e-01 0.000000000000000000e+00 3.658587417768848216e-01 4.551181827730536589e-01 7.569054363338649782e-01 5.070591312930018413e-01 4.986084254533549864e-01 1.607990325674926169e-01 5.211072202156390443e-01 7.191314963811801242e-01 7.404355280505978687e-01 6.767297980468602869e-01 4.842148811181584689e-01 5.359299306749043534e-01 8.699465363588047007e-01 6.705092508244906435e-01 3.884243081368687900e-01 6.779354069633785063e-01 6.394718124462410724e-01 6.054355886606196391e-01 5.512441053785674949e-01 1.455665909517616097e-01 6.063569995859383610e-01 1.630054908604885444e-01 4.601229771256268308e-01 2.784268128203386539e-01 4.358381931363648487e-01
8.807605915123775109e-01 5.623436676897051179e-01 2.529918889228621737e-01 2.981240675011167518e-01 4.127029920210371072e-01 6.585301956779190391e-01 4.218850501873994130e-01 5.141210887081318903e-01 7.291991443705130305e-01 3.658587417768848216e-01 0.000000000000000000e+00 2.723573353915034190e-01 2.310432231785227719e-01 7.341803373275812561e-01 8.641648531739474226e-01 5.543390063802995371e-01 5.335269947978735772e-01 4.384673938111052216e-01 4.112023098040008540e-01 4.837827698282578526e-01 7.259262489940132568e-02 5.149628217948112319e-01 4.892801191074245271e-01 7.755712105108909515e-01 7.502446932898108045e-01 4.359353425124070647e-01 2.300951341169065190e-01 4.329434338654543080e-01 7.370940909527339269e-01 2.689580541546350290e-01 4.325031418874442091e-01 5.334049971639798216e-01 3.951459931793702141e-01 9.480944303430045572e-01 5.085398558324667473e-01
6.241871547386305119e-01 3.001943148957074148e-01 9.616216825112164912e-01 6.335431206798745052e-01 6.112459910966746568e-01 6.342026864913201667e-01 6.476937539104989927e-01 8.117677074503746315e-01 4.387925115669588649e-01 4.551181827730536589e-01 2.723573353915034190e-01 0.000000000000000000e+00 2.468190772872553840e-01 3.731949544789162632e-01 7.475402311744283601e-01 5.303620149460522848e-01 8.014648959321568622e-01 3.430136452690691895e-01 4.522836405290882045e-01 5.152753385368536998e-01 4.644436364440892029e-01 5.108859702467616337e-02 3.127490647775730270e-01 5.816708463345512392e-01 5.283822263309860823e-01 6.272408403231877205e-01 2.034762488799828350e-01 3.889645046128231698e-02 3.113449984135604476e-01 1.366707027833151677e-01 2.243004543143279905e-01 8.537280350975354759e-01 7.887616004310724627e-01 1.889274169823735861e-01 1.406099049896486486e-01
7.780098958121315356e-01 4.202105170670203393e-01 5.731364587238036989e-01 4.770106968772067635e-01 5.339817782108211563e-01 5.441679635232268275e-01 4.822344856896511045e-01 6.562020457174224664e-01 4.074445137048416932e-01 7.569054363338649782e-01 2.310432231785227719e-01 2.468190772872553840e-01 0.000000000000000000e+00 1.082267326697237131e-01 8.515163347583637465e-01 5.078146164201248203e-01 7.581913451790067704e-01 7.032767316717303263e-02 4.776586724402053785e-01 6.082756710015132517e-01 8.048989993928814535e-01 3.716985446444154295e-02 8.560872588844559150e-01 4.619552453955329541e-01 4.546301646405788155e-01 4.927668026088977693e-01 5.000186507326196406e-01 8.060858153488680289e-01 4.152020225939528908e-01 6.606070781621496968e-01 7.806916351711847835e-01 7.429645025521548485e-01 3.432086579344398869e-01 7.464938249843079410e-01 5.910547214940744531e-01
1.151948075423485096e-01 6.121581078777583729e-01 8.761710130875026703e-01 5.594963468828036968e-01 4.499713189652284062e-01 4.482246452247234947e-01 8.340102650120904126e-01 5.713353025686380704e-01 2.982587639598894835e-01 5.070591312930018413e-01 7.341803373275812561e-01 3.731949544789162632e-01 1.082267326697237131e-01 0.000000000000000000e+00 4.184881360817934715e-01 3.726490394446965171e-01 5.914018364031262687e-01 6.191758649720209284e-01 3.429768268243141294e-01 1.029815805712915866e-01 4.204504610374861229e-01 7.749515877874182390e-01 8.266574587735657786e-01 6.397802226985788154e-01 6.899004963387626033e-01 3.658396889394312512e-01 2.404721038749838558e-01 4.619469346592443570e-01 4.088943283578729271e-01 8.494971391086799661e-01 4.185012895329789373e-01 7.327736815107142032e-01 4.960989810398314104e-01 5.322733229035290226e-01 1.873045174090643972e-01
2.785855114219639717e-01 4.602799217411858157e-01 5.827218740629991345e-01 7.983081050645639554e-01 4.914815885371361937e-01 7.227363232643881918e-01 3.505439166677002394e-01 3.754158850674769177e-01 5.442650400948698675e-01 4.986084254533549864e-01 8.641648531739474226e-01 7.475402311744283601e-01 8.515163347583637465e-01 4.184881360817934715e-01 0.000000000000000000e+00 4.104156813646578916e-01 5.062949989184455379e-01 4.997162990824987605e-01 6.368506781533292971e-01 3.221944424498380810e-01 4.764855071746038062e-01 2.979354693362327167e-01 4.356657838914806957e-01 6.055281277886279678e-01 5.685281627491973744e-01 4.088455108826367645e-01 6.841304681227323714e-01 4.917806366928822448e-01 5.705764992100134103e-01 6.569625561208271014e-01 1.719216369112175347e-01 6.437644663809519718e-01 4.428399485996570850e-01 8.388675935421046059e-01 8.667720696464118468e-01
8.871965931788849957e-01 6.047581574626591516e-01 6.636727660974111043e-01 2.205514784617089719e-01 5.211307655182998433e-01 3.488972691554529382e-01 7.753822279313813404e-01 5.932481204031487820e-01 6.900510165596278611e-01 1.607990325674926169e-01 5.543390063802995371e-01 5.303620149460522848e-01 5.078146164201248203e-01 3.726490394446965171e-01 4.104156813646578916e-01 0.000000000000000000e+00 5.649708064055135592e-01 4.813830641412186750e-01 2.176577324846422634e-01 7.200411456345938710e-01 6.491474634179932313e-01 4.807691423581197387e-01 6.503563953738766834e-01 6.303605326866412728e-01 2.187756632567949833e-01 8.222323335107586395e-01 3.030805750495487727e-01 1.727346706675990107e-01 4.018857690885116463e-01 2.906963694611882643e-01 6.629034744230715148e-01 5.508957679098569482e-02 5.050025469646184373e-01 3.566972426285283104e-01 6.208660293716388168e-01
7.492292075418205410e-01 5.971665337053313483e-01 4.131026013603226743e-01 5.172364775404680870e-01 5.969043837779792749e-01 4.462836434774473671e-01 7.668316222924537184e-01 5.761120887217505704e-01 5.865352398061797201e-01 5.211072202156390443e-01 5.335269947978735772e-01 8.014648959321568622e-01 7.581913451790067704e-01 5.914018364031262687e-01 5.062949989184455379e-01 5.649708064055135592e-01 0.000000000000000000e+00 3.826344740631359986e-01 5.217503077102733089e-01 2.452375821623792307e-01 4.820387940189028164e-01 7.123772235016483378e-01 4.462475326068088277e-01 6.310952305980530586e-01 4.214878070829469747e-01 4.100330638780764203e-01 5.166753775097450152e-01 6.483086617956761444e-01 9.072798666819043012e-01 2.880225968917694557e-01 5.230730297280871133e-01 6.746970724529935959e-01 3.396666534116808966e-01 7.141548220042626127e-01 4.980681667207138563e-01
1.208234022769877347e-01 3.875805492478967551e-01 4.004837989393028597e-01 8.699040153184001145e-02 6.651379437328488464e-01 1.756260664712390174e-01 1.655639015144456661e-01 5.187863009571600514e-01 5.162639317828139340e-01 7.191314963811801242e-01 4.384673938111052216e-01 3.430136452690691895e-01 7.032767316717303263e-02 6.191758649720209284e-01 4.997162990824987605e-01 4.813830641412186750e-01 3.826344740631359986e-01 0.000000000000000000e+00 5.308373123922499603e-01 1.972984114548492762e-01 5.507804745638753552e-01 4.166716823757529164e-01 9.285388762376201033e-02 5.736466572151113219e-01 6.012453573901872517e-01 3.944114406381609150e-01 6.681919594700480580e-01 5.412100019375021276e-01 8.224248103746500949e-01 3.594044328650101705e-01 8.353363236815329884e-01 4.445697396131691459e-01 6.123153753242243091e-01 2.662880732478596912e-01 7.118211214513413543e-01
3.367714726747059739e-01 3.975636143084849694e-01 3.050581474227285206e-01 4.371577368255312734e-01 2.270553172342546500e-01 8.232532116009353418e-01 8.139806373763531777e-01 6.902090206945959983e-01 8.063284183105883240e-01 7.404355280505978687e-01 4.112023098040008540e-01 4.522836405290882045e-01 4.776586724402053785e-01 3.429768268243141294e-01 6.368506781533292971e-01 2.176577324846422634e-01 5.217503077102733089e-01 5.308373123922499603e-01 0.000000000000000000e+00 6.224720060983290892e-02 3.776566857723742121e-01 6.470383435132959216e-01 1.679140716505799213e-01 1.422625007947181386e-01 8.041540021874440392e-01 8.814527593803600514e-02 6.047054511627384388e-01 7.856149048947151936e-01 7.082543825748617294e-01 8.139268570109143841e-01 2.011197469496928680e-01 2.229658265127795191e-01 4.300762087580973780e-01 2.815064020070424666e-01 6.095966247697338636e-01
6.551229362891908270e-01 2.365993877916689470e-01 8.316981445601867584e-01 1.529142022517404609e-01 5.164904982673612643e-01 6.303001983606550951e-01 6.911084384361800836e-01 6.723019677580944764e-01 4.638983421780089600e-01 6.767297980468602869e-01 4.837827698282578526e-01 5.152753385368536998e-01 6.082756710015132517e-01 1.029815805712915866e-01 3.221944424498380810e-01 7.200411456345938710e-01 2.452375821623792307e-01 1.972984114548492762e-01 6.224720060983290892e-02 0.000000000000000000e+00 7.208514305334736694e-01 4.397083247973282982e-01 6.180744227205388075e-01 5.854191517114828436e-01 6.486047417035174512e-01 4.700604319679637655e-01 5.838314809865745580e-01 1.946960653149976128e-01 2.254458004457463582e-01 5.122836041265921292e-02 6.647595364820784170e-01 1.854426777156982231e-01 2.343273350821400425e-01 9.074346061877689440e-01 3.187483942647301172e-01
4.782913066203666186e-01 2.991806878766073430e-01 5.818353369056041835e-01 7.839557729071677805e-02 5.684729036346147790e-02 8.242288089387730388e-01 2.997607607060249202e-01 4.632656126472236569e-01 8.919234567097549249e-01 4.842148811181584689e-01 7.259262489940132568e-02 4.644436364440892029e-01 8.048989993928814535e-01 4.204504610374861229e-01 4.764855071746038062e-01 6.491474634179932313e-01 4.820387940189028164e-01 5.507804745638753552e-01 3.776566857723742121e-01 7.208514305334736694e-01 0.000000000000000000e+00 5.635721508644933042e-01 7.844974127297263955e-01 7.997551926927268795e-01 8.677246573319383760e-01 6.693040899862445769e-01 5.345801582312424971e-01 5.612057093265341301e-01 3.098958623903903531e-01 7.176781978690272012e-02 7.134363266145973270e-01 5.669150080371954115e-01 3.995629739421869830e-01 1.992965612381043528e-01 6.800855157638113768e-01
6.406499492061553669e-01 2.909898227174479990e-01 3.404130764809841225e-01 4.689287145455726113e-01 4.137155543605876562e-01 7.599548777168573244e-01 4.064327988643748890e-01 1.061007224176961916e-01 1.337529050880466031e-01 5.359299306749043534e-01 5.149628217948112319e-01 5.108859702467616337e-02 3.716985446444154295e-02 7.749515877874182390e-01 2.979354693362327167e-01 4.807691423581197387e-01 7.123772235016483378e-01 4.166716823757529164e-01 6.470383435132959216e-01 4.397083247973282982e-01 5.635721508644933042e-01 0.000000000000000000e+00 2.777074321820766634e-01 4.692042200904973370e-01 5.650204756562701158e-01 8.532882238673744624e-02 8.336985308945463746e-01 6.641924093543187801e-01 3.400757104625973248e-01 8.278414733001177028e-01 5.356974698913390398e-01 3.000617406968792977e-01 8.673402391324277483e-01 7.067000932470712815e-01 5.363785825093582149e-01
5.845100541711416575e-01 5.940818840314412430e-01 5.965689277280363800e-01 6.782109624415380011e-01 4.432042198050700210e-01 5.936819586864794385e-01 5.624353955006269334e-01 9.032075461811064354e-01 1.150771301310671291e-01 8.699465363588047007e-01 4.892801191074245271e-01 3.127490647775730270e-01 8.560872588844559150e-01 8.266574587735657786e-01 4.356657838914806957e-01 6.503563953738766834e-01 4.462475326068088277e-01 9.285388762376201033e-02 1.679140716505799213e-01 6.180744227205388075e-01 7.844974127297263955e-01 2.777074321820766634e-01 0.000000000000000000e+00 7.889281562557679539e-01 3.564889407671247845e-01 4.464217109823381824e-01 3.451266040819065406e-01 7.491539527456196890e-01 4.701708478219501774e-01 4.103966666999771529e-01 6.931407671300919837e-01 5.544871596269387304e-01 4.461167026576151606e-01 5.278461254304762651e-01 8.301706035766075464e-01
4.844029096203934515e-01 2.325168522969283114e-01 7.413757749242928519e-01 5.845714026559527543e-01 7.644395960025497372e-01 2.819962955949717465e-01 7.128663784887661059e-01 4.382788441442147520e-01 5.341230425168603801e-01 6.705092508244906435e-01 7.755712105108909515e-01 5.816708463345512392e-01 4.619552453955329541e-01 6.397802226985788154e-01 6.055281277886279678e-01 6.303605326866412728e-01 6.310952305980530586e-01 5.736466572151113219e-01 1.422625007947181386e-01 5.854191517114828436e-01 7.997551926927268795e-01 4.692042200904973370e-01 7.889281562557679539e-01 0.000000000000000000e+00 2.744574287550624603e-01 7.885359342979256780e-01 6.219307515385624763e-01 6.785807461544366426e-01 8.982560544479103459e-01 7.773445845852435809e-01 5.678751789185065846e-01 7.462177225535653324e-01 6.159052998217904307e-01 4.665356554943892453e-01 3.469424909437376359e-01
1.076258681776850468e-01 4.751063455126763313e-01 6.809702037298379640e-01 5.783264535146738217e-01 4.274077962851516865e-01 4.167926425691708681e-01 3.478166538472509672e-01 7.170247205953472758e-01 2.875712255100959513e-01 3.884243081368687900e-01 7.502446932898108045e-01 5.283822263309860823e-01 4.546301646405788155e-01 6.899004963387626033e-01 5.685281627491973744e-01 2.187756632567949833e-01 4.214878070829469747e-01 6.012453573901872517e-01 8.041540021874440392e-01 6.486047417035174512e-01 8.677246573319383760e-01 5.650204756562701158e-01 3.564889407671247845e-01 2.744574287550624603e-01 0.000000000000000000e+00 5.619792751762315852e-01 3.537439947969147624e-01 4.318057025291933693e-01 3.192379822801847400e-01 1.949609970374912571e-01 7.051755781385921074e-01 3.629672828652106276e-01 6.910153935253134927e-01 3.990516392254014333e-01 4.984008251003017587e-01
2.846068493332073457e-01 3.080436035209804801e-01 1.616364411626594055e-01 3.832126780202246286e-01 6.504388511966572306e-01 4.629686707761635489e-01 2.575866789132993384e-01 2.279814125500930766e-01 5.001398223631451367e-01 6.779354069633785063e-01 4.359353425124070647e-01 6.272408403231877205e-01 4.927668026088977693e-01 3.658396889394312512e-01 4.088455108826367645e-01 8.222323335107586395e-01 4.100330638780764203e-01 3.944114406381609150e-01 8.814527593803600514e-02 4.700604319679637655e-01 6.693040899862445769e-01 8.532882238673744624e-02 4.464217109823381824e-01 7.885359342979256780e-01 5.619792751762315852e-01 0.000000000000000000e+00 6.313352717426721217e-01 2.649765970735706855e-01 4.611360782034095163e-01 5.726806474940411285e-01 6.742649298367807686e-01 4.915676744094244488e-01 2.760648997031570628e-01 7.866390632326454302e-01 1.421796171521243490e-01
4.458770730071934807e-01 7.720804239151923820e-02 7.472082887591421363e-01 4.439394157166935972e-01 3.154304130118993355e-01 2.641448554787383385e-01 5.727987195447463709e-01 7.126018464238335071e-01 3.866525368226809700e-01 6.394718124462410724e-01 2.300951341169065190e-01 2.034762488799828350e-01 5.000186507326196406e-01 2.404721038749838558e-01 6.841304681227323714e-01 3.030805750495487727e-01 5.166753775097450152e-01 6.681919594700480580e-01 6.047054511627384388e-01 5.838314809865745580e-01 5.345801582312424971e-01 8.336985308945463746e-01 3.451266040819065406e-01 6.219307515385624763e-01 3.537439947969147624e-01 6.313352717426721217e-01 0.000000000000000000e+00 4.198291748303206727e-01 4.193291327509860444e-01 3.434412121232761628e-01 7.631167782159611335e-01 7.912807671590906811e-01 5.761206752294991684e-01 2.406933933259781666e-01 4.715677221609444469e-01
4.124166751427946753e-01 4.228476524347234422e-01 3.226247609799332006e-01 6.651148172425772609e-01 4.363735724726335308e-01 5.090018662954169937e-01 4.364035627151552355e-01 7.160817626329901708e-01 8.510516119705977545e-01 6.054355886606196391e-01 4.329434338654543080e-01 3.889645046128231698e-02 8.060858153488680289e-01 4.619469346592443570e-01 4.917806366928822448e-01 1.727346706675990107e-01 6.483086617956761444e-01 5.412100019375021276e-01 7.856149048947151936e-01 1.946960653149976128e-01 5.612057093265341301e-01 6.641924093543187801e-01 7.491539527456196890e-01 6.785807461544366426e-01 4.318057025291933693e-01 2.649765970735706855e-01 4.198291748303206727e-01 0.000000000000000000e+00 1.368859041793289988e-01 4.992556266181060742e-01 7.599672755052810924e-01 6.765890674422120332e-01 5.604938112816666429e-01 7.695201481292014423e-01 2.998273077041342938e-01
7.533043411750334206e-01 2.554809552682568707e-01 5.992240936677661889e-01 3.170633313260337593e-01 5.724252529441623549e-01 4.018985701053195414e-01 6.746056695928784874e-01 4.792378818893696102e-01 6.864446253178013713e-01 5.512441053785674949e-01 7.370940909527339269e-01 3.113449984135604476e-01 4.152020225939528908e-01 4.088943283578729271e-01 5.705764992100134103e-01 4.018857690885116463e-01 9.072798666819043012e-01 8.224248103746500949e-01 7.082543825748617294e-01 2.254458004457463582e-01 3.098958623903903531e-01 3.400757104625973248e-01 4.701708478219501774e-01 8.982560544479103459e-01 3.192379822801847400e-01 4.611360782034095163e-01 4.193291327509860444e-01 1.368859041793289988e-01 0.000000000000000000e+00 7.819056915930199247e-01 6.661601702028518979e-01 6.651774734546883616e-01 4.250393321095448096e-01 7.209829604650068724e-01 5.928003425292838191e-01
5.649501582973850411e-01 2.188839510234817376e-01 5.384723395501302967e-01 5.287203197866265914e-01 5.365914519727600362e-01 6.199261912866875779e-01 5.258720191353101203e-01 4.930641737528983493e-01 5.798759797372090574e-01 1.455665909517616097e-01 2.689580541546350290e-01 1.366707027833151677e-01 6.606070781621496968e-01 8.494971391086799661e-01 6.569625561208271014e-01 2.906963694611882643e-01 2.880225968917694557e-01 3.594044328650101705e-01 8.139268570109143841e-01 5.122836041265921292e-02 7.176781978690272012e-02 8.278414733001177028e-01 4.103966666999771529e-01 7.773445845852435809e-01 1.949609970374912571e-01 5.726806474940411285e-01 3.434412121232761628e-01 4.992556266181060742e-01 7.819056915930199247e-01 0.000000000000000000e+00 4.820276510915120216e-01 1.120226859944828401e-01 4.510476281509426810e-01 8.434431581281945922e-01 5.294658555304846415e-01
5.982363909463181972e-01 5.178582758409695508e-01 6.281621143348538050e-01 2.830708201431616500e-01 3.913321304128931644e-01 4.373721128858251150e-01 9.017572056357084920e-01 4.370933472940844444e-01 5.143497738850499879e-01 6.063569995859383610e-01 4.325031418874442091e-01 2.243004543143279905e-01 7.806916351711847835e-01 4.185012895329789373e-01 1.719216369112175347e-01 6.629034744230715148e-01 5.230730297280871133e-01 8.353363236815329884e-01 2.011197469496928680e-01 6.647595364820784170e-01 7.134363266145973270e-01 5.356974698913390398e-01 6.931407671300919837e-01 5.678751789185065846e-01 7.051755781385921074e-01 6.742649298367807686e-01 7.631167782159611335e-01 7.599672755052810924e-01 6.661601702028518979e-01 4.820276510915120216e-01 0.000000000000000000e+00 1.791511749022660083e-01 5.570334442629047977e-01 3.959565760767305154e-01 7.092818783286178874e-01
6.611673694203172857e-01 2.014752916392225091e-01 8.150060210648947256e-01 7.842539634141325600e-01 6.685146938053925236e-01 8.681145200230913073e-01 3.255429543177590368e-01 8.179887049200927907e-01 7.059872048275628309e-01 1.630054908604885444e-01 5.334049971639798216e-01 8.537280350975354759e-01 7.429645025521548485e-01 7.327736815107142032e-01 6.437644663809519718e-01 5.508957679098569482e-02 6.746970724529935959e-01 4.445697396131691459e-01 2.229658265127795191e-01 1.854426777156982231e-01 5.669150080371954115e-01 3.000617406968792977e-01 5.544871596269387304e-01 7.462177225535653324e-01 3.629672828652106276e-01 4.915676744094244488e-01 7.912807671590906811e-01 6.765890674422120332e-01 6.651774734546883616e-01 1.120226859944828401e-01 1.791511749022660083e-01 0.000000000000000000e+00 5.648790712285058913e-01 7.636894043939939092e-01 6.370158048260191608e-01
7.772170928738265649e-01 9.209296014324704904e-01 8.045151329207116397e-01 8.835033803640841565e-01 3.150477689825120220e-01 3.755264186077011956e-01 6.898270048762318307e-01 9.007360215681932125e-01 8.557296854913616357e-01 4.601229771256268308e-01 3.951459931793702141e-01 7.887616004310724627e-01 3.432086579344398869e-01 4.960989810398314104e-01 4.428399485996570850e-01 5.050025469646184373e-01 3.396666534116808966e-01 6.123153753242243091e-01 4.300762087580973780e-01 2.343273350821400425e-01 3.995629739421869830e-01 8.673402391324277483e-01 4.461167026576151606e-01 6.159052998217904307e-01 6.910153935253134927e-01 2.760648997031570628e-01 5.761206752294991684e-01 5.604938112816666429e-01 4.250393321095448096e-01 4.510476281509426810e-01 5.570334442629047977e-01 5.648790712285058913e-01 0.000000000000000000e+00 2.269642948400115712e-01 3.394998621159091012e-01
3.918184228675396508e-01 7.771603328026468471e-01 4.949006778813196394e-01 9.391446833488279466e-01 4.635588000252394147e-01 5.047726866732162865e-01 5.824116297794759145e-01 6.566562748112505510e-01 1.763469057770858384e-01 2.784268128203386539e-01 9.480944303430045572e-01 1.889274169823735861e-01 7.464938249843079410e-01 5.322733229035290226e-01 8.388675935421046059e-01 3.566972426285283104e-01 7.141548220042626127e-01 2.662880732478596912e-01 2.815064020070424666e-01 9.074346061877689440e-01 1.992965612381043528e-01 7.067000932470712815e-01 5.278461254304762651e-01 4.665356554943892453e-01 3.990516392254014333e-01 7.866390632326454302e-01 2.406933933259781666e-01 7.695201481292014423e-01 7.209829604650068724e-01 8.434431581281945922e-01 3.959565760767305154e-01 7.636894043939939092e-01 2.269642948400115712e-01 0.000000000000000000e+00 3.543815787101539660e-01
9.154824885661361211e-01 3.660151873918936483e-01 6.727320987825191612e-01 8.644434757809688064e-01 5.803947910117399633e-01 9.832308372820679487e-01 4.763270406606757712e-01 3.975401185314589303e-01 4.472122759536318326e-01 4.358381931363648487e-01 5.085398558324667473e-01 1.406099049896486486e-01 5.910547214940744531e-01 1.873045174090643972e-01 8.667720696464118468e-01 6.208660293716388168e-01 4.980681667207138563e-01 7.118211214513413543e-01 6.095966247697338636e-01 3.187483942647301172e-01 6.800855157638113768e-01 5.363785825093582149e-01 8.301706035766075464e-01 3.469424909437376359e-01 4.984008251003017587e-01 1.421796171521243490e-01 4.715677221609444469e-01 2.998273077041342938e-01 5.928003425292838191e-01 5.294658555304846415e-01 7.092818783286178874e-01 6.370158048260191608e-01 3.394998621159091012e-01 3.543815787101539660e-01 0.000000000000000000e+00
