0.000000000000000000e+00 5.454274264041201192e-01 8.744525101433079373e-01 5.125517996697475098e-01 5.607785990538275422e-01 6.019258194613702484e-01 5.738353775289686265e-01 8.863566145500498816e-01 6.719247349427682758e-01 8.205376572426057447e-01 4.487287032390754327e-01 5.190011742209275081e-01 8.257801612182746887e-01 6.709341879846051349e-01 7.389330924266708234e-01 5.673486868729148425e-01 6.874242522066902339e-01 5.776491111217429975e-01 5.305429853573304655e-01 7.903487873654289064e-01 5.150716289686669835e-01 6.633890505082971067e-01 9.068997544096526475e-01 1.221094549418466624e-01 4.533144266537877387e-01 3.732498972469009413e-01 7.643688323191988321e-01 2.839570785147318421e-01 8.535052295068810135e-01 5.988555232498278258e-01 5.556172099346339266e-01 9.454370180482414288e-01 7.584132098662590415e-01 8.945474430083477646e-01 6.929249858640236237e-01
5.454274264041201192e-01 0.000000000000000000e+00 5.654983704349436646e-01 3.688333555981253564e-01 3.578771025912833581e-01 1.159723797983557292e-01 3.711119352636776392e-01 5.635538224482423697e-01 3.564403555615254238e-01 3.144509037107087734e-01 1.194131087062816343e-01 4.237866832582752319e-01 6.879255286654074597e-01 7.716761899833781690e-01 2.468046472980802708e-01 2.176468769246272528e-01 7.126878948182833184e-01 3.555212424939027116e-01 4.853325143667541752e-01 5.744014555918821596e-01 3.131445556066609903e-01 4.893258230276446019e-01 9.337806413970168862e-01 4.643865488766641403e-01 9.230966102023587805e-01 6.456945202203104861e-01 3.248979373399157877e-01 7.362659041026725637e-01 7.107199529086971612e-01 3.038006903227834510e-01 7.384228809765938095e-01 5.488668908060763130e-01 1.894809976002298502e-02 6.422755592963906857e-01 7.330303499735735251e-01
8.744525101433079373e-01 5.654983704349436646e-01 0.000000000000000000e+00 4.712936643479179732e-01 4.256973012919273991e-01 7.122936533822568084e-01 7.885062307941387294e-01 2.591949913259244953e-01 4.105641270182079916e-01 4.333988437795225357e-01 4.976035369905320582e-01 4.972500306670157855e-01 8.940377812532318558e-02 2.486208308543755574e-01 4.935394548742385035e-01 4.819816445481679423e-01 1.077194562211485351e-01 1.864629140707522725e-01 2.517122169952911159e-01 9.170824234180821044e-01 4.372108234810933025e-01 7.818710343721781975e-01 6.951377779214835684e-01 4.653081488898558327e-01 3.928889427559187908e-01 4.969543566823806380e-01 8.692588643379339786e-02 5.931606673499278948e-02 5.565515512138405896e-01 2.226274109333583884e-01 9.425886330804332802e-01 5.151934755037461677e-01 1.946441173936208635e-01 5.954318192801988374e-01 6.619169734509097180e-01
5.125517996697475098e-01 3.688333555981253564e-01 4.712936643479179732e-01 0.000000000000000000e+00 5.666358796094195238e-01 2.398980801942146579e-01 7.618793126094867141e-01 4.492768424507687652e-01 5.636515520699927340e-01 4.611664975065776773e-02 5.622798647001990835e-01 1.010164697570270498e-02 7.695602362141468200e-01 5.846206931047974731e-01 7.800247161563282905e-01 4.272698144901396211e-01 8.131343452956104612e-01 3.407381483066600492e-01 3.192627452670637189e-01 6.959138733261654997e-01 1.260815473596865743e-01 7.094030272483298205e-01 7.625763671290077816e-01 6.358605605450071696e-01 5.532524839656262072e-01 3.368229213286257906e-01 5.017866431753763568e-01 4.778657549022550244e-01 5.313251842094710575e-01 7.144468718829282139e-01 4.473306221684436035e-01 3.510876910552109820e-01 4.195900024296878028e-01 4.394699540025662765e-01 6.411991707671733653e-01
5.607785990538275422e-01 3.578771025912833581e-01 4.256973012919273991e-01 5.666358796094195238e-01 0.000000000000000000e+00 3.735344699412842528e-01 6.436553348597593427e-01 9.643938981443884728e-01 3.059034788974469565e-01 5.578847017890840032e-01 9.272288644022281812e-01 5.816909163376793312e-01 6.329220983353647245e-01 7.899533260541787838e-01 4.856504765611401320e-01 8.036838390071925353e-01 5.193311179242952047e-01 6.116894416332869788e-01 4.922257866162498829e-01 7.662510447070969288e-01 6.187519042347434661e-01 7.677403782741099025e-01 6.230037854470881209e-01 6.846988982515003208e-01 3.064618392161498894e-01 2.896325689513661317e-01 3.740509608317518775e-01 8.435950074841396251e-01 5.880783571540256771e-01 7.134334592923312623e-01 4.106167154423560062e-01 4.561869564123320897e-01 7.328467907295066475e-02 7.333903118380989961e-01 5.824073946531552748e-01
6.019258194613702484e-01 1.159723797983557292e-01 7.122936533822568084e-01 2.398980801942146579e-01 3.735344699412842528e-01 0.000000000000000000e+00 8.413882092453121020e-01 3.982743622559527519e-01 3.832805429431821453e-01 6.749207063225979297e-01 4.414392542028975353e-01 7.026871559691628688e-01 4.715912202389542784e-01 7.594786237270798601e-01 7.380944986292679033e-01 2.925943211957708900e-01 3.966229280375168642e-01 4.594966756740870850e-01 4.877427074760767867e-01 2.116257377795582872e-01 3.297967194316255846e-01 1.381663973558038272e-01 3.190205924318385566e-01 4.455471009421125839e-01 9.048397355915854812e-01 8.284979041754109153e-01 7.836261727545890121e-01 4.335026610586062978e-01 4.220815587554676562e-01 9.422598748848105554e-01 3.212834388669323360e-01 3.025950932310641495e-01 2.277907854541448840e-01 4.884693854608231356e-01 5.348752284769864307e-01
5.738353775289686265e-01 3.711119352636776392e-01 7.885062307941387294e-01 7.618793126094867141e-01 6.436553348597593427e-01 8.413882092453121020e-01 0.000000000000000000e+00 6.919039682623726595e-01 4.973118288651313113e-01 4.096631779557192710e-01 7.414092109438955580e-01 2.964852920087935884e-01 5.637584389049747902e-01 5.390914398618458225e-01 2.931040734377012291e-01 8.488852495197791725e-01 3.972367574809638757e-01 4.926330891907375609e-01 7.177544647602485117e-02 5.948806853324788424e-01 2.532894323946739412e-01 8.970559725812110585e-01 3.713940871776182373e-01 3.391760851105793950e-01 4.919842466570529815e-01 8.123920814587733963e-01 2.221463455115642582e-01 6.420636846413769749e-01 6.299797033813577807e-01 5.242321005515737653e-01 6.520635260591614024e-01 3.466091325742748364e-01 8.298913982561494374e-01 4.523270701231419944e-01 4.688015690562848947e-01
8.863566145500498816e-01 5.635538224482423697e-01 2.591949913259244953e-01 4.492768424507687652e-01 9.643938981443884728e-01 3.982743622559527519e-01 6.919039682623726595e-01 0.000000000000000000e+00 5.929064618803256970e-01 5.882120993153754362e-01 6.408294770419705744e-01 2.239320023024490847e-01 3.163506204546619460e-01 3.604195580039223357e-01 4.581924959769735350e-01 3.843213333098815521e-01 5.263810556995923706e-01 5.840504170828531016e-01 2.000725561147279619e-01 4.514934098867594559e-01 5.865356046243755950e-01 3.709000065661059442e-01 3.384937124677274145e-01 7.135350078032386412e-01 7.696039094154809579e-01 2.372568385982052330e-01 6.349846295597778578e-01 9.642153685962853160e-01 5.021487029272823088e-01 4.586164126871833946e-01 2.484612616148638153e-01 5.949385783645395609e-01 3.630869818397355342e-01 8.631853112141862905e-01 8.552997009146651175e-01
6.719247349427682758e-01 3.564403555615254238e-01 4.105641270182079916e-01 5.636515520699927340e-01 3.059034788974469565e-01 3.832805429431821453e-01 4.973118288651313113e-01 5.929064618803256970e-01 0.000000000000000000e+00 3.427427553886500666e-01 1.400114774855691913e-01 5.094830224567554744e-01 4.492328242508115688e-01 5.284808399731870665e-01 8.746045647570346304e-01 4.666399171971985504e-01 1.902095581731860774e-01 8.014409158880992923e-01 5.021435631973589775e-01 2.021192435058031256e-01 2.590479466785768903e-01 5.242606715962259134e-01 4.409592246090895395e-01 9.003057827693234927e-01 7.220503042576773556e-01 4.521495927187205721e-01 5.201587500398530128e-01 5.503479627137684016e-01 7.590326853489999248e-01 1.267885661260086394e-01 7.069551763571710890e-01 5.169715125071466799e-01 5.604332234006976776e-01 8.489970509210504890e-01 7.396989839469670924e-01
8.205376572426057447e-01 3.144509037107087734e-01 4.333988437795225357e-01 4.611664975065776773e-02 5.578847017890840032e-01 6.749207063225979297e-01 4.096631779557192710e-01 5.882120993153754362e-01 3.427427553886500666e-01 0.000000000000000000e+00 4.316878240005768697e-01 2.706911033597849681e-01 6.618160195328558482e-01 2.083733183398720490e-01 7.914574352656669198e-01 4.205288489468643198e-01 2.801249477730143322e-01 4.704117437952622938e-01 7.372991086594851140e-01 3.348068152329028435e-01 8.156770568923997766e-01 2.457346485759994703e-01 7.502126582516814857e-01 4.461353095050384354e-01 3.953211544565693458e-01 6.103512719170069989e-01 6.329565824033209775e-01 2.812241990740003139e-01 4.862801198734297281e-01 4.217594755087130665e-01 7.437726853668272797e-01 4.518478567065192242e-01 8.316799290699344871e-01 6.885834758551994117e-01 4.588285379647605855e-01
4.487287032390754327e-01 1.194131087062816343e-01 4.976035369905320582e-01 5.622798647001990835e-01 9.272288644022281812e-01 4.414392542028975353e-01 7.414092109438955580e-01 6.408294770419705744e-01 1.400114774855691913e-01 4.316878240005768697e-01 0.000000000000000000e+00 5.870022250432158639e-01 4.522382627766122765e-01 5.289396479983909938e-01 7.582991326466382853e-01 5.438048595699465082e-01 2.911550752827825050e-01 4.523108907520718147e-01 3.904505513750107237e-01 8.117270548584460954e-01 7.175977251733716145e-01 1.121305410006360193e-01 7.558708963767062361e-01 5.970851443114966184e-01 7.357320119492445354e-01 8.934282044377499510e-01 5.057910727697103592e-01 5.530661567781059995e-01 5.985356662440710629e-01 6.022950165286967694e-01 5.407175605791143536e-01 9.023599437617595420e-01 3.964115776588653661e-01 8.881297002531416407e-01 1.511656659733864316e-01
5.190011742209275081e-01 4.237866832582752319e-01 4.972500306670157855e-01 1.010164697570270498e-02 5.816909163376793312e-01 7.026871559691628688e-01 2.964852920087935884e-01 2.239320023024490847e-01 5.094830224567554744e-01 2.706911033597849681e-01 5.870022250432158639e-01 0.000000000000000000e+00 1.833536027107333100e-01 6.753142543843786427e-01 3.191337740906453613e-01 6.590269881041137534e-01 8.657460961486040940e-01 6.180164813891095843e-01 1.624692309973984061e-01 3.505552297164895581e-01 6.305197660736174825e-01 7.491121587803908355e-01 7.257771045527530163e-01 9.444209413658066765e-01 7.013896177527949582e-01 6.748450518307538282e-01 6.388150488263426574e-01 6.470048492833562204e-01 4.688544698195189486e-01 5.312979527804844171e-01 9.627114460064900570e-02 3.466617358507524949e-01 8.005766571477213045e-01 2.666077097660206618e-01 7.568705592360069900e-01
8.257801612182746887e-01 6.879255286654074597e-01 8.940377812532318558e-02 7.695602362141468200e-01 6.329220983353647245e-01 4.715912202389542784e-01 5.637584389049747902e-01 3.163506204546619460e-01 4.492328242508115688e-01 6.618160195328558482e-01 4.522382627766122765e-01 1.833536027107333100e-01 0.000000000000000000e+00 5.293807325531734165e-01 7.749500866856537939e-01 1.789892003584289126e-01 8.963384892193944076e-01 1.548433579688646144e-01 5.526702080054894939e-01 7.940254335937835251e-01 7.455129227117124335e-01 2.828127723014728367e-01 9.788288615469820098e-02 6.911660820548870543e-02 3.309614149017243712e-01 4.595985525848999553e-01 5.196357822239922042e-01 4.381792669807728635e-01 7.371872653886275550e-01 5.366367716913179597e-01 3.109379223403014869e-01 8.302846137559881656e-01 4.640737347945148583e-01 5.384921325347837850e-01 5.076295125506783412e-01
6.709341879846051349e-01 7.716761899833781690e-01 2.486208308543755574e-01 5.846206931047974731e-01 7.899533260541787838e-01 7.594786237270798601e-01 5.390914398618458225e-01 3.604195580039223357e-01 5.284808399731870665e-01 2.083733183398720490e-01 5.289396479983909938e-01 6.753142543843786427e-01 5.293807325531734165e-01 0.000000000000000000e+00 8.393030115143187420e-01 4.149495805513599977e-01 1.509301231027188051e-01 8.614188103602962165e-01 9.285706906492852131e-02 7.065461554629801633e-01 6.293181835146216541e-01 8.623816175805560924e-01 3.971585587844804199e-01 4.154407794869752757e-01 5.335836427394912151e-01 3.190339240179271840e-01 3.903892363668501897e-01 3.952484517485256310e-01 4.684165394375736646e-01 4.072960895603683351e-02 7.305614795741049994e-01 2.874183941409715892e-01 4.150943482476804336e-01 2.318075332216261719e-01 7.268084423439452602e-01
7.389330924266708234e-01 2.468046472980802708e-01 4.935394548742385035e-01 7.800247161563282905e-01 4.856504765611401320e-01 7.380944986292679033e-01 2.931040734377012291e-01 4.581924959769735350e-01 8.746045647570346304e-01 7.914574352656669198e-01 7.582991326466382853e-01 3.191337740906453613e-01 7.749500866856537939e-01 8.393030115143187420e-01 0.000000000000000000e+00 5.797554319499258479e-01 5.074879878309335179e-01 3.352936736855189337e-01 4.486940114046005790e-01 3.133368283745753269e-01 7.710131206676358318e-01 1.867638988969202440e-01 5.626425693187331323e-01 1.534993297397158063e-01 4.194514143678276796e-01 7.614482525474048913e-01 6.937932706766469781e-01 6.101239775033864277e-01 8.956332941219551369e-01 8.037918193047832727e-01 7.553850669323878275e-01 7.693327377834937586e-01 2.227719564589166756e-01 8.102655670351002204e-01 1.064701755989043708e-01
5.673486868729148425e-01 2.176468769246272528e-01 4.819816445481679423e-01 4.272698144901396211e-01 8.036838390071925353e-01 2.925943211957708900e-01 8.488852495197791725e-01 3.843213333098815521e-01 4.666399171971985504e-01 4.205288489468643198e-01 5.438048595699465082e-01 6.590269881041137534e-01 1.789892003584289126e-01 4.149495805513599977e-01 5.797554319499258479e-01 0.000000000000000000e+00 8.536524054728404920e-01 7.865372234121672523e-01 7.534101322377607657e-01 4.736198082584571756e-01 4.952420807071502562e-01 2.234090418377762122e-01 7.873940974024051798e-01 5.561280267310151348e-01 7.073866416709637672e-01 7.974142791041112233e-01 6.692155074040573304e-01 6.776459527247302717e-01 7.367738729188361146e-01 8.733678183629800529e-02 4.737112130563870815e-01 8.813302171064786306e-01 4.654859397955705136e-01 2.425012204819687045e-01 3.076765175000153452e-01
6.874242522066902339e-01 7.126878948182833184e-01 1.077194562211485351e-01 8.131343452956104612e-01 5.193311179242952047e-01 3.966229280375168642e-01 3.972367574809638757e-01 5.263810556995923706e-01 1.902095581731860774e-01 2.801249477730143322e-01 2.911550752827825050e-01 8.657460961486040940e-01 8.963384892193944076e-01 1.509301231027188051e-01 5.074879878309335179e-01 8.536524054728404920e-01 0.000000000000000000e+00 3.025892096333036019e-01 2.822185248163919802e-01 3.121174190232466339e-01 5.964430219219263307e-02 1.375908790769373446e-01 2.450976748706304997e-01 5.928416168216733562e-01 7.226009919865125086e-01 4.982269047738947521e-01 6.416558695708078908e-01 5.230409541401885853e-01 8.582441344350378865e-01 5.868969554274670042e-01 6.090010947478889936e-01 8.029027704968879631e-01 1.752624485875651228e-01 7.125570090181218008e-01 6.515818125416289464e-01
5.776491111217429975e-01 3.555212424939027116e-01 1.864629140707522725e-01 3.407381483066600492e-01 6.116894416332869788e-01 4.594966756740870850e-01 4.926330891907375609e-01 5.840504170828531016e-01 8.014409158880992923e-01 4.704117437952622938e-01 4.523108907520718147e-01 6.180164813891095843e-01 1.548433579688646144e-01 8.614188103602962165e-01 3.352936736855189337e-01 7.865372234121672523e-01 3.025892096333036019e-01 0.000000000000000000e+00 4.192569419447946255e-01 9.281588241646456794e-01 5.519321003848787210e-01 5.598737738449719448e-01 3.015718335859737254e-01 6.376418530892576930e-01 5.939880649531183998e-01 1.808152832466037307e-01 4.940369102992190897e-01 4.592691452674956265e-01 1.191373032749205585e-01 4.951825210512976749e-01 6.913537608663162803e-01 7.704857167437386689e-01 4.548813882200146708e-01 6.738134940784159532e-01 6.947515172058479349e-01
5.305429853573304655e-01 4.853325143667541752e-01 2.517122169952911159e-01 3.192627452670637189e-01 4.922257866162498829e-01 4.877427074760767867e-01 7.177544647602485117e-02 2.000725561147279619e-01 5.021435631973589775e-01 7.372991086594851140e-01 3.904505513750107237e-01 1.624692309973984061e-01 5.526702080054894939e-01 9.285706906492852131e-02 4.486940114046005790e-01 7.534101322377607657e-01 2.822185248163919802e-01 4.192569419447946255e-01 0.000000000000000000e+00 2.596748886504797182e-01 5.452297439384011790e-01 7.013998867128514725e-01 8.673289976595290884e-01 8.610344400574687640e-02 3.587433779613471430e-01 2.410144270200214045e-01 6.467450108626766614e-01 7.833739050163244233e-01 7.065112013326843021e-01 4.805623258766544836e-01 2.434138404150986146e-01 8.770724057043277622e-01 8.395410230250059946e-01 5.450307486353556108e-01 8.328384075350137028e-01
7.903487873654289064e-01 5.744014555918821596e-01 9.170824234180821044e-01 6.959138733261654997e-01 7.662510447070969288e-01 2.116257377795582872e-01 5.948806853324788424e-01 4.514934098867594559e-01 2.021192435058031256e-01 3.348068152329028435e-01 8.117270548584460954e-01 3.505552297164895581e-01 7.940254335937835251e-01 7.065461554629801633e-01 3.133368283745753269e-01 4.736198082584571756e-01 3.121174190232466339e-01 9.281588241646456794e-01 2.596748886504797182e-01 0.000000000000000000e+00 3.185255013840705973e-01 9.560086535194818325e-01 8.040414103416803071e-01 6.041706306410286054e-01 6.759708092910596822e-01 1.568349270605495782e-01 4.799511629766546883e-01 3.940189060843767854e-01 6.682546953716161919e-01 2.582223186710256302e-01 6.351797271468132555e-01 5.107487746470603662e-01 5.187484155857824408e-01 4.493213431060352203e-01 8.220245068364163687e-01
5.150716289686669835e-01 3.131445556066609903e-01 4.372108234810933025e-01 1.260815473596865743e-01 6.187519042347434661e-01 3.297967194316255846e-01 2.532894323946739412e-01 5.865356046243755950e-01 2.590479466785768903e-01 8.156770568923997766e-01 7.175977251733716145e-01 6.305197660736174825e-01 7.455129227117124335e-01 6.293181835146216541e-01 7.710131206676358318e-01 4.952420807071502562e-01 5.964430219219263307e-02 5.519321003848787210e-01 5.452297439384011790e-01 3.185255013840705973e-01 0.000000000000000000e+00 9.305283973027675959e-01 5.973397685647120481e-01 7.906969680682021107e-01 2.249968186162969452e-01 4.981912514993327434e-01 6.438893107501857394e-01 8.470137224123974740e-01 7.800830271958061335e-01 4.072818330757110861e-01 5.231494280273469855e-01 7.930703153050688847e-01 6.605332858016237374e-01 4.833769091710536925e-01 1.141351426699608318e-01
6.633890505082971067e-01 4.893258230276446019e-01 7.818710343721781975e-01 7.094030272483298205e-01 7.677403782741099025e-01 1.381663973558038272e-01 8.970559725812110585e-01 3.709000065661059442e-01 5.242606715962259134e-01 2.457346485759994703e-01 1.121305410006360193e-01 7.491121587803908355e-01 2.828127723014728367e-01 8.623816175805560924e-01 1.867638988969202440e-01 2.234090418377762122e-01 1.375908790769373446e-01 5.598737738449719448e-01 7.013998867128514725e-01 9.560086535194818325e-01 9.305283973027675959e-01 0.000000000000000000e+00 6.874045184170634037e-01 5.134492875287717251e-01 5.457311459586848823e-01 7.569309350050887897e-01 5.908968012219448784e-01 8.152010492776775585e-01 8.914569000396458387e-01 9.122785740036054580e-01 6.494402145841260410e-01 6.340046727950606753e-01 7.505736198492309885e-01 5.314391158668423376e-01 3.446215089615456417e-01
9.068997544096526475e-01 9.337806413970168862e-01 6.951377779214835684e-01 7.625763671290077816e-01 6.230037854470881209e-01 3.190205924318385566e-01 3.713940871776182373e-01 3.384937124677274145e-01 4.409592246090895395e-01 7.502126582516814857e-01 7.558708963767062361e-01 7.257771045527530163e-01 9.788288615469820098e-02 3.971585587844804199e-01 5.626425693187331323e-01 7.873940974024051798e-01 2.450976748706304997e-01 3.015718335859737254e-01 8.673289976595290884e-01 8.040414103416803071e-01 5.973397685647120481e-01 6.874045184170634037e-01 0.000000000000000000e+00 6.295090209463070074e-01 5.679120139896320918e-02 5.088285807344704592e-01 6.487562343246887631e-01 3.170714975174243055e-01 4.236256657088040001e-01 2.525953936266709388e-01 9.340593270615917820e-01 3.173572958409032196e-02 6.111809256523714762e-01 3.952882749942810969e-01 5.142851025256425235e-01
1.221094549418466624e-01 4.643865488766641403e-01 4.653081488898558327e-01 6.358605605450071696e-01 6.846988982515003208e-01 4.455471009421125839e-01 3.391760851105793950e-01 7.135350078032386412e-01 9.003057827693234927e-01 4.461353095050384354e-01 5.970851443114966184e-01 9.444209413658066765e-01 6.911660820548870543e-02 4.154407794869752757e-01 1.534993297397158063e-01 5.561280267310151348e-01 5.928416168216733562e-01 6.376418530892576930e-01 8.610344400574687640e-02 6.041706306410286054e-01 7.906969680682021107e-01 5.134492875287717251e-01 6.295090209463070074e-01 0.000000000000000000e+00 4.237025655652393863e-01 8.055224448225732914e-01 8.480584513746693975e-01 4.507499372416544636e-01 2.743430544222830170e-01 4.601914348150132894e-01 2.599957095834466436e-01 6.149565148847999652e-01 4.027390633055341063e-01 4.133262130354127262e-01 5.397761576653682392e-01
4.533144266537877387e-01 9.230966102023587805e-01 3.928889427559187908e-01 5.532524839656262072e-01 3.064618392161498894e-01 9.048397355915854812e-01 4.919842466570529815e-01 7.696039094154809579e-01 7.220503042576773556e-01 3.953211544565693458e-01 7.357320119492445354e-01 7.013896177527949582e-01 3.309614149017243712e-01 5.335836427394912151e-01 4.194514143678276796e-01 7.073866416709637672e-01 7.226009919865125086e-01 5.939880649531183998e-01 3.587433779613471430e-01 6.759708092910596822e-01 2.249968186162969452e-01 5.457311459586848823e-01 5.679120139896320918e-02 4.237025655652393863e-01 0.000000000000000000e+00 2.977215665939945133e-01 6.829680035766008128e-01 4.888964938705858132e-01 7.581802990497754635e-02 6.242898636929916645e-01 5.138359896984212583e-01 2.289429029230386492e-01 2.929439004106483280e-01 7.138581656663727237e-01 9.046830808914900768e-01
3.732498972469009413e-01 6.456945202203104861e-01 4.969543566823806380e-01 3.368229213286257906e-01 2.896325689513661317e-01 8.284979041754109153e-01 8.123920814587733963e-01 2.372568385982052330e-01 4.521495927187205721e-01 6.103512719170069989e-01 8.934282044377499510e-01 6.748450518307538282e-01 4.595985525848999553e-01 3.190339240179271840e-01 7.614482525474048913e-01 7.974142791041112233e-01 4.982269047738947521e-01 1.808152832466037307e-01 2.410144270200214045e-01 1.568349270605495782e-01 4.981912514993327434e-01 7.569309350050887897e-01 5.088285807344704592e-01 8.055224448225732914e-01 2.977215665939945133e-01 0.000000000000000000e+00 4.183616299599585142e-01 5.226233484873816781e-01 8.610715775899535629e-01 3.921099092429762845e-01 4.612874748501461508e-01 5.005249979582400144e-01 6.317187494959277672e-01 1.850491558113387391e-01 5.128545267892924420e-01
7.643688323191988321e-01 3.248979373399157877e-01 8.692588643379339786e-02 5.017866431753763568e-01 3.740509608317518775e-01 7.836261727545890121e-01 2.221463455115642582e-01 6.349846295597778578e-01 5.201587500398530128e-01 6.329565824033209775e-01 5.057910727697103592e-01 6.388150488263426574e-01 5.196357822239922042e-01 3.903892363668501897e-01 6.937932706766469781e-01 6.692155074040573304e-01 6.416558695708078908e-01 4.940369102992190897e-01 6.467450108626766614e-01 4.799511629766546883e-01 6.438893107501857394e-01 5.908968012219448784e-01 6.487562343246887631e-01 8.480584513746693975e-01 6.829680035766008128e-01 4.183616299599585142e-01 0.000000000000000000e+00 1.752710388307786582e-01 7.982217342660937742e-01 4.575004584471994429e-01 6.300037101682260943e-01 9.350829129446776022e-01 4.550466050802967621e-01 1.227023420679956844e-01 8.062571671736171730e-01
2.839570785147318421e-01 7.362659041026725637e-01 5.931606673499278948e-02 4.778657549022550244e-01 8.435950074841396251e-01 4.335026610586062978e-01 6.420636846413769749e-01 9.642153685962853160e-01 5.503479627137684016e-01 2.812241990740003139e-01 5.530661567781059995e-01 6.470048492833562204e-01 4.381792669807728635e-01 3.952484517485256310e-01 6.101239775033864277e-01 6.776459527247302717e-01 5.230409541401885853e-01 4.592691452674956265e-01 7.833739050163244233e-01 3.940189060843767854e-01 8.470137224123974740e-01 8.152010492776775585e-01 3.170714975174243055e-01 4.507499372416544636e-01 4.888964938705858132e-01 5.226233484873816781e-01 1.752710388307786582e-01 0.000000000000000000e+00 7.630697011863047940e-01 5.257972559705470506e-01 3.739242720372877304e-01 4.708916328710472388e-01 2.760098295780538669e-01 9.449950531437288914e-01 4.624720198779486147e-01
8.535052295068810135e-01 7.107199529086971612e-01 5.565515512138405896e-01 5.313251842094710575e-01 5.880783571540256771e-01 4.220815587554676562e-01 6.299797033813577807e-01 5.021487029272823088e-01 7.590326853489999248e-01 4.862801198734297281e-01 5.985356662440710629e-01 4.688544698195189486e-01 7.371872653886275550e-01 4.684165394375736646e-01 8.956332941219551369e-01 7.367738729188361146e-01 8.582441344350378865e-01 1.191373032749205585e-01 7.065112013326843021e-01 6.682546953716161919e-01 7.800830271958061335e-01 8.914569000396458387e-01 4.236256657088040001e-01 2.743430544222830170e-01 7.581802990497754635e-02 8.610715775899535629e-01 7.982217342660937742e-01 7.630697011863047940e-01 0.000000000000000000e+00 3.171086559954603423e-01 8.442603210100161348e-01 8.253450092046851205e-01 7.836235022392945559e-01 6.540170690243959362e-01 8.422312072498756574e-01
5.988555232498278258e-01 3.038006903227834510e-01 2.226274109333583884e-01 7.144468718829282139e-01 7.134334592923312623e-01 9.422598748848105554e-01 5.242321005515737653e-01 4.586164126871833946e-01 1.267885661260086394e-01 4.217594755087130665e-01 6.022950165286967694e-01 5.312979527804844171e-01 5.366367716913179597e-01 4.072960895603683351e-02 8.037918193047832727e-01 8.733678183629800529e-02 5.868969554274670042e-01 4.951825210512976749e-01 4.805623258766544836e-01 2.582223186710256302e-01 4.072818330757110861e-01 9.122785740036054580e-01 2.525953936266709388e-01 4.601914348150132894e-01 6.242898636929916645e-01 3.921099092429762845e-01 4.575004584471994429e-01 5.257972559705470506e-01 3.171086559954603423e-01 0.000000000000000000e+00 2.349602434731890011e-01 6.628261415785712263e-01 8.088165455682593263e-01 9.073405640934333327e-01 1.429847350652390103e-01
5.556172099346339266e-01 7.384228809765938095e-01 9.425886330804332802e-01 4.473306221684436035e-01 4.106167154423560062e-01 3.212834388669323360e-01 6.520635260591614024e-01 2.484612616148638153e-01 7.069551763571710890e-01 7.437726853668272797e-01 5.407175605791143536e-01 9.627114460064900570e-02 3.109379223403014869e-01 7.305614795741049994e-01 7.553850669323878275e-01 4.737112130563870815e-01 6.090010947478889936e-01 6.913537608663162803e-01 2.434138404150986146e-01 6.351797271468132555e-01 5.231494280273469855e-01 6.494402145841260410e-01 9.340593270615917820e-01 2.599957095834466436e-01 5.138359896984212583e-01 4.612874748501461508e-01 6.300037101682260943e-01 3.739242720372877304e-01 8.442603210100161348e-01 2.349602434731890011e-01 0.000000000000000000e+00 8.441488343316752019e-01 5.111338389045291253e-01 5.444693279505230521e-01 3.972885769794897159e-01
9.454370180482414288e-01 5.488668908060763130e-01 5.151934755037461677e-01 3.510876910552109820e-01 4.561869564123320897e-01 3.025950932310641495e-01 3.466091325742748364e-01 5.949385783645395609e-01 5.169715125071466799e-01 4.518478567065192242e-01 9.023599437617595420e-01 3.466617358507524949e-01 8.302846137559881656e-01 2.874183941409715892e-01 7.693327377834937586e-01 8.813302171064786306e-01 8.029027704968879631e-01 7.704857167437386689e-01 8.770724057043277622e-01 5.107487746470603662e-01 7.930703153050688847e-01 6.340046727950606753e-01 3.173572958409032196e-02 6.149565148847999652e-01 2.289429029230386492e-01 5.005249979582400144e-01 9.350829129446776022e-01 4.708916328710472388e-01 8.253450092046851205e-01 6.628261415785712263e-01 8.441488343316752019e-01 0.000000000000000000e+00 4.071802507880269983e-01 1.576074868701198284e-01 7.611052803123292687e-01
7.584132098662590415e-01 1.894809976002298502e-02 1.946441173936208635e-01 4.195900024296878028e-01 7.328467907295066475e-02 2.277907854541448840e-01 8.298913982561494374e-01 3.630869818397355342e-01 5.604332234006976776e-01 8.316799290699344871e-01 3.964115776588653661e-01 8.005766571477213045e-01 4.640737347945148583e-01 4.150943482476804336e-01 2.227719564589166756e-01 4.654859397955705136e-01 1.752624485875651228e-01 4.548813882200146708e-01 8.395410230250059946e-01 5.187484155857824408e-01 6.605332858016237374e-01 7.505736198492309885e-01 6.111809256523714762e-01 4.027390633055341063e-01 2.929439004106483280e-01 6.317187494959277672e-01 4.550466050802967621e-01 2.760098295780538669e-01 7.836235022392945559e-01 8.088165455682593263e-01 5.111338389045291253e-01 4.071802507880269983e-01 0.000000000000000000e+00 7.243227102065583622e-01 3.455262641269170043e-01
8.945474430083477646e-01 6.422755592963906857e-01 5.954318192801988374e-01 4.394699540025662765e-01 7.333903118380989961e-01 4.884693854608231356e-01 4.523270701231419944e-01 8.631853112141862905e-01 8.489970509210504890e-01 6.885834758551994117e-01 8.881297002531416407e-01 2.666077097660206618e-01 5.384921325347837850e-01 2.318075332216261719e-01 8.102655670351002204e-01 2.425012204819687045e-01 7.125570090181218008e-01 6.738134940784159532e-01 5.450307486353556108e-01 4.493213431060352203e-01 4.833769091710536925e-01 5.314391158668423376e-01 3.952882749942810969e-01 4.133262130354127262e-01 7.138581656663727237e-01 1.850491558113387391e-01 1.227023420679956844e-01 9.449950531437288914e-01 6.540170690243959362e-01 9.073405640934333327e-01 5.444693279505230521e-01 1.576074868701198284e-01 7.243227102065583622e-01 0.000000000000000000e+00 6.255708775134213306e-01
6.929249858640236237e-01 7.330303499735735251e-01 6.619169734509097180e-01 6.411991707671733653e-01 5.824073946531552748e-01 5.348752284769864307e-01 4.688015690562848947e-01 8.552997009146651175e-01 7.396989839469670924e-01 4.588285379647605855e-01 1.511656659733864316e-01 7.568705592360069900e-01 5.076295125506783412e-01 7.268084423439452602e-01 1.064701755989043708e-01 3.076765175000153452e-01 6.515818125416289464e-01 6.947515172058479349e-01 8.328384075350137028e-01 8.220245068364163687e-01 1.141351426699608318e-01 3.446215089615456417e-01 5.142851025256425235e-01 5.397761576653682392e-01 9.046830808914900768e-01 5.128545267892924420e-01 8.062571671736171730e-01 4.624720198779486147e-01 8.422312072498756574e-01 1.429847350652390103e-01 3.972885769794897159e-01 7.611052803123292687e-01 3.455262641269170043e-01 6.255708775134213306e-01 0.000000000000000000e+00
