0.000000000000000000e+00 8.454202232233265502e-01 3.331036319451768923e-01 6.578804987648694258e-01 2.408274375750255047e-01 3.369475723541310863e-01 6.640632865953659536e-01 7.681552758812348891e-01 6.010184535828321239e-01 4.636321755431282998e-02 6.771970799696943599e-01 6.011624144135516712e-01 6.720693278551814753e-01 6.365053323613470981e-01 7.587752137555342502e-01 1.466519787232485328e-01 7.192938426159283249e-01 4.832140787138024529e-01 7.350165534589725436e-01 7.132461510764136481e-01 4.943239503069717933e-01 2.054982766481804335e-01 9.247099063316702727e-01 6.773813225808293925e-01 8.719169385289901042e-01 3.117819386485757294e-01 5.970385052141853333e-01 6.612336433419614412e-01 3.732957152010591972e-01 1.074204870092256847e-01 7.414837611331356326e-01 3.197331921803072685e-01 3.847703919342782553e-01 2.359310568983562506e-01 3.594167206516326041e-01
8.454202232233265502e-01 0.000000000000000000e+00 4.260100236387933115e-01 6.866978766041347271e-01 6.757534926851653800e-01 5.415134314946843386e-01 4.210545230802115735e-01 3.885546707217515938e-01 9.214838387683055299e-01 7.816646738429542385e-01 9.014332473213574337e-01 2.951441270954523466e-01 9.072363499825821798e-01 8.644431340181544243e-01 1.835014305093449760e-01 6.876472904096788685e-01 5.877873652738334620e-01 7.749581460188119664e-01 4.791332120034115238e-01 4.515843876078573516e-02 6.631567734081601495e-01 2.425596899462702238e-01 5.169936798606934447e-01 4.328689976921695215e-01 7.994063743902029007e-01 3.781985554142489048e-01 5.210255052666453723e-01 3.541800983561733673e-01 9.250532679927958579e-01 3.970062105823946030e-01 9.373500478695495630e-01 2.734580664734596045e-01 7.089685766321921490e-01 4.284917563768986248e-01 6.868439228213949477e-01
3.331036319451768923e-01 4.260100236387933115e-01 0.000000000000000000e+00 7.396059844480866730e-01 3.870496744771835806e-01 6.805925972961572867e-01 5.353661691064401928e-01 5.230274915010353354e-01 4.537618443054541872e-01 8.006267729705955905e-01 1.734130300340372965e-01 4.733962694007997629e-01 3.498270944253010772e-01 5.021449566195166359e-01 7.227132668913160973e-01 7.104384685324744986e-01 6.912562330044219605e-01 5.249789203693658868e-01 5.893085351311616593e-01 5.250425484012627431e-01 6.477223662395539261e-01 5.365450186718068171e-01 6.477276482013735182e-01 2.707476791528941051e-01 4.243452967749968274e-01 7.854961800821647078e-01 5.346808609890271180e-01 2.220928949716011180e-01 4.134380160558673856e-01 7.196791247058109686e-02 1.525028733761722988e-01 6.383249296541956275e-01 1.104519551413792877e-01 7.996755911430715180e-01 5.116383932219091824e-01
6.578804987648694258e-01 6.866978766041347271e-01 7.396059844480866730e-01 0.000000000000000000e+00 1.695527878013618484e-01 8.735289839442514914e-01 1.571973943010928076e-01 7.252041889462237378e-01 6.817326895095918715e-01 2.730164617158263307e-01 5.202188115721280148e-01 5.356828161810591737e-01 6.994076949582377356e-01 6.685481244988367155e-02 7.235493204561138647e-01 8.918881083526870590e-01 1.601123861633556578e-01 8.183661083919238077e-01 8.876902964912017913e-01 7.145671080245885598e-01 6.304004267888725366e-01 8.089278076790912264e-01 6.870266381076912676e-01 6.918670862758499185e-01 3.929762542274944370e-01 6.376510950757672269e-01 3.918080050715234131e-01 7.033341875583458691e-01 7.895904535914207711e-01 9.292422797071018259e-01 2.655382104358352535e-01 5.224964567373258095e-01 8.626364285425752731e-01 8.100149364841016109e-01 5.930151115706343568e-01
2.408274375750255047e-01 6.757534926851653800e-01 3.870496744771835806e-01 1.695527878013618484e-01 0.000000000000000000e+00 3.982256072531620283e-01 8.298965395953646906e-01 1.476312828829768886e-01 4.968377790255834592e-01 7.277769195846373051e-01 5.649859407242208142e-01 4.407961525164338368e-01 8.451676622944510608e-01 8.735298428395363857e-01 2.236072128397931236e-01 8.210339874032328566e-01 7.850242080035910730e-01 6.004471055603484153e-01 6.607959713352533626e-01 7.757499206980340567e-01 5.460678558808484961e-02 5.775309977886065038e-01 3.139324647349068242e-01 7.827254649004931064e-01 5.155672811151523760e-01 6.058131843159025864e-01 6.948539544233169885e-01 8.390992517600335265e-01 4.914789419149029892e-01 8.481556618876087139e-01 9.070331160348712451e-01 2.950561867954644146e-01 5.062575926035599583e-01 6.081935736390449154e-01 8.917648137948153142e-01
3.369475723541310863e-01 5.415134314946843386e-01 6.805925972961572867e-01 8.735289839442514914e-01 3.982256072531620283e-01 0.000000000000000000e+00 4.139672172090463342e-01 3.682640016794989091e-01 7.438721677816882982e-01 7.782420318373427515e-01 7.709096048024879355e-01 2.858006342119813192e-01 3.753674578583803267e-01 5.530007449914157158e-01 6.257351962010160307e-01 6.893594652728534111e-01 4.996524508888987581e-01 6.093147779305161382e-01 4.994905058917319396e-01 3.868978538783295340e-01 7.659187347918741118e-01 7.231427432574903946e-01 3.984058229957356811e-01 3.961326128876814234e-01 4.818773101157688421e-01 2.881451198111156242e-01 7.481900209042513517e-01 3.235102487437875318e-01 4.114290512378935838e-01 4.302761752940912343e-01 9.646529168731061699e-01 4.124534904853092154e-01 2.961010418949341361e-01 7.927924784137307945e-02 5.935875880828785922e-01
6.640632865953659536e-01 4.210545230802115735e-01 5.353661691064401928e-01 1.571973943010928076e-01 8.298965395953646906e-01 4.139672172090463342e-01 0.000000000000000000e+00 3.409238110002172917e-01 3.441030547322889155e-01 6.257729320649999538e-01 6.228939332024878706e-01 6.875163472637451090e-01 6.007712156509269485e-01 7.072169919582451669e-01 4.038648550002363891e-01 3.782769658088281362e-01 3.209021486879860552e-01 8.143140148049239357e-01 7.137396628696101031e-01 6.214248566786266803e-01 8.674615724752692270e-01 8.441221542833188263e-02 3.285550574224058717e-01 5.078435101318548028e-01 5.111226209749186733e-01 5.469085868808937212e-01 5.299497800861934227e-01 3.101993076052348419e-01 8.174252569378583910e-01 6.327379753132342799e-01 5.640201004477904956e-01 6.781018457122602872e-01 7.260973332847227013e-01 4.004961643732364296e-01 5.583627075447330501e-01
7.681552758812348891e-01 3.885546707217515938e-01 5.230274915010353354e-01 7.252041889462237378e-01 1.476312828829768886e-01 3.682640016794989091e-01 3.409238110002172917e-01 0.000000000000000000e+00 5.281977102746482355e-01 4.627440899539526642e-01 4.558856400083776128e-01 3.760455867999185076e-01 3.813985967380567055e-01 6.954638627526401606e-01 9.558485276276613707e-01 4.304022678197558793e-01 2.404241104562640785e-01 8.928521739365777865e-01 7.510270122822748640e-02 5.201844779534465779e-01 5.512667898071721417e-01 2.003597622217772045e-01 6.979692150052377864e-01 8.861829442436621740e-01 4.283248167439552279e-01 8.925486299006769597e-01 7.731276242817534117e-01 8.136863118587018828e-01 3.778463615424001998e-01 6.321836133438138994e-01 5.308416801807611662e-01 4.320004608719514305e-01 4.018971617838233423e-01 7.269531360065193404e-01 7.016075088912190338e-01
6.010184535828321239e-01 9.214838387683055299e-01 4.537618443054541872e-01 6.817326895095918715e-01 4.968377790255834592e-01 7.438721677816882982e-01 3.441030547322889155e-01 5.281977102746482355e-01 0.000000000000000000e+00 7.789752483012577500e-01 6.213199039279082569e-01 3.640735602360266054e-01 4.077407548295027828e-01 5.100652812071611031e-01 6.360611017862590755e-01 4.631708808477412731e-01 7.182017894402885627e-01 2.652190231945660281e-01 3.131223726215128789e-01 5.876896675204994480e-01 2.585692802349960351e-01 6.806805254789938253e-01 6.267156906082168577e-01 1.074412102201640629e-01 4.766716531353086816e-01 9.563090963104048381e-02 3.969456690167793567e-01 5.539730265095779149e-01 6.736373608104258004e-01 8.641987633556957871e-02 3.038933878859738091e-01 7.147541915867854367e-01 3.341445414415465942e-01 5.026385436713136645e-01 4.591959487231662140e-01
4.636321755431282998e-02 7.816646738429542385e-01 8.006267729705955905e-01 2.730164617158263307e-01 7.277769195846373051e-01 7.782420318373427515e-01 6.257729320649999538e-01 4.627440899539526642e-01 7.789752483012577500e-01 0.000000000000000000e+00 6.727908222350749146e-01 6.635158342809428511e-01 5.152297472246837318e-01 9.185672157263057303e-01 5.553546316356241519e-01 1.534948125561093057e-01 5.830513581618983476e-01 8.231673943497808121e-02 4.295251292527353382e-01 8.313908636496883942e-01 6.250115576588064492e-01 6.231499031208148631e-01 8.740191591770667401e-01 8.439594924361528694e-01 7.865227624292487896e-01 8.091118712741326435e-01 7.273701595182071600e-01 3.758913013741860820e-01 7.253109890786618719e-01 6.520199999311404593e-01 3.312920537220291894e-01 1.249387537497219647e-01 2.610460024536746526e-01 8.762876739716605190e-01 6.836691411194470991e-01
6.771970799696943599e-01 9.014332473213574337e-01 1.734130300340372965e-01 5.202188115721280148e-01 5.649859407242208142e-01 7.709096048024879355e-01 6.228939332024878706e-01 4.558856400083776128e-01 6.213199039279082569e-01 6.727908222350749146e-01 0.000000000000000000e+00 5.406321883337728007e-01 7.034844138723678197e-01 4.945690054848181361e-01 7.360600171738334030e-01 7.891268623922362835e-01 3.800315996672289365e-01 8.233177820443018380e-01 4.476654666977810670e-01 3.412041283035933681e-01 5.380871365442985166e-01 6.829034713171022730e-01 5.023051619745594332e-01 3.838430547946186655e-01 8.631607739496857112e-01 7.075901569356116694e-01 8.183018924522591497e-01 8.098338296932596769e-01 8.448760107185484536e-01 7.960267751567253747e-01 5.808357431021589079e-01 4.030603868084373653e-01 6.118870064560556488e-01 2.736963798651179114e-01 8.479161510041608452e-01
6.011624144135516712e-01 2.951441270954523466e-01 4.733962694007997629e-01 5.356828161810591737e-01 4.407961525164338368e-01 2.858006342119813192e-01 6.875163472637451090e-01 3.760455867999185076e-01 3.640735602360266054e-01 6.635158342809428511e-01 5.406321883337728007e-01 0.000000000000000000e+00 4.925585786805287691e-01 7.131449074752680417e-01 1.971394434139392970e-01 5.745084060943587145e-01 8.516059001094329339e-01 6.941803587193717817e-01 4.767920727791075119e-01 7.518242516157958022e-01 5.800666478317560992e-01 6.616309016703242341e-01 8.079177721054215944e-01 7.132182871115981815e-01 8.573524873697551119e-01 5.406706173864130882e-01 4.775075410716939084e-01 1.750172763477334525e-01 5.393800177605960755e-01 6.749509086798660684e-01 2.815077221488027082e-01 3.607257840575959218e-01 5.939713109768848254e-01 4.903225150995377812e-01 5.174505168274095013e-01
6.720693278551814753e-01 9.072363499825821798e-01 3.498270944253010772e-01 6.994076949582377356e-01 8.451676622944510608e-01 3.753674578583803267e-01 6.007712156509269485e-01 3.813985967380567055e-01 4.077407548295027828e-01 5.152297472246837318e-01 7.034844138723678197e-01 4.925585786805287691e-01 0.000000000000000000e+00 1.951147617144267932e-01 5.500208125008846372e-01 3.468979852342345405e-01 9.148631855692938020e-01 1.272721942660536287e-01 3.633751804320144441e-01 1.262487466702804095e-01 7.398190808575038080e-01 7.723672433275802218e-01 3.754624299027176648e-01 7.904763758071748914e-01 3.195651416434304171e-01 9.140240721109111899e-01 4.297542271950207660e-01 2.722609917364054999e-01 7.783246866636464034e-01 3.836434669038847889e-01 2.857434225465005362e-01 8.029651320853685714e-01 5.752246591187567537e-01 4.475899678254200986e-01 8.812843508700091144e-01
6.365053323613470981e-01 8.644431340181544243e-01 5.021449566195166359e-01 6.685481244988367155e-02 8.735298428395363857e-01 5.530007449914157158e-01 7.072169919582451669e-01 6.954638627526401606e-01 5.100652812071611031e-01 9.185672157263057303e-01 4.945690054848181361e-01 7.131449074752680417e-01 1.951147617144267932e-01 0.000000000000000000e+00 7.662027574052294732e-01 6.682564327658588876e-01 7.244114362380333905e-01 5.254582837242288695e-01 2.644727684346823704e-01 4.556301177216929288e-01 3.795881645608467081e-01 6.248201976856668782e-01 7.671500484175275414e-01 9.082025096539363407e-01 6.787554311452943523e-01 3.225329005112654857e-01 6.810004092778563223e-01 2.983325291161914583e-01 2.604663683514796269e-01 3.958549222458166428e-01 6.224932150386652818e-01 2.599838945477037644e-01 6.903494018468113724e-01 7.820297660748011248e-01 3.802708757105305315e-01
7.587752137555342502e-01 1.835014305093449760e-01 7.227132668913160973e-01 7.235493204561138647e-01 2.236072128397931236e-01 6.257351962010160307e-01 4.038648550002363891e-01 9.558485276276613707e-01 6.360611017862590755e-01 5.553546316356241519e-01 7.360600171738334030e-01 1.971394434139392970e-01 5.500208125008846372e-01 7.662027574052294732e-01 0.000000000000000000e+00 1.654086731683854783e-01 8.749411422859780796e-01 6.416839364789916900e-01 4.694330431168853845e-01 5.642578645376852275e-01 6.618291240078265636e-01 6.148100919114154461e-01 5.565005124741115861e-01 3.878246916493800489e-01 3.936553888932782241e-01 6.933032021279350587e-02 3.802633148459905188e-01 6.463839293088190496e-01 6.951145955840912771e-01 6.412968033356326591e-01 8.204614719899177011e-01 3.505167221676337985e-01 7.085186790985253946e-01 9.002931142678923804e-01 6.489162092681357574e-01
1.466519787232485328e-01 6.876472904096788685e-01 7.104384685324744986e-01 8.918881083526870590e-01 8.210339874032328566e-01 6.893594652728534111e-01 3.782769658088281362e-01 4.304022678197558793e-01 4.631708808477412731e-01 1.534948125561093057e-01 7.891268623922362835e-01 5.745084060943587145e-01 3.468979852342345405e-01 6.682564327658588876e-01 1.654086731683854783e-01 0.000000000000000000e+00 8.648927639577802529e-01 3.864569640884838453e-01 3.898662086721302322e-01 6.819315408030681702e-01 8.185002699874582843e-01 9.453909148784113148e-01 7.430634251248546818e-01 2.259091856998693970e-01 1.013645311343411848e-01 4.904397021269538692e-01 4.790317504965029283e-01 4.903865267998613331e-01 2.454006585915702865e-01 3.609337716503253635e-01 3.917696855793345589e-01 5.769324694852749902e-01 8.459820589230591104e-01 3.103061722608683182e-01 3.312772811118342986e-01
7.192938426159283249e-01 5.877873652738334620e-01 6.912562330044219605e-01 1.601123861633556578e-01 7.850242080035910730e-01 4.996524508888987581e-01 3.209021486879860552e-01 2.404241104562640785e-01 7.182017894402885627e-01 5.830513581618983476e-01 3.800315996672289365e-01 8.516059001094329339e-01 9.148631855692938020e-01 7.244114362380333905e-01 8.749411422859780796e-01 8.648927639577802529e-01 0.000000000000000000e+00 8.837571501137932994e-01 4.183363593164088345e-01 8.277183423347357349e-01 8.309059275875342321e-01 8.822463542535352587e-02 2.829557569448031273e-01 4.354940196403522812e-01 1.145808796466780688e-01 6.270167627849239089e-01 5.252195330036613097e-01 5.779875492308761409e-01 7.604086846218527374e-01 5.018827383042641088e-01 1.081494928035107717e-01 6.422056300178673460e-01 5.022474285745506251e-01 5.435500621626607742e-01 1.313918981134309938e-01
4.832140787138024529e-01 7.749581460188119664e-01 5.249789203693658868e-01 8.183661083919238077e-01 6.004471055603484153e-01 6.093147779305161382e-01 8.143140148049239357e-01 8.928521739365777865e-01 2.652190231945660281e-01 8.231673943497808121e-02 8.233177820443018380e-01 6.941803587193717817e-01 1.272721942660536287e-01 5.254582837242288695e-01 6.416839364789916900e-01 3.864569640884838453e-01 8.837571501137932994e-01 0.000000000000000000e+00 9.000072919123247583e-01 3.434807494616683998e-01 5.151885758163122775e-01 4.768671538760633211e-01 6.852007916113617148e-01 3.224188983238752693e-01 3.936481985831306041e-01 9.288570567435991965e-01 6.110314719776283043e-01 8.881393306524724141e-01 7.525099223453102226e-01 4.523324272006632452e-01 2.345056533197168447e-01 6.830027832656133668e-01 3.128017328073574577e-01 3.821364665712836395e-01 5.639000535683537096e-01
7.350165534589725436e-01 4.791332120034115238e-01 5.893085351311616593e-01 8.876902964912017913e-01 6.607959713352533626e-01 4.994905058917319396e-01 7.137396628696101031e-01 7.510270122822748640e-02 3.131223726215128789e-01 4.295251292527353382e-01 4.476654666977810670e-01 4.767920727791075119e-01 3.633751804320144441e-01 2.644727684346823704e-01 4.694330431168853845e-01 3.898662086721302322e-01 4.183363593164088345e-01 9.000072919123247583e-01 0.000000000000000000e+00 4.848477690201207224e-01 5.031049901833524185e-01 7.700847274205036008e-01 9.443548721643058030e-02 5.227192890282219562e-01 4.861569329447411603e-01 3.749841830464193948e-01 4.871592514793076090e-01 4.436676947933723136e-01 4.579273225290766414e-01 6.804480551629948915e-01 7.079708889281525197e-01 7.497800719634267752e-01 4.883943222123909855e-01 5.605239351014654758e-01 3.542966388692568303e-01
7.132461510764136481e-01 4.515843876078573516e-02 5.250425484012627431e-01 7.145671080245885598e-01 7.757499206980340567e-01 3.868978538783295340e-01 6.214248566786266803e-01 5.201844779534465779e-01 5.876896675204994480e-01 8.313908636496883942e-01 3.412041283035933681e-01 7.518242516157958022e-01 1.262487466702804095e-01 4.556301177216929288e-01 5.642578645376852275e-01 6.819315408030681702e-01 8.277183423347357349e-01 3.434807494616683998e-01 4.848477690201207224e-01 0.000000000000000000e+00 7.610011777100125219e-01 3.999435367917316686e-01 7.418067167649995408e-01 5.594994035272979893e-01 4.990080389618991030e-01 6.889488386748170434e-01 4.895498539236514679e-01 4.853326515260844021e-01 7.881159954592633632e-01 7.353818619654746147e-01 6.121596161444875506e-01 5.313721443667638322e-01 6.144113607153959267e-01 5.881606134414572029e-01 6.333086410295180047e-01
4.943239503069717933e-01 6.631567734081601495e-01 6.477223662395539261e-01 6.304004267888725366e-01 5.460678558808484961e-02 7.659187347918741118e-01 8.674615724752692270e-01 5.512667898071721417e-01 2.585692802349960351e-01 6.250115576588064492e-01 5.380871365442985166e-01 5.800666478317560992e-01 7.398190808575038080e-01 3.795881645608467081e-01 6.618291240078265636e-01 8.185002699874582843e-01 8.309059275875342321e-01 5.151885758163122775e-01 5.031049901833524185e-01 7.610011777100125219e-01 0.000000000000000000e+00 4.952037981762435481e-01 7.173470506493551113e-01 3.669419220354664946e-01 6.275186120183298133e-01 8.364213447747761432e-01 2.462797286458390245e-01 4.328528622123599678e-01 3.959153294760140440e-01 4.754788602287788324e-01 3.602518839482315993e-01 9.337136306886653081e-01 5.324903545315531339e-01 6.546533324364698370e-01 8.994766468201753629e-01
2.054982766481804335e-01 2.425596899462702238e-01 5.365450186718068171e-01 8.089278076790912264e-01 5.775309977886065038e-01 7.231427432574903946e-01 8.441221542833188263e-02 2.003597622217772045e-01 6.806805254789938253e-01 6.231499031208148631e-01 6.829034713171022730e-01 6.616309016703242341e-01 7.723672433275802218e-01 6.248201976856668782e-01 6.148100919114154461e-01 9.453909148784113148e-01 8.822463542535352587e-02 4.768671538760633211e-01 7.700847274205036008e-01 3.999435367917316686e-01 4.952037981762435481e-01 0.000000000000000000e+00 1.614518867442210626e-01 8.918368280907148504e-01 7.519103918351786042e-01 2.827072523705417284e-01 7.464227704941328589e-01 8.954111839254417227e-01 5.284587394229699475e-01 8.215709502901985539e-01 8.788026638634917065e-01 4.446081353352379639e-01 7.277687868173783325e-01 7.467810770126270814e-01 9.307949760994822519e-01
9.247099063316702727e-01 5.169936798606934447e-01 6.477276482013735182e-01 6.870266381076912676e-01 3.139324647349068242e-01 3.984058229957356811e-01 3.285550574224058717e-01 6.979692150052377864e-01 6.267156906082168577e-01 8.740191591770667401e-01 5.023051619745594332e-01 8.079177721054215944e-01 3.754624299027176648e-01 7.671500484175275414e-01 5.565005124741115861e-01 7.430634251248546818e-01 2.829557569448031273e-01 6.852007916113617148e-01 9.443548721643058030e-02 7.418067167649995408e-01 7.173470506493551113e-01 1.614518867442210626e-01 0.000000000000000000e+00 3.125474144382781594e-01 3.833984024429657467e-01 9.520305565748709009e-01 1.131103928588308438e-01 6.428953956741729758e-01 8.310583638222763803e-01 5.746939394134453760e-01 3.198865715916926478e-01 5.457926963433981093e-01 3.792722411121667303e-01 4.328648813067822454e-01 6.315070310011223764e-01
6.773813225808293925e-01 4.328689976921695215e-01 2.707476791528941051e-01 6.918670862758499185e-01 7.827254649004931064e-01 3.961326128876814234e-01 5.078435101318548028e-01 8.861829442436621740e-01 1.074412102201640629e-01 8.439594924361528694e-01 3.838430547946186655e-01 7.132182871115981815e-01 7.904763758071748914e-01 9.082025096539363407e-01 3.878246916493800489e-01 2.259091856998693970e-01 4.354940196403522812e-01 3.224188983238752693e-01 5.227192890282219562e-01 5.594994035272979893e-01 3.669419220354664946e-01 8.918368280907148504e-01 3.125474144382781594e-01 0.000000000000000000e+00 5.233499612535492673e-01 4.962763343207901023e-01 2.318121519977093814e-01 7.294353139875416892e-01 8.644133050738620483e-01 6.796295125009506055e-01 5.120428093217979093e-01 4.900083426533389241e-01 7.648420812687256598e-01 6.241505346652218567e-01 7.884466690921112519e-01
8.719169385289901042e-01 7.994063743902029007e-01 4.243452967749968274e-01 3.929762542274944370e-01 5.155672811151523760e-01 4.818773101157688421e-01 5.111226209749186733e-01 4.283248167439552279e-01 4.766716531353086816e-01 7.865227624292487896e-01 8.631607739496857112e-01 8.573524873697551119e-01 3.195651416434304171e-01 6.787554311452943523e-01 3.936553888932782241e-01 1.013645311343411848e-01 1.145808796466780688e-01 3.936481985831306041e-01 4.861569329447411603e-01 4.990080389618991030e-01 6.275186120183298133e-01 7.519103918351786042e-01 3.833984024429657467e-01 5.233499612535492673e-01 0.000000000000000000e+00 7.475938650922672180e-01 4.465163748423501833e-01 6.728277894264979020e-01 4.662928911235798557e-01 6.457755481552832633e-01 5.538599089019020649e-01 7.325949531335089748e-01 3.320640273716813917e-01 1.738584584915828790e-01 4.363923519674211549e-01
3.117819386485757294e-01 3.781985554142489048e-01 7.854961800821647078e-01 6.376510950757672269e-01 6.058131843159025864e-01 2.881451198111156242e-01 5.469085868808937212e-01 8.925486299006769597e-01 9.563090963104048381e-02 8.091118712741326435e-01 7.075901569356116694e-01 5.406706173864130882e-01 9.140240721109111899e-01 3.225329005112654857e-01 6.933032021279350587e-02 4.904397021269538692e-01 6.270167627849239089e-01 9.288570567435991965e-01 3.749841830464193948e-01 6.889488386748170434e-01 8.364213447747761432e-01 2.827072523705417284e-01 9.520305565748709009e-01 4.962763343207901023e-01 7.475938650922672180e-01 0.000000000000000000e+00 6.860158428805667175e-01 4.080174306779268401e-01 7.311354780571744927e-01 3.792094535408418454e-01 8.531877297298564589e-01 5.151408940664651270e-01 4.429727455897889410e-01 6.046246851683194645e-01 6.969981780988565578e-01
5.970385052141853333e-01 5.210255052666453723e-01 5.346808609890271180e-01 3.918080050715234131e-01 6.948539544233169885e-01 7.481900209042513517e-01 5.299497800861934227e-01 7.731276242817534117e-01 3.969456690167793567e-01 7.273701595182071600e-01 8.183018924522591497e-01 4.775075410716939084e-01 4.297542271950207660e-01 6.810004092778563223e-01 3.802633148459905188e-01 4.790317504965029283e-01 5.252195330036613097e-01 6.110314719776283043e-01 4.871592514793076090e-01 4.895498539236514679e-01 2.462797286458390245e-01 7.464227704941328589e-01 1.131103928588308438e-01 2.318121519977093814e-01 4.465163748423501833e-01 6.860158428805667175e-01 0.000000000000000000e+00 6.379884794117519631e-01 5.342819706025286886e-01 6.008994733082333450e-01 4.438606386384904012e-01 6.359872530386477818e-01 8.463177108567001561e-01 1.408851788376814795e-01 6.923852475341953916e-01
6.612336433419614412e-01 3.541800983561733673e-01 2.220928949716011180e-01 7.033341875583458691e-01 8.390992517600335265e-01 3.235102487437875318e-01 3.101993076052348419e-01 8.136863118587018828e-01 5.539730265095779149e-01 3.758913013741860820e-01 8.098338296932596769e-01 1.750172763477334525e-01 2.722609917364054999e-01 2.983325291161914583e-01 6.463839293088190496e-01 4.903865267998613331e-01 5.779875492308761409e-01 8.881393306524724141e-01 4.436676947933723136e-01 4.853326515260844021e-01 4.328528622123599678e-01 8.954111839254417227e-01 6.428953956741729758e-01 7.294353139875416892e-01 6.728277894264979020e-01 4.080174306779268401e-01 6.379884794117519631e-01 0.000000000000000000e+00 3.727649378994811746e-01 5.244683630502857685e-01 4.798848736734018794e-01 5.743963844114928774e-01 1.748907930280497180e-01 8.195563430753582956e-01 5.625791209386148406e-01
3.732957152010591972e-01 9.250532679927958579e-01 4.134380160558673856e-01 7.895904535914207711e-01 4.914789419149029892e-01 4.114290512378935838e-01 8.174252569378583910e-01 3.778463615424001998e-01 6.736373608104258004e-01 7.253109890786618719e-01 8.448760107185484536e-01 5.393800177605960755e-01 7.783246866636464034e-01 2.604663683514796269e-01 6.951145955840912771e-01 2.454006585915702865e-01 7.604086846218527374e-01 7.525099223453102226e-01 4.579273225290766414e-01 7.881159954592633632e-01 3.959153294760140440e-01 5.284587394229699475e-01 8.310583638222763803e-01 8.644133050738620483e-01 4.662928911235798557e-01 7.311354780571744927e-01 5.342819706025286886e-01 3.727649378994811746e-01 0.000000000000000000e+00 7.888631741281406651e-01 6.743168872974563133e-01 7.165753449593852409e-01 8.436968002881528594e-01 8.687236947363741191e-01 6.171197301301311056e-01
1.074204870092256847e-01 3.970062105823946030e-01 7.196791247058109686e-02 9.292422797071018259e-01 8.481556618876087139e-01 4.302761752940912343e-01 6.327379753132342799e-01 6.321836133438138994e-01 8.641987633556957871e-02 6.520199999311404593e-01 7.960267751567253747e-01 6.749509086798660684e-01 3.836434669038847889e-01 3.958549222458166428e-01 6.412968033356326591e-01 3.609337716503253635e-01 5.018827383042641088e-01 4.523324272006632452e-01 6.804480551629948915e-01 7.353818619654746147e-01 4.754788602287788324e-01 8.215709502901985539e-01 5.746939394134453760e-01 6.796295125009506055e-01 6.457755481552832633e-01 3.792094535408418454e-01 6.008994733082333450e-01 5.244683630502857685e-01 7.888631741281406651e-01 0.000000000000000000e+00 7.275640819752180466e-01 6.753613301481030673e-01 5.728914762851156084e-01 6.251450139315987142e-01 6.793964585294585135e-01
7.414837611331356326e-01 9.373500478695495630e-01 1.525028733761722988e-01 2.655382104358352535e-01 9.070331160348712451e-01 9.646529168731061699e-01 5.640201004477904956e-01 5.308416801807611662e-01 3.038933878859738091e-01 3.312920537220291894e-01 5.808357431021589079e-01 2.815077221488027082e-01 2.857434225465005362e-01 6.224932150386652818e-01 8.204614719899177011e-01 3.917696855793345589e-01 1.081494928035107717e-01 2.345056533197168447e-01 7.079708889281525197e-01 6.121596161444875506e-01 3.602518839482315993e-01 8.788026638634917065e-01 3.198865715916926478e-01 5.120428093217979093e-01 5.538599089019020649e-01 8.531877297298564589e-01 4.438606386384904012e-01 4.798848736734018794e-01 6.743168872974563133e-01 7.275640819752180466e-01 0.000000000000000000e+00 7.698677233234855199e-01 4.081727575278311648e-01 6.120600147665696822e-01 9.709461628240978470e-01
3.197331921803072685e-01 2.734580664734596045e-01 6.383249296541956275e-01 5.224964567373258095e-01 2.950561867954644146e-01 4.124534904853092154e-01 6.781018457122602872e-01 4.320004608719514305e-01 7.147541915867854367e-01 1.249387537497219647e-01 4.030603868084373653e-01 3.607257840575959218e-01 8.029651320853685714e-01 2.599838945477037644e-01 3.505167221676337985e-01 5.769324694852749902e-01 6.422056300178673460e-01 6.830027832656133668e-01 7.497800719634267752e-01 5.313721443667638322e-01 9.337136306886653081e-01 4.446081353352379639e-01 5.457926963433981093e-01 4.900083426533389241e-01 7.325949531335089748e-01 5.151408940664651270e-01 6.359872530386477818e-01 5.743963844114928774e-01 7.165753449593852409e-01 6.753613301481030673e-01 7.698677233234855199e-01 0.000000000000000000e+00 4.210771540135056501e-01 6.801229386690847978e-01 5.029565408342325794e-01
3.847703919342782553e-01 7.089685766321921490e-01 1.104519551413792877e-01 8.626364285425752731e-01 5.062575926035599583e-01 2.961010418949341361e-01 7.260973332847227013e-01 4.018971617838233423e-01 3.341445414415465942e-01 2.610460024536746526e-01 6.118870064560556488e-01 5.939713109768848254e-01 5.752246591187567537e-01 6.903494018468113724e-01 7.085186790985253946e-01 8.459820589230591104e-01 5.022474285745506251e-01 3.128017328073574577e-01 4.883943222123909855e-01 6.144113607153959267e-01 5.324903545315531339e-01 7.277687868173783325e-01 3.792722411121667303e-01 7.648420812687256598e-01 3.320640273716813917e-01 4.429727455897889410e-01 8.463177108567001561e-01 1.748907930280497180e-01 8.436968002881528594e-01 5.728914762851156084e-01 4.081727575278311648e-01 4.210771540135056501e-01 0.000000000000000000e+00 5.470320645687887229e-01 8.451114264172139290e-01
2.359310568983562506e-01 4.284917563768986248e-01 7.996755911430715180e-01 8.100149364841016109e-01 6.081935736390449154e-01 7.927924784137307945e-02 4.004961643732364296e-01 7.269531360065193404e-01 5.026385436713136645e-01 8.762876739716605190e-01 2.736963798651179114e-01 4.903225150995377812e-01 4.475899678254200986e-01 7.820297660748011248e-01 9.002931142678923804e-01 3.103061722608683182e-01 5.435500621626607742e-01 3.821364665712836395e-01 5.605239351014654758e-01 5.881606134414572029e-01 6.546533324364698370e-01 7.467810770126270814e-01 4.328648813067822454e-01 6.241505346652218567e-01 1.738584584915828790e-01 6.046246851683194645e-01 1.408851788376814795e-01 8.195563430753582956e-01 8.687236947363741191e-01 6.251450139315987142e-01 6.120600147665696822e-01 6.801229386690847978e-01 5.470320645687887229e-01 0.000000000000000000e+00 7.891872566078278473e-01
3.594167206516326041e-01 6.868439228213949477e-01 5.116383932219091824e-01 5.930151115706343568e-01 8.917648137948153142e-01 5.935875880828785922e-01 5.583627075447330501e-01 7.016075088912190338e-01 4.591959487231662140e-01 6.836691411194470991e-01 8.479161510041608452e-01 5.174505168274095013e-01 8.812843508700091144e-01 3.802708757105305315e-01 6.489162092681357574e-01 3.312772811118342986e-01 1.313918981134309938e-01 5.639000535683537096e-01 3.542966388692568303e-01 6.333086410295180047e-01 8.994766468201753629e-01 9.307949760994822519e-01 6.315070310011223764e-01 7.884466690921112519e-01 4.363923519674211549e-01 6.969981780988565578e-01 6.923852475341953916e-01 5.625791209386148406e-01 6.171197301301311056e-01 6.793964585294585135e-01 9.709461628240978470e-01 5.029565408342325794e-01 8.451114264172139290e-01 7.891872566078278473e-01 0.000000000000000000e+00
