0.000000000000000000e+00 5.910153639048074670e-01 3.090370713613593834e-01 5.158608899228218636e-01 6.690965988201136305e-01 8.334122800278500609e-01 5.651843997798716712e-01 7.066199901701178954e-01 4.126154005463789076e-02 5.480700476061682869e-01 6.512353303874859334e-01 3.185826171133612217e-01 5.227419643125027493e-01 4.417909497622996562e-01 3.434353674614381013e-01 6.316223592793648312e-01 6.006216980944787398e-01 5.678138067173708059e-01 5.170713984978849709e-01 4.505552050351291360e-01 5.593233078771975286e-01 4.595144761134762890e-01 7.239813917923821895e-01 4.594326692218267394e-01 7.804303273231829596e-01 5.213253693220226692e-01 4.032081013164420247e-01 4.173881565579489750e-01 8.197960513107124259e-01 4.619626389639331365e-01 7.116690964713328071e-01 6.169125481206989559e-01 6.839753536389236999e-01 7.860138705909298640e-01 6.127919850725356277e-01
5.910153639048074670e-01 0.000000000000000000e+00 1.424914992118463397e-01 7.767632442936767134e-01 4.259323791236199197e-01 4.088165827747933800e-01 9.092332336709882945e-01 5.264228451385832841e-01 4.795437131432958577e-01 7.660751922527690994e-01 8.562862521324818843e-01 4.946426134027602783e-01 3.184709000226957354e-01 3.453813408516336336e-01 5.385333995735983592e-01 3.358269296469686416e-01 7.509104391891874286e-02 6.814539489896911384e-01 8.968271005874579593e-01 3.904375817133561855e-01 5.140382483124208424e-01 3.455351881554626359e-01 3.816628836438665795e-01 3.855460868090337390e-01 2.533973031273930032e-01 5.487082588241085634e-01 9.005703497628121390e-01 7.834288622769085553e-01 6.873274495349481761e-01 2.912626667311676298e-01 4.851746201573666761e-01 6.079183390015341359e-01 4.961409596447244330e-01 5.086356823721136511e-01 5.877100964289658780e-01
3.090370713613593834e-01 1.424914992118463397e-01 0.000000000000000000e+00 6.216392952908282865e-01 6.176840079133543160e-01 7.022878277058520746e-01 3.274098945534490435e-01 5.667094142385700195e-01 4.738115136514967629e-01 7.683582213932649285e-02 2.269687032310171437e-01 7.754748163193467825e-01 4.149906813800898764e-01 6.711700233372130953e-02 6.740769220248994387e-01 5.138462443769242771e-01 4.304246598850259842e-01 3.302501677710699135e-01 2.770460642854636335e-01 8.564559336299869541e-01 7.850083608746309949e-01 1.140866813574565874e-01 9.179987595972972647e-01 2.877873395703591242e-01 1.387352652609657455e-01 5.489533171940522704e-01 3.670824089759615050e-01 4.222432145969087225e-01 4.347391975822720855e-01 4.581820858847199807e-01 7.331521271184557875e-01 9.574940715425261928e-01 6.494821603994577197e-01 7.625694437669474635e-01 2.693735861380737728e-01
5.158608899228218636e-01 7.767632442936767134e-01 6.216392952908282865e-01 0.000000000000000000e+00 6.008577359578279875e-01 1.457388564855571778e-01 8.390350811073954418e-01 5.412690751512839737e-01 6.512685167481655490e-01 4.429381698577353199e-01 6.846404311510100316e-01 6.803344979016112681e-01 8.713951542356698221e-01 4.344928245684962498e-01 5.389539502526563552e-01 4.356209883757613532e-01 6.260992993735393641e-01 2.221089044420788694e-01 5.040712654181539465e-01 5.968937963104559152e-01 5.435001783872306369e-01 6.318091182149461194e-01 8.248601454580658521e-01 8.139374606141940305e-01 2.954318726714215693e-01 4.736529655922498971e-01 5.972124158728218113e-01 4.855479779189408318e-01 5.146167970129970071e-01 3.646878966556787449e-01 5.760856400834213353e-01 4.767742466866529694e-01 4.611547706237508204e-01 5.773487407949633443e-01 1.821846882177281524e-01
6.690965988201136305e-01 4.259323791236199197e-01 6.176840079133543160e-01 6.008577359578279875e-01 0.000000000000000000e+00 6.451097896342787852e-01 6.354666032898688144e-01 6.558454515310968569e-01 4.181468741637562880e-01 6.577987547152639447e-01 6.726692096535289433e-01 4.216158362912405533e-01 4.376352056572271887e-01 4.809455203466974638e-01 7.240004812434007730e-01 5.539429592399937041e-01 7.505874704112618367e-01 5.642712147663162536e-01 3.382779243464967833e-01 8.251603176688612207e-01 6.097733556367692653e-01 4.062585720960427693e-01 5.409356105922434876e-01 5.005364629629514006e-01 4.238390031737849784e-01 5.884451263280046085e-01 3.353501893032918568e-01 7.720863895481906436e-01 7.377920895858511852e-01 5.852312767643698121e-01 8.448185549782825099e-01 5.670020556273333012e-01 7.564716351710101261e-01 5.800012710964513873e-01 5.928833947714464703e-01
8.334122800278500609e-01 4.088165827747933800e-01 7.022878277058520746e-01 1.457388564855571778e-01 6.451097896342787852e-01 0.000000000000000000e+00 6.090061454235161653e-01 7.242279393621909866e-01 6.475192406264211886e-01 3.985004091594906983e-01 6.392531989767950007e-01 4.912610222472984511e-01 9.279382518491422482e-01 6.229173014842172007e-01 6.146196794796709995e-01 2.567030493117978263e-01 4.683456835101155735e-01 6.929703899729655614e-02 5.080452793309524484e-01 8.876226048973399063e-01 5.399505881005620678e-01 7.342654755066316818e-01 5.369305537732421696e-01 5.109739930940515595e-01 5.176159567040594656e-01 2.583233157726891882e-01 7.163732784942415943e-01 3.989666802085853337e-01 2.487225923464890798e-01 5.368697181181405487e-01 2.814317878954372132e-01 4.668931119438412547e-01 4.369607665031530752e-01 2.526257143380432613e-01 2.636713795389692971e-01
5.651843997798716712e-01 9.092332336709882945e-01 3.274098945534490435e-01 8.390350811073954418e-01 6.354666032898688144e-01 6.090061454235161653e-01 0.000000000000000000e+00 6.501142948610851846e-01 8.553807191715978586e-01 5.975916490767758660e-01 2.531260371105659712e-01 5.346131384058177005e-01 2.082433836821850903e-01 7.254888149142552090e-01 5.275530849028610136e-01 5.142020539263731926e-01 7.617116049983697623e-01 9.513628796054551806e-02 4.349976075778906326e-01 2.523541314918436029e-01 5.982726796791018042e-01 4.875119475666929159e-01 6.142398626011794649e-01 3.668453644803067459e-01 7.942621678659064210e-01 8.453227166797663283e-01 8.444844915460654189e-01 4.275753531629287174e-01 2.122148275985709098e-01 8.408297161163179601e-01 8.799660842847427666e-01 2.341736725711628386e-01 7.121705442369929973e-01 4.684360569822089149e-01 4.334296202424906541e-01
7.066199901701178954e-01 5.264228451385832841e-01 5.667094142385700195e-01 5.412690751512839737e-01 6.558454515310968569e-01 7.242279393621909866e-01 6.501142948610851846e-01 0.000000000000000000e+00 4.696636737915592663e-01 2.226079437376670134e-01 7.820982963400545662e-01 4.949789061137017110e-01 8.860066060648545960e-01 1.908990797223300007e-01 2.469902021248197022e-01 5.898672984068870084e-01 7.675910918311783515e-01 7.774692939596254959e-01 5.229472860404271728e-01 4.610097512442569156e-01 3.775392108210984810e-01 6.274510242280605388e-01 3.684150031363251365e-01 5.486881411055011259e-01 8.709278598478507050e-01 5.189081583937299458e-01 3.968644706588880799e-01 4.319014968028700996e-01 5.282258099265770834e-01 5.195477220918236494e-01 1.382763220570708551e-01 8.782209305928407872e-01 4.988619041512735719e-01 3.666866797791984434e-01 7.049888813808096177e-01
4.126154005463789076e-02 4.795437131432958577e-01 4.738115136514967629e-01 6.512685167481655490e-01 4.181468741637562880e-01 6.475192406264211886e-01 8.553807191715978586e-01 4.696636737915592663e-01 0.000000000000000000e+00 2.382625984437716227e-01 5.960514056015191464e-01 5.905358460164117362e-01 4.121929571420757110e-01 5.815267901093648106e-01 5.721808107602754934e-01 4.487302695278103104e-01 4.116509781084811137e-01 5.195296991574516188e-02 1.084411583769328002e-01 3.984506869729675937e-01 5.235038110593355221e-01 6.961779428530823211e-02 7.101576783248858549e-01 4.521294555785115854e-02 4.827368795832275294e-01 6.375087016415271757e-01 1.628922120115686711e-01 8.657696796315965670e-01 6.575613755339411171e-01 2.639321364179219587e-01 6.725051119937857091e-01 5.938732661040639904e-01 8.078722655085210924e-01 2.023158549894873981e-01 2.456700285581774335e-01
5.480700476061682869e-01 7.660751922527690994e-01 7.683582213932649285e-02 4.429381698577353199e-01 6.577987547152639447e-01 3.985004091594906983e-01 5.975916490767758660e-01 2.226079437376670134e-01 2.382625984437716227e-01 0.000000000000000000e+00 6.806407016631088602e-01 2.969669794405516150e-01 1.185523438259521445e-01 6.438234546881168585e-01 8.290219080800375062e-01 4.974018665741130052e-01 7.813226650305047372e-01 3.760984380023635887e-01 5.512430387885289829e-01 3.077469424555469013e-01 4.558477937855295314e-01 4.781238053698161350e-01 6.909866401874532604e-01 6.584895727073518668e-01 8.760647887880430584e-01 4.536344799449188447e-01 5.910607983596323223e-01 5.202776215927908954e-01 6.005481093245530477e-01 8.238077308019212674e-01 3.764380025608562441e-01 8.268820674917944924e-01 5.766192446422497841e-01 3.014132210940325685e-01 9.420784936488112438e-01
6.512353303874859334e-01 8.562862521324818843e-01 2.269687032310171437e-01 6.846404311510100316e-01 6.726692096535289433e-01 6.392531989767950007e-01 2.531260371105659712e-01 7.820982963400545662e-01 5.960514056015191464e-01 6.806407016631088602e-01 0.000000000000000000e+00 5.250211387876567715e-01 3.001816772565928382e-01 4.394086399899350126e-01 5.956982578639520298e-01 5.678951112876877705e-01 6.876289561604961298e-01 2.162155070641669230e-01 1.473801429434682397e-01 4.044731075813887688e-01 8.362085968825059279e-01 9.579643211428704452e-01 2.191924805157747791e-01 5.416748139836186082e-01 6.196669793529658854e-01 3.811903940097317589e-01 4.942793951244420780e-01 7.399438681994618960e-01 7.064201305694675082e-01 4.757514043003052695e-02 5.246627643213468417e-01 8.625939309977925795e-01 4.048429980511389914e-01 7.935896560895464580e-01 3.884597745208179798e-01
3.185826171133612217e-01 4.946426134027602783e-01 7.754748163193467825e-01 6.803344979016112681e-01 4.216158362912405533e-01 4.912610222472984511e-01 5.346131384058177005e-01 4.949789061137017110e-01 5.905358460164117362e-01 2.969669794405516150e-01 5.250211387876567715e-01 0.000000000000000000e+00 8.407832762773694846e-01 6.961246713396938013e-01 7.938845127223717046e-01 3.935704851290596773e-01 6.799227426517006068e-01 5.657430767167355157e-01 1.013705035148471101e-01 6.241762927000268357e-01 8.445631382077261051e-01 5.883335095911093049e-01 8.480677343688876046e-01 6.935242286626931429e-01 5.125957500922748711e-01 4.552941969851458381e-01 6.994915755036215099e-01 5.983038530179786152e-01 7.130610365625964508e-01 9.569367514622041382e-01 5.053028636412988384e-01 6.866580779006312696e-01 5.485194316125289182e-01 3.491542138470072887e-01 5.090450791880430925e-01
5.227419643125027493e-01 3.184709000226957354e-01 4.149906813800898764e-01 8.713951542356698221e-01 4.376352056572271887e-01 9.279382518491422482e-01 2.082433836821850903e-01 8.860066060648545960e-01 4.121929571420757110e-01 1.185523438259521445e-01 3.001816772565928382e-01 8.407832762773694846e-01 0.000000000000000000e+00 3.377490288378960370e-01 5.009332117938465334e-01 8.443757894430212740e-01 4.668627043609608340e-01 4.996532338336654999e-01 8.290598694807036484e-01 6.069934788174495832e-01 7.431402886655789075e-01 5.271647200279199197e-01 6.275065789217946222e-01 7.188167707959980390e-01 4.193896845638920290e-01 6.047093777611838306e-01 2.198432177431994816e-01 3.520404583572175339e-01 5.765632089223999834e-01 5.011853191429413990e-01 5.690194234881500446e-01 1.706159069462238609e-01 7.386164822284952969e-01 4.553412345396073979e-01 6.858327752739682426e-01
4.417909497622996562e-01 3.453813408516336336e-01 6.711700233372130953e-02 4.344928245684962498e-01 4.809455203466974638e-01 6.229173014842172007e-01 7.254888149142552090e-01 1.908990797223300007e-01 5.815267901093648106e-01 6.438234546881168585e-01 4.394086399899350126e-01 6.961246713396938013e-01 3.377490288378960370e-01 0.000000000000000000e+00 3.662279419833034400e-01 7.704899129328746099e-01 7.122125784567718831e-01 3.725239183019966038e-01 3.024016440819869977e-01 3.061498133264738408e-01 1.285944611299355556e-01 4.601844061560652621e-01 5.179628502702573467e-01 7.235811690356330761e-01 1.162332667368544126e-01 4.759397171603810262e-01 9.464077885301975801e-01 7.881324293553617633e-01 3.850468606736870969e-01 3.481543326317457776e-01 8.630705658897974697e-01 7.418045169041704856e-01 4.273057697614146000e-01 4.003160984361221475e-01 6.963406542403489663e-01
3.434353674614381013e-01 5.385333995735983592e-01 6.740769220248994387e-01 5.389539502526563552e-01 7.240004812434007730e-01 6.146196794796709995e-01 5.275530849028610136e-01 2.469902021248197022e-01 5.721808107602754934e-01 8.290219080800375062e-01 5.956982578639520298e-01 7.938845127223717046e-01 5.009332117938465334e-01 3.662279419833034400e-01 0.000000000000000000e+00 5.011348329537106405e-01 5.119900080905694928e-01 3.387743444802852610e-01 9.605950526599793537e-01 6.819469423550819087e-01 5.573271335272564908e-01 2.830228835443857616e-01 5.062881350608949838e-02 5.135770659641125668e-01 4.944174602222500825e-01 6.813209490971117166e-01 7.246360896207706404e-01 4.775819500596258926e-01 8.076749384777774932e-01 7.872621577822839223e-01 2.721390321975829529e-01 7.710555073689275840e-01 3.583028141407246792e-01 3.508422958319113993e-01 1.635451253443528374e-01
6.316223592793648312e-01 3.358269296469686416e-01 5.138462443769242771e-01 4.356209883757613532e-01 5.539429592399937041e-01 2.567030493117978263e-01 5.142020539263731926e-01 5.898672984068870084e-01 4.487302695278103104e-01 4.974018665741130052e-01 5.678951112876877705e-01 3.935704851290596773e-01 8.443757894430212740e-01 7.704899129328746099e-01 5.011348329537106405e-01 0.000000000000000000e+00 8.407198442359232748e-01 6.717984818821585158e-01 9.522831471001023118e-01 8.546995843462601439e-01 6.349617095212429785e-01 3.793736103543621785e-01 3.194193274885567257e-01 4.149729467535970273e-01 4.121983367210119154e-01 8.534682180884374247e-01 7.246807710731035801e-01 7.697923853621193579e-01 4.057875098994595531e-01 5.304410750651151751e-01 4.948983227086015124e-01 7.191116428369345170e-01 3.245091544612993539e-01 7.690921425744873252e-01 5.882261244932203148e-01
6.006216980944787398e-01 7.509104391891874286e-02 4.304246598850259842e-01 6.260992993735393641e-01 7.505874704112618367e-01 4.683456835101155735e-01 7.617116049983697623e-01 7.675910918311783515e-01 4.116509781084811137e-01 7.813226650305047372e-01 6.876289561604961298e-01 6.799227426517006068e-01 4.668627043609608340e-01 7.122125784567718831e-01 5.119900080905694928e-01 8.407198442359232748e-01 0.000000000000000000e+00 5.530888832408826783e-01 5.853010086841912152e-01 7.828026056284873579e-01 1.923479872468928376e-01 4.531519086191529433e-01 4.967452682230701910e-01 6.022977447083974756e-01 8.600818182553586766e-01 4.461700630130125411e-01 2.618470336369567719e-01 4.936876689604080548e-01 1.109131968368902155e-01 3.957464441973047586e-01 4.187711663811021778e-01 5.262581098145361347e-01 5.004956187892131148e-01 3.460387296135980506e-01 4.578257726721919885e-01
5.678138067173708059e-01 6.814539489896911384e-01 3.302501677710699135e-01 2.221089044420788694e-01 5.642712147663162536e-01 6.929703899729655614e-02 9.513628796054551806e-02 7.774692939596254959e-01 5.195296991574516188e-02 3.760984380023635887e-01 2.162155070641669230e-01 5.657430767167355157e-01 4.996532338336654999e-01 3.725239183019966038e-01 3.387743444802852610e-01 6.717984818821585158e-01 5.530888832408826783e-01 0.000000000000000000e+00 2.384001948243207880e-01 6.099584285172805487e-01 3.243479100110548963e-01 5.364058276644869672e-01 6.851018372150026181e-01 6.513306695331748664e-01 1.463668713825557743e-01 4.493288156552345813e-01 4.268890158781760702e-01 8.679655811621236339e-01 5.314993981588524985e-01 6.072524445212220678e-01 3.315859432383960748e-01 5.602493480502903633e-01 4.825298719650099044e-01 7.259709592964214142e-01 3.098364244824550195e-01
5.170713984978849709e-01 8.968271005874579593e-01 2.770460642854636335e-01 5.040712654181539465e-01 3.382779243464967833e-01 5.080452793309524484e-01 4.349976075778906326e-01 5.229472860404271728e-01 1.084411583769328002e-01 5.512430387885289829e-01 1.473801429434682397e-01 1.013705035148471101e-01 8.290598694807036484e-01 3.024016440819869977e-01 9.605950526599793537e-01 9.522831471001023118e-01 5.853010086841912152e-01 2.384001948243207880e-01 0.000000000000000000e+00 4.349651472583743739e-01 3.446052918016273559e-01 6.159751266947102177e-01 6.610906285450872666e-01 3.439885634247026314e-01 1.267807716715387834e-01 1.443715024034083472e-01 5.241512507863277381e-01 9.532084452122213669e-01 4.896786927637206133e-01 8.411598021304118600e-01 8.533538604001468242e-01 9.208832533614690341e-01 8.907631325966518521e-01 7.294706377769268890e-01 6.149251373060010684e-01
4.505552050351291360e-01 3.904375817133561855e-01 8.564559336299869541e-01 5.968937963104559152e-01 8.251603176688612207e-01 8.876226048973399063e-01 2.523541314918436029e-01 4.610097512442569156e-01 3.984506869729675937e-01 3.077469424555469013e-01 4.044731075813887688e-01 6.241762927000268357e-01 6.069934788174495832e-01 3.061498133264738408e-01 6.819469423550819087e-01 8.546995843462601439e-01 7.828026056284873579e-01 6.099584285172805487e-01 4.349651472583743739e-01 0.000000000000000000e+00 5.206547124558393858e-01 4.626391404187344958e-01 3.240463034051407898e-01 2.678390819448691063e-01 5.195659404726995501e-01 5.499805581477804628e-01 7.269687738144310352e-01 6.365050534773576407e-01 1.350630230936035181e-01 7.129387017356674239e-01 5.038815047434149763e-01 5.522501546705966824e-01 5.454936179865614854e-01 1.996960628993970088e-01 6.032584673821914656e-01
5.593233078771975286e-01 5.140382483124208424e-01 7.850083608746309949e-01 5.435001783872306369e-01 6.097733556367692653e-01 5.399505881005620678e-01 5.982726796791018042e-01 3.775392108210984810e-01 5.235038110593355221e-01 4.558477937855295314e-01 8.362085968825059279e-01 8.445631382077261051e-01 7.431402886655789075e-01 1.285944611299355556e-01 5.573271335272564908e-01 6.349617095212429785e-01 1.923479872468928376e-01 3.243479100110548963e-01 3.446052918016273559e-01 5.206547124558393858e-01 0.000000000000000000e+00 5.420669116955498801e-01 8.880987385216536634e-01 3.062697758749760579e-01 2.798032944934920607e-01 1.862995668569532581e-01 3.169857302052299097e-01 4.895472194728037740e-01 5.315916145016563732e-01 5.508131761515566716e-02 7.416506585381570371e-01 8.366203039091280047e-01 9.183700450139309357e-02 6.659695069671059953e-01 5.017789395436649258e-01
4.595144761134762890e-01 3.455351881554626359e-01 1.140866813574565874e-01 6.318091182149461194e-01 4.062585720960427693e-01 7.342654755066316818e-01 4.875119475666929159e-01 6.274510242280605388e-01 6.961779428530823211e-02 4.781238053698161350e-01 9.579643211428704452e-01 5.883335095911093049e-01 5.271647200279199197e-01 4.601844061560652621e-01 2.830228835443857616e-01 3.793736103543621785e-01 4.531519086191529433e-01 5.364058276644869672e-01 6.159751266947102177e-01 4.626391404187344958e-01 5.420669116955498801e-01 0.000000000000000000e+00 6.196777589268160913e-01 7.642116180021980565e-01 1.522227107914628785e-01 4.979064090684510169e-01 8.670854292950624931e-01 6.309253038340301156e-01 5.219686540804546748e-01 5.151256056014490436e-01 6.949897162815119600e-01 6.598477431008487049e-02 4.664881671379914607e-01 6.224308850600230869e-01 4.201415771196445048e-01
7.239813917923821895e-01 3.816628836438665795e-01 9.179987595972972647e-01 8.248601454580658521e-01 5.409356105922434876e-01 5.369305537732421696e-01 6.142398626011794649e-01 3.684150031363251365e-01 7.101576783248858549e-01 6.909866401874532604e-01 2.191924805157747791e-01 8.480677343688876046e-01 6.275065789217946222e-01 5.179628502702573467e-01 5.062881350608949838e-02 3.194193274885567257e-01 4.967452682230701910e-01 6.851018372150026181e-01 6.610906285450872666e-01 3.240463034051407898e-01 8.880987385216536634e-01 6.196777589268160913e-01 0.000000000000000000e+00 7.287673045232703206e-01 7.173250229180294646e-02 3.664616432471330953e-01 4.945155232173997772e-01 4.500503154082996504e-01 5.711228353884300057e-01 4.765814424705522856e-01 4.605865473534294097e-01 2.143976328932419850e-01 4.290101019060263421e-01 8.693910111300240384e-01 4.335211263920059066e-01
4.594326692218267394e-01 3.855460868090337390e-01 2.877873395703591242e-01 8.139374606141940305e-01 5.005364629629514006e-01 5.109739930940515595e-01 3.668453644803067459e-01 5.486881411055011259e-01 4.521294555785115854e-02 6.584895727073518668e-01 5.416748139836186082e-01 6.935242286626931429e-01 7.188167707959980390e-01 7.235811690356330761e-01 5.135770659641125668e-01 4.149729467535970273e-01 6.022977447083974756e-01 6.513306695331748664e-01 3.439885634247026314e-01 2.678390819448691063e-01 3.062697758749760579e-01 7.642116180021980565e-01 7.287673045232703206e-01 0.000000000000000000e+00 4.892230341555539042e-01 2.249510671826352448e-01 6.293691830298935308e-01 8.109186262599371586e-01 5.719963220663994985e-01 5.493851811549834707e-01 5.476422250126968816e-01 2.654444153207159429e-01 5.053860957174308721e-01 4.863226102443488630e-01 4.027395493264959159e-01
7.804303273231829596e-01 2.533973031273930032e-01 1.387352652609657455e-01 2.954318726714215693e-01 4.238390031737849784e-01 5.176159567040594656e-01 7.942621678659064210e-01 8.709278598478507050e-01 4.827368795832275294e-01 8.760647887880430584e-01 6.196669793529658854e-01 5.125957500922748711e-01 4.193896845638920290e-01 1.162332667368544126e-01 4.944174602222500825e-01 4.121983367210119154e-01 8.600818182553586766e-01 1.463668713825557743e-01 1.267807716715387834e-01 5.195659404726995501e-01 2.798032944934920607e-01 1.522227107914628785e-01 7.173250229180294646e-02 4.892230341555539042e-01 0.000000000000000000e+00 3.698683231143858330e-01 6.193066517099903301e-01 4.058731273464679656e-01 5.668151887740262573e-01 8.241329212781050018e-01 6.800514800708241658e-01 2.811077619955093532e-01 2.169204139015407096e-01 6.101284715201589215e-01 3.194600278383318281e-01
5.213253693220226692e-01 5.487082588241085634e-01 5.489533171940522704e-01 4.736529655922498971e-01 5.884451263280046085e-01 2.583233157726891882e-01 8.453227166797663283e-01 5.189081583937299458e-01 6.375087016415271757e-01 4.536344799449188447e-01 3.811903940097317589e-01 4.552941969851458381e-01 6.047093777611838306e-01 4.759397171603810262e-01 6.813209490971117166e-01 8.534682180884374247e-01 4.461700630130125411e-01 4.493288156552345813e-01 1.443715024034083472e-01 5.499805581477804628e-01 1.862995668569532581e-01 4.979064090684510169e-01 3.664616432471330953e-01 2.249510671826352448e-01 3.698683231143858330e-01 0.000000000000000000e+00 6.498351658529774033e-01 5.482554432454072035e-01 4.830698558145305466e-01 5.468120188957993344e-01 5.573439206459094297e-01 9.206504015091181437e-01 3.088380860352546997e-01 8.144432854505465613e-01 6.402493275201315281e-02
4.032081013164420247e-01 9.005703497628121390e-01 3.670824089759615050e-01 5.972124158728218113e-01 3.353501893032918568e-01 7.163732784942415943e-01 8.444844915460654189e-01 3.968644706588880799e-01 1.628922120115686711e-01 5.910607983596323223e-01 4.942793951244420780e-01 6.994915755036215099e-01 2.198432177431994816e-01 9.464077885301975801e-01 7.246360896207706404e-01 7.246807710731035801e-01 2.618470336369567719e-01 4.268890158781760702e-01 5.241512507863277381e-01 7.269687738144310352e-01 3.169857302052299097e-01 8.670854292950624931e-01 4.945155232173997772e-01 6.293691830298935308e-01 6.193066517099903301e-01 6.498351658529774033e-01 0.000000000000000000e+00 9.220525633494338624e-01 3.363089967026558491e-01 4.667501934616589687e-01 4.709595003632220944e-01 5.155236598024554029e-01 5.254201774299938066e-01 8.389503544931224965e-01 4.735587274227076593e-01
4.173881565579489750e-01 7.834288622769085553e-01 4.222432145969087225e-01 4.855479779189408318e-01 7.720863895481906436e-01 3.989666802085853337e-01 4.275753531629287174e-01 4.319014968028700996e-01 8.657696796315965670e-01 5.202776215927908954e-01 7.399438681994618960e-01 5.983038530179786152e-01 3.520404583572175339e-01 7.881324293553617633e-01 4.775819500596258926e-01 7.697923853621193579e-01 4.936876689604080548e-01 8.679655811621236339e-01 9.532084452122213669e-01 6.365050534773576407e-01 4.895472194728037740e-01 6.309253038340301156e-01 4.500503154082996504e-01 8.109186262599371586e-01 4.058731273464679656e-01 5.482554432454072035e-01 9.220525633494338624e-01 0.000000000000000000e+00 4.089982814596354599e-01 1.360465736267668646e-01 9.319876809646919780e-01 2.417582393240861882e-01 5.062966056655939795e-01 8.872619671463591873e-01 1.513301810494884769e-01
8.197960513107124259e-01 6.873274495349481761e-01 4.347391975822720855e-01 5.146167970129970071e-01 7.377920895858511852e-01 2.487225923464890798e-01 2.122148275985709098e-01 5.282258099265770834e-01 6.575613755339411171e-01 6.005481093245530477e-01 7.064201305694675082e-01 7.130610365625964508e-01 5.765632089223999834e-01 3.850468606736870969e-01 8.076749384777774932e-01 4.057875098994595531e-01 1.109131968368902155e-01 5.314993981588524985e-01 4.896786927637206133e-01 1.350630230936035181e-01 5.315916145016563732e-01 5.219686540804546748e-01 5.711228353884300057e-01 5.719963220663994985e-01 5.668151887740262573e-01 4.830698558145305466e-01 3.363089967026558491e-01 4.089982814596354599e-01 0.000000000000000000e+00 9.020233106177992788e-01 6.616057756914848209e-01 7.371037993731850424e-01 6.832958693913573356e-01 9.168842723875050282e-01 8.189012421291925747e-01
4.619626389639331365e-01 2.912626667311676298e-01 4.581820858847199807e-01 3.646878966556787449e-01 5.852312767643698121e-01 5.368697181181405487e-01 8.408297161163179601e-01 5.195477220918236494e-01 2.639321364179219587e-01 8.238077308019212674e-01 4.757514043003052695e-02 9.569367514622041382e-01 5.011853191429413990e-01 3.481543326317457776e-01 7.872621577822839223e-01 5.304410750651151751e-01 3.957464441973047586e-01 6.072524445212220678e-01 8.411598021304118600e-01 7.129387017356674239e-01 5.508131761515566716e-02 5.151256056014490436e-01 4.765814424705522856e-01 5.493851811549834707e-01 8.241329212781050018e-01 5.468120188957993344e-01 4.667501934616589687e-01 1.360465736267668646e-01 9.020233106177992788e-01 0.000000000000000000e+00 8.105327599705958175e-01 3.230177729979445411e-01 2.467010271461943516e-01 4.097872155309328357e-01 6.417801319447510311e-01
7.116690964713328071e-01 4.851746201573666761e-01 7.331521271184557875e-01 5.760856400834213353e-01 8.448185549782825099e-01 2.814317878954372132e-01 8.799660842847427666e-01 1.382763220570708551e-01 6.725051119937857091e-01 3.764380025608562441e-01 5.246627643213468417e-01 5.053028636412988384e-01 5.690194234881500446e-01 8.630705658897974697e-01 2.721390321975829529e-01 4.948983227086015124e-01 4.187711663811021778e-01 3.315859432383960748e-01 8.533538604001468242e-01 5.038815047434149763e-01 7.416506585381570371e-01 6.949897162815119600e-01 4.605865473534294097e-01 5.476422250126968816e-01 6.800514800708241658e-01 5.573439206459094297e-01 4.709595003632220944e-01 9.319876809646919780e-01 6.616057756914848209e-01 8.105327599705958175e-01 0.000000000000000000e+00 4.696337936978622896e-01 8.765995978422023160e-01 2.683213882405953155e-01 4.704229530455547037e-01
6.169125481206989559e-01 6.079183390015341359e-01 9.574940715425261928e-01 4.767742466866529694e-01 5.670020556273333012e-01 4.668931119438412547e-01 2.341736725711628386e-01 8.782209305928407872e-01 5.938732661040639904e-01 8.268820674917944924e-01 8.625939309977925795e-01 6.866580779006312696e-01 1.706159069462238609e-01 7.418045169041704856e-01 7.710555073689275840e-01 7.191116428369345170e-01 5.262581098145361347e-01 5.602493480502903633e-01 9.208832533614690341e-01 5.522501546705966824e-01 8.366203039091280047e-01 6.598477431008487049e-02 2.143976328932419850e-01 2.654444153207159429e-01 2.811077619955093532e-01 9.206504015091181437e-01 5.155236598024554029e-01 2.417582393240861882e-01 7.371037993731850424e-01 3.230177729979445411e-01 4.696337936978622896e-01 0.000000000000000000e+00 6.627894616213114709e-02 2.589412266221449155e-01 1.365239272105411850e-01
6.839753536389236999e-01 4.961409596447244330e-01 6.494821603994577197e-01 4.611547706237508204e-01 7.564716351710101261e-01 4.369607665031530752e-01 7.121705442369929973e-01 4.988619041512735719e-01 8.078722655085210924e-01 5.766192446422497841e-01 4.048429980511389914e-01 5.485194316125289182e-01 7.386164822284952969e-01 4.273057697614146000e-01 3.583028141407246792e-01 3.245091544612993539e-01 5.004956187892131148e-01 4.825298719650099044e-01 8.907631325966518521e-01 5.454936179865614854e-01 9.183700450139309357e-02 4.664881671379914607e-01 4.290101019060263421e-01 5.053860957174308721e-01 2.169204139015407096e-01 3.088380860352546997e-01 5.254201774299938066e-01 5.062966056655939795e-01 6.832958693913573356e-01 2.467010271461943516e-01 8.765995978422023160e-01 6.627894616213114709e-02 0.000000000000000000e+00 4.512985308104026094e-01 7.737613810182768503e-01
7.860138705909298640e-01 5.086356823721136511e-01 7.625694437669474635e-01 5.773487407949633443e-01 5.800012710964513873e-01 2.526257143380432613e-01 4.684360569822089149e-01 3.666866797791984434e-01 2.023158549894873981e-01 3.014132210940325685e-01 7.935896560895464580e-01 3.491542138470072887e-01 4.553412345396073979e-01 4.003160984361221475e-01 3.508422958319113993e-01 7.690921425744873252e-01 3.460387296135980506e-01 7.259709592964214142e-01 7.294706377769268890e-01 1.996960628993970088e-01 6.659695069671059953e-01 6.224308850600230869e-01 8.693910111300240384e-01 4.863226102443488630e-01 6.101284715201589215e-01 8.144432854505465613e-01 8.389503544931224965e-01 8.872619671463591873e-01 9.168842723875050282e-01 4.097872155309328357e-01 2.683213882405953155e-01 2.589412266221449155e-01 4.512985308104026094e-01 0.000000000000000000e+00 5.384663692886682007e-01
6.127919850725356277e-01 5.877100964289658780e-01 2.693735861380737728e-01 1.821846882177281524e-01 5.928833947714464703e-01 2.636713795389692971e-01 4.334296202424906541e-01 7.049888813808096177e-01 2.456700285581774335e-01 9.420784936488112438e-01 3.884597745208179798e-01 5.090450791880430925e-01 6.858327752739682426e-01 6.963406542403489663e-01 1.635451253443528374e-01 5.882261244932203148e-01 4.578257726721919885e-01 3.098364244824550195e-01 6.149251373060010684e-01 6.032584673821914656e-01 5.017789395436649258e-01 4.201415771196445048e-01 4.335211263920059066e-01 4.027395493264959159e-01 3.194600278383318281e-01 6.402493275201315281e-02 4.735587274227076593e-01 1.513301810494884769e-01 8.189012421291925747e-01 6.417801319447510311e-01 4.704229530455547037e-01 1.365239272105411850e-01 7.737613810182768503e-01 5.384663692886682007e-01 0.000000000000000000e+00
