0.000000000000000000e+00 8.267510216546984925e-01 4.080206162212478560e-01 5.870098923411823932e-01 2.534893883869281384e-01 8.074988446996922420e-02 7.408446302372693193e-01 2.531135067075795941e-01 5.275173534645146711e-01 4.823323923662274360e-01 8.615587794891499396e-01 1.495962378007246185e-01 5.769219202988067341e-01 1.237387022393454661e-01 5.266015401092125625e-01 8.623951460671159808e-01 7.371736309897913841e-01 7.237398781346586762e-01 2.350267828841861029e-01 4.894248185584912925e-01 1.501803029144873625e-01 4.145320715443778781e-01 4.078031699883079564e-01 4.198206506537425220e-01 9.456340495731763163e-01 5.318100485785968168e-01 5.011563136054009160e-01 7.199719742155794577e-01 2.324644040164964010e-01 8.914700897323571960e-01 8.212279307466781031e-01 4.271385607702662957e-01 1.653841841034969784e-01 6.568580644115791234e-01 3.978083453256547330e-01
8.267510216546984925e-01 0.000000000000000000e+00 3.392910216424097625e-01 3.691529032700388013e-01 5.192516111811859014e-01 3.158952432186690751e-01 8.525438196412999936e-01 2.004019438058827207e-01 4.224493808003662032e-01 2.107576243688857875e-01 2.559969898550130685e-01 4.598119119078580841e-01 9.633302160447718698e-01 8.414320115400784061e-01 5.027358559610207722e-01 4.422581680845303342e-01 4.280184523470090818e-01 9.600784299200604277e-02 6.015987033972990394e-01 1.499289633930175336e-01 2.210473336820217849e-01 7.610815902599655791e-01 5.477187366596313334e-01 4.607291880564628461e-01 7.574358995478718271e-01 5.973407474011971363e-01 5.484020504604854018e-01 3.928434995285700060e-01 6.989701855926104823e-01 4.776271881538168840e-01 6.268132710622157378e-01 4.750943948851414911e-01 6.029248029533224029e-01 4.386002707849744331e-01 4.635021783012768237e-01
4.080206162212478560e-01 3.392910216424097625e-01 0.000000000000000000e+00 6.826714068627267595e-01 2.573552449466095515e-01 8.191553360237473491e-01 5.797622162245310573e-01 1.486778167092061009e-01 8.060230592592917409e-01 4.892082266741820673e-01 4.757238985674389631e-01 6.504215347882180698e-02 9.153446886174787522e-01 5.127454230970857063e-01 2.409232838051297287e-01 5.401983354542074789e-01 9.105363539931563555e-01 5.607579156802222631e-02 1.761980075602661566e-01 5.690894519801512619e-01 8.787653760545663939e-01 4.720183388603260699e-01 6.283711784412894241e-01 4.943701593041879283e-01 1.288490777510208352e-01 5.890923430446941556e-01 6.342623396799880187e-01 6.660961233846178775e-01 2.828904427299152591e-01 6.203706625721069345e-01 8.242329708348861139e-02 6.046537231765966025e-01 8.150451377957165233e-01 4.958297526774557706e-01 4.963250643363998349e-01
5.870098923411823932e-01 3.691529032700388013e-01 6.826714068627267595e-01 0.000000000000000000e+00 1.909656970934695552e-01 3.079673921935266456e-01 7.580676049661994043e-02 4.858080493315349857e-01 6.087034732874729848e-01 4.383571377263644764e-01 6.903620545266142550e-01 3.111208322270457849e-01 4.975910422382420761e-01 3.603702528774030411e-01 9.185860767410841676e-01 5.422180099393197894e-01 2.591031957196248126e-01 5.404112008672250500e-01 6.588136298070833563e-01 4.100340220757996423e-01 5.093810249103079002e-01 9.060886521640072466e-01 7.487827807203130126e-01 1.065149496462516332e-01 8.767592466274236607e-01 3.882253546357831153e-01 6.931797294442059165e-01 7.180182732274331681e-02 3.993377297983515262e-01 7.138673255675775930e-01 4.926640038569816138e-01 2.510032977510567309e-01 7.625197323620630518e-01 5.520126904670631385e-01 5.219633697211241152e-01
2.534893883869281384e-01 5.192516111811859014e-01 2.573552449466095515e-01 1.909656970934695552e-01 0.000000000000000000e+00 7.960134105014851080e-01 8.720540984771367743e-01 6.830606644476492351e-01 2.870163599081434480e-01 1.179198498779360227e-01 2.591355992392733176e-01 6.148367707113842062e-01 4.104512822418440732e-01 3.943860475696517320e-01 4.178277472314922414e-01 7.151785152509839705e-01 4.746099010078932423e-01 6.686385397754337490e-01 8.646158261198971795e-01 4.997690937377933795e-01 6.721700926335547610e-01 8.088855891925694763e-01 9.764138659788343944e-01 7.302006134693967976e-01 4.278794960048465934e-01 3.881811039937243524e-01 8.238038443292732271e-01 4.946700165875964617e-01 2.743637721416660735e-01 6.048175241958551052e-01 5.667997810110501078e-01 5.166527206114368553e-02 6.122712005468118335e-01 8.281778740568828123e-01 4.432123065730360079e-01
8.074988446996922420e-02 3.158952432186690751e-01 8.191553360237473491e-01 3.079673921935266456e-01 7.960134105014851080e-01 0.000000000000000000e+00 3.547692073982222638e-01 6.944165414296725736e-01 4.404338848367282400e-01 5.692690788143871528e-01 5.573431342443061487e-01 2.762453756605059985e-01 8.646024224937702840e-01 4.770392691261948759e-01 4.761899545719523452e-01 7.840271453763612008e-01 3.846823858900721427e-01 8.215223031597520542e-01 7.845894119620442364e-01 3.645282777856873047e-01 4.312506144006305053e-01 5.009859262516873635e-01 3.810167268798039797e-01 2.200471301523020395e-01 6.729919645261693839e-01 5.071986530460073084e-01 7.482487191360227552e-01 8.829972202312796892e-01 6.844064831829312912e-01 7.191880911546988386e-01 9.058599239740690034e-01 6.075371835276686117e-01 4.346095171224412801e-01 5.162813647178839949e-01 4.192932843891125083e-01
7.408446302372693193e-01 8.525438196412999936e-01 5.797622162245310573e-01 7.580676049661994043e-02 8.720540984771367743e-01 3.547692073982222638e-01 0.000000000000000000e+00 8.507056463628488441e-01 8.666742626218419954e-01 1.534046183468248392e-01 8.388210167984579968e-01 2.055898281486360224e-01 7.721057102124054827e-01 5.079643604661852052e-01 8.828843851828813705e-01 2.590595387895325286e-01 9.598926700245433707e-01 2.946189227633522201e-01 4.584370161901969443e-01 5.661540467100856233e-01 5.261644336705171288e-01 4.832893095985431597e-01 3.160849779141174931e-01 6.812649448744452219e-01 8.742175320976539599e-01 4.808142076317287739e-01 3.698999089965492315e-01 8.372965168025381377e-02 4.449312295744875523e-01 5.188752072194773302e-01 1.370818208992811149e-01 4.330478022817537687e-01 8.185685699624436484e-01 3.368437443459147973e-01 7.800165175359794478e-01
2.531135067075795941e-01 2.004019438058827207e-01 1.486778167092061009e-01 4.858080493315349857e-01 6.830606644476492351e-01 6.944165414296725736e-01 8.507056463628488441e-01 0.000000000000000000e+00 7.478414095842567111e-01 7.217363691718017282e-01 5.805335871023935557e-01 4.392995909426397616e-01 8.865634510288684655e-01 6.278001861361270919e-02 6.632270044239967355e-01 7.278551060055270527e-01 4.988693307742924632e-01 4.887171444983016144e-01 5.592633851841016801e-01 2.043315430986712422e-01 5.336335469641120266e-01 4.019545394179262487e-01 7.133226319061629628e-01 2.767485328214146501e-01 5.444037928567220241e-01 4.543607364472876942e-01 6.052914458190472580e-01 7.519414803989976637e-01 5.315162824999443147e-01 3.189143682433343563e-01 2.353811272382506647e-01 7.558051539109712502e-01 4.608440836649861372e-01 1.398296610244124105e-01 3.518983623841810404e-01
5.275173534645146711e-01 4.224493808003662032e-01 8.060230592592917409e-01 6.087034732874729848e-01 2.870163599081434480e-01 4.404338848367282400e-01 8.666742626218419954e-01 7.478414095842567111e-01 0.000000000000000000e+00 6.183740325241029456e-01 9.131286476692392906e-01 5.326188267293502365e-01 9.685269911844361923e-01 2.192361084876096045e-01 7.177110533873820586e-01 6.087687833495647460e-01 6.706758129897716358e-01 9.345823656153058323e-01 7.966579728966355356e-01 5.572244851469130289e-01 4.877888308061069655e-01 8.688493249749436043e-01 8.470686263314878284e-01 6.222419216708252598e-01 2.095353215750958009e-01 4.562357421367160271e-01 3.557332884076354618e-01 4.560660002775571709e-01 3.120431291365498572e-01 3.919053265483867787e-01 3.484685062287091739e-01 7.910789691535766721e-01 8.956602951702229420e-01 8.306654335947513124e-01 5.100638646163314638e-01
4.823323923662274360e-01 2.107576243688857875e-01 4.892082266741820673e-01 4.383571377263644764e-01 1.179198498779360227e-01 5.692690788143871528e-01 1.534046183468248392e-01 7.217363691718017282e-01 6.183740325241029456e-01 0.000000000000000000e+00 6.580099177918459219e-01 8.670146881542741824e-01 5.685802948404405921e-01 1.447078543021892427e-01 5.689220771164280599e-01 6.682662485069228442e-01 7.098687547155044797e-01 5.905185591117889654e-01 8.430278545347231756e-01 6.239726978503814525e-01 7.538701095906413796e-01 6.996888595366046459e-02 7.768530603906873555e-01 4.696446276750692039e-01 8.090126061504565591e-01 7.154115734060513265e-01 5.284851296250365760e-01 6.399215840330811922e-01 5.195354299296369716e-01 4.895540094602928161e-01 4.354705188965726226e-01 3.550022531541008330e-01 3.571137076575521263e-01 8.269442722996029893e-01 6.628184927893092659e-01
8.615587794891499396e-01 2.559969898550130685e-01 4.757238985674389631e-01 6.903620545266142550e-01 2.591355992392733176e-01 5.573431342443061487e-01 8.388210167984579968e-01 5.805335871023935557e-01 9.131286476692392906e-01 6.580099177918459219e-01 0.000000000000000000e+00 9.449161096090765710e-01 8.927977856299832427e-01 9.309936513441522399e-01 6.543418342154885270e-01 3.679452527480663315e-01 2.790007823690234812e-01 7.719882583004964438e-01 4.783392033209106220e-01 8.136013815883732514e-01 3.725289078500376716e-01 6.530213914954210441e-01 2.681669852950973043e-01 3.116797706707902793e-01 1.717085647964879946e-01 1.872775955179625251e-01 8.999535368819600034e-02 1.516208398397004276e-01 5.751350532515462355e-01 7.202302427421947151e-01 4.453066108282302538e-01 3.834115003322677295e-01 2.940287876005143741e-01 1.914007854066163139e-01 1.263580131279595786e-01
1.495962378007246185e-01 4.598119119078580841e-01 6.504215347882180698e-02 3.111208322270457849e-01 6.148367707113842062e-01 2.762453756605059985e-01 2.055898281486360224e-01 4.392995909426397616e-01 5.326188267293502365e-01 8.670146881542741824e-01 9.449161096090765710e-01 0.000000000000000000e+00 4.861754254582029144e-01 6.241202501840711347e-01 8.333057632495642908e-01 4.149239026659815033e-01 3.724131717980739831e-01 2.120747165330670869e-01 5.537089204586389535e-01 6.175437328352995081e-01 8.507225150679681436e-01 4.917211973396595770e-01 4.387609883307247438e-01 6.487206296790295479e-01 7.135468452621485103e-02 2.963320892427983022e-01 4.197634305829396340e-01 6.427521027430538325e-01 4.666194976387272320e-01 1.622869507971683722e-01 5.716579932478351722e-01 5.830466368236492114e-01 3.506488973847821100e-02 6.995110990097577197e-01 3.038814808446047011e-01
5.769219202988067341e-01 9.633302160447718698e-01 9.153446886174787522e-01 4.975910422382420761e-01 4.104512822418440732e-01 8.646024224937702840e-01 7.721057102124054827e-01 8.865634510288684655e-01 9.685269911844361923e-01 5.685802948404405921e-01 8.927977856299832427e-01 4.861754254582029144e-01 0.000000000000000000e+00 8.685477706559153743e-01 3.346151847194023254e-01 6.435525940658699540e-01 7.545468170470737146e-02 3.153103865592259414e-01 5.165070053779691195e-01 4.454375312752092420e-01 5.132811355799680175e-01 6.846344881008343819e-01 4.263031981408917925e-01 6.716056524859252974e-01 3.544686450024634450e-01 3.187520351546553887e-01 8.219160822488336127e-02 2.027739744109959830e-01 4.649403687288121700e-01 9.011850110097842093e-01 8.691563559360374613e-01 5.746255897034387994e-01 7.372826881884064765e-01 5.181231614883714531e-01 5.247814498885670087e-01
1.237387022393454661e-01 8.414320115400784061e-01 5.127454230970857063e-01 3.603702528774030411e-01 3.943860475696517320e-01 4.770392691261948759e-01 5.079643604661852052e-01 6.278001861361270919e-02 2.192361084876096045e-01 1.447078543021892427e-01 9.309936513441522399e-01 6.241202501840711347e-01 8.685477706559153743e-01 0.000000000000000000e+00 3.193661395141133008e-01 3.138251580007319630e-01 6.132835703150318896e-01 8.075727509477874655e-01 8.375088703092961051e-01 6.426367541888700075e-01 5.770096495646775958e-01 4.689886251366413572e-01 5.249279700425806272e-01 5.210873460117178002e-01 5.352602268683825937e-01 2.414348235568237744e-01 6.678549700733896755e-01 5.937245431432383036e-01 8.329044731112698052e-01 7.737326763687619735e-01 5.658113585800443879e-01 6.267676015128011979e-01 2.960270706769783100e-01 5.249721914957342639e-01 6.958531385055267693e-01
5.266015401092125625e-01 5.027358559610207722e-01 2.409232838051297287e-01 9.185860767410841676e-01 4.178277472314922414e-01 4.761899545719523452e-01 8.828843851828813705e-01 6.632270044239967355e-01 7.177110533873820586e-01 5.689220771164280599e-01 6.543418342154885270e-01 8.333057632495642908e-01 3.346151847194023254e-01 3.193661395141133008e-01 0.000000000000000000e+00 5.079948103431017881e-01 6.872926075422816083e-01 7.970155910542553457e-01 2.761805251482756240e-01 3.424958161349238028e-01 8.958368029030372437e-02 4.691438527095663225e-01 7.541274643278428336e-01 3.039160064005986817e-01 5.749826108393921720e-01 5.655193373834559445e-01 6.332516402172316816e-01 7.093754041677147182e-01 7.744048751075263137e-01 4.525577225626129518e-01 8.992309330763542663e-01 7.696659569195851702e-01 3.204623907587790255e-01 5.127608785978581274e-01 4.991235269087476167e-01
8.623951460671159808e-01 4.422581680845303342e-01 5.401983354542074789e-01 5.422180099393197894e-01 7.151785152509839705e-01 7.840271453763612008e-01 2.590595387895325286e-01 7.278551060055270527e-01 6.087687833495647460e-01 6.682662485069228442e-01 3.679452527480663315e-01 4.149239026659815033e-01 6.435525940658699540e-01 3.138251580007319630e-01 5.079948103431017881e-01 0.000000000000000000e+00 9.770215645145429173e-01 4.582260387146630531e-01 5.143597316831016730e-02 8.189454648427954009e-01 2.011601029577213540e-01 4.541833288022956161e-01 6.862141287729557337e-01 6.397652556660007317e-01 8.974141449774306611e-01 8.854671246974833432e-01 7.410009017024250522e-01 5.354824441821731673e-01 6.736372160527295261e-01 8.241867942119756041e-01 2.787369945775527436e-01 7.154278386446182303e-01 1.415104303080544357e-01 5.550380631585203339e-01 7.671595830309140274e-01
7.371736309897913841e-01 4.280184523470090818e-01 9.105363539931563555e-01 2.591031957196248126e-01 4.746099010078932423e-01 3.846823858900721427e-01 9.598926700245433707e-01 4.988693307742924632e-01 6.706758129897716358e-01 7.098687547155044797e-01 2.790007823690234812e-01 3.724131717980739831e-01 7.545468170470737146e-02 6.132835703150318896e-01 6.872926075422816083e-01 9.770215645145429173e-01 0.000000000000000000e+00 9.039004523255206314e-01 5.391324889754955940e-01 5.679833118270960490e-02 5.196408116033193192e-01 5.491295551432633371e-01 3.924951544470031695e-01 6.396475375034811339e-01 7.033047625807574699e-01 3.932194195921626112e-01 5.928162174821611785e-01 4.955501076631063651e-02 3.703419817560469340e-01 8.856933674617388785e-01 4.552655229741794929e-01 8.027538513110161755e-01 7.560567233045619728e-01 3.443018468868768167e-01 4.233678910250359695e-01
7.237398781346586762e-01 9.600784299200604277e-02 5.607579156802222631e-02 5.404112008672250500e-01 6.686385397754337490e-01 8.215223031597520542e-01 2.946189227633522201e-01 4.887171444983016144e-01 9.345823656153058323e-01 5.905185591117889654e-01 7.719882583004964438e-01 2.120747165330670869e-01 3.153103865592259414e-01 8.075727509477874655e-01 7.970155910542553457e-01 4.582260387146630531e-01 9.039004523255206314e-01 0.000000000000000000e+00 2.770503686858867276e-01 4.885316470230595676e-01 1.997936081654945184e-01 6.373142797690003469e-01 5.672410810656728364e-01 7.279922401142453481e-01 9.846220105889016416e-01 4.019384481735349124e-01 1.716870758189749102e-01 2.042122274506357194e-01 4.650363771879337249e-01 1.603344533901700508e-01 4.421812333055881172e-01 4.431864061997907722e-01 3.731228097649348374e-01 5.657899523830594024e-01 3.570442057197459329e-01
2.350267828841861029e-01 6.015987033972990394e-01 1.761980075602661566e-01 6.588136298070833563e-01 8.646158261198971795e-01 7.845894119620442364e-01 4.584370161901969443e-01 5.592633851841016801e-01 7.966579728966355356e-01 8.430278545347231756e-01 4.783392033209106220e-01 5.537089204586389535e-01 5.165070053779691195e-01 8.375088703092961051e-01 2.761805251482756240e-01 5.143597316831016730e-02 5.391324889754955940e-01 2.770503686858867276e-01 0.000000000000000000e+00 7.173544836731272634e-01 6.376104799152751967e-01 1.288763028871027227e-01 2.749792411633796285e-01 6.095257062081216315e-01 5.362065059220264551e-01 3.018903117669207714e-01 8.090777768726939989e-01 7.297615843396173529e-01 4.980727720486857191e-01 1.498196053980576092e-01 5.521675298219944628e-01 7.875486522747782159e-02 8.486648904343088162e-01 7.332114635032661587e-01 7.955000924893054215e-01
4.894248185584912925e-01 1.499289633930175336e-01 5.690894519801512619e-01 4.100340220757996423e-01 4.997690937377933795e-01 3.645282777856873047e-01 5.661540467100856233e-01 2.043315430986712422e-01 5.572244851469130289e-01 6.239726978503814525e-01 8.136013815883732514e-01 6.175437328352995081e-01 4.454375312752092420e-01 6.426367541888700075e-01 3.424958161349238028e-01 8.189454648427954009e-01 5.679833118270960490e-02 4.885316470230595676e-01 7.173544836731272634e-01 0.000000000000000000e+00 7.052628114920049818e-01 3.807378209982381634e-01 8.066023671075461809e-01 1.318952037011299483e-01 5.190528770087678989e-01 1.148851690186368790e-01 3.890169826345033499e-01 6.947606600335951565e-01 6.609746462212575668e-01 7.560166794907936527e-01 3.619370322144363494e-01 5.244687510610862580e-01 7.490045934894491442e-01 7.364210343496473410e-01 1.967376248061959432e-01
1.501803029144873625e-01 2.210473336820217849e-01 8.787653760545663939e-01 5.093810249103079002e-01 6.721700926335547610e-01 4.312506144006305053e-01 5.261644336705171288e-01 5.336335469641120266e-01 4.877888308061069655e-01 7.538701095906413796e-01 3.725289078500376716e-01 8.507225150679681436e-01 5.132811355799680175e-01 5.770096495646775958e-01 8.958368029030372437e-02 2.011601029577213540e-01 5.196408116033193192e-01 1.997936081654945184e-01 6.376104799152751967e-01 7.052628114920049818e-01 0.000000000000000000e+00 6.851038851813211483e-01 7.805506992679565048e-01 1.448428463875186534e-01 4.366763398040104938e-01 3.607853215977842032e-01 4.864296886366099582e-01 5.683295981678300191e-01 3.392319324023265192e-01 7.676296512661378024e-01 2.455084072688932251e-01 6.808554596754257116e-02 5.517851871905132821e-01 4.513750234689233864e-01 5.968522716300628250e-02
4.145320715443778781e-01 7.610815902599655791e-01 4.720183388603260699e-01 9.060886521640072466e-01 8.088855891925694763e-01 5.009859262516873635e-01 4.832893095985431597e-01 4.019545394179262487e-01 8.688493249749436043e-01 6.996888595366046459e-02 6.530213914954210441e-01 4.917211973396595770e-01 6.846344881008343819e-01 4.689886251366413572e-01 4.691438527095663225e-01 4.541833288022956161e-01 5.491295551432633371e-01 6.373142797690003469e-01 1.288763028871027227e-01 3.807378209982381634e-01 6.851038851813211483e-01 0.000000000000000000e+00 7.949216412730113479e-01 5.645404150546879940e-01 1.936370399419889976e-01 3.679388171628276138e-01 5.757635039005830624e-01 1.591492814911373843e-01 6.568418089258727388e-01 3.055695750594933369e-01 5.616237984729632871e-01 4.873714715310004109e-01 5.600826784049104390e-01 8.876427605540104793e-02 5.803241034183630465e-01
4.078031699883079564e-01 5.477187366596313334e-01 6.283711784412894241e-01 7.487827807203130126e-01 9.764138659788343944e-01 3.810167268798039797e-01 3.160849779141174931e-01 7.133226319061629628e-01 8.470686263314878284e-01 7.768530603906873555e-01 2.681669852950973043e-01 4.387609883307247438e-01 4.263031981408917925e-01 5.249279700425806272e-01 7.541274643278428336e-01 6.862141287729557337e-01 3.924951544470031695e-01 5.672410810656728364e-01 2.749792411633796285e-01 8.066023671075461809e-01 7.805506992679565048e-01 7.949216412730113479e-01 0.000000000000000000e+00 5.788657693545313787e-01 2.579550976330403644e-01 4.535292990642247335e-01 2.447114270702405170e-01 8.321868671138246132e-01 6.746093367605066060e-02 2.667312893062132595e-01 8.826494046825983375e-01 6.201187298895435296e-01 5.082721626859348918e-01 5.208009419770847082e-01 9.128422332109011883e-01
4.198206506537425220e-01 4.607291880564628461e-01 4.943701593041879283e-01 1.065149496462516332e-01 7.302006134693967976e-01 2.200471301523020395e-01 6.812649448744452219e-01 2.767485328214146501e-01 6.222419216708252598e-01 4.696446276750692039e-01 3.116797706707902793e-01 6.487206296790295479e-01 6.716056524859252974e-01 5.210873460117178002e-01 3.039160064005986817e-01 6.397652556660007317e-01 6.396475375034811339e-01 7.279922401142453481e-01 6.095257062081216315e-01 1.318952037011299483e-01 1.448428463875186534e-01 5.645404150546879940e-01 5.788657693545313787e-01 0.000000000000000000e+00 2.320991897431800011e-01 5.889813910482148973e-01 6.135131549546227747e-01 7.064214635044510082e-01 5.868615023044113643e-01 3.784946189608035527e-01 4.597407820065957385e-01 6.066917072104389685e-01 4.834589827303430454e-01 4.287121008012648726e-01 3.579583175908539472e-01
9.456340495731763163e-01 7.574358995478718271e-01 1.288490777510208352e-01 8.767592466274236607e-01 4.278794960048465934e-01 6.729919645261693839e-01 8.742175320976539599e-01 5.444037928567220241e-01 2.095353215750958009e-01 8.090126061504565591e-01 1.717085647964879946e-01 7.135468452621485103e-02 3.544686450024634450e-01 5.352602268683825937e-01 5.749826108393921720e-01 8.974141449774306611e-01 7.033047625807574699e-01 9.846220105889016416e-01 5.362065059220264551e-01 5.190528770087678989e-01 4.366763398040104938e-01 1.936370399419889976e-01 2.579550976330403644e-01 2.320991897431800011e-01 0.000000000000000000e+00 2.028096593999111352e-01 4.892584970773995456e-01 4.607222749357714475e-01 4.433446368677114169e-01 4.767126018199202009e-01 5.476209476962404787e-01 3.466589471879613082e-01 4.367689707943679389e-01 3.066805038514888171e-01 6.325862189544764203e-01
5.318100485785968168e-01 5.973407474011971363e-01 5.890923430446941556e-01 3.882253546357831153e-01 3.881811039937243524e-01 5.071986530460073084e-01 4.808142076317287739e-01 4.543607364472876942e-01 4.562357421367160271e-01 7.154115734060513265e-01 1.872775955179625251e-01 2.963320892427983022e-01 3.187520351546553887e-01 2.414348235568237744e-01 5.655193373834559445e-01 8.854671246974833432e-01 3.932194195921626112e-01 4.019384481735349124e-01 3.018903117669207714e-01 1.148851690186368790e-01 3.607853215977842032e-01 3.679388171628276138e-01 4.535292990642247335e-01 5.889813910482148973e-01 2.028096593999111352e-01 0.000000000000000000e+00 5.226146052126110497e-01 2.747139631979321206e-01 8.177968290940471618e-01 7.323041263050829031e-01 6.710799751473965902e-01 4.639537634380021536e-01 5.234703672877027980e-01 4.931205657764421435e-01 5.172834849588574535e-01
5.011563136054009160e-01 5.484020504604854018e-01 6.342623396799880187e-01 6.931797294442059165e-01 8.238038443292732271e-01 7.482487191360227552e-01 3.698999089965492315e-01 6.052914458190472580e-01 3.557332884076354618e-01 5.284851296250365760e-01 8.999535368819600034e-02 4.197634305829396340e-01 8.219160822488336127e-02 6.678549700733896755e-01 6.332516402172316816e-01 7.410009017024250522e-01 5.928162174821611785e-01 1.716870758189749102e-01 8.090777768726939989e-01 3.890169826345033499e-01 4.864296886366099582e-01 5.757635039005830624e-01 2.447114270702405170e-01 6.135131549546227747e-01 4.892584970773995456e-01 5.226146052126110497e-01 0.000000000000000000e+00 7.686500386743897462e-01 6.869519886801223052e-02 8.499063569314257993e-01 8.712798947266173766e-01 5.518099459372619586e-01 9.037973972999447936e-01 8.672666962573902794e-01 8.641221512679397865e-01
7.199719742155794577e-01 3.928434995285700060e-01 6.660961233846178775e-01 7.180182732274331681e-02 4.946700165875964617e-01 8.829972202312796892e-01 8.372965168025381377e-02 7.519414803989976637e-01 4.560660002775571709e-01 6.399215840330811922e-01 1.516208398397004276e-01 6.427521027430538325e-01 2.027739744109959830e-01 5.937245431432383036e-01 7.093754041677147182e-01 5.354824441821731673e-01 4.955501076631063651e-02 2.042122274506357194e-01 7.297615843396173529e-01 6.947606600335951565e-01 5.683295981678300191e-01 1.591492814911373843e-01 8.321868671138246132e-01 7.064214635044510082e-01 4.607222749357714475e-01 2.747139631979321206e-01 7.686500386743897462e-01 0.000000000000000000e+00 6.741378226210046343e-01 3.359302392586397401e-01 2.589066698750681628e-01 6.342527720621482512e-01 4.528311721375051779e-01 5.020525360282612759e-01 1.509689739106744311e-01
2.324644040164964010e-01 6.989701855926104823e-01 2.828904427299152591e-01 3.993377297983515262e-01 2.743637721416660735e-01 6.844064831829312912e-01 4.449312295744875523e-01 5.315162824999443147e-01 3.120431291365498572e-01 5.195354299296369716e-01 5.751350532515462355e-01 4.666194976387272320e-01 4.649403687288121700e-01 8.329044731112698052e-01 7.744048751075263137e-01 6.736372160527295261e-01 3.703419817560469340e-01 4.650363771879337249e-01 4.980727720486857191e-01 6.609746462212575668e-01 3.392319324023265192e-01 6.568418089258727388e-01 6.746093367605066060e-02 5.868615023044113643e-01 4.433446368677114169e-01 8.177968290940471618e-01 6.869519886801223052e-02 6.741378226210046343e-01 0.000000000000000000e+00 8.499917268585610586e-02 1.497570409654644941e-01 5.506422548765325109e-01 6.073072782254858026e-01 1.514139361702401265e-01 4.396702497749490623e-01
8.914700897323571960e-01 4.776271881538168840e-01 6.203706625721069345e-01 7.138673255675775930e-01 6.048175241958551052e-01 7.191880911546988386e-01 5.188752072194773302e-01 3.189143682433343563e-01 3.919053265483867787e-01 4.895540094602928161e-01 7.202302427421947151e-01 1.622869507971683722e-01 9.011850110097842093e-01 7.737326763687619735e-01 4.525577225626129518e-01 8.241867942119756041e-01 8.856933674617388785e-01 1.603344533901700508e-01 1.498196053980576092e-01 7.560166794907936527e-01 7.676296512661378024e-01 3.055695750594933369e-01 2.667312893062132595e-01 3.784946189608035527e-01 4.767126018199202009e-01 7.323041263050829031e-01 8.499063569314257993e-01 3.359302392586397401e-01 8.499917268585610586e-02 0.000000000000000000e+00 8.231687535491655217e-01 5.747709730017289687e-01 2.407122117459128408e-01 5.118070418437314917e-02 6.425666215661872682e-01
8.212279307466781031e-01 6.268132710622157378e-01 8.242329708348861139e-02 4.926640038569816138e-01 5.667997810110501078e-01 9.058599239740690034e-01 1.370818208992811149e-01 2.353811272382506647e-01 3.484685062287091739e-01 4.354705188965726226e-01 4.453066108282302538e-01 5.716579932478351722e-01 8.691563559360374613e-01 5.658113585800443879e-01 8.992309330763542663e-01 2.787369945775527436e-01 4.552655229741794929e-01 4.421812333055881172e-01 5.521675298219944628e-01 3.619370322144363494e-01 2.455084072688932251e-01 5.616237984729632871e-01 8.826494046825983375e-01 4.597407820065957385e-01 5.476209476962404787e-01 6.710799751473965902e-01 8.712798947266173766e-01 2.589066698750681628e-01 1.497570409654644941e-01 8.231687535491655217e-01 0.000000000000000000e+00 3.445032170936161431e-01 3.820427096268441680e-01 6.563291512084765689e-01 7.044636377091992863e-01
4.271385607702662957e-01 4.750943948851414911e-01 6.046537231765966025e-01 2.510032977510567309e-01 5.166527206114368553e-02 6.075371835276686117e-01 4.330478022817537687e-01 7.558051539109712502e-01 7.910789691535766721e-01 3.550022531541008330e-01 3.834115003322677295e-01 5.830466368236492114e-01 5.746255897034387994e-01 6.267676015128011979e-01 7.696659569195851702e-01 7.154278386446182303e-01 8.027538513110161755e-01 4.431864061997907722e-01 7.875486522747782159e-02 5.244687510610862580e-01 6.808554596754257116e-02 4.873714715310004109e-01 6.201187298895435296e-01 6.066917072104389685e-01 3.466589471879613082e-01 4.639537634380021536e-01 5.518099459372619586e-01 6.342527720621482512e-01 5.506422548765325109e-01 5.747709730017289687e-01 3.445032170936161431e-01 0.000000000000000000e+00 1.100868897346276576e-01 3.521302749442187796e-01 2.379275458418794731e-01
1.653841841034969784e-01 6.029248029533224029e-01 8.150451377957165233e-01 7.625197323620630518e-01 6.122712005468118335e-01 4.346095171224412801e-01 8.185685699624436484e-01 4.608440836649861372e-01 8.956602951702229420e-01 3.571137076575521263e-01 2.940287876005143741e-01 3.506488973847821100e-02 7.372826881884064765e-01 2.960270706769783100e-01 3.204623907587790255e-01 1.415104303080544357e-01 7.560567233045619728e-01 3.731228097649348374e-01 8.486648904343088162e-01 7.490045934894491442e-01 5.517851871905132821e-01 5.600826784049104390e-01 5.082721626859348918e-01 4.834589827303430454e-01 4.367689707943679389e-01 5.234703672877027980e-01 9.037973972999447936e-01 4.528311721375051779e-01 6.073072782254858026e-01 2.407122117459128408e-01 3.820427096268441680e-01 1.100868897346276576e-01 0.000000000000000000e+00 8.038398354142564095e-01 4.781919428680844186e-01
6.568580644115791234e-01 4.386002707849744331e-01 4.958297526774557706e-01 5.520126904670631385e-01 8.281778740568828123e-01 5.162813647178839949e-01 3.368437443459147973e-01 1.398296610244124105e-01 8.306654335947513124e-01 8.269442722996029893e-01 1.914007854066163139e-01 6.995110990097577197e-01 5.181231614883714531e-01 5.249721914957342639e-01 5.127608785978581274e-01 5.550380631585203339e-01 3.443018468868768167e-01 5.657899523830594024e-01 7.332114635032661587e-01 7.364210343496473410e-01 4.513750234689233864e-01 8.876427605540104793e-02 5.208009419770847082e-01 4.287121008012648726e-01 3.066805038514888171e-01 4.931205657764421435e-01 8.672666962573902794e-01 5.020525360282612759e-01 1.514139361702401265e-01 5.118070418437314917e-02 6.563291512084765689e-01 3.521302749442187796e-01 8.038398354142564095e-01 0.000000000000000000e+00 8.227235630578009218e-01
3.978083453256547330e-01 4.635021783012768237e-01 4.963250643363998349e-01 5.219633697211241152e-01 4.432123065730360079e-01 4.192932843891125083e-01 7.800165175359794478e-01 3.518983623841810404e-01 5.100638646163314638e-01 6.628184927893092659e-01 1.263580131279595786e-01 3.038814808446047011e-01 5.247814498885670087e-01 6.958531385055267693e-01 4.991235269087476167e-01 7.671595830309140274e-01 4.233678910250359695e-01 3.570442057197459329e-01 7.955000924893054215e-01 1.967376248061959432e-01 5.968522716300628250e-02 5.803241034183630465e-01 9.128422332109011883e-01 3.579583175908539472e-01 6.325862189544764203e-01 5.172834849588574535e-01 8.641221512679397865e-01 1.509689739106744311e-01 4.396702497749490623e-01 6.425666215661872682e-01 7.044636377091992863e-01 2.379275458418794731e-01 4.781919428680844186e-01 8.227235630578009218e-01 0.000000000000000000e+00
