0.000000000000000000e+00 1.112048711616490104e-01 2.825120567104474345e-01 1.127775499155779793e-01 5.123466606967717052e-01 6.529844445345092119e-01 6.261042585153896445e-01 4.289945967370294433e-01 5.275540888221040836e-01 3.883706611239523543e-01 7.109405379904492062e-01 4.466776708041008681e-01 1.083783636264737948e-01 3.684552567749453389e-01 8.407682925425943310e-01 3.275243137590523324e-01 6.921060605690416700e-01 4.698446464643030729e-01 4.515360380736945789e-01 4.214585272003815719e-01 4.348229590954740820e-01 2.196121490793013775e-01 8.128349620072119475e-01 5.489744180255093919e-01 5.609511637378616911e-01 2.500953730670522068e-01 4.948541283359440546e-01 4.889010214317114356e-01 3.128298869788538328e-01 8.069694576091408500e-01 7.850325385558036828e-01 3.541685492208792585e-01 5.365691276515207608e-01 7.869547497146860415e-01 8.646169368805463051e-01
1.112048711616490104e-01 0.000000000000000000e+00 4.514918758148192546e-01 6.780646036087799589e-01 1.593448176639650216e-01 6.186520432715436613e-01 3.383861975121442711e-01 4.620741386824640529e-01 5.820024556631727686e-01 5.689235474345695209e-01 5.534408348797679178e-01 8.251871252388034428e-01 8.026516461747349451e-01 5.520648348865353494e-01 7.992660476833129968e-01 1.199998559233425022e-01 4.210253206951342642e-01 2.656264372468075674e-01 3.398000320928555862e-01 5.181288987783561062e-01 1.758018419981995928e-01 3.495482011488937335e-01 1.696669947462123851e-01 3.841827728438484968e-02 4.531105375616143460e-01 4.744169296848483319e-01 4.463865687667742388e-01 6.916010822039651007e-01 7.572156448204880874e-01 7.382196471516888625e-01 9.596440820214344747e-01 6.974511436744516013e-01 2.904818087115764724e-01 6.267023071850341687e-01 3.926848293285694069e-01
2.825120567104474345e-01 4.514918758148192546e-01 0.000000000000000000e+00 1.501272840029065359e-01 2.964983091345331223e-01 4.664642120305650952e-01 6.150400309506571794e-01 4.414415901987494006e-01 9.242656979304983977e-01 7.525843585543187109e-01 5.474530636517076498e-01 3.121354051453455458e-01 6.138771090224710569e-01 9.263958104649090419e-01 3.410671282865151976e-02 5.768979256826023416e-01 5.978934822539061500e-01 1.016985267161217843e-01 5.056849908628497925e-01 3.774809360272353698e-01 4.255111995149005732e-01 2.384360146230608546e-01 6.680138885838103890e-01 8.291439065310172163e-01 5.719838060331797758e-01 2.976545081918884894e-01 2.371149167303147065e-01 8.352928571025424187e-01 3.277888010038417788e-01 4.095279900386072369e-01 4.068170392922418888e-01 5.675094144736385626e-01 8.518537306221722893e-01 5.965806435691173304e-01 2.973389516031205160e-01
1.127775499155779793e-01 6.780646036087799589e-01 1.501272840029065359e-01 0.000000000000000000e+00 5.272019589950802665e-01 6.226019223311547446e-01 5.689228628428176782e-01 3.567571638700872683e-01 1.414429601281069204e-01 3.566746074107874920e-01 1.381084869006096172e-01 6.669282337310022957e-01 2.968672836675800286e-01 5.714862601016119648e-01 4.124876319290957105e-01 3.027727413884363505e-01 8.866490037363827792e-02 7.095192627332946866e-01 7.104027201792109114e-01 2.633745468416094915e-01 5.493587328977829198e-01 7.734614631634211257e-01 3.680414351256510730e-01 5.582633302295421096e-01 7.702920361715361874e-01 3.603430555136033497e-01 6.369033823343202005e-01 8.618073992017170060e-01 4.431348721396806134e-01 2.419076162942950248e-01 2.617898662296636036e-01 4.878929986971766719e-01 6.559555957591005626e-01 3.721011647917770171e-01 4.614816008106178979e-01
5.123466606967717052e-01 1.593448176639650216e-01 2.964983091345331223e-01 5.272019589950802665e-01 0.000000000000000000e+00 6.179080941142138794e-01 8.784174709829006833e-01 9.644255745255856382e-01 3.050620104556054368e-01 4.883618583528839818e-01 1.324821475198925125e-01 6.351765806664053660e-01 6.863585850460922622e-01 6.215937677236574865e-01 4.926054553568710581e-01 5.496021804482059681e-01 5.151570130222065114e-01 5.509337414862724991e-01 4.548278891007985769e-01 5.290716549239260491e-01 5.337925073243288132e-02 7.763471422543996026e-01 5.069786755604147599e-01 2.767349780191438180e-01 3.353447020576139082e-02 4.004437651287522382e-01 4.296073065910267497e-01 7.109352575586340706e-01 4.553310152315015458e-01 9.224239493619773578e-01 8.372452722417483839e-02 4.751387000982961184e-01 5.268010329387601276e-01 6.425714991416339172e-01 4.036704613520081808e-01
6.529844445345092119e-01 6.186520432715436613e-01 4.664642120305650952e-01 6.226019223311547446e-01 6.179080941142138794e-01 0.000000000000000000e+00 7.141103146927000322e-01 4.055875834643789535e-01 5.773227322514127291e-01 3.421135776917149096e-01 6.739461757003715192e-01 6.242662877010077827e-01 8.712720944715311999e-01 1.884618749512149138e-01 3.912177624379388208e-01 5.510305369746164583e-01 2.255572194437309719e-01 2.909195552566821164e-01 1.383582501040950818e-01 8.830450313337119272e-01 2.111136638499893081e-01 2.052667521134577955e-01 5.726559396758519327e-01 7.282677494109356386e-01 5.432414019098055213e-01 1.591902887911600395e-01 3.699138445524257079e-01 3.356247089446305898e-01 4.936324911046969799e-01 6.175994239527660135e-01 9.074213439392022629e-01 4.939148236151473803e-01 3.936857887298332859e-01 4.398538891986543131e-01 5.835386936735011965e-01
6.261042585153896445e-01 3.383861975121442711e-01 6.150400309506571794e-01 5.689228628428176782e-01 8.784174709829006833e-01 7.141103146927000322e-01 0.000000000000000000e+00 6.302927131872684274e-01 4.738355569501111475e-01 5.462387914222048835e-01 4.349612190351606067e-01 3.868104927602533660e-02 9.700934135188445939e-01 5.498285123405275421e-01 9.746205661547620025e-01 4.887376025669761259e-01 2.338496513046003367e-01 6.517071299804352291e-01 2.613461603463217431e-01 4.631340750756990365e-01 7.584307149460317587e-01 4.102166099144327616e-01 6.247216768684121790e-01 4.418433375183545286e-01 8.384916168461951091e-01 2.606745712868316911e-01 1.104623831696700531e-01 8.062761107716782671e-01 8.154799398546940248e-01 6.338113945440702057e-01 5.116091123173520661e-01 9.538814473992296428e-01 7.196737942157518386e-01 8.474100584512395118e-01 5.660778651270961248e-01
4.289945967370294433e-01 4.620741386824640529e-01 4.414415901987494006e-01 3.567571638700872683e-01 9.644255745255856382e-01 4.055875834643789535e-01 6.302927131872684274e-01 0.000000000000000000e+00 8.861855000246211533e-01 4.812101013090048229e-01 7.849593896952650196e-01 5.652843077270085503e-01 6.473632981254103802e-01 5.894871925800666546e-01 5.935780096845705289e-01 3.895740114602037618e-01 4.118028520592196262e-01 9.339197990313288233e-01 4.549586881610161448e-01 2.827703464245100440e-01 2.698430798736706770e-01 5.574657286475223072e-01 4.454262519522419472e-01 3.751771302902150995e-01 4.926565586494656146e-01 2.007857069296482555e-01 5.151589420199507163e-01 7.845512340576692445e-01 2.307580876642782997e-01 9.004318187161934883e-01 6.554155934515564219e-01 5.066381409131092139e-01 5.681458850531641014e-01 7.931582020113701059e-01 7.918756170235085046e-01
5.275540888221040836e-01 5.820024556631727686e-01 9.242656979304983977e-01 1.414429601281069204e-01 3.050620104556054368e-01 5.773227322514127291e-01 4.738355569501111475e-01 8.861855000246211533e-01 0.000000000000000000e+00 5.578752507175257502e-01 2.884399238362140294e-01 5.567458859803751103e-01 1.505728413605426086e-01 6.347073437057701994e-01 7.647226922013989903e-01 7.973398940459841544e-01 4.492582463848748264e-01 6.779569963720917247e-01 6.703068374531874207e-01 6.600574363196940464e-01 3.726794864683245501e-01 3.510765934071720107e-01 4.584428908065336095e-01 9.146933657152029884e-01 5.021348585733560466e-01 4.222383115055537983e-01 4.998917340112021268e-01 7.184328530485254438e-01 4.022847973384598985e-01 5.786838765497277492e-01 3.608055152788836040e-01 2.378539529049675805e-01 6.981454483959300683e-01 3.815786824729149318e-01 6.094798345952997520e-01
3.883706611239523543e-01 5.689235474345695209e-01 7.525843585543187109e-01 3.566746074107874920e-01 4.883618583528839818e-01 3.421135776917149096e-01 5.462387914222048835e-01 4.812101013090048229e-01 5.578752507175257502e-01 0.000000000000000000e+00 8.667257065147786488e-01 6.078696293077893165e-01 4.373639012139852178e-01 7.501000787159579630e-01 3.258569786476767094e-01 2.844182739898288292e-01 5.516199097505609661e-01 5.376020741554304871e-01 3.205582067829462756e-01 9.217166416683026942e-01 4.838973234586695371e-01 7.693571170188231445e-01 7.275071142789142353e-01 6.707376642989834048e-01 2.647697015986127944e-01 8.996650353677733136e-01 2.301016219083269476e-01 2.672879907162333257e-01 1.960911623373257084e-01 9.399763147571678079e-01 9.406580865958753535e-01 8.265229642673637134e-01 3.527634183463482787e-01 5.353983124230452528e-01 1.462138147432848756e-01
7.109405379904492062e-01 5.534408348797679178e-01 5.474530636517076498e-01 1.381084869006096172e-01 1.324821475198925125e-01 6.739461757003715192e-01 4.349612190351606067e-01 7.849593896952650196e-01 2.884399238362140294e-01 8.667257065147786488e-01 0.000000000000000000e+00 4.200956988163558892e-01 8.855469165069052018e-01 4.903276348796189454e-01 7.364779330428307125e-01 3.812441772315045552e-01 5.269478384924732861e-01 2.854646915289680287e-01 7.825163822998267849e-01 9.250634360814291579e-01 3.835742714591162672e-01 1.957945940410616981e-01 2.575071942412940906e-01 2.227018447931185530e-01 7.571545624314881540e-01 5.229786674625411802e-01 4.480560829683499779e-01 3.942853082159052391e-01 4.231596305453433904e-01 6.840434782120812240e-01 8.004756698626956934e-01 1.901248180381346353e-01 6.176504630096892878e-01 7.177422851899312173e-01 4.102420425361885670e-01
4.466776708041008681e-01 8.251871252388034428e-01 3.121354051453455458e-01 6.669282337310022957e-01 6.351765806664053660e-01 6.242662877010077827e-01 3.868104927602533660e-02 5.652843077270085503e-01 5.567458859803751103e-01 6.078696293077893165e-01 4.200956988163558892e-01 0.000000000000000000e+00 4.099946089587354070e-01 4.401525523749582058e-01 3.320526928675718858e-01 9.022271622759080456e-01 8.869886087265491659e-01 9.071648057595477210e-01 5.708265308282900463e-01 7.668406364957740529e-01 8.269488641845132992e-01 5.497490795607968828e-01 2.736806117132155602e-01 1.448964657444207216e-01 5.956159419499037488e-01 6.691552557622776343e-01 4.366866970381163560e-01 4.665384849121428368e-01 4.731991869068792878e-01 2.193865731159003740e-01 7.790691661705964055e-01 4.594954515651498705e-01 5.257852432303820045e-01 5.916126781923772837e-01 5.617589422885354011e-01
1.083783636264737948e-01 8.026516461747349451e-01 6.138771090224710569e-01 2.968672836675800286e-01 6.863585850460922622e-01 8.712720944715311999e-01 9.700934135188445939e-01 6.473632981254103802e-01 1.505728413605426086e-01 4.373639012139852178e-01 8.855469165069052018e-01 4.099946089587354070e-01 0.000000000000000000e+00 8.134735936122194921e-02 6.416123247925007433e-01 5.381372160867112786e-01 6.497473503043096343e-01 4.623836131391239057e-01 4.919560050476417534e-01 5.969497053248052909e-01 7.367934773513802327e-01 1.104232352003259310e-01 8.699594694983607823e-01 5.743020902687399065e-01 3.073090051520200872e-01 3.280162319413647554e-01 4.316946880003871834e-01 5.365930035933161868e-01 4.675419623635074795e-01 6.925551842538093528e-01 3.646398671622812504e-01 5.166605931220743519e-01 9.061258309992969995e-01 4.972716192560860393e-01 8.047088368356057897e-01
3.684552567749453389e-01 5.520648348865353494e-01 9.263958104649090419e-01 5.714862601016119648e-01 6.215937677236574865e-01 1.884618749512149138e-01 5.498285123405275421e-01 5.894871925800666546e-01 6.347073437057701994e-01 7.501000787159579630e-01 4.903276348796189454e-01 4.401525523749582058e-01 8.134735936122194921e-02 0.000000000000000000e+00 4.195027991769993414e-01 4.285439546170086156e-01 4.755631907081546150e-01 5.642058562701814939e-01 7.055176589089477979e-01 4.742997266362123931e-01 6.456491240405837218e-02 4.546566456981916970e-01 7.136623427379298334e-01 4.137760027969341614e-01 1.196043218451512402e-01 4.417974595460532061e-01 6.303796369607370664e-01 1.876771145519120498e-01 6.548178178946917338e-01 3.542617007445363897e-01 8.977809863820948033e-01 3.106036593955094904e-01 6.926595004873368211e-01 4.033752642363533369e-01 3.218697099306632170e-01
8.407682925425943310e-01 7.992660476833129968e-01 3.410671282865151976e-02 4.124876319290957105e-01 4.926054553568710581e-01 3.912177624379388208e-01 9.746205661547620025e-01 5.935780096845705289e-01 7.647226922013989903e-01 3.258569786476767094e-01 7.364779330428307125e-01 3.320526928675718858e-01 6.416123247925007433e-01 4.195027991769993414e-01 0.000000000000000000e+00 7.690929221100362145e-01 6.672766604473454599e-01 1.485905687647707252e-01 7.063312421321963352e-01 7.812598180376735257e-01 4.925580314897702872e-01 4.272133940058534529e-01 6.945110414240436292e-01 8.966646197153247400e-01 5.662759288130108093e-01 6.421708937278823859e-01 4.804883800051856224e-01 3.789365097800579396e-01 2.291298453987302697e-01 6.188555739550551937e-01 6.510430748618178942e-01 5.433919347465676619e-01 7.763312287955166369e-01 4.427779958922656300e-01 1.425665154934030454e-01
3.275243137590523324e-01 1.199998559233425022e-01 5.768979256826023416e-01 3.027727413884363505e-01 5.496021804482059681e-01 5.510305369746164583e-01 4.887376025669761259e-01 3.895740114602037618e-01 7.973398940459841544e-01 2.844182739898288292e-01 3.812441772315045552e-01 9.022271622759080456e-01 5.381372160867112786e-01 4.285439546170086156e-01 7.690929221100362145e-01 0.000000000000000000e+00 8.913692091342443335e-01 5.003140580454206177e-01 3.407516799342140690e-01 3.455978003830894041e-01 8.276658015082802855e-01 1.427590698995108154e-01 2.877666147577869760e-01 8.394989225698471502e-01 6.074938697671609100e-01 4.729833876805146220e-01 3.336185375047964752e-01 5.348225016087959638e-01 5.395892833611303230e-01 4.925220903741757139e-01 6.751316452272810853e-01 7.767367766052069022e-01 4.294183055710567576e-01 3.153757342784224704e-01 3.129036291704166972e-01
6.921060605690416700e-01 4.210253206951342642e-01 5.978934822539061500e-01 8.866490037363827792e-02 5.151570130222065114e-01 2.255572194437309719e-01 2.338496513046003367e-01 4.118028520592196262e-01 4.492582463848748264e-01 5.516199097505609661e-01 5.269478384924732861e-01 8.869886087265491659e-01 6.497473503043096343e-01 4.755631907081546150e-01 6.672766604473454599e-01 8.913692091342443335e-01 0.000000000000000000e+00 5.833713157319625475e-01 4.793464198946164045e-01 3.262531591623460958e-01 2.691836961919044091e-01 3.765382089816976530e-01 8.817376647657273470e-01 4.589649793868839089e-01 7.141022260918634679e-01 4.093674443827478027e-01 5.279254813375234834e-01 6.793311712384512147e-01 7.305395784189886443e-01 4.091379746860254185e-01 3.468784144835150851e-01 2.419054314475714840e-01 6.389714419474435969e-01 2.942226785345296580e-01 4.795141803024779437e-01
4.698446464643030729e-01 2.656264372468075674e-01 1.016985267161217843e-01 7.095192627332946866e-01 5.509337414862724991e-01 2.909195552566821164e-01 6.517071299804352291e-01 9.339197990313288233e-01 6.779569963720917247e-01 5.376020741554304871e-01 2.854646915289680287e-01 9.071648057595477210e-01 4.623836131391239057e-01 5.642058562701814939e-01 1.485905687647707252e-01 5.003140580454206177e-01 5.833713157319625475e-01 0.000000000000000000e+00 6.118274643555781100e-01 6.733783583114101301e-01 7.636542941540712670e-01 5.130811496159826124e-01 2.408833205095867458e-01 3.947524988407831170e-01 8.767996931040578090e-03 5.998708685869184043e-01 6.121197806556588628e-01 7.116396853196621519e-01 3.432079336762481336e-01 2.852955820699621947e-01 4.854612511590340462e-01 3.937601890455695863e-01 4.676698661114247479e-01 5.395252082477047795e-01 6.200310113210859564e-01
4.515360380736945789e-01 3.398000320928555862e-01 5.056849908628497925e-01 7.104027201792109114e-01 4.548278891007985769e-01 1.383582501040950818e-01 2.613461603463217431e-01 4.549586881610161448e-01 6.703068374531874207e-01 3.205582067829462756e-01 7.825163822998267849e-01 5.708265308282900463e-01 4.919560050476417534e-01 7.055176589089477979e-01 7.063312421321963352e-01 3.407516799342140690e-01 4.793464198946164045e-01 6.118274643555781100e-01 0.000000000000000000e+00 4.625684449856118929e-01 6.859192123782089645e-01 2.807795548744110858e-01 6.538922145472092495e-01 9.275581568707575997e-01 1.778396316091939156e-01 4.193860799527135419e-01 3.178531985230799162e-01 6.601032816706031703e-01 4.151947380021256406e-01 1.688632563090829986e-01 8.673125875663991735e-01 3.643517324546899916e-01 4.607790180217404830e-01 5.938817592297132020e-01 8.781040836055779009e-01
4.214585272003815719e-01 5.181288987783561062e-01 3.774809360272353698e-01 2.633745468416094915e-01 5.290716549239260491e-01 8.830450313337119272e-01 4.631340750756990365e-01 2.827703464245100440e-01 6.600574363196940464e-01 9.217166416683026942e-01 9.250634360814291579e-01 7.668406364957740529e-01 5.969497053248052909e-01 4.742997266362123931e-01 7.812598180376735257e-01 3.455978003830894041e-01 3.262531591623460958e-01 6.733783583114101301e-01 4.625684449856118929e-01 0.000000000000000000e+00 5.753371970229828047e-01 4.000857034846733717e-01 4.994057393304469072e-01 7.471382575463225706e-02 7.210429371928626097e-01 5.454452024872193938e-01 8.515779491425672365e-01 9.298094233829026223e-01 5.379651916040856241e-01 9.749275446573912873e-01 7.059084629392708976e-01 1.519956556280601667e-01 2.967259727819514525e-01 5.300932109756262278e-01 3.343681334771674840e-01
4.348229590954740820e-01 1.758018419981995928e-01 4.255111995149005732e-01 5.493587328977829198e-01 5.337925073243288132e-02 2.111136638499893081e-01 7.584307149460317587e-01 2.698430798736706770e-01 3.726794864683245501e-01 4.838973234586695371e-01 3.835742714591162672e-01 8.269488641845132992e-01 7.367934773513802327e-01 6.456491240405837218e-02 4.925580314897702872e-01 8.276658015082802855e-01 2.691836961919044091e-01 7.636542941540712670e-01 6.859192123782089645e-01 5.753371970229828047e-01 0.000000000000000000e+00 1.757825182343091264e-01 5.407928476571793874e-01 2.416836065693774849e-01 6.062263119515864940e-01 5.305572208395284983e-01 6.233006637569225017e-01 4.809959978753088894e-01 1.887360243652587144e-01 3.944788174236114608e-01 1.573674273453681272e-01 5.021569813937344362e-01 3.132998827746904524e-01 5.089703447126501246e-01 7.688932011855627024e-01
2.196121490793013775e-01 3.495482011488937335e-01 2.384360146230608546e-01 7.734614631634211257e-01 7.763471422543996026e-01 2.052667521134577955e-01 4.102166099144327616e-01 5.574657286475223072e-01 3.510765934071720107e-01 7.693571170188231445e-01 1.957945940410616981e-01 5.497490795607968828e-01 1.104232352003259310e-01 4.546566456981916970e-01 4.272133940058534529e-01 1.427590698995108154e-01 3.765382089816976530e-01 5.130811496159826124e-01 2.807795548744110858e-01 4.000857034846733717e-01 1.757825182343091264e-01 0.000000000000000000e+00 4.655616253138499250e-01 5.680130007168375794e-01 9.397613207981037053e-01 6.982344252370547011e-01 4.669037335633410835e-01 5.600076752999982865e-01 9.409895622245865177e-01 6.054379897811015265e-01 7.722795731988449930e-01 5.608035302897586005e-01 5.774365779845167523e-01 6.750236908661106927e-01 6.643389381379964931e-01
8.128349620072119475e-01 1.696669947462123851e-01 6.680138885838103890e-01 3.680414351256510730e-01 5.069786755604147599e-01 5.726559396758519327e-01 6.247216768684121790e-01 4.454262519522419472e-01 4.584428908065336095e-01 7.275071142789142353e-01 2.575071942412940906e-01 2.736806117132155602e-01 8.699594694983607823e-01 7.136623427379298334e-01 6.945110414240436292e-01 2.877666147577869760e-01 8.817376647657273470e-01 2.408833205095867458e-01 6.538922145472092495e-01 4.994057393304469072e-01 5.407928476571793874e-01 4.655616253138499250e-01 0.000000000000000000e+00 8.214800627010654388e-01 4.814530983711122758e-01 6.579142595419209538e-01 4.779485961400127270e-01 4.598977904608062550e-01 4.494281592609976617e-01 4.007821803848982678e-01 5.555340449239853928e-01 6.757278619541877696e-01 7.536392820198458686e-01 1.421811838459954291e-01 1.406625500894538305e-01
5.489744180255093919e-01 3.841827728438484968e-02 8.291439065310172163e-01 5.582633302295421096e-01 2.767349780191438180e-01 7.282677494109356386e-01 4.418433375183545286e-01 3.751771302902150995e-01 9.146933657152029884e-01 6.707376642989834048e-01 2.227018447931185530e-01 1.448964657444207216e-01 5.743020902687399065e-01 4.137760027969341614e-01 8.966646197153247400e-01 8.394989225698471502e-01 4.589649793868839089e-01 3.947524988407831170e-01 9.275581568707575997e-01 7.471382575463225706e-02 2.416836065693774849e-01 5.680130007168375794e-01 8.214800627010654388e-01 0.000000000000000000e+00 4.142994010195258925e-01 7.776043496272415645e-01 7.363083758823933955e-01 6.614765226308505497e-02 6.012867872492735355e-01 2.111079491861641566e-01 4.337485715830865507e-01 1.987273054554025697e-01 3.313641674366850642e-01 4.115360839051365738e-01 4.754350456557934201e-01
5.609511637378616911e-01 4.531105375616143460e-01 5.719838060331797758e-01 7.702920361715361874e-01 3.353447020576139082e-02 5.432414019098055213e-01 8.384916168461951091e-01 4.926565586494656146e-01 5.021348585733560466e-01 2.647697015986127944e-01 7.571545624314881540e-01 5.956159419499037488e-01 3.073090051520200872e-01 1.196043218451512402e-01 5.662759288130108093e-01 6.074938697671609100e-01 7.141022260918634679e-01 8.767996931040578090e-03 1.778396316091939156e-01 7.210429371928626097e-01 6.062263119515864940e-01 9.397613207981037053e-01 4.814530983711122758e-01 4.142994010195258925e-01 0.000000000000000000e+00 4.753182740598446143e-01 3.866376059640008189e-01 7.547680484332971451e-01 3.186140492968105309e-01 8.684400907012701509e-01 9.484624590040275915e-01 4.646906490798990430e-01 3.929477489248071054e-01 6.157793702051156393e-01 9.435618573244515250e-01
2.500953730670522068e-01 4.744169296848483319e-01 2.976545081918884894e-01 3.603430555136033497e-01 4.004437651287522382e-01 1.591902887911600395e-01 2.606745712868316911e-01 2.007857069296482555e-01 4.222383115055537983e-01 8.996650353677733136e-01 5.229786674625411802e-01 6.691552557622776343e-01 3.280162319413647554e-01 4.417974595460532061e-01 6.421708937278823859e-01 4.729833876805146220e-01 4.093674443827478027e-01 5.998708685869184043e-01 4.193860799527135419e-01 5.454452024872193938e-01 5.305572208395284983e-01 6.982344252370547011e-01 6.579142595419209538e-01 7.776043496272415645e-01 4.753182740598446143e-01 0.000000000000000000e+00 3.384856873389067711e-01 3.642620498051600819e-01 6.356217213661834453e-01 4.364986997363067278e-01 5.262905444080201445e-01 4.345963675870088694e-01 3.175886362814331898e-01 5.420215057787847179e-02 3.918958456450882255e-01
4.948541283359440546e-01 4.463865687667742388e-01 2.371149167303147065e-01 6.369033823343202005e-01 4.296073065910267497e-01 3.699138445524257079e-01 1.104623831696700531e-01 5.151589420199507163e-01 4.998917340112021268e-01 2.301016219083269476e-01 4.480560829683499779e-01 4.366866970381163560e-01 4.316946880003871834e-01 6.303796369607370664e-01 4.804883800051856224e-01 3.336185375047964752e-01 5.279254813375234834e-01 6.121197806556588628e-01 3.178531985230799162e-01 8.515779491425672365e-01 6.233006637569225017e-01 4.669037335633410835e-01 4.779485961400127270e-01 7.363083758823933955e-01 3.866376059640008189e-01 3.384856873389067711e-01 0.000000000000000000e+00 4.479587547563914640e-01 9.762995672871754849e-01 7.167959224198315882e-01 8.431709058585117322e-01 1.567715392550386166e-01 4.411588166888729123e-01 7.178175875442818210e-01 4.787782289354576837e-01
4.889010214317114356e-01 6.916010822039651007e-01 8.352928571025424187e-01 8.618073992017170060e-01 7.109352575586340706e-01 3.356247089446305898e-01 8.062761107716782671e-01 7.845512340576692445e-01 7.184328530485254438e-01 2.672879907162333257e-01 3.942853082159052391e-01 4.665384849121428368e-01 5.365930035933161868e-01 1.876771145519120498e-01 3.789365097800579396e-01 5.348225016087959638e-01 6.793311712384512147e-01 7.116396853196621519e-01 6.601032816706031703e-01 9.298094233829026223e-01 4.809959978753088894e-01 5.600076752999982865e-01 4.598977904608062550e-01 6.614765226308505497e-02 7.547680484332971451e-01 3.642620498051600819e-01 4.479587547563914640e-01 0.000000000000000000e+00 5.277737168464184947e-01 5.273088323677641576e-01 4.917279451068032881e-01 7.079756842319294696e-01 6.638064205551563735e-01 3.886830600832428262e-01 5.665547228374598898e-01
3.128298869788538328e-01 7.572156448204880874e-01 3.277888010038417788e-01 4.431348721396806134e-01 4.553310152315015458e-01 4.936324911046969799e-01 8.154799398546940248e-01 2.307580876642782997e-01 4.022847973384598985e-01 1.960911623373257084e-01 4.231596305453433904e-01 4.731991869068792878e-01 4.675419623635074795e-01 6.548178178946917338e-01 2.291298453987302697e-01 5.395892833611303230e-01 7.305395784189886443e-01 3.432079336762481336e-01 4.151947380021256406e-01 5.379651916040856241e-01 1.887360243652587144e-01 9.409895622245865177e-01 4.494281592609976617e-01 6.012867872492735355e-01 3.186140492968105309e-01 6.356217213661834453e-01 9.762995672871754849e-01 5.277737168464184947e-01 0.000000000000000000e+00 6.425469397586034415e-01 4.845865300131310116e-01 5.131240866217172680e-01 9.508721616260712439e-01 4.581828441492702408e-01 1.396800042887538229e-01
8.069694576091408500e-01 7.382196471516888625e-01 4.095279900386072369e-01 2.419076162942950248e-01 9.224239493619773578e-01 6.175994239527660135e-01 6.338113945440702057e-01 9.004318187161934883e-01 5.786838765497277492e-01 9.399763147571678079e-01 6.840434782120812240e-01 2.193865731159003740e-01 6.925551842538093528e-01 3.542617007445363897e-01 6.188555739550551937e-01 4.925220903741757139e-01 4.091379746860254185e-01 2.852955820699621947e-01 1.688632563090829986e-01 9.749275446573912873e-01 3.944788174236114608e-01 6.054379897811015265e-01 4.007821803848982678e-01 2.111079491861641566e-01 8.684400907012701509e-01 4.364986997363067278e-01 7.167959224198315882e-01 5.273088323677641576e-01 6.425469397586034415e-01 0.000000000000000000e+00 9.715035944785319622e-01 3.783039268298571400e-01 7.916498065913298854e-01 8.839959729467370408e-01 4.027698489594647713e-01
7.850325385558036828e-01 9.596440820214344747e-01 4.068170392922418888e-01 2.617898662296636036e-01 8.372452722417483839e-02 9.074213439392022629e-01 5.116091123173520661e-01 6.554155934515564219e-01 3.608055152788836040e-01 9.406580865958753535e-01 8.004756698626956934e-01 7.790691661705964055e-01 3.646398671622812504e-01 8.977809863820948033e-01 6.510430748618178942e-01 6.751316452272810853e-01 3.468784144835150851e-01 4.854612511590340462e-01 8.673125875663991735e-01 7.059084629392708976e-01 1.573674273453681272e-01 7.722795731988449930e-01 5.555340449239853928e-01 4.337485715830865507e-01 9.484624590040275915e-01 5.262905444080201445e-01 8.431709058585117322e-01 4.917279451068032881e-01 4.845865300131310116e-01 9.715035944785319622e-01 0.000000000000000000e+00 7.467272790239893876e-01 2.559599732753000123e-01 3.998731927940020747e-01 4.740123548034327339e-01
3.541685492208792585e-01 6.974511436744516013e-01 5.675094144736385626e-01 4.878929986971766719e-01 4.751387000982961184e-01 4.939148236151473803e-01 9.538814473992296428e-01 5.066381409131092139e-01 2.378539529049675805e-01 8.265229642673637134e-01 1.901248180381346353e-01 4.594954515651498705e-01 5.166605931220743519e-01 3.106036593955094904e-01 5.433919347465676619e-01 7.767367766052069022e-01 2.419054314475714840e-01 3.937601890455695863e-01 3.643517324546899916e-01 1.519956556280601667e-01 5.021569813937344362e-01 5.608035302897586005e-01 6.757278619541877696e-01 1.987273054554025697e-01 4.646906490798990430e-01 4.345963675870088694e-01 1.567715392550386166e-01 7.079756842319294696e-01 5.131240866217172680e-01 3.783039268298571400e-01 7.467272790239893876e-01 0.000000000000000000e+00 9.721969221968889130e-01 7.442234353058443386e-01 8.514709345268096641e-01
5.365691276515207608e-01 2.904818087115764724e-01 8.518537306221722893e-01 6.559555957591005626e-01 5.268010329387601276e-01 3.936857887298332859e-01 7.196737942157518386e-01 5.681458850531641014e-01 6.981454483959300683e-01 3.527634183463482787e-01 6.176504630096892878e-01 5.257852432303820045e-01 9.061258309992969995e-01 6.926595004873368211e-01 7.763312287955166369e-01 4.294183055710567576e-01 6.389714419474435969e-01 4.676698661114247479e-01 4.607790180217404830e-01 2.967259727819514525e-01 3.132998827746904524e-01 5.774365779845167523e-01 7.536392820198458686e-01 3.313641674366850642e-01 3.929477489248071054e-01 3.175886362814331898e-01 4.411588166888729123e-01 6.638064205551563735e-01 9.508721616260712439e-01 7.916498065913298854e-01 2.559599732753000123e-01 9.721969221968889130e-01 0.000000000000000000e+00 9.268600052567879111e-01 2.476428992976735799e-01
7.869547497146860415e-01 6.267023071850341687e-01 5.965806435691173304e-01 3.721011647917770171e-01 6.425714991416339172e-01 4.398538891986543131e-01 8.474100584512395118e-01 7.931582020113701059e-01 3.815786824729149318e-01 5.353983124230452528e-01 7.177422851899312173e-01 5.916126781923772837e-01 4.972716192560860393e-01 4.033752642363533369e-01 4.427779958922656300e-01 3.153757342784224704e-01 2.942226785345296580e-01 5.395252082477047795e-01 5.938817592297132020e-01 5.300932109756262278e-01 5.089703447126501246e-01 6.750236908661106927e-01 1.421811838459954291e-01 4.115360839051365738e-01 6.157793702051156393e-01 5.420215057787847179e-02 7.178175875442818210e-01 3.886830600832428262e-01 4.581828441492702408e-01 8.839959729467370408e-01 3.998731927940020747e-01 7.442234353058443386e-01 9.268600052567879111e-01 0.000000000000000000e+00 3.153916470784439707e-01
8.646169368805463051e-01 3.926848293285694069e-01 2.973389516031205160e-01 4.614816008106178979e-01 4.036704613520081808e-01 5.835386936735011965e-01 5.660778651270961248e-01 7.918756170235085046e-01 6.094798345952997520e-01 1.462138147432848756e-01 4.102420425361885670e-01 5.617589422885354011e-01 8.047088368356057897e-01 3.218697099306632170e-01 1.425665154934030454e-01 3.129036291704166972e-01 4.795141803024779437e-01 6.200310113210859564e-01 8.781040836055779009e-01 3.343681334771674840e-01 7.688932011855627024e-01 6.643389381379964931e-01 1.406625500894538305e-01 4.754350456557934201e-01 9.435618573244515250e-01 3.918958456450882255e-01 4.787782289354576837e-01 5.665547228374598898e-01 1.396800042887538229e-01 4.027698489594647713e-01 4.740123548034327339e-01 8.514709345268096641e-01 2.476428992976735799e-01 3.153916470784439707e-01 0.000000000000000000e+00
