0.000000000000000000e+00 2.319148810894051671e-01 5.171188186786324081e-01 1.382163389043389312e-01 4.236957880656088693e-01 5.212154736504578389e-01 3.285630024922565062e-01 8.664523502443091107e-01 8.337131867892038084e-01 6.201938998729276120e-01 8.647454354177269709e-01 2.609366688792852385e-01 3.074244991261637638e-01 4.648148083196111391e-01 7.207346170373880589e-01 4.930208953061847588e-01 8.971789070909421682e-01 5.098119313626240379e-01 3.833985986581247563e-01 6.892096930785188702e-01 7.784872044558264204e-01 5.133019456006959746e-01 7.230376116245622597e-01 3.695423765050651621e-01 8.053761622367709982e-01 9.245373752353058805e-01 8.753672724235366243e-01 5.447617706177788621e-01 7.390340704878932687e-01 2.714878045738487455e-01 6.532830016693997877e-01 5.931954733536564106e-01 4.496567349938188074e-01 6.112509460742974188e-01 4.622770666484133373e-01
2.319148810894051671e-01 0.000000000000000000e+00 9.040319794266287179e-01 8.329435364547893572e-01 7.482322834984147519e-01 7.463627434720951914e-01 6.169645399971496191e-01 4.390992265450110454e-01 7.779304088131198114e-01 4.564950464787687068e-01 3.666254335551785148e-01 2.726018674840093858e-01 5.814803284594087796e-01 4.263133827003663390e-01 6.986031111511818992e-01 4.412593482523173294e-01 3.746450951284642783e-01 3.978834108038786788e-01 5.920482318084869799e-01 7.962604428188837513e-01 5.583801026541637125e-01 4.626715074728701138e-01 4.702891744962289788e-01 2.019672777662359087e-01 2.211424842448328487e-01 4.960342350144884005e-01 7.887412037271602783e-01 2.712690006798424980e-01 5.272353737935846496e-01 8.532073413042795540e-01 4.803248348015996538e-01 5.587483118197478227e-01 4.602555702386807446e-01 7.714562411048815349e-01 3.000537984391095092e-01
5.171188186786324081e-01 9.040319794266287179e-01 0.000000000000000000e+00 4.680475741632347808e-01 5.012527214639286299e-01 2.700568391351088060e-01 5.355709877140764075e-01 9.071744077995114175e-01 5.300336280932608224e-01 3.442528225112113649e-01 6.267832456189170731e-02 3.789667198973533102e-01 4.499230107656183586e-01 8.182569331273629176e-01 2.438888790028747033e-01 6.553253172486467326e-01 5.721620102143054609e-01 7.071612240490405821e-01 1.746518659597962042e-01 7.705059937468603515e-01 4.964792426952321369e-01 8.007175465011215909e-01 6.133958449473065899e-01 7.901381518277814653e-01 4.898387789385090785e-01 3.437922248056437535e-01 7.052841069140136643e-01 8.139647526653726040e-01 8.440046930100961742e-01 5.846445156547761535e-01 4.261605487143536042e-01 7.215004468339026866e-01 2.911351499991375880e-01 8.283663947544241957e-01 5.124469642175227824e-01
1.382163389043389312e-01 8.329435364547893572e-01 4.680475741632347808e-01 0.000000000000000000e+00 5.491175290165828393e-01 4.320876326796729838e-02 8.014740494196110898e-01 1.651530592633996264e-01 5.246317088202818724e-01 4.044034443415229774e-01 6.318786585425357760e-01 4.745518799094249895e-01 7.625198129164256766e-01 7.101858362995014939e-01 7.561510253988190655e-01 6.212711973346679573e-01 4.702968052762528939e-01 2.750867730789688936e-01 4.809560934015689737e-01 7.693549297542581211e-01 2.505784559463378747e-01 4.563719206340260404e-01 7.369404972163353662e-01 2.942874401093392711e-01 8.494948521564007482e-01 8.039188070798639618e-01 7.770257004739170581e-01 2.813098158964073559e-01 5.689230351812812891e-01 8.978080481512333844e-01 7.948925677827989311e-02 3.712936145570110980e-01 8.712084178138483903e-01 5.403717658268500923e-01 5.493487312517142396e-01
4.236957880656088693e-01 7.482322834984147519e-01 5.012527214639286299e-01 5.491175290165828393e-01 0.000000000000000000e+00 8.029496597780477751e-01 7.898523792375595765e-01 1.422861483218936796e-01 5.768622745924758544e-01 7.483883938327821062e-01 6.452987569339641016e-01 3.628480970948232964e-01 4.671812936973664399e-01 7.039639807380407843e-01 2.965369875197903515e-01 4.468871365151000363e-01 4.764105459143683219e-01 6.861955758319445708e-01 4.684546863773577652e-01 5.124435061798032764e-01 5.717299182597966878e-01 5.349632864608609983e-01 8.442212666519304243e-01 6.307230048262955080e-01 3.987057997830676936e-01 9.164528724991215514e-01 5.896721471483781229e-01 3.202560136549380543e-01 4.553071862234133182e-01 5.386974023282000701e-01 4.279575535172480683e-01 7.161889413681922223e-01 3.744032671643700017e-01 1.118804459235569482e-01 3.922159266641395137e-01
5.212154736504578389e-01 7.463627434720951914e-01 2.700568391351088060e-01 4.320876326796729838e-02 8.029496597780477751e-01 0.000000000000000000e+00 6.114435928316208635e-01 3.795179000130551872e-01 3.500792585789843647e-01 3.767375212220623881e-01 2.544630950015163706e-01 6.838191871096338526e-01 7.284902499618609584e-01 8.044955902269153025e-01 3.540985974202566222e-01 1.973975823076576930e-01 5.251449200645070814e-01 4.660097350317695120e-01 7.583569930928442115e-01 3.446943108552429358e-01 7.408136438079055974e-01 8.053460242956882453e-01 8.176869287366415051e-01 5.268723238379240392e-01 6.015276412901235936e-01 4.973854272766451423e-01 5.332726161003322751e-01 7.449974717326302009e-01 3.441323011348708105e-01 7.516327906698463401e-01 1.817505583651903289e-01 6.452893609104082273e-02 5.160766529376098477e-01 7.543397100488465901e-01 4.549991072057116837e-01
3.285630024922565062e-01 6.169645399971496191e-01 5.355709877140764075e-01 8.014740494196110898e-01 7.898523792375595765e-01 6.114435928316208635e-01 0.000000000000000000e+00 1.450985357634136941e-01 6.594765790638434932e-01 1.115909856498205066e-01 1.276032360962873202e-01 4.448946942441281416e-01 4.940021558787341394e-01 3.991357062794901323e-01 5.025889748835428161e-01 3.874584445055661019e-01 5.921253532786850959e-01 4.607257463052516488e-01 3.158889559221725873e-01 5.157745093295754701e-01 8.589359394284976634e-01 5.575587729699953421e-01 4.574610576919014848e-01 6.016348148677694851e-01 5.187796470977146246e-01 5.451602738696517125e-01 4.907425745863006616e-01 7.847547603298873353e-01 8.736361082273135237e-01 5.002062487834935123e-01 6.338643520899889250e-01 4.306571330297009337e-01 6.281905875717110899e-01 4.849872596040224471e-01 5.851585248030903852e-01
8.664523502443091107e-01 4.390992265450110454e-01 9.071744077995114175e-01 1.651530592633996264e-01 1.422861483218936796e-01 3.795179000130551872e-01 1.450985357634136941e-01 0.000000000000000000e+00 8.555795236147545335e-01 7.329881894589959090e-01 9.067497504981849588e-01 7.591217021972762602e-01 7.062584155669088259e-01 8.584274850744948449e-01 5.754654303912265512e-01 8.877667335939286586e-01 5.172288169678240788e-01 4.458914583640806173e-01 8.666603191298025699e-01 6.965524446939607150e-01 7.088460587109510769e-01 8.717742376398045501e-01 2.670363830421574880e-01 7.789051436461523759e-01 6.344687089024636517e-01 5.385053434610329592e-01 2.042469521952736677e-01 6.240023287350704440e-01 4.258556716718508994e-02 3.058271711655051184e-01 5.501314946350042145e-01 5.029583756506598169e-01 1.425829077133604628e-01 1.452891624615855193e-01 8.330589677495812140e-01
8.337131867892038084e-01 7.779304088131198114e-01 5.300336280932608224e-01 5.246317088202818724e-01 5.768622745924758544e-01 3.500792585789843647e-01 6.594765790638434932e-01 8.555795236147545335e-01 0.000000000000000000e+00 6.816762399108445836e-01 4.950255797027122151e-01 9.166234586073531698e-01 4.037417035882406857e-01 7.777643703101404515e-01 7.519182498878211884e-01 4.264329579015276317e-01 2.868231094953369587e-01 3.867785736229586990e-01 3.399667900343097404e-01 4.236246650408297398e-01 6.190063792022046929e-01 3.762989854584902205e-01 6.823246926210521091e-01 5.553487306823357006e-01 7.188348721860782220e-01 9.601592509790559671e-01 4.246965315834925203e-01 5.240346015603838392e-01 4.726923880408929746e-01 1.139775305149753892e-01 2.193747986418757567e-01 8.803086532250689045e-01 7.824123163281762050e-01 1.253637801424173359e-01 9.426047406145154905e-01
6.201938998729276120e-01 4.564950464787687068e-01 3.442528225112113649e-01 4.044034443415229774e-01 7.483883938327821062e-01 3.767375212220623881e-01 1.115909856498205066e-01 7.329881894589959090e-01 6.816762399108445836e-01 0.000000000000000000e+00 5.382599343557354921e-01 2.144990981003012109e-01 3.761403436872432504e-01 3.318540824384177412e-01 5.258832903645298540e-01 5.097475542947014215e-01 2.177740861576358822e-01 1.595243682355121373e-01 5.504716691063934464e-01 9.165322110459692695e-01 2.906167997775417344e-01 6.256115177658716497e-01 5.213418340729967237e-01 4.238531581493026890e-01 4.569296818547718964e-01 3.895034310938845779e-01 3.914797046720058793e-01 2.332035837721797567e-01 3.831163269878175015e-01 5.292514662404494974e-01 5.642461439208699137e-01 3.000050599061716561e-01 4.758412695733005293e-01 8.882913734195676536e-01 4.030132149731382452e-01
8.647454354177269709e-01 3.666254335551785148e-01 6.267832456189170731e-02 6.318786585425357760e-01 6.452987569339641016e-01 2.544630950015163706e-01 1.276032360962873202e-01 9.067497504981849588e-01 4.950255797027122151e-01 5.382599343557354921e-01 0.000000000000000000e+00 3.922663035430893341e-01 2.170014611231223522e-01 5.214050900534518140e-01 5.593036983064022527e-01 4.475627989817365093e-01 5.580836788837246765e-01 7.106788282398236456e-01 7.177190289299049120e-01 4.929228882892308650e-01 3.532193111158853371e-01 3.134808362333183496e-01 1.915936666248182485e-01 3.530543700070388757e-01 3.900577020491735047e-01 5.048145327075519440e-01 6.297895621397520127e-01 3.892350239933022316e-01 4.283797792270466753e-01 9.608604482106710698e-01 5.700127257873379705e-01 9.711396812433600312e-01 8.949476739665744862e-01 5.141168586519713202e-01 8.868739148270070594e-01
2.609366688792852385e-01 2.726018674840093858e-01 3.789667198973533102e-01 4.745518799094249895e-01 3.628480970948232964e-01 6.838191871096338526e-01 4.448946942441281416e-01 7.591217021972762602e-01 9.166234586073531698e-01 2.144990981003012109e-01 3.922663035430893341e-01 0.000000000000000000e+00 1.672317043168970452e-01 7.178309389678758645e-01 4.991617419094297459e-01 6.021648591794822591e-01 9.860056725196326699e-01 4.768694287984955316e-01 9.382936850712561005e-01 4.535567813382335167e-02 7.489541366614975715e-01 1.240282657704561697e-01 4.893694438498710775e-01 2.863211058849755020e-01 6.324563346702087863e-01 7.946605012634145870e-01 4.108244079354633760e-01 5.064022373025111046e-01 8.935681324553845783e-01 4.323209993779705274e-01 6.815499149205803686e-01 7.453704071829649891e-01 1.514648375509628497e-01 4.207395734457703984e-01 4.850984887467320594e-01
3.074244991261637638e-01 5.814803284594087796e-01 4.499230107656183586e-01 7.625198129164256766e-01 4.671812936973664399e-01 7.284902499618609584e-01 4.940021558787341394e-01 7.062584155669088259e-01 4.037417035882406857e-01 3.761403436872432504e-01 2.170014611231223522e-01 1.672317043168970452e-01 0.000000000000000000e+00 2.829569483894666115e-01 8.244661555748589166e-01 2.775693796880017716e-01 7.950251014915576953e-01 5.102352968394814337e-01 6.473963185903828244e-01 9.084900584697561676e-01 5.180901480304819229e-01 3.018705974955355753e-01 8.000328257609659044e-01 8.654896904324685947e-01 5.457954262692883418e-01 7.635267045593527868e-01 7.419438695607603051e-01 5.682959920713934743e-01 8.558514203115824559e-01 5.707453756652487442e-01 4.390050578120416880e-01 7.226009857472399656e-01 4.750287143201702977e-01 4.378387950128012629e-01 3.817412980523338106e-01
4.648148083196111391e-01 4.263133827003663390e-01 8.182569331273629176e-01 7.101858362995014939e-01 7.039639807380407843e-01 8.044955902269153025e-01 3.991357062794901323e-01 8.584274850744948449e-01 7.777643703101404515e-01 3.318540824384177412e-01 5.214050900534518140e-01 7.178309389678758645e-01 2.829569483894666115e-01 0.000000000000000000e+00 9.613474686684275738e-02 8.446648030589978262e-01 9.073575626396732652e-01 9.487944520093489764e-01 4.000761761830370355e-01 9.109371555843756019e-01 6.558400804838807607e-01 4.661677628266085449e-01 6.919377702441321665e-01 5.906471032923140685e-01 3.830060325581554626e-01 9.193851498008831502e-02 4.445827003848379366e-02 2.181180260596081166e-01 5.225173986919949831e-01 7.415518287531174257e-01 8.170545392400216933e-01 3.617086120951678030e-01 1.279705937340237520e-01 8.156122628489009818e-01 1.562005353804182262e-01
7.207346170373880589e-01 6.986031111511818992e-01 2.438888790028747033e-01 7.561510253988190655e-01 2.965369875197903515e-01 3.540985974202566222e-01 5.025889748835428161e-01 5.754654303912265512e-01 7.519182498878211884e-01 5.258832903645298540e-01 5.593036983064022527e-01 4.991617419094297459e-01 8.244661555748589166e-01 9.613474686684275738e-02 0.000000000000000000e+00 4.693767878269802241e-01 6.370625640880535068e-01 9.546304881152198885e-01 6.352747842960273505e-01 6.326788081175588330e-01 8.882532875708226694e-02 3.277952040991077842e-01 4.895143501727787783e-01 8.931967507974665210e-01 7.075030122228203044e-01 3.083142656647092084e-02 6.974070921901394104e-01 4.232735322878571349e-01 3.598418442983957188e-01 6.602222835420072933e-01 5.306895992186697608e-01 6.557297966444907145e-01 3.238030119608091839e-01 7.823663450087442461e-01 8.922786272287706044e-01
4.930208953061847588e-01 4.412593482523173294e-01 6.553253172486467326e-01 6.212711973346679573e-01 4.468871365151000363e-01 1.973975823076576930e-01 3.874584445055661019e-01 8.877667335939286586e-01 4.264329579015276317e-01 5.097475542947014215e-01 4.475627989817365093e-01 6.021648591794822591e-01 2.775693796880017716e-01 8.446648030589978262e-01 4.693767878269802241e-01 0.000000000000000000e+00 3.960335615139717325e-01 6.175815141311890022e-01 3.608133840915543900e-01 4.854294647937973384e-01 6.683486377979236392e-01 3.624647725558304279e-01 6.851693669799616693e-01 7.813406760446954813e-01 6.556877156088543046e-01 3.439767790704932882e-01 4.800568125999385982e-01 8.005849267154074855e-01 7.764091926359322215e-01 5.432322591900489162e-01 3.651907190166067685e-01 3.621091238259707135e-01 1.476190033858492123e-01 8.428342533833728112e-01 5.369217410213417141e-01
8.971789070909421682e-01 3.746450951284642783e-01 5.721620102143054609e-01 4.702968052762528939e-01 4.764105459143683219e-01 5.251449200645070814e-01 5.921253532786850959e-01 5.172288169678240788e-01 2.868231094953369587e-01 2.177740861576358822e-01 5.580836788837246765e-01 9.860056725196326699e-01 7.950251014915576953e-01 9.073575626396732652e-01 6.370625640880535068e-01 3.960335615139717325e-01 0.000000000000000000e+00 5.499984411878300339e-01 4.812152974210138767e-01 9.211322369763803586e-01 4.951520669144183207e-01 4.733004259080472731e-01 2.983634715557336170e-01 4.982525636421401560e-01 4.877283814969667342e-01 7.787875949970818334e-01 8.578421023356987973e-01 4.736122582879450649e-01 2.598198779202256503e-01 6.439139968467508801e-01 5.994383549425656987e-01 4.513844504683998671e-01 4.209572205720648053e-01 4.903700096605884129e-01 8.266994913642999876e-01
5.098119313626240379e-01 3.978834108038786788e-01 7.071612240490405821e-01 2.750867730789688936e-01 6.861955758319445708e-01 4.660097350317695120e-01 4.607257463052516488e-01 4.458914583640806173e-01 3.867785736229586990e-01 1.595243682355121373e-01 7.106788282398236456e-01 4.768694287984955316e-01 5.102352968394814337e-01 9.487944520093489764e-01 9.546304881152198885e-01 6.175815141311890022e-01 5.499984411878300339e-01 0.000000000000000000e+00 8.982511368079890701e-01 6.375393512779530258e-01 7.788463660939941580e-01 4.826441968490273737e-01 5.511912938137601969e-01 6.558419163984168243e-01 5.344361664605788986e-01 7.293982061944571660e-01 4.251721487713202019e-01 7.325084960094347952e-01 9.022279746995176541e-02 8.044042654053020769e-01 2.155632863844550995e-01 1.234851776920956601e-01 2.156046538156378700e-01 8.980677444619475924e-01 5.645782658546831811e-01
3.833985986581247563e-01 5.920482318084869799e-01 1.746518659597962042e-01 4.809560934015689737e-01 4.684546863773577652e-01 7.583569930928442115e-01 3.158889559221725873e-01 8.666603191298025699e-01 3.399667900343097404e-01 5.504716691063934464e-01 7.177190289299049120e-01 9.382936850712561005e-01 6.473963185903828244e-01 4.000761761830370355e-01 6.352747842960273505e-01 3.608133840915543900e-01 4.812152974210138767e-01 8.982511368079890701e-01 0.000000000000000000e+00 3.948902074368459969e-01 5.009342547845863081e-01 4.166106217705529136e-01 3.610142919023903718e-01 7.821325185847560757e-01 3.943358234785269145e-01 6.651140453811228426e-01 8.977971835447745574e-01 3.769711849900130862e-01 8.396733941435380322e-01 4.843328671056719159e-01 7.387498998446844212e-01 5.734887370706842624e-01 6.581866165749845621e-01 3.631784679423507578e-01 6.963949835801943600e-01
6.892096930785188702e-01 7.962604428188837513e-01 7.705059937468603515e-01 7.693549297542581211e-01 5.124435061798032764e-01 3.446943108552429358e-01 5.157745093295754701e-01 6.965524446939607150e-01 4.236246650408297398e-01 9.165322110459692695e-01 4.929228882892308650e-01 4.535567813382335167e-02 9.084900584697561676e-01 9.109371555843756019e-01 6.326788081175588330e-01 4.854294647937973384e-01 9.211322369763803586e-01 6.375393512779530258e-01 3.948902074368459969e-01 0.000000000000000000e+00 7.141191530365118556e-01 9.564087189015929580e-01 5.880778883316473138e-01 1.349633980614913797e-01 9.593219720181906940e-01 7.740752562310939666e-01 7.064321510855491315e-01 6.493361760073437239e-01 9.646456034658803524e-01 5.118135758140535119e-01 8.441731358781727756e-01 9.254087783725477578e-01 1.165002888992894281e-01 6.918131015080399848e-01 5.186560513508360337e-01
7.784872044558264204e-01 5.583801026541637125e-01 4.964792426952321369e-01 2.505784559463378747e-01 5.717299182597966878e-01 7.408136438079055974e-01 8.589359394284976634e-01 7.088460587109510769e-01 6.190063792022046929e-01 2.906167997775417344e-01 3.532193111158853371e-01 7.489541366614975715e-01 5.180901480304819229e-01 6.558400804838807607e-01 8.882532875708226694e-02 6.683486377979236392e-01 4.951520669144183207e-01 7.788463660939941580e-01 5.009342547845863081e-01 7.141191530365118556e-01 0.000000000000000000e+00 6.734687868423114843e-01 5.611814511310828646e-01 4.764244531248131298e-01 7.675080959060944785e-01 5.708826393412100852e-01 7.186391445923325794e-01 4.314782308446267756e-01 4.441582533753203887e-01 7.893817916276493207e-01 7.514847436434246575e-01 5.261590374736004883e-01 6.679443998783439751e-01 5.424211228712529920e-01 3.274581212912971440e-01
5.133019456006959746e-01 4.626715074728701138e-01 8.007175465011215909e-01 4.563719206340260404e-01 5.349632864608609983e-01 8.053460242956882453e-01 5.575587729699953421e-01 8.717742376398045501e-01 3.762989854584902205e-01 6.256115177658716497e-01 3.134808362333183496e-01 1.240282657704561697e-01 3.018705974955355753e-01 4.661677628266085449e-01 3.277952040991077842e-01 3.624647725558304279e-01 4.733004259080472731e-01 4.826441968490273737e-01 4.166106217705529136e-01 9.564087189015929580e-01 6.734687868423114843e-01 0.000000000000000000e+00 7.340388217344552269e-01 7.379959245068579143e-01 2.029993027885248491e-01 6.097375528860834448e-01 4.352048894665538348e-01 8.647419840525600865e-01 4.881849846595752718e-01 6.262796564057109272e-01 5.653259906705619953e-01 5.276109074246794206e-01 4.109841882959041626e-01 6.872807117745153294e-01 4.674983079246040063e-01
7.230376116245622597e-01 4.702891744962289788e-01 6.133958449473065899e-01 7.369404972163353662e-01 8.442212666519304243e-01 8.176869287366415051e-01 4.574610576919014848e-01 2.670363830421574880e-01 6.823246926210521091e-01 5.213418340729967237e-01 1.915936666248182485e-01 4.893694438498710775e-01 8.000328257609659044e-01 6.919377702441321665e-01 4.895143501727787783e-01 6.851693669799616693e-01 2.983634715557336170e-01 5.511912938137601969e-01 3.610142919023903718e-01 5.880778883316473138e-01 5.611814511310828646e-01 7.340388217344552269e-01 0.000000000000000000e+00 8.593607508429960129e-01 9.416270144941634168e-01 3.459119288421729776e-01 9.330368974713700858e-01 1.880842172463095263e-01 6.094534804293507690e-01 6.092930676397030343e-01 5.645435997235743741e-01 6.378705648210778456e-01 5.887939079734030301e-01 6.819229302047856711e-01 7.037369599680516341e-01
3.695423765050651621e-01 2.019672777662359087e-01 7.901381518277814653e-01 2.942874401093392711e-01 6.307230048262955080e-01 5.268723238379240392e-01 6.016348148677694851e-01 7.789051436461523759e-01 5.553487306823357006e-01 4.238531581493026890e-01 3.530543700070388757e-01 2.863211058849755020e-01 8.654896904324685947e-01 5.906471032923140685e-01 8.931967507974665210e-01 7.813406760446954813e-01 4.982525636421401560e-01 6.558419163984168243e-01 7.821325185847560757e-01 1.349633980614913797e-01 4.764244531248131298e-01 7.379959245068579143e-01 8.593607508429960129e-01 0.000000000000000000e+00 2.173134997919220768e-01 5.534693664258226731e-01 4.211551312955271187e-01 5.393036005347849882e-01 4.379322887009228227e-01 2.507053768868054977e-01 7.808811535513116020e-01 4.144077295407778139e-01 7.966898535342645804e-01 9.836105115200036719e-01 5.727820619140842062e-01
8.053761622367709982e-01 2.211424842448328487e-01 4.898387789385090785e-01 8.494948521564007482e-01 3.987057997830676936e-01 6.015276412901235936e-01 5.187796470977146246e-01 6.344687089024636517e-01 7.188348721860782220e-01 4.569296818547718964e-01 3.900577020491735047e-01 6.324563346702087863e-01 5.457954262692883418e-01 3.830060325581554626e-01 7.075030122228203044e-01 6.556877156088543046e-01 4.877283814969667342e-01 5.344361664605788986e-01 3.943358234785269145e-01 9.593219720181906940e-01 7.675080959060944785e-01 2.029993027885248491e-01 9.416270144941634168e-01 2.173134997919220768e-01 0.000000000000000000e+00 5.111764227771753433e-01 5.795982933055899844e-01 3.046983119554701469e-01 5.991278077085000486e-01 1.979457168107048304e-01 4.892054950538948788e-02 8.375386022353128457e-01 4.955632092240209730e-01 5.676695735118088004e-01 6.430574016087478029e-01
9.245373752353058805e-01 4.960342350144884005e-01 3.437922248056437535e-01 8.039188070798639618e-01 9.164528724991215514e-01 4.973854272766451423e-01 5.451602738696517125e-01 5.385053434610329592e-01 9.601592509790559671e-01 3.895034310938845779e-01 5.048145327075519440e-01 7.946605012634145870e-01 7.635267045593527868e-01 9.193851498008831502e-02 3.083142656647092084e-02 3.439767790704932882e-01 7.787875949970818334e-01 7.293982061944571660e-01 6.651140453811228426e-01 7.740752562310939666e-01 5.708826393412100852e-01 6.097375528860834448e-01 3.459119288421729776e-01 5.534693664258226731e-01 5.111764227771753433e-01 0.000000000000000000e+00 2.318975369459808089e-01 7.806922214455291886e-01 3.310666032317550744e-01 8.325209034521706686e-01 8.286365892786302645e-01 9.042679755430361732e-01 5.619844452262783285e-01 8.434334761948572012e-01 6.041566514289362644e-01
8.753672724235366243e-01 7.887412037271602783e-01 7.052841069140136643e-01 7.770257004739170581e-01 5.896721471483781229e-01 5.332726161003322751e-01 4.907425745863006616e-01 2.042469521952736677e-01 4.246965315834925203e-01 3.914797046720058793e-01 6.297895621397520127e-01 4.108244079354633760e-01 7.419438695607603051e-01 4.445827003848379366e-02 6.974070921901394104e-01 4.800568125999385982e-01 8.578421023356987973e-01 4.251721487713202019e-01 8.977971835447745574e-01 7.064321510855491315e-01 7.186391445923325794e-01 4.352048894665538348e-01 9.330368974713700858e-01 4.211551312955271187e-01 5.795982933055899844e-01 2.318975369459808089e-01 0.000000000000000000e+00 3.674545706558101643e-01 3.436301781526554522e-01 5.206928773474206462e-01 5.751408545038002584e-01 5.966266149490488946e-01 4.327458982365354201e-01 7.764955809487322780e-02 3.923500374676991420e-01
5.447617706177788621e-01 2.712690006798424980e-01 8.139647526653726040e-01 2.813098158964073559e-01 3.202560136549380543e-01 7.449974717326302009e-01 7.847547603298873353e-01 6.240023287350704440e-01 5.240346015603838392e-01 2.332035837721797567e-01 3.892350239933022316e-01 5.064022373025111046e-01 5.682959920713934743e-01 2.181180260596081166e-01 4.232735322878571349e-01 8.005849267154074855e-01 4.736122582879450649e-01 7.325084960094347952e-01 3.769711849900130862e-01 6.493361760073437239e-01 4.314782308446267756e-01 8.647419840525600865e-01 1.880842172463095263e-01 5.393036005347849882e-01 3.046983119554701469e-01 7.806922214455291886e-01 3.674545706558101643e-01 0.000000000000000000e+00 8.240528148316461632e-01 8.074034831922102251e-01 2.690987915075928605e-01 6.688095531134266025e-01 6.156510862774369208e-01 8.793891051373032841e-01 5.256230375391233167e-01
7.390340704878932687e-01 5.272353737935846496e-01 8.440046930100961742e-01 5.689230351812812891e-01 4.553071862234133182e-01 3.441323011348708105e-01 8.736361082273135237e-01 4.258556716718508994e-02 4.726923880408929746e-01 3.831163269878175015e-01 4.283797792270466753e-01 8.935681324553845783e-01 8.558514203115824559e-01 5.225173986919949831e-01 3.598418442983957188e-01 7.764091926359322215e-01 2.598198779202256503e-01 9.022279746995176541e-02 8.396733941435380322e-01 9.646456034658803524e-01 4.441582533753203887e-01 4.881849846595752718e-01 6.094534804293507690e-01 4.379322887009228227e-01 5.991278077085000486e-01 3.310666032317550744e-01 3.436301781526554522e-01 8.240528148316461632e-01 0.000000000000000000e+00 3.706673790656901391e-01 5.314141554970710501e-01 6.299153458429417318e-01 7.312965519740151077e-01 8.170983083642336942e-01 8.478164615407826066e-01
2.714878045738487455e-01 8.532073413042795540e-01 5.846445156547761535e-01 8.978080481512333844e-01 5.386974023282000701e-01 7.516327906698463401e-01 5.002062487834935123e-01 3.058271711655051184e-01 1.139775305149753892e-01 5.292514662404494974e-01 9.608604482106710698e-01 4.323209993779705274e-01 5.707453756652487442e-01 7.415518287531174257e-01 6.602222835420072933e-01 5.432322591900489162e-01 6.439139968467508801e-01 8.044042654053020769e-01 4.843328671056719159e-01 5.118135758140535119e-01 7.893817916276493207e-01 6.262796564057109272e-01 6.092930676397030343e-01 2.507053768868054977e-01 1.979457168107048304e-01 8.325209034521706686e-01 5.206928773474206462e-01 8.074034831922102251e-01 3.706673790656901391e-01 0.000000000000000000e+00 8.213312561225240005e-01 3.824679691210318699e-01 8.920055930162449354e-01 9.711652778202428671e-02 3.019956425147142243e-01
6.532830016693997877e-01 4.803248348015996538e-01 4.261605487143536042e-01 7.948925677827989311e-02 4.279575535172480683e-01 1.817505583651903289e-01 6.338643520899889250e-01 5.501314946350042145e-01 2.193747986418757567e-01 5.642461439208699137e-01 5.700127257873379705e-01 6.815499149205803686e-01 4.390050578120416880e-01 8.170545392400216933e-01 5.306895992186697608e-01 3.651907190166067685e-01 5.994383549425656987e-01 2.155632863844550995e-01 7.387498998446844212e-01 8.441731358781727756e-01 7.514847436434246575e-01 5.653259906705619953e-01 5.645435997235743741e-01 7.808811535513116020e-01 4.892054950538948788e-02 8.286365892786302645e-01 5.751408545038002584e-01 2.690987915075928605e-01 5.314141554970710501e-01 8.213312561225240005e-01 0.000000000000000000e+00 3.157083626770427198e-01 6.395024775079350965e-01 4.788204019464885053e-01 6.221449376192944580e-02
5.931954733536564106e-01 5.587483118197478227e-01 7.215004468339026866e-01 3.712936145570110980e-01 7.161889413681922223e-01 6.452893609104082273e-02 4.306571330297009337e-01 5.029583756506598169e-01 8.803086532250689045e-01 3.000050599061716561e-01 9.711396812433600312e-01 7.453704071829649891e-01 7.226009857472399656e-01 3.617086120951678030e-01 6.557297966444907145e-01 3.621091238259707135e-01 4.513844504683998671e-01 1.234851776920956601e-01 5.734887370706842624e-01 9.254087783725477578e-01 5.261590374736004883e-01 5.276109074246794206e-01 6.378705648210778456e-01 4.144077295407778139e-01 8.375386022353128457e-01 9.042679755430361732e-01 5.966266149490488946e-01 6.688095531134266025e-01 6.299153458429417318e-01 3.824679691210318699e-01 3.157083626770427198e-01 0.000000000000000000e+00 7.944321517474586258e-01 3.594296939841148397e-01 7.242791862733857222e-01
4.496567349938188074e-01 4.602555702386807446e-01 2.911351499991375880e-01 8.712084178138483903e-01 3.744032671643700017e-01 5.160766529376098477e-01 6.281905875717110899e-01 1.425829077133604628e-01 7.824123163281762050e-01 4.758412695733005293e-01 8.949476739665744862e-01 1.514648375509628497e-01 4.750287143201702977e-01 1.279705937340237520e-01 3.238030119608091839e-01 1.476190033858492123e-01 4.209572205720648053e-01 2.156046538156378700e-01 6.581866165749845621e-01 1.165002888992894281e-01 6.679443998783439751e-01 4.109841882959041626e-01 5.887939079734030301e-01 7.966898535342645804e-01 4.955632092240209730e-01 5.619844452262783285e-01 4.327458982365354201e-01 6.156510862774369208e-01 7.312965519740151077e-01 8.920055930162449354e-01 6.395024775079350965e-01 7.944321517474586258e-01 0.000000000000000000e+00 3.794852138733047497e-01 8.121403344724539286e-01
6.112509460742974188e-01 7.714562411048815349e-01 8.283663947544241957e-01 5.403717658268500923e-01 1.118804459235569482e-01 7.543397100488465901e-01 4.849872596040224471e-01 1.452891624615855193e-01 1.253637801424173359e-01 8.882913734195676536e-01 5.141168586519713202e-01 4.207395734457703984e-01 4.378387950128012629e-01 8.156122628489009818e-01 7.823663450087442461e-01 8.428342533833728112e-01 4.903700096605884129e-01 8.980677444619475924e-01 3.631784679423507578e-01 6.918131015080399848e-01 5.424211228712529920e-01 6.872807117745153294e-01 6.819229302047856711e-01 9.836105115200036719e-01 5.676695735118088004e-01 8.434334761948572012e-01 7.764955809487322780e-02 8.793891051373032841e-01 8.170983083642336942e-01 9.711652778202428671e-02 4.788204019464885053e-01 3.594296939841148397e-01 3.794852138733047497e-01 0.000000000000000000e+00 7.040645811404409038e-01
4.622770666484133373e-01 3.000537984391095092e-01 5.124469642175227824e-01 5.493487312517142396e-01 3.922159266641395137e-01 4.549991072057116837e-01 5.851585248030903852e-01 8.330589677495812140e-01 9.426047406145154905e-01 4.030132149731382452e-01 8.868739148270070594e-01 4.850984887467320594e-01 3.817412980523338106e-01 1.562005353804182262e-01 8.922786272287706044e-01 5.369217410213417141e-01 8.266994913642999876e-01 5.645782658546831811e-01 6.963949835801943600e-01 5.186560513508360337e-01 3.274581212912971440e-01 4.674983079246040063e-01 7.037369599680516341e-01 5.727820619140842062e-01 6.430574016087478029e-01 6.041566514289362644e-01 3.923500374676991420e-01 5.256230375391233167e-01 8.478164615407826066e-01 3.019956425147142243e-01 6.221449376192944580e-02 7.242791862733857222e-01 8.121403344724539286e-01 7.040645811404409038e-01 0.000000000000000000e+00
