0.000000000000000000e+00 7.464922180492875592e-01 4.392630395305717195e-01 6.720343087376541291e-01 5.630985790361688892e-01 7.135959260463542453e-01 8.245910005723524616e-01 5.333121938524199024e-01 5.820711527638577909e-01 4.252888159681109115e-01 5.570700941201043310e-01 7.051477223715814091e-01 7.510268809850343397e-01 7.439956122352778811e-01 3.903544904307256758e-01 8.698101570463867560e-01 6.385444879888646508e-01 7.304736915651278695e-01 5.468537251809094668e-01 8.752377271536879721e-01 9.190893019932251384e-01 3.817490491844376388e-01 3.089289766420534322e-01 7.101626275032510982e-01 7.637873608519750723e-01 6.051914105593257931e-01 8.465382074298738457e-01 4.522543661455732944e-01 7.890074244197320397e-01 2.274916717077323236e-01 2.747764280342031018e-01 6.421317387157754464e-01 4.392314308920330923e-02 5.290217244967070354e-01 5.909464548141261098e-01
7.464922180492875592e-01 0.000000000000000000e+00 5.268674482063318010e-01 3.311694102449851407e-01 6.017267642621269008e-01 5.167743269498465963e-01 4.405358859136211946e-01 5.441304364983461372e-01 1.922272700527409839e-01 5.807914218190979305e-01 1.144568788462885234e-01 4.045831478206707854e-01 3.785502574132567633e-01 1.532829923454503973e-02 9.171651643715772462e-02 1.551525262243261816e-01 7.943503903892942253e-01 2.736995341586426767e-01 3.907861625792649063e-01 3.153135203081835480e-01 3.869824857115717887e-01 2.049324459869519277e-01 1.326560926904160054e-01 4.930823407829094118e-01 6.066385291591669393e-01 8.272012013230787275e-01 1.259852640238788846e-01 8.293799372720256358e-01 2.657932449266222075e-01 7.960178160603957886e-01 1.828554453594393170e-01 7.875523098139791678e-01 5.936178350271358317e-01 4.805008609463978786e-01 5.273427327510222806e-01
4.392630395305717195e-01 5.268674482063318010e-01 0.000000000000000000e+00 3.156340199436165062e-01 6.147701903215163632e-01 7.069492890698454435e-01 4.227929998096703890e-01 2.761250170653053448e-01 4.361816464282616823e-01 5.058578080775586461e-01 5.614570100527784824e-01 5.713632482261981060e-01 4.029385068794374414e-01 3.690135070930670169e-01 9.362767376170688660e-02 4.236875138227123583e-01 5.157137816462592506e-01 8.065502496697668500e-01 3.643691889233201531e-01 5.999929415351890061e-01 1.005301493322516837e-01 7.590994915729567527e-01 5.000999357228255171e-01 5.222290251064743982e-01 6.124879532017940553e-01 3.809422895968257450e-01 7.396114497014658618e-01 3.312338383916370033e-01 1.721751801990062392e-01 6.890536604509578389e-01 1.495111886177863392e-01 8.467080962254893706e-01 2.465373372101361815e-01 7.252900596478251138e-01 4.916829742673018977e-01
6.720343087376541291e-01 3.311694102449851407e-01 3.156340199436165062e-01 0.000000000000000000e+00 1.896266556290880922e-01 4.874685548221876497e-01 6.819656781150467140e-01 4.267854029667679239e-01 2.661834931373325830e-01 1.769543267231832306e-01 3.889117202878588087e-01 8.343547863769168460e-01 2.949690736960429716e-01 4.873798834519090795e-01 5.775763482120368497e-01 4.424727379788536141e-01 6.577975750997659965e-01 6.874732546840636171e-01 7.470678066294869080e-01 7.748036382153460355e-01 1.059473868670497421e-01 1.063794463445686400e-01 4.201633176334209629e-01 7.576757793548484221e-01 2.666429552715828266e-01 3.681790705062646940e-01 7.924197989230774564e-01 5.015814897235454373e-01 2.729890110054216112e-01 3.821747590277897455e-01 9.409704768074313996e-01 2.776860913101274475e-01 1.569263006747928513e-01 8.545399061922259731e-01 7.384632320081649937e-01
5.630985790361688892e-01 6.017267642621269008e-01 6.147701903215163632e-01 1.896266556290880922e-01 0.000000000000000000e+00 5.678915882079702548e-01 4.338658968776964997e-01 3.170375000286749234e-01 3.287300192567282897e-01 1.141993191910719574e-01 5.558188917981610189e-01 8.226661828210368732e-01 6.030345078514065538e-01 3.276026023607478965e-01 7.361092895970369199e-01 4.566086807541561710e-01 1.378489972781130612e-01 4.812365959505203183e-01 3.948029145338360912e-01 6.599500018147084202e-01 4.276338360071505473e-01 4.295979913510183934e-01 5.219136150200429647e-01 1.558538277067251787e-01 9.107684471807753201e-02 8.879744400068455557e-01 6.567838725789828525e-01 4.986931713788533838e-01 5.459605169861446727e-01 1.549709401774677087e-01 5.740042521299825173e-01 1.814442059490036785e-01 3.813994755543127502e-01 5.122500860093905928e-01 2.049324621550838721e-01
7.135959260463542453e-01 5.167743269498465963e-01 7.069492890698454435e-01 4.874685548221876497e-01 5.678915882079702548e-01 0.000000000000000000e+00 2.847144326674962977e-01 8.622756097289081545e-01 5.787425873342288973e-01 5.811739533035775729e-01 2.478527434760208759e-01 6.706268428616382060e-01 5.886086587221829314e-01 4.499257440311280609e-01 4.904753300481944356e-01 4.741870427779054653e-01 9.032960851544898917e-01 5.176689626519341836e-01 4.213642154146863827e-01 3.765785572881841237e-01 4.902464068155559795e-01 5.025523079983615915e-01 5.160650040079376444e-01 2.247779178268313194e-01 4.772637096638722154e-01 6.984153341761645262e-01 7.819860206766899857e-01 6.094917349107458193e-01 3.498050553901178028e-01 3.736413191973513293e-01 4.964393881372322626e-01 7.838784947094648015e-01 5.194184722736764348e-01 7.365186140404099691e-01 5.354091854776287240e-01
8.245910005723524616e-01 4.405358859136211946e-01 4.227929998096703890e-01 6.819656781150467140e-01 4.338658968776964997e-01 2.847144326674962977e-01 0.000000000000000000e+00 5.258453064323618253e-01 2.792007670575444855e-01 8.010254985624175594e-01 2.594095489374836916e-01 4.156483158060474969e-01 5.164173262480017401e-01 3.328524716724227117e-01 6.510084128878625975e-01 7.665143300720902442e-01 5.503401775403755636e-01 6.430853147526045532e-01 8.172845603951586213e-01 4.653090657065316327e-01 8.545653666102335233e-01 4.585385799243440474e-01 4.553750472197075627e-01 4.085416005860058597e-01 4.149387625168469707e-01 7.182319663735475812e-01 6.660054664777610434e-01 3.403986839390767405e-01 6.940271728164409959e-01 6.746144694863520641e-01 2.544021544340449026e-01 6.420585816351597197e-01 2.487083404159387001e-01 4.294229933316714432e-01 6.817467681357454179e-01
5.333121938524199024e-01 5.441304364983461372e-01 2.761250170653053448e-01 4.267854029667679239e-01 3.170375000286749234e-01 8.622756097289081545e-01 5.258453064323618253e-01 0.000000000000000000e+00 8.464321896943733936e-01 4.300387114843766678e-01 8.434988813599442192e-01 3.630860377545982454e-01 3.876253580174890412e-01 1.281149691864549300e-01 7.430013321561694806e-01 6.011847097357777558e-01 4.972527883357709122e-01 5.363708922172727434e-01 2.872731043674631723e-01 4.825703296503158768e-01 8.902983068748482332e-03 5.080232592910312039e-01 3.790809160904001773e-01 4.915419245893069555e-01 6.657835794197337620e-01 4.704954245217648490e-01 4.184782906232625832e-01 5.343672282296677567e-01 6.545449324489506226e-01 5.475277255613435479e-01 3.815362335946921313e-01 5.725001442112559458e-01 7.205561535442307486e-01 2.508780417859632905e-01 5.178697896540737089e-01
5.820711527638577909e-01 1.922272700527409839e-01 4.361816464282616823e-01 2.661834931373325830e-01 3.287300192567282897e-01 5.787425873342288973e-01 2.792007670575444855e-01 8.464321896943733936e-01 0.000000000000000000e+00 2.193537963400756796e-01 5.369059999245662240e-01 4.962001877056549937e-01 5.345144132501893353e-01 4.289808388350035973e-01 6.625845868403003047e-01 4.005161950791099601e-01 2.993340593146085471e-01 6.220593073193487754e-01 9.027195601236694955e-01 4.863323457337144218e-01 6.262939069144195514e-01 3.807518709141450852e-01 4.240581450066004399e-01 8.554303089384797110e-01 1.323104702334430005e-01 2.712269793862934208e-01 2.651769724747234935e-01 1.183328582669638251e-01 5.549840602427007497e-01 1.785886243008784069e-01 1.999835346788650936e-01 4.258842502714373923e-01 3.539555677277511636e-01 6.872178995026330117e-01 1.606239414472621085e-01
4.252888159681109115e-01 5.807914218190979305e-01 5.058578080775586461e-01 1.769543267231832306e-01 1.141993191910719574e-01 5.811739533035775729e-01 8.010254985624175594e-01 4.300387114843766678e-01 2.193537963400756796e-01 0.000000000000000000e+00 8.259234195644306054e-01 4.213614345102849046e-01 9.209262606000787610e-01 6.860927677292076865e-01 6.447781220724486673e-01 4.437273673792559991e-01 7.189208533892108566e-01 2.038255289033288342e-01 3.596651050867530897e-01 5.351263016803792238e-01 2.931597013752544889e-01 8.037564473416917155e-01 1.606014000056944502e-01 7.021975725731777196e-01 1.621816452578301870e-01 6.807362390372991845e-01 9.699117257627147826e-01 3.546573116369848844e-01 3.943477348414916595e-01 9.581750037216218985e-01 4.848287610519501634e-01 1.312455809825234243e-01 4.785189394267317375e-01 4.587932043986153730e-01 5.051575590474459698e-01
5.570700941201043310e-01 1.144568788462885234e-01 5.614570100527784824e-01 3.889117202878588087e-01 5.558188917981610189e-01 2.478527434760208759e-01 2.594095489374836916e-01 8.434988813599442192e-01 5.369059999245662240e-01 8.259234195644306054e-01 0.000000000000000000e+00 4.711631681619121714e-01 7.106024126778056615e-01 4.785867324108599719e-01 5.004087086703592480e-01 8.724934882309071105e-02 1.605214392728595563e-01 2.404309044914630933e-01 5.721758795171434375e-01 4.856465215862565965e-01 8.270617838873783878e-01 2.968680848906243286e-01 5.861836608804690263e-01 9.066648343830979728e-01 4.813254019153484498e-02 7.488614257022869758e-01 7.082061854325989447e-01 5.248631980748477144e-01 7.838666952469368621e-01 2.981213392780917015e-01 4.300156963027265689e-01 5.422259588440248024e-01 5.255200711997370933e-01 4.815781013435750935e-01 4.545002342729209110e-01
7.051477223715814091e-01 4.045831478206707854e-01 5.713632482261981060e-01 8.343547863769168460e-01 8.226661828210368732e-01 6.706268428616382060e-01 4.156483158060474969e-01 3.630860377545982454e-01 4.962001877056549937e-01 4.213614345102849046e-01 4.711631681619121714e-01 0.000000000000000000e+00 3.028282379761992882e-01 6.728878764257208989e-01 3.341599776719189618e-01 1.985224850695687104e-01 6.079964407486269096e-01 8.218009165061800347e-01 8.225623406333375520e-01 8.557418407557620954e-01 1.843868651066704611e-01 6.528149459806689148e-01 1.341356495701102602e-01 4.319340763797552829e-01 3.870764162412285714e-01 1.018499303857652860e-01 8.909064409684456232e-01 3.486892160870007640e-01 3.826651991371482486e-01 5.660635812644815301e-01 6.744903315166643765e-01 1.903931495943841923e-01 4.979111084236314544e-01 4.043889240208065061e-01 7.545687713325441859e-01
7.510268809850343397e-01 3.785502574132567633e-01 4.029385068794374414e-01 2.949690736960429716e-01 6.030345078514065538e-01 5.886086587221829314e-01 5.164173262480017401e-01 3.876253580174890412e-01 5.345144132501893353e-01 9.209262606000787610e-01 7.106024126778056615e-01 3.028282379761992882e-01 0.000000000000000000e+00 4.894600523845541451e-01 2.272143538876078006e-01 4.116980672075403191e-01 7.476911608010543553e-01 5.353796905848384746e-01 5.326402649996696548e-01 5.789649824256688504e-01 5.237557494055979923e-01 1.466424383162721057e-01 9.114257300584399646e-01 6.619853691263364315e-01 5.144321329347762983e-01 9.511258056482383427e-01 8.190022641112904012e-01 5.228732090857466375e-01 6.542447684414737230e-01 7.420888197381599882e-01 5.431252779070728787e-01 8.193747666008249775e-01 3.333880983869934034e-01 8.330662665969807978e-01 1.839378992266816892e-01
7.439956122352778811e-01 1.532829923454503973e-02 3.690135070930670169e-01 4.873798834519090795e-01 3.276026023607478965e-01 4.499257440311280609e-01 3.328524716724227117e-01 1.281149691864549300e-01 4.289808388350035973e-01 6.860927677292076865e-01 4.785867324108599719e-01 6.728878764257208989e-01 4.894600523845541451e-01 0.000000000000000000e+00 6.823374552537631033e-01 7.058045458016960483e-01 4.556963122437748259e-01 9.281781562885648151e-01 5.637801537359987680e-01 5.770236430804063232e-01 5.081079403412174234e-01 2.652215119130611476e-01 8.180391302677716414e-01 6.867001129270902116e-01 7.343850702304852707e-01 1.309204036728515153e-01 1.732316420937641821e-01 4.715359364301721645e-01 3.550415393880891335e-01 4.250262324365334243e-01 3.941722586113827198e-01 5.982740777106465568e-01 5.222489268242482829e-01 7.827375600769297392e-01 6.075208519917185690e-01
3.903544904307256758e-01 9.171651643715772462e-02 9.362767376170688660e-02 5.775763482120368497e-01 7.361092895970369199e-01 4.904753300481944356e-01 6.510084128878625975e-01 7.430013321561694806e-01 6.625845868403003047e-01 6.447781220724486673e-01 5.004087086703592480e-01 3.341599776719189618e-01 2.272143538876078006e-01 6.823374552537631033e-01 0.000000000000000000e+00 7.305247115818853665e-01 1.943631228115350051e-01 1.366976115105580369e-01 3.366852981803971079e-01 5.852776226966822648e-01 1.756962758568335059e-01 3.726109379482249739e-01 4.765789396804092637e-01 8.884107028960042118e-01 5.469926193135923320e-01 3.437596125623764154e-01 5.499462586702248412e-01 7.725734436145570427e-01 5.282593649162734550e-01 4.395039944561606737e-01 6.045361736184970969e-01 7.102790220489187956e-01 3.880239181245626057e-01 6.601035981337152192e-01 6.146523637312318877e-01
8.698101570463867560e-01 1.551525262243261816e-01 4.236875138227123583e-01 4.424727379788536141e-01 4.566086807541561710e-01 4.741870427779054653e-01 7.665143300720902442e-01 6.011847097357777558e-01 4.005161950791099601e-01 4.437273673792559991e-01 8.724934882309071105e-02 1.985224850695687104e-01 4.116980672075403191e-01 7.058045458016960483e-01 7.305247115818853665e-01 0.000000000000000000e+00 4.400568256236775389e-01 5.574974996601450572e-01 6.447887013294296699e-01 3.900733553825179167e-01 8.409682811042678008e-01 5.617571352593010436e-01 6.952904932952803652e-01 3.188511784095667823e-01 4.956972812884745117e-01 3.182798060359680048e-01 3.181235850087469341e-01 4.576296188847771007e-01 3.591617796675279362e-01 3.880494157273772782e-01 7.948228313980341131e-01 5.213484925404769932e-01 1.714163952013736392e-02 3.777926478182146441e-01 5.176929009929177594e-01
6.385444879888646508e-01 7.943503903892942253e-01 5.157137816462592506e-01 6.577975750997659965e-01 1.378489972781130612e-01 9.032960851544898917e-01 5.503401775403755636e-01 4.972527883357709122e-01 2.993340593146085471e-01 7.189208533892108566e-01 1.605214392728595563e-01 6.079964407486269096e-01 7.476911608010543553e-01 4.556963122437748259e-01 1.943631228115350051e-01 4.400568256236775389e-01 0.000000000000000000e+00 6.513149772211497268e-01 3.787349704486209223e-01 7.713667001475237317e-01 1.596502167031718100e-01 2.951873942802071271e-01 4.589411872237509349e-01 2.470288475865135558e-01 5.789142705636729502e-01 4.994235885610446291e-01 3.851960151988236269e-01 5.659357281461556699e-01 1.326116365428257060e-01 3.003080669523736645e-01 5.242170151758206442e-01 1.425523209986208073e-01 5.645971271926694124e-01 5.220789272072013931e-01 6.326382314162307674e-01
7.304736915651278695e-01 2.736995341586426767e-01 8.065502496697668500e-01 6.874732546840636171e-01 4.812365959505203183e-01 5.176689626519341836e-01 6.430853147526045532e-01 5.363708922172727434e-01 6.220593073193487754e-01 2.038255289033288342e-01 2.404309044914630933e-01 8.218009165061800347e-01 5.353796905848384746e-01 9.281781562885648151e-01 1.366976115105580369e-01 5.574974996601450572e-01 6.513149772211497268e-01 0.000000000000000000e+00 2.555733083811504991e-01 2.100097204288685626e-01 5.931084246241167257e-01 2.148888292007968825e-01 1.898362672702558207e-01 6.763685738759621646e-01 7.292062302454862532e-01 1.049465030404324040e-01 3.369734449806231491e-01 4.658202094320545439e-01 6.339328717676222524e-01 5.930968277834622882e-01 6.342265855729527502e-01 5.799902805078539503e-01 2.623106431912691772e-01 4.791435653951359175e-01 4.494627509513327568e-01
5.468537251809094668e-01 3.907861625792649063e-01 3.643691889233201531e-01 7.470678066294869080e-01 3.948029145338360912e-01 4.213642154146863827e-01 8.172845603951586213e-01 2.872731043674631723e-01 9.027195601236694955e-01 3.596651050867530897e-01 5.721758795171434375e-01 8.225623406333375520e-01 5.326402649996696548e-01 5.637801537359987680e-01 3.366852981803971079e-01 6.447887013294296699e-01 3.787349704486209223e-01 2.555733083811504991e-01 0.000000000000000000e+00 3.890726502514270102e-01 6.190438031406542141e-01 4.050702374125235705e-01 2.628560023392826350e-01 4.277307111393678918e-01 6.158681181636990187e-01 7.225226067487033887e-01 3.572781595078644568e-02 4.593739978085046305e-01 8.639167899982453935e-01 4.178421183240811909e-01 5.260565565750853212e-01 2.564520996402379627e-01 7.620985461169216268e-01 2.440542565138161812e-01 3.348684554830594351e-01
8.752377271536879721e-01 3.153135203081835480e-01 5.999929415351890061e-01 7.748036382153460355e-01 6.599500018147084202e-01 3.765785572881841237e-01 4.653090657065316327e-01 4.825703296503158768e-01 4.863323457337144218e-01 5.351263016803792238e-01 4.856465215862565965e-01 8.557418407557620954e-01 5.789649824256688504e-01 5.770236430804063232e-01 5.852776226966822648e-01 3.900733553825179167e-01 7.713667001475237317e-01 2.100097204288685626e-01 3.890726502514270102e-01 0.000000000000000000e+00 3.709736866030954872e-01 6.080269440423711202e-01 2.772442089273630117e-01 8.392643857321642198e-01 1.233853451072006724e-01 1.808818081468126504e-01 4.105016580338829435e-01 7.380427776140645602e-01 6.952650174144242579e-01 5.485217959042753000e-01 1.102471181321201810e-01 7.767131037976482411e-01 7.062724503814680199e-01 7.995869202354155547e-01 4.620624798645250886e-01
9.190893019932251384e-01 3.869824857115717887e-01 1.005301493322516837e-01 1.059473868670497421e-01 4.276338360071505473e-01 4.902464068155559795e-01 8.545653666102335233e-01 8.902983068748482332e-03 6.262939069144195514e-01 2.931597013752544889e-01 8.270617838873783878e-01 1.843868651066704611e-01 5.237557494055979923e-01 5.081079403412174234e-01 1.756962758568335059e-01 8.409682811042678008e-01 1.596502167031718100e-01 5.931084246241167257e-01 6.190438031406542141e-01 3.709736866030954872e-01 0.000000000000000000e+00 8.467823846665822884e-01 8.215162682220877866e-02 7.156562070506757856e-01 2.346217380930768481e-01 2.544145893678960713e-01 2.470042852033660363e-01 2.917687598245600755e-01 8.604505340869013086e-01 9.180635345643100020e-01 4.586226573314675647e-01 5.932348027422315040e-01 7.317151683516469607e-01 6.504809018942604437e-01 5.499437967651924497e-01
3.817490491844376388e-01 2.049324459869519277e-01 7.590994915729567527e-01 1.063794463445686400e-01 4.295979913510183934e-01 5.025523079983615915e-01 4.585385799243440474e-01 5.080232592910312039e-01 3.807518709141450852e-01 8.037564473416917155e-01 2.968680848906243286e-01 6.528149459806689148e-01 1.466424383162721057e-01 2.652215119130611476e-01 3.726109379482249739e-01 5.617571352593010436e-01 2.951873942802071271e-01 2.148888292007968825e-01 4.050702374125235705e-01 6.080269440423711202e-01 8.467823846665822884e-01 0.000000000000000000e+00 2.439757294850100067e-01 1.915492136405647638e-01 4.431974178689550570e-01 6.407447788649278664e-02 3.569828216086744499e-01 5.929366350569742483e-02 3.521062672803446647e-01 7.715301424657750040e-01 7.730334114258443634e-01 3.001068567521514296e-01 2.783787928828830305e-01 6.820855209130678443e-01 3.667840258145578236e-01
3.089289766420534322e-01 1.326560926904160054e-01 5.000999357228255171e-01 4.201633176334209629e-01 5.219136150200429647e-01 5.160650040079376444e-01 4.553750472197075627e-01 3.790809160904001773e-01 4.240581450066004399e-01 1.606014000056944502e-01 5.861836608804690263e-01 1.341356495701102602e-01 9.114257300584399646e-01 8.180391302677716414e-01 4.765789396804092637e-01 6.952904932952803652e-01 4.589411872237509349e-01 1.898362672702558207e-01 2.628560023392826350e-01 2.772442089273630117e-01 8.215162682220877866e-02 2.439757294850100067e-01 0.000000000000000000e+00 1.897675455886811413e-01 5.617446720921760450e-01 3.934141848872624303e-01 7.183469295146228673e-01 1.043452161732478789e-01 8.626918194220779545e-01 2.381334210552320529e-01 2.541331559465721535e-01 4.437205863579106735e-01 3.238559830345898449e-01 4.638360942810670906e-02 9.007711159840863235e-01
7.101626275032510982e-01 4.930823407829094118e-01 5.222290251064743982e-01 7.576757793548484221e-01 1.558538277067251787e-01 2.247779178268313194e-01 4.085416005860058597e-01 4.915419245893069555e-01 8.554303089384797110e-01 7.021975725731777196e-01 9.066648343830979728e-01 4.319340763797552829e-01 6.619853691263364315e-01 6.867001129270902116e-01 8.884107028960042118e-01 3.188511784095667823e-01 2.470288475865135558e-01 6.763685738759621646e-01 4.277307111393678918e-01 8.392643857321642198e-01 7.156562070506757856e-01 1.915492136405647638e-01 1.897675455886811413e-01 0.000000000000000000e+00 2.433607303896253571e-01 4.670515716359157077e-01 6.369419078009417312e-01 8.388326318087335753e-02 7.465061305574606232e-01 3.992395563345644272e-01 4.347040925260716726e-01 4.403609083817604519e-01 2.733766981052654366e-01 6.077949707628242937e-01 3.172099392874784263e-01
7.637873608519750723e-01 6.066385291591669393e-01 6.124879532017940553e-01 2.666429552715828266e-01 9.107684471807753201e-02 4.772637096638722154e-01 4.149387625168469707e-01 6.657835794197337620e-01 1.323104702334430005e-01 1.621816452578301870e-01 4.813254019153484498e-02 3.870764162412285714e-01 5.144321329347762983e-01 7.343850702304852707e-01 5.469926193135923320e-01 4.956972812884745117e-01 5.789142705636729502e-01 7.292062302454862532e-01 6.158681181636990187e-01 1.233853451072006724e-01 2.346217380930768481e-01 4.431974178689550570e-01 5.617446720921760450e-01 2.433607303896253571e-01 0.000000000000000000e+00 5.493774111349741807e-01 2.508180584953756398e-02 5.860943555225632817e-01 9.199841009453937346e-01 7.255546881745524868e-01 2.978296444143353483e-01 4.718899396816274017e-01 3.339769344590743372e-01 7.620030033813962600e-01 3.461038182835853849e-01
6.051914105593257931e-01 8.272012013230787275e-01 3.809422895968257450e-01 3.681790705062646940e-01 8.879744400068455557e-01 6.984153341761645262e-01 7.182319663735475812e-01 4.704954245217648490e-01 2.712269793862934208e-01 6.807362390372991845e-01 7.488614257022869758e-01 1.018499303857652860e-01 9.511258056482383427e-01 1.309204036728515153e-01 3.437596125623764154e-01 3.182798060359680048e-01 4.994235885610446291e-01 1.049465030404324040e-01 7.225226067487033887e-01 1.808818081468126504e-01 2.544145893678960713e-01 6.407447788649278664e-02 3.934141848872624303e-01 4.670515716359157077e-01 5.493774111349741807e-01 0.000000000000000000e+00 6.090456439503103558e-01 3.853521015215499723e-01 4.255542289690550373e-01 2.595966521245937630e-01 6.810724318444280057e-01 8.887843803951839261e-01 2.079389300413565511e-01 3.842067530360397942e-01 4.120398218328472639e-01
8.465382074298738457e-01 1.259852640238788846e-01 7.396114497014658618e-01 7.924197989230774564e-01 6.567838725789828525e-01 7.819860206766899857e-01 6.660054664777610434e-01 4.184782906232625832e-01 2.651769724747234935e-01 9.699117257627147826e-01 7.082061854325989447e-01 8.909064409684456232e-01 8.190022641112904012e-01 1.732316420937641821e-01 5.499462586702248412e-01 3.181235850087469341e-01 3.851960151988236269e-01 3.369734449806231491e-01 3.572781595078644568e-02 4.105016580338829435e-01 2.470042852033660363e-01 3.569828216086744499e-01 7.183469295146228673e-01 6.369419078009417312e-01 2.508180584953756398e-02 6.090456439503103558e-01 0.000000000000000000e+00 8.261727401801943760e-01 5.871086485926274579e-01 4.795104197403655122e-01 4.810217281566666614e-01 4.564384793250513828e-01 5.803025004076056703e-02 5.470042072883178896e-01 3.593868818455112635e-01
4.522543661455732944e-01 8.293799372720256358e-01 3.312338383916370033e-01 5.015814897235454373e-01 4.986931713788533838e-01 6.094917349107458193e-01 3.403986839390767405e-01 5.343672282296677567e-01 1.183328582669638251e-01 3.546573116369848844e-01 5.248631980748477144e-01 3.486892160870007640e-01 5.228732090857466375e-01 4.715359364301721645e-01 7.725734436145570427e-01 4.576296188847771007e-01 5.659357281461556699e-01 4.658202094320545439e-01 4.593739978085046305e-01 7.380427776140645602e-01 2.917687598245600755e-01 5.929366350569742483e-02 1.043452161732478789e-01 8.388326318087335753e-02 5.860943555225632817e-01 3.853521015215499723e-01 8.261727401801943760e-01 0.000000000000000000e+00 3.868713953734475020e-01 3.983449031892857262e-01 5.468502230486622651e-01 8.517809829677065458e-01 4.110067350843706890e-01 2.092647863907447503e-01 3.072046600001018257e-01
7.890074244197320397e-01 2.657932449266222075e-01 1.721751801990062392e-01 2.729890110054216112e-01 5.459605169861446727e-01 3.498050553901178028e-01 6.940271728164409959e-01 6.545449324489506226e-01 5.549840602427007497e-01 3.943477348414916595e-01 7.838666952469368621e-01 3.826651991371482486e-01 6.542447684414737230e-01 3.550415393880891335e-01 5.282593649162734550e-01 3.591617796675279362e-01 1.326116365428257060e-01 6.339328717676222524e-01 8.639167899982453935e-01 6.952650174144242579e-01 8.604505340869013086e-01 3.521062672803446647e-01 8.626918194220779545e-01 7.465061305574606232e-01 9.199841009453937346e-01 4.255542289690550373e-01 5.871086485926274579e-01 3.868713953734475020e-01 0.000000000000000000e+00 4.337428716714386567e-01 2.990962492380975224e-01 2.362608359158578364e-01 8.721854185453172814e-01 9.290388809603067344e-02 7.566849915308382357e-01
2.274916717077323236e-01 7.960178160603957886e-01 6.890536604509578389e-01 3.821747590277897455e-01 1.549709401774677087e-01 3.736413191973513293e-01 6.746144694863520641e-01 5.475277255613435479e-01 1.785886243008784069e-01 9.581750037216218985e-01 2.981213392780917015e-01 5.660635812644815301e-01 7.420888197381599882e-01 4.250262324365334243e-01 4.395039944561606737e-01 3.880494157273772782e-01 3.003080669523736645e-01 5.930968277834622882e-01 4.178421183240811909e-01 5.485217959042753000e-01 9.180635345643100020e-01 7.715301424657750040e-01 2.381334210552320529e-01 3.992395563345644272e-01 7.255546881745524868e-01 2.595966521245937630e-01 4.795104197403655122e-01 3.983449031892857262e-01 4.337428716714386567e-01 0.000000000000000000e+00 4.823222867265010705e-01 5.699274406413515903e-01 7.798816785188150691e-01 3.712312420943595925e-01 6.712170605062849349e-01
2.747764280342031018e-01 1.828554453594393170e-01 1.495111886177863392e-01 9.409704768074313996e-01 5.740042521299825173e-01 4.964393881372322626e-01 2.544021544340449026e-01 3.815362335946921313e-01 1.999835346788650936e-01 4.848287610519501634e-01 4.300156963027265689e-01 6.744903315166643765e-01 5.431252779070728787e-01 3.941722586113827198e-01 6.045361736184970969e-01 7.948228313980341131e-01 5.242170151758206442e-01 6.342265855729527502e-01 5.260565565750853212e-01 1.102471181321201810e-01 4.586226573314675647e-01 7.730334114258443634e-01 2.541331559465721535e-01 4.347040925260716726e-01 2.978296444143353483e-01 6.810724318444280057e-01 4.810217281566666614e-01 5.468502230486622651e-01 2.990962492380975224e-01 4.823222867265010705e-01 0.000000000000000000e+00 1.379350919402358988e-01 6.782623931852331811e-01 2.648134787262033107e-01 2.792110324354811768e-01
6.421317387157754464e-01 7.875523098139791678e-01 8.467080962254893706e-01 2.776860913101274475e-01 1.814442059490036785e-01 7.838784947094648015e-01 6.420585816351597197e-01 5.725001442112559458e-01 4.258842502714373923e-01 1.312455809825234243e-01 5.422259588440248024e-01 1.903931495943841923e-01 8.193747666008249775e-01 5.982740777106465568e-01 7.102790220489187956e-01 5.213484925404769932e-01 1.425523209986208073e-01 5.799902805078539503e-01 2.564520996402379627e-01 7.767131037976482411e-01 5.932348027422315040e-01 3.001068567521514296e-01 4.437205863579106735e-01 4.403609083817604519e-01 4.718899396816274017e-01 8.887843803951839261e-01 4.564384793250513828e-01 8.517809829677065458e-01 2.362608359158578364e-01 5.699274406413515903e-01 1.379350919402358988e-01 0.000000000000000000e+00 6.432591615508119753e-01 5.522455991698724809e-01 4.717880538441026061e-01
4.392314308920330923e-02 5.936178350271358317e-01 2.465373372101361815e-01 1.569263006747928513e-01 3.813994755543127502e-01 5.194184722736764348e-01 2.487083404159387001e-01 7.205561535442307486e-01 3.539555677277511636e-01 4.785189394267317375e-01 5.255200711997370933e-01 4.979111084236314544e-01 3.333880983869934034e-01 5.222489268242482829e-01 3.880239181245626057e-01 1.714163952013736392e-02 5.645971271926694124e-01 2.623106431912691772e-01 7.620985461169216268e-01 7.062724503814680199e-01 7.317151683516469607e-01 2.783787928828830305e-01 3.238559830345898449e-01 2.733766981052654366e-01 3.339769344590743372e-01 2.079389300413565511e-01 5.803025004076056703e-02 4.110067350843706890e-01 8.721854185453172814e-01 7.798816785188150691e-01 6.782623931852331811e-01 6.432591615508119753e-01 0.000000000000000000e+00 4.827825153379965983e-01 8.459542574967311435e-01
5.290217244967070354e-01 4.805008609463978786e-01 7.252900596478251138e-01 8.545399061922259731e-01 5.122500860093905928e-01 7.365186140404099691e-01 4.294229933316714432e-01 2.508780417859632905e-01 6.872178995026330117e-01 4.587932043986153730e-01 4.815781013435750935e-01 4.043889240208065061e-01 8.330662665969807978e-01 7.827375600769297392e-01 6.601035981337152192e-01 3.777926478182146441e-01 5.220789272072013931e-01 4.791435653951359175e-01 2.440542565138161812e-01 7.995869202354155547e-01 6.504809018942604437e-01 6.820855209130678443e-01 4.638360942810670906e-02 6.077949707628242937e-01 7.620030033813962600e-01 3.842067530360397942e-01 5.470042072883178896e-01 2.092647863907447503e-01 9.290388809603067344e-02 3.712312420943595925e-01 2.648134787262033107e-01 5.522455991698724809e-01 4.827825153379965983e-01 0.000000000000000000e+00 5.490582601319656808e-01
5.909464548141261098e-01 5.273427327510222806e-01 4.916829742673018977e-01 7.384632320081649937e-01 2.049324621550838721e-01 5.354091854776287240e-01 6.817467681357454179e-01 5.178697896540737089e-01 1.606239414472621085e-01 5.051575590474459698e-01 4.545002342729209110e-01 7.545687713325441859e-01 1.839378992266816892e-01 6.075208519917185690e-01 6.146523637312318877e-01 5.176929009929177594e-01 6.326382314162307674e-01 4.494627509513327568e-01 3.348684554830594351e-01 4.620624798645250886e-01 5.499437967651924497e-01 3.667840258145578236e-01 9.007711159840863235e-01 3.172099392874784263e-01 3.461038182835853849e-01 4.120398218328472639e-01 3.593868818455112635e-01 3.072046600001018257e-01 7.566849915308382357e-01 6.712170605062849349e-01 2.792110324354811768e-01 4.717880538441026061e-01 8.459542574967311435e-01 5.490582601319656808e-01 0.000000000000000000e+00
