0.000000000000000000e+00 3.841740135283833735e-01 3.135666055511974193e-01 8.192341758061252310e-01 3.115094284015954562e-01 6.983427445192758043e-01 8.915790104249801118e-01 6.257908473493188906e-01 8.320550986421746398e-01 3.006602481403569671e-01 3.742296498236373781e-01 9.759017418236697328e-01 6.641804170373023508e-01 8.292838031172455882e-01 8.638846828978563597e-01 7.629127755561475599e-01 9.678263787780876370e-01 4.611120811288502153e-01 4.972052787736723767e-01 2.315902866288093165e-01 4.583371048095192801e-01 1.364053206099778981e-01 2.779178954967640447e-01 5.300131283928389836e-01 4.085701315529056687e-01 2.088717530965922275e-01 3.888077827654410901e-01 7.509597510777583640e-01 7.260012510760830429e-01 2.163583692438953987e-01 6.859489184083151780e-01 3.279159872556306476e-01 9.001765158291290536e-01 5.171462088884539732e-01 3.198443706242199980e-01
3.841740135283833735e-01 0.000000000000000000e+00 4.584307814826793503e-01 4.162378600276787077e-01 6.187598300836606446e-01 4.166081608730377028e-01 9.010970875825684567e-01 2.442281288051417754e-01 3.556784639597568853e-01 4.953285236043910578e-01 8.227750842058154657e-01 6.595910996891484190e-01 3.173906997123835949e-01 7.935788143883819590e-01 4.244036277153266368e-01 7.131614082916319930e-01 6.182788055526030613e-01 2.420607324067768351e-01 2.955672567015764640e-01 5.933099194552393651e-01 4.882114923065574152e-01 6.322470581029139280e-01 3.596987171849965192e-01 3.118684209167763566e-01 8.553374499687903532e-01 3.778401732867537333e-01 3.173564728815025937e-01 5.550126541177879957e-01 8.543208316545862768e-01 7.292123673677857187e-01 4.172148572502002994e-01 6.781864530576854344e-01 4.572115818301137891e-01 9.110011175446657283e-01 2.084318912629314902e-01
3.135666055511974193e-01 4.584307814826793503e-01 0.000000000000000000e+00 6.315961647805894419e-01 4.013824524611069311e-01 6.678575005544801213e-01 8.752154712015220994e-01 4.560721691805163514e-01 5.641220327067111295e-01 6.506989009713494143e-01 3.937939111040018592e-01 4.457289193493514379e-01 6.401733683150840903e-01 5.842593244235382288e-01 3.027793576005635146e-01 5.157273662142414228e-01 9.183861297780206989e-01 4.946380617204082508e-01 7.569308653257578179e-01 4.316294548609325710e-01 1.711740479499912482e-01 5.762453411882020315e-01 7.900276337578775454e-01 5.202843024486901724e-01 6.825187023157939237e-01 8.398627293410944050e-01 4.864880141868331842e-01 3.759177290996097986e-01 4.969837389129323491e-01 7.200002113155656858e-01 8.624037290842470060e-01 5.432542340874269016e-01 7.409745889047496537e-01 3.473781256487295521e-01 4.180951210669864304e-01
8.192341758061252310e-01 4.162378600276787077e-01 6.315961647805894419e-01 0.000000000000000000e+00 6.069437781479596339e-01 4.430790033894562718e-01 2.608117364799966698e-01 2.812216893224231962e-01 3.442446887203168271e-01 3.573745816612474702e-01 4.238502934203729478e-01 6.024969679818806823e-01 9.101360283543017404e-01 8.218283274558566553e-01 4.763207124927871794e-01 9.048323840679657337e-01 3.967886052259391172e-01 4.087110525126593230e-01 6.027758344764182485e-01 4.401102585516343813e-01 4.782863338882432647e-01 1.928454002174856408e-01 3.300295723722491692e-01 8.971143382368708119e-01 8.319940581042875039e-01 3.741347703162680172e-01 4.031779430733921643e-01 4.721336873666030498e-01 4.049748504826203299e-01 5.412045536033223136e-01 6.349797848096889741e-01 5.487871791500442686e-02 3.510816325697639906e-01 4.392962563527902931e-01 3.968232661888827506e-01
3.115094284015954562e-01 6.187598300836606446e-01 4.013824524611069311e-01 6.069437781479596339e-01 0.000000000000000000e+00 7.972142424648460679e-01 4.214394845787264865e-01 3.237338436497820826e-01 5.560623977998465639e-01 4.877863860320085787e-01 4.081100952063925202e-01 9.034247744779313471e-01 6.022592908924720989e-01 8.547281040658135653e-01 6.586818916562424686e-01 1.416482863188580632e-01 7.096416331670085675e-01 3.405583803971767298e-01 3.851422357662876994e-01 3.211786489485149998e-01 5.043396217441447060e-01 7.337898276066272540e-01 6.328369704834224674e-01 4.798622544154109160e-01 8.339878988773219426e-01 4.492866897342417953e-01 8.963000020664609879e-01 7.770083584768598950e-01 7.285857597930254226e-01 4.646483541683240071e-01 7.957879218438290714e-01 5.587965110886750075e-01 5.022845260035576631e-01 5.446877899005464485e-01 7.995420289897003929e-01
6.983427445192758043e-01 4.166081608730377028e-01 6.678575005544801213e-01 4.430790033894562718e-01 7.972142424648460679e-01 0.000000000000000000e+00 7.707586651035136516e-01 7.636298868498391235e-01 9.738681379029388019e-01 6.030145011426102375e-01 3.477879681122384437e-01 3.543552253430368726e-01 8.064641830820313828e-01 6.613696883408121119e-01 4.916471642536276998e-01 3.411346962153224416e-01 4.522132407930279374e-01 8.303088674268204183e-01 4.414742457697905520e-01 5.003933410863158349e-01 4.977822498554131947e-01 8.797707212391845388e-01 1.265362657250812539e-01 9.837618288057372595e-01 4.191668458160513477e-01 8.266794299845392491e-01 5.403135465707997742e-02 5.661225026176286423e-01 4.019397652404267940e-01 4.185211311139237500e-01 8.226081495356329931e-01 6.538303186278502377e-01 5.772698327912291205e-01 4.380902613171600013e-01 5.338501606407104472e-01
8.915790104249801118e-01 9.010970875825684567e-01 8.752154712015220994e-01 2.608117364799966698e-01 4.214394845787264865e-01 7.707586651035136516e-01 0.000000000000000000e+00 5.291420890237636954e-01 2.146764324941484725e-01 7.284357827663080487e-01 3.758716038787192071e-01 2.692993405067916068e-01 4.157608938961758760e-01 3.193491988767092060e-01 3.572931633995665712e-01 7.190765537857273237e-01 8.738561540973471820e-01 9.161265806037384163e-01 9.183501719621229853e-01 9.016746304310117033e-01 3.655091922807290894e-01 4.949342407052427784e-01 4.978223180654371971e-01 8.090054392659946636e-01 4.642578691805943070e-01 7.131737595216472991e-01 4.976162622197133345e-01 1.504454971382321871e-01 5.284855395756793417e-01 7.647014915922054623e-01 6.251473033717636074e-01 6.923133155671935546e-01 4.573074493627368731e-01 6.622109907810699303e-01 5.454913680110187180e-01
6.257908473493188906e-01 2.442281288051417754e-01 4.560721691805163514e-01 2.812216893224231962e-01 3.237338436497820826e-01 7.636298868498391235e-01 5.291420890237636954e-01 0.000000000000000000e+00 6.592483484400174509e-01 2.663881182380488655e-01 6.783614200686547413e-01 7.252729361549241638e-01 7.583188836446963510e-01 8.366439561602994068e-01 6.774726828721422400e-01 7.167559028874088689e-01 4.283551442939830256e-01 6.087369220224581046e-01 2.351030378525764686e-02 8.052794936739229303e-01 8.439134161187198391e-01 7.193565678504525440e-01 4.356325464569510419e-01 5.286752869102673280e-01 1.540689125663120551e-01 5.565371111960497608e-01 1.960810976556183194e-01 4.497282538379784866e-01 3.197990023354394529e-01 7.292547964311085762e-01 7.902499856755966778e-01 7.302137683008417257e-01 5.740224345367512804e-01 7.792209721213756435e-01 5.736290057033817114e-01
8.320550986421746398e-01 3.556784639597568853e-01 5.641220327067111295e-01 3.442446887203168271e-01 5.560623977998465639e-01 9.738681379029388019e-01 2.146764324941484725e-01 6.592483484400174509e-01 0.000000000000000000e+00 6.601632489413049587e-01 5.251429258664948030e-01 4.566319555446157752e-01 9.063918714060057447e-01 5.201887996965077754e-01 1.598497374132769600e-01 3.090378463371717954e-01 1.790155466469255385e-01 6.966977225386287165e-01 4.595166687101676639e-01 4.185621731729377015e-01 5.528172691641207726e-01 8.399480377092594097e-01 6.711003027071997806e-01 8.485073839390636641e-01 6.427338671594546859e-01 5.967638857643908779e-01 5.359082357401161456e-01 7.403063242998710880e-01 3.785959195492605289e-01 5.416583219300625807e-01 6.083233486839838555e-01 7.578317756636216984e-01 2.717298099245970544e-01 8.535704413700524462e-01 4.922618163326701879e-01
3.006602481403569671e-01 4.953285236043910578e-01 6.506989009713494143e-01 3.573745816612474702e-01 4.877863860320085787e-01 6.030145011426102375e-01 7.284357827663080487e-01 2.663881182380488655e-01 6.601632489413049587e-01 0.000000000000000000e+00 4.852405895186394091e-01 5.203000609179418978e-01 8.749109043738996228e-01 9.318547812683741771e-01 8.130547052616137194e-01 5.092302426573315222e-01 3.737019186423523598e-01 4.441971086955129877e-01 7.287498267077361369e-01 4.089484942408060375e-01 1.456876396957478281e-01 6.840925972954806644e-01 8.543221051554947820e-01 7.455415298256988788e-01 4.729587608235713003e-01 8.927343629028241523e-01 2.482895160251343825e-01 1.817422656867160313e-01 2.322059394336331017e-01 3.781021346353086732e-01 9.136379427409812015e-01 6.212088826691537502e-01 2.294677768364408177e-01 2.701580610092594315e-01 9.418287664439466411e-01
3.742296498236373781e-01 8.227750842058154657e-01 3.937939111040018592e-01 4.238502934203729478e-01 4.081100952063925202e-01 3.477879681122384437e-01 3.758716038787192071e-01 6.783614200686547413e-01 5.251429258664948030e-01 4.852405895186394091e-01 0.000000000000000000e+00 6.774967826759170642e-01 5.158789632293954153e-01 9.697124515749988571e-02 9.717156897665819582e-01 1.863228404825114093e-01 2.278930107999546095e-01 6.864442920033327900e-01 1.309266817006363159e-01 6.633658923438907618e-01 4.796603573573193224e-01 5.401440191544519820e-01 8.965603814200421295e-01 5.590043761885352680e-01 9.775414455915059087e-01 2.568692303927479492e-01 7.956599403024022799e-01 6.390775462355420267e-01 6.353558686967343272e-01 8.380104100041263493e-01 4.593080260861925890e-01 4.686801271431189075e-01 8.600681874251724368e-01 1.956004049341538154e-01 5.688959660490194858e-01
9.759017418236697328e-01 6.595910996891484190e-01 4.457289193493514379e-01 6.024969679818806823e-01 9.034247744779313471e-01 3.543552253430368726e-01 2.692993405067916068e-01 7.252729361549241638e-01 4.566319555446157752e-01 5.203000609179418978e-01 6.774967826759170642e-01 0.000000000000000000e+00 5.598767681161219700e-01 5.977866533005573579e-01 7.858352430033017644e-01 5.201028906734359580e-01 6.511097182444329778e-01 5.641470790410183511e-01 7.852674674649682274e-01 8.896535627883557229e-01 5.997836382347143669e-01 8.608834238304514663e-01 4.387598570567836642e-01 6.882426494478570689e-01 7.868093596827987479e-01 9.779146965429901250e-01 6.837469366051238673e-01 5.045281659214031489e-01 5.443573819381810619e-01 5.039888755857950819e-01 9.494769257551514130e-01 3.048912698285842771e-01 7.575707694877839016e-01 4.329941189898569021e-01 8.189807473547624506e-01
6.641804170373023508e-01 3.173906997123835949e-01 6.401733683150840903e-01 9.101360283543017404e-01 6.022592908924720989e-01 8.064641830820313828e-01 4.157608938961758760e-01 7.583188836446963510e-01 9.063918714060057447e-01 8.749109043738996228e-01 5.158789632293954153e-01 5.598767681161219700e-01 0.000000000000000000e+00 4.577915804838731395e-01 7.181280323346568295e-01 6.327600874950076726e-01 7.267970721764194231e-01 5.446319238944768992e-01 5.496910137704962285e-01 4.143447065090740677e-01 6.980030675718630340e-01 7.391184815532587660e-01 4.759443743051152698e-01 5.041969144536051495e-01 3.401058479838811044e-01 4.262760939082327893e-01 4.822821812835189625e-01 4.562259235675399371e-01 7.391316571552128956e-01 3.907636771784767094e-01 5.232848746167249043e-01 5.319627904888465375e-01 6.775616226982786872e-01 2.795498610581409471e-01 5.209350163336388118e-01
8.292838031172455882e-01 7.935788143883819590e-01 5.842593244235382288e-01 8.218283274558566553e-01 8.547281040658135653e-01 6.613696883408121119e-01 3.193491988767092060e-01 8.366439561602994068e-01 5.201887996965077754e-01 9.318547812683741771e-01 9.697124515749988571e-02 5.977866533005573579e-01 4.577915804838731395e-01 0.000000000000000000e+00 5.352525582660412340e-01 7.653531545106752043e-01 5.339184715142123450e-01 5.058118759230878503e-02 4.371983191093013477e-01 5.218083318420984051e-01 7.737886259347315221e-01 7.077973877150449677e-01 2.702961818390212656e-01 4.842581540700426901e-01 7.954516147408435822e-01 3.132718924088893075e-01 4.578592423761701502e-01 9.096389271383681363e-01 3.492064599267443170e-01 5.704977713107370896e-01 5.741963858469740778e-01 7.281058212451385625e-02 3.021954614968835884e-01 6.061175241194249885e-01 7.531081811562874151e-01
8.638846828978563597e-01 4.244036277153266368e-01 3.027793576005635146e-01 4.763207124927871794e-01 6.586818916562424686e-01 4.916471642536276998e-01 3.572931633995665712e-01 6.774726828721422400e-01 1.598497374132769600e-01 8.130547052616137194e-01 9.717156897665819582e-01 7.858352430033017644e-01 7.181280323346568295e-01 5.352525582660412340e-01 0.000000000000000000e+00 7.510845541735458042e-01 3.375269158568540151e-01 6.995328031832990234e-01 6.336221911153747666e-01 4.550059358291550504e-01 7.036886561132273954e-01 2.218289849748174836e-01 5.755487626205770813e-01 5.676793613169891506e-01 3.704140237277857572e-01 4.068260949634965873e-01 6.683493045084945017e-01 8.017710268100203264e-01 4.229782843086043465e-01 6.992578039174230931e-01 8.755449531298781229e-01 8.900067634587351950e-01 4.626317333481519412e-01 5.328218445344583554e-01 4.482042420515806036e-01
7.629127755561475599e-01 7.131614082916319930e-01 5.157273662142414228e-01 9.048323840679657337e-01 1.416482863188580632e-01 3.411346962153224416e-01 7.190765537857273237e-01 7.167559028874088689e-01 3.090378463371717954e-01 5.092302426573315222e-01 1.863228404825114093e-01 5.201028906734359580e-01 6.327600874950076726e-01 7.653531545106752043e-01 7.510845541735458042e-01 0.000000000000000000e+00 1.962035957261922259e-01 4.703130230140510348e-01 6.997632674558914578e-01 7.864490715973615487e-01 3.947169936787233713e-01 6.777909019645054212e-01 5.650480823630614768e-01 5.718711109933822812e-01 6.669684584430358720e-01 2.261117546397024003e-01 4.112662936354468113e-01 2.829333856613089893e-01 2.296829310524998169e-01 3.600328857757564838e-01 7.529825213650175320e-01 2.844539727698797704e-01 5.852411569300225436e-01 8.040559113823761983e-01 5.258083981982542010e-01
9.678263787780876370e-01 6.182788055526030613e-01 9.183861297780206989e-01 3.967886052259391172e-01 7.096416331670085675e-01 4.522132407930279374e-01 8.738561540973471820e-01 4.283551442939830256e-01 1.790155466469255385e-01 3.737019186423523598e-01 2.278930107999546095e-01 6.511097182444329778e-01 7.267970721764194231e-01 5.339184715142123450e-01 3.375269158568540151e-01 1.962035957261922259e-01 0.000000000000000000e+00 6.233688806144328520e-01 5.628441032580853154e-01 2.148390477392858600e-01 4.694259083425170176e-01 8.086660697260676933e-01 3.643497267329361966e-01 8.868104146160044055e-01 4.752402622506500252e-01 6.447819088479536109e-01 6.753796962619429411e-01 8.465961179937210312e-01 5.347228135045749564e-01 2.066391049940474178e-01 8.234033996661624943e-01 2.773220150265648387e-01 6.594931605864542412e-01 1.023556779510639281e-01 7.300666763994122510e-01
4.611120811288502153e-01 2.420607324067768351e-01 4.946380617204082508e-01 4.087110525126593230e-01 3.405583803971767298e-01 8.303088674268204183e-01 9.161265806037384163e-01 6.087369220224581046e-01 6.966977225386287165e-01 4.441971086955129877e-01 6.864442920033327900e-01 5.641470790410183511e-01 5.446319238944768992e-01 5.058118759230878503e-02 6.995328031832990234e-01 4.703130230140510348e-01 6.233688806144328520e-01 0.000000000000000000e+00 5.893453277533015067e-01 1.626407714391170378e-01 8.256825816078599001e-01 4.337025922957594704e-01 6.442802810726010465e-01 6.740016385139784294e-01 5.469789208896501664e-01 8.873049876796790247e-01 8.781223286223006630e-01 1.186116606067745272e-01 7.773181627819856221e-01 5.790625404135726351e-01 2.796597914412775610e-01 5.300112206342413312e-01 7.632545379260948781e-01 6.572804633330843194e-01 3.699388094234289381e-01
4.972052787736723767e-01 2.955672567015764640e-01 7.569308653257578179e-01 6.027758344764182485e-01 3.851422357662876994e-01 4.414742457697905520e-01 9.183501719621229853e-01 2.351030378525764686e-02 4.595166687101676639e-01 7.287498267077361369e-01 1.309266817006363159e-01 7.852674674649682274e-01 5.496910137704962285e-01 4.371983191093013477e-01 6.336221911153747666e-01 6.997632674558914578e-01 5.628441032580853154e-01 5.893453277533015067e-01 0.000000000000000000e+00 8.217833227253505957e-01 7.437298663983006319e-01 5.172428115411120686e-01 6.774077040226103019e-01 2.946953920959630713e-01 3.610588159545103926e-01 7.033101508741018693e-01 7.498074046718635755e-01 2.172357229915743426e-01 5.371510611578607097e-01 9.076436015030577842e-01 7.596592702528072172e-01 9.085740257471612846e-01 4.804387663246472706e-01 1.744774004760436537e-01 4.679047006153600474e-01
2.315902866288093165e-01 5.933099194552393651e-01 4.316294548609325710e-01 4.401102585516343813e-01 3.211786489485149998e-01 5.003933410863158349e-01 9.016746304310117033e-01 8.052794936739229303e-01 4.185621731729377015e-01 4.089484942408060375e-01 6.633658923438907618e-01 8.896535627883557229e-01 4.143447065090740677e-01 5.218083318420984051e-01 4.550059358291550504e-01 7.864490715973615487e-01 2.148390477392858600e-01 1.626407714391170378e-01 8.217833227253505957e-01 0.000000000000000000e+00 8.065716194792897920e-01 5.838993227847193435e-01 7.275168071953785898e-01 2.980226485242220558e-01 8.412561729344916195e-01 3.814887316583419619e-01 6.890118553327627682e-01 8.395353316976235103e-01 3.394547377788684206e-01 1.793291091586179942e-01 8.721990940315137442e-01 4.910931440998469455e-01 4.821085183426958021e-01 5.229535929726096821e-01 4.623829631192135636e-01
4.583371048095192801e-01 4.882114923065574152e-01 1.711740479499912482e-01 4.782863338882432647e-01 5.043396217441447060e-01 4.977822498554131947e-01 3.655091922807290894e-01 8.439134161187198391e-01 5.528172691641207726e-01 1.456876396957478281e-01 4.796603573573193224e-01 5.997836382347143669e-01 6.980030675718630340e-01 7.737886259347315221e-01 7.036886561132273954e-01 3.947169936787233713e-01 4.694259083425170176e-01 8.256825816078599001e-01 7.437298663983006319e-01 8.065716194792897920e-01 0.000000000000000000e+00 6.772994224590324075e-01 7.139272676599558443e-01 9.335844663499497376e-01 4.321526234309050474e-01 8.155356112664311485e-01 4.967315207323211301e-01 4.844128552900677231e-01 7.672762975505097449e-01 9.047822249842432107e-01 9.997628281785542192e-02 4.077970518329046001e-01 3.419030758640269618e-01 5.501573378907562706e-01 3.937389700132381543e-01
1.364053206099778981e-01 6.322470581029139280e-01 5.762453411882020315e-01 1.928454002174856408e-01 7.337898276066272540e-01 8.797707212391845388e-01 4.949342407052427784e-01 7.193565678504525440e-01 8.399480377092594097e-01 6.840925972954806644e-01 5.401440191544519820e-01 8.608834238304514663e-01 7.391184815532587660e-01 7.077973877150449677e-01 2.218289849748174836e-01 6.777909019645054212e-01 8.086660697260676933e-01 4.337025922957594704e-01 5.172428115411120686e-01 5.838993227847193435e-01 6.772994224590324075e-01 0.000000000000000000e+00 7.139757284233179124e-01 6.766162762286619392e-01 4.781370706822896111e-02 2.198947178008578973e-01 6.238448265180944752e-01 5.528870383220552132e-01 6.581429339096451780e-01 2.993862954112744834e-01 8.783264039641368592e-01 6.293211252560690916e-01 7.496432359561793213e-01 6.636895898790441395e-01 7.032014873431934321e-01
2.779178954967640447e-01 3.596987171849965192e-01 7.900276337578775454e-01 3.300295723722491692e-01 6.328369704834224674e-01 1.265362657250812539e-01 4.978223180654371971e-01 4.356325464569510419e-01 6.711003027071997806e-01 8.543221051554947820e-01 8.965603814200421295e-01 4.387598570567836642e-01 4.759443743051152698e-01 2.702961818390212656e-01 5.755487626205770813e-01 5.650480823630614768e-01 3.643497267329361966e-01 6.442802810726010465e-01 6.774077040226103019e-01 7.275168071953785898e-01 7.139272676599558443e-01 7.139757284233179124e-01 0.000000000000000000e+00 8.202464118042064323e-01 9.722739733051115607e-01 4.725055300187729346e-01 7.776753839250929445e-01 4.151327504862674100e-01 3.583354837795934555e-01 6.187312840783210088e-01 5.327235557574184766e-01 3.776736664211872152e-01 6.693865347455130177e-02 9.310902401992091626e-01 6.034059963281072081e-01
5.300131283928389836e-01 3.118684209167763566e-01 5.202843024486901724e-01 8.971143382368708119e-01 4.798622544154109160e-01 9.837618288057372595e-01 8.090054392659946636e-01 5.286752869102673280e-01 8.485073839390636641e-01 7.455415298256988788e-01 5.590043761885352680e-01 6.882426494478570689e-01 5.041969144536051495e-01 4.842581540700426901e-01 5.676793613169891506e-01 5.718711109933822812e-01 8.868104146160044055e-01 6.740016385139784294e-01 2.946953920959630713e-01 2.980226485242220558e-01 9.335844663499497376e-01 6.766162762286619392e-01 8.202464118042064323e-01 0.000000000000000000e+00 4.677441897030190088e-01 7.237339433485061591e-01 7.989072390459783790e-02 1.166406364447299948e-01 4.898926485449042745e-01 6.210129074042817221e-01 4.350207929247834615e-01 5.709121855824699221e-01 5.638606830279662141e-01 5.769295800807415775e-01 7.933748204765879164e-01
4.085701315529056687e-01 8.553374499687903532e-01 6.825187023157939237e-01 8.319940581042875039e-01 8.339878988773219426e-01 4.191668458160513477e-01 4.642578691805943070e-01 1.540689125663120551e-01 6.427338671594546859e-01 4.729587608235713003e-01 9.775414455915059087e-01 7.868093596827987479e-01 3.401058479838811044e-01 7.954516147408435822e-01 3.704140237277857572e-01 6.669684584430358720e-01 4.752402622506500252e-01 5.469789208896501664e-01 3.610588159545103926e-01 8.412561729344916195e-01 4.321526234309050474e-01 4.781370706822896111e-02 9.722739733051115607e-01 4.677441897030190088e-01 0.000000000000000000e+00 5.611748112875640793e-01 7.494515576897202713e-01 6.718569114230835693e-01 5.025125723708281367e-01 1.514009578201426232e-01 7.116097446510345481e-01 1.558242995305364476e-01 7.293372892273022323e-01 6.053698111576616414e-01 8.382380187642421987e-01
2.088717530965922275e-01 3.778401732867537333e-01 8.398627293410944050e-01 3.741347703162680172e-01 4.492866897342417953e-01 8.266794299845392491e-01 7.131737595216472991e-01 5.565371111960497608e-01 5.967638857643908779e-01 8.927343629028241523e-01 2.568692303927479492e-01 9.779146965429901250e-01 4.262760939082327893e-01 3.132718924088893075e-01 4.068260949634965873e-01 2.261117546397024003e-01 6.447819088479536109e-01 8.873049876796790247e-01 7.033101508741018693e-01 3.814887316583419619e-01 8.155356112664311485e-01 2.198947178008578973e-01 4.725055300187729346e-01 7.237339433485061591e-01 5.611748112875640793e-01 0.000000000000000000e+00 3.942558725974373290e-01 5.607425995532793195e-01 4.719408349623613885e-01 5.136478718436342517e-01 5.089756247551742163e-01 4.129740958360293424e-01 3.755698117653198942e-01 1.986785348473667501e-01 2.063876891907800992e-01
3.888077827654410901e-01 3.173564728815025937e-01 4.864880141868331842e-01 4.031779430733921643e-01 8.963000020664609879e-01 5.403135465707997742e-02 4.976162622197133345e-01 1.960810976556183194e-01 5.359082357401161456e-01 2.482895160251343825e-01 7.956599403024022799e-01 6.837469366051238673e-01 4.822821812835189625e-01 4.578592423761701502e-01 6.683493045084945017e-01 4.112662936354468113e-01 6.753796962619429411e-01 8.781223286223006630e-01 7.498074046718635755e-01 6.890118553327627682e-01 4.967315207323211301e-01 6.238448265180944752e-01 7.776753839250929445e-01 7.989072390459783790e-02 7.494515576897202713e-01 3.942558725974373290e-01 0.000000000000000000e+00 6.045766699292507429e-01 7.886768104923373990e-01 1.512894454735569383e-03 7.248191912794843539e-01 4.328014837238052803e-01 5.349790647456700299e-01 4.008047105516212016e-01 6.239523619301987623e-01
7.509597510777583640e-01 5.550126541177879957e-01 3.759177290996097986e-01 4.721336873666030498e-01 7.770083584768598950e-01 5.661225026176286423e-01 1.504454971382321871e-01 4.497282538379784866e-01 7.403063242998710880e-01 1.817422656867160313e-01 6.390775462355420267e-01 5.045281659214031489e-01 4.562259235675399371e-01 9.096389271383681363e-01 8.017710268100203264e-01 2.829333856613089893e-01 8.465961179937210312e-01 1.186116606067745272e-01 2.172357229915743426e-01 8.395353316976235103e-01 4.844128552900677231e-01 5.528870383220552132e-01 4.151327504862674100e-01 1.166406364447299948e-01 6.718569114230835693e-01 5.607425995532793195e-01 6.045766699292507429e-01 0.000000000000000000e+00 7.682768824151384734e-01 3.550933254535671990e-01 7.077301647035219023e-01 6.812466299378845402e-01 9.344785731684595032e-01 4.900391728966992932e-01 3.237463219060719988e-01
7.260012510760830429e-01 8.543208316545862768e-01 4.969837389129323491e-01 4.049748504826203299e-01 7.285857597930254226e-01 4.019397652404267940e-01 5.284855395756793417e-01 3.197990023354394529e-01 3.785959195492605289e-01 2.322059394336331017e-01 6.353558686967343272e-01 5.443573819381810619e-01 7.391316571552128956e-01 3.492064599267443170e-01 4.229782843086043465e-01 2.296829310524998169e-01 5.347228135045749564e-01 7.773181627819856221e-01 5.371510611578607097e-01 3.394547377788684206e-01 7.672762975505097449e-01 6.581429339096451780e-01 3.583354837795934555e-01 4.898926485449042745e-01 5.025125723708281367e-01 4.719408349623613885e-01 7.886768104923373990e-01 7.682768824151384734e-01 0.000000000000000000e+00 8.864198620815858520e-01 5.765135999346362450e-01 4.179853384578768871e-02 8.532557284110020568e-02 2.282372250732694619e-01 6.698923811448624921e-01
2.163583692438953987e-01 7.292123673677857187e-01 7.200002113155656858e-01 5.412045536033223136e-01 4.646483541683240071e-01 4.185211311139237500e-01 7.647014915922054623e-01 7.292547964311085762e-01 5.416583219300625807e-01 3.781021346353086732e-01 8.380104100041263493e-01 5.039888755857950819e-01 3.907636771784767094e-01 5.704977713107370896e-01 6.992578039174230931e-01 3.600328857757564838e-01 2.066391049940474178e-01 5.790625404135726351e-01 9.076436015030577842e-01 1.793291091586179942e-01 9.047822249842432107e-01 2.993862954112744834e-01 6.187312840783210088e-01 6.210129074042817221e-01 1.514009578201426232e-01 5.136478718436342517e-01 1.512894454735569383e-03 3.550933254535671990e-01 8.864198620815858520e-01 0.000000000000000000e+00 5.185930499217256129e-01 8.031716599182261440e-01 6.929144467025758480e-01 2.841690074754855688e-01 6.394412385914729491e-01
6.859489184083151780e-01 4.172148572502002994e-01 8.624037290842470060e-01 6.349797848096889741e-01 7.957879218438290714e-01 8.226081495356329931e-01 6.251473033717636074e-01 7.902499856755966778e-01 6.083233486839838555e-01 9.136379427409812015e-01 4.593080260861925890e-01 9.494769257551514130e-01 5.232848746167249043e-01 5.741963858469740778e-01 8.755449531298781229e-01 7.529825213650175320e-01 8.234033996661624943e-01 2.796597914412775610e-01 7.596592702528072172e-01 8.721990940315137442e-01 9.997628281785542192e-02 8.783264039641368592e-01 5.327235557574184766e-01 4.350207929247834615e-01 7.116097446510345481e-01 5.089756247551742163e-01 7.248191912794843539e-01 7.077301647035219023e-01 5.765135999346362450e-01 5.185930499217256129e-01 0.000000000000000000e+00 6.151339305404269764e-01 2.779891593898802804e-01 7.476446006528827404e-01 5.771423818619645374e-01
3.279159872556306476e-01 6.781864530576854344e-01 5.432542340874269016e-01 5.487871791500442686e-02 5.587965110886750075e-01 6.538303186278502377e-01 6.923133155671935546e-01 7.302137683008417257e-01 7.578317756636216984e-01 6.212088826691537502e-01 4.686801271431189075e-01 3.048912698285842771e-01 5.319627904888465375e-01 7.281058212451385625e-02 8.900067634587351950e-01 2.844539727698797704e-01 2.773220150265648387e-01 5.300112206342413312e-01 9.085740257471612846e-01 4.910931440998469455e-01 4.077970518329046001e-01 6.293211252560690916e-01 3.776736664211872152e-01 5.709121855824699221e-01 1.558242995305364476e-01 4.129740958360293424e-01 4.328014837238052803e-01 6.812466299378845402e-01 4.179853384578768871e-02 8.031716599182261440e-01 6.151339305404269764e-01 0.000000000000000000e+00 8.782171610414701846e-02 7.291869087686013717e-01 4.452222537506322353e-01
9.001765158291290536e-01 4.572115818301137891e-01 7.409745889047496537e-01 3.510816325697639906e-01 5.022845260035576631e-01 5.772698327912291205e-01 4.573074493627368731e-01 5.740224345367512804e-01 2.717298099245970544e-01 2.294677768364408177e-01 8.600681874251724368e-01 7.575707694877839016e-01 6.775616226982786872e-01 3.021954614968835884e-01 4.626317333481519412e-01 5.852411569300225436e-01 6.594931605864542412e-01 7.632545379260948781e-01 4.804387663246472706e-01 4.821085183426958021e-01 3.419030758640269618e-01 7.496432359561793213e-01 6.693865347455130177e-02 5.638606830279662141e-01 7.293372892273022323e-01 3.755698117653198942e-01 5.349790647456700299e-01 9.344785731684595032e-01 8.532557284110020568e-02 6.929144467025758480e-01 2.779891593898802804e-01 8.782171610414701846e-02 0.000000000000000000e+00 5.680320145586958969e-01 4.126043749720600395e-01
5.171462088884539732e-01 9.110011175446657283e-01 3.473781256487295521e-01 4.392962563527902931e-01 5.446877899005464485e-01 4.380902613171600013e-01 6.622109907810699303e-01 7.792209721213756435e-01 8.535704413700524462e-01 2.701580610092594315e-01 1.956004049341538154e-01 4.329941189898569021e-01 2.795498610581409471e-01 6.061175241194249885e-01 5.328218445344583554e-01 8.040559113823761983e-01 1.023556779510639281e-01 6.572804633330843194e-01 1.744774004760436537e-01 5.229535929726096821e-01 5.501573378907562706e-01 6.636895898790441395e-01 9.310902401992091626e-01 5.769295800807415775e-01 6.053698111576616414e-01 1.986785348473667501e-01 4.008047105516212016e-01 4.900391728966992932e-01 2.282372250732694619e-01 2.841690074754855688e-01 7.476446006528827404e-01 7.291869087686013717e-01 5.680320145586958969e-01 0.000000000000000000e+00 3.370421144751680753e-01
3.198443706242199980e-01 2.084318912629314902e-01 4.180951210669864304e-01 3.968232661888827506e-01 7.995420289897003929e-01 5.338501606407104472e-01 5.454913680110187180e-01 5.736290057033817114e-01 4.922618163326701879e-01 9.418287664439466411e-01 5.688959660490194858e-01 8.189807473547624506e-01 5.209350163336388118e-01 7.531081811562874151e-01 4.482042420515806036e-01 5.258083981982542010e-01 7.300666763994122510e-01 3.699388094234289381e-01 4.679047006153600474e-01 4.623829631192135636e-01 3.937389700132381543e-01 7.032014873431934321e-01 6.034059963281072081e-01 7.933748204765879164e-01 8.382380187642421987e-01 2.063876891907800992e-01 6.239523619301987623e-01 3.237463219060719988e-01 6.698923811448624921e-01 6.394412385914729491e-01 5.771423818619645374e-01 4.452222537506322353e-01 4.126043749720600395e-01 3.370421144751680753e-01 0.000000000000000000e+00
