0.000000000000000000e+00 4.774665664749234706e-01 4.726048386729985729e-01 4.461298053683717679e-01 2.701425547624343171e-01 8.372195993127902192e-01 5.615351125412999522e-01 6.822688125809949211e-01 3.318055173665139801e-01 5.347341679117556534e-01 8.394191149220111559e-01 5.632984824140356839e-01 3.027701466709030731e-01 4.430328336091126085e-01 5.231385202422766945e-01 5.198544862143961165e-01 4.212063247368662000e-01 5.968995613891256991e-01 7.603100238834292757e-01 3.419957535408444382e-01 6.338428801797448831e-01 5.135267207272236067e-01 5.473281629819464200e-01 5.075130491143196032e-01 4.499155225137316805e-01 4.713972935472345860e-01 4.583936618476628366e-01 3.446500538282826209e-01 9.015455819307984786e-01 8.133061668220714635e-01 9.057337153915867578e-02 4.904958641544652775e-01 2.589923091440816671e-01 2.750729410167864764e-01 8.528610033003793944e-01
4.774665664749234706e-01 0.000000000000000000e+00 4.262401736542718589e-01 6.570552620423347756e-01 6.251921789280846520e-01 6.760578380342348037e-01 2.524718072127144497e-01 4.286053750612793811e-01 4.912810723706709237e-01 4.160190185603919732e-01 4.114078441595677704e-01 5.914266108062498084e-01 7.181814232023885358e-01 4.228108220834913000e-01 8.986509624190130996e-01 9.368111386031425791e-01 4.262036810552529698e-01 4.765107628370413018e-01 3.774899104113376147e-01 3.685726912362189411e-01 2.601804044371849312e-01 2.122950551348014581e-01 5.488837852075481027e-01 4.964367524572209645e-01 1.194300259314795554e-01 8.280777807262109658e-01 4.993429496124388578e-01 8.646085575612477703e-02 6.367140386299124932e-01 5.788881786974586774e-01 5.266130331943046361e-01 5.095844687349679880e-01 1.392246456145945777e-01 3.524319649745030203e-01 5.875407201711696503e-01
4.726048386729985729e-01 4.262401736542718589e-01 0.000000000000000000e+00 3.810842194437489283e-01 3.349417399045917509e-01 5.601222658381828090e-01 7.315337045458120135e-01 6.966477911163225789e-01 7.540147501783527328e-01 4.318228437968176792e-01 6.635570416506211266e-01 5.426064787194168071e-01 6.603031243433267194e-01 4.247269437001931491e-01 2.334374489278209230e-01 5.361263234621197471e-01 2.390965993988493077e-01 5.408951182139777325e-01 4.943691919106307786e-02 6.310638704777440378e-01 6.998578142309260786e-01 5.025924989826648925e-01 6.592613904514599277e-02 4.064497507285272371e-01 6.334693494358218935e-01 3.345937811968341946e-01 6.600852747354268857e-01 7.406176872144358825e-01 1.817282226722178318e-01 4.571114787893401088e-01 4.419567357157383469e-01 6.103581893350714660e-01 7.321071389835902554e-01 3.381954143429645177e-01 4.925952834981190964e-01
4.461298053683717679e-01 6.570552620423347756e-01 3.810842194437489283e-01 0.000000000000000000e+00 1.470766567877428432e-01 2.692868477207056577e-01 8.093058183218817536e-01 8.880273085139576139e-01 3.779685479379010227e-01 4.366316583448114352e-01 6.825180893818567629e-01 8.184339145185310915e-01 6.233446704927094739e-01 3.314449373904372331e-01 3.391078390743885729e-01 5.129467148852299152e-01 2.261402255764893288e-01 6.008436646465906694e-01 4.361509507918601147e-01 6.349503781567564786e-01 2.427038023824117374e-01 7.132735716667473191e-01 7.077645694926670838e-01 7.514732122385543445e-01 5.898117142961449844e-01 6.372313144023373788e-01 5.548240527621191021e-01 1.968017777714954342e-01 7.185172305689235817e-01 5.879557505827499586e-01 8.731497540481242270e-01 3.978671400049543783e-01 5.223340396848896727e-02 4.717919006740309840e-01 4.934164849042392831e-01
2.701425547624343171e-01 6.251921789280846520e-01 3.349417399045917509e-01 1.470766567877428432e-01 0.000000000000000000e+00 2.214010043658016791e-01 5.511129965030284739e-01 4.658393958309759442e-01 3.403284551295753246e-01 4.130998238277059365e-01 5.152936336235438564e-01 7.317715396593625909e-01 5.707604246559764283e-01 7.133203938791539134e-01 4.894007131690727430e-01 2.331794731596226744e-01 3.594651733719421705e-01 8.311310781740488540e-02 3.418156403485556050e-01 5.708008725322728516e-01 4.548798311880796197e-01 3.909284803625794336e-01 4.478623931652407908e-01 3.749084690529455588e-01 5.949647698688816932e-01 3.218008593638806425e-01 6.811028975122064288e-01 8.266915442290085902e-01 5.614329743876628198e-01 4.030596259863002961e-01 6.678777108912057336e-01 4.990868912097637944e-01 4.521170216510198570e-01 3.387068809347467124e-01 1.073050268330291157e-01
8.372195993127902192e-01 6.760578380342348037e-01 5.601222658381828090e-01 2.692868477207056577e-01 2.214010043658016791e-01 0.000000000000000000e+00 8.380448414459955586e-01 3.204889676065340032e-01 7.528174003472656306e-01 3.101340652626997096e-01 9.296722311209959511e-01 5.864133036228867946e-01 4.529709317971780114e-01 1.983459655615262829e-01 6.219059631857346560e-01 8.747566261582988556e-01 3.964780342046700934e-01 2.291367643602379989e-01 5.999022521981994815e-01 5.720385931736671203e-01 3.883041164809878931e-01 1.503230102003513258e-01 8.118064031288533267e-01 4.655022006659104150e-01 5.787631681215464896e-01 4.334773419150387275e-01 4.885326757423018029e-01 5.918321843119984660e-01 3.349842576892552160e-01 2.668372771093283635e-01 6.725698402922639652e-01 1.320027123715674655e-01 6.916501059750808089e-01 4.270558796397794232e-02 3.327114286507524277e-01
5.615351125412999522e-01 2.524718072127144497e-01 7.315337045458120135e-01 8.093058183218817536e-01 5.511129965030284739e-01 8.380448414459955586e-01 0.000000000000000000e+00 5.927557016876141560e-01 5.372874286459045079e-01 3.893673500050928160e-01 8.245315383783771157e-01 3.034098775218371236e-01 3.016576019974044343e-01 7.766653486545569418e-01 4.155102022525097860e-01 4.710043773061191041e-01 2.639701581357163929e-01 5.670277371492480345e-01 1.744150151403957016e-01 4.266412285041569219e-01 2.875822528857689964e-01 7.650220503552301876e-01 3.628418823660727321e-01 7.688597818643827519e-02 3.307733248732270814e-01 4.831123066188159343e-01 5.762321781580340696e-01 8.610091112715055894e-01 3.657861057128036775e-01 3.819063223130674256e-01 6.846159685693797847e-01 5.564806049954718059e-01 9.436390039559204856e-01 4.531940351529522570e-01 8.311982458801927542e-01
6.822688125809949211e-01 4.286053750612793811e-01 6.966477911163225789e-01 8.880273085139576139e-01 4.658393958309759442e-01 3.204889676065340032e-01 5.927557016876141560e-01 0.000000000000000000e+00 4.758031232518061815e-01 5.707435458142239293e-01 1.859251640402806993e-01 4.637330083906120448e-01 4.973775764307732938e-01 4.881043429835725256e-01 7.887126124205744437e-01 8.978947061775559568e-01 1.889664440730753903e-01 3.024684855355228574e-01 4.980020880669679406e-01 4.735432950999758361e-01 5.807734250492769812e-01 4.999111510401235137e-01 5.913275055161397731e-01 3.175320356314442760e-01 4.627878885778814455e-01 1.379085518115739095e-01 1.462570055411951397e-01 4.035139670593720362e-01 6.109825526872314505e-01 4.434622590719705659e-01 3.827516678934501648e-01 7.720519016943607760e-01 7.154891417365492057e-01 1.223975550261122702e-01 3.680935245837099190e-01
3.318055173665139801e-01 4.912810723706709237e-01 7.540147501783527328e-01 3.779685479379010227e-01 3.403284551295753246e-01 7.528174003472656306e-01 5.372874286459045079e-01 4.758031232518061815e-01 0.000000000000000000e+00 2.311199121520013389e-02 2.933717862955800282e-01 4.241673332877043956e-01 4.166031036898344420e-01 1.925950356381883610e-01 2.474920010598641307e-01 5.588728380191283485e-01 6.459975075459829519e-01 1.224702190488327069e-01 6.981815558264294896e-01 4.798323169325470761e-01 9.019624978214664246e-01 3.264634870692685320e-01 8.760030863376870869e-01 5.582536430616078515e-01 5.276867079085875156e-01 1.624482895525174442e-01 3.181314358361083672e-01 2.939670399277501955e-01 5.409077123080225924e-01 3.239175210601286103e-01 8.794051754023596290e-01 6.522684546760844082e-01 7.273254151791552768e-01 3.953286407703279215e-01 4.182933690562588569e-01
5.347341679117556534e-01 4.160190185603919732e-01 4.318228437968176792e-01 4.366316583448114352e-01 4.130998238277059365e-01 3.101340652626997096e-01 3.893673500050928160e-01 5.707435458142239293e-01 2.311199121520013389e-02 0.000000000000000000e+00 7.062098504437298585e-01 1.168895391408016904e-01 3.943549456893575833e-01 4.556520340020184801e-01 4.784783267815842511e-01 4.450998731704277622e-01 5.008072345686106486e-01 8.878661038887165624e-01 9.785843446691131486e-01 1.794855960946249995e-01 4.096736712646019130e-01 8.153958424762026702e-01 3.585019288216554356e-01 2.246047518370675178e-01 8.676359233780430724e-01 2.522531589387698170e-01 1.922281944477777227e-02 8.522750861314476456e-02 4.524117798427189086e-01 8.532763802349802029e-01 6.384228998477563533e-01 6.291761204113401895e-01 7.830401870634068340e-01 1.662293756013339396e-01 3.985197907833020192e-01
8.394191149220111559e-01 4.114078441595677704e-01 6.635570416506211266e-01 6.825180893818567629e-01 5.152936336235438564e-01 9.296722311209959511e-01 8.245315383783771157e-01 1.859251640402806993e-01 2.933717862955800282e-01 7.062098504437298585e-01 0.000000000000000000e+00 4.308685890709059718e-01 6.700742446778955586e-01 7.867652593648251091e-01 2.462814388145014854e-01 8.024642460170523517e-01 3.352063257369811144e-01 4.740924939092174828e-01 8.121826273188614831e-01 8.088819476098109140e-01 6.913232129480291199e-01 1.095250867940804618e-01 7.823682731900860610e-01 5.789497249326176487e-01 4.667094656959975829e-01 4.567436428875967236e-01 5.605085573737408344e-01 4.097779866082355560e-01 7.775317865560169572e-01 5.346731809825175930e-01 1.632468133169191482e-01 2.883043575673964742e-01 3.610782893582655806e-01 4.166920781235077254e-01 7.542921391891360683e-01
5.632984824140356839e-01 5.914266108062498084e-01 5.426064787194168071e-01 8.184339145185310915e-01 7.317715396593625909e-01 5.864133036228867946e-01 3.034098775218371236e-01 4.637330083906120448e-01 4.241673332877043956e-01 1.168895391408016904e-01 4.308685890709059718e-01 0.000000000000000000e+00 5.163448548294036211e-01 6.054884072639832304e-01 6.355575750014437197e-01 4.221718500126528939e-01 5.150933617159322297e-01 9.229188053010348725e-01 3.211515590547617816e-01 7.357628761245799121e-01 4.471985732202623520e-01 5.954908463059321866e-01 4.304119141432018458e-01 5.120541889495211496e-01 7.306627764816148174e-01 4.076846183854422323e-01 2.933078730511951560e-01 1.394983286607125450e-01 5.543701478069031907e-01 2.358484806159989455e-01 6.621371456670229749e-01 7.660565494851632184e-01 5.572412182205279674e-01 4.373278626585312967e-01 5.219537859104796951e-01
3.027701466709030731e-01 7.181814232023885358e-01 6.603031243433267194e-01 6.233446704927094739e-01 5.707604246559764283e-01 4.529709317971780114e-01 3.016576019974044343e-01 4.973775764307732938e-01 4.166031036898344420e-01 3.943549456893575833e-01 6.700742446778955586e-01 5.163448548294036211e-01 0.000000000000000000e+00 4.859285822648309883e-01 4.598934663891002805e-01 7.319628148607328910e-01 7.381577001696510987e-01 3.548106881078475494e-01 3.266735698037371849e-01 1.937567042399475081e-01 2.628486509176419794e-02 5.287375000358142119e-01 7.718924893860470426e-01 3.479651839241709732e-01 3.935982166776161861e-01 1.112521867078821725e-01 7.956461611974408044e-01 5.789603560071330257e-01 6.080592831332312098e-01 4.500029835534031797e-01 7.572643307662212386e-01 3.040648785037896040e-01 6.316171577434503970e-01 6.271901303917881698e-01 3.212429511799766990e-01
4.430328336091126085e-01 4.228108220834913000e-01 4.247269437001931491e-01 3.314449373904372331e-01 7.133203938791539134e-01 1.983459655615262829e-01 7.766653486545569418e-01 4.881043429835725256e-01 1.925950356381883610e-01 4.556520340020184801e-01 7.867652593648251091e-01 6.054884072639832304e-01 4.859285822648309883e-01 0.000000000000000000e+00 7.389792734384788009e-01 4.424284698933247384e-01 7.316645168074067396e-01 9.261561492249730243e-01 6.009663102654274613e-01 5.946637906087083314e-01 4.291707810293391989e-01 1.289840909606242425e-01 2.105906310623970601e-01 5.474446798636116718e-01 7.827458494736672101e-01 7.454791676004368650e-01 4.194236037045337984e-01 8.185171282158107964e-01 1.616940783702904838e-01 3.071985721664832747e-01 5.178166155991925645e-01 3.584621198825764798e-01 1.577938437665026283e-01 6.034894735561386891e-01 5.715543908360147807e-01
5.231385202422766945e-01 8.986509624190130996e-01 2.334374489278209230e-01 3.391078390743885729e-01 4.894007131690727430e-01 6.219059631857346560e-01 4.155102022525097860e-01 7.887126124205744437e-01 2.474920010598641307e-01 4.784783267815842511e-01 2.462814388145014854e-01 6.355575750014437197e-01 4.598934663891002805e-01 7.389792734384788009e-01 0.000000000000000000e+00 4.540928015746289459e-01 8.782201680093535412e-01 6.668250075553856515e-01 8.829849118987581624e-02 7.630187541954827068e-01 7.369799294208931872e-01 6.179121241577218981e-01 1.478117141528236811e-01 4.006476217905117210e-01 5.888493626323351160e-01 3.266161595226503289e-01 8.206245345138496461e-02 7.147506323546835016e-01 1.622134136496184986e-01 6.908542676707020158e-01 8.998755773731472729e-01 7.279205903494132546e-01 1.480184727735820993e-01 5.323831317643581418e-01 8.522133208491108336e-01
5.198544862143961165e-01 9.368111386031425791e-01 5.361263234621197471e-01 5.129467148852299152e-01 2.331794731596226744e-01 8.747566261582988556e-01 4.710043773061191041e-01 8.978947061775559568e-01 5.588728380191283485e-01 4.450998731704277622e-01 8.024642460170523517e-01 4.221718500126528939e-01 7.319628148607328910e-01 4.424284698933247384e-01 4.540928015746289459e-01 0.000000000000000000e+00 3.965422393391717648e-01 5.908695215174601945e-01 1.926853956457370565e-01 7.598244371375770800e-01 6.850597935856902465e-01 4.162789929304100411e-02 8.736243684803418619e-01 6.366186991279985108e-01 4.950984660042456742e-01 6.053265168882802083e-01 2.177502330934203423e-01 2.973130042159022324e-01 4.201416719927875132e-01 3.909474715687616397e-01 6.874558157141394954e-01 6.271909588062535290e-01 8.583462277189100043e-01 7.815024972465052233e-01 6.452110049935357861e-01
4.212063247368662000e-01 4.262036810552529698e-01 2.390965993988493077e-01 2.261402255764893288e-01 3.594651733719421705e-01 3.964780342046700934e-01 2.639701581357163929e-01 1.889664440730753903e-01 6.459975075459829519e-01 5.008072345686106486e-01 3.352063257369811144e-01 5.150933617159322297e-01 7.381577001696510987e-01 7.316645168074067396e-01 8.782201680093535412e-01 3.965422393391717648e-01 0.000000000000000000e+00 3.593968942986471848e-01 5.043755142326840080e-01 3.780091590918400191e-01 6.438278208960490634e-02 7.120368148994273838e-01 2.764570393296824080e-01 5.948821348508908091e-01 8.472094906825570204e-01 5.835397082054900597e-01 3.704157079657260931e-01 9.147351924355875408e-01 7.998678098684383064e-01 3.524195622834706554e-01 5.133819868361908512e-01 7.243948132796188544e-01 5.547485545473157531e-01 9.091667681494672859e-01 8.948868558827896003e-01
5.968995613891256991e-01 4.765107628370413018e-01 5.408951182139777325e-01 6.008436646465906694e-01 8.311310781740488540e-02 2.291367643602379989e-01 5.670277371492480345e-01 3.024684855355228574e-01 1.224702190488327069e-01 8.878661038887165624e-01 4.740924939092174828e-01 9.229188053010348725e-01 3.548106881078475494e-01 9.261561492249730243e-01 6.668250075553856515e-01 5.908695215174601945e-01 3.593968942986471848e-01 0.000000000000000000e+00 8.974247619295063760e-01 5.557187005692516557e-01 4.745334574216641399e-01 5.983842972945656591e-01 6.615614279309258716e-01 4.032938358880375218e-01 7.971239327427805943e-01 8.135074443206952166e-01 6.279765161540056262e-01 5.374850028328823637e-01 5.897584472265344768e-01 5.944295333521250058e-01 5.270199551251391057e-01 5.674502679056765420e-01 8.750908407295349134e-01 2.251404109542917142e-01 8.302318708787554957e-01
7.603100238834292757e-01 3.774899104113376147e-01 4.943691919106307786e-02 4.361509507918601147e-01 3.418156403485556050e-01 5.999022521981994815e-01 1.744150151403957016e-01 4.980020880669679406e-01 6.981815558264294896e-01 9.785843446691131486e-01 8.121826273188614831e-01 3.211515590547617816e-01 3.266735698037371849e-01 6.009663102654274613e-01 8.829849118987581624e-02 1.926853956457370565e-01 5.043755142326840080e-01 8.974247619295063760e-01 0.000000000000000000e+00 2.293035784686585643e-01 5.782620760216354849e-01 4.635331989933770824e-01 7.207640768618422955e-01 3.538648408691837943e-01 4.917757920103392744e-01 5.705975700799457151e-01 4.375808521650852434e-01 6.582803135248325166e-01 7.545849063205800622e-01 1.377440014592403728e-01 8.380853109524455391e-01 6.448250073752969103e-01 8.849750531662567976e-01 2.661913490048629094e-01 8.909376692221875338e-01
3.419957535408444382e-01 3.685726912362189411e-01 6.310638704777440378e-01 6.349503781567564786e-01 5.708008725322728516e-01 5.720385931736671203e-01 4.266412285041569219e-01 4.735432950999758361e-01 4.798323169325470761e-01 1.794855960946249995e-01 8.088819476098109140e-01 7.357628761245799121e-01 1.937567042399475081e-01 5.946637906087083314e-01 7.630187541954827068e-01 7.598244371375770800e-01 3.780091590918400191e-01 5.557187005692516557e-01 2.293035784686585643e-01 0.000000000000000000e+00 3.990335927448805942e-01 1.130224042330562062e-01 7.544355739449555287e-01 6.093428471781313638e-01 8.938970998686901481e-01 6.686678212448751157e-01 3.953062785629177789e-01 6.327216418814275434e-01 7.007659246468830316e-01 4.185597828696417944e-01 4.720862412023769106e-01 4.731998593753823368e-01 9.776435719608462804e-01 9.476527147509182791e-01 8.929596212218195994e-01
6.338428801797448831e-01 2.601804044371849312e-01 6.998578142309260786e-01 2.427038023824117374e-01 4.548798311880796197e-01 3.883041164809878931e-01 2.875822528857689964e-01 5.807734250492769812e-01 9.019624978214664246e-01 4.096736712646019130e-01 6.913232129480291199e-01 4.471985732202623520e-01 2.628486509176419794e-02 4.291707810293391989e-01 7.369799294208931872e-01 6.850597935856902465e-01 6.438278208960490634e-02 4.745334574216641399e-01 5.782620760216354849e-01 3.990335927448805942e-01 0.000000000000000000e+00 7.263657635665718981e-01 4.698774250287730547e-01 6.327096988163034563e-01 4.800595688800008976e-01 4.633560242755931924e-01 7.347467702544272505e-01 6.429976329111510847e-01 1.829846544105923067e-01 4.455480174785729774e-01 4.098057447611225812e-01 4.985480395457296821e-01 1.472558652594168072e-01 5.803243527357104803e-01 3.370223132705509883e-01
5.135267207272236067e-01 2.122950551348014581e-01 5.025924989826648925e-01 7.132735716667473191e-01 3.909284803625794336e-01 1.503230102003513258e-01 7.650220503552301876e-01 4.999111510401235137e-01 3.264634870692685320e-01 8.153958424762026702e-01 1.095250867940804618e-01 5.954908463059321866e-01 5.287375000358142119e-01 1.289840909606242425e-01 6.179121241577218981e-01 4.162789929304100411e-02 7.120368148994273838e-01 5.983842972945656591e-01 4.635331989933770824e-01 1.130224042330562062e-01 7.263657635665718981e-01 0.000000000000000000e+00 6.210228214455998375e-01 8.942981192896799492e-01 6.809764314141691921e-01 2.481478262980043592e-01 3.368481914173793168e-01 5.896520698046621156e-01 2.866079738235450813e-01 1.614729786087499841e-01 1.494817477576170783e-01 4.183003843209359696e-01 7.413554757759368563e-01 9.635469470628865718e-02 3.171597775942035513e-01
5.473281629819464200e-01 5.488837852075481027e-01 6.592613904514599277e-02 7.077645694926670838e-01 4.478623931652407908e-01 8.118064031288533267e-01 3.628418823660727321e-01 5.913275055161397731e-01 8.760030863376870869e-01 3.585019288216554356e-01 7.823682731900860610e-01 4.304119141432018458e-01 7.718924893860470426e-01 2.105906310623970601e-01 1.478117141528236811e-01 8.736243684803418619e-01 2.764570393296824080e-01 6.615614279309258716e-01 7.207640768618422955e-01 7.544355739449555287e-01 4.698774250287730547e-01 6.210228214455998375e-01 0.000000000000000000e+00 2.280916511637935962e-01 7.063432298967182721e-01 5.006850248321295105e-01 7.178794530363858950e-01 5.429291446890436301e-01 4.677456977616089029e-01 3.877418138127660674e-01 4.061246715048221212e-01 3.647349877555028375e-01 1.597669500970223533e-01 1.455507965473037402e-01 5.599691113902405259e-01
5.075130491143196032e-01 4.964367524572209645e-01 4.064497507285272371e-01 7.514732122385543445e-01 3.749084690529455588e-01 4.655022006659104150e-01 7.688597818643827519e-02 3.175320356314442760e-01 5.582536430616078515e-01 2.246047518370675178e-01 5.789497249326176487e-01 5.120541889495211496e-01 3.479651839241709732e-01 5.474446798636116718e-01 4.006476217905117210e-01 6.366186991279985108e-01 5.948821348508908091e-01 4.032938358880375218e-01 3.538648408691837943e-01 6.093428471781313638e-01 6.327096988163034563e-01 8.942981192896799492e-01 2.280916511637935962e-01 0.000000000000000000e+00 1.652520218581543521e-01 7.225491815624625058e-01 3.392773063489976093e-01 8.317387658653476734e-01 7.876128177911061456e-01 8.220366966481420512e-01 4.406197768096518086e-01 4.624012601384364096e-01 4.784696994303148099e-01 4.150494140590044179e-02 5.580241394450097259e-01
4.499155225137316805e-01 1.194300259314795554e-01 6.334693494358218935e-01 5.898117142961449844e-01 5.949647698688816932e-01 5.787631681215464896e-01 3.307733248732270814e-01 4.627878885778814455e-01 5.276867079085875156e-01 8.676359233780430724e-01 4.667094656959975829e-01 7.306627764816148174e-01 3.935982166776161861e-01 7.827458494736672101e-01 5.888493626323351160e-01 4.950984660042456742e-01 8.472094906825570204e-01 7.971239327427805943e-01 4.917757920103392744e-01 8.938970998686901481e-01 4.800595688800008976e-01 6.809764314141691921e-01 7.063432298967182721e-01 1.652520218581543521e-01 0.000000000000000000e+00 6.014150096387950173e-01 6.356145016268170966e-01 8.174235441153845372e-01 7.079505028150918644e-01 8.638531061195153793e-01 7.322323573357727433e-01 8.667064971101566817e-01 4.839219100722939038e-01 7.170069691461881112e-01 7.612888481338948576e-01
4.713972935472345860e-01 8.280777807262109658e-01 3.345937811968341946e-01 6.372313144023373788e-01 3.218008593638806425e-01 4.334773419150387275e-01 4.831123066188159343e-01 1.379085518115739095e-01 1.624482895525174442e-01 2.522531589387698170e-01 4.567436428875967236e-01 4.076846183854422323e-01 1.112521867078821725e-01 7.454791676004368650e-01 3.266161595226503289e-01 6.053265168882802083e-01 5.835397082054900597e-01 8.135074443206952166e-01 5.705975700799457151e-01 6.686678212448751157e-01 4.633560242755931924e-01 2.481478262980043592e-01 5.006850248321295105e-01 7.225491815624625058e-01 6.014150096387950173e-01 0.000000000000000000e+00 4.544770119733193559e-01 3.526365781246493247e-01 2.514800090221702700e-01 1.894188314820718366e-01 1.040726968011056464e-01 5.834540206463294520e-01 7.517731447378993570e-01 6.464891562706189809e-01 6.710241428481136250e-01
4.583936618476628366e-01 4.993429496124388578e-01 6.600852747354268857e-01 5.548240527621191021e-01 6.811028975122064288e-01 4.885326757423018029e-01 5.762321781580340696e-01 1.462570055411951397e-01 3.181314358361083672e-01 1.922281944477777227e-02 5.605085573737408344e-01 2.933078730511951560e-01 7.956461611974408044e-01 4.194236037045337984e-01 8.206245345138496461e-02 2.177502330934203423e-01 3.704157079657260931e-01 6.279765161540056262e-01 4.375808521650852434e-01 3.953062785629177789e-01 7.347467702544272505e-01 3.368481914173793168e-01 7.178794530363858950e-01 3.392773063489976093e-01 6.356145016268170966e-01 4.544770119733193559e-01 0.000000000000000000e+00 3.138588111421127258e-01 6.147733139263638069e-01 7.286818353944888305e-01 1.038675275516867669e-01 6.397371716521100815e-01 5.537987494082541318e-01 1.418615656754752541e-01 5.282758610508887509e-01
3.446500538282826209e-01 8.646085575612477703e-02 7.406176872144358825e-01 1.968017777714954342e-01 8.266915442290085902e-01 5.918321843119984660e-01 8.610091112715055894e-01 4.035139670593720362e-01 2.939670399277501955e-01 8.522750861314476456e-02 4.097779866082355560e-01 1.394983286607125450e-01 5.789603560071330257e-01 8.185171282158107964e-01 7.147506323546835016e-01 2.973130042159022324e-01 9.147351924355875408e-01 5.374850028328823637e-01 6.582803135248325166e-01 6.327216418814275434e-01 6.429976329111510847e-01 5.896520698046621156e-01 5.429291446890436301e-01 8.317387658653476734e-01 8.174235441153845372e-01 3.526365781246493247e-01 3.138588111421127258e-01 0.000000000000000000e+00 7.626609611193755356e-01 2.957512963649794324e-01 6.492323654442191394e-01 3.966643458271404965e-01 4.672715430086302746e-01 1.402971976714920688e-01 1.783431001719839593e-01
9.015455819307984786e-01 6.367140386299124932e-01 1.817282226722178318e-01 7.185172305689235817e-01 5.614329743876628198e-01 3.349842576892552160e-01 3.657861057128036775e-01 6.109825526872314505e-01 5.409077123080225924e-01 4.524117798427189086e-01 7.775317865560169572e-01 5.543701478069031907e-01 6.080592831332312098e-01 1.616940783702904838e-01 1.622134136496184986e-01 4.201416719927875132e-01 7.998678098684383064e-01 5.897584472265344768e-01 7.545849063205800622e-01 7.007659246468830316e-01 1.829846544105923067e-01 2.866079738235450813e-01 4.677456977616089029e-01 7.876128177911061456e-01 7.079505028150918644e-01 2.514800090221702700e-01 6.147733139263638069e-01 7.626609611193755356e-01 0.000000000000000000e+00 2.094098894065233307e-01 7.807229321962948498e-01 4.131086324746538474e-01 2.808479824262156699e-01 6.275842447733814833e-01 5.130174087134611316e-01
8.133061668220714635e-01 5.788881786974586774e-01 4.571114787893401088e-01 5.879557505827499586e-01 4.030596259863002961e-01 2.668372771093283635e-01 3.819063223130674256e-01 4.434622590719705659e-01 3.239175210601286103e-01 8.532763802349802029e-01 5.346731809825175930e-01 2.358484806159989455e-01 4.500029835534031797e-01 3.071985721664832747e-01 6.908542676707020158e-01 3.909474715687616397e-01 3.524195622834706554e-01 5.944295333521250058e-01 1.377440014592403728e-01 4.185597828696417944e-01 4.455480174785729774e-01 1.614729786087499841e-01 3.877418138127660674e-01 8.220366966481420512e-01 8.638531061195153793e-01 1.894188314820718366e-01 7.286818353944888305e-01 2.957512963649794324e-01 2.094098894065233307e-01 0.000000000000000000e+00 3.650208039340541166e-02 7.790836736060794410e-01 6.293573624098451891e-01 5.268344095306758401e-01 5.530516022457234726e-01
9.057337153915867578e-02 5.266130331943046361e-01 4.419567357157383469e-01 8.731497540481242270e-01 6.678777108912057336e-01 6.725698402922639652e-01 6.846159685693797847e-01 3.827516678934501648e-01 8.794051754023596290e-01 6.384228998477563533e-01 1.632468133169191482e-01 6.621371456670229749e-01 7.572643307662212386e-01 5.178166155991925645e-01 8.998755773731472729e-01 6.874558157141394954e-01 5.133819868361908512e-01 5.270199551251391057e-01 8.380853109524455391e-01 4.720862412023769106e-01 4.098057447611225812e-01 1.494817477576170783e-01 4.061246715048221212e-01 4.406197768096518086e-01 7.322323573357727433e-01 1.040726968011056464e-01 1.038675275516867669e-01 6.492323654442191394e-01 7.807229321962948498e-01 3.650208039340541166e-02 0.000000000000000000e+00 5.205464807475109756e-01 6.706583723221297699e-01 5.256810488318204300e-01 5.114280429402509043e-01
4.904958641544652775e-01 5.095844687349679880e-01 6.103581893350714660e-01 3.978671400049543783e-01 4.990868912097637944e-01 1.320027123715674655e-01 5.564806049954718059e-01 7.720519016943607760e-01 6.522684546760844082e-01 6.291761204113401895e-01 2.883043575673964742e-01 7.660565494851632184e-01 3.040648785037896040e-01 3.584621198825764798e-01 7.279205903494132546e-01 6.271909588062535290e-01 7.243948132796188544e-01 5.674502679056765420e-01 6.448250073752969103e-01 4.731998593753823368e-01 4.985480395457296821e-01 4.183003843209359696e-01 3.647349877555028375e-01 4.624012601384364096e-01 8.667064971101566817e-01 5.834540206463294520e-01 6.397371716521100815e-01 3.966643458271404965e-01 4.131086324746538474e-01 7.790836736060794410e-01 5.205464807475109756e-01 0.000000000000000000e+00 1.271284217296043684e-01 1.672130544081216752e-01 5.931481431772759327e-01
2.589923091440816671e-01 1.392246456145945777e-01 7.321071389835902554e-01 5.223340396848896727e-02 4.521170216510198570e-01 6.916501059750808089e-01 9.436390039559204856e-01 7.154891417365492057e-01 7.273254151791552768e-01 7.830401870634068340e-01 3.610782893582655806e-01 5.572412182205279674e-01 6.316171577434503970e-01 1.577938437665026283e-01 1.480184727735820993e-01 8.583462277189100043e-01 5.547485545473157531e-01 8.750908407295349134e-01 8.849750531662567976e-01 9.776435719608462804e-01 1.472558652594168072e-01 7.413554757759368563e-01 1.597669500970223533e-01 4.784696994303148099e-01 4.839219100722939038e-01 7.517731447378993570e-01 5.537987494082541318e-01 4.672715430086302746e-01 2.808479824262156699e-01 6.293573624098451891e-01 6.706583723221297699e-01 1.271284217296043684e-01 0.000000000000000000e+00 6.688801430618607213e-01 5.079797651834075944e-01
2.750729410167864764e-01 3.524319649745030203e-01 3.381954143429645177e-01 4.717919006740309840e-01 3.387068809347467124e-01 4.270558796397794232e-02 4.531940351529522570e-01 1.223975550261122702e-01 3.953286407703279215e-01 1.662293756013339396e-01 4.166920781235077254e-01 4.373278626585312967e-01 6.271901303917881698e-01 6.034894735561386891e-01 5.323831317643581418e-01 7.815024972465052233e-01 9.091667681494672859e-01 2.251404109542917142e-01 2.661913490048629094e-01 9.476527147509182791e-01 5.803243527357104803e-01 9.635469470628865718e-02 1.455507965473037402e-01 4.150494140590044179e-02 7.170069691461881112e-01 6.464891562706189809e-01 1.418615656754752541e-01 1.402971976714920688e-01 6.275842447733814833e-01 5.268344095306758401e-01 5.256810488318204300e-01 1.672130544081216752e-01 6.688801430618607213e-01 0.000000000000000000e+00 1.040851038704718734e-01
8.528610033003793944e-01 5.875407201711696503e-01 4.925952834981190964e-01 4.934164849042392831e-01 1.073050268330291157e-01 3.327114286507524277e-01 8.311982458801927542e-01 3.680935245837099190e-01 4.182933690562588569e-01 3.985197907833020192e-01 7.542921391891360683e-01 5.219537859104796951e-01 3.212429511799766990e-01 5.715543908360147807e-01 8.522133208491108336e-01 6.452110049935357861e-01 8.948868558827896003e-01 8.302318708787554957e-01 8.909376692221875338e-01 8.929596212218195994e-01 3.370223132705509883e-01 3.171597775942035513e-01 5.599691113902405259e-01 5.580241394450097259e-01 7.612888481338948576e-01 6.710241428481136250e-01 5.282758610508887509e-01 1.783431001719839593e-01 5.130174087134611316e-01 5.530516022457234726e-01 5.114280429402509043e-01 5.931481431772759327e-01 5.079797651834075944e-01 1.040851038704718734e-01 0.000000000000000000e+00
