0.000000000000000000e+00 8.636826361977787414e-01 2.719411890549860988e-02 4.749833951734530602e-01 2.725543809770726300e-01 4.237560880937344399e-01 4.273529200155918861e-01 5.292850770486516865e-01 3.072345117555037031e-01 1.920953069284914716e-01 1.806892585973880472e-01 2.109263795188476287e-01 1.054782230383832786e-02 9.383716194349944750e-01 4.090764871186749474e-01 6.669689950941780632e-01 6.769103654282222493e-01 4.994086347370911283e-01 4.513562893472677917e-01 5.101400282166179689e-01 6.686940824665803529e-01 8.280339396060654167e-01 4.370608533339314095e-01 5.295442834948316246e-01 3.670013599344164601e-01 6.910596580082755125e-01 4.584091077273547699e-01 8.029314052503946364e-01 5.478564853415808233e-01 4.377864259211607934e-01 3.660968177259208978e-01 8.109998000207140345e-01 9.428629570758502165e-01 2.910751267589359870e-01 4.284878388905501989e-01
8.636826361977787414e-01 0.000000000000000000e+00 5.357519581678711340e-01 8.855515319135620622e-01 7.813895347825159376e-01 6.588115225752642079e-01 6.697367875570332529e-01 6.697430127672412414e-01 4.588298845995481545e-01 8.143474726169842581e-01 5.121631677547429096e-01 8.381853020257509224e-01 8.463648125679724687e-01 7.180625166322199826e-01 3.547684651252873689e-01 1.213579941617864977e-01 9.342093915116584935e-01 5.128905799303857815e-01 7.236561684726245947e-01 5.830199428841897902e-01 3.958438094536990137e-01 3.415959906341889951e-01 7.059285805976622807e-02 1.876452838215080243e-01 6.861780766321102787e-01 1.015909487273154443e-01 5.042150933730792373e-01 8.615798767463904717e-01 6.076130947812805605e-01 8.099497663251195023e-01 5.778754044401113177e-01 4.389885754727382294e-01 3.241298380212708219e-01 5.075175039714400205e-01 3.613864672358059194e-01
2.719411890549860988e-02 5.357519581678711340e-01 0.000000000000000000e+00 7.670003773862006380e-01 5.958191352841883948e-01 8.321292525100214554e-01 3.301062010766173671e-01 7.128923904500685804e-01 6.019311083142853125e-01 8.593325198342660620e-01 5.340243598998664076e-01 8.182434002720611055e-01 7.353028481551948659e-01 7.046870744310490542e-01 6.773177303873936239e-01 4.773432080138410583e-01 7.538089907934644174e-01 4.695207140099864063e-01 2.657415003766568362e-01 8.621161780323244317e-01 6.999186152998937427e-01 6.831761094952512048e-01 3.250101198383626988e-01 7.018532432761395157e-01 3.755346365200606940e-02 7.599094273859359205e-01 3.736709423352250758e-01 6.766992534617415345e-01 5.998702847973873542e-01 1.906839136587134553e-01 6.372453891559052286e-01 5.650380100945850970e-01 9.206047030071109472e-01 4.981782948066143524e-01 4.696085318912127660e-01
4.749833951734530602e-01 8.855515319135620622e-01 7.670003773862006380e-01 0.000000000000000000e+00 5.636251038726630691e-01 7.633698287920143155e-01 7.828847709213139217e-01 7.714394262496981902e-01 9.010111102388856930e-02 5.060559288067787431e-01 1.045197427083005559e-01 6.849603644778986533e-01 8.804747037431797096e-01 5.220167286389882921e-01 6.016212633605487747e-01 4.670606905013630628e-01 7.918623201613314011e-01 4.061670625358374531e-01 2.945093220004157963e-01 7.573562814885923533e-01 7.655008054128379369e-01 3.361817343198991725e-02 8.069033480802167979e-02 5.631853744052999211e-01 3.019244851245387329e-01 8.065180177056219257e-01 8.027507026545988023e-01 2.894624341622057950e-01 8.082318732719362409e-01 7.983142209007443313e-02 5.360061199439964952e-01 5.257087857846513002e-01 1.255252150747627748e-01 9.335813378519818295e-01 8.209056220944480620e-01
2.725543809770726300e-01 7.813895347825159376e-01 5.958191352841883948e-01 5.636251038726630691e-01 0.000000000000000000e+00 2.593485505957823234e-01 7.549184504143874319e-01 2.972941642897263259e-01 6.937561834915795256e-02 8.669089077752896166e-01 4.615345169600050812e-01 6.493140429896901988e-01 1.100452360636555715e-01 6.189007880546139040e-01 8.828653806995526709e-01 7.312713890498732106e-01 7.600819754599802414e-01 3.495795893882502892e-02 3.665672183097841152e-01 5.121108088624550803e-01 6.046806086346259157e-01 4.474115453723242486e-01 4.686664743498891728e-01 9.518864950012690951e-01 6.682504776085381737e-01 4.269478635220260720e-01 3.613643482826185416e-01 3.328521119601445810e-01 3.234884994474668263e-01 7.226738233776530684e-01 4.285581679358163587e-01 6.219797997132603395e-01 4.021278718288037179e-01 3.550357950306135546e-01 3.036919045527408656e-01
4.237560880937344399e-01 6.588115225752642079e-01 8.321292525100214554e-01 7.633698287920143155e-01 2.593485505957823234e-01 0.000000000000000000e+00 7.532182723448722639e-01 8.599119585542084332e-01 7.710376902063303950e-01 5.218624993333400575e-01 6.935671426021372543e-01 6.863719732859666633e-01 7.852284405993412708e-01 4.487958554865681404e-01 3.729824665577757270e-01 8.561347578369016276e-01 1.948814975883527145e-01 3.812217227714393419e-01 3.438506432264256119e-01 7.190797692518332562e-01 3.823050736368345803e-01 4.059923118395867281e-01 6.490710321782257042e-01 7.842434918021234935e-02 6.042955212940939180e-01 5.587111313745203311e-01 9.542299019495459333e-02 3.938420355429176900e-01 7.050736616581001481e-01 9.530794551872763254e-01 8.995734692613133188e-02 1.977685994269143821e-01 7.859732393260511207e-01 2.957006377303635358e-01 7.076682200727980598e-01
4.273529200155918861e-01 6.697367875570332529e-01 3.301062010766173671e-01 7.828847709213139217e-01 7.549184504143874319e-01 7.532182723448722639e-01 0.000000000000000000e+00 6.247769415837930440e-01 5.634633696271937886e-01 4.050460040852958965e-01 6.330688381708393653e-01 3.978448399521794521e-01 8.891535284860803134e-01 5.178765927666970637e-01 8.356267011666019817e-01 1.675010404286837451e-01 4.304143523290397955e-01 1.392796755773314521e-01 2.724559813431157718e-01 6.301056688056958510e-01 5.822497663637018483e-01 5.252572379887261445e-01 5.981218018062260944e-01 4.005191239632750477e-01 5.125614757669075816e-01 4.218480947712286433e-01 7.581484813892428454e-01 3.528642953080409206e-01 4.569776999813673912e-01 4.956910216256396606e-01 5.241987236061445010e-01 4.111818778795699458e-01 5.153708865457822252e-01 8.068538189812368699e-01 7.158494536191454261e-01
5.292850770486516865e-01 6.697430127672412414e-01 7.128923904500685804e-01 7.714394262496981902e-01 2.972941642897263259e-01 8.599119585542084332e-01 6.247769415837930440e-01 0.000000000000000000e+00 1.643628540038946095e-01 4.001832971124200111e-01 3.353852215752506361e-02 2.183344032009071900e-01 5.697561788053584486e-01 6.663406581999327116e-01 3.538096940108853561e-01 7.936749800045306280e-01 6.987686447055514449e-01 8.504822635956410526e-01 5.203533100006605405e-01 2.895117332428708834e-01 5.555045986180177087e-01 9.511932439528516525e-01 6.471942756925576079e-01 5.342167530735664194e-01 7.514060137671568773e-01 1.166992629300716011e-01 1.602880650947060559e-01 7.503943749435952881e-01 5.433649046016280071e-01 7.501790279653951510e-01 3.190931143936853731e-01 4.005487129141144242e-01 5.619460867657277703e-01 6.933342470826650006e-01 4.879276730090197356e-01
3.072345117555037031e-01 4.588298845995481545e-01 6.019311083142853125e-01 9.010111102388856930e-02 6.937561834915795256e-02 7.710376902063303950e-01 5.634633696271937886e-01 1.643628540038946095e-01 0.000000000000000000e+00 6.965993693611041149e-01 4.765033439984664443e-01 9.726959771105567754e-01 5.991962193194872999e-01 6.409761738607712145e-01 5.353015752227250346e-01 5.735369538565113778e-01 5.921407096760294975e-01 5.407847258999631812e-01 7.513160347982659193e-01 7.181350328868187916e-01 3.569487161546077703e-01 6.035104357576239753e-01 3.496765722458045067e-01 3.912568173112718206e-02 6.157001090478912975e-01 8.683582757660763818e-01 3.506301736157172999e-01 7.814239680013859157e-01 4.834041731595362101e-01 5.274084763038562329e-01 4.612127274584369996e-01 8.185325788675898995e-01 8.240010996434665724e-01 5.487782610415825602e-02 5.064469528937519671e-01
1.920953069284914716e-01 8.143474726169842581e-01 8.593325198342660620e-01 5.060559288067787431e-01 8.669089077752896166e-01 5.218624993333400575e-01 4.050460040852958965e-01 4.001832971124200111e-01 6.965993693611041149e-01 0.000000000000000000e+00 5.389448832340058004e-01 6.453118172153887722e-01 3.710809282876571524e-01 4.561584244579741654e-01 7.067341050910794786e-01 7.109400859757024627e-01 5.687027444655488040e-01 5.833461456965948200e-01 6.393150577005040081e-01 8.573577497880293663e-01 5.874497752314455923e-02 2.590944713736115235e-01 8.558733896208944314e-01 8.766992763255652132e-01 6.499157432132492973e-01 8.448843222651820639e-01 1.011918720391323800e-01 8.344470031083761619e-01 6.979772845442351326e-01 7.075506859639005830e-01 9.380561624180077107e-01 8.215932218990742442e-01 6.006435209786447071e-01 3.284866888414237351e-01 3.344451951445537308e-01
1.806892585973880472e-01 5.121631677547429096e-01 5.340243598998664076e-01 1.045197427083005559e-01 4.615345169600050812e-01 6.935671426021372543e-01 6.330688381708393653e-01 3.353852215752506361e-02 4.765033439984664443e-01 5.389448832340058004e-01 0.000000000000000000e+00 5.754681836735398015e-01 7.427657061941033145e-01 4.680458999650426444e-01 8.736530750087254660e-01 4.127455643186138667e-01 5.991918750028304430e-01 5.816253665858690525e-01 3.412790844471584872e-01 8.080801076261199256e-01 6.066182526234034089e-01 4.864071584652376878e-01 4.694186811352699662e-01 3.138217357817280062e-01 2.649084218862526874e-01 3.709826823727976897e-01 2.774413641185525803e-01 9.758451401743239995e-02 4.204625833504251342e-01 3.709363618415492114e-01 5.615674160361161515e-01 5.190474731796750341e-01 8.544653307805429865e-01 8.857242061716726900e-01 7.698658561440752113e-01
2.109263795188476287e-01 8.381853020257509224e-01 8.182434002720611055e-01 6.849603644778986533e-01 6.493140429896901988e-01 6.863719732859666633e-01 3.978448399521794521e-01 2.183344032009071900e-01 9.726959771105567754e-01 6.453118172153887722e-01 5.754681836735398015e-01 0.000000000000000000e+00 1.981324613248649502e-01 8.088358234774445377e-01 9.326515835865375470e-01 7.572222944034179282e-01 5.168631871944712186e-01 8.294177313301223098e-01 8.857190560449033079e-01 6.991576957402044767e-01 6.772016364669277699e-01 5.536924885494345361e-01 9.234121943053302806e-01 1.150847891530437095e-01 5.242447295914208771e-01 2.846105139887987190e-01 7.592715165462138316e-01 4.194628397294837274e-01 6.288200284628051584e-01 5.821225497303746943e-01 5.793056695921414700e-01 8.675327980514830895e-01 7.415525375802727304e-01 2.457514745149386726e-01 4.030008328449984356e-01
1.054782230383832786e-02 8.463648125679724687e-01 7.353028481551948659e-01 8.804747037431797096e-01 1.100452360636555715e-01 7.852284405993412708e-01 8.891535284860803134e-01 5.697561788053584486e-01 5.991962193194872999e-01 3.710809282876571524e-01 7.427657061941033145e-01 1.981324613248649502e-01 0.000000000000000000e+00 6.148308180396843126e-01 4.994159202681033860e-01 1.228791648373641632e-01 5.413736860626020553e-01 7.916411247543500007e-01 8.241258588354480885e-01 3.403097412973263847e-01 3.540816951129376333e-01 5.076914155435532372e-01 4.233085869567002613e-01 7.103147351381042807e-01 6.510929849263741298e-01 4.387305557856105431e-01 5.154665512020790707e-01 7.513612355895968875e-01 1.793560688767140698e-01 6.543081750206377611e-01 5.712941527636434813e-01 5.639413527455987563e-01 3.705847628480953282e-01 4.911974509371730413e-01 9.172647597568346356e-01
9.383716194349944750e-01 7.180625166322199826e-01 7.046870744310490542e-01 5.220167286389882921e-01 6.189007880546139040e-01 4.487958554865681404e-01 5.178765927666970637e-01 6.663406581999327116e-01 6.409761738607712145e-01 4.561584244579741654e-01 4.680458999650426444e-01 8.088358234774445377e-01 6.148308180396843126e-01 0.000000000000000000e+00 6.159837446072715661e-01 8.124376686436927120e-01 7.743958989287322847e-01 6.422009219802216062e-01 5.035964146577058820e-01 4.614528122103785379e-01 7.847063772031602769e-01 7.717327500906188131e-01 4.040913162211091647e-01 7.461991228194049253e-01 4.683418531456939315e-01 7.826610277959821227e-01 7.286464127680210012e-01 4.172976460611274030e-01 3.810103897300108899e-01 4.379989726847985931e-01 8.405349550853824514e-01 6.582704934828469412e-01 8.893596979816478232e-01 4.649506796832376110e-01 5.012746448437404023e-01
4.090764871186749474e-01 3.547684651252873689e-01 6.773177303873936239e-01 6.016212633605487747e-01 8.828653806995526709e-01 3.729824665577757270e-01 8.356267011666019817e-01 3.538096940108853561e-01 5.353015752227250346e-01 7.067341050910794786e-01 8.736530750087254660e-01 9.326515835865375470e-01 4.994159202681033860e-01 6.159837446072715661e-01 0.000000000000000000e+00 9.394907090823669815e-01 9.622750141199214458e-01 7.934591612665491400e-01 4.705799873863345528e-01 5.947252002041645280e-01 5.118302128525281658e-01 9.176813466753421800e-01 8.036734735459489798e-01 5.902099731931804705e-01 5.817656087142045740e-01 5.797248533786056868e-01 3.032501478006167095e-01 4.321449645892225799e-01 1.662831172197478669e-01 9.390464220625588387e-01 9.329527543945790313e-01 7.755283989759389485e-01 7.132455324681028497e-01 6.931887520942240366e-01 4.552314829834157028e-01
6.669689950941780632e-01 1.213579941617864977e-01 4.773432080138410583e-01 4.670606905013630628e-01 7.312713890498732106e-01 8.561347578369016276e-01 1.675010404286837451e-01 7.936749800045306280e-01 5.735369538565113778e-01 7.109400859757024627e-01 4.127455643186138667e-01 7.572222944034179282e-01 1.228791648373641632e-01 8.124376686436927120e-01 9.394907090823669815e-01 0.000000000000000000e+00 1.775572154628839439e-01 8.998648735600411896e-02 5.657580778567059543e-01 2.050108451409084487e-01 7.219502815150964370e-01 5.933091472145773926e-01 6.579064740587221571e-01 3.466602312181121248e-01 5.382203365469341305e-01 8.760388004355275093e-01 2.843685531728777915e-01 4.909618900631481653e-01 9.953785865375397446e-02 5.100432611978167330e-01 3.953772601008775922e-02 8.245989143407310706e-01 5.248371142503788223e-01 9.522417871136543699e-01 4.960498484039347900e-01
6.769103654282222493e-01 9.342093915116584935e-01 7.538089907934644174e-01 7.918623201613314011e-01 7.600819754599802414e-01 1.948814975883527145e-01 4.304143523290397955e-01 6.987686447055514449e-01 5.921407096760294975e-01 5.687027444655488040e-01 5.991918750028304430e-01 5.168631871944712186e-01 5.413736860626020553e-01 7.743958989287322847e-01 9.622750141199214458e-01 1.775572154628839439e-01 0.000000000000000000e+00 9.039587606469721148e-01 4.626907277128913809e-01 4.590142427935552938e-01 5.552246296554778082e-01 5.140984686996500352e-01 5.877859925841397715e-01 6.081021244850779439e-01 4.716081960077746493e-01 5.769818572429613601e-01 6.572064347828907582e-01 6.755517366601234697e-01 4.815413711278495601e-01 6.469579605749707918e-01 6.139328588373740292e-01 2.369843207769406490e-01 1.945927199653019191e-01 5.231503419763439133e-01 1.228056344246396536e-01
4.994086347370911283e-01 5.128905799303857815e-01 4.695207140099864063e-01 4.061670625358374531e-01 3.495795893882502892e-02 3.812217227714393419e-01 1.392796755773314521e-01 8.504822635956410526e-01 5.407847258999631812e-01 5.833461456965948200e-01 5.816253665858690525e-01 8.294177313301223098e-01 7.916411247543500007e-01 6.422009219802216062e-01 7.934591612665491400e-01 8.998648735600411896e-02 9.039587606469721148e-01 0.000000000000000000e+00 4.769538128411219269e-01 8.399180386226253736e-01 4.890211141743796563e-01 8.627401023533592950e-01 8.287214590700833217e-01 2.371825804502026847e-01 5.033371824860926047e-01 6.939368020109815127e-02 8.789913285181970570e-01 4.746036030510950576e-01 8.944146051959610544e-01 6.247814141039842450e-01 6.162585824433812753e-01 4.887032308275170434e-01 4.299690468980030267e-01 3.985843775056697735e-01 3.494447853701370121e-01
4.513562893472677917e-01 7.236561684726245947e-01 2.657415003766568362e-01 2.945093220004157963e-01 3.665672183097841152e-01 3.438506432264256119e-01 2.724559813431157718e-01 5.203533100006605405e-01 7.513160347982659193e-01 6.393150577005040081e-01 3.412790844471584872e-01 8.857190560449033079e-01 8.241258588354480885e-01 5.035964146577058820e-01 4.705799873863345528e-01 5.657580778567059543e-01 4.626907277128913809e-01 4.769538128411219269e-01 0.000000000000000000e+00 4.536524897755514485e-01 3.947921313789289344e-01 5.948796338478722356e-01 4.512605366299173859e-01 4.690809313235714817e-01 4.259427277520234645e-01 8.059730493281257457e-01 8.500803792582862783e-01 8.615686283674852675e-01 4.132356440316720669e-01 5.242952657717493414e-01 3.392162799697281406e-01 6.686567481295855320e-01 4.219692856038096962e-01 7.304625238931542475e-01 7.303240566798121503e-01
5.101400282166179689e-01 5.830199428841897902e-01 8.621161780323244317e-01 7.573562814885923533e-01 5.121108088624550803e-01 7.190797692518332562e-01 6.301056688056958510e-01 2.895117332428708834e-01 7.181350328868187916e-01 8.573577497880293663e-01 8.080801076261199256e-01 6.991576957402044767e-01 3.403097412973263847e-01 4.614528122103785379e-01 5.947252002041645280e-01 2.050108451409084487e-01 4.590142427935552938e-01 8.399180386226253736e-01 4.536524897755514485e-01 0.000000000000000000e+00 2.638234149828607711e-01 2.528826188795749164e-01 3.558915644015105406e-01 6.020168217234541652e-01 4.660345001290558953e-01 3.939769208285069380e-01 4.578071729816860502e-01 3.593750069896599619e-01 7.149805604882573107e-01 9.178801984830269323e-01 5.594511881335207937e-01 6.132156591354203101e-01 2.540282236695334817e-01 7.862866571262081550e-01 3.726147093860077142e-01
6.686940824665803529e-01 3.958438094536990137e-01 6.999186152998937427e-01 7.655008054128379369e-01 6.046806086346259157e-01 3.823050736368345803e-01 5.822497663637018483e-01 5.555045986180177087e-01 3.569487161546077703e-01 5.874497752314455923e-02 6.066182526234034089e-01 6.772016364669277699e-01 3.540816951129376333e-01 7.847063772031602769e-01 5.118302128525281658e-01 7.219502815150964370e-01 5.552246296554778082e-01 4.890211141743796563e-01 3.947921313789289344e-01 2.638234149828607711e-01 0.000000000000000000e+00 4.055076470875236261e-01 8.686709632608031750e-01 8.160603186472406012e-01 6.323996906951612207e-01 6.113589278693822848e-01 3.170776289531530567e-01 3.452430723848131100e-01 4.741277156846202545e-01 7.918567225957713340e-01 9.451050624066084094e-01 7.916898789721636964e-01 2.926537321798932112e-01 2.172389524287824392e-01 8.317539762709561524e-01
8.280339396060654167e-01 3.415959906341889951e-01 6.831761094952512048e-01 3.361817343198991725e-02 4.474115453723242486e-01 4.059923118395867281e-01 5.252572379887261445e-01 9.511932439528516525e-01 6.035104357576239753e-01 2.590944713736115235e-01 4.864071584652376878e-01 5.536924885494345361e-01 5.076914155435532372e-01 7.717327500906188131e-01 9.176813466753421800e-01 5.933091472145773926e-01 5.140984686996500352e-01 8.627401023533592950e-01 5.948796338478722356e-01 2.528826188795749164e-01 4.055076470875236261e-01 0.000000000000000000e+00 7.186596290019138245e-01 8.533657182016790577e-01 8.315793459744742488e-01 7.076654363796840430e-01 1.139564376615992414e-01 6.552025838641285516e-01 5.281900459815359605e-01 5.145839724203944421e-01 6.563987295575206549e-01 6.814176604507872215e-01 4.742088529603747937e-01 4.204257895787585908e-01 4.470416356521955126e-01
4.370608533339314095e-01 7.059285805976622807e-02 3.250101198383626988e-01 8.069033480802167979e-02 4.686664743498891728e-01 6.490710321782257042e-01 5.981218018062260944e-01 6.471942756925576079e-01 3.496765722458045067e-01 8.558733896208944314e-01 4.694186811352699662e-01 9.234121943053302806e-01 4.233085869567002613e-01 4.040913162211091647e-01 8.036734735459489798e-01 6.579064740587221571e-01 5.877859925841397715e-01 8.287214590700833217e-01 4.512605366299173859e-01 3.558915644015105406e-01 8.686709632608031750e-01 7.186596290019138245e-01 0.000000000000000000e+00 7.597821732975531539e-01 6.612114883964345102e-01 6.411263294665725532e-01 6.957551956245208169e-01 5.129786895662564739e-01 2.346518457033638372e-01 4.326300345630089139e-01 9.389862598287679329e-01 5.605787279014118329e-01 3.714127668216051781e-01 9.334230412669936028e-01 5.652099911055836756e-01
5.295442834948316246e-01 1.876452838215080243e-01 7.018532432761395157e-01 5.631853744052999211e-01 9.518864950012690951e-01 7.842434918021234935e-02 4.005191239632750477e-01 5.342167530735664194e-01 3.912568173112718206e-02 8.766992763255652132e-01 3.138217357817280062e-01 1.150847891530437095e-01 7.103147351381042807e-01 7.461991228194049253e-01 5.902099731931804705e-01 3.466602312181121248e-01 6.081021244850779439e-01 2.371825804502026847e-01 4.690809313235714817e-01 6.020168217234541652e-01 8.160603186472406012e-01 8.533657182016790577e-01 7.597821732975531539e-01 0.000000000000000000e+00 5.545358457871846225e-01 7.363779258044674814e-01 4.920115199827010954e-01 4.438375631548216460e-01 7.278841312590291768e-01 5.362576071656683929e-01 2.144033574117102381e-01 8.145023184465536303e-01 2.601977627190626419e-01 4.603253930519355386e-01 5.033045465015670850e-01
3.670013599344164601e-01 6.861780766321102787e-01 3.755346365200606940e-02 3.019244851245387329e-01 6.682504776085381737e-01 6.042955212940939180e-01 5.125614757669075816e-01 7.514060137671568773e-01 6.157001090478912975e-01 6.499157432132492973e-01 2.649084218862526874e-01 5.242447295914208771e-01 6.510929849263741298e-01 4.683418531456939315e-01 5.817656087142045740e-01 5.382203365469341305e-01 4.716081960077746493e-01 5.033371824860926047e-01 4.259427277520234645e-01 4.660345001290558953e-01 6.323996906951612207e-01 8.315793459744742488e-01 6.612114883964345102e-01 5.545358457871846225e-01 0.000000000000000000e+00 4.415144969541047182e-01 6.559989556622857210e-01 5.758172178862159818e-01 7.062096032319873373e-01 6.623575226465578947e-01 5.082820927946398726e-01 7.912652431036182321e-01 6.991879861173604382e-01 6.518939140738132521e-01 4.839967940126037593e-01
6.910596580082755125e-01 1.015909487273154443e-01 7.599094273859359205e-01 8.065180177056219257e-01 4.269478635220260720e-01 5.587111313745203311e-01 4.218480947712286433e-01 1.166992629300716011e-01 8.683582757660763818e-01 8.448843222651820639e-01 3.709826823727976897e-01 2.846105139887987190e-01 4.387305557856105431e-01 7.826610277959821227e-01 5.797248533786056868e-01 8.760388004355275093e-01 5.769818572429613601e-01 6.939368020109815127e-02 8.059730493281257457e-01 3.939769208285069380e-01 6.113589278693822848e-01 7.076654363796840430e-01 6.411263294665725532e-01 7.363779258044674814e-01 4.415144969541047182e-01 0.000000000000000000e+00 1.828055740034391086e-01 2.957137158917245712e-01 3.531242611350881022e-01 9.206775085574869788e-01 7.340698484914539579e-01 8.342766276916021573e-01 4.962254636336367875e-01 2.314440282422719763e-01 5.613730806377792426e-01
4.584091077273547699e-01 5.042150933730792373e-01 3.736709423352250758e-01 8.027507026545988023e-01 3.613643482826185416e-01 9.542299019495459333e-02 7.581484813892428454e-01 1.602880650947060559e-01 3.506301736157172999e-01 1.011918720391323800e-01 2.774413641185525803e-01 7.592715165462138316e-01 5.154665512020790707e-01 7.286464127680210012e-01 3.032501478006167095e-01 2.843685531728777915e-01 6.572064347828907582e-01 8.789913285181970570e-01 8.500803792582862783e-01 4.578071729816860502e-01 3.170776289531530567e-01 1.139564376615992414e-01 6.957551956245208169e-01 4.920115199827010954e-01 6.559989556622857210e-01 1.828055740034391086e-01 0.000000000000000000e+00 7.669753586019514291e-01 7.160613074325683503e-01 5.329225122316499919e-01 5.136151543093622207e-01 4.557247086384151880e-01 6.617348719782079058e-01 1.555037000171622941e-01 2.891456536072710137e-01
8.029314052503946364e-01 8.615798767463904717e-01 6.766992534617415345e-01 2.894624341622057950e-01 3.328521119601445810e-01 3.938420355429176900e-01 3.528642953080409206e-01 7.503943749435952881e-01 7.814239680013859157e-01 8.344470031083761619e-01 9.758451401743239995e-02 4.194628397294837274e-01 7.513612355895968875e-01 4.172976460611274030e-01 4.321449645892225799e-01 4.909618900631481653e-01 6.755517366601234697e-01 4.746036030510950576e-01 8.615686283674852675e-01 3.593750069896599619e-01 3.452430723848131100e-01 6.552025838641285516e-01 5.129786895662564739e-01 4.438375631548216460e-01 5.758172178862159818e-01 2.957137158917245712e-01 7.669753586019514291e-01 0.000000000000000000e+00 9.473990921370083473e-01 1.844471918900375540e-01 1.484326728036745591e-01 8.572791011051512644e-01 9.112138579117619042e-01 3.013464746450315035e-01 7.649818704060542540e-01
5.478564853415808233e-01 6.076130947812805605e-01 5.998702847973873542e-01 8.082318732719362409e-01 3.234884994474668263e-01 7.050736616581001481e-01 4.569776999813673912e-01 5.433649046016280071e-01 4.834041731595362101e-01 6.979772845442351326e-01 4.204625833504251342e-01 6.288200284628051584e-01 1.793560688767140698e-01 3.810103897300108899e-01 1.662831172197478669e-01 9.953785865375397446e-02 4.815413711278495601e-01 8.944146051959610544e-01 4.132356440316720669e-01 7.149805604882573107e-01 4.741277156846202545e-01 5.281900459815359605e-01 2.346518457033638372e-01 7.278841312590291768e-01 7.062096032319873373e-01 3.531242611350881022e-01 7.160613074325683503e-01 9.473990921370083473e-01 0.000000000000000000e+00 4.611552047778466612e-01 1.909024217636471343e-01 7.411974819694348016e-01 7.281493620662640165e-01 7.145261689268944671e-02 9.661894453061232735e-01
4.377864259211607934e-01 8.099497663251195023e-01 1.906839136587134553e-01 7.983142209007443313e-02 7.226738233776530684e-01 9.530794551872763254e-01 4.956910216256396606e-01 7.501790279653951510e-01 5.274084763038562329e-01 7.075506859639005830e-01 3.709363618415492114e-01 5.821225497303746943e-01 6.543081750206377611e-01 4.379989726847985931e-01 9.390464220625588387e-01 5.100432611978167330e-01 6.469579605749707918e-01 6.247814141039842450e-01 5.242952657717493414e-01 9.178801984830269323e-01 7.918567225957713340e-01 5.145839724203944421e-01 4.326300345630089139e-01 5.362576071656683929e-01 6.623575226465578947e-01 9.206775085574869788e-01 5.329225122316499919e-01 1.844471918900375540e-01 4.611552047778466612e-01 0.000000000000000000e+00 6.440000132675043343e-01 3.694079006841869406e-01 4.092435624394583638e-01 2.952433388212682974e-02 8.751852234458138424e-01
3.660968177259208978e-01 5.778754044401113177e-01 6.372453891559052286e-01 5.360061199439964952e-01 4.285581679358163587e-01 8.995734692613133188e-02 5.241987236061445010e-01 3.190931143936853731e-01 4.612127274584369996e-01 9.380561624180077107e-01 5.615674160361161515e-01 5.793056695921414700e-01 5.712941527636434813e-01 8.405349550853824514e-01 9.329527543945790313e-01 3.953772601008775922e-02 6.139328588373740292e-01 6.162585824433812753e-01 3.392162799697281406e-01 5.594511881335207937e-01 9.451050624066084094e-01 6.563987295575206549e-01 9.389862598287679329e-01 2.144033574117102381e-01 5.082820927946398726e-01 7.340698484914539579e-01 5.136151543093622207e-01 1.484326728036745591e-01 1.909024217636471343e-01 6.440000132675043343e-01 0.000000000000000000e+00 2.432699637931905745e-01 5.645836877538602527e-01 8.316355274522664320e-01 3.068100450035924354e-01
8.109998000207140345e-01 4.389885754727382294e-01 5.650380100945850970e-01 5.257087857846513002e-01 6.219797997132603395e-01 1.977685994269143821e-01 4.111818778795699458e-01 4.005487129141144242e-01 8.185325788675898995e-01 8.215932218990742442e-01 5.190474731796750341e-01 8.675327980514830895e-01 5.639413527455987563e-01 6.582704934828469412e-01 7.755283989759389485e-01 8.245989143407310706e-01 2.369843207769406490e-01 4.887032308275170434e-01 6.686567481295855320e-01 6.132156591354203101e-01 7.916898789721636964e-01 6.814176604507872215e-01 5.605787279014118329e-01 8.145023184465536303e-01 7.912652431036182321e-01 8.342766276916021573e-01 4.557247086384151880e-01 8.572791011051512644e-01 7.411974819694348016e-01 3.694079006841869406e-01 2.432699637931905745e-01 0.000000000000000000e+00 8.529841116559055969e-01 4.132703663281870887e-01 4.049587629981506454e-01
9.428629570758502165e-01 3.241298380212708219e-01 9.206047030071109472e-01 1.255252150747627748e-01 4.021278718288037179e-01 7.859732393260511207e-01 5.153708865457822252e-01 5.619460867657277703e-01 8.240010996434665724e-01 6.006435209786447071e-01 8.544653307805429865e-01 7.415525375802727304e-01 3.705847628480953282e-01 8.893596979816478232e-01 7.132455324681028497e-01 5.248371142503788223e-01 1.945927199653019191e-01 4.299690468980030267e-01 4.219692856038096962e-01 2.540282236695334817e-01 2.926537321798932112e-01 4.742088529603747937e-01 3.714127668216051781e-01 2.601977627190626419e-01 6.991879861173604382e-01 4.962254636336367875e-01 6.617348719782079058e-01 9.112138579117619042e-01 7.281493620662640165e-01 4.092435624394583638e-01 5.645836877538602527e-01 8.529841116559055969e-01 0.000000000000000000e+00 8.422381958352289644e-01 4.105988854534103338e-01
2.910751267589359870e-01 5.075175039714400205e-01 4.981782948066143524e-01 9.335813378519818295e-01 3.550357950306135546e-01 2.957006377303635358e-01 8.068538189812368699e-01 6.933342470826650006e-01 5.487782610415825602e-02 3.284866888414237351e-01 8.857242061716726900e-01 2.457514745149386726e-01 4.911974509371730413e-01 4.649506796832376110e-01 6.931887520942240366e-01 9.522417871136543699e-01 5.231503419763439133e-01 3.985843775056697735e-01 7.304625238931542475e-01 7.862866571262081550e-01 2.172389524287824392e-01 4.204257895787585908e-01 9.334230412669936028e-01 4.603253930519355386e-01 6.518939140738132521e-01 2.314440282422719763e-01 1.555037000171622941e-01 3.013464746450315035e-01 7.145261689268944671e-02 2.952433388212682974e-02 8.316355274522664320e-01 4.132703663281870887e-01 8.422381958352289644e-01 0.000000000000000000e+00 5.960169477145267347e-01
4.284878388905501989e-01 3.613864672358059194e-01 4.696085318912127660e-01 8.209056220944480620e-01 3.036919045527408656e-01 7.076682200727980598e-01 7.158494536191454261e-01 4.879276730090197356e-01 5.064469528937519671e-01 3.344451951445537308e-01 7.698658561440752113e-01 4.030008328449984356e-01 9.172647597568346356e-01 5.012746448437404023e-01 4.552314829834157028e-01 4.960498484039347900e-01 1.228056344246396536e-01 3.494447853701370121e-01 7.303240566798121503e-01 3.726147093860077142e-01 8.317539762709561524e-01 4.470416356521955126e-01 5.652099911055836756e-01 5.033045465015670850e-01 4.839967940126037593e-01 5.613730806377792426e-01 2.891456536072710137e-01 7.649818704060542540e-01 9.661894453061232735e-01 8.751852234458138424e-01 3.068100450035924354e-01 4.049587629981506454e-01 4.105988854534103338e-01 5.960169477145267347e-01 0.000000000000000000e+00
