0.000000000000000000e+00 3.300498633579808105e-01 4.230597693775870471e-01 9.075462216228407097e-01 4.693225241134388881e-01 3.675148310654404726e-01 5.604333669410161978e-01 8.279460475487894211e-01 4.499130108349599366e-01 5.211184131030232036e-01 8.240759185490503791e-01 9.351185504408343618e-01 6.823170002857551486e-01 5.556187834088632815e-01 5.709974920605008775e-01 7.665036245421636973e-01 6.708042591114456998e-01 5.714308625408051068e-01 6.107109675552475636e-01 4.583175435230733563e-01 4.476858340898802191e-01 4.550379193401585254e-01 4.964021774033088863e-01 3.865374082876181783e-01 7.790654264868288603e-01 6.690308721907973766e-01 2.636229037304635980e-01 2.297365398549290338e-01 6.349191915874876635e-01 5.464063524919235970e-01 9.336523139132388849e-01 5.797433547036173751e-01 3.739538040683001996e-01 8.906384834967121522e-01 5.429268994151845718e-01
3.300498633579808105e-01 0.000000000000000000e+00 4.835377234836074622e-01 7.574308594078316137e-01 7.164728589582003426e-01 1.711187297629449544e-01 8.034440927608215155e-01 3.748167371256536651e-01 5.614509710198143377e-01 1.560734305839384106e-01 5.427565644903129538e-01 5.080302284594662154e-01 4.276564277559423144e-01 2.139190413445179184e-01 8.110171725270617360e-01 1.237382430415465695e-01 6.056340324118847374e-01 5.784626884285981596e-01 4.200797341764834214e-01 1.124658920870466039e-01 5.453610447090231350e-01 3.182916637338654153e-01 6.716622337565479883e-01 5.130799771232452677e-01 5.168863106350121139e-01 2.203783064541037229e-01 4.298747202596827077e-01 8.000928586570894563e-01 7.011851312797015012e-01 5.298564997477540617e-01 6.092531928440518829e-01 6.913043485612389016e-01 4.025863200167707490e-01 1.712204246323496548e-01 1.459254907416017710e-01
4.230597693775870471e-01 4.835377234836074622e-01 0.000000000000000000e+00 9.219974466235913990e-01 4.458261826539857697e-01 6.281718234137889656e-01 5.723646382923319731e-02 4.397124557980667814e-01 4.971152461006393963e-01 6.842388023400056696e-01 8.040347019684938035e-01 7.087556112925614826e-01 2.751677154177362694e-01 6.457901231765250660e-01 4.152932759883057323e-01 2.556309510633734128e-01 7.468869349517626155e-02 7.504495403198077064e-01 7.569152130918803678e-01 5.771877908694107440e-01 3.415269267895498784e-01 4.367227536049796965e-01 7.418049044810874904e-01 6.467896321910626689e-01 4.942287717343325504e-01 4.923796793959042684e-01 6.679601346594528088e-01 4.786874121595352527e-02 4.431296967784207341e-01 5.415861294642904111e-01 2.787679888405587558e-01 4.482133968056457030e-01 4.666455447218165187e-01 2.988931184818835463e-01 7.087307219931532343e-01
9.075462216228407097e-01 7.574308594078316137e-01 9.219974466235913990e-01 0.000000000000000000e+00 4.662780365256072312e-01 4.595125929275651333e-01 7.892096144837844607e-01 5.661730843456007634e-01 5.451922324735221093e-01 2.124949074037313923e-01 8.396793315489140541e-01 5.690593228449106755e-01 5.255027431950409778e-01 4.754792678176061327e-01 7.495791555513913185e-01 3.627792185629699073e-01 4.048878710527173963e-01 4.862951116943882157e-01 8.965571987054554715e-01 3.880694412573161278e-01 5.448483581218632743e-01 7.981474872792597708e-01 3.101745761627391906e-01 4.296013327777963298e-01 3.760805982361863364e-01 5.856186937581103757e-01 8.038862862975958423e-01 7.317615408131379340e-01 3.508888940625063402e-01 3.810022988342351979e-01 4.732119978298336416e-01 8.237028890614276344e-01 5.605866973908958384e-01 7.701807566339800015e-01 4.794970953732957675e-01
4.693225241134388881e-01 7.164728589582003426e-01 4.458261826539857697e-01 4.662780365256072312e-01 0.000000000000000000e+00 4.398232904049370617e-01 6.373743362160182446e-01 7.861438138459349023e-01 3.253601642566578134e-01 7.130545113812665203e-01 1.000642438746902618e-01 1.850999815937262039e-01 4.813133717227495723e-01 2.152573186824053852e-01 4.054335631531512107e-01 1.465058110129785485e-01 1.956014868350387514e-01 4.711567642408741041e-01 5.397040435827370475e-01 4.236407556801263796e-01 4.818714549874410502e-01 1.168767773514947095e-01 2.354845078986530504e-01 7.147456331893216053e-01 9.262763028973304280e-01 8.534165841799492558e-01 7.834862980748755756e-01 6.008135240969765256e-01 4.232265036515509560e-01 3.956527005126980745e-01 5.639929110185500916e-01 9.368076509519485118e-01 7.174154149541689396e-01 2.116900789956309703e-01 6.078460605809352657e-01
3.675148310654404726e-01 1.711187297629449544e-01 6.281718234137889656e-01 4.595125929275651333e-01 4.398232904049370617e-01 0.000000000000000000e+00 7.596981604683068490e-01 5.788289272887416903e-01 6.660825382163096942e-01 8.225560257911510575e-01 5.822025065865501503e-01 8.473372840623654145e-01 5.728509475784859806e-01 8.435421000756530008e-01 8.139649506831901915e-01 4.929116714310759484e-01 7.384414292898393573e-01 8.064730281825502889e-01 3.451531710873247949e-01 6.131657242003222263e-01 7.516311016831833669e-01 3.625012824488619279e-01 4.840563872621243546e-01 5.028967341302228444e-01 8.155764965862901672e-01 9.406218932490284512e-02 5.196220048020416815e-01 8.504277353288276498e-01 3.148348024943664614e-01 5.219735120153825569e-01 4.865424015518793333e-01 9.658944494813480608e-01 4.995012917907514782e-01 5.638131897632993050e-01 7.142953969686178795e-01
5.604333669410161978e-01 8.034440927608215155e-01 5.723646382923319731e-02 7.892096144837844607e-01 6.373743362160182446e-01 7.596981604683068490e-01 0.000000000000000000e+00 6.161244466039816903e-01 4.522170509277279038e-01 8.303772508947512287e-01 4.344358474062314790e-01 6.056172396118344459e-01 4.303512570291701533e-01 8.763058642684653510e-01 4.736606068862188046e-01 4.736090058162036875e-01 7.469938219072482788e-01 7.803847608347342923e-01 5.508073429914346342e-01 5.889743170914109038e-01 8.135851252205157369e-01 9.106054459979028293e-01 5.921227217680009591e-01 5.207792970141214006e-01 5.757154228170106025e-01 7.837860007272828833e-01 6.850457204210878004e-01 1.409076269611618804e-01 8.363347806548380170e-01 6.706285082545948573e-01 3.791058240024086645e-01 7.655427672244556891e-01 7.571374599661810922e-01 9.169775245268487751e-01 3.831805874296206338e-01
8.279460475487894211e-01 3.748167371256536651e-01 4.397124557980667814e-01 5.661730843456007634e-01 7.861438138459349023e-01 5.788289272887416903e-01 6.161244466039816903e-01 0.000000000000000000e+00 6.834244144491427031e-01 5.573551319914087365e-01 7.167426622147052839e-01 3.372039033672253883e-01 6.842980335079931198e-01 4.135250176282020407e-01 5.846502761675183013e-01 6.728302008783072496e-01 8.344145175725473651e-01 4.377690165031759562e-01 9.389892072961998348e-01 4.963441105462472747e-01 6.034720267517231784e-01 4.787587300301040516e-01 6.124794574253745738e-01 7.610200230896877471e-01 4.858638804186222182e-01 5.554102791565961317e-01 4.585953989192210201e-01 5.172231336874087981e-01 7.923990621088670139e-01 5.782250988252977120e-01 1.901501181835137944e-01 6.120269524526713578e-01 3.764371975559756556e-01 4.963391709852814082e-01 9.113224585522161636e-01
4.499130108349599366e-01 5.614509710198143377e-01 4.971152461006393963e-01 5.451922324735221093e-01 3.253601642566578134e-01 6.660825382163096942e-01 4.522170509277279038e-01 6.834244144491427031e-01 0.000000000000000000e+00 7.052908944995874840e-01 4.824995253201683765e-01 7.409640780429405105e-01 9.551398931954673266e-01 3.744743205421429133e-01 6.009777457162508441e-01 3.612071433736485648e-01 6.700093991946713956e-01 4.616767124440504522e-01 1.309776246943258338e-01 4.681953990646103847e-02 8.809363713748159519e-01 8.287547978028612095e-01 3.116496995707620510e-01 5.360083530444665900e-01 6.774488643877571992e-01 6.014684583590431677e-01 1.331101735038415779e-01 8.455250069991990802e-01 3.266255338537208397e-01 5.611027349454675850e-01 9.152536523048881989e-01 6.719021213952581784e-01 3.475304427343826053e-01 9.163454893458593542e-01 9.181369442925885194e-01
5.211184131030232036e-01 1.560734305839384106e-01 6.842388023400056696e-01 2.124949074037313923e-01 7.130545113812665203e-01 8.225560257911510575e-01 8.303772508947512287e-01 5.573551319914087365e-01 7.052908944995874840e-01 0.000000000000000000e+00 3.539017282431760614e-01 4.981524653097068600e-01 5.740547519952927669e-01 3.315067521995311850e-01 4.716155921033661769e-01 6.583365331806620979e-01 4.663627305265473089e-01 7.119785359404939840e-01 7.369792952972697986e-01 5.681866332159383193e-01 6.412143443188735858e-01 4.402519154142407465e-01 8.356018779122009743e-01 5.497857005143205189e-01 7.586313302020691873e-01 9.554040084851747050e-01 6.474315799644970726e-01 6.553179775947137742e-01 9.378604444927882700e-01 7.598130399316169736e-01 5.565580600392896482e-01 4.563763422495525357e-01 5.901732068113278995e-01 8.333088403593384985e-01 8.045317946322733116e-01
8.240759185490503791e-01 5.427565644903129538e-01 8.040347019684938035e-01 8.396793315489140541e-01 1.000642438746902618e-01 5.822025065865501503e-01 4.344358474062314790e-01 7.167426622147052839e-01 4.824995253201683765e-01 3.539017282431760614e-01 0.000000000000000000e+00 2.739798158314262766e-01 4.198084090917195699e-01 5.068568993329496397e-01 2.571611955647543080e-01 4.858507409483782680e-01 6.778163382279911442e-02 8.232711651454722723e-01 8.111685137412989466e-01 5.707013928584681040e-01 1.927915214224285023e-01 2.493518454514148108e-01 4.094289584908331614e-01 7.296640518883077409e-01 4.850648057691416271e-01 8.638951463744228843e-01 7.284001784293547832e-02 5.320378487326654637e-01 4.761678275107063540e-01 6.485977825551005882e-01 4.361823738533714967e-01 4.732157803498524551e-01 5.030072330307218120e-01 3.902465333318982932e-01 5.629801207133019458e-01
9.351185504408343618e-01 5.080302284594662154e-01 7.087556112925614826e-01 5.690593228449106755e-01 1.850999815937262039e-01 8.473372840623654145e-01 6.056172396118344459e-01 3.372039033672253883e-01 7.409640780429405105e-01 4.981524653097068600e-01 2.739798158314262766e-01 0.000000000000000000e+00 7.641861500138005248e-01 9.143526052072292742e-01 8.257226562525890046e-01 5.899432042533915288e-01 7.051344790857576594e-01 7.462712146723085027e-01 5.042528350539525750e-01 5.951763869624042691e-01 4.252013058595286443e-01 3.790194050197477349e-01 1.621416571036213838e-01 5.407965287160894086e-01 6.589778985720634585e-01 2.078967117707041234e-01 6.019948718510583774e-01 4.933036791893565809e-01 7.949180545436251855e-01 6.055038004822613784e-01 5.464270422431797281e-01 2.318162523032318845e-02 5.019616585964641331e-01 6.040702721050648094e-01 8.422593723177072000e-01
6.823170002857551486e-01 4.276564277559423144e-01 2.751677154177362694e-01 5.255027431950409778e-01 4.813133717227495723e-01 5.728509475784859806e-01 4.303512570291701533e-01 6.842980335079931198e-01 9.551398931954673266e-01 5.740547519952927669e-01 4.198084090917195699e-01 7.641861500138005248e-01 0.000000000000000000e+00 9.260334900419459059e-01 4.388289695534320356e-01 3.909687216752267824e-01 6.832903923630223586e-01 7.501041352154860231e-01 7.953334283847228736e-01 5.969539427064827208e-01 3.501875808994410200e-01 4.083360021511602267e-01 8.225142749711384926e-01 3.446336787159163251e-01 3.185164332970426559e-01 6.678312306916547314e-01 4.830881585233162134e-01 4.339848964972030099e-01 2.421490655886755772e-01 6.490039195197652155e-01 5.835209381305670462e-01 1.243591500108242043e-01 6.465078506793915381e-01 5.757793323909854433e-01 6.602656289275660173e-01
5.556187834088632815e-01 2.139190413445179184e-01 6.457901231765250660e-01 4.754792678176061327e-01 2.152573186824053852e-01 8.435421000756530008e-01 8.763058642684653510e-01 4.135250176282020407e-01 3.744743205421429133e-01 3.315067521995311850e-01 5.068568993329496397e-01 9.143526052072292742e-01 9.260334900419459059e-01 0.000000000000000000e+00 8.079158714097944838e-01 6.922189087841097432e-01 3.692144082700485885e-01 8.150226117971569595e-01 4.930249253140450150e-01 6.485920078404707745e-01 3.678589490471292356e-01 3.022022343042196635e-02 7.621529473891124340e-01 6.189458654320071362e-01 6.008352379474858340e-01 2.862140170392816207e-01 5.266576857956994928e-01 3.593883000444686449e-02 7.812225066472429091e-01 5.619665957030341996e-01 4.375116481200457264e-01 1.278923275656884129e-01 5.233201994748332142e-01 9.003912017078166130e-01 6.123288331798816264e-01
5.709974920605008775e-01 8.110171725270617360e-01 4.152932759883057323e-01 7.495791555513913185e-01 4.054335631531512107e-01 8.139649506831901915e-01 4.736606068862188046e-01 5.846502761675183013e-01 6.009777457162508441e-01 4.716155921033661769e-01 2.571611955647543080e-01 8.257226562525890046e-01 4.388289695534320356e-01 8.079158714097944838e-01 0.000000000000000000e+00 4.552663811631626478e-01 5.435818216204717501e-01 7.824806856638181207e-01 7.984366936116452651e-01 4.907265971621709855e-01 5.124858404136738432e-01 3.599870164626357560e-01 3.984423056839399013e-01 7.021874938112033782e-01 2.326573677982206600e-01 6.156190361707739589e-01 6.652861835240407862e-01 4.463609841503737297e-01 6.758923340384493939e-01 3.461082103892304529e-01 8.392868388866812079e-01 2.676001658450231080e-01 6.270771185982467744e-01 2.475199186059818535e-01 5.487462175587098923e-01
7.665036245421636973e-01 1.237382430415465695e-01 2.556309510633734128e-01 3.627792185629699073e-01 1.465058110129785485e-01 4.929116714310759484e-01 4.736090058162036875e-01 6.728302008783072496e-01 3.612071433736485648e-01 6.583365331806620979e-01 4.858507409483782680e-01 5.899432042533915288e-01 3.909687216752267824e-01 6.922189087841097432e-01 4.552663811631626478e-01 0.000000000000000000e+00 4.750821157295421204e-01 7.556861108435963814e-01 4.692033928208977911e-01 5.451824658159917236e-01 7.965215441794223361e-01 4.523654060889084061e-01 3.443644524312740041e-01 5.898899101021956026e-01 4.712791326796446634e-01 5.439060542861349212e-01 7.838217293933789076e-01 3.083522110546695894e-01 4.457262151174056775e-01 4.727432916763397164e-01 4.085570227696773138e-01 2.346380721003903935e-01 9.742405632268251736e-01 4.576141355774017150e-01 4.914131296320112252e-01
6.708042591114456998e-01 6.056340324118847374e-01 7.468869349517626155e-02 4.048878710527173963e-01 1.956014868350387514e-01 7.384414292898393573e-01 7.469938219072482788e-01 8.344145175725473651e-01 6.700093991946713956e-01 4.663627305265473089e-01 6.778163382279911442e-02 7.051344790857576594e-01 6.832903923630223586e-01 3.692144082700485885e-01 5.435818216204717501e-01 4.750821157295421204e-01 0.000000000000000000e+00 8.997027452716390705e-01 7.841651001146852096e-01 3.260269798930609531e-01 5.754235053883846041e-01 4.926296856066787466e-01 4.547179873419523455e-01 3.249119439092631456e-01 3.182023823183554034e-01 8.054655034884271592e-01 7.337102472618233229e-01 7.767186663823790749e-01 4.458099581271447454e-01 7.131059967211706985e-01 4.000788511588702079e-01 5.524309193918575112e-01 3.207687525290651154e-01 8.964653578263200862e-01 8.893908757775076390e-01
5.714308625408051068e-01 5.784626884285981596e-01 7.504495403198077064e-01 4.862951116943882157e-01 4.711567642408741041e-01 8.064730281825502889e-01 7.803847608347342923e-01 4.377690165031759562e-01 4.616767124440504522e-01 7.119785359404939840e-01 8.232711651454722723e-01 7.462712146723085027e-01 7.501041352154860231e-01 8.150226117971569595e-01 7.824806856638181207e-01 7.556861108435963814e-01 8.997027452716390705e-01 0.000000000000000000e+00 1.979728859999149160e-01 2.988469420062310755e-01 9.055882809399276034e-01 2.087667097640695246e-01 5.172492486707167547e-01 7.785013022563105345e-01 6.633446163289160591e-01 6.938769311220902569e-01 6.737355547802109657e-01 1.930803381358962012e-01 8.165225968729776795e-01 4.672474873006836615e-01 4.270464249772135679e-01 4.580141251047481488e-01 4.438887463535000077e-01 1.438490720674331369e-01 4.844199198032141940e-01
6.107109675552475636e-01 4.200797341764834214e-01 7.569152130918803678e-01 8.965571987054554715e-01 5.397040435827370475e-01 3.451531710873247949e-01 5.508073429914346342e-01 9.389892072961998348e-01 1.309776246943258338e-01 7.369792952972697986e-01 8.111685137412989466e-01 5.042528350539525750e-01 7.953334283847228736e-01 4.930249253140450150e-01 7.984366936116452651e-01 4.692033928208977911e-01 7.841651001146852096e-01 1.979728859999149160e-01 0.000000000000000000e+00 2.709823661784638293e-02 7.921702721519970902e-01 3.201397135584742037e-01 7.109909643385817768e-01 7.225870806535708013e-01 9.564053029859573840e-01 5.047714806402232579e-01 4.442481060291783579e-01 7.024146158991112499e-01 7.687905114985434940e-01 4.149050234687944871e-01 5.025580740086605935e-01 1.355105451906575831e-01 8.225383176638096927e-01 6.939664277770367651e-01 4.897942939913812466e-01
4.583175435230733563e-01 1.124658920870466039e-01 5.771877908694107440e-01 3.880694412573161278e-01 4.236407556801263796e-01 6.131657242003222263e-01 5.889743170914109038e-01 4.963441105462472747e-01 4.681953990646103847e-02 5.681866332159383193e-01 5.707013928584681040e-01 5.951763869624042691e-01 5.969539427064827208e-01 6.485920078404707745e-01 4.907265971621709855e-01 5.451824658159917236e-01 3.260269798930609531e-01 2.988469420062310755e-01 2.709823661784638293e-02 0.000000000000000000e+00 8.372282181074869323e-01 7.339392392614136895e-01 7.737958250067722421e-01 5.712426900668501339e-01 8.065889006979396481e-01 4.828218613605809728e-01 1.897021210026621496e-01 6.492405464228107048e-01 9.681305580972221492e-01 4.254440267440441903e-01 4.343656060745145209e-01 3.724115593565009985e-01 6.908425214825427707e-01 4.865255468301685760e-01 4.131433777114404404e-01
4.476858340898802191e-01 5.453610447090231350e-01 3.415269267895498784e-01 5.448483581218632743e-01 4.818714549874410502e-01 7.516311016831833669e-01 8.135851252205157369e-01 6.034720267517231784e-01 8.809363713748159519e-01 6.412143443188735858e-01 1.927915214224285023e-01 4.252013058595286443e-01 3.501875808994410200e-01 3.678589490471292356e-01 5.124858404136738432e-01 7.965215441794223361e-01 5.754235053883846041e-01 9.055882809399276034e-01 7.921702721519970902e-01 8.372282181074869323e-01 0.000000000000000000e+00 5.398482355398015464e-01 8.550865022514178015e-01 3.759267054506616468e-01 4.875610215635348688e-01 7.950226412510110752e-01 4.743020012282970765e-01 4.960134708753407562e-01 5.124012070401036123e-01 4.292543176717995568e-01 4.871111855294943394e-01 4.982520905005264344e-01 3.840876864452645867e-01 4.971397304531884886e-01 8.087287594417386094e-01
4.550379193401585254e-01 3.182916637338654153e-01 4.367227536049796965e-01 7.981474872792597708e-01 1.168767773514947095e-01 3.625012824488619279e-01 9.106054459979028293e-01 4.787587300301040516e-01 8.287547978028612095e-01 4.402519154142407465e-01 2.493518454514148108e-01 3.790194050197477349e-01 4.083360021511602267e-01 3.022022343042196635e-02 3.599870164626357560e-01 4.523654060889084061e-01 4.926296856066787466e-01 2.087667097640695246e-01 3.201397135584742037e-01 7.339392392614136895e-01 5.398482355398015464e-01 0.000000000000000000e+00 4.974049955735571626e-01 7.745676283032010279e-01 6.582734854402430003e-01 3.596784933446434129e-01 5.822123265655458901e-01 4.139412213914196448e-01 7.775778557012174019e-01 3.495810327537516304e-01 6.461604061680288336e-01 8.026011964676458277e-01 3.795004069889436615e-01 5.934361140641772892e-01 5.880200036113524265e-01
4.964021774033088863e-01 6.716622337565479883e-01 7.418049044810874904e-01 3.101745761627391906e-01 2.354845078986530504e-01 4.840563872621243546e-01 5.921227217680009591e-01 6.124794574253745738e-01 3.116496995707620510e-01 8.356018779122009743e-01 4.094289584908331614e-01 1.621416571036213838e-01 8.225142749711384926e-01 7.621529473891124340e-01 3.984423056839399013e-01 3.443644524312740041e-01 4.547179873419523455e-01 5.172492486707167547e-01 7.109909643385817768e-01 7.737958250067722421e-01 8.550865022514178015e-01 4.974049955735571626e-01 0.000000000000000000e+00 7.886986085395488733e-01 4.967665213313293693e-01 6.097474733729207896e-01 3.041887582600516504e-01 5.838029789936564073e-01 7.439736946183779231e-01 7.655691620502089734e-01 6.153481498678627926e-01 3.601278425836217378e-01 6.716010748296880051e-01 4.194229714186347713e-01 6.957077585884781090e-01
3.865374082876181783e-01 5.130799771232452677e-01 6.467896321910626689e-01 4.296013327777963298e-01 7.147456331893216053e-01 5.028967341302228444e-01 5.207792970141214006e-01 7.610200230896877471e-01 5.360083530444665900e-01 5.497857005143205189e-01 7.296640518883077409e-01 5.407965287160894086e-01 3.446336787159163251e-01 6.189458654320071362e-01 7.021874938112033782e-01 5.898899101021956026e-01 3.249119439092631456e-01 7.785013022563105345e-01 7.225870806535708013e-01 5.712426900668501339e-01 3.759267054506616468e-01 7.745676283032010279e-01 7.886986085395488733e-01 0.000000000000000000e+00 5.277904561816235685e-01 6.051101770819683479e-01 6.597203381802194677e-01 4.083346758167438750e-01 9.262908306496691058e-01 5.267779083360931702e-01 4.660462680518427381e-01 6.206926018209348861e-01 6.146287875620521923e-01 4.700286523530718408e-01 6.544438566202637197e-02
7.790654264868288603e-01 5.168863106350121139e-01 4.942287717343325504e-01 3.760805982361863364e-01 9.262763028973304280e-01 8.155764965862901672e-01 5.757154228170106025e-01 4.858638804186222182e-01 6.774488643877571992e-01 7.586313302020691873e-01 4.850648057691416271e-01 6.589778985720634585e-01 3.185164332970426559e-01 6.008352379474858340e-01 2.326573677982206600e-01 4.712791326796446634e-01 3.182023823183554034e-01 6.633446163289160591e-01 9.564053029859573840e-01 8.065889006979396481e-01 4.875610215635348688e-01 6.582734854402430003e-01 4.967665213313293693e-01 5.277904561816235685e-01 0.000000000000000000e+00 8.509466112251704573e-01 6.959594254111998168e-01 6.622740012264192178e-01 1.863851588149609828e-01 6.166649352322111088e-01 5.720599306233749015e-01 5.165217513742130784e-01 2.274216861179728655e-01 2.519654518700062962e-01 8.819991298989730000e-01
6.690308721907973766e-01 2.203783064541037229e-01 4.923796793959042684e-01 5.856186937581103757e-01 8.534165841799492558e-01 9.406218932490284512e-02 7.837860007272828833e-01 5.554102791565961317e-01 6.014684583590431677e-01 9.554040084851747050e-01 8.638951463744228843e-01 2.078967117707041234e-01 6.678312306916547314e-01 2.862140170392816207e-01 6.156190361707739589e-01 5.439060542861349212e-01 8.054655034884271592e-01 6.938769311220902569e-01 5.047714806402232579e-01 4.828218613605809728e-01 7.950226412510110752e-01 3.596784933446434129e-01 6.097474733729207896e-01 6.051101770819683479e-01 8.509466112251704573e-01 0.000000000000000000e+00 4.702074469952432501e-01 6.963158042437074258e-01 5.399266367393366073e-01 6.045515363554027077e-01 4.737361355506882199e-01 7.563546694723984887e-01 8.772858952022163370e-01 3.612170588722215525e-01 3.332419949565427197e-01
2.636229037304635980e-01 4.298747202596827077e-01 6.679601346594528088e-01 8.038862862975958423e-01 7.834862980748755756e-01 5.196220048020416815e-01 6.850457204210878004e-01 4.585953989192210201e-01 1.331101735038415779e-01 6.474315799644970726e-01 7.284001784293547832e-02 6.019948718510583774e-01 4.830881585233162134e-01 5.266576857956994928e-01 6.652861835240407862e-01 7.838217293933789076e-01 7.337102472618233229e-01 6.737355547802109657e-01 4.442481060291783579e-01 1.897021210026621496e-01 4.743020012282970765e-01 5.822123265655458901e-01 3.041887582600516504e-01 6.597203381802194677e-01 6.959594254111998168e-01 4.702074469952432501e-01 0.000000000000000000e+00 4.063476067720825924e-01 4.016459556755133109e-01 5.019079516444506783e-01 7.220669039102294295e-01 6.018833176340251390e-01 7.454307711402305969e-01 7.229658602262285516e-01 8.001037246446029982e-01
2.297365398549290338e-01 8.000928586570894563e-01 4.786874121595352527e-02 7.317615408131379340e-01 6.008135240969765256e-01 8.504277353288276498e-01 1.409076269611618804e-01 5.172231336874087981e-01 8.455250069991990802e-01 6.553179775947137742e-01 5.320378487326654637e-01 4.933036791893565809e-01 4.339848964972030099e-01 3.593883000444686449e-02 4.463609841503737297e-01 3.083522110546695894e-01 7.767186663823790749e-01 1.930803381358962012e-01 7.024146158991112499e-01 6.492405464228107048e-01 4.960134708753407562e-01 4.139412213914196448e-01 5.838029789936564073e-01 4.083346758167438750e-01 6.622740012264192178e-01 6.963158042437074258e-01 4.063476067720825924e-01 0.000000000000000000e+00 8.439730718527702624e-01 8.501993957804930835e-01 6.462427581023159062e-01 6.345940019942070132e-01 6.905289861027511522e-01 3.643505559634825364e-01 5.353462200026368745e-01
6.349191915874876635e-01 7.011851312797015012e-01 4.431296967784207341e-01 3.508888940625063402e-01 4.232265036515509560e-01 3.148348024943664614e-01 8.363347806548380170e-01 7.923990621088670139e-01 3.266255338537208397e-01 9.378604444927882700e-01 4.761678275107063540e-01 7.949180545436251855e-01 2.421490655886755772e-01 7.812225066472429091e-01 6.758923340384493939e-01 4.457262151174056775e-01 4.458099581271447454e-01 8.165225968729776795e-01 7.687905114985434940e-01 9.681305580972221492e-01 5.124012070401036123e-01 7.775778557012174019e-01 7.439736946183779231e-01 9.262908306496691058e-01 1.863851588149609828e-01 5.399266367393366073e-01 4.016459556755133109e-01 8.439730718527702624e-01 0.000000000000000000e+00 7.654528872884490687e-01 5.833249646371114761e-01 4.584707618250240535e-01 5.438622627534630549e-01 7.310068352543908077e-01 5.043996804302506298e-01
5.464063524919235970e-01 5.298564997477540617e-01 5.415861294642904111e-01 3.810022988342351979e-01 3.956527005126980745e-01 5.219735120153825569e-01 6.706285082545948573e-01 5.782250988252977120e-01 5.611027349454675850e-01 7.598130399316169736e-01 6.485977825551005882e-01 6.055038004822613784e-01 6.490039195197652155e-01 5.619665957030341996e-01 3.461082103892304529e-01 4.727432916763397164e-01 7.131059967211706985e-01 4.672474873006836615e-01 4.149050234687944871e-01 4.254440267440441903e-01 4.292543176717995568e-01 3.495810327537516304e-01 7.655691620502089734e-01 5.267779083360931702e-01 6.166649352322111088e-01 6.045515363554027077e-01 5.019079516444506783e-01 8.501993957804930835e-01 7.654528872884490687e-01 0.000000000000000000e+00 2.991932898647078343e-01 5.839097941366550026e-01 3.534291564957120491e-01 7.367644139967070016e-01 1.962707708043889276e-01
9.336523139132388849e-01 6.092531928440518829e-01 2.787679888405587558e-01 4.732119978298336416e-01 5.639929110185500916e-01 4.865424015518793333e-01 3.791058240024086645e-01 1.901501181835137944e-01 9.152536523048881989e-01 5.565580600392896482e-01 4.361823738533714967e-01 5.464270422431797281e-01 5.835209381305670462e-01 4.375116481200457264e-01 8.392868388866812079e-01 4.085570227696773138e-01 4.000788511588702079e-01 4.270464249772135679e-01 5.025580740086605935e-01 4.343656060745145209e-01 4.871111855294943394e-01 6.461604061680288336e-01 6.153481498678627926e-01 4.660462680518427381e-01 5.720599306233749015e-01 4.737361355506882199e-01 7.220669039102294295e-01 6.462427581023159062e-01 5.833249646371114761e-01 2.991932898647078343e-01 0.000000000000000000e+00 5.862895506950841495e-01 6.855859735377597408e-01 8.624320540353382913e-01 1.944409188947197609e-01
5.797433547036173751e-01 6.913043485612389016e-01 4.482133968056457030e-01 8.237028890614276344e-01 9.368076509519485118e-01 9.658944494813480608e-01 7.655427672244556891e-01 6.120269524526713578e-01 6.719021213952581784e-01 4.563763422495525357e-01 4.732157803498524551e-01 2.318162523032318845e-02 1.243591500108242043e-01 1.278923275656884129e-01 2.676001658450231080e-01 2.346380721003903935e-01 5.524309193918575112e-01 4.580141251047481488e-01 1.355105451906575831e-01 3.724115593565009985e-01 4.982520905005264344e-01 8.026011964676458277e-01 3.601278425836217378e-01 6.206926018209348861e-01 5.165217513742130784e-01 7.563546694723984887e-01 6.018833176340251390e-01 6.345940019942070132e-01 4.584707618250240535e-01 5.839097941366550026e-01 5.862895506950841495e-01 0.000000000000000000e+00 8.424974487913101662e-01 7.177571561547535506e-01 8.517907503613674214e-01
3.739538040683001996e-01 4.025863200167707490e-01 4.666455447218165187e-01 5.605866973908958384e-01 7.174154149541689396e-01 4.995012917907514782e-01 7.571374599661810922e-01 3.764371975559756556e-01 3.475304427343826053e-01 5.901732068113278995e-01 5.030072330307218120e-01 5.019616585964641331e-01 6.465078506793915381e-01 5.233201994748332142e-01 6.270771185982467744e-01 9.742405632268251736e-01 3.207687525290651154e-01 4.438887463535000077e-01 8.225383176638096927e-01 6.908425214825427707e-01 3.840876864452645867e-01 3.795004069889436615e-01 6.716010748296880051e-01 6.146287875620521923e-01 2.274216861179728655e-01 8.772858952022163370e-01 7.454307711402305969e-01 6.905289861027511522e-01 5.438622627534630549e-01 3.534291564957120491e-01 6.855859735377597408e-01 8.424974487913101662e-01 0.000000000000000000e+00 5.383471527957000013e-01 3.166351383092383398e-01
8.906384834967121522e-01 1.712204246323496548e-01 2.988931184818835463e-01 7.701807566339800015e-01 2.116900789956309703e-01 5.638131897632993050e-01 9.169775245268487751e-01 4.963391709852814082e-01 9.163454893458593542e-01 8.333088403593384985e-01 3.902465333318982932e-01 6.040702721050648094e-01 5.757793323909854433e-01 9.003912017078166130e-01 2.475199186059818535e-01 4.576141355774017150e-01 8.964653578263200862e-01 1.438490720674331369e-01 6.939664277770367651e-01 4.865255468301685760e-01 4.971397304531884886e-01 5.934361140641772892e-01 4.194229714186347713e-01 4.700286523530718408e-01 2.519654518700062962e-01 3.612170588722215525e-01 7.229658602262285516e-01 3.643505559634825364e-01 7.310068352543908077e-01 7.367644139967070016e-01 8.624320540353382913e-01 7.177571561547535506e-01 5.383471527957000013e-01 0.000000000000000000e+00 7.701742687612711524e-01
5.429268994151845718e-01 1.459254907416017710e-01 7.087307219931532343e-01 4.794970953732957675e-01 6.078460605809352657e-01 7.142953969686178795e-01 3.831805874296206338e-01 9.113224585522161636e-01 9.181369442925885194e-01 8.045317946322733116e-01 5.629801207133019458e-01 8.422593723177072000e-01 6.602656289275660173e-01 6.123288331798816264e-01 5.487462175587098923e-01 4.914131296320112252e-01 8.893908757775076390e-01 4.844199198032141940e-01 4.897942939913812466e-01 4.131433777114404404e-01 8.087287594417386094e-01 5.880200036113524265e-01 6.957077585884781090e-01 6.544438566202637197e-02 8.819991298989730000e-01 3.332419949565427197e-01 8.001037246446029982e-01 5.353462200026368745e-01 5.043996804302506298e-01 1.962707708043889276e-01 1.944409188947197609e-01 8.517907503613674214e-01 3.166351383092383398e-01 7.701742687612711524e-01 0.000000000000000000e+00
