0.000000000000000000e+00 6.694804100545626024e-01 1.002038486553293306e-01 2.741501460832331816e-01 5.116398681539782167e-01 1.797954011306428512e-01 6.242465592054950996e-01 8.551064981080832572e-01 8.126406437764488455e-02 7.847525803581254511e-01 2.804455514759174317e-01 2.613130721803559320e-01 1.282498738681308037e-01 4.560703411401914598e-01 4.022320353624166955e-01 5.054254058585472276e-01 6.990009398292988951e-01 3.877488790664535001e-01 5.698078058838129678e-01 2.433756696830104982e-01 2.462256748837293729e-01 6.673241578820536812e-01 6.262194429173209009e-01 4.773738518169399203e-01 6.135923295585266057e-01 8.064659769839888082e-02 7.972228574270103785e-01 4.203330349283052048e-01 7.007956580805239089e-01 4.174292870809614975e-01 5.230583858490300830e-01 1.997458920886697742e-01 5.564701441061515874e-01 5.108198174439541051e-01 6.936551127250765170e-01
6.694804100545626024e-01 0.000000000000000000e+00 5.403763013253182201e-01 8.279914450189607145e-01 6.239514132284267323e-01 2.992727242540335619e-01 5.293745182160107809e-01 4.645255512325088265e-01 9.807321291143529240e-01 5.083136165768608050e-01 1.647954017347393885e-01 6.349013660790581159e-01 8.232567689098555519e-01 3.402791910965112798e-01 4.154751607189331453e-01 8.880499543611080071e-01 4.882126876965858786e-01 4.964849870555481104e-01 3.182133157949492697e-01 5.330898575720020016e-01 4.266379957422529734e-01 2.949975555220298862e-01 3.079185860348906401e-01 2.718932862617412516e-01 2.736140516698953307e-01 5.161305583511571760e-01 4.638999370385915033e-01 2.259871054392365020e-01 5.700641206685830298e-01 6.265364649075282344e-01 5.523118337546317758e-01 5.279458273331367746e-01 5.902453118735309090e-01 3.390043284885551067e-01 6.854388191839209110e-01
1.002038486553293306e-01 5.403763013253182201e-01 0.000000000000000000e+00 6.001379334866048243e-01 8.344820938109263064e-01 6.005068104189211775e-01 4.440833337651731716e-01 2.956060698288535127e-01 6.104521870671919537e-02 3.968315739621095517e-01 5.266508828573857048e-01 2.108649582647748599e-01 8.919890396501699570e-01 7.794604858448952456e-01 3.343739584597048564e-01 1.684218235674441733e-01 6.576343300756435362e-01 7.729287160199643791e-01 4.799776406276329288e-01 4.348792503003102716e-01 2.268834137772265391e-01 5.518108825088299252e-01 8.496339821975490425e-01 2.986080213853148368e-01 3.711237368887275734e-01 4.314392607499381027e-01 6.483636981326807991e-01 7.780742794528892059e-01 5.020734370174111394e-01 5.431944787424797250e-01 4.589565529860296644e-01 3.070456402649418548e-01 1.586404681280059181e-01 1.169508190595670571e-01 5.658516453901616394e-01
2.741501460832331816e-01 8.279914450189607145e-01 6.001379334866048243e-01 0.000000000000000000e+00 4.263762760939571739e-01 6.496487217313962059e-01 9.391179643756255579e-01 4.651255031107889293e-01 3.373059579305921485e-01 3.656460730578356966e-01 3.016201621890435280e-01 4.767689693938702011e-01 7.821496832461956039e-01 1.909889753125135758e-01 2.545386502723490096e-01 6.336071391808654196e-01 5.527846706343291228e-01 9.740648195938172993e-02 5.432893411361652269e-01 5.334340235920779216e-01 7.906921411202617600e-01 7.193598614867372509e-01 4.071499702213822180e-01 4.952577254582959387e-01 3.062112935101639621e-01 7.037263074436438393e-01 4.182434605579021802e-01 6.304162153749509612e-01 5.449939620014114805e-01 7.605930272068572862e-02 6.046889780814749260e-01 8.723427376542491896e-01 4.773617437453377410e-01 4.899468221363431075e-01 5.132247277246407835e-01
5.116398681539782167e-01 6.239514132284267323e-01 8.344820938109263064e-01 4.263762760939571739e-01 0.000000000000000000e+00 1.929202693653927492e-01 6.473815989793672010e-01 4.522214220424617404e-01 6.036538214721643980e-01 7.329744079724562766e-01 6.470889801021890708e-01 5.879924028401563030e-01 6.994176367774079806e-01 3.641873877663889258e-01 1.019827904075345515e-01 4.354147841623556281e-01 3.821139674278688503e-01 1.723123814918078311e-01 4.588895660756092676e-01 4.578988024638755983e-01 8.480200353258871004e-01 3.383901904053419063e-01 2.450278635239621083e-01 3.658256012407590796e-01 2.014407203284791503e-01 9.830002229705470107e-02 3.213832933762744704e-01 5.592990829690056565e-01 9.015798192180222159e-01 4.035086820848513556e-01 5.956777381455189424e-01 5.932062873751378085e-01 8.101868998982703074e-01 9.454386439340629611e-01 5.330378155088326686e-01
1.797954011306428512e-01 2.992727242540335619e-01 6.005068104189211775e-01 6.496487217313962059e-01 1.929202693653927492e-01 0.000000000000000000e+00 2.592020706670833397e-01 4.242054058503097469e-01 4.954031973512330045e-01 7.155659312943534189e-01 3.121402816649498368e-01 5.433616698138648005e-01 1.696871188763755534e-01 7.734349826265479733e-01 2.884555047769061797e-01 4.763756063116236228e-01 8.122345138679852861e-01 4.610258081677418573e-01 5.304940399035152909e-01 4.327551736772975444e-01 1.257744583828253049e-01 4.697872013649662115e-01 1.765837298959335167e-01 7.969941954276522633e-01 5.749883167640783554e-01 2.321794583213812047e-01 5.163827762266709476e-01 2.724988979355174035e-01 5.457637852505230480e-01 5.205745050891531500e-01 7.388768370033066413e-01 5.610014991388944106e-01 4.542144480662210770e-01 5.751661270958116079e-01 6.132129055722501665e-01
6.242465592054950996e-01 5.293745182160107809e-01 4.440833337651731716e-01 9.391179643756255579e-01 6.473815989793672010e-01 2.592020706670833397e-01 0.000000000000000000e+00 9.031324778734803882e-01 3.407432559177009934e-01 4.408179978920563347e-01 8.344681245323842811e-01 5.284691033754660427e-01 1.041584235911555689e-01 5.061308133806367016e-01 4.214471282464306023e-01 5.941087231071378039e-01 4.582843877517198683e-01 6.599432717685320693e-01 6.447151730011865256e-01 3.826387058976363775e-01 7.895575044791605102e-01 5.389376280119271279e-01 5.795950351533465383e-01 2.377194886076655633e-01 2.347056653459341780e-01 5.351129376679432115e-01 8.491536184939678655e-01 4.316436006315336193e-01 9.001100796793188863e-01 8.048999950406909853e-01 4.673740515335667034e-01 7.409580944499979394e-01 4.927118513101355068e-01 1.300039106233356057e-01 3.097418961113997948e-01
8.551064981080832572e-01 4.645255512325088265e-01 2.956060698288535127e-01 4.651255031107889293e-01 4.522214220424617404e-01 4.242054058503097469e-01 9.031324778734803882e-01 0.000000000000000000e+00 7.248929966180084339e-01 5.752551918499800854e-01 1.087740662524688817e-01 5.957064254801018865e-01 6.764342400548888357e-01 3.607953788825299934e-01 8.395834596366035241e-01 4.787041646104315262e-01 4.183288993290967261e-01 7.052430095191302151e-01 3.635885835147997791e-01 1.942921758260038878e-01 3.883961459763453083e-01 5.246216645394173872e-01 8.122041083425992625e-01 6.785241303173541461e-01 3.599262952953647954e-01 1.255081015914563114e-01 5.955763958704813898e-01 7.546627292669464415e-01 5.578681324741514569e-01 6.178103340059748483e-01 5.215423733064422640e-01 3.525400769913800136e-01 6.578884809336347228e-01 3.331550020377529453e-01 5.077423756424048751e-01
8.126406437764488455e-02 9.807321291143529240e-01 6.104521870671919537e-02 3.373059579305921485e-01 6.036538214721643980e-01 4.954031973512330045e-01 3.407432559177009934e-01 7.248929966180084339e-01 0.000000000000000000e+00 3.221563459081469016e-01 4.621010043485107022e-01 3.810380370170577402e-01 4.498481298461418088e-01 6.368263876800063228e-01 4.855281517307717953e-01 2.310031290100132972e-01 8.509752548035052211e-01 6.288238502279739350e-01 7.497367660932233724e-01 3.468337042750228028e-01 6.280963337081735265e-02 3.416414356351064607e-01 3.436440052710435511e-01 1.602718518201411424e-01 2.444328199551716319e-01 9.658053780138196043e-01 2.166800692633625847e-01 6.554374701736589426e-01 5.359212864929636666e-01 7.434259920282769718e-01 1.807607536304045581e-01 6.879764421111844719e-01 6.618821360440632073e-01 5.413536425866334323e-01 9.094871199648413285e-02
7.847525803581254511e-01 5.083136165768608050e-01 3.968315739621095517e-01 3.656460730578356966e-01 7.329744079724562766e-01 7.155659312943534189e-01 4.408179978920563347e-01 5.752551918499800854e-01 3.221563459081469016e-01 0.000000000000000000e+00 5.519602310629185826e-01 8.265147031681563394e-01 5.291578028211374463e-01 5.414873658202707940e-01 5.942149540854921863e-01 2.570304803237325464e-01 2.867238597321214444e-01 8.522314082362313359e-01 2.644638956336858304e-01 4.271770506768312048e-01 2.715720479630108208e-01 1.550938220150883673e-01 4.710082706396024332e-01 9.393314537316879154e-01 3.854132574887127460e-01 7.455430704077001813e-01 5.113624833283378912e-01 6.291828895537601163e-01 2.208256508575582311e-01 6.396024444303598511e-01 1.540468975711103417e-01 6.848856565693329790e-01 8.124250331422673277e-01 4.158011324447034585e-01 2.328938022279942732e-01
2.804455514759174317e-01 1.647954017347393885e-01 5.266508828573857048e-01 3.016201621890435280e-01 6.470889801021890708e-01 3.121402816649498368e-01 8.344681245323842811e-01 1.087740662524688817e-01 4.621010043485107022e-01 5.519602310629185826e-01 0.000000000000000000e+00 5.341339008774201869e-01 4.445944355081818400e-01 7.256445403108764403e-01 6.279342332833857121e-01 5.310300592561500999e-01 8.011515852545318950e-01 4.815399420658107443e-01 4.853291540940265492e-01 6.839095776585942810e-01 6.843900962703872715e-01 5.228554602220065739e-01 4.252065515578729582e-01 2.710952718909995784e-01 6.230577868299510547e-01 2.601046967203393123e-01 6.522006534852109461e-01 6.989920141408477727e-01 5.129318379220486612e-01 2.047536217031630246e-01 3.738274795690404995e-01 1.896366921637734348e-01 5.003114228104982297e-01 6.556476692887023283e-01 8.581501949964109865e-02
2.613130721803559320e-01 6.349013660790581159e-01 2.108649582647748599e-01 4.767689693938702011e-01 5.879924028401563030e-01 5.433616698138648005e-01 5.284691033754660427e-01 5.957064254801018865e-01 3.810380370170577402e-01 8.265147031681563394e-01 5.341339008774201869e-01 0.000000000000000000e+00 6.608012336552021582e-01 5.950058129312865152e-01 5.635318976760235188e-01 5.344054916586072901e-01 5.450532172729116720e-01 1.655856593906948060e-01 4.671458665919753228e-01 5.452105607918782404e-01 1.692159848468212102e-01 8.811489521533424352e-01 8.547394589404411214e-01 1.019185252196372349e-01 3.416520154288678612e-01 5.954160438513225184e-01 1.049116244436447687e-01 5.051869989029871277e-01 6.578649553629472013e-01 5.676348860524885742e-01 9.748667616319022233e-01 3.005622084993618826e-01 4.711761608050216710e-01 5.005827772201899561e-01 4.589967332343343198e-01
1.282498738681308037e-01 8.232567689098555519e-01 8.919890396501699570e-01 7.821496832461956039e-01 6.994176367774079806e-01 1.696871188763755534e-01 1.041584235911555689e-01 6.764342400548888357e-01 4.498481298461418088e-01 5.291578028211374463e-01 4.445944355081818400e-01 6.608012336552021582e-01 0.000000000000000000e+00 4.875643515419967877e-01 5.049360513829005415e-01 6.908585449724500283e-01 2.545020925946825385e-01 4.046751458505323251e-01 5.151757055723726886e-01 2.894880302350931189e-01 9.694422035837948481e-01 7.057282487864390275e-01 3.660344716298578605e-01 5.696150613641131066e-01 1.944499523636199489e-01 4.630140578903501059e-01 6.767301372668899084e-02 4.145391743173945098e-01 4.008226423997811594e-01 7.101786094708864017e-01 7.774312049387854806e-02 3.385075388112657180e-01 6.734991998953145931e-01 1.987364181290776077e-01 5.864753216495364185e-01
4.560703411401914598e-01 3.402791910965112798e-01 7.794604858448952456e-01 1.909889753125135758e-01 3.641873877663889258e-01 7.734349826265479733e-01 5.061308133806367016e-01 3.607953788825299934e-01 6.368263876800063228e-01 5.414873658202707940e-01 7.256445403108764403e-01 5.950058129312865152e-01 4.875643515419967877e-01 0.000000000000000000e+00 3.608605209106920397e-01 5.672031250386436740e-01 2.137373590270665868e-01 4.960320068241325653e-01 6.429282000667614350e-01 6.701080705925046566e-01 1.048922366627742520e-01 6.332116771294203916e-01 2.904746289581228713e-01 5.040438061893004473e-01 4.856391378449387286e-01 4.670199984191835685e-01 4.361791690632964569e-01 6.218944184441251855e-01 5.816731707321742828e-02 6.491142327376098198e-01 3.153645764872732293e-01 3.020657312159048535e-01 2.471486016923002405e-01 7.823751833633239006e-01 7.603128757342226818e-01
4.022320353624166955e-01 4.154751607189331453e-01 3.343739584597048564e-01 2.545386502723490096e-01 1.019827904075345515e-01 2.884555047769061797e-01 4.214471282464306023e-01 8.395834596366035241e-01 4.855281517307717953e-01 5.942149540854921863e-01 6.279342332833857121e-01 5.635318976760235188e-01 5.049360513829005415e-01 3.608605209106920397e-01 0.000000000000000000e+00 5.620878004356438806e-01 4.996401843150033439e-01 1.675261915919239453e-01 9.289949665335619500e-01 3.990446997349203495e-01 7.131266770122113297e-02 4.987802298664649192e-01 3.870179865764295513e-01 5.004262524944075308e-01 7.616304366202701903e-01 6.651827181507916631e-01 4.687512886188253125e-01 4.746870092815602127e-01 6.789684094635265454e-01 3.899181798025187495e-01 6.252154934125436769e-02 5.477108253843352426e-01 4.254454525362280637e-01 5.394681872260425060e-01 7.253178067912587901e-01
5.054254058585472276e-01 8.880499543611080071e-01 1.684218235674441733e-01 6.336071391808654196e-01 4.354147841623556281e-01 4.763756063116236228e-01 5.941087231071378039e-01 4.787041646104315262e-01 2.310031290100132972e-01 2.570304803237325464e-01 5.310300592561500999e-01 5.344054916586072901e-01 6.908585449724500283e-01 5.672031250386436740e-01 5.620878004356438806e-01 0.000000000000000000e+00 8.559492127811999529e-01 5.567532945593288707e-01 3.386327243167917000e-01 3.469366345157101073e-01 5.760103588414506870e-01 7.301147809209029838e-02 6.420249415218463040e-01 4.146666716874448655e-01 4.286665989121433151e-01 5.567540119705907120e-01 3.419945886599234930e-01 1.930105910334480868e-01 2.557917965223358570e-01 7.792112927951689860e-01 9.558766152095282687e-01 3.918269762136891154e-01 6.856969400137782333e-01 2.119403559452488484e-01 4.989248983001857707e-01
6.990009398292988951e-01 4.882126876965858786e-01 6.576343300756435362e-01 5.527846706343291228e-01 3.821139674278688503e-01 8.122345138679852861e-01 4.582843877517198683e-01 4.183288993290967261e-01 8.509752548035052211e-01 2.867238597321214444e-01 8.011515852545318950e-01 5.450532172729116720e-01 2.545020925946825385e-01 2.137373590270665868e-01 4.996401843150033439e-01 8.559492127811999529e-01 0.000000000000000000e+00 2.269077904132007495e-01 2.104152414725623532e-01 2.371349976181540420e-01 4.588088002372334162e-01 5.808166876600473483e-01 4.547110334197349557e-01 6.348802275534543016e-01 4.423938166075555012e-01 6.951286021886973199e-01 3.608332075898971203e-01 5.170690896593624908e-01 7.519996609451777836e-01 3.803690247750491915e-01 1.697324482001055790e-01 4.568474404625531560e-01 3.706214251626442913e-01 5.359015489800802445e-01 3.290619647156624028e-01
3.877488790664535001e-01 4.964849870555481104e-01 7.729287160199643791e-01 9.740648195938172993e-02 1.723123814918078311e-01 4.610258081677418573e-01 6.599432717685320693e-01 7.052430095191302151e-01 6.288238502279739350e-01 8.522314082362313359e-01 4.815399420658107443e-01 1.655856593906948060e-01 4.046751458505323251e-01 4.960320068241325653e-01 1.675261915919239453e-01 5.567532945593288707e-01 2.269077904132007495e-01 0.000000000000000000e+00 5.336116043373282380e-01 5.217650927926692495e-01 4.448107063284398865e-01 5.137018426230426371e-01 6.409812000775002572e-01 6.127856501837141145e-01 1.935123078531303387e-01 7.163209718703922313e-01 6.098852817628711565e-01 9.308612918580678741e-01 5.046785671832718645e-01 9.215231529881121597e-01 7.160407792329220866e-01 6.185747032730608552e-01 5.754258835030132690e-01 3.770441709306580069e-01 2.245273082252375874e-01
5.698078058838129678e-01 3.182133157949492697e-01 4.799776406276329288e-01 5.432893411361652269e-01 4.588895660756092676e-01 5.304940399035152909e-01 6.447151730011865256e-01 3.635885835147997791e-01 7.497367660932233724e-01 2.644638956336858304e-01 4.853291540940265492e-01 4.671458665919753228e-01 5.151757055723726886e-01 6.429282000667614350e-01 9.289949665335619500e-01 3.386327243167917000e-01 2.104152414725623532e-01 5.336116043373282380e-01 0.000000000000000000e+00 5.617868606167335521e-01 6.949805741811401205e-01 4.556102794233311548e-01 8.120913399387693632e-01 8.168484999034968386e-01 3.827360335024641014e-01 6.004879523183999090e-01 4.056413501589397619e-01 5.438869649387692018e-01 2.073347189120333112e-01 7.679380204656572895e-01 3.213335222470139474e-01 6.633526086059451377e-01 7.741406213934107772e-01 4.439685347099894819e-01 4.836187331373140164e-01
2.433756696830104982e-01 5.330898575720020016e-01 4.348792503003102716e-01 5.334340235920779216e-01 4.578988024638755983e-01 4.327551736772975444e-01 3.826387058976363775e-01 1.942921758260038878e-01 3.468337042750228028e-01 4.271770506768312048e-01 6.839095776585942810e-01 5.452105607918782404e-01 2.894880302350931189e-01 6.701080705925046566e-01 3.990446997349203495e-01 3.469366345157101073e-01 2.371349976181540420e-01 5.217650927926692495e-01 5.617868606167335521e-01 0.000000000000000000e+00 5.074476440081647777e-01 7.398541235368786273e-01 4.673198734095688756e-01 6.663846928452885621e-01 7.234408028858854145e-01 1.911443079070747064e-01 4.891456225400769298e-01 2.708549266922092302e-01 6.041728461538214967e-01 8.010872102902258929e-01 9.552034569217321414e-01 8.957583166464273550e-01 5.186856586186645579e-01 8.256118233360649761e-01 4.356754846087725896e-01
2.462256748837293729e-01 4.266379957422529734e-01 2.268834137772265391e-01 7.906921411202617600e-01 8.480200353258871004e-01 1.257744583828253049e-01 7.895575044791605102e-01 3.883961459763453083e-01 6.280963337081735265e-02 2.715720479630108208e-01 6.843900962703872715e-01 1.692159848468212102e-01 9.694422035837948481e-01 1.048922366627742520e-01 7.131266770122113297e-02 5.760103588414506870e-01 4.588088002372334162e-01 4.448107063284398865e-01 6.949805741811401205e-01 5.074476440081647777e-01 0.000000000000000000e+00 2.652945854440486584e-01 7.046783294173145640e-01 4.504109930386008265e-01 6.092453237252020148e-01 4.377230787584915905e-01 4.673097662344971592e-01 5.836649645795767283e-01 5.458772307969335102e-01 6.018134405947767052e-01 5.574612646504379931e-01 2.937543173444839839e-01 7.256974047769011449e-01 2.900562112945361815e-01 5.813153025072579361e-01
6.673241578820536812e-01 2.949975555220298862e-01 5.518108825088299252e-01 7.193598614867372509e-01 3.383901904053419063e-01 4.697872013649662115e-01 5.389376280119271279e-01 5.246216645394173872e-01 3.416414356351064607e-01 1.550938220150883673e-01 5.228554602220065739e-01 8.811489521533424352e-01 7.057282487864390275e-01 6.332116771294203916e-01 4.987802298664649192e-01 7.301147809209029838e-02 5.808166876600473483e-01 5.137018426230426371e-01 4.556102794233311548e-01 7.398541235368786273e-01 2.652945854440486584e-01 0.000000000000000000e+00 4.654027191864613111e-01 2.641481810923069773e-01 6.050576848734730007e-01 3.957660190589058491e-01 1.776016291503322853e-01 4.666227856293965193e-01 4.816479719996912268e-01 4.593538345755053265e-01 3.077063675823233924e-01 4.796679303814920803e-01 2.659010157241278316e-01 6.242156222981352087e-01 6.671302600728203913e-01
6.262194429173209009e-01 3.079185860348906401e-01 8.496339821975490425e-01 4.071499702213822180e-01 2.450278635239621083e-01 1.765837298959335167e-01 5.795950351533465383e-01 8.122041083425992625e-01 3.436440052710435511e-01 4.710082706396024332e-01 4.252065515578729582e-01 8.547394589404411214e-01 3.660344716298578605e-01 2.904746289581228713e-01 3.870179865764295513e-01 6.420249415218463040e-01 4.547110334197349557e-01 6.409812000775002572e-01 8.120913399387693632e-01 4.673198734095688756e-01 7.046783294173145640e-01 4.654027191864613111e-01 0.000000000000000000e+00 4.034231465822287754e-01 4.574233571713076651e-01 5.371650141718202764e-01 8.211153169064289159e-01 2.540831305161750375e-01 3.256585853293736399e-01 5.888678031012529734e-01 5.889747338176710700e-01 5.004244742246365396e-01 1.846438259657950942e-01 6.272858122386981705e-01 1.476208998847907683e-01
4.773738518169399203e-01 2.718932862617412516e-01 2.986080213853148368e-01 4.952577254582959387e-01 3.658256012407590796e-01 7.969941954276522633e-01 2.377194886076655633e-01 6.785241303173541461e-01 1.602718518201411424e-01 9.393314537316879154e-01 2.710952718909995784e-01 1.019185252196372349e-01 5.696150613641131066e-01 5.040438061893004473e-01 5.004262524944075308e-01 4.146666716874448655e-01 6.348802275534543016e-01 6.127856501837141145e-01 8.168484999034968386e-01 6.663846928452885621e-01 4.504109930386008265e-01 2.641481810923069773e-01 4.034231465822287754e-01 0.000000000000000000e+00 9.190250979834269085e-02 9.853356013360736743e-02 5.967655543294706488e-01 9.037869910000495555e-01 1.538265843896838847e-01 7.873068242385206084e-01 8.173391958333811047e-01 6.074182240332316463e-01 5.716138812069542219e-01 8.901066397117790574e-01 5.926387803611045113e-01
6.135923295585266057e-01 2.736140516698953307e-01 3.711237368887275734e-01 3.062112935101639621e-01 2.014407203284791503e-01 5.749883167640783554e-01 2.347056653459341780e-01 3.599262952953647954e-01 2.444328199551716319e-01 3.854132574887127460e-01 6.230577868299510547e-01 3.416520154288678612e-01 1.944499523636199489e-01 4.856391378449387286e-01 7.616304366202701903e-01 4.286665989121433151e-01 4.423938166075555012e-01 1.935123078531303387e-01 3.827360335024641014e-01 7.234408028858854145e-01 6.092453237252020148e-01 6.050576848734730007e-01 4.574233571713076651e-01 9.190250979834269085e-02 0.000000000000000000e+00 3.677869609093713521e-01 5.219326409046249893e-01 6.953384163862449396e-01 8.611976620722405773e-01 5.607558032247152990e-01 6.080423525985703126e-01 5.447749874717588980e-01 4.423121874102074469e-01 5.809287801975482335e-02 8.411547238086649614e-01
8.064659769839888082e-02 5.161305583511571760e-01 4.314392607499381027e-01 7.037263074436438393e-01 9.830002229705470107e-02 2.321794583213812047e-01 5.351129376679432115e-01 1.255081015914563114e-01 9.658053780138196043e-01 7.455430704077001813e-01 2.601046967203393123e-01 5.954160438513225184e-01 4.630140578903501059e-01 4.670199984191835685e-01 6.651827181507916631e-01 5.567540119705907120e-01 6.951286021886973199e-01 7.163209718703922313e-01 6.004879523183999090e-01 1.911443079070747064e-01 4.377230787584915905e-01 3.957660190589058491e-01 5.371650141718202764e-01 9.853356013360736743e-02 3.677869609093713521e-01 0.000000000000000000e+00 1.409218491896457870e-02 6.109361936040249574e-01 2.596157639499721004e-01 2.690084293699226414e-01 5.128979203535473097e-01 8.997607411798305144e-01 7.645310251216819175e-01 7.436672817550529224e-01 2.653411241857872027e-01
7.972228574270103785e-01 4.638999370385915033e-01 6.483636981326807991e-01 4.182434605579021802e-01 3.213832933762744704e-01 5.163827762266709476e-01 8.491536184939678655e-01 5.955763958704813898e-01 2.166800692633625847e-01 5.113624833283378912e-01 6.522006534852109461e-01 1.049116244436447687e-01 6.767301372668899084e-02 4.361791690632964569e-01 4.687512886188253125e-01 3.419945886599234930e-01 3.608332075898971203e-01 6.098852817628711565e-01 4.056413501589397619e-01 4.891456225400769298e-01 4.673097662344971592e-01 1.776016291503322853e-01 8.211153169064289159e-01 5.967655543294706488e-01 5.219326409046249893e-01 1.409218491896457870e-02 0.000000000000000000e+00 5.476599508448332099e-01 2.190748467287702006e-01 5.025757049899189921e-01 7.049182828790152566e-01 2.986845904359812787e-01 4.727585819891385044e-01 1.542272738288021916e-01 3.778867615371464539e-01
4.203330349283052048e-01 2.259871054392365020e-01 7.780742794528892059e-01 6.304162153749509612e-01 5.592990829690056565e-01 2.724988979355174035e-01 4.316436006315336193e-01 7.546627292669464415e-01 6.554374701736589426e-01 6.291828895537601163e-01 6.989920141408477727e-01 5.051869989029871277e-01 4.145391743173945098e-01 6.218944184441251855e-01 4.746870092815602127e-01 1.930105910334480868e-01 5.170690896593624908e-01 9.308612918580678741e-01 5.438869649387692018e-01 2.708549266922092302e-01 5.836649645795767283e-01 4.666227856293965193e-01 2.540831305161750375e-01 9.037869910000495555e-01 6.953384163862449396e-01 6.109361936040249574e-01 5.476599508448332099e-01 0.000000000000000000e+00 1.874310219338773953e-01 6.208428347102099565e-01 6.902372791631081750e-01 2.875630301751643247e-01 2.114164543738347168e-01 4.083907809684936274e-01 1.869817155911812634e-01
7.007956580805239089e-01 5.700641206685830298e-01 5.020734370174111394e-01 5.449939620014114805e-01 9.015798192180222159e-01 5.457637852505230480e-01 9.001100796793188863e-01 5.578681324741514569e-01 5.359212864929636666e-01 2.208256508575582311e-01 5.129318379220486612e-01 6.578649553629472013e-01 4.008226423997811594e-01 5.816731707321742828e-02 6.789684094635265454e-01 2.557917965223358570e-01 7.519996609451777836e-01 5.046785671832718645e-01 2.073347189120333112e-01 6.041728461538214967e-01 5.458772307969335102e-01 4.816479719996912268e-01 3.256585853293736399e-01 1.538265843896838847e-01 8.611976620722405773e-01 2.596157639499721004e-01 2.190748467287702006e-01 1.874310219338773953e-01 0.000000000000000000e+00 3.255870726162550799e-01 5.903884909666388126e-01 3.469501400980770089e-01 4.468979233714122090e-01 1.651533071888925397e-01 4.606773037907392343e-01
4.174292870809614975e-01 6.265364649075282344e-01 5.431944787424797250e-01 7.605930272068572862e-02 4.035086820848513556e-01 5.205745050891531500e-01 8.048999950406909853e-01 6.178103340059748483e-01 7.434259920282769718e-01 6.396024444303598511e-01 2.047536217031630246e-01 5.676348860524885742e-01 7.101786094708864017e-01 6.491142327376098198e-01 3.899181798025187495e-01 7.792112927951689860e-01 3.803690247750491915e-01 9.215231529881121597e-01 7.679380204656572895e-01 8.010872102902258929e-01 6.018134405947767052e-01 4.593538345755053265e-01 5.888678031012529734e-01 7.873068242385206084e-01 5.607558032247152990e-01 2.690084293699226414e-01 5.025757049899189921e-01 6.208428347102099565e-01 3.255870726162550799e-01 0.000000000000000000e+00 8.748908593361259811e-01 1.191267751038553868e-01 5.803295951693721033e-01 7.603659111308026519e-01 6.327860956249007351e-01
5.230583858490300830e-01 5.523118337546317758e-01 4.589565529860296644e-01 6.046889780814749260e-01 5.956777381455189424e-01 7.388768370033066413e-01 4.673740515335667034e-01 5.215423733064422640e-01 1.807607536304045581e-01 1.540468975711103417e-01 3.738274795690404995e-01 9.748667616319022233e-01 7.774312049387854806e-02 3.153645764872732293e-01 6.252154934125436769e-02 9.558766152095282687e-01 1.697324482001055790e-01 7.160407792329220866e-01 3.213335222470139474e-01 9.552034569217321414e-01 5.574612646504379931e-01 3.077063675823233924e-01 5.889747338176710700e-01 8.173391958333811047e-01 6.080423525985703126e-01 5.128979203535473097e-01 7.049182828790152566e-01 6.902372791631081750e-01 5.903884909666388126e-01 8.748908593361259811e-01 0.000000000000000000e+00 6.291599648960187752e-01 6.548232009602082959e-01 8.605295667782382196e-01 1.270220010341561734e-01
1.997458920886697742e-01 5.279458273331367746e-01 3.070456402649418548e-01 8.723427376542491896e-01 5.932062873751378085e-01 5.610014991388944106e-01 7.409580944499979394e-01 3.525400769913800136e-01 6.879764421111844719e-01 6.848856565693329790e-01 1.896366921637734348e-01 3.005622084993618826e-01 3.385075388112657180e-01 3.020657312159048535e-01 5.477108253843352426e-01 3.918269762136891154e-01 4.568474404625531560e-01 6.185747032730608552e-01 6.633526086059451377e-01 8.957583166464273550e-01 2.937543173444839839e-01 4.796679303814920803e-01 5.004244742246365396e-01 6.074182240332316463e-01 5.447749874717588980e-01 8.997607411798305144e-01 2.986845904359812787e-01 2.875630301751643247e-01 3.469501400980770089e-01 1.191267751038553868e-01 6.291599648960187752e-01 0.000000000000000000e+00 4.919628509059684185e-01 2.074026072134941279e-01 4.258741883730873257e-01
5.564701441061515874e-01 5.902453118735309090e-01 1.586404681280059181e-01 4.773617437453377410e-01 8.101868998982703074e-01 4.542144480662210770e-01 4.927118513101355068e-01 6.578884809336347228e-01 6.618821360440632073e-01 8.124250331422673277e-01 5.003114228104982297e-01 4.711761608050216710e-01 6.734991998953145931e-01 2.471486016923002405e-01 4.254454525362280637e-01 6.856969400137782333e-01 3.706214251626442913e-01 5.754258835030132690e-01 7.741406213934107772e-01 5.186856586186645579e-01 7.256974047769011449e-01 2.659010157241278316e-01 1.846438259657950942e-01 5.716138812069542219e-01 4.423121874102074469e-01 7.645310251216819175e-01 4.727585819891385044e-01 2.114164543738347168e-01 4.468979233714122090e-01 5.803295951693721033e-01 6.548232009602082959e-01 4.919628509059684185e-01 0.000000000000000000e+00 6.123538784702715621e-01 4.628993104618678300e-01
5.108198174439541051e-01 3.390043284885551067e-01 1.169508190595670571e-01 4.899468221363431075e-01 9.454386439340629611e-01 5.751661270958116079e-01 1.300039106233356057e-01 3.331550020377529453e-01 5.413536425866334323e-01 4.158011324447034585e-01 6.556476692887023283e-01 5.005827772201899561e-01 1.987364181290776077e-01 7.823751833633239006e-01 5.394681872260425060e-01 2.119403559452488484e-01 5.359015489800802445e-01 3.770441709306580069e-01 4.439685347099894819e-01 8.256118233360649761e-01 2.900562112945361815e-01 6.242156222981352087e-01 6.272858122386981705e-01 8.901066397117790574e-01 5.809287801975482335e-02 7.436672817550529224e-01 1.542272738288021916e-01 4.083907809684936274e-01 1.651533071888925397e-01 7.603659111308026519e-01 8.605295667782382196e-01 2.074026072134941279e-01 6.123538784702715621e-01 0.000000000000000000e+00 3.063394760691123819e-01
6.936551127250765170e-01 6.854388191839209110e-01 5.658516453901616394e-01 5.132247277246407835e-01 5.330378155088326686e-01 6.132129055722501665e-01 3.097418961113997948e-01 5.077423756424048751e-01 9.094871199648413285e-02 2.328938022279942732e-01 8.581501949964109865e-02 4.589967332343343198e-01 5.864753216495364185e-01 7.603128757342226818e-01 7.253178067912587901e-01 4.989248983001857707e-01 3.290619647156624028e-01 2.245273082252375874e-01 4.836187331373140164e-01 4.356754846087725896e-01 5.813153025072579361e-01 6.671302600728203913e-01 1.476208998847907683e-01 5.926387803611045113e-01 8.411547238086649614e-01 2.653411241857872027e-01 3.778867615371464539e-01 1.869817155911812634e-01 4.606773037907392343e-01 6.327860956249007351e-01 1.270220010341561734e-01 4.258741883730873257e-01 4.628993104618678300e-01 3.063394760691123819e-01 0.000000000000000000e+00
