0.000000000000000000e+00 5.913586834818396198e-01 5.146542636515610836e-01 7.628414029937788943e-01 8.112333112204712648e-01 8.665899773342132795e-01 3.003602234630801116e-01 1.958687293585170686e-01 5.932468564942912082e-01 8.295976694326387957e-01 5.695536041140265571e-01 4.421723232967906814e-01 4.256133418027456261e-01 7.991962176442772847e-01 7.212717191019981655e-01 4.470327671902611932e-01 4.801585489413381924e-01 6.778651914398599043e-01 3.899355776473623081e-01 3.413619192772000543e-01 3.509018824544775095e-01 8.674656671507106065e-01 4.892476252966523331e-01 4.109332688147437351e-01 9.521931862974741811e-01 8.482651232566591482e-01 3.921487592550719770e-01 7.142607163835790196e-01 4.438616585288982508e-01 8.933392385806753211e-01 8.997599119217636332e-02 1.498953159507231403e-01 6.815492712675016440e-01 5.290965857022835728e-01 5.566909794962624503e-01
5.913586834818396198e-01 0.000000000000000000e+00 6.411233382246546153e-01 3.686988525444350739e-01 8.630835576996741532e-01 6.700840487076389351e-01 4.390143852285504078e-01 8.885920568216407744e-01 4.245702782159296307e-01 4.309082172072263295e-01 1.517988168680181049e-01 5.497916556846293989e-01 5.821088026845859797e-01 4.959050433794904844e-01 5.923296788218365139e-01 5.986668623391213639e-01 2.273329945176840727e-01 6.290563212530940751e-01 7.948333551078998749e-01 8.966612216943252722e-01 7.081916699873372911e-01 3.344722858077197047e-01 5.710896175361273031e-01 6.833878384925170524e-01 6.349850151720507485e-01 1.130688619170818754e-01 5.480627011509355828e-01 7.297519681480868492e-02 6.366619421950502344e-01 6.599085600530731899e-01 8.594071246214690651e-01 3.825821199031173014e-01 4.992251150164799811e-01 1.266569880954172556e-01 3.391934154457705297e-01
5.146542636515610836e-01 6.411233382246546153e-01 0.000000000000000000e+00 5.354360393044913513e-01 8.479005614828845072e-01 4.550208373052159749e-01 3.974734835196549465e-01 5.006444611006003464e-01 8.013531246924956442e-01 3.480033716586738435e-01 3.923761041568251118e-01 3.414375101938333934e-01 8.758709159539216360e-01 4.145791830826740521e-01 6.930920728420668642e-01 6.000473885726010925e-01 6.043544946084344893e-01 1.829505934346915552e-01 4.643528851099735233e-01 2.429780975805930499e-01 5.260373018088974062e-01 5.997295385208175622e-01 4.316337091173927387e-01 6.159855781796264029e-01 1.948808426521406734e-01 5.253862652451803950e-01 6.939708965121365036e-01 1.599160262038282765e-01 2.028455516729512631e-01 9.289605057251899556e-01 4.565714056620854278e-01 5.148097049124986668e-01 4.476331169097946261e-01 7.609029658246484473e-01 7.659453850926759566e-01
7.628414029937788943e-01 3.686988525444350739e-01 5.354360393044913513e-01 0.000000000000000000e+00 8.148663606095931655e-01 3.845817021640144384e-01 7.426735758092271045e-01 9.735312910058924185e-01 5.550182537386183501e-01 7.108040624511204886e-01 6.010139467437767280e-01 5.006055368234476610e-01 1.319497997098520448e-01 3.067099857028644516e-01 2.929234119171395534e-01 4.990570511919023566e-01 3.081454260238208898e-01 3.407386362520070100e-01 1.941207861751287900e-01 9.515339716217632304e-01 4.493141101009321403e-01 7.337306648087418282e-01 4.834189636138793711e-01 2.865997764164212036e-01 3.448836392193289635e-01 6.147319405256319591e-01 3.853283338380536494e-01 3.260146717663037208e-01 6.127484305375255902e-01 5.158768443701086115e-01 4.379478231832402146e-01 8.366858279934600295e-01 3.543371700553042403e-01 5.079520786172297964e-01 9.627747694475259355e-01
8.112333112204712648e-01 8.630835576996741532e-01 8.479005614828845072e-01 8.148663606095931655e-01 0.000000000000000000e+00 4.380665338146686461e-01 9.511686818923270614e-02 6.416107130697764616e-01 4.882407942170009507e-01 6.381504996380711336e-01 8.662216667902904454e-01 4.869527204545339161e-01 7.224834902732882869e-01 9.303876497063046092e-01 4.333528612517441037e-01 3.721499908984626237e-01 1.482172352335912047e-01 6.762397487020752607e-01 7.505491905981174217e-01 6.228485252449929011e-01 2.865606056559599768e-01 7.265948172689473683e-01 5.278680315699257886e-01 4.871279310893143477e-01 7.947502923510976203e-01 4.582193234049036223e-01 5.071421671973957990e-01 3.029350108489061166e-01 2.750234401771787796e-01 5.103771991836973942e-01 6.031510433190696574e-01 8.374891870956180373e-01 4.349356637183900975e-01 8.139815854877021639e-01 3.833454954243319390e-01
8.665899773342132795e-01 6.700840487076389351e-01 4.550208373052159749e-01 3.845817021640144384e-01 4.380665338146686461e-01 0.000000000000000000e+00 7.300374472576114382e-01 8.605608537445245121e-01 8.726507564311033471e-01 6.445359343140252273e-01 2.885517555564371950e-01 2.892615380237203437e-01 6.984529577345365281e-01 7.963100524786526080e-01 5.146905790676336023e-01 3.445665340400982934e-01 6.613086537866974535e-01 4.540427060150310501e-01 4.714056704734302938e-01 7.990314247588887753e-01 7.430990683574196787e-01 8.960744828863276279e-01 7.283429249198869471e-01 9.282977425374600022e-01 4.986585299882222988e-01 6.761419591487771719e-01 1.949834885742705026e-01 8.722086705875257140e-01 9.428813457480568205e-01 4.513995390787234885e-01 7.844370156409519179e-01 5.033916522737420518e-01 4.598993574808485363e-02 2.255112530150467087e-01 4.035716099297110837e-01
3.003602234630801116e-01 4.390143852285504078e-01 3.974734835196549465e-01 7.426735758092271045e-01 9.511686818923270614e-02 7.300374472576114382e-01 0.000000000000000000e+00 4.356884981291337389e-01 4.083406124240551716e-02 5.987482399619354911e-01 2.809498598795202584e-01 1.391407276971739493e-01 8.022818093351489210e-01 2.616360581785770467e-01 4.037515834721552288e-01 7.973076137275287856e-01 6.948806797229006849e-01 8.283343495318751248e-01 6.348980767120052660e-01 1.438711373171669416e-01 3.723102455420855272e-01 3.240194176467821041e-01 9.452292124964061237e-01 5.234425109198327375e-01 1.146977930069290053e-01 9.417539404354511312e-01 7.911232783331028084e-01 5.738097825938283103e-01 4.197392005827189632e-01 7.872119012052249953e-01 4.524006040047416910e-01 3.366419817559565542e-01 4.937208731102382675e-01 8.976844465583861954e-01 6.517952527856112344e-01
1.958687293585170686e-01 8.885920568216407744e-01 5.006444611006003464e-01 9.735312910058924185e-01 6.416107130697764616e-01 8.605608537445245121e-01 4.356884981291337389e-01 0.000000000000000000e+00 1.148479592578650621e-01 8.181720801461387360e-01 4.559435462946855866e-01 4.176468463883996618e-01 6.351669903400081196e-01 7.433865467451555853e-01 3.865016645074991763e-01 4.086950854684554546e-01 8.566554183173590298e-01 1.731686605605234908e-01 5.057263831186563641e-01 4.672568583348745697e-01 4.658430015171600713e-01 3.518137552920890254e-01 2.475641622472914138e-01 6.512920986425994041e-01 3.197961809870529803e-01 5.379707978220129583e-01 7.691861588406196937e-01 4.543986103322302794e-01 7.961698280080284906e-01 8.100516274174009990e-01 2.419186834528679331e-01 6.645769541011123938e-01 8.795545337989504331e-01 7.005322546814837237e-01 7.664751508277158898e-01
5.932468564942912082e-01 4.245702782159296307e-01 8.013531246924956442e-01 5.550182537386183501e-01 4.882407942170009507e-01 8.726507564311033471e-01 4.083406124240551716e-02 1.148479592578650621e-01 0.000000000000000000e+00 2.361120783842920456e-01 7.965408337863795207e-01 7.695712933647054221e-01 4.399348772767861515e-01 3.843535084048791961e-01 7.634521124922013513e-01 9.013828546068343162e-01 6.192547739095131121e-01 5.301374395531681660e-01 8.212421634213111776e-01 1.471493514364051736e-01 6.026684401368573862e-01 8.937277274804669158e-01 7.663462699598742045e-01 7.002875020403515061e-01 3.908176436503318918e-01 5.632333419740686020e-01 3.676646757051049708e-01 7.795232544921008033e-01 6.887112710735638910e-01 8.790805357102824402e-01 1.869739291314965191e-01 3.194464647254671719e-01 5.394232345560678876e-01 4.795503522027932397e-01 4.860408024053751164e-01
8.295976694326387957e-01 4.309082172072263295e-01 3.480033716586738435e-01 7.108040624511204886e-01 6.381504996380711336e-01 6.445359343140252273e-01 5.987482399619354911e-01 8.181720801461387360e-01 2.361120783842920456e-01 0.000000000000000000e+00 4.131981365648114690e-01 5.683156283293796518e-01 4.720437270517073847e-01 4.967505143941827184e-01 6.712292480319757004e-01 4.491708602342855960e-01 5.877161538200836866e-01 3.034857826315676688e-01 2.375162590894386305e-01 4.301664627364130133e-01 5.596462594760798215e-01 5.072996931277813371e-01 5.778141846546912541e-01 6.580927352138656872e-01 9.157709423593756171e-01 4.899887700658138168e-01 4.014185174284067292e-01 8.723442530143075135e-01 9.477624169702170143e-01 6.542231876272042168e-02 9.209721458930152371e-01 5.942033902921821653e-01 6.779701792777639291e-01 8.469512217847616764e-01 6.705680658132411320e-01
5.695536041140265571e-01 1.517988168680181049e-01 3.923761041568251118e-01 6.010139467437767280e-01 8.662216667902904454e-01 2.885517555564371950e-01 2.809498598795202584e-01 4.559435462946855866e-01 7.965408337863795207e-01 4.131981365648114690e-01 0.000000000000000000e+00 4.524119665446105221e-01 5.352017193161404673e-01 9.335281994906193814e-01 1.146197599782450283e-01 1.628905477826634307e-01 5.170597534221899050e-01 7.098221809526807924e-01 5.015350455067334456e-01 9.457307846066178580e-01 6.860938420694240314e-01 3.136357661533120678e-01 5.141347442682521196e-01 4.501208324185864695e-01 2.959377367403426273e-01 4.990159210273109602e-01 2.953265048996138731e-01 8.844914685603502136e-01 6.718183952795846459e-01 6.917722316280010553e-01 6.020862585861189720e-01 3.220685066906241456e-01 3.237640425871929351e-01 3.622135544262872209e-02 8.863109216280451452e-01
4.421723232967906814e-01 5.497916556846293989e-01 3.414375101938333934e-01 5.006055368234476610e-01 4.869527204545339161e-01 2.892615380237203437e-01 1.391407276971739493e-01 4.176468463883996618e-01 7.695712933647054221e-01 5.683156283293796518e-01 4.524119665446105221e-01 0.000000000000000000e+00 5.435075844716976690e-01 5.358568378766446205e-01 2.099740818694554312e-01 3.568857583269927636e-01 2.654999657114111011e-01 4.310137764393859872e-01 5.500779486255088502e-01 5.296627091998451498e-01 5.324388474832399964e-01 3.141595341862316593e-01 2.775940535488811700e-01 6.500114605368640941e-01 5.232812292069978222e-01 7.823606690200604064e-01 6.255344341498398908e-01 4.080572045928884672e-01 3.466930361063704780e-01 7.679259822030558569e-01 6.279683753309950323e-02 7.789305482280020065e-01 6.391011412626526056e-01 7.828912678338000308e-01 5.811165508374969146e-01
4.256133418027456261e-01 5.821088026845859797e-01 8.758709159539216360e-01 1.319497997098520448e-01 7.224834902732882869e-01 6.984529577345365281e-01 8.022818093351489210e-01 6.351669903400081196e-01 4.399348772767861515e-01 4.720437270517073847e-01 5.352017193161404673e-01 5.435075844716976690e-01 0.000000000000000000e+00 5.080728233858429199e-01 5.257436038734959460e-01 6.783458797729566836e-01 7.297242307271889494e-01 5.001093547999828637e-01 4.967722615476939385e-01 5.280384662645720706e-01 5.800793575775147204e-01 3.809688363916370890e-01 5.090657799276885331e-01 6.699651791500687015e-01 5.694078968336300228e-01 6.368328192288892353e-01 6.767700243586560749e-01 1.464449117733011008e-01 5.664150299646958375e-01 4.383387315033160925e-01 3.731212044816196727e-01 6.951602603277983183e-01 1.893282930767016259e-01 3.126021976444194328e-01 6.039712969645931739e-01
7.991962176442772847e-01 4.959050433794904844e-01 4.145791830826740521e-01 3.067099857028644516e-01 9.303876497063046092e-01 7.963100524786526080e-01 2.616360581785770467e-01 7.433865467451555853e-01 3.843535084048791961e-01 4.967505143941827184e-01 9.335281994906193814e-01 5.358568378766446205e-01 5.080728233858429199e-01 0.000000000000000000e+00 3.529642084983677375e-01 8.306757418638719415e-01 7.493904734727423467e-01 5.139635976865063460e-01 6.058957961441189255e-01 8.734775436027122364e-01 7.057184621583849626e-01 3.379788100777758597e-01 6.112058649792720955e-01 7.689368533429630226e-01 8.209960802767437560e-01 6.664883338377796118e-01 5.359731231896299741e-01 2.728346106105419278e-01 1.354357206139292780e-01 9.455066500668024565e-01 5.461750077328022535e-01 7.342360112181860465e-01 4.203490921897983235e-01 4.014021048590465379e-01 4.315709002572202246e-01
7.212717191019981655e-01 5.923296788218365139e-01 6.930920728420668642e-01 2.929234119171395534e-01 4.333528612517441037e-01 5.146905790676336023e-01 4.037515834721552288e-01 3.865016645074991763e-01 7.634521124922013513e-01 6.712292480319757004e-01 1.146197599782450283e-01 2.099740818694554312e-01 5.257436038734959460e-01 3.529642084983677375e-01 0.000000000000000000e+00 4.753254251983677348e-01 8.932744727305070853e-01 8.562371197346598795e-01 8.726975125742262307e-01 4.380866977193298428e-01 7.212937933812220148e-01 5.987600156638936966e-01 4.674012608615987219e-01 1.919368687678622010e-01 8.389897323705666210e-01 6.080758559781986872e-01 7.274296341612469519e-01 7.574925098413121116e-01 6.541699002458352119e-01 6.936598127113937640e-01 4.748484151227242434e-01 7.981727345542365404e-01 3.741560453883648885e-01 5.042229023069202398e-01 4.707548746447540733e-01
4.470327671902611932e-01 5.986668623391213639e-01 6.000473885726010925e-01 4.990570511919023566e-01 3.721499908984626237e-01 3.445665340400982934e-01 7.973076137275287856e-01 4.086950854684554546e-01 9.013828546068343162e-01 4.491708602342855960e-01 1.628905477826634307e-01 3.568857583269927636e-01 6.783458797729566836e-01 8.306757418638719415e-01 4.753254251983677348e-01 0.000000000000000000e+00 3.807120540212726167e-01 5.913291323787435161e-01 6.390277735708161932e-01 4.457513653624143313e-01 4.218080493047023927e-01 9.144521450585042510e-01 5.163987636745296372e-01 5.830446696653449612e-01 4.897861115497799123e-01 4.693213090087484662e-01 6.618766044288143524e-01 6.210829103544688312e-01 4.423358781388730954e-01 3.648336020931359780e-01 5.451184386872534038e-01 3.703388998735609450e-01 1.194951060807786236e-01 6.790871286579764909e-01 3.805404598251671544e-02
4.801585489413381924e-01 2.273329945176840727e-01 6.043544946084344893e-01 3.081454260238208898e-01 1.482172352335912047e-01 6.613086537866974535e-01 6.948806797229006849e-01 8.566554183173590298e-01 6.192547739095131121e-01 5.877161538200836866e-01 5.170597534221899050e-01 2.654999657114111011e-01 7.297242307271889494e-01 7.493904734727423467e-01 8.932744727305070853e-01 3.807120540212726167e-01 0.000000000000000000e+00 3.693613414497160519e-01 3.001848164899449944e-01 5.497387298757697716e-01 4.691509707946543428e-01 6.175051879667006194e-01 8.540962005335213103e-01 5.832154141038163875e-01 5.991061546864118181e-01 1.549129892106873574e-01 5.107713351976526095e-01 7.040335583917232132e-01 6.506279428020789179e-01 8.828003626119564906e-01 5.491393885202743297e-01 4.832730745489532964e-01 5.180169893478113741e-01 8.234845478947220299e-01 8.811794593361691463e-01
6.778651914398599043e-01 6.290563212530940751e-01 1.829505934346915552e-01 3.407386362520070100e-01 6.762397487020752607e-01 4.540427060150310501e-01 8.283343495318751248e-01 1.731686605605234908e-01 5.301374395531681660e-01 3.034857826315676688e-01 7.098221809526807924e-01 4.310137764393859872e-01 5.001093547999828637e-01 5.139635976865063460e-01 8.562371197346598795e-01 5.913291323787435161e-01 3.693613414497160519e-01 0.000000000000000000e+00 5.677451619192874777e-01 4.104433102501527375e-01 2.483957236165623139e-01 3.202587254651916848e-01 6.343548196413021367e-01 2.738312224260326389e-01 6.933752214235453515e-01 7.478475647798623616e-01 6.229866289334921037e-01 4.927001127590626695e-01 7.461242320160516028e-01 8.041234534156280755e-01 5.109262616329945939e-01 4.797000839370468284e-01 4.515222308669119000e-01 2.760753839675694765e-01 4.353616302176652741e-01
3.899355776473623081e-01 7.948333551078998749e-01 4.643528851099735233e-01 1.941207861751287900e-01 7.505491905981174217e-01 4.714056704734302938e-01 6.348980767120052660e-01 5.057263831186563641e-01 8.212421634213111776e-01 2.375162590894386305e-01 5.015350455067334456e-01 5.500779486255088502e-01 4.967722615476939385e-01 6.058957961441189255e-01 8.726975125742262307e-01 6.390277735708161932e-01 3.001848164899449944e-01 5.677451619192874777e-01 0.000000000000000000e+00 5.833488117166905074e-01 6.274792679239580284e-01 5.043542876288964472e-01 4.839305045053918231e-01 6.517897363041109671e-01 2.220942850941851621e-01 7.717190327650771398e-01 6.003680034617211447e-01 8.455354623791158097e-01 7.052764237778488265e-01 8.920965759387227134e-01 7.717427990436425134e-01 1.736881045105492238e-01 4.660765696252662238e-01 6.604537001667867280e-01 5.777172676450822442e-01
3.413619192772000543e-01 8.966612216943252722e-01 2.429780975805930499e-01 9.515339716217632304e-01 6.228485252449929011e-01 7.990314247588887753e-01 1.438711373171669416e-01 4.672568583348745697e-01 1.471493514364051736e-01 4.301664627364130133e-01 9.457307846066178580e-01 5.296627091998451498e-01 5.280384662645720706e-01 8.734775436027122364e-01 4.380866977193298428e-01 4.457513653624143313e-01 5.497387298757697716e-01 4.104433102501527375e-01 5.833488117166905074e-01 0.000000000000000000e+00 1.478139186063510691e-01 6.722009666231490987e-01 2.087743103137694178e-01 1.214821825758476415e-01 7.298158484348703512e-01 4.487978604396437587e-01 6.812327015378805140e-01 4.169783213985455150e-01 4.370198443354390005e-01 5.689665760875017853e-01 8.335146261493509012e-01 8.988711926377541683e-01 1.938257137992134282e-01 6.219237680525235845e-01 1.987064906554822930e-01
3.509018824544775095e-01 7.081916699873372911e-01 5.260373018088974062e-01 4.493141101009321403e-01 2.865606056559599768e-01 7.430990683574196787e-01 3.723102455420855272e-01 4.658430015171600713e-01 6.026684401368573862e-01 5.596462594760798215e-01 6.860938420694240314e-01 5.324388474832399964e-01 5.800793575775147204e-01 7.057184621583849626e-01 7.212937933812220148e-01 4.218080493047023927e-01 4.691509707946543428e-01 2.483957236165623139e-01 6.274792679239580284e-01 1.478139186063510691e-01 0.000000000000000000e+00 2.882224456426990544e-01 6.619324503015889816e-01 3.633176533723398993e-01 6.256894281015237258e-01 4.629368198071373008e-01 2.222253818243442591e-01 8.673152909530569277e-01 2.894846604323696448e-01 4.582924486560073785e-01 6.541417903170115844e-01 5.831876005590163059e-01 4.011490538307689313e-01 1.588831471823973773e-01 2.227416336073589354e-01
8.674656671507106065e-01 3.344722858077197047e-01 5.997295385208175622e-01 7.337306648087418282e-01 7.265948172689473683e-01 8.960744828863276279e-01 3.240194176467821041e-01 3.518137552920890254e-01 8.937277274804669158e-01 5.072996931277813371e-01 3.136357661533120678e-01 3.141595341862316593e-01 3.809688363916370890e-01 3.379788100777758597e-01 5.987600156638936966e-01 9.144521450585042510e-01 6.175051879667006194e-01 3.202587254651916848e-01 5.043542876288964472e-01 6.722009666231490987e-01 2.882224456426990544e-01 0.000000000000000000e+00 4.145732286657204946e-01 7.733832820403127029e-01 7.595459534683255409e-01 4.646423843688246014e-01 9.390255937364617722e-01 1.917069807176751128e-01 8.180820121855729710e-01 3.907984925583884439e-01 6.718035836525175775e-01 2.952241329559833760e-01 4.881142892771999642e-01 7.028376813069446838e-01 4.907197708835260297e-01
4.892476252966523331e-01 5.710896175361273031e-01 4.316337091173927387e-01 4.834189636138793711e-01 5.278680315699257886e-01 7.283429249198869471e-01 9.452292124964061237e-01 2.475641622472914138e-01 7.663462699598742045e-01 5.778141846546912541e-01 5.141347442682521196e-01 2.775940535488811700e-01 5.090657799276885331e-01 6.112058649792720955e-01 4.674012608615987219e-01 5.163987636745296372e-01 8.540962005335213103e-01 6.343548196413021367e-01 4.839305045053918231e-01 2.087743103137694178e-01 6.619324503015889816e-01 4.145732286657204946e-01 0.000000000000000000e+00 6.384597940079173028e-01 8.257938123603216773e-01 9.432016773672723398e-01 4.364811548555617149e-01 5.553779642326341914e-01 7.578099011967520671e-01 2.785749294519190844e-01 4.004845202762460366e-01 4.946527825828732627e-01 5.701602214900631793e-01 9.283166599910313010e-01 8.136962704887368281e-01
4.109332688147437351e-01 6.833878384925170524e-01 6.159855781796264029e-01 2.865997764164212036e-01 4.871279310893143477e-01 9.282977425374600022e-01 5.234425109198327375e-01 6.512920986425994041e-01 7.002875020403515061e-01 6.580927352138656872e-01 4.501208324185864695e-01 6.500114605368640941e-01 6.699651791500687015e-01 7.689368533429630226e-01 1.919368687678622010e-01 5.830446696653449612e-01 5.832154141038163875e-01 2.738312224260326389e-01 6.517897363041109671e-01 1.214821825758476415e-01 3.633176533723398993e-01 7.733832820403127029e-01 6.384597940079173028e-01 0.000000000000000000e+00 5.399487471029424945e-01 3.337958573550457997e-01 2.585643102382122471e-01 9.004634276902871992e-01 4.442445849571869387e-01 2.938364591348455734e-01 4.705131273833809136e-01 4.279438237833900760e-01 3.848827177278751899e-01 4.570189974350011841e-01 4.489096778788450592e-01
9.521931862974741811e-01 6.349850151720507485e-01 1.948808426521406734e-01 3.448836392193289635e-01 7.947502923510976203e-01 4.986585299882222988e-01 1.146977930069290053e-01 3.197961809870529803e-01 3.908176436503318918e-01 9.157709423593756171e-01 2.959377367403426273e-01 5.232812292069978222e-01 5.694078968336300228e-01 8.209960802767437560e-01 8.389897323705666210e-01 4.897861115497799123e-01 5.991061546864118181e-01 6.933752214235453515e-01 2.220942850941851621e-01 7.298158484348703512e-01 6.256894281015237258e-01 7.595459534683255409e-01 8.257938123603216773e-01 5.399487471029424945e-01 0.000000000000000000e+00 1.966714144354966276e-01 6.781984001023847464e-01 8.905814660644821856e-01 4.808436660000572349e-01 6.285812460548866332e-01 4.853925949009574303e-01 7.515636333572817129e-01 1.520279165987931114e-01 1.736650333065827834e-01 3.606649282050260474e-01
8.482651232566591482e-01 1.130688619170818754e-01 5.253862652451803950e-01 6.147319405256319591e-01 4.582193234049036223e-01 6.761419591487771719e-01 9.417539404354511312e-01 5.379707978220129583e-01 5.632333419740686020e-01 4.899887700658138168e-01 4.990159210273109602e-01 7.823606690200604064e-01 6.368328192288892353e-01 6.664883338377796118e-01 6.080758559781986872e-01 4.693213090087484662e-01 1.549129892106873574e-01 7.478475647798623616e-01 7.717190327650771398e-01 4.487978604396437587e-01 4.629368198071373008e-01 4.646423843688246014e-01 9.432016773672723398e-01 3.337958573550457997e-01 1.966714144354966276e-01 0.000000000000000000e+00 5.753554888501812847e-01 4.870594591234237991e-01 2.784882247879164607e-01 8.645698480554451226e-01 5.928308153063650554e-01 7.427547556550551100e-01 8.462558636762984587e-01 6.929550344077657353e-01 8.614172416815277789e-01
3.921487592550719770e-01 5.480627011509355828e-01 6.939708965121365036e-01 3.853283338380536494e-01 5.071421671973957990e-01 1.949834885742705026e-01 7.911232783331028084e-01 7.691861588406196937e-01 3.676646757051049708e-01 4.014185174284067292e-01 2.953265048996138731e-01 6.255344341498398908e-01 6.767700243586560749e-01 5.359731231896299741e-01 7.274296341612469519e-01 6.618766044288143524e-01 5.107713351976526095e-01 6.229866289334921037e-01 6.003680034617211447e-01 6.812327015378805140e-01 2.222253818243442591e-01 9.390255937364617722e-01 4.364811548555617149e-01 2.585643102382122471e-01 6.781984001023847464e-01 5.753554888501812847e-01 0.000000000000000000e+00 3.701072014735272697e-01 6.203709407656590180e-01 2.431099295451940590e-01 1.145966209694350146e-01 4.919008940768831994e-01 7.343341975167745339e-01 1.648445313009282431e-01 7.964140762813982644e-01
7.142607163835790196e-01 7.297519681480868492e-02 1.599160262038282765e-01 3.260146717663037208e-01 3.029350108489061166e-01 8.722086705875257140e-01 5.738097825938283103e-01 4.543986103322302794e-01 7.795232544921008033e-01 8.723442530143075135e-01 8.844914685603502136e-01 4.080572045928884672e-01 1.464449117733011008e-01 2.728346106105419278e-01 7.574925098413121116e-01 6.210829103544688312e-01 7.040335583917232132e-01 4.927001127590626695e-01 8.455354623791158097e-01 4.169783213985455150e-01 8.673152909530569277e-01 1.917069807176751128e-01 5.553779642326341914e-01 9.004634276902871992e-01 8.905814660644821856e-01 4.870594591234237991e-01 3.701072014735272697e-01 0.000000000000000000e+00 6.347766327177521983e-01 9.413996834200615282e-01 5.151878454959153419e-01 4.868117443233326291e-01 5.994335320683460422e-01 4.948217389687411538e-01 3.544582545515534977e-01
4.438616585288982508e-01 6.366619421950502344e-01 2.028455516729512631e-01 6.127484305375255902e-01 2.750234401771787796e-01 9.428813457480568205e-01 4.197392005827189632e-01 7.961698280080284906e-01 6.887112710735638910e-01 9.477624169702170143e-01 6.718183952795846459e-01 3.466930361063704780e-01 5.664150299646958375e-01 1.354357206139292780e-01 6.541699002458352119e-01 4.423358781388730954e-01 6.506279428020789179e-01 7.461242320160516028e-01 7.052764237778488265e-01 4.370198443354390005e-01 2.894846604323696448e-01 8.180820121855729710e-01 7.578099011967520671e-01 4.442445849571869387e-01 4.808436660000572349e-01 2.784882247879164607e-01 6.203709407656590180e-01 6.347766327177521983e-01 0.000000000000000000e+00 5.402366704044844203e-01 2.266823706264768923e-01 3.719914155121559762e-01 7.800989842771165472e-01 7.524681962037265137e-01 7.359671250476594873e-01
8.933392385806753211e-01 6.599085600530731899e-01 9.289605057251899556e-01 5.158768443701086115e-01 5.103771991836973942e-01 4.513995390787234885e-01 7.872119012052249953e-01 8.100516274174009990e-01 8.790805357102824402e-01 6.542231876272042168e-02 6.917722316280010553e-01 7.679259822030558569e-01 4.383387315033160925e-01 9.455066500668024565e-01 6.936598127113937640e-01 3.648336020931359780e-01 8.828003626119564906e-01 8.041234534156280755e-01 8.920965759387227134e-01 5.689665760875017853e-01 4.582924486560073785e-01 3.907984925583884439e-01 2.785749294519190844e-01 2.938364591348455734e-01 6.285812460548866332e-01 8.645698480554451226e-01 2.431099295451940590e-01 9.413996834200615282e-01 5.402366704044844203e-01 0.000000000000000000e+00 3.661315287469022461e-01 5.383299884331146368e-01 3.441472836527491030e-01 6.685964129407047096e-01 4.938520323628946551e-01
8.997599119217636332e-02 8.594071246214690651e-01 4.565714056620854278e-01 4.379478231832402146e-01 6.031510433190696574e-01 7.844370156409519179e-01 4.524006040047416910e-01 2.419186834528679331e-01 1.869739291314965191e-01 9.209721458930152371e-01 6.020862585861189720e-01 6.279683753309950323e-02 3.731212044816196727e-01 5.461750077328022535e-01 4.748484151227242434e-01 5.451184386872534038e-01 5.491393885202743297e-01 5.109262616329945939e-01 7.717427990436425134e-01 8.335146261493509012e-01 6.541417903170115844e-01 6.718035836525175775e-01 4.004845202762460366e-01 4.705131273833809136e-01 4.853925949009574303e-01 5.928308153063650554e-01 1.145966209694350146e-01 5.151878454959153419e-01 2.266823706264768923e-01 3.661315287469022461e-01 0.000000000000000000e+00 7.819043791515598585e-01 9.507047073116128288e-01 3.804612816140033882e-01 7.689169134739726186e-02
1.498953159507231403e-01 3.825821199031173014e-01 5.148097049124986668e-01 8.366858279934600295e-01 8.374891870956180373e-01 5.033916522737420518e-01 3.366419817559565542e-01 6.645769541011123938e-01 3.194464647254671719e-01 5.942033902921821653e-01 3.220685066906241456e-01 7.789305482280020065e-01 6.951602603277983183e-01 7.342360112181860465e-01 7.981727345542365404e-01 3.703388998735609450e-01 4.832730745489532964e-01 4.797000839370468284e-01 1.736881045105492238e-01 8.988711926377541683e-01 5.831876005590163059e-01 2.952241329559833760e-01 4.946527825828732627e-01 4.279438237833900760e-01 7.515636333572817129e-01 7.427547556550551100e-01 4.919008940768831994e-01 4.868117443233326291e-01 3.719914155121559762e-01 5.383299884331146368e-01 7.819043791515598585e-01 0.000000000000000000e+00 2.558235488506613864e-01 7.371010994496032254e-01 3.888905682413859588e-01
6.815492712675016440e-01 4.992251150164799811e-01 4.476331169097946261e-01 3.543371700553042403e-01 4.349356637183900975e-01 4.598993574808485363e-02 4.937208731102382675e-01 8.795545337989504331e-01 5.394232345560678876e-01 6.779701792777639291e-01 3.237640425871929351e-01 6.391011412626526056e-01 1.893282930767016259e-01 4.203490921897983235e-01 3.741560453883648885e-01 1.194951060807786236e-01 5.180169893478113741e-01 4.515222308669119000e-01 4.660765696252662238e-01 1.938257137992134282e-01 4.011490538307689313e-01 4.881142892771999642e-01 5.701602214900631793e-01 3.848827177278751899e-01 1.520279165987931114e-01 8.462558636762984587e-01 7.343341975167745339e-01 5.994335320683460422e-01 7.800989842771165472e-01 3.441472836527491030e-01 9.507047073116128288e-01 2.558235488506613864e-01 0.000000000000000000e+00 5.492454549951834020e-01 8.618667925932520513e-01
5.290965857022835728e-01 1.266569880954172556e-01 7.609029658246484473e-01 5.079520786172297964e-01 8.139815854877021639e-01 2.255112530150467087e-01 8.976844465583861954e-01 7.005322546814837237e-01 4.795503522027932397e-01 8.469512217847616764e-01 3.622135544262872209e-02 7.828912678338000308e-01 3.126021976444194328e-01 4.014021048590465379e-01 5.042229023069202398e-01 6.790871286579764909e-01 8.234845478947220299e-01 2.760753839675694765e-01 6.604537001667867280e-01 6.219237680525235845e-01 1.588831471823973773e-01 7.028376813069446838e-01 9.283166599910313010e-01 4.570189974350011841e-01 1.736650333065827834e-01 6.929550344077657353e-01 1.648445313009282431e-01 4.948217389687411538e-01 7.524681962037265137e-01 6.685964129407047096e-01 3.804612816140033882e-01 7.371010994496032254e-01 5.492454549951834020e-01 0.000000000000000000e+00 1.379911251869920807e-01
5.566909794962624503e-01 3.391934154457705297e-01 7.659453850926759566e-01 9.627747694475259355e-01 3.833454954243319390e-01 4.035716099297110837e-01 6.517952527856112344e-01 7.664751508277158898e-01 4.860408024053751164e-01 6.705680658132411320e-01 8.863109216280451452e-01 5.811165508374969146e-01 6.039712969645931739e-01 4.315709002572202246e-01 4.707548746447540733e-01 3.805404598251671544e-02 8.811794593361691463e-01 4.353616302176652741e-01 5.777172676450822442e-01 1.987064906554822930e-01 2.227416336073589354e-01 4.907197708835260297e-01 8.136962704887368281e-01 4.489096778788450592e-01 3.606649282050260474e-01 8.614172416815277789e-01 7.964140762813982644e-01 3.544582545515534977e-01 7.359671250476594873e-01 4.938520323628946551e-01 7.689169134739726186e-02 3.888905682413859588e-01 8.618667925932520513e-01 1.379911251869920807e-01 0.000000000000000000e+00
