0.000000000000000000e+00 7.117845262827143804e-01 4.043760944774922872e-01 6.559801928996755738e-02 8.464635865011418403e-01 7.029794000763608386e-01 4.639522569518825246e-01 2.438507187880287752e-01 2.381176663407143512e-01 9.777894079341349354e-01 3.756805418414247977e-01 4.175449372791853464e-01 1.106825061905096774e-01 6.048454980232107481e-01 3.569844040805666974e-01 7.234794973176139621e-01 3.054100326145980926e-01 7.793228915663767964e-01 6.994326579087579709e-01 8.987517258096958672e-01 4.997198166641447781e-01 3.292264716548287673e-01 6.295272062402327284e-01 3.785364619415345078e-01 7.285221870714018166e-01 5.308365273276147711e-01 2.905893155056107346e-01 4.692711631717976228e-01 5.980908714674022519e-01 7.722825536574728922e-02 6.055299175076755969e-01 4.040884463362258705e-01 6.818804018887596463e-01 8.093907657141286016e-02 4.597723217798020956e-01
7.117845262827143804e-01 0.000000000000000000e+00 7.141962220108776238e-01 4.347525380895490010e-01 7.234730937566752340e-01 1.658368371165191979e-01 7.284809421204909707e-01 8.436133164170320775e-01 6.882258969988102049e-01 5.251903444157250966e-01 6.043399709355777860e-01 8.438271251578807197e-01 4.300569230247139885e-01 8.199995765325313046e-01 5.775579812289189929e-01 4.413561157039235794e-01 5.573183353504929105e-01 6.740904607582538510e-01 7.780837922853578448e-01 9.230670924260193644e-01 7.341147744020095622e-01 7.619301715728834523e-01 7.349565558793211828e-01 7.047599094508196771e-01 7.883001832339091575e-01 4.972807537992930405e-01 5.809402448661293850e-01 8.573213673469037843e-01 5.042433422748832106e-01 4.028964853879499763e-01 3.293789423739094113e-01 6.606377610925622257e-01 6.970868240616809874e-01 9.021175751968076861e-01 7.824252974834725594e-01
4.043760944774922872e-01 7.141962220108776238e-01 0.000000000000000000e+00 7.645194420029792770e-01 7.120450904744757281e-01 7.398591962988232407e-01 2.146565949496211934e-01 7.260337872407459647e-01 1.022937324518877755e-01 2.576776584405916504e-01 5.883643799770379434e-01 6.028721058473420769e-01 1.423566812210180776e-01 5.923701583676783677e-01 3.473266201921532126e-01 4.430305248350039360e-01 4.220861957744762027e-01 4.575324459896265572e-01 4.561336149702969744e-01 7.339035813414918064e-01 4.069129763904204000e-01 6.590152880139752423e-01 4.849375506586798834e-01 4.472142200950787183e-01 8.395176842965728081e-01 3.738816670549512944e-01 3.803092995242703389e-01 5.822081476471506756e-01 2.978456428032346115e-01 6.521393291853425644e-01 6.510462433828636541e-01 9.329900729019715566e-01 3.950900666026803121e-01 8.300285292020531669e-01 8.051983524010442039e-01
6.559801928996755738e-02 4.347525380895490010e-01 7.645194420029792770e-01 0.000000000000000000e+00 5.031438384742139558e-01 7.963274014022045932e-01 7.162453359022509236e-01 1.984237146455837264e-01 8.887252913262504439e-01 2.449364949144791082e-01 3.416646537589502763e-01 5.184966169684976922e-01 7.661837534890088008e-01 3.328730927245970861e-02 2.408779458493342518e-01 1.041956965993633411e-01 4.042799068726646849e-01 7.411925829765289020e-01 5.539800636557813407e-01 7.383188647376777158e-01 1.224666707658410569e-01 7.767969580690905484e-01 9.662993406570448141e-01 3.537043068065457430e-01 3.571339682470298094e-01 4.149362566481192283e-01 5.753008778137274071e-01 8.540887778712376033e-01 6.793358865151741810e-01 3.473423099810259984e-01 1.595688313243631695e-01 6.274668731829012858e-01 6.591607801259797839e-01 5.767548925687882022e-01 7.579129033651688108e-01
8.464635865011418403e-01 7.234730937566752340e-01 7.120450904744757281e-01 5.031438384742139558e-01 0.000000000000000000e+00 5.280385688928396215e-01 2.702077705075321412e-01 4.153746633693262691e-01 8.016254884167743899e-01 4.865357603709865031e-01 6.187647667788978012e-01 3.169795010415797920e-01 3.311616272781293668e-01 8.330448619573556091e-01 7.711761990683921875e-01 7.906740469500658230e-01 7.574768820193187313e-01 8.416870042596262813e-01 3.850930059639905423e-01 4.342758890722999698e-01 4.708339235315205373e-01 6.227080080984669364e-01 7.091122135739146293e-01 4.269857310053959965e-01 7.668973808094872169e-01 7.796456440274892596e-01 9.380954218474621964e-01 6.455056482942639340e-01 2.016686195302523910e-01 5.175823395957388495e-01 5.186168162136439719e-01 5.543639587667990032e-01 1.544388735487159381e-01 8.498664743898755036e-01 4.514098968911942067e-01
7.029794000763608386e-01 1.658368371165191979e-01 7.398591962988232407e-01 7.963274014022045932e-01 5.280385688928396215e-01 0.000000000000000000e+00 8.484485482097507969e-01 5.653246189262615129e-01 7.424317100681274706e-01 2.382562332207490696e-01 5.484199426077314143e-01 6.515874488369080009e-01 2.502697143711238859e-01 2.060994519050927121e-01 8.761101669837783046e-01 5.912226993916362972e-01 7.510959087326496419e-01 3.479584896847773834e-01 2.282020219139874184e-01 8.559116681816922867e-01 4.024882156186407878e-01 6.973408130511326020e-01 5.042588220614039329e-01 3.872999879041481575e-01 2.447507109939368042e-01 9.044211792060296018e-01 6.323532807389654620e-01 8.292149230576985053e-01 6.238041117773833744e-01 1.809046880476908870e-01 4.354469253445871768e-01 7.415007322833979675e-01 9.568014668314667182e-01 6.902913293911492332e-01 5.957205979660529227e-01
4.639522569518825246e-01 7.284809421204909707e-01 2.146565949496211934e-01 7.162453359022509236e-01 2.702077705075321412e-01 8.484485482097507969e-01 0.000000000000000000e+00 8.179053838759802186e-01 6.906020626037154830e-01 6.427361145894556760e-01 2.829645689439787559e-01 7.666421539765919668e-01 3.320579003086718828e-01 7.546782710261444871e-01 6.719196230308634998e-01 7.800174630938603304e-01 3.323841170750398422e-01 2.451844552665770616e-01 5.998797168995098072e-01 7.495222639452419067e-01 4.791876334358171063e-01 8.523631395019128920e-01 2.644158124549622624e-02 7.779711636066736213e-01 2.004882859996612587e-01 7.943514399234948842e-01 1.285542948645789219e-01 4.456537102083857893e-01 5.410928919092696798e-01 6.384212615665119106e-02 3.713290501569003754e-01 6.899599791914288183e-01 4.210499780504693979e-01 4.682243242157073659e-01 5.462453826825489633e-01
2.438507187880287752e-01 8.436133164170320775e-01 7.260337872407459647e-01 1.984237146455837264e-01 4.153746633693262691e-01 5.653246189262615129e-01 8.179053838759802186e-01 0.000000000000000000e+00 6.824363042664907120e-01 7.221831333744267445e-01 4.814773519899146481e-01 5.248738239844584763e-01 4.097473574135529484e-01 6.600600157771282506e-01 5.626898306478673728e-01 4.040704807040196300e-01 4.260801298094265555e-01 4.853849114292210221e-01 8.026721597935406738e-01 3.283687563018673483e-01 5.421757901435502180e-01 2.985643628736029398e-01 7.175424371535819024e-01 3.607272093566704640e-01 2.672683883917831293e-01 5.834982007520297387e-01 3.892867869497608213e-01 3.593938834822612560e-01 3.592581951139590668e-01 5.347789424726339114e-01 7.948094850843087089e-01 4.903994142000063783e-01 5.840823864585207303e-01 7.869318358631951504e-01 6.823233423709369472e-01
2.381176663407143512e-01 6.882258969988102049e-01 1.022937324518877755e-01 8.887252913262504439e-01 8.016254884167743899e-01 7.424317100681274706e-01 6.906020626037154830e-01 6.824363042664907120e-01 0.000000000000000000e+00 8.261132811359832573e-01 5.207807366640961888e-01 8.681846645280424379e-01 4.856060315870547317e-01 4.015472324160425099e-01 6.290047353168964905e-01 3.350473817963217638e-01 9.354617929024877654e-01 8.630890442875904789e-01 6.720993408192899032e-01 9.950311167058929485e-01 8.718695649807917114e-02 7.589033233442763482e-01 9.382551027309071756e-02 5.813354927614959866e-01 4.337193714342084117e-01 7.429819972048884447e-01 1.316844596902511100e-01 7.875440519318713806e-01 9.044688462857257694e-01 2.282609240067317025e-01 9.340684613092491428e-01 5.288648182290370814e-01 4.614207098706452070e-01 4.110345965827113535e-01 3.613670868958232529e-01
9.777894079341349354e-01 5.251903444157250966e-01 2.576776584405916504e-01 2.449364949144791082e-01 4.865357603709865031e-01 2.382562332207490696e-01 6.427361145894556760e-01 7.221831333744267445e-01 8.261132811359832573e-01 0.000000000000000000e+00 6.720033942207592759e-01 3.512297459406632516e-01 6.899875402560042836e-01 3.104239421416040701e-01 3.269948371010017452e-01 5.847803892994769548e-01 4.641362236375319861e-01 5.473838986627912462e-01 9.722795435041134970e-01 4.826936585853028872e-01 6.316762608914372468e-01 5.205736008115149360e-01 3.704745926154082158e-01 8.088581852141036865e-01 4.786169935616076954e-01 8.001238711762411748e-01 6.184630994251223424e-01 6.334059800892315462e-01 6.320830476503414008e-01 8.358574918307710711e-01 7.589483313487532801e-01 3.832179624343686752e-01 8.849454303909058961e-01 2.972337233990989258e-01 5.964371245006172551e-02
3.756805418414247977e-01 6.043399709355777860e-01 5.883643799770379434e-01 3.416646537589502763e-01 6.187647667788978012e-01 5.484199426077314143e-01 2.829645689439787559e-01 4.814773519899146481e-01 5.207807366640961888e-01 6.720033942207592759e-01 0.000000000000000000e+00 7.905082914940158023e-01 5.987843146253755133e-01 6.319125240100722518e-01 2.026480469160937270e-01 6.887280345414074079e-01 5.373763206995211261e-01 3.050657069382898823e-01 3.571392425463728593e-01 3.487720236167302090e-01 8.856801152486486473e-01 5.859878678739725011e-01 7.733535642095277218e-01 7.272796006764089549e-01 2.084310781638117893e-01 1.579583214290207760e-01 8.165094931626579733e-01 7.477038767818804388e-01 8.044889151191250143e-01 5.961298241263105480e-01 7.231717751336699251e-01 8.645873978993187103e-01 3.241629295807716415e-01 7.069787798815414526e-01 9.030692773525317296e-01
4.175449372791853464e-01 8.438271251578807197e-01 6.028721058473420769e-01 5.184966169684976922e-01 3.169795010415797920e-01 6.515874488369080009e-01 7.666421539765919668e-01 5.248738239844584763e-01 8.681846645280424379e-01 3.512297459406632516e-01 7.905082914940158023e-01 0.000000000000000000e+00 9.066741909808873068e-01 1.687334576213228576e-01 9.099690272543766723e-01 7.915072857255873728e-01 8.505251386118559687e-01 4.841342402032755565e-01 4.139142030458013988e-01 4.452440766969772978e-01 4.786765507592678492e-01 5.325316209131122358e-01 4.373575342972053637e-01 5.166385463574793002e-01 9.136405325435333902e-01 5.425207702165841805e-01 6.076580490574394755e-01 1.360844901216424763e-01 6.155894443651760417e-01 6.652747148201743066e-01 4.321074808705795967e-01 8.978198172687952283e-01 3.946168931050483275e-01 5.198573365805514435e-02 3.899151966748904963e-01
1.106825061905096774e-01 4.300569230247139885e-01 1.423566812210180776e-01 7.661837534890088008e-01 3.311616272781293668e-01 2.502697143711238859e-01 3.320579003086718828e-01 4.097473574135529484e-01 4.856060315870547317e-01 6.899875402560042836e-01 5.987843146253755133e-01 9.066741909808873068e-01 0.000000000000000000e+00 8.534841598461044843e-01 8.308257216470699147e-01 3.446077348566884968e-01 4.429964432450163581e-01 6.174872689747840093e-01 1.762341125155190147e-01 2.376960129849842174e-01 3.833679715682281608e-01 6.040734322832721492e-01 6.300911003428368851e-01 7.109858921332572468e-01 4.888374798707069702e-01 4.441425134936200503e-01 6.166730957847044170e-01 5.345931678998441239e-01 5.167815082276134842e-01 8.576804407875169289e-01 4.534242989630414278e-01 8.952773122232056124e-01 1.847290163251155137e-01 7.109067009840159823e-01 3.044958113868899696e-01
6.048454980232107481e-01 8.199995765325313046e-01 5.923701583676783677e-01 3.328730927245970861e-02 8.330448619573556091e-01 2.060994519050927121e-01 7.546782710261444871e-01 6.600600157771282506e-01 4.015472324160425099e-01 3.104239421416040701e-01 6.319125240100722518e-01 1.687334576213228576e-01 8.534841598461044843e-01 0.000000000000000000e+00 5.320983357760262766e-01 5.060728770963731638e-01 6.751104703547559094e-01 4.334841948880657214e-01 5.156676129946372589e-01 3.316652011448234516e-01 5.668966869825349253e-01 4.301686234893027372e-01 9.080940298374741149e-01 4.495824320300341737e-01 6.173583314253934251e-01 4.606902303509418095e-01 6.377194129144176937e-01 6.102095520588124433e-02 6.659406127591751545e-01 4.714379370941953473e-01 3.322580347472978701e-01 8.021852567772109754e-01 6.326711212297508879e-01 4.264694994889706159e-01 8.680445691997416002e-01
3.569844040805666974e-01 5.775579812289189929e-01 3.473266201921532126e-01 2.408779458493342518e-01 7.711761990683921875e-01 8.761101669837783046e-01 6.719196230308634998e-01 5.626898306478673728e-01 6.290047353168964905e-01 3.269948371010017452e-01 2.026480469160937270e-01 9.099690272543766723e-01 8.308257216470699147e-01 5.320983357760262766e-01 0.000000000000000000e+00 5.163292982342393422e-01 9.199914151033917742e-01 2.103719756663582352e-01 4.546788286502700394e-01 4.454598772163021470e-01 4.363563489519242111e-01 7.564669447625332888e-01 3.795536768860965360e-01 6.125621684053961236e-01 5.966091796667125635e-01 7.451363418266996330e-01 4.657663653219482613e-01 9.783143555502298305e-01 3.489023481885699107e-01 5.836602616160114776e-01 4.344123903576557755e-02 3.355652199393938107e-01 7.798550798735655043e-01 6.836995804662198140e-01 3.256662155204981257e-01
7.234794973176139621e-01 4.413561157039235794e-01 4.430305248350039360e-01 1.041956965993633411e-01 7.906740469500658230e-01 5.912226993916362972e-01 7.800174630938603304e-01 4.040704807040196300e-01 3.350473817963217638e-01 5.847803892994769548e-01 6.887280345414074079e-01 7.915072857255873728e-01 3.446077348566884968e-01 5.060728770963731638e-01 5.163292982342393422e-01 0.000000000000000000e+00 8.557326471373052357e-01 7.325769975741903695e-01 8.988892551826432875e-02 1.943145553991424412e-01 8.242290503545746105e-01 9.125781955344928198e-01 7.167549072506477215e-01 5.763103903529063210e-01 7.494240744497017159e-01 5.356050687936062538e-01 4.836320545767972545e-01 3.906364771551854020e-01 1.859359170406191808e-01 6.952863100582926670e-01 4.755306675748145473e-01 9.551712450881787442e-01 9.196835719799938413e-01 4.434176111849815194e-01 6.583141115730247739e-01
3.054100326145980926e-01 5.573183353504929105e-01 4.220861957744762027e-01 4.042799068726646849e-01 7.574768820193187313e-01 7.510959087326496419e-01 3.323841170750398422e-01 4.260801298094265555e-01 9.354617929024877654e-01 4.641362236375319861e-01 5.373763206995211261e-01 8.505251386118559687e-01 4.429964432450163581e-01 6.751104703547559094e-01 9.199914151033917742e-01 8.557326471373052357e-01 0.000000000000000000e+00 5.588063367795168546e-01 3.676562701546588485e-01 6.863613197768894114e-01 5.664403325349569585e-01 6.601142040487206764e-02 5.640690070387364141e-01 5.513241433351604437e-01 4.178168450447045656e-01 7.786350133434674081e-01 8.443316912529854612e-01 4.804720017752279193e-01 3.753153129318340664e-01 7.726946241129195592e-02 5.309534798946838885e-01 3.866979871360433085e-01 4.138205664441494402e-01 5.487566663473046891e-01 7.353641144441115385e-01
7.793228915663767964e-01 6.740904607582538510e-01 4.575324459896265572e-01 7.411925829765289020e-01 8.416870042596262813e-01 3.479584896847773834e-01 2.451844552665770616e-01 4.853849114292210221e-01 8.630890442875904789e-01 5.473838986627912462e-01 3.050657069382898823e-01 4.841342402032755565e-01 6.174872689747840093e-01 4.334841948880657214e-01 2.103719756663582352e-01 7.325769975741903695e-01 5.588063367795168546e-01 0.000000000000000000e+00 5.505141991916678856e-01 4.212776912874957591e-01 5.413685006302721980e-01 7.007474161109907840e-01 3.350268211656693973e-01 6.075932419741680857e-01 8.369770865465493426e-01 6.884274097769865763e-01 5.158633016386512393e-01 3.930865196846869414e-01 1.695286750388130814e-01 5.211088920708226713e-01 7.541166217959740514e-01 3.006598775913245647e-01 5.337401282354685694e-01 7.647303235205702432e-01 6.490026297705870917e-01
6.994326579087579709e-01 7.780837922853578448e-01 4.561336149702969744e-01 5.539800636557813407e-01 3.850930059639905423e-01 2.282020219139874184e-01 5.998797168995098072e-01 8.026721597935406738e-01 6.720993408192899032e-01 9.722795435041134970e-01 3.571392425463728593e-01 4.139142030458013988e-01 1.762341125155190147e-01 5.156676129946372589e-01 4.546788286502700394e-01 8.988892551826432875e-02 3.676562701546588485e-01 5.505141991916678856e-01 0.000000000000000000e+00 7.285741932835849699e-01 6.930081985844249726e-01 3.913392927560309653e-01 5.775590706101085825e-01 5.624349184071069097e-01 4.033219991968783336e-01 3.352829388508421493e-01 7.736309172148034818e-01 4.657898290742233938e-01 4.534115349035864329e-01 6.052165590549110075e-01 4.061059527083129006e-01 6.035286504498691418e-01 7.797950880789974448e-01 8.427574532564092724e-01 2.594711945788531482e-01
8.987517258096958672e-01 9.230670924260193644e-01 7.339035813414918064e-01 7.383188647376777158e-01 4.342758890722999698e-01 8.559116681816922867e-01 7.495222639452419067e-01 3.283687563018673483e-01 9.950311167058929485e-01 4.826936585853028872e-01 3.487720236167302090e-01 4.452440766969772978e-01 2.376960129849842174e-01 3.316652011448234516e-01 4.454598772163021470e-01 1.943145553991424412e-01 6.863613197768894114e-01 4.212776912874957591e-01 7.285741932835849699e-01 0.000000000000000000e+00 3.966011651770282032e-01 5.132381842129163374e-01 9.026040771406579344e-01 6.877083561453053440e-01 8.777235956204718637e-01 8.909933961741853814e-01 6.834354137724907297e-01 6.042506342534391672e-01 4.200042544266002209e-01 3.241028058549172419e-01 7.450348381814881904e-01 2.809642014879957794e-01 6.559132854555123071e-01 6.412786509187560213e-01 2.975827105570674203e-01
4.997198166641447781e-01 7.341147744020095622e-01 4.069129763904204000e-01 1.224666707658410569e-01 4.708339235315205373e-01 4.024882156186407878e-01 4.791876334358171063e-01 5.421757901435502180e-01 8.718695649807917114e-02 6.316762608914372468e-01 8.856801152486486473e-01 4.786765507592678492e-01 3.833679715682281608e-01 5.668966869825349253e-01 4.363563489519242111e-01 8.242290503545746105e-01 5.664403325349569585e-01 5.413685006302721980e-01 6.930081985844249726e-01 3.966011651770282032e-01 0.000000000000000000e+00 3.491131598848565831e-01 5.841341050477673047e-01 2.386179725774455473e-01 4.456547204982457266e-01 2.840220815096400342e-01 8.146237847708119872e-01 8.566193171625272607e-01 5.754391383199055632e-01 3.802735372743791253e-01 6.563696761360386933e-01 1.590592641602273094e-01 8.030688629767003262e-01 6.695253143816131125e-01 7.844661941767174795e-01
3.292264716548287673e-01 7.619301715728834523e-01 6.590152880139752423e-01 7.767969580690905484e-01 6.227080080984669364e-01 6.973408130511326020e-01 8.523631395019128920e-01 2.985643628736029398e-01 7.589033233442763482e-01 5.205736008115149360e-01 5.859878678739725011e-01 5.325316209131122358e-01 6.040734322832721492e-01 4.301686234893027372e-01 7.564669447625332888e-01 9.125781955344928198e-01 6.601142040487206764e-02 7.007474161109907840e-01 3.913392927560309653e-01 5.132381842129163374e-01 3.491131598848565831e-01 0.000000000000000000e+00 8.523185267746916649e-01 4.567447953389361381e-01 4.696285245621267257e-01 4.542618878517298842e-01 5.880242169404876762e-01 6.292409330861867822e-01 4.833047290847278799e-01 3.381808364105157172e-01 4.173291320349339362e-01 7.260783795291456677e-01 5.536103941962522423e-01 6.392018090407936004e-01 3.285503662660210766e-01
6.295272062402327284e-01 7.349565558793211828e-01 4.849375506586798834e-01 9.662993406570448141e-01 7.091122135739146293e-01 5.042588220614039329e-01 2.644158124549622624e-02 7.175424371535819024e-01 9.382551027309071756e-02 3.704745926154082158e-01 7.733535642095277218e-01 4.373575342972053637e-01 6.300911003428368851e-01 9.080940298374741149e-01 3.795536768860965360e-01 7.167549072506477215e-01 5.640690070387364141e-01 3.350268211656693973e-01 5.775590706101085825e-01 9.026040771406579344e-01 5.841341050477673047e-01 8.523185267746916649e-01 0.000000000000000000e+00 4.280624483506544342e-01 4.308925754931677288e-01 8.134898276636499670e-01 5.042646289105195967e-01 8.590163497004545956e-01 1.172811350028861721e-01 5.057134344877558529e-01 5.397284033671895243e-01 4.113066757631737014e-01 6.269156218704901029e-01 7.497908873907399574e-01 6.478966052520986896e-01
3.785364619415345078e-01 7.047599094508196771e-01 4.472142200950787183e-01 3.537043068065457430e-01 4.269857310053959965e-01 3.872999879041481575e-01 7.779711636066736213e-01 3.607272093566704640e-01 5.813354927614959866e-01 8.088581852141036865e-01 7.272796006764089549e-01 5.166385463574793002e-01 7.109858921332572468e-01 4.495824320300341737e-01 6.125621684053961236e-01 5.763103903529063210e-01 5.513241433351604437e-01 6.075932419741680857e-01 5.624349184071069097e-01 6.877083561453053440e-01 2.386179725774455473e-01 4.567447953389361381e-01 4.280624483506544342e-01 0.000000000000000000e+00 2.326577579571146304e-01 1.504569387381127221e-01 2.619153340130898622e-01 9.915857492314072985e-02 7.797603410444773342e-01 7.647550609969786528e-01 4.478683960302370926e-01 7.532966886909173709e-01 6.623207130997449399e-01 4.514677918818367219e-01 5.109015083428387616e-01
7.285221870714018166e-01 7.883001832339091575e-01 8.395176842965728081e-01 3.571339682470298094e-01 7.668973808094872169e-01 2.447507109939368042e-01 2.004882859996612587e-01 2.672683883917831293e-01 4.337193714342084117e-01 4.786169935616076954e-01 2.084310781638117893e-01 9.136405325435333902e-01 4.888374798707069702e-01 6.173583314253934251e-01 5.966091796667125635e-01 7.494240744497017159e-01 4.178168450447045656e-01 8.369770865465493426e-01 4.033219991968783336e-01 8.777235956204718637e-01 4.456547204982457266e-01 4.696285245621267257e-01 4.308925754931677288e-01 2.326577579571146304e-01 0.000000000000000000e+00 7.505671455110372037e-01 7.778538515455184488e-01 7.366646711831501548e-01 4.175255850129758750e-01 6.842635065888149626e-01 6.365449249854218117e-01 3.657160059285020637e-01 2.189249315927058737e-01 6.431792191977113715e-01 8.008132197710297051e-01
5.308365273276147711e-01 4.972807537992930405e-01 3.738816670549512944e-01 4.149362566481192283e-01 7.796456440274892596e-01 9.044211792060296018e-01 7.943514399234948842e-01 5.834982007520297387e-01 7.429819972048884447e-01 8.001238711762411748e-01 1.579583214290207760e-01 5.425207702165841805e-01 4.441425134936200503e-01 4.606902303509418095e-01 7.451363418266996330e-01 5.356050687936062538e-01 7.786350133434674081e-01 6.884274097769865763e-01 3.352829388508421493e-01 8.909933961741853814e-01 2.840220815096400342e-01 4.542618878517298842e-01 8.134898276636499670e-01 1.504569387381127221e-01 7.505671455110372037e-01 0.000000000000000000e+00 1.595407508014500264e-01 6.863124163842133640e-01 9.007975496568846330e-01 2.075204143955939884e-01 3.493935206258015902e-01 4.788556441600095859e-01 2.335457850083355602e-01 7.638867792819632463e-01 6.339629378696465256e-01
2.905893155056107346e-01 5.809402448661293850e-01 3.803092995242703389e-01 5.753008778137274071e-01 9.380954218474621964e-01 6.323532807389654620e-01 1.285542948645789219e-01 3.892867869497608213e-01 1.316844596902511100e-01 6.184630994251223424e-01 8.165094931626579733e-01 6.076580490574394755e-01 6.166730957847044170e-01 6.377194129144176937e-01 4.657663653219482613e-01 4.836320545767972545e-01 8.443316912529854612e-01 5.158633016386512393e-01 7.736309172148034818e-01 6.834354137724907297e-01 8.146237847708119872e-01 5.880242169404876762e-01 5.042646289105195967e-01 2.619153340130898622e-01 7.778538515455184488e-01 1.595407508014500264e-01 0.000000000000000000e+00 8.539651578341345139e-01 1.001481523732149492e-01 6.806842679418969588e-01 8.600712818539592019e-01 4.668397596786401094e-01 4.651731853306009246e-01 6.956252053653804168e-01 4.386413003364255658e-01
4.692711631717976228e-01 8.573213673469037843e-01 5.822081476471506756e-01 8.540887778712376033e-01 6.455056482942639340e-01 8.292149230576985053e-01 4.456537102083857893e-01 3.593938834822612560e-01 7.875440519318713806e-01 6.334059800892315462e-01 7.477038767818804388e-01 1.360844901216424763e-01 5.345931678998441239e-01 6.102095520588124433e-02 9.783143555502298305e-01 3.906364771551854020e-01 4.804720017752279193e-01 3.930865196846869414e-01 4.657898290742233938e-01 6.042506342534391672e-01 8.566193171625272607e-01 6.292409330861867822e-01 8.590163497004545956e-01 9.915857492314072985e-02 7.366646711831501548e-01 6.863124163842133640e-01 8.539651578341345139e-01 0.000000000000000000e+00 8.174215880248079102e-01 2.947624557868213646e-01 7.784033442976302508e-01 7.294503490135447743e-01 6.848101015312956230e-01 5.052890258482168884e-01 4.008676426757457611e-01
5.980908714674022519e-01 5.042433422748832106e-01 2.978456428032346115e-01 6.793358865151741810e-01 2.016686195302523910e-01 6.238041117773833744e-01 5.410928919092696798e-01 3.592581951139590668e-01 9.044688462857257694e-01 6.320830476503414008e-01 8.044889151191250143e-01 6.155894443651760417e-01 5.167815082276134842e-01 6.659406127591751545e-01 3.489023481885699107e-01 1.859359170406191808e-01 3.753153129318340664e-01 1.695286750388130814e-01 4.534115349035864329e-01 4.200042544266002209e-01 5.754391383199055632e-01 4.833047290847278799e-01 1.172811350028861721e-01 7.797603410444773342e-01 4.175255850129758750e-01 9.007975496568846330e-01 1.001481523732149492e-01 8.174215880248079102e-01 0.000000000000000000e+00 4.741079143004447438e-01 5.872734251357193402e-01 8.987619039291450118e-02 5.567920764994820360e-01 3.960309297339761891e-01 7.067170533277061795e-01
7.722825536574728922e-02 4.028964853879499763e-01 6.521393291853425644e-01 3.473423099810259984e-01 5.175823395957388495e-01 1.809046880476908870e-01 6.384212615665119106e-02 5.347789424726339114e-01 2.282609240067317025e-01 8.358574918307710711e-01 5.961298241263105480e-01 6.652747148201743066e-01 8.576804407875169289e-01 4.714379370941953473e-01 5.836602616160114776e-01 6.952863100582926670e-01 7.726946241129195592e-02 5.211088920708226713e-01 6.052165590549110075e-01 3.241028058549172419e-01 3.802735372743791253e-01 3.381808364105157172e-01 5.057134344877558529e-01 7.647550609969786528e-01 6.842635065888149626e-01 2.075204143955939884e-01 6.806842679418969588e-01 2.947624557868213646e-01 4.741079143004447438e-01 0.000000000000000000e+00 5.215824154222831188e-01 7.355173854916887688e-01 5.935618203241510571e-01 3.895255385619222355e-01 8.411458947195393776e-01
6.055299175076755969e-01 3.293789423739094113e-01 6.510462433828636541e-01 1.595688313243631695e-01 5.186168162136439719e-01 4.354469253445871768e-01 3.713290501569003754e-01 7.948094850843087089e-01 9.340684613092491428e-01 7.589483313487532801e-01 7.231717751336699251e-01 4.321074808705795967e-01 4.534242989630414278e-01 3.322580347472978701e-01 4.344123903576557755e-02 4.755306675748145473e-01 5.309534798946838885e-01 7.541166217959740514e-01 4.061059527083129006e-01 7.450348381814881904e-01 6.563696761360386933e-01 4.173291320349339362e-01 5.397284033671895243e-01 4.478683960302370926e-01 6.365449249854218117e-01 3.493935206258015902e-01 8.600712818539592019e-01 7.784033442976302508e-01 5.872734251357193402e-01 5.215824154222831188e-01 0.000000000000000000e+00 8.045872230404700343e-01 8.132989372028895936e-01 2.041761541331945651e-01 2.399568400888938413e-01
4.040884463362258705e-01 6.606377610925622257e-01 9.329900729019715566e-01 6.274668731829012858e-01 5.543639587667990032e-01 7.415007322833979675e-01 6.899599791914288183e-01 4.903994142000063783e-01 5.288648182290370814e-01 3.832179624343686752e-01 8.645873978993187103e-01 8.978198172687952283e-01 8.952773122232056124e-01 8.021852567772109754e-01 3.355652199393938107e-01 9.551712450881787442e-01 3.866979871360433085e-01 3.006598775913245647e-01 6.035286504498691418e-01 2.809642014879957794e-01 1.590592641602273094e-01 7.260783795291456677e-01 4.113066757631737014e-01 7.532966886909173709e-01 3.657160059285020637e-01 4.788556441600095859e-01 4.668397596786401094e-01 7.294503490135447743e-01 8.987619039291450118e-02 7.355173854916887688e-01 8.045872230404700343e-01 0.000000000000000000e+00 5.071431056775133062e-01 3.168567229741029445e-01 6.102230223017326427e-01
6.818804018887596463e-01 6.970868240616809874e-01 3.950900666026803121e-01 6.591607801259797839e-01 1.544388735487159381e-01 9.568014668314667182e-01 4.210499780504693979e-01 5.840823864585207303e-01 4.614207098706452070e-01 8.849454303909058961e-01 3.241629295807716415e-01 3.946168931050483275e-01 1.847290163251155137e-01 6.326711212297508879e-01 7.798550798735655043e-01 9.196835719799938413e-01 4.138205664441494402e-01 5.337401282354685694e-01 7.797950880789974448e-01 6.559132854555123071e-01 8.030688629767003262e-01 5.536103941962522423e-01 6.269156218704901029e-01 6.623207130997449399e-01 2.189249315927058737e-01 2.335457850083355602e-01 4.651731853306009246e-01 6.848101015312956230e-01 5.567920764994820360e-01 5.935618203241510571e-01 8.132989372028895936e-01 5.071431056775133062e-01 0.000000000000000000e+00 7.904502490285554295e-01 3.439365239373970429e-01
8.093907657141286016e-02 9.021175751968076861e-01 8.300285292020531669e-01 5.767548925687882022e-01 8.498664743898755036e-01 6.902913293911492332e-01 4.682243242157073659e-01 7.869318358631951504e-01 4.110345965827113535e-01 2.972337233990989258e-01 7.069787798815414526e-01 5.198573365805514435e-02 7.109067009840159823e-01 4.264694994889706159e-01 6.836995804662198140e-01 4.434176111849815194e-01 5.487566663473046891e-01 7.647303235205702432e-01 8.427574532564092724e-01 6.412786509187560213e-01 6.695253143816131125e-01 6.392018090407936004e-01 7.497908873907399574e-01 4.514677918818367219e-01 6.431792191977113715e-01 7.638867792819632463e-01 6.956252053653804168e-01 5.052890258482168884e-01 3.960309297339761891e-01 3.895255385619222355e-01 2.041761541331945651e-01 3.168567229741029445e-01 7.904502490285554295e-01 0.000000000000000000e+00 4.684653798816503789e-01
4.597723217798020956e-01 7.824252974834725594e-01 8.051983524010442039e-01 7.579129033651688108e-01 4.514098968911942067e-01 5.957205979660529227e-01 5.462453826825489633e-01 6.823233423709369472e-01 3.613670868958232529e-01 5.964371245006172551e-02 9.030692773525317296e-01 3.899151966748904963e-01 3.044958113868899696e-01 8.680445691997416002e-01 3.256662155204981257e-01 6.583141115730247739e-01 7.353641144441115385e-01 6.490026297705870917e-01 2.594711945788531482e-01 2.975827105570674203e-01 7.844661941767174795e-01 3.285503662660210766e-01 6.478966052520986896e-01 5.109015083428387616e-01 8.008132197710297051e-01 6.339629378696465256e-01 4.386413003364255658e-01 4.008676426757457611e-01 7.067170533277061795e-01 8.411458947195393776e-01 2.399568400888938413e-01 6.102230223017326427e-01 3.439365239373970429e-01 4.684653798816503789e-01 0.000000000000000000e+00
