0.000000000000000000e+00 5.979677058400243439e-01 3.433301326351822502e-01 5.334675379751706581e-01 5.153865194866036337e-01 4.113143922189605450e-01 4.746020255737539162e-01 8.753051015183017647e-01 7.636337085412936432e-01 7.867321810790102177e-01 1.475511069317170243e-02 8.198286836672130651e-01 9.635273719191395081e-01 4.358514632164128266e-01 1.371409582606307742e-01 6.604286938927533823e-01 6.528695999109741521e-01 2.088373462648787093e-01 3.504667879591891744e-01 5.362910819288533304e-01 4.360273083559583762e-01 7.734426295254570594e-02 2.884252624058968317e-01 5.152103127415739170e-01 7.621423068797845701e-01 3.573892247408295697e-01 9.442449079059713757e-01 7.139556364469299421e-01 5.759320573212972638e-01 4.106619352137244605e-01 1.629994761608659637e-01 8.926189542450859715e-01 5.185569721662409703e-01 8.505364639996007003e-01 8.541510759713054624e-01
5.979677058400243439e-01 0.000000000000000000e+00 6.580502971168128434e-01 7.888806429058955461e-01 3.470529075719247514e-01 7.915315760312229276e-01 5.805670637697220027e-01 1.751334737359445670e-01 8.713498242406880756e-02 1.354898027103247360e-01 4.433469777024586778e-01 4.579270401210065455e-01 3.357895217759505613e-01 4.625714105819422883e-01 3.755983393739029674e-01 7.498979908619531898e-01 1.277425776760308107e-01 8.951073578278483378e-01 4.239626791017823138e-01 8.110918990699381714e-01 4.514591441930638216e-01 3.960331781063214929e-01 2.878616136928840996e-01 3.508299361870287347e-01 7.217296932255414799e-01 2.410899835184282525e-01 3.627371734991938768e-01 5.210143827030174757e-01 6.263764473063283544e-01 4.722012450526047456e-02 3.529150811415707745e-01 2.697582311937428701e-01 2.040483661244353319e-01 5.268712567919346945e-01 5.098978934446192213e-01
3.433301326351822502e-01 6.580502971168128434e-01 0.000000000000000000e+00 5.944371693753067731e-01 6.304310980742782178e-01 3.809022316620034321e-01 7.559653586298769046e-01 3.071190309036209154e-01 7.637367283771592241e-01 2.318277107906455692e-01 3.460961344349697821e-01 6.530219450647793966e-01 4.396628604032868926e-01 4.226239171551238183e-01 5.240460873420416110e-01 4.773532203245453576e-01 2.743428741618160194e-01 5.222990358260566346e-01 1.033913870973679483e-01 3.456408476067013291e-01 5.998379809166052290e-01 4.404955654409643540e-01 6.930879162213161582e-01 6.933474592642823175e-01 9.708928377941763443e-01 7.584379922025519249e-02 7.052835870080764735e-01 8.656841744351850831e-01 8.650072738911216419e-01 3.783114607473344604e-01 2.074072583620475974e-01 7.736424180075360812e-01 7.832371459729241536e-01 6.606838249222752868e-01 6.797148364289147260e-01
5.334675379751706581e-01 7.888806429058955461e-01 5.944371693753067731e-01 0.000000000000000000e+00 2.478285834897140383e-01 8.730965098038150352e-01 5.747907488203198856e-01 7.454665956845616392e-01 4.688204691337970464e-01 6.772174112806627067e-01 4.670900284934886848e-01 9.562694388641290733e-01 8.369728366101223394e-01 7.696558327447650116e-01 8.900952348010896520e-01 7.372103455414735773e-02 5.161959388440540142e-01 6.570245002012187197e-01 3.846248402498367858e-01 8.780530140504294589e-01 5.394325674905615653e-01 1.855856300338331044e-01 3.522150892201375560e-01 1.926511286717194071e-01 1.455419064447760480e-01 8.577232434377854986e-01 7.842030273552480502e-01 3.653555840525446463e-01 1.904819915891337034e-01 7.573353842679987347e-01 2.459247954688453808e-01 3.433307374370966336e-01 7.446506560723271662e-01 4.989709134342441565e-01 8.087231687074490916e-01
5.153865194866036337e-01 3.470529075719247514e-01 6.304310980742782178e-01 2.478285834897140383e-01 0.000000000000000000e+00 5.081238266640556445e-01 5.245064789764243285e-01 5.755617353975626127e-01 8.305609189754676880e-01 9.630014755721992836e-01 6.278510094061580116e-01 3.975968727092947796e-01 6.243489789776561771e-01 7.560217850819301866e-01 6.970661240829720828e-01 6.801874232886251370e-01 8.012863850355238515e-01 7.351676860869449381e-01 4.969811495072241070e-01 8.954262166862381189e-01 5.401328403699011682e-01 7.278672049868073479e-02 1.783096776990324983e-01 7.180778367250850724e-01 5.195194664729450018e-01 9.204183013314027884e-01 3.324029721665084924e-01 3.962133286549464617e-01 2.334733074672974418e-01 6.526166735477518799e-01 4.144806974448457249e-01 3.613348402035789775e-01 5.935507446138621468e-01 8.198385863321757672e-01 5.685802009394835821e-01
4.113143922189605450e-01 7.915315760312229276e-01 3.809022316620034321e-01 8.730965098038150352e-01 5.081238266640556445e-01 0.000000000000000000e+00 3.716431271172978001e-01 4.989997258697559390e-01 4.383643998680888387e-01 5.319557092509321627e-01 4.752312620418281952e-01 4.149760114615694828e-01 7.835404044261283785e-01 2.174101456686307055e-01 3.636968872893085458e-01 6.941132869061483746e-01 5.127258915746824020e-01 4.349112852907904836e-01 5.922695032873903642e-01 5.600242782644477835e-01 9.938778183263408117e-02 7.859656220296875606e-01 8.445071819245910660e-01 7.692178862159093633e-01 1.166334031621449330e-01 2.171116114507772310e-01 5.939434344692131607e-01 3.480597795236630709e-01 6.360389051190711296e-01 7.661598897311803213e-01 1.329957383703369578e-01 1.945496636908281007e-01 7.598951607391903895e-01 7.053988218119033871e-01 6.767589470383668093e-01
4.746020255737539162e-01 5.805670637697220027e-01 7.559653586298769046e-01 5.747907488203198856e-01 5.245064789764243285e-01 3.716431271172978001e-01 0.000000000000000000e+00 5.998878441874824219e-01 6.487860580499075214e-01 7.522449766167931262e-01 3.353920011049928984e-01 4.237187335581253933e-01 9.236547419404035342e-01 9.455862950828815006e-01 5.093711663721700589e-01 5.974292319847628319e-01 4.705866782440066842e-01 7.534284002074075337e-01 5.186108469440586788e-01 5.407635809751070166e-01 6.008368475796743713e-01 7.753697018750471681e-01 5.296152878259599017e-01 3.048426696848482997e-01 5.732855015925679698e-01 8.488120901123985540e-01 4.696031631535654283e-01 2.745028804104643338e-01 6.725789307892056090e-01 3.613633834565874725e-01 7.992783677966424083e-01 7.485720001093367770e-01 3.515191441697272934e-01 5.559640976080368890e-01 4.735094672547661698e-01
8.753051015183017647e-01 1.751334737359445670e-01 3.071190309036209154e-01 7.454665956845616392e-01 5.755617353975626127e-01 4.989997258697559390e-01 5.998878441874824219e-01 0.000000000000000000e+00 4.959818956700551840e-01 7.974709649657660826e-01 3.969673052875317687e-01 5.080724106222012093e-01 3.659743590338153663e-01 2.409297540610928490e-01 3.893945980084258518e-01 5.243106972770033014e-01 6.764848858046954572e-01 4.832894664497349724e-01 4.415936221662010719e-01 4.035324101473240499e-01 2.628792366775109524e-01 4.153691464465681937e-01 2.224795303295127313e-01 5.257481331557110060e-01 5.915773892170340664e-01 5.383015538336948236e-01 7.335281862764793104e-01 4.715333802784776318e-01 7.238282836893479288e-01 4.733943795171685620e-01 9.153218694061597827e-01 8.222493433323894152e-01 5.923504223359250531e-01 6.061659700500781067e-01 5.065190340626977150e-01
7.636337085412936432e-01 8.713498242406880756e-02 7.637367283771592241e-01 4.688204691337970464e-01 8.305609189754676880e-01 4.383643998680888387e-01 6.487860580499075214e-01 4.959818956700551840e-01 0.000000000000000000e+00 8.462910046488467675e-01 7.662464807596978122e-01 6.839946225948775327e-01 5.792478560382232633e-01 5.983854826229988433e-01 1.934025392993283798e-01 3.943420096598200808e-01 5.315121159063156409e-01 6.098368633679247530e-01 8.762193052223994361e-01 5.292540033328713145e-01 3.353411386859610488e-01 4.346569496133794730e-01 5.123867135427049302e-01 7.542237992429471349e-01 5.914684404620976776e-01 6.383670255353148804e-01 4.322002647249119089e-01 2.087362906579013355e-01 8.026819125362830709e-01 5.843565858126877899e-01 6.933612443417365157e-01 8.512634780225891706e-01 6.264887376514287620e-01 5.294224748622016197e-01 5.154510610796618764e-01
7.867321810790102177e-01 1.354898027103247360e-01 2.318277107906455692e-01 6.772174112806627067e-01 9.630014755721992836e-01 5.319557092509321627e-01 7.522449766167931262e-01 7.974709649657660826e-01 8.462910046488467675e-01 0.000000000000000000e+00 8.206765272323262028e-01 4.203937567394857577e-01 5.323683962418144233e-01 5.710466000088183502e-01 3.888207021554751508e-01 3.450065482230271208e-01 4.483719227181042766e-01 2.249794377648153820e-01 6.519432136329342820e-01 7.288634300876518646e-01 3.377315601692826297e-01 8.278871218602101845e-01 4.675586827091629538e-01 7.072314159538293232e-01 3.843945261354300147e-01 6.876086762370561267e-01 3.654456287845280205e-01 9.974288747146624612e-01 4.619995567389771907e-01 8.134935734763448778e-01 5.695533418320851693e-01 2.724425339020230541e-01 8.779496808933870966e-01 4.107187048684929898e-01 6.096619600375143833e-01
1.475511069317170243e-02 4.433469777024586778e-01 3.460961344349697821e-01 4.670900284934886848e-01 6.278510094061580116e-01 4.752312620418281952e-01 3.353920011049928984e-01 3.969673052875317687e-01 7.662464807596978122e-01 8.206765272323262028e-01 0.000000000000000000e+00 4.236386540477649065e-01 8.231022101768883381e-01 5.481439195098094519e-01 9.036433835530333081e-01 9.365870032045153781e-02 6.950599914386755840e-01 1.194681483148380963e-01 8.461464181109665805e-01 6.161201575112447149e-01 5.736190813129316002e-01 7.524285044933476385e-01 3.483308777984824300e-01 3.870332538362757924e-01 7.043256570728977373e-01 6.543834862328653523e-01 6.105641140886789442e-01 8.413898619770703302e-01 7.910190704499253656e-01 8.054496250590237327e-02 5.095263847421704906e-01 5.155982529394217417e-01 2.209084357249821995e-01 3.035500984910661781e-01 5.203466627434063518e-01
8.198286836672130651e-01 4.579270401210065455e-01 6.530219450647793966e-01 9.562694388641290733e-01 3.975968727092947796e-01 4.149760114615694828e-01 4.237187335581253933e-01 5.080724106222012093e-01 6.839946225948775327e-01 4.203937567394857577e-01 4.236386540477649065e-01 0.000000000000000000e+00 6.662312801938359286e-01 6.957001235579535203e-01 3.546008358378672787e-01 3.460787761553349995e-01 5.185568628921146672e-01 5.820282972919954556e-01 4.738888157064861661e-01 4.847942091181433044e-01 9.395819299734633478e-01 6.282299945612342951e-01 8.039444445390921956e-01 6.645904080420147464e-01 7.851429838685045626e-01 4.494786770013565191e-01 8.864478690144390605e-01 7.839153751028282713e-01 6.979742125677170783e-01 6.259787741052074139e-01 5.153110593523461125e-01 2.869901704580009039e-01 4.412317026246762586e-01 7.339887670494673610e-01 8.934784135602242827e-01
9.635273719191395081e-01 3.357895217759505613e-01 4.396628604032868926e-01 8.369728366101223394e-01 6.243489789776561771e-01 7.835404044261283785e-01 9.236547419404035342e-01 3.659743590338153663e-01 5.792478560382232633e-01 5.323683962418144233e-01 8.231022101768883381e-01 6.662312801938359286e-01 0.000000000000000000e+00 7.415333832132289249e-01 7.437056888811126587e-01 5.197127426180456755e-01 5.883091782155983607e-01 3.621905789428971900e-01 3.814050543657310222e-01 9.619099651182824173e-01 6.148870260028045376e-01 5.972701894586486260e-01 9.215587067829555945e-01 5.258555113202336706e-01 5.079790966511814609e-01 6.693790881567474038e-01 2.719633224100285185e-01 6.969508940839997946e-01 4.198872063513481301e-01 5.180572696289593715e-01 6.636896749602556600e-01 4.942096997150631221e-01 7.527413607678542506e-01 9.247566898679949743e-01 3.971018326675940235e-01
4.358514632164128266e-01 4.625714105819422883e-01 4.226239171551238183e-01 7.696558327447650116e-01 7.560217850819301866e-01 2.174101456686307055e-01 9.455862950828815006e-01 2.409297540610928490e-01 5.983854826229988433e-01 5.710466000088183502e-01 5.481439195098094519e-01 6.957001235579535203e-01 7.415333832132289249e-01 0.000000000000000000e+00 1.872664856899973196e-01 7.989006242014948800e-01 4.258069123465130223e-01 4.867173978672306722e-01 6.416649752688246000e-01 4.725807899821989899e-01 7.612964310880288021e-01 4.689464068670949892e-01 1.071311409405962811e-01 4.363958731586785600e-01 4.229612304314850357e-01 7.724695626710305074e-01 3.031115713437532722e-01 2.096565061685672360e-01 5.846085481224684299e-01 3.582941113627357010e-01 7.182822409189125734e-01 5.818526434131630065e-01 3.051831899853597596e-01 5.482836357807110428e-01 5.013835128051882251e-01
1.371409582606307742e-01 3.755983393739029674e-01 5.240460873420416110e-01 8.900952348010896520e-01 6.970661240829720828e-01 3.636968872893085458e-01 5.093711663721700589e-01 3.893945980084258518e-01 1.934025392993283798e-01 3.888207021554751508e-01 9.036433835530333081e-01 3.546008358378672787e-01 7.437056888811126587e-01 1.872664856899973196e-01 0.000000000000000000e+00 4.735378969178375419e-01 4.931547634838407967e-01 4.077921263831893461e-01 8.478623849143129831e-01 4.055537459359413455e-01 6.511267067313553092e-01 3.353617006068702611e-01 3.688637499272898745e-01 7.346134850444534514e-01 5.424245820495355863e-01 5.580440717641715898e-01 7.457689667704366920e-01 7.861638383325053603e-02 9.274141456013158535e-01 7.990768003243127193e-01 9.268326093800023369e-01 7.751915764224595051e-01 5.921254458335248883e-01 8.233451855348796755e-01 7.175858397224064156e-01
6.604286938927533823e-01 7.498979908619531898e-01 4.773532203245453576e-01 7.372103455414735773e-02 6.801874232886251370e-01 6.941132869061483746e-01 5.974292319847628319e-01 5.243106972770033014e-01 3.943420096598200808e-01 3.450065482230271208e-01 9.365870032045153781e-02 3.460787761553349995e-01 5.197127426180456755e-01 7.989006242014948800e-01 4.735378969178375419e-01 0.000000000000000000e+00 7.788419490989229033e-01 3.080665674474366567e-01 3.278088906936523772e-01 5.344606905677040665e-01 2.709795797776005655e-01 7.172149851281572897e-02 1.840143196809295723e-01 5.455617301692465837e-01 1.809857117651803016e-02 4.908464677515722574e-02 2.955516774202899821e-01 7.227381086609193650e-01 3.718615663674854077e-01 4.008199772574246311e-01 3.863857943474617862e-01 5.660515473152031296e-01 5.108577056846458353e-01 8.432986405270277430e-01 5.143594455243096775e-01
6.528695999109741521e-01 1.277425776760308107e-01 2.743428741618160194e-01 5.161959388440540142e-01 8.012863850355238515e-01 5.127258915746824020e-01 4.705866782440066842e-01 6.764848858046954572e-01 5.315121159063156409e-01 4.483719227181042766e-01 6.950599914386755840e-01 5.185568628921146672e-01 5.883091782155983607e-01 4.258069123465130223e-01 4.931547634838407967e-01 7.788419490989229033e-01 0.000000000000000000e+00 4.058693087651968900e-01 2.175593832863629284e-01 9.220757102184696796e-01 4.637903132355415958e-01 2.875032075900691986e-01 2.287405212707487312e-01 7.594809753278899400e-01 4.362843372907173611e-01 3.831549092041496851e-01 7.256298174637572096e-01 5.437462814111776455e-01 5.624288741528447044e-01 5.964476027651361978e-01 4.589916348965454862e-01 7.942380162472350014e-01 5.876864978492468694e-01 6.034770221721657002e-01 3.041378279037724175e-01
2.088373462648787093e-01 8.951073578278483378e-01 5.222990358260566346e-01 6.570245002012187197e-01 7.351676860869449381e-01 4.349112852907904836e-01 7.534284002074075337e-01 4.832894664497349724e-01 6.098368633679247530e-01 2.249794377648153820e-01 1.194681483148380963e-01 5.820282972919954556e-01 3.621905789428971900e-01 4.867173978672306722e-01 4.077921263831893461e-01 3.080665674474366567e-01 4.058693087651968900e-01 0.000000000000000000e+00 2.884856251971731900e-01 4.951158222067384429e-01 6.243326283101511276e-01 6.774189908608005961e-01 4.717726173831399139e-01 3.827946022759348144e-01 3.551050031046956157e-01 7.062858057700016623e-01 8.177511386088949230e-01 9.189592797307437610e-01 3.694760238413230535e-01 4.550605637975763673e-01 3.769339118941451572e-01 2.811251170382694786e-01 7.122936956787768725e-01 5.116184242731875997e-01 5.668221162617954612e-01
3.504667879591891744e-01 4.239626791017823138e-01 1.033913870973679483e-01 3.846248402498367858e-01 4.969811495072241070e-01 5.922695032873903642e-01 5.186108469440586788e-01 4.415936221662010719e-01 8.762193052223994361e-01 6.519432136329342820e-01 8.461464181109665805e-01 4.738888157064861661e-01 3.814050543657310222e-01 6.416649752688246000e-01 8.478623849143129831e-01 3.278088906936523772e-01 2.175593832863629284e-01 2.884856251971731900e-01 0.000000000000000000e+00 2.323649776928894406e-01 5.541758304295032467e-01 7.145962358538460180e-01 5.372122476644523026e-01 4.407092035981018396e-01 4.031090610973062649e-01 6.705989772199711929e-01 4.641299880008177281e-01 6.630946661342047577e-01 5.561569618652537628e-01 4.781624400010753284e-02 3.213866389854265759e-01 4.534524293427719122e-01 4.250181678553082154e-01 4.170582739695080088e-01 4.685136878625892898e-01
5.362910819288533304e-01 8.110918990699381714e-01 3.456408476067013291e-01 8.780530140504294589e-01 8.954262166862381189e-01 5.600242782644477835e-01 5.407635809751070166e-01 4.035324101473240499e-01 5.292540033328713145e-01 7.288634300876518646e-01 6.161201575112447149e-01 4.847942091181433044e-01 9.619099651182824173e-01 4.725807899821989899e-01 4.055537459359413455e-01 5.344606905677040665e-01 9.220757102184696796e-01 4.951158222067384429e-01 2.323649776928894406e-01 0.000000000000000000e+00 4.755191530189816773e-01 9.720313805386863182e-01 6.260891798701517796e-01 1.190919893882984582e-01 7.275902533170536257e-01 3.582499108797548293e-01 4.991117864914002555e-01 7.589758780346013145e-01 1.411232363974843085e-01 5.405884143732420100e-01 1.763106418258637564e-01 8.842572154984567057e-01 4.287144930509889096e-01 5.857944321359147555e-01 8.603351452640537467e-01
4.360273083559583762e-01 4.514591441930638216e-01 5.998379809166052290e-01 5.394325674905615653e-01 5.401328403699011682e-01 9.938778183263408117e-02 6.008368475796743713e-01 2.628792366775109524e-01 3.353411386859610488e-01 3.377315601692826297e-01 5.736190813129316002e-01 9.395819299734633478e-01 6.148870260028045376e-01 7.612964310880288021e-01 6.511267067313553092e-01 2.709795797776005655e-01 4.637903132355415958e-01 6.243326283101511276e-01 5.541758304295032467e-01 4.755191530189816773e-01 0.000000000000000000e+00 6.783595121560834773e-01 4.148361189935946269e-01 5.156723509593362786e-01 7.960251827030609961e-01 8.448044740190101543e-01 4.784961128459412905e-01 7.717011817070689172e-01 7.380729586077392490e-01 4.664584361009448399e-01 5.489553266188034186e-01 6.467089782427137834e-02 3.368547727390143742e-01 5.542398534797478016e-01 4.594226994964407673e-01
7.734426295254570594e-02 3.960331781063214929e-01 4.404955654409643540e-01 1.855856300338331044e-01 7.278672049868073479e-02 7.859656220296875606e-01 7.753697018750471681e-01 4.153691464465681937e-01 4.346569496133794730e-01 8.278871218602101845e-01 7.524285044933476385e-01 6.282299945612342951e-01 5.972701894586486260e-01 4.689464068670949892e-01 3.353617006068702611e-01 7.172149851281572897e-02 2.875032075900691986e-01 6.774189908608005961e-01 7.145962358538460180e-01 9.720313805386863182e-01 6.783595121560834773e-01 0.000000000000000000e+00 8.287025478650397181e-01 2.848220216059860199e-01 1.161341155704831429e-01 4.767146290801527742e-01 3.049514325284836125e-01 4.864252433334680381e-01 2.981335272228409217e-01 5.500730439857171028e-01 1.210846583352450656e-01 7.035952787414568865e-01 5.184518335814389811e-01 4.059038412564786036e-01 5.613119382128306523e-01
2.884252624058968317e-01 2.878616136928840996e-01 6.930879162213161582e-01 3.522150892201375560e-01 1.783096776990324983e-01 8.445071819245910660e-01 5.296152878259599017e-01 2.224795303295127313e-01 5.123867135427049302e-01 4.675586827091629538e-01 3.483308777984824300e-01 8.039444445390921956e-01 9.215587067829555945e-01 1.071311409405962811e-01 3.688637499272898745e-01 1.840143196809295723e-01 2.287405212707487312e-01 4.717726173831399139e-01 5.372122476644523026e-01 6.260891798701517796e-01 4.148361189935946269e-01 8.287025478650397181e-01 0.000000000000000000e+00 1.256987828028351961e-01 2.249982079652484979e-01 6.231127019141919909e-01 5.911016474130874609e-01 8.430198192361343379e-01 5.378004931166842084e-01 4.699483545616951474e-01 4.268181910504550425e-01 5.794190662569440597e-01 8.444425488197230267e-01 5.418944738703717068e-01 8.174881168501113571e-02
5.152103127415739170e-01 3.508299361870287347e-01 6.933474592642823175e-01 1.926511286717194071e-01 7.180778367250850724e-01 7.692178862159093633e-01 3.048426696848482997e-01 5.257481331557110060e-01 7.542237992429471349e-01 7.072314159538293232e-01 3.870332538362757924e-01 6.645904080420147464e-01 5.258555113202336706e-01 4.363958731586785600e-01 7.346134850444534514e-01 5.455617301692465837e-01 7.594809753278899400e-01 3.827946022759348144e-01 4.407092035981018396e-01 1.190919893882984582e-01 5.156723509593362786e-01 2.848220216059860199e-01 1.256987828028351961e-01 0.000000000000000000e+00 8.437114289367275699e-01 7.650546916882985382e-01 3.344563734939394184e-01 7.259528334123628301e-01 6.464822300601248406e-01 6.531555446978842827e-01 7.908059493132273410e-01 6.870770889298016826e-02 3.687078779213759372e-02 8.486393437085480995e-01 8.543801290474113408e-01
7.621423068797845701e-01 7.217296932255414799e-01 9.708928377941763443e-01 1.455419064447760480e-01 5.195194664729450018e-01 1.166334031621449330e-01 5.732855015925679698e-01 5.915773892170340664e-01 5.914684404620976776e-01 3.843945261354300147e-01 7.043256570728977373e-01 7.851429838685045626e-01 5.079790966511814609e-01 4.229612304314850357e-01 5.424245820495355863e-01 1.809857117651803016e-02 4.362843372907173611e-01 3.551050031046956157e-01 4.031090610973062649e-01 7.275902533170536257e-01 7.960251827030609961e-01 1.161341155704831429e-01 2.249982079652484979e-01 8.437114289367275699e-01 0.000000000000000000e+00 6.427398734207123709e-01 4.857365407427290949e-01 9.023422982251454449e-01 4.427994915398405507e-01 4.963394520042849756e-01 5.419537080722870437e-01 5.424105696647812946e-01 3.051032923743601799e-01 5.049747219761022698e-01 9.072354464621728010e-01
3.573892247408295697e-01 2.410899835184282525e-01 7.584379922025519249e-02 8.577232434377854986e-01 9.204183013314027884e-01 2.171116114507772310e-01 8.488120901123985540e-01 5.383015538336948236e-01 6.383670255353148804e-01 6.876086762370561267e-01 6.543834862328653523e-01 4.494786770013565191e-01 6.693790881567474038e-01 7.724695626710305074e-01 5.580440717641715898e-01 4.908464677515722574e-02 3.831549092041496851e-01 7.062858057700016623e-01 6.705989772199711929e-01 3.582499108797548293e-01 8.448044740190101543e-01 4.767146290801527742e-01 6.231127019141919909e-01 7.650546916882985382e-01 6.427398734207123709e-01 0.000000000000000000e+00 9.482822408497553202e-01 4.769357089880619238e-01 7.697724888669610355e-01 4.691752591000505901e-01 4.275305250078516028e-01 5.429481414088553892e-01 5.305676076824392684e-01 5.550378143175555001e-01 6.759455738761703802e-01
9.442449079059713757e-01 3.627371734991938768e-01 7.052835870080764735e-01 7.842030273552480502e-01 3.324029721665084924e-01 5.939434344692131607e-01 4.696031631535654283e-01 7.335281862764793104e-01 4.322002647249119089e-01 3.654456287845280205e-01 6.105641140886789442e-01 8.864478690144390605e-01 2.719633224100285185e-01 3.031115713437532722e-01 7.457689667704366920e-01 2.955516774202899821e-01 7.256298174637572096e-01 8.177511386088949230e-01 4.641299880008177281e-01 4.991117864914002555e-01 4.784961128459412905e-01 3.049514325284836125e-01 5.911016474130874609e-01 3.344563734939394184e-01 4.857365407427290949e-01 9.482822408497553202e-01 0.000000000000000000e+00 5.556122311988420659e-01 5.406363562060580996e-01 1.279253526778167949e-01 9.254817194542552805e-01 5.020559919501554891e-02 7.211355518937254683e-01 4.981035125259414276e-01 4.617698872209672900e-01
7.139556364469299421e-01 5.210143827030174757e-01 8.656841744351850831e-01 3.653555840525446463e-01 3.962133286549464617e-01 3.480597795236630709e-01 2.745028804104643338e-01 4.715333802784776318e-01 2.087362906579013355e-01 9.974288747146624612e-01 8.413898619770703302e-01 7.839153751028282713e-01 6.969508940839997946e-01 2.096565061685672360e-01 7.861638383325053603e-02 7.227381086609193650e-01 5.437462814111776455e-01 9.189592797307437610e-01 6.630946661342047577e-01 7.589758780346013145e-01 7.717011817070689172e-01 4.864252433334680381e-01 8.430198192361343379e-01 7.259528334123628301e-01 9.023422982251454449e-01 4.769357089880619238e-01 5.556122311988420659e-01 0.000000000000000000e+00 5.210978539810888766e-01 8.910975157650162792e-01 4.159745780399418669e-01 4.594835204573490262e-01 4.554555024772374283e-01 9.035382511586115273e-01 1.346937066075307721e-01
5.759320573212972638e-01 6.263764473063283544e-01 8.650072738911216419e-01 1.904819915891337034e-01 2.334733074672974418e-01 6.360389051190711296e-01 6.725789307892056090e-01 7.238282836893479288e-01 8.026819125362830709e-01 4.619995567389771907e-01 7.910190704499253656e-01 6.979742125677170783e-01 4.198872063513481301e-01 5.846085481224684299e-01 9.274141456013158535e-01 3.718615663674854077e-01 5.624288741528447044e-01 3.694760238413230535e-01 5.561569618652537628e-01 1.411232363974843085e-01 7.380729586077392490e-01 2.981335272228409217e-01 5.378004931166842084e-01 6.464822300601248406e-01 4.427994915398405507e-01 7.697724888669610355e-01 5.406363562060580996e-01 5.210978539810888766e-01 0.000000000000000000e+00 6.701643754056576530e-01 3.664159776934013957e-01 8.524472358104606684e-01 2.491699458944292012e-01 7.355582710361032728e-01 8.619176764932213741e-01
4.106619352137244605e-01 4.722012450526047456e-02 3.783114607473344604e-01 7.573353842679987347e-01 6.526166735477518799e-01 7.661598897311803213e-01 3.613633834565874725e-01 4.733943795171685620e-01 5.843565858126877899e-01 8.134935734763448778e-01 8.054496250590237327e-02 6.259787741052074139e-01 5.180572696289593715e-01 3.582941113627357010e-01 7.990768003243127193e-01 4.008199772574246311e-01 5.964476027651361978e-01 4.550605637975763673e-01 4.781624400010753284e-02 5.405884143732420100e-01 4.664584361009448399e-01 5.500730439857171028e-01 4.699483545616951474e-01 6.531555446978842827e-01 4.963394520042849756e-01 4.691752591000505901e-01 1.279253526778167949e-01 8.910975157650162792e-01 6.701643754056576530e-01 0.000000000000000000e+00 9.110747712290978573e-02 6.662553082071431820e-02 7.116665722582107279e-01 7.559242647544146543e-01 7.760291068352240806e-01
1.629994761608659637e-01 3.529150811415707745e-01 2.074072583620475974e-01 2.459247954688453808e-01 4.144806974448457249e-01 1.329957383703369578e-01 7.992783677966424083e-01 9.153218694061597827e-01 6.933612443417365157e-01 5.695533418320851693e-01 5.095263847421704906e-01 5.153110593523461125e-01 6.636896749602556600e-01 7.182822409189125734e-01 9.268326093800023369e-01 3.863857943474617862e-01 4.589916348965454862e-01 3.769339118941451572e-01 3.213866389854265759e-01 1.763106418258637564e-01 5.489553266188034186e-01 1.210846583352450656e-01 4.268181910504550425e-01 7.908059493132273410e-01 5.419537080722870437e-01 4.275305250078516028e-01 9.254817194542552805e-01 4.159745780399418669e-01 3.664159776934013957e-01 9.110747712290978573e-02 0.000000000000000000e+00 6.926508814296508110e-01 9.238614233826735189e-01 4.076782525369918586e-01 4.614931671437145777e-01
8.926189542450859715e-01 2.697582311937428701e-01 7.736424180075360812e-01 3.433307374370966336e-01 3.613348402035789775e-01 1.945496636908281007e-01 7.485720001093367770e-01 8.222493433323894152e-01 8.512634780225891706e-01 2.724425339020230541e-01 5.155982529394217417e-01 2.869901704580009039e-01 4.942096997150631221e-01 5.818526434131630065e-01 7.751915764224595051e-01 5.660515473152031296e-01 7.942380162472350014e-01 2.811251170382694786e-01 4.534524293427719122e-01 8.842572154984567057e-01 6.467089782427137834e-02 7.035952787414568865e-01 5.794190662569440597e-01 6.870770889298016826e-02 5.424105696647812946e-01 5.429481414088553892e-01 5.020559919501554891e-02 4.594835204573490262e-01 8.524472358104606684e-01 6.662553082071431820e-02 6.926508814296508110e-01 0.000000000000000000e+00 7.864075102450678312e-01 5.202819149359950712e-01 6.548836615397299887e-01
5.185569721662409703e-01 2.040483661244353319e-01 7.832371459729241536e-01 7.446506560723271662e-01 5.935507446138621468e-01 7.598951607391903895e-01 3.515191441697272934e-01 5.923504223359250531e-01 6.264887376514287620e-01 8.779496808933870966e-01 2.209084357249821995e-01 4.412317026246762586e-01 7.527413607678542506e-01 3.051831899853597596e-01 5.921254458335248883e-01 5.108577056846458353e-01 5.876864978492468694e-01 7.122936956787768725e-01 4.250181678553082154e-01 4.287144930509889096e-01 3.368547727390143742e-01 5.184518335814389811e-01 8.444425488197230267e-01 3.687078779213759372e-02 3.051032923743601799e-01 5.305676076824392684e-01 7.211355518937254683e-01 4.554555024772374283e-01 2.491699458944292012e-01 7.116665722582107279e-01 9.238614233826735189e-01 7.864075102450678312e-01 0.000000000000000000e+00 4.444153045276370007e-01 5.655760119931918517e-02
8.505364639996007003e-01 5.268712567919346945e-01 6.606838249222752868e-01 4.989709134342441565e-01 8.198385863321757672e-01 7.053988218119033871e-01 5.559640976080368890e-01 6.061659700500781067e-01 5.294224748622016197e-01 4.107187048684929898e-01 3.035500984910661781e-01 7.339887670494673610e-01 9.247566898679949743e-01 5.482836357807110428e-01 8.233451855348796755e-01 8.432986405270277430e-01 6.034770221721657002e-01 5.116184242731875997e-01 4.170582739695080088e-01 5.857944321359147555e-01 5.542398534797478016e-01 4.059038412564786036e-01 5.418944738703717068e-01 8.486393437085480995e-01 5.049747219761022698e-01 5.550378143175555001e-01 4.981035125259414276e-01 9.035382511586115273e-01 7.355582710361032728e-01 7.559242647544146543e-01 4.076782525369918586e-01 5.202819149359950712e-01 4.444153045276370007e-01 0.000000000000000000e+00 4.958841082715195192e-01
8.541510759713054624e-01 5.098978934446192213e-01 6.797148364289147260e-01 8.087231687074490916e-01 5.685802009394835821e-01 6.767589470383668093e-01 4.735094672547661698e-01 5.065190340626977150e-01 5.154510610796618764e-01 6.096619600375143833e-01 5.203466627434063518e-01 8.934784135602242827e-01 3.971018326675940235e-01 5.013835128051882251e-01 7.175858397224064156e-01 5.143594455243096775e-01 3.041378279037724175e-01 5.668221162617954612e-01 4.685136878625892898e-01 8.603351452640537467e-01 4.594226994964407673e-01 5.613119382128306523e-01 8.174881168501113571e-02 8.543801290474113408e-01 9.072354464621728010e-01 6.759455738761703802e-01 4.617698872209672900e-01 1.346937066075307721e-01 8.619176764932213741e-01 7.760291068352240806e-01 4.614931671437145777e-01 6.548836615397299887e-01 5.655760119931918517e-02 4.958841082715195192e-01 0.000000000000000000e+00
