0.000000000000000000e+00 6.324917319787746184e-01 7.148115225178905963e-01 4.420257485710126222e-01 6.464844966994965914e-01 7.894240588604045650e-01 5.330024265843941178e-01 6.875082261866750644e-01 4.410381792358782915e-01 4.749879694121055262e-01 8.203969902426305749e-01 8.393884104163746862e-01 6.653539155499872404e-01 7.971303123135957680e-01 3.721184348076950199e-01 8.985506949336943272e-01 6.836629166295359328e-01 4.848873629120544759e-01 8.243516743569367922e-02 5.082468489279221568e-01 4.461132867355946940e-01 9.256206058938942771e-01 5.975126022442218687e-01 7.749533643970101249e-01 7.421818659087295877e-01 3.801125460855918070e-01 9.070429398629393791e-01 3.306773758884707370e-01 6.753629487057620784e-01 4.084616147737053504e-01 6.177757536015164863e-01 2.612163912005488475e-01 4.292663869216716277e-01 3.248354306747623377e-01 8.514124867815336950e-01
6.324917319787746184e-01 0.000000000000000000e+00 5.886544157833600854e-01 3.547332463575865180e-01 4.644429770090762744e-01 6.489207870237012621e-01 4.128725374906703216e-01 7.141488119492812592e-01 3.945159066508730494e-01 5.722813682871198404e-01 7.784368395320787615e-01 4.354424814044498548e-01 6.013616185469083941e-01 7.026605747772523003e-01 6.497177493840825546e-01 6.628125188651139421e-01 4.496262053854616636e-01 8.012043328189337732e-01 1.606024392174671966e-01 3.754863169074069140e-01 9.519040260371429696e-01 7.736527608222999453e-01 5.978210384694410129e-01 7.472515927567524585e-01 4.593125456829996178e-01 4.588532841147199837e-01 2.416686888170789249e-01 2.860770835343857676e-01 3.566662200546913408e-01 7.613714112834597536e-01 5.740401854365493328e-01 4.828484815066287905e-01 7.603220990720223060e-01 6.206798241727098375e-01 8.534618466946324311e-01
7.148115225178905963e-01 5.886544157833600854e-01 0.000000000000000000e+00 8.021255456956100094e-01 8.022635846594448061e-01 7.178972184017762270e-01 7.817023168088962359e-01 7.559466660204651189e-01 6.280904440820971324e-01 6.362877776599482615e-01 5.520526314715032967e-01 3.406825592358344590e-01 6.391000581138859271e-01 7.103590322340100904e-01 4.787179981119645267e-01 6.672851437737371549e-01 6.419728812057947653e-01 5.142202724000122238e-01 8.985860675253666274e-01 3.370141676193989522e-01 6.775007597997531050e-01 1.752113589367157998e-01 5.459338468005128231e-01 4.786443294422897399e-01 2.789447257178858663e-01 5.981119481046750508e-01 5.810030708765304697e-01 6.667685770283164892e-01 5.727750236256381466e-01 7.360490748080199541e-01 4.351407165221347073e-01 3.755869711129139477e-01 7.024856108050074877e-01 5.564618252147129907e-01 2.397938819852106773e-01
4.420257485710126222e-01 3.547332463575865180e-01 8.021255456956100094e-01 0.000000000000000000e+00 2.973117982962684147e-01 5.977973125341833338e-01 4.248530933921507158e-01 4.340766214692551306e-01 1.988493488046020330e-01 1.746290343586504035e-01 7.312690210695117488e-01 2.199826204185389711e-01 7.650473455231188158e-01 4.585818299387862118e-01 4.811287606595981980e-01 7.715332382091593111e-01 4.563379324963479089e-02 7.408067924559047501e-01 4.850783778346147157e-01 3.474457595904821838e-01 6.092610055188771856e-01 3.190210551557669527e-01 9.058521518686263319e-01 7.895338950826999991e-01 6.259310776254991548e-01 6.993874909289956587e-01 4.262598480809923762e-01 6.740969592781184128e-01 9.392876399087336514e-01 5.606339487776843544e-01 3.297580805672712945e-01 5.593317653408220735e-01 5.096545029133562332e-01 3.746698302011597370e-02 4.771875084535284750e-01
6.464844966994965914e-01 4.644429770090762744e-01 8.022635846594448061e-01 2.973117982962684147e-01 0.000000000000000000e+00 4.875876222292788720e-01 1.217360893782929443e-01 4.843339095974487640e-01 1.987982565628316767e-01 7.063000046325963455e-01 9.293860366560710018e-01 4.948725499578673914e-01 5.064378029945524329e-01 7.496980711865048885e-01 7.054753705749894355e-01 4.380457201024582359e-01 1.288562816652693011e-01 6.509220069791908925e-01 1.234031302514424500e-01 6.153759725888556797e-01 5.085569328878236650e-01 6.733616427067512511e-01 4.582012937179857359e-01 8.261539906129736766e-01 6.577871554650676078e-01 6.145182960933797123e-01 8.687023047075094206e-01 1.430557512208474602e-01 4.279595916674525657e-01 8.512532300558188769e-01 4.272247858705093826e-01 4.185304131305448982e-01 4.384543752045862441e-01 4.737039658449496149e-01 7.980149771103102196e-01
7.894240588604045650e-01 6.489207870237012621e-01 7.178972184017762270e-01 5.977973125341833338e-01 4.875876222292788720e-01 0.000000000000000000e+00 8.473481897718897482e-01 6.443111666052552255e-01 3.546289005963128016e-01 8.332678487635247766e-01 4.822070614533424671e-01 7.456906540726355725e-01 3.915108345681262980e-01 8.713756116221775816e-01 4.591227495520068258e-01 2.200079949107507093e-01 4.560893270133370980e-01 9.435055116194268621e-01 7.917878599862533395e-01 8.496908009534411832e-01 4.789056180139596997e-01 9.215010994150725221e-01 2.465695524575695075e-02 9.592324040126882778e-01 8.354193020101238210e-01 7.652422467477867363e-01 4.649464688614400876e-01 3.015299290746505934e-01 2.515656338884962873e-01 8.853894194964070374e-01 2.389099529524659760e-01 7.732643194113084650e-01 7.760532264604138586e-01 7.767495107792465880e-01 4.753107676958940320e-01
5.330024265843941178e-01 4.128725374906703216e-01 7.817023168088962359e-01 4.248530933921507158e-01 1.217360893782929443e-01 8.473481897718897482e-01 0.000000000000000000e+00 4.523037314463550507e-01 6.833278430837124162e-01 8.838378748606549040e-01 4.786819729186272410e-01 8.596124217316940541e-01 1.719912838238665254e-01 8.363645512378602431e-01 6.209145687024818505e-01 8.919646567175659735e-01 3.255986320449784088e-01 8.659595380942567422e-01 5.527910598198783054e-01 1.839743228597114366e-01 6.125513376058930870e-01 4.959142984043198310e-01 5.595419674193704562e-01 9.601619165796653199e-01 3.449130471235771767e-01 6.719529609670797932e-01 6.886177936627421170e-01 3.620294283182454720e-01 6.637776702919331306e-01 6.335039917142810673e-01 4.546774307400457960e-01 6.938723655545259161e-01 7.428886543958179711e-02 9.386074749280206575e-01 6.172789310850196332e-01
6.875082261866750644e-01 7.141488119492812592e-01 7.559466660204651189e-01 4.340766214692551306e-01 4.843339095974487640e-01 6.443111666052552255e-01 4.523037314463550507e-01 0.000000000000000000e+00 3.527000058787925774e-01 1.289642716945501588e-01 1.182005840653572726e-01 5.111387447810920026e-01 9.136950077484151667e-01 6.388507002042563832e-01 9.785094473701553275e-01 6.893807789731030145e-01 8.335956183846250367e-01 2.973641045937281957e-01 6.330416414102694178e-01 5.085727116234357581e-01 4.951488030839306664e-01 3.899148842414651983e-01 4.198486170226642389e-01 6.428949985160421488e-01 3.091806509559904548e-01 4.171463854679677841e-01 4.580113702976558177e-01 5.791914841484535614e-01 7.779682867662085499e-01 7.863822973371508152e-01 5.478089260382571490e-01 4.924977385217222392e-01 7.463355343652219309e-01 4.949775423352610337e-01 2.820881606502412819e-01
4.410381792358782915e-01 3.945159066508730494e-01 6.280904440820971324e-01 1.988493488046020330e-01 1.987982565628316767e-01 3.546289005963128016e-01 6.833278430837124162e-01 3.527000058787925774e-01 0.000000000000000000e+00 6.376066590646898291e-01 1.407536563183781064e-01 5.930202040545659026e-01 8.844771194926178692e-01 5.367254255175610833e-01 7.043946503497242606e-01 8.804261851875098133e-01 5.816125563225063022e-01 4.323179393873800569e-01 5.502774676208789240e-01 9.684933704986242731e-02 7.430508093721099883e-01 5.349540581155944885e-01 3.402982865863741768e-01 4.901173503329045444e-01 3.229972500907513089e-01 4.393405200468286642e-01 7.646200675254604118e-01 6.691883256595785312e-01 3.982426068799818641e-01 8.337157766686063010e-01 4.292153638115798753e-01 7.108059346641206755e-01 4.308743131507941082e-01 8.447027943016753859e-01 3.290820603327566096e-01
4.749879694121055262e-01 5.722813682871198404e-01 6.362877776599482615e-01 1.746290343586504035e-01 7.063000046325963455e-01 8.332678487635247766e-01 8.838378748606549040e-01 1.289642716945501588e-01 6.376066590646898291e-01 0.000000000000000000e+00 7.675599849422249932e-01 3.916162048015449093e-01 8.868918030591262935e-01 3.731515660856320471e-01 8.129390678633741096e-01 3.824038281167682629e-01 8.120273115723177781e-01 5.417211603243295981e-01 5.159115739924216015e-01 3.993093810635006680e-02 6.872081703281853748e-01 7.036767998501740617e-01 9.279009341605074512e-01 2.544205522993024937e-01 6.097110057043264586e-02 3.885830283065088153e-01 9.447134185819212604e-01 7.748422140322549501e-01 4.382666370465831407e-01 2.297534017340443491e-01 4.146616359913538052e-01 5.553032838579536890e-01 6.557505044783511483e-01 7.814544814685042695e-01 8.001728034976511861e-01
8.203969902426305749e-01 7.784368395320787615e-01 5.520526314715032967e-01 7.312690210695117488e-01 9.293860366560710018e-01 4.822070614533424671e-01 4.786819729186272410e-01 1.182005840653572726e-01 1.407536563183781064e-01 7.675599849422249932e-01 0.000000000000000000e+00 6.067774845827272889e-01 4.222614231326513035e-01 9.189122933959411599e-01 7.093415109984488875e-01 6.129258701937205789e-01 6.369643349473079752e-01 4.664346151706898480e-01 3.333388473002192876e-01 7.918704351228025295e-01 2.115524408393183176e-01 3.768646664666400747e-01 7.953707231997180216e-01 8.634118395982812721e-01 6.401502232389775227e-01 6.597046406484807779e-01 3.119696421340765191e-01 4.313196572721572641e-01 8.306508879867431361e-01 6.680180143336700294e-02 4.794094931720686570e-01 7.205318562650894210e-01 9.252081340376521190e-01 1.616914479710043206e-01 6.633667195897374746e-01
8.393884104163746862e-01 4.354424814044498548e-01 3.406825592358344590e-01 2.199826204185389711e-01 4.948725499578673914e-01 7.456906540726355725e-01 8.596124217316940541e-01 5.111387447810920026e-01 5.930202040545659026e-01 3.916162048015449093e-01 6.067774845827272889e-01 0.000000000000000000e+00 3.119171285852206932e-01 6.434850146176840369e-01 5.676171885910672454e-01 7.899887240305106806e-01 4.319580439581260922e-02 6.862377145126477007e-01 1.620419384468360091e-01 4.806709823092959466e-01 2.524949455692471201e-01 2.019714817624167491e-01 8.813217080532045333e-01 5.589805223597639205e-01 9.399622279573199846e-01 2.500013350741265850e-01 7.018788956445667360e-01 6.497986895829324094e-01 8.543716623972141821e-01 4.921021910953282674e-01 5.513496446264366524e-01 6.135559014982823189e-01 6.104472240729423849e-01 5.472328351534179181e-01 4.845373071520189256e-01
6.653539155499872404e-01 6.013616185469083941e-01 6.391000581138859271e-01 7.650473455231188158e-01 5.064378029945524329e-01 3.915108345681262980e-01 1.719912838238665254e-01 9.136950077484151667e-01 8.844771194926178692e-01 8.868918030591262935e-01 4.222614231326513035e-01 3.119171285852206932e-01 0.000000000000000000e+00 4.063603961832961131e-01 9.471867374058429156e-01 5.055411599839221282e-01 4.112889726048443162e-01 8.668828287839374092e-01 6.009665435325330929e-01 3.309569282722197303e-01 9.715622262673482279e-01 8.857283252772180093e-01 2.981977942986915875e-01 8.297625070725991314e-01 3.921011242609966363e-01 1.438461254608751627e-01 9.274335433340304968e-01 8.591586374429582840e-01 7.076577461727888707e-01 3.964247628581607508e-01 8.185883346329612120e-01 7.656236679476462470e-01 7.410097934519083163e-01 9.485257497942474192e-01 9.149920447083165209e-01
7.971303123135957680e-01 7.026605747772523003e-01 7.103590322340100904e-01 4.585818299387862118e-01 7.496980711865048885e-01 8.713756116221775816e-01 8.363645512378602431e-01 6.388507002042563832e-01 5.367254255175610833e-01 3.731515660856320471e-01 9.189122933959411599e-01 6.434850146176840369e-01 4.063603961832961131e-01 0.000000000000000000e+00 5.085780555870392794e-01 5.931215288280471398e-01 1.184072671063226556e-01 7.606607105500344801e-01 7.341712502336958934e-01 4.838861801975801180e-01 5.008876664405483847e-01 5.854352356837888571e-01 1.740560625251038607e-01 5.396978511142777046e-01 8.062534807845188611e-01 1.909631324684012421e-01 8.230372655957649553e-01 4.896236855400176724e-01 5.474684883225867660e-01 3.817097859953090255e-01 7.571921096846416788e-01 5.207984051165179817e-01 4.105946597021205569e-01 5.712101185816115256e-01 7.036851266744688083e-01
3.721184348076950199e-01 6.497177493840825546e-01 4.787179981119645267e-01 4.811287606595981980e-01 7.054753705749894355e-01 4.591227495520068258e-01 6.209145687024818505e-01 9.785094473701553275e-01 7.043946503497242606e-01 8.129390678633741096e-01 7.093415109984488875e-01 5.676171885910672454e-01 9.471867374058429156e-01 5.085780555870392794e-01 0.000000000000000000e+00 4.838384066245997595e-01 4.552402707760462852e-01 4.944611981303488335e-01 3.303637942192968469e-01 5.533032435947418115e-01 3.116220197874449149e-01 2.528057380022592504e-01 6.435519525551998132e-01 7.106401409002662817e-01 1.152041475750779087e-01 5.405297787402401077e-01 8.649938143069385577e-01 5.342787390620484800e-01 2.423538237235804971e-01 5.146341956877936719e-01 7.369390732879685935e-01 2.565058173185644774e-01 7.562683842355438779e-01 8.145431445936546222e-02 4.732813235370393334e-01
8.985506949336943272e-01 6.628125188651139421e-01 6.672851437737371549e-01 7.715332382091593111e-01 4.380457201024582359e-01 2.200079949107507093e-01 8.919646567175659735e-01 6.893807789731030145e-01 8.804261851875098133e-01 3.824038281167682629e-01 6.129258701937205789e-01 7.899887240305106806e-01 5.055411599839221282e-01 5.931215288280471398e-01 4.838384066245997595e-01 0.000000000000000000e+00 4.906792950353581761e-01 5.006241013752701363e-01 5.974706664194542327e-01 9.100786266641570643e-01 3.642061063489807626e-01 8.767647197491172939e-01 6.358396204172505062e-01 3.330472623020568346e-01 5.025927445403857163e-01 3.236681860026707769e-01 5.079302939472601919e-01 4.907211630939417035e-01 9.093710744546961156e-01 8.626672672804081010e-01 8.607215166764312642e-01 2.019102592320206613e-01 4.608738665603679396e-01 3.027745203311565936e-01 9.627902988616018343e-01
6.836629166295359328e-01 4.496262053854616636e-01 6.419728812057947653e-01 4.563379324963479089e-02 1.288562816652693011e-01 4.560893270133370980e-01 3.255986320449784088e-01 8.335956183846250367e-01 5.816125563225063022e-01 8.120273115723177781e-01 6.369643349473079752e-01 4.319580439581260922e-02 4.112889726048443162e-01 1.184072671063226556e-01 4.552402707760462852e-01 4.906792950353581761e-01 0.000000000000000000e+00 6.929850993137782744e-01 5.850265051504517366e-01 8.199208940570290594e-01 6.803597097795479609e-01 1.163993957529494416e-01 3.733272063676645880e-01 5.033671407091107053e-01 7.811827243552518230e-01 1.135822850586494237e-01 4.580537084117590751e-01 6.409236447094098788e-01 7.137430125532349123e-01 6.512839186812211523e-01 8.448869281681918864e-01 5.279627687495483945e-01 8.851351727724465768e-02 1.632633463349596470e-01 4.573460776444637221e-01
4.848873629120544759e-01 8.012043328189337732e-01 5.142202724000122238e-01 7.408067924559047501e-01 6.509220069791908925e-01 9.435055116194268621e-01 8.659595380942567422e-01 2.973641045937281957e-01 4.323179393873800569e-01 5.417211603243295981e-01 4.664346151706898480e-01 6.862377145126477007e-01 8.668828287839374092e-01 7.606607105500344801e-01 4.944611981303488335e-01 5.006241013752701363e-01 6.929850993137782744e-01 0.000000000000000000e+00 7.764520489398383241e-01 8.263746038901398361e-02 3.732097190141378529e-01 1.764278787191281284e-01 4.984225270442428912e-01 4.337394908965536144e-01 9.322214815146769862e-01 8.023220359855133266e-01 4.278357111940482294e-01 8.281280550480794034e-01 4.106891290701549790e-01 6.279231646233334185e-01 4.279221455107300454e-01 4.958174843290739098e-01 1.720718381753432169e-01 4.859891319273477728e-01 3.018332442548545269e-01
8.243516743569367922e-02 1.606024392174671966e-01 8.985860675253666274e-01 4.850783778346147157e-01 1.234031302514424500e-01 7.917878599862533395e-01 5.527910598198783054e-01 6.330416414102694178e-01 5.502774676208789240e-01 5.159115739924216015e-01 3.333388473002192876e-01 1.620419384468360091e-01 6.009665435325330929e-01 7.341712502336958934e-01 3.303637942192968469e-01 5.974706664194542327e-01 5.850265051504517366e-01 7.764520489398383241e-01 0.000000000000000000e+00 7.001058043148717935e-01 4.444678998552563653e-01 5.115054062706514415e-01 4.029969411375383670e-01 8.405971068363202736e-01 4.153802333629398325e-01 5.675055223190368370e-01 4.991138371041807797e-01 9.323847324599754405e-02 4.543840833898915021e-01 8.186372663708376685e-01 8.085158776336153208e-01 6.126390692057983589e-01 4.808307231835983186e-01 2.373929766933691177e-02 3.893334142025358657e-01
5.082468489279221568e-01 3.754863169074069140e-01 3.370141676193989522e-01 3.474457595904821838e-01 6.153759725888556797e-01 8.496908009534411832e-01 1.839743228597114366e-01 5.085727116234357581e-01 9.684933704986242731e-02 3.993093810635006680e-02 7.918704351228025295e-01 4.806709823092959466e-01 3.309569282722197303e-01 4.838861801975801180e-01 5.533032435947418115e-01 9.100786266641570643e-01 8.199208940570290594e-01 8.263746038901398361e-02 7.001058043148717935e-01 0.000000000000000000e+00 4.699976088981659417e-01 5.191946345491103010e-01 4.033994603044409599e-01 6.924663217319003694e-01 5.903629061463206984e-01 4.136757626648723818e-01 4.727696628466870887e-01 3.957443070077857339e-01 8.502372342736876920e-01 8.659042133257267571e-01 5.480162348746826506e-01 4.675609750035263912e-01 4.312006482379054928e-01 3.620372912108528740e-01 3.430556215171588486e-01
4.461132867355946940e-01 9.519040260371429696e-01 6.775007597997531050e-01 6.092610055188771856e-01 5.085569328878236650e-01 4.789056180139596997e-01 6.125513376058930870e-01 4.951488030839306664e-01 7.430508093721099883e-01 6.872081703281853748e-01 2.115524408393183176e-01 2.524949455692471201e-01 9.715622262673482279e-01 5.008876664405483847e-01 3.116220197874449149e-01 3.642061063489807626e-01 6.803597097795479609e-01 3.732097190141378529e-01 4.444678998552563653e-01 4.699976088981659417e-01 0.000000000000000000e+00 8.841125105709495280e-01 7.801024163568273107e-01 6.770139716958760712e-01 6.768497603762972936e-01 6.191337901719450310e-01 4.790456242802278997e-01 5.142069149475028134e-01 7.963896137816803833e-01 9.310070703418267257e-01 4.761126778022337636e-01 4.025975191333450720e-01 7.425064175521467469e-02 2.303775084726433775e-01 4.654392715616565979e-01
9.256206058938942771e-01 7.736527608222999453e-01 1.752113589367157998e-01 3.190210551557669527e-01 6.733616427067512511e-01 9.215010994150725221e-01 4.959142984043198310e-01 3.899148842414651983e-01 5.349540581155944885e-01 7.036767998501740617e-01 3.768646664666400747e-01 2.019714817624167491e-01 8.857283252772180093e-01 5.854352356837888571e-01 2.528057380022592504e-01 8.767647197491172939e-01 1.163993957529494416e-01 1.764278787191281284e-01 5.115054062706514415e-01 5.191946345491103010e-01 8.841125105709495280e-01 0.000000000000000000e+00 3.095781619074670088e-01 6.039931576145086689e-01 6.314654639681073212e-01 3.445584505877541392e-01 1.666922499263455704e-01 6.586568564853431118e-01 4.109265720193681082e-01 6.495688617672632503e-01 3.650217431763174147e-01 1.059004587811325226e-01 5.622716485287199140e-01 7.837078579201828266e-01 5.426741078150620901e-01
5.975126022442218687e-01 5.978210384694410129e-01 5.459338468005128231e-01 9.058521518686263319e-01 4.582012937179857359e-01 2.465695524575695075e-02 5.595419674193704562e-01 4.198486170226642389e-01 3.402982865863741768e-01 9.279009341605074512e-01 7.953707231997180216e-01 8.813217080532045333e-01 2.981977942986915875e-01 1.740560625251038607e-01 6.435519525551998132e-01 6.358396204172505062e-01 3.733272063676645880e-01 4.984225270442428912e-01 4.029969411375383670e-01 4.033994603044409599e-01 7.801024163568273107e-01 3.095781619074670088e-01 0.000000000000000000e+00 5.748096149584076553e-01 3.330846058512186847e-01 2.192500963702997685e-01 9.522603845421573343e-01 3.676681027551519376e-01 2.982998128990764775e-01 4.505651173749415372e-01 5.433260579392111822e-01 7.759316425774560599e-01 3.317752445515784743e-01 3.412007094673528140e-01 4.089725707932705401e-01
7.749533643970101249e-01 7.472515927567524585e-01 4.786443294422897399e-01 7.895338950826999991e-01 8.261539906129736766e-01 9.592324040126882778e-01 9.601619165796653199e-01 6.428949985160421488e-01 4.901173503329045444e-01 2.544205522993024937e-01 8.634118395982812721e-01 5.589805223597639205e-01 8.297625070725991314e-01 5.396978511142777046e-01 7.106401409002662817e-01 3.330472623020568346e-01 5.033671407091107053e-01 4.337394908965536144e-01 8.405971068363202736e-01 6.924663217319003694e-01 6.770139716958760712e-01 6.039931576145086689e-01 5.748096149584076553e-01 0.000000000000000000e+00 7.463137418423035907e-01 7.592912059301794026e-01 8.322796634187318299e-01 5.198422490798840778e-01 8.155371222605289905e-01 4.006599093908855269e-01 2.641114777905777533e-01 4.383018478217371450e-01 5.208348724483724546e-01 4.086422554767808468e-01 3.548851620716185762e-01
7.421818659087295877e-01 4.593125456829996178e-01 2.789447257178858663e-01 6.259310776254991548e-01 6.577871554650676078e-01 8.354193020101238210e-01 3.449130471235771767e-01 3.091806509559904548e-01 3.229972500907513089e-01 6.097110057043264586e-02 6.401502232389775227e-01 9.399622279573199846e-01 3.921011242609966363e-01 8.062534807845188611e-01 1.152041475750779087e-01 5.025927445403857163e-01 7.811827243552518230e-01 9.322214815146769862e-01 4.153802333629398325e-01 5.903629061463206984e-01 6.768497603762972936e-01 6.314654639681073212e-01 3.330846058512186847e-01 7.463137418423035907e-01 0.000000000000000000e+00 7.690023219426496137e-01 7.305942615490447212e-01 8.115145382357336068e-02 6.138247644205468978e-01 4.080127436964048337e-01 7.153327012311796462e-01 7.640085424463283204e-02 3.942409739564146087e-01 6.364061635188608124e-01 7.365911342115889493e-01
3.801125460855918070e-01 4.588532841147199837e-01 5.981119481046750508e-01 6.993874909289956587e-01 6.145182960933797123e-01 7.652422467477867363e-01 6.719529609670797932e-01 4.171463854679677841e-01 4.393405200468286642e-01 3.885830283065088153e-01 6.597046406484807779e-01 2.500013350741265850e-01 1.438461254608751627e-01 1.909631324684012421e-01 5.405297787402401077e-01 3.236681860026707769e-01 1.135822850586494237e-01 8.023220359855133266e-01 5.675055223190368370e-01 4.136757626648723818e-01 6.191337901719450310e-01 3.445584505877541392e-01 2.192500963702997685e-01 7.592912059301794026e-01 7.690023219426496137e-01 0.000000000000000000e+00 4.754459471300455098e-01 4.930086378529278668e-01 4.544443984949727566e-01 5.160309212603897411e-01 4.551243733404071179e-01 4.815192158068191119e-01 4.778663153916121731e-01 7.677140263501878170e-01 9.268021627841702692e-01
9.070429398629393791e-01 2.416686888170789249e-01 5.810030708765304697e-01 4.262598480809923762e-01 8.687023047075094206e-01 4.649464688614400876e-01 6.886177936627421170e-01 4.580113702976558177e-01 7.646200675254604118e-01 9.447134185819212604e-01 3.119696421340765191e-01 7.018788956445667360e-01 9.274335433340304968e-01 8.230372655957649553e-01 8.649938143069385577e-01 5.079302939472601919e-01 4.580537084117590751e-01 4.278357111940482294e-01 4.991138371041807797e-01 4.727696628466870887e-01 4.790456242802278997e-01 1.666922499263455704e-01 9.522603845421573343e-01 8.322796634187318299e-01 7.305942615490447212e-01 4.754459471300455098e-01 0.000000000000000000e+00 7.693856163380334845e-01 6.321630696920849113e-01 9.336040671801085766e-01 3.015666551493168535e-01 2.279203379300959176e-01 5.110754802229002802e-01 9.523951959876250095e-01 8.506131612583101020e-01
3.306773758884707370e-01 2.860770835343857676e-01 6.667685770283164892e-01 6.740969592781184128e-01 1.430557512208474602e-01 3.015299290746505934e-01 3.620294283182454720e-01 5.791914841484535614e-01 6.691883256595785312e-01 7.748422140322549501e-01 4.313196572721572641e-01 6.497986895829324094e-01 8.591586374429582840e-01 4.896236855400176724e-01 5.342787390620484800e-01 4.907211630939417035e-01 6.409236447094098788e-01 8.281280550480794034e-01 9.323847324599754405e-02 3.957443070077857339e-01 5.142069149475028134e-01 6.586568564853431118e-01 3.676681027551519376e-01 5.198422490798840778e-01 8.115145382357336068e-02 4.930086378529278668e-01 7.693856163380334845e-01 0.000000000000000000e+00 4.373012097499490713e-01 3.026947564190662909e-01 8.458130204511840056e-01 2.558068971073458320e-01 1.509082850399415809e-01 3.385416460684058659e-01 4.989412004288640290e-01
6.753629487057620784e-01 3.566662200546913408e-01 5.727750236256381466e-01 9.392876399087336514e-01 4.279595916674525657e-01 2.515656338884962873e-01 6.637776702919331306e-01 7.779682867662085499e-01 3.982426068799818641e-01 4.382666370465831407e-01 8.306508879867431361e-01 8.543716623972141821e-01 7.076577461727888707e-01 5.474684883225867660e-01 2.423538237235804971e-01 9.093710744546961156e-01 7.137430125532349123e-01 4.106891290701549790e-01 4.543840833898915021e-01 8.502372342736876920e-01 7.963896137816803833e-01 4.109265720193681082e-01 2.982998128990764775e-01 8.155371222605289905e-01 6.138247644205468978e-01 4.544443984949727566e-01 6.321630696920849113e-01 4.373012097499490713e-01 0.000000000000000000e+00 7.537684119894694224e-01 7.027986209520180605e-01 6.011545479792516078e-01 4.668141254180684374e-01 6.742760753855765454e-01 6.308222330595871785e-01
4.084616147737053504e-01 7.613714112834597536e-01 7.360490748080199541e-01 5.606339487776843544e-01 8.512532300558188769e-01 8.853894194964070374e-01 6.335039917142810673e-01 7.863822973371508152e-01 8.337157766686063010e-01 2.297534017340443491e-01 6.680180143336700294e-02 4.921021910953282674e-01 3.964247628581607508e-01 3.817097859953090255e-01 5.146341956877936719e-01 8.626672672804081010e-01 6.512839186812211523e-01 6.279231646233334185e-01 8.186372663708376685e-01 8.659042133257267571e-01 9.310070703418267257e-01 6.495688617672632503e-01 4.505651173749415372e-01 4.006599093908855269e-01 4.080127436964048337e-01 5.160309212603897411e-01 9.336040671801085766e-01 3.026947564190662909e-01 7.537684119894694224e-01 0.000000000000000000e+00 5.747229307703152212e-01 4.797640990827655161e-01 6.129348705446686640e-01 7.455216441436187669e-01 6.662825436909759480e-01
6.177757536015164863e-01 5.740401854365493328e-01 4.351407165221347073e-01 3.297580805672712945e-01 4.272247858705093826e-01 2.389099529524659760e-01 4.546774307400457960e-01 5.478089260382571490e-01 4.292153638115798753e-01 4.146616359913538052e-01 4.794094931720686570e-01 5.513496446264366524e-01 8.185883346329612120e-01 7.571921096846416788e-01 7.369390732879685935e-01 8.607215166764312642e-01 8.448869281681918864e-01 4.279221455107300454e-01 8.085158776336153208e-01 5.480162348746826506e-01 4.761126778022337636e-01 3.650217431763174147e-01 5.433260579392111822e-01 2.641114777905777533e-01 7.153327012311796462e-01 4.551243733404071179e-01 3.015666551493168535e-01 8.458130204511840056e-01 7.027986209520180605e-01 5.747229307703152212e-01 0.000000000000000000e+00 8.476691481952275398e-01 1.533516014714291220e-01 1.718606656144462397e-01 2.770298056326759295e-01
2.612163912005488475e-01 4.828484815066287905e-01 3.755869711129139477e-01 5.593317653408220735e-01 4.185304131305448982e-01 7.732643194113084650e-01 6.938723655545259161e-01 4.924977385217222392e-01 7.108059346641206755e-01 5.553032838579536890e-01 7.205318562650894210e-01 6.135559014982823189e-01 7.656236679476462470e-01 5.207984051165179817e-01 2.565058173185644774e-01 2.019102592320206613e-01 5.279627687495483945e-01 4.958174843290739098e-01 6.126390692057983589e-01 4.675609750035263912e-01 4.025975191333450720e-01 1.059004587811325226e-01 7.759316425774560599e-01 4.383018478217371450e-01 7.640085424463283204e-02 4.815192158068191119e-01 2.279203379300959176e-01 2.558068971073458320e-01 6.011545479792516078e-01 4.797640990827655161e-01 8.476691481952275398e-01 0.000000000000000000e+00 5.837966121487452309e-01 3.967968872950349835e-01 8.129331327464695001e-01
4.292663869216716277e-01 7.603220990720223060e-01 7.024856108050074877e-01 5.096545029133562332e-01 4.384543752045862441e-01 7.760532264604138586e-01 7.428886543958179711e-02 7.463355343652219309e-01 4.308743131507941082e-01 6.557505044783511483e-01 9.252081340376521190e-01 6.104472240729423849e-01 7.410097934519083163e-01 4.105946597021205569e-01 7.562683842355438779e-01 4.608738665603679396e-01 8.851351727724465768e-02 1.720718381753432169e-01 4.808307231835983186e-01 4.312006482379054928e-01 7.425064175521467469e-02 5.622716485287199140e-01 3.317752445515784743e-01 5.208348724483724546e-01 3.942409739564146087e-01 4.778663153916121731e-01 5.110754802229002802e-01 1.509082850399415809e-01 4.668141254180684374e-01 6.129348705446686640e-01 1.533516014714291220e-01 5.837966121487452309e-01 0.000000000000000000e+00 5.497085885927327498e-01 5.486344539689566036e-01
3.248354306747623377e-01 6.206798241727098375e-01 5.564618252147129907e-01 3.746698302011597370e-02 4.737039658449496149e-01 7.767495107792465880e-01 9.386074749280206575e-01 4.949775423352610337e-01 8.447027943016753859e-01 7.814544814685042695e-01 1.616914479710043206e-01 5.472328351534179181e-01 9.485257497942474192e-01 5.712101185816115256e-01 8.145431445936546222e-02 3.027745203311565936e-01 1.632633463349596470e-01 4.859891319273477728e-01 2.373929766933691177e-02 3.620372912108528740e-01 2.303775084726433775e-01 7.837078579201828266e-01 3.412007094673528140e-01 4.086422554767808468e-01 6.364061635188608124e-01 7.677140263501878170e-01 9.523951959876250095e-01 3.385416460684058659e-01 6.742760753855765454e-01 7.455216441436187669e-01 1.718606656144462397e-01 3.967968872950349835e-01 5.497085885927327498e-01 0.000000000000000000e+00 8.199379588926465345e-01
8.514124867815336950e-01 8.534618466946324311e-01 2.397938819852106773e-01 4.771875084535284750e-01 7.980149771103102196e-01 4.753107676958940320e-01 6.172789310850196332e-01 2.820881606502412819e-01 3.290820603327566096e-01 8.001728034976511861e-01 6.633667195897374746e-01 4.845373071520189256e-01 9.149920447083165209e-01 7.036851266744688083e-01 4.732813235370393334e-01 9.627902988616018343e-01 4.573460776444637221e-01 3.018332442548545269e-01 3.893334142025358657e-01 3.430556215171588486e-01 4.654392715616565979e-01 5.426741078150620901e-01 4.089725707932705401e-01 3.548851620716185762e-01 7.365911342115889493e-01 9.268021627841702692e-01 8.506131612583101020e-01 4.989412004288640290e-01 6.308222330595871785e-01 6.662825436909759480e-01 2.770298056326759295e-01 8.129331327464695001e-01 5.486344539689566036e-01 8.199379588926465345e-01 0.000000000000000000e+00
