0.000000000000000000e+00 3.182463040009007038e-01 8.829755140421078341e-01 4.638864729101888629e-01 4.541845317167981233e-01 4.272194580104411998e-01 8.033151403561202830e-01 4.271727788219769617e-01 3.819989318965316683e-01 5.033651221811258347e-01 5.193168313744631615e-01 4.368019124511450801e-01 7.190694671297543916e-01 6.563698414063046105e-01 7.302304588131836027e-01 7.666040816822041748e-01 4.674393386832164654e-01 7.036635858479356465e-02 4.322447561107798930e-01 1.053594053913231576e-02 7.919460033297247570e-01 2.953189116344578924e-01 5.458598875149323071e-01 6.841024212689381656e-01 4.471986656966125406e-01 3.488657303913467733e-01 1.011192875724868934e-01 4.757559909801786224e-01 6.360883037786785321e-01 1.901931215011979370e-01 1.471178405929929323e-01 4.579944510909491062e-01 6.701399328403613298e-01 6.431511346455698330e-02 4.093512311016068717e-01
3.182463040009007038e-01 0.000000000000000000e+00 2.541508189366404324e-01 9.198797782410673696e-01 4.708258870517105232e-01 4.512579336567758004e-01 2.321167481211837136e-01 3.356055471004911750e-01 6.729457730225094636e-01 4.515075397945013114e-01 5.286164543180321695e-01 3.496499413092659103e-01 6.362883238152639009e-01 4.824333654146815697e-01 6.261753682893741457e-01 7.029464439786339280e-01 6.440498603530320221e-01 3.477339807047082898e-01 3.195316758320854156e-02 2.840532697220070624e-01 3.026410449167604155e-01 8.874606553971869927e-01 2.713431056612700676e-01 4.482460364624337168e-01 5.848644302985894772e-01 8.285695011273789268e-01 8.601568684996279135e-01 5.970546096250064494e-01 5.436731160048330347e-01 5.996019605463246416e-01 4.158300431557868659e-01 4.521695521601479806e-01 7.390986357149438302e-01 5.831191499614131191e-01 7.342875811468441150e-01
8.829755140421078341e-01 2.541508189366404324e-01 0.000000000000000000e+00 7.500241164587028164e-01 9.292397976828613571e-01 4.140360765967715517e-01 8.804860078292491288e-01 6.195284279060624399e-01 2.395902786003969165e-01 8.560636664745446822e-01 3.259048044920724863e-01 7.770560789887812625e-01 4.644142308892519333e-01 7.387291799018349536e-01 5.949915393297053878e-01 3.334842643362005421e-01 5.855036894299111561e-01 2.393562380626035324e-02 5.006217248064862568e-01 9.594215247140447378e-02 4.327279733741424828e-01 4.392300457318661366e-01 4.398158603883577378e-01 7.311221030549228672e-01 6.787429485279826702e-01 7.214057327808931497e-01 7.978201460102597453e-01 9.192198830005551269e-01 9.278135052536612415e-01 5.766174645390756970e-01 5.542777779233083457e-01 4.175483573251312919e-01 3.991842141491701579e-01 6.626210476267184735e-01 6.658087787433863980e-01
4.638864729101888629e-01 9.198797782410673696e-01 7.500241164587028164e-01 0.000000000000000000e+00 5.173338528672665193e-01 7.948813480060816783e-01 3.341744156630136464e-01 5.214976058764428934e-01 5.406031918273144221e-01 1.999578035494431472e-01 5.979498432226560967e-01 2.671127245240445536e-02 8.081001245806982425e-01 4.706689818374761303e-01 4.137849603414332500e-01 5.070163565436068831e-01 4.199923800503104765e-01 4.845567150301897663e-01 7.397910404269433249e-01 7.583398985397488135e-01 5.033093139592608178e-01 5.636504627816864010e-01 7.395267351306629156e-01 9.483384565311963055e-01 3.987108725397141562e-01 6.291638448926943905e-01 7.049790015651662411e-01 2.568375305502984540e-01 6.081695767072496928e-01 3.533766107361571152e-01 7.853722260318489745e-01 7.275222654775777009e-01 7.307325429848522402e-01 7.793649956474382190e-01 7.805835211197866830e-01
4.541845317167981233e-01 4.708258870517105232e-01 9.292397976828613571e-01 5.173338528672665193e-01 0.000000000000000000e+00 7.694176071410552264e-01 5.736663688887684298e-01 5.512961996451997138e-01 4.050274983528533990e-01 6.501275885886881323e-01 6.090557137800096665e-01 5.641920228602012033e-01 3.425554867993130803e-01 6.470507433831464983e-01 4.880826540853859252e-01 3.407583800780399352e-01 2.032595703713592217e-01 1.072195582377887257e-01 3.076864163902071070e-01 1.529163556246970757e-01 5.781783363759949168e-01 4.146681582210153261e-01 4.383376201338555767e-01 5.706310562271524889e-01 3.455310818530535899e-01 6.342283617131707629e-01 4.148429735926119077e-01 1.678818285078635952e-01 5.999261144766343534e-01 3.372098545288752525e-01 3.376200306846766086e-01 5.961557777626398380e-01 5.395279874049107027e-01 6.809600415778349625e-01 6.962424366610877602e-01
4.272194580104411998e-01 4.512579336567758004e-01 4.140360765967715517e-01 7.948813480060816783e-01 7.694176071410552264e-01 0.000000000000000000e+00 7.344594752088869916e-01 5.501022124016894388e-01 4.909760297335327150e-01 4.125543321629882021e-01 7.816787814415600000e-01 4.045501892128195998e-01 2.064536211163844892e-01 4.498489494657815779e-01 6.753627769093311084e-01 3.226787053792393722e-01 7.405843061982535502e-01 4.415827951098846849e-01 1.135015297143399104e-01 8.689051708618625858e-01 8.781653322730349487e-01 4.994790538176712147e-01 6.267092986825156808e-01 7.114872346747134202e-01 5.700525340631859006e-01 5.192904708694012772e-01 6.308811604898562075e-01 5.952964945616991965e-01 4.029474412691714802e-01 8.479401172154876765e-01 7.370628436196724476e-01 2.713037838748635355e-01 7.527466952576864490e-01 4.815708699182265073e-01 6.886957433880595003e-01
8.033151403561202830e-01 2.321167481211837136e-01 8.804860078292491288e-01 3.341744156630136464e-01 5.736663688887684298e-01 7.344594752088869916e-01 0.000000000000000000e+00 6.596730797269956259e-01 8.150189331874784227e-01 8.856559685400300364e-01 6.207110591563891333e-01 3.208184702144242229e-01 7.578382664281648751e-01 4.063898035531776642e-02 8.426258604472975922e-01 4.236236467770330139e-01 4.266995131691078136e-01 8.922579089798864382e-01 6.926987602114179632e-01 8.309876202210264573e-01 3.366315927939939057e-01 2.909721861286470035e-01 6.800624622985802503e-01 4.346010409579875722e-01 6.174529008161182553e-01 1.955391540707777098e-01 7.121969248121725604e-01 4.979073830635457609e-01 5.259295300894740732e-01 6.582563237300402825e-01 5.999379058475013959e-01 9.254608150531957733e-01 8.077544936732392600e-01 6.984687009156276272e-01 3.867809604476686869e-01
4.271727788219769617e-01 3.356055471004911750e-01 6.195284279060624399e-01 5.214976058764428934e-01 5.512961996451997138e-01 5.501022124016894388e-01 6.596730797269956259e-01 0.000000000000000000e+00 1.547242385127042263e-01 3.730317255609125193e-01 3.940648130983187558e-01 5.255875681496209317e-01 4.815418339285648663e-02 5.271599232058150619e-01 1.781752794558387754e-01 6.689726666668165400e-01 3.631039247089225541e-01 5.067505096768298856e-01 1.615458951186589109e-01 3.430146829886470128e-01 4.674801028218035226e-01 5.044769085746436676e-01 9.164840905921418646e-01 8.372988433196448810e-02 8.085827920797783452e-01 8.513561566877370090e-02 8.102813111836288940e-01 4.562920291285900154e-01 4.569714592314539359e-01 4.353547593103623825e-02 2.554064614664892652e-01 5.329935650477439779e-01 4.965581801853675148e-01 4.962425168818002663e-01 4.839591678594433177e-01
3.819989318965316683e-01 6.729457730225094636e-01 2.395902786003969165e-01 5.406031918273144221e-01 4.050274983528533990e-01 4.909760297335327150e-01 8.150189331874784227e-01 1.547242385127042263e-01 0.000000000000000000e+00 4.240374397796397576e-01 3.511130751844260267e-01 7.752454967946460496e-01 6.592706612596472837e-01 7.592047424487786689e-01 8.991556419591495430e-01 3.462226569699501377e-01 4.694569720842645122e-01 1.893193553593280898e-01 4.518283692340290258e-01 1.549377367600759392e-01 5.645133549375623838e-01 3.494353355719149734e-01 3.949404216517266031e-01 2.379769858479021671e-01 5.077203518648309988e-01 3.742485211199754191e-01 7.598929066944297706e-01 5.982714142051419604e-01 7.634220164052389901e-01 3.882744197213605641e-01 5.870493277294497325e-01 6.220313006261048994e-01 3.734606980992065672e-01 4.279979361380452652e-01 7.795297537214570527e-01
5.033651221811258347e-01 4.515075397945013114e-01 8.560636664745446822e-01 1.999578035494431472e-01 6.501275885886881323e-01 4.125543321629882021e-01 8.856559685400300364e-01 3.730317255609125193e-01 4.240374397796397576e-01 0.000000000000000000e+00 5.912087951452371648e-01 5.965556834930521024e-01 7.199856734547021020e-01 8.082925714352424684e-01 1.808359517808183492e-01 1.860751285026071011e-01 5.036305554857070099e-01 1.076119900900187609e-01 3.731250455718037040e-01 1.496844964333829964e-01 8.993847175024350937e-01 6.242174151286362660e-01 7.841313180902447222e-01 3.534670599565820637e-01 6.785808157462969170e-01 4.509053005041870898e-01 7.328055011664083018e-01 8.195089997690891970e-01 1.917595092479525976e-01 6.297236763754631150e-01 6.221751051087244244e-01 5.812991368258897396e-01 4.112540031019675246e-01 7.092407656409598360e-01 5.870615180026563795e-01
5.193168313744631615e-01 5.286164543180321695e-01 3.259048044920724863e-01 5.979498432226560967e-01 6.090557137800096665e-01 7.816787814415600000e-01 6.207110591563891333e-01 3.940648130983187558e-01 3.511130751844260267e-01 5.912087951452371648e-01 0.000000000000000000e+00 8.718905364559998983e-01 6.729888968975621388e-01 2.864078815757210572e-01 4.110863179530766520e-01 1.696808736569931364e-01 3.254131606134772481e-01 2.659451332550023528e-01 7.170100715530008939e-01 7.445863078765793119e-01 4.641243839882473465e-01 8.875739936739892588e-01 7.315443813136445206e-01 7.825371423140520255e-01 3.121164666032286705e-01 5.189423168931499575e-01 6.942273375441629923e-01 6.761749072561129559e-01 4.237817997067291897e-01 2.131162623393975108e-01 4.348852517922775496e-01 7.080603306730564039e-01 6.615296111614703545e-01 4.315944152665004419e-01 8.879789803522845082e-01
4.368019124511450801e-01 3.496499413092659103e-01 7.770560789887812625e-01 2.671127245240445536e-02 5.641920228602012033e-01 4.045501892128195998e-01 3.208184702144242229e-01 5.255875681496209317e-01 7.752454967946460496e-01 5.965556834930521024e-01 8.718905364559998983e-01 0.000000000000000000e+00 7.260079593069750370e-01 4.065399470529067472e-01 4.442314293264942870e-01 3.814458477571992523e-01 4.914606545367654067e-01 3.989455704591057250e-01 8.587284502706848954e-01 4.645805852073525699e-01 4.345366574066716892e-01 5.755374485115806182e-01 8.484828389967247197e-02 3.589611437519969472e-01 6.008122913345423921e-01 2.479737224176465360e-01 9.260713858374765017e-01 5.308083651172109674e-01 3.798067518608309046e-01 4.246468362970916566e-01 5.236264521051581244e-01 8.807641543461073308e-01 5.635557223884721800e-01 6.022478770918521240e-01 4.633763899707694645e-01
7.190694671297543916e-01 6.362883238152639009e-01 4.644142308892519333e-01 8.081001245806982425e-01 3.425554867993130803e-01 2.064536211163844892e-01 7.578382664281648751e-01 4.815418339285648663e-02 6.592706612596472837e-01 7.199856734547021020e-01 6.729888968975621388e-01 7.260079593069750370e-01 0.000000000000000000e+00 1.072713704797607637e-01 7.539723788364197654e-01 8.474467219690380304e-01 4.488830793576844558e-01 4.127288386722974822e-01 7.062250159778930003e-01 1.033967658103408516e-01 8.251456325224235666e-01 1.137254912882738056e-01 2.084877134950358646e-01 3.574671160915352530e-01 1.543823859330953896e-01 5.289780472016052393e-01 2.949648273644962515e-01 7.632400610669050067e-01 7.504187187078346088e-01 8.112519769875032871e-01 6.008784420642820923e-01 2.771065483433365895e-01 3.159103994261747705e-01 4.635724659277300486e-01 2.248455597037258835e-01
6.563698414063046105e-01 4.824333654146815697e-01 7.387291799018349536e-01 4.706689818374761303e-01 6.470507433831464983e-01 4.498489494657815779e-01 4.063898035531776642e-02 5.271599232058150619e-01 7.592047424487786689e-01 8.082925714352424684e-01 2.864078815757210572e-01 4.065399470529067472e-01 1.072713704797607637e-01 0.000000000000000000e+00 6.000064943047035415e-01 7.188688200991329991e-01 5.931158194603148859e-01 3.322388539528459139e-01 7.262109454262616337e-01 9.055520449969989283e-01 5.189739649377650421e-01 4.868895624971061320e-01 6.426267419389479763e-01 4.194568064137222940e-01 3.830001094145991103e-01 6.535753579215525244e-02 6.341884455805111287e-01 4.167151560154038203e-01 9.525375418710724240e-02 2.587805580720124454e-01 2.323322982333949627e-01 8.882397197411744383e-01 1.130761851054558065e-01 6.697145517759209854e-01 1.929159066069929263e-01
7.302304588131836027e-01 6.261753682893741457e-01 5.949915393297053878e-01 4.137849603414332500e-01 4.880826540853859252e-01 6.753627769093311084e-01 8.426258604472975922e-01 1.781752794558387754e-01 8.991556419591495430e-01 1.808359517808183492e-01 4.110863179530766520e-01 4.442314293264942870e-01 7.539723788364197654e-01 6.000064943047035415e-01 0.000000000000000000e+00 4.664630367033809066e-01 3.067020387954322302e-01 6.396502939769399543e-02 2.932772374530986381e-01 4.437852482887172378e-01 6.381353494521062597e-01 4.740429526136178406e-01 4.548638099141164570e-01 4.322979208522873540e-01 2.322407205016164822e-01 7.638751757847919155e-01 6.228052611776241365e-01 1.929512786468998709e-01 7.318954673581796744e-01 2.149820042010684995e-01 4.562267416117956054e-01 7.483940991534133724e-01 2.220127351473538679e-01 4.007451234098751147e-01 7.039035821240862134e-01
7.666040816822041748e-01 7.029464439786339280e-01 3.334842643362005421e-01 5.070163565436068831e-01 3.407583800780399352e-01 3.226787053792393722e-01 4.236236467770330139e-01 6.689726666668165400e-01 3.462226569699501377e-01 1.860751285026071011e-01 1.696808736569931364e-01 3.814458477571992523e-01 8.474467219690380304e-01 7.188688200991329991e-01 4.664630367033809066e-01 0.000000000000000000e+00 8.209314815149419964e-01 4.136522448648742856e-01 9.299163120513632697e-01 8.826415039945648688e-01 6.408649589922970069e-01 3.531648763063612306e-01 7.333950311690575763e-01 4.647318862782325311e-01 1.986135385141210019e-01 5.021081139913623481e-01 6.000587257713321243e-01 3.623106462270270778e-01 2.034433276777417587e-01 6.247603498355781548e-01 6.037157114008668835e-01 6.146603351420134587e-01 4.402473367054181574e-01 5.647896721111052010e-01 6.228652737171855858e-01
4.674393386832164654e-01 6.440498603530320221e-01 5.855036894299111561e-01 4.199923800503104765e-01 2.032595703713592217e-01 7.405843061982535502e-01 4.266995131691078136e-01 3.631039247089225541e-01 4.694569720842645122e-01 5.036305554857070099e-01 3.254131606134772481e-01 4.914606545367654067e-01 4.488830793576844558e-01 5.931158194603148859e-01 3.067020387954322302e-01 8.209314815149419964e-01 0.000000000000000000e+00 4.472031632935800638e-01 8.818533256145535404e-01 8.190957536825707042e-01 5.726530336158978107e-01 6.871889655764349403e-01 5.928127400478160336e-01 6.281879187549058718e-01 7.895128642449724676e-01 2.538980081642548403e-01 5.798513793270867467e-01 3.032306724038845713e-01 5.660720026948917738e-01 3.698162708594912584e-01 5.139127561216026985e-01 5.197591304749304975e-01 4.616618845383545500e-01 3.889316491066731607e-01 1.377999350550632718e-01
7.036635858479356465e-02 3.477339807047082898e-01 2.393562380626035324e-02 4.845567150301897663e-01 1.072195582377887257e-01 4.415827951098846849e-01 8.922579089798864382e-01 5.067505096768298856e-01 1.893193553593280898e-01 1.076119900900187609e-01 2.659451332550023528e-01 3.989455704591057250e-01 4.127288386722974822e-01 3.322388539528459139e-01 6.396502939769399543e-02 4.136522448648742856e-01 4.472031632935800638e-01 0.000000000000000000e+00 4.903757036410127945e-01 4.169510338504598401e-01 5.863113222098428334e-01 2.644619174798851224e-01 4.924222918315066533e-01 7.944598563098865807e-01 8.766315870719556536e-01 2.008711982678413333e-01 7.627111325976726475e-01 2.719936540173064077e-01 4.514639424067850015e-01 6.624013737545775271e-01 6.872167982984102030e-01 7.712891773852303956e-01 4.414719933318452805e-01 2.323819667214206408e-01 3.639105937417803638e-01
4.322447561107798930e-01 3.195316758320854156e-02 5.006217248064862568e-01 7.397910404269433249e-01 3.076864163902071070e-01 1.135015297143399104e-01 6.926987602114179632e-01 1.615458951186589109e-01 4.518283692340290258e-01 3.731250455718037040e-01 7.170100715530008939e-01 8.587284502706848954e-01 7.062250159778930003e-01 7.262109454262616337e-01 2.932772374530986381e-01 9.299163120513632697e-01 8.818533256145535404e-01 4.903757036410127945e-01 0.000000000000000000e+00 2.469230935307005215e-01 6.160361424092446470e-01 5.338754241925963706e-01 8.839958055841991014e-01 3.289762823751932741e-01 6.579536796396223686e-01 5.085117715732918597e-01 6.649756149582473075e-01 8.270758687859527392e-01 1.309474576322607886e-01 4.448024412661388260e-01 4.800085494086929194e-01 7.877837084363339404e-01 7.141178888870285402e-01 2.651987231418702073e-01 1.740204431025977883e-01
1.053594053913231576e-02 2.840532697220070624e-01 9.594215247140447378e-02 7.583398985397488135e-01 1.529163556246970757e-01 8.689051708618625858e-01 8.309876202210264573e-01 3.430146829886470128e-01 1.549377367600759392e-01 1.496844964333829964e-01 7.445863078765793119e-01 4.645805852073525699e-01 1.033967658103408516e-01 9.055520449969989283e-01 4.437852482887172378e-01 8.826415039945648688e-01 8.190957536825707042e-01 4.169510338504598401e-01 2.469230935307005215e-01 0.000000000000000000e+00 4.392904655202544140e-01 6.598243854180430024e-01 6.001518227638782399e-01 8.201674338164555156e-01 6.289719262066275629e-01 2.948284469320157086e-01 5.062921732621233906e-01 8.889804254930462335e-01 1.192922122962164488e-01 8.936628736236045256e-01 1.888884216165628294e-01 5.448593050247119152e-01 6.255804690761329612e-01 4.514516116050421024e-01 6.526566170598224748e-01
7.919460033297247570e-01 3.026410449167604155e-01 4.327279733741424828e-01 5.033093139592608178e-01 5.781783363759949168e-01 8.781653322730349487e-01 3.366315927939939057e-01 4.674801028218035226e-01 5.645133549375623838e-01 8.993847175024350937e-01 4.641243839882473465e-01 4.345366574066716892e-01 8.251456325224235666e-01 5.189739649377650421e-01 6.381353494521062597e-01 6.408649589922970069e-01 5.726530336158978107e-01 5.863113222098428334e-01 6.160361424092446470e-01 4.392904655202544140e-01 0.000000000000000000e+00 3.460216758421930106e-01 4.793389853330520811e-01 3.673923046364321321e-01 2.608302395070172253e-01 6.229968623079774614e-01 5.145374704084730855e-01 8.182712281167677792e-01 3.954448357197273833e-01 6.737095939290106417e-01 4.325134919199151162e-01 9.015430010519021042e-02 2.829324526222821712e-01 6.191530346111088212e-01 3.227183529177723997e-01
2.953189116344578924e-01 8.874606553971869927e-01 4.392300457318661366e-01 5.636504627816864010e-01 4.146681582210153261e-01 4.994790538176712147e-01 2.909721861286470035e-01 5.044769085746436676e-01 3.494353355719149734e-01 6.242174151286362660e-01 8.875739936739892588e-01 5.755374485115806182e-01 1.137254912882738056e-01 4.868895624971061320e-01 4.740429526136178406e-01 3.531648763063612306e-01 6.871889655764349403e-01 2.644619174798851224e-01 5.338754241925963706e-01 6.598243854180430024e-01 3.460216758421930106e-01 0.000000000000000000e+00 1.750118868749914736e-01 7.328529109822232712e-01 4.059817689733713486e-01 3.746014808520038986e-01 9.154588696727803399e-01 9.110629432807596517e-01 5.752195994493120024e-01 5.166665853515319817e-01 2.097442474074103780e-01 5.818419690451615001e-01 3.631710630366274950e-01 1.737779042396737639e-01 4.497358350592046139e-01
5.458598875149323071e-01 2.713431056612700676e-01 4.398158603883577378e-01 7.395267351306629156e-01 4.383376201338555767e-01 6.267092986825156808e-01 6.800624622985802503e-01 9.164840905921418646e-01 3.949404216517266031e-01 7.841313180902447222e-01 7.315443813136445206e-01 8.484828389967247197e-02 2.084877134950358646e-01 6.426267419389479763e-01 4.548638099141164570e-01 7.333950311690575763e-01 5.928127400478160336e-01 4.924222918315066533e-01 8.839958055841991014e-01 6.001518227638782399e-01 4.793389853330520811e-01 1.750118868749914736e-01 0.000000000000000000e+00 8.878434700782735778e-01 7.125234532216451200e-01 4.846882366876762438e-01 5.157095842701291399e-01 1.678493623046302119e-01 3.184948518946409401e-01 6.719856591582369365e-01 5.123833257130634422e-01 4.104720339214832925e-01 8.585111852962046264e-01 6.349061777194984213e-01 5.535546590620791241e-01
6.841024212689381656e-01 4.482460364624337168e-01 7.311221030549228672e-01 9.483384565311963055e-01 5.706310562271524889e-01 7.114872346747134202e-01 4.346010409579875722e-01 8.372988433196448810e-02 2.379769858479021671e-01 3.534670599565820637e-01 7.825371423140520255e-01 3.589611437519969472e-01 3.574671160915352530e-01 4.194568064137222940e-01 4.322979208522873540e-01 4.647318862782325311e-01 6.281879187549058718e-01 7.944598563098865807e-01 3.289762823751932741e-01 8.201674338164555156e-01 3.673923046364321321e-01 7.328529109822232712e-01 8.878434700782735778e-01 0.000000000000000000e+00 7.104627492432500357e-01 4.393868705459463841e-01 3.262736092927341902e-01 8.401871194488992334e-01 5.383561129695908498e-01 4.299544185060433232e-01 8.094117287506139569e-01 2.042590532288516281e-01 7.033355894570919586e-01 7.279154446898822295e-02 4.840167234770983429e-01
4.471986656966125406e-01 5.848644302985894772e-01 6.787429485279826702e-01 3.987108725397141562e-01 3.455310818530535899e-01 5.700525340631859006e-01 6.174529008161182553e-01 8.085827920797783452e-01 5.077203518648309988e-01 6.785808157462969170e-01 3.121164666032286705e-01 6.008122913345423921e-01 1.543823859330953896e-01 3.830001094145991103e-01 2.322407205016164822e-01 1.986135385141210019e-01 7.895128642449724676e-01 8.766315870719556536e-01 6.579536796396223686e-01 6.289719262066275629e-01 2.608302395070172253e-01 4.059817689733713486e-01 7.125234532216451200e-01 7.104627492432500357e-01 0.000000000000000000e+00 4.101311901880294597e-01 7.378538417552109596e-01 8.776453023244339402e-01 2.326552247395451412e-01 6.383606159583025130e-01 3.059283726942232384e-01 6.642655260222372071e-01 3.624213001310784832e-01 2.680566517318518915e-01 9.729296593402891880e-02
3.488657303913467733e-01 8.285695011273789268e-01 7.214057327808931497e-01 6.291638448926943905e-01 6.342283617131707629e-01 5.192904708694012772e-01 1.955391540707777098e-01 8.513561566877370090e-02 3.742485211199754191e-01 4.509053005041870898e-01 5.189423168931499575e-01 2.479737224176465360e-01 5.289780472016052393e-01 6.535753579215525244e-02 7.638751757847919155e-01 5.021081139913623481e-01 2.538980081642548403e-01 2.008711982678413333e-01 5.085117715732918597e-01 2.948284469320157086e-01 6.229968623079774614e-01 3.746014808520038986e-01 4.846882366876762438e-01 4.393868705459463841e-01 4.101311901880294597e-01 0.000000000000000000e+00 8.216370982031580006e-01 7.113715863718682586e-01 6.472264897095847402e-01 4.213074999853482216e-01 3.492817123890236131e-01 4.135463531355561551e-01 4.190641378736044698e-01 1.691544160531489593e-01 4.091411979184625958e-01
1.011192875724868934e-01 8.601568684996279135e-01 7.978201460102597453e-01 7.049790015651662411e-01 4.148429735926119077e-01 6.308811604898562075e-01 7.121969248121725604e-01 8.102813111836288940e-01 7.598929066944297706e-01 7.328055011664083018e-01 6.942273375441629923e-01 9.260713858374765017e-01 2.949648273644962515e-01 6.341884455805111287e-01 6.228052611776241365e-01 6.000587257713321243e-01 5.798513793270867467e-01 7.627111325976726475e-01 6.649756149582473075e-01 5.062921732621233906e-01 5.145374704084730855e-01 9.154588696727803399e-01 5.157095842701291399e-01 3.262736092927341902e-01 7.378538417552109596e-01 8.216370982031580006e-01 0.000000000000000000e+00 6.445203155523554495e-01 5.449603871769301833e-01 8.783818359430517475e-02 8.523417942844340178e-01 3.934273540906769173e-01 8.897712483404678352e-01 2.830677356570129310e-01 4.165972960774841916e-01
4.757559909801786224e-01 5.970546096250064494e-01 9.192198830005551269e-01 2.568375305502984540e-01 1.678818285078635952e-01 5.952964945616991965e-01 4.979073830635457609e-01 4.562920291285900154e-01 5.982714142051419604e-01 8.195089997690891970e-01 6.761749072561129559e-01 5.308083651172109674e-01 7.632400610669050067e-01 4.167151560154038203e-01 1.929512786468998709e-01 3.623106462270270778e-01 3.032306724038845713e-01 2.719936540173064077e-01 8.270758687859527392e-01 8.889804254930462335e-01 8.182712281167677792e-01 9.110629432807596517e-01 1.678493623046302119e-01 8.401871194488992334e-01 8.776453023244339402e-01 7.113715863718682586e-01 6.445203155523554495e-01 0.000000000000000000e+00 2.667130456006491235e-01 7.096516186987666952e-01 6.753537643710935123e-01 7.140584772320319740e-01 6.571943552152759160e-01 7.827158196942711754e-01 3.963800186851016427e-01
6.360883037786785321e-01 5.436731160048330347e-01 9.278135052536612415e-01 6.081695767072496928e-01 5.999261144766343534e-01 4.029474412691714802e-01 5.259295300894740732e-01 4.569714592314539359e-01 7.634220164052389901e-01 1.917595092479525976e-01 4.237817997067291897e-01 3.798067518608309046e-01 7.504187187078346088e-01 9.525375418710724240e-02 7.318954673581796744e-01 2.034433276777417587e-01 5.660720026948917738e-01 4.514639424067850015e-01 1.309474576322607886e-01 1.192922122962164488e-01 3.954448357197273833e-01 5.752195994493120024e-01 3.184948518946409401e-01 5.383561129695908498e-01 2.326552247395451412e-01 6.472264897095847402e-01 5.449603871769301833e-01 2.667130456006491235e-01 0.000000000000000000e+00 6.193264643088369770e-02 9.574280634312202221e-01 4.472499088772319276e-02 4.934715107680220925e-01 7.086931186086329326e-01 7.036048125511170648e-01
1.901931215011979370e-01 5.996019605463246416e-01 5.766174645390756970e-01 3.533766107361571152e-01 3.372098545288752525e-01 8.479401172154876765e-01 6.582563237300402825e-01 4.353547593103623825e-02 3.882744197213605641e-01 6.297236763754631150e-01 2.131162623393975108e-01 4.246468362970916566e-01 8.112519769875032871e-01 2.587805580720124454e-01 2.149820042010684995e-01 6.247603498355781548e-01 3.698162708594912584e-01 6.624013737545775271e-01 4.448024412661388260e-01 8.936628736236045256e-01 6.737095939290106417e-01 5.166665853515319817e-01 6.719856591582369365e-01 4.299544185060433232e-01 6.383606159583025130e-01 4.213074999853482216e-01 8.783818359430517475e-02 7.096516186987666952e-01 6.193264643088369770e-02 0.000000000000000000e+00 6.825622668834767648e-01 8.304190107479134664e-01 5.687401122445930879e-01 6.115876624604792422e-01 3.514983009373366385e-01
1.471178405929929323e-01 4.158300431557868659e-01 5.542777779233083457e-01 7.853722260318489745e-01 3.376200306846766086e-01 7.370628436196724476e-01 5.999379058475013959e-01 2.554064614664892652e-01 5.870493277294497325e-01 6.221751051087244244e-01 4.348852517922775496e-01 5.236264521051581244e-01 6.008784420642820923e-01 2.323322982333949627e-01 4.562267416117956054e-01 6.037157114008668835e-01 5.139127561216026985e-01 6.872167982984102030e-01 4.800085494086929194e-01 1.888884216165628294e-01 4.325134919199151162e-01 2.097442474074103780e-01 5.123833257130634422e-01 8.094117287506139569e-01 3.059283726942232384e-01 3.492817123890236131e-01 8.523417942844340178e-01 6.753537643710935123e-01 9.574280634312202221e-01 6.825622668834767648e-01 0.000000000000000000e+00 3.267588898706696998e-01 9.054515292582658859e-01 4.208896846026985994e-01 3.523393253942731507e-01
4.579944510909491062e-01 4.521695521601479806e-01 4.175483573251312919e-01 7.275222654775777009e-01 5.961557777626398380e-01 2.713037838748635355e-01 9.254608150531957733e-01 5.329935650477439779e-01 6.220313006261048994e-01 5.812991368258897396e-01 7.080603306730564039e-01 8.807641543461073308e-01 2.771065483433365895e-01 8.882397197411744383e-01 7.483940991534133724e-01 6.146603351420134587e-01 5.197591304749304975e-01 7.712891773852303956e-01 7.877837084363339404e-01 5.448593050247119152e-01 9.015430010519021042e-02 5.818419690451615001e-01 4.104720339214832925e-01 2.042590532288516281e-01 6.642655260222372071e-01 4.135463531355561551e-01 3.934273540906769173e-01 7.140584772320319740e-01 4.472499088772319276e-02 8.304190107479134664e-01 3.267588898706696998e-01 0.000000000000000000e+00 1.269012547511937372e-01 7.079092380177343102e-01 5.836755085321055914e-01
6.701399328403613298e-01 7.390986357149438302e-01 3.991842141491701579e-01 7.307325429848522402e-01 5.395279874049107027e-01 7.527466952576864490e-01 8.077544936732392600e-01 4.965581801853675148e-01 3.734606980992065672e-01 4.112540031019675246e-01 6.615296111614703545e-01 5.635557223884721800e-01 3.159103994261747705e-01 1.130761851054558065e-01 2.220127351473538679e-01 4.402473367054181574e-01 4.616618845383545500e-01 4.414719933318452805e-01 7.141178888870285402e-01 6.255804690761329612e-01 2.829324526222821712e-01 3.631710630366274950e-01 8.585111852962046264e-01 7.033355894570919586e-01 3.624213001310784832e-01 4.190641378736044698e-01 8.897712483404678352e-01 6.571943552152759160e-01 4.934715107680220925e-01 5.687401122445930879e-01 9.054515292582658859e-01 1.269012547511937372e-01 0.000000000000000000e+00 5.196954794852797210e-01 7.057173882891009109e-01
6.431511346455698330e-02 5.831191499614131191e-01 6.626210476267184735e-01 7.793649956474382190e-01 6.809600415778349625e-01 4.815708699182265073e-01 6.984687009156276272e-01 4.962425168818002663e-01 4.279979361380452652e-01 7.092407656409598360e-01 4.315944152665004419e-01 6.022478770918521240e-01 4.635724659277300486e-01 6.697145517759209854e-01 4.007451234098751147e-01 5.647896721111052010e-01 3.889316491066731607e-01 2.323819667214206408e-01 2.651987231418702073e-01 4.514516116050421024e-01 6.191530346111088212e-01 1.737779042396737639e-01 6.349061777194984213e-01 7.279154446898822295e-02 2.680566517318518915e-01 1.691544160531489593e-01 2.830677356570129310e-01 7.827158196942711754e-01 7.086931186086329326e-01 6.115876624604792422e-01 4.208896846026985994e-01 7.079092380177343102e-01 5.196954794852797210e-01 0.000000000000000000e+00 4.477908354834503335e-01
4.093512311016068717e-01 7.342875811468441150e-01 6.658087787433863980e-01 7.805835211197866830e-01 6.962424366610877602e-01 6.886957433880595003e-01 3.867809604476686869e-01 4.839591678594433177e-01 7.795297537214570527e-01 5.870615180026563795e-01 8.879789803522845082e-01 4.633763899707694645e-01 2.248455597037258835e-01 1.929159066069929263e-01 7.039035821240862134e-01 6.228652737171855858e-01 1.377999350550632718e-01 3.639105937417803638e-01 1.740204431025977883e-01 6.526566170598224748e-01 3.227183529177723997e-01 4.497358350592046139e-01 5.535546590620791241e-01 4.840167234770983429e-01 9.729296593402891880e-02 4.091411979184625958e-01 4.165972960774841916e-01 3.963800186851016427e-01 7.036048125511170648e-01 3.514983009373366385e-01 3.523393253942731507e-01 5.836755085321055914e-01 7.057173882891009109e-01 4.477908354834503335e-01 0.000000000000000000e+00
