0.000000000000000000e+00 3.905806792915512138e-01 7.989636090828254877e-01 6.452952549772472679e-01 6.669219173790658095e-01 4.588210948764976371e-01 3.750475080135512451e-01 5.481305225969703709e-01 6.488872143010931959e-01 8.406802787756126882e-01 2.994117118833033997e-01 2.888197993926182594e-01 4.736106545525081701e-01 6.174605282561069775e-01 4.377779730319343865e-01 6.336190471798227586e-01 8.885860343487663737e-01 4.999542247149969532e-01 5.485566250380726760e-01 9.524844513856527417e-01 7.660160633210798542e-01 7.375102572463951844e-01 5.514052584644311139e-01 7.419376386475431406e-01 3.656679503864120884e-01 6.023772159510510926e-01 6.466407735741559470e-01 4.407349559673551243e-01 7.960458491878648069e-01 5.547035940543567634e-01 7.355285777502481581e-01 6.793528593446092056e-01 4.841426208149677834e-01 3.353529057151356518e-01 6.554931975827646973e-01
3.905806792915512138e-01 0.000000000000000000e+00 7.239120312804104840e-01 4.807275713190780064e-01 4.583005344480880483e-01 7.488250926104703664e-01 5.864526559985911991e-01 5.521379974645418409e-01 7.415965928790859696e-01 2.271242381629466067e-01 5.724222543674937214e-01 7.373691233562948977e-01 5.165430678747892079e-01 3.604585331672037207e-01 7.105167337127739069e-01 8.796546716560558199e-01 7.118170120032520920e-01 9.322540855922427649e-01 3.052556685828994865e-01 6.678021005909930974e-01 2.863736714485936030e-01 9.446479972720817075e-01 3.563944157987157801e-01 1.002318261540848243e-01 6.083556179968800937e-01 3.616816809631007157e-02 5.866492175988082813e-01 3.287253448550996882e-01 6.989420146469059736e-01 5.678173191732689418e-01 7.135893083946358573e-01 6.850620877982620538e-01 5.043655371417953281e-01 8.015273867868056845e-01 8.711106992725763387e-01
7.989636090828254877e-01 7.239120312804104840e-01 0.000000000000000000e+00 4.590387541849068054e-01 3.414274747507917152e-01 4.889635036825318304e-01 3.313641591378919116e-01 1.600149903863885559e-01 7.018307110246095881e-01 9.408192789352127772e-01 2.964678903374612373e-01 2.685278397889678814e-01 3.332380853722327063e-01 8.736371760115728691e-01 6.869662678884544960e-01 6.250520178111820258e-01 5.460388530860114109e-01 7.642990558167807036e-01 4.880771603226740085e-01 7.441605578159149470e-01 5.161834547056358691e-01 5.926046454462375879e-01 6.800337443400140680e-01 5.796679725925055759e-01 8.023912242316233456e-01 7.134371737479863196e-01 1.321857574875229258e-01 8.167291566855283680e-01 2.953073504200424138e-01 6.708508550572210849e-01 2.065288994023714020e-01 6.820142357909795283e-01 2.461047248995137382e-01 6.400673899318887194e-01 4.970728844770514465e-01
6.452952549772472679e-01 4.807275713190780064e-01 4.590387541849068054e-01 0.000000000000000000e+00 5.628307423971899981e-01 5.379337947839644141e-01 6.105026632131674846e-01 5.735106715850653014e-01 4.913491585883094093e-01 7.500470786987947225e-01 5.277458972559865291e-01 4.161027410252568504e-01 5.614253352631926042e-02 8.300280400337427533e-01 6.727797428649123779e-01 5.818942489138864138e-01 3.210499487395111484e-01 3.836768021592026900e-01 2.103876196136857946e-01 4.053255528532203056e-01 8.098474374231776629e-01 5.161054090674244144e-01 6.954785331662696191e-01 8.820319107481746634e-01 3.273818486938108729e-01 3.631576903194837502e-01 8.850954695966137820e-01 7.750369548171647249e-01 7.403024188024807106e-01 5.703603641346089992e-01 6.597489094432740231e-01 3.051243916172686754e-01 3.661420737068029063e-01 8.304527257203204726e-01 8.284204188495087884e-01
6.669219173790658095e-01 4.583005344480880483e-01 3.414274747507917152e-01 5.628307423971899981e-01 0.000000000000000000e+00 9.751529862666119541e-01 5.241700707856875585e-01 4.040623029827393742e-01 7.560494035072481411e-01 5.133667277237086157e-01 7.972087705992391138e-01 8.524550055644206648e-01 6.864224483107921326e-01 8.596938323964000706e-01 8.833771493050108781e-01 8.867718299951254934e-01 8.681010135672783123e-01 8.686077442926444236e-01 4.842745091816772485e-01 5.078109414338993766e-01 4.139139748154419540e-01 6.409708975357926164e-01 7.915639510730629880e-01 4.262181811987430513e-01 2.824151018589712292e-01 7.718958337332172404e-01 1.271784552030139626e-01 3.736846537430538739e-01 2.603346092643874510e-01 9.171437249441660722e-01 2.522639620029282215e-01 3.539744086314460803e-01 7.519219989053214093e-01 5.986495772067882415e-01 4.694607448196077559e-01
4.588210948764976371e-01 7.488250926104703664e-01 4.889635036825318304e-01 5.379337947839644141e-01 9.751529862666119541e-01 0.000000000000000000e+00 5.540704682124707459e-01 4.680354730860902812e-01 4.608629642494145306e-01 6.093065268480288843e-01 5.945595973388496658e-01 6.978518109219979948e-01 4.795957825642845895e-01 7.387365606519736838e-01 5.054667727046142645e-01 7.354006974893283477e-01 6.034425999561661147e-01 8.204008211515945170e-01 4.980675165570097596e-01 6.203705437956756885e-01 9.085075496548151719e-01 4.034770779682341768e-01 8.423459121218458412e-01 7.757009805239032385e-01 5.344106444056191396e-01 5.335688467952119929e-01 6.343170971722633666e-01 8.696663188089739371e-01 6.954512352740029879e-01 5.866716867519830014e-01 5.189548331311724105e-01 6.728805770443132550e-01 5.260808098568126034e-01 7.562614264661573493e-01 4.712246521936847010e-01
3.750475080135512451e-01 5.864526559985911991e-01 3.313641591378919116e-01 6.105026632131674846e-01 5.241700707856875585e-01 5.540704682124707459e-01 0.000000000000000000e+00 4.926701823089036925e-01 7.959383226341949502e-01 8.693865505541267247e-01 5.199993465503889301e-01 1.082959867178606705e-01 1.000744253897959402e-01 7.288257288342337992e-01 8.815359872561647769e-01 2.973459206446469327e-01 8.449652493641178763e-01 4.620812946274799327e-01 5.071953238849822299e-01 2.989606190175448930e-01 3.383467147584307000e-01 7.242354515238098589e-01 4.928454510524732934e-01 5.448248525081675897e-01 6.814464819149699260e-01 4.953930490229914718e-01 4.070910158926307476e-01 4.214418957423272660e-01 4.803885396384380280e-01 6.358143609179383038e-01 6.505187874480888865e-01 2.691810375421334056e-01 3.670463580843630336e-01 4.505837525023158596e-01 9.613438824973663532e-02
5.481305225969703709e-01 5.521379974645418409e-01 1.600149903863885559e-01 5.735106715850653014e-01 4.040623029827393742e-01 4.680354730860902812e-01 4.926701823089036925e-01 0.000000000000000000e+00 3.431261026180639773e-01 4.979296556265175311e-01 5.863105038334301966e-01 7.432928599409667214e-01 4.636111990009511019e-01 2.141442757344191872e-01 4.421879072924812526e-01 8.781045575598369624e-01 1.244201993967596342e-01 7.692683997807814311e-01 8.813347039279130213e-01 2.411154291148019935e-01 9.563143229156042535e-01 6.420513141501926757e-01 5.496343933919644043e-01 5.141763979056093170e-01 5.580743050360056356e-01 5.266254775130865262e-01 4.632931032930582838e-01 2.095571472381904110e-01 2.358570867800690030e-01 4.650419236224537789e-01 5.495604134177608513e-01 1.903905683321842623e-01 8.875536795669525247e-01 6.934884288616451897e-01 8.708449640273483450e-01
6.488872143010931959e-01 7.415965928790859696e-01 7.018307110246095881e-01 4.913491585883094093e-01 7.560494035072481411e-01 4.608629642494145306e-01 7.959383226341949502e-01 3.431261026180639773e-01 0.000000000000000000e+00 3.772990636614831916e-01 3.440728669077884883e-01 5.015623739550167937e-01 9.082334998463874598e-01 7.497778219859505544e-01 3.922136300254210894e-01 4.681582089634563348e-01 4.826300196935107145e-01 5.218564543505367359e-01 4.235864632199030089e-01 5.320387955333369945e-01 5.510631450348456584e-01 4.233095126323588309e-01 6.710611521367830790e-01 2.299833018649618532e-01 7.758794257122010318e-01 6.998673133940054303e-01 3.805220775526372279e-01 7.481965829402892343e-01 8.449133864486144674e-01 7.196328917348866483e-01 8.764762969982115015e-01 6.282330000731274344e-01 3.912300669120916119e-01 3.703864377598204971e-01 8.965377457936690719e-01
8.406802787756126882e-01 2.271242381629466067e-01 9.408192789352127772e-01 7.500470786987947225e-01 5.133667277237086157e-01 6.093065268480288843e-01 8.693865505541267247e-01 4.979296556265175311e-01 3.772990636614831916e-01 0.000000000000000000e+00 6.023492006036743618e-01 5.131152268417326079e-01 7.794413522990770726e-01 8.362234408518101070e-01 7.810264137376814464e-01 9.043313854467329715e-01 9.108176689161713302e-01 7.333953022354013918e-01 6.781375233336545127e-01 3.227869655174757657e-01 5.371204481935323294e-01 6.140448937195728263e-01 5.840453531956655286e-01 1.961463962337900435e-01 7.585788997491710317e-01 5.294025111415102680e-01 1.603422932374587440e-01 3.641907002954478667e-01 7.987261231297704267e-01 1.471849610565363342e-01 9.072392750347465507e-01 8.784253741509970848e-01 6.969104655699303041e-01 7.508433392849263033e-01 9.865736439359251708e-02
2.994117118833033997e-01 5.724222543674937214e-01 2.964678903374612373e-01 5.277458972559865291e-01 7.972087705992391138e-01 5.945595973388496658e-01 5.199993465503889301e-01 5.863105038334301966e-01 3.440728669077884883e-01 6.023492006036743618e-01 0.000000000000000000e+00 8.171098833471874823e-01 4.945660597055308583e-01 5.453806625842965161e-01 4.920333943377547814e-01 4.545336250159148772e-01 6.398461415517062711e-01 7.433083014457404492e-01 5.174534909841451702e-01 4.760171212697402177e-01 4.871482812672581209e-01 6.373123474922999243e-01 3.312388945442785726e-01 7.030012376710288446e-01 4.806042717368186334e-01 2.487858116271183806e-01 6.623790265321496396e-01 5.479488305276706273e-01 1.602160172920239489e-01 4.348128900441728395e-01 5.271540301220389857e-01 8.241081160698595642e-01 2.920010246640901697e-01 7.466232441314337720e-01 4.705278763631910444e-01
2.888197993926182594e-01 7.373691233562948977e-01 2.685278397889678814e-01 4.161027410252568504e-01 8.524550055644206648e-01 6.978518109219979948e-01 1.082959867178606705e-01 7.432928599409667214e-01 5.015623739550167937e-01 5.131152268417326079e-01 8.171098833471874823e-01 0.000000000000000000e+00 2.382354309672294335e-01 6.810219739872589439e-01 6.610706687753863386e-01 4.063086631135370275e-01 5.116739201602791276e-01 6.500387066710747730e-01 5.263571189014483176e-01 9.988695548930648371e-02 4.522899065106303906e-01 2.675636658368893972e-01 6.188425151760331699e-01 6.187283766177931188e-01 7.062172882647765881e-01 6.803575549880654938e-01 5.262215081881891354e-01 4.878017301310710319e-01 4.459495275694292382e-01 5.017130634179830517e-01 7.006806080844798501e-01 7.779968792476711359e-01 5.117464630647767798e-01 5.964473581240770095e-01 2.906829332962960200e-01
4.736106545525081701e-01 5.165430678747892079e-01 3.332380853722327063e-01 5.614253352631926042e-02 6.864224483107921326e-01 4.795957825642845895e-01 1.000744253897959402e-01 4.636111990009511019e-01 9.082334998463874598e-01 7.794413522990770726e-01 4.945660597055308583e-01 2.382354309672294335e-01 0.000000000000000000e+00 7.692588395347852437e-01 2.738997674335492682e-01 4.616227702731986460e-01 5.822002927376814796e-01 5.686661082082942187e-01 7.980273764740959397e-01 3.149119342870936311e-01 2.799912544793164981e-01 7.150474245276108309e-01 3.369849124548029984e-02 4.382768002059171941e-01 8.410921681338884293e-01 4.161723295604682904e-01 5.344057907739880875e-01 9.491165371711975940e-01 6.536075958922867857e-01 8.371759353649882440e-01 5.474458748174854117e-01 7.680542229415453503e-01 7.802455351714003839e-01 1.695930471761312175e-01 4.662672580771706765e-01
6.174605282561069775e-01 3.604585331672037207e-01 8.736371760115728691e-01 8.300280400337427533e-01 8.596938323964000706e-01 7.387365606519736838e-01 7.288257288342337992e-01 2.141442757344191872e-01 7.497778219859505544e-01 8.362234408518101070e-01 5.453806625842965161e-01 6.810219739872589439e-01 7.692588395347852437e-01 0.000000000000000000e+00 7.731969883163639645e-01 7.667481815563406133e-01 8.372095068744812574e-01 6.118917800748903124e-01 1.812874368789848534e-01 5.041536004242167524e-01 5.387371487360920197e-01 2.982330962184686629e-01 7.538224105355164628e-01 7.689520525713360311e-01 4.146821825040677423e-01 6.080955531246980961e-01 4.862063407489731759e-01 6.506844690616597759e-01 2.814690310374596827e-01 4.162097499282046975e-01 5.688807304709784241e-01 1.485830603010933615e-01 6.516442352190014997e-01 7.025480998512945163e-01 3.567735249981116574e-01
4.377779730319343865e-01 7.105167337127739069e-01 6.869662678884544960e-01 6.727797428649123779e-01 8.833771493050108781e-01 5.054667727046142645e-01 8.815359872561647769e-01 4.421879072924812526e-01 3.922136300254210894e-01 7.810264137376814464e-01 4.920333943377547814e-01 6.610706687753863386e-01 2.738997674335492682e-01 7.731969883163639645e-01 0.000000000000000000e+00 4.583166420609352532e-01 3.745930489432276467e-01 8.156679658009446943e-01 1.372991959484258784e-01 8.410307448576833655e-01 9.495514673436002973e-01 5.034908899309773478e-01 5.280482257204113239e-01 4.125409143806414991e-01 8.560951749262880606e-01 4.153608215026995398e-01 3.362247495634752559e-01 6.785952905453140893e-02 5.307147505121271314e-01 3.462281722462500211e-01 6.616004548645315619e-02 3.858635841279358103e-01 5.376896043113397194e-01 8.413447758762209183e-01 1.269730625033779203e-01
6.336190471798227586e-01 8.796546716560558199e-01 6.250520178111820258e-01 5.818942489138864138e-01 8.867718299951254934e-01 7.354006974893283477e-01 2.973459206446469327e-01 8.781045575598369624e-01 4.681582089634563348e-01 9.043313854467329715e-01 4.545336250159148772e-01 4.063086631135370275e-01 4.616227702731986460e-01 7.667481815563406133e-01 4.583166420609352532e-01 0.000000000000000000e+00 8.456104771371594220e-01 6.582026721237814737e-01 6.894807477673874363e-01 4.636911092801243583e-01 8.736863507519826433e-01 8.322148914341012116e-01 3.431209548915024055e-01 5.960094773019589676e-01 5.215679358780562769e-01 7.031852356171230944e-02 6.788346130516311749e-01 4.465064814618789901e-01 1.012205522094832277e-01 4.948773438639864075e-01 3.659937617537598054e-01 7.736048459987541204e-01 2.553798293220732596e-02 6.674556929297246199e-01 6.534772179546858295e-01
8.885860343487663737e-01 7.118170120032520920e-01 5.460388530860114109e-01 3.210499487395111484e-01 8.681010135672783123e-01 6.034425999561661147e-01 8.449652493641178763e-01 1.244201993967596342e-01 4.826300196935107145e-01 9.108176689161713302e-01 6.398461415517062711e-01 5.116739201602791276e-01 5.822002927376814796e-01 8.372095068744812574e-01 3.745930489432276467e-01 8.456104771371594220e-01 0.000000000000000000e+00 5.649842017434567598e-01 2.655206737277072127e-01 4.582739393520995352e-01 7.684396730727289793e-01 4.960993562356366682e-01 7.307905548943833818e-01 5.074631892763544760e-01 8.844385852016728444e-02 9.107974783644432470e-01 5.281920439287199898e-01 5.192524957338571223e-01 5.228467406409135210e-01 9.400289535664518858e-02 3.851598412416131767e-01 4.237943565181946370e-01 5.570603161982052853e-01 7.831228143017245902e-01 8.704145266991618612e-01
4.999542247149969532e-01 9.322540855922427649e-01 7.642990558167807036e-01 3.836768021592026900e-01 8.686077442926444236e-01 8.204008211515945170e-01 4.620812946274799327e-01 7.692683997807814311e-01 5.218564543505367359e-01 7.333953022354013918e-01 7.433083014457404492e-01 6.500387066710747730e-01 5.686661082082942187e-01 6.118917800748903124e-01 8.156679658009446943e-01 6.582026721237814737e-01 5.649842017434567598e-01 0.000000000000000000e+00 4.978500591322795321e-01 1.979869940688054331e-01 6.191177876248669110e-01 4.832134374172203928e-01 4.174701899653218140e-01 6.528086377634770843e-01 2.949320645092097237e-01 3.632055717958029284e-01 6.678704141865823285e-01 9.319113588462926145e-01 4.651091613095637567e-01 4.298787316704925088e-01 7.804467427658985379e-01 3.743545455231990227e-01 6.749456450446185141e-01 3.115379662033535557e-01 6.481349535250489069e-01
5.485566250380726760e-01 3.052556685828994865e-01 4.880771603226740085e-01 2.103876196136857946e-01 4.842745091816772485e-01 4.980675165570097596e-01 5.071953238849822299e-01 8.813347039279130213e-01 4.235864632199030089e-01 6.781375233336545127e-01 5.174534909841451702e-01 5.263571189014483176e-01 7.980273764740959397e-01 1.812874368789848534e-01 1.372991959484258784e-01 6.894807477673874363e-01 2.655206737277072127e-01 4.978500591322795321e-01 0.000000000000000000e+00 8.115168721483463354e-01 5.906048865339987852e-01 3.896025098151918442e-01 8.130591157527908841e-01 8.875664800081775052e-01 7.423562087277789656e-01 5.629118445622064426e-01 5.203295555064408884e-01 7.953301328935985515e-01 7.176790936574185542e-01 7.515077839687807071e-01 5.059717696537932019e-01 1.846406076462394630e-01 4.641269702746083636e-01 2.775983933237491375e-02 4.733288635534939615e-01
9.524844513856527417e-01 6.678021005909930974e-01 7.441605578159149470e-01 4.053255528532203056e-01 5.078109414338993766e-01 6.203705437956756885e-01 2.989606190175448930e-01 2.411154291148019935e-01 5.320387955333369945e-01 3.227869655174757657e-01 4.760171212697402177e-01 9.988695548930648371e-02 3.149119342870936311e-01 5.041536004242167524e-01 8.410307448576833655e-01 4.636911092801243583e-01 4.582739393520995352e-01 1.979869940688054331e-01 8.115168721483463354e-01 0.000000000000000000e+00 8.677497609559715608e-01 4.732306231891869608e-01 7.452089379512691902e-01 4.755744512106028221e-01 1.247652447733851311e-01 8.928237961191662908e-01 4.700118367377931206e-01 3.171921307167293591e-01 5.970909967041069244e-01 4.461132985169233844e-01 3.607196445205656521e-01 5.764645077684527052e-02 3.271658591632949920e-01 2.797398802189117184e-01 3.557413055965082394e-01
7.660160633210798542e-01 2.863736714485936030e-01 5.161834547056358691e-01 8.098474374231776629e-01 4.139139748154419540e-01 9.085075496548151719e-01 3.383467147584307000e-01 9.563143229156042535e-01 5.510631450348456584e-01 5.371204481935323294e-01 4.871482812672581209e-01 4.522899065106303906e-01 2.799912544793164981e-01 5.387371487360920197e-01 9.495514673436002973e-01 8.736863507519826433e-01 7.684396730727289793e-01 6.191177876248669110e-01 5.906048865339987852e-01 8.677497609559715608e-01 0.000000000000000000e+00 7.312876960605230181e-02 5.206311068006930221e-01 2.071081561062823595e-01 2.105236655678442981e-01 9.329566805434074128e-01 6.553788790722930857e-01 4.937280000415258385e-01 4.158368016710372039e-01 7.518995265935277672e-01 9.209764920476737338e-02 3.408750931112205507e-01 2.536227798785000154e-01 8.027334846717983918e-01 7.296368235810686276e-01
7.375102572463951844e-01 9.446479972720817075e-01 5.926046454462375879e-01 5.161054090674244144e-01 6.409708975357926164e-01 4.034770779682341768e-01 7.242354515238098589e-01 6.420513141501926757e-01 4.233095126323588309e-01 6.140448937195728263e-01 6.373123474922999243e-01 2.675636658368893972e-01 7.150474245276108309e-01 2.982330962184686629e-01 5.034908899309773478e-01 8.322148914341012116e-01 4.960993562356366682e-01 4.832134374172203928e-01 3.896025098151918442e-01 4.732306231891869608e-01 7.312876960605230181e-02 0.000000000000000000e+00 4.612493512138620133e-01 5.990058593718460278e-01 5.936626568873563103e-01 3.800379754938517096e-01 7.205347971460343004e-01 8.180987683524965082e-01 5.779373205361464372e-01 5.177753215183161783e-01 6.408963734831626402e-01 9.080757821842484478e-01 4.138943865543305289e-01 7.595831592504207475e-01 9.108177792963642050e-01
5.514052584644311139e-01 3.563944157987157801e-01 6.800337443400140680e-01 6.954785331662696191e-01 7.915639510730629880e-01 8.423459121218458412e-01 4.928454510524732934e-01 5.496343933919644043e-01 6.710611521367830790e-01 5.840453531956655286e-01 3.312388945442785726e-01 6.188425151760331699e-01 3.369849124548029984e-02 7.538224105355164628e-01 5.280482257204113239e-01 3.431209548915024055e-01 7.307905548943833818e-01 4.174701899653218140e-01 8.130591157527908841e-01 7.452089379512691902e-01 5.206311068006930221e-01 4.612493512138620133e-01 0.000000000000000000e+00 3.840641988332319512e-01 2.321623048596854755e-01 8.663565539128788018e-01 5.624342980864920349e-01 6.044300562056131865e-01 3.488984226604252004e-01 7.297247515337769164e-01 1.081922021872288031e-01 4.755331380752929049e-01 2.375115677903781308e-01 5.478608157566073888e-01 6.241115087091537728e-01
7.419376386475431406e-01 1.002318261540848243e-01 5.796679725925055759e-01 8.820319107481746634e-01 4.262181811987430513e-01 7.757009805239032385e-01 5.448248525081675897e-01 5.141763979056093170e-01 2.299833018649618532e-01 1.961463962337900435e-01 7.030012376710288446e-01 6.187283766177931188e-01 4.382768002059171941e-01 7.689520525713360311e-01 4.125409143806414991e-01 5.960094773019589676e-01 5.074631892763544760e-01 6.528086377634770843e-01 8.875664800081775052e-01 4.755744512106028221e-01 2.071081561062823595e-01 5.990058593718460278e-01 3.840641988332319512e-01 0.000000000000000000e+00 1.771822106741008929e-01 5.919745786076919813e-01 4.876226628290745158e-01 8.358371729438091036e-01 6.097221071084520938e-01 2.213723247723314858e-01 5.176883390243116612e-01 4.616293600763383131e-01 5.332667474469318103e-01 8.307794122317599950e-01 2.439497208042747667e-01
3.656679503864120884e-01 6.083556179968800937e-01 8.023912242316233456e-01 3.273818486938108729e-01 2.824151018589712292e-01 5.344106444056191396e-01 6.814464819149699260e-01 5.580743050360056356e-01 7.758794257122010318e-01 7.585788997491710317e-01 4.806042717368186334e-01 7.062172882647765881e-01 8.410921681338884293e-01 4.146821825040677423e-01 8.560951749262880606e-01 5.215679358780562769e-01 8.844385852016728444e-02 2.949320645092097237e-01 7.423562087277789656e-01 1.247652447733851311e-01 2.105236655678442981e-01 5.936626568873563103e-01 2.321623048596854755e-01 1.771822106741008929e-01 0.000000000000000000e+00 3.535630492127839752e-01 8.970419330135017688e-01 7.843289892282367948e-01 9.128671990074486153e-01 6.466517931448336753e-01 6.976874951440841244e-01 2.809444328253055678e-01 7.929608968044064010e-01 6.322660024976799464e-01 4.176831446245021784e-01
6.023772159510510926e-01 3.616816809631007157e-02 7.134371737479863196e-01 3.631576903194837502e-01 7.718958337332172404e-01 5.335688467952119929e-01 4.953930490229914718e-01 5.266254775130865262e-01 6.998673133940054303e-01 5.294025111415102680e-01 2.487858116271183806e-01 6.803575549880654938e-01 4.161723295604682904e-01 6.080955531246980961e-01 4.153608215026995398e-01 7.031852356171230944e-02 9.107974783644432470e-01 3.632055717958029284e-01 5.629118445622064426e-01 8.928237961191662908e-01 9.329566805434074128e-01 3.800379754938517096e-01 8.663565539128788018e-01 5.919745786076919813e-01 3.535630492127839752e-01 0.000000000000000000e+00 8.547312685985928304e-01 7.857038010553882845e-01 6.092000631069467431e-01 6.533973559354762095e-01 4.713476763669840475e-01 2.787703878650019673e-01 5.887814286790743479e-01 3.444487443980660535e-01 2.331807360385842465e-01
6.466407735741559470e-01 5.866492175988082813e-01 1.321857574875229258e-01 8.850954695966137820e-01 1.271784552030139626e-01 6.343170971722633666e-01 4.070910158926307476e-01 4.632931032930582838e-01 3.805220775526372279e-01 1.603422932374587440e-01 6.623790265321496396e-01 5.262215081881891354e-01 5.344057907739880875e-01 4.862063407489731759e-01 3.362247495634752559e-01 6.788346130516311749e-01 5.281920439287199898e-01 6.678704141865823285e-01 5.203295555064408884e-01 4.700118367377931206e-01 6.553788790722930857e-01 7.205347971460343004e-01 5.624342980864920349e-01 4.876226628290745158e-01 8.970419330135017688e-01 8.547312685985928304e-01 0.000000000000000000e+00 8.620711387584860663e-01 2.385469911689624134e-01 7.897332614597036837e-01 7.298561289193420398e-01 6.198296943070070730e-01 5.768207588126957885e-01 6.871070515217042596e-01 3.365265590937785989e-01
4.407349559673551243e-01 3.287253448550996882e-01 8.167291566855283680e-01 7.750369548171647249e-01 3.736846537430538739e-01 8.696663188089739371e-01 4.214418957423272660e-01 2.095571472381904110e-01 7.481965829402892343e-01 3.641907002954478667e-01 5.479488305276706273e-01 4.878017301310710319e-01 9.491165371711975940e-01 6.506844690616597759e-01 6.785952905453140893e-02 4.465064814618789901e-01 5.192524957338571223e-01 9.319113588462926145e-01 7.953301328935985515e-01 3.171921307167293591e-01 4.937280000415258385e-01 8.180987683524965082e-01 6.044300562056131865e-01 8.358371729438091036e-01 7.843289892282367948e-01 7.857038010553882845e-01 8.620711387584860663e-01 0.000000000000000000e+00 4.080249755749744134e-01 6.124319322446059033e-01 4.531293349036554785e-01 6.989846826494910959e-01 3.152845583697212462e-01 1.746117748214787158e-01 7.013445136124115686e-01
7.960458491878648069e-01 6.989420146469059736e-01 2.953073504200424138e-01 7.403024188024807106e-01 2.603346092643874510e-01 6.954512352740029879e-01 4.803885396384380280e-01 2.358570867800690030e-01 8.449133864486144674e-01 7.987261231297704267e-01 1.602160172920239489e-01 4.459495275694292382e-01 6.536075958922867857e-01 2.814690310374596827e-01 5.307147505121271314e-01 1.012205522094832277e-01 5.228467406409135210e-01 4.651091613095637567e-01 7.176790936574185542e-01 5.970909967041069244e-01 4.158368016710372039e-01 5.779373205361464372e-01 3.488984226604252004e-01 6.097221071084520938e-01 9.128671990074486153e-01 6.092000631069467431e-01 2.385469911689624134e-01 4.080249755749744134e-01 0.000000000000000000e+00 6.507800783682763379e-01 5.634289508667641444e-01 4.234626727139387814e-01 8.838280433121127322e-01 8.832908438754738523e-01 4.554784136590998012e-01
5.547035940543567634e-01 5.678173191732689418e-01 6.708508550572210849e-01 5.703603641346089992e-01 9.171437249441660722e-01 5.866716867519830014e-01 6.358143609179383038e-01 4.650419236224537789e-01 7.196328917348866483e-01 1.471849610565363342e-01 4.348128900441728395e-01 5.017130634179830517e-01 8.371759353649882440e-01 4.162097499282046975e-01 3.462281722462500211e-01 4.948773438639864075e-01 9.400289535664518858e-02 4.298787316704925088e-01 7.515077839687807071e-01 4.461132985169233844e-01 7.518995265935277672e-01 5.177753215183161783e-01 7.297247515337769164e-01 2.213723247723314858e-01 6.466517931448336753e-01 6.533973559354762095e-01 7.897332614597036837e-01 6.124319322446059033e-01 6.507800783682763379e-01 0.000000000000000000e+00 3.741236343957026200e-01 2.397177149356841674e-01 2.744701864029452931e-01 2.393103543856233140e-01 8.769680815441349697e-01
7.355285777502481581e-01 7.135893083946358573e-01 2.065288994023714020e-01 6.597489094432740231e-01 2.522639620029282215e-01 5.189548331311724105e-01 6.505187874480888865e-01 5.495604134177608513e-01 8.764762969982115015e-01 9.072392750347465507e-01 5.271540301220389857e-01 7.006806080844798501e-01 5.474458748174854117e-01 5.688807304709784241e-01 6.616004548645315619e-02 3.659937617537598054e-01 3.851598412416131767e-01 7.804467427658985379e-01 5.059717696537932019e-01 3.607196445205656521e-01 9.209764920476737338e-02 6.408963734831626402e-01 1.081922021872288031e-01 5.176883390243116612e-01 6.976874951440841244e-01 4.713476763669840475e-01 7.298561289193420398e-01 4.531293349036554785e-01 5.634289508667641444e-01 3.741236343957026200e-01 0.000000000000000000e+00 7.217511600964844343e-01 6.662807227543996458e-01 8.423071185708764785e-01 5.096115937102667637e-01
6.793528593446092056e-01 6.850620877982620538e-01 6.820142357909795283e-01 3.051243916172686754e-01 3.539744086314460803e-01 6.728805770443132550e-01 2.691810375421334056e-01 1.903905683321842623e-01 6.282330000731274344e-01 8.784253741509970848e-01 8.241081160698595642e-01 7.779968792476711359e-01 7.680542229415453503e-01 1.485830603010933615e-01 3.858635841279358103e-01 7.736048459987541204e-01 4.237943565181946370e-01 3.743545455231990227e-01 1.846406076462394630e-01 5.764645077684527052e-02 3.408750931112205507e-01 9.080757821842484478e-01 4.755331380752929049e-01 4.616293600763383131e-01 2.809444328253055678e-01 2.787703878650019673e-01 6.198296943070070730e-01 6.989846826494910959e-01 4.234626727139387814e-01 2.397177149356841674e-01 7.217511600964844343e-01 0.000000000000000000e+00 5.803491503653570582e-01 6.033524117937258957e-01 4.701443038427582932e-01
4.841426208149677834e-01 5.043655371417953281e-01 2.461047248995137382e-01 3.661420737068029063e-01 7.519219989053214093e-01 5.260808098568126034e-01 3.670463580843630336e-01 8.875536795669525247e-01 3.912300669120916119e-01 6.969104655699303041e-01 2.920010246640901697e-01 5.117464630647767798e-01 7.802455351714003839e-01 6.516442352190014997e-01 5.376896043113397194e-01 2.553798293220732596e-02 5.570603161982052853e-01 6.749456450446185141e-01 4.641269702746083636e-01 3.271658591632949920e-01 2.536227798785000154e-01 4.138943865543305289e-01 2.375115677903781308e-01 5.332667474469318103e-01 7.929608968044064010e-01 5.887814286790743479e-01 5.768207588126957885e-01 3.152845583697212462e-01 8.838280433121127322e-01 2.744701864029452931e-01 6.662807227543996458e-01 5.803491503653570582e-01 0.000000000000000000e+00 7.819887989302645170e-01 4.643854611376214692e-01
3.353529057151356518e-01 8.015273867868056845e-01 6.400673899318887194e-01 8.304527257203204726e-01 5.986495772067882415e-01 7.562614264661573493e-01 4.505837525023158596e-01 6.934884288616451897e-01 3.703864377598204971e-01 7.508433392849263033e-01 7.466232441314337720e-01 5.964473581240770095e-01 1.695930471761312175e-01 7.025480998512945163e-01 8.413447758762209183e-01 6.674556929297246199e-01 7.831228143017245902e-01 3.115379662033535557e-01 2.775983933237491375e-02 2.797398802189117184e-01 8.027334846717983918e-01 7.595831592504207475e-01 5.478608157566073888e-01 8.307794122317599950e-01 6.322660024976799464e-01 3.444487443980660535e-01 6.871070515217042596e-01 1.746117748214787158e-01 8.832908438754738523e-01 2.393103543856233140e-01 8.423071185708764785e-01 6.033524117937258957e-01 7.819887989302645170e-01 0.000000000000000000e+00 3.392131108821400121e-01
6.554931975827646973e-01 8.711106992725763387e-01 4.970728844770514465e-01 8.284204188495087884e-01 4.694607448196077559e-01 4.712246521936847010e-01 9.613438824973663532e-02 8.708449640273483450e-01 8.965377457936690719e-01 9.865736439359251708e-02 4.705278763631910444e-01 2.906829332962960200e-01 4.662672580771706765e-01 3.567735249981116574e-01 1.269730625033779203e-01 6.534772179546858295e-01 8.704145266991618612e-01 6.481349535250489069e-01 4.733288635534939615e-01 3.557413055965082394e-01 7.296368235810686276e-01 9.108177792963642050e-01 6.241115087091537728e-01 2.439497208042747667e-01 4.176831446245021784e-01 2.331807360385842465e-01 3.365265590937785989e-01 7.013445136124115686e-01 4.554784136590998012e-01 8.769680815441349697e-01 5.096115937102667637e-01 4.701443038427582932e-01 4.643854611376214692e-01 3.392131108821400121e-01 0.000000000000000000e+00
