0.000000000000000000e+00 4.918147503965352718e-01 5.415321209906749367e-01 6.315552929493036816e-01 6.003443864123119145e-01 1.007169150084715747e-01 3.566200901620398822e-01 2.293195135946781704e-01 5.409182161167875869e-01 5.380172473248273635e-01 2.221660019697430100e-01 3.901349488138612376e-01 6.013014723785095050e-01 3.038632392209099642e-01 3.334843065160531528e-01 2.375896595177912629e-01 6.669874697733112479e-01 4.880270731850085419e-01 3.250754587688304831e-01 4.901520168994510929e-01 7.548860954751677177e-01 7.276456077119970445e-01 3.014248401395658861e-01 5.426414868703852701e-01 4.269669133695662699e-01 4.702967041035721607e-01 4.521203971347211859e-01 3.477960145233515710e-01 4.536860376673937933e-01 3.273672699495595584e-01 4.056786602263162678e-02 4.798631880166875363e-01 8.379099858717581339e-01 1.826269521257811723e-01 1.908147572742765474e-01
4.918147503965352718e-01 0.000000000000000000e+00 5.941885900547412280e-01 4.108944442786082174e-01 7.041354592117454736e-01 6.494921432387836813e-01 6.935194926619578926e-01 4.617499560568937289e-01 5.592323404074920346e-01 4.086181837366041347e-01 2.898890600247578941e-01 3.131601534117118835e-01 4.428494529845805605e-01 3.696222419833272710e-02 6.392077736185182157e-01 6.010254501771130631e-01 5.066030879803945508e-01 2.970421379548808805e-01 8.453223445996105312e-02 8.140702654418656703e-01 6.602713587697071063e-01 2.109305299831825131e-01 6.586886105506699618e-01 6.703350250382424935e-01 4.996086133045438138e-01 4.621916213709347243e-01 6.900802331534345857e-01 8.099173059116429041e-01 5.080339370019093526e-01 5.955026748299616646e-01 3.533166284447025740e-01 8.891556284728798776e-01 1.363499892668588176e-01 4.289041963048687012e-01 8.397865745407118165e-01
5.415321209906749367e-01 5.941885900547412280e-01 0.000000000000000000e+00 4.398272710349490633e-01 3.003989775247746796e-01 4.733627484650961281e-01 3.947778869217863362e-01 7.411430067854496428e-02 2.122702790794089855e-01 4.310086326401689205e-01 6.940334950107461820e-01 2.398542416403534605e-01 3.302749759877917635e-01 5.291421888553338171e-01 4.551803524474002938e-01 6.433439043955559988e-01 4.787770544621803293e-01 3.204245104741681449e-01 5.975930160121427637e-01 8.000925350385872381e-01 6.273227154825393725e-01 8.509408684234478493e-01 5.709319939365098406e-01 2.961970502931777216e-01 4.581764203690172899e-01 6.124228764112760182e-01 3.595531876230138035e-01 5.664170850619082431e-01 6.846048929980622644e-01 2.449216847846630851e-01 3.630196443543328710e-01 4.483863510972511124e-01 4.511086843654126266e-01 6.435309871832780582e-01 7.500116997015586762e-01
6.315552929493036816e-01 4.108944442786082174e-01 4.398272710349490633e-01 0.000000000000000000e+00 5.739619538130045218e-01 9.276103666123233227e-01 5.075910949698145824e-01 2.756500282599166907e-01 2.971241024090568450e-01 4.352794983859507028e-01 3.347802830743136226e-01 9.075334446341465355e-02 6.724179551608113758e-01 4.143991833328348751e-01 2.333245973530157225e-01 5.826339076292068597e-01 6.917730152519317999e-01 7.177310859810477339e-01 1.191771745610812339e-01 8.760431709660665422e-01 1.601285415666754419e-01 4.685531834744119384e-01 3.906802961209075997e-01 4.828486453208096774e-01 7.619917445239932086e-02 5.472671580705721350e-01 4.126136543568129644e-01 8.563890505384272878e-01 5.570302120203592944e-01 1.905582912143943819e-01 2.296355841522191299e-01 8.307550865154516018e-01 8.608874513695616848e-01 8.247210849024493307e-01 9.260564199026655174e-01
6.003443864123119145e-01 7.041354592117454736e-01 3.003989775247746796e-01 5.739619538130045218e-01 0.000000000000000000e+00 4.462875225683485270e-01 5.609936791053351524e-01 4.623376260729836762e-01 7.853387491051335711e-01 5.234065938534496754e-01 3.740573628271953721e-01 4.898310568877933813e-01 7.064954292283311954e-01 4.973649338640735995e-01 4.760863043518563931e-01 3.473344742601273683e-01 5.610454639277280275e-01 7.259329155055014304e-01 1.822718698411760485e-01 8.057477117315086090e-01 6.212875647509022992e-01 4.780570153192256200e-01 3.716077835074186320e-01 5.895169869651186723e-01 3.792876912544790313e-01 4.173870173448711030e-01 4.007197547995628994e-01 3.584737475572692400e-01 5.369660409209606744e-01 1.633478992825098119e-01 7.055057671019167032e-01 7.717564354326547083e-01 5.772637048225259804e-01 8.031005559536014138e-01 3.370042416193637091e-01
1.007169150084715747e-01 6.494921432387836813e-01 4.733627484650961281e-01 9.276103666123233227e-01 4.462875225683485270e-01 0.000000000000000000e+00 4.920785813016836929e-01 7.846932943029746310e-01 6.111105091362397657e-01 2.090882057375077485e-01 9.813693708713400188e-01 4.387207476631315162e-01 7.588608344065816969e-01 8.281572466240734176e-01 2.248156688621210098e-01 5.223056755643125104e-01 6.189741656985520146e-01 5.223625604512399656e-01 4.880515309352425057e-01 3.624099385856903721e-01 1.423456873120638733e-01 4.149441481464042902e-01 8.061399090838835546e-01 9.693527195172146893e-02 2.623289538261278642e-01 3.136958437422697754e-01 5.841102775554314341e-01 1.201155808682007331e-01 6.055758940852669081e-01 4.953212568643746150e-01 2.434008728547324973e-01 5.221050260098154538e-01 1.871734828269425721e-01 4.092206764766758154e-01 7.332301035911545917e-01
3.566200901620398822e-01 6.935194926619578926e-01 3.947778869217863362e-01 5.075910949698145824e-01 5.609936791053351524e-01 4.920785813016836929e-01 0.000000000000000000e+00 3.645479877911071975e-01 6.912644085758399282e-01 1.557824831941041488e-01 4.909331704233780291e-01 1.388380188661947345e-01 6.413689113380582896e-01 3.127678033166136906e-01 5.298764498270034373e-01 8.710041978831823961e-01 6.176324626123936845e-01 7.677410739777017490e-01 7.282856499699182917e-01 9.775985451352509070e-02 4.986990702186328006e-01 5.520096350801547702e-01 3.795809020493754460e-01 6.072696966638806426e-01 4.784073231189079345e-01 3.902284028309844777e-01 4.629684199372344766e-01 8.429065325102278461e-01 5.458344218559507688e-01 6.680102891763883832e-01 7.019947790688878531e-01 4.496087957636485388e-02 3.464114628288321729e-01 1.115068228025352659e-01 4.703905266605484248e-01
2.293195135946781704e-01 4.617499560568937289e-01 7.411430067854496428e-02 2.756500282599166907e-01 4.623376260729836762e-01 7.846932943029746310e-01 3.645479877911071975e-01 0.000000000000000000e+00 3.891174482714537808e-01 4.523226768886118854e-01 7.505906918914564407e-01 6.054056310160171872e-01 8.394936083216752998e-01 6.552517699531889006e-01 3.692634369539285477e-01 6.164376960692021790e-01 8.185029361954545557e-01 7.567015342207783490e-02 6.385130457041938712e-01 8.577374792176275520e-01 2.850634320582329240e-01 8.913744228594502328e-01 7.237364314605574389e-01 4.414993581804907974e-01 3.868567224167527296e-01 1.591014489655399045e-01 6.199252901257238380e-01 7.493659527131742992e-01 6.969736932830828957e-01 4.915323634827215571e-01 7.329529597328390267e-01 4.124842487796219759e-01 6.357153226948487612e-01 1.650043747541273254e-01 3.006985251349327815e-01
5.409182161167875869e-01 5.592323404074920346e-01 2.122702790794089855e-01 2.971241024090568450e-01 7.853387491051335711e-01 6.111105091362397657e-01 6.912644085758399282e-01 3.891174482714537808e-01 0.000000000000000000e+00 2.938396396640068353e-01 5.893930019848719892e-01 3.845478259449701119e-01 2.529475646051347892e-01 6.666511394736039930e-01 3.558561255904209020e-01 1.748737151309948112e-01 6.605681431717838059e-01 4.987063906748336883e-01 5.238229741411486451e-01 3.394626290680677894e-01 7.937448339463837321e-01 4.749782868310510331e-01 5.076449860933506253e-01 6.623098358514454276e-01 9.815939205448879212e-01 9.215682306378463196e-01 1.480411388047919719e-01 4.943253215201315887e-01 8.461503607523139792e-01 6.957413371064717911e-01 3.243498057897657993e-01 7.513311449067783254e-02 5.260203186708900525e-01 4.253649958644512008e-01 5.033416476274125140e-01
5.380172473248273635e-01 4.086181837366041347e-01 4.310086326401689205e-01 4.352794983859507028e-01 5.234065938534496754e-01 2.090882057375077485e-01 1.557824831941041488e-01 4.523226768886118854e-01 2.938396396640068353e-01 0.000000000000000000e+00 7.901802171429814781e-01 8.779038741015142699e-01 7.126742770132459270e-01 4.343168006505401246e-01 7.976386209321766341e-01 3.149410232689889844e-01 5.770520243841088526e-01 5.261775634852789985e-01 7.282266298404367344e-01 6.259330249662938828e-01 6.514046354701065189e-01 5.609921621065023789e-01 4.925256783337230715e-01 6.772312798376545206e-01 2.573814866346958441e-01 5.074317636204892512e-01 8.431446134684426053e-01 6.059662291626441988e-01 7.072411357993305669e-01 7.722170999087594190e-01 3.979114401666428158e-01 5.326208777490968327e-01 2.371349383331143867e-01 4.967434801307979431e-02 5.993042914227244555e-01
2.221660019697430100e-01 2.898890600247578941e-01 6.940334950107461820e-01 3.347802830743136226e-01 3.740573628271953721e-01 9.813693708713400188e-01 4.909331704233780291e-01 7.505906918914564407e-01 5.893930019848719892e-01 7.901802171429814781e-01 0.000000000000000000e+00 3.495176004878295384e-01 5.139163547473978300e-01 7.662287274852572772e-01 9.512977326725311489e-01 7.666153412639857834e-01 5.778554079650086717e-01 4.010490650232912957e-01 8.586304628603182998e-01 2.737190252487088360e-01 4.342536096139862911e-01 5.605853243790217544e-01 3.297531979950911740e-01 7.611147068876847888e-01 2.455488810274091271e-01 5.149270546619338917e-01 7.089048306179309700e-01 5.606095227010331472e-01 6.044090314056803637e-01 5.966659810750204462e-01 5.331726548748061401e-01 4.522678813504591444e-01 2.882274736274872406e-01 4.154568376797431184e-01 3.988798787943355073e-01
3.901349488138612376e-01 3.131601534117118835e-01 2.398542416403534605e-01 9.075334446341465355e-02 4.898310568877933813e-01 4.387207476631315162e-01 1.388380188661947345e-01 6.054056310160171872e-01 3.845478259449701119e-01 8.779038741015142699e-01 3.495176004878295384e-01 0.000000000000000000e+00 4.504822646911407769e-01 2.072971589043414720e-01 1.846237682597909324e-01 8.823992982289476927e-01 1.187070982999938185e-01 8.642360625898966031e-01 5.246762947074199435e-01 7.566769095676120216e-01 2.946246264516750868e-01 1.226557737705889495e-01 2.705684492210908010e-01 4.896460127320405586e-01 8.374409575232646397e-01 3.167330622998603129e-01 4.622302096997761289e-01 2.147741466372589669e-01 7.691527691181397897e-01 1.821642946970085664e-01 3.627346381390799124e-01 3.213284194424588236e-01 4.735464661399066966e-01 6.926324540530330864e-01 5.312395253100563597e-01
6.013014723785095050e-01 4.428494529845805605e-01 3.302749759877917635e-01 6.724179551608113758e-01 7.064954292283311954e-01 7.588608344065816969e-01 6.413689113380582896e-01 8.394936083216752998e-01 2.529475646051347892e-01 7.126742770132459270e-01 5.139163547473978300e-01 4.504822646911407769e-01 0.000000000000000000e+00 4.649513413563255426e-01 8.809367063881085036e-01 5.650628739148749746e-01 5.927319279021159293e-01 5.735800142346083597e-01 5.496770911145458793e-01 3.410054195389318199e-01 6.371244074864351736e-01 4.268955770760739510e-01 3.057855775137287013e-01 8.905435306767252035e-01 1.436590271959422571e-01 3.514790143431327230e-01 3.708163369149508060e-01 5.480819321163877822e-01 5.196034837124374750e-01 9.111543726040400859e-01 4.027333728741151475e-01 1.436614102189500697e-01 4.202310397417438614e-01 4.285491934511535539e-01 4.339187775131116420e-01
3.038632392209099642e-01 3.696222419833272710e-02 5.291421888553338171e-01 4.143991833328348751e-01 4.973649338640735995e-01 8.281572466240734176e-01 3.127678033166136906e-01 6.552517699531889006e-01 6.666511394736039930e-01 4.343168006505401246e-01 7.662287274852572772e-01 2.072971589043414720e-01 4.649513413563255426e-01 0.000000000000000000e+00 1.784502184845483397e-01 7.010759086993663125e-01 5.603816710151763303e-01 5.561876439495597735e-01 7.994358153003215950e-01 1.040196500663580492e-01 2.486020355711747176e-01 5.446598755256086832e-01 2.006253502661449195e-01 5.199236365963777473e-02 4.536248221637566580e-01 7.313352097770351445e-01 4.929456156438808412e-01 3.194751029811863652e-01 8.262461447834301698e-01 8.480627016068642554e-01 6.598766158613167399e-02 6.257414030962367146e-01 3.973666097502784877e-01 6.501599024127815429e-01 3.624484107207799344e-01
3.334843065160531528e-01 6.392077736185182157e-01 4.551803524474002938e-01 2.333245973530157225e-01 4.760863043518563931e-01 2.248156688621210098e-01 5.298764498270034373e-01 3.692634369539285477e-01 3.558561255904209020e-01 7.976386209321766341e-01 9.512977326725311489e-01 1.846237682597909324e-01 8.809367063881085036e-01 1.784502184845483397e-01 0.000000000000000000e+00 9.511902450137061926e-01 1.673786106346880631e-01 4.784169524501385995e-01 3.592311696257390330e-01 5.630889128159816126e-02 7.215463455256732050e-01 8.437322374616240683e-01 4.274159864805481268e-01 2.211321862819276007e-01 7.436826083397973797e-01 2.366476832053502899e-01 4.278545070252938176e-01 6.482036936434802943e-01 4.372196401238000463e-01 5.072025049454839118e-01 8.876823044535389062e-01 1.416935562216746769e-01 7.402674548802032906e-01 8.387139039001412222e-01 4.346138037433268098e-01
2.375896595177912629e-01 6.010254501771130631e-01 6.433439043955559988e-01 5.826339076292068597e-01 3.473344742601273683e-01 5.223056755643125104e-01 8.710041978831823961e-01 6.164376960692021790e-01 1.748737151309948112e-01 3.149410232689889844e-01 7.666153412639857834e-01 8.823992982289476927e-01 5.650628739148749746e-01 7.010759086993663125e-01 9.511902450137061926e-01 0.000000000000000000e+00 4.440280095897943813e-01 5.923883111261017964e-01 5.469417822413573660e-01 4.793510814338846071e-01 6.693993978412557944e-01 4.814942221414508783e-01 5.085878172836364453e-01 3.170777764783265229e-01 8.662028796010052822e-01 8.031646105140052283e-01 8.878661441505935059e-01 1.432971201946787732e-01 4.496096380843164209e-01 4.292943008894869461e-01 5.014191833476118187e-01 3.657058291200827593e-01 1.316256034907450356e-01 2.551600580693362819e-01 4.611415153211588791e-01
6.669874697733112479e-01 5.066030879803945508e-01 4.787770544621803293e-01 6.917730152519317999e-01 5.610454639277280275e-01 6.189741656985520146e-01 6.176324626123936845e-01 8.185029361954545557e-01 6.605681431717838059e-01 5.770520243841088526e-01 5.778554079650086717e-01 1.187070982999938185e-01 5.927319279021159293e-01 5.603816710151763303e-01 1.673786106346880631e-01 4.440280095897943813e-01 0.000000000000000000e+00 2.411416318178185858e-01 3.865861438800414773e-01 4.047312178834029384e-01 9.173798924084801687e-01 5.906386016754552326e-01 5.675980882461260091e-01 1.484370339613617640e-01 4.442859748678871790e-01 7.518957204401899297e-01 1.997375612116272792e-01 7.561646538277894125e-01 3.779805611944471178e-01 4.599434974448552982e-01 8.603540266843705542e-01 8.451995831520071611e-01 9.082369066553398484e-01 2.581188264994097592e-01 2.099008521204631106e-01
4.880270731850085419e-01 2.970421379548808805e-01 3.204245104741681449e-01 7.177310859810477339e-01 7.259329155055014304e-01 5.223625604512399656e-01 7.677410739777017490e-01 7.567015342207783490e-02 4.987063906748336883e-01 5.261775634852789985e-01 4.010490650232912957e-01 8.642360625898966031e-01 5.735800142346083597e-01 5.561876439495597735e-01 4.784169524501385995e-01 5.923883111261017964e-01 2.411416318178185858e-01 0.000000000000000000e+00 5.544745794261347616e-01 7.779907898620359585e-01 4.280578425454791280e-01 4.799750865277950806e-01 1.613655433984111376e-01 5.408440840718218290e-01 8.119785135671183651e-01 7.722045041987022351e-01 2.264888499333359562e-01 6.249996399984110163e-01 5.629701494583535526e-01 5.763614819509279563e-01 5.250609683308835596e-01 4.882875407298534198e-01 5.223851233512233350e-01 4.127654173280865257e-01 7.986976790276901772e-01
3.250754587688304831e-01 8.453223445996105312e-02 5.975930160121427637e-01 1.191771745610812339e-01 1.822718698411760485e-01 4.880515309352425057e-01 7.282856499699182917e-01 6.385130457041938712e-01 5.238229741411486451e-01 7.282266298404367344e-01 8.586304628603182998e-01 5.246762947074199435e-01 5.496770911145458793e-01 7.994358153003215950e-01 3.592311696257390330e-01 5.469417822413573660e-01 3.865861438800414773e-01 5.544745794261347616e-01 0.000000000000000000e+00 4.591768900497569250e-01 4.968511506541964384e-01 7.333496511501585990e-01 3.799124166529980196e-01 4.746964655974326153e-01 2.673264053826826525e-01 6.700036704702805324e-01 6.904491503806129415e-01 8.953245801915117319e-01 4.340793090832218426e-01 4.066860129729834572e-01 1.485868858109981039e-01 3.602998167401250118e-01 2.219265118064703279e-01 5.624159705408282584e-01 2.202006665651083384e-01
4.901520168994510929e-01 8.140702654418656703e-01 8.000925350385872381e-01 8.760431709660665422e-01 8.057477117315086090e-01 3.624099385856903721e-01 9.775985451352509070e-02 8.577374792176275520e-01 3.394626290680677894e-01 6.259330249662938828e-01 2.737190252487088360e-01 7.566769095676120216e-01 3.410054195389318199e-01 1.040196500663580492e-01 5.630889128159816126e-02 4.793510814338846071e-01 4.047312178834029384e-01 7.779907898620359585e-01 4.591768900497569250e-01 0.000000000000000000e+00 5.321337811376658511e-01 6.716950719954745130e-01 5.944606856603259493e-01 4.566456326029271762e-01 1.647261471070536887e-01 5.322840624100352303e-01 6.442805547209213834e-01 5.345635215845758736e-01 4.558918795807072044e-01 3.821913007709437093e-01 3.288264174712722809e-01 4.206539668077353133e-01 4.908931895679619073e-01 7.334297586250091427e-01 3.867267755262516760e-01
7.548860954751677177e-01 6.602713587697071063e-01 6.273227154825393725e-01 1.601285415666754419e-01 6.212875647509022992e-01 1.423456873120638733e-01 4.986990702186328006e-01 2.850634320582329240e-01 7.937448339463837321e-01 6.514046354701065189e-01 4.342536096139862911e-01 2.946246264516750868e-01 6.371244074864351736e-01 2.486020355711747176e-01 7.215463455256732050e-01 6.693993978412557944e-01 9.173798924084801687e-01 4.280578425454791280e-01 4.968511506541964384e-01 5.321337811376658511e-01 0.000000000000000000e+00 6.063190992294862358e-01 9.330052703567655037e-01 4.658986205390689417e-01 7.442925068669190569e-01 5.253081132088441851e-01 7.549151930785880094e-01 5.455255853778311348e-01 8.401072183797988480e-01 5.037923348858809325e-01 7.934328337283447219e-01 8.339885792542567344e-01 1.285143977343220500e-01 2.911701506214250945e-01 7.928107115883640255e-01
7.276456077119970445e-01 2.109305299831825131e-01 8.509408684234478493e-01 4.685531834744119384e-01 4.780570153192256200e-01 4.149441481464042902e-01 5.520096350801547702e-01 8.913744228594502328e-01 4.749782868310510331e-01 5.609921621065023789e-01 5.605853243790217544e-01 1.226557737705889495e-01 4.268955770760739510e-01 5.446598755256086832e-01 8.437322374616240683e-01 4.814942221414508783e-01 5.906386016754552326e-01 4.799750865277950806e-01 7.333496511501585990e-01 6.716950719954745130e-01 6.063190992294862358e-01 0.000000000000000000e+00 8.224625407821763989e-01 3.637607191269777163e-01 1.999611207337865237e-01 4.715858232135134998e-01 7.760159868197922250e-01 3.921073757922970415e-01 3.502868862826737373e-01 4.589339642264612107e-01 5.598470948972004146e-01 3.656078132662243796e-01 4.052986830067392687e-01 6.870833815544463707e-01 9.140003853602352013e-01
3.014248401395658861e-01 6.586886105506699618e-01 5.709319939365098406e-01 3.906802961209075997e-01 3.716077835074186320e-01 8.061399090838835546e-01 3.795809020493754460e-01 7.237364314605574389e-01 5.076449860933506253e-01 4.925256783337230715e-01 3.297531979950911740e-01 2.705684492210908010e-01 3.057855775137287013e-01 2.006253502661449195e-01 4.274159864805481268e-01 5.085878172836364453e-01 5.675980882461260091e-01 1.613655433984111376e-01 3.799124166529980196e-01 5.944606856603259493e-01 9.330052703567655037e-01 8.224625407821763989e-01 0.000000000000000000e+00 2.862485570321704476e-01 4.882752730010939679e-01 6.930753730203327301e-01 5.538286093183847347e-01 5.636957254011456531e-01 1.152640753609127655e-01 5.097322241245618724e-01 5.764126875744846057e-01 4.480400457698843764e-01 6.808159658475703147e-01 4.962358708229195337e-01 7.712315280996480116e-01
5.426414868703852701e-01 6.703350250382424935e-01 2.961970502931777216e-01 4.828486453208096774e-01 5.895169869651186723e-01 9.693527195172146893e-02 6.072696966638806426e-01 4.414993581804907974e-01 6.623098358514454276e-01 6.772312798376545206e-01 7.611147068876847888e-01 4.896460127320405586e-01 8.905435306767252035e-01 5.199236365963777473e-02 2.211321862819276007e-01 3.170777764783265229e-01 1.484370339613617640e-01 5.408440840718218290e-01 4.746964655974326153e-01 4.566456326029271762e-01 4.658986205390689417e-01 3.637607191269777163e-01 2.862485570321704476e-01 0.000000000000000000e+00 4.070437497896552959e-01 4.525948580105995656e-01 5.645344012059003713e-01 8.768996214086716146e-02 3.152773993181563483e-01 4.068047327611001851e-01 4.426446328339710412e-01 2.131464420638675694e-01 5.017606704459496303e-01 4.917993581399623393e-01 4.594476575513187777e-01
4.269669133695662699e-01 4.996086133045438138e-01 4.581764203690172899e-01 7.619917445239932086e-02 3.792876912544790313e-01 2.623289538261278642e-01 4.784073231189079345e-01 3.868567224167527296e-01 9.815939205448879212e-01 2.573814866346958441e-01 2.455488810274091271e-01 8.374409575232646397e-01 1.436590271959422571e-01 4.536248221637566580e-01 7.436826083397973797e-01 8.662028796010052822e-01 4.442859748678871790e-01 8.119785135671183651e-01 2.673264053826826525e-01 1.647261471070536887e-01 7.442925068669190569e-01 1.999611207337865237e-01 4.882752730010939679e-01 4.070437497896552959e-01 0.000000000000000000e+00 3.714594546008422871e-01 5.564315222078053402e-01 2.501652808405097628e-01 4.962601080592007885e-01 4.904699565814752416e-01 5.772215719020512559e-01 5.743105056214432569e-01 2.800296402460700218e-01 1.783013747847481123e-01 2.061568640524571450e-01
4.702967041035721607e-01 4.621916213709347243e-01 6.124228764112760182e-01 5.472671580705721350e-01 4.173870173448711030e-01 3.136958437422697754e-01 3.902284028309844777e-01 1.591014489655399045e-01 9.215682306378463196e-01 5.074317636204892512e-01 5.149270546619338917e-01 3.167330622998603129e-01 3.514790143431327230e-01 7.313352097770351445e-01 2.366476832053502899e-01 8.031646105140052283e-01 7.518957204401899297e-01 7.722045041987022351e-01 6.700036704702805324e-01 5.322840624100352303e-01 5.253081132088441851e-01 4.715858232135134998e-01 6.930753730203327301e-01 4.525948580105995656e-01 3.714594546008422871e-01 0.000000000000000000e+00 4.999447142826590196e-01 4.905517165130072743e-01 5.091334774084864678e-01 5.368103060959749095e-01 7.905888980632221896e-01 4.632595333784931269e-01 4.622216371825046966e-01 5.115645592424252763e-01 1.101890548802484937e-01
4.521203971347211859e-01 6.900802331534345857e-01 3.595531876230138035e-01 4.126136543568129644e-01 4.007197547995628994e-01 5.841102775554314341e-01 4.629684199372344766e-01 6.199252901257238380e-01 1.480411388047919719e-01 8.431446134684426053e-01 7.089048306179309700e-01 4.622302096997761289e-01 3.708163369149508060e-01 4.929456156438808412e-01 4.278545070252938176e-01 8.878661441505935059e-01 1.997375612116272792e-01 2.264888499333359562e-01 6.904491503806129415e-01 6.442805547209213834e-01 7.549151930785880094e-01 7.760159868197922250e-01 5.538286093183847347e-01 5.645344012059003713e-01 5.564315222078053402e-01 4.999447142826590196e-01 0.000000000000000000e+00 3.599048449849426845e-01 6.782718890276087098e-01 4.658231490464371793e-01 5.839781919296249679e-01 1.836403357244883461e-01 5.515491539391094156e-01 6.949470627660514488e-01 5.715625020073081819e-01
3.477960145233515710e-01 8.099173059116429041e-01 5.664170850619082431e-01 8.563890505384272878e-01 3.584737475572692400e-01 1.201155808682007331e-01 8.429065325102278461e-01 7.493659527131742992e-01 4.943253215201315887e-01 6.059662291626441988e-01 5.606095227010331472e-01 2.147741466372589669e-01 5.480819321163877822e-01 3.194751029811863652e-01 6.482036936434802943e-01 1.432971201946787732e-01 7.561646538277894125e-01 6.249996399984110163e-01 8.953245801915117319e-01 5.345635215845758736e-01 5.455255853778311348e-01 3.921073757922970415e-01 5.636957254011456531e-01 8.768996214086716146e-02 2.501652808405097628e-01 4.905517165130072743e-01 3.599048449849426845e-01 0.000000000000000000e+00 7.771474627488487164e-01 7.322862295903070917e-01 8.145693568435875553e-01 4.153395313970015268e-01 3.668396129068594025e-01 3.763389589991605888e-01 4.589288153471590137e-01
4.536860376673937933e-01 5.080339370019093526e-01 6.846048929980622644e-01 5.570302120203592944e-01 5.369660409209606744e-01 6.055758940852669081e-01 5.458344218559507688e-01 6.969736932830828957e-01 8.461503607523139792e-01 7.072411357993305669e-01 6.044090314056803637e-01 7.691527691181397897e-01 5.196034837124374750e-01 8.262461447834301698e-01 4.372196401238000463e-01 4.496096380843164209e-01 3.779805611944471178e-01 5.629701494583535526e-01 4.340793090832218426e-01 4.558918795807072044e-01 8.401072183797988480e-01 3.502868862826737373e-01 1.152640753609127655e-01 3.152773993181563483e-01 4.962601080592007885e-01 5.091334774084864678e-01 6.782718890276087098e-01 7.771474627488487164e-01 0.000000000000000000e+00 5.335797720753364670e-01 2.449053252222309074e-01 9.003521194866097588e-01 4.252620936021818121e-01 2.583550447130077421e-01 6.820161197529249764e-01
3.273672699495595584e-01 5.955026748299616646e-01 2.449216847846630851e-01 1.905582912143943819e-01 1.633478992825098119e-01 4.953212568643746150e-01 6.680102891763883832e-01 4.915323634827215571e-01 6.957413371064717911e-01 7.722170999087594190e-01 5.966659810750204462e-01 1.821642946970085664e-01 9.111543726040400859e-01 8.480627016068642554e-01 5.072025049454839118e-01 4.292943008894869461e-01 4.599434974448552982e-01 5.763614819509279563e-01 4.066860129729834572e-01 3.821913007709437093e-01 5.037923348858809325e-01 4.589339642264612107e-01 5.097322241245618724e-01 4.068047327611001851e-01 4.904699565814752416e-01 5.368103060959749095e-01 4.658231490464371793e-01 7.322862295903070917e-01 5.335797720753364670e-01 0.000000000000000000e+00 3.302078650765006840e-01 8.203929026565432991e-01 5.628510558759154403e-01 4.630465307610380221e-01 4.457036378973541768e-01
4.056786602263162678e-02 3.533166284447025740e-01 3.630196443543328710e-01 2.296355841522191299e-01 7.055057671019167032e-01 2.434008728547324973e-01 7.019947790688878531e-01 7.329529597328390267e-01 3.243498057897657993e-01 3.979114401666428158e-01 5.331726548748061401e-01 3.627346381390799124e-01 4.027333728741151475e-01 6.598766158613167399e-02 8.876823044535389062e-01 5.014191833476118187e-01 8.603540266843705542e-01 5.250609683308835596e-01 1.485868858109981039e-01 3.288264174712722809e-01 7.934328337283447219e-01 5.598470948972004146e-01 5.764126875744846057e-01 4.426446328339710412e-01 5.772215719020512559e-01 7.905888980632221896e-01 5.839781919296249679e-01 8.145693568435875553e-01 2.449053252222309074e-01 3.302078650765006840e-01 0.000000000000000000e+00 4.307136786323137456e-01 4.755986880085287805e-01 2.317596554984223678e-01 6.903782439840990826e-01
4.798631880166875363e-01 8.891556284728798776e-01 4.483863510972511124e-01 8.307550865154516018e-01 7.717564354326547083e-01 5.221050260098154538e-01 4.496087957636485388e-02 4.124842487796219759e-01 7.513311449067783254e-02 5.326208777490968327e-01 4.522678813504591444e-01 3.213284194424588236e-01 1.436614102189500697e-01 6.257414030962367146e-01 1.416935562216746769e-01 3.657058291200827593e-01 8.451995831520071611e-01 4.882875407298534198e-01 3.602998167401250118e-01 4.206539668077353133e-01 8.339885792542567344e-01 3.656078132662243796e-01 4.480400457698843764e-01 2.131464420638675694e-01 5.743105056214432569e-01 4.632595333784931269e-01 1.836403357244883461e-01 4.153395313970015268e-01 9.003521194866097588e-01 8.203929026565432991e-01 4.307136786323137456e-01 0.000000000000000000e+00 5.232082336133339062e-01 7.043230645749113394e-01 9.678560893824050826e-02
8.379099858717581339e-01 1.363499892668588176e-01 4.511086843654126266e-01 8.608874513695616848e-01 5.772637048225259804e-01 1.871734828269425721e-01 3.464114628288321729e-01 6.357153226948487612e-01 5.260203186708900525e-01 2.371349383331143867e-01 2.882274736274872406e-01 4.735464661399066966e-01 4.202310397417438614e-01 3.973666097502784877e-01 7.402674548802032906e-01 1.316256034907450356e-01 9.082369066553398484e-01 5.223851233512233350e-01 2.219265118064703279e-01 4.908931895679619073e-01 1.285143977343220500e-01 4.052986830067392687e-01 6.808159658475703147e-01 5.017606704459496303e-01 2.800296402460700218e-01 4.622216371825046966e-01 5.515491539391094156e-01 3.668396129068594025e-01 4.252620936021818121e-01 5.628510558759154403e-01 4.755986880085287805e-01 5.232082336133339062e-01 0.000000000000000000e+00 3.506358227358021828e-01 7.600665026921862300e-01
1.826269521257811723e-01 4.289041963048687012e-01 6.435309871832780582e-01 8.247210849024493307e-01 8.031005559536014138e-01 4.092206764766758154e-01 1.115068228025352659e-01 1.650043747541273254e-01 4.253649958644512008e-01 4.967434801307979431e-02 4.154568376797431184e-01 6.926324540530330864e-01 4.285491934511535539e-01 6.501599024127815429e-01 8.387139039001412222e-01 2.551600580693362819e-01 2.581188264994097592e-01 4.127654173280865257e-01 5.624159705408282584e-01 7.334297586250091427e-01 2.911701506214250945e-01 6.870833815544463707e-01 4.962358708229195337e-01 4.917993581399623393e-01 1.783013747847481123e-01 5.115645592424252763e-01 6.949470627660514488e-01 3.763389589991605888e-01 2.583550447130077421e-01 4.630465307610380221e-01 2.317596554984223678e-01 7.043230645749113394e-01 3.506358227358021828e-01 0.000000000000000000e+00 6.759465584906050317e-01
1.908147572742765474e-01 8.397865745407118165e-01 7.500116997015586762e-01 9.260564199026655174e-01 3.370042416193637091e-01 7.332301035911545917e-01 4.703905266605484248e-01 3.006985251349327815e-01 5.033416476274125140e-01 5.993042914227244555e-01 3.988798787943355073e-01 5.312395253100563597e-01 4.339187775131116420e-01 3.624484107207799344e-01 4.346138037433268098e-01 4.611415153211588791e-01 2.099008521204631106e-01 7.986976790276901772e-01 2.202006665651083384e-01 3.867267755262516760e-01 7.928107115883640255e-01 9.140003853602352013e-01 7.712315280996480116e-01 4.594476575513187777e-01 2.061568640524571450e-01 1.101890548802484937e-01 5.715625020073081819e-01 4.589288153471590137e-01 6.820161197529249764e-01 4.457036378973541768e-01 6.903782439840990826e-01 9.678560893824050826e-02 7.600665026921862300e-01 6.759465584906050317e-01 0.000000000000000000e+00
