0.000000000000000000e+00 8.330380095316201050e-01 4.603957741906200551e-01 3.197857174878946940e-01 3.802427704187962831e-01 5.900016385291568799e-01 3.673623323772643445e-01 5.788533285355457192e-01 6.178505218338248284e-01 3.960439320771987903e-01 7.176082810898767317e-01 4.804704222966542648e-01 8.237586428954937201e-01 8.293694964046960383e-01 6.018359670413859774e-01 9.177156182447849808e-01 4.540798899527626054e-01 4.177474188420148837e-01 6.418319046343361478e-01 4.620483437378896108e-01 4.645576538243791909e-01 8.077237312884053555e-01 2.957448006454985734e-01 4.355974467337530576e-01 4.289085063042004098e-01 4.170193992394218840e-01 6.569519025120751365e-01 7.106998248806205565e-01 7.150872570178178345e-01 1.154291319377491742e-01 5.230768598287611759e-01 6.849918694755448012e-01 5.193883306723805493e-01 9.225493889663953784e-01 4.241412650406385376e-01
8.330380095316201050e-01 0.000000000000000000e+00 6.451058340276627501e-02 5.007348630245876953e-01 4.563731112178134319e-01 7.776756144496715928e-01 5.251122807276550342e-01 2.983759937024640929e-01 4.239099257755940542e-01 3.715281790064230427e-01 5.947997585610913518e-01 4.472733594110343547e-01 5.038299130416283855e-01 2.199618958681699432e-01 6.559062643801893966e-01 5.654828192866593328e-01 2.373046957364188803e-02 9.516178094194800430e-01 1.984524867810616433e-01 1.507390908448293931e-01 2.437886039375259939e-01 4.890140164368591003e-01 7.035533964842839438e-01 6.941856220704953895e-01 5.293064858182884302e-01 7.175296511169630964e-01 4.978326130434186925e-01 4.884731078797442949e-01 5.634937233114768462e-01 8.557712490375402048e-01 6.200740321769278030e-01 5.719691708370382432e-01 8.796207227948042995e-01 1.981945852123624396e-01 2.246732747058095558e-01
4.603957741906200551e-01 6.451058340276627501e-02 0.000000000000000000e+00 8.389336312616513247e-01 4.088466957389987888e-01 8.741000163576871929e-01 6.008450951557345876e-01 4.345229888111949990e-01 3.716325834669987338e-01 5.627597885049978599e-01 3.699576259036952974e-01 8.679681215624430735e-01 6.492827770282185718e-01 4.772772290483371371e-01 7.243218690947371696e-01 3.409916833137440761e-01 8.230817629624744836e-01 8.064284763012464774e-01 5.095851393625154824e-01 3.198725672685215349e-01 5.778072822907098782e-01 5.676984738269963415e-01 8.389247671795182493e-01 5.698876920272012425e-01 4.127550517770019467e-01 4.264812529707981414e-01 5.011013693870836061e-01 9.318722805513985907e-01 4.284534200285577410e-01 5.209367268189672995e-01 6.708653807170610328e-01 5.969386659966745556e-01 4.126196774609084406e-01 2.297054163431655471e-02 4.461219303897828725e-01
3.197857174878946940e-01 5.007348630245876953e-01 8.389336312616513247e-01 0.000000000000000000e+00 7.364704802886514745e-01 6.279950124318216531e-01 5.116895345023773078e-01 7.394868768746487575e-01 4.855591695986863909e-01 6.367509395322283883e-01 3.088508412534062275e-01 4.000196657123389343e-01 3.940323320608380420e-01 2.791619912989462549e-01 4.532382258655482943e-01 8.982835367344599309e-01 9.172582461841798374e-01 5.170870531993441155e-01 5.150928482795467112e-01 6.537247970698720767e-01 4.457196542724138344e-01 4.184553729039411363e-01 5.483917872636212554e-01 7.405036319711731929e-01 2.675844499452132430e-01 3.948546606104558210e-01 6.211363822226996234e-01 2.715156934602563910e-01 3.404686838942312388e-01 1.530726881431626607e-01 4.390811458965791503e-01 3.638051137826131542e-02 3.304276377639641105e-01 5.643757451519255675e-01 8.262337228904732545e-01
3.802427704187962831e-01 4.563731112178134319e-01 4.088466957389987888e-01 7.364704802886514745e-01 0.000000000000000000e+00 4.508812846453157386e-01 1.847580535528339230e-01 5.087124979730882623e-01 4.820109019803562322e-01 5.039851036372273718e-01 6.279328586395994671e-01 2.675844188452918271e-01 7.749561708943251137e-01 4.766091483017249053e-01 6.107930068525687650e-01 4.208958230874395023e-01 4.414172758863701418e-01 3.427400040473383980e-01 8.063879579363542049e-01 8.523019362743486926e-01 4.507105691075538045e-01 6.405960273233890501e-01 2.438726948239721692e-01 7.704471759619101467e-01 5.142716645113249996e-01 8.420953487281176431e-01 2.988983975008793204e-01 4.245622655205700258e-01 5.623271971871453001e-01 2.355916512940350316e-01 7.836346100217899124e-01 7.981650692800414948e-01 7.337443312203970613e-01 3.070802823767497247e-01 6.726348666014534405e-01
5.900016385291568799e-01 7.776756144496715928e-01 8.741000163576871929e-01 6.279950124318216531e-01 4.508812846453157386e-01 0.000000000000000000e+00 2.360317967063781941e-01 6.864292040468545908e-01 6.973525733164984697e-01 4.450211168991169419e-02 4.478658995076543192e-01 4.941610699924932071e-01 6.057351201040305222e-01 7.466061886923260893e-01 5.499844113120626599e-01 1.455204386008135398e-01 4.984851168476359673e-01 9.288640975023630952e-01 8.482798008037959470e-01 6.637161896132800498e-01 6.376654614497665463e-01 4.105029733605727316e-01 6.454250940036025952e-01 8.246337837186361597e-01 8.719050795861370551e-01 4.069949029168239418e-01 8.688944636131850086e-01 4.203867289333588220e-01 1.076212843762572868e-01 1.276409816773959038e-01 6.887183974721537982e-01 5.549978963299369017e-01 2.718447748048659074e-01 5.223602426127240683e-01 5.164813495773545871e-01
3.673623323772643445e-01 5.251122807276550342e-01 6.008450951557345876e-01 5.116895345023773078e-01 1.847580535528339230e-01 2.360317967063781941e-01 0.000000000000000000e+00 8.325283635052247444e-01 5.091775377260840951e-01 9.103975215679149802e-01 5.789001730174053728e-01 8.459673802988965097e-01 2.029336272666768526e-01 1.199051162212950716e-01 6.102850779531596714e-01 6.755701904191838691e-01 2.402547118620861344e-01 5.840946110047222639e-01 1.564261679970133656e-01 2.368791394359723301e-01 6.213171995834919636e-01 4.621309261489633391e-01 8.316808877284755930e-01 5.679760514232456980e-01 3.066772053251247687e-01 6.164625949194276755e-01 2.585594916832865131e-01 3.517247837847837788e-01 2.699230254261109629e-01 5.664715702209605075e-01 3.393080335111424151e-01 8.273433283198474708e-01 5.635036729151843282e-01 3.127617061125016473e-01 5.441437006599184611e-01
5.788533285355457192e-01 2.983759937024640929e-01 4.345229888111949990e-01 7.394868768746487575e-01 5.087124979730882623e-01 6.864292040468545908e-01 8.325283635052247444e-01 0.000000000000000000e+00 1.525441136177494439e-01 3.777735330129929903e-01 7.243527871748450808e-01 3.793130995120487237e-01 5.807589275585535171e-01 3.318139281939804786e-01 3.801659285046347092e-01 4.828171380182376127e-01 4.686751974830185574e-01 4.792577905341800504e-01 3.327612411985614305e-02 4.939815984702942697e-01 2.906801358116411493e-01 2.371423390041189627e-01 1.364738279647140784e-01 7.496851161860185186e-01 8.489993106670705725e-01 4.725113327740685376e-01 8.810873349928340925e-01 3.019805789968376120e-01 4.794808917842142137e-01 4.634917976271397677e-01 8.411680881821375078e-01 8.454026004134431727e-01 8.254867900148248339e-01 6.795267070209511928e-01 6.478846715479547047e-01
6.178505218338248284e-01 4.239099257755940542e-01 3.716325834669987338e-01 4.855591695986863909e-01 4.820109019803562322e-01 6.973525733164984697e-01 5.091775377260840951e-01 1.525441136177494439e-01 0.000000000000000000e+00 7.021768278765317950e-01 8.803268002529189840e-01 3.057675982030422790e-01 4.969802428881121004e-01 8.323082918686526277e-01 8.299643355885455431e-01 7.365454359845753363e-01 2.601483793006537093e-01 4.111395658310301182e-01 9.505625017961654155e-01 8.783899101411256627e-01 2.167334903516123790e-01 7.503313612040019009e-01 4.788537502155846282e-01 5.213047962143497749e-01 3.774285202404614736e-01 7.102345348630225708e-01 3.668987092265878491e-01 6.450184587755457555e-01 7.575183472644888560e-01 8.507772395575234903e-01 7.542393493525817449e-01 3.665271279472290256e-01 4.904902889896904927e-01 5.161124867777924230e-01 7.151073032471672031e-01
3.960439320771987903e-01 3.715281790064230427e-01 5.627597885049978599e-01 6.367509395322283883e-01 5.039851036372273718e-01 4.450211168991169419e-02 9.103975215679149802e-01 3.777735330129929903e-01 7.021768278765317950e-01 0.000000000000000000e+00 4.557973310804782074e-01 6.607593029730920442e-01 2.229143736131439235e-01 8.063988198898195403e-01 7.156979334167953288e-01 6.641875801009052838e-01 8.332032121633505817e-01 6.328242680613981319e-01 5.750725294373377761e-01 4.175686964931020206e-01 6.789466179933122403e-01 5.164682296078568768e-01 4.352496547070729971e-01 9.139198138913650071e-01 6.437465558361326057e-01 3.420227849591530589e-01 6.893807659138448951e-01 5.726518819931025739e-01 9.123453230205634812e-01 2.497247860491791371e-01 5.132581691916794364e-01 6.768542529759133952e-01 3.075087588846716069e-01 8.345319285191747927e-01 6.546058089185610163e-01
7.176082810898767317e-01 5.947997585610913518e-01 3.699576259036952974e-01 3.088508412534062275e-01 6.279328586395994671e-01 4.478658995076543192e-01 5.789001730174053728e-01 7.243527871748450808e-01 8.803268002529189840e-01 4.557973310804782074e-01 0.000000000000000000e+00 4.336837972079313208e-01 2.423434689932499331e-01 7.319105553263045572e-01 5.464260675641419152e-01 8.217989831692684710e-01 7.381659769207995492e-01 6.787841208043476904e-01 8.273648919055887063e-01 4.570660134792629004e-01 3.762354697083132860e-01 4.342481599831594652e-01 4.138093754774518906e-01 1.520343964505292966e-01 4.528538635696658377e-01 5.353866153271649164e-01 5.500317173284063887e-02 3.645506541485771246e-01 6.170583462522709617e-01 4.922728825576185852e-01 6.638064254155813249e-01 4.037850691281732463e-01 4.592297255189420890e-01 6.153897755698446437e-01 3.859251361013731341e-01
4.804704222966542648e-01 4.472733594110343547e-01 8.679681215624430735e-01 4.000196657123389343e-01 2.675844188452918271e-01 4.941610699924932071e-01 8.459673802988965097e-01 3.793130995120487237e-01 3.057675982030422790e-01 6.607593029730920442e-01 4.336837972079313208e-01 0.000000000000000000e+00 8.572154187848444185e-01 4.266091579965000102e-01 3.514291272772315233e-01 7.503646885824067914e-01 7.325465545030067638e-01 5.826495329715557503e-01 8.770812041319024921e-01 5.613414164980041754e-01 8.086795680298686229e-01 5.120570275712656994e-01 6.450009223885350140e-01 3.550241572278509672e-01 4.727426655395723931e-01 2.870387403684659944e-01 1.047551054343403010e-01 4.449909538970501233e-01 6.840055447484434392e-01 4.362114648298430208e-01 4.756191032498668370e-01 6.550091496782053380e-01 7.660101261266725192e-01 6.977291733001929064e-01 2.597957472675110902e-01
8.237586428954937201e-01 5.038299130416283855e-01 6.492827770282185718e-01 3.940323320608380420e-01 7.749561708943251137e-01 6.057351201040305222e-01 2.029336272666768526e-01 5.807589275585535171e-01 4.969802428881121004e-01 2.229143736131439235e-01 2.423434689932499331e-01 8.572154187848444185e-01 0.000000000000000000e+00 3.960658158248723248e-01 3.693551554038908558e-01 8.278147473026939984e-01 4.666927455782639567e-01 2.091622654230715916e-01 8.119196112982178803e-01 7.972059950853478405e-01 6.043777934355856196e-01 9.599441416392805460e-01 2.881357512133388421e-01 7.158448079376285023e-01 7.915082720941503114e-01 7.113916098024445356e-01 4.915841088108364176e-01 6.084513103218887053e-01 3.810376221428999344e-01 9.114300615748449630e-01 7.268975101500110281e-01 7.193134671437995120e-01 2.272771403484229458e-01 7.802024533034745968e-01 4.923425111323802561e-01
8.293694964046960383e-01 2.199618958681699432e-01 4.772772290483371371e-01 2.791619912989462549e-01 4.766091483017249053e-01 7.466061886923260893e-01 1.199051162212950716e-01 3.318139281939804786e-01 8.323082918686526277e-01 8.063988198898195403e-01 7.319105553263045572e-01 4.266091579965000102e-01 3.960658158248723248e-01 0.000000000000000000e+00 3.642678327545935124e-01 6.028267873095749518e-01 3.916385059825738812e-01 4.914489076972235471e-01 1.879143317689851989e-01 1.305437845555446064e-01 4.838352267566080611e-01 5.338381169092589751e-01 5.527162097494615622e-01 3.512787047647218941e-01 4.419591097079511588e-01 4.302101255363353083e-01 6.793470834468098296e-01 9.022694327951099602e-01 9.837948611392943743e-02 4.994862590322298734e-01 4.930611671197208667e-01 4.376840687949982156e-01 4.652509710966512557e-01 4.679320483681977949e-01 6.370608793025815952e-01
6.018359670413859774e-01 6.559062643801893966e-01 7.243218690947371696e-01 4.532382258655482943e-01 6.107930068525687650e-01 5.499844113120626599e-01 6.102850779531596714e-01 3.801659285046347092e-01 8.299643355885455431e-01 7.156979334167953288e-01 5.464260675641419152e-01 3.514291272772315233e-01 3.693551554038908558e-01 3.642678327545935124e-01 0.000000000000000000e+00 5.657576232698735552e-01 3.571962671330131123e-02 7.061792551832050124e-01 6.796659182537396759e-01 4.432668863788555846e-01 5.505768764336063104e-01 7.555391915255600388e-01 3.247164641812190222e-01 8.292281205019529366e-01 6.470097498910742928e-01 6.395589922880227096e-01 7.280602006930233516e-01 8.471783038985820635e-01 6.318084131662373704e-01 8.514327248096374978e-01 8.993200963256260394e-01 2.830174795486257722e-01 9.813774636338467028e-01 7.182773025341855355e-01 5.580630389837879513e-01
9.177156182447849808e-01 5.654828192866593328e-01 3.409916833137440761e-01 8.982835367344599309e-01 4.208958230874395023e-01 1.455204386008135398e-01 6.755701904191838691e-01 4.828171380182376127e-01 7.365454359845753363e-01 6.641875801009052838e-01 8.217989831692684710e-01 7.503646885824067914e-01 8.278147473026939984e-01 6.028267873095749518e-01 5.657576232698735552e-01 0.000000000000000000e+00 8.926791056468416086e-01 5.735227817583150589e-01 7.303982905786735591e-01 3.208983453025604504e-01 6.139925445965122019e-01 4.370967260067820104e-01 3.944835672214971334e-01 1.882778445221824359e-01 5.562100865269019589e-01 7.095220675060909254e-01 5.629768214281898331e-01 5.734142473902106296e-01 3.782174382899632370e-01 5.838715493985715543e-01 7.332654724280276426e-01 5.159706310847217425e-01 2.471650175331235877e-01 5.469470059313391586e-01 5.282176435349501542e-01
4.540798899527626054e-01 2.373046957364188803e-02 8.230817629624744836e-01 9.172582461841798374e-01 4.414172758863701418e-01 4.984851168476359673e-01 2.402547118620861344e-01 4.686751974830185574e-01 2.601483793006537093e-01 8.332032121633505817e-01 7.381659769207995492e-01 7.325465545030067638e-01 4.666927455782639567e-01 3.916385059825738812e-01 3.571962671330131123e-02 8.926791056468416086e-01 0.000000000000000000e+00 6.338334915470205111e-01 6.707531171110091561e-01 5.385563344744253023e-01 4.100954805959170502e-01 5.268413979582593498e-01 7.060220629547986348e-01 1.701905374284702344e-01 5.773264165677075566e-01 4.978231001922621135e-01 4.774742093025362011e-01 8.593501521588892134e-01 3.657730841245000475e-01 5.392789954572856370e-01 6.391922529460483116e-01 4.324644977559998216e-01 5.354120193319209520e-01 3.099400708223108425e-01 2.776830766402024198e-01
4.177474188420148837e-01 9.516178094194800430e-01 8.064284763012464774e-01 5.170870531993441155e-01 3.427400040473383980e-01 9.288640975023630952e-01 5.840946110047222639e-01 4.792577905341800504e-01 4.111395658310301182e-01 6.328242680613981319e-01 6.787841208043476904e-01 5.826495329715557503e-01 2.091622654230715916e-01 4.914489076972235471e-01 7.061792551832050124e-01 5.735227817583150589e-01 6.338334915470205111e-01 0.000000000000000000e+00 6.779535759593150468e-01 5.375191993919861133e-01 5.742458316781346994e-01 7.905085030381289180e-01 5.005754843187605330e-01 6.809996055163884954e-01 4.996639568416356703e-01 1.715911796336848649e-01 2.304807431925995909e-01 6.677455203666624595e-01 5.849388553283706438e-01 4.445974667017486559e-01 7.736802797760665706e-01 3.982946291606802025e-01 7.088393164051376427e-02 3.370020892298242199e-01 4.885605362656549877e-01
6.418319046343361478e-01 1.984524867810616433e-01 5.095851393625154824e-01 5.150928482795467112e-01 8.063879579363542049e-01 8.482798008037959470e-01 1.564261679970133656e-01 3.327612411985614305e-02 9.505625017961654155e-01 5.750725294373377761e-01 8.273648919055887063e-01 8.770812041319024921e-01 8.119196112982178803e-01 1.879143317689851989e-01 6.796659182537396759e-01 7.303982905786735591e-01 6.707531171110091561e-01 6.779535759593150468e-01 0.000000000000000000e+00 9.373060463054050384e-02 6.056025392133207452e-01 7.022491044690351014e-01 5.085134270947573309e-01 8.195894831408400139e-01 1.206447620336442705e-01 3.658897090147285591e-01 6.865483859185614879e-01 5.158242456377035712e-01 2.369367472030832200e-01 6.092873382139047944e-01 6.277676312846980355e-01 3.599855385459398427e-01 4.454506137190601955e-01 5.255547167343014303e-01 4.638346593574201870e-01
4.620483437378896108e-01 1.507390908448293931e-01 3.198725672685215349e-01 6.537247970698720767e-01 8.523019362743486926e-01 6.637161896132800498e-01 2.368791394359723301e-01 4.939815984702942697e-01 8.783899101411256627e-01 4.175686964931020206e-01 4.570660134792629004e-01 5.613414164980041754e-01 7.972059950853478405e-01 1.305437845555446064e-01 4.432668863788555846e-01 3.208983453025604504e-01 5.385563344744253023e-01 5.375191993919861133e-01 9.373060463054050384e-02 0.000000000000000000e+00 4.824545897477287015e-01 6.014852521050003675e-01 4.028161421178871882e-01 4.541753012115315458e-01 2.221323585963899117e-01 4.731403923271708667e-01 4.871627110695714302e-01 7.966924364272600645e-01 6.961296267080088196e-01 4.247269234444035479e-01 7.137853155788032034e-01 8.705116666006282866e-01 8.684555752669449458e-01 8.875476832626001400e-01 5.434099987211338245e-01
4.645576538243791909e-01 2.437886039375259939e-01 5.778072822907098782e-01 4.457196542724138344e-01 4.507105691075538045e-01 6.376654614497665463e-01 6.213171995834919636e-01 2.906801358116411493e-01 2.167334903516123790e-01 6.789466179933122403e-01 3.762354697083132860e-01 8.086795680298686229e-01 6.043777934355856196e-01 4.838352267566080611e-01 5.505768764336063104e-01 6.139925445965122019e-01 4.100954805959170502e-01 5.742458316781346994e-01 6.056025392133207452e-01 4.824545897477287015e-01 0.000000000000000000e+00 2.633191429156820362e-01 7.815287637924157593e-01 4.132289404352348372e-01 6.083406739983556744e-01 5.280009965519036896e-01 4.403299103669482406e-01 5.338129567074214599e-01 1.842109302907354307e-01 3.917229057083277954e-01 4.542049537512984902e-01 6.809111592991694550e-01 4.475706397185418295e-01 3.224767215879948412e-01 3.987666384812413867e-01
8.077237312884053555e-01 4.890140164368591003e-01 5.676984738269963415e-01 4.184553729039411363e-01 6.405960273233890501e-01 4.105029733605727316e-01 4.621309261489633391e-01 2.371423390041189627e-01 7.503313612040019009e-01 5.164682296078568768e-01 4.342481599831594652e-01 5.120570275712656994e-01 9.599441416392805460e-01 5.338381169092589751e-01 7.555391915255600388e-01 4.370967260067820104e-01 5.268413979582593498e-01 7.905085030381289180e-01 7.022491044690351014e-01 6.014852521050003675e-01 2.633191429156820362e-01 0.000000000000000000e+00 7.927695035380379895e-01 9.081905565604542208e-02 5.760741422384065835e-01 5.416256400663547188e-01 3.883005910289466511e-01 2.418570653163962803e-01 4.357448136648670589e-01 8.928226930298217567e-01 2.104328253785098246e-01 5.925051910966548929e-01 6.551122827842849050e-01 4.922036417134438291e-01 5.076635224192280749e-01
2.957448006454985734e-01 7.035533964842839438e-01 8.389247671795182493e-01 5.483917872636212554e-01 2.438726948239721692e-01 6.454250940036025952e-01 8.316808877284755930e-01 1.364738279647140784e-01 4.788537502155846282e-01 4.352496547070729971e-01 4.138093754774518906e-01 6.450009223885350140e-01 2.881357512133388421e-01 5.527162097494615622e-01 3.247164641812190222e-01 3.944835672214971334e-01 7.060220629547986348e-01 5.005754843187605330e-01 5.085134270947573309e-01 4.028161421178871882e-01 7.815287637924157593e-01 7.927695035380379895e-01 0.000000000000000000e+00 4.597525079361318157e-01 8.779254267490197439e-01 8.615344093646430945e-01 8.413333898221951879e-01 6.479536666422293090e-01 2.535771014480769914e-01 5.386801124384228423e-01 2.863083639359782495e-01 3.843787196033807141e-01 5.366180944218199578e-01 4.597015907631958331e-01 4.846720422787730298e-01
4.355974467337530576e-01 6.941856220704953895e-01 5.698876920272012425e-01 7.405036319711731929e-01 7.704471759619101467e-01 8.246337837186361597e-01 5.679760514232456980e-01 7.496851161860185186e-01 5.213047962143497749e-01 9.139198138913650071e-01 1.520343964505292966e-01 3.550241572278509672e-01 7.158448079376285023e-01 3.512787047647218941e-01 8.292281205019529366e-01 1.882778445221824359e-01 1.701905374284702344e-01 6.809996055163884954e-01 8.195894831408400139e-01 4.541753012115315458e-01 4.132289404352348372e-01 9.081905565604542208e-02 4.597525079361318157e-01 0.000000000000000000e+00 6.201621683400154739e-01 7.226678708117952876e-01 5.113853445367206874e-01 4.966560151123613487e-01 8.134540946519062121e-01 6.142432565542528256e-01 7.290633486957747156e-01 9.241055282507150137e-01 7.492467069088462051e-01 5.225767252553696895e-01 4.642441055392542149e-01
4.289085063042004098e-01 5.293064858182884302e-01 4.127550517770019467e-01 2.675844499452132430e-01 5.142716645113249996e-01 8.719050795861370551e-01 3.066772053251247687e-01 8.489993106670705725e-01 3.774285202404614736e-01 6.437465558361326057e-01 4.528538635696658377e-01 4.727426655395723931e-01 7.915082720941503114e-01 4.419591097079511588e-01 6.470097498910742928e-01 5.562100865269019589e-01 5.773264165677075566e-01 4.996639568416356703e-01 1.206447620336442705e-01 2.221323585963899117e-01 6.083406739983556744e-01 5.760741422384065835e-01 8.779254267490197439e-01 6.201621683400154739e-01 0.000000000000000000e+00 3.288922948095560073e-01 4.919833209757730197e-01 6.442301640653385064e-01 7.678547926652281586e-01 3.825135645627379954e-01 7.616360812511308032e-01 4.240982767429536393e-01 1.124243370446494916e-01 7.339527874908119420e-01 4.838145508238371195e-01
4.170193992394218840e-01 7.175296511169630964e-01 4.264812529707981414e-01 3.948546606104558210e-01 8.420953487281176431e-01 4.069949029168239418e-01 6.164625949194276755e-01 4.725113327740685376e-01 7.102345348630225708e-01 3.420227849591530589e-01 5.353866153271649164e-01 2.870387403684659944e-01 7.113916098024445356e-01 4.302101255363353083e-01 6.395589922880227096e-01 7.095220675060909254e-01 4.978231001922621135e-01 1.715911796336848649e-01 3.658897090147285591e-01 4.731403923271708667e-01 5.280009965519036896e-01 5.416256400663547188e-01 8.615344093646430945e-01 7.226678708117952876e-01 3.288922948095560073e-01 0.000000000000000000e+00 7.634794934844528758e-01 4.750566811882078744e-01 5.502135083916566138e-01 4.173224424633159568e-01 4.999670977236409519e-01 7.418400435617156230e-01 3.443153415260647998e-01 1.548632846514617079e-01 4.833534539969389643e-01
6.569519025120751365e-01 4.978326130434186925e-01 5.011013693870836061e-01 6.211363822226996234e-01 2.988983975008793204e-01 8.688944636131850086e-01 2.585594916832865131e-01 8.810873349928340925e-01 3.668987092265878491e-01 6.893807659138448951e-01 5.500317173284063887e-02 1.047551054343403010e-01 4.915841088108364176e-01 6.793470834468098296e-01 7.280602006930233516e-01 5.629768214281898331e-01 4.774742093025362011e-01 2.304807431925995909e-01 6.865483859185614879e-01 4.871627110695714302e-01 4.403299103669482406e-01 3.883005910289466511e-01 8.413333898221951879e-01 5.113853445367206874e-01 4.919833209757730197e-01 7.634794934844528758e-01 0.000000000000000000e+00 5.358186073028150531e-01 6.292488853288980000e-01 5.503938253113016543e-01 5.772997575806123605e-01 2.084113880971231181e-01 8.550386283004913768e-01 8.750793900541565806e-01 4.647569803155082169e-01
7.106998248806205565e-01 4.884731078797442949e-01 9.318722805513985907e-01 2.715156934602563910e-01 4.245622655205700258e-01 4.203867289333588220e-01 3.517247837847837788e-01 3.019805789968376120e-01 6.450184587755457555e-01 5.726518819931025739e-01 3.645506541485771246e-01 4.449909538970501233e-01 6.084513103218887053e-01 9.022694327951099602e-01 8.471783038985820635e-01 5.734142473902106296e-01 8.593501521588892134e-01 6.677455203666624595e-01 5.158242456377035712e-01 7.966924364272600645e-01 5.338129567074214599e-01 2.418570653163962803e-01 6.479536666422293090e-01 4.966560151123613487e-01 6.442301640653385064e-01 4.750566811882078744e-01 5.358186073028150531e-01 0.000000000000000000e+00 9.024912601311378957e-01 2.095067922573642383e-01 4.960796763418626742e-01 8.277973909125324603e-03 6.014972303004098020e-01 8.316352425253559222e-01 8.507011963755366502e-01
7.150872570178178345e-01 5.634937233114768462e-01 4.284534200285577410e-01 3.404686838942312388e-01 5.623271971871453001e-01 1.076212843762572868e-01 2.699230254261109629e-01 4.794808917842142137e-01 7.575183472644888560e-01 9.123453230205634812e-01 6.170583462522709617e-01 6.840055447484434392e-01 3.810376221428999344e-01 9.837948611392943743e-02 6.318084131662373704e-01 3.782174382899632370e-01 3.657730841245000475e-01 5.849388553283706438e-01 2.369367472030832200e-01 6.961296267080088196e-01 1.842109302907354307e-01 4.357448136648670589e-01 2.535771014480769914e-01 8.134540946519062121e-01 7.678547926652281586e-01 5.502135083916566138e-01 6.292488853288980000e-01 9.024912601311378957e-01 0.000000000000000000e+00 1.278789813408567344e-01 7.491009268334704041e-01 6.315540695380377212e-01 8.142992912252442483e-01 9.250136200377745421e-01 1.009264534720138995e-01
1.154291319377491742e-01 8.557712490375402048e-01 5.209367268189672995e-01 1.530726881431626607e-01 2.355916512940350316e-01 1.276409816773959038e-01 5.664715702209605075e-01 4.634917976271397677e-01 8.507772395575234903e-01 2.497247860491791371e-01 4.922728825576185852e-01 4.362114648298430208e-01 9.114300615748449630e-01 4.994862590322298734e-01 8.514327248096374978e-01 5.838715493985715543e-01 5.392789954572856370e-01 4.445974667017486559e-01 6.092873382139047944e-01 4.247269234444035479e-01 3.917229057083277954e-01 8.928226930298217567e-01 5.386801124384228423e-01 6.142432565542528256e-01 3.825135645627379954e-01 4.173224424633159568e-01 5.503938253113016543e-01 2.095067922573642383e-01 1.278789813408567344e-01 0.000000000000000000e+00 7.428649804029805459e-01 3.768969080544914974e-01 3.726701653125998881e-01 4.570017907670396728e-01 6.192088473064798482e-01
5.230768598287611759e-01 6.200740321769278030e-01 6.708653807170610328e-01 4.390811458965791503e-01 7.836346100217899124e-01 6.887183974721537982e-01 3.393080335111424151e-01 8.411680881821375078e-01 7.542393493525817449e-01 5.132581691916794364e-01 6.638064254155813249e-01 4.756191032498668370e-01 7.268975101500110281e-01 4.930611671197208667e-01 8.993200963256260394e-01 7.332654724280276426e-01 6.391922529460483116e-01 7.736802797760665706e-01 6.277676312846980355e-01 7.137853155788032034e-01 4.542049537512984902e-01 2.104328253785098246e-01 2.863083639359782495e-01 7.290633486957747156e-01 7.616360812511308032e-01 4.999670977236409519e-01 5.772997575806123605e-01 4.960796763418626742e-01 7.491009268334704041e-01 7.428649804029805459e-01 0.000000000000000000e+00 5.464591389085138307e-02 4.373370782217682051e-01 8.192798710127650041e-01 4.593964236514386790e-01
6.849918694755448012e-01 5.719691708370382432e-01 5.969386659966745556e-01 3.638051137826131542e-02 7.981650692800414948e-01 5.549978963299369017e-01 8.273433283198474708e-01 8.454026004134431727e-01 3.665271279472290256e-01 6.768542529759133952e-01 4.037850691281732463e-01 6.550091496782053380e-01 7.193134671437995120e-01 4.376840687949982156e-01 2.830174795486257722e-01 5.159706310847217425e-01 4.324644977559998216e-01 3.982946291606802025e-01 3.599855385459398427e-01 8.705116666006282866e-01 6.809111592991694550e-01 5.925051910966548929e-01 3.843787196033807141e-01 9.241055282507150137e-01 4.240982767429536393e-01 7.418400435617156230e-01 2.084113880971231181e-01 8.277973909125324603e-03 6.315540695380377212e-01 3.768969080544914974e-01 5.464591389085138307e-02 0.000000000000000000e+00 4.419844223719047172e-01 8.932463178851084429e-01 4.256227457292803273e-01
5.193883306723805493e-01 8.796207227948042995e-01 4.126196774609084406e-01 3.304276377639641105e-01 7.337443312203970613e-01 2.718447748048659074e-01 5.635036729151843282e-01 8.254867900148248339e-01 4.904902889896904927e-01 3.075087588846716069e-01 4.592297255189420890e-01 7.660101261266725192e-01 2.272771403484229458e-01 4.652509710966512557e-01 9.813774636338467028e-01 2.471650175331235877e-01 5.354120193319209520e-01 7.088393164051376427e-02 4.454506137190601955e-01 8.684555752669449458e-01 4.475706397185418295e-01 6.551122827842849050e-01 5.366180944218199578e-01 7.492467069088462051e-01 1.124243370446494916e-01 3.443153415260647998e-01 8.550386283004913768e-01 6.014972303004098020e-01 8.142992912252442483e-01 3.726701653125998881e-01 4.373370782217682051e-01 4.419844223719047172e-01 0.000000000000000000e+00 9.041239617053256072e-01 2.736924988085285837e-01
9.225493889663953784e-01 1.981945852123624396e-01 2.297054163431655471e-02 5.643757451519255675e-01 3.070802823767497247e-01 5.223602426127240683e-01 3.127617061125016473e-01 6.795267070209511928e-01 5.161124867777924230e-01 8.345319285191747927e-01 6.153897755698446437e-01 6.977291733001929064e-01 7.802024533034745968e-01 4.679320483681977949e-01 7.182773025341855355e-01 5.469470059313391586e-01 3.099400708223108425e-01 3.370020892298242199e-01 5.255547167343014303e-01 8.875476832626001400e-01 3.224767215879948412e-01 4.922036417134438291e-01 4.597015907631958331e-01 5.225767252553696895e-01 7.339527874908119420e-01 1.548632846514617079e-01 8.750793900541565806e-01 8.316352425253559222e-01 9.250136200377745421e-01 4.570017907670396728e-01 8.192798710127650041e-01 8.932463178851084429e-01 9.041239617053256072e-01 0.000000000000000000e+00 6.436019419587141188e-01
4.241412650406385376e-01 2.246732747058095558e-01 4.461219303897828725e-01 8.262337228904732545e-01 6.726348666014534405e-01 5.164813495773545871e-01 5.441437006599184611e-01 6.478846715479547047e-01 7.151073032471672031e-01 6.546058089185610163e-01 3.859251361013731341e-01 2.597957472675110902e-01 4.923425111323802561e-01 6.370608793025815952e-01 5.580630389837879513e-01 5.282176435349501542e-01 2.776830766402024198e-01 4.885605362656549877e-01 4.638346593574201870e-01 5.434099987211338245e-01 3.987666384812413867e-01 5.076635224192280749e-01 4.846720422787730298e-01 4.642441055392542149e-01 4.838145508238371195e-01 4.833534539969389643e-01 4.647569803155082169e-01 8.507011963755366502e-01 1.009264534720138995e-01 6.192088473064798482e-01 4.593964236514386790e-01 4.256227457292803273e-01 2.736924988085285837e-01 6.436019419587141188e-01 0.000000000000000000e+00
