0.000000000000000000e+00 7.900261081702555366e-01 3.341137838693072348e-01 4.212863336048827123e-01 2.453767365728611871e-01 9.003162909827309157e-01 2.166099560445090555e-01 7.122312518754023714e-01 5.294492551412816050e-01 8.642462429681998515e-01 7.933428800636834755e-01 5.909084771618566823e-01 3.540749448521163245e-01 1.463800001516992744e-01 5.444818901041158510e-01 7.043416701614972908e-01 7.840471039078926729e-01 8.586090975987998863e-01 6.942010851129838400e-01 7.911890205078082605e-01 8.024584761451816206e-01 1.124366263225713425e-01 3.941670860080679906e-01 5.503711095706349532e-01 4.478301350790288571e-01 8.900976025527618241e-01 5.426984111620054563e-01 4.054613566308075123e-01 3.561318480158423005e-01 6.932293902437617339e-01 9.791156916394272436e-01 9.745019156946055361e-02 1.645582068309733303e-01 3.074773461594134671e-01 5.007944953080775141e-01
7.900261081702555366e-01 0.000000000000000000e+00 9.758653329084671091e-01 7.591642952541342027e-01 4.452702266895530725e-01 2.181841234544273922e-01 4.202495773680295366e-01 6.595179430147359856e-01 5.509974618937849566e-01 8.729133958796033710e-01 6.775821351836998074e-01 4.565723090205518475e-01 3.602957724009847040e-01 4.406767880007003146e-01 5.665327420483993182e-01 6.897920618986999042e-01 2.454037685651429546e-01 2.445316622240812365e-01 4.710131884699225724e-01 7.374969774976875003e-01 7.495616493712700112e-01 3.022681533686885080e-01 3.387978450683427067e-01 3.295530552430505078e-01 2.036278700065362046e-01 7.425802205483960083e-01 1.881227007002901352e-01 5.370423606134947514e-01 6.238391432101926259e-01 2.801951267935627321e-01 8.234569553902000294e-01 2.637124201856179129e-01 5.963340491696484946e-01 4.178495509382099682e-01 6.174115079750526203e-01
3.341137838693072348e-01 9.758653329084671091e-01 0.000000000000000000e+00 1.563113346058305209e-01 6.884212510729232903e-01 6.005185909837830183e-01 5.728520957076570497e-01 6.181622757350582198e-01 7.747534009925033383e-01 5.237484118248114662e-01 5.948961078562231553e-01 1.745820733569004024e-01 5.306277303929938238e-01 1.225103026290561559e-01 7.250644558538588136e-01 3.220064733564619308e-01 5.458130547768136331e-01 4.992956162861917901e-01 1.380499657333006391e-01 3.118844780669541850e-01 6.969383634193415666e-01 7.647358603806215793e-01 3.884064537793113780e-01 4.190018828814188190e-01 5.089346791455766628e-01 1.923978320801591479e-01 4.574642140411618874e-01 8.329278338254921810e-01 3.599046081166132338e-01 4.968232521398598944e-01 5.877751407849327592e-01 7.151907836089110848e-01 7.067145090804264340e-01 5.273621219172743846e-01 6.962143737098676066e-01
4.212863336048827123e-01 7.591642952541342027e-01 1.563113346058305209e-01 0.000000000000000000e+00 3.251528609924486113e-01 6.079468341770122297e-01 3.470154621358814140e-01 5.877212182517824735e-01 5.951237916837021080e-01 5.149237814417744197e-01 2.283000744801335080e-01 8.764380680668417689e-01 4.628170005412641230e-01 5.732610441670868973e-01 7.503729860734102974e-01 4.441242129114626458e-01 3.252702338464072973e-01 5.754060492366168678e-01 5.635890116137914907e-01 6.715931213186721038e-02 4.486005767634345665e-01 2.801909188910414183e-01 6.136675236972403136e-01 7.549403612362105553e-01 4.949625740523529993e-01 9.611776418661571730e-02 4.090213856133489978e-01 4.847603714699345034e-01 5.909711198340767968e-01 7.381219386006858674e-01 9.554942744299261825e-01 5.286901348753083596e-01 4.810577345242072478e-01 7.673772718102016555e-01 2.285530384517817926e-01
2.453767365728611871e-01 4.452702266895530725e-01 6.884212510729232903e-01 3.251528609924486113e-01 0.000000000000000000e+00 9.201008028442116959e-01 2.386583262413134454e-01 1.774325257808593292e-01 6.611306382967314654e-01 6.929988652371537050e-01 6.338626477557655070e-01 4.549844062104773101e-01 2.062710482209506591e-01 2.229523719358917910e-01 2.573764604934728473e-01 6.158306940375964933e-01 5.830952828865587634e-02 2.637944108196251802e-01 3.622768274177928238e-01 8.820083653397992052e-01 1.456022994741631438e-01 9.145487400244098897e-01 7.104771128362981081e-01 1.363013400715017420e-01 1.835323034444602541e-01 1.910808680858469000e-01 4.036547693255512215e-01 5.252265893439733713e-01 5.673826151747292101e-01 5.034769955782709694e-01 2.952322554467923799e-01 7.629471728327761326e-01 5.698112083567035135e-01 5.479681940309305554e-01 2.129558411077765445e-01
9.003162909827309157e-01 2.181841234544273922e-01 6.005185909837830183e-01 6.079468341770122297e-01 9.201008028442116959e-01 0.000000000000000000e+00 3.327916705721106205e-01 6.850096616675587224e-01 5.310803971323816430e-01 7.094354302965484305e-01 4.784365745941692172e-01 6.736034192507517337e-01 6.745349339320055870e-01 4.153728593378761547e-01 6.677564595998327635e-01 6.518655496058095578e-02 2.476862905788455027e-01 8.519713262964418998e-01 6.117013923123190144e-01 8.320859971897314189e-01 6.058083355723005159e-01 7.538833596729810349e-01 3.759273826612669622e-01 9.859955081642199914e-01 6.723464486060432010e-01 5.528095999709337072e-01 6.906040521795709930e-01 4.008009121061659741e-01 1.191144330482266644e-01 8.843657747687787563e-01 2.340564917088450714e-01 2.863279881589738673e-01 1.194096482129285430e-01 3.775130844802863095e-01 9.218779316241472177e-01
2.166099560445090555e-01 4.202495773680295366e-01 5.728520957076570497e-01 3.470154621358814140e-01 2.386583262413134454e-01 3.327916705721106205e-01 0.000000000000000000e+00 4.127741331898333588e-01 8.352934172010387792e-01 7.471352485100919427e-01 4.384718453338081190e-01 7.713464973905295174e-01 4.741120552937351795e-01 4.990151731431194393e-01 7.790083545846352431e-01 4.842264962738770384e-01 9.453370308129533939e-01 5.083612495142635357e-01 5.576607146471366239e-01 4.322834410100364622e-01 4.329766994015394332e-01 4.115543135211935932e-01 2.224059438766802232e-01 5.289900613142012320e-01 5.694245905013139986e-01 1.813318375236043778e-01 2.330320461981633118e-01 3.687831760857482877e-01 4.505104078485306918e-01 5.905404913336194106e-01 7.152175994893527067e-01 3.614817009587613650e-01 4.432006732808871363e-01 4.583820595973589485e-01 7.643354968749381806e-01
7.122312518754023714e-01 6.595179430147359856e-01 6.181622757350582198e-01 5.877212182517824735e-01 1.774325257808593292e-01 6.850096616675587224e-01 4.127741331898333588e-01 0.000000000000000000e+00 5.280406442369787179e-01 6.268796403038158216e-01 3.766509301926784792e-01 9.679406643578667424e-01 6.209941913124077395e-01 2.415447406620405690e-01 4.632176568782463977e-01 3.652417975794043925e-01 3.762159574823170094e-01 1.947067405325464406e-01 6.071171772813267475e-01 3.222959353653442327e-01 8.490664534587686330e-01 2.000009139424133719e-01 5.193923716203072694e-01 6.270752745408548767e-01 3.400366902791992496e-01 4.434727366569372609e-01 5.039179038133805300e-01 3.666364853607837482e-01 5.054252395860341363e-01 6.405879032774307591e-01 3.580080379146749481e-01 5.174582637705622545e-01 6.577015248059543406e-01 5.879597048306941520e-01 4.226694002305861897e-01
5.294492551412816050e-01 5.509974618937849566e-01 7.747534009925033383e-01 5.951237916837021080e-01 6.611306382967314654e-01 5.310803971323816430e-01 8.352934172010387792e-01 5.280406442369787179e-01 0.000000000000000000e+00 3.580645027728811547e-01 4.054491047936800152e-01 9.255359672725476106e-01 6.156561964645216323e-01 3.860226240207217385e-01 5.413149365275177205e-01 4.943778467784346597e-01 1.432841832820686001e-01 7.765864820165522264e-01 7.886461626611180886e-01 3.927894641453577029e-01 2.370812942139365054e-01 6.070156990874078229e-01 2.774777717983781811e-01 4.785492112203461601e-01 4.861589726610108242e-01 3.095167642301192568e-01 4.892387272819104793e-01 6.602726051567324728e-01 2.615510558451270562e-01 1.367160823397784442e-01 2.146519527978757447e-01 6.041299631081611388e-01 4.416907144542586705e-01 4.784742407356190608e-01 9.119920391103932822e-01
8.642462429681998515e-01 8.729133958796033710e-01 5.237484118248114662e-01 5.149237814417744197e-01 6.929988652371537050e-01 7.094354302965484305e-01 7.471352485100919427e-01 6.268796403038158216e-01 3.580645027728811547e-01 0.000000000000000000e+00 2.587250321280907261e-01 4.548357937998455114e-01 4.955365549203407660e-01 3.424512601343355778e-01 4.450863826107537280e-01 7.172512557701604674e-01 3.932469774081511771e-01 4.048595495013834200e-01 4.984638808153726286e-01 8.710443798500238088e-01 5.349963576299920920e-01 2.547608416895031924e-01 5.591003919360417740e-01 4.676597911004204411e-01 3.721230430079837115e-01 4.656995167587096862e-01 2.678845857534779551e-01 6.125112128310710169e-01 6.863298159757493799e-01 7.061228661711526078e-01 9.162778632520454103e-01 3.659507848435461508e-01 5.267773472728951578e-01 3.250660929917235098e-01 6.151012336649380741e-01
7.933428800636834755e-01 6.775821351836998074e-01 5.948961078562231553e-01 2.283000744801335080e-01 6.338626477557655070e-01 4.784365745941692172e-01 4.384718453338081190e-01 3.766509301926784792e-01 4.054491047936800152e-01 2.587250321280907261e-01 0.000000000000000000e+00 1.501736885426538937e-01 6.060378624821978200e-01 5.351649900023378592e-01 5.877522912199815153e-01 5.036467046516105439e-01 8.900378936822165299e-01 4.250740872932288195e-01 6.200780931587628331e-01 3.862049641183706861e-01 8.133738769849152561e-01 8.565819391600137944e-02 3.626555607786983160e-01 5.699199106566130713e-01 4.240354575999625841e-01 1.674828008078105279e-01 6.132260490265066810e-01 9.787984543346511801e-02 7.446783288698506365e-01 4.542595096727785053e-01 3.685209420898324373e-01 5.067202054851893678e-01 3.533375383770596123e-01 3.085042447411793232e-01 1.802470252676314777e-01
5.909084771618566823e-01 4.565723090205518475e-01 1.745820733569004024e-01 8.764380680668417689e-01 4.549844062104773101e-01 6.736034192507517337e-01 7.713464973905295174e-01 9.679406643578667424e-01 9.255359672725476106e-01 4.548357937998455114e-01 1.501736885426538937e-01 0.000000000000000000e+00 4.722524228700251681e-01 3.801972165727230402e-01 4.844221048964120757e-01 7.248549574254030681e-01 9.623788482157702440e-02 5.497266480223774732e-01 2.953430193630156575e-01 2.938070998061127481e-01 6.097758623910187747e-01 8.056950906854989380e-01 4.853632881413396660e-01 2.265406004551445418e-01 4.837910356897409669e-01 4.569320305658070014e-01 7.838562772974219106e-01 2.862103544202473371e-01 9.204403017142321897e-01 6.716400900877653735e-01 1.144866689479573374e-01 4.341639816151182107e-01 5.416607061791967048e-01 3.563559428631036252e-01 4.910040908375903901e-01
3.540749448521163245e-01 3.602957724009847040e-01 5.306277303929938238e-01 4.628170005412641230e-01 2.062710482209506591e-01 6.745349339320055870e-01 4.741120552937351795e-01 6.209941913124077395e-01 6.156561964645216323e-01 4.955365549203407660e-01 6.060378624821978200e-01 4.722524228700251681e-01 0.000000000000000000e+00 2.676760576667873703e-01 6.529915178260048414e-02 3.788510360054252457e-01 5.590688092982513124e-01 4.086546959526038414e-01 6.250176454134963588e-01 7.214484830401611815e-01 7.283185950049908541e-01 5.240379743499078424e-01 1.442099052573448947e-01 4.772223659206289992e-01 4.979850135608852035e-01 7.659117555050440895e-01 7.493811323940223756e-01 6.065033380225173243e-01 1.899069244618086794e-01 5.512279218766829025e-01 4.832439404484826229e-01 8.814300598089281902e-01 6.926454413366101015e-01 5.567573675046564308e-01 6.541524475236797365e-01
1.463800001516992744e-01 4.406767880007003146e-01 1.225103026290561559e-01 5.732610441670868973e-01 2.229523719358917910e-01 4.153728593378761547e-01 4.990151731431194393e-01 2.415447406620405690e-01 3.860226240207217385e-01 3.424512601343355778e-01 5.351649900023378592e-01 3.801972165727230402e-01 2.676760576667873703e-01 0.000000000000000000e+00 4.428614946636354466e-01 3.530584981379629728e-01 6.516546196694608106e-01 4.065191113636474340e-01 2.141894607121628269e-01 2.071081656967809215e-01 3.938756709099495157e-01 8.513227951733171039e-01 4.874439590314372794e-01 3.996166384557424678e-01 3.756800699394842735e-01 4.076680170257358515e-01 3.555395099760382260e-01 5.201449059611940040e-01 6.804115188015624760e-01 5.619636681108586274e-01 1.353517252079989852e-01 2.172220212940864092e-01 6.646028274703525973e-01 4.929481955199722654e-01 4.623036017492814787e-01
5.444818901041158510e-01 5.665327420483993182e-01 7.250644558538588136e-01 7.503729860734102974e-01 2.573764604934728473e-01 6.677564595998327635e-01 7.790083545846352431e-01 4.632176568782463977e-01 5.413149365275177205e-01 4.450863826107537280e-01 5.877522912199815153e-01 4.844221048964120757e-01 6.529915178260048414e-02 4.428614946636354466e-01 0.000000000000000000e+00 9.119636017166814490e-01 8.268369419625771766e-01 1.683994790785333651e-01 4.479302298661836934e-01 5.132320026571397520e-01 6.831207664906778776e-01 6.494832771817173889e-01 2.708900075451910472e-01 2.853382938177188022e-01 5.482514783824778970e-01 6.246621869568325103e-01 4.479227441613748972e-01 4.939837792012592432e-01 5.661060100958804631e-01 5.906547868044601524e-01 1.115932030884526638e-01 1.741478463673945543e-01 2.167241862374580386e-02 6.945225483020973645e-01 5.288573642457736756e-01
7.043416701614972908e-01 6.897920618986999042e-01 3.220064733564619308e-01 4.441242129114626458e-01 6.158306940375964933e-01 6.518655496058095578e-02 4.842264962738770384e-01 3.652417975794043925e-01 4.943778467784346597e-01 7.172512557701604674e-01 5.036467046516105439e-01 7.248549574254030681e-01 3.788510360054252457e-01 3.530584981379629728e-01 9.119636017166814490e-01 0.000000000000000000e+00 4.112348358138537829e-01 2.296254033771902292e-01 5.073861386976082910e-01 5.246083824046628985e-01 8.467316797171560161e-01 6.249732316507055074e-01 3.916241935670248253e-01 6.699862591589320626e-01 4.601471762854391634e-01 2.242826041273086046e-01 3.937124539375778109e-01 6.050421362412673476e-01 5.249948081799034050e-01 2.106015481673707557e-01 3.703861285848660811e-01 4.525404837054000096e-01 4.003601602037424323e-01 1.643619540516366162e-01 3.594656266772539022e-01
7.840471039078926729e-01 2.454037685651429546e-01 5.458130547768136331e-01 3.252702338464072973e-01 5.830952828865587634e-02 2.476862905788455027e-01 9.453370308129533939e-01 3.762159574823170094e-01 1.432841832820686001e-01 3.932469774081511771e-01 8.900378936822165299e-01 9.623788482157702440e-02 5.590688092982513124e-01 6.516546196694608106e-01 8.268369419625771766e-01 4.112348358138537829e-01 0.000000000000000000e+00 4.504988851034771313e-01 5.009820072727119156e-01 8.446804816283262074e-01 5.669265218536997386e-01 1.366780475448035603e-01 4.106038732672022684e-01 6.683767132744827810e-01 5.254819678344677669e-01 7.122846756864149587e-01 7.544504965771674510e-01 8.251582117591047538e-01 5.126302574638197385e-03 2.289389288440195624e-01 3.777741665829595363e-01 3.774414024521923205e-01 7.805374229759147742e-01 5.321545636984885697e-01 5.783124370145631410e-01
8.586090975987998863e-01 2.445316622240812365e-01 4.992956162861917901e-01 5.754060492366168678e-01 2.637944108196251802e-01 8.519713262964418998e-01 5.083612495142635357e-01 1.947067405325464406e-01 7.765864820165522264e-01 4.048595495013834200e-01 4.250740872932288195e-01 5.497266480223774732e-01 4.086546959526038414e-01 4.065191113636474340e-01 1.683994790785333651e-01 2.296254033771902292e-01 4.504988851034771313e-01 0.000000000000000000e+00 4.984038508483987773e-01 5.958841436773318900e-01 5.522210887442475791e-01 9.388698894602534040e-01 3.063787566194628997e-01 3.123550898982479507e-01 4.817427535792999094e-01 4.273593100082624385e-01 5.546850794944041541e-02 5.061102105818529040e-01 9.013896511293228997e-01 5.177122195274097560e-01 6.232113970793135005e-01 7.229910053014931837e-02 2.311495985829262745e-01 4.914176560483097811e-01 3.426394043306032478e-01
6.942010851129838400e-01 4.710131884699225724e-01 1.380499657333006391e-01 5.635890116137914907e-01 3.622768274177928238e-01 6.117013923123190144e-01 5.576607146471366239e-01 6.071171772813267475e-01 7.886461626611180886e-01 4.984638808153726286e-01 6.200780931587628331e-01 2.953430193630156575e-01 6.250176454134963588e-01 2.141894607121628269e-01 4.479302298661836934e-01 5.073861386976082910e-01 5.009820072727119156e-01 4.984038508483987773e-01 0.000000000000000000e+00 3.285108428115671719e-01 6.234546358001410438e-01 1.579660998979559583e-01 1.721463163552302555e-01 6.045265294592896410e-01 8.466778593494221905e-01 3.051504223456987797e-01 2.656719298525482831e-01 5.636005589205640431e-01 4.143544130093989586e-01 3.684130326747484530e-01 7.662267808217478882e-01 5.368608990316923180e-01 6.007542329262337555e-01 5.040067755374044722e-01 4.926857401465142838e-01
7.911890205078082605e-01 7.374969774976875003e-01 3.118844780669541850e-01 6.715931213186721038e-02 8.820083653397992052e-01 8.320859971897314189e-01 4.322834410100364622e-01 3.222959353653442327e-01 3.927894641453577029e-01 8.710443798500238088e-01 3.862049641183706861e-01 2.938070998061127481e-01 7.214484830401611815e-01 2.071081656967809215e-01 5.132320026571397520e-01 5.246083824046628985e-01 8.446804816283262074e-01 5.958841436773318900e-01 3.285108428115671719e-01 0.000000000000000000e+00 3.849916466087222044e-01 8.838334175594786402e-01 6.267882846420634868e-01 6.351218509902004650e-01 6.673080706202768608e-01 1.475718809090039718e-01 5.958463739054382646e-01 2.020704538791363025e-01 3.589300579269125713e-01 6.419781822690329154e-01 7.258873125642877344e-01 4.624744899395245579e-01 5.794741142306476522e-01 7.782420489294930022e-01 8.936624739104481741e-01
8.024584761451816206e-01 7.495616493712700112e-01 6.969383634193415666e-01 4.486005767634345665e-01 1.456022994741631438e-01 6.058083355723005159e-01 4.329766994015394332e-01 8.490664534587686330e-01 2.370812942139365054e-01 5.349963576299920920e-01 8.133738769849152561e-01 6.097758623910187747e-01 7.283185950049908541e-01 3.938756709099495157e-01 6.831207664906778776e-01 8.467316797171560161e-01 5.669265218536997386e-01 5.522210887442475791e-01 6.234546358001410438e-01 3.849916466087222044e-01 0.000000000000000000e+00 2.553999244602824792e-01 9.013271844779178199e-01 1.727226016867275948e-01 4.970748409248871846e-01 1.616121576356106537e-01 5.989737977295099824e-01 8.278986178190149703e-01 8.096816308812653240e-01 8.865717745503746139e-01 1.771551896179963670e-01 3.424108484420743670e-01 6.645429509866684903e-01 8.540450227274993811e-01 4.102299655884762974e-01
1.124366263225713425e-01 3.022681533686885080e-01 7.647358603806215793e-01 2.801909188910414183e-01 9.145487400244098897e-01 7.538833596729810349e-01 4.115543135211935932e-01 2.000009139424133719e-01 6.070156990874078229e-01 2.547608416895031924e-01 8.565819391600137944e-02 8.056950906854989380e-01 5.240379743499078424e-01 8.513227951733171039e-01 6.494832771817173889e-01 6.249732316507055074e-01 1.366780475448035603e-01 9.388698894602534040e-01 1.579660998979559583e-01 8.838334175594786402e-01 2.553999244602824792e-01 0.000000000000000000e+00 7.164683338997599460e-01 2.559571461577286877e-01 9.535861032066506038e-01 4.414098660579089395e-01 7.324232727264168297e-01 7.438317055743732809e-01 3.424715016123714983e-01 2.446146811848024516e-01 3.879198555511288449e-01 7.482747740968553884e-01 5.562748556175873826e-01 4.723792461538730003e-01 9.075376789268289057e-01
3.941670860080679906e-01 3.387978450683427067e-01 3.884064537793113780e-01 6.136675236972403136e-01 7.104771128362981081e-01 3.759273826612669622e-01 2.224059438766802232e-01 5.193923716203072694e-01 2.774777717983781811e-01 5.591003919360417740e-01 3.626555607786983160e-01 4.853632881413396660e-01 1.442099052573448947e-01 4.874439590314372794e-01 2.708900075451910472e-01 3.916241935670248253e-01 4.106038732672022684e-01 3.063787566194628997e-01 1.721463163552302555e-01 6.267882846420634868e-01 9.013271844779178199e-01 7.164683338997599460e-01 0.000000000000000000e+00 5.763119771767983845e-01 6.230310556690616952e-01 1.818402916281846582e-01 2.643833943604647629e-01 3.979988129851834144e-01 4.698467700041225603e-01 4.035749944504445352e-01 7.499315942413605773e-01 5.747504794842590581e-01 8.760289745096201397e-01 2.584895153232961151e-01 1.598849985550595543e-01
5.503711095706349532e-01 3.295530552430505078e-01 4.190018828814188190e-01 7.549403612362105553e-01 1.363013400715017420e-01 9.859955081642199914e-01 5.289900613142012320e-01 6.270752745408548767e-01 4.785492112203461601e-01 4.676597911004204411e-01 5.699199106566130713e-01 2.265406004551445418e-01 4.772223659206289992e-01 3.996166384557424678e-01 2.853382938177188022e-01 6.699862591589320626e-01 6.683767132744827810e-01 3.123550898982479507e-01 6.045265294592896410e-01 6.351218509902004650e-01 1.727226016867275948e-01 2.559571461577286877e-01 5.763119771767983845e-01 0.000000000000000000e+00 4.486260228185262044e-01 4.275709219808289108e-01 1.812228406694258442e-01 9.326398386779446437e-01 4.394426273396208060e-01 7.898592388034171297e-01 3.816900631342312611e-02 3.345711243260639511e-01 5.151192126089316758e-01 4.148652351915061987e-01 3.524224294794120471e-01
4.478301350790288571e-01 2.036278700065362046e-01 5.089346791455766628e-01 4.949625740523529993e-01 1.835323034444602541e-01 6.723464486060432010e-01 5.694245905013139986e-01 3.400366902791992496e-01 4.861589726610108242e-01 3.721230430079837115e-01 4.240354575999625841e-01 4.837910356897409669e-01 4.979850135608852035e-01 3.756800699394842735e-01 5.482514783824778970e-01 4.601471762854391634e-01 5.254819678344677669e-01 4.817427535792999094e-01 8.466778593494221905e-01 6.673080706202768608e-01 4.970748409248871846e-01 9.535861032066506038e-01 6.230310556690616952e-01 4.486260228185262044e-01 0.000000000000000000e+00 4.957137732112402162e-01 4.247905282739271593e-01 5.481707829904438611e-01 2.907408525143417855e-01 6.829677642244456059e-01 6.026398083476228740e-01 8.676741779897720885e-01 1.811303154855286035e-01 8.196152301704608956e-01 5.503388387429355433e-01
8.900976025527618241e-01 7.425802205483960083e-01 1.923978320801591479e-01 9.611776418661571730e-02 1.910808680858469000e-01 5.528095999709337072e-01 1.813318375236043778e-01 4.434727366569372609e-01 3.095167642301192568e-01 4.656995167587096862e-01 1.674828008078105279e-01 4.569320305658070014e-01 7.659117555050440895e-01 4.076680170257358515e-01 6.246621869568325103e-01 2.242826041273086046e-01 7.122846756864149587e-01 4.273593100082624385e-01 3.051504223456987797e-01 1.475718809090039718e-01 1.616121576356106537e-01 4.414098660579089395e-01 1.818402916281846582e-01 4.275709219808289108e-01 4.957137732112402162e-01 0.000000000000000000e+00 4.916007741820140331e-01 7.356526218962629038e-01 4.649152626412780265e-01 5.611646339779159387e-01 8.236418396768571126e-01 5.786882996123046130e-01 2.497090911078679865e-01 6.532447814745354631e-01 3.533211057915523479e-01
5.426984111620054563e-01 1.881227007002901352e-01 4.574642140411618874e-01 4.090213856133489978e-01 4.036547693255512215e-01 6.906040521795709930e-01 2.330320461981633118e-01 5.039179038133805300e-01 4.892387272819104793e-01 2.678845857534779551e-01 6.132260490265066810e-01 7.838562772974219106e-01 7.493811323940223756e-01 3.555395099760382260e-01 4.479227441613748972e-01 3.937124539375778109e-01 7.544504965771674510e-01 5.546850794944041541e-02 2.656719298525482831e-01 5.958463739054382646e-01 5.989737977295099824e-01 7.324232727264168297e-01 2.643833943604647629e-01 1.812228406694258442e-01 4.247905282739271593e-01 4.916007741820140331e-01 0.000000000000000000e+00 5.299543357369314034e-01 2.080445462122106903e-01 6.456544309550320548e-01 2.369563658633129233e-01 1.318065122822320578e-01 5.639446213910925820e-01 6.747136831802502677e-01 3.333487853889182118e-01
4.054613566308075123e-01 5.370423606134947514e-01 8.329278338254921810e-01 4.847603714699345034e-01 5.252265893439733713e-01 4.008009121061659741e-01 3.687831760857482877e-01 3.666364853607837482e-01 6.602726051567324728e-01 6.125112128310710169e-01 9.787984543346511801e-02 2.862103544202473371e-01 6.065033380225173243e-01 5.201449059611940040e-01 4.939837792012592432e-01 6.050421362412673476e-01 8.251582117591047538e-01 5.061102105818529040e-01 5.636005589205640431e-01 2.020704538791363025e-01 8.278986178190149703e-01 7.438317055743732809e-01 3.979988129851834144e-01 9.326398386779446437e-01 5.481707829904438611e-01 7.356526218962629038e-01 5.299543357369314034e-01 0.000000000000000000e+00 1.720928693171372981e-01 8.158764812864367499e-01 5.753573354598953138e-01 6.235461589492474754e-01 3.827459146927486011e-01 2.958785662957729157e-01 5.253489758370825102e-01
3.561318480158423005e-01 6.238391432101926259e-01 3.599046081166132338e-01 5.909711198340767968e-01 5.673826151747292101e-01 1.191144330482266644e-01 4.505104078485306918e-01 5.054252395860341363e-01 2.615510558451270562e-01 6.863298159757493799e-01 7.446783288698506365e-01 9.204403017142321897e-01 1.899069244618086794e-01 6.804115188015624760e-01 5.661060100958804631e-01 5.249948081799034050e-01 5.126302574638197385e-03 9.013896511293228997e-01 4.143544130093989586e-01 3.589300579269125713e-01 8.096816308812653240e-01 3.424715016123714983e-01 4.698467700041225603e-01 4.394426273396208060e-01 2.907408525143417855e-01 4.649152626412780265e-01 2.080445462122106903e-01 1.720928693171372981e-01 0.000000000000000000e+00 4.409337662987565798e-01 8.362497861297943924e-01 3.550426611664030396e-01 4.870832161961256568e-01 5.462253011977924455e-01 4.065375057200303899e-01
6.932293902437617339e-01 2.801951267935627321e-01 4.968232521398598944e-01 7.381219386006858674e-01 5.034769955782709694e-01 8.843657747687787563e-01 5.905404913336194106e-01 6.405879032774307591e-01 1.367160823397784442e-01 7.061228661711526078e-01 4.542595096727785053e-01 6.716400900877653735e-01 5.512279218766829025e-01 5.619636681108586274e-01 5.906547868044601524e-01 2.106015481673707557e-01 2.289389288440195624e-01 5.177122195274097560e-01 3.684130326747484530e-01 6.419781822690329154e-01 8.865717745503746139e-01 2.446146811848024516e-01 4.035749944504445352e-01 7.898592388034171297e-01 6.829677642244456059e-01 5.611646339779159387e-01 6.456544309550320548e-01 8.158764812864367499e-01 4.409337662987565798e-01 0.000000000000000000e+00 5.432362315258263408e-01 4.013383012879462308e-01 3.298617014945832704e-01 5.921401028954162982e-01 5.533055764245918828e-01
9.791156916394272436e-01 8.234569553902000294e-01 5.877751407849327592e-01 9.554942744299261825e-01 2.952322554467923799e-01 2.340564917088450714e-01 7.152175994893527067e-01 3.580080379146749481e-01 2.146519527978757447e-01 9.162778632520454103e-01 3.685209420898324373e-01 1.144866689479573374e-01 4.832439404484826229e-01 1.353517252079989852e-01 1.115932030884526638e-01 3.703861285848660811e-01 3.777741665829595363e-01 6.232113970793135005e-01 7.662267808217478882e-01 7.258873125642877344e-01 1.771551896179963670e-01 3.879198555511288449e-01 7.499315942413605773e-01 3.816900631342312611e-02 6.026398083476228740e-01 8.236418396768571126e-01 2.369563658633129233e-01 5.753573354598953138e-01 8.362497861297943924e-01 5.432362315258263408e-01 0.000000000000000000e+00 6.080033952290981869e-01 3.805012472599947904e-01 7.320625642609250860e-01 5.226096236785293669e-01
9.745019156946055361e-02 2.637124201856179129e-01 7.151907836089110848e-01 5.286901348753083596e-01 7.629471728327761326e-01 2.863279881589738673e-01 3.614817009587613650e-01 5.174582637705622545e-01 6.041299631081611388e-01 3.659507848435461508e-01 5.067202054851893678e-01 4.341639816151182107e-01 8.814300598089281902e-01 2.172220212940864092e-01 1.741478463673945543e-01 4.525404837054000096e-01 3.774414024521923205e-01 7.229910053014931837e-02 5.368608990316923180e-01 4.624744899395245579e-01 3.424108484420743670e-01 7.482747740968553884e-01 5.747504794842590581e-01 3.345711243260639511e-01 8.676741779897720885e-01 5.786882996123046130e-01 1.318065122822320578e-01 6.235461589492474754e-01 3.550426611664030396e-01 4.013383012879462308e-01 6.080033952290981869e-01 0.000000000000000000e+00 3.979984003346598298e-01 3.625031346502979313e-01 3.210157426587685880e-01
1.645582068309733303e-01 5.963340491696484946e-01 7.067145090804264340e-01 4.810577345242072478e-01 5.698112083567035135e-01 1.194096482129285430e-01 4.432006732808871363e-01 6.577015248059543406e-01 4.416907144542586705e-01 5.267773472728951578e-01 3.533375383770596123e-01 5.416607061791967048e-01 6.926454413366101015e-01 6.646028274703525973e-01 2.167241862374580386e-02 4.003601602037424323e-01 7.805374229759147742e-01 2.311495985829262745e-01 6.007542329262337555e-01 5.794741142306476522e-01 6.645429509866684903e-01 5.562748556175873826e-01 8.760289745096201397e-01 5.151192126089316758e-01 1.811303154855286035e-01 2.497090911078679865e-01 5.639446213910925820e-01 3.827459146927486011e-01 4.870832161961256568e-01 3.298617014945832704e-01 3.805012472599947904e-01 3.979984003346598298e-01 0.000000000000000000e+00 3.653858731535439830e-01 3.884506082415710715e-01
3.074773461594134671e-01 4.178495509382099682e-01 5.273621219172743846e-01 7.673772718102016555e-01 5.479681940309305554e-01 3.775130844802863095e-01 4.583820595973589485e-01 5.879597048306941520e-01 4.784742407356190608e-01 3.250660929917235098e-01 3.085042447411793232e-01 3.563559428631036252e-01 5.567573675046564308e-01 4.929481955199722654e-01 6.945225483020973645e-01 1.643619540516366162e-01 5.321545636984885697e-01 4.914176560483097811e-01 5.040067755374044722e-01 7.782420489294930022e-01 8.540450227274993811e-01 4.723792461538730003e-01 2.584895153232961151e-01 4.148652351915061987e-01 8.196152301704608956e-01 6.532447814745354631e-01 6.747136831802502677e-01 2.958785662957729157e-01 5.462253011977924455e-01 5.921401028954162982e-01 7.320625642609250860e-01 3.625031346502979313e-01 3.653858731535439830e-01 0.000000000000000000e+00 6.115766640930866416e-01
5.007944953080775141e-01 6.174115079750526203e-01 6.962143737098676066e-01 2.285530384517817926e-01 2.129558411077765445e-01 9.218779316241472177e-01 7.643354968749381806e-01 4.226694002305861897e-01 9.119920391103932822e-01 6.151012336649380741e-01 1.802470252676314777e-01 4.910040908375903901e-01 6.541524475236797365e-01 4.623036017492814787e-01 5.288573642457736756e-01 3.594656266772539022e-01 5.783124370145631410e-01 3.426394043306032478e-01 4.926857401465142838e-01 8.936624739104481741e-01 4.102299655884762974e-01 9.075376789268289057e-01 1.598849985550595543e-01 3.524224294794120471e-01 5.503388387429355433e-01 3.533211057915523479e-01 3.333487853889182118e-01 5.253489758370825102e-01 4.065375057200303899e-01 5.533055764245918828e-01 5.226096236785293669e-01 3.210157426587685880e-01 3.884506082415710715e-01 6.115766640930866416e-01 0.000000000000000000e+00
