0.000000000000000000e+00 7.519233414076094135e-01 2.668055456852073126e-01 7.707758854605339938e-02 5.826583190917777877e-01 6.450002195131332439e-01 5.670526057276392695e-01 7.130425844159551385e-01 4.552157688895903109e-01 3.115612803375550355e-01 3.589534879604749928e-01 7.785268937742741979e-01 8.707879446941986235e-01 4.089855056028353086e-01 8.109251242942101534e-01 4.275476166354625351e-01 7.931095077404488602e-01 3.418629828724124575e-01 7.399316469478074421e-01 5.176991239299228997e-01 7.255113509322026477e-01 5.174470511231401559e-01 7.080237255607711999e-01 4.191045575852007099e-01 1.096480635088141753e-01 3.960779114688116609e-01 4.547416747334489528e-01 2.191433075320637913e-01 7.306589954553003308e-01 5.091414056142552491e-01 4.699864483135280935e-01 1.198579557061038026e-01 3.907069193028231968e-01 6.383076319260025944e-01 2.191040764212283110e-01
7.519233414076094135e-01 0.000000000000000000e+00 1.249535230110211392e-01 5.029917973312807433e-01 5.515637424268782230e-01 5.294362382893647023e-01 6.107346058731594196e-01 4.765761004747338658e-01 2.615041307934752868e-01 2.792471860164279507e-01 7.384831012969418351e-01 4.378855840271592137e-01 7.252589226016661339e-01 4.084131782952914458e-01 8.010799324280013511e-01 1.948977674522793246e-01 9.104781808588251479e-01 4.337320605337451340e-01 4.315769500478550680e-01 3.632919578625289914e-01 4.715388757692929311e-01 4.608340057304017856e-01 3.073880532892918627e-01 9.707070728460376330e-01 6.360794403459116841e-01 6.663935736019734879e-01 5.967233138469540954e-02 8.629871692637572922e-01 8.548817282616631985e-01 5.140141005917129302e-01 3.720632603155933360e-01 5.070134556936924941e-01 3.264168918095108340e-01 6.722430707124793514e-01 8.023520899890124181e-01
2.668055456852073126e-01 1.249535230110211392e-01 0.000000000000000000e+00 3.774054935454957405e-01 4.710142547502010890e-01 2.423543365985458276e-01 5.460666832452533148e-01 2.500170381006846521e-01 6.701971636288746037e-01 5.025375110986287641e-01 3.733610996164573592e-01 5.810379785181756240e-01 2.549220337433075745e-01 2.894523036667061011e-01 5.422540469424657061e-01 2.695562688595221079e-01 4.775091678438773135e-01 3.906018623638995990e-01 8.459216826940373357e-01 8.825813236430981590e-01 5.404186820071164021e-01 7.813824073724915387e-01 8.759887070429548395e-01 7.820991483328738614e-01 1.720047244048917845e-01 4.552047620999601918e-01 1.522200583402368856e-01 4.003248445596513383e-01 6.948327903679361039e-01 5.441268875395826043e-01 4.226187307303132523e-01 2.261000043521922409e-01 7.609153202759781909e-01 5.141506624690348470e-01 6.430725416059794863e-01
7.707758854605339938e-02 5.029917973312807433e-01 3.774054935454957405e-01 0.000000000000000000e+00 3.413562530758926794e-01 4.735682529078520386e-01 4.680000998138884594e-01 5.303265222957707081e-01 7.037163268627160129e-01 5.748050659000931706e-01 5.744905717668248313e-01 6.628446365206430713e-01 3.660970104812277803e-01 5.562824019350970373e-01 4.402331956081483311e-01 2.102505090663483456e-01 4.949611723529914187e-01 6.497993338051695211e-01 6.490011423808429436e-01 8.090260837122426052e-01 9.325877230253809547e-01 5.349329525483377257e-01 4.201857039477989719e-01 1.173960460782570436e-01 3.657937896841689795e-02 5.473485605223108452e-01 2.159840805046494561e-01 5.502613800896223317e-01 4.572577241952968663e-01 8.369816659933954073e-01 3.526785766019246982e-01 4.671164947688998259e-01 3.014726377620128295e-01 5.103513953191292085e-01 4.860866720661750628e-01
5.826583190917777877e-01 5.515637424268782230e-01 4.710142547502010890e-01 3.413562530758926794e-01 0.000000000000000000e+00 8.202603695623509328e-01 9.575630411241209394e-01 4.497960910531990097e-01 6.671739355990400355e-01 5.603947410180181166e-01 1.519259940487709404e-01 4.615307370048570834e-01 3.198918707782169024e-01 4.138274551107232746e-01 6.922274234354555134e-01 4.355927923414201208e-01 3.794383266751307771e-01 3.861354722859390298e-01 6.219957718247891565e-01 3.694456512328881947e-01 1.872713852033102144e-01 8.624300883822131336e-01 8.533016911006444660e-01 5.360200356822846235e-01 2.648065798480159216e-01 6.811815317334765085e-01 1.729975818515638863e-01 2.647947734811186837e-01 5.841583639250300664e-01 3.847891894595599771e-01 5.699760565326406070e-01 8.571910122394907905e-01 7.031742169375426732e-01 5.605084829028371685e-01 2.649403904866869941e-01
6.450002195131332439e-01 5.294362382893647023e-01 2.423543365985458276e-01 4.735682529078520386e-01 8.202603695623509328e-01 0.000000000000000000e+00 5.079989940547785521e-01 4.168943228157779846e-01 5.660811884874936695e-01 5.501516621180053690e-01 5.786460827444424027e-01 7.830024599585869716e-01 1.788369062252662678e-01 2.794624158616654253e-01 1.908451559851775947e-02 5.581979505515843876e-01 4.102574918723700392e-02 7.893937818601326484e-02 1.831652351314091431e-01 2.602102256911758005e-01 7.578499033203942581e-01 7.529626495707890665e-01 7.207465575211338127e-01 1.695341379192103481e-01 1.558873542219051389e-01 8.224705321886348619e-01 4.615030504219565510e-01 4.323724320430288315e-01 4.961768340057512439e-01 4.125136737647751017e-01 1.908737175016084198e-01 3.920609895514696186e-01 8.334317257022023639e-01 4.179272482041243575e-01 3.921828798599422683e-01
5.670526057276392695e-01 6.107346058731594196e-01 5.460666832452533148e-01 4.680000998138884594e-01 9.575630411241209394e-01 5.079989940547785521e-01 0.000000000000000000e+00 3.818508979169775719e-01 3.606957731002746748e-02 4.388889515293085686e-01 5.352959079476438120e-01 6.582159448265469948e-01 4.823877151506380523e-01 5.532628117993664274e-01 5.543672523533008656e-01 4.451757115981735957e-02 4.748376235139395996e-01 3.820991178656155673e-01 2.328813618548106756e-01 4.831381698435354144e-01 2.240576794777129344e-01 6.486028078986922907e-01 7.807136933956513314e-01 7.080691055662302613e-02 2.120686293693500035e-01 2.662437066944505215e-01 7.955525640973212242e-01 1.349428975634382466e-01 6.372736735787066786e-01 2.684635693255273403e-01 5.377719720363383082e-01 3.442160859266110151e-01 5.891036901328983166e-01 5.966025561833688817e-01 2.772264484255930750e-01
7.130425844159551385e-01 4.765761004747338658e-01 2.500170381006846521e-01 5.303265222957707081e-01 4.497960910531990097e-01 4.168943228157779846e-01 3.818508979169775719e-01 0.000000000000000000e+00 3.720576708563302359e-01 8.180968985635115320e-01 4.306964822419019900e-01 3.939699887010061907e-01 6.584110878169120440e-01 4.995178954610555166e-01 6.605490695930376077e-01 9.149810004308180922e-01 5.462091727354982940e-01 4.254125133243548129e-01 5.182309409727980931e-01 8.504327874788215613e-01 8.065116143290875783e-01 5.526111201558857600e-01 7.159111951115990635e-01 2.079461128935368164e-01 3.796270805758322764e-01 2.719742760503026657e-01 8.272299471776494162e-01 5.869566030461799144e-01 8.735951476107040037e-01 1.703398484701643678e-01 1.781464767040371600e-01 7.537380013434176185e-01 5.062883308656593861e-01 2.808676233535511990e-01 5.040053460770390625e-01
4.552157688895903109e-01 2.615041307934752868e-01 6.701971636288746037e-01 7.037163268627160129e-01 6.671739355990400355e-01 5.660811884874936695e-01 3.606957731002746748e-02 3.720576708563302359e-01 0.000000000000000000e+00 9.112760244778624896e-01 7.414248056753125482e-01 8.317088019808438482e-01 6.849413945372671009e-01 4.522362296607351784e-01 6.019924811282661992e-01 6.578708048465420344e-01 3.984064146431129938e-01 9.395630855434258244e-01 3.307592126355666240e-01 3.859107407877901408e-01 8.025928718415178409e-01 5.728229372076258930e-01 7.758177277433074837e-01 6.261150485329587401e-01 8.384255841971068879e-01 3.151686532572905985e-01 4.623837753719598487e-01 6.467908840283945748e-01 5.538067421639614185e-01 3.034662080355401415e-01 4.726396907263447078e-01 4.959727475941354546e-01 3.650503408302091524e-01 1.347002919162951784e-01 3.278473959067281784e-01
3.115612803375550355e-01 2.792471860164279507e-01 5.025375110986287641e-01 5.748050659000931706e-01 5.603947410180181166e-01 5.501516621180053690e-01 4.388889515293085686e-01 8.180968985635115320e-01 9.112760244778624896e-01 0.000000000000000000e+00 4.244330443446575618e-01 6.778054001386800698e-01 6.487192563818913182e-01 3.997968512329196367e-01 7.343536549456930462e-01 4.561787193714645361e-01 4.514411414212976537e-01 4.621417049311623004e-01 1.673087800259018820e-01 4.406930129494245896e-01 7.134069311726431994e-01 1.305555430970206654e-01 7.729837914044126457e-01 7.253445824997885039e-01 2.349753179153956095e-01 4.695691714980493314e-01 1.824968523838188528e-02 6.071774078398002317e-01 3.162367484331466416e-01 6.541027367501004441e-01 4.526250953232205942e-01 4.846146437153432407e-01 2.069217983956129769e-01 8.506866861935151736e-01 8.530321275632140043e-01
3.589534879604749928e-01 7.384831012969418351e-01 3.733610996164573592e-01 5.744905717668248313e-01 1.519259940487709404e-01 5.786460827444424027e-01 5.352959079476438120e-01 4.306964822419019900e-01 7.414248056753125482e-01 4.244330443446575618e-01 0.000000000000000000e+00 7.015527032686349473e-01 5.528022431693798699e-01 6.633773704894729839e-01 3.647132252564260768e-01 6.397327815489608493e-01 7.228131592565352204e-01 5.419225656443783512e-01 2.056151969801122137e-01 3.526364823616980892e-01 5.591323556548222218e-01 4.164843017266052216e-01 6.060849956965836949e-01 5.626739460480369992e-01 4.253833152054127820e-01 7.636100453196639215e-01 7.180587506392610564e-02 2.579616553298788029e-01 4.859525969798506040e-01 2.465571086798024059e-02 8.564969181320137848e-01 2.432863306513416979e-01 4.571265547092712711e-01 5.195407014672753787e-01 5.962729415956995460e-01
7.785268937742741979e-01 4.378855840271592137e-01 5.810379785181756240e-01 6.628446365206430713e-01 4.615307370048570834e-01 7.830024599585869716e-01 6.582159448265469948e-01 3.939699887010061907e-01 8.317088019808438482e-01 6.778054001386800698e-01 7.015527032686349473e-01 0.000000000000000000e+00 7.365556358501690326e-01 7.510966623562185251e-01 3.331302392544925883e-01 3.646742248931199581e-01 6.347093973570180347e-01 7.881480775043565590e-01 5.526098337772317182e-01 6.039785500020229403e-01 1.549165673498958951e-01 4.764404645154010076e-01 4.951105217144690096e-01 4.494782933364240840e-01 8.798360310355957115e-01 2.136092601110934908e-01 6.770069512022982572e-01 6.415321465000631829e-01 6.183195797846414710e-01 7.626772529464724837e-01 7.132678739928430822e-01 5.946348785302306705e-01 4.779343868398514550e-01 7.005260642559454354e-01 6.468409556555380080e-01
8.707879446941986235e-01 7.252589226016661339e-01 2.549220337433075745e-01 3.660970104812277803e-01 3.198918707782169024e-01 1.788369062252662678e-01 4.823877151506380523e-01 6.584110878169120440e-01 6.849413945372671009e-01 6.487192563818913182e-01 5.528022431693798699e-01 7.365556358501690326e-01 0.000000000000000000e+00 8.021660180412850671e-01 5.522902227383614804e-01 3.860472966810417073e-01 5.607318687799692780e-01 4.825103895422291345e-01 5.655420583724302119e-01 1.269850649894078698e-01 5.980411434389845127e-01 6.049734355446093614e-01 3.326425534877468504e-01 7.203480066961522876e-01 3.310071895112584039e-01 9.659007628654348032e-02 3.573226496394447116e-01 2.512230488550016849e-01 2.217628937030208247e-01 1.591358830147269199e-01 7.496106545809978483e-01 7.459435655858555059e-01 5.207692819573025433e-01 5.870761720081499879e-01 4.614786126259858845e-01
4.089855056028353086e-01 4.084131782952914458e-01 2.894523036667061011e-01 5.562824019350970373e-01 4.138274551107232746e-01 2.794624158616654253e-01 5.532628117993664274e-01 4.995178954610555166e-01 4.522362296607351784e-01 3.997968512329196367e-01 6.633773704894729839e-01 7.510966623562185251e-01 8.021660180412850671e-01 0.000000000000000000e+00 6.024879803099950637e-01 7.009368950071599436e-01 4.386972248752045722e-01 3.862780984878364521e-01 6.451834289805609135e-01 7.069300575155668120e-01 4.967293620999029824e-01 6.847428329146945103e-01 9.284777143407150213e-01 2.092263635192040949e-01 8.974023486810278616e-01 5.413262269896959022e-01 1.723476061941329185e-01 3.434882486172827765e-01 2.346085767019759905e-01 1.994041658042299270e-01 6.024743461797459343e-01 2.500225410851902863e-01 4.944686333990771510e-01 4.224190224142428396e-01 3.318880820900935724e-01
8.109251242942101534e-01 8.010799324280013511e-01 5.422540469424657061e-01 4.402331956081483311e-01 6.922274234354555134e-01 1.908451559851775947e-02 5.543672523533008656e-01 6.605490695930376077e-01 6.019924811282661992e-01 7.343536549456930462e-01 3.647132252564260768e-01 3.331302392544925883e-01 5.522902227383614804e-01 6.024879803099950637e-01 0.000000000000000000e+00 8.913182785236997141e-01 3.270310502947415543e-01 7.911715611151850513e-01 8.063167928495923453e-01 4.208661375900066282e-01 5.576143882258748352e-01 6.519970189044115294e-01 8.392424189191323158e-01 5.481104031335372051e-01 4.754350952103645334e-01 3.691273809814591966e-01 2.076009012797146447e-01 7.996357403154410459e-01 4.901940816508078003e-01 4.643357307012025981e-01 5.062922276264756327e-01 4.309916916030180900e-01 6.714878432990877277e-01 6.816257711488356019e-01 4.785849252165861878e-01
4.275476166354625351e-01 1.948977674522793246e-01 2.695562688595221079e-01 2.102505090663483456e-01 4.355927923414201208e-01 5.581979505515843876e-01 4.451757115981735957e-02 9.149810004308180922e-01 6.578708048465420344e-01 4.561787193714645361e-01 6.397327815489608493e-01 3.646742248931199581e-01 3.860472966810417073e-01 7.009368950071599436e-01 8.913182785236997141e-01 0.000000000000000000e+00 3.317949270065224110e-01 4.989589703389062936e-01 7.483814988328070239e-01 5.890961756593009468e-01 4.385458004742441296e-01 4.141190186151418318e-01 6.812320962677445024e-01 8.850630921167217391e-01 5.235071130745818646e-01 8.712566356742368345e-02 5.642349759203646453e-01 4.961788376276913271e-01 5.789466910332735639e-01 7.269749494769328635e-01 2.386753099303857706e-01 4.894409406691311304e-01 5.455312759923601762e-01 4.517089541759276572e-01 7.122179306362985685e-01
7.931095077404488602e-01 9.104781808588251479e-01 4.775091678438773135e-01 4.949611723529914187e-01 3.794383266751307771e-01 4.102574918723700392e-02 4.748376235139395996e-01 5.462091727354982940e-01 3.984064146431129938e-01 4.514411414212976537e-01 7.228131592565352204e-01 6.347093973570180347e-01 5.607318687799692780e-01 4.386972248752045722e-01 3.270310502947415543e-01 3.317949270065224110e-01 0.000000000000000000e+00 6.158817208291549328e-01 4.613609200595639726e-01 7.864586256992969204e-01 6.315532504501807365e-01 6.551970064452451448e-01 2.239115532614696091e-01 3.083192206296139770e-01 4.426098104351390283e-01 7.655790741423532664e-01 4.014826722567907957e-01 8.569704765799819324e-01 7.933009950447271752e-01 4.499523069557205823e-01 6.277071147034590792e-01 5.412830470348497514e-01 6.938140895761891747e-01 3.578773809362998937e-01 1.645610306209071005e-01
3.418629828724124575e-01 4.337320605337451340e-01 3.906018623638995990e-01 6.497993338051695211e-01 3.861354722859390298e-01 7.893937818601326484e-02 3.820991178656155673e-01 4.254125133243548129e-01 9.395630855434258244e-01 4.621417049311623004e-01 5.419225656443783512e-01 7.881480775043565590e-01 4.825103895422291345e-01 3.862780984878364521e-01 7.911715611151850513e-01 4.989589703389062936e-01 6.158817208291549328e-01 0.000000000000000000e+00 7.831714214051330725e-01 2.110159082417142340e-01 7.912669009992894242e-01 3.633761336611525672e-01 3.940162940357159194e-01 5.725717599730100194e-01 4.428252494314097176e-01 8.391441109581860847e-01 8.527489845812488145e-01 4.607415366608904606e-01 5.906542270286402330e-01 6.800771864940475808e-01 5.756985374108924969e-01 3.737784367611636238e-01 5.174611584890029814e-01 3.872090577981173176e-01 3.946407683109885434e-01
7.399316469478074421e-01 4.315769500478550680e-01 8.459216826940373357e-01 6.490011423808429436e-01 6.219957718247891565e-01 1.831652351314091431e-01 2.328813618548106756e-01 5.182309409727980931e-01 3.307592126355666240e-01 1.673087800259018820e-01 2.056151969801122137e-01 5.526098337772317182e-01 5.655420583724302119e-01 6.451834289805609135e-01 8.063167928495923453e-01 7.483814988328070239e-01 4.613609200595639726e-01 7.831714214051330725e-01 0.000000000000000000e+00 5.522130227685424497e-01 8.805462723715121731e-01 6.336604393543050495e-01 4.264331145526731870e-01 8.378040884598723093e-01 5.361710265375854156e-01 2.680010984817917108e-01 2.815257995363126264e-01 6.465514319104121999e-01 5.791194466257376661e-01 6.044104993208641030e-01 2.585915433209526326e-01 8.130546451518325668e-01 4.285245187055604643e-01 3.073544676266563025e-01 6.034696811802628957e-01
5.176991239299228997e-01 3.632919578625289914e-01 8.825813236430981590e-01 8.090260837122426052e-01 3.694456512328881947e-01 2.602102256911758005e-01 4.831381698435354144e-01 8.504327874788215613e-01 3.859107407877901408e-01 4.406930129494245896e-01 3.526364823616980892e-01 6.039785500020229403e-01 1.269850649894078698e-01 7.069300575155668120e-01 4.208661375900066282e-01 5.890961756593009468e-01 7.864586256992969204e-01 2.110159082417142340e-01 5.522130227685424497e-01 0.000000000000000000e+00 6.736438249004048640e-01 5.682422353516491942e-01 8.198587794879195201e-01 4.116809202026647796e-01 1.436597433328572482e-01 4.176909992280268824e-01 8.406259392267778630e-01 2.641523456321019925e-01 8.088396592186375411e-02 3.259759823614297725e-01 3.901515675372008163e-01 8.226824521228635057e-01 5.355301152725784330e-01 8.097434396811615809e-01 7.891335688925615877e-01
7.255113509322026477e-01 4.715388757692929311e-01 5.404186820071164021e-01 9.325877230253809547e-01 1.872713852033102144e-01 7.578499033203942581e-01 2.240576794777129344e-01 8.065116143290875783e-01 8.025928718415178409e-01 7.134069311726431994e-01 5.591323556548222218e-01 1.549165673498958951e-01 5.980411434389845127e-01 4.967293620999029824e-01 5.576143882258748352e-01 4.385458004742441296e-01 6.315532504501807365e-01 7.912669009992894242e-01 8.805462723715121731e-01 6.736438249004048640e-01 0.000000000000000000e+00 1.256971831593574063e-01 3.600291679075683371e-01 4.154842379628599369e-01 4.596969522430294219e-01 5.674676747640423624e-01 4.418001099912000629e-01 6.315489259505879804e-01 3.273842595370729525e-01 8.964659181928582576e-01 6.052148683509961380e-01 9.294076826622157395e-01 4.823711761964881162e-01 5.836725330174854509e-01 5.562757232281856368e-02
5.174470511231401559e-01 4.608340057304017856e-01 7.813824073724915387e-01 5.349329525483377257e-01 8.624300883822131336e-01 7.529626495707890665e-01 6.486028078986922907e-01 5.526111201558857600e-01 5.728229372076258930e-01 1.305555430970206654e-01 4.164843017266052216e-01 4.764404645154010076e-01 6.049734355446093614e-01 6.847428329146945103e-01 6.519970189044115294e-01 4.141190186151418318e-01 6.551970064452451448e-01 3.633761336611525672e-01 6.336604393543050495e-01 5.682422353516491942e-01 1.256971831593574063e-01 0.000000000000000000e+00 4.850211660779449319e-01 8.738904531411327836e-01 2.414148242729458049e-01 8.357105868533996063e-01 5.929915046562144187e-01 3.631865685554580558e-01 3.516358366377389522e-01 8.629995368051781579e-01 8.127469676074476901e-01 4.484912585379841610e-01 3.679944149561144018e-01 6.428454979176285722e-01 2.950568365515157110e-01
7.080237255607711999e-01 3.073880532892918627e-01 8.759887070429548395e-01 4.201857039477989719e-01 8.533016911006444660e-01 7.207465575211338127e-01 7.807136933956513314e-01 7.159111951115990635e-01 7.758177277433074837e-01 7.729837914044126457e-01 6.060849956965836949e-01 4.951105217144690096e-01 3.326425534877468504e-01 9.284777143407150213e-01 8.392424189191323158e-01 6.812320962677445024e-01 2.239115532614696091e-01 3.940162940357159194e-01 4.264331145526731870e-01 8.198587794879195201e-01 3.600291679075683371e-01 4.850211660779449319e-01 0.000000000000000000e+00 5.838008375336262157e-01 4.846144289019377882e-01 5.452826158441544946e-01 1.673063569186775679e-01 3.864862189550252181e-01 8.413321316080737411e-01 5.375519877844455729e-01 2.460401188068032097e-01 3.730506539859104742e-01 4.344392741148845882e-01 2.568777228744527630e-01 4.886030248130709408e-01
4.191045575852007099e-01 9.707070728460376330e-01 7.820991483328738614e-01 1.173960460782570436e-01 5.360200356822846235e-01 1.695341379192103481e-01 7.080691055662302613e-02 2.079461128935368164e-01 6.261150485329587401e-01 7.253445824997885039e-01 5.626739460480369992e-01 4.494782933364240840e-01 7.203480066961522876e-01 2.092263635192040949e-01 5.481104031335372051e-01 8.850630921167217391e-01 3.083192206296139770e-01 5.725717599730100194e-01 8.378040884598723093e-01 4.116809202026647796e-01 4.154842379628599369e-01 8.738904531411327836e-01 5.838008375336262157e-01 0.000000000000000000e+00 7.866882939402946029e-01 3.067934576002429026e-01 5.758447425112378504e-01 2.945186453983341668e-01 2.475530826369923831e-01 4.567031632645873196e-01 1.984142864669474760e-01 9.305153787430626711e-01 4.918957818960042472e-01 8.759956812122339231e-01 3.212243530171700057e-01
1.096480635088141753e-01 6.360794403459116841e-01 1.720047244048917845e-01 3.657937896841689795e-02 2.648065798480159216e-01 1.558873542219051389e-01 2.120686293693500035e-01 3.796270805758322764e-01 8.384255841971068879e-01 2.349753179153956095e-01 4.253833152054127820e-01 8.798360310355957115e-01 3.310071895112584039e-01 8.974023486810278616e-01 4.754350952103645334e-01 5.235071130745818646e-01 4.426098104351390283e-01 4.428252494314097176e-01 5.361710265375854156e-01 1.436597433328572482e-01 4.596969522430294219e-01 2.414148242729458049e-01 4.846144289019377882e-01 7.866882939402946029e-01 0.000000000000000000e+00 3.752011231025492721e-01 5.620163671536058114e-01 2.535071709575787424e-01 5.125330939516721251e-01 7.356671302755526387e-01 3.223449721139676205e-01 2.009848796371936919e-01 5.482097527666569547e-01 2.084337636153465456e-01 6.130229317875216521e-01
3.960779114688116609e-01 6.663935736019734879e-01 4.552047620999601918e-01 5.473485605223108452e-01 6.811815317334765085e-01 8.224705321886348619e-01 2.662437066944505215e-01 2.719742760503026657e-01 3.151686532572905985e-01 4.695691714980493314e-01 7.636100453196639215e-01 2.136092601110934908e-01 9.659007628654348032e-02 5.413262269896959022e-01 3.691273809814591966e-01 8.712566356742368345e-02 7.655790741423532664e-01 8.391441109581860847e-01 2.680010984817917108e-01 4.176909992280268824e-01 5.674676747640423624e-01 8.357105868533996063e-01 5.452826158441544946e-01 3.067934576002429026e-01 3.752011231025492721e-01 0.000000000000000000e+00 6.511312640918426320e-02 2.579286289516247166e-01 4.878503939874223039e-01 4.502322467420385443e-01 5.875763193202505619e-01 4.809743575560700424e-01 2.531221367467714201e-01 2.850647194393421402e-01 3.444337358129985205e-01
4.547416747334489528e-01 5.967233138469540954e-02 1.522200583402368856e-01 2.159840805046494561e-01 1.729975818515638863e-01 4.615030504219565510e-01 7.955525640973212242e-01 8.272299471776494162e-01 4.623837753719598487e-01 1.824968523838188528e-02 7.180587506392610564e-02 6.770069512022982572e-01 3.573226496394447116e-01 1.723476061941329185e-01 2.076009012797146447e-01 5.642349759203646453e-01 4.014826722567907957e-01 8.527489845812488145e-01 2.815257995363126264e-01 8.406259392267778630e-01 4.418001099912000629e-01 5.929915046562144187e-01 1.673063569186775679e-01 5.758447425112378504e-01 5.620163671536058114e-01 6.511312640918426320e-02 0.000000000000000000e+00 1.676641106030929418e-02 6.637575900423375863e-01 4.509046005538620006e-01 5.921856749588788604e-01 4.306365639116667143e-01 8.222472413066927999e-01 6.764396559991301405e-01 1.584638356747111176e-01
2.191433075320637913e-01 8.629871692637572922e-01 4.003248445596513383e-01 5.502613800896223317e-01 2.647947734811186837e-01 4.323724320430288315e-01 1.349428975634382466e-01 5.869566030461799144e-01 6.467908840283945748e-01 6.071774078398002317e-01 2.579616553298788029e-01 6.415321465000631829e-01 2.512230488550016849e-01 3.434882486172827765e-01 7.996357403154410459e-01 4.961788376276913271e-01 8.569704765799819324e-01 4.607415366608904606e-01 6.465514319104121999e-01 2.641523456321019925e-01 6.315489259505879804e-01 3.631865685554580558e-01 3.864862189550252181e-01 2.945186453983341668e-01 2.535071709575787424e-01 2.579286289516247166e-01 1.676641106030929418e-02 0.000000000000000000e+00 4.044428591319967903e-01 4.041263369337133593e-01 1.857356360466077549e-01 5.759820339690815416e-01 2.015564091872645847e-01 9.200231601395212344e-01 2.552707773673140723e-01
7.306589954553003308e-01 8.548817282616631985e-01 6.948327903679361039e-01 4.572577241952968663e-01 5.841583639250300664e-01 4.961768340057512439e-01 6.372736735787066786e-01 8.735951476107040037e-01 5.538067421639614185e-01 3.162367484331466416e-01 4.859525969798506040e-01 6.183195797846414710e-01 2.217628937030208247e-01 2.346085767019759905e-01 4.901940816508078003e-01 5.789466910332735639e-01 7.933009950447271752e-01 5.906542270286402330e-01 5.791194466257376661e-01 8.088396592186375411e-02 3.273842595370729525e-01 3.516358366377389522e-01 8.413321316080737411e-01 2.475530826369923831e-01 5.125330939516721251e-01 4.878503939874223039e-01 6.637575900423375863e-01 4.044428591319967903e-01 0.000000000000000000e+00 7.988817342524603404e-01 6.037272595293129429e-01 3.812688996377608386e-01 6.816273427948469354e-01 7.437009547162731771e-01 3.121490648702782700e-01
5.091414056142552491e-01 5.140141005917129302e-01 5.441268875395826043e-01 8.369816659933954073e-01 3.847891894595599771e-01 4.125136737647751017e-01 2.684635693255273403e-01 1.703398484701643678e-01 3.034662080355401415e-01 6.541027367501004441e-01 2.465571086798024059e-02 7.626772529464724837e-01 1.591358830147269199e-01 1.994041658042299270e-01 4.643357307012025981e-01 7.269749494769328635e-01 4.499523069557205823e-01 6.800771864940475808e-01 6.044104993208641030e-01 3.259759823614297725e-01 8.964659181928582576e-01 8.629995368051781579e-01 5.375519877844455729e-01 4.567031632645873196e-01 7.356671302755526387e-01 4.502322467420385443e-01 4.509046005538620006e-01 4.041263369337133593e-01 7.988817342524603404e-01 0.000000000000000000e+00 4.368674621179766682e-01 5.020547147442049329e-01 6.160478927146200157e-01 7.630415766178046955e-01 3.106340852790204776e-01
4.699864483135280935e-01 3.720632603155933360e-01 4.226187307303132523e-01 3.526785766019246982e-01 5.699760565326406070e-01 1.908737175016084198e-01 5.377719720363383082e-01 1.781464767040371600e-01 4.726396907263447078e-01 4.526250953232205942e-01 8.564969181320137848e-01 7.132678739928430822e-01 7.496106545809978483e-01 6.024743461797459343e-01 5.062922276264756327e-01 2.386753099303857706e-01 6.277071147034590792e-01 5.756985374108924969e-01 2.585915433209526326e-01 3.901515675372008163e-01 6.052148683509961380e-01 8.127469676074476901e-01 2.460401188068032097e-01 1.984142864669474760e-01 3.223449721139676205e-01 5.875763193202505619e-01 5.921856749588788604e-01 1.857356360466077549e-01 6.037272595293129429e-01 4.368674621179766682e-01 0.000000000000000000e+00 3.401316926841841393e-01 3.431669585191624572e-01 1.717231358275186359e-01 3.023708543124175030e-01
1.198579557061038026e-01 5.070134556936924941e-01 2.261000043521922409e-01 4.671164947688998259e-01 8.571910122394907905e-01 3.920609895514696186e-01 3.442160859266110151e-01 7.537380013434176185e-01 4.959727475941354546e-01 4.846146437153432407e-01 2.432863306513416979e-01 5.946348785302306705e-01 7.459435655858555059e-01 2.500225410851902863e-01 4.309916916030180900e-01 4.894409406691311304e-01 5.412830470348497514e-01 3.737784367611636238e-01 8.130546451518325668e-01 8.226824521228635057e-01 9.294076826622157395e-01 4.484912585379841610e-01 3.730506539859104742e-01 9.305153787430626711e-01 2.009848796371936919e-01 4.809743575560700424e-01 4.306365639116667143e-01 5.759820339690815416e-01 3.812688996377608386e-01 5.020547147442049329e-01 3.401316926841841393e-01 0.000000000000000000e+00 6.436559170805860042e-01 7.464358996010389546e-01 4.582222577257767382e-01
3.907069193028231968e-01 3.264168918095108340e-01 7.609153202759781909e-01 3.014726377620128295e-01 7.031742169375426732e-01 8.334317257022023639e-01 5.891036901328983166e-01 5.062883308656593861e-01 3.650503408302091524e-01 2.069217983956129769e-01 4.571265547092712711e-01 4.779343868398514550e-01 5.207692819573025433e-01 4.944686333990771510e-01 6.714878432990877277e-01 5.455312759923601762e-01 6.938140895761891747e-01 5.174611584890029814e-01 4.285245187055604643e-01 5.355301152725784330e-01 4.823711761964881162e-01 3.679944149561144018e-01 4.344392741148845882e-01 4.918957818960042472e-01 5.482097527666569547e-01 2.531221367467714201e-01 8.222472413066927999e-01 2.015564091872645847e-01 6.816273427948469354e-01 6.160478927146200157e-01 3.431669585191624572e-01 6.436559170805860042e-01 0.000000000000000000e+00 5.081304501844874366e-01 7.011244016797193446e-01
6.383076319260025944e-01 6.722430707124793514e-01 5.141506624690348470e-01 5.103513953191292085e-01 5.605084829028371685e-01 4.179272482041243575e-01 5.966025561833688817e-01 2.808676233535511990e-01 1.347002919162951784e-01 8.506866861935151736e-01 5.195407014672753787e-01 7.005260642559454354e-01 5.870761720081499879e-01 4.224190224142428396e-01 6.816257711488356019e-01 4.517089541759276572e-01 3.578773809362998937e-01 3.872090577981173176e-01 3.073544676266563025e-01 8.097434396811615809e-01 5.836725330174854509e-01 6.428454979176285722e-01 2.568777228744527630e-01 8.759956812122339231e-01 2.084337636153465456e-01 2.850647194393421402e-01 6.764396559991301405e-01 9.200231601395212344e-01 7.437009547162731771e-01 7.630415766178046955e-01 1.717231358275186359e-01 7.464358996010389546e-01 5.081304501844874366e-01 0.000000000000000000e+00 6.580372474453091147e-01
2.191040764212283110e-01 8.023520899890124181e-01 6.430725416059794863e-01 4.860866720661750628e-01 2.649403904866869941e-01 3.921828798599422683e-01 2.772264484255930750e-01 5.040053460770390625e-01 3.278473959067281784e-01 8.530321275632140043e-01 5.962729415956995460e-01 6.468409556555380080e-01 4.614786126259858845e-01 3.318880820900935724e-01 4.785849252165861878e-01 7.122179306362985685e-01 1.645610306209071005e-01 3.946407683109885434e-01 6.034696811802628957e-01 7.891335688925615877e-01 5.562757232281856368e-02 2.950568365515157110e-01 4.886030248130709408e-01 3.212243530171700057e-01 6.130229317875216521e-01 3.444337358129985205e-01 1.584638356747111176e-01 2.552707773673140723e-01 3.121490648702782700e-01 3.106340852790204776e-01 3.023708543124175030e-01 4.582222577257767382e-01 7.011244016797193446e-01 6.580372474453091147e-01 0.000000000000000000e+00
