0.000000000000000000e+00 1.802066084740163721e-01 6.912874244907428745e-01 7.856267732428759976e-01 3.208176207381754352e-01 4.926152531429030534e-01 5.346436413082691352e-01 4.769756271547374582e-01 3.843728113922352807e-01 1.293535057902416296e-01 7.574719958054230151e-01 1.834952249479118169e-01 2.213949370287587870e-01 4.891051361716621804e-01 1.953312706259148213e-01 7.539940752172868965e-02 9.436522484827634116e-01 4.560862927601513350e-01 2.744856202536976042e-01 7.066566656551401815e-01 7.703311947999196274e-01 6.008369467154972554e-01 6.913465231528510557e-01 1.320333036338943167e-01 5.647311792168383526e-01 5.410665564995398302e-01 2.422883746875742483e-01 5.808952901899061549e-01 7.583022337549012448e-01 6.283561926022489530e-01 1.561790686109152393e-01 6.819664454628603378e-01 7.715652277920928004e-01 9.135232876897307897e-01 8.635478518799100112e-01
1.802066084740163721e-01 0.000000000000000000e+00 3.918017105088665852e-01 5.579215419752560079e-01 5.861268562502258694e-01 7.273838951554163490e-01 6.532686220441014102e-01 9.703318513824520375e-01 3.504902626663116694e-01 5.709307845629385536e-01 3.854966635488631388e-01 5.787907910307538151e-01 9.449628715769677889e-01 5.771186488741100185e-01 2.123072163579258209e-01 4.261648309430833281e-01 5.482771624746023420e-01 4.568626391077220128e-01 6.437445691105627699e-01 6.266652360860989202e-01 3.573139067848395967e-01 4.754456113108676552e-01 6.613635157902041373e-01 6.673646486087619900e-01 3.753203503348471748e-01 4.972161377800320969e-01 3.911581270716976699e-01 4.240779768211300205e-01 4.319454580318338177e-01 8.530747026293050705e-01 3.663921376654738493e-01 5.796181932564345995e-01 9.130805384781643941e-01 4.312169065353995689e-01 5.868085462098955318e-01
6.912874244907428745e-01 3.918017105088665852e-01 0.000000000000000000e+00 2.254877634850488421e-01 4.386579874040255067e-01 6.602883737273751441e-01 3.774449923055041012e-01 1.602837152825266065e-01 2.799649408857821653e-01 4.293894931355228817e-01 7.698182783953947395e-01 6.054686128729716010e-01 6.216352628062048469e-01 3.288990027303722030e-01 2.311262650723102108e-01 2.476932736587749706e-01 3.995002277549086767e-01 5.778041055515249491e-01 6.899043199632027834e-01 4.723998634021059906e-01 9.488740604914647214e-02 7.683150345981610840e-01 4.952505919160953285e-01 6.583858498412131777e-01 4.121283913001617671e-01 6.447764991590032579e-01 9.110910650098479335e-01 4.912200327840174907e-01 4.202980970836158181e-01 9.081493126585467035e-01 2.169346868366820447e-01 5.473627333108441739e-01 3.283444570603459844e-01 7.142610276771125255e-01 8.263782722403230085e-01
7.856267732428759976e-01 5.579215419752560079e-01 2.254877634850488421e-01 0.000000000000000000e+00 7.762312874516501537e-01 7.889968806851191951e-01 4.900180459217765572e-01 6.864063565381985921e-01 5.718378253919904619e-01 3.218090139633985602e-01 4.070311266915379034e-01 7.842353607387023695e-01 9.169689868233428243e-01 7.998793844831135758e-01 5.154429906340981526e-01 8.567480048452946750e-01 7.171232133483792515e-01 8.630137192589037998e-01 2.114481496471482536e-01 7.231226973010804748e-01 6.237673935067074016e-01 5.195567279380370884e-01 6.109908941647765879e-01 4.503047306357832458e-01 4.698556012181949182e-01 5.850535724461982667e-01 1.082983118277579537e-01 4.522863641849307337e-01 4.705457297461683175e-01 2.172820256347873791e-01 2.490171638732033843e-01 5.078513522144429970e-01 5.125827542161149886e-01 2.486799105318028280e-01 5.960256168194040249e-01
3.208176207381754352e-01 5.861268562502258694e-01 4.386579874040255067e-01 7.762312874516501537e-01 0.000000000000000000e+00 5.053795224834787270e-01 4.736321301409375795e-01 4.104610324813200428e-01 6.295072172797606669e-01 4.628011482267914700e-01 6.023013381247384057e-01 2.509851041445512188e-01 2.972873421406445615e-01 5.742966103975710723e-01 1.813351669090359497e-01 3.070892075612671746e-01 8.837353238444644044e-01 6.566762204319446239e-01 5.679545102358131148e-01 3.459166032134483038e-01 8.533698103643145849e-01 6.360220051991690715e-01 7.497742325645108119e-01 4.693052053952123104e-01 7.554872722483062519e-01 2.186163209229771143e-01 9.150320842155365009e-01 8.840472991249923584e-01 8.604761675161298751e-01 5.722585463206907308e-01 4.963907707883213893e-01 5.927873606069049561e-01 8.892793530217484310e-01 4.410830467449109449e-01 6.807030362994019868e-01
4.926152531429030534e-01 7.273838951554163490e-01 6.602883737273751441e-01 7.889968806851191951e-01 5.053795224834787270e-01 0.000000000000000000e+00 5.536933583491219224e-01 5.125198195328919404e-01 7.600599591212646722e-01 4.079315023408682794e-01 6.494219577083050199e-01 3.617585647500710655e-01 2.992777638847590183e-01 3.286692101364850349e-01 4.964622575531671966e-01 5.492798188617113997e-01 3.037060491164454423e-01 7.369893637990527768e-01 8.563127346771547410e-01 3.953573135072874223e-01 6.148292281721082775e-01 2.200725935365324681e-01 3.860714352451222742e-01 3.777952543470897151e-01 6.820393724907855004e-01 3.053227180158670229e-01 4.917974309486486395e-01 3.870629650355433271e-01 5.252601558241483115e-01 8.187017880471386677e-01 5.953090686608082382e-01 2.721452764757030796e-01 6.174954600962113682e-01 1.675914946466811051e-01 5.090525876271837502e-01
5.346436413082691352e-01 6.532686220441014102e-01 3.774449923055041012e-01 4.900180459217765572e-01 4.736321301409375795e-01 5.536933583491219224e-01 0.000000000000000000e+00 8.406226201892816885e-01 2.127060318106005488e-01 2.721859671471830167e-01 3.215543066301529973e-01 5.215764696723723670e-01 8.223381487406327128e-01 4.708944036782295450e-01 5.988880507236651329e-01 3.347238002362354359e-01 3.187846692618745426e-02 2.056746895186700730e-01 4.485421524386809522e-01 4.739203717307861607e-01 2.961792144711559160e-01 9.622213106587886866e-01 9.292303948223890053e-01 6.387144499455013058e-01 2.248945802425311169e-01 5.086681684603862053e-01 5.106913834477868619e-01 6.228537474488620163e-01 1.286682337658859865e-01 1.865901120688370218e-01 3.214681533358108578e-01 3.243588765448595090e-01 2.041859763533786509e-01 3.463916412364136943e-01 4.184871837189518828e-02
4.769756271547374582e-01 9.703318513824520375e-01 1.602837152825266065e-01 6.864063565381985921e-01 4.104610324813200428e-01 5.125198195328919404e-01 8.406226201892816885e-01 0.000000000000000000e+00 6.593460708994127728e-01 3.775793356622788588e-01 4.309601834392124409e-01 8.293067457360514538e-01 6.030807809808943487e-01 3.944000517702968001e-01 1.225167381231710984e-01 4.634018782886336618e-01 6.200131882115557103e-01 6.888396639964793344e-01 7.623994014005390785e-01 4.666276950600392048e-01 1.476644901395791631e-01 4.768212880650820051e-01 8.540038147614390507e-01 4.592922094989349557e-01 3.444106212860043037e-02 4.405373434012543332e-01 5.401806997334601679e-01 5.274261362606416093e-01 7.991912026393399593e-01 7.278658432911799814e-01 6.360468100941161218e-01 1.641658719018840307e-01 5.455994217682851311e-01 5.618638902450123762e-01 5.377298801510583814e-01
3.843728113922352807e-01 3.504902626663116694e-01 2.799649408857821653e-01 5.718378253919904619e-01 6.295072172797606669e-01 7.600599591212646722e-01 2.127060318106005488e-01 6.593460708994127728e-01 0.000000000000000000e+00 1.359710551764305997e-01 8.551873750058555101e-01 7.235557099492258004e-01 7.954840446014638244e-01 6.253168790447668490e-01 1.900334924490172384e-01 6.281310900223877614e-01 1.887006053119507643e-01 1.306635610812929560e-01 5.581885287473815627e-01 5.551842912907631877e-01 4.053314719238872987e-01 8.723464176362097922e-01 3.490339055920665956e-01 2.393147943160412461e-01 9.119286684565028889e-01 1.993898234799349467e-01 3.114973460775479763e-01 7.767431866874183743e-01 2.687202718463904683e-01 5.723975738861443174e-01 5.912812624352137281e-01 9.027677586616145167e-01 7.367458268300473012e-01 2.486182785128583372e-01 8.246676036062259296e-01
1.293535057902416296e-01 5.709307845629385536e-01 4.293894931355228817e-01 3.218090139633985602e-01 4.628011482267914700e-01 4.079315023408682794e-01 2.721859671471830167e-01 3.775793356622788588e-01 1.359710551764305997e-01 0.000000000000000000e+00 5.597121086324273742e-01 4.607956284320687268e-01 6.114692121131736213e-01 5.519751913207193716e-01 8.167109843036226557e-01 4.127537125157001441e-01 6.638166961531677401e-02 4.089071081774836580e-01 6.185108217440703493e-01 3.145771542845825497e-01 4.289549704056636603e-01 5.387038565605388740e-01 4.307657083406245535e-01 6.580359013199764684e-01 5.792705482304090214e-01 4.391451459093081988e-01 6.177660464699051834e-01 6.662958388766111462e-01 5.470787522455777818e-01 4.931462395869216642e-01 1.070599737923809691e-01 4.709905729564073384e-01 4.853467362653309802e-01 2.148643426753480967e-01 6.233885680063731005e-01
7.574719958054230151e-01 3.854966635488631388e-01 7.698182783953947395e-01 4.070311266915379034e-01 6.023013381247384057e-01 6.494219577083050199e-01 3.215543066301529973e-01 4.309601834392124409e-01 8.551873750058555101e-01 5.597121086324273742e-01 0.000000000000000000e+00 6.525409101577495097e-02 4.865370542350364036e-01 5.148665022898770705e-01 6.448289044516575252e-01 1.109548808398058695e-01 8.874236941450919236e-02 8.452145871624772155e-01 7.248823901357785982e-01 6.496659459756665145e-01 4.946804963583339987e-01 4.827955870722237530e-01 4.197885544234185584e-01 4.546484547877862603e-01 7.269261493076999425e-01 6.471956012762209998e-01 5.188503754365987319e-01 2.678247950527777865e-01 3.328113187988472887e-01 5.518834024015031314e-01 2.188349264678176587e-01 7.071226436925692749e-01 1.757082069384579004e-01 3.798014039927093966e-01 4.220157675383330864e-01
1.834952249479118169e-01 5.787907910307538151e-01 6.054686128729716010e-01 7.842353607387023695e-01 2.509851041445512188e-01 3.617585647500710655e-01 5.215764696723723670e-01 8.293067457360514538e-01 7.235557099492258004e-01 4.607956284320687268e-01 6.525409101577495097e-02 0.000000000000000000e+00 1.685352245040521169e-01 2.020165856593669207e-01 4.982505134923801426e-01 2.817614479285286411e-01 6.512103613256952084e-01 4.162449249592801714e-01 2.189102713422961255e-01 4.920423539272998359e-01 7.967658268884565409e-01 7.247716827150930685e-01 4.907954100282222454e-01 3.192628078357716559e-01 4.068024105378141853e-01 9.591339409354149304e-02 7.928076248645024027e-01 3.405759750114585316e-01 5.956898681024654918e-01 4.954229324001562240e-01 5.294945827920078951e-01 7.867952504301731764e-01 7.284585674555748014e-01 8.897703364091875677e-01 6.010547989414942727e-01
2.213949370287587870e-01 9.449628715769677889e-01 6.216352628062048469e-01 9.169689868233428243e-01 2.972873421406445615e-01 2.992777638847590183e-01 8.223381487406327128e-01 6.030807809808943487e-01 7.954840446014638244e-01 6.114692121131736213e-01 4.865370542350364036e-01 1.685352245040521169e-01 0.000000000000000000e+00 5.230894364066592805e-01 3.478189935519554465e-01 5.607079442087844479e-01 4.375351319483633539e-01 8.869546159842363053e-01 5.028876432727242829e-01 6.196982541954818569e-01 5.110895655153003814e-01 5.938024946173094953e-01 6.641092827945436206e-01 2.810245537381236280e-01 7.088950923117328662e-01 5.871709479876523474e-01 6.582475910807080721e-01 6.944437636568590033e-01 2.904106959423491952e-01 5.838886875743019012e-01 5.381677182838884299e-01 5.670364086720043328e-01 6.109316948863582342e-01 6.457763553587765326e-01 5.799380688387919536e-01
4.891051361716621804e-01 5.771186488741100185e-01 3.288990027303722030e-01 7.998793844831135758e-01 5.742966103975710723e-01 3.286692101364850349e-01 4.708944036782295450e-01 3.944000517702968001e-01 6.253168790447668490e-01 5.519751913207193716e-01 5.148665022898770705e-01 2.020165856593669207e-01 5.230894364066592805e-01 0.000000000000000000e+00 5.131074558101313965e-01 6.389995190185562279e-01 3.565008543125153251e-01 1.256216710837401163e-01 5.911342379094579602e-01 8.118464075360118937e-01 3.930595130197296339e-01 1.591542988038844308e-01 8.965980056041623625e-01 5.046590616768463766e-01 6.695606859347884576e-01 5.444471861478701324e-01 6.451387112433220050e-01 7.858018838576715792e-01 3.400554056581175377e-01 6.634014684870644940e-01 1.707769002301702255e-01 6.976111437712709806e-01 6.880018540519847736e-01 3.159623368028502410e-01 5.513750065629149377e-01
1.953312706259148213e-01 2.123072163579258209e-01 2.311262650723102108e-01 5.154429906340981526e-01 1.813351669090359497e-01 4.964622575531671966e-01 5.988880507236651329e-01 1.225167381231710984e-01 1.900334924490172384e-01 8.167109843036226557e-01 6.448289044516575252e-01 4.982505134923801426e-01 3.478189935519554465e-01 5.131074558101313965e-01 0.000000000000000000e+00 9.152081304627022185e-01 5.061507664533380080e-01 4.645375600181037012e-01 7.338419411202510290e-01 4.892664455186725991e-01 1.997220154989647334e-01 6.604655120116200706e-01 5.934795002536754627e-01 6.257080289471734780e-01 2.046856605539076890e-01 5.239669568330043159e-01 2.151248540995112091e-01 6.811469812560200232e-01 2.406091932070339445e-01 6.519189195818286819e-01 3.964952204242074840e-01 2.023370467144610108e-01 3.190837970066415785e-01 7.733745204826716346e-01 5.787725799636658230e-01
7.539940752172868965e-02 4.261648309430833281e-01 2.476932736587749706e-01 8.567480048452946750e-01 3.070892075612671746e-01 5.492798188617113997e-01 3.347238002362354359e-01 4.634018782886336618e-01 6.281310900223877614e-01 4.127537125157001441e-01 1.109548808398058695e-01 2.817614479285286411e-01 5.607079442087844479e-01 6.389995190185562279e-01 9.152081304627022185e-01 0.000000000000000000e+00 7.422999574216395668e-01 8.762739648651807212e-01 6.321572550890500741e-01 7.923822951780354895e-01 4.032472356655533718e-01 8.507592309110854067e-01 5.179564562453153886e-01 2.462203647314220034e-01 2.893638891810286773e-01 2.164413195717181937e-01 6.595972548006803216e-01 4.676549748616423141e-01 4.592685176119567503e-01 7.969808937155509199e-01 8.296144613748044350e-01 3.434834997644031773e-01 6.628335700533858343e-01 2.367385290903895323e-01 5.016245845109152945e-01
9.436522484827634116e-01 5.482771624746023420e-01 3.995002277549086767e-01 7.171232133483792515e-01 8.837353238444644044e-01 3.037060491164454423e-01 3.187846692618745426e-02 6.200131882115557103e-01 1.887006053119507643e-01 6.638166961531677401e-02 8.874236941450919236e-02 6.512103613256952084e-01 4.375351319483633539e-01 3.565008543125153251e-01 5.061507664533380080e-01 7.422999574216395668e-01 0.000000000000000000e+00 7.975611337950644364e-01 9.191229017823954184e-01 8.264847188440636039e-01 3.129750846321470714e-01 8.693918698898992492e-01 5.277374475307117230e-01 5.220046182311941507e-01 5.851666202482068702e-01 7.669108347596795827e-01 3.163291994383085060e-01 4.689007632660628366e-01 3.484207943062657131e-01 8.135655266895269744e-02 6.468144347436345365e-01 4.736566015154983211e-01 4.284990288487462440e-01 5.842556308343417326e-01 5.251249145751306635e-01
4.560862927601513350e-01 4.568626391077220128e-01 5.778041055515249491e-01 8.630137192589037998e-01 6.566762204319446239e-01 7.369893637990527768e-01 2.056746895186700730e-01 6.888396639964793344e-01 1.306635610812929560e-01 4.089071081774836580e-01 8.452145871624772155e-01 4.162449249592801714e-01 8.869546159842363053e-01 1.256216710837401163e-01 4.645375600181037012e-01 8.762739648651807212e-01 7.975611337950644364e-01 0.000000000000000000e+00 3.525818489637166375e-01 8.928835170036575342e-01 5.958011943803201982e-01 6.170374100301528886e-01 4.837750959124639261e-01 2.994981927765110186e-01 8.029647425664621085e-01 6.857795575177012548e-01 2.715436218604025953e-01 5.318636812277879322e-01 8.811671068866753220e-01 4.214622099772392105e-01 6.200869262014220284e-01 9.441398904948594684e-01 4.777954703028891581e-01 1.611010995202137863e-01 5.754379714460351458e-01
2.744856202536976042e-01 6.437445691105627699e-01 6.899043199632027834e-01 2.114481496471482536e-01 5.679545102358131148e-01 8.563127346771547410e-01 4.485421524386809522e-01 7.623994014005390785e-01 5.581885287473815627e-01 6.185108217440703493e-01 7.248823901357785982e-01 2.189102713422961255e-01 5.028876432727242829e-01 5.911342379094579602e-01 7.338419411202510290e-01 6.321572550890500741e-01 9.191229017823954184e-01 3.525818489637166375e-01 0.000000000000000000e+00 7.806031163766964376e-01 7.343694699864903308e-01 8.418357584438027619e-01 3.493484466354765949e-01 4.777514936124222511e-01 5.658962822369668633e-01 7.420352206825453489e-01 4.792902971663300371e-01 4.045398098418441224e-01 5.602215236867146286e-01 4.178185848435276850e-01 9.644933737524918893e-02 3.638654074809487549e-01 6.978487356979484746e-01 5.236365953343670165e-01 8.379448482246628638e-01
7.066566656551401815e-01 6.266652360860989202e-01 4.723998634021059906e-01 7.231226973010804748e-01 3.459166032134483038e-01 3.953573135072874223e-01 4.739203717307861607e-01 4.666276950600392048e-01 5.551842912907631877e-01 3.145771542845825497e-01 6.496659459756665145e-01 4.920423539272998359e-01 6.196982541954818569e-01 8.118464075360118937e-01 4.892664455186725991e-01 7.923822951780354895e-01 8.264847188440636039e-01 8.928835170036575342e-01 7.806031163766964376e-01 0.000000000000000000e+00 9.743827788640002652e-02 2.639412721947322904e-01 1.039464323706290605e-01 5.826855186370676343e-01 5.514163084482361921e-01 5.644157750066820523e-01 8.275157463995934659e-01 2.950013780620298620e-01 9.319609030646253123e-01 8.971243031812993207e-01 3.704024913039967171e-01 3.909752139318753983e-01 4.981467104830483716e-01 4.654098068196875770e-01 6.310974809648521866e-01
7.703311947999196274e-01 3.573139067848395967e-01 9.488740604914647214e-02 6.237673935067074016e-01 8.533698103643145849e-01 6.148292281721082775e-01 2.961792144711559160e-01 1.476644901395791631e-01 4.053314719238872987e-01 4.289549704056636603e-01 4.946804963583339987e-01 7.967658268884565409e-01 5.110895655153003814e-01 3.930595130197296339e-01 1.997220154989647334e-01 4.032472356655533718e-01 3.129750846321470714e-01 5.958011943803201982e-01 7.343694699864903308e-01 9.743827788640002652e-02 0.000000000000000000e+00 5.728393177808065451e-01 1.641001361877787446e-01 4.439969529363122502e-01 6.360630643140299245e-01 5.301670362297032923e-01 4.044192044652675788e-01 4.998165771489684883e-01 5.586642332479618833e-01 7.783444352505226593e-01 6.772973588839136250e-01 3.077857321714259076e-01 4.999942027203838624e-01 9.214493898400799576e-01 7.290043902573835055e-01
6.008369467154972554e-01 4.754456113108676552e-01 7.683150345981610840e-01 5.195567279380370884e-01 6.360220051991690715e-01 2.200725935365324681e-01 9.622213106587886866e-01 4.768212880650820051e-01 8.723464176362097922e-01 5.387038565605388740e-01 4.827955870722237530e-01 7.247716827150930685e-01 5.938024946173094953e-01 1.591542988038844308e-01 6.604655120116200706e-01 8.507592309110854067e-01 8.693918698898992492e-01 6.170374100301528886e-01 8.418357584438027619e-01 2.639412721947322904e-01 5.728393177808065451e-01 0.000000000000000000e+00 9.963028216528113656e-02 7.284592236553015798e-01 7.552403074916882453e-01 6.958730758038627062e-01 6.895743178167782483e-01 4.190065915474083247e-01 6.464635643147927935e-01 4.317817238618337772e-02 6.084843539967359494e-01 4.070754411567333864e-01 2.783502212876613480e-01 5.031655140088892031e-01 1.492603590231276200e-01
6.913465231528510557e-01 6.613635157902041373e-01 4.952505919160953285e-01 6.109908941647765879e-01 7.497742325645108119e-01 3.860714352451222742e-01 9.292303948223890053e-01 8.540038147614390507e-01 3.490339055920665956e-01 4.307657083406245535e-01 4.197885544234185584e-01 4.907954100282222454e-01 6.641092827945436206e-01 8.965980056041623625e-01 5.934795002536754627e-01 5.179564562453153886e-01 5.277374475307117230e-01 4.837750959124639261e-01 3.493484466354765949e-01 1.039464323706290605e-01 1.641001361877787446e-01 9.963028216528113656e-02 0.000000000000000000e+00 5.983640323853944842e-02 8.329312058002125152e-01 2.447956113940049083e-01 3.069014170909756811e-01 5.150533315418922564e-01 3.588725590430442702e-01 6.691745717053657616e-01 7.845639326696258742e-01 2.667275312966237433e-01 1.028124356200385003e-01 5.325703197506896913e-01 3.312307024273477563e-01
1.320333036338943167e-01 6.673646486087619900e-01 6.583858498412131777e-01 4.503047306357832458e-01 4.693052053952123104e-01 3.777952543470897151e-01 6.387144499455013058e-01 4.592922094989349557e-01 2.393147943160412461e-01 6.580359013199764684e-01 4.546484547877862603e-01 3.192628078357716559e-01 2.810245537381236280e-01 5.046590616768463766e-01 6.257080289471734780e-01 2.462203647314220034e-01 5.220046182311941507e-01 2.994981927765110186e-01 4.777514936124222511e-01 5.826855186370676343e-01 4.439969529363122502e-01 7.284592236553015798e-01 5.983640323853944842e-02 0.000000000000000000e+00 7.769188747600916933e-01 6.625934466226643949e-01 4.136697467899072556e-01 8.040412730060741975e-02 6.747647036257791164e-01 3.683230609536171096e-01 7.839240120194463923e-01 1.930555058210230435e-01 4.671579721540635166e-01 3.279105590912279045e-02 7.151768419997195370e-01
5.647311792168383526e-01 3.753203503348471748e-01 4.121283913001617671e-01 4.698556012181949182e-01 7.554872722483062519e-01 6.820393724907855004e-01 2.248945802425311169e-01 3.444106212860043037e-02 9.119286684565028889e-01 5.792705482304090214e-01 7.269261493076999425e-01 4.068024105378141853e-01 7.088950923117328662e-01 6.695606859347884576e-01 2.046856605539076890e-01 2.893638891810286773e-01 5.851666202482068702e-01 8.029647425664621085e-01 5.658962822369668633e-01 5.514163084482361921e-01 6.360630643140299245e-01 7.552403074916882453e-01 8.329312058002125152e-01 7.769188747600916933e-01 0.000000000000000000e+00 9.845471433267183325e-01 2.896943775789134756e-01 7.234772979702341900e-01 4.229090854345350925e-01 4.229089818257741884e-01 1.935422919983491585e-01 7.376097273591020187e-01 6.902981735226637605e-01 1.210888138271720704e-01 1.318046550821011520e-01
5.410665564995398302e-01 4.972161377800320969e-01 6.447764991590032579e-01 5.850535724461982667e-01 2.186163209229771143e-01 3.053227180158670229e-01 5.086681684603862053e-01 4.405373434012543332e-01 1.993898234799349467e-01 4.391451459093081988e-01 6.471956012762209998e-01 9.591339409354149304e-02 5.871709479876523474e-01 5.444471861478701324e-01 5.239669568330043159e-01 2.164413195717181937e-01 7.669108347596795827e-01 6.857795575177012548e-01 7.420352206825453489e-01 5.644157750066820523e-01 5.301670362297032923e-01 6.958730758038627062e-01 2.447956113940049083e-01 6.625934466226643949e-01 9.845471433267183325e-01 0.000000000000000000e+00 6.172795661241378129e-01 1.329319628864671365e-01 1.999799267817851112e-01 8.319423145397809582e-01 5.818815890335620189e-01 3.740636495040771115e-01 8.636527870966741460e-01 4.725175381896607463e-01 7.934306023358259630e-01
2.422883746875742483e-01 3.911581270716976699e-01 9.110910650098479335e-01 1.082983118277579537e-01 9.150320842155365009e-01 4.917974309486486395e-01 5.106913834477868619e-01 5.401806997334601679e-01 3.114973460775479763e-01 6.177660464699051834e-01 5.188503754365987319e-01 7.928076248645024027e-01 6.582475910807080721e-01 6.451387112433220050e-01 2.151248540995112091e-01 6.595972548006803216e-01 3.163291994383085060e-01 2.715436218604025953e-01 4.792902971663300371e-01 8.275157463995934659e-01 4.044192044652675788e-01 6.895743178167782483e-01 3.069014170909756811e-01 4.136697467899072556e-01 2.896943775789134756e-01 6.172795661241378129e-01 0.000000000000000000e+00 6.119005497689703477e-01 7.934969943391503300e-01 3.306456701318991609e-01 7.842476190136045133e-01 7.394271223946512483e-01 6.269573439617397437e-01 4.079548684684739523e-01 5.245004062513525245e-01
5.808952901899061549e-01 4.240779768211300205e-01 4.912200327840174907e-01 4.522863641849307337e-01 8.840472991249923584e-01 3.870629650355433271e-01 6.228537474488620163e-01 5.274261362606416093e-01 7.767431866874183743e-01 6.662958388766111462e-01 2.678247950527777865e-01 3.405759750114585316e-01 6.944437636568590033e-01 7.858018838576715792e-01 6.811469812560200232e-01 4.676549748616423141e-01 4.689007632660628366e-01 5.318636812277879322e-01 4.045398098418441224e-01 2.950013780620298620e-01 4.998165771489684883e-01 4.190065915474083247e-01 5.150533315418922564e-01 8.040412730060741975e-02 7.234772979702341900e-01 1.329319628864671365e-01 6.119005497689703477e-01 0.000000000000000000e+00 7.154509275495658516e-01 4.013512009155996707e-01 4.732225164682880014e-01 6.024413290795676001e-01 4.787957407427784751e-01 6.636889923164490668e-01 9.191508712956950600e-01
7.583022337549012448e-01 4.319454580318338177e-01 4.202980970836158181e-01 4.705457297461683175e-01 8.604761675161298751e-01 5.252601558241483115e-01 1.286682337658859865e-01 7.991912026393399593e-01 2.687202718463904683e-01 5.470787522455777818e-01 3.328113187988472887e-01 5.956898681024654918e-01 2.904106959423491952e-01 3.400554056581175377e-01 2.406091932070339445e-01 4.592685176119567503e-01 3.484207943062657131e-01 8.811671068866753220e-01 5.602215236867146286e-01 9.319609030646253123e-01 5.586642332479618833e-01 6.464635643147927935e-01 3.588725590430442702e-01 6.747647036257791164e-01 4.229090854345350925e-01 1.999799267817851112e-01 7.934969943391503300e-01 7.154509275495658516e-01 0.000000000000000000e+00 4.479298495184874662e-01 6.388375384914201094e-01 4.702358022321435627e-01 5.057431551636937250e-01 7.696402571463376585e-01 4.390063727775631586e-01
6.283561926022489530e-01 8.530747026293050705e-01 9.081493126585467035e-01 2.172820256347873791e-01 5.722585463206907308e-01 8.187017880471386677e-01 1.865901120688370218e-01 7.278658432911799814e-01 5.723975738861443174e-01 4.931462395869216642e-01 5.518834024015031314e-01 4.954229324001562240e-01 5.838886875743019012e-01 6.634014684870644940e-01 6.519189195818286819e-01 7.969808937155509199e-01 8.135655266895269744e-02 4.214622099772392105e-01 4.178185848435276850e-01 8.971243031812993207e-01 7.783444352505226593e-01 4.317817238618337772e-02 6.691745717053657616e-01 3.683230609536171096e-01 4.229089818257741884e-01 8.319423145397809582e-01 3.306456701318991609e-01 4.013512009155996707e-01 4.479298495184874662e-01 0.000000000000000000e+00 2.789160175718823909e-01 9.535644799407845262e-01 5.046518918514717456e-01 5.240201568516322794e-01 1.049483548950747025e-01
1.561790686109152393e-01 3.663921376654738493e-01 2.169346868366820447e-01 2.490171638732033843e-01 4.963907707883213893e-01 5.953090686608082382e-01 3.214681533358108578e-01 6.360468100941161218e-01 5.912812624352137281e-01 1.070599737923809691e-01 2.188349264678176587e-01 5.294945827920078951e-01 5.381677182838884299e-01 1.707769002301702255e-01 3.964952204242074840e-01 8.296144613748044350e-01 6.468144347436345365e-01 6.200869262014220284e-01 9.644933737524918893e-02 3.704024913039967171e-01 6.772973588839136250e-01 6.084843539967359494e-01 7.845639326696258742e-01 7.839240120194463923e-01 1.935422919983491585e-01 5.818815890335620189e-01 7.842476190136045133e-01 4.732225164682880014e-01 6.388375384914201094e-01 2.789160175718823909e-01 0.000000000000000000e+00 2.745413002693939397e-01 4.040347417932306784e-01 4.513742325595300753e-01 8.200533129100802121e-01
6.819664454628603378e-01 5.796181932564345995e-01 5.473627333108441739e-01 5.078513522144429970e-01 5.927873606069049561e-01 2.721452764757030796e-01 3.243588765448595090e-01 1.641658719018840307e-01 9.027677586616145167e-01 4.709905729564073384e-01 7.071226436925692749e-01 7.867952504301731764e-01 5.670364086720043328e-01 6.976111437712709806e-01 2.023370467144610108e-01 3.434834997644031773e-01 4.736566015154983211e-01 9.441398904948594684e-01 3.638654074809487549e-01 3.909752139318753983e-01 3.077857321714259076e-01 4.070754411567333864e-01 2.667275312966237433e-01 1.930555058210230435e-01 7.376097273591020187e-01 3.740636495040771115e-01 7.394271223946512483e-01 6.024413290795676001e-01 4.702358022321435627e-01 9.535644799407845262e-01 2.745413002693939397e-01 0.000000000000000000e+00 9.112730810272258175e-01 3.535329985613546722e-01 4.506765352719969142e-01
7.715652277920928004e-01 9.130805384781643941e-01 3.283444570603459844e-01 5.125827542161149886e-01 8.892793530217484310e-01 6.174954600962113682e-01 2.041859763533786509e-01 5.455994217682851311e-01 7.367458268300473012e-01 4.853467362653309802e-01 1.757082069384579004e-01 7.284585674555748014e-01 6.109316948863582342e-01 6.880018540519847736e-01 3.190837970066415785e-01 6.628335700533858343e-01 4.284990288487462440e-01 4.777954703028891581e-01 6.978487356979484746e-01 4.981467104830483716e-01 4.999942027203838624e-01 2.783502212876613480e-01 1.028124356200385003e-01 4.671579721540635166e-01 6.902981735226637605e-01 8.636527870966741460e-01 6.269573439617397437e-01 4.787957407427784751e-01 5.057431551636937250e-01 5.046518918514717456e-01 4.040347417932306784e-01 9.112730810272258175e-01 0.000000000000000000e+00 2.807387238237830651e-01 7.283942150927149584e-01
9.135232876897307897e-01 4.312169065353995689e-01 7.142610276771125255e-01 2.486799105318028280e-01 4.410830467449109449e-01 1.675914946466811051e-01 3.463916412364136943e-01 5.618638902450123762e-01 2.486182785128583372e-01 2.148643426753480967e-01 3.798014039927093966e-01 8.897703364091875677e-01 6.457763553587765326e-01 3.159623368028502410e-01 7.733745204826716346e-01 2.367385290903895323e-01 5.842556308343417326e-01 1.611010995202137863e-01 5.236365953343670165e-01 4.654098068196875770e-01 9.214493898400799576e-01 5.031655140088892031e-01 5.325703197506896913e-01 3.279105590912279045e-02 1.210888138271720704e-01 4.725175381896607463e-01 4.079548684684739523e-01 6.636889923164490668e-01 7.696402571463376585e-01 5.240201568516322794e-01 4.513742325595300753e-01 3.535329985613546722e-01 2.807387238237830651e-01 0.000000000000000000e+00 8.165130258823107834e-01
8.635478518799100112e-01 5.868085462098955318e-01 8.263782722403230085e-01 5.960256168194040249e-01 6.807030362994019868e-01 5.090525876271837502e-01 4.184871837189518828e-02 5.377298801510583814e-01 8.246676036062259296e-01 6.233885680063731005e-01 4.220157675383330864e-01 6.010547989414942727e-01 5.799380688387919536e-01 5.513750065629149377e-01 5.787725799636658230e-01 5.016245845109152945e-01 5.251249145751306635e-01 5.754379714460351458e-01 8.379448482246628638e-01 6.310974809648521866e-01 7.290043902573835055e-01 1.492603590231276200e-01 3.312307024273477563e-01 7.151768419997195370e-01 1.318046550821011520e-01 7.934306023358259630e-01 5.245004062513525245e-01 9.191508712956950600e-01 4.390063727775631586e-01 1.049483548950747025e-01 8.200533129100802121e-01 4.506765352719969142e-01 7.283942150927149584e-01 8.165130258823107834e-01 0.000000000000000000e+00
