0.000000000000000000e+00 8.368830186461084786e-02 4.728277591873409902e-01 1.964915646381055758e-01 4.957444824683513440e-01 6.393729089291831924e-01 8.624428340955180294e-01 7.746019548100383512e-01 7.258795878616882691e-01 5.857274084111041557e-01 3.606604241760505980e-01 8.253087002249304138e-01 5.033532860385001584e-01 3.742650325836822667e-01 2.910268677134985049e-01 5.790651156118029608e-01 2.746930434442710345e-01 7.119911255906745673e-01 6.468845538463224853e-01 3.320522399864259677e-01 7.422415691354037337e-01 4.933284899883169095e-01 7.304485402274552008e-01 5.206035391007115543e-01 4.022170321270779336e-01 5.222836445225194080e-01 4.235903932752126955e-01 4.052375243966406249e-01 7.469309592829286304e-01 7.425892893389041127e-01 4.597430656963139017e-01 4.153096363500625721e-01 7.440448582394989518e-01 4.327839308764412918e-01 6.410288290270432787e-01
8.368830186461084786e-02 0.000000000000000000e+00 6.177826958584378136e-01 6.326647579683413181e-01 1.078038524027815637e-01 7.483078681812820321e-01 6.983603219795682104e-01 4.579444511074177715e-01 6.310106776299257980e-01 5.769856052729148699e-01 6.122770731851803205e-01 6.616864122481549426e-01 1.696621840059496789e-01 7.460596344949039782e-01 9.571304911193219134e-01 8.081953801110173252e-01 6.902147964541347491e-01 4.814857784864243762e-01 8.259411128845131067e-01 8.786400391584929803e-01 2.712965815856337448e-01 4.924730184660290333e-01 6.084765298839744929e-02 5.405356258599327557e-01 2.415282243259641026e-01 8.817606867036547058e-01 4.373464796932646781e-02 8.749155460770678960e-01 2.632249901950756699e-01 5.521842442762949776e-01 8.628841199889785152e-01 7.783932555845929357e-02 9.486544824989999736e-01 4.375449828523529927e-01 1.450998492000716844e-01
4.728277591873409902e-01 6.177826958584378136e-01 0.000000000000000000e+00 6.629348122539461263e-01 8.058665979763734999e-01 7.025280328855745271e-01 7.885747042331396894e-01 1.634178040112587160e-01 3.695896808260152322e-01 4.122235599409460605e-01 4.916184781130190640e-01 9.232773470688604434e-01 3.821324635081861376e-01 5.920910784524120452e-01 1.906704363219191567e-01 1.832471599068756785e-01 4.819908854531374520e-01 1.436742051010211352e-01 5.834234268635216658e-01 8.279226777550839911e-01 7.934559491189316915e-01 6.394990490423538843e-01 4.173591621186968359e-01 8.899932555923242283e-01 8.422689388489875695e-01 8.158279062538387194e-01 7.385617350004296533e-01 5.173145083515238163e-01 7.487659086762701310e-01 6.944151015979729280e-01 6.556912269019182782e-01 8.779704107584715977e-01 6.595481891550178943e-01 6.625757291993964460e-01 4.949366051591477245e-01
1.964915646381055758e-01 6.326647579683413181e-01 6.629348122539461263e-01 0.000000000000000000e+00 6.024436578107630336e-01 5.302943154217261146e-01 3.409057239301712672e-01 5.076944215145446915e-01 2.410755905608232830e-01 4.632508600984854841e-01 5.990682596598302379e-01 3.541480038658978424e-01 1.721538632118310708e-01 5.078247685105558018e-01 7.102749433562198789e-01 5.703786696387420641e-01 6.370190479533840433e-01 8.101217645386518118e-01 6.030871241849931064e-01 8.217663250371946004e-01 8.345992849234200595e-01 2.317326219320474945e-01 4.745798628867813340e-01 7.110994485875026250e-01 4.403605107163443000e-01 5.626114770961435640e-01 5.240913683942118872e-01 5.082136623421107391e-01 7.421942422201519562e-01 3.808017486404594587e-01 2.041792166440128398e-01 5.574759398209414574e-01 1.954496796031020001e-01 4.854022256108507238e-01 8.434545797923989063e-01
4.957444824683513440e-01 1.078038524027815637e-01 8.058665979763734999e-01 6.024436578107630336e-01 0.000000000000000000e+00 4.432643261140723490e-01 4.394408957691622875e-01 5.944144774191335578e-01 6.630035667612423911e-01 1.547851520092385913e-01 4.051487907167184988e-01 5.239295859843284831e-01 8.181835341563277186e-01 3.552049257870351640e-01 2.704269288707724650e-01 4.266463950704917352e-01 9.845891197527978367e-02 5.740193363496544077e-01 7.129200345151798235e-01 6.844619416708520587e-01 7.848001868777896295e-01 3.897530296429781993e-01 8.360297769934479373e-01 4.710150330943882468e-01 6.946738648367681845e-01 5.898871275684034465e-01 6.232827059140222392e-01 8.644120716144541028e-01 9.926850782785406890e-02 3.910261430718983133e-01 8.332693554105059519e-01 5.457994395120941977e-01 3.197409023869077771e-01 2.611093254225490545e-01 2.528132497489176123e-01
6.393729089291831924e-01 7.483078681812820321e-01 7.025280328855745271e-01 5.302943154217261146e-01 4.432643261140723490e-01 0.000000000000000000e+00 7.006128083565003051e-01 5.640737953150652961e-01 5.101742080908725496e-01 8.862093331673455143e-01 4.273624285473196505e-01 6.557823765136946426e-01 3.546583173483958129e-01 4.658304743215740396e-01 6.721785603935706011e-01 7.054849836559029530e-01 4.704670477036926868e-01 6.314531765573415667e-01 3.931316314260089317e-01 4.572164919241510916e-01 5.280690239081995419e-01 2.738912179884709364e-01 7.824148124305128071e-01 4.902965240744753261e-01 4.157672079128656994e-01 5.635296022610001287e-01 6.765250503970254847e-01 4.568392180234668309e-01 5.510007562006933313e-01 5.108127615282314071e-01 1.445473640043117847e-01 9.734134584550200309e-01 1.169998765049407030e-01 1.613107623923498157e-01 3.033338898459858601e-01
8.624428340955180294e-01 6.983603219795682104e-01 7.885747042331396894e-01 3.409057239301712672e-01 4.394408957691622875e-01 7.006128083565003051e-01 0.000000000000000000e+00 7.300246616792380738e-01 8.436088615042709460e-01 5.719723115052062212e-01 8.548488952605342028e-01 8.260967107603794934e-01 4.678587688960516577e-01 2.599468090774008644e-01 6.549826999762431434e-01 6.426342645817377797e-01 3.713848842439572695e-01 6.882587430106035242e-01 9.523367099767572341e-01 5.215697482695711429e-01 6.508506774321274335e-01 5.860214587619168025e-01 5.490920916269097507e-01 8.680343822395975018e-01 4.166219191438331748e-01 4.621043505387523176e-02 3.941999337932026171e-01 9.191252246542376270e-01 7.512172575529352248e-01 7.034351613310343421e-01 7.637450762311630559e-01 4.834084628124514227e-01 8.121745495074511600e-01 2.671692993131005167e-01 7.009522564353056762e-01
7.746019548100383512e-01 4.579444511074177715e-01 1.634178040112587160e-01 5.076944215145446915e-01 5.944144774191335578e-01 5.640737953150652961e-01 7.300246616792380738e-01 0.000000000000000000e+00 6.584167200861957836e-01 6.713146060027137541e-01 7.793983925773175780e-01 6.690129383577382294e-01 7.495493459081231657e-01 5.050287893105138703e-01 7.843765983686057375e-02 5.434522278168205656e-01 8.830746483560302229e-01 3.520233631686737197e-01 3.478654421429224763e-01 5.201790884664558856e-01 6.053918243845283209e-01 2.794856600708679473e-01 4.865838926338367787e-01 5.383467432718962442e-01 8.083574970701592477e-01 8.628416891038435121e-01 6.968149441949580414e-01 3.741904104596243674e-01 6.422463376074993846e-01 1.787376207837296782e-01 4.539326833258706118e-01 5.079160787452523529e-01 8.896125504127927464e-02 6.833075304914200121e-01 7.637418528191998179e-01
7.258795878616882691e-01 6.310106776299257980e-01 3.695896808260152322e-01 2.410755905608232830e-01 6.630035667612423911e-01 5.101742080908725496e-01 8.436088615042709460e-01 6.584167200861957836e-01 0.000000000000000000e+00 4.267847093731620411e-01 4.261142993393800538e-01 2.220025803753047366e-01 1.042681460287869788e-01 4.380251564826729838e-01 3.889456925595916048e-01 8.626206067475560291e-01 4.019657819192887227e-01 8.490977089027536007e-01 8.527100728840144583e-01 4.109135752239698736e-01 6.971386509629201589e-01 8.115887662217478038e-01 5.332539088840735353e-01 3.748781823651374800e-01 5.331031547332234499e-01 2.140353912257040303e-01 3.738443013093730727e-01 9.325732498557294248e-01 5.600517517282308511e-01 2.766600751074979048e-01 1.330927146536743377e-01 4.908342652205446299e-01 9.095484835879562580e-01 7.685742388312186701e-01 3.115281762379703556e-01
5.857274084111041557e-01 5.769856052729148699e-01 4.122235599409460605e-01 4.632508600984854841e-01 1.547851520092385913e-01 8.862093331673455143e-01 5.719723115052062212e-01 6.713146060027137541e-01 4.267847093731620411e-01 0.000000000000000000e+00 6.309974400313593801e-01 1.064520399874603340e-01 8.327991780677475031e-01 4.546620912014191496e-01 3.081859542363822868e-01 4.106218998502798034e-01 5.740463752826983068e-01 3.730412890608913457e-01 7.504561542614390790e-01 3.949681994820473108e-01 8.828420822309630545e-01 5.285888859011340646e-01 3.963883442709836835e-01 5.200878441304990218e-01 2.399505428108160421e-01 1.892959408818183364e-01 4.555189412390011627e-01 9.947779112692145542e-02 6.836075981805891377e-01 9.130394560998433828e-01 7.655454200356429650e-01 4.655600792746429351e-01 4.575209078126717954e-01 3.200840704467128317e-01 1.988951636329541195e-01
3.606604241760505980e-01 6.122770731851803205e-01 4.916184781130190640e-01 5.990682596598302379e-01 4.051487907167184988e-01 4.273624285473196505e-01 8.548488952605342028e-01 7.793983925773175780e-01 4.261142993393800538e-01 6.309974400313593801e-01 0.000000000000000000e+00 5.982885949354448396e-01 4.277366834186546729e-01 4.019550235357717272e-01 4.993386725862247744e-02 6.324071222276784754e-01 5.615708900137036386e-01 9.306877172511021090e-01 7.469535300957458324e-01 4.670698946740297064e-01 2.670358942373755040e-01 2.231687960741282062e-01 4.951327347418290059e-01 1.149241774100780988e-01 6.385440950944114569e-01 1.352312351793611978e-01 3.273522036014846481e-01 5.923165731559365543e-01 2.707484392112259330e-01 5.001679214975249810e-01 4.263883497957032809e-01 7.283649208368001560e-01 7.438394710529119269e-01 5.029499982160694493e-01 3.689675946575153298e-01
8.253087002249304138e-01 6.616864122481549426e-01 9.232773470688604434e-01 3.541480038658978424e-01 5.239295859843284831e-01 6.557823765136946426e-01 8.260967107603794934e-01 6.690129383577382294e-01 2.220025803753047366e-01 1.064520399874603340e-01 5.982885949354448396e-01 0.000000000000000000e+00 3.596375636246048613e-01 4.369855906614620311e-01 5.096180833394849952e-01 4.903511854244012591e-01 2.251159294279850842e-01 7.316840548409723199e-01 4.541743338982741074e-01 2.183427471171212608e-01 5.160323554038122040e-01 3.677833740598545065e-01 5.113092265921255208e-01 2.306233551285856720e-01 3.651981883416389740e-01 6.399994047077608439e-01 7.318254524779648218e-01 7.917384294002196565e-01 7.472161322957592278e-01 2.032632386063643604e-01 6.808021706576881105e-01 5.160422780215424554e-01 3.670381240804525547e-01 4.503479410425150764e-01 1.256940766611065463e-01
5.033532860385001584e-01 1.696621840059496789e-01 3.821324635081861376e-01 1.721538632118310708e-01 8.181835341563277186e-01 3.546583173483958129e-01 4.678587688960516577e-01 7.495493459081231657e-01 1.042681460287869788e-01 8.327991780677475031e-01 4.277366834186546729e-01 3.596375636246048613e-01 0.000000000000000000e+00 3.866059446871439320e-02 5.733063432381200197e-01 5.701956999316939445e-01 3.175043620762123542e-01 7.774802500479758294e-01 4.427810047917382086e-01 4.167396492740976788e-01 4.624971416126646417e-01 5.812887257184056189e-01 5.455052868623144757e-01 4.750085176999784276e-01 3.573472491774895565e-01 2.910921013153333625e-01 5.137499446064548447e-01 5.893583368363408681e-01 1.653523312501393727e-01 6.057715011906196212e-01 1.506222932199854370e-01 5.488747231233231938e-01 7.689157543352670432e-01 7.158755107184482380e-01 2.999440296729567468e-01
3.742650325836822667e-01 7.460596344949039782e-01 5.920910784524120452e-01 5.078247685105558018e-01 3.552049257870351640e-01 4.658304743215740396e-01 2.599468090774008644e-01 5.050287893105138703e-01 4.380251564826729838e-01 4.546620912014191496e-01 4.019550235357717272e-01 4.369855906614620311e-01 3.866059446871439320e-02 0.000000000000000000e+00 6.321772235170980414e-01 3.630308765867649168e-01 2.645411339594777589e-01 4.961523566257164397e-01 3.859300119084972946e-01 5.379437767736632292e-01 8.430783856195507298e-01 1.788446565613981409e-01 7.192182568232576845e-01 7.330122968720609311e-01 5.454997509105830034e-01 3.276438308800788679e-02 8.397322715417731009e-01 4.289928573408090529e-01 8.257599040244973931e-01 8.231824194682326734e-01 9.006312865820379487e-01 5.295248194471553482e-01 7.394400429480619819e-01 7.656952122375004777e-01 4.986931652119684921e-01
2.910268677134985049e-01 9.571304911193219134e-01 1.906704363219191567e-01 7.102749433562198789e-01 2.704269288707724650e-01 6.721785603935706011e-01 6.549826999762431434e-01 7.843765983686057375e-02 3.889456925595916048e-01 3.081859542363822868e-01 4.993386725862247744e-02 5.096180833394849952e-01 5.733063432381200197e-01 6.321772235170980414e-01 0.000000000000000000e+00 1.529758183318495890e-01 4.291772155592885607e-01 5.606424345967492284e-01 3.415685296275517979e-01 4.055395695423920088e-01 4.144994049668664360e-01 6.567834617443908396e-01 8.313956896803541552e-01 6.347885437010994947e-01 5.010144126147318966e-01 6.057551418397061349e-01 7.097974113920759720e-01 2.411583822941110178e-01 4.784220932627217815e-01 2.730286763426666985e-01 4.895999077444697645e-01 7.272910561773369142e-01 3.826210134747505265e-01 5.524169195961127210e-01 9.089825503055876110e-01
5.790651156118029608e-01 8.081953801110173252e-01 1.832471599068756785e-01 5.703786696387420641e-01 4.266463950704917352e-01 7.054849836559029530e-01 6.426342645817377797e-01 5.434522278168205656e-01 8.626206067475560291e-01 4.106218998502798034e-01 6.324071222276784754e-01 4.903511854244012591e-01 5.701956999316939445e-01 3.630308765867649168e-01 1.529758183318495890e-01 0.000000000000000000e+00 8.340311500443893244e-01 5.759628774410019414e-01 4.588620308540446446e-01 4.063553672171838493e-01 1.471111313704491774e-01 3.442503721449239329e-01 7.104457184289870719e-01 8.724657539483189339e-01 4.491697536791455780e-01 7.764611096702898063e-01 3.912159683917563191e-01 8.008032344329765184e-01 5.183694729025565273e-01 9.673005627037413179e-01 5.160383853995187398e-02 3.642908262494835014e-01 4.067428904712776516e-01 5.962154794123276647e-01 7.442953478361257202e-01
2.746930434442710345e-01 6.902147964541347491e-01 4.819908854531374520e-01 6.370190479533840433e-01 9.845891197527978367e-02 4.704670477036926868e-01 3.713848842439572695e-01 8.830746483560302229e-01 4.019657819192887227e-01 5.740463752826983068e-01 5.615708900137036386e-01 2.251159294279850842e-01 3.175043620762123542e-01 2.645411339594777589e-01 4.291772155592885607e-01 8.340311500443893244e-01 0.000000000000000000e+00 1.848830982439657600e-01 3.217652303551822301e-01 4.886380348906697035e-01 4.276700780605086072e-01 7.396846627030901900e-01 4.944072118582114594e-01 6.387939436294425288e-01 4.661440531995915681e-01 4.550933814797308852e-01 4.120036724733935340e-01 8.477350697047972838e-01 7.230722580193879034e-01 8.041432337640879169e-01 6.729757643211088380e-01 9.081878746839009420e-01 4.757043199977487591e-01 5.833512307442006994e-01 5.464487026277226045e-01
7.119911255906745673e-01 4.814857784864243762e-01 1.436742051010211352e-01 8.101217645386518118e-01 5.740193363496544077e-01 6.314531765573415667e-01 6.882587430106035242e-01 3.520233631686737197e-01 8.490977089027536007e-01 3.730412890608913457e-01 9.306877172511021090e-01 7.316840548409723199e-01 7.774802500479758294e-01 4.961523566257164397e-01 5.606424345967492284e-01 5.759628774410019414e-01 1.848830982439657600e-01 0.000000000000000000e+00 5.012512081580722256e-01 8.762615801304729501e-01 4.942475840211794647e-01 3.643717170451934995e-01 6.125424847976769227e-01 5.297788862214021233e-01 7.462685797898185314e-01 2.764665630704621346e-01 7.219130972670524393e-01 9.318737396427806408e-01 2.706168294466191337e-01 6.698675014477530887e-01 8.600288610382373911e-01 2.063740628510514485e-01 4.411844469362113941e-01 9.658385876210386911e-01 4.108063985876784230e-01
6.468845538463224853e-01 8.259411128845131067e-01 5.834234268635216658e-01 6.030871241849931064e-01 7.129200345151798235e-01 3.931316314260089317e-01 9.523367099767572341e-01 3.478654421429224763e-01 8.527100728840144583e-01 7.504561542614390790e-01 7.469535300957458324e-01 4.541743338982741074e-01 4.427810047917382086e-01 3.859300119084972946e-01 3.415685296275517979e-01 4.588620308540446446e-01 3.217652303551822301e-01 5.012512081580722256e-01 0.000000000000000000e+00 4.938855806934197012e-01 3.486538088735472440e-01 8.464631782913270008e-01 5.184905279074352169e-01 9.450916214147633276e-01 5.036201524829260201e-01 1.948460332296354514e-01 5.428492519718923770e-01 8.739660299729596904e-01 7.591314483385375178e-01 5.038757131802038547e-01 8.866988003358470261e-01 4.681050383511529689e-01 4.531951557110135975e-01 7.211755167355904383e-01 4.899549782360638761e-01
3.320522399864259677e-01 8.786400391584929803e-01 8.279226777550839911e-01 8.217663250371946004e-01 6.844619416708520587e-01 4.572164919241510916e-01 5.215697482695711429e-01 5.201790884664558856e-01 4.109135752239698736e-01 3.949681994820473108e-01 4.670698946740297064e-01 2.183427471171212608e-01 4.167396492740976788e-01 5.379437767736632292e-01 4.055395695423920088e-01 4.063553672171838493e-01 4.886380348906697035e-01 8.762615801304729501e-01 4.938855806934197012e-01 0.000000000000000000e+00 7.787912577098808908e-01 6.507701425442282694e-01 5.161220168935105601e-01 8.816277373816405749e-02 4.768179942284420103e-01 4.022191684301610892e-01 7.957164973899519822e-01 6.137726484614479672e-01 4.403352218197704726e-01 7.607530935355071300e-01 5.296753821802910878e-01 7.363530039942044469e-01 6.388797575157305619e-01 5.451345543694641194e-01 7.501132683860078920e-01
7.422415691354037337e-01 2.712965815856337448e-01 7.934559491189316915e-01 8.345992849234200595e-01 7.848001868777896295e-01 5.280690239081995419e-01 6.508506774321274335e-01 6.053918243845283209e-01 6.971386509629201589e-01 8.828420822309630545e-01 2.670358942373755040e-01 5.160323554038122040e-01 4.624971416126646417e-01 8.430783856195507298e-01 4.144994049668664360e-01 1.471111313704491774e-01 4.276700780605086072e-01 4.942475840211794647e-01 3.486538088735472440e-01 7.787912577098808908e-01 0.000000000000000000e+00 4.516380460354921245e-01 4.322329501913574901e-01 7.286986863401414549e-01 6.483666895829772736e-01 4.741050159414587628e-01 6.100154195520628431e-01 8.270335636887362618e-01 5.226383564294969641e-01 4.279327942639431503e-01 1.117901865472524792e-01 5.174384977420236620e-01 5.735744700663510942e-01 2.931555453706078396e-01 4.972575256422238077e-01
4.933284899883169095e-01 4.924730184660290333e-01 6.394990490423538843e-01 2.317326219320474945e-01 3.897530296429781993e-01 2.738912179884709364e-01 5.860214587619168025e-01 2.794856600708679473e-01 8.115887662217478038e-01 5.285888859011340646e-01 2.231687960741282062e-01 3.677833740598545065e-01 5.812887257184056189e-01 1.788446565613981409e-01 6.567834617443908396e-01 3.442503721449239329e-01 7.396846627030901900e-01 3.643717170451934995e-01 8.464631782913270008e-01 6.507701425442282694e-01 4.516380460354921245e-01 0.000000000000000000e+00 3.736845595882662963e-01 4.282872268973854646e-01 2.625761235711686625e-01 3.231097878465527540e-01 7.815010148221264163e-01 9.324211621700861929e-01 7.014800072379827611e-01 2.500695332620794797e-01 8.897979930667684334e-01 4.749945580774849185e-01 5.721474232974675944e-01 4.920490211417967163e-01 3.067802041246173728e-01
7.304485402274552008e-01 6.084765298839744929e-02 4.173591621186968359e-01 4.745798628867813340e-01 8.360297769934479373e-01 7.824148124305128071e-01 5.490920916269097507e-01 4.865838926338367787e-01 5.332539088840735353e-01 3.963883442709836835e-01 4.951327347418290059e-01 5.113092265921255208e-01 5.455052868623144757e-01 7.192182568232576845e-01 8.313956896803541552e-01 7.104457184289870719e-01 4.944072118582114594e-01 6.125424847976769227e-01 5.184905279074352169e-01 5.161220168935105601e-01 4.322329501913574901e-01 3.736845595882662963e-01 0.000000000000000000e+00 1.379966033629614897e-01 2.506649893858541867e-01 4.015693122987165076e-01 4.679258457819175376e-01 8.274214017582360858e-01 6.765051797144679968e-01 6.563931614455025265e-01 3.060377424189096307e-01 6.781880302796206017e-01 6.693813669055584947e-01 4.511783870168763477e-01 7.866295487555006183e-01
5.206035391007115543e-01 5.405356258599327557e-01 8.899932555923242283e-01 7.110994485875026250e-01 4.710150330943882468e-01 4.902965240744753261e-01 8.680343822395975018e-01 5.383467432718962442e-01 3.748781823651374800e-01 5.200878441304990218e-01 1.149241774100780988e-01 2.306233551285856720e-01 4.750085176999784276e-01 7.330122968720609311e-01 6.347885437010994947e-01 8.724657539483189339e-01 6.387939436294425288e-01 5.297788862214021233e-01 9.450916214147633276e-01 8.816277373816405749e-02 7.286986863401414549e-01 4.282872268973854646e-01 1.379966033629614897e-01 0.000000000000000000e+00 1.142732002011409564e-01 7.632319434600753905e-01 6.679577799405636007e-01 3.993532608184756638e-01 6.674640347226539205e-01 6.525192778124204729e-01 2.172408863303694204e-01 4.931724549526653734e-01 7.856807868120949667e-01 1.049149756760885399e-01 6.258885737702568619e-02
4.022170321270779336e-01 2.415282243259641026e-01 8.422689388489875695e-01 4.403605107163443000e-01 6.946738648367681845e-01 4.157672079128656994e-01 4.166219191438331748e-01 8.083574970701592477e-01 5.331031547332234499e-01 2.399505428108160421e-01 6.385440950944114569e-01 3.651981883416389740e-01 3.573472491774895565e-01 5.454997509105830034e-01 5.010144126147318966e-01 4.491697536791455780e-01 4.661440531995915681e-01 7.462685797898185314e-01 5.036201524829260201e-01 4.768179942284420103e-01 6.483666895829772736e-01 2.625761235711686625e-01 2.506649893858541867e-01 1.142732002011409564e-01 0.000000000000000000e+00 2.110044779044715213e-01 8.007412726351657017e-01 4.602958578320707761e-01 5.691418659748492814e-01 3.383103325332622591e-01 5.179058611056592820e-01 8.616829142279249787e-01 7.007756612785939199e-01 4.689155594105128833e-01 4.353756839810656865e-01
5.222836445225194080e-01 8.817606867036547058e-01 8.158279062538387194e-01 5.626114770961435640e-01 5.898871275684034465e-01 5.635296022610001287e-01 4.621043505387523176e-02 8.628416891038435121e-01 2.140353912257040303e-01 1.892959408818183364e-01 1.352312351793611978e-01 6.399994047077608439e-01 2.910921013153333625e-01 3.276438308800788679e-02 6.057551418397061349e-01 7.764611096702898063e-01 4.550933814797308852e-01 2.764665630704621346e-01 1.948460332296354514e-01 4.022191684301610892e-01 4.741050159414587628e-01 3.231097878465527540e-01 4.015693122987165076e-01 7.632319434600753905e-01 2.110044779044715213e-01 0.000000000000000000e+00 4.062901089956398870e-01 6.089080477042539963e-01 4.216414271528318714e-01 5.487332933676657420e-01 3.630358283697546207e-01 7.509921351488535457e-02 2.774872159738603905e-01 6.789110149003737549e-01 6.550466243136795486e-01
4.235903932752126955e-01 4.373464796932646781e-02 7.385617350004296533e-01 5.240913683942118872e-01 6.232827059140222392e-01 6.765250503970254847e-01 3.941999337932026171e-01 6.968149441949580414e-01 3.738443013093730727e-01 4.555189412390011627e-01 3.273522036014846481e-01 7.318254524779648218e-01 5.137499446064548447e-01 8.397322715417731009e-01 7.097974113920759720e-01 3.912159683917563191e-01 4.120036724733935340e-01 7.219130972670524393e-01 5.428492519718923770e-01 7.957164973899519822e-01 6.100154195520628431e-01 7.815010148221264163e-01 4.679258457819175376e-01 6.679577799405636007e-01 8.007412726351657017e-01 4.062901089956398870e-01 0.000000000000000000e+00 8.582601530702770321e-01 6.871037727044586596e-01 3.693648322168141540e-01 4.121634296929557184e-01 6.474007702630133476e-01 7.448347794583869419e-01 2.261346014665179815e-01 6.701798952354611760e-01
4.052375243966406249e-01 8.749155460770678960e-01 5.173145083515238163e-01 5.082136623421107391e-01 8.644120716144541028e-01 4.568392180234668309e-01 9.191252246542376270e-01 3.741904104596243674e-01 9.325732498557294248e-01 9.947779112692145542e-02 5.923165731559365543e-01 7.917384294002196565e-01 5.893583368363408681e-01 4.289928573408090529e-01 2.411583822941110178e-01 8.008032344329765184e-01 8.477350697047972838e-01 9.318737396427806408e-01 8.739660299729596904e-01 6.137726484614479672e-01 8.270335636887362618e-01 9.324211621700861929e-01 8.274214017582360858e-01 3.993532608184756638e-01 4.602958578320707761e-01 6.089080477042539963e-01 8.582601530702770321e-01 0.000000000000000000e+00 1.531289842704789961e-01 5.150137934567154963e-01 8.241835803034853747e-01 5.316735779725345612e-01 6.890786513578693873e-01 6.966601329710968571e-01 7.136508165764401390e-01
7.469309592829286304e-01 2.632249901950756699e-01 7.487659086762701310e-01 7.421942422201519562e-01 9.926850782785406890e-02 5.510007562006933313e-01 7.512172575529352248e-01 6.422463376074993846e-01 5.600517517282308511e-01 6.836075981805891377e-01 2.707484392112259330e-01 7.472161322957592278e-01 1.653523312501393727e-01 8.257599040244973931e-01 4.784220932627217815e-01 5.183694729025565273e-01 7.230722580193879034e-01 2.706168294466191337e-01 7.591314483385375178e-01 4.403352218197704726e-01 5.226383564294969641e-01 7.014800072379827611e-01 6.765051797144679968e-01 6.674640347226539205e-01 5.691418659748492814e-01 4.216414271528318714e-01 6.871037727044586596e-01 1.531289842704789961e-01 0.000000000000000000e+00 5.156087640931099614e-01 4.926830969621210921e-01 5.177161094594262547e-01 5.566136914295153337e-01 7.949973778665679891e-01 6.699328251897789244e-01
7.425892893389041127e-01 5.521842442762949776e-01 6.944151015979729280e-01 3.808017486404594587e-01 3.910261430718983133e-01 5.108127615282314071e-01 7.034351613310343421e-01 1.787376207837296782e-01 2.766600751074979048e-01 9.130394560998433828e-01 5.001679214975249810e-01 2.032632386063643604e-01 6.057715011906196212e-01 8.231824194682326734e-01 2.730286763426666985e-01 9.673005627037413179e-01 8.041432337640879169e-01 6.698675014477530887e-01 5.038757131802038547e-01 7.607530935355071300e-01 4.279327942639431503e-01 2.500695332620794797e-01 6.563931614455025265e-01 6.525192778124204729e-01 3.383103325332622591e-01 5.487332933676657420e-01 3.693648322168141540e-01 5.150137934567154963e-01 5.156087640931099614e-01 0.000000000000000000e+00 8.399195342583076762e-01 5.181570542252503797e-01 8.505848345734727811e-01 8.731916181763744733e-01 9.124253714386366676e-01
4.597430656963139017e-01 8.628841199889785152e-01 6.556912269019182782e-01 2.041792166440128398e-01 8.332693554105059519e-01 1.445473640043117847e-01 7.637450762311630559e-01 4.539326833258706118e-01 1.330927146536743377e-01 7.655454200356429650e-01 4.263883497957032809e-01 6.808021706576881105e-01 1.506222932199854370e-01 9.006312865820379487e-01 4.895999077444697645e-01 5.160383853995187398e-02 6.729757643211088380e-01 8.600288610382373911e-01 8.866988003358470261e-01 5.296753821802910878e-01 1.117901865472524792e-01 8.897979930667684334e-01 3.060377424189096307e-01 2.172408863303694204e-01 5.179058611056592820e-01 3.630358283697546207e-01 4.121634296929557184e-01 8.241835803034853747e-01 4.926830969621210921e-01 8.399195342583076762e-01 0.000000000000000000e+00 6.758671530947872874e-01 4.488915579975455428e-01 5.392680615852513126e-01 2.148466820223606799e-01
4.153096363500625721e-01 7.783932555845929357e-02 8.779704107584715977e-01 5.574759398209414574e-01 5.457994395120941977e-01 9.734134584550200309e-01 4.834084628124514227e-01 5.079160787452523529e-01 4.908342652205446299e-01 4.655600792746429351e-01 7.283649208368001560e-01 5.160422780215424554e-01 5.488747231233231938e-01 5.295248194471553482e-01 7.272910561773369142e-01 3.642908262494835014e-01 9.081878746839009420e-01 2.063740628510514485e-01 4.681050383511529689e-01 7.363530039942044469e-01 5.174384977420236620e-01 4.749945580774849185e-01 6.781880302796206017e-01 4.931724549526653734e-01 8.616829142279249787e-01 7.509921351488535457e-02 6.474007702630133476e-01 5.316735779725345612e-01 5.177161094594262547e-01 5.181570542252503797e-01 6.758671530947872874e-01 0.000000000000000000e+00 8.627720764417712296e-01 1.386029268702313466e-01 8.758845204857154121e-01
7.440448582394989518e-01 9.486544824989999736e-01 6.595481891550178943e-01 1.954496796031020001e-01 3.197409023869077771e-01 1.169998765049407030e-01 8.121745495074511600e-01 8.896125504127927464e-02 9.095484835879562580e-01 4.575209078126717954e-01 7.438394710529119269e-01 3.670381240804525547e-01 7.689157543352670432e-01 7.394400429480619819e-01 3.826210134747505265e-01 4.067428904712776516e-01 4.757043199977487591e-01 4.411844469362113941e-01 4.531951557110135975e-01 6.388797575157305619e-01 5.735744700663510942e-01 5.721474232974675944e-01 6.693813669055584947e-01 7.856807868120949667e-01 7.007756612785939199e-01 2.774872159738603905e-01 7.448347794583869419e-01 6.890786513578693873e-01 5.566136914295153337e-01 8.505848345734727811e-01 4.488915579975455428e-01 8.627720764417712296e-01 0.000000000000000000e+00 5.104291575590460539e-01 3.432850362316312021e-01
4.327839308764412918e-01 4.375449828523529927e-01 6.625757291993964460e-01 4.854022256108507238e-01 2.611093254225490545e-01 1.613107623923498157e-01 2.671692993131005167e-01 6.833075304914200121e-01 7.685742388312186701e-01 3.200840704467128317e-01 5.029499982160694493e-01 4.503479410425150764e-01 7.158755107184482380e-01 7.656952122375004777e-01 5.524169195961127210e-01 5.962154794123276647e-01 5.833512307442006994e-01 9.658385876210386911e-01 7.211755167355904383e-01 5.451345543694641194e-01 2.931555453706078396e-01 4.920490211417967163e-01 4.511783870168763477e-01 1.049149756760885399e-01 4.689155594105128833e-01 6.789110149003737549e-01 2.261346014665179815e-01 6.966601329710968571e-01 7.949973778665679891e-01 8.731916181763744733e-01 5.392680615852513126e-01 1.386029268702313466e-01 5.104291575590460539e-01 0.000000000000000000e+00 5.647043910811441192e-01
6.410288290270432787e-01 1.450998492000716844e-01 4.949366051591477245e-01 8.434545797923989063e-01 2.528132497489176123e-01 3.033338898459858601e-01 7.009522564353056762e-01 7.637418528191998179e-01 3.115281762379703556e-01 1.988951636329541195e-01 3.689675946575153298e-01 1.256940766611065463e-01 2.999440296729567468e-01 4.986931652119684921e-01 9.089825503055876110e-01 7.442953478361257202e-01 5.464487026277226045e-01 4.108063985876784230e-01 4.899549782360638761e-01 7.501132683860078920e-01 4.972575256422238077e-01 3.067802041246173728e-01 7.866295487555006183e-01 6.258885737702568619e-02 4.353756839810656865e-01 6.550466243136795486e-01 6.701798952354611760e-01 7.136508165764401390e-01 6.699328251897789244e-01 9.124253714386366676e-01 2.148466820223606799e-01 8.758845204857154121e-01 3.432850362316312021e-01 5.647043910811441192e-01 0.000000000000000000e+00
