0.000000000000000000e+00 2.571945697372688411e-01 3.326369897327362546e-01 2.398679878111221742e-01 6.456143263634235296e-01 4.775194710910666274e-01 7.447056192316048318e-01 4.507077724635683569e-01 4.028911893179771830e-01 5.338581643938238308e-01 4.790583132995495097e-01 8.502035223061938929e-01 5.209611760728922736e-01 1.256106035143995658e-01 1.257262206664466753e-01 7.180599661032666114e-01 5.834674375129158541e-01 3.957106061684635412e-01 8.097446066738365200e-01 6.989418234424107368e-01 3.584755784073398455e-01 5.848377709109759959e-01 2.978134050656708887e-01 5.600945967700812211e-01 3.674598034685030989e-01 2.878588118861196143e-01 5.924209216248950138e-01 4.809073901785387295e-01 8.053543955015427525e-01 3.800985221166532924e-01 1.649814141717989013e-01 3.738658559330093611e-01 2.254006698098259820e-01 7.469168181312091370e-01 5.107107154542068761e-01
2.571945697372688411e-01 0.000000000000000000e+00 3.850123272376162475e-01 6.295829975017486202e-01 4.838925181997372205e-01 6.941177323113312259e-01 5.180852573401911743e-01 8.638540504981159218e-01 3.726532869843914852e-01 3.741283860451730114e-01 4.833198127339337624e-01 2.464106815821041629e-01 3.644571278592387831e-01 9.126280591024352740e-01 7.350932994316905500e-02 3.953542266164544183e-01 6.487694925526392709e-01 5.806822481565188099e-02 5.834936893308173556e-01 2.817763162322519666e-01 4.309825176678604430e-01 8.130673511044805846e-01 2.989123421517643209e-01 7.194451860899231388e-01 8.867350497005844767e-01 5.687385149458272782e-01 4.720614489694319738e-01 4.967842969061269653e-01 6.707642583624291444e-01 5.973110152403970918e-01 9.051477547749299246e-01 2.047533095117043678e-01 5.722124001206216892e-01 8.509931624770503689e-01 6.572078246990638029e-01
3.326369897327362546e-01 3.850123272376162475e-01 0.000000000000000000e+00 6.120739673413426729e-01 2.802470739458438054e-01 6.667032374264372230e-01 6.479107534854504635e-01 6.217142329578974058e-01 5.384305337000135916e-01 4.990899919957768049e-01 6.937315686852626451e-01 5.971481277755135153e-01 9.555571407744543055e-01 1.399571969115819270e-01 8.124627096159009465e-01 9.133499235051288911e-01 1.655952246109878567e-01 2.413861762716581483e-01 3.898798019653619829e-01 4.986862272798531226e-01 5.587685309097902842e-01 7.702466926269260217e-01 4.490971414533005968e-01 3.463144473460647577e-01 8.399424743587853293e-01 3.494883904789735651e-01 8.520880530576370182e-01 3.253495085534949816e-01 3.896044572457807442e-01 8.669517681704497214e-01 4.590702116458004189e-01 6.302980121026949822e-01 7.567745784057848812e-01 7.821949036683528700e-01 4.526359027458924933e-01
2.398679878111221742e-01 6.295829975017486202e-01 6.120739673413426729e-01 0.000000000000000000e+00 8.649439964450460483e-01 5.865858429796690920e-01 2.517958601275340769e-01 7.707688472729634643e-01 4.744107537377906803e-01 8.987602435340966700e-01 4.593086631455025048e-01 5.287264559595935554e-01 1.935919013708393699e-01 3.802334876203420366e-01 5.934121870311614977e-01 7.189896328469962405e-01 4.796609399168834109e-01 7.334959152038347252e-01 8.774406549396862598e-01 4.927351553296499542e-01 4.501226465400688381e-01 4.539153918456145798e-01 8.691508576477735559e-01 1.313425689352377690e-01 4.830284022661375798e-01 8.170674135158195739e-02 5.729311822574201241e-01 5.182775494890845547e-01 5.372582886814845082e-01 5.013769020660656661e-01 1.753712766457112826e-01 4.344343598876577173e-01 5.657617620891405297e-01 4.611624969524077966e-01 9.074214616511180331e-01
6.456143263634235296e-01 4.838925181997372205e-01 2.802470739458438054e-01 8.649439964450460483e-01 0.000000000000000000e+00 6.679291674271549129e-01 4.165202018800587824e-01 8.266151794896625660e-01 5.708606609382581576e-01 3.719294704929393403e-01 7.234860291075871919e-01 5.695283469529225373e-01 8.103693505342346448e-01 6.935802926508912725e-01 6.108544979158969657e-01 7.184986619053506107e-01 4.485672304982555314e-01 9.329866350915752005e-01 4.968730067982976006e-01 7.569245332608448562e-01 7.878889672382196618e-01 7.689215780053152427e-01 4.793988778448912691e-01 4.342338332457129635e-02 3.523397341899580093e-01 4.776660325178319066e-01 3.186094010595677539e-01 3.367802399213742914e-01 5.624251052108393267e-01 3.236814446216383923e-01 4.550534216690524381e-01 4.403125443069206280e-01 2.225947600333785248e-01 8.131327701784019091e-01 4.423907664070847456e-01
4.775194710910666274e-01 6.941177323113312259e-01 6.667032374264372230e-01 5.865858429796690920e-01 6.679291674271549129e-01 0.000000000000000000e+00 6.791899985626852487e-01 9.593289178804063067e-01 7.736740760249753990e-01 4.993595996676230553e-01 8.224639541464938697e-01 8.867085202618991691e-01 6.630842202941572561e-01 9.262495908526822141e-01 7.527038031375423710e-01 5.984186649591504148e-01 6.043180410739923403e-01 5.433045661671658255e-01 3.891486246657098746e-01 8.477117251209660420e-01 7.197312365930730316e-02 8.751991563949279573e-01 8.920218501803245381e-02 2.969599099618258631e-01 8.426525686754242628e-01 4.507586736659558446e-01 7.110735565122802138e-01 8.326482683900340298e-01 4.490929469275324326e-01 3.665949100465590860e-01 4.165019252054305565e-01 3.960188473003786180e-01 5.922908940930047272e-01 4.571615681147150889e-01 4.767666640922030297e-01
7.447056192316048318e-01 5.180852573401911743e-01 6.479107534854504635e-01 2.517958601275340769e-01 4.165202018800587824e-01 6.791899985626852487e-01 0.000000000000000000e+00 9.033517556056568365e-01 4.818143844533956388e-01 1.368796797845478475e-01 7.726074915193075210e-01 5.071520332435961453e-01 8.696266035155385543e-01 5.372741981240973796e-01 6.877355245858451926e-01 6.302759760016671819e-01 4.375368828396354881e-01 5.737022433991953996e-01 4.576270718212719357e-01 7.531646900342785500e-01 3.253234038637687897e-01 6.089815293506422034e-01 6.125782798830585740e-01 4.867600399056701832e-01 8.218508306826928234e-01 4.601794126285512210e-01 6.305408106087039277e-01 5.912948645134558090e-01 5.798869390240919408e-01 7.031338508755825556e-01 7.205057427196484010e-01 1.783428068975395631e-01 9.430687832762905121e-01 7.882070212598843995e-01 5.464133342427803797e-01
4.507077724635683569e-01 8.638540504981159218e-01 6.217142329578974058e-01 7.707688472729634643e-01 8.266151794896625660e-01 9.593289178804063067e-01 9.033517556056568365e-01 0.000000000000000000e+00 6.135684068995991280e-01 1.864116756640680217e-01 7.081728401294529185e-01 7.343219446877360390e-01 8.184120187871619656e-01 8.360987684461440583e-01 5.485811757910554753e-01 8.932819401164184825e-01 4.124056967893090508e-01 7.059313468354191379e-01 2.498604257541905405e-01 5.920278307983332100e-01 4.272876566340799709e-02 4.624636081214340000e-01 4.029874180023097496e-01 5.649104676444813844e-01 8.850708479461131262e-01 4.716606964362149434e-01 5.504696775977677703e-01 4.485927264264870651e-01 4.137083745888761044e-01 1.717621991480089982e-01 4.570940325310463015e-01 9.060304707405929525e-01 4.297382827872520128e-02 1.212315508378343232e-01 5.817130460202630804e-01
4.028911893179771830e-01 3.726532869843914852e-01 5.384305337000135916e-01 4.744107537377906803e-01 5.708606609382581576e-01 7.736740760249753990e-01 4.818143844533956388e-01 6.135684068995991280e-01 0.000000000000000000e+00 8.110846358338982265e-01 5.781491083332686021e-01 6.965478801525508690e-01 6.197125002232369839e-01 5.660893522461438732e-01 2.495450920909573211e-01 5.337954813113082730e-01 5.243342071457481879e-01 4.624998581230324590e-01 5.149808198916333568e-01 7.952791560772315416e-01 6.569110637164490285e-01 3.249286361243899357e-01 5.129532092639117469e-01 7.162732092559995767e-01 8.316217151174436495e-01 9.689043655331310845e-01 4.627985330968218958e-01 5.296355109150308049e-01 7.022885924520296808e-01 7.239523378249750341e-01 5.174658978819512978e-01 9.462739038808813952e-01 2.511001390996183136e-01 2.721633162133064721e-01 6.267245590106387265e-01
5.338581643938238308e-01 3.741283860451730114e-01 4.990899919957768049e-01 8.987602435340966700e-01 3.719294704929393403e-01 4.993595996676230553e-01 1.368796797845478475e-01 1.864116756640680217e-01 8.110846358338982265e-01 0.000000000000000000e+00 9.441004410753524034e-01 8.104890592325131315e-01 3.525743438118716933e-01 6.461453114477979653e-01 4.418060839059360090e-01 3.672703776660214414e-01 8.059803393319768805e-01 9.211991121632640001e-01 9.007964922667397456e-01 1.698037436132638911e-01 4.999905478414901072e-02 1.793882693952669749e-01 7.788581615372108802e-01 4.708591162894403270e-01 8.015963053998145238e-01 6.786019701506558199e-01 5.520594122997763975e-01 8.312652331088097313e-01 3.360854295931064994e-01 5.939030607222705038e-01 7.326188790361993775e-01 7.200593036892957155e-01 9.972787304868879765e-02 1.606343626636481670e-01 5.313409621132670901e-01
4.790583132995495097e-01 4.833198127339337624e-01 6.937315686852626451e-01 4.593086631455025048e-01 7.234860291075871919e-01 8.224639541464938697e-01 7.726074915193075210e-01 7.081728401294529185e-01 5.781491083332686021e-01 9.441004410753524034e-01 0.000000000000000000e+00 7.750565363507934125e-01 5.403343400268657559e-01 8.304227218157465007e-01 4.058983635069379758e-01 5.477835555894230435e-01 6.486153441984376933e-01 8.829607207101665134e-01 7.077268360191342200e-01 4.598369742242473523e-01 3.772849346220389366e-01 9.699556764053751667e-01 7.549272295653139953e-01 4.641126620966142813e-01 5.901998803292769491e-01 7.350807805337338241e-01 1.617488003025109311e-01 6.434039963657562922e-01 9.491434065740091963e-01 8.405818707075088936e-01 7.384488048741286725e-01 4.875099898481990990e-01 3.924461874251515825e-01 4.525547274395530506e-01 4.249955874112223420e-01
8.502035223061938929e-01 2.464106815821041629e-01 5.971481277755135153e-01 5.287264559595935554e-01 5.695283469529225373e-01 8.867085202618991691e-01 5.071520332435961453e-01 7.343219446877360390e-01 6.965478801525508690e-01 8.104890592325131315e-01 7.750565363507934125e-01 0.000000000000000000e+00 6.845922750965834913e-01 6.992240329355332573e-01 7.243156630830205334e-01 3.448091564536482911e-01 7.557271420519606764e-01 8.236425541603475953e-01 7.202123364643101544e-01 2.676424298267121582e-01 4.939174687815613418e-01 3.283358942778594747e-01 5.451456666465315237e-02 9.183062187607212712e-01 3.564630650643580978e-01 8.071048772584359376e-01 4.957888163321648167e-01 7.590469971725783971e-01 5.708078813464454448e-01 4.779438513459142723e-01 3.804742985454042103e-01 9.835270963889586326e-01 3.950616872488798004e-01 1.438883254158216385e-01 7.363264924994260552e-01
5.209611760728922736e-01 3.644571278592387831e-01 9.555571407744543055e-01 1.935919013708393699e-01 8.103693505342346448e-01 6.630842202941572561e-01 8.696266035155385543e-01 8.184120187871619656e-01 6.197125002232369839e-01 3.525743438118716933e-01 5.403343400268657559e-01 6.845922750965834913e-01 0.000000000000000000e+00 4.326482086092213741e-01 8.524602723972538598e-01 7.161509235204086554e-01 5.525714843719398139e-01 5.722635731917284918e-01 7.245869283346357825e-01 5.709815298976299580e-01 5.048880053608042484e-01 6.249523244444590286e-01 4.821764999316394684e-01 6.297402057276934029e-01 7.774800432090775981e-01 7.806872244548764828e-01 4.014504430890654674e-01 4.049983327280149981e-01 4.049029622362830816e-01 4.989365280824978877e-01 5.593254868501547072e-01 7.431298860775404913e-01 4.002713893925706201e-01 7.068182817302592902e-01 4.540198591063716038e-01
1.256106035143995658e-01 9.126280591024352740e-01 1.399571969115819270e-01 3.802334876203420366e-01 6.935802926508912725e-01 9.262495908526822141e-01 5.372741981240973796e-01 8.360987684461440583e-01 5.660893522461438732e-01 6.461453114477979653e-01 8.304227218157465007e-01 6.992240329355332573e-01 4.326482086092213741e-01 0.000000000000000000e+00 8.276437524100084264e-01 7.812148988055640508e-01 7.241840685887310780e-01 9.093504743926972278e-01 3.105896017092870109e-01 6.017547303772950995e-01 4.906628507182025367e-01 5.281948903681905616e-01 7.180905000856194764e-01 8.715640039694798613e-01 8.502219193337168246e-02 7.466402644934984068e-01 5.550014164981529330e-01 5.239849171165453789e-01 5.253807949112161424e-01 3.620568329796830520e-01 4.487266719096258960e-01 7.213352308545682989e-01 1.722006961385671442e-01 4.802257866743888659e-01 4.453779315258201699e-01
1.257262206664466753e-01 7.350932994316905500e-02 8.124627096159009465e-01 5.934121870311614977e-01 6.108544979158969657e-01 7.527038031375423710e-01 6.877355245858451926e-01 5.485811757910554753e-01 2.495450920909573211e-01 4.418060839059360090e-01 4.058983635069379758e-01 7.243156630830205334e-01 8.524602723972538598e-01 8.276437524100084264e-01 0.000000000000000000e+00 1.381552196485440476e-01 8.286673923560017307e-01 5.671484073888002353e-01 5.539258399157898083e-02 7.267231831550589050e-01 3.954719542550701461e-01 7.242427617057254352e-01 1.352665555104917150e-01 6.532157149054997891e-01 7.643522932174313667e-01 5.086974615459767257e-01 4.580309806023256658e-01 4.967629206184676072e-01 7.769455767179238581e-01 3.367865313658593429e-01 5.203903265418470259e-01 3.795757936779076136e-01 6.272853971610090618e-01 1.614989308910220189e-01 4.440706694645725761e-01
7.180599661032666114e-01 3.953542266164544183e-01 9.133499235051288911e-01 7.189896328469962405e-01 7.184986619053506107e-01 5.984186649591504148e-01 6.302759760016671819e-01 8.932819401164184825e-01 5.337954813113082730e-01 3.672703776660214414e-01 5.477835555894230435e-01 3.448091564536482911e-01 7.161509235204086554e-01 7.812148988055640508e-01 1.381552196485440476e-01 0.000000000000000000e+00 9.454500211360522544e-01 6.854681496463830292e-01 1.807059883796546806e-01 3.561962469864777825e-01 7.266008739150819906e-01 6.723993733976185716e-01 7.564790410292752121e-01 5.755429814477135420e-01 5.089443293376740840e-01 6.242860269602275025e-01 7.709058356975004855e-01 6.998359166456012970e-01 3.532226130510568440e-01 6.743581632745225818e-01 5.480034461517306887e-01 6.644774172809742030e-01 8.371280914665379935e-01 7.934360628701706553e-01 8.258597370254718850e-01
5.834674375129158541e-01 6.487694925526392709e-01 1.655952246109878567e-01 4.796609399168834109e-01 4.485672304982555314e-01 6.043180410739923403e-01 4.375368828396354881e-01 4.124056967893090508e-01 5.243342071457481879e-01 8.059803393319768805e-01 6.486153441984376933e-01 7.557271420519606764e-01 5.525714843719398139e-01 7.241840685887310780e-01 8.286673923560017307e-01 9.454500211360522544e-01 0.000000000000000000e+00 6.462820835170700606e-01 7.793533661249463229e-01 7.457725452925990650e-01 6.916338677986425543e-01 4.370908403574549905e-01 5.118624178180319895e-02 3.803060488133547246e-02 5.351213653747766141e-01 7.174612042974284343e-01 4.125542187583719489e-02 5.850742256529002372e-01 6.462705966750030839e-01 6.728143450964876315e-01 5.578669415354218231e-01 9.238610902538969549e-01 8.362214876131113250e-01 8.188737271697821285e-01 2.680799985954070985e-01
3.957106061684635412e-01 5.806822481565188099e-02 2.413861762716581483e-01 7.334959152038347252e-01 9.329866350915752005e-01 5.433045661671658255e-01 5.737022433991953996e-01 7.059313468354191379e-01 4.624998581230324590e-01 9.211991121632640001e-01 8.829607207101665134e-01 8.236425541603475953e-01 5.722635731917284918e-01 9.093504743926972278e-01 5.671484073888002353e-01 6.854681496463830292e-01 6.462820835170700606e-01 0.000000000000000000e+00 9.059103756895721116e-01 1.359515560487644104e-01 8.480622049881998414e-01 9.882948294699256397e-02 2.950858757282277534e-01 5.968979404571284064e-01 7.654782335914859237e-01 5.184459170406792161e-01 7.540038692036361567e-01 7.264097269580510607e-01 6.565265452185695683e-01 6.598071456488630027e-01 5.148752199171120481e-01 8.100206071587745527e-01 3.517766927249295072e-01 5.051570944779388839e-01 4.867343926996090531e-01
8.097446066738365200e-01 5.834936893308173556e-01 3.898798019653619829e-01 8.774406549396862598e-01 4.968730067982976006e-01 3.891486246657098746e-01 4.576270718212719357e-01 2.498604257541905405e-01 5.149808198916333568e-01 9.007964922667397456e-01 7.077268360191342200e-01 7.202123364643101544e-01 7.245869283346357825e-01 3.105896017092870109e-01 5.539258399157898083e-02 1.807059883796546806e-01 7.793533661249463229e-01 9.059103756895721116e-01 0.000000000000000000e+00 6.038631576787758526e-01 4.416909296935052076e-01 8.308950735559683665e-01 4.350457385518928799e-01 1.408855610763268817e-01 3.318284690092744293e-01 2.290149678138504452e-01 4.196776082392148499e-01 6.729864630138983062e-01 6.262727777427824494e-01 2.157791940179528689e-01 7.389080512825656477e-01 6.786899548458601439e-01 1.205506526796790157e-02 6.577425122540527802e-01 1.322251373405048946e-01
6.989418234424107368e-01 2.817763162322519666e-01 4.986862272798531226e-01 4.927351553296499542e-01 7.569245332608448562e-01 8.477117251209660420e-01 7.531646900342785500e-01 5.920278307983332100e-01 7.952791560772315416e-01 1.698037436132638911e-01 4.598369742242473523e-01 2.676424298267121582e-01 5.709815298976299580e-01 6.017547303772950995e-01 7.267231831550589050e-01 3.561962469864777825e-01 7.457725452925990650e-01 1.359515560487644104e-01 6.038631576787758526e-01 0.000000000000000000e+00 6.057240496433440313e-01 4.644174561212807140e-01 2.427276487626734425e-01 8.170961262895135579e-01 3.257551490736436683e-01 1.313813887057100338e-01 5.868432920577100198e-01 5.782921119077693017e-01 3.833309242957227969e-01 2.715349694625792676e-01 7.980890594697562790e-01 4.681046164275767807e-01 2.762797213585667655e-01 8.670839786805085714e-01 3.390827517632014620e-01
3.584755784073398455e-01 4.309825176678604430e-01 5.587685309097902842e-01 4.501226465400688381e-01 7.878889672382196618e-01 7.197312365930730316e-02 3.253234038637687897e-01 4.272876566340799709e-02 6.569110637164490285e-01 4.999905478414901072e-02 3.772849346220389366e-01 4.939174687815613418e-01 5.048880053608042484e-01 4.906628507182025367e-01 3.954719542550701461e-01 7.266008739150819906e-01 6.916338677986425543e-01 8.480622049881998414e-01 4.416909296935052076e-01 6.057240496433440313e-01 0.000000000000000000e+00 4.546330426917898349e-01 4.635905404117186546e-01 6.422171997611205718e-01 1.699629668205366873e-01 4.245780962507746392e-01 7.474623039701151495e-01 9.138612910777822451e-01 8.653171966916386459e-01 6.487553019377938490e-01 6.471517005050005933e-01 7.186401123321494167e-01 9.073679209076527252e-01 5.920766536709322070e-01 1.660879600048897897e-01
5.848377709109759959e-01 8.130673511044805846e-01 7.702466926269260217e-01 4.539153918456145798e-01 7.689215780053152427e-01 8.751991563949279573e-01 6.089815293506422034e-01 4.624636081214340000e-01 3.249286361243899357e-01 1.793882693952669749e-01 9.699556764053751667e-01 3.283358942778594747e-01 6.249523244444590286e-01 5.281948903681905616e-01 7.242427617057254352e-01 6.723993733976185716e-01 4.370908403574549905e-01 9.882948294699256397e-02 8.308950735559683665e-01 4.644174561212807140e-01 4.546330426917898349e-01 0.000000000000000000e+00 7.395207341187828298e-01 7.768680249091014511e-01 4.372188591129309021e-01 9.128049751693942948e-01 5.354019057199406184e-01 8.663401550212979085e-01 4.544630882209267364e-01 6.495425234121143809e-01 3.962695013155876356e-01 5.358047303177926324e-01 4.468086148341925412e-01 4.581042066978642247e-01 3.913201996031668850e-01
2.978134050656708887e-01 2.989123421517643209e-01 4.490971414533005968e-01 8.691508576477735559e-01 4.793988778448912691e-01 8.920218501803245381e-02 6.125782798830585740e-01 4.029874180023097496e-01 5.129532092639117469e-01 7.788581615372108802e-01 7.549272295653139953e-01 5.451456666465315237e-02 4.821764999316394684e-01 7.180905000856194764e-01 1.352665555104917150e-01 7.564790410292752121e-01 5.118624178180319895e-02 2.950858757282277534e-01 4.350457385518928799e-01 2.427276487626734425e-01 4.635905404117186546e-01 7.395207341187828298e-01 0.000000000000000000e+00 3.979911533930771128e-01 4.743745869022940598e-01 4.321105077299287611e-01 7.645797110382548389e-01 8.491883483550016765e-01 3.109954775996088827e-01 6.990686794966084472e-01 7.697896158280882473e-01 4.741576997441350749e-01 5.415095419661234422e-01 8.998603246260092892e-01 5.253144007857634135e-01
5.600945967700812211e-01 7.194451860899231388e-01 3.463144473460647577e-01 1.313425689352377690e-01 4.342338332457129635e-02 2.969599099618258631e-01 4.867600399056701832e-01 5.649104676444813844e-01 7.162732092559995767e-01 4.708591162894403270e-01 4.641126620966142813e-01 9.183062187607212712e-01 6.297402057276934029e-01 8.715640039694798613e-01 6.532157149054997891e-01 5.755429814477135420e-01 3.803060488133547246e-02 5.968979404571284064e-01 1.408855610763268817e-01 8.170961262895135579e-01 6.422171997611205718e-01 7.768680249091014511e-01 3.979911533930771128e-01 0.000000000000000000e+00 4.669817765467011439e-01 8.637290688873306976e-01 4.753563579769347069e-01 4.449771594540083419e-01 7.438358094872074000e-01 6.703392070427672822e-01 4.220048509078734855e-01 6.218584537198779127e-01 4.333203764323640406e-01 5.898891578535967462e-01 5.898763089229255296e-01
3.674598034685030989e-01 8.867350497005844767e-01 8.399424743587853293e-01 4.830284022661375798e-01 3.523397341899580093e-01 8.426525686754242628e-01 8.218508306826928234e-01 8.850708479461131262e-01 8.316217151174436495e-01 8.015963053998145238e-01 5.901998803292769491e-01 3.564630650643580978e-01 7.774800432090775981e-01 8.502219193337168246e-02 7.643522932174313667e-01 5.089443293376740840e-01 5.351213653747766141e-01 7.654782335914859237e-01 3.318284690092744293e-01 3.257551490736436683e-01 1.699629668205366873e-01 4.372188591129309021e-01 4.743745869022940598e-01 4.669817765467011439e-01 0.000000000000000000e+00 9.503443663735002822e-01 7.929239069500280124e-01 5.020497304960211959e-01 4.107305237941006881e-01 4.981094433045841208e-01 3.500092903289082624e-01 4.967972612550325962e-01 5.652673002811310354e-01 3.648388644839749007e-01 2.887164100123307819e-01
2.878588118861196143e-01 5.687385149458272782e-01 3.494883904789735651e-01 8.170674135158195739e-02 4.776660325178319066e-01 4.507586736659558446e-01 4.601794126285512210e-01 4.716606964362149434e-01 9.689043655331310845e-01 6.786019701506558199e-01 7.350807805337338241e-01 8.071048772584359376e-01 7.806872244548764828e-01 7.466402644934984068e-01 5.086974615459767257e-01 6.242860269602275025e-01 7.174612042974284343e-01 5.184459170406792161e-01 2.290149678138504452e-01 1.313813887057100338e-01 4.245780962507746392e-01 9.128049751693942948e-01 4.321105077299287611e-01 8.637290688873306976e-01 9.503443663735002822e-01 0.000000000000000000e+00 1.110285792619741807e-01 7.447306398781974313e-01 9.414027468081181960e-01 6.359525963965684259e-01 6.905010942013449782e-01 6.219669954861284378e-01 2.501472981590416866e-01 3.570171316688104390e-01 7.967641533911794527e-01
5.924209216248950138e-01 4.720614489694319738e-01 8.520880530576370182e-01 5.729311822574201241e-01 3.186094010595677539e-01 7.110735565122802138e-01 6.305408106087039277e-01 5.504696775977677703e-01 4.627985330968218958e-01 5.520594122997763975e-01 1.617488003025109311e-01 4.957888163321648167e-01 4.014504430890654674e-01 5.550014164981529330e-01 4.580309806023256658e-01 7.709058356975004855e-01 4.125542187583719489e-02 7.540038692036361567e-01 4.196776082392148499e-01 5.868432920577100198e-01 7.474623039701151495e-01 5.354019057199406184e-01 7.645797110382548389e-01 4.753563579769347069e-01 7.929239069500280124e-01 1.110285792619741807e-01 0.000000000000000000e+00 5.496196564380164684e-01 7.266158575497188021e-01 3.365425044089722650e-01 4.137093662392402615e-01 3.619444808761562715e-01 3.494855984987166320e-01 3.639203221333095484e-01 8.056318640474651183e-01
4.809073901785387295e-01 4.967842969061269653e-01 3.253495085534949816e-01 5.182775494890845547e-01 3.367802399213742914e-01 8.326482683900340298e-01 5.912948645134558090e-01 4.485927264264870651e-01 5.296355109150308049e-01 8.312652331088097313e-01 6.434039963657562922e-01 7.590469971725783971e-01 4.049983327280149981e-01 5.239849171165453789e-01 4.967629206184676072e-01 6.998359166456012970e-01 5.850742256529002372e-01 7.264097269580510607e-01 6.729864630138983062e-01 5.782921119077693017e-01 9.138612910777822451e-01 8.663401550212979085e-01 8.491883483550016765e-01 4.449771594540083419e-01 5.020497304960211959e-01 7.447306398781974313e-01 5.496196564380164684e-01 0.000000000000000000e+00 5.102440014551319347e-01 4.944288666427922863e-01 5.648836358607911556e-02 5.750750391845670384e-01 5.034396994241042700e-01 8.554700563096511168e-01 5.614463812150920496e-01
8.053543955015427525e-01 6.707642583624291444e-01 3.896044572457807442e-01 5.372582886814845082e-01 5.624251052108393267e-01 4.490929469275324326e-01 5.798869390240919408e-01 4.137083745888761044e-01 7.022885924520296808e-01 3.360854295931064994e-01 9.491434065740091963e-01 5.708078813464454448e-01 4.049029622362830816e-01 5.253807949112161424e-01 7.769455767179238581e-01 3.532226130510568440e-01 6.462705966750030839e-01 6.565265452185695683e-01 6.262727777427824494e-01 3.833309242957227969e-01 8.653171966916386459e-01 4.544630882209267364e-01 3.109954775996088827e-01 7.438358094872074000e-01 4.107305237941006881e-01 9.414027468081181960e-01 7.266158575497188021e-01 5.102440014551319347e-01 0.000000000000000000e+00 3.978465613767393494e-01 2.963221229094683551e-01 4.799210555316446580e-01 5.051516697663683830e-01 7.425479160184635941e-01 5.215972371004957697e-01
3.800985221166532924e-01 5.973110152403970918e-01 8.669517681704497214e-01 5.013769020660656661e-01 3.236814446216383923e-01 3.665949100465590860e-01 7.031338508755825556e-01 1.717621991480089982e-01 7.239523378249750341e-01 5.939030607222705038e-01 8.405818707075088936e-01 4.779438513459142723e-01 4.989365280824978877e-01 3.620568329796830520e-01 3.367865313658593429e-01 6.743581632745225818e-01 6.728143450964876315e-01 6.598071456488630027e-01 2.157791940179528689e-01 2.715349694625792676e-01 6.487553019377938490e-01 6.495425234121143809e-01 6.990686794966084472e-01 6.703392070427672822e-01 4.981094433045841208e-01 6.359525963965684259e-01 3.365425044089722650e-01 4.944288666427922863e-01 3.978465613767393494e-01 0.000000000000000000e+00 5.696609955617060184e-01 5.677815872204632353e-01 3.481597431083524041e-01 4.444467660477364190e-01 6.312938489380939266e-01
1.649814141717989013e-01 9.051477547749299246e-01 4.590702116458004189e-01 1.753712766457112826e-01 4.550534216690524381e-01 4.165019252054305565e-01 7.205057427196484010e-01 4.570940325310463015e-01 5.174658978819512978e-01 7.326188790361993775e-01 7.384488048741286725e-01 3.804742985454042103e-01 5.593254868501547072e-01 4.487266719096258960e-01 5.203903265418470259e-01 5.480034461517306887e-01 5.578669415354218231e-01 5.148752199171120481e-01 7.389080512825656477e-01 7.980890594697562790e-01 6.471517005050005933e-01 3.962695013155876356e-01 7.697896158280882473e-01 4.220048509078734855e-01 3.500092903289082624e-01 6.905010942013449782e-01 4.137093662392402615e-01 5.648836358607911556e-02 2.963221229094683551e-01 5.696609955617060184e-01 0.000000000000000000e+00 4.947655202480290004e-01 7.522640183962419069e-01 5.120635312451483623e-01 3.374759190428597844e-01
3.738658559330093611e-01 2.047533095117043678e-01 6.302980121026949822e-01 4.344343598876577173e-01 4.403125443069206280e-01 3.960188473003786180e-01 1.783428068975395631e-01 9.060304707405929525e-01 9.462739038808813952e-01 7.200593036892957155e-01 4.875099898481990990e-01 9.835270963889586326e-01 7.431298860775404913e-01 7.213352308545682989e-01 3.795757936779076136e-01 6.644774172809742030e-01 9.238610902538969549e-01 8.100206071587745527e-01 6.786899548458601439e-01 4.681046164275767807e-01 7.186401123321494167e-01 5.358047303177926324e-01 4.741576997441350749e-01 6.218584537198779127e-01 4.967972612550325962e-01 6.219669954861284378e-01 3.619444808761562715e-01 5.750750391845670384e-01 4.799210555316446580e-01 5.677815872204632353e-01 4.947655202480290004e-01 0.000000000000000000e+00 2.558214342703887256e-01 7.463655708639265196e-01 5.544617640774134326e-01
2.254006698098259820e-01 5.722124001206216892e-01 7.567745784057848812e-01 5.657617620891405297e-01 2.225947600333785248e-01 5.922908940930047272e-01 9.430687832762905121e-01 4.297382827872520128e-02 2.511001390996183136e-01 9.972787304868879765e-02 3.924461874251515825e-01 3.950616872488798004e-01 4.002713893925706201e-01 1.722006961385671442e-01 6.272853971610090618e-01 8.371280914665379935e-01 8.362214876131113250e-01 3.517766927249295072e-01 1.205506526796790157e-02 2.762797213585667655e-01 9.073679209076527252e-01 4.468086148341925412e-01 5.415095419661234422e-01 4.333203764323640406e-01 5.652673002811310354e-01 2.501472981590416866e-01 3.494855984987166320e-01 5.034396994241042700e-01 5.051516697663683830e-01 3.481597431083524041e-01 7.522640183962419069e-01 2.558214342703887256e-01 0.000000000000000000e+00 7.471820782555232965e-01 3.201361704839268407e-01
7.469168181312091370e-01 8.509931624770503689e-01 7.821949036683528700e-01 4.611624969524077966e-01 8.131327701784019091e-01 4.571615681147150889e-01 7.882070212598843995e-01 1.212315508378343232e-01 2.721633162133064721e-01 1.606343626636481670e-01 4.525547274395530506e-01 1.438883254158216385e-01 7.068182817302592902e-01 4.802257866743888659e-01 1.614989308910220189e-01 7.934360628701706553e-01 8.188737271697821285e-01 5.051570944779388839e-01 6.577425122540527802e-01 8.670839786805085714e-01 5.920766536709322070e-01 4.581042066978642247e-01 8.998603246260092892e-01 5.898891578535967462e-01 3.648388644839749007e-01 3.570171316688104390e-01 3.639203221333095484e-01 8.554700563096511168e-01 7.425479160184635941e-01 4.444467660477364190e-01 5.120635312451483623e-01 7.463655708639265196e-01 7.471820782555232965e-01 0.000000000000000000e+00 7.837299458018130993e-01
5.107107154542068761e-01 6.572078246990638029e-01 4.526359027458924933e-01 9.074214616511180331e-01 4.423907664070847456e-01 4.767666640922030297e-01 5.464133342427803797e-01 5.817130460202630804e-01 6.267245590106387265e-01 5.313409621132670901e-01 4.249955874112223420e-01 7.363264924994260552e-01 4.540198591063716038e-01 4.453779315258201699e-01 4.440706694645725761e-01 8.258597370254718850e-01 2.680799985954070985e-01 4.867343926996090531e-01 1.322251373405048946e-01 3.390827517632014620e-01 1.660879600048897897e-01 3.913201996031668850e-01 5.253144007857634135e-01 5.898763089229255296e-01 2.887164100123307819e-01 7.967641533911794527e-01 8.056318640474651183e-01 5.614463812150920496e-01 5.215972371004957697e-01 6.312938489380939266e-01 3.374759190428597844e-01 5.544617640774134326e-01 3.201361704839268407e-01 7.837299458018130993e-01 0.000000000000000000e+00
