0.000000000000000000e+00 4.775210544865661766e-01 5.022462756768948378e-01 1.720345102778088053e-01 2.070726142552287152e-01 8.310718481038356087e-01 8.912650087256980269e-01 7.505039597150879871e-01 7.779937754270547234e-01 9.095529007359957063e-01 8.022917571016821014e-01 5.033941765196570106e-01 4.151505472561631271e-01 4.096162094422340916e-01 5.489958241519761195e-01 5.370214066250027507e-01 8.423985385067844778e-02 7.788677189078930807e-01 7.400502846066557838e-01 5.634782774676743156e-01 8.069562580357805270e-01 9.110933931078737391e-01 6.828757355834199627e-01 7.981827712661248020e-01 8.481699136130393946e-01 6.333572814280874486e-01 7.352202503627005559e-01 4.836433788088000951e-01 4.990701802438972101e-01 6.111716247577394512e-01 4.166713832114568028e-01 5.405101474639975034e-01 3.206607190434210275e-01 7.555355615266010627e-01 2.284818107987055535e-01
4.775210544865661766e-01 0.000000000000000000e+00 6.735502258330965386e-01 8.839764099015148258e-01 7.615459662631557380e-01 5.386835927549765701e-01 5.856919501224621127e-01 2.726452897660362473e-01 3.253380388962802128e-01 7.103731513327542491e-01 8.995616832770432225e-01 4.700389933985637536e-01 4.647716248917415638e-01 8.671688038614862037e-01 5.019196587879347637e-01 8.391819057203678822e-01 5.279455496089718869e-01 4.190728280354798496e-01 4.137593828841691912e-01 6.289706034228330633e-01 7.105001529692105411e-01 7.532920801294280544e-01 8.668245186774916622e-01 8.754334453692516060e-01 5.987274981568874166e-01 4.417857288616719447e-01 8.042215020251719526e-01 5.177730907851771924e-01 4.236071642670541926e-01 7.986229727971939640e-01 6.234507294564565205e-01 3.603565502942873700e-01 3.857737394532958497e-01 7.346992413901246577e-01 5.470116811060519169e-01
5.022462756768948378e-01 6.735502258330965386e-01 0.000000000000000000e+00 2.585903898715831151e-01 9.598730514639861600e-01 4.132270936352790414e-01 8.894451442740292091e-02 4.771868532027739862e-01 8.283936918915323355e-01 4.560570131507760694e-01 9.093391254614503483e-01 6.199324642994270551e-01 7.314760326444769145e-01 3.660240719251506847e-01 8.007411324569990718e-01 5.365897633206992978e-01 4.222043125363579286e-01 9.005056275960667822e-01 7.730118889398354121e-01 4.963169208488409923e-01 3.083296164085719271e-01 1.305497035887946966e-01 7.280510039860463856e-01 3.776265180509078556e-01 8.272085408204266077e-01 5.493980956518820236e-01 4.385892361404351569e-01 4.145227265774232839e-01 4.694364410672531851e-01 6.709795791941588483e-01 6.814259985144641707e-01 8.137888049037897975e-01 7.880307570254538874e-01 4.873421234388881640e-01 7.747434208477047557e-01
1.720345102778088053e-01 8.839764099015148258e-01 2.585903898715831151e-01 0.000000000000000000e+00 7.143825951277003039e-01 7.050157039782848356e-01 8.693615910903316202e-01 2.229115054112590366e-01 3.857987180897163304e-01 6.180872008568722986e-01 1.265242726918203719e-01 4.420049202553143486e-01 3.169074056885279322e-02 8.104909972333308454e-01 8.587965225846340145e-01 5.798448617371476654e-01 9.238675723211471347e-01 9.199429055691665802e-01 3.677016973303710579e-01 8.535018003926555519e-01 7.975978266238008541e-01 8.292931532588900811e-01 7.439216655646707643e-02 7.386885120683505113e-01 3.705076422967257255e-01 8.132632339200012161e-01 5.508877475376552368e-01 7.511103005088862750e-01 4.616374637658173796e-01 4.951178204234428226e-01 6.775734172066915084e-01 9.215945582700822980e-01 8.551880728636800377e-01 6.058905917875827551e-01 8.644771419032386550e-01
2.070726142552287152e-01 7.615459662631557380e-01 9.598730514639861600e-01 7.143825951277003039e-01 0.000000000000000000e+00 5.825159924128746614e-01 1.374511384714975915e-01 4.144167211181951083e-01 2.308647959446210596e-01 6.936110099419958708e-01 6.965497907713009695e-01 7.920421492843019440e-01 5.008470451689985836e-01 4.749622041907313186e-01 5.122879628840281141e-01 3.046285243324791114e-01 7.792562888508650643e-01 8.647550407169661835e-01 6.054429753419287019e-01 8.834069964436843669e-01 7.477205593402056483e-01 9.173865005714044729e-01 6.098899148280928495e-01 4.581918631164488276e-01 9.287497486384530543e-01 6.242302746914187850e-01 7.883999067819453810e-01 5.903650045549402314e-01 7.245478003009345747e-01 7.833617927570579731e-02 6.652245691935592120e-01 4.553672923857898236e-01 7.371575822457631100e-01 9.655200113155470998e-02 7.193465887857686258e-01
8.310718481038356087e-01 5.386835927549765701e-01 4.132270936352790414e-01 7.050157039782848356e-01 5.825159924128746614e-01 0.000000000000000000e+00 5.395222001984093518e-01 5.508901984123300011e-01 8.101093645992631931e-01 8.401212320607902573e-01 9.224021638689809954e-01 4.204638566527554300e-01 5.273958055920662247e-01 7.543517890391260305e-01 8.405304614378233952e-01 4.990356988666933002e-01 6.083925052096642583e-01 6.138919187947905476e-01 7.627954870561513001e-01 7.551835700852127520e-01 2.968788924492352099e-01 6.897891494509800214e-01 9.370588128543300144e-02 7.985649329327735302e-01 6.212592278755891817e-01 8.692249230496078560e-01 4.019573671983939223e-01 6.220283720011576811e-01 2.967896921628452311e-01 8.730783617910746752e-01 6.387303773790552475e-01 4.939747530492502037e-01 3.651602336964338003e-01 6.377001956932479843e-01 4.345171914164736027e-02
8.912650087256980269e-01 5.856919501224621127e-01 8.894451442740292091e-02 8.693615910903316202e-01 1.374511384714975915e-01 5.395222001984093518e-01 0.000000000000000000e+00 6.243037440123030413e-01 6.018691358094830912e-01 4.862034710865255072e-01 1.272395908457072400e-01 6.616396445338181831e-01 3.300706943362150536e-01 7.219089400035367809e-01 6.882629528526365004e-01 4.683396770825304367e-01 5.835169401286089963e-01 9.491840195372707178e-01 7.041645620160152941e-01 4.431740216733063287e-01 5.988423156796238711e-01 6.258890820534704913e-01 4.681283100298506139e-01 8.416623318335425541e-01 4.374405318788502361e-01 5.339216250559083443e-01 6.924141642490543314e-01 9.401496846852877010e-01 1.930906576644034756e-01 9.458053997538922175e-01 7.186055283746746181e-01 3.361358320423482593e-01 4.946967256948044955e-01 1.111673050365078463e-01 8.462076415097420368e-01
7.505039597150879871e-01 2.726452897660362473e-01 4.771868532027739862e-01 2.229115054112590366e-01 4.144167211181951083e-01 5.508901984123300011e-01 6.243037440123030413e-01 0.000000000000000000e+00 6.885015933528420007e-01 4.984742382019149431e-01 5.214870006929870350e-01 4.860919662714379141e-01 8.386981641691525491e-01 4.974682133894953173e-01 5.952235269914600835e-01 1.610691353732417452e-01 5.026061125147409658e-01 4.461971122046172189e-01 5.126565598343743035e-01 8.701576193597595488e-01 3.041419964480694405e-01 8.045428451761021948e-01 4.218686496281464082e-01 8.389966469831130480e-01 4.502168123607704908e-01 3.922195799603987454e-01 7.261776118671039448e-01 5.520376139214435707e-01 5.236010720212233016e-01 5.563966285022279301e-01 8.974525458399096323e-01 4.861971699182578432e-01 4.178648004955796691e-01 5.098051969621524293e-01 5.395092536168087927e-01
7.779937754270547234e-01 3.253380388962802128e-01 8.283936918915323355e-01 3.857987180897163304e-01 2.308647959446210596e-01 8.101093645992631931e-01 6.018691358094830912e-01 6.885015933528420007e-01 0.000000000000000000e+00 4.333980451486962315e-01 7.785768187844437360e-01 5.519310934256177470e-01 3.277661282756475503e-01 2.399355517778679614e-01 8.212498234870636571e-01 3.479381930100067799e-01 6.339328184878673111e-01 2.142125971554609265e-01 5.337952399237484435e-01 8.274031368860756963e-01 9.117273284249118870e-01 8.534092218013606956e-01 5.117131013447635546e-01 3.676042553124924672e-01 4.224240802486231017e-01 4.581309062219489636e-01 8.854138151935408985e-01 9.170976038525989749e-01 5.952144680158242274e-01 4.169055714248912081e-01 6.467288061771883090e-01 3.868763593801294309e-01 4.872586492194157515e-01 3.325277293821319313e-01 3.078755594341274771e-01
9.095529007359957063e-01 7.103731513327542491e-01 4.560570131507760694e-01 6.180872008568722986e-01 6.936110099419958708e-01 8.401212320607902573e-01 4.862034710865255072e-01 4.984742382019149431e-01 4.333980451486962315e-01 0.000000000000000000e+00 6.322009205832722634e-01 6.114949196596193293e-01 4.805684470781593221e-01 6.414263962860025092e-01 5.427556109359170655e-01 6.430252655279538043e-01 4.243789589573622734e-01 6.171758490463670199e-01 4.068336917962068200e-01 3.079026625630185143e-01 9.040514521419286131e-01 4.673328508675132498e-01 8.770353788556521923e-01 3.934511117075650266e-01 4.553227644618043635e-01 8.020344528752616498e-01 8.377123974771570891e-01 4.941281623316015059e-01 3.849379860447750268e-01 3.521843022649801536e-01 5.390454713480106186e-01 7.862053980801098074e-01 7.516808643870538376e-01 5.927323377828812578e-01 3.769488385248617179e-01
8.022917571016821014e-01 8.995616832770432225e-01 9.093391254614503483e-01 1.265242726918203719e-01 6.965497907713009695e-01 9.224021638689809954e-01 1.272395908457072400e-01 5.214870006929870350e-01 7.785768187844437360e-01 6.322009205832722634e-01 0.000000000000000000e+00 7.635111936645897490e-01 5.440079340293970667e-01 6.889672901477950084e-02 5.336743584837334575e-01 7.502352527379601010e-01 2.157386448559650560e-01 1.383134557733443071e-01 4.766890795388501467e-01 3.319514152887221847e-01 7.773019048806039111e-01 4.644855819957597332e-01 4.859189641156415607e-01 7.807096700983641169e-01 4.522148783218636892e-01 4.027504043461770378e-01 3.499629689924674825e-01 7.002174241727562309e-01 6.024573626483178401e-01 4.688599186907498328e-01 5.535896576474251818e-01 8.938497044786510859e-01 3.527329475809276027e-01 5.170448731363681549e-01 6.356312575505103091e-01
5.033941765196570106e-01 4.700389933985637536e-01 6.199324642994270551e-01 4.420049202553143486e-01 7.920421492843019440e-01 4.204638566527554300e-01 6.616396445338181831e-01 4.860919662714379141e-01 5.519310934256177470e-01 6.114949196596193293e-01 7.635111936645897490e-01 0.000000000000000000e+00 5.074493155326691429e-01 6.891291074431090680e-01 5.688117758945125946e-01 5.142001676768035434e-01 1.496658679933224878e-01 5.034185438609349861e-01 7.958647855812747141e-01 3.359933098866657031e-01 6.779956099078112697e-01 9.962824849421147988e-02 5.908351334351187312e-01 4.228349474303668698e-01 6.580258455103802362e-01 5.065594864093583283e-01 4.558607608000984079e-01 5.527549677517547000e-01 4.252047306638001567e-01 5.079954251836344969e-01 9.063449356996824413e-01 6.354671233513893291e-01 4.798333599387407666e-01 7.588787330866583192e-01 1.031084441819538622e-01
4.151505472561631271e-01 4.647716248917415638e-01 7.314760326444769145e-01 3.169074056885279322e-02 5.008470451689985836e-01 5.273958055920662247e-01 3.300706943362150536e-01 8.386981641691525491e-01 3.277661282756475503e-01 4.805684470781593221e-01 5.440079340293970667e-01 5.074493155326691429e-01 0.000000000000000000e+00 1.480294919872414683e-01 6.567527407475037826e-01 6.986661119545849452e-01 9.241566006566233060e-01 3.599553145265428911e-01 4.487707042867344343e-01 7.157792052998135368e-01 2.009339047840066339e-01 7.151870713121508683e-01 8.096692726802061646e-01 5.318497982470437035e-01 5.094211401057626709e-01 9.446567941605972241e-01 9.308663112076495105e-01 1.382371735097444043e-01 5.648606644643650032e-01 2.837520117422951405e-01 7.080765709197966995e-01 5.275439152880145866e-01 3.617917453096490821e-01 4.899639233114670978e-01 6.059799147129523167e-01
4.096162094422340916e-01 8.671688038614862037e-01 3.660240719251506847e-01 8.104909972333308454e-01 4.749622041907313186e-01 7.543517890391260305e-01 7.219089400035367809e-01 4.974682133894953173e-01 2.399355517778679614e-01 6.414263962860025092e-01 6.889672901477950084e-02 6.891291074431090680e-01 1.480294919872414683e-01 0.000000000000000000e+00 7.570089132382875619e-01 7.872485774601167829e-01 5.434744802870773439e-01 6.836346958074424052e-01 6.565406088551811736e-01 6.943319606889839513e-01 7.239295282951252464e-01 5.688683842382267208e-01 7.424062038823242560e-01 7.647684585592570139e-01 3.851567525046893370e-01 2.554191915331753826e-01 3.323723730426140777e-01 7.225230876664614499e-01 3.524186524681417465e-01 5.187728734068467462e-01 8.097425334448231649e-01 2.334497293867709988e-02 6.954831816686750656e-01 5.530888400923509307e-01 2.960522096432468553e-01
5.489958241519761195e-01 5.019196587879347637e-01 8.007411324569990718e-01 8.587965225846340145e-01 5.122879628840281141e-01 8.405304614378233952e-01 6.882629528526365004e-01 5.952235269914600835e-01 8.212498234870636571e-01 5.427556109359170655e-01 5.336743584837334575e-01 5.688117758945125946e-01 6.567527407475037826e-01 7.570089132382875619e-01 0.000000000000000000e+00 4.316599043233868560e-01 2.924324299252041293e-01 4.072672332074047663e-01 2.920606929973468269e-02 8.181542039691442891e-01 4.663797286909480699e-01 9.179490094960720548e-01 1.577375718829462370e-01 1.604346837154314587e-01 2.483689703688318207e-01 1.995961748757759668e-01 4.149368383195813914e-01 3.396222320351649504e-02 9.191652236717441360e-01 6.925095466103907693e-01 1.553421724629283629e-01 3.357195886361165615e-01 3.315770634310566400e-01 6.430786101312098157e-01 7.375830976410696627e-01
5.370214066250027507e-01 8.391819057203678822e-01 5.365897633206992978e-01 5.798448617371476654e-01 3.046285243324791114e-01 4.990356988666933002e-01 4.683396770825304367e-01 1.610691353732417452e-01 3.479381930100067799e-01 6.430252655279538043e-01 7.502352527379601010e-01 5.142001676768035434e-01 6.986661119545849452e-01 7.872485774601167829e-01 4.316599043233868560e-01 0.000000000000000000e+00 6.322955373515825039e-01 4.642404095286233323e-01 9.378930145741972702e-01 4.921634451268545041e-01 9.518115383742498103e-01 6.917791120386886927e-01 6.277727054052057998e-01 8.016653044443887710e-01 1.866808964432748463e-01 5.185095766021318164e-01 5.791753557794627749e-01 4.231898913268634099e-01 4.835606644773774443e-01 5.775406161477396605e-01 4.302989356394224529e-01 7.054067486381825347e-01 5.294951051830794064e-01 7.840113484761352947e-01 6.967785665548704710e-01
8.423985385067844778e-02 5.279455496089718869e-01 4.222043125363579286e-01 9.238675723211471347e-01 7.792562888508650643e-01 6.083925052096642583e-01 5.835169401286089963e-01 5.026061125147409658e-01 6.339328184878673111e-01 4.243789589573622734e-01 2.157386448559650560e-01 1.496658679933224878e-01 9.241566006566233060e-01 5.434744802870773439e-01 2.924324299252041293e-01 6.322955373515825039e-01 0.000000000000000000e+00 5.453567877412598408e-01 3.071167679679335238e-01 2.683557537136105897e-01 6.001453066528916747e-01 8.319492940946396908e-01 6.082315259746725600e-01 7.250143995895745874e-01 8.526615976441935807e-01 7.501591043267235026e-01 3.956414146806578325e-01 8.466765649419565332e-01 5.485323422360184331e-01 5.768494096024062712e-01 7.722951152240234984e-01 4.563855012474584694e-01 5.774678361913949676e-01 9.118799145556888419e-02 6.971194721483937595e-01
7.788677189078930807e-01 4.190728280354798496e-01 9.005056275960667822e-01 9.199429055691665802e-01 8.647550407169661835e-01 6.138919187947905476e-01 9.491840195372707178e-01 4.461971122046172189e-01 2.142125971554609265e-01 6.171758490463670199e-01 1.383134557733443071e-01 5.034185438609349861e-01 3.599553145265428911e-01 6.836346958074424052e-01 4.072672332074047663e-01 4.642404095286233323e-01 5.453567877412598408e-01 0.000000000000000000e+00 6.617984795827348554e-01 6.394236266157837800e-01 4.252735879867164948e-01 5.069923538680889408e-01 3.741631110745367583e-01 7.996073776276861889e-01 6.583626147247660931e-01 3.181756920017917989e-01 8.275197577555053474e-01 7.129121305095837968e-01 9.436232088260736450e-01 5.846494450830623801e-01 4.351304808891333642e-01 2.804807739171920611e-01 7.581702160686973890e-01 5.881951508948048968e-01 4.481659538692860378e-01
7.400502846066557838e-01 4.137593828841691912e-01 7.730118889398354121e-01 3.677016973303710579e-01 6.054429753419287019e-01 7.627954870561513001e-01 7.041645620160152941e-01 5.126565598343743035e-01 5.337952399237484435e-01 4.068336917962068200e-01 4.766890795388501467e-01 7.958647855812747141e-01 4.487707042867344343e-01 6.565406088551811736e-01 2.920606929973468269e-02 9.378930145741972702e-01 3.071167679679335238e-01 6.617984795827348554e-01 0.000000000000000000e+00 4.162740934192168951e-01 6.363490354381278191e-01 7.847840084001778127e-01 3.722877028853212034e-01 4.082579433721161277e-01 7.706454522346828373e-01 3.487405645022767509e-01 6.601692991499688024e-01 4.509557459942971636e-01 2.977096774180910677e-01 7.843500528977132014e-01 4.605155457062997670e-01 9.076073098044113996e-01 5.157829921337638845e-01 2.981315195163004583e-01 9.340258822704170516e-01
5.634782774676743156e-01 6.289706034228330633e-01 4.963169208488409923e-01 8.535018003926555519e-01 8.834069964436843669e-01 7.551835700852127520e-01 4.431740216733063287e-01 8.701576193597595488e-01 8.274031368860756963e-01 3.079026625630185143e-01 3.319514152887221847e-01 3.359933098866657031e-01 7.157792052998135368e-01 6.943319606889839513e-01 8.181542039691442891e-01 4.921634451268545041e-01 2.683557537136105897e-01 6.394236266157837800e-01 4.162740934192168951e-01 0.000000000000000000e+00 6.556721635936775261e-01 4.188577994505436886e-01 4.639265090994367791e-01 6.295306353278826705e-01 4.543554421081025807e-01 4.378933678424727360e-01 6.260254609159141559e-01 7.255126028343572564e-01 8.578283406540370137e-01 8.400860415218484034e-01 1.276465754277664733e-01 9.261400395060681578e-01 5.220568564873717676e-01 3.877438230982931389e-01 8.431360736091304542e-01
8.069562580357805270e-01 7.105001529692105411e-01 3.083296164085719271e-01 7.975978266238008541e-01 7.477205593402056483e-01 2.968788924492352099e-01 5.988423156796238711e-01 3.041419964480694405e-01 9.117273284249118870e-01 9.040514521419286131e-01 7.773019048806039111e-01 6.779956099078112697e-01 2.009339047840066339e-01 7.239295282951252464e-01 4.663797286909480699e-01 9.518115383742498103e-01 6.001453066528916747e-01 4.252735879867164948e-01 6.363490354381278191e-01 6.556721635936775261e-01 0.000000000000000000e+00 5.740427315518367157e-01 9.600326881204273022e-01 3.694458464438548084e-01 6.519733172286670264e-01 6.728964294607584495e-01 5.818890678669119687e-01 5.659659772041469861e-01 4.108855436371657843e-01 4.645435024380574207e-01 2.267506239441205718e-01 1.617432970913268431e-02 2.892339671191858086e-01 4.358859265881285805e-01 6.655410533936667594e-01
9.110933931078737391e-01 7.532920801294280544e-01 1.305497035887946966e-01 8.292931532588900811e-01 9.173865005714044729e-01 6.897891494509800214e-01 6.258890820534704913e-01 8.045428451761021948e-01 8.534092218013606956e-01 4.673328508675132498e-01 4.644855819957597332e-01 9.962824849421147988e-02 7.151870713121508683e-01 5.688683842382267208e-01 9.179490094960720548e-01 6.917791120386886927e-01 8.319492940946396908e-01 5.069923538680889408e-01 7.847840084001778127e-01 4.188577994505436886e-01 5.740427315518367157e-01 0.000000000000000000e+00 2.859456678259101881e-01 9.625892962075396353e-01 6.317436474294887416e-01 3.316583755669755273e-02 8.383043240545888786e-01 9.680678554498525212e-01 5.951274266307203797e-01 4.140902308255419717e-01 7.959215119971894126e-01 5.025031176882536199e-01 1.910209506354343389e-02 3.345232801983311077e-02 3.732456776805826992e-01
6.828757355834199627e-01 8.668245186774916622e-01 7.280510039860463856e-01 7.439216655646707643e-02 6.098899148280928495e-01 9.370588128543300144e-02 4.681283100298506139e-01 4.218686496281464082e-01 5.117131013447635546e-01 8.770353788556521923e-01 4.859189641156415607e-01 5.908351334351187312e-01 8.096692726802061646e-01 7.424062038823242560e-01 1.577375718829462370e-01 6.277727054052057998e-01 6.082315259746725600e-01 3.741631110745367583e-01 3.722877028853212034e-01 4.639265090994367791e-01 9.600326881204273022e-01 2.859456678259101881e-01 0.000000000000000000e+00 4.874587297341532177e-01 5.134652060833808651e-01 6.849140705767917670e-01 6.613988405292539063e-01 2.137922430311492983e-01 1.195166165058013652e-01 4.805266282249336385e-01 4.888567612099429804e-01 2.570003588865441557e-01 6.647967075162565243e-01 5.797916202657877882e-01 4.884034210271333554e-01
7.981827712661248020e-01 8.754334453692516060e-01 3.776265180509078556e-01 7.386885120683505113e-01 4.581918631164488276e-01 7.985649329327735302e-01 8.416623318335425541e-01 8.389966469831130480e-01 3.676042553124924672e-01 3.934511117075650266e-01 7.807096700983641169e-01 4.228349474303668698e-01 5.318497982470437035e-01 7.647684585592570139e-01 1.604346837154314587e-01 8.016653044443887710e-01 7.250143995895745874e-01 7.996073776276861889e-01 4.082579433721161277e-01 6.295306353278826705e-01 3.694458464438548084e-01 9.625892962075396353e-01 4.874587297341532177e-01 0.000000000000000000e+00 4.814449010689575426e-01 4.425984125923841939e-01 5.716679963491944072e-01 2.217686066623284491e-01 7.658378496326923024e-02 9.335735829334848024e-01 2.753864095185764582e-01 6.154621328244840317e-01 5.169847832163213530e-01 5.869512320190872767e-01 9.722538515527119340e-01
8.481699136130393946e-01 5.987274981568874166e-01 8.272085408204266077e-01 3.705076422967257255e-01 9.287497486384530543e-01 6.212592278755891817e-01 4.374405318788502361e-01 4.502168123607704908e-01 4.224240802486231017e-01 4.553227644618043635e-01 4.522148783218636892e-01 6.580258455103802362e-01 5.094211401057626709e-01 3.851567525046893370e-01 2.483689703688318207e-01 1.866808964432748463e-01 8.526615976441935807e-01 6.583626147247660931e-01 7.706454522346828373e-01 4.543554421081025807e-01 6.519733172286670264e-01 6.317436474294887416e-01 5.134652060833808651e-01 4.814449010689575426e-01 0.000000000000000000e+00 3.450295154619837934e-01 3.628915191753412373e-02 6.672460552095370589e-01 4.600686468315205446e-01 5.120633614702052583e-01 8.022804991595765545e-01 5.399304809802061289e-01 2.991985470422539040e-01 7.966889646771180278e-01 2.018402056694479363e-02
6.333572814280874486e-01 4.417857288616719447e-01 5.493980956518820236e-01 8.132632339200012161e-01 6.242302746914187850e-01 8.692249230496078560e-01 5.339216250559083443e-01 3.922195799603987454e-01 4.581309062219489636e-01 8.020344528752616498e-01 4.027504043461770378e-01 5.065594864093583283e-01 9.446567941605972241e-01 2.554191915331753826e-01 1.995961748757759668e-01 5.185095766021318164e-01 7.501591043267235026e-01 3.181756920017917989e-01 3.487405645022767509e-01 4.378933678424727360e-01 6.728964294607584495e-01 3.316583755669755273e-02 6.849140705767917670e-01 4.425984125923841939e-01 3.450295154619837934e-01 0.000000000000000000e+00 8.314112320266227041e-01 3.185809667592289784e-01 2.401799208786054018e-01 4.340872751689177633e-01 7.638212530246684118e-01 5.266482480075893591e-01 4.932837107315367620e-01 7.602072985497314583e-01 2.356864958663014986e-01
7.352202503627005559e-01 8.042215020251719526e-01 4.385892361404351569e-01 5.508877475376552368e-01 7.883999067819453810e-01 4.019573671983939223e-01 6.924141642490543314e-01 7.261776118671039448e-01 8.854138151935408985e-01 8.377123974771570891e-01 3.499629689924674825e-01 4.558607608000984079e-01 9.308663112076495105e-01 3.323723730426140777e-01 4.149368383195813914e-01 5.791753557794627749e-01 3.956414146806578325e-01 8.275197577555053474e-01 6.601692991499688024e-01 6.260254609159141559e-01 5.818890678669119687e-01 8.383043240545888786e-01 6.613988405292539063e-01 5.716679963491944072e-01 3.628915191753412373e-02 8.314112320266227041e-01 0.000000000000000000e+00 3.429459774554944884e-01 6.202336977076745583e-01 3.563523893275963861e-01 3.302404289162264028e-02 4.124095428034871835e-01 9.723575753912645503e-01 3.369042349085459298e-01 7.043246859036746965e-01
4.836433788088000951e-01 5.177730907851771924e-01 4.145227265774232839e-01 7.511103005088862750e-01 5.903650045549402314e-01 6.220283720011576811e-01 9.401496846852877010e-01 5.520376139214435707e-01 9.170976038525989749e-01 4.941281623316015059e-01 7.002174241727562309e-01 5.527549677517547000e-01 1.382371735097444043e-01 7.225230876664614499e-01 3.396222320351649504e-02 4.231898913268634099e-01 8.466765649419565332e-01 7.129121305095837968e-01 4.509557459942971636e-01 7.255126028343572564e-01 5.659659772041469861e-01 9.680678554498525212e-01 2.137922430311492983e-01 2.217686066623284491e-01 6.672460552095370589e-01 3.185809667592289784e-01 3.429459774554944884e-01 0.000000000000000000e+00 4.398183461560902230e-01 4.780767996694985089e-01 5.317786515138355208e-01 7.526485346465877635e-01 3.802022452207932113e-01 9.465639885138832366e-01 6.943480954422698304e-01
4.990701802438972101e-01 4.236071642670541926e-01 4.694364410672531851e-01 4.616374637658173796e-01 7.245478003009345747e-01 2.967896921628452311e-01 1.930906576644034756e-01 5.236010720212233016e-01 5.952144680158242274e-01 3.849379860447750268e-01 6.024573626483178401e-01 4.252047306638001567e-01 5.648606644643650032e-01 3.524186524681417465e-01 9.191652236717441360e-01 4.835606644773774443e-01 5.485323422360184331e-01 9.436232088260736450e-01 2.977096774180910677e-01 8.578283406540370137e-01 4.108855436371657843e-01 5.951274266307203797e-01 1.195166165058013652e-01 7.658378496326923024e-02 4.600686468315205446e-01 2.401799208786054018e-01 6.202336977076745583e-01 4.398183461560902230e-01 0.000000000000000000e+00 7.986739977161235737e-01 7.253232551908854742e-01 6.477043942512930030e-01 6.298831670225667478e-01 5.031421046301487454e-01 4.505744093167307618e-02
6.111716247577394512e-01 7.986229727971939640e-01 6.709795791941588483e-01 4.951178204234428226e-01 7.833617927570579731e-02 8.730783617910746752e-01 9.458053997538922175e-01 5.563966285022279301e-01 4.169055714248912081e-01 3.521843022649801536e-01 4.688599186907498328e-01 5.079954251836344969e-01 2.837520117422951405e-01 5.187728734068467462e-01 6.925095466103907693e-01 5.775406161477396605e-01 5.768494096024062712e-01 5.846494450830623801e-01 7.843500528977132014e-01 8.400860415218484034e-01 4.645435024380574207e-01 4.140902308255419717e-01 4.805266282249336385e-01 9.335735829334848024e-01 5.120633614702052583e-01 4.340872751689177633e-01 3.563523893275963861e-01 4.780767996694985089e-01 7.986739977161235737e-01 0.000000000000000000e+00 3.665217333372394748e-02 1.762379650012382282e-01 4.931959829756333291e-01 6.390777420238306084e-01 5.808260520211786515e-01
4.166713832114568028e-01 6.234507294564565205e-01 6.814259985144641707e-01 6.775734172066915084e-01 6.652245691935592120e-01 6.387303773790552475e-01 7.186055283746746181e-01 8.974525458399096323e-01 6.467288061771883090e-01 5.390454713480106186e-01 5.535896576474251818e-01 9.063449356996824413e-01 7.080765709197966995e-01 8.097425334448231649e-01 1.553421724629283629e-01 4.302989356394224529e-01 7.722951152240234984e-01 4.351304808891333642e-01 4.605155457062997670e-01 1.276465754277664733e-01 2.267506239441205718e-01 7.959215119971894126e-01 4.888567612099429804e-01 2.753864095185764582e-01 8.022804991595765545e-01 7.638212530246684118e-01 3.302404289162264028e-02 5.317786515138355208e-01 7.253232551908854742e-01 3.665217333372394748e-02 0.000000000000000000e+00 5.678868156621939001e-01 7.383937102207542846e-01 5.753850693569921848e-01 3.001974331308536192e-01
5.405101474639975034e-01 3.603565502942873700e-01 8.137888049037897975e-01 9.215945582700822980e-01 4.553672923857898236e-01 4.939747530492502037e-01 3.361358320423482593e-01 4.861971699182578432e-01 3.868763593801294309e-01 7.862053980801098074e-01 8.938497044786510859e-01 6.354671233513893291e-01 5.275439152880145866e-01 2.334497293867709988e-02 3.357195886361165615e-01 7.054067486381825347e-01 4.563855012474584694e-01 2.804807739171920611e-01 9.076073098044113996e-01 9.261400395060681578e-01 1.617432970913268431e-02 5.025031176882536199e-01 2.570003588865441557e-01 6.154621328244840317e-01 5.399304809802061289e-01 5.266482480075893591e-01 4.124095428034871835e-01 7.526485346465877635e-01 6.477043942512930030e-01 1.762379650012382282e-01 5.678868156621939001e-01 0.000000000000000000e+00 8.148736533891738354e-01 4.671224325440176406e-01 4.214148145521798283e-01
3.206607190434210275e-01 3.857737394532958497e-01 7.880307570254538874e-01 8.551880728636800377e-01 7.371575822457631100e-01 3.651602336964338003e-01 4.946967256948044955e-01 4.178648004955796691e-01 4.872586492194157515e-01 7.516808643870538376e-01 3.527329475809276027e-01 4.798333599387407666e-01 3.617917453096490821e-01 6.954831816686750656e-01 3.315770634310566400e-01 5.294951051830794064e-01 5.774678361913949676e-01 7.581702160686973890e-01 5.157829921337638845e-01 5.220568564873717676e-01 2.892339671191858086e-01 1.910209506354343389e-02 6.647967075162565243e-01 5.169847832163213530e-01 2.991985470422539040e-01 4.932837107315367620e-01 9.723575753912645503e-01 3.802022452207932113e-01 6.298831670225667478e-01 4.931959829756333291e-01 7.383937102207542846e-01 8.148736533891738354e-01 0.000000000000000000e+00 6.863597133749296253e-01 7.761274201638386216e-01
7.555355615266010627e-01 7.346992413901246577e-01 4.873421234388881640e-01 6.058905917875827551e-01 9.655200113155470998e-02 6.377001956932479843e-01 1.111673050365078463e-01 5.098051969621524293e-01 3.325277293821319313e-01 5.927323377828812578e-01 5.170448731363681549e-01 7.588787330866583192e-01 4.899639233114670978e-01 5.530888400923509307e-01 6.430786101312098157e-01 7.840113484761352947e-01 9.118799145556888419e-02 5.881951508948048968e-01 2.981315195163004583e-01 3.877438230982931389e-01 4.358859265881285805e-01 3.345232801983311077e-02 5.797916202657877882e-01 5.869512320190872767e-01 7.966889646771180278e-01 7.602072985497314583e-01 3.369042349085459298e-01 9.465639885138832366e-01 5.031421046301487454e-01 6.390777420238306084e-01 5.753850693569921848e-01 4.671224325440176406e-01 6.863597133749296253e-01 0.000000000000000000e+00 2.683720407039934530e-01
2.284818107987055535e-01 5.470116811060519169e-01 7.747434208477047557e-01 8.644771419032386550e-01 7.193465887857686258e-01 4.345171914164736027e-02 8.462076415097420368e-01 5.395092536168087927e-01 3.078755594341274771e-01 3.769488385248617179e-01 6.356312575505103091e-01 1.031084441819538622e-01 6.059799147129523167e-01 2.960522096432468553e-01 7.375830976410696627e-01 6.967785665548704710e-01 6.971194721483937595e-01 4.481659538692860378e-01 9.340258822704170516e-01 8.431360736091304542e-01 6.655410533936667594e-01 3.732456776805826992e-01 4.884034210271333554e-01 9.722538515527119340e-01 2.018402056694479363e-02 2.356864958663014986e-01 7.043246859036746965e-01 6.943480954422698304e-01 4.505744093167307618e-02 5.808260520211786515e-01 3.001974331308536192e-01 4.214148145521798283e-01 7.761274201638386216e-01 2.683720407039934530e-01 0.000000000000000000e+00
