0.000000000000000000e+00 4.142174326992065780e-01 4.279456762194380204e-01 7.122739076439217332e-01 4.496048267942035492e-01 1.295675087171798689e-01 9.974726820728541110e-02 4.916245414700550764e-01 4.810114568050423145e-01 4.074917837631820694e-01 2.962206881022452221e-01 1.629457730176671060e-01 6.983049672991492596e-01 6.916765232064130409e-01 7.445918708367518235e-01 5.817611288398899516e-01 1.496039972327560807e-01 7.900664290516269395e-01 1.009755379708263678e-01 7.955111960607716970e-01 7.741289636568138288e-01 6.677538117358263747e-01 5.862928588385718509e-01 3.916665594382452986e-01 7.631065303809057010e-01 7.708611505198922353e-01 7.650310564617026632e-01 1.472057791687001460e-01 9.668968169948788383e-01 5.247952459590098373e-01 2.769319681801591937e-01 6.781355609075164770e-01 3.716529074249126374e-01 2.676547324735941702e-01 4.708468265950933596e-01
4.142174326992065780e-01 0.000000000000000000e+00 1.104253818363611916e-01 7.950977020321556843e-01 6.215393989637121308e-01 4.404138945608260247e-01 5.088287772061586001e-01 9.198368258452677138e-01 2.247621070973775392e-01 7.617725112165349977e-01 6.297165694171205086e-01 3.452749777671962894e-01 3.873468863625823544e-01 5.422518454273754784e-01 4.277911568205561288e-01 5.776933668154702328e-01 7.148318251553951175e-01 2.149550907697885815e-01 4.778257004468269287e-01 5.193115931995019308e-01 7.474144688299906303e-01 3.272092131362530631e-01 4.195422463324632312e-01 4.863008376713351399e-02 4.315607590290805873e-01 8.042930468210326422e-01 4.020258235118807089e-01 4.728643679694329860e-01 6.896785102653589794e-01 4.924381286986384554e-01 1.528173079435589665e-01 7.520150184094325230e-01 3.556262195053827013e-01 7.771022323899382522e-01 8.852660146986510714e-01
4.279456762194380204e-01 1.104253818363611916e-01 0.000000000000000000e+00 2.383761033369095061e-01 5.665980097950571448e-01 1.262486062280306909e-01 7.370757603823477888e-01 1.533311775980810143e-01 4.288411652694100185e-01 3.335337205912094483e-01 6.322032608435186329e-01 7.787824733783632603e-01 4.552806082562895762e-01 2.826526533776912986e-01 6.120437831677029150e-01 5.159671920502340026e-01 8.342090333074807518e-01 3.491133711829308428e-02 7.581984739041397470e-01 3.143973821007082226e-01 5.833022943895747048e-01 8.247450808735319328e-01 6.658679412438748280e-01 5.696569170630847445e-01 9.172527403174993710e-01 8.250052820466102776e-01 3.126382261889627534e-01 5.294123482831187832e-01 2.280108722269554855e-01 4.317654963520592415e-01 4.975934389817872061e-01 8.278268647227755572e-01 4.134561405409935553e-01 5.139886419458178368e-01 7.417480245953164131e-01
7.122739076439217332e-01 7.950977020321556843e-01 2.383761033369095061e-01 0.000000000000000000e+00 1.574072770201844218e-01 5.746505373025341257e-01 2.098162774989559831e-01 3.497304025754408574e-01 7.132408324118802989e-01 6.025699016797004814e-01 8.149420910050964029e-02 7.362124474092860416e-01 2.588363391917943845e-01 3.368780355081673061e-01 2.431223609911173367e-01 4.632084994898146291e-01 7.960568450736444923e-01 1.978072684850835095e-01 4.261774614246354176e-01 4.394571338627634716e-01 6.209892519566617697e-01 8.608433124846531781e-01 2.480000754074404012e-01 5.853760728025563242e-01 5.031559730519130635e-01 4.266314184031133605e-01 6.648355671692398605e-01 4.752366144964914607e-01 4.249196267124744075e-01 5.778652589737105494e-01 7.690764975994026642e-01 3.722737659460738646e-01 6.508484861690915224e-01 5.067046408862927453e-01 6.641653244884253571e-01
4.496048267942035492e-01 6.215393989637121308e-01 5.665980097950571448e-01 1.574072770201844218e-01 0.000000000000000000e+00 5.283926540543096850e-01 2.566975277856949900e-01 5.581624964838181047e-01 4.364773143205003536e-01 8.312732795392631102e-01 4.772611858869857393e-01 4.034888548165891375e-01 6.255295267087959132e-01 4.889293552130436482e-01 4.852325618872602719e-01 3.574286581491949999e-01 8.027277453359406012e-01 1.588477758183027277e-01 3.164739094331466829e-01 1.501142796929118006e-01 4.460788937242038399e-01 5.416057650802137413e-01 1.488761437491611384e-01 5.282655376774093581e-01 7.533123376740290533e-01 1.682015397621154373e-01 4.623131397455324532e-01 2.458127431623342574e-01 5.916845618742121449e-01 3.641688514418142120e-01 4.006959863667766131e-01 1.825865573388669727e-01 5.480528462065048512e-01 4.989279553126400590e-01 8.805735257380656877e-01
1.295675087171798689e-01 4.404138945608260247e-01 1.262486062280306909e-01 5.746505373025341257e-01 5.283926540543096850e-01 0.000000000000000000e+00 6.594006854022221864e-01 5.319174577842160634e-01 8.631773749843631993e-01 4.767658496787595124e-01 5.213842068901527460e-01 6.866730200637995996e-01 4.299377466682094973e-01 7.087656578964720566e-01 6.025478958992135370e-01 6.056963857444446209e-01 5.130803217137456240e-01 4.889626303692545806e-01 3.033551393552992304e-01 4.118750241830868575e-01 4.761661409594215577e-01 4.659400635276148561e-01 3.760031630198475971e-01 5.601114586804765150e-01 2.348290537004499301e-01 4.341278551320379986e-01 5.530943169857420738e-01 5.224051197535644064e-01 4.027778566779844360e-01 1.182387543267413021e-01 1.922261437405211604e-01 1.754690372131131881e-01 7.184615710142805423e-01 8.516649370133761998e-01 2.329635002076032579e-01
9.974726820728541110e-02 5.088287772061586001e-01 7.370757603823477888e-01 2.098162774989559831e-01 2.566975277856949900e-01 6.594006854022221864e-01 0.000000000000000000e+00 5.115566398440503093e-01 6.666840129466909959e-01 4.868907711564229857e-02 1.335334230823866375e-01 4.609892573642604408e-01 7.938173372628769542e-01 2.761960694915804870e-01 2.018729589950853942e-01 8.455636837917857029e-01 1.144038353138084330e-01 3.931548137435857959e-01 5.048325646513869280e-01 6.062076524191820637e-01 4.878481552332668558e-01 7.494841629604782618e-01 6.806480272825727873e-01 7.482014895533811716e-01 8.043913862732627873e-01 3.030142405252065352e-01 8.015134090329192329e-01 7.238516161037671370e-01 2.039162669111393988e-01 3.628350246914535671e-01 1.291376209716071921e-01 7.502984475066311054e-01 4.578065253612217389e-01 9.280851114304220495e-01 4.770000797624942557e-01
4.916245414700550764e-01 9.198368258452677138e-01 1.533311775980810143e-01 3.497304025754408574e-01 5.581624964838181047e-01 5.319174577842160634e-01 5.115566398440503093e-01 0.000000000000000000e+00 1.886759450107940994e-01 6.949313384511075498e-01 1.995170968825857871e-01 4.318307765103152618e-01 5.070949574636789414e-01 8.642465882282943657e-01 3.639205134784699869e-01 5.773846011182806048e-01 7.128129958241558040e-02 6.543192709526874928e-01 6.451278280348284877e-01 5.747149377114921798e-01 5.166915619416558858e-01 9.284159467265759025e-01 2.633583298681248519e-01 8.935725156977791794e-02 6.045882819165373512e-01 9.524600507750218270e-01 6.209720663593139012e-01 5.566359357893748694e-01 4.416324556830877879e-01 4.738431014078361425e-01 5.890075918066894900e-01 3.815047653427393604e-01 1.370393035145054950e-01 1.199169637629797780e-01 5.337905404101763729e-01
4.810114568050423145e-01 2.247621070973775392e-01 4.288411652694100185e-01 7.132408324118802989e-01 4.364773143205003536e-01 8.631773749843631993e-01 6.666840129466909959e-01 1.886759450107940994e-01 0.000000000000000000e+00 3.816047388428956966e-01 3.405731704020508177e-01 4.119698625091077204e-01 6.307958845458726538e-01 4.021545382758074938e-01 4.054029088853144946e-01 2.398214528932079981e-01 8.795664450467647333e-01 7.376171871241634648e-01 2.253428075375873973e-01 3.205990924770233397e-01 5.651184138192412165e-01 4.323366137194373238e-02 5.762077332588646517e-01 4.198801797676603442e-01 6.625403410968466744e-01 9.477622666807281604e-01 9.233978384533099160e-01 5.726096306673003067e-01 5.196124560724744157e-01 7.794860991285561536e-01 1.621470282881104508e-01 8.839741256186944840e-01 8.445627149439799419e-01 7.785399086779994926e-01 4.506679454319489908e-02
4.074917837631820694e-01 7.617725112165349977e-01 3.335337205912094483e-01 6.025699016797004814e-01 8.312732795392631102e-01 4.767658496787595124e-01 4.868907711564229857e-02 6.949313384511075498e-01 3.816047388428956966e-01 0.000000000000000000e+00 4.430235750112329063e-01 2.967148519855736799e-01 8.844784799762243077e-01 6.524988663530036925e-01 4.770669669255232503e-01 5.337854764839644606e-01 7.994434582028571157e-01 7.543111724967580534e-01 3.564168676131471702e-01 3.874671967444041076e-01 7.329923902354658072e-01 5.858569650888938440e-01 4.843838531545701653e-01 5.314153995509030004e-01 8.258469979280100848e-01 3.738983515735442298e-01 1.802934360908087230e-01 9.170470661526725076e-01 6.367225220991130641e-01 4.625765635979608437e-01 7.576669152068491453e-01 4.727744558217097381e-01 3.758047547214978801e-01 1.809980839027857114e-01 4.974138805571259314e-01
2.962206881022452221e-01 6.297165694171205086e-01 6.322032608435186329e-01 8.149420910050964029e-02 4.772611858869857393e-01 5.213842068901527460e-01 1.335334230823866375e-01 1.995170968825857871e-01 3.405731704020508177e-01 4.430235750112329063e-01 0.000000000000000000e+00 3.177784167173027807e-01 8.429199006014347351e-01 8.323387666150838804e-01 5.266216333480255862e-01 3.316183569175001900e-02 7.446246297292080651e-01 8.766459250539841985e-01 8.663910447462086495e-02 4.903064421930893868e-01 6.941495030642417241e-01 4.244343686850600150e-01 7.269922902178749258e-01 3.385150319006307029e-01 5.260816463191543280e-01 4.918203513265571036e-01 6.604147698190470095e-01 6.204260052012764426e-01 7.589985900369412564e-01 4.897406809766897684e-01 4.701661796305629526e-01 1.151692573306226652e-01 4.980161198187255112e-01 3.317880183659625559e-01 5.370458372927771062e-01
1.629457730176671060e-01 3.452749777671962894e-01 7.787824733783632603e-01 7.362124474092860416e-01 4.034888548165891375e-01 6.866730200637995996e-01 4.609892573642604408e-01 4.318307765103152618e-01 4.119698625091077204e-01 2.967148519855736799e-01 3.177784167173027807e-01 0.000000000000000000e+00 8.902329752078342873e-01 4.386559671683479822e-01 5.779985919137242689e-01 2.063369231243872837e-01 3.467808847566613561e-01 5.231860520312641150e-01 2.469237479024281035e-01 7.936145285424527351e-01 5.272860425450218713e-01 6.925090100778520386e-01 1.990466314686423210e-01 3.251058601877013232e-01 5.568275744193719179e-01 6.229642877939096657e-01 3.506214621605808768e-01 5.620988936129689417e-02 3.989385224716770484e-01 4.641181649652141306e-01 6.252848593041495651e-01 2.454706152334187319e-01 3.847908132193172404e-01 7.073535226318898861e-01 3.800176364104698168e-01
6.983049672991492596e-01 3.873468863625823544e-01 4.552806082562895762e-01 2.588363391917943845e-01 6.255295267087959132e-01 4.299377466682094973e-01 7.938173372628769542e-01 5.070949574636789414e-01 6.307958845458726538e-01 8.844784799762243077e-01 8.429199006014347351e-01 8.902329752078342873e-01 0.000000000000000000e+00 5.923406891610443203e-01 4.541530423554911433e-01 1.736663334180609808e-01 7.752266611128136864e-01 3.554708633246232985e-01 5.398701349726988674e-01 4.854382502256274767e-01 2.916202621806511797e-01 3.607779374672153705e-01 5.135025799795913670e-01 6.072375700069001514e-01 3.501738088903713075e-01 2.368146086727251909e-01 5.368316677396618442e-01 3.999529472355051185e-01 7.707344977002179576e-01 8.270608312998856126e-01 4.000983550680338174e-01 3.407017857123312843e-01 6.438526224581906376e-01 9.301019462013644379e-01 4.601815727346790230e-01
6.916765232064130409e-01 5.422518454273754784e-01 2.826526533776912986e-01 3.368780355081673061e-01 4.889293552130436482e-01 7.087656578964720566e-01 2.761960694915804870e-01 8.642465882282943657e-01 4.021545382758074938e-01 6.524988663530036925e-01 8.323387666150838804e-01 4.386559671683479822e-01 5.923406891610443203e-01 0.000000000000000000e+00 6.155950846233453344e-01 2.565019384170280636e-01 3.798074565716827999e-01 9.257585588561180190e-01 1.918909188101061147e-01 3.483355347070166141e-01 5.121321930868529826e-01 7.477016179274511565e-01 7.738562491854098502e-01 7.517082763662829015e-01 6.991138979337524484e-01 7.623266858529212930e-01 6.626748659273187236e-01 2.769379565629103146e-01 7.204813355359971361e-01 5.457822099565490248e-01 5.107744167316702333e-01 3.835183276960264509e-01 2.390857635372897194e-01 5.131090124018484744e-01 1.288286004337528268e-01
7.445918708367518235e-01 4.277911568205561288e-01 6.120437831677029150e-01 2.431223609911173367e-01 4.852325618872602719e-01 6.025478958992135370e-01 2.018729589950853942e-01 3.639205134784699869e-01 4.054029088853144946e-01 4.770669669255232503e-01 5.266216333480255862e-01 5.779985919137242689e-01 4.541530423554911433e-01 6.155950846233453344e-01 0.000000000000000000e+00 5.293205514184238236e-01 5.979089203189087431e-01 7.081284675821371000e-01 5.210889496628920980e-01 7.360296399493486685e-01 3.601302640672437994e-01 7.736134560690692830e-01 9.375170005574675614e-01 7.202489206582720627e-01 5.297096133418208730e-01 3.494379610514875001e-01 4.263556438760803258e-01 7.781589530118615539e-01 4.547273818585487737e-01 2.828100434776396055e-01 3.915197642428629443e-01 5.227072344194487741e-01 1.508647162532162911e-01 7.367258442963400267e-01 6.454740412487112167e-01
5.817611288398899516e-01 5.776933668154702328e-01 5.159671920502340026e-01 4.632084994898146291e-01 3.574286581491949999e-01 6.056963857444446209e-01 8.455636837917857029e-01 5.773846011182806048e-01 2.398214528932079981e-01 5.337854764839644606e-01 3.316183569175001900e-02 2.063369231243872837e-01 1.736663334180609808e-01 2.565019384170280636e-01 5.293205514184238236e-01 0.000000000000000000e+00 8.974072211804045018e-01 4.106040653120550665e-01 9.373539413113136654e-01 3.549866209415817320e-01 5.164194456913649978e-01 9.431796394536460237e-01 6.297151411960479894e-01 3.095372473940813940e-01 4.865824914997118888e-01 7.768640375474905602e-01 7.970220682763365927e-01 2.848860504856031706e-01 6.071869849995696899e-01 3.713584990151871379e-01 8.827163333338068352e-01 6.083387530253682174e-01 4.763949607506102191e-01 7.707284848596654969e-01 8.416186962604332855e-02
1.496039972327560807e-01 7.148318251553951175e-01 8.342090333074807518e-01 7.960568450736444923e-01 8.027277453359406012e-01 5.130803217137456240e-01 1.144038353138084330e-01 7.128129958241558040e-02 8.795664450467647333e-01 7.994434582028571157e-01 7.446246297292080651e-01 3.467808847566613561e-01 7.752266611128136864e-01 3.798074565716827999e-01 5.979089203189087431e-01 8.974072211804045018e-01 0.000000000000000000e+00 6.241009261529820717e-01 2.352089920586596383e-01 6.826519738927843139e-01 2.786300338234208862e-01 3.735335817247906198e-01 1.564567838434026137e-01 1.432157919241532351e-01 4.082670968294279668e-01 3.289674236192374757e-01 2.852934785625702574e-01 2.037769048753846901e-01 4.062508102403258325e-01 3.331150551883375610e-01 8.648943923474450290e-01 1.267177735994581278e-01 6.973281864525228135e-01 5.697227746431536843e-01 1.282630308468490909e-01
7.900664290516269395e-01 2.149550907697885815e-01 3.491133711829308428e-02 1.978072684850835095e-01 1.588477758183027277e-01 4.889626303692545806e-01 3.931548137435857959e-01 6.543192709526874928e-01 7.376171871241634648e-01 7.543111724967580534e-01 8.766459250539841985e-01 5.231860520312641150e-01 3.554708633246232985e-01 9.257585588561180190e-01 7.081284675821371000e-01 4.106040653120550665e-01 6.241009261529820717e-01 0.000000000000000000e+00 4.983841113557151981e-01 3.757374146292605799e-01 3.833831428668961205e-01 8.018550803620241307e-01 5.957329506212560855e-01 5.923486112916940272e-01 7.581750092599303104e-01 2.481265909282703852e-02 4.741312325616829915e-01 3.803403104361040565e-01 5.609363944879033337e-01 5.794453920056723550e-01 7.748248070609744520e-01 7.303807246296756261e-02 2.727952283935146660e-01 8.918894827210066545e-01 3.944835259441493713e-01
1.009755379708263678e-01 4.778257004468269287e-01 7.581984739041397470e-01 4.261774614246354176e-01 3.164739094331466829e-01 3.033551393552992304e-01 5.048325646513869280e-01 6.451278280348284877e-01 2.253428075375873973e-01 3.564168676131471702e-01 8.663910447462086495e-02 2.469237479024281035e-01 5.398701349726988674e-01 1.918909188101061147e-01 5.210889496628920980e-01 9.373539413113136654e-01 2.352089920586596383e-01 4.983841113557151981e-01 0.000000000000000000e+00 6.165347301734692698e-01 2.356870989147192841e-01 3.025023945266585579e-01 8.303197461822520165e-01 6.000760872290202830e-01 7.425050580090716279e-01 6.301899624122867527e-01 5.189101221715146650e-01 6.784585152727394819e-01 4.968295348065396300e-01 8.132343238018877596e-01 4.528339232404767767e-01 3.675852206499993780e-01 7.639689542640180075e-01 4.980536041472733433e-01 6.514484535623472627e-01
7.955111960607716970e-01 5.193115931995019308e-01 3.143973821007082226e-01 4.394571338627634716e-01 1.501142796929118006e-01 4.118750241830868575e-01 6.062076524191820637e-01 5.747149377114921798e-01 3.205990924770233397e-01 3.874671967444041076e-01 4.903064421930893868e-01 7.936145285424527351e-01 4.854382502256274767e-01 3.483355347070166141e-01 7.360296399493486685e-01 3.549866209415817320e-01 6.826519738927843139e-01 3.757374146292605799e-01 6.165347301734692698e-01 0.000000000000000000e+00 6.605013609038048461e-01 5.322883262662763126e-01 4.632575097058685420e-01 2.715253361301689927e-01 3.956336632455506042e-01 2.578422678351361963e-01 2.543373945310843931e-01 6.745874548661663361e-01 6.235866112364644165e-01 7.456581293511650443e-01 4.714858433262991144e-01 7.529045216949682429e-01 7.414536251279708612e-01 5.440369653237955294e-01 4.677113748297330176e-01
7.741289636568138288e-01 7.474144688299906303e-01 5.833022943895747048e-01 6.209892519566617697e-01 4.460788937242038399e-01 4.761661409594215577e-01 4.878481552332668558e-01 5.166915619416558858e-01 5.651184138192412165e-01 7.329923902354658072e-01 6.941495030642417241e-01 5.272860425450218713e-01 2.916202621806511797e-01 5.121321930868529826e-01 3.601302640672437994e-01 5.164194456913649978e-01 2.786300338234208862e-01 3.833831428668961205e-01 2.356870989147192841e-01 6.605013609038048461e-01 0.000000000000000000e+00 6.422739506108785523e-01 6.138461981331393424e-01 1.266993095415996917e-01 4.185140964375865247e-01 6.660095392184524066e-01 2.803006558763214695e-01 6.752921594587997234e-01 6.125738923922074974e-01 7.904239973450006840e-01 4.602152811407209110e-01 3.052360400015656228e-01 8.229123801728402965e-01 6.155740460680925175e-01 4.711204243011435366e-01
6.677538117358263747e-01 3.272092131362530631e-01 8.247450808735319328e-01 8.608433124846531781e-01 5.416057650802137413e-01 4.659400635276148561e-01 7.494841629604782618e-01 9.284159467265759025e-01 4.323366137194373238e-02 5.858569650888938440e-01 4.244343686850600150e-01 6.925090100778520386e-01 3.607779374672153705e-01 7.477016179274511565e-01 7.736134560690692830e-01 9.431796394536460237e-01 3.735335817247906198e-01 8.018550803620241307e-01 3.025023945266585579e-01 5.322883262662763126e-01 6.422739506108785523e-01 0.000000000000000000e+00 4.177866279791320192e-01 5.613504135928528704e-01 8.624279125207674479e-01 5.578184181373873063e-01 5.085810197095321783e-01 5.736948073905208112e-01 1.494935126971236872e-01 3.950337703113788179e-01 7.408230659207313273e-01 5.029498138854602285e-01 3.488779448978694964e-01 1.034885041812367290e-01 7.962383044718874814e-01
5.862928588385718509e-01 4.195422463324632312e-01 6.658679412438748280e-01 2.480000754074404012e-01 1.488761437491611384e-01 3.760031630198475971e-01 6.806480272825727873e-01 2.633583298681248519e-01 5.762077332588646517e-01 4.843838531545701653e-01 7.269922902178749258e-01 1.990466314686423210e-01 5.135025799795913670e-01 7.738562491854098502e-01 9.375170005574675614e-01 6.297151411960479894e-01 1.564567838434026137e-01 5.957329506212560855e-01 8.303197461822520165e-01 4.632575097058685420e-01 6.138461981331393424e-01 4.177866279791320192e-01 0.000000000000000000e+00 6.313490783995771016e-01 5.556495854579979188e-01 1.686658102699440942e-01 5.114880228555830355e-01 6.080958101645768110e-01 8.206854180922851238e-01 4.497570482608483911e-01 4.971887743054185238e-01 5.472457135386596949e-01 5.062376875460390391e-01 5.779374417617031412e-01 4.403505802919903678e-01
3.916665594382452986e-01 4.863008376713351399e-02 5.696569170630847445e-01 5.853760728025563242e-01 5.282655376774093581e-01 5.601114586804765150e-01 7.482014895533811716e-01 8.935725156977791794e-02 4.198801797676603442e-01 5.314153995509030004e-01 3.385150319006307029e-01 3.251058601877013232e-01 6.072375700069001514e-01 7.517082763662829015e-01 7.202489206582720627e-01 3.095372473940813940e-01 1.432157919241532351e-01 5.923486112916940272e-01 6.000760872290202830e-01 2.715253361301689927e-01 1.266993095415996917e-01 5.613504135928528704e-01 6.313490783995771016e-01 0.000000000000000000e+00 8.242148486628007031e-01 7.421470115857110583e-01 6.266722785585541189e-01 7.753067793343819680e-01 9.023818811059973743e-01 2.909169893355867953e-01 4.818400127104430775e-01 3.879617859245214628e-01 7.486788247904004878e-01 1.795488554989040919e-01 3.775384130076536171e-01
7.631065303809057010e-01 4.315607590290805873e-01 9.172527403174993710e-01 5.031559730519130635e-01 7.533123376740290533e-01 2.348290537004499301e-01 8.043913862732627873e-01 6.045882819165373512e-01 6.625403410968466744e-01 8.258469979280100848e-01 5.260816463191543280e-01 5.568275744193719179e-01 3.501738088903713075e-01 6.991138979337524484e-01 5.297096133418208730e-01 4.865824914997118888e-01 4.082670968294279668e-01 7.581750092599303104e-01 7.425050580090716279e-01 3.956336632455506042e-01 4.185140964375865247e-01 8.624279125207674479e-01 5.556495854579979188e-01 8.242148486628007031e-01 0.000000000000000000e+00 7.342505304152936452e-01 3.375977988322090839e-01 5.258435623377057944e-01 5.694092743961194358e-01 6.465797025574439028e-01 4.114683903169117363e-01 6.143487991274255711e-01 1.641395790776414287e-01 2.725998968906817588e-02 8.150297675220665727e-01
7.708611505198922353e-01 8.042930468210326422e-01 8.250052820466102776e-01 4.266314184031133605e-01 1.682015397621154373e-01 4.341278551320379986e-01 3.030142405252065352e-01 9.524600507750218270e-01 9.477622666807281604e-01 3.738983515735442298e-01 4.918203513265571036e-01 6.229642877939096657e-01 2.368146086727251909e-01 7.623266858529212930e-01 3.494379610514875001e-01 7.768640375474905602e-01 3.289674236192374757e-01 2.481265909282703852e-02 6.301899624122867527e-01 2.578422678351361963e-01 6.660095392184524066e-01 5.578184181373873063e-01 1.686658102699440942e-01 7.421470115857110583e-01 7.342505304152936452e-01 0.000000000000000000e+00 1.250448972497712474e-01 8.145318037774933462e-01 3.207645533542951011e-01 4.459142892229538413e-01 6.770559726231106801e-01 2.109490867928074387e-01 6.948766060051747573e-01 7.709218512682938229e-01 7.443678140711504909e-01
7.650310564617026632e-01 4.020258235118807089e-01 3.126382261889627534e-01 6.648355671692398605e-01 4.623131397455324532e-01 5.530943169857420738e-01 8.015134090329192329e-01 6.209720663593139012e-01 9.233978384533099160e-01 1.802934360908087230e-01 6.604147698190470095e-01 3.506214621605808768e-01 5.368316677396618442e-01 6.626748659273187236e-01 4.263556438760803258e-01 7.970220682763365927e-01 2.852934785625702574e-01 4.741312325616829915e-01 5.189101221715146650e-01 2.543373945310843931e-01 2.803006558763214695e-01 5.085810197095321783e-01 5.114880228555830355e-01 6.266722785585541189e-01 3.375977988322090839e-01 1.250448972497712474e-01 0.000000000000000000e+00 4.330453536698630201e-01 4.343962759366978288e-01 6.573130567787542899e-01 8.034201893189821808e-01 3.319624257361807329e-01 5.551563785829023434e-01 6.050803377502614877e-01 6.472371172137586504e-01
1.472057791687001460e-01 4.728643679694329860e-01 5.294123482831187832e-01 4.752366144964914607e-01 2.458127431623342574e-01 5.224051197535644064e-01 7.238516161037671370e-01 5.566359357893748694e-01 5.726096306673003067e-01 9.170470661526725076e-01 6.204260052012764426e-01 5.620988936129689417e-02 3.999529472355051185e-01 2.769379565629103146e-01 7.781589530118615539e-01 2.848860504856031706e-01 2.037769048753846901e-01 3.803403104361040565e-01 6.784585152727394819e-01 6.745874548661663361e-01 6.752921594587997234e-01 5.736948073905208112e-01 6.080958101645768110e-01 7.753067793343819680e-01 5.258435623377057944e-01 8.145318037774933462e-01 4.330453536698630201e-01 0.000000000000000000e+00 2.912771604496440236e-01 1.501598843619336154e-01 6.281721105673140348e-01 6.692484590827121327e-01 4.945213889345098646e-01 2.750533400286440111e-01 3.954203533947440730e-01
9.668968169948788383e-01 6.896785102653589794e-01 2.280108722269554855e-01 4.249196267124744075e-01 5.916845618742121449e-01 4.027778566779844360e-01 2.039162669111393988e-01 4.416324556830877879e-01 5.196124560724744157e-01 6.367225220991130641e-01 7.589985900369412564e-01 3.989385224716770484e-01 7.707344977002179576e-01 7.204813355359971361e-01 4.547273818585487737e-01 6.071869849995696899e-01 4.062508102403258325e-01 5.609363944879033337e-01 4.968295348065396300e-01 6.235866112364644165e-01 6.125738923922074974e-01 1.494935126971236872e-01 8.206854180922851238e-01 9.023818811059973743e-01 5.694092743961194358e-01 3.207645533542951011e-01 4.343962759366978288e-01 2.912771604496440236e-01 0.000000000000000000e+00 4.729767469664958313e-02 6.930533300926529083e-01 4.478528847246567857e-01 3.480030405576396424e-01 3.956140992238000309e-01 7.889362102645591790e-01
5.247952459590098373e-01 4.924381286986384554e-01 4.317654963520592415e-01 5.778652589737105494e-01 3.641688514418142120e-01 1.182387543267413021e-01 3.628350246914535671e-01 4.738431014078361425e-01 7.794860991285561536e-01 4.625765635979608437e-01 4.897406809766897684e-01 4.641181649652141306e-01 8.270608312998856126e-01 5.457822099565490248e-01 2.828100434776396055e-01 3.713584990151871379e-01 3.331150551883375610e-01 5.794453920056723550e-01 8.132343238018877596e-01 7.456581293511650443e-01 7.904239973450006840e-01 3.950337703113788179e-01 4.497570482608483911e-01 2.909169893355867953e-01 6.465797025574439028e-01 4.459142892229538413e-01 6.573130567787542899e-01 1.501598843619336154e-01 4.729767469664958313e-02 0.000000000000000000e+00 6.938979014144511792e-01 6.075576980685786221e-01 9.457278238292260442e-01 5.390915239354423516e-01 3.217188652192284337e-01
2.769319681801591937e-01 1.528173079435589665e-01 4.975934389817872061e-01 7.690764975994026642e-01 4.006959863667766131e-01 1.922261437405211604e-01 1.291376209716071921e-01 5.890075918066894900e-01 1.621470282881104508e-01 7.576669152068491453e-01 4.701661796305629526e-01 6.252848593041495651e-01 4.000983550680338174e-01 5.107744167316702333e-01 3.915197642428629443e-01 8.827163333338068352e-01 8.648943923474450290e-01 7.748248070609744520e-01 4.528339232404767767e-01 4.714858433262991144e-01 4.602152811407209110e-01 7.408230659207313273e-01 4.971887743054185238e-01 4.818400127104430775e-01 4.114683903169117363e-01 6.770559726231106801e-01 8.034201893189821808e-01 6.281721105673140348e-01 6.930533300926529083e-01 6.938979014144511792e-01 0.000000000000000000e+00 8.295133427294656414e-01 5.142271561314549766e-01 1.567044854512459340e-01 1.965739233674550501e-01
6.781355609075164770e-01 7.520150184094325230e-01 8.278268647227755572e-01 3.722737659460738646e-01 1.825865573388669727e-01 1.754690372131131881e-01 7.502984475066311054e-01 3.815047653427393604e-01 8.839741256186944840e-01 4.727744558217097381e-01 1.151692573306226652e-01 2.454706152334187319e-01 3.407017857123312843e-01 3.835183276960264509e-01 5.227072344194487741e-01 6.083387530253682174e-01 1.267177735994581278e-01 7.303807246296756261e-02 3.675852206499993780e-01 7.529045216949682429e-01 3.052360400015656228e-01 5.029498138854602285e-01 5.472457135386596949e-01 3.879617859245214628e-01 6.143487991274255711e-01 2.109490867928074387e-01 3.319624257361807329e-01 6.692484590827121327e-01 4.478528847246567857e-01 6.075576980685786221e-01 8.295133427294656414e-01 0.000000000000000000e+00 5.075351785224870849e-01 7.730565590231261996e-01 5.364784131124232802e-01
3.716529074249126374e-01 3.556262195053827013e-01 4.134561405409935553e-01 6.508484861690915224e-01 5.480528462065048512e-01 7.184615710142805423e-01 4.578065253612217389e-01 1.370393035145054950e-01 8.445627149439799419e-01 3.758047547214978801e-01 4.980161198187255112e-01 3.847908132193172404e-01 6.438526224581906376e-01 2.390857635372897194e-01 1.508647162532162911e-01 4.763949607506102191e-01 6.973281864525228135e-01 2.727952283935146660e-01 7.639689542640180075e-01 7.414536251279708612e-01 8.229123801728402965e-01 3.488779448978694964e-01 5.062376875460390391e-01 7.486788247904004878e-01 1.641395790776414287e-01 6.948766060051747573e-01 5.551563785829023434e-01 4.945213889345098646e-01 3.480030405576396424e-01 9.457278238292260442e-01 5.142271561314549766e-01 5.075351785224870849e-01 0.000000000000000000e+00 1.808943762501212249e-01 7.044643511622350474e-01
2.676547324735941702e-01 7.771022323899382522e-01 5.139886419458178368e-01 5.067046408862927453e-01 4.989279553126400590e-01 8.516649370133761998e-01 9.280851114304220495e-01 1.199169637629797780e-01 7.785399086779994926e-01 1.809980839027857114e-01 3.317880183659625559e-01 7.073535226318898861e-01 9.301019462013644379e-01 5.131090124018484744e-01 7.367258442963400267e-01 7.707284848596654969e-01 5.697227746431536843e-01 8.918894827210066545e-01 4.980536041472733433e-01 5.440369653237955294e-01 6.155740460680925175e-01 1.034885041812367290e-01 5.779374417617031412e-01 1.795488554989040919e-01 2.725998968906817588e-02 7.709218512682938229e-01 6.050803377502614877e-01 2.750533400286440111e-01 3.956140992238000309e-01 5.390915239354423516e-01 1.567044854512459340e-01 7.730565590231261996e-01 1.808943762501212249e-01 0.000000000000000000e+00 1.374208627416727557e-01
4.708468265950933596e-01 8.852660146986510714e-01 7.417480245953164131e-01 6.641653244884253571e-01 8.805735257380656877e-01 2.329635002076032579e-01 4.770000797624942557e-01 5.337905404101763729e-01 4.506679454319489908e-02 4.974138805571259314e-01 5.370458372927771062e-01 3.800176364104698168e-01 4.601815727346790230e-01 1.288286004337528268e-01 6.454740412487112167e-01 8.416186962604332855e-02 1.282630308468490909e-01 3.944835259441493713e-01 6.514484535623472627e-01 4.677113748297330176e-01 4.711204243011435366e-01 7.962383044718874814e-01 4.403505802919903678e-01 3.775384130076536171e-01 8.150297675220665727e-01 7.443678140711504909e-01 6.472371172137586504e-01 3.954203533947440730e-01 7.889362102645591790e-01 3.217188652192284337e-01 1.965739233674550501e-01 5.364784131124232802e-01 7.044643511622350474e-01 1.374208627416727557e-01 0.000000000000000000e+00
