0.000000000000000000e+00 8.641499843783699841e-01 5.163060839664986856e-01 2.523092491568525997e-01 7.183238987380318186e-01 4.630680779835798511e-01 4.924543841896797391e-01 2.341412019077886986e-01 4.739058706131523691e-01 6.753260027345755478e-01 4.851666545748248294e-01 4.798491957287840393e-01 5.292661554549034086e-01 8.456946789844796974e-01 7.973653892230823104e-01 5.592619956320621366e-01 8.200488925989852795e-01 7.702335834286312410e-01 3.637458880522189686e-01 3.785617382816068854e-01 8.608811207301958479e-02 7.285201782589708630e-01 2.131778833463118250e-01 4.514790233226939620e-01 4.056951685490093884e-01 1.490967639148349511e-01 9.007937269384556078e-01 3.727944141076424134e-01 9.210795044349704419e-01 2.983711490904561447e-02 4.564999035340172595e-01 8.403219959733936317e-01 4.064019943873309892e-01 7.289625889639717027e-01 7.221666285060481805e-01
8.641499843783699841e-01 0.000000000000000000e+00 5.848018460208348479e-01 7.835897101448155988e-01 6.814013170078998538e-01 4.308717271280737560e-02 4.475066443358417523e-01 4.609937568090547999e-01 3.632471546503809323e-01 3.841452296759353957e-01 9.115316144852183555e-01 1.925584366695501926e-01 8.180474007631135525e-01 5.910858573263699789e-02 7.027365629099592281e-01 7.722499368762171246e-01 2.450153456242512573e-01 8.573808463321722639e-01 7.347230889231123330e-01 5.496385374807826185e-01 5.207901769098171041e-01 7.405040964360034561e-01 6.460808406943705506e-01 2.899449436205567832e-01 6.607412643101021610e-01 1.747786391789386551e-01 2.628693194863961358e-01 9.140919995871246151e-01 4.708328588460751751e-01 5.891582555396633891e-01 5.009781343992101288e-01 7.366322567156748935e-01 7.629937804867282791e-01 9.256497035240118798e-01 4.621417992763231508e-01
5.163060839664986856e-01 5.848018460208348479e-01 0.000000000000000000e+00 6.450324596994529980e-01 4.204184734755131991e-01 7.197963188190865669e-01 4.607779122157127927e-01 7.806672761115290848e-01 3.357986220838828917e-01 2.977303157218688101e-01 5.537249043540327653e-01 4.116975733735396270e-01 7.261748067408049234e-01 8.518754396350913805e-01 9.191340525722218047e-01 1.744350867653701176e-01 7.362967854240880516e-01 7.642780185789876946e-01 6.774643098928823104e-01 7.669112863614320208e-01 5.659557351985404772e-01 5.887167289625747646e-01 3.644950631337348645e-01 8.884277134506175511e-01 4.880898385444387699e-01 7.768427102230848202e-01 7.722773139300482814e-01 1.883054307920977166e-01 4.522703108669985372e-01 5.191596619839786708e-01 4.212220636366272863e-01 2.457212253322370588e-01 4.378668456837708778e-02 6.357182064616573314e-01 6.743214975882269036e-01
2.523092491568525997e-01 7.835897101448155988e-01 6.450324596994529980e-01 0.000000000000000000e+00 3.126891988008065892e-01 1.664016356743761582e-01 7.738610147670657025e-01 4.500824953605432333e-01 6.496755389884754095e-01 5.337115751942544950e-01 4.402396106765142925e-01 5.621737680306764240e-01 3.766275310114132191e-01 7.611532047664089085e-01 3.455595909812769206e-01 2.932444168166276066e-01 2.973802612856142336e-01 4.400176000361504802e-01 5.869617353780033353e-01 2.918522171237591945e-01 1.630018648377105084e-01 4.388270390650831354e-01 2.491587492745013233e-01 2.686707616961837575e-01 8.102544394363878633e-01 7.915654074625877445e-01 7.807805226354791461e-01 5.524613683467431979e-01 3.119836301974026060e-01 8.637820750105389411e-01 3.082485929934267732e-01 6.290146262147033873e-02 4.116097780023861841e-01 2.522976628499751239e-01 7.375201224395695476e-01
7.183238987380318186e-01 6.814013170078998538e-01 4.204184734755131991e-01 3.126891988008065892e-01 0.000000000000000000e+00 8.454068982422520140e-01 1.380529439001677572e-01 4.454288174432318725e-01 7.616720158604848301e-01 2.988295923814560107e-01 6.810310126623714266e-01 8.280595552329654829e-01 8.046141957137904477e-01 6.605886363355656377e-01 7.424569151845551440e-01 8.391924229445415495e-01 8.547639184171911264e-01 7.240984301712956039e-01 4.393196515369415800e-01 6.532538504942626556e-01 7.891821948527546482e-01 1.917564682016860145e-01 4.621962494120427367e-01 4.889186754311169447e-01 4.577782664177875160e-01 3.903776397603408443e-01 5.444320753538109958e-01 5.868356574017450367e-01 7.160451549154047690e-01 4.270605315374352839e-01 6.233607992075701487e-01 6.129626079064208755e-01 1.419905938415625402e-01 8.187587180825169897e-01 1.166551563153329640e-01
4.630680779835798511e-01 4.308717271280737560e-02 7.197963188190865669e-01 1.664016356743761582e-01 8.454068982422520140e-01 0.000000000000000000e+00 1.543001023939005734e-01 3.738721320190692698e-01 4.970700997012958422e-01 9.758765378725082762e-01 7.796033300408073963e-01 6.122249962844669158e-01 6.273197688678195938e-01 8.005835020336957708e-01 1.524029641431948745e-01 4.981720684833937929e-01 1.033221487677027373e-01 3.252890695382620878e-01 7.287946001266647489e-01 8.562043003895001281e-01 6.743108716613092080e-01 4.627522493620785382e-01 8.324373776204812003e-01 6.803007996684701242e-01 5.048994313482424445e-01 5.590579089374676514e-01 5.825071080110058030e-01 9.128133178266728542e-01 8.880985710404339928e-01 5.252118328362900268e-01 2.408040462947894644e-01 4.872437519788687665e-01 8.993459768820522005e-01 6.658372446446259030e-01 3.157329481077496558e-01
4.924543841896797391e-01 4.475066443358417523e-01 4.607779122157127927e-01 7.738610147670657025e-01 1.380529439001677572e-01 1.543001023939005734e-01 0.000000000000000000e+00 6.101918588110168962e-01 7.604842675852214740e-01 7.409831677716656184e-01 4.653577396123844134e-01 3.772568388830888075e-01 7.608697734207490182e-01 5.721840942156209975e-01 1.312500751727314618e-01 8.444517212514215387e-01 5.418168204065927362e-01 1.083869575512754757e-01 5.224556013170820190e-01 5.207554438361593485e-01 6.887645190846756194e-01 4.742548267005626261e-01 4.805424640400176028e-01 5.907144781591506799e-01 3.786733835242288571e-01 5.642461467321671087e-01 3.978808734359708388e-01 9.502489581170542321e-01 4.665749482233199630e-01 9.272976786166242658e-01 5.147209230308663619e-01 8.699132772353647125e-01 2.254985807452462021e-01 7.758401694296011009e-01 3.532941751755787063e-01
2.341412019077886986e-01 4.609937568090547999e-01 7.806672761115290848e-01 4.500824953605432333e-01 4.454288174432318725e-01 3.738721320190692698e-01 6.101918588110168962e-01 0.000000000000000000e+00 4.704906786029664501e-01 6.891637433106144739e-01 7.945489016503566315e-01 7.269819092973821562e-01 5.404081346061735402e-01 8.074131644536057806e-01 4.807172618366223893e-01 5.147788172084855063e-01 4.700051021567230314e-01 5.599191464201639379e-01 4.314034876689948339e-01 5.021561101273233074e-01 3.710293869043483905e-01 4.667313695471601576e-01 3.970905670089757145e-01 8.657513590387140301e-01 5.294654227403350344e-01 9.444084871883831056e-01 6.142146424277847849e-01 7.656156913547911280e-01 7.810602137624418351e-01 7.297269510035296891e-01 6.447615387857635882e-01 6.055422962926343411e-01 7.958147683065804889e-01 7.111631095012649340e-01 6.127202407952974106e-01
4.739058706131523691e-01 3.632471546503809323e-01 3.357986220838828917e-01 6.496755389884754095e-01 7.616720158604848301e-01 4.970700997012958422e-01 7.604842675852214740e-01 4.704906786029664501e-01 0.000000000000000000e+00 1.045094532135989462e-01 4.443029375535045844e-01 6.798588973601916718e-01 5.899992197256904713e-01 6.142420192316171423e-01 3.280508300579684233e-01 7.697572793203459884e-01 5.031474382391145639e-01 7.703975843923980271e-01 4.324241815155274726e-01 2.005690599711741351e-01 9.590013086270401388e-01 7.884593527560878057e-01 1.441156543712571736e-01 1.936676879717057487e-01 8.604842926805205128e-01 4.312140376496166327e-01 7.212226368379253127e-01 7.522322967684874628e-01 2.683410878123872467e-01 4.465868198857805837e-01 6.029559843477043657e-01 1.023585104450336347e-01 5.960003057256721970e-01 7.834958956616449033e-01 5.632697909461819030e-01
6.753260027345755478e-01 3.841452296759353957e-01 2.977303157218688101e-01 5.337115751942544950e-01 2.988295923814560107e-01 9.758765378725082762e-01 7.409831677716656184e-01 6.891637433106144739e-01 1.045094532135989462e-01 0.000000000000000000e+00 3.616640106677324606e-01 7.828687567265030234e-01 7.847892935086835386e-01 5.242383396320279276e-01 4.804381544252296354e-01 8.498010875456930568e-01 9.551559481332495549e-01 4.011357458896186445e-01 1.517977072404690375e-01 1.298147607209994003e-01 1.169384695577535549e-01 3.703478235929030804e-01 7.191758473902020166e-01 2.294370378038560476e-01 7.936925397245632174e-01 1.470028900357038260e-01 5.721477254526130540e-01 7.007165530030224909e-01 5.964650758221368143e-02 6.121177254203211682e-01 6.842808746529263075e-01 7.992223811242546994e-01 9.612297770045478140e-01 4.487423632372347648e-01 6.505718463988638955e-01
4.851666545748248294e-01 9.115316144852183555e-01 5.537249043540327653e-01 4.402396106765142925e-01 6.810310126623714266e-01 7.796033300408073963e-01 4.653577396123844134e-01 7.945489016503566315e-01 4.443029375535045844e-01 3.616640106677324606e-01 0.000000000000000000e+00 8.741924385304298273e-01 8.677549471070002962e-01 5.995874914107648390e-01 3.797903224761743357e-01 6.912532848232442184e-01 3.894482527035783570e-01 8.570833758311754424e-01 6.372644886339375869e-01 3.705999367063860239e-01 4.329662698440034374e-01 1.334762508895630528e-01 7.482856153862871285e-01 3.951739572040045556e-01 4.670320612778329772e-01 8.417184820151314417e-01 7.618718412528567852e-01 4.070276869500623618e-01 2.538218685572178890e-01 7.178229412872010329e-01 4.541597248567889600e-01 5.501851568264967129e-01 5.461962694677384711e-01 5.094313001635252247e-01 7.595925366893420128e-01
4.798491957287840393e-01 1.925584366695501926e-01 4.116975733735396270e-01 5.621737680306764240e-01 8.280595552329654829e-01 6.122249962844669158e-01 3.772568388830888075e-01 7.269819092973821562e-01 6.798588973601916718e-01 7.828687567265030234e-01 8.741924385304298273e-01 0.000000000000000000e+00 1.205271036879881907e-01 4.052706699696718151e-01 5.997496756027019815e-01 6.665490342560715931e-01 8.378631094741328944e-01 9.028100610767995082e-01 4.227517313470340321e-01 5.814001603447657152e-01 4.186786117704486831e-01 5.796619905591682276e-01 5.961217514221728297e-01 6.454854998133201516e-01 7.732992795514822548e-01 8.252247642925660820e-01 4.001136670418677932e-01 4.177237689337269799e-01 6.715363148324338116e-02 6.621020003567866796e-01 8.339736693308235083e-01 8.094563651697337381e-01 9.729992525369843825e-01 8.880612752701565471e-01 7.537943359720866709e-01
5.292661554549034086e-01 8.180474007631135525e-01 7.261748067408049234e-01 3.766275310114132191e-01 8.046141957137904477e-01 6.273197688678195938e-01 7.608697734207490182e-01 5.404081346061735402e-01 5.899992197256904713e-01 7.847892935086835386e-01 8.677549471070002962e-01 1.205271036879881907e-01 0.000000000000000000e+00 8.586598931620803565e-01 2.173671486600585734e-01 3.554290175147266639e-01 7.373996798223340088e-01 3.776464605204838954e-01 1.180255410121818782e-01 6.334223335408541988e-01 7.612744514630387371e-01 5.207103667626926669e-01 3.091134477956108406e-01 5.922756423507817836e-01 7.979004188347631477e-01 4.438214531895369186e-01 8.814172912479854016e-01 2.144311468047016556e-01 7.623238634585211004e-01 3.560918105765081831e-01 5.881558294095881045e-01 6.316602472063583829e-01 8.259299772218560154e-01 8.971473557049969294e-02 4.346100991180377182e-01
8.456946789844796974e-01 5.910858573263699789e-02 8.518754396350913805e-01 7.611532047664089085e-01 6.605886363355656377e-01 8.005835020336957708e-01 5.721840942156209975e-01 8.074131644536057806e-01 6.142420192316171423e-01 5.242383396320279276e-01 5.995874914107648390e-01 4.052706699696718151e-01 8.586598931620803565e-01 0.000000000000000000e+00 4.181468803935702305e-01 9.020355462465292629e-01 7.271897268845025630e-01 8.211923604221480488e-01 6.522026634872115647e-01 3.598549627870468171e-01 5.598141686820281571e-01 1.737476933703442361e-01 7.553210836020805008e-01 3.126262773958877750e-01 6.292804895242329888e-01 7.516547429610781483e-01 9.100911009970916732e-01 6.920268251843166851e-01 5.244179575054661591e-01 6.913509848225721788e-01 3.640127986035779362e-01 4.279501031104231412e-01 4.257647944461649958e-01 1.083199722591382530e-01 4.070542253128621724e-01
7.973653892230823104e-01 7.027365629099592281e-01 9.191340525722218047e-01 3.455595909812769206e-01 7.424569151845551440e-01 1.524029641431948745e-01 1.312500751727314618e-01 4.807172618366223893e-01 3.280508300579684233e-01 4.804381544252296354e-01 3.797903224761743357e-01 5.997496756027019815e-01 2.173671486600585734e-01 4.181468803935702305e-01 0.000000000000000000e+00 7.944349667283778782e-01 3.329266034706964139e-01 5.187418698066676992e-01 3.571596929532283027e-01 1.046220755687642945e-01 6.568811130132441445e-01 4.138525690541082214e-01 4.040347192121712672e-01 4.793080281305040491e-01 4.257575268687173731e-01 6.469255755761127435e-01 4.865576246088469392e-01 6.387984509660364907e-01 8.352004403212480721e-01 7.266059578827726018e-01 4.877513993199056874e-01 8.529269538771423464e-01 3.688812967755092931e-01 2.241987944598756721e-01 4.068013276209446749e-01
5.592619956320621366e-01 7.722499368762171246e-01 1.744350867653701176e-01 2.932444168166276066e-01 8.391924229445415495e-01 4.981720684833937929e-01 8.444517212514215387e-01 5.147788172084855063e-01 7.697572793203459884e-01 8.498010875456930568e-01 6.912532848232442184e-01 6.665490342560715931e-01 3.554290175147266639e-01 9.020355462465292629e-01 7.944349667283778782e-01 0.000000000000000000e+00 4.842780058571847235e-01 8.809385806961068655e-01 4.687121906795970738e-01 4.593711031370121822e-01 5.986006257589471247e-01 5.474438946180686383e-01 6.897436200633474401e-01 5.723331669038267400e-01 7.817920801936515396e-01 6.971139309332317069e-01 6.771061382355914038e-01 4.299126784013838076e-01 5.697736431633294574e-01 2.989843609166658034e-01 3.898805785383691047e-01 8.279443942129939282e-01 8.388836302962442426e-01 6.136521117694371252e-01 9.601534718968413040e-01
8.200488925989852795e-01 2.450153456242512573e-01 7.362967854240880516e-01 2.973802612856142336e-01 8.547639184171911264e-01 1.033221487677027373e-01 5.418168204065927362e-01 4.700051021567230314e-01 5.031474382391145639e-01 9.551559481332495549e-01 3.894482527035783570e-01 8.378631094741328944e-01 7.373996798223340088e-01 7.271897268845025630e-01 3.329266034706964139e-01 4.842780058571847235e-01 0.000000000000000000e+00 4.759868926896604902e-01 2.611683287926761521e-01 5.415835882136714741e-01 4.042435155303776284e-01 8.481781853777244917e-01 8.773548319288947406e-01 1.075861848378349972e-01 4.631181668288038011e-01 5.079078467057154267e-01 8.503099040080412951e-01 7.193553489770507792e-01 8.037673740826991597e-01 5.503895410413341960e-01 7.498529052626504710e-01 7.580836929897254439e-01 4.065740839619320646e-01 5.142776910486912545e-01 3.201004662677210399e-01
7.702335834286312410e-01 8.573808463321722639e-01 7.642780185789876946e-01 4.400176000361504802e-01 7.240984301712956039e-01 3.252890695382620878e-01 1.083869575512754757e-01 5.599191464201639379e-01 7.703975843923980271e-01 4.011357458896186445e-01 8.570833758311754424e-01 9.028100610767995082e-01 3.776464605204838954e-01 8.211923604221480488e-01 5.187418698066676992e-01 8.809385806961068655e-01 4.759868926896604902e-01 0.000000000000000000e+00 4.768169422346876241e-01 4.407652047154539399e-01 7.877357894072574140e-01 6.869576448838146110e-01 4.744990444528425777e-01 7.937637238191368461e-01 6.956549805920964058e-01 6.483972488184877037e-01 6.307855093492136245e-01 8.137102437124090759e-01 4.034367628352896751e-01 6.231980401004504344e-01 5.346624081047328669e-01 5.001293131617012833e-01 4.317688712510885374e-01 2.336968896950284147e-01 5.936419956096511408e-01
3.637458880522189686e-01 7.347230889231123330e-01 6.774643098928823104e-01 5.869617353780033353e-01 4.393196515369415800e-01 7.287946001266647489e-01 5.224556013170820190e-01 4.314034876689948339e-01 4.324241815155274726e-01 1.517977072404690375e-01 6.372644886339375869e-01 4.227517313470340321e-01 1.180255410121818782e-01 6.522026634872115647e-01 3.571596929532283027e-01 4.687121906795970738e-01 2.611683287926761521e-01 4.768169422346876241e-01 0.000000000000000000e+00 8.331622079786276114e-01 7.729461102332998435e-01 7.248830418710928702e-01 6.782761151681551137e-01 5.542100174112540856e-02 3.447302853919198551e-02 4.338428304012325043e-01 8.992149393124992951e-02 6.461684063276234014e-01 5.300825459640331472e-01 2.391744497323162744e-01 3.259376203931325655e-01 7.039606599496420758e-01 4.215998723842382390e-01 6.014379240900040724e-01 8.450727443187613375e-01
3.785617382816068854e-01 5.496385374807826185e-01 7.669112863614320208e-01 2.918522171237591945e-01 6.532538504942626556e-01 8.562043003895001281e-01 5.207554438361593485e-01 5.021561101273233074e-01 2.005690599711741351e-01 1.298147607209994003e-01 3.705999367063860239e-01 5.814001603447657152e-01 6.334223335408541988e-01 3.598549627870468171e-01 1.046220755687642945e-01 4.593711031370121822e-01 5.415835882136714741e-01 4.407652047154539399e-01 8.331622079786276114e-01 0.000000000000000000e+00 4.479902133042709678e-01 3.980269626021321616e-01 2.831047398667114745e-01 9.848034160218797073e-01 7.602019372180164325e-01 3.572026982210286250e-01 8.580783346623424013e-01 5.065067023390450451e-01 7.156842297422030263e-01 1.609596590449033915e-01 2.504466025461689060e-01 2.960874983731828225e-01 4.152068605507004406e-01 1.920043337147708806e-01 8.948099276476673136e-01
8.608811207301958479e-02 5.207901769098171041e-01 5.659557351985404772e-01 1.630018648377105084e-01 7.891821948527546482e-01 6.743108716613092080e-01 6.887645190846756194e-01 3.710293869043483905e-01 9.590013086270401388e-01 1.169384695577535549e-01 4.329662698440034374e-01 4.186786117704486831e-01 7.612744514630387371e-01 5.598141686820281571e-01 6.568811130132441445e-01 5.986006257589471247e-01 4.042435155303776284e-01 7.877357894072574140e-01 7.729461102332998435e-01 4.479902133042709678e-01 0.000000000000000000e+00 4.549403413555330178e-01 8.075173085259721439e-01 9.010054252877106595e-01 5.210042342551763905e-01 7.210618384285157889e-01 6.780975184635036346e-01 4.252202833995497033e-01 6.593237694238534008e-01 1.372147125603865314e-01 6.460317150815566567e-01 4.210378596946546814e-01 5.490314748452034266e-01 1.766226848102446789e-01 3.707986249478655294e-01
7.285201782589708630e-01 7.405040964360034561e-01 5.887167289625747646e-01 4.388270390650831354e-01 1.917564682016860145e-01 4.627522493620785382e-01 4.742548267005626261e-01 4.667313695471601576e-01 7.884593527560878057e-01 3.703478235929030804e-01 1.334762508895630528e-01 5.796619905591682276e-01 5.207103667626926669e-01 1.737476933703442361e-01 4.138525690541082214e-01 5.474438946180686383e-01 8.481781853777244917e-01 6.869576448838146110e-01 7.248830418710928702e-01 3.980269626021321616e-01 4.549403413555330178e-01 0.000000000000000000e+00 7.560244182614769271e-01 3.156791413031305726e-01 8.663561096099222647e-01 3.046503504372252702e-01 2.657825005516792904e-01 7.627208811246690701e-01 7.653579606857293660e-01 5.370227539901174518e-01 7.067253902515473474e-01 1.480494293662434346e-01 7.610600529670363823e-01 4.208714417836259547e-01 8.665870946360216820e-01
2.131778833463118250e-01 6.460808406943705506e-01 3.644950631337348645e-01 2.491587492745013233e-01 4.621962494120427367e-01 8.324373776204812003e-01 4.805424640400176028e-01 3.970905670089757145e-01 1.441156543712571736e-01 7.191758473902020166e-01 7.482856153862871285e-01 5.961217514221728297e-01 3.091134477956108406e-01 7.553210836020805008e-01 4.040347192121712672e-01 6.897436200633474401e-01 8.773548319288947406e-01 4.744990444528425777e-01 6.782761151681551137e-01 2.831047398667114745e-01 8.075173085259721439e-01 7.560244182614769271e-01 0.000000000000000000e+00 3.925319172126185419e-01 9.026297762016928239e-01 4.906301202611167422e-01 5.905007614003143779e-01 6.137891526258030250e-01 3.863364698248750173e-02 4.464040859911791448e-01 7.806266498891327732e-01 3.784543407973896545e-01 4.174819519436810955e-01 5.522589451448214337e-01 3.591847536139612940e-01
4.514790233226939620e-01 2.899449436205567832e-01 8.884277134506175511e-01 2.686707616961837575e-01 4.889186754311169447e-01 6.803007996684701242e-01 5.907144781591506799e-01 8.657513590387140301e-01 1.936676879717057487e-01 2.294370378038560476e-01 3.951739572040045556e-01 6.454854998133201516e-01 5.922756423507817836e-01 3.126262773958877750e-01 4.793080281305040491e-01 5.723331669038267400e-01 1.075861848378349972e-01 7.937637238191368461e-01 5.542100174112540856e-02 9.848034160218797073e-01 9.010054252877106595e-01 3.156791413031305726e-01 3.925319172126185419e-01 0.000000000000000000e+00 1.606640206962034467e-01 4.992878423538413823e-01 8.750342059711484488e-01 7.815467314589603642e-01 5.647387990829535465e-01 5.121786195298627664e-01 3.749057517598535227e-01 7.260337776563616785e-01 4.726184126075041458e-01 9.528738065616135788e-01 2.333794215715462306e-01
4.056951685490093884e-01 6.607412643101021610e-01 4.880898385444387699e-01 8.102544394363878633e-01 4.577782664177875160e-01 5.048994313482424445e-01 3.786733835242288571e-01 5.294654227403350344e-01 8.604842926805205128e-01 7.936925397245632174e-01 4.670320612778329772e-01 7.732992795514822548e-01 7.979004188347631477e-01 6.292804895242329888e-01 4.257575268687173731e-01 7.817920801936515396e-01 4.631181668288038011e-01 6.956549805920964058e-01 3.447302853919198551e-02 7.602019372180164325e-01 5.210042342551763905e-01 8.663561096099222647e-01 9.026297762016928239e-01 1.606640206962034467e-01 0.000000000000000000e+00 8.109496317786276665e-01 7.726478146159423410e-01 4.618590637044686087e-01 2.541065803578137494e-01 2.254457308762447543e-01 8.657974656842619687e-01 7.103070015935335491e-01 7.337013179813539621e-01 3.454640740008697031e-01 8.476435313110016745e-01
1.490967639148349511e-01 1.747786391789386551e-01 7.768427102230848202e-01 7.915654074625877445e-01 3.903776397603408443e-01 5.590579089374676514e-01 5.642461467321671087e-01 9.444084871883831056e-01 4.312140376496166327e-01 1.470028900357038260e-01 8.417184820151314417e-01 8.252247642925660820e-01 4.438214531895369186e-01 7.516547429610781483e-01 6.469255755761127435e-01 6.971139309332317069e-01 5.079078467057154267e-01 6.483972488184877037e-01 4.338428304012325043e-01 3.572026982210286250e-01 7.210618384285157889e-01 3.046503504372252702e-01 4.906301202611167422e-01 4.992878423538413823e-01 8.109496317786276665e-01 0.000000000000000000e+00 6.789622373441369652e-01 4.564163570642715828e-01 6.897716872084254103e-01 6.110925717834796433e-01 1.833479047926230843e-01 6.212716376441322907e-01 4.155767442617525620e-01 8.125545138795882139e-01 1.050675898925830243e-01
9.007937269384556078e-01 2.628693194863961358e-01 7.722773139300482814e-01 7.807805226354791461e-01 5.444320753538109958e-01 5.825071080110058030e-01 3.978808734359708388e-01 6.142146424277847849e-01 7.212226368379253127e-01 5.721477254526130540e-01 7.618718412528567852e-01 4.001136670418677932e-01 8.814172912479854016e-01 9.100911009970916732e-01 4.865576246088469392e-01 6.771061382355914038e-01 8.503099040080412951e-01 6.307855093492136245e-01 8.992149393124992951e-02 8.580783346623424013e-01 6.780975184635036346e-01 2.657825005516792904e-01 5.905007614003143779e-01 8.750342059711484488e-01 7.726478146159423410e-01 6.789622373441369652e-01 0.000000000000000000e+00 2.760102321055675212e-01 4.309326581172660542e-01 1.577887220053533213e-01 2.651980305565825868e-01 7.846170572953832245e-01 6.820682893451399664e-01 4.697154544782308205e-01 3.588850720144241002e-01
3.727944141076424134e-01 9.140919995871246151e-01 1.883054307920977166e-01 5.524613683467431979e-01 5.868356574017450367e-01 9.128133178266728542e-01 9.502489581170542321e-01 7.656156913547911280e-01 7.522322967684874628e-01 7.007165530030224909e-01 4.070276869500623618e-01 4.177237689337269799e-01 2.144311468047016556e-01 6.920268251843166851e-01 6.387984509660364907e-01 4.299126784013838076e-01 7.193553489770507792e-01 8.137102437124090759e-01 6.461684063276234014e-01 5.065067023390450451e-01 4.252202833995497033e-01 7.627208811246690701e-01 6.137891526258030250e-01 7.815467314589603642e-01 4.618590637044686087e-01 4.564163570642715828e-01 2.760102321055675212e-01 0.000000000000000000e+00 9.326463286274422337e-01 5.716487807087401452e-01 9.769191806543300327e-01 7.591718131667258840e-01 7.974601595089872985e-01 7.671560621966502236e-01 7.046485711660800400e-01
9.210795044349704419e-01 4.708328588460751751e-01 4.522703108669985372e-01 3.119836301974026060e-01 7.160451549154047690e-01 8.880985710404339928e-01 4.665749482233199630e-01 7.810602137624418351e-01 2.683410878123872467e-01 5.964650758221368143e-02 2.538218685572178890e-01 6.715363148324338116e-02 7.623238634585211004e-01 5.244179575054661591e-01 8.352004403212480721e-01 5.697736431633294574e-01 8.037673740826991597e-01 4.034367628352896751e-01 5.300825459640331472e-01 7.156842297422030263e-01 6.593237694238534008e-01 7.653579606857293660e-01 3.863364698248750173e-02 5.647387990829535465e-01 2.541065803578137494e-01 6.897716872084254103e-01 4.309326581172660542e-01 9.326463286274422337e-01 0.000000000000000000e+00 3.232652517450074203e-02 6.788775008136660460e-01 5.569769077433847082e-01 4.084038763258596161e-01 4.750412352268819083e-01 7.285898896083808918e-01
2.983711490904561447e-02 5.891582555396633891e-01 5.191596619839786708e-01 8.637820750105389411e-01 4.270605315374352839e-01 5.252118328362900268e-01 9.272976786166242658e-01 7.297269510035296891e-01 4.465868198857805837e-01 6.121177254203211682e-01 7.178229412872010329e-01 6.621020003567866796e-01 3.560918105765081831e-01 6.913509848225721788e-01 7.266059578827726018e-01 2.989843609166658034e-01 5.503895410413341960e-01 6.231980401004504344e-01 2.391744497323162744e-01 1.609596590449033915e-01 1.372147125603865314e-01 5.370227539901174518e-01 4.464040859911791448e-01 5.121786195298627664e-01 2.254457308762447543e-01 6.110925717834796433e-01 1.577887220053533213e-01 5.716487807087401452e-01 3.232652517450074203e-02 0.000000000000000000e+00 5.503853901668196436e-01 6.253861737757687722e-01 7.199998789927418708e-01 7.861899750029380796e-01 7.240971796651816117e-01
4.564999035340172595e-01 5.009781343992101288e-01 4.212220636366272863e-01 3.082485929934267732e-01 6.233607992075701487e-01 2.408040462947894644e-01 5.147209230308663619e-01 6.447615387857635882e-01 6.029559843477043657e-01 6.842808746529263075e-01 4.541597248567889600e-01 8.339736693308235083e-01 5.881558294095881045e-01 3.640127986035779362e-01 4.877513993199056874e-01 3.898805785383691047e-01 7.498529052626504710e-01 5.346624081047328669e-01 3.259376203931325655e-01 2.504466025461689060e-01 6.460317150815566567e-01 7.067253902515473474e-01 7.806266498891327732e-01 3.749057517598535227e-01 8.657974656842619687e-01 1.833479047926230843e-01 2.651980305565825868e-01 9.769191806543300327e-01 6.788775008136660460e-01 5.503853901668196436e-01 0.000000000000000000e+00 5.887107445731201150e-01 5.919721795265417974e-01 7.954400562444027267e-01 4.634319883718310273e-01
8.403219959733936317e-01 7.366322567156748935e-01 2.457212253322370588e-01 6.290146262147033873e-02 6.129626079064208755e-01 4.872437519788687665e-01 8.699132772353647125e-01 6.055422962926343411e-01 1.023585104450336347e-01 7.992223811242546994e-01 5.501851568264967129e-01 8.094563651697337381e-01 6.316602472063583829e-01 4.279501031104231412e-01 8.529269538771423464e-01 8.279443942129939282e-01 7.580836929897254439e-01 5.001293131617012833e-01 7.039606599496420758e-01 2.960874983731828225e-01 4.210378596946546814e-01 1.480494293662434346e-01 3.784543407973896545e-01 7.260337776563616785e-01 7.103070015935335491e-01 6.212716376441322907e-01 7.846170572953832245e-01 7.591718131667258840e-01 5.569769077433847082e-01 6.253861737757687722e-01 5.887107445731201150e-01 0.000000000000000000e+00 4.827657964681342229e-01 8.998065067498761671e-01 6.987984138004563750e-01
4.064019943873309892e-01 7.629937804867282791e-01 4.378668456837708778e-02 4.116097780023861841e-01 1.419905938415625402e-01 8.993459768820522005e-01 2.254985807452462021e-01 7.958147683065804889e-01 5.960003057256721970e-01 9.612297770045478140e-01 5.461962694677384711e-01 9.729992525369843825e-01 8.259299772218560154e-01 4.257647944461649958e-01 3.688812967755092931e-01 8.388836302962442426e-01 4.065740839619320646e-01 4.317688712510885374e-01 4.215998723842382390e-01 4.152068605507004406e-01 5.490314748452034266e-01 7.610600529670363823e-01 4.174819519436810955e-01 4.726184126075041458e-01 7.337013179813539621e-01 4.155767442617525620e-01 6.820682893451399664e-01 7.974601595089872985e-01 4.084038763258596161e-01 7.199998789927418708e-01 5.919721795265417974e-01 4.827657964681342229e-01 0.000000000000000000e+00 4.314883833030285776e-01 3.851933367749957871e-01
7.289625889639717027e-01 9.256497035240118798e-01 6.357182064616573314e-01 2.522976628499751239e-01 8.187587180825169897e-01 6.658372446446259030e-01 7.758401694296011009e-01 7.111631095012649340e-01 7.834958956616449033e-01 4.487423632372347648e-01 5.094313001635252247e-01 8.880612752701565471e-01 8.971473557049969294e-02 1.083199722591382530e-01 2.241987944598756721e-01 6.136521117694371252e-01 5.142776910486912545e-01 2.336968896950284147e-01 6.014379240900040724e-01 1.920043337147708806e-01 1.766226848102446789e-01 4.208714417836259547e-01 5.522589451448214337e-01 9.528738065616135788e-01 3.454640740008697031e-01 8.125545138795882139e-01 4.697154544782308205e-01 7.671560621966502236e-01 4.750412352268819083e-01 7.861899750029380796e-01 7.954400562444027267e-01 8.998065067498761671e-01 4.314883833030285776e-01 0.000000000000000000e+00 4.059858403245854563e-01
7.221666285060481805e-01 4.621417992763231508e-01 6.743214975882269036e-01 7.375201224395695476e-01 1.166551563153329640e-01 3.157329481077496558e-01 3.532941751755787063e-01 6.127202407952974106e-01 5.632697909461819030e-01 6.505718463988638955e-01 7.595925366893420128e-01 7.537943359720866709e-01 4.346100991180377182e-01 4.070542253128621724e-01 4.068013276209446749e-01 9.601534718968413040e-01 3.201004662677210399e-01 5.936419956096511408e-01 8.450727443187613375e-01 8.948099276476673136e-01 3.707986249478655294e-01 8.665870946360216820e-01 3.591847536139612940e-01 2.333794215715462306e-01 8.476435313110016745e-01 1.050675898925830243e-01 3.588850720144241002e-01 7.046485711660800400e-01 7.285898896083808918e-01 7.240971796651816117e-01 4.634319883718310273e-01 6.987984138004563750e-01 3.851933367749957871e-01 4.059858403245854563e-01 0.000000000000000000e+00
