0.000000000000000000e+00 6.548857395480034427e-02 7.973933421782856135e-01 8.452366074021802067e-01 5.206635956013421218e-01 5.720239072129140734e-01 5.022762582925743846e-02 7.047670116669823015e-01 5.337924156748137250e-01 2.969157313251297170e-01 4.110035532701840633e-01 2.406211917714979887e-01 5.263544106421217394e-01 4.629120663264142399e-01 5.001445867313070170e-02 3.159505875917647533e-01 5.124064878567762271e-01 6.362297204804907569e-01 6.131493506935131732e-01 3.599241843038096245e-01 7.299452559484336245e-01 1.898086555025169098e-01 8.754046681254975537e-01 5.438764200294492479e-01 5.167641290172821922e-01 7.746422433248371098e-01 7.280663035302241681e-01 2.982772118227971503e-01 4.678119089472895231e-01 2.417811177535085232e-01 7.304714132633598478e-01 4.465205671585787406e-01 1.927401879341117397e-02 4.971872171999543455e-01 5.021233920945834539e-01
6.548857395480034427e-02 0.000000000000000000e+00 1.047671872921631109e-01 7.705363127812273616e-01 8.170776936888229924e-01 5.835246256076516147e-01 6.096609668313670571e-01 7.918595158658048305e-01 6.272357827892348636e-01 4.580152092625533466e-01 6.217275606869090421e-01 5.979633836922608747e-01 8.531843157118669252e-01 5.036980863244986395e-01 1.308046959704622925e-01 7.940020383051260566e-01 4.974483821435143338e-01 9.574413136349990694e-02 7.372731993803913753e-01 4.119225052249864127e-01 5.220228591232958237e-01 5.229378736646075332e-01 5.450628046533527726e-01 6.866585330765805351e-01 1.207419856778974010e-01 8.687461378677567847e-01 4.410924277056421650e-01 5.327190517943669601e-01 9.200499676749287481e-01 6.283507830055226062e-01 4.569084414668242444e-01 5.301234138772403792e-01 5.270445480148823192e-01 1.334183418784007369e-01 7.522683059583613607e-01
7.973933421782856135e-01 1.047671872921631109e-01 0.000000000000000000e+00 7.430361137562320195e-01 7.364101569167790240e-01 4.498342538927140866e-01 6.257273253489263887e-01 5.838570479372890976e-01 6.637998234532554998e-01 5.378201254507146700e-01 8.589572730900535413e-01 8.947610233028324700e-01 6.479070468148020456e-01 6.309976004354139745e-01 6.025512698489343677e-01 6.167097987226676237e-01 6.415616437319107135e-01 8.316877805253042322e-01 8.431928930010911261e-01 3.475577182892757855e-01 7.343064653761190996e-01 5.525578851425938520e-02 8.455607479527476045e-01 4.656166725125883143e-01 6.639258877984242080e-01 9.078686807796479963e-01 3.425939603838665248e-01 2.783579231009150612e-01 6.002858707472081834e-01 5.964196388522156056e-01 3.072160733383481057e-01 6.392229129144603172e-01 1.319248133290015224e-01 9.481236797362249114e-01 8.016378529832133282e-01
8.452366074021802067e-01 7.705363127812273616e-01 7.430361137562320195e-01 0.000000000000000000e+00 3.082160317254137305e-01 5.323906972721754727e-01 8.221968198686639973e-01 5.482722632336758384e-01 7.238899179834650255e-01 8.371278825389569800e-01 8.402634524271750394e-01 2.845029026410867967e-01 6.242420548751999032e-01 8.263537800590732285e-01 5.454203321690593853e-01 1.380783323695493614e-01 2.900623212344331514e-01 2.908957919670360770e-01 6.882531933164750537e-01 6.594609563783883077e-01 4.948482640012840106e-01 1.504777616926570305e-01 4.311325981139197960e-01 4.273502001288523866e-01 4.951810460344323594e-01 5.405892675199077679e-01 5.077641847183436141e-01 5.452535619570000325e-01 3.089016458371787732e-01 4.649003178876880971e-01 5.312795033068129502e-01 7.095881714324676626e-01 2.470502681943083090e-01 6.075544509254383607e-01 3.345313530699250970e-01
5.206635956013421218e-01 8.170776936888229924e-01 7.364101569167790240e-01 3.082160317254137305e-01 0.000000000000000000e+00 4.829279698119428033e-01 5.710822473311725211e-01 4.584603961660645988e-01 6.718731415809924279e-01 7.412628139260899474e-01 5.489185450869855654e-01 4.476136720764021248e-01 7.040824464083736967e-01 9.342459418074640087e-01 3.710423813917014813e-01 3.340923794133991431e-01 6.435874605183558028e-01 6.246878564957086821e-01 7.914558271860170358e-01 6.712173368755537384e-01 3.987038341771526051e-01 6.879778621150209883e-01 3.640119728884805284e-01 4.620552063721622416e-01 5.196332576348463572e-01 5.706675963429718168e-01 3.814006243262092477e-01 2.348911531367474659e-01 5.343944549810537570e-01 9.529502560544015344e-01 4.254250947032846009e-01 5.302154859257622865e-01 8.400117060335835495e-01 7.780795233927324528e-01 8.111233981642558266e-01
5.720239072129140734e-01 5.835246256076516147e-01 4.498342538927140866e-01 5.323906972721754727e-01 4.829279698119428033e-01 0.000000000000000000e+00 7.566922385833165787e-01 4.860236822690884306e-01 3.031520241451596265e-01 4.491817342354355036e-01 1.619780115233201423e-01 7.576729935909339853e-01 5.145931314569569537e-01 6.245965395811250431e-01 8.791359460852634644e-01 5.112469217931490117e-01 4.089278824007624991e-02 5.198667306644579877e-01 8.133123107497508553e-01 6.355311783928394576e-01 1.625702199277101467e-02 5.735518095546263684e-01 5.452788055488414498e-01 4.619108360231116706e-01 6.648223230785752502e-01 5.699087400227911271e-01 4.978987096057870265e-01 1.366236243656950844e-01 4.829906932392793451e-01 7.934786233454665938e-01 8.320819129113492529e-01 9.138671034000311888e-01 2.604391673004095575e-01 6.123208266667895527e-01 3.211449804534350916e-01
5.022762582925743846e-02 6.096609668313670571e-01 6.257273253489263887e-01 8.221968198686639973e-01 5.710822473311725211e-01 7.566922385833165787e-01 0.000000000000000000e+00 3.135585506651895615e-01 3.899989091875289415e-01 7.656779813150034197e-01 7.470142166505073789e-01 2.737533059087349230e-01 6.164728843280757875e-01 2.298429227925983254e-01 2.234854303730437475e-01 4.742057734984692630e-01 6.071999758290465010e-01 1.024007210004787005e-01 5.519467322291031763e-01 5.360348370173380061e-01 5.403421374807902966e-01 4.640894359428497928e-01 6.895878871858812653e-01 4.725536867290459631e-01 4.776292252112364634e-01 6.604898785577681952e-01 7.678502539527592985e-01 6.970652413450215690e-01 5.974967543098794742e-01 7.741357237651402823e-01 6.616173203343473919e-01 2.454913161352226814e-01 5.314907403707349598e-01 7.329892994962634578e-01 2.983330080911634763e-01
7.047670116669823015e-01 7.918595158658048305e-01 5.838570479372890976e-01 5.482722632336758384e-01 4.584603961660645988e-01 4.860236822690884306e-01 3.135585506651895615e-01 0.000000000000000000e+00 6.325368123006165355e-01 3.383159821715165938e-01 5.423537843447790996e-01 3.764993948978166971e-01 7.404819564809524968e-01 5.284627547290005056e-01 7.168103315454974478e-01 8.010122754159233471e-01 8.435961512581091615e-01 1.970175720344709003e-01 6.740014184173386269e-01 2.855298253344505377e-01 5.012668073556334480e-01 3.145865048310841350e-01 4.999326348055112557e-01 7.153599731630582159e-01 8.389043080216063153e-01 5.528109282543334224e-01 2.591367930308862699e-01 3.717589311087196036e-01 2.843364600956174160e-01 5.366231660720408581e-01 5.267177192557339627e-01 1.153539662331978244e-01 4.933552228114209681e-01 7.935829007046710792e-01 3.391947061531513929e-01
5.337924156748137250e-01 6.272357827892348636e-01 6.637998234532554998e-01 7.238899179834650255e-01 6.718731415809924279e-01 3.031520241451596265e-01 3.899989091875289415e-01 6.325368123006165355e-01 0.000000000000000000e+00 7.523451223800350363e-01 4.194333793574736569e-01 4.991279062545655454e-01 2.256097413532894835e-01 9.050743412092010498e-01 7.055231997413902167e-01 8.680491456770902392e-01 9.560587393490111996e-01 8.474664771046966916e-01 5.792300485721000314e-01 9.053419991434470404e-01 5.259194578195283132e-01 3.899303157276297060e-01 7.333116709879832218e-01 7.406269709799776502e-01 3.044587577686521662e-01 4.202674726887799528e-01 1.633120428293001192e-01 5.221941367792037880e-01 3.123954363166311365e-01 1.347398355597859698e-01 8.597514098918392911e-01 3.731859879307579675e-01 5.858863087574246453e-01 3.543203830607322136e-01 8.195228787911339463e-01
2.969157313251297170e-01 4.580152092625533466e-01 5.378201254507146700e-01 8.371278825389569800e-01 7.412628139260899474e-01 4.491817342354355036e-01 7.656779813150034197e-01 3.383159821715165938e-01 7.523451223800350363e-01 0.000000000000000000e+00 2.617690058445044654e-01 5.092903814082190284e-01 4.233915715871555130e-01 3.966394015910605919e-01 4.642879030450099975e-01 5.049549404007864783e-01 7.608799038031093254e-01 5.523256659050510553e-01 5.214036981911515101e-01 2.247467382629775301e-01 2.077122410052714141e-01 2.713906563329750998e-01 7.232719503288735918e-01 7.062236075994217099e-01 4.265803007306439021e-01 7.171933962417689212e-01 6.545320076726686143e-01 6.422602029527400003e-01 6.713731199039173481e-01 5.731839964740063076e-01 8.300787677700683931e-01 2.477096619863384808e-01 4.686750760771771773e-01 3.948417145035687525e-01 8.112061949284594675e-01
4.110035532701840633e-01 6.217275606869090421e-01 8.589572730900535413e-01 8.402634524271750394e-01 5.489185450869855654e-01 1.619780115233201423e-01 7.470142166505073789e-01 5.423537843447790996e-01 4.194333793574736569e-01 2.617690058445044654e-01 0.000000000000000000e+00 7.783431263255176091e-01 8.288357979749964022e-01 5.566075196717825690e-01 6.933382383079518263e-01 7.247501972967347328e-01 5.307383876360084463e-01 7.086096288272203392e-01 1.894781381943025367e-01 6.815264935412204128e-01 2.343785603297335873e-01 3.407350464229819687e-01 4.285378981149808864e-01 7.758139002724606659e-01 6.639151642104648143e-01 4.129690985583410745e-01 7.647325492073715481e-01 8.902743137567149523e-01 7.032123932246470144e-01 7.773963650687996108e-01 4.871973486208499016e-01 3.273228607355591624e-01 5.924619019320869207e-01 7.803529313123691580e-01 5.370303802159848150e-01
2.406211917714979887e-01 5.979633836922608747e-01 8.947610233028324700e-01 2.845029026410867967e-01 4.476136720764021248e-01 7.576729935909339853e-01 2.737533059087349230e-01 3.764993948978166971e-01 4.991279062545655454e-01 5.092903814082190284e-01 7.783431263255176091e-01 0.000000000000000000e+00 7.845157583218905772e-01 5.072292640041422551e-01 3.042663393144001138e-01 4.734497346932726725e-01 3.762346544629880940e-01 3.566697725173051947e-01 5.035858533468595688e-01 4.805028710764630562e-01 9.480352525448950685e-01 2.183137112507445021e-01 2.421501630659688709e-01 1.645347663405131167e-01 5.107280807631089381e-01 3.580716462287946156e-01 4.169710582931907550e-01 8.200702946736342369e-01 4.196751010456598596e-01 2.858686106846362041e-01 5.704515310605964284e-01 8.046612885484039079e-01 3.658236202210645160e-01 1.443726817439177079e-01 8.369156573374707531e-01
5.263544106421217394e-01 8.531843157118669252e-01 6.479070468148020456e-01 6.242420548751999032e-01 7.040824464083736967e-01 5.145931314569569537e-01 6.164728843280757875e-01 7.404819564809524968e-01 2.256097413532894835e-01 4.233915715871555130e-01 8.288357979749964022e-01 7.845157583218905772e-01 0.000000000000000000e+00 3.990923479982879107e-01 4.339237024762474526e-01 7.431021182588593010e-01 4.630641548601995283e-01 6.893860974009502485e-01 9.907896991022002720e-01 3.662737543456078271e-01 4.876369416935670831e-01 1.245431664018985529e-01 8.516175906660308215e-01 2.694813188123476588e-01 4.688449370864123944e-01 3.766109300043938846e-01 2.246402033701495882e-01 7.645490954230184100e-01 8.638984298343881374e-01 3.157475541851922918e-01 4.304626697070115249e-01 6.307640267348979535e-01 6.587871884470755113e-01 3.517118595291348071e-01 7.541594108552815978e-01
4.629120663264142399e-01 5.036980863244986395e-01 6.309976004354139745e-01 8.263537800590732285e-01 9.342459418074640087e-01 6.245965395811250431e-01 2.298429227925983254e-01 5.284627547290005056e-01 9.050743412092010498e-01 3.966394015910605919e-01 5.566075196717825690e-01 5.072292640041422551e-01 3.990923479982879107e-01 0.000000000000000000e+00 7.082064418867863864e-01 7.764001876185355755e-01 6.287671879287459742e-02 7.865971487918648197e-01 3.772168575207148211e-01 4.039132851698636895e-01 9.159078613627433807e-01 7.550310123612511415e-01 6.917046555441805911e-01 8.986619789066185859e-02 5.077047137546379929e-01 6.035921658504189713e-01 1.550022075253861820e-01 4.725958336269842075e-01 6.991108946501494170e-01 9.323110446388969130e-01 6.867687580654460167e-01 8.235410187266043458e-01 7.135075371218373430e-01 6.060313854191846650e-01 2.630605618661366885e-01
5.001445867313070170e-02 1.308046959704622925e-01 6.025512698489343677e-01 5.454203321690593853e-01 3.710423813917014813e-01 8.791359460852634644e-01 2.234854303730437475e-01 7.168103315454974478e-01 7.055231997413902167e-01 4.642879030450099975e-01 6.933382383079518263e-01 3.042663393144001138e-01 4.339237024762474526e-01 7.082064418867863864e-01 0.000000000000000000e+00 4.664087960919501841e-01 7.347682248576753450e-01 5.703920945327111136e-01 7.584274217673159235e-01 8.928709688189231386e-01 5.901443581986139941e-01 8.422105694861314884e-02 3.920609437768340921e-02 6.062023700942729132e-01 9.093339464288638929e-01 8.986041036834432338e-01 4.390943331245083514e-01 4.325294950606797251e-01 8.665920274094990328e-01 5.608537438860787816e-01 6.278127289772278408e-01 5.493252239515262758e-01 4.838412172524027000e-01 5.073833136577143854e-01 4.771616223422206482e-01
3.159505875917647533e-01 7.940020383051260566e-01 6.167097987226676237e-01 1.380783323695493614e-01 3.340923794133991431e-01 5.112469217931490117e-01 4.742057734984692630e-01 8.010122754159233471e-01 8.680491456770902392e-01 5.049549404007864783e-01 7.247501972967347328e-01 4.734497346932726725e-01 7.431021182588593010e-01 7.764001876185355755e-01 4.664087960919501841e-01 0.000000000000000000e+00 2.718962964216466438e-01 8.210827883745974720e-01 6.396679795270039381e-01 7.424212050428720122e-01 1.804025690489622358e-01 3.157952361541348507e-01 6.964731498580393199e-01 4.087712952563706259e-01 4.601506684738627673e-01 8.234536479685294896e-01 5.252693158556313024e-01 6.279464572256632238e-01 7.309233992902961496e-01 8.479177262812910287e-01 6.798292065518083405e-01 3.430076537254923563e-01 6.934155514728796987e-01 3.212684339188869309e-01 6.766315040230455047e-01
5.124064878567762271e-01 4.974483821435143338e-01 6.415616437319107135e-01 2.900623212344331514e-01 6.435874605183558028e-01 4.089278824007624991e-02 6.071999758290465010e-01 8.435961512581091615e-01 9.560587393490111996e-01 7.608799038031093254e-01 5.307383876360084463e-01 3.762346544629880940e-01 4.630641548601995283e-01 6.287671879287459742e-02 7.347682248576753450e-01 2.718962964216466438e-01 0.000000000000000000e+00 8.002880946024423237e-01 5.268705193093261574e-01 1.445231105339869204e-01 6.099437070810216355e-01 5.480882742709879407e-01 5.108533813067483997e-01 7.145909903934746232e-01 5.917344390326549908e-01 3.215935452388175575e-01 4.193718307879558127e-01 4.824843500218523040e-01 3.939617836000059992e-01 6.734148590935120637e-01 4.672399999687749661e-01 4.928140206368844534e-01 6.174621974817177117e-01 7.502024253162700163e-01 7.652315458512755075e-01
6.362297204804907569e-01 9.574413136349990694e-02 8.316877805253042322e-01 2.908957919670360770e-01 6.246878564957086821e-01 5.198667306644579877e-01 1.024007210004787005e-01 1.970175720344709003e-01 8.474664771046966916e-01 5.523256659050510553e-01 7.086096288272203392e-01 3.566697725173051947e-01 6.893860974009502485e-01 7.865971487918648197e-01 5.703920945327111136e-01 8.210827883745974720e-01 8.002880946024423237e-01 0.000000000000000000e+00 7.518899685095352670e-01 7.903951475020772888e-01 6.581284308808518224e-01 2.027611974647360316e-01 2.862634133312365048e-01 3.987137161415674202e-01 3.841404290561514223e-01 8.130200399030484970e-01 9.308544132009156646e-01 4.758585044923722140e-01 4.457453084659987463e-01 5.270115726590351990e-01 7.439713059970614051e-01 5.921233031488388754e-01 1.046748008370768090e-01 9.222810945610202538e-01 5.171830838594886348e-01
6.131493506935131732e-01 7.372731993803913753e-01 8.431928930010911261e-01 6.882531933164750537e-01 7.914558271860170358e-01 8.133123107497508553e-01 5.519467322291031763e-01 6.740014184173386269e-01 5.792300485721000314e-01 5.214036981911515101e-01 1.894781381943025367e-01 5.035858533468595688e-01 9.907896991022002720e-01 3.772168575207148211e-01 7.584274217673159235e-01 6.396679795270039381e-01 5.268705193093261574e-01 7.518899685095352670e-01 0.000000000000000000e+00 7.214801627794187322e-01 6.231755133175727046e-01 8.912468118909989689e-01 4.109558785787328916e-01 5.169084927049515388e-01 7.986416500431952059e-01 4.719246105910017697e-01 7.062250856957231759e-01 3.351637042809676448e-01 4.997472239637937297e-01 4.109551201495602046e-01 2.913093962816689642e-01 4.866973492763379538e-01 5.398656288654468671e-01 7.046498454700600433e-01 6.610755326145627553e-01
3.599241843038096245e-01 4.119225052249864127e-01 3.475577182892757855e-01 6.594609563783883077e-01 6.712173368755537384e-01 6.355311783928394576e-01 5.360348370173380061e-01 2.855298253344505377e-01 9.053419991434470404e-01 2.247467382629775301e-01 6.815264935412204128e-01 4.805028710764630562e-01 3.662737543456078271e-01 4.039132851698636895e-01 8.928709688189231386e-01 7.424212050428720122e-01 1.445231105339869204e-01 7.903951475020772888e-01 7.214801627794187322e-01 0.000000000000000000e+00 8.103898554791364450e-01 3.648402277132910543e-01 5.196982860226941892e-01 4.968316682392723838e-01 6.589289225976350250e-01 5.034831964603859733e-01 6.766646617187306312e-01 3.698907818568251127e-01 3.952588247974263003e-01 6.032682923853331936e-01 4.140835920940982295e-01 6.720704500239746970e-01 4.316368783667354214e-01 5.779912592802725069e-01 8.658309080796624535e-01
7.299452559484336245e-01 5.220228591232958237e-01 7.343064653761190996e-01 4.948482640012840106e-01 3.987038341771526051e-01 1.625702199277101467e-02 5.403421374807902966e-01 5.012668073556334480e-01 5.259194578195283132e-01 2.077122410052714141e-01 2.343785603297335873e-01 9.480352525448950685e-01 4.876369416935670831e-01 9.159078613627433807e-01 5.901443581986139941e-01 1.804025690489622358e-01 6.099437070810216355e-01 6.581284308808518224e-01 6.231755133175727046e-01 8.103898554791364450e-01 0.000000000000000000e+00 8.960328634493999189e-01 6.437499832601111249e-01 4.481547618893452767e-01 5.892750999189024785e-01 4.951175112496871700e-01 1.254033823463148734e-01 8.890080875794968973e-01 4.959988454180696005e-01 3.347403977011013110e-01 4.814982766139199177e-01 6.365327983276504176e-01 6.118403229870787996e-01 5.681000599547969543e-02 6.869078602357889807e-01
1.898086555025169098e-01 5.229378736646075332e-01 5.525578851425938520e-02 1.504777616926570305e-01 6.879778621150209883e-01 5.735518095546263684e-01 4.640894359428497928e-01 3.145865048310841350e-01 3.899303157276297060e-01 2.713906563329750998e-01 3.407350464229819687e-01 2.183137112507445021e-01 1.245431664018985529e-01 7.550310123612511415e-01 8.422105694861314884e-02 3.157952361541348507e-01 5.480882742709879407e-01 2.027611974647360316e-01 8.912468118909989689e-01 3.648402277132910543e-01 8.960328634493999189e-01 0.000000000000000000e+00 2.566656461756363639e-01 7.849572750716296010e-01 6.736914857344116214e-01 9.928734867853343804e-01 5.982126114286747676e-01 2.277852470044570421e-01 5.330679700755428518e-01 6.968049025216791481e-01 2.763579985479133194e-01 6.531554037692129944e-01 3.804326172467775713e-02 5.016082247810722539e-01 1.550117463982607635e-01
8.754046681254975537e-01 5.450628046533527726e-01 8.455607479527476045e-01 4.311325981139197960e-01 3.640119728884805284e-01 5.452788055488414498e-01 6.895878871858812653e-01 4.999326348055112557e-01 7.333116709879832218e-01 7.232719503288735918e-01 4.285378981149808864e-01 2.421501630659688709e-01 8.516175906660308215e-01 6.917046555441805911e-01 3.920609437768340921e-02 6.964731498580393199e-01 5.108533813067483997e-01 2.862634133312365048e-01 4.109558785787328916e-01 5.196982860226941892e-01 6.437499832601111249e-01 2.566656461756363639e-01 0.000000000000000000e+00 6.269609116786823977e-01 5.808741954522569362e-01 5.335820425502848519e-01 4.461405898157549399e-01 3.746359003025654943e-01 5.806483556850500216e-01 9.138390352708541942e-01 4.609737932710744612e-01 7.250028713637612920e-01 6.951509934774424693e-01 1.465841005349328707e-01 6.599007111105696932e-01
5.438764200294492479e-01 6.866585330765805351e-01 4.656166725125883143e-01 4.273502001288523866e-01 4.620552063721622416e-01 4.619108360231116706e-01 4.725536867290459631e-01 7.153599731630582159e-01 7.406269709799776502e-01 7.062236075994217099e-01 7.758139002724606659e-01 1.645347663405131167e-01 2.694813188123476588e-01 8.986619789066185859e-02 6.062023700942729132e-01 4.087712952563706259e-01 7.145909903934746232e-01 3.987137161415674202e-01 5.169084927049515388e-01 4.968316682392723838e-01 4.481547618893452767e-01 7.849572750716296010e-01 6.269609116786823977e-01 0.000000000000000000e+00 4.588877352824748401e-01 4.673373379842020725e-01 4.414686974354299354e-01 8.394556352271872468e-01 3.768465242039654717e-01 1.116080375872171571e-01 8.725866080621026422e-01 6.681837516164754742e-01 9.309901712886943237e-01 4.026610813761178909e-01 5.786748367539855664e-01
5.167641290172821922e-01 1.207419856778974010e-01 6.639258877984242080e-01 4.951810460344323594e-01 5.196332576348463572e-01 6.648223230785752502e-01 4.776292252112364634e-01 8.389043080216063153e-01 3.044587577686521662e-01 4.265803007306439021e-01 6.639151642104648143e-01 5.107280807631089381e-01 4.688449370864123944e-01 5.077047137546379929e-01 9.093339464288638929e-01 4.601506684738627673e-01 5.917344390326549908e-01 3.841404290561514223e-01 7.986416500431952059e-01 6.589289225976350250e-01 5.892750999189024785e-01 6.736914857344116214e-01 5.808741954522569362e-01 4.588877352824748401e-01 0.000000000000000000e+00 1.260537124119660568e-01 9.364772383143116219e-02 6.647848776744194055e-01 8.724288959042338920e-01 3.067644699051078616e-01 5.028352068392893948e-01 3.338551043552691056e-01 5.169597129740193253e-01 8.368190798463198687e-01 8.802295866365092980e-01
7.746422433248371098e-01 8.687461378677567847e-01 9.078686807796479963e-01 5.405892675199077679e-01 5.706675963429718168e-01 5.699087400227911271e-01 6.604898785577681952e-01 5.528109282543334224e-01 4.202674726887799528e-01 7.171933962417689212e-01 4.129690985583410745e-01 3.580716462287946156e-01 3.766109300043938846e-01 6.035921658504189713e-01 8.986041036834432338e-01 8.234536479685294896e-01 3.215935452388175575e-01 8.130200399030484970e-01 4.719246105910017697e-01 5.034831964603859733e-01 4.951175112496871700e-01 9.928734867853343804e-01 5.335820425502848519e-01 4.673373379842020725e-01 1.260537124119660568e-01 0.000000000000000000e+00 5.899588079687724251e-01 4.410050692328193467e-01 3.959705199544972798e-01 2.342293071009323713e-01 9.479412260546927760e-01 6.288643335363438558e-01 8.445969676735873843e-01 9.138667141284311235e-01 3.585151577035584070e-01
7.280663035302241681e-01 4.410924277056421650e-01 3.425939603838665248e-01 5.077641847183436141e-01 3.814006243262092477e-01 4.978987096057870265e-01 7.678502539527592985e-01 2.591367930308862699e-01 1.633120428293001192e-01 6.545320076726686143e-01 7.647325492073715481e-01 4.169710582931907550e-01 2.246402033701495882e-01 1.550022075253861820e-01 4.390943331245083514e-01 5.252693158556313024e-01 4.193718307879558127e-01 9.308544132009156646e-01 7.062250856957231759e-01 6.766646617187306312e-01 1.254033823463148734e-01 5.982126114286747676e-01 4.461405898157549399e-01 4.414686974354299354e-01 9.364772383143116219e-02 5.899588079687724251e-01 0.000000000000000000e+00 4.697384606158344078e-01 1.453982059787288783e-01 4.453601784629754867e-01 4.979213169481873091e-01 8.504313783697907692e-01 3.950141354729768128e-01 8.710155926242127977e-01 6.376222577380141754e-01
2.982772118227971503e-01 5.327190517943669601e-01 2.783579231009150612e-01 5.452535619570000325e-01 2.348911531367474659e-01 1.366236243656950844e-01 6.970652413450215690e-01 3.717589311087196036e-01 5.221941367792037880e-01 6.422602029527400003e-01 8.902743137567149523e-01 8.200702946736342369e-01 7.645490954230184100e-01 4.725958336269842075e-01 4.325294950606797251e-01 6.279464572256632238e-01 4.824843500218523040e-01 4.758585044923722140e-01 3.351637042809676448e-01 3.698907818568251127e-01 8.890080875794968973e-01 2.277852470044570421e-01 3.746359003025654943e-01 8.394556352271872468e-01 6.647848776744194055e-01 4.410050692328193467e-01 4.697384606158344078e-01 0.000000000000000000e+00 4.622635344237044364e-01 7.803679835857038061e-01 4.042402142594725967e-01 5.760060036770002778e-01 7.110112088462799962e-01 2.361927536055581922e-01 2.331288419957024405e-01
4.678119089472895231e-01 9.200499676749287481e-01 6.002858707472081834e-01 3.089016458371787732e-01 5.343944549810537570e-01 4.829906932392793451e-01 5.974967543098794742e-01 2.843364600956174160e-01 3.123954363166311365e-01 6.713731199039173481e-01 7.032123932246470144e-01 4.196751010456598596e-01 8.638984298343881374e-01 6.991108946501494170e-01 8.665920274094990328e-01 7.309233992902961496e-01 3.939617836000059992e-01 4.457453084659987463e-01 4.997472239637937297e-01 3.952588247974263003e-01 4.959988454180696005e-01 5.330679700755428518e-01 5.806483556850500216e-01 3.768465242039654717e-01 8.724288959042338920e-01 3.959705199544972798e-01 1.453982059787288783e-01 4.622635344237044364e-01 0.000000000000000000e+00 6.694918421945783571e-01 2.994720400569551577e-01 6.721864700337717435e-01 1.571504397948096932e-01 3.668725156843510860e-01 7.696972925742420202e-01
2.417811177535085232e-01 6.283507830055226062e-01 5.964196388522156056e-01 4.649003178876880971e-01 9.529502560544015344e-01 7.934786233454665938e-01 7.741357237651402823e-01 5.366231660720408581e-01 1.347398355597859698e-01 5.731839964740063076e-01 7.773963650687996108e-01 2.858686106846362041e-01 3.157475541851922918e-01 9.323110446388969130e-01 5.608537438860787816e-01 8.479177262812910287e-01 6.734148590935120637e-01 5.270115726590351990e-01 4.109551201495602046e-01 6.032682923853331936e-01 3.347403977011013110e-01 6.968049025216791481e-01 9.138390352708541942e-01 1.116080375872171571e-01 3.067644699051078616e-01 2.342293071009323713e-01 4.453601784629754867e-01 7.803679835857038061e-01 6.694918421945783571e-01 0.000000000000000000e+00 1.896939061869221677e-01 1.342910246163351307e-01 8.914462235543025859e-01 6.972046767746862272e-01 6.112449544124231027e-01
7.304714132633598478e-01 4.569084414668242444e-01 3.072160733383481057e-01 5.312795033068129502e-01 4.254250947032846009e-01 8.320819129113492529e-01 6.616173203343473919e-01 5.267177192557339627e-01 8.597514098918392911e-01 8.300787677700683931e-01 4.871973486208499016e-01 5.704515310605964284e-01 4.304626697070115249e-01 6.867687580654460167e-01 6.278127289772278408e-01 6.798292065518083405e-01 4.672399999687749661e-01 7.439713059970614051e-01 2.913093962816689642e-01 4.140835920940982295e-01 4.814982766139199177e-01 2.763579985479133194e-01 4.609737932710744612e-01 8.725866080621026422e-01 5.028352068392893948e-01 9.479412260546927760e-01 4.979213169481873091e-01 4.042402142594725967e-01 2.994720400569551577e-01 1.896939061869221677e-01 0.000000000000000000e+00 6.098090724446014743e-01 7.139781467720756059e-01 9.414306966838281721e-02 6.138889905013829029e-01
4.465205671585787406e-01 5.301234138772403792e-01 6.392229129144603172e-01 7.095881714324676626e-01 5.302154859257622865e-01 9.138671034000311888e-01 2.454913161352226814e-01 1.153539662331978244e-01 3.731859879307579675e-01 2.477096619863384808e-01 3.273228607355591624e-01 8.046612885484039079e-01 6.307640267348979535e-01 8.235410187266043458e-01 5.493252239515262758e-01 3.430076537254923563e-01 4.928140206368844534e-01 5.921233031488388754e-01 4.866973492763379538e-01 6.720704500239746970e-01 6.365327983276504176e-01 6.531554037692129944e-01 7.250028713637612920e-01 6.681837516164754742e-01 3.338551043552691056e-01 6.288643335363438558e-01 8.504313783697907692e-01 5.760060036770002778e-01 6.721864700337717435e-01 1.342910246163351307e-01 6.098090724446014743e-01 0.000000000000000000e+00 4.592470601752473014e-01 5.099520581459831003e-01 8.750037032202274689e-01
1.927401879341117397e-02 5.270445480148823192e-01 1.319248133290015224e-01 2.470502681943083090e-01 8.400117060335835495e-01 2.604391673004095575e-01 5.314907403707349598e-01 4.933552228114209681e-01 5.858863087574246453e-01 4.686750760771771773e-01 5.924619019320869207e-01 3.658236202210645160e-01 6.587871884470755113e-01 7.135075371218373430e-01 4.838412172524027000e-01 6.934155514728796987e-01 6.174621974817177117e-01 1.046748008370768090e-01 5.398656288654468671e-01 4.316368783667354214e-01 6.118403229870787996e-01 3.804326172467775713e-02 6.951509934774424693e-01 9.309901712886943237e-01 5.169597129740193253e-01 8.445969676735873843e-01 3.950141354729768128e-01 7.110112088462799962e-01 1.571504397948096932e-01 8.914462235543025859e-01 7.139781467720756059e-01 4.592470601752473014e-01 0.000000000000000000e+00 4.726260364231161804e-01 3.817076217490209533e-01
4.971872171999543455e-01 1.334183418784007369e-01 9.481236797362249114e-01 6.075544509254383607e-01 7.780795233927324528e-01 6.123208266667895527e-01 7.329892994962634578e-01 7.935829007046710792e-01 3.543203830607322136e-01 3.948417145035687525e-01 7.803529313123691580e-01 1.443726817439177079e-01 3.517118595291348071e-01 6.060313854191846650e-01 5.073833136577143854e-01 3.212684339188869309e-01 7.502024253162700163e-01 9.222810945610202538e-01 7.046498454700600433e-01 5.779912592802725069e-01 5.681000599547969543e-02 5.016082247810722539e-01 1.465841005349328707e-01 4.026610813761178909e-01 8.368190798463198687e-01 9.138667141284311235e-01 8.710155926242127977e-01 2.361927536055581922e-01 3.668725156843510860e-01 6.972046767746862272e-01 9.414306966838281721e-02 5.099520581459831003e-01 4.726260364231161804e-01 0.000000000000000000e+00 7.972679201853232200e-01
5.021233920945834539e-01 7.522683059583613607e-01 8.016378529832133282e-01 3.345313530699250970e-01 8.111233981642558266e-01 3.211449804534350916e-01 2.983330080911634763e-01 3.391947061531513929e-01 8.195228787911339463e-01 8.112061949284594675e-01 5.370303802159848150e-01 8.369156573374707531e-01 7.541594108552815978e-01 2.630605618661366885e-01 4.771616223422206482e-01 6.766315040230455047e-01 7.652315458512755075e-01 5.171830838594886348e-01 6.610755326145627553e-01 8.658309080796624535e-01 6.869078602357889807e-01 1.550117463982607635e-01 6.599007111105696932e-01 5.786748367539855664e-01 8.802295866365092980e-01 3.585151577035584070e-01 6.376222577380141754e-01 2.331288419957024405e-01 7.696972925742420202e-01 6.112449544124231027e-01 6.138889905013829029e-01 8.750037032202274689e-01 3.817076217490209533e-01 7.972679201853232200e-01 0.000000000000000000e+00
