0.000000000000000000e+00 6.524952329650032246e-01 6.838861020567248428e-01 3.416082057444153608e-01 2.274525085529310875e-01 5.313017284094861958e-01 5.768415446361989662e-01 2.603110838329273369e-01 6.087546705598987362e-01 2.284137184512228247e-01 9.840141143318135164e-01 9.509633726608657245e-01 8.219061938043661364e-01 9.044413234142578695e-01 8.396683693892081912e-01 5.561616947231846630e-01 3.944103526936176829e-01 7.912947961808511899e-01 4.613012963069719197e-01 8.869380094977450391e-01 4.213215285363541840e-01 7.902387762536664528e-01 5.601077170287134255e-01 6.100706455552892260e-01 6.061337723526322163e-01 8.069737297898158523e-01 7.351672402137265916e-01 4.109558740818883837e-01 9.742343761750256181e-01 5.287637529588264940e-01 5.368497257064133166e-01 1.705607075720713128e-01 4.869967174998122705e-01 5.622758469189518271e-01 5.973125273931956247e-01
6.524952329650032246e-01 0.000000000000000000e+00 1.386489057014146375e-01 6.567588775302146686e-01 4.984873884224250151e-01 5.640067292782930952e-01 3.589460026861226449e-01 2.498143219882232313e-01 2.456214982582222150e-01 9.954472439147008522e-01 4.075672173877086246e-01 7.512429857705779090e-01 7.968568341329539395e-01 5.731306499793580311e-01 3.322795201668696241e-01 8.135641602403405059e-01 5.245167984184517795e-01 2.866860839282511786e-01 4.197496306161744850e-01 8.647598640707871986e-01 4.041999149683819237e-01 5.893637705473293575e-01 8.289680488557449323e-01 9.416826338736294932e-02 3.172835816667899378e-01 5.317600614872186604e-01 6.426871721720039954e-01 1.906809038927665956e-01 4.420318741404847818e-01 4.156080273501355227e-01 6.664168069121906290e-01 4.970324629310706732e-01 4.218853579940230469e-01 5.143241418623365480e-01 5.297864589633519694e-01
6.838861020567248428e-01 1.386489057014146375e-01 0.000000000000000000e+00 5.907936221577632097e-01 5.311436450690039113e-01 4.053657292471382068e-01 6.013727120069950471e-01 6.572400555513917553e-01 6.829182290530593225e-01 8.492358000512194582e-01 9.094105530539353666e-01 3.481302908250583084e-01 5.064305003499598445e-01 2.565586825789004100e-01 7.031244777922533995e-01 4.873859752582232474e-01 4.805214726537759273e-01 5.713772544982829160e-01 8.901569546450096571e-01 9.260770065855250532e-02 7.350629516707396505e-01 2.386146249667197572e-01 3.146535845351037253e-01 3.417848825191530659e-01 3.478657376377785049e-01 7.799431239391474424e-01 8.190271849431194351e-01 7.862675191941688180e-01 6.008310607382620905e-01 4.358691682053767447e-01 5.175391305245922169e-01 5.213856622781366523e-01 4.694905550676941597e-01 8.477352080861059180e-01 2.800849888153646994e-01
3.416082057444153608e-01 6.567588775302146686e-01 5.907936221577632097e-01 0.000000000000000000e+00 8.454767834067385968e-01 4.451194278248177816e-01 5.654791447075107058e-01 4.200719005240189929e-01 7.714348139257228842e-01 9.446092569408233164e-01 4.936142141443559117e-01 6.976442714230810527e-01 1.692893731367374199e-01 7.960469755002772541e-01 9.578992524872897985e-02 3.756249255932397890e-01 7.831151294582456845e-01 8.612752850449587605e-01 3.698764341889594354e-01 4.000190654558757331e-01 5.113272232573990994e-01 3.078313265698166545e-01 3.335263346115103777e-01 7.597207675343728983e-01 7.124494511021544074e-01 3.872430436404139531e-02 5.927246686629674688e-01 4.093260353001044738e-01 1.897081921116583469e-02 3.707445354594385289e-01 3.459529421093174850e-01 4.737233147868408212e-01 3.809685910446412027e-01 3.980070626111762988e-01 9.674653433240916200e-01
2.274525085529310875e-01 4.984873884224250151e-01 5.311436450690039113e-01 8.454767834067385968e-01 0.000000000000000000e+00 4.092704106398377673e-01 6.031674503415912492e-01 4.180675600084696741e-01 4.857303787396361483e-01 7.015758821229796105e-01 1.735975200230936988e-01 5.754813870576168666e-01 3.324366659981120575e-01 6.027376470208569703e-01 2.579065871962051282e-01 5.446507296800590092e-01 3.923554731620174651e-01 3.922269719796186438e-01 3.159734164067679596e-01 1.761583379440438968e-01 7.049416754260917628e-01 7.093439425828284017e-01 1.467942749899703303e-01 6.219539396852562518e-01 6.417370593569711179e-01 6.431968603884323787e-01 8.649575638405059275e-01 1.214432128434373981e-01 8.157596878813098140e-01 4.593445992682195222e-01 3.793924197376261076e-01 8.169419522187215676e-01 7.030363583445793374e-01 6.568664184969016384e-01 7.936531734137728389e-01
5.313017284094861958e-01 5.640067292782930952e-01 4.053657292471382068e-01 4.451194278248177816e-01 4.092704106398377673e-01 0.000000000000000000e+00 5.325532145504201509e-01 3.924754094454097064e-02 2.836199058831672115e-01 8.875365714986824806e-01 5.412135087881986273e-01 8.654871193802866625e-01 4.873276639501749607e-01 5.335475041149764230e-01 5.379160990392787278e-01 1.278142188546252944e-01 5.770696368303236401e-01 6.654573611919154530e-01 3.522861555091908459e-01 6.751490321841882025e-01 5.683950144556200179e-01 3.115048174517379698e-01 9.039233672243018880e-01 4.500722246604548782e-01 7.437760335401893963e-01 5.276487659106394723e-01 5.744318817227809237e-01 3.542727261393917582e-01 3.989569858415273895e-01 6.227027169706079723e-01 4.279884190630452445e-01 4.985978621478796002e-01 6.469857222937916985e-01 5.186534024058297998e-01 4.504413814390461623e-01
5.768415446361989662e-01 3.589460026861226449e-01 6.013727120069950471e-01 5.654791447075107058e-01 6.031674503415912492e-01 5.325532145504201509e-01 0.000000000000000000e+00 7.832277593090225531e-01 5.214657446279256092e-01 4.453574685701565672e-01 2.659271377448221840e-01 1.978997205003519833e-01 6.918918846942443412e-01 4.085786832811177383e-01 6.012281384728292988e-01 5.732367859385123499e-01 9.314178486117739020e-01 4.098186073648957262e-01 5.421246813267363018e-01 6.995660873729081519e-01 1.155654028534225386e-01 5.228639337599441106e-01 8.121744074062706709e-01 5.345356726734294961e-01 7.873626927497449079e-01 8.991841520129357779e-01 5.442994141238756134e-01 4.938278977737058928e-01 2.701500486034836834e-01 3.988658156820216183e-01 7.357143496865581334e-01 9.490334683080481337e-02 3.829485490611423959e-01 2.181296197355948041e-01 4.319554356652065552e-01
2.603110838329273369e-01 2.498143219882232313e-01 6.572400555513917553e-01 4.200719005240189929e-01 4.180675600084696741e-01 3.924754094454097064e-02 7.832277593090225531e-01 0.000000000000000000e+00 8.273814777989070279e-01 9.187539802070009420e-01 7.888954855437688707e-01 5.896678676693035692e-01 1.894101674847122885e-01 7.160153497003676204e-01 6.881765136637114644e-01 4.478922060807926098e-01 4.910602875541116297e-01 5.685536707570819637e-01 1.967573103115295430e-01 7.054238954691803842e-01 2.046091442609820898e-01 9.206452758139099801e-01 5.153409343368167139e-01 4.959554424874943468e-01 2.059104917529097634e-01 5.344923315540582864e-01 3.268387470671424433e-01 4.682779872902815277e-01 4.298570429172426377e-01 9.057579943086718766e-02 4.791351417129174894e-01 6.682298013853276153e-01 2.712282638342303209e-01 8.605145103550926322e-01 5.343544892643512512e-01
6.087546705598987362e-01 2.456214982582222150e-01 6.829182290530593225e-01 7.714348139257228842e-01 4.857303787396361483e-01 2.836199058831672115e-01 5.214657446279256092e-01 8.273814777989070279e-01 0.000000000000000000e+00 3.063088566819445191e-01 3.727844453194982255e-01 4.947992256584821669e-01 4.080765380373195805e-01 3.234258159583086600e-01 4.872137098844828706e-01 7.776799181641262937e-01 4.917276786934140498e-01 5.930995953633300122e-01 3.818985482710703927e-01 3.436741708723918265e-01 7.690349152391821042e-01 2.059453715382535410e-01 5.267654008372792962e-01 6.896710837541679684e-01 4.153242002519876852e-01 8.141768842102354853e-01 3.852877151948784773e-01 6.487966066340518090e-01 5.440629335324478344e-01 4.389692382544402305e-01 6.478834485752362760e-01 4.802682525016888082e-01 4.700420442949389543e-01 1.723068266431978524e-01 8.025832980291265351e-01
2.284137184512228247e-01 9.954472439147008522e-01 8.492358000512194582e-01 9.446092569408233164e-01 7.015758821229796105e-01 8.875365714986824806e-01 4.453574685701565672e-01 9.187539802070009420e-01 3.063088566819445191e-01 0.000000000000000000e+00 5.697087179392656964e-01 5.130837129103582583e-01 7.202888760137533541e-01 3.943418075767970432e-01 5.121726150208754103e-01 6.145356565667801085e-01 3.661699203585234708e-01 4.885729472472227219e-01 3.973613879141138505e-01 6.762043669541859536e-01 4.308930552988264329e-01 5.553348753326157183e-01 8.515114148599860489e-01 8.438971003402631066e-01 6.875191049387232578e-01 5.540363240727210759e-01 5.972555019231235995e-01 5.330585224710793213e-01 5.962653883282726941e-01 8.242183838639904891e-02 7.625319026918939702e-01 1.139819283534903027e-01 3.132289732701277196e-01 8.436237928916626716e-01 7.393300022757336443e-01
9.840141143318135164e-01 4.075672173877086246e-01 9.094105530539353666e-01 4.936142141443559117e-01 1.735975200230936988e-01 5.412135087881986273e-01 2.659271377448221840e-01 7.888954855437688707e-01 3.727844453194982255e-01 5.697087179392656964e-01 0.000000000000000000e+00 5.389604201276727569e-01 3.714815700389516584e-01 7.692213492221948723e-01 6.986419052377805805e-01 6.188989091879174564e-01 7.152430078928784241e-01 3.950279965727734321e-01 4.496550002938257684e-01 7.800369561289873799e-01 9.204467210634175167e-01 3.323722409943676848e-01 5.732735031470395093e-01 3.857507832822256177e-01 6.316930906481936780e-01 7.485126334078919808e-01 4.626427014245055314e-01 6.587525090815430362e-01 5.356799350039028740e-01 8.987824447415782014e-01 3.529637689074853757e-01 8.698841767994827112e-01 6.244259060565606756e-01 8.148786058022796652e-01 7.336205022269042253e-01
9.509633726608657245e-01 7.512429857705779090e-01 3.481302908250583084e-01 6.976442714230810527e-01 5.754813870576168666e-01 8.654871193802866625e-01 1.978997205003519833e-01 5.896678676693035692e-01 4.947992256584821669e-01 5.130837129103582583e-01 5.389604201276727569e-01 0.000000000000000000e+00 4.992024513774214189e-01 3.328213308267236048e-01 6.465207768582164061e-01 4.102291483673369266e-01 8.999488018247634447e-01 8.095227945802088154e-01 3.720503564813022468e-01 7.215017919818363934e-01 8.902514005541138919e-01 4.410599254064059838e-01 3.579273145953313362e-01 1.464349423557841368e-01 8.132010575441618316e-01 2.227131941435404050e-01 7.718213902222988976e-01 1.338626406497149812e-01 3.840087824998175692e-01 2.143393658560901471e-01 9.378583098217745384e-01 6.477230937641620390e-01 3.047809331537839617e-01 7.008101824214165720e-01 4.583181337908291408e-01
8.219061938043661364e-01 7.968568341329539395e-01 5.064305003499598445e-01 1.692893731367374199e-01 3.324366659981120575e-01 4.873276639501749607e-01 6.918918846942443412e-01 1.894101674847122885e-01 4.080765380373195805e-01 7.202888760137533541e-01 3.714815700389516584e-01 4.992024513774214189e-01 0.000000000000000000e+00 4.507419420830247048e-01 6.390377177070970527e-01 4.355360355139168416e-01 1.112364885350656252e-01 7.255490343011021803e-01 7.932935746323629411e-01 4.973846248341380338e-01 3.656773434828501923e-01 6.904331409075711301e-01 8.324769791415482789e-01 7.832057982840588961e-01 4.710899451643643099e-01 3.905671014277242170e-01 6.919336472948184324e-01 6.400895616649251441e-01 9.141330477575945190e-01 6.225987688790985963e-01 8.543229155580489564e-01 4.992555008365273661e-01 3.291858661579556422e-01 6.756511255990085285e-01 2.649228809633872306e-01
9.044413234142578695e-01 5.731306499793580311e-01 2.565586825789004100e-01 7.960469755002772541e-01 6.027376470208569703e-01 5.335475041149764230e-01 4.085786832811177383e-01 7.160153497003676204e-01 3.234258159583086600e-01 3.943418075767970432e-01 7.692213492221948723e-01 3.328213308267236048e-01 4.507419420830247048e-01 0.000000000000000000e+00 7.432186848329845885e-01 4.638090503787981600e-01 7.538442851439803860e-01 4.154583542731264956e-01 6.780666764907616884e-01 5.511639013232840778e-01 3.240563845721132208e-01 6.693482872595652999e-01 2.054898287734926443e-01 4.497962611217590223e-01 3.636737952071866786e-02 5.599232698290307342e-01 6.828459081208670955e-01 7.929563418483933646e-01 2.158349853876780911e-01 2.236569516323301254e-01 5.422110841767333600e-01 4.896891228373987937e-01 6.199906112981693473e-01 4.501625192012218557e-01 5.350222762075099725e-01
8.396683693892081912e-01 3.322795201668696241e-01 7.031244777922533995e-01 9.578992524872897985e-02 2.579065871962051282e-01 5.379160990392787278e-01 6.012281384728292988e-01 6.881765136637114644e-01 4.872137098844828706e-01 5.121726150208754103e-01 6.986419052377805805e-01 6.465207768582164061e-01 6.390377177070970527e-01 7.432186848329845885e-01 0.000000000000000000e+00 8.175358240757615302e-01 9.434516343794445703e-01 3.490557229094917169e-01 3.833000329728453170e-01 2.849892502555977369e-01 4.082140019958249710e-01 2.936642758126496444e-01 7.319165989902318703e-01 5.781323490275475097e-01 2.578623929889516386e-01 3.872764124446723688e-01 6.415742022064415684e-01 8.712988746454466416e-01 4.276878634594994955e-01 6.034417152536508677e-01 6.049405048112657113e-01 8.441398847676200301e-01 6.778624301329718715e-01 6.962800021538181339e-01 4.090528010744973186e-01
5.561616947231846630e-01 8.135641602403405059e-01 4.873859752582232474e-01 3.756249255932397890e-01 5.446507296800590092e-01 1.278142188546252944e-01 5.732367859385123499e-01 4.478922060807926098e-01 7.776799181641262937e-01 6.145356565667801085e-01 6.188989091879174564e-01 4.102291483673369266e-01 4.355360355139168416e-01 4.638090503787981600e-01 8.175358240757615302e-01 0.000000000000000000e+00 6.103711331932772932e-01 8.615225466347673500e-01 4.804970502819562728e-01 7.971658120964193461e-01 3.324664454199866004e-01 8.239801134102278102e-01 2.869532126782946557e-01 2.330033864317712089e-01 4.914147097684234411e-01 4.625268796808226779e-01 5.471413786878935870e-01 5.050884672795425967e-01 3.869822244291587499e-01 1.819463561903196247e-01 5.116089182207397279e-01 7.473732156790501291e-01 7.863580401819503241e-01 2.908699417771030138e-01 5.630531934557359008e-01
3.944103526936176829e-01 5.245167984184517795e-01 4.805214726537759273e-01 7.831151294582456845e-01 3.923554731620174651e-01 5.770696368303236401e-01 9.314178486117739020e-01 4.910602875541116297e-01 4.917276786934140498e-01 3.661699203585234708e-01 7.152430078928784241e-01 8.999488018247634447e-01 1.112364885350656252e-01 7.538442851439803860e-01 9.434516343794445703e-01 6.103711331932772932e-01 0.000000000000000000e+00 1.784854389345869041e-01 7.517974175862994768e-01 7.533063668182247152e-01 8.007433782114052878e-01 1.893966573755787586e-01 3.925615071805703127e-01 6.993428027653236789e-01 3.782397012586926621e-01 6.280585326949414959e-01 5.901058551337112767e-01 5.631577882861936724e-01 5.291001451193119154e-01 6.446367744838472635e-01 9.358813790961739709e-01 7.999870891960265684e-01 3.564175512881437857e-01 4.950630987125841376e-01 3.112236026666832522e-01
7.912947961808511899e-01 2.866860839282511786e-01 5.713772544982829160e-01 8.612752850449587605e-01 3.922269719796186438e-01 6.654573611919154530e-01 4.098186073648957262e-01 5.685536707570819637e-01 5.930995953633300122e-01 4.885729472472227219e-01 3.950279965727734321e-01 8.095227945802088154e-01 7.255490343011021803e-01 4.154583542731264956e-01 3.490557229094917169e-01 8.615225466347673500e-01 1.784854389345869041e-01 0.000000000000000000e+00 2.506476448742162022e-01 5.924993280159507325e-02 3.811920699117852251e-01 1.875032594523144969e-01 3.825149103828649477e-01 5.753846668788380470e-01 7.945307808038698516e-01 5.809388517195573920e-01 6.266677877879160974e-01 8.770909764121175289e-01 5.293983358232574599e-01 5.445621409286078851e-01 8.076736423028506584e-01 8.762530952209744983e-01 6.191603034783375037e-01 4.281048989130016857e-01 5.529982749537676323e-01
4.613012963069719197e-01 4.197496306161744850e-01 8.901569546450096571e-01 3.698764341889594354e-01 3.159734164067679596e-01 3.522861555091908459e-01 5.421246813267363018e-01 1.967573103115295430e-01 3.818985482710703927e-01 3.973613879141138505e-01 4.496550002938257684e-01 3.720503564813022468e-01 7.932935746323629411e-01 6.780666764907616884e-01 3.833000329728453170e-01 4.804970502819562728e-01 7.517974175862994768e-01 2.506476448742162022e-01 0.000000000000000000e+00 5.963407609040671797e-01 4.176211983443589570e-01 8.010144773976054511e-01 5.346670653772068738e-01 7.576424312738669897e-01 9.852540636704746335e-01 3.093098239552942719e-01 4.890290902951439644e-01 4.428946380259272675e-01 5.920001142012616402e-01 5.404264404375903608e-01 7.269842469288819720e-01 2.743663317531764845e-01 7.124405731791086938e-01 2.245361882483484228e-01 7.321534553368059806e-01
8.869380094977450391e-01 8.647598640707871986e-01 9.260770065855250532e-02 4.000190654558757331e-01 1.761583379440438968e-01 6.751490321841882025e-01 6.995660873729081519e-01 7.054238954691803842e-01 3.436741708723918265e-01 6.762043669541859536e-01 7.800369561289873799e-01 7.215017919818363934e-01 4.973846248341380338e-01 5.511639013232840778e-01 2.849892502555977369e-01 7.971658120964193461e-01 7.533063668182247152e-01 5.924993280159507325e-02 5.963407609040671797e-01 0.000000000000000000e+00 8.591190921381005596e-01 4.778195884690547568e-01 3.593786077717858740e-01 6.193159112121287002e-01 3.580241813110798255e-01 8.118709529408907333e-02 7.892853452208707932e-01 2.896891140107948348e-01 5.273487020485196908e-01 8.022050635737640878e-01 9.406332900668514796e-01 7.152442236043861090e-01 9.701355770223847319e-01 4.612185867218533408e-01 8.250510871818859115e-01
4.213215285363541840e-01 4.041999149683819237e-01 7.350629516707396505e-01 5.113272232573990994e-01 7.049416754260917628e-01 5.683950144556200179e-01 1.155654028534225386e-01 2.046091442609820898e-01 7.690349152391821042e-01 4.308930552988264329e-01 9.204467210634175167e-01 8.902514005541138919e-01 3.656773434828501923e-01 3.240563845721132208e-01 4.082140019958249710e-01 3.324664454199866004e-01 8.007433782114052878e-01 3.811920699117852251e-01 4.176211983443589570e-01 8.591190921381005596e-01 0.000000000000000000e+00 8.947615709458932587e-01 5.444087341660708290e-01 8.723930193129174615e-01 5.746420450144987813e-01 8.279652388270486441e-02 1.857896825191828194e-01 4.645958233527365255e-01 1.605410142191452394e-01 5.668561735889326991e-01 5.898205108157098531e-01 4.885477259944426276e-02 1.606197582117728229e-01 7.003209515170396582e-01 8.900210536713207832e-01
7.902387762536664528e-01 5.893637705473293575e-01 2.386146249667197572e-01 3.078313265698166545e-01 7.093439425828284017e-01 3.115048174517379698e-01 5.228639337599441106e-01 9.206452758139099801e-01 2.059453715382535410e-01 5.553348753326157183e-01 3.323722409943676848e-01 4.410599254064059838e-01 6.904331409075711301e-01 6.693482872595652999e-01 2.936642758126496444e-01 8.239801134102278102e-01 1.893966573755787586e-01 1.875032594523144969e-01 8.010144773976054511e-01 4.778195884690547568e-01 8.947615709458932587e-01 0.000000000000000000e+00 8.867058911834757584e-01 3.415071067445989428e-01 4.315244333011916122e-01 5.737906165350938892e-01 5.539685191519007068e-01 3.867654261759015943e-01 4.995018621278775051e-01 6.694704559578327219e-01 3.198800720198483605e-01 7.142415719888706160e-01 4.730553871532650057e-01 2.962904343111443239e-01 5.207224217623890317e-01
5.601077170287134255e-01 8.289680488557449323e-01 3.146535845351037253e-01 3.335263346115103777e-01 1.467942749899703303e-01 9.039233672243018880e-01 8.121744074062706709e-01 5.153409343368167139e-01 5.267654008372792962e-01 8.515114148599860489e-01 5.732735031470395093e-01 3.579273145953313362e-01 8.324769791415482789e-01 2.054898287734926443e-01 7.319165989902318703e-01 2.869532126782946557e-01 3.925615071805703127e-01 3.825149103828649477e-01 5.346670653772068738e-01 3.593786077717858740e-01 5.444087341660708290e-01 8.867058911834757584e-01 0.000000000000000000e+00 4.196570961904864672e-01 4.850137553630120557e-01 7.083187422084216145e-01 1.463725962745106024e-01 5.646032821334272533e-01 4.348307667466537185e-01 5.353806274848508240e-01 6.399938044619681854e-01 7.513836887898177608e-01 4.659201753144051605e-01 7.534622660024186125e-01 8.597110997676711275e-01
6.100706455552892260e-01 9.416826338736294932e-02 3.417848825191530659e-01 7.597207675343728983e-01 6.219539396852562518e-01 4.500722246604548782e-01 5.345356726734294961e-01 4.959554424874943468e-01 6.896710837541679684e-01 8.438971003402631066e-01 3.857507832822256177e-01 1.464349423557841368e-01 7.832057982840588961e-01 4.497962611217590223e-01 5.781323490275475097e-01 2.330033864317712089e-01 6.993428027653236789e-01 5.753846668788380470e-01 7.576424312738669897e-01 6.193159112121287002e-01 8.723930193129174615e-01 3.415071067445989428e-01 4.196570961904864672e-01 0.000000000000000000e+00 6.713098396767280818e-01 1.118524668397019584e-01 3.760731421053891133e-01 6.600310884436615400e-01 4.037602927824837096e-01 6.883496683232962488e-01 4.952869427126217472e-01 3.892764281175034036e-01 3.322442142997988901e-01 6.589279256817770491e-01 3.412440766534277081e-01
6.061337723526322163e-01 3.172835816667899378e-01 3.478657376377785049e-01 7.124494511021544074e-01 6.417370593569711179e-01 7.437760335401893963e-01 7.873626927497449079e-01 2.059104917529097634e-01 4.153242002519876852e-01 6.875191049387232578e-01 6.316930906481936780e-01 8.132010575441618316e-01 4.710899451643643099e-01 3.636737952071866786e-02 2.578623929889516386e-01 4.914147097684234411e-01 3.782397012586926621e-01 7.945307808038698516e-01 9.852540636704746335e-01 3.580241813110798255e-01 5.746420450144987813e-01 4.315244333011916122e-01 4.850137553630120557e-01 6.713098396767280818e-01 0.000000000000000000e+00 2.866339789548130734e-01 9.122537992959200981e-02 5.585389557585531684e-01 5.260229459776795125e-01 5.311816255790984265e-01 5.032622828276414051e-01 8.756775788742425792e-01 4.731026092221675139e-01 2.407074426132297384e-01 7.062406568184935729e-01
8.069737297898158523e-01 5.317600614872186604e-01 7.799431239391474424e-01 3.872430436404139531e-02 6.431968603884323787e-01 5.276487659106394723e-01 8.991841520129357779e-01 5.344923315540582864e-01 8.141768842102354853e-01 5.540363240727210759e-01 7.485126334078919808e-01 2.227131941435404050e-01 3.905671014277242170e-01 5.599232698290307342e-01 3.872764124446723688e-01 4.625268796808226779e-01 6.280585326949414959e-01 5.809388517195573920e-01 3.093098239552942719e-01 8.118709529408907333e-02 8.279652388270486441e-02 5.737906165350938892e-01 7.083187422084216145e-01 1.118524668397019584e-01 2.866339789548130734e-01 0.000000000000000000e+00 5.059526489849752728e-01 6.342155995639545685e-01 5.967099790791419167e-01 5.221573902812413071e-01 1.617711948058951910e-01 1.796580328417639594e-01 5.668016646510647405e-01 7.097075177275994351e-01 2.718612534273935899e-01
7.351672402137265916e-01 6.426871721720039954e-01 8.190271849431194351e-01 5.927246686629674688e-01 8.649575638405059275e-01 5.744318817227809237e-01 5.442994141238756134e-01 3.268387470671424433e-01 3.852877151948784773e-01 5.972555019231235995e-01 4.626427014245055314e-01 7.718213902222988976e-01 6.919336472948184324e-01 6.828459081208670955e-01 6.415742022064415684e-01 5.471413786878935870e-01 5.901058551337112767e-01 6.266677877879160974e-01 4.890290902951439644e-01 7.892853452208707932e-01 1.857896825191828194e-01 5.539685191519007068e-01 1.463725962745106024e-01 3.760731421053891133e-01 9.122537992959200981e-02 5.059526489849752728e-01 0.000000000000000000e+00 4.909915914732044806e-01 6.240148073377937976e-02 7.547678350438293826e-01 5.276945901249640025e-01 5.039418235025663328e-01 4.856673031335250745e-01 5.021069159977846752e-01 3.324278441217520808e-01
4.109558740818883837e-01 1.906809038927665956e-01 7.862675191941688180e-01 4.093260353001044738e-01 1.214432128434373981e-01 3.542727261393917582e-01 4.938278977737058928e-01 4.682779872902815277e-01 6.487966066340518090e-01 5.330585224710793213e-01 6.587525090815430362e-01 1.338626406497149812e-01 6.400895616649251441e-01 7.929563418483933646e-01 8.712988746454466416e-01 5.050884672795425967e-01 5.631577882861936724e-01 8.770909764121175289e-01 4.428946380259272675e-01 2.896891140107948348e-01 4.645958233527365255e-01 3.867654261759015943e-01 5.646032821334272533e-01 6.600310884436615400e-01 5.585389557585531684e-01 6.342155995639545685e-01 4.909915914732044806e-01 0.000000000000000000e+00 5.527606555055941673e-01 8.504596756877089714e-01 6.908443404507783603e-01 4.633580179836352397e-01 7.854660587850792464e-02 5.107990632486865135e-01 3.155292806978372555e-01
9.742343761750256181e-01 4.420318741404847818e-01 6.008310607382620905e-01 1.897081921116583469e-02 8.157596878813098140e-01 3.989569858415273895e-01 2.701500486034836834e-01 4.298570429172426377e-01 5.440629335324478344e-01 5.962653883282726941e-01 5.356799350039028740e-01 3.840087824998175692e-01 9.141330477575945190e-01 2.158349853876780911e-01 4.276878634594994955e-01 3.869822244291587499e-01 5.291001451193119154e-01 5.293983358232574599e-01 5.920001142012616402e-01 5.273487020485196908e-01 1.605410142191452394e-01 4.995018621278775051e-01 4.348307667466537185e-01 4.037602927824837096e-01 5.260229459776795125e-01 5.967099790791419167e-01 6.240148073377937976e-02 5.527606555055941673e-01 0.000000000000000000e+00 1.793212423867339700e-01 4.668307639064601666e-01 1.348793146924008868e-01 8.940547617227141419e-01 8.602329489845628174e-01 6.199983853749957419e-01
5.287637529588264940e-01 4.156080273501355227e-01 4.358691682053767447e-01 3.707445354594385289e-01 4.593445992682195222e-01 6.227027169706079723e-01 3.988658156820216183e-01 9.057579943086718766e-02 4.389692382544402305e-01 8.242183838639904891e-02 8.987824447415782014e-01 2.143393658560901471e-01 6.225987688790985963e-01 2.236569516323301254e-01 6.034417152536508677e-01 1.819463561903196247e-01 6.446367744838472635e-01 5.445621409286078851e-01 5.404264404375903608e-01 8.022050635737640878e-01 5.668561735889326991e-01 6.694704559578327219e-01 5.353806274848508240e-01 6.883496683232962488e-01 5.311816255790984265e-01 5.221573902812413071e-01 7.547678350438293826e-01 8.504596756877089714e-01 1.793212423867339700e-01 0.000000000000000000e+00 2.790392604576742430e-01 7.805532081298032221e-01 8.153290115879395783e-01 4.726640601269494479e-01 4.175415107902153422e-01
5.368497257064133166e-01 6.664168069121906290e-01 5.175391305245922169e-01 3.459529421093174850e-01 3.793924197376261076e-01 4.279884190630452445e-01 7.357143496865581334e-01 4.791351417129174894e-01 6.478834485752362760e-01 7.625319026918939702e-01 3.529637689074853757e-01 9.378583098217745384e-01 8.543229155580489564e-01 5.422110841767333600e-01 6.049405048112657113e-01 5.116089182207397279e-01 9.358813790961739709e-01 8.076736423028506584e-01 7.269842469288819720e-01 9.406332900668514796e-01 5.898205108157098531e-01 3.198800720198483605e-01 6.399938044619681854e-01 4.952869427126217472e-01 5.032622828276414051e-01 1.617711948058951910e-01 5.276945901249640025e-01 6.908443404507783603e-01 4.668307639064601666e-01 2.790392604576742430e-01 0.000000000000000000e+00 9.291620042506273380e-01 5.593316931901930467e-01 5.873998245768654591e-01 1.813879001791050549e-01
1.705607075720713128e-01 4.970324629310706732e-01 5.213856622781366523e-01 4.737233147868408212e-01 8.169419522187215676e-01 4.985978621478796002e-01 9.490334683080481337e-02 6.682298013853276153e-01 4.802682525016888082e-01 1.139819283534903027e-01 8.698841767994827112e-01 6.477230937641620390e-01 4.992555008365273661e-01 4.896891228373987937e-01 8.441398847676200301e-01 7.473732156790501291e-01 7.999870891960265684e-01 8.762530952209744983e-01 2.743663317531764845e-01 7.152442236043861090e-01 4.885477259944426276e-02 7.142415719888706160e-01 7.513836887898177608e-01 3.892764281175034036e-01 8.756775788742425792e-01 1.796580328417639594e-01 5.039418235025663328e-01 4.633580179836352397e-01 1.348793146924008868e-01 7.805532081298032221e-01 9.291620042506273380e-01 0.000000000000000000e+00 9.197063332481496545e-01 4.098614485232657811e-01 2.258498697750187523e-01
4.869967174998122705e-01 4.218853579940230469e-01 4.694905550676941597e-01 3.809685910446412027e-01 7.030363583445793374e-01 6.469857222937916985e-01 3.829485490611423959e-01 2.712282638342303209e-01 4.700420442949389543e-01 3.132289732701277196e-01 6.244259060565606756e-01 3.047809331537839617e-01 3.291858661579556422e-01 6.199906112981693473e-01 6.778624301329718715e-01 7.863580401819503241e-01 3.564175512881437857e-01 6.191603034783375037e-01 7.124405731791086938e-01 9.701355770223847319e-01 1.606197582117728229e-01 4.730553871532650057e-01 4.659201753144051605e-01 3.322442142997988901e-01 4.731026092221675139e-01 5.668016646510647405e-01 4.856673031335250745e-01 7.854660587850792464e-02 8.940547617227141419e-01 8.153290115879395783e-01 5.593316931901930467e-01 9.197063332481496545e-01 0.000000000000000000e+00 5.632888687923679472e-01 5.848857600598984519e-01
5.622758469189518271e-01 5.143241418623365480e-01 8.477352080861059180e-01 3.980070626111762988e-01 6.568664184969016384e-01 5.186534024058297998e-01 2.181296197355948041e-01 8.605145103550926322e-01 1.723068266431978524e-01 8.436237928916626716e-01 8.148786058022796652e-01 7.008101824214165720e-01 6.756511255990085285e-01 4.501625192012218557e-01 6.962800021538181339e-01 2.908699417771030138e-01 4.950630987125841376e-01 4.281048989130016857e-01 2.245361882483484228e-01 4.612185867218533408e-01 7.003209515170396582e-01 2.962904343111443239e-01 7.534622660024186125e-01 6.589279256817770491e-01 2.407074426132297384e-01 7.097075177275994351e-01 5.021069159977846752e-01 5.107990632486865135e-01 8.602329489845628174e-01 4.726640601269494479e-01 5.873998245768654591e-01 4.098614485232657811e-01 5.632888687923679472e-01 0.000000000000000000e+00 8.568302533843176194e-01
5.973125273931956247e-01 5.297864589633519694e-01 2.800849888153646994e-01 9.674653433240916200e-01 7.936531734137728389e-01 4.504413814390461623e-01 4.319554356652065552e-01 5.343544892643512512e-01 8.025832980291265351e-01 7.393300022757336443e-01 7.336205022269042253e-01 4.583181337908291408e-01 2.649228809633872306e-01 5.350222762075099725e-01 4.090528010744973186e-01 5.630531934557359008e-01 3.112236026666832522e-01 5.529982749537676323e-01 7.321534553368059806e-01 8.250510871818859115e-01 8.900210536713207832e-01 5.207224217623890317e-01 8.597110997676711275e-01 3.412440766534277081e-01 7.062406568184935729e-01 2.718612534273935899e-01 3.324278441217520808e-01 3.155292806978372555e-01 6.199983853749957419e-01 4.175415107902153422e-01 1.813879001791050549e-01 2.258498697750187523e-01 5.848857600598984519e-01 8.568302533843176194e-01 0.000000000000000000e+00
