0.000000000000000000e+00 1.615111611910126088e-01 6.547223359415570432e-01 8.283337731722755226e-01 4.952699497930784234e-01 2.546521597555229111e-01 9.273104795625551899e-01 3.491836918901671805e-01 5.426396294963573563e-01 7.968958667528376338e-01 2.017840608191812102e-02 5.162399957582338716e-01 8.449805470597189228e-01 5.920124463066078757e-02 8.741775004523721915e-02 5.591856018047480781e-01 6.382719327224253281e-01 3.576725104980810754e-01 4.498180955220814625e-01 5.487448482086343393e-01 9.178618225536485653e-01 5.108277062970472127e-01 3.324592228542465611e-01 7.944520109062029878e-01 9.314017948853019480e-01 7.401289007735196712e-01 8.757681370843293234e-01 5.353280200702841274e-01 1.709008518045961322e-01 4.622216356891334366e-01 4.810653542271146610e-01 2.661772522836406418e-01 2.400398245070608505e-01 8.667584565257853146e-01 5.049760841276000889e-01
1.615111611910126088e-01 0.000000000000000000e+00 6.038062678314290999e-01 3.261166095352101002e-01 6.184610387688531663e-01 5.764910384902234286e-01 4.828796896263612970e-01 7.971730757773067833e-01 7.465237346317405986e-01 5.111355397364294451e-01 1.783225961722574859e-01 8.493302111033610435e-01 3.159391931861732505e-01 6.399366740916394569e-01 7.700613565599975230e-01 5.552533862733473047e-01 5.513831445755132954e-01 5.449013214991178522e-01 9.003337793766270636e-01 6.950541846501707699e-01 2.164225912446648969e-01 4.202767999206964422e-01 1.665257917574185509e-01 3.747191798160560694e-01 2.800514333623589369e-01 9.407885780822380362e-01 1.406242314660609560e-01 3.482711200784114336e-01 3.311218907374346987e-02 4.469535266105295612e-01 3.601550260684389659e-01 5.771003302052400974e-01 9.897193937710868639e-02 6.162171734266476131e-01 2.628735719943062765e-01
6.547223359415570432e-01 6.038062678314290999e-01 0.000000000000000000e+00 2.839388136311647992e-01 6.320229512593895649e-01 5.490380264211409678e-01 3.390384294641820562e-01 1.067289035652990714e-01 6.611361722813846598e-01 8.980265924649053488e-01 1.145536640745239421e-01 2.731811877651202369e-01 2.995807424088003934e-01 4.605875726769202427e-01 2.349333697192742543e-01 9.807653679672321267e-01 9.487766112368745119e-01 6.682566824234987823e-01 6.760422108739108094e-01 7.792580504854818013e-01 2.868768962519679944e-01 1.590614445655633702e-01 5.269884007593433894e-01 2.840005497181163352e-01 6.071758465611386546e-01 7.821791691739987673e-01 3.415154525148604292e-01 5.323016322621303420e-01 1.661613792093271647e-01 4.233289008622582728e-01 9.186934550990348836e-01 4.817945410098173897e-01 5.016054152836271207e-01 1.245710223914064940e-01 2.577690682092914631e-01
8.283337731722755226e-01 3.261166095352101002e-01 2.839388136311647992e-01 0.000000000000000000e+00 4.215045494790895519e-01 2.797100712250535359e-01 1.858765945106266027e-01 4.844475950563778555e-01 2.175256007211132658e-01 4.773661019142235173e-01 9.433437010137510903e-01 1.902403048602081537e-01 3.519731830132566408e-01 3.844281417266100509e-01 1.603674630955265190e-01 3.454042386041121793e-01 5.458739059313142405e-01 4.435730809984967937e-01 7.488177890761982258e-01 9.394943945756142334e-01 6.182114613259983571e-01 5.328266844649252043e-01 6.918594122555238313e-01 5.878786478932984672e-01 6.159693063778803879e-01 4.355116048117285699e-01 5.107691789177829511e-01 5.324268005090547762e-01 5.733544319267569467e-01 4.868555202354618028e-01 8.477701105280808225e-01 1.672722756933624488e-01 4.643557125094565086e-01 4.766552772048695541e-01 3.696411163079989515e-01
4.952699497930784234e-01 6.184610387688531663e-01 6.320229512593895649e-01 4.215045494790895519e-01 0.000000000000000000e+00 4.595549819182538354e-01 1.898067988521414673e-01 4.258795921474393675e-01 9.172263232005588574e-01 5.433218755766713315e-01 3.604755699295559834e-01 1.967200876915423668e-01 5.613416423404795630e-01 5.569969002295633853e-01 1.164088153689939453e-01 1.155237087013545327e-01 8.840063468225689558e-01 4.581254317544699028e-01 6.182769759046379265e-01 4.041640949217739642e-01 8.212102446205418183e-01 2.874623264541873446e-01 4.643508771573171545e-01 8.622985474894949709e-01 8.283022910648050186e-01 7.753918395012562303e-01 7.836885907890656089e-01 5.806018149157332608e-01 5.221821837568848546e-01 8.753408835731046889e-01 5.220641721330971929e-01 3.186873700074315252e-01 6.896416852690481214e-01 9.627770887001527722e-01 2.790307059878552876e-01
2.546521597555229111e-01 5.764910384902234286e-01 5.490380264211409678e-01 2.797100712250535359e-01 4.595549819182538354e-01 0.000000000000000000e+00 6.731526689142278697e-01 4.102479268307642757e-01 4.789923934969863017e-01 5.579288085124063379e-01 4.210345613228226314e-01 5.288303628448742799e-01 8.675441008628663742e-01 8.157963692183110016e-01 9.242779064344075479e-01 4.224725414472816354e-01 4.059363981128796262e-01 1.131666014886618665e-01 5.746919558713620146e-01 4.415469619435674620e-01 6.763643414139072219e-01 5.271202341919897227e-01 5.628425095787084054e-01 7.868270401324390928e-01 8.562766317948092842e-01 5.509942745626947858e-01 3.734868107244150304e-01 6.914525730529635927e-01 7.416003299564157825e-01 2.445448057655209562e-01 3.163947337833167284e-01 5.687450171102093055e-01 5.932104469871956054e-01 6.681548142227153875e-01 7.991762843903689184e-01
9.273104795625551899e-01 4.828796896263612970e-01 3.390384294641820562e-01 1.858765945106266027e-01 1.898067988521414673e-01 6.731526689142278697e-01 0.000000000000000000e+00 9.286168188350210073e-01 5.871485692435842729e-01 3.654033762043852884e-01 3.969610137894502011e-01 4.180952090777301233e-01 4.113884587561664752e-01 9.360342744823511030e-01 7.821831354711499262e-01 5.630815882144974971e-01 6.095094594870473781e-01 2.110400177212370387e-01 5.880878095829766838e-01 6.217531923228329926e-01 3.394884780830029758e-01 8.733624913437092463e-01 6.552040170118778040e-01 4.649755016512411299e-01 4.112658804538981139e-01 6.549157095041481247e-01 3.627579048084360602e-01 4.921586638043078943e-01 8.624824469203820065e-01 8.822051384002604912e-01 3.285155179063115050e-02 6.187672331683304883e-01 4.112679261010921961e-01 5.733543868873843818e-01 5.089675949433462021e-01
3.491836918901671805e-01 7.971730757773067833e-01 1.067289035652990714e-01 4.844475950563778555e-01 4.258795921474393675e-01 4.102479268307642757e-01 9.286168188350210073e-01 0.000000000000000000e+00 4.313059078055648810e-01 4.530590506162969766e-01 5.133241722446799660e-01 5.269525563336620033e-01 6.137537509134638469e-01 8.748037694704735578e-01 8.812873809226635657e-01 6.914771450219681093e-01 3.440191827160135052e-01 5.002915076777266767e-01 3.831558437150857088e-01 3.113063991464973812e-01 5.670865489806193871e-01 4.490284883766442747e-01 6.373392830664933451e-01 7.946403183950438986e-01 7.809665916669701335e-01 8.206134632424391118e-01 5.434156024453022926e-01 8.960150065658596397e-01 1.784430787576696265e-01 3.389619124488947310e-01 5.466092405689321199e-01 4.130586916097043204e-01 6.244523306703230192e-01 1.813760018643201244e-01 8.175665660020335901e-01
5.426396294963573563e-01 7.465237346317405986e-01 6.611361722813846598e-01 2.175256007211132658e-01 9.172263232005588574e-01 4.789923934969863017e-01 5.871485692435842729e-01 4.313059078055648810e-01 0.000000000000000000e+00 4.145579280454095294e-01 6.952482447461320048e-01 3.899844755299541332e-01 5.208240110896478203e-02 8.686584461200719254e-02 4.456459540181186840e-01 5.277580107090382722e-01 6.821282020297145809e-01 4.167670697322453655e-01 8.181350329093981522e-01 4.324157115565629428e-01 6.836391502122052266e-01 2.787200274304370007e-01 6.133805116201908048e-01 6.842584063203471789e-01 2.915802443526288590e-01 4.488789302294469152e-01 3.557179721561359864e-01 3.255457600526215911e-01 8.172990051380095711e-01 1.954688576274395961e-01 7.924618412057398142e-01 3.462917315263276397e-01 1.648231415200551164e-01 6.789900699011268692e-01 5.420622945027526729e-01
7.968958667528376338e-01 5.111355397364294451e-01 8.980265924649053488e-01 4.773661019142235173e-01 5.433218755766713315e-01 5.579288085124063379e-01 3.654033762043852884e-01 4.530590506162969766e-01 4.145579280454095294e-01 0.000000000000000000e+00 6.698992232759592991e-02 4.510017599655693488e-01 3.903951589285739043e-01 4.919887287656202757e-01 5.454074129386374814e-01 6.871989604990464962e-01 5.422571777550494465e-01 1.133657645066034059e-01 7.214794442949161724e-01 2.156485870052156084e-01 7.288606614430196418e-01 9.272293276882381807e-02 7.231910424333132248e-01 4.495919742493891258e-01 4.394366080218962689e-01 4.341297704171099281e-01 1.476962902912385411e-01 4.530490929346737694e-01 5.213812853308092965e-01 3.687642740790540996e-01 7.456971398101432946e-01 8.134721046334787431e-01 9.228889500559880332e-01 2.734402899221266559e-01 3.212805979544874901e-01
2.017840608191812102e-02 1.783225961722574859e-01 1.145536640745239421e-01 9.433437010137510903e-01 3.604755699295559834e-01 4.210345613228226314e-01 3.969610137894502011e-01 5.133241722446799660e-01 6.952482447461320048e-01 6.698992232759592991e-02 0.000000000000000000e+00 1.482575340697298572e-01 8.907658565685112606e-01 7.492781998180590985e-01 8.107937351316651942e-01 1.007759568839234898e-01 5.938476036107278588e-01 6.675650179191351397e-01 4.563977784259000137e-01 3.882478423719957772e-01 3.748468256793319187e-01 4.996932813939674589e-01 6.968926911319417439e-01 8.689902488327503338e-01 7.011593055574960598e-01 1.124139534777940375e-01 4.477241469619900327e-01 7.302994538415947812e-01 4.668944883505973809e-01 6.062902809033441365e-01 3.896384064389394331e-01 1.464948349089405522e-01 1.440369358756010687e-01 2.215441700607634345e-01 2.900924213678673924e-01
5.162399957582338716e-01 8.493302111033610435e-01 2.731811877651202369e-01 1.902403048602081537e-01 1.967200876915423668e-01 5.288303628448742799e-01 4.180952090777301233e-01 5.269525563336620033e-01 3.899844755299541332e-01 4.510017599655693488e-01 1.482575340697298572e-01 0.000000000000000000e+00 4.766506283834870406e-02 7.980817214855808750e-01 7.012478662298612386e-01 5.953045621952925970e-01 3.252148682537279178e-01 4.042706284231764036e-01 7.127106532778610948e-01 6.604298056981825482e-01 3.453075779145363677e-01 7.454274844281845169e-01 3.525783868874123872e-01 6.301451042005705716e-01 5.347922588468611016e-01 6.788012519074688722e-01 5.350503328551854398e-01 1.429106240987629839e-01 2.576495799777754891e-01 6.796008839973373128e-01 4.978295142021540998e-01 5.996139834593862128e-01 3.779559561233004628e-01 4.822093435966729458e-01 4.818223274352573249e-01
8.449805470597189228e-01 3.159391931861732505e-01 2.995807424088003934e-01 3.519731830132566408e-01 5.613416423404795630e-01 8.675441008628663742e-01 4.113884587561664752e-01 6.137537509134638469e-01 5.208240110896478203e-02 3.903951589285739043e-01 8.907658565685112606e-01 4.766506283834870406e-02 0.000000000000000000e+00 4.008024733957067376e-01 3.572784106651375469e-01 5.095693543537301862e-01 3.680029848103739676e-01 5.237621575138569074e-01 3.838071535311394222e-01 7.223999323560510444e-01 6.610477989340124427e-01 7.355454919227140120e-01 7.981320763462506074e-01 8.725826313992250949e-01 5.525341066764525300e-01 2.020331693553830688e-01 3.288704003362029615e-01 4.230622889219680105e-01 6.995793055665024962e-01 6.457983342521381731e-01 3.298428285287220429e-01 6.746020071303775456e-01 3.564511516158122006e-01 5.440693287269803280e-01 4.543808983054083983e-01
5.920124463066078757e-02 6.399366740916394569e-01 4.605875726769202427e-01 3.844281417266100509e-01 5.569969002295633853e-01 8.157963692183110016e-01 9.360342744823511030e-01 8.748037694704735578e-01 8.686584461200719254e-02 4.919887287656202757e-01 7.492781998180590985e-01 7.980817214855808750e-01 4.008024733957067376e-01 0.000000000000000000e+00 5.430904911508266375e-01 7.526225893353936103e-01 5.878940678348749671e-01 9.417935618464172709e-01 5.123141347985581406e-01 9.356486031182087437e-01 3.816058225904503942e-01 6.222805644325333230e-01 4.231411004884317317e-01 3.969258311417422913e-01 4.920498480183000956e-01 4.151163265180388695e-01 1.160572584957779707e-01 8.372165346539166553e-01 4.225462362500561619e-01 4.349258634226256803e-01 1.913531870370885901e-01 7.369623369802142943e-01 8.122814631841889232e-01 2.570846457169018162e-01 6.678209832967104687e-01
8.741775004523721915e-02 7.700613565599975230e-01 2.349333697192742543e-01 1.603674630955265190e-01 1.164088153689939453e-01 9.242779064344075479e-01 7.821831354711499262e-01 8.812873809226635657e-01 4.456459540181186840e-01 5.454074129386374814e-01 8.107937351316651942e-01 7.012478662298612386e-01 3.572784106651375469e-01 5.430904911508266375e-01 0.000000000000000000e+00 5.658206044885476516e-01 4.487316998504370380e-01 3.539180931781782391e-02 1.458841846005497489e-01 7.153252738169442182e-01 4.965107743833395704e-01 2.711612601873818473e-01 8.979956230395642613e-01 4.426170111035160337e-01 5.738359380396548248e-01 5.933917959343888437e-01 2.496488605432611863e-01 4.936581163883703161e-01 2.370515730078687211e-01 7.310238380290163818e-01 4.220223463318483192e-01 4.618609050574895569e-01 3.366856453513417113e-01 3.885474343472308245e-01 8.853842832075984326e-01
5.591856018047480781e-01 5.552533862733473047e-01 9.807653679672321267e-01 3.454042386041121793e-01 1.155237087013545327e-01 4.224725414472816354e-01 5.630815882144974971e-01 6.914771450219681093e-01 5.277580107090382722e-01 6.871989604990464962e-01 1.007759568839234898e-01 5.953045621952925970e-01 5.095693543537301862e-01 7.526225893353936103e-01 5.658206044885476516e-01 0.000000000000000000e+00 6.400098619897212071e-01 4.492406505385291848e-01 5.168020669647162002e-01 5.078896401366590485e-01 4.011043728777817785e-01 1.527225856484810684e-01 4.464759628758163679e-01 4.275193455821563182e-01 4.622082172746493911e-01 2.952664132824501242e-01 3.636340782114084735e-01 3.891093611027589549e-01 5.681846250616360283e-01 3.595815487348348327e-01 4.634682885374794559e-01 7.888179568762172522e-01 8.346738445191095312e-01 7.838207820228917377e-01 6.933936483029825570e-01
6.382719327224253281e-01 5.513831445755132954e-01 9.487766112368745119e-01 5.458739059313142405e-01 8.840063468225689558e-01 4.059363981128796262e-01 6.095094594870473781e-01 3.440191827160135052e-01 6.821282020297145809e-01 5.422571777550494465e-01 5.938476036107278588e-01 3.252148682537279178e-01 3.680029848103739676e-01 5.878940678348749671e-01 4.487316998504370380e-01 6.400098619897212071e-01 0.000000000000000000e+00 1.779080953817041566e-01 1.589130915126132360e-01 7.736184072223811770e-01 3.171428880189520738e-01 4.525343049079214586e-01 8.127159592127246590e-01 4.691138853771104622e-01 2.825860774411766974e-01 9.017435115136496204e-01 4.217296167616213509e-02 7.765070618162431826e-01 5.472709010102136951e-01 3.332918066404000346e-01 3.711603077927887462e-01 3.331913882818979822e-01 6.556590218980877793e-01 2.884524870382501049e-01 8.571814033162614699e-01
3.576725104980810754e-01 5.449013214991178522e-01 6.682566824234987823e-01 4.435730809984967937e-01 4.581254317544699028e-01 1.131666014886618665e-01 2.110400177212370387e-01 5.002915076777266767e-01 4.167670697322453655e-01 1.133657645066034059e-01 6.675650179191351397e-01 4.042706284231764036e-01 5.237621575138569074e-01 9.417935618464172709e-01 3.539180931781782391e-02 4.492406505385291848e-01 1.779080953817041566e-01 0.000000000000000000e+00 4.088633407004086950e-01 1.109568829342065799e-01 1.892143652372183515e-01 7.229301974358715022e-01 4.521932651484677490e-01 4.762881849672385703e-01 7.471951783549986015e-01 1.248170022035778315e-01 6.525487062300568963e-01 7.440997025922182484e-01 2.819850783946366013e-01 4.074034713113235950e-01 6.003849957144884453e-01 8.469601524093607336e-01 6.696038776535157000e-01 4.518454554898870823e-01 1.739969800184404392e-01
4.498180955220814625e-01 9.003337793766270636e-01 6.760422108739108094e-01 7.488177890761982258e-01 6.182769759046379265e-01 5.746919558713620146e-01 5.880878095829766838e-01 3.831558437150857088e-01 8.181350329093981522e-01 7.214794442949161724e-01 4.563977784259000137e-01 7.127106532778610948e-01 3.838071535311394222e-01 5.123141347985581406e-01 1.458841846005497489e-01 5.168020669647162002e-01 1.589130915126132360e-01 4.088633407004086950e-01 0.000000000000000000e+00 8.708656437279308493e-01 2.883759158090516417e-01 1.431189978743403479e-01 3.443926050017896978e-01 5.503069225804111397e-01 7.339545448433535402e-01 3.061213080865378133e-01 6.149808113906645168e-01 3.936232139262807461e-01 3.826592489862298274e-01 4.495259161722034991e-01 4.807116132355684912e-01 7.934982508904597776e-01 3.548556104429556601e-01 3.366752196261337815e-01 5.796612738551600863e-01
5.487448482086343393e-01 6.950541846501707699e-01 7.792580504854818013e-01 9.394943945756142334e-01 4.041640949217739642e-01 4.415469619435674620e-01 6.217531923228329926e-01 3.113063991464973812e-01 4.324157115565629428e-01 2.156485870052156084e-01 3.882478423719957772e-01 6.604298056981825482e-01 7.223999323560510444e-01 9.356486031182087437e-01 7.153252738169442182e-01 5.078896401366590485e-01 7.736184072223811770e-01 1.109568829342065799e-01 8.708656437279308493e-01 0.000000000000000000e+00 7.294931988050508131e-01 3.101438935388777240e-01 7.800959140581821272e-01 9.038489551495705321e-01 7.176354905803264961e-01 4.743782463223134016e-01 1.575432828760049420e-01 9.680082569830272821e-01 5.596331748975924558e-02 5.591635068259395158e-01 3.012263763028842911e-01 5.029066062310549867e-01 5.248231329970510783e-01 6.541505511326355382e-01 2.338531687244227442e-01
9.178618225536485653e-01 2.164225912446648969e-01 2.868768962519679944e-01 6.182114613259983571e-01 8.212102446205418183e-01 6.763643414139072219e-01 3.394884780830029758e-01 5.670865489806193871e-01 6.836391502122052266e-01 7.288606614430196418e-01 3.748468256793319187e-01 3.453075779145363677e-01 6.610477989340124427e-01 3.816058225904503942e-01 4.965107743833395704e-01 4.011043728777817785e-01 3.171428880189520738e-01 1.892143652372183515e-01 2.883759158090516417e-01 7.294931988050508131e-01 0.000000000000000000e+00 3.816568684251665511e-01 9.138521415039116969e-01 8.040128032703676153e-01 7.018468569802515100e-01 4.957698211803017174e-01 5.359100400228924421e-01 3.915861272738089260e-01 3.364629199879690669e-01 5.769544622488318453e-01 2.765442742441144297e-01 5.677622345294213169e-01 6.336598463017033556e-01 2.508398437880454135e-01 4.747451920005630321e-01
5.108277062970472127e-01 4.202767999206964422e-01 1.590614445655633702e-01 5.328266844649252043e-01 2.874623264541873446e-01 5.271202341919897227e-01 8.733624913437092463e-01 4.490284883766442747e-01 2.787200274304370007e-01 9.272293276882381807e-02 4.996932813939674589e-01 7.454274844281845169e-01 7.355454919227140120e-01 6.222805644325333230e-01 2.711612601873818473e-01 1.527225856484810684e-01 4.525343049079214586e-01 7.229301974358715022e-01 1.431189978743403479e-01 3.101438935388777240e-01 3.816568684251665511e-01 0.000000000000000000e+00 4.679793671383905007e-01 5.457269524149238604e-01 3.843607182955688373e-01 2.580342032897119386e-01 8.655093261100863522e-01 7.967795776467201385e-01 3.467403113375691071e-01 8.283899915410004589e-01 5.521953636928157438e-01 4.074950205873086873e-01 4.072005819672201987e-01 7.536238764932458034e-01 1.701208579311496161e-01
3.324592228542465611e-01 1.665257917574185509e-01 5.269884007593433894e-01 6.918594122555238313e-01 4.643508771573171545e-01 5.628425095787084054e-01 6.552040170118778040e-01 6.373392830664933451e-01 6.133805116201908048e-01 7.231910424333132248e-01 6.968926911319417439e-01 3.525783868874123872e-01 7.981320763462506074e-01 4.231411004884317317e-01 8.979956230395642613e-01 4.464759628758163679e-01 8.127159592127246590e-01 4.521932651484677490e-01 3.443926050017896978e-01 7.800959140581821272e-01 9.138521415039116969e-01 4.679793671383905007e-01 0.000000000000000000e+00 9.721477140691072716e-01 8.310766788640833180e-01 4.351882790332574635e-01 3.897412256574729339e-01 5.421453637833034689e-01 2.740998203179151327e-01 8.453843176431343753e-01 6.550587888544752158e-01 6.644612547877722930e-01 2.731922947701900251e-01 1.792683884816239637e-01 9.407451424727668599e-01
7.944520109062029878e-01 3.747191798160560694e-01 2.840005497181163352e-01 5.878786478932984672e-01 8.622985474894949709e-01 7.868270401324390928e-01 4.649755016512411299e-01 7.946403183950438986e-01 6.842584063203471789e-01 4.495919742493891258e-01 8.689902488327503338e-01 6.301451042005705716e-01 8.725826313992250949e-01 3.969258311417422913e-01 4.426170111035160337e-01 4.275193455821563182e-01 4.691138853771104622e-01 4.762881849672385703e-01 5.503069225804111397e-01 9.038489551495705321e-01 8.040128032703676153e-01 5.457269524149238604e-01 9.721477140691072716e-01 0.000000000000000000e+00 4.426735703463300364e-01 4.507071645208539090e-01 8.482508280327416550e-01 3.681737458448950950e-01 6.304846732144091526e-01 4.109808701219654914e-01 8.705347697122602924e-01 4.670782834822356788e-01 8.447285811877400796e-01 8.457692283706593761e-01 1.517630778360508081e-01
9.314017948853019480e-01 2.800514333623589369e-01 6.071758465611386546e-01 6.159693063778803879e-01 8.283022910648050186e-01 8.562766317948092842e-01 4.112658804538981139e-01 7.809665916669701335e-01 2.915802443526288590e-01 4.394366080218962689e-01 7.011593055574960598e-01 5.347922588468611016e-01 5.525341066764525300e-01 4.920498480183000956e-01 5.738359380396548248e-01 4.622082172746493911e-01 2.825860774411766974e-01 7.471951783549986015e-01 7.339545448433535402e-01 7.176354905803264961e-01 7.018468569802515100e-01 3.843607182955688373e-01 8.310766788640833180e-01 4.426735703463300364e-01 0.000000000000000000e+00 7.990458979909520476e-01 2.244604237372332944e-01 4.225968895534217284e-01 7.061515159684255138e-01 4.631343795569380917e-01 8.944409428066386614e-01 3.738101512216965849e-01 8.183266682288761196e-01 5.058925897362231971e-02 3.207746429122967369e-01
7.401289007735196712e-01 9.407885780822380362e-01 7.821791691739987673e-01 4.355116048117285699e-01 7.753918395012562303e-01 5.509942745626947858e-01 6.549157095041481247e-01 8.206134632424391118e-01 4.488789302294469152e-01 4.341297704171099281e-01 1.124139534777940375e-01 6.788012519074688722e-01 2.020331693553830688e-01 4.151163265180388695e-01 5.933917959343888437e-01 2.952664132824501242e-01 9.017435115136496204e-01 1.248170022035778315e-01 3.061213080865378133e-01 4.743782463223134016e-01 4.957698211803017174e-01 2.580342032897119386e-01 4.351882790332574635e-01 4.507071645208539090e-01 7.990458979909520476e-01 0.000000000000000000e+00 2.890961852421254363e-01 5.359374266779135532e-01 1.523880233923565752e-01 7.183777464085153719e-01 5.569757248247730885e-01 5.433484573194190537e-01 5.453861553821869323e-01 3.363736161214481157e-01 4.916183634591346774e-01
8.757681370843293234e-01 1.406242314660609560e-01 3.415154525148604292e-01 5.107691789177829511e-01 7.836885907890656089e-01 3.734868107244150304e-01 3.627579048084360602e-01 5.434156024453022926e-01 3.557179721561359864e-01 1.476962902912385411e-01 4.477241469619900327e-01 5.350503328551854398e-01 3.288704003362029615e-01 1.160572584957779707e-01 2.496488605432611863e-01 3.636340782114084735e-01 4.217296167616213509e-02 6.525487062300568963e-01 6.149808113906645168e-01 1.575432828760049420e-01 5.359100400228924421e-01 8.655093261100863522e-01 3.897412256574729339e-01 8.482508280327416550e-01 2.244604237372332944e-01 2.890961852421254363e-01 0.000000000000000000e+00 4.823704184377807791e-01 3.733032059478492148e-01 9.132238048794852903e-01 4.117700438947200503e-01 5.620970422119677679e-01 6.739208354772419085e-01 6.088194521499079581e-01 3.664354822894055896e-01
5.353280200702841274e-01 3.482711200784114336e-01 5.323016322621303420e-01 5.324268005090547762e-01 5.806018149157332608e-01 6.914525730529635927e-01 4.921586638043078943e-01 8.960150065658596397e-01 3.255457600526215911e-01 4.530490929346737694e-01 7.302994538415947812e-01 1.429106240987629839e-01 4.230622889219680105e-01 8.372165346539166553e-01 4.936581163883703161e-01 3.891093611027589549e-01 7.765070618162431826e-01 7.440997025922182484e-01 3.936232139262807461e-01 9.680082569830272821e-01 3.915861272738089260e-01 7.967795776467201385e-01 5.421453637833034689e-01 3.681737458448950950e-01 4.225968895534217284e-01 5.359374266779135532e-01 4.823704184377807791e-01 0.000000000000000000e+00 1.728646382108411927e-01 6.868911479883998972e-01 8.399340733261472236e-01 3.262077341940336495e-01 5.233009648938725666e-01 7.542436650141779442e-01 1.155477767849755200e-01
1.709008518045961322e-01 3.311218907374346987e-02 1.661613792093271647e-01 5.733544319267569467e-01 5.221821837568848546e-01 7.416003299564157825e-01 8.624824469203820065e-01 1.784430787576696265e-01 8.172990051380095711e-01 5.213812853308092965e-01 4.668944883505973809e-01 2.576495799777754891e-01 6.995793055665024962e-01 4.225462362500561619e-01 2.370515730078687211e-01 5.681846250616360283e-01 5.472709010102136951e-01 2.819850783946366013e-01 3.826592489862298274e-01 5.596331748975924558e-02 3.364629199879690669e-01 3.467403113375691071e-01 2.740998203179151327e-01 6.304846732144091526e-01 7.061515159684255138e-01 1.523880233923565752e-01 3.733032059478492148e-01 1.728646382108411927e-01 0.000000000000000000e+00 5.236129400238572762e-01 6.922168713361981363e-01 2.848962882479438852e-01 5.602889082978370627e-01 7.185960603794586676e-01 5.456063731266201922e-01
4.622216356891334366e-01 4.469535266105295612e-01 4.233289008622582728e-01 4.868555202354618028e-01 8.753408835731046889e-01 2.445448057655209562e-01 8.822051384002604912e-01 3.389619124488947310e-01 1.954688576274395961e-01 3.687642740790540996e-01 6.062902809033441365e-01 6.796008839973373128e-01 6.457983342521381731e-01 4.349258634226256803e-01 7.310238380290163818e-01 3.595815487348348327e-01 3.332918066404000346e-01 4.074034713113235950e-01 4.495259161722034991e-01 5.591635068259395158e-01 5.769544622488318453e-01 8.283899915410004589e-01 8.453843176431343753e-01 4.109808701219654914e-01 4.631343795569380917e-01 7.183777464085153719e-01 9.132238048794852903e-01 6.868911479883998972e-01 5.236129400238572762e-01 0.000000000000000000e+00 5.046873704891698953e-01 5.727127282545939613e-01 5.446066838930819776e-01 6.472447945165240579e-01 4.897740663285980456e-01
4.810653542271146610e-01 3.601550260684389659e-01 9.186934550990348836e-01 8.477701105280808225e-01 5.220641721330971929e-01 3.163947337833167284e-01 3.285155179063115050e-02 5.466092405689321199e-01 7.924618412057398142e-01 7.456971398101432946e-01 3.896384064389394331e-01 4.978295142021540998e-01 3.298428285287220429e-01 1.913531870370885901e-01 4.220223463318483192e-01 4.634682885374794559e-01 3.711603077927887462e-01 6.003849957144884453e-01 4.807116132355684912e-01 3.012263763028842911e-01 2.765442742441144297e-01 5.521953636928157438e-01 6.550587888544752158e-01 8.705347697122602924e-01 8.944409428066386614e-01 5.569757248247730885e-01 4.117700438947200503e-01 8.399340733261472236e-01 6.922168713361981363e-01 5.046873704891698953e-01 0.000000000000000000e+00 5.815544331738484729e-01 6.537556983707688563e-01 9.355174658908396168e-01 5.374873187968942645e-01
2.661772522836406418e-01 5.771003302052400974e-01 4.817945410098173897e-01 1.672722756933624488e-01 3.186873700074315252e-01 5.687450171102093055e-01 6.187672331683304883e-01 4.130586916097043204e-01 3.462917315263276397e-01 8.134721046334787431e-01 1.464948349089405522e-01 5.996139834593862128e-01 6.746020071303775456e-01 7.369623369802142943e-01 4.618609050574895569e-01 7.888179568762172522e-01 3.331913882818979822e-01 8.469601524093607336e-01 7.934982508904597776e-01 5.029066062310549867e-01 5.677622345294213169e-01 4.074950205873086873e-01 6.644612547877722930e-01 4.670782834822356788e-01 3.738101512216965849e-01 5.433484573194190537e-01 5.620970422119677679e-01 3.262077341940336495e-01 2.848962882479438852e-01 5.727127282545939613e-01 5.815544331738484729e-01 0.000000000000000000e+00 4.163015214528798524e-01 6.788437784002564479e-01 2.916438788937629201e-01
2.400398245070608505e-01 9.897193937710868639e-02 5.016054152836271207e-01 4.643557125094565086e-01 6.896416852690481214e-01 5.932104469871956054e-01 4.112679261010921961e-01 6.244523306703230192e-01 1.648231415200551164e-01 9.228889500559880332e-01 1.440369358756010687e-01 3.779559561233004628e-01 3.564511516158122006e-01 8.122814631841889232e-01 3.366856453513417113e-01 8.346738445191095312e-01 6.556590218980877793e-01 6.696038776535157000e-01 3.548556104429556601e-01 5.248231329970510783e-01 6.336598463017033556e-01 4.072005819672201987e-01 2.731922947701900251e-01 8.447285811877400796e-01 8.183266682288761196e-01 5.453861553821869323e-01 6.739208354772419085e-01 5.233009648938725666e-01 5.602889082978370627e-01 5.446066838930819776e-01 6.537556983707688563e-01 4.163015214528798524e-01 0.000000000000000000e+00 2.122055433199514507e-01 3.497688759241455170e-01
8.667584565257853146e-01 6.162171734266476131e-01 1.245710223914064940e-01 4.766552772048695541e-01 9.627770887001527722e-01 6.681548142227153875e-01 5.733543868873843818e-01 1.813760018643201244e-01 6.789900699011268692e-01 2.734402899221266559e-01 2.215441700607634345e-01 4.822093435966729458e-01 5.440693287269803280e-01 2.570846457169018162e-01 3.885474343472308245e-01 7.838207820228917377e-01 2.884524870382501049e-01 4.518454554898870823e-01 3.366752196261337815e-01 6.541505511326355382e-01 2.508398437880454135e-01 7.536238764932458034e-01 1.792683884816239637e-01 8.457692283706593761e-01 5.058925897362231971e-02 3.363736161214481157e-01 6.088194521499079581e-01 7.542436650141779442e-01 7.185960603794586676e-01 6.472447945165240579e-01 9.355174658908396168e-01 6.788437784002564479e-01 2.122055433199514507e-01 0.000000000000000000e+00 3.743309663649080354e-01
5.049760841276000889e-01 2.628735719943062765e-01 2.577690682092914631e-01 3.696411163079989515e-01 2.790307059878552876e-01 7.991762843903689184e-01 5.089675949433462021e-01 8.175665660020335901e-01 5.420622945027526729e-01 3.212805979544874901e-01 2.900924213678673924e-01 4.818223274352573249e-01 4.543808983054083983e-01 6.678209832967104687e-01 8.853842832075984326e-01 6.933936483029825570e-01 8.571814033162614699e-01 1.739969800184404392e-01 5.796612738551600863e-01 2.338531687244227442e-01 4.747451920005630321e-01 1.701208579311496161e-01 9.407451424727668599e-01 1.517630778360508081e-01 3.207746429122967369e-01 4.916183634591346774e-01 3.664354822894055896e-01 1.155477767849755200e-01 5.456063731266201922e-01 4.897740663285980456e-01 5.374873187968942645e-01 2.916438788937629201e-01 3.497688759241455170e-01 3.743309663649080354e-01 0.000000000000000000e+00
