0.000000000000000000e+00 5.375244949515510795e-01 5.035148153880718569e-01 4.531018941929236266e-01 7.035489412759309280e-01 9.460942805003689227e-01 6.125116502391525497e-01 4.286937753552723107e-01 8.479536369597947543e-01 5.070400244282130542e-01 6.523507447825973582e-01 7.415218230794342613e-01 2.471352764516959177e-01 6.401232831079449737e-01 9.105425491737439980e-01 5.199842815156004994e-01 4.971911084539989978e-01 8.204083097613028563e-01 2.388218999747215854e-01 5.423877072068605809e-01 7.522030147635000441e-01 3.080476624919951667e-01 7.014688657195025101e-01 6.911142305744462089e-01 7.673480371251137910e-01 9.359705352516484167e-01 8.231982519752822913e-02 4.294980107511997547e-01 6.327961696888773080e-01 8.650065441753913564e-01 7.648277619298347041e-01 5.889493451164728999e-01 3.781630829131682470e-01 7.927789048721458620e-01 9.184532722033226237e-01
5.375244949515510795e-01 0.000000000000000000e+00 3.988300642940294516e-01 4.437826762481222875e-01 5.548286693116970536e-01 8.883821136894370918e-01 9.442288533578565568e-01 8.961286212110011196e-01 5.512985669707467506e-01 1.095595976965886287e-01 8.556381189276909272e-01 4.748741491126723391e-01 4.649328706737871908e-01 7.784878132871162482e-01 7.763871946064079266e-01 4.932421509024824680e-01 6.204453281609149107e-01 6.471011517849117878e-02 6.387000274245127063e-01 5.049631535562622009e-01 4.548299911452506339e-01 3.021404356681671732e-01 4.837598605078802239e-01 1.872426358770533095e-01 8.212944351714130953e-01 6.035917575739395691e-01 1.823860776210886048e-01 7.397244889667413670e-01 8.724581584028687775e-01 6.099232052457949083e-01 4.367802652474805924e-01 5.381389044039028846e-01 4.975469103404083215e-01 7.255604185223873959e-01 7.989009227592072104e-01
5.035148153880718569e-01 3.988300642940294516e-01 0.000000000000000000e+00 5.701050105987821581e-01 3.102998896123462247e-01 4.894474572683518154e-01 9.880560556981791143e-01 2.622332294490248294e-01 4.765622953644439996e-01 3.067932918989498825e-01 3.880543905968238394e-01 6.067961255203911941e-01 5.363323300549265316e-01 2.289804539915269443e-01 6.320404845618312617e-01 7.616281791038626015e-01 2.830179354847852657e-01 6.885453944896785528e-01 5.152555789448470813e-01 3.415279814095406596e-01 6.008817386782683290e-01 8.188031112763539676e-01 6.319369812014996590e-01 4.935015342595013843e-01 8.116269508833133806e-01 5.382820423180931790e-01 2.269793336833459962e-01 4.702343517509841031e-01 2.261974859964249740e-01 8.715523801378588509e-01 5.839926638881545173e-01 8.096151622112809365e-01 5.331417425917817088e-01 6.859096765200177748e-01 3.414012172555295765e-01
4.531018941929236266e-01 4.437826762481222875e-01 5.701050105987821581e-01 0.000000000000000000e+00 5.594548375033358001e-01 7.124112111211137188e-01 1.660760251274613353e-01 6.381258077260770767e-02 9.384158597630796184e-01 7.914290811785178459e-01 2.782470892426213149e-01 3.445849442137168261e-01 4.841650355908820869e-01 6.120080430725769460e-01 5.845608191769704476e-01 6.414993613936226247e-01 4.926520540664000580e-01 7.157190068390382187e-01 5.711679370472482198e-01 4.376887456396866827e-01 7.543899562105087497e-01 3.837612435501535080e-01 5.508797602791684067e-01 6.785985607184393809e-01 2.265644573073625767e-01 1.890883288050175803e-01 2.247253019204170643e-01 9.649041962832116681e-02 6.306998019600795757e-01 3.104500192344062937e-01 3.521729917545087796e-01 7.406058176216880895e-01 4.408011867106539361e-01 4.705265467034036586e-01 5.709605678564100284e-01
7.035489412759309280e-01 5.548286693116970536e-01 3.102998896123462247e-01 5.594548375033358001e-01 0.000000000000000000e+00 8.119899739271912997e-01 2.559821443313856082e-01 4.571403035742087617e-01 1.979856816073362058e-01 2.499137105254646551e-01 3.335081874211413000e-01 5.940392220808676793e-01 4.915212640435555613e-01 6.622853584991087450e-01 4.264381855651485642e-01 1.973791169060913342e-01 6.717430018822558857e-01 5.327184031079065241e-01 3.777393306907028681e-01 4.047281888070634048e-01 2.763509971154236022e-01 6.372982699087117453e-01 7.478440309663183516e-01 8.204775299833664270e-01 3.705994090294996157e-01 8.406354861191771555e-01 2.389136714064357403e-01 7.088703630123416310e-02 7.708741720684402221e-01 4.647274623366771662e-01 5.269910013425438411e-01 3.283068481662647642e-01 5.318277988463094852e-01 4.809641862685790636e-01 7.727572305109855488e-01
9.460942805003689227e-01 8.883821136894370918e-01 4.894474572683518154e-01 7.124112111211137188e-01 8.119899739271912997e-01 0.000000000000000000e+00 2.924078203097133510e-01 4.885755555909097603e-01 9.487678409647339883e-01 6.711541618173093582e-01 5.702455980801943713e-01 2.247458385732619135e-01 6.831325621751225263e-01 8.904218263725878213e-01 8.318829451660836316e-01 8.657819778488871076e-01 5.367809999536250487e-01 6.044905878754429640e-01 6.162565023362664984e-01 5.875865654959980811e-01 6.713625416068889074e-01 5.561446788664579088e-01 7.828958470894094024e-01 5.371316634782830057e-01 4.648317552998208479e-01 1.000920012230069878e-01 4.494580624152550996e-01 6.686194801890170680e-01 5.077729695622195116e-01 4.020982072740232338e-01 6.935985525473347124e-01 3.958831587716374889e-01 5.607442560059554548e-01 5.940385297369015216e-01 3.466213999765658249e-01
6.125116502391525497e-01 9.442288533578565568e-01 9.880560556981791143e-01 1.660760251274613353e-01 2.559821443313856082e-01 2.924078203097133510e-01 0.000000000000000000e+00 4.424697195070110833e-01 8.998516119006829683e-01 3.371851200451729813e-01 5.377168604357979165e-01 2.312333612180763609e-01 4.550086238895800772e-02 4.959304311908979135e-01 3.866857387408449975e-01 6.845433501392497178e-01 3.556857295648900852e-01 3.475573783013656826e-01 4.160376211237814537e-01 4.684205596656720316e-01 2.440688190115258560e-01 3.246425478342574444e-01 5.114234390679870401e-01 6.505384723385814194e-01 4.336279916545440205e-01 4.377488734609180088e-01 3.995580699004130931e-02 4.202910113477978382e-01 4.449396500569995361e-01 1.816390555372490168e-01 2.934062439407504330e-01 5.685112504125912070e-01 4.992047491004568127e-01 6.638679235064779416e-01 6.385305527384768087e-01
4.286937753552723107e-01 8.961286212110011196e-01 2.622332294490248294e-01 6.381258077260770767e-02 4.571403035742087617e-01 4.885755555909097603e-01 4.424697195070110833e-01 0.000000000000000000e+00 9.310390864779825026e-01 5.372592149416108853e-01 4.916865584358903751e-01 5.227529301170610321e-01 2.932030804389118561e-01 7.509188259680662503e-01 8.334688461217525379e-01 9.234666960075406106e-01 3.675256149088067525e-01 6.160717102184130045e-01 9.249875197325199139e-01 6.906857319642065729e-01 4.301575257970864929e-01 5.406626371412937004e-01 4.981665152643318106e-01 2.647921721960546648e-01 4.316686605764643581e-01 4.162536686591733481e-01 6.322490722228246707e-01 8.154869786333538428e-01 3.437449665206524507e-01 5.862773832395560270e-01 8.329177621109404850e-01 3.148256827966645632e-01 3.147301817932516843e-01 1.462835640748757493e-01 3.758124012368772027e-01
8.479536369597947543e-01 5.512985669707467506e-01 4.765622953644439996e-01 9.384158597630796184e-01 1.979856816073362058e-01 9.487678409647339883e-01 8.998516119006829683e-01 9.310390864779825026e-01 0.000000000000000000e+00 6.086340528295575147e-01 6.138153095521907687e-01 8.543994710426208172e-01 4.670765667277931854e-01 4.098595168156095037e-01 2.037963548627621524e-01 5.536025496839220850e-01 7.976529596157682089e-01 6.777530382859282554e-01 7.987335940379280963e-01 6.546839337072840603e-01 6.780079439962711785e-01 3.938831329174682927e-01 8.105246816355352601e-01 1.922600078375803490e-01 3.775672688522092035e-01 2.662456625751685180e-01 3.084907712930542445e-01 3.776660976228387590e-01 3.297701067553779342e-01 6.837364094120781388e-01 1.526072558270432644e-01 4.085487039352585503e-01 5.254057191474019728e-01 4.894722331609870913e-01 4.277026258828067196e-01
5.070400244282130542e-01 1.095595976965886287e-01 3.067932918989498825e-01 7.914290811785178459e-01 2.499137105254646551e-01 6.711541618173093582e-01 3.371851200451729813e-01 5.372592149416108853e-01 6.086340528295575147e-01 0.000000000000000000e+00 5.627143831930334628e-01 6.698671839157633867e-01 5.229053975776492003e-01 3.390007444299266703e-01 8.722132201465273571e-01 1.571509438424751881e-01 4.356057767679792359e-01 3.093578055226132162e-01 3.891313057440209389e-01 2.282745952271604262e-01 5.526605665590434979e-01 8.454739127564885326e-01 1.722345290424773800e-01 7.455521964037188365e-01 4.341542403092040203e-01 5.005935989708307776e-01 7.810480571954612206e-01 6.742465226434564141e-01 5.894509891561401371e-01 6.507092637611024966e-01 4.881711982432332952e-01 6.717047279773046276e-01 4.227229593146052400e-01 1.232179183680772727e-01 3.546754885856517880e-01
6.523507447825973582e-01 8.556381189276909272e-01 3.880543905968238394e-01 2.782470892426213149e-01 3.335081874211413000e-01 5.702455980801943713e-01 5.377168604357979165e-01 4.916865584358903751e-01 6.138153095521907687e-01 5.627143831930334628e-01 0.000000000000000000e+00 3.372794132207691531e-01 3.395588087253968435e-01 7.893840771161053649e-01 5.170293226788389429e-01 6.179218522577745176e-01 4.970372929306288157e-01 4.827098217109712097e-01 4.855787357311353025e-01 2.326084284385930290e-01 5.483535565116126609e-01 6.732728093077013920e-01 4.360156408925481286e-01 1.372466499762249326e-01 7.528016965558600448e-01 6.365518912819924102e-01 4.399315901403798024e-01 3.446939605140701968e-01 7.741396448376594019e-01 5.402471473941303781e-01 2.234038445431847375e-01 7.502323232327063884e-01 7.327127229885357362e-01 5.840973221854827147e-01 5.488776247703991418e-01
7.415218230794342613e-01 4.748741491126723391e-01 6.067961255203911941e-01 3.445849442137168261e-01 5.940392220808676793e-01 2.247458385732619135e-01 2.312333612180763609e-01 5.227529301170610321e-01 8.543994710426208172e-01 6.698671839157633867e-01 3.372794132207691531e-01 0.000000000000000000e+00 6.424023382342485267e-01 6.096833609236473883e-01 8.626637455081924699e-01 4.911480491939439474e-01 8.788814877829723704e-01 4.725082090623100584e-01 7.891019794044409341e-01 5.197674027908639749e-01 2.895038683200534813e-01 4.812183699974509343e-01 6.600023737348186259e-01 8.440147523261146700e-01 8.302405836420816421e-01 3.329753241065651626e-01 1.542712972566103735e-01 5.029327859400468670e-01 6.161682257129070805e-01 3.507798960098585939e-01 4.812903701075764151e-01 1.940464984395999792e-01 3.895346679393156264e-01 5.147778729235661377e-01 5.966950272016853241e-01
2.471352764516959177e-01 4.649328706737871908e-01 5.363323300549265316e-01 4.841650355908820869e-01 4.915212640435555613e-01 6.831325621751225263e-01 4.550086238895800772e-02 2.932030804389118561e-01 4.670765667277931854e-01 5.229053975776492003e-01 3.395588087253968435e-01 6.424023382342485267e-01 0.000000000000000000e+00 5.368263685492185022e-01 6.532140033321603978e-01 6.360061590230612349e-01 3.597789159601784692e-01 6.307431494708559683e-01 3.954602918350336727e-01 1.833358080247484700e-01 5.604627917226543410e-01 4.708173124354592121e-01 3.861377955403684226e-01 3.915958869737027337e-01 5.682728993299802633e-01 1.869030144730943199e-01 6.278614321555333611e-01 7.149800255984092301e-01 3.712320719326339669e-01 5.120477427982207397e-01 4.837946428087827044e-01 8.863990750376600225e-01 1.870402632223231443e-01 5.982993374813438958e-01 6.518840714763330935e-01
6.401232831079449737e-01 7.784878132871162482e-01 2.289804539915269443e-01 6.120080430725769460e-01 6.622853584991087450e-01 8.904218263725878213e-01 4.959304311908979135e-01 7.509188259680662503e-01 4.098595168156095037e-01 3.390007444299266703e-01 7.893840771161053649e-01 6.096833609236473883e-01 5.368263685492185022e-01 0.000000000000000000e+00 5.972133117295694849e-01 5.306018125892493220e-01 2.374538939379861047e-01 2.807155396917889734e-01 6.744711128532485667e-01 2.129703472766044103e-01 3.215606607227990410e-01 6.474903765702226810e-01 4.800929656395689915e-01 7.158887368560329367e-02 4.115597636145329474e-01 4.303280281660645246e-01 4.273571995818656877e-01 5.862525105726713592e-01 1.181723561572369796e-01 4.249572850301570059e-01 8.143651053110059213e-01 7.997812444243337371e-01 8.523227509361334109e-01 9.018303954164563763e-01 7.629102378988408262e-01
9.105425491737439980e-01 7.763871946064079266e-01 6.320404845618312617e-01 5.845608191769704476e-01 4.264381855651485642e-01 8.318829451660836316e-01 3.866857387408449975e-01 8.334688461217525379e-01 2.037963548627621524e-01 8.722132201465273571e-01 5.170293226788389429e-01 8.626637455081924699e-01 6.532140033321603978e-01 5.972133117295694849e-01 0.000000000000000000e+00 5.708960273631522586e-01 8.192459669492002661e-02 5.387595195344638821e-01 5.454658170134325523e-01 2.154276733929171017e-01 5.434830292536337870e-01 4.745561809181451096e-01 4.700987120637241667e-01 4.825221452178611314e-01 2.280122929086074723e-01 4.145224483236573110e-01 3.563703929074866217e-01 1.914585873184015963e-01 9.673066832367515078e-01 6.141117985720960792e-01 5.823364645309552223e-01 9.133422790288761028e-01 7.169434589116164824e-01 5.423385236017317368e-01 3.736712742837946521e-01
5.199842815156004994e-01 4.932421509024824680e-01 7.616281791038626015e-01 6.414993613936226247e-01 1.973791169060913342e-01 8.657819778488871076e-01 6.845433501392497178e-01 9.234666960075406106e-01 5.536025496839220850e-01 1.571509438424751881e-01 6.179218522577745176e-01 4.911480491939439474e-01 6.360061590230612349e-01 5.306018125892493220e-01 5.708960273631522586e-01 0.000000000000000000e+00 4.827873958310699987e-01 5.687236128191286433e-01 6.497669921127517956e-01 4.099358352864430621e-01 5.814485539500520161e-01 9.756764432866769088e-01 2.846623161722408590e-01 6.743066546137040929e-01 3.749668122933006442e-01 6.081566322892879572e-01 6.121511835461956874e-02 4.787790379210027369e-01 4.642211958938456950e-01 4.496197843525028270e-01 3.105549777029921188e-01 6.783723395925889132e-02 3.378852307700422886e-01 7.038954299493392908e-01 5.180847496883134173e-01
4.971911084539989978e-01 6.204453281609149107e-01 2.830179354847852657e-01 4.926520540664000580e-01 6.717430018822558857e-01 5.367809999536250487e-01 3.556857295648900852e-01 3.675256149088067525e-01 7.976529596157682089e-01 4.356057767679792359e-01 4.970372929306288157e-01 8.788814877829723704e-01 3.597789159601784692e-01 2.374538939379861047e-01 8.192459669492002661e-02 4.827873958310699987e-01 0.000000000000000000e+00 2.840449394078227163e-01 1.671371188178143452e-01 4.800261444720709259e-01 4.401842263479827655e-01 7.451322390254793149e-01 5.017401136907854164e-01 3.905503627602521788e-01 4.243387241853164848e-01 3.253711690568910075e-01 5.956417473023090103e-01 6.602897952288386829e-01 5.582700405715647074e-01 3.138278703277687098e-01 9.077545630379773023e-01 5.209019782851763702e-01 7.633662898048806378e-01 4.947756968011660650e-01 6.549424752347841050e-01
8.204083097613028563e-01 6.471011517849117878e-02 6.885453944896785528e-01 7.157190068390382187e-01 5.327184031079065241e-01 6.044905878754429640e-01 3.475573783013656826e-01 6.160717102184130045e-01 6.777530382859282554e-01 3.093578055226132162e-01 4.827098217109712097e-01 4.725082090623100584e-01 6.307431494708559683e-01 2.807155396917889734e-01 5.387595195344638821e-01 5.687236128191286433e-01 2.840449394078227163e-01 0.000000000000000000e+00 6.065449550565016335e-02 2.239289555043605939e-01 8.297424622230344937e-01 1.535899121164089332e-01 3.282756834321467476e-01 5.956838704062010770e-01 3.825136391367062738e-01 5.807180146199588666e-01 5.687552368753282517e-01 6.573789085650998398e-01 3.661898711737771039e-01 8.717484505698371855e-01 3.066671983613886154e-01 4.835099466947240798e-01 3.330283735372370213e-01 3.436824019315120049e-01 7.856064839584220305e-01
2.388218999747215854e-01 6.387000274245127063e-01 5.152555789448470813e-01 5.711679370472482198e-01 3.777393306907028681e-01 6.162565023362664984e-01 4.160376211237814537e-01 9.249875197325199139e-01 7.987335940379280963e-01 3.891313057440209389e-01 4.855787357311353025e-01 7.891019794044409341e-01 3.954602918350336727e-01 6.744711128532485667e-01 5.454658170134325523e-01 6.497669921127517956e-01 1.671371188178143452e-01 6.065449550565016335e-02 0.000000000000000000e+00 8.625528134328301899e-01 6.651376030790335792e-01 9.144230339980818911e-01 8.500059468874112678e-01 3.243211393539034426e-01 3.121199333025217459e-01 5.197038321749122280e-01 3.482908091324926070e-01 9.375878014735518073e-01 4.656532775998517559e-01 1.708533918061144186e-01 7.318822560887731088e-01 9.593161067184171609e-01 3.944054662125081601e-01 2.386562751176631858e-01 5.342108114784794859e-01
5.423877072068605809e-01 5.049631535562622009e-01 3.415279814095406596e-01 4.376887456396866827e-01 4.047281888070634048e-01 5.875865654959980811e-01 4.684205596656720316e-01 6.906857319642065729e-01 6.546839337072840603e-01 2.282745952271604262e-01 2.326084284385930290e-01 5.197674027908639749e-01 1.833358080247484700e-01 2.129703472766044103e-01 2.154276733929171017e-01 4.099358352864430621e-01 4.800261444720709259e-01 2.239289555043605939e-01 8.625528134328301899e-01 0.000000000000000000e+00 5.303156521379348565e-01 4.517942418494345636e-01 5.159015007271351427e-01 5.194798563134314096e-01 6.171036250774648568e-01 5.999385810644549677e-01 3.446506830763340634e-01 7.880952528736203666e-01 4.927873063484141114e-01 1.738081392948193638e-01 7.896207866018106758e-01 4.099688180374320701e-01 8.390442134077178427e-01 7.155946747768171523e-02 4.807094023569224994e-02
7.522030147635000441e-01 4.548299911452506339e-01 6.008817386782683290e-01 7.543899562105087497e-01 2.763509971154236022e-01 6.713625416068889074e-01 2.440688190115258560e-01 4.301575257970864929e-01 6.780079439962711785e-01 5.526605665590434979e-01 5.483535565116126609e-01 2.895038683200534813e-01 5.604627917226543410e-01 3.215606607227990410e-01 5.434830292536337870e-01 5.814485539500520161e-01 4.401842263479827655e-01 8.297424622230344937e-01 6.651376030790335792e-01 5.303156521379348565e-01 0.000000000000000000e+00 3.584438616469199923e-01 4.906076567395874499e-01 1.725392821523341613e-01 4.986602446811662093e-01 5.769893869336204517e-01 6.151164274667627607e-01 7.410134960425744932e-01 5.459914112715253953e-01 6.331924558914732160e-01 6.917002623750510004e-01 1.648239927059325649e-01 8.446259111632136163e-01 2.263430273783244018e-01 8.291274915383346489e-01
3.080476624919951667e-01 3.021404356681671732e-01 8.188031112763539676e-01 3.837612435501535080e-01 6.372982699087117453e-01 5.561446788664579088e-01 3.246425478342574444e-01 5.406626371412937004e-01 3.938831329174682927e-01 8.454739127564885326e-01 6.732728093077013920e-01 4.812183699974509343e-01 4.708173124354592121e-01 6.474903765702226810e-01 4.745561809181451096e-01 9.756764432866769088e-01 7.451322390254793149e-01 1.535899121164089332e-01 9.144230339980818911e-01 4.517942418494345636e-01 3.584438616469199923e-01 0.000000000000000000e+00 6.722322448249056226e-01 4.222128862990843778e-01 6.933448600992151434e-01 2.446091115847348341e-01 5.825388620589239119e-01 4.853127471321169173e-01 6.704982197435018776e-01 7.457389196912989071e-02 4.419860136494527247e-01 9.755398002711451744e-02 3.708915760376025328e-01 5.195466885469051110e-01 5.727852937883969320e-01
7.014688657195025101e-01 4.837598605078802239e-01 6.319369812014996590e-01 5.508797602791684067e-01 7.478440309663183516e-01 7.828958470894094024e-01 5.114234390679870401e-01 4.981665152643318106e-01 8.105246816355352601e-01 1.722345290424773800e-01 4.360156408925481286e-01 6.600023737348186259e-01 3.861377955403684226e-01 4.800929656395689915e-01 4.700987120637241667e-01 2.846623161722408590e-01 5.017401136907854164e-01 3.282756834321467476e-01 8.500059468874112678e-01 5.159015007271351427e-01 4.906076567395874499e-01 6.722322448249056226e-01 0.000000000000000000e+00 4.690569442058621918e-01 6.371084492080352213e-01 5.369850320550592082e-01 6.991756716042699660e-01 3.768645830556127674e-01 4.788977591433469794e-01 5.067868516341730301e-01 4.293768110853118936e-01 1.997852334809473440e-01 6.228701475856481817e-01 3.995469840433524822e-01 5.042476393122617973e-01
6.911142305744462089e-01 1.872426358770533095e-01 4.935015342595013843e-01 6.785985607184393809e-01 8.204775299833664270e-01 5.371316634782830057e-01 6.505384723385814194e-01 2.647921721960546648e-01 1.922600078375803490e-01 7.455521964037188365e-01 1.372466499762249326e-01 8.440147523261146700e-01 3.915958869737027337e-01 7.158887368560329367e-02 4.825221452178611314e-01 6.743066546137040929e-01 3.905503627602521788e-01 5.956838704062010770e-01 3.243211393539034426e-01 5.194798563134314096e-01 1.725392821523341613e-01 4.222128862990843778e-01 4.690569442058621918e-01 0.000000000000000000e+00 9.298777153142228080e-01 8.866746652398102002e-01 7.867777851000896661e-01 2.922421373664845223e-01 6.870460380530705180e-01 7.947488548206360637e-01 3.426940783042726757e-01 2.943159282852401137e-01 4.634773773317294454e-01 4.140545240507209623e-01 4.897285620584085342e-01
7.673480371251137910e-01 8.212944351714130953e-01 8.116269508833133806e-01 2.265644573073625767e-01 3.705994090294996157e-01 4.648317552998208479e-01 4.336279916545440205e-01 4.316686605764643581e-01 3.775672688522092035e-01 4.341542403092040203e-01 7.528016965558600448e-01 8.302405836420816421e-01 5.682728993299802633e-01 4.115597636145329474e-01 2.280122929086074723e-01 3.749668122933006442e-01 4.243387241853164848e-01 3.825136391367062738e-01 3.121199333025217459e-01 6.171036250774648568e-01 4.986602446811662093e-01 6.933448600992151434e-01 6.371084492080352213e-01 9.298777153142228080e-01 0.000000000000000000e+00 9.365168852440101110e-01 3.671926958273283859e-01 4.335010656249149719e-01 8.637925169351268195e-01 7.139988014009106543e-01 9.064226623646788328e-01 3.184997003542717198e-01 2.619118217496816392e-01 4.264229027888055690e-01 7.062615322086629455e-01
9.359705352516484167e-01 6.035917575739395691e-01 5.382820423180931790e-01 1.890883288050175803e-01 8.406354861191771555e-01 1.000920012230069878e-01 4.377488734609180088e-01 4.162536686591733481e-01 2.662456625751685180e-01 5.005935989708307776e-01 6.365518912819924102e-01 3.329753241065651626e-01 1.869030144730943199e-01 4.303280281660645246e-01 4.145224483236573110e-01 6.081566322892879572e-01 3.253711690568910075e-01 5.807180146199588666e-01 5.197038321749122280e-01 5.999385810644549677e-01 5.769893869336204517e-01 2.446091115847348341e-01 5.369850320550592082e-01 8.866746652398102002e-01 9.365168852440101110e-01 0.000000000000000000e+00 3.366698808911340879e-01 2.734194563403216094e-01 9.201347524302090353e-01 2.865057799061513366e-01 6.799835615445226633e-01 7.106872467836058416e-01 7.954137477967440084e-01 3.612502069692580253e-01 4.967615671255220522e-01
8.231982519752822913e-02 1.823860776210886048e-01 2.269793336833459962e-01 2.247253019204170643e-01 2.389136714064357403e-01 4.494580624152550996e-01 3.995580699004130931e-02 6.322490722228246707e-01 3.084907712930542445e-01 7.810480571954612206e-01 4.399315901403798024e-01 1.542712972566103735e-01 6.278614321555333611e-01 4.273571995818656877e-01 3.563703929074866217e-01 6.121511835461956874e-02 5.956417473023090103e-01 5.687552368753282517e-01 3.482908091324926070e-01 3.446506830763340634e-01 6.151164274667627607e-01 5.825388620589239119e-01 6.991756716042699660e-01 7.867777851000896661e-01 3.671926958273283859e-01 3.366698808911340879e-01 0.000000000000000000e+00 6.833639924896001139e-01 5.697451786482589098e-01 6.923031360490069508e-01 3.942507330082066774e-01 3.634704506819103065e-01 2.299517039965474907e-01 7.223016445944092645e-01 6.143987144217224472e-01
4.294980107511997547e-01 7.397244889667413670e-01 4.702343517509841031e-01 9.649041962832116681e-02 7.088703630123416310e-02 6.686194801890170680e-01 4.202910113477978382e-01 8.154869786333538428e-01 3.776660976228387590e-01 6.742465226434564141e-01 3.446939605140701968e-01 5.029327859400468670e-01 7.149800255984092301e-01 5.862525105726713592e-01 1.914585873184015963e-01 4.787790379210027369e-01 6.602897952288386829e-01 6.573789085650998398e-01 9.375878014735518073e-01 7.880952528736203666e-01 7.410134960425744932e-01 4.853127471321169173e-01 3.768645830556127674e-01 2.922421373664845223e-01 4.335010656249149719e-01 2.734194563403216094e-01 6.833639924896001139e-01 0.000000000000000000e+00 8.956774742687072521e-01 3.824929546291738758e-02 1.506552648319274268e-01 4.653937172796606681e-01 4.653383725698498896e-01 4.471717241539411858e-01 5.404024149697066459e-01
6.327961696888773080e-01 8.724581584028687775e-01 2.261974859964249740e-01 6.306998019600795757e-01 7.708741720684402221e-01 5.077729695622195116e-01 4.449396500569995361e-01 3.437449665206524507e-01 3.297701067553779342e-01 5.894509891561401371e-01 7.741396448376594019e-01 6.161682257129070805e-01 3.712320719326339669e-01 1.181723561572369796e-01 9.673066832367515078e-01 4.642211958938456950e-01 5.582700405715647074e-01 3.661898711737771039e-01 4.656532775998517559e-01 4.927873063484141114e-01 5.459914112715253953e-01 6.704982197435018776e-01 4.788977591433469794e-01 6.870460380530705180e-01 8.637925169351268195e-01 9.201347524302090353e-01 5.697451786482589098e-01 8.956774742687072521e-01 0.000000000000000000e+00 3.876964180360318313e-01 4.991833903937530903e-01 5.789575554531046775e-01 3.905300874433685898e-01 4.734627566461527826e-01 7.190646057395438939e-01
8.650065441753913564e-01 6.099232052457949083e-01 8.715523801378588509e-01 3.104500192344062937e-01 4.647274623366771662e-01 4.020982072740232338e-01 1.816390555372490168e-01 5.862773832395560270e-01 6.837364094120781388e-01 6.507092637611024966e-01 5.402471473941303781e-01 3.507798960098585939e-01 5.120477427982207397e-01 4.249572850301570059e-01 6.141117985720960792e-01 4.496197843525028270e-01 3.138278703277687098e-01 8.717484505698371855e-01 1.708533918061144186e-01 1.738081392948193638e-01 6.331924558914732160e-01 7.457389196912989071e-02 5.067868516341730301e-01 7.947488548206360637e-01 7.139988014009106543e-01 2.865057799061513366e-01 6.923031360490069508e-01 3.824929546291738758e-02 3.876964180360318313e-01 0.000000000000000000e+00 4.652996626345780040e-01 6.347990690110822953e-01 4.542053410476689645e-01 5.281146876781313004e-01 4.926068851363867296e-01
7.648277619298347041e-01 4.367802652474805924e-01 5.839926638881545173e-01 3.521729917545087796e-01 5.269910013425438411e-01 6.935985525473347124e-01 2.934062439407504330e-01 8.329177621109404850e-01 1.526072558270432644e-01 4.881711982432332952e-01 2.234038445431847375e-01 4.812903701075764151e-01 4.837946428087827044e-01 8.143651053110059213e-01 5.823364645309552223e-01 3.105549777029921188e-01 9.077545630379773023e-01 3.066671983613886154e-01 7.318822560887731088e-01 7.896207866018106758e-01 6.917002623750510004e-01 4.419860136494527247e-01 4.293768110853118936e-01 3.426940783042726757e-01 9.064226623646788328e-01 6.799835615445226633e-01 3.942507330082066774e-01 1.506552648319274268e-01 4.991833903937530903e-01 4.652996626345780040e-01 0.000000000000000000e+00 4.775119275098874683e-01 8.942230564782485125e-01 2.324965635389188989e-01 7.321584723507662540e-01
5.889493451164728999e-01 5.381389044039028846e-01 8.096151622112809365e-01 7.406058176216880895e-01 3.283068481662647642e-01 3.958831587716374889e-01 5.685112504125912070e-01 3.148256827966645632e-01 4.085487039352585503e-01 6.717047279773046276e-01 7.502323232327063884e-01 1.940464984395999792e-01 8.863990750376600225e-01 7.997812444243337371e-01 9.133422790288761028e-01 6.783723395925889132e-02 5.209019782851763702e-01 4.835099466947240798e-01 9.593161067184171609e-01 4.099688180374320701e-01 1.648239927059325649e-01 9.755398002711451744e-02 1.997852334809473440e-01 2.943159282852401137e-01 3.184997003542717198e-01 7.106872467836058416e-01 3.634704506819103065e-01 4.653937172796606681e-01 5.789575554531046775e-01 6.347990690110822953e-01 4.775119275098874683e-01 0.000000000000000000e+00 2.153117168926035885e-01 7.343968908403926132e-01 7.724219041848398026e-01
3.781630829131682470e-01 4.975469103404083215e-01 5.331417425917817088e-01 4.408011867106539361e-01 5.318277988463094852e-01 5.607442560059554548e-01 4.992047491004568127e-01 3.147301817932516843e-01 5.254057191474019728e-01 4.227229593146052400e-01 7.327127229885357362e-01 3.895346679393156264e-01 1.870402632223231443e-01 8.523227509361334109e-01 7.169434589116164824e-01 3.378852307700422886e-01 7.633662898048806378e-01 3.330283735372370213e-01 3.944054662125081601e-01 8.390442134077178427e-01 8.446259111632136163e-01 3.708915760376025328e-01 6.228701475856481817e-01 4.634773773317294454e-01 2.619118217496816392e-01 7.954137477967440084e-01 2.299517039965474907e-01 4.653383725698498896e-01 3.905300874433685898e-01 4.542053410476689645e-01 8.942230564782485125e-01 2.153117168926035885e-01 0.000000000000000000e+00 4.062643706878597549e-01 6.151433477649339565e-01
7.927789048721458620e-01 7.255604185223873959e-01 6.859096765200177748e-01 4.705265467034036586e-01 4.809641862685790636e-01 5.940385297369015216e-01 6.638679235064779416e-01 1.462835640748757493e-01 4.894722331609870913e-01 1.232179183680772727e-01 5.840973221854827147e-01 5.147778729235661377e-01 5.982993374813438958e-01 9.018303954164563763e-01 5.423385236017317368e-01 7.038954299493392908e-01 4.947756968011660650e-01 3.436824019315120049e-01 2.386562751176631858e-01 7.155946747768171523e-02 2.263430273783244018e-01 5.195466885469051110e-01 3.995469840433524822e-01 4.140545240507209623e-01 4.264229027888055690e-01 3.612502069692580253e-01 7.223016445944092645e-01 4.471717241539411858e-01 4.734627566461527826e-01 5.281146876781313004e-01 2.324965635389188989e-01 7.343968908403926132e-01 4.062643706878597549e-01 0.000000000000000000e+00 3.231275215346073315e-01
9.184532722033226237e-01 7.989009227592072104e-01 3.414012172555295765e-01 5.709605678564100284e-01 7.727572305109855488e-01 3.466213999765658249e-01 6.385305527384768087e-01 3.758124012368772027e-01 4.277026258828067196e-01 3.546754885856517880e-01 5.488776247703991418e-01 5.966950272016853241e-01 6.518840714763330935e-01 7.629102378988408262e-01 3.736712742837946521e-01 5.180847496883134173e-01 6.549424752347841050e-01 7.856064839584220305e-01 5.342108114784794859e-01 4.807094023569224994e-02 8.291274915383346489e-01 5.727852937883969320e-01 5.042476393122617973e-01 4.897285620584085342e-01 7.062615322086629455e-01 4.967615671255220522e-01 6.143987144217224472e-01 5.404024149697066459e-01 7.190646057395438939e-01 4.926068851363867296e-01 7.321584723507662540e-01 7.724219041848398026e-01 6.151433477649339565e-01 3.231275215346073315e-01 0.000000000000000000e+00
