0.000000000000000000e+00 3.631568260248978497e-01 5.077422967215667882e-01 3.113396927791723390e-01 9.038124152021893565e-01 7.652154078560424733e-01 3.545270255599110576e-01 5.478935616984195178e-01 1.563263480301917419e-01 8.535274071552813036e-01 6.944296162371510484e-01 3.134744814314768258e-01 3.167528325911791454e-01 4.602341826562441063e-01 7.275551952531020827e-01 8.747259130655390402e-01 5.172965616606350903e-01 7.642054533201266819e-01 7.227253670477657987e-01 8.219909912708137645e-01 1.526632657740588650e-01 4.710505740804908914e-01 2.526969625187667212e-01 7.182261660684101656e-01 4.976980693057939109e-01 3.951092883087260477e-01 5.029481797319373948e-01 2.189787457971059670e-01 2.157194235638464352e-01 3.185063884995462113e-01 7.291280763300320711e-01 2.175058254603652319e-01 6.470656118409405799e-01 6.571294977391012315e-01 4.722310163735294331e-01
3.631568260248978497e-01 0.000000000000000000e+00 4.534562668786448203e-01 9.895052647313284933e-02 8.099172224789630281e-01 6.531448704647628833e-01 5.368308265396330992e-01 6.186801789281327624e-01 5.605021781172013773e-01 7.756243545625887137e-01 8.820197533028102388e-01 4.351916057679553473e-01 6.027691696433656876e-01 8.629297990823241449e-01 4.414144884734920726e-01 1.653315071930216984e-01 2.156637665805849480e-01 7.342969424203060758e-01 5.199479551487878881e-01 8.793841078910782372e-01 6.091417942867937141e-01 2.004532744511799969e-01 3.191678467580716383e-01 6.012385927771923821e-01 3.029145903561860642e-01 6.518789540827590878e-01 5.574396464345072744e-01 4.893433594251153096e-01 8.163286013676982478e-01 7.951325618431221987e-01 1.400263631633228423e-01 6.531410302151283709e-01 4.636553674114974322e-01 5.507680858063068730e-01 7.189966865169046262e-01
5.077422967215667882e-01 4.534562668786448203e-01 0.000000000000000000e+00 2.705985924772466023e-01 8.191616141159696607e-01 7.445644733565932594e-01 7.171284124828123385e-01 4.695102558269206305e-01 5.106696932132368527e-01 5.859744739073672326e-01 7.317964331070936357e-01 4.672847604806825705e-01 1.545351184700349823e-02 6.978827653644747997e-01 3.783967847577071053e-01 3.272731421097060389e-01 6.830275491601952575e-01 6.885203858627602092e-01 7.581392992501958528e-01 5.119594156409276176e-01 7.198382009596232534e-01 5.021746690934834056e-01 1.811715036919087085e-01 7.817261547571128233e-01 5.375967204989677839e-01 2.853069220179956789e-01 8.450777012978072378e-01 6.153661932459386641e-01 5.320786727260417015e-01 9.917042838110445846e-01 7.919486380342644072e-01 5.744194336153185532e-01 7.596146908162928479e-01 7.558444392076495433e-01 2.377938292596181724e-01
3.113396927791723390e-01 9.895052647313284933e-02 2.705985924772466023e-01 0.000000000000000000e+00 7.163643512572277494e-01 1.935755315057618997e-01 4.413724093047790564e-01 3.936418973562746393e-01 4.996951259589355043e-01 7.715821176828691064e-01 4.429639557825300056e-01 4.188808010002300630e-01 5.745945361982792710e-01 1.996069432971803170e-02 5.305370502503907737e-01 2.724802855794158374e-01 6.878682705892683602e-01 8.811423423505482244e-01 5.591317397147104185e-01 5.543001159162667113e-01 3.205819339518379274e-01 8.691096350022682326e-01 6.380587167381275293e-01 8.312512268822338513e-01 4.074064760275379893e-01 3.857847923231946252e-01 4.198920616806408601e-01 7.151463595119509353e-01 4.068455615262980829e-01 7.713232163761498672e-01 5.368829492775256673e-01 6.193867096531520122e-01 6.484898028533946368e-01 3.931287949929838099e-01 2.874232946662814703e-01
9.038124152021893565e-01 8.099172224789630281e-01 8.191616141159696607e-01 7.163643512572277494e-01 0.000000000000000000e+00 2.453243067183649706e-01 9.521802709634544781e-01 7.008071518560431423e-01 7.135187813942900359e-02 4.009884263512477065e-01 6.155901301216143429e-01 8.566816767476150840e-01 6.753328205580129140e-01 9.037651316512989030e-01 4.458586840847775790e-01 7.389943369699398801e-01 7.447397694628165032e-01 4.472488752298147685e-01 9.397359772153756063e-01 5.452929633331682346e-01 3.934910120669049549e-01 7.673942846103594118e-01 4.478698458538918903e-01 6.539553688171173551e-02 6.063786327017117728e-01 1.728735513151288261e-01 6.155414742626136304e-01 9.348609400238387934e-01 4.708744255028462500e-01 5.209789346345909955e-01 5.561566199496064122e-01 5.848877674730167397e-01 4.132248691891797221e-01 7.690618785375058497e-01 2.407458228015126878e-01
7.652154078560424733e-01 6.531448704647628833e-01 7.445644733565932594e-01 1.935755315057618997e-01 2.453243067183649706e-01 0.000000000000000000e+00 9.617832222145522580e-01 6.220501863395333508e-01 6.669241872456923570e-01 4.911027823330098574e-01 9.454905432098188456e-01 7.857432267790438463e-01 3.853567310469897533e-01 3.776670663523027383e-01 4.817220335074049453e-01 4.135459093348984316e-01 6.028428232686554589e-01 2.001657771016328580e-01 8.983237698717352337e-01 3.487457823743187468e-01 3.254416638704368259e-01 7.462072913567807664e-01 4.412268052446972622e-01 6.286853022964444815e-01 4.694333867938225713e-01 3.551701244458915219e-01 4.739858095575181229e-01 7.529692949666972890e-01 7.293762779711787658e-01 5.715124999289016294e-01 5.154261444104053513e-01 4.809858707852592841e-01 4.164943588141698516e-01 6.574066139416947507e-01 8.603735226708149053e-01
3.545270255599110576e-01 5.368308265396330992e-01 7.171284124828123385e-01 4.413724093047790564e-01 9.521802709634544781e-01 9.617832222145522580e-01 0.000000000000000000e+00 3.408795712699033142e-01 9.138525276630976579e-01 5.552467096136211033e-01 9.343977202094376766e-01 9.689206514024883976e-01 6.249424971521394534e-01 4.683655643561636661e-01 6.195777101207222692e-01 3.519319590216126725e-01 7.979054679995427612e-01 4.744698861387261490e-01 7.565949281955804961e-01 4.191597741501297825e-01 3.768926065880318088e-01 6.115967975610481222e-01 6.082566028986882145e-01 5.599094577452483623e-01 1.130564720620719221e-01 4.791315256310781368e-01 4.453752791628987073e-01 3.248435554919435475e-01 6.317213880083891731e-01 5.269120865442579182e-01 5.506955754917617352e-01 1.834475605421473365e-01 6.044454312025272502e-01 7.412900765459082830e-01 6.728703663015138670e-01
5.478935616984195178e-01 6.186801789281327624e-01 4.695102558269206305e-01 3.936418973562746393e-01 7.008071518560431423e-01 6.220501863395333508e-01 3.408795712699033142e-01 0.000000000000000000e+00 4.420551263344099646e-01 3.288709789994052057e-01 7.622441281023913939e-01 4.211207620850297983e-01 9.141194350003687408e-01 4.342519794623519447e-01 4.702082518789391097e-01 6.696163671593007294e-01 5.634261388827432881e-01 1.391952345720839368e-01 1.496312420807361931e-01 3.959896778441991394e-01 7.513526591287379430e-01 6.908192248610234287e-01 7.586243670980268305e-01 8.121708146736765777e-01 4.814906823411527759e-01 5.926247465396929925e-01 4.069697368418749850e-01 5.153584301257355671e-01 3.983571790097565346e-01 6.861249456842413164e-01 4.096355596520871445e-01 2.783629924801955813e-01 5.842115476544722519e-01 3.705635281270630577e-01 6.267456135260056627e-01
1.563263480301917419e-01 5.605021781172013773e-01 5.106696932132368527e-01 4.996951259589355043e-01 7.135187813942900359e-02 6.669241872456923570e-01 9.138525276630976579e-01 4.420551263344099646e-01 0.000000000000000000e+00 4.353028527369368628e-01 4.673423121984923156e-01 5.988053198035021563e-01 9.035079081456305339e-01 4.259081917732941980e-01 5.403911670031308345e-01 6.438508524766717311e-01 4.159666591366177335e-01 8.063800968960195270e-01 5.389377965401335180e-01 4.100459912430234888e-01 8.800633774648111141e-01 4.883912510422572795e-01 1.356996519769619325e-01 4.469789391315089899e-01 4.849325909659674139e-02 7.806335223596334583e-01 5.867572062348738182e-01 6.060037405513428732e-01 2.910838235896453519e-01 7.331762688800095296e-01 3.186648139334350427e-01 6.177821362296542773e-02 8.065785482927674277e-01 4.853399539328535628e-01 2.289849645140988876e-01
8.535274071552813036e-01 7.756243545625887137e-01 5.859744739073672326e-01 7.715821176828691064e-01 4.009884263512477065e-01 4.911027823330098574e-01 5.552467096136211033e-01 3.288709789994052057e-01 4.353028527369368628e-01 0.000000000000000000e+00 5.720700538903611410e-01 8.651418968851952718e-01 4.540170330903864349e-01 6.491366362855821581e-01 5.001328339967723302e-01 6.128027832902175343e-01 7.428136209774838239e-01 4.671038845611558132e-01 7.040384949859668229e-01 6.113537101089631109e-01 3.533477689965436319e-01 5.898686349728664569e-01 8.005366493771435277e-01 3.255507494397001933e-01 8.079658478520624909e-01 3.527917365766781721e-01 9.461737713932389937e-01 8.670543107422408191e-01 6.903372734538225641e-01 6.947875373880155747e-01 5.670227860466663383e-01 3.227043262925025635e-01 4.916059393497428376e-01 9.189222288922438420e-01 4.135593249455206122e-01
6.944296162371510484e-01 8.820197533028102388e-01 7.317964331070936357e-01 4.429639557825300056e-01 6.155901301216143429e-01 9.454905432098188456e-01 9.343977202094376766e-01 7.622441281023913939e-01 4.673423121984923156e-01 5.720700538903611410e-01 0.000000000000000000e+00 3.278413427284829762e-01 3.077759121348800364e-01 7.889051104112806412e-01 5.472199433167970195e-01 9.085056527260879644e-01 5.999874739700368220e-01 5.742401301007111769e-01 3.490276906759386399e-01 3.164969403465867082e-01 2.966482037957687279e-01 4.134775864916465093e-01 8.625413565190550580e-01 2.712716340887955657e-01 6.262312419764999305e-01 3.347205021000608793e-01 1.576170005019426057e-01 6.320678153538510369e-01 4.816237578719995693e-01 2.942814586257102016e-01 4.045632874307207860e-01 3.422424928051407411e-01 4.736843222970766876e-01 5.743327218490323904e-01 4.696237579289526121e-01
3.134744814314768258e-01 4.351916057679553473e-01 4.672847604806825705e-01 4.188808010002300630e-01 8.566816767476150840e-01 7.857432267790438463e-01 9.689206514024883976e-01 4.211207620850297983e-01 5.988053198035021563e-01 8.651418968851952718e-01 3.278413427284829762e-01 0.000000000000000000e+00 3.085494830951438505e-01 8.380213281452244534e-01 7.970791045603179414e-01 8.763304723814199226e-01 2.699657793205945122e-01 7.182544762883401601e-01 1.629150841724994470e-01 5.507169464400967218e-01 1.425200754043765006e-02 4.052046711237058396e-01 6.320344170548142237e-01 1.483370747230814413e-01 5.037287430612147343e-01 7.108355995343945688e-01 5.549830145210755683e-01 8.129349672408503480e-01 2.780121922229823461e-01 8.124123569613862506e-01 4.728717849380190685e-01 9.210171197802463627e-02 6.123956092364186699e-01 5.526787063195529592e-01 8.304358976236317913e-01
3.167528325911791454e-01 6.027691696433656876e-01 1.545351184700349823e-02 5.745945361982792710e-01 6.753328205580129140e-01 3.853567310469897533e-01 6.249424971521394534e-01 9.141194350003687408e-01 9.035079081456305339e-01 4.540170330903864349e-01 3.077759121348800364e-01 3.085494830951438505e-01 0.000000000000000000e+00 4.361678625655064923e-01 5.475520525475980893e-01 5.585636196269012643e-01 3.799198406150074425e-01 7.728945151019034343e-01 9.230005516233223961e-01 3.855300989192936845e-01 6.196794228351849565e-01 3.973074246379907914e-01 9.339079029639938412e-01 2.444900309348806422e-01 5.704848418239116814e-01 6.893079897828640057e-01 5.295138448596673486e-01 8.795477823079106416e-01 2.251070619783426541e-01 7.902875354548664077e-01 5.014620968164114068e-01 4.728019030664478706e-01 5.190853567464357443e-01 4.194875929085494226e-01 6.420841668616166231e-01
4.602341826562441063e-01 8.629297990823241449e-01 6.978827653644747997e-01 1.996069432971803170e-02 9.037651316512989030e-01 3.776670663523027383e-01 4.683655643561636661e-01 4.342519794623519447e-01 4.259081917732941980e-01 6.491366362855821581e-01 7.889051104112806412e-01 8.380213281452244534e-01 4.361678625655064923e-01 0.000000000000000000e+00 3.384276343575821633e-01 7.800410352949935788e-01 4.330318428890961302e-01 6.641982415402047923e-01 1.597416122651412751e-01 1.875511606598804226e-01 7.186532683215774986e-01 3.925759455153117194e-01 3.873628469139164254e-01 3.115194924987112479e-01 9.412434028784966156e-02 7.797257611358177076e-02 7.808274732190944034e-01 3.582501501371174735e-01 4.010286389804929019e-01 5.823783950683482091e-01 4.694310656215466282e-01 1.207055727214336738e-01 5.523808898755235841e-01 5.773199088970699666e-01 5.964094053903161718e-01
7.275551952531020827e-01 4.414144884734920726e-01 3.783967847577071053e-01 5.305370502503907737e-01 4.458586840847775790e-01 4.817220335074049453e-01 6.195777101207222692e-01 4.702082518789391097e-01 5.403911670031308345e-01 5.001328339967723302e-01 5.472199433167970195e-01 7.970791045603179414e-01 5.475520525475980893e-01 3.384276343575821633e-01 0.000000000000000000e+00 5.045108779590175008e-01 4.609821934077691363e-01 4.532550363720473929e-01 7.165402097121493785e-01 3.435546316975581771e-01 6.852167018902683981e-01 4.275964780121806474e-01 4.146735676837662865e-01 5.814248986002690245e-01 4.969558635219792353e-01 8.130121091045813264e-01 8.198452640695380600e-01 4.783572094705169642e-01 7.856343114517813087e-01 5.507893470688873805e-01 8.579725017211975446e-01 3.237813478504538711e-01 8.581929450979894902e-01 6.691277112546296646e-01 6.988003292972272407e-01
8.747259130655390402e-01 1.653315071930216984e-01 3.272731421097060389e-01 2.724802855794158374e-01 7.389943369699398801e-01 4.135459093348984316e-01 3.519319590216126725e-01 6.696163671593007294e-01 6.438508524766717311e-01 6.128027832902175343e-01 9.085056527260879644e-01 8.763304723814199226e-01 5.585636196269012643e-01 7.800410352949935788e-01 5.045108779590175008e-01 0.000000000000000000e+00 4.194615428310102256e-01 6.912043140963747279e-01 5.914506835297028697e-02 8.808051710653076460e-01 7.372092447682955241e-01 4.216870460957762301e-01 7.629878129877476489e-01 6.162197749446349793e-01 6.692376739165035726e-01 2.077663069311124211e-01 6.900539478469842614e-01 3.988149676187672243e-01 4.766643432365387789e-01 5.730934007774362016e-01 4.747981904753101889e-01 5.232335912646615128e-01 3.254166265293165772e-01 2.622046891454093975e-01 6.646304557303935878e-01
5.172965616606350903e-01 2.156637665805849480e-01 6.830275491601952575e-01 6.878682705892683602e-01 7.447397694628165032e-01 6.028428232686554589e-01 7.979054679995427612e-01 5.634261388827432881e-01 4.159666591366177335e-01 7.428136209774838239e-01 5.999874739700368220e-01 2.699657793205945122e-01 3.799198406150074425e-01 4.330318428890961302e-01 4.609821934077691363e-01 4.194615428310102256e-01 0.000000000000000000e+00 3.621511230133877546e-01 7.970999690994634568e-01 1.092872217045565142e-01 5.340845151059840923e-01 6.054568010285458213e-01 3.925985015957095259e-01 3.804558896141520541e-01 6.947206342584333338e-01 7.837085307462551276e-01 1.726339470599258519e-01 4.084485086081397487e-01 7.427610296936173473e-01 8.231349394312663659e-01 1.198210343481714846e-01 7.204542205639278274e-01 5.087321099454176210e-01 5.215287521106959368e-01 9.118031911334133488e-01
7.642054533201266819e-01 7.342969424203060758e-01 6.885203858627602092e-01 8.811423423505482244e-01 4.472488752298147685e-01 2.001657771016328580e-01 4.744698861387261490e-01 1.391952345720839368e-01 8.063800968960195270e-01 4.671038845611558132e-01 5.742401301007111769e-01 7.182544762883401601e-01 7.728945151019034343e-01 6.641982415402047923e-01 4.532550363720473929e-01 6.912043140963747279e-01 3.621511230133877546e-01 0.000000000000000000e+00 4.997574041077512685e-01 3.675249463200346289e-01 5.159905691169803799e-01 7.333538197498130629e-01 5.263000469866397912e-01 8.975284874106425059e-01 7.819024747284322174e-01 2.817914855197947710e-01 5.643294113387200550e-01 5.052834915567179230e-01 7.236178131657937662e-01 2.953545921820846520e-01 2.201065436723337321e-02 8.971471269260125059e-01 5.995302236793234041e-01 7.115119804390407365e-01 7.417247631237124939e-01
7.227253670477657987e-01 5.199479551487878881e-01 7.581392992501958528e-01 5.591317397147104185e-01 9.397359772153756063e-01 8.983237698717352337e-01 7.565949281955804961e-01 1.496312420807361931e-01 5.389377965401335180e-01 7.040384949859668229e-01 3.490276906759386399e-01 1.629150841724994470e-01 9.230005516233223961e-01 1.597416122651412751e-01 7.165402097121493785e-01 5.914506835297028697e-02 7.970999690994634568e-01 4.997574041077512685e-01 0.000000000000000000e+00 8.764030459096062708e-01 1.147032090903227219e-01 7.175889990953565611e-01 5.917633902570776927e-01 3.852008514877267031e-01 6.607118192530101464e-01 8.707554543305390249e-01 5.988925700850239453e-01 4.591700933070291812e-01 7.556405235463429237e-01 6.020014348510638325e-01 6.920030966078988266e-01 2.094896687841532046e-01 3.808734141823202912e-01 7.351811951289973779e-01 5.842507777363279420e-01
8.219909912708137645e-01 8.793841078910782372e-01 5.119594156409276176e-01 5.543001159162667113e-01 5.452929633331682346e-01 3.487457823743187468e-01 4.191597741501297825e-01 3.959896778441991394e-01 4.100459912430234888e-01 6.113537101089631109e-01 3.164969403465867082e-01 5.507169464400967218e-01 3.855300989192936845e-01 1.875511606598804226e-01 3.435546316975581771e-01 8.808051710653076460e-01 1.092872217045565142e-01 3.675249463200346289e-01 8.764030459096062708e-01 0.000000000000000000e+00 1.792210224457002621e-02 6.550350045516286634e-01 3.172438467592264555e-02 7.743871567887541385e-01 4.107914082778141851e-01 6.350080501776238506e-01 6.965896425548959714e-01 8.375599566864969647e-01 4.530456016735449620e-01 3.978712708069784831e-01 5.822973731571758904e-01 4.778963809866074164e-01 8.899559702677279915e-01 4.845664636571772599e-01 3.312079207738113373e-01
1.526632657740588650e-01 6.091417942867937141e-01 7.198382009596232534e-01 3.205819339518379274e-01 3.934910120669049549e-01 3.254416638704368259e-01 3.768926065880318088e-01 7.513526591287379430e-01 8.800633774648111141e-01 3.533477689965436319e-01 2.966482037957687279e-01 1.425200754043765006e-02 6.196794228351849565e-01 7.186532683215774986e-01 6.852167018902683981e-01 7.372092447682955241e-01 5.340845151059840923e-01 5.159905691169803799e-01 1.147032090903227219e-01 1.792210224457002621e-02 0.000000000000000000e+00 9.669265020322295179e-01 5.130838753556270504e-01 3.432912572019692909e-01 2.183122113630078243e-01 5.849776263519674835e-01 2.863863786804069500e-01 6.454730069034027018e-01 7.910144357042118157e-01 2.189532465419079810e-01 5.563611869806992516e-01 5.864527528516910726e-01 3.456646814061800077e-01 5.577960895300495547e-01 4.637558829721224463e-01
4.710505740804908914e-01 2.004532744511799969e-01 5.021746690934834056e-01 8.691096350022682326e-01 7.673942846103594118e-01 7.462072913567807664e-01 6.115967975610481222e-01 6.908192248610234287e-01 4.883912510422572795e-01 5.898686349728664569e-01 4.134775864916465093e-01 4.052046711237058396e-01 3.973074246379907914e-01 3.925759455153117194e-01 4.275964780121806474e-01 4.216870460957762301e-01 6.054568010285458213e-01 7.333538197498130629e-01 7.175889990953565611e-01 6.550350045516286634e-01 9.669265020322295179e-01 0.000000000000000000e+00 8.654486034389552440e-01 3.263972037042970342e-01 7.202578115580577922e-01 8.749487824806148062e-01 5.458918062534062754e-01 1.638482683685530406e-01 8.477180921973987981e-01 7.209988397488215073e-01 7.050770181644279155e-01 3.906076571133583197e-01 5.821276378475445101e-01 6.306195371514120573e-01 5.625790326580218936e-01
2.526969625187667212e-01 3.191678467580716383e-01 1.811715036919087085e-01 6.380587167381275293e-01 4.478698458538918903e-01 4.412268052446972622e-01 6.082566028986882145e-01 7.586243670980268305e-01 1.356996519769619325e-01 8.005366493771435277e-01 8.625413565190550580e-01 6.320344170548142237e-01 9.339079029639938412e-01 3.873628469139164254e-01 4.146735676837662865e-01 7.629878129877476489e-01 3.925985015957095259e-01 5.263000469866397912e-01 5.917633902570776927e-01 3.172438467592264555e-02 5.130838753556270504e-01 8.654486034389552440e-01 0.000000000000000000e+00 2.583450957059330033e-01 2.451264373746205871e-01 8.165719141736886844e-01 7.863500535300358418e-01 4.115861197164851770e-01 7.918949685247879122e-01 6.949265351564415383e-02 6.153462462174389414e-01 5.213816374915469787e-01 4.086700803558797057e-01 5.288257996716005938e-01 4.474912456975619346e-01
7.182261660684101656e-01 6.012385927771923821e-01 7.817261547571128233e-01 8.312512268822338513e-01 6.539553688171173551e-02 6.286853022964444815e-01 5.599094577452483623e-01 8.121708146736765777e-01 4.469789391315089899e-01 3.255507494397001933e-01 2.712716340887955657e-01 1.483370747230814413e-01 2.444900309348806422e-01 3.115194924987112479e-01 5.814248986002690245e-01 6.162197749446349793e-01 3.804558896141520541e-01 8.975284874106425059e-01 3.852008514877267031e-01 7.743871567887541385e-01 3.432912572019692909e-01 3.263972037042970342e-01 2.583450957059330033e-01 0.000000000000000000e+00 7.865965924944943177e-01 4.304535684469135148e-01 2.700778631079524539e-01 5.169787930620388661e-01 1.043517922339252113e-01 5.701212867129910045e-01 4.912161490166062627e-01 4.513926495321816112e-01 6.073621022877851994e-01 3.056126242795570991e-01 8.687155240318966687e-02
4.976980693057939109e-01 3.029145903561860642e-01 5.375967204989677839e-01 4.074064760275379893e-01 6.063786327017117728e-01 4.694333867938225713e-01 1.130564720620719221e-01 4.814906823411527759e-01 4.849325909659674139e-02 8.079658478520624909e-01 6.262312419764999305e-01 5.037287430612147343e-01 5.704848418239116814e-01 9.412434028784966156e-02 4.969558635219792353e-01 6.692376739165035726e-01 6.947206342584333338e-01 7.819024747284322174e-01 6.607118192530101464e-01 4.107914082778141851e-01 2.183122113630078243e-01 7.202578115580577922e-01 2.451264373746205871e-01 7.865965924944943177e-01 0.000000000000000000e+00 6.554022506623438105e-01 6.812077860125488327e-01 6.144613911448969512e-01 9.038954292872631857e-01 1.137625109058472139e-01 4.630216129102325273e-01 4.222302762415746091e-01 8.323101495720948151e-01 7.296706845756870674e-01 4.157068971558767201e-01
3.951092883087260477e-01 6.518789540827590878e-01 2.853069220179956789e-01 3.857847923231946252e-01 1.728735513151288261e-01 3.551701244458915219e-01 4.791315256310781368e-01 5.926247465396929925e-01 7.806335223596334583e-01 3.527917365766781721e-01 3.347205021000608793e-01 7.108355995343945688e-01 6.893079897828640057e-01 7.797257611358177076e-02 8.130121091045813264e-01 2.077663069311124211e-01 7.837085307462551276e-01 2.817914855197947710e-01 8.707554543305390249e-01 6.350080501776238506e-01 5.849776263519674835e-01 8.749487824806148062e-01 8.165719141736886844e-01 4.304535684469135148e-01 6.554022506623438105e-01 0.000000000000000000e+00 5.006302448569589503e-01 8.568690613933845901e-01 8.262985364626915796e-01 7.292178341838895239e-01 6.558478138385259726e-01 4.768715169680046162e-01 3.212033754359120974e-01 5.934366059623656930e-01 2.125789443351494001e-01
5.029481797319373948e-01 5.574396464345072744e-01 8.450777012978072378e-01 4.198920616806408601e-01 6.155414742626136304e-01 4.739858095575181229e-01 4.453752791628987073e-01 4.069697368418749850e-01 5.867572062348738182e-01 9.461737713932389937e-01 1.576170005019426057e-01 5.549830145210755683e-01 5.295138448596673486e-01 7.808274732190944034e-01 8.198452640695380600e-01 6.900539478469842614e-01 1.726339470599258519e-01 5.643294113387200550e-01 5.988925700850239453e-01 6.965896425548959714e-01 2.863863786804069500e-01 5.458918062534062754e-01 7.863500535300358418e-01 2.700778631079524539e-01 6.812077860125488327e-01 5.006302448569589503e-01 0.000000000000000000e+00 5.815238984348094498e-01 5.639199303324358148e-01 6.966587210042523015e-01 3.606826038533557655e-01 5.172602964688663985e-01 8.505061964925042517e-01 5.970086120218759396e-01 7.845600160444597959e-01
2.189787457971059670e-01 4.893433594251153096e-01 6.153661932459386641e-01 7.151463595119509353e-01 9.348609400238387934e-01 7.529692949666972890e-01 3.248435554919435475e-01 5.153584301257355671e-01 6.060037405513428732e-01 8.670543107422408191e-01 6.320678153538510369e-01 8.129349672408503480e-01 8.795477823079106416e-01 3.582501501371174735e-01 4.783572094705169642e-01 3.988149676187672243e-01 4.084485086081397487e-01 5.052834915567179230e-01 4.591700933070291812e-01 8.375599566864969647e-01 6.454730069034027018e-01 1.638482683685530406e-01 4.115861197164851770e-01 5.169787930620388661e-01 6.144613911448969512e-01 8.568690613933845901e-01 5.815238984348094498e-01 0.000000000000000000e+00 5.860191962742716809e-01 1.002061317377471727e-01 2.964631519571461205e-01 5.851858164234688964e-01 6.376679228193864457e-01 7.810220379053560702e-01 7.240854172747064332e-01
2.157194235638464352e-01 8.163286013676982478e-01 5.320786727260417015e-01 4.068455615262980829e-01 4.708744255028462500e-01 7.293762779711787658e-01 6.317213880083891731e-01 3.983571790097565346e-01 2.910838235896453519e-01 6.903372734538225641e-01 4.816237578719995693e-01 2.780121922229823461e-01 2.251070619783426541e-01 4.010286389804929019e-01 7.856343114517813087e-01 4.766643432365387789e-01 7.427610296936173473e-01 7.236178131657937662e-01 7.556405235463429237e-01 4.530456016735449620e-01 7.910144357042118157e-01 8.477180921973987981e-01 7.918949685247879122e-01 1.043517922339252113e-01 9.038954292872631857e-01 8.262985364626915796e-01 5.639199303324358148e-01 5.860191962742716809e-01 0.000000000000000000e+00 5.112712534619781035e-01 6.316683828538419698e-01 6.400173903593988634e-01 2.750261317927018556e-01 9.305039797908674082e-01 5.161407125875346891e-01
3.185063884995462113e-01 7.951325618431221987e-01 9.917042838110445846e-01 7.713232163761498672e-01 5.209789346345909955e-01 5.715124999289016294e-01 5.269120865442579182e-01 6.861249456842413164e-01 7.331762688800095296e-01 6.947875373880155747e-01 2.942814586257102016e-01 8.124123569613862506e-01 7.902875354548664077e-01 5.823783950683482091e-01 5.507893470688873805e-01 5.730934007774362016e-01 8.231349394312663659e-01 2.953545921820846520e-01 6.020014348510638325e-01 3.978712708069784831e-01 2.189532465419079810e-01 7.209988397488215073e-01 6.949265351564415383e-02 5.701212867129910045e-01 1.137625109058472139e-01 7.292178341838895239e-01 6.966587210042523015e-01 1.002061317377471727e-01 5.112712534619781035e-01 0.000000000000000000e+00 1.009514852677053653e-01 7.608215076719901937e-01 6.334704012250325089e-02 5.000838728660168542e-01 7.113665292156412523e-01
7.291280763300320711e-01 1.400263631633228423e-01 7.919486380342644072e-01 5.368829492775256673e-01 5.561566199496064122e-01 5.154261444104053513e-01 5.506955754917617352e-01 4.096355596520871445e-01 3.186648139334350427e-01 5.670227860466663383e-01 4.045632874307207860e-01 4.728717849380190685e-01 5.014620968164114068e-01 4.694310656215466282e-01 8.579725017211975446e-01 4.747981904753101889e-01 1.198210343481714846e-01 2.201065436723337321e-02 6.920030966078988266e-01 5.822973731571758904e-01 5.563611869806992516e-01 7.050770181644279155e-01 6.153462462174389414e-01 4.912161490166062627e-01 4.630216129102325273e-01 6.558478138385259726e-01 3.606826038533557655e-01 2.964631519571461205e-01 6.316683828538419698e-01 1.009514852677053653e-01 0.000000000000000000e+00 5.578074989252581606e-01 6.567848020065235604e-01 3.497014004441071355e-01 2.175894385094977457e-01
2.175058254603652319e-01 6.531410302151283709e-01 5.744194336153185532e-01 6.193867096531520122e-01 5.848877674730167397e-01 4.809858707852592841e-01 1.834475605421473365e-01 2.783629924801955813e-01 6.177821362296542773e-02 3.227043262925025635e-01 3.422424928051407411e-01 9.210171197802463627e-02 4.728019030664478706e-01 1.207055727214336738e-01 3.237813478504538711e-01 5.232335912646615128e-01 7.204542205639278274e-01 8.971471269260125059e-01 2.094896687841532046e-01 4.778963809866074164e-01 5.864527528516910726e-01 3.906076571133583197e-01 5.213816374915469787e-01 4.513926495321816112e-01 4.222302762415746091e-01 4.768715169680046162e-01 5.172602964688663985e-01 5.851858164234688964e-01 6.400173903593988634e-01 7.608215076719901937e-01 5.578074989252581606e-01 0.000000000000000000e+00 7.955374477242472819e-01 4.811632900862627960e-01 2.964711784613504042e-01
6.470656118409405799e-01 4.636553674114974322e-01 7.596146908162928479e-01 6.484898028533946368e-01 4.132248691891797221e-01 4.164943588141698516e-01 6.044454312025272502e-01 5.842115476544722519e-01 8.065785482927674277e-01 4.916059393497428376e-01 4.736843222970766876e-01 6.123956092364186699e-01 5.190853567464357443e-01 5.523808898755235841e-01 8.581929450979894902e-01 3.254166265293165772e-01 5.087321099454176210e-01 5.995302236793234041e-01 3.808734141823202912e-01 8.899559702677279915e-01 3.456646814061800077e-01 5.821276378475445101e-01 4.086700803558797057e-01 6.073621022877851994e-01 8.323101495720948151e-01 3.212033754359120974e-01 8.505061964925042517e-01 6.376679228193864457e-01 2.750261317927018556e-01 6.334704012250325089e-02 6.567848020065235604e-01 7.955374477242472819e-01 0.000000000000000000e+00 6.972205005899081431e-01 7.933488841480058618e-01
6.571294977391012315e-01 5.507680858063068730e-01 7.558444392076495433e-01 3.931287949929838099e-01 7.690618785375058497e-01 6.574066139416947507e-01 7.412900765459082830e-01 3.705635281270630577e-01 4.853399539328535628e-01 9.189222288922438420e-01 5.743327218490323904e-01 5.526787063195529592e-01 4.194875929085494226e-01 5.773199088970699666e-01 6.691277112546296646e-01 2.622046891454093975e-01 5.215287521106959368e-01 7.115119804390407365e-01 7.351811951289973779e-01 4.845664636571772599e-01 5.577960895300495547e-01 6.306195371514120573e-01 5.288257996716005938e-01 3.056126242795570991e-01 7.296706845756870674e-01 5.934366059623656930e-01 5.970086120218759396e-01 7.810220379053560702e-01 9.305039797908674082e-01 5.000838728660168542e-01 3.497014004441071355e-01 4.811632900862627960e-01 6.972205005899081431e-01 0.000000000000000000e+00 4.986152878178988779e-01
4.722310163735294331e-01 7.189966865169046262e-01 2.377938292596181724e-01 2.874232946662814703e-01 2.407458228015126878e-01 8.603735226708149053e-01 6.728703663015138670e-01 6.267456135260056627e-01 2.289849645140988876e-01 4.135593249455206122e-01 4.696237579289526121e-01 8.304358976236317913e-01 6.420841668616166231e-01 5.964094053903161718e-01 6.988003292972272407e-01 6.646304557303935878e-01 9.118031911334133488e-01 7.417247631237124939e-01 5.842507777363279420e-01 3.312079207738113373e-01 4.637558829721224463e-01 5.625790326580218936e-01 4.474912456975619346e-01 8.687155240318966687e-02 4.157068971558767201e-01 2.125789443351494001e-01 7.845600160444597959e-01 7.240854172747064332e-01 5.161407125875346891e-01 7.113665292156412523e-01 2.175894385094977457e-01 2.964711784613504042e-01 7.933488841480058618e-01 4.986152878178988779e-01 0.000000000000000000e+00
