0.000000000000000000e+00 6.378564924950009818e-01 4.539700137835142590e-01 6.529318620510436988e-01 9.476819130798250779e-01 4.197586708863378924e-01 6.271814286297254792e-01 4.539447709841842871e-01 7.177057950688434662e-01 8.112605316322346605e-02 6.001932785191512743e-01 2.924769561411029173e-01 6.854770046868267075e-01 5.703772186782342102e-01 2.183949007937869835e-01 5.449702653975917466e-01 1.391881090144960753e-01 7.629014833488777514e-01 5.728714320811205685e-01 7.518872505544946794e-01 2.894778324170079742e-01 4.603523357779626402e-01 3.878414554740527986e-01 4.618503610939227455e-01 5.746455500049661991e-01 7.459186511677571296e-01 5.330869771287143344e-01 3.357498251833030967e-01 5.726725728481429911e-01 2.216729992224903967e-01 7.820948646529823911e-01 4.975015368315580111e-01 3.116549511049175880e-01 7.643215843835763357e-01 7.782897739107513813e-01
6.378564924950009818e-01 0.000000000000000000e+00 2.161332975953759172e-01 5.993067336795293576e-01 5.685169820425105547e-01 6.165630912423062382e-01 6.955875066439646259e-01 3.933864603902369472e-01 3.592002888809915917e-01 6.478239288475450275e-01 5.530454331920715560e-01 6.880394718853579672e-01 7.114361650225600187e-01 3.806067878754311740e-01 6.667811373103775807e-01 6.856884188390988122e-01 6.161611749354398704e-01 3.079466269347241325e-01 2.457095095478229740e-01 7.656976044789864932e-01 5.296552599015295071e-01 5.482391217398561167e-01 7.300241779599929703e-01 6.324884888619497492e-01 5.609497138553289908e-01 8.529604139675242003e-01 2.690127165217605087e-01 3.492889718897678741e-01 1.159735325347117652e-01 3.361224650694693006e-01 5.867283595240865290e-01 9.518860882553845659e-01 6.374647925326033526e-01 7.728130899449771052e-01 6.853023726414690930e-01
4.539700137835142590e-01 2.161332975953759172e-01 0.000000000000000000e+00 8.518980965786380199e-01 7.838651588532400405e-01 2.794006403714252018e-01 6.440869714879324803e-01 6.110097844209623208e-01 5.032453450372402770e-01 6.604319871792804220e-01 6.782786236439927174e-01 6.054657379340049328e-01 3.124405699823014082e-01 6.595567990336783648e-01 9.902128355588009079e-01 5.048701570640568015e-01 6.815723759707424945e-01 6.366419369409044293e-01 4.545403661467066758e-01 8.225691378475535886e-01 1.823037136928314927e-01 7.352044738130283363e-01 5.876259067287252780e-01 6.855557407267947045e-01 1.974260239470282396e-01 8.735785707676164691e-01 3.775745567822675897e-01 8.226888034686850038e-01 3.851590547771442385e-01 6.658061659284082445e-01 6.264018583458109690e-01 8.532499752100822787e-01 1.502439095746839204e-01 4.973373492043223765e-01 5.536673426329834502e-01
6.529318620510436988e-01 5.993067336795293576e-01 8.518980965786380199e-01 0.000000000000000000e+00 7.436482376870908739e-01 6.498672712309360167e-01 7.511049426824087938e-01 3.437440876757554831e-01 6.050331411366860479e-01 6.041150009355173989e-01 4.665448440916032391e-01 2.688235500611078077e-01 6.689959025447769214e-01 9.430149989204588135e-01 4.268448027053803884e-01 3.087501056213042272e-01 5.836813260170909956e-01 4.395667783712122190e-01 6.479386413512493448e-01 2.347234069860213435e-01 4.117141592520323634e-01 7.784192931828145534e-01 6.617959659610446188e-01 3.187584997386445629e-01 4.448992223486646358e-01 3.820478748669407509e-01 2.548176068314361720e-01 4.615004635534772359e-01 3.926006530062189359e-01 6.413886427474644325e-01 6.191754905057502700e-01 8.377975100500725247e-01 5.497727713328791621e-01 3.555711188855351645e-01 6.299861867868462584e-01
9.476819130798250779e-01 5.685169820425105547e-01 7.838651588532400405e-01 7.436482376870908739e-01 0.000000000000000000e+00 1.490027716465310847e-01 5.403783265738995034e-01 1.739030046019310327e-01 4.155535614338145556e-01 6.898260161230486132e-01 1.523785430661870333e-01 4.298492318260480616e-01 4.171675607039024847e-01 4.926669477946386544e-01 4.403517879629630927e-01 6.744231569208471999e-01 2.873206650586027644e-01 6.039145355471606802e-01 5.477531132735053987e-01 5.395605837471124655e-01 5.207929259822313695e-01 5.458806310109016735e-01 3.925190336385273593e-01 4.677017401755134696e-01 4.978951334413974639e-01 4.189276926138520984e-01 7.186041401470556478e-01 4.818049977033940778e-01 9.004979716025451886e-01 5.326749278947402466e-01 3.928618425446117612e-02 3.260243423739277446e-01 9.039482280589153929e-01 4.922403533153570931e-01 5.903148128453614696e-01
4.197586708863378924e-01 6.165630912423062382e-01 2.794006403714252018e-01 6.498672712309360167e-01 1.490027716465310847e-01 0.000000000000000000e+00 8.844970400933593879e-02 5.832073710681582313e-01 2.285765093517824198e-01 9.364036807487088332e-01 8.451975036182644008e-01 6.541444770230930850e-01 5.510635763360017814e-01 5.023493162247694155e-01 4.637216637808220798e-01 5.570429244850789718e-01 5.022242643343488577e-01 9.815160632534033480e-01 8.365787668622659545e-01 4.077475354528400375e-01 4.914524685079980637e-01 4.288069364250600146e-01 6.795980444757960814e-01 4.508659599945235019e-01 3.867640974409520815e-01 6.300283912560857846e-01 5.109951489648739686e-01 9.167745240724041178e-01 5.531024143535412385e-01 7.894371489039806455e-01 5.209017544146709033e-01 5.922523830077968121e-01 5.399009251884665517e-01 3.637446312478593291e-01 8.347004482907574019e-01
6.271814286297254792e-01 6.955875066439646259e-01 6.440869714879324803e-01 7.511049426824087938e-01 5.403783265738995034e-01 8.844970400933593879e-02 0.000000000000000000e+00 5.827827486917016575e-01 7.054404227779844661e-01 2.639317720701694903e-01 4.476162632239026329e-01 3.737444226422986793e-01 6.584017203582275268e-01 5.636225479354917134e-01 6.727161322310943881e-01 8.270665121029099343e-01 2.918348301192460470e-01 7.066457828289133269e-01 6.772545534724603300e-01 6.444055535800272683e-01 4.832629872558855122e-01 2.992737188993301878e-01 8.687373826416904254e-01 8.069495074071946217e-01 6.582388936920372524e-01 8.468838973038312901e-01 4.994824704615515865e-01 7.088623744211524080e-01 7.792779052201985746e-01 4.040577342701285879e-01 4.704073003299527600e-01 4.457208769183740316e-02 8.779802767005826514e-01 8.342738240731286670e-01 3.260223806787049261e-01
4.539447709841842871e-01 3.933864603902369472e-01 6.110097844209623208e-01 3.437440876757554831e-01 1.739030046019310327e-01 5.832073710681582313e-01 5.827827486917016575e-01 0.000000000000000000e+00 7.583088753606344046e-01 3.577762544091753760e-01 5.538834271008027388e-01 1.144958690597994710e-01 6.961060544488195667e-01 5.241050652593908232e-01 7.040627863149824250e-01 4.134736295333279466e-01 6.962934481750097104e-01 4.419157417740980920e-01 8.333519281107019117e-01 1.720679659878683321e-01 7.173912701148215110e-01 5.952620340708396629e-01 3.500898703711866622e-01 6.072784880167785282e-01 5.480911534733940993e-01 6.487013222593412953e-01 7.340115157452553607e-01 7.599124950983142668e-01 6.144352604764357073e-01 5.557943546119199496e-01 1.424071006881975077e-01 5.481046758277757780e-01 3.389590756336638422e-01 2.769584082985608875e-01 3.256824296043530076e-01
7.177057950688434662e-01 3.592002888809915917e-01 5.032453450372402770e-01 6.050331411366860479e-01 4.155535614338145556e-01 2.285765093517824198e-01 7.054404227779844661e-01 7.583088753606344046e-01 0.000000000000000000e+00 5.096296810144865796e-01 3.108812197378674202e-01 5.985430530934523485e-01 7.806190639453240987e-01 9.136207471175715744e-01 3.991960116820182369e-01 9.361061802476562388e-01 4.718291656943665036e-01 4.416090630053149391e-01 3.549168125726472889e-01 5.894562596516725872e-01 5.929692359518259348e-01 5.725983807557346594e-01 5.415642924301085070e-01 1.432657806334496353e-01 6.238056923796564401e-01 3.081693861541688340e-01 2.080852482188046970e-01 1.561341839746732685e-01 5.468828404273868848e-01 4.547041713200847823e-01 3.375792480184923727e-01 6.219282687789646769e-01 3.925670616942723012e-01 5.356179567946133258e-01 5.057331457282243647e-01
8.112605316322346605e-02 6.478239288475450275e-01 6.604319871792804220e-01 6.041150009355173989e-01 6.898260161230486132e-01 9.364036807487088332e-01 2.639317720701694903e-01 3.577762544091753760e-01 5.096296810144865796e-01 0.000000000000000000e+00 2.077785762924835300e-01 7.673364024221873692e-01 4.824040356490802428e-01 6.635572027120201222e-01 2.908591313124758715e-01 1.844560405195712627e-01 1.409045469441071452e-01 6.220189074759809866e-01 7.661125287689742880e-01 5.490885669545586545e-01 2.398602683242173628e-01 5.974418151770608532e-01 1.814845534296887219e-01 4.861672045084354243e-01 4.241625309982506309e-01 1.744485285785944417e-01 7.216268002987402674e-02 8.049267623030825769e-02 8.003466740907443366e-01 4.713107167080120008e-01 7.451512342199317906e-01 2.222174253559380253e-01 3.338210038799225288e-01 2.934364482744937774e-01 4.840617831567889384e-01
6.001932785191512743e-01 5.530454331920715560e-01 6.782786236439927174e-01 4.665448440916032391e-01 1.523785430661870333e-01 8.451975036182644008e-01 4.476162632239026329e-01 5.538834271008027388e-01 3.108812197378674202e-01 2.077785762924835300e-01 0.000000000000000000e+00 2.934268569311582753e-01 6.254029562829699351e-01 6.868499620112116233e-01 4.553753179190801470e-01 5.509039500298681391e-01 5.695023873131155323e-01 3.455806684024778086e-01 4.570507225383366179e-01 4.951951354135042394e-02 9.288669273850713726e-02 4.541882199436931278e-01 5.658835303920017878e-01 9.022774450275294900e-02 5.144948215996543173e-01 4.172212720809088671e-01 8.509451022879617188e-01 1.484537968437180666e-01 5.315097722945857361e-01 5.810445687740002363e-01 3.593162413540977873e-01 9.406080221671372366e-01 2.291521576577285058e-01 3.581100885623068608e-01 2.054780231236944532e-01
2.924769561411029173e-01 6.880394718853579672e-01 6.054657379340049328e-01 2.688235500611078077e-01 4.298492318260480616e-01 6.541444770230930850e-01 3.737444226422986793e-01 1.144958690597994710e-01 5.985430530934523485e-01 7.673364024221873692e-01 2.934268569311582753e-01 0.000000000000000000e+00 6.502651025249706063e-01 8.287810031869475846e-01 2.853584958987341880e-01 6.676106617412060906e-01 8.624282742749962427e-01 8.402601305302264123e-01 2.317820806258505950e-01 5.309936412666680372e-01 5.393063220538816260e-01 8.451746856477793113e-01 3.880688949656886377e-01 6.459651482250765575e-01 6.429134171814454568e-01 7.774105856249473590e-01 5.716119372938669452e-01 5.064254594659705067e-01 4.771085359850301688e-01 6.686929282904232608e-01 4.823627757297715979e-01 7.756045129523214676e-01 3.793630057464892902e-01 7.179345035970630118e-02 4.079722749430139683e-01
6.854770046868267075e-01 7.114361650225600187e-01 3.124405699823014082e-01 6.689959025447769214e-01 4.171675607039024847e-01 5.510635763360017814e-01 6.584017203582275268e-01 6.961060544488195667e-01 7.806190639453240987e-01 4.824040356490802428e-01 6.254029562829699351e-01 6.502651025249706063e-01 0.000000000000000000e+00 6.449141411236736232e-01 2.784722623708008049e-01 7.547711275693256283e-01 6.384076240799143598e-01 5.248327089020585756e-01 2.851150390821906577e-01 4.790628833445876866e-01 9.340681602735056988e-02 7.980512273855391303e-01 7.121695867693389470e-01 4.313407190282976256e-01 8.111570979955168292e-01 5.153106193461138851e-01 6.097449147112030676e-01 8.395881159057558829e-01 8.401311348105320320e-01 5.972968773504039319e-01 5.351224542676138451e-01 6.881617366721526352e-01 4.209195109061142359e-02 6.585022667218430881e-01 6.556811550749013229e-01
5.703772186782342102e-01 3.806067878754311740e-01 6.595567990336783648e-01 9.430149989204588135e-01 4.926669477946386544e-01 5.023493162247694155e-01 5.636225479354917134e-01 5.241050652593908232e-01 9.136207471175715744e-01 6.635572027120201222e-01 6.868499620112116233e-01 8.287810031869475846e-01 6.449141411236736232e-01 0.000000000000000000e+00 4.597756230324073767e-01 8.553040302395562566e-01 4.955241170925175354e-01 5.398334056942697412e-01 6.220051682489635692e-02 3.689911727220882565e-01 4.788046449352841849e-01 5.163387142863853363e-01 6.863905619944412617e-01 7.764762932219255731e-01 8.526940640650566561e-01 5.557760749942917133e-01 6.675439361310682163e-01 3.658650955587166020e-01 4.780993249258856936e-01 2.637303062586033864e-01 1.046891354164951604e-01 4.373209412568261900e-01 3.754141371782018233e-01 6.738539888126445776e-01 2.361142711944204109e-01
2.183949007937869835e-01 6.667811373103775807e-01 9.902128355588009079e-01 4.268448027053803884e-01 4.403517879629630927e-01 4.637216637808220798e-01 6.727161322310943881e-01 7.040627863149824250e-01 3.991960116820182369e-01 2.908591313124758715e-01 4.553753179190801470e-01 2.853584958987341880e-01 2.784722623708008049e-01 4.597756230324073767e-01 0.000000000000000000e+00 9.600989140765581187e-01 7.556475534896232027e-01 7.731751297967998093e-01 7.234053243584948056e-01 1.681637930719297458e-01 8.352564145714322930e-01 3.930991678194156735e-01 7.796240489131383011e-01 3.376044298208666916e-01 5.978795412954180932e-01 7.287639593647419201e-01 3.439785712990622857e-01 5.520622485439468097e-01 8.235918194942679627e-01 4.743319863264253144e-01 4.414226886435852482e-01 2.308614427207167086e-01 6.682481608238867166e-01 6.740020046593471204e-01 8.890630502900849219e-01
5.449702653975917466e-01 6.856884188390988122e-01 5.048701570640568015e-01 3.087501056213042272e-01 6.744231569208471999e-01 5.570429244850789718e-01 8.270665121029099343e-01 4.134736295333279466e-01 9.361061802476562388e-01 1.844560405195712627e-01 5.509039500298681391e-01 6.676106617412060906e-01 7.547711275693256283e-01 8.553040302395562566e-01 9.600989140765581187e-01 0.000000000000000000e+00 4.548829736250253331e-01 4.434573875774485696e-01 7.272388459414411699e-01 6.397545357282226064e-01 7.833524187075170397e-01 6.135802353165544787e-01 7.638606297471798312e-01 5.597171677165044823e-01 5.470033624421319907e-01 3.743579219135044767e-01 1.326337254432358170e-01 5.440757678972409916e-01 7.150681465445973828e-01 1.275669991591324992e-01 3.710545767700859088e-01 7.038276279225299525e-01 6.528238928909733119e-01 6.453557299307197681e-01 8.726737038486089837e-01
1.391881090144960753e-01 6.161611749354398704e-01 6.815723759707424945e-01 5.836813260170909956e-01 2.873206650586027644e-01 5.022242643343488577e-01 2.918348301192460470e-01 6.962934481750097104e-01 4.718291656943665036e-01 1.409045469441071452e-01 5.695023873131155323e-01 8.624282742749962427e-01 6.384076240799143598e-01 4.955241170925175354e-01 7.556475534896232027e-01 4.548829736250253331e-01 0.000000000000000000e+00 5.669935471541853733e-01 4.431233070121992079e-01 3.077925640336419133e-01 5.787646130804975364e-01 5.888349388625313541e-01 6.457209111519512934e-01 7.169542426210088193e-01 4.690592273552967040e-01 8.762115396076459728e-01 8.895802786707986964e-01 3.369857464490987331e-01 2.935343043630197490e-01 5.039283387955398874e-01 4.267646105804134837e-01 4.848393218509904345e-01 6.798292123367848383e-01 6.664235358216790139e-01 4.434915205916856173e-01
7.629014833488777514e-01 3.079466269347241325e-01 6.366419369409044293e-01 4.395667783712122190e-01 6.039145355471606802e-01 9.815160632534033480e-01 7.066457828289133269e-01 4.419157417740980920e-01 4.416090630053149391e-01 6.220189074759809866e-01 3.455806684024778086e-01 8.402601305302264123e-01 5.248327089020585756e-01 5.398334056942697412e-01 7.731751297967998093e-01 4.434573875774485696e-01 5.669935471541853733e-01 0.000000000000000000e+00 4.721894535307453178e-01 4.095060740981031899e-01 5.940904962716996307e-01 4.853838776967449586e-01 5.257461432473928831e-01 8.366920081143127685e-01 8.704382931040289817e-01 7.446277811919670420e-01 2.535308032577183734e-01 5.043461888891533906e-01 2.923981590213130533e-01 5.860176421824827564e-01 9.727830483721169319e-01 6.771233776972598317e-01 4.253962153467597540e-01 6.298312623324258119e-01 5.627014821059468375e-01
5.728714320811205685e-01 2.457095095478229740e-01 4.545403661467066758e-01 6.479386413512493448e-01 5.477531132735053987e-01 8.365787668622659545e-01 6.772545534724603300e-01 8.333519281107019117e-01 3.549168125726472889e-01 7.661125287689742880e-01 4.570507225383366179e-01 2.317820806258505950e-01 2.851150390821906577e-01 6.220051682489635692e-02 7.234053243584948056e-01 7.272388459414411699e-01 4.431233070121992079e-01 4.721894535307453178e-01 0.000000000000000000e+00 8.090522590496278532e-01 4.332512682342952726e-01 3.067451173624088367e-01 2.581880889386182210e-01 2.112432633113294767e-01 5.536584157641879500e-01 5.915023382470123714e-01 6.484251280163282338e-01 2.851292449191550338e-01 7.039555906908470106e-01 6.053020769498231868e-01 9.015481469201391818e-01 1.544944215474378657e-01 3.979389533554809066e-01 6.439657642700753470e-01 5.126605668625306977e-01
7.518872505544946794e-01 7.656976044789864932e-01 8.225691378475535886e-01 2.347234069860213435e-01 5.395605837471124655e-01 4.077475354528400375e-01 6.444055535800272683e-01 1.720679659878683321e-01 5.894562596516725872e-01 5.490885669545586545e-01 4.951951354135042394e-02 5.309936412666680372e-01 4.790628833445876866e-01 3.689911727220882565e-01 1.681637930719297458e-01 6.397545357282226064e-01 3.077925640336419133e-01 4.095060740981031899e-01 8.090522590496278532e-01 0.000000000000000000e+00 4.038587074054265647e-01 7.292594736384718779e-01 2.189020147966533880e-01 4.546402044172098700e-01 6.957907750518033119e-01 5.895896438566682329e-01 2.839178485692714360e-01 1.304333841472605782e-01 1.374588103566860564e-01 3.766738343394854804e-01 7.292356969992028759e-01 4.952697458944549380e-01 6.591155497320049239e-01 5.307466869184812586e-01 5.035443116726472379e-01
2.894778324170079742e-01 5.296552599015295071e-01 1.823037136928314927e-01 4.117141592520323634e-01 5.207929259822313695e-01 4.914524685079980637e-01 4.832629872558855122e-01 7.173912701148215110e-01 5.929692359518259348e-01 2.398602683242173628e-01 9.288669273850713726e-02 5.393063220538816260e-01 9.340681602735056988e-02 4.788046449352841849e-01 8.352564145714322930e-01 7.833524187075170397e-01 5.787646130804975364e-01 5.940904962716996307e-01 4.332512682342952726e-01 4.038587074054265647e-01 0.000000000000000000e+00 5.235037726034080796e-01 7.294034654224685887e-01 7.628776809705284379e-02 6.547685992088346785e-01 4.033878486522329276e-01 8.335932623969788402e-01 4.918910130903489941e-01 3.858029779029917838e-01 5.585277583447098015e-01 3.861669726940404335e-01 8.345445234786030841e-01 7.155689140263303827e-01 4.744418283141459414e-01 4.486320489821490343e-01
4.603523357779626402e-01 5.482391217398561167e-01 7.352044738130283363e-01 7.784192931828145534e-01 5.458806310109016735e-01 4.288069364250600146e-01 2.992737188993301878e-01 5.952620340708396629e-01 5.725983807557346594e-01 5.974418151770608532e-01 4.541882199436931278e-01 8.451746856477793113e-01 7.980512273855391303e-01 5.163387142863853363e-01 3.930991678194156735e-01 6.135802353165544787e-01 5.888349388625313541e-01 4.853838776967449586e-01 3.067451173624088367e-01 7.292594736384718779e-01 5.235037726034080796e-01 0.000000000000000000e+00 4.848404688589092459e-01 6.519621550566588875e-01 8.358991722148635395e-01 5.005508973128937056e-01 8.247222768479286481e-01 6.119522475163018393e-01 6.896068894211188072e-01 3.790490530331895869e-01 8.469844696415687046e-01 3.772338511928738924e-01 8.575509505646088382e-01 6.148193353761672864e-01 7.539440034899884679e-01
3.878414554740527986e-01 7.300241779599929703e-01 5.876259067287252780e-01 6.617959659610446188e-01 3.925190336385273593e-01 6.795980444757960814e-01 8.687373826416904254e-01 3.500898703711866622e-01 5.415642924301085070e-01 1.814845534296887219e-01 5.658835303920017878e-01 3.880688949656886377e-01 7.121695867693389470e-01 6.863905619944412617e-01 7.796240489131383011e-01 7.638606297471798312e-01 6.457209111519512934e-01 5.257461432473928831e-01 2.581880889386182210e-01 2.189020147966533880e-01 7.294034654224685887e-01 4.848404688589092459e-01 0.000000000000000000e+00 6.753489658123023043e-01 7.169975180497601963e-01 4.968135798714662377e-01 3.874348323840827168e-01 3.951419721030622334e-01 6.642803030734262260e-01 6.279548396488462414e-01 3.289755207718335628e-01 4.150810679936703940e-01 8.283483094699659599e-01 5.571429376327567962e-01 8.658637458067457437e-01
4.618503610939227455e-01 6.324884888619497492e-01 6.855557407267947045e-01 3.187584997386445629e-01 4.677017401755134696e-01 4.508659599945235019e-01 8.069495074071946217e-01 6.072784880167785282e-01 1.432657806334496353e-01 4.861672045084354243e-01 9.022774450275294900e-02 6.459651482250765575e-01 4.313407190282976256e-01 7.764762932219255731e-01 3.376044298208666916e-01 5.597171677165044823e-01 7.169542426210088193e-01 8.366920081143127685e-01 2.112432633113294767e-01 4.546402044172098700e-01 7.628776809705284379e-02 6.519621550566588875e-01 6.753489658123023043e-01 0.000000000000000000e+00 6.787321408930534483e-01 1.247861591295815753e-01 5.284056848239068183e-01 5.233538513234980982e-02 4.318136437056491195e-01 4.909451597728253791e-02 4.967585802459141275e-01 5.650914850703787629e-01 4.157178346716176587e-01 6.415539502863503163e-01 3.859541441196487344e-01
5.746455500049661991e-01 5.609497138553289908e-01 1.974260239470282396e-01 4.448992223486646358e-01 4.978951334413974639e-01 3.867640974409520815e-01 6.582388936920372524e-01 5.480911534733940993e-01 6.238056923796564401e-01 4.241625309982506309e-01 5.144948215996543173e-01 6.429134171814454568e-01 8.111570979955168292e-01 8.526940640650566561e-01 5.978795412954180932e-01 5.470033624421319907e-01 4.690592273552967040e-01 8.704382931040289817e-01 5.536584157641879500e-01 6.957907750518033119e-01 6.547685992088346785e-01 8.358991722148635395e-01 7.169975180497601963e-01 6.787321408930534483e-01 0.000000000000000000e+00 4.982540125770147932e-01 8.339268180958758769e-01 7.338573176392035879e-01 8.388764857606771930e-01 2.490746066935955738e-01 4.651044527398213724e-01 1.322786021933008982e-02 3.891297918473162198e-01 1.586966181973608059e-01 5.957745532429568058e-01
7.459186511677571296e-01 8.529604139675242003e-01 8.735785707676164691e-01 3.820478748669407509e-01 4.189276926138520984e-01 6.300283912560857846e-01 8.468838973038312901e-01 6.487013222593412953e-01 3.081693861541688340e-01 1.744485285785944417e-01 4.172212720809088671e-01 7.774105856249473590e-01 5.153106193461138851e-01 5.557760749942917133e-01 7.287639593647419201e-01 3.743579219135044767e-01 8.762115396076459728e-01 7.446277811919670420e-01 5.915023382470123714e-01 5.895896438566682329e-01 4.033878486522329276e-01 5.005508973128937056e-01 4.968135798714662377e-01 1.247861591295815753e-01 4.982540125770147932e-01 0.000000000000000000e+00 5.595589089127832594e-01 7.560764442261684870e-01 4.113038159895957002e-01 5.526228376027930711e-01 4.492996420020028969e-01 6.771536725975474402e-01 5.486009821062030056e-01 3.604771804916671596e-01 8.072872568971271034e-01
5.330869771287143344e-01 2.690127165217605087e-01 3.775745567822675897e-01 2.548176068314361720e-01 7.186041401470556478e-01 5.109951489648739686e-01 4.994824704615515865e-01 7.340115157452553607e-01 2.080852482188046970e-01 7.216268002987402674e-02 8.509451022879617188e-01 5.716119372938669452e-01 6.097449147112030676e-01 6.675439361310682163e-01 3.439785712990622857e-01 1.326337254432358170e-01 8.895802786707986964e-01 2.535308032577183734e-01 6.484251280163282338e-01 2.839178485692714360e-01 8.335932623969788402e-01 8.247222768479286481e-01 3.874348323840827168e-01 5.284056848239068183e-01 8.339268180958758769e-01 5.595589089127832594e-01 0.000000000000000000e+00 6.837263109141229478e-01 4.024121471644202530e-01 5.315310648016799977e-01 2.552730991763652035e-01 4.112347708711854288e-01 4.653648550719792776e-01 5.209714174233918138e-01 1.666331862253439544e-01
3.357498251833030967e-01 3.492889718897678741e-01 8.226888034686850038e-01 4.615004635534772359e-01 4.818049977033940778e-01 9.167745240724041178e-01 7.088623744211524080e-01 7.599124950983142668e-01 1.561341839746732685e-01 8.049267623030825769e-02 1.484537968437180666e-01 5.064254594659705067e-01 8.395881159057558829e-01 3.658650955587166020e-01 5.520622485439468097e-01 5.440757678972409916e-01 3.369857464490987331e-01 5.043461888891533906e-01 2.851292449191550338e-01 1.304333841472605782e-01 4.918910130903489941e-01 6.119522475163018393e-01 3.951419721030622334e-01 5.233538513234980982e-02 7.338573176392035879e-01 7.560764442261684870e-01 6.837263109141229478e-01 0.000000000000000000e+00 3.598722055427928668e-01 3.395520249574986438e-01 4.365519546916836746e-01 6.264297524694469876e-01 7.117487667599896595e-01 1.376395498167068965e-01 1.126530807322079220e-02
5.726725728481429911e-01 1.159735325347117652e-01 3.851590547771442385e-01 3.926006530062189359e-01 9.004979716025451886e-01 5.531024143535412385e-01 7.792779052201985746e-01 6.144352604764357073e-01 5.468828404273868848e-01 8.003466740907443366e-01 5.315097722945857361e-01 4.771085359850301688e-01 8.401311348105320320e-01 4.780993249258856936e-01 8.235918194942679627e-01 7.150681465445973828e-01 2.935343043630197490e-01 2.923981590213130533e-01 7.039555906908470106e-01 1.374588103566860564e-01 3.858029779029917838e-01 6.896068894211188072e-01 6.642803030734262260e-01 4.318136437056491195e-01 8.388764857606771930e-01 4.113038159895957002e-01 4.024121471644202530e-01 3.598722055427928668e-01 0.000000000000000000e+00 7.512763602632761550e-01 4.746089227445519643e-01 6.305376474455017810e-01 8.024398916114978686e-01 7.382703127968628376e-01 6.578589819458987575e-01
2.216729992224903967e-01 3.361224650694693006e-01 6.658061659284082445e-01 6.413886427474644325e-01 5.326749278947402466e-01 7.894371489039806455e-01 4.040577342701285879e-01 5.557943546119199496e-01 4.547041713200847823e-01 4.713107167080120008e-01 5.810445687740002363e-01 6.686929282904232608e-01 5.972968773504039319e-01 2.637303062586033864e-01 4.743319863264253144e-01 1.275669991591324992e-01 5.039283387955398874e-01 5.860176421824827564e-01 6.053020769498231868e-01 3.766738343394854804e-01 5.585277583447098015e-01 3.790490530331895869e-01 6.279548396488462414e-01 4.909451597728253791e-02 2.490746066935955738e-01 5.526228376027930711e-01 5.315310648016799977e-01 3.395520249574986438e-01 7.512763602632761550e-01 0.000000000000000000e+00 8.202099771055547661e-01 3.205838665131678367e-01 4.536385671741237635e-01 4.762901968436661360e-01 7.630168832430210824e-01
7.820948646529823911e-01 5.867283595240865290e-01 6.264018583458109690e-01 6.191754905057502700e-01 3.928618425446117612e-02 5.209017544146709033e-01 4.704073003299527600e-01 1.424071006881975077e-01 3.375792480184923727e-01 7.451512342199317906e-01 3.593162413540977873e-01 4.823627757297715979e-01 5.351224542676138451e-01 1.046891354164951604e-01 4.414226886435852482e-01 3.710545767700859088e-01 4.267646105804134837e-01 9.727830483721169319e-01 9.015481469201391818e-01 7.292356969992028759e-01 3.861669726940404335e-01 8.469844696415687046e-01 3.289755207718335628e-01 4.967585802459141275e-01 4.651044527398213724e-01 4.492996420020028969e-01 2.552730991763652035e-01 4.365519546916836746e-01 4.746089227445519643e-01 8.202099771055547661e-01 0.000000000000000000e+00 6.415143311651660962e-01 7.279366038163315178e-02 4.997225582967306234e-01 8.471831062442207738e-01
4.975015368315580111e-01 9.518860882553845659e-01 8.532499752100822787e-01 8.377975100500725247e-01 3.260243423739277446e-01 5.922523830077968121e-01 4.457208769183740316e-02 5.481046758277757780e-01 6.219282687789646769e-01 2.222174253559380253e-01 9.406080221671372366e-01 7.756045129523214676e-01 6.881617366721526352e-01 4.373209412568261900e-01 2.308614427207167086e-01 7.038276279225299525e-01 4.848393218509904345e-01 6.771233776972598317e-01 1.544944215474378657e-01 4.952697458944549380e-01 8.345445234786030841e-01 3.772338511928738924e-01 4.150810679936703940e-01 5.650914850703787629e-01 1.322786021933008982e-02 6.771536725975474402e-01 4.112347708711854288e-01 6.264297524694469876e-01 6.305376474455017810e-01 3.205838665131678367e-01 6.415143311651660962e-01 0.000000000000000000e+00 2.856427609168084025e-01 1.941794433000145481e-01 9.389283847184004550e-01
3.116549511049175880e-01 6.374647925326033526e-01 1.502439095746839204e-01 5.497727713328791621e-01 9.039482280589153929e-01 5.399009251884665517e-01 8.779802767005826514e-01 3.389590756336638422e-01 3.925670616942723012e-01 3.338210038799225288e-01 2.291521576577285058e-01 3.793630057464892902e-01 4.209195109061142359e-02 3.754141371782018233e-01 6.682481608238867166e-01 6.528238928909733119e-01 6.798292123367848383e-01 4.253962153467597540e-01 3.979389533554809066e-01 6.591155497320049239e-01 7.155689140263303827e-01 8.575509505646088382e-01 8.283483094699659599e-01 4.157178346716176587e-01 3.891297918473162198e-01 5.486009821062030056e-01 4.653648550719792776e-01 7.117487667599896595e-01 8.024398916114978686e-01 4.536385671741237635e-01 7.279366038163315178e-02 2.856427609168084025e-01 0.000000000000000000e+00 2.003905798758039980e-01 4.787765923963261394e-01
7.643215843835763357e-01 7.728130899449771052e-01 4.973373492043223765e-01 3.555711188855351645e-01 4.922403533153570931e-01 3.637446312478593291e-01 8.342738240731286670e-01 2.769584082985608875e-01 5.356179567946133258e-01 2.934364482744937774e-01 3.581100885623068608e-01 7.179345035970630118e-02 6.585022667218430881e-01 6.738539888126445776e-01 6.740020046593471204e-01 6.453557299307197681e-01 6.664235358216790139e-01 6.298312623324258119e-01 6.439657642700753470e-01 5.307466869184812586e-01 4.744418283141459414e-01 6.148193353761672864e-01 5.571429376327567962e-01 6.415539502863503163e-01 1.586966181973608059e-01 3.604771804916671596e-01 5.209714174233918138e-01 1.376395498167068965e-01 7.382703127968628376e-01 4.762901968436661360e-01 4.997225582967306234e-01 1.941794433000145481e-01 2.003905798758039980e-01 0.000000000000000000e+00 5.410447067424274392e-01
7.782897739107513813e-01 6.853023726414690930e-01 5.536673426329834502e-01 6.299861867868462584e-01 5.903148128453614696e-01 8.347004482907574019e-01 3.260223806787049261e-01 3.256824296043530076e-01 5.057331457282243647e-01 4.840617831567889384e-01 2.054780231236944532e-01 4.079722749430139683e-01 6.556811550749013229e-01 2.361142711944204109e-01 8.890630502900849219e-01 8.726737038486089837e-01 4.434915205916856173e-01 5.627014821059468375e-01 5.126605668625306977e-01 5.035443116726472379e-01 4.486320489821490343e-01 7.539440034899884679e-01 8.658637458067457437e-01 3.859541441196487344e-01 5.957745532429568058e-01 8.072872568971271034e-01 1.666331862253439544e-01 1.126530807322079220e-02 6.578589819458987575e-01 7.630168832430210824e-01 8.471831062442207738e-01 9.389283847184004550e-01 4.787765923963261394e-01 5.410447067424274392e-01 0.000000000000000000e+00
