0.000000000000000000e+00 3.987263470260142828e-01 7.633105230854787537e-01 4.316479255880531496e-01 3.728254495298558013e-01 4.796476580736255269e-01 4.780466763617201575e-01 4.450098936333822253e-01 7.861726119292078430e-01 7.730351849304379908e-01 7.200814993128680230e-01 1.228337067331677357e-01 7.609697751119638420e-01 1.459911133691300655e-01 8.059923970043785246e-01 4.148286860543078935e-01 5.595803943639641176e-01 8.156271960651687580e-01 5.327928231853873431e-02 8.785386726500532539e-02 7.014264426344132275e-01 5.496741809931058320e-01 1.618398319031733590e-01 8.041806964030806526e-02 5.504300536141091271e-01 7.070577673072511171e-01 4.349214673008163223e-01 3.804161582005158304e-01 5.183030129936876396e-01 7.795894245684472645e-01 3.336833392893869821e-01 8.160577447122698835e-01 4.527603999001529878e-01 1.396031538247423098e-01 6.578072989173484597e-01
3.987263470260142828e-01 0.000000000000000000e+00 5.685850480346332780e-02 4.717082518159795845e-01 8.055892241337530013e-01 4.607150023423143281e-01 8.111537005983388005e-01 4.023899246435965193e-01 7.967478710919658758e-01 7.178300081129336263e-01 5.364510432024431896e-01 5.268664701108641824e-01 4.531459818020079910e-01 4.397838666498591342e-01 3.486858469836943697e-01 8.136647501109997016e-01 6.956488516832038949e-01 8.807251132299154239e-02 8.649071468932056916e-01 4.460520940501503384e-01 4.031341901766592462e-01 6.294231274173747170e-01 3.892999190222026229e-01 5.837888501426224952e-02 8.526150502307265899e-01 9.069303241871327081e-01 5.017484633211459766e-01 1.556830713075719741e-01 4.746454641843199651e-01 8.592892501183636567e-01 9.132025229753795159e-01 7.843317489018202249e-01 7.358732682795053881e-01 4.925200624730999288e-01 3.618918330851038090e-01
7.633105230854787537e-01 5.685850480346332780e-02 0.000000000000000000e+00 7.756393264868126636e-01 6.260326827512859849e-01 2.804632556935316989e-01 7.979101653904300262e-01 5.369863470045306286e-01 9.200838607779859846e-02 8.668277761615894583e-01 3.182280325798071408e-01 4.385674292819111142e-01 5.149664989029264506e-01 4.393249185088164976e-01 1.846115727345573054e-01 4.803664765135159387e-01 9.418925463928973230e-01 1.708277223659923072e-01 4.467357244631738333e-01 6.648763463595286360e-01 1.955814062836117584e-01 5.976845631284296578e-01 3.477049652589362383e-01 2.868146281555911115e-01 5.698488229479751199e-01 3.828799656612431046e-01 5.666624365578151190e-01 4.872169699459922843e-01 7.022547108312064967e-01 7.769707440430353440e-01 2.445909431999938599e-01 5.247657033032917528e-01 5.081278685317915933e-01 3.089031490898287435e-01 8.896993266880275364e-01
4.316479255880531496e-01 4.717082518159795845e-01 7.756393264868126636e-01 0.000000000000000000e+00 5.098484737902189146e-01 7.067143488729732415e-01 7.601578781774631643e-01 4.530578835780512681e-01 1.497309546649079337e-01 2.504978557449728527e-01 7.626269585577684085e-01 7.705769358124099355e-01 2.451223094718858464e-01 8.082458698241438144e-01 8.053003905785098837e-01 4.354480441858952222e-01 5.016837418370367896e-02 5.693607831939181407e-01 3.519892872612933044e-01 7.759762276417795368e-01 7.670546065247043632e-01 4.335685204572748974e-01 5.271675821190023870e-01 2.861634381369678737e-01 5.113559767154058910e-01 9.045502082741165850e-01 5.516657439866270440e-01 5.368227014821438381e-01 2.887794266862191428e-01 4.402229178795544207e-01 7.681718916551301124e-01 3.511677243422057781e-01 6.745101097573493742e-01 4.559000316088347438e-01 2.423737752110466381e-02
3.728254495298558013e-01 8.055892241337530013e-01 6.260326827512859849e-01 5.098484737902189146e-01 0.000000000000000000e+00 7.066778662136853351e-01 3.076904921499491463e-01 1.010967496245603892e-01 4.785881869956313817e-01 1.062811951454126769e-01 7.776625934648589977e-01 6.533895027905327613e-01 4.371174939719874031e-01 2.461455252151680817e-01 4.988091320785325578e-01 5.372178201754306270e-01 5.486927607699978449e-01 3.685518313378954858e-01 7.901997642494431595e-01 3.954466660175286474e-01 2.573867504652061489e-01 7.162029949171084819e-01 4.640706170764727911e-01 3.238090452227388449e-01 5.900567041833750803e-01 1.422030945909459887e-01 2.550793411904941910e-01 3.415848425420329737e-01 7.984297958258317340e-01 5.679368119929746328e-01 5.318972595992899066e-01 7.279864140224611146e-01 6.859876772071377138e-01 6.681123070440266876e-01 1.574096796924654429e-01
4.796476580736255269e-01 4.607150023423143281e-01 2.804632556935316989e-01 7.067143488729732415e-01 7.066778662136853351e-01 0.000000000000000000e+00 4.517004230161044687e-01 4.247203049040938483e-01 6.313896796262929989e-01 5.059554707922340189e-01 7.398784007236094418e-01 2.093768824593729705e-01 6.999590562501356583e-01 8.298000290999705264e-01 3.646605865085317810e-01 8.991843977247953035e-01 5.738861241342145814e-01 9.486699849019939457e-01 5.051895586513439618e-01 4.307504263538383671e-01 4.797415365219419581e-01 2.458326735096375837e-01 3.395136529059840091e-01 6.474817356487071462e-01 5.107977177445308659e-01 2.183341221372481211e-01 2.350448131984786970e-01 4.080485972269977668e-01 2.514103406654228934e-01 7.597069101013332881e-01 4.957535991654952734e-01 2.744093975702979193e-01 8.257917507268843771e-01 4.578916911040078475e-01 8.384296673155233748e-02
4.780466763617201575e-01 8.111537005983388005e-01 7.979101653904300262e-01 7.601578781774631643e-01 3.076904921499491463e-01 4.517004230161044687e-01 0.000000000000000000e+00 3.269734651005065662e-01 7.551910742180882874e-01 3.749922651580303024e-01 4.940992250281598941e-01 9.328688458574196929e-01 2.226308032115430491e-01 3.642339685720649145e-01 5.368443845007284665e-01 8.967423367470711559e-01 3.911050585956716841e-01 8.496118436167543475e-01 4.592980878325618743e-01 4.538258169967300804e-01 8.256359614276997938e-01 5.294910627427997785e-01 1.044612229474224385e-01 5.652829121447815464e-01 4.008107096422318660e-01 5.975220736393757059e-01 5.645245066960481450e-01 2.339565201635196434e-01 5.339109551808340903e-02 7.985497756626340760e-01 8.167240172463863246e-01 7.058708574016870907e-01 4.392351504520838890e-01 5.880144094101236174e-01 3.831671540348081662e-01
4.450098936333822253e-01 4.023899246435965193e-01 5.369863470045306286e-01 4.530578835780512681e-01 1.010967496245603892e-01 4.247203049040938483e-01 3.269734651005065662e-01 0.000000000000000000e+00 6.175737690900917620e-01 6.988843812246969822e-01 6.502875847834848066e-01 9.062075502095308099e-01 1.041293845284640973e-01 1.398378550895474914e-01 4.115325175280588610e-01 8.005832102571744935e-01 8.560911104429796969e-01 6.160421999524887671e-01 3.830949580247530184e-01 2.733077679940885685e-01 7.531824546972570866e-01 5.702419716033910735e-01 6.563545699565727087e-01 2.667684703743753438e-01 8.618980223219994130e-01 6.119772490964987544e-01 3.310056148465506665e-01 3.185134182852903395e-01 4.569833759682687679e-01 5.328991939387350829e-01 8.898033673746140737e-01 5.325438120338550352e-01 8.357129668984146775e-01 4.794121106684245959e-01 3.227676984425829065e-01
7.861726119292078430e-01 7.967478710919658758e-01 9.200838607779859846e-02 1.497309546649079337e-01 4.785881869956313817e-01 6.313896796262929989e-01 7.551910742180882874e-01 6.175737690900917620e-01 0.000000000000000000e+00 6.156728589329933943e-01 7.939041518670579833e-01 2.922956459426551690e-01 4.500292901536907531e-01 5.185028626513608074e-01 1.342508076856985255e-02 8.912104834498661976e-01 1.809794940122397833e-01 6.924237061327385145e-01 4.757238998286770215e-01 6.330767871339915143e-01 6.676852010418860006e-01 7.525172767573500288e-01 3.340697175665070517e-01 1.320645730565043197e-01 3.783542390173133541e-01 8.345211020838263494e-01 9.668623794158026641e-02 3.798794367473373734e-01 4.115127270912756208e-01 1.225955974958059524e-01 3.976592347364048541e-01 3.424829495090663256e-01 2.116718774413934856e-01 6.221794528061718177e-01 6.377838111310362157e-01
7.730351849304379908e-01 7.178300081129336263e-01 8.668277761615894583e-01 2.504978557449728527e-01 1.062811951454126769e-01 5.059554707922340189e-01 3.749922651580303024e-01 6.988843812246969822e-01 6.156728589329933943e-01 0.000000000000000000e+00 6.998622827441058902e-01 5.345687642584281418e-01 3.022320232178116184e-01 7.669665662659173044e-01 6.735791688642511765e-01 7.630931108185992073e-01 6.146427555415375776e-01 5.218044310809574204e-01 8.257949095160175279e-01 4.586945191447890924e-01 5.031865808474242918e-01 4.712174903169076834e-01 8.197123554723004801e-01 3.620294397523327046e-01 5.066505671765562102e-01 8.897602561823365619e-01 7.462811620530266365e-01 8.070736053540161770e-02 6.420630455673667081e-01 8.271731530937662669e-01 7.496894158040607881e-01 5.429425442158041237e-01 6.038447330671163904e-01 6.906773628321818403e-01 7.702781099063178427e-01
7.200814993128680230e-01 5.364510432024431896e-01 3.182280325798071408e-01 7.626269585577684085e-01 7.776625934648589977e-01 7.398784007236094418e-01 4.940992250281598941e-01 6.502875847834848066e-01 7.939041518670579833e-01 6.998622827441058902e-01 0.000000000000000000e+00 2.395329238662287918e-01 7.323520990452888624e-01 8.613718128625870163e-01 7.628720749908209919e-01 4.719549556547594227e-01 6.906026994697876953e-01 8.548237946205796689e-01 7.913881273569545183e-02 3.606073435584701281e-01 4.342406374772602717e-01 1.155747289179925863e-01 6.632015847508440087e-01 4.640768795490485821e-01 7.307123385149472128e-01 6.535619948689719294e-01 1.825503242710441176e-01 2.508765774255655723e-01 4.094552145295125012e-01 6.811818271550242887e-01 1.809294346649596430e-01 3.892296658713588764e-01 9.062951784669934785e-01 2.985660828953581314e-01 2.320044000712633281e-01
1.228337067331677357e-01 5.268664701108641824e-01 4.385674292819111142e-01 7.705769358124099355e-01 6.533895027905327613e-01 2.093768824593729705e-01 9.328688458574196929e-01 9.062075502095308099e-01 2.922956459426551690e-01 5.345687642584281418e-01 2.395329238662287918e-01 0.000000000000000000e+00 3.889069523724124622e-01 6.338022730369865521e-01 3.695781760638087166e-01 3.585228856654921192e-01 4.093702038337916904e-01 6.356911802198854655e-01 5.437170527230862360e-01 7.662697894502283891e-01 7.506997661058364413e-01 6.044459357663338750e-01 4.950859485662881809e-01 5.964670147238615439e-01 6.660522440277250045e-02 6.597323931727103741e-01 5.298799585120123057e-01 4.440198072375847183e-01 4.055511386453081180e-01 4.865695038202073053e-01 7.629269252381929434e-01 7.182053868306644828e-01 6.883988141368717617e-01 3.017526722314378684e-01 6.124599333713799387e-01
7.609697751119638420e-01 4.531459818020079910e-01 5.149664989029264506e-01 2.451223094718858464e-01 4.371174939719874031e-01 6.999590562501356583e-01 2.226308032115430491e-01 1.041293845284640973e-01 4.500292901536907531e-01 3.022320232178116184e-01 7.323520990452888624e-01 3.889069523724124622e-01 0.000000000000000000e+00 7.391923052790719817e-01 5.767276899750656272e-01 6.458421028781848872e-01 9.612385247032695368e-02 4.644125033125464652e-01 1.849689598962218628e-01 4.012368257473651889e-01 7.276283637735082577e-01 4.070183066887464451e-01 4.670166550337371825e-01 7.259692181688930379e-01 7.099733822652150028e-01 2.764733948851385570e-01 7.776864150775499862e-01 5.422195707676653598e-01 8.210642505550900250e-01 6.320613140934465690e-01 4.726986702148679442e-01 6.861640062128933071e-01 6.186534244122121606e-01 4.748224504409241931e-01 5.634888335897008105e-01
1.459911133691300655e-01 4.397838666498591342e-01 4.393249185088164976e-01 8.082458698241438144e-01 2.461455252151680817e-01 8.298000290999705264e-01 3.642339685720649145e-01 1.398378550895474914e-01 5.185028626513608074e-01 7.669665662659173044e-01 8.613718128625870163e-01 6.338022730369865521e-01 7.391923052790719817e-01 0.000000000000000000e+00 9.896778164479811402e-01 8.886270867102766813e-01 8.247764366901195743e-01 5.420318463800462006e-01 5.572824518196655141e-01 7.083250343667275573e-01 1.275185191163325515e-01 9.804014820409447939e-01 4.244259598941221290e-01 6.026729715189937941e-01 5.564660885715509986e-01 5.415740977187434302e-01 6.711372977286418351e-01 4.673120401347424790e-01 1.901102905628725415e-01 3.051326931723308822e-01 1.714112828301882496e-01 7.325430859082309176e-01 5.413700834865554645e-01 4.138525240328319033e-01 8.520295873824028643e-01
8.059923970043785246e-01 3.486858469836943697e-01 1.846115727345573054e-01 8.053003905785098837e-01 4.988091320785325578e-01 3.646605865085317810e-01 5.368443845007284665e-01 4.115325175280588610e-01 1.342508076856985255e-02 6.735791688642511765e-01 7.628720749908209919e-01 3.695781760638087166e-01 5.767276899750656272e-01 9.896778164479811402e-01 0.000000000000000000e+00 9.459398600275787938e-01 2.275282941816887117e-01 6.284587024075944939e-01 6.071571457972070318e-01 4.940065470051264174e-01 5.894410663305846843e-01 2.387207585889653538e-01 8.235295405667422131e-01 5.485618504503010362e-01 1.726380222516590290e-01 5.423902231997225210e-01 3.970805950784306870e-01 5.943084932162912004e-01 1.301213838318256433e-01 4.996460221577391780e-01 7.021070953985009133e-01 3.464320358989285142e-01 7.952929723162575071e-01 7.328666149205520508e-01 6.766926529388661571e-02
4.148286860543078935e-01 8.136647501109997016e-01 4.803664765135159387e-01 4.354480441858952222e-01 5.372178201754306270e-01 8.991843977247953035e-01 8.967423367470711559e-01 8.005832102571744935e-01 8.912104834498661976e-01 7.630931108185992073e-01 4.719549556547594227e-01 3.585228856654921192e-01 6.458421028781848872e-01 8.886270867102766813e-01 9.459398600275787938e-01 0.000000000000000000e+00 6.412113503150311811e-01 9.792077392185150053e-02 4.438457398684406696e-01 6.896449324522493374e-01 8.725648059220452168e-01 8.201193778251018029e-01 2.197076788526038937e-01 2.110768635542522587e-01 3.982349354111330841e-01 3.029900074777473473e-01 6.665609223438344610e-01 7.962326895744252786e-01 3.843297484498612304e-01 4.952445068698200781e-01 5.170323194226068564e-01 9.869055600299425635e-02 5.120851930657711604e-01 6.249393881000006035e-01 5.592176678592313266e-01
5.595803943639641176e-01 6.956488516832038949e-01 9.418925463928973230e-01 5.016837418370367896e-02 5.486927607699978449e-01 5.738861241342145814e-01 3.911050585956716841e-01 8.560911104429796969e-01 1.809794940122397833e-01 6.146427555415375776e-01 6.906026994697876953e-01 4.093702038337916904e-01 9.612385247032695368e-02 8.247764366901195743e-01 2.275282941816887117e-01 6.412113503150311811e-01 0.000000000000000000e+00 2.359504026165100132e-01 4.755707329646082782e-01 7.206966639303179489e-01 8.704493761177167777e-02 1.026897186113460148e-01 7.089321434809536804e-02 1.891940616852449408e-01 4.096652337075922246e-01 1.937189382815091010e-01 6.057614814026591743e-01 7.495783490597371923e-01 4.772076430287732762e-01 7.819762440440407580e-01 7.069885500463217731e-01 4.194941316754853822e-01 2.767569139047300064e-01 4.647536106869342709e-01 4.896146936800128691e-01
8.156271960651687580e-01 8.807251132299154239e-02 1.708277223659923072e-01 5.693607831939181407e-01 3.685518313378954858e-01 9.486699849019939457e-01 8.496118436167543475e-01 6.160421999524887671e-01 6.924237061327385145e-01 5.218044310809574204e-01 8.548237946205796689e-01 6.356911802198854655e-01 4.644125033125464652e-01 5.420318463800462006e-01 6.284587024075944939e-01 9.792077392185150053e-02 2.359504026165100132e-01 0.000000000000000000e+00 5.574018560269833333e-01 4.620750060248272617e-01 5.394351972428141906e-01 4.563379771633892523e-01 4.938818655980797834e-01 4.940529484159982276e-01 5.805193927045771973e-01 4.759439460627091223e-01 9.581243297321482277e-01 6.226835141465840717e-01 8.996009445117238990e-01 1.509196117068849485e-01 4.779822318934661696e-01 3.733942278118997371e-01 4.635437655491201903e-01 5.039204422241843062e-01 7.009441357073180612e-01
5.327928231853873431e-02 8.649071468932056916e-01 4.467357244631738333e-01 3.519892872612933044e-01 7.901997642494431595e-01 5.051895586513439618e-01 4.592980878325618743e-01 3.830949580247530184e-01 4.757238998286770215e-01 8.257949095160175279e-01 7.913881273569545183e-02 5.437170527230862360e-01 1.849689598962218628e-01 5.572824518196655141e-01 6.071571457972070318e-01 4.438457398684406696e-01 4.755707329646082782e-01 5.574018560269833333e-01 0.000000000000000000e+00 5.670093597298371257e-01 5.761529420556555925e-01 6.834752657952269939e-01 8.618207952484966405e-01 3.340783274210270548e-01 4.848956043074880706e-01 5.016739399216463280e-01 4.434988746582987362e-01 6.184400215012366697e-01 3.284924354841227689e-01 8.184188251385431379e-01 4.242649581397539560e-02 8.570543164970112482e-01 8.236896501639158208e-01 8.141246892108452426e-01 2.258787223475162975e-01
8.785386726500532539e-02 4.460520940501503384e-01 6.648763463595286360e-01 7.759762276417795368e-01 3.954466660175286474e-01 4.307504263538383671e-01 4.538258169967300804e-01 2.733077679940885685e-01 6.330767871339915143e-01 4.586945191447890924e-01 3.606073435584701281e-01 7.662697894502283891e-01 4.012368257473651889e-01 7.083250343667275573e-01 4.940065470051264174e-01 6.896449324522493374e-01 7.206966639303179489e-01 4.620750060248272617e-01 5.670093597298371257e-01 0.000000000000000000e+00 5.217228647451028767e-01 3.264627337403104290e-01 6.965034685697027994e-01 1.482023588987467222e-01 7.469556320835364360e-01 2.727137779987750532e-01 1.192345451068261841e-01 2.899123597554588150e-01 8.885588420850429880e-01 3.861600583770710138e-01 8.921149765113122188e-01 1.053492122701807920e-01 7.051614986487725334e-01 3.667222730327470148e-01 2.909254590905770987e-01
7.014264426344132275e-01 4.031341901766592462e-01 1.955814062836117584e-01 7.670546065247043632e-01 2.573867504652061489e-01 4.797415365219419581e-01 8.256359614276997938e-01 7.531824546972570866e-01 6.676852010418860006e-01 5.031865808474242918e-01 4.342406374772602717e-01 7.506997661058364413e-01 7.276283637735082577e-01 1.275185191163325515e-01 5.894410663305846843e-01 8.725648059220452168e-01 8.704493761177167777e-02 5.394351972428141906e-01 5.761529420556555925e-01 5.217228647451028767e-01 0.000000000000000000e+00 4.258963539841621460e-01 8.919083768113511557e-01 5.309805803278841996e-01 5.080255697969466855e-01 6.279019434524314436e-01 6.419597661210196815e-01 5.981988832324109939e-01 6.503151926997934318e-01 8.090740396928954858e-01 6.413970806602635744e-01 6.807898823337034111e-01 7.599859332620682029e-01 5.172416187035129287e-01 1.048921242863632974e-01
5.496741809931058320e-01 6.294231274173747170e-01 5.976845631284296578e-01 4.335685204572748974e-01 7.162029949171084819e-01 2.458326735096375837e-01 5.294910627427997785e-01 5.702419716033910735e-01 7.525172767573500288e-01 4.712174903169076834e-01 1.155747289179925863e-01 6.044459357663338750e-01 4.070183066887464451e-01 9.804014820409447939e-01 2.387207585889653538e-01 8.201193778251018029e-01 1.026897186113460148e-01 4.563379771633892523e-01 6.834752657952269939e-01 3.264627337403104290e-01 4.258963539841621460e-01 0.000000000000000000e+00 3.893414194102409187e-01 4.656743877714620838e-01 7.713030294265539322e-01 5.697922901790489769e-01 1.430187556885699207e-01 4.607178877635619285e-01 6.815306307872321945e-01 6.210882989218474703e-01 6.403429302549130675e-01 1.980977603701888912e-01 4.630988031870366672e-01 4.609136796293370475e-01 7.986151019875583623e-01
1.618398319031733590e-01 3.892999190222026229e-01 3.477049652589362383e-01 5.271675821190023870e-01 4.640706170764727911e-01 3.395136529059840091e-01 1.044612229474224385e-01 6.563545699565727087e-01 3.340697175665070517e-01 8.197123554723004801e-01 6.632015847508440087e-01 4.950859485662881809e-01 4.670166550337371825e-01 4.244259598941221290e-01 8.235295405667422131e-01 2.197076788526038937e-01 7.089321434809536804e-02 4.938818655980797834e-01 8.618207952484966405e-01 6.965034685697027994e-01 8.919083768113511557e-01 3.893414194102409187e-01 0.000000000000000000e+00 9.150705574956958799e-01 3.234409559546300161e-01 3.198128570731691989e-01 4.505737956084982510e-01 4.696110435716593923e-01 8.599530249274460747e-01 7.149935947118656321e-01 6.571754255569481895e-01 5.782263481668810101e-01 6.173993323580526660e-01 5.378398475984438321e-01 5.117984018736123630e-01
8.041806964030806526e-02 5.837888501426224952e-02 2.868146281555911115e-01 2.861634381369678737e-01 3.238090452227388449e-01 6.474817356487071462e-01 5.652829121447815464e-01 2.667684703743753438e-01 1.320645730565043197e-01 3.620294397523327046e-01 4.640768795490485821e-01 5.964670147238615439e-01 7.259692181688930379e-01 6.026729715189937941e-01 5.485618504503010362e-01 2.110768635542522587e-01 1.891940616852449408e-01 4.940529484159982276e-01 3.340783274210270548e-01 1.482023588987467222e-01 5.309805803278841996e-01 4.656743877714620838e-01 9.150705574956958799e-01 0.000000000000000000e+00 1.415292132272885084e-01 1.191740590123027133e-01 5.891229355080829233e-01 5.720097526041252323e-01 7.504062486274758470e-01 5.342482543911709625e-01 3.235149286058540685e-01 6.675204549589197622e-01 7.326081801538517624e-01 9.393611695099278736e-01 5.821791281519738126e-01
5.504300536141091271e-01 8.526150502307265899e-01 5.698488229479751199e-01 5.113559767154058910e-01 5.900567041833750803e-01 5.107977177445308659e-01 4.008107096422318660e-01 8.618980223219994130e-01 3.783542390173133541e-01 5.066505671765562102e-01 7.307123385149472128e-01 6.660522440277250045e-02 7.099733822652150028e-01 5.564660885715509986e-01 1.726380222516590290e-01 3.982349354111330841e-01 4.096652337075922246e-01 5.805193927045771973e-01 4.848956043074880706e-01 7.469556320835364360e-01 5.080255697969466855e-01 7.713030294265539322e-01 3.234409559546300161e-01 1.415292132272885084e-01 0.000000000000000000e+00 7.538857058014281076e-01 6.180001067930861458e-01 6.773129569577140963e-01 5.747649702600099442e-01 4.972309138013926710e-01 1.733700385443847081e-01 7.899001015528119840e-01 7.457863465673986170e-01 5.122581782452504395e-01 7.460461640042382880e-01
7.070577673072511171e-01 9.069303241871327081e-01 3.828799656612431046e-01 9.045502082741165850e-01 1.422030945909459887e-01 2.183341221372481211e-01 5.975220736393757059e-01 6.119772490964987544e-01 8.345211020838263494e-01 8.897602561823365619e-01 6.535619948689719294e-01 6.597323931727103741e-01 2.764733948851385570e-01 5.415740977187434302e-01 5.423902231997225210e-01 3.029900074777473473e-01 1.937189382815091010e-01 4.759439460627091223e-01 5.016739399216463280e-01 2.727137779987750532e-01 6.279019434524314436e-01 5.697922901790489769e-01 3.198128570731691989e-01 1.191740590123027133e-01 7.538857058014281076e-01 0.000000000000000000e+00 4.093344642923195109e-01 1.913584991735511887e-01 3.246953522713801887e-01 5.162838570600778443e-01 5.576751557152010985e-01 1.073408800677948527e-01 7.209591798782212235e-01 4.972696827590455393e-01 5.124102084837764970e-01
4.349214673008163223e-01 5.017484633211459766e-01 5.666624365578151190e-01 5.516657439866270440e-01 2.550793411904941910e-01 2.350448131984786970e-01 5.645245066960481450e-01 3.310056148465506665e-01 9.668623794158026641e-02 7.462811620530266365e-01 1.825503242710441176e-01 5.298799585120123057e-01 7.776864150775499862e-01 6.711372977286418351e-01 3.970805950784306870e-01 6.665609223438344610e-01 6.057614814026591743e-01 9.581243297321482277e-01 4.434988746582987362e-01 1.192345451068261841e-01 6.419597661210196815e-01 1.430187556885699207e-01 4.505737956084982510e-01 5.891229355080829233e-01 6.180001067930861458e-01 4.093344642923195109e-01 0.000000000000000000e+00 5.252097110823217285e-01 1.806533533287876248e-01 7.820417523770551993e-01 5.848945438941280939e-01 2.283673791400029351e-01 6.163392277540495900e-01 6.503364039537664620e-01 8.661606002055886044e-01
3.804161582005158304e-01 1.556830713075719741e-01 4.872169699459922843e-01 5.368227014821438381e-01 3.415848425420329737e-01 4.080485972269977668e-01 2.339565201635196434e-01 3.185134182852903395e-01 3.798794367473373734e-01 8.070736053540161770e-02 2.508765774255655723e-01 4.440198072375847183e-01 5.422195707676653598e-01 4.673120401347424790e-01 5.943084932162912004e-01 7.962326895744252786e-01 7.495783490597371923e-01 6.226835141465840717e-01 6.184400215012366697e-01 2.899123597554588150e-01 5.981988832324109939e-01 4.607178877635619285e-01 4.696110435716593923e-01 5.720097526041252323e-01 6.773129569577140963e-01 1.913584991735511887e-01 5.252097110823217285e-01 0.000000000000000000e+00 6.952136101578244576e-01 5.208828093403947701e-01 9.410175624547545414e-01 7.579780006563929806e-01 3.447237888393493987e-01 4.823717824230353002e-01 4.818890534707041540e-01
5.183030129936876396e-01 4.746454641843199651e-01 7.022547108312064967e-01 2.887794266862191428e-01 7.984297958258317340e-01 2.514103406654228934e-01 5.339109551808340903e-02 4.569833759682687679e-01 4.115127270912756208e-01 6.420630455673667081e-01 4.094552145295125012e-01 4.055511386453081180e-01 8.210642505550900250e-01 1.901102905628725415e-01 1.301213838318256433e-01 3.843297484498612304e-01 4.772076430287732762e-01 8.996009445117238990e-01 3.284924354841227689e-01 8.885588420850429880e-01 6.503151926997934318e-01 6.815306307872321945e-01 8.599530249274460747e-01 7.504062486274758470e-01 5.747649702600099442e-01 3.246953522713801887e-01 1.806533533287876248e-01 6.952136101578244576e-01 0.000000000000000000e+00 7.472596960854678283e-01 3.932413613598087498e-01 5.537462129647241493e-01 5.717324749231698089e-01 4.420493766714084227e-01 5.007605938181357574e-01
7.795894245684472645e-01 8.592892501183636567e-01 7.769707440430353440e-01 4.402229178795544207e-01 5.679368119929746328e-01 7.597069101013332881e-01 7.985497756626340760e-01 5.328991939387350829e-01 1.225955974958059524e-01 8.271731530937662669e-01 6.811818271550242887e-01 4.865695038202073053e-01 6.320613140934465690e-01 3.051326931723308822e-01 4.996460221577391780e-01 4.952445068698200781e-01 7.819762440440407580e-01 1.509196117068849485e-01 8.184188251385431379e-01 3.861600583770710138e-01 8.090740396928954858e-01 6.210882989218474703e-01 7.149935947118656321e-01 5.342482543911709625e-01 4.972309138013926710e-01 5.162838570600778443e-01 7.820417523770551993e-01 5.208828093403947701e-01 7.472596960854678283e-01 0.000000000000000000e+00 7.274811392192033210e-01 6.799212648525878588e-01 8.774727095933376741e-01 3.867878593313283098e-01 7.436960872313722604e-01
3.336833392893869821e-01 9.132025229753795159e-01 2.445909431999938599e-01 7.681718916551301124e-01 5.318972595992899066e-01 4.957535991654952734e-01 8.167240172463863246e-01 8.898033673746140737e-01 3.976592347364048541e-01 7.496894158040607881e-01 1.809294346649596430e-01 7.629269252381929434e-01 4.726986702148679442e-01 1.714112828301882496e-01 7.021070953985009133e-01 5.170323194226068564e-01 7.069885500463217731e-01 4.779822318934661696e-01 4.242649581397539560e-02 8.921149765113122188e-01 6.413970806602635744e-01 6.403429302549130675e-01 6.571754255569481895e-01 3.235149286058540685e-01 1.733700385443847081e-01 5.576751557152010985e-01 5.848945438941280939e-01 9.410175624547545414e-01 3.932413613598087498e-01 7.274811392192033210e-01 0.000000000000000000e+00 5.027691679412913395e-01 8.395214968408279965e-01 6.324216762532877123e-01 8.375614655480486670e-01
8.160577447122698835e-01 7.843317489018202249e-01 5.247657033032917528e-01 3.511677243422057781e-01 7.279864140224611146e-01 2.744093975702979193e-01 7.058708574016870907e-01 5.325438120338550352e-01 3.424829495090663256e-01 5.429425442158041237e-01 3.892296658713588764e-01 7.182053868306644828e-01 6.861640062128933071e-01 7.325430859082309176e-01 3.464320358989285142e-01 9.869055600299425635e-02 4.194941316754853822e-01 3.733942278118997371e-01 8.570543164970112482e-01 1.053492122701807920e-01 6.807898823337034111e-01 1.980977603701888912e-01 5.782263481668810101e-01 6.675204549589197622e-01 7.899001015528119840e-01 1.073408800677948527e-01 2.283673791400029351e-01 7.579780006563929806e-01 5.537462129647241493e-01 6.799212648525878588e-01 5.027691679412913395e-01 0.000000000000000000e+00 2.488162570317707378e-01 6.675024059118723763e-01 6.480720143142606471e-01
4.527603999001529878e-01 7.358732682795053881e-01 5.081278685317915933e-01 6.745101097573493742e-01 6.859876772071377138e-01 8.257917507268843771e-01 4.392351504520838890e-01 8.357129668984146775e-01 2.116718774413934856e-01 6.038447330671163904e-01 9.062951784669934785e-01 6.883988141368717617e-01 6.186534244122121606e-01 5.413700834865554645e-01 7.952929723162575071e-01 5.120851930657711604e-01 2.767569139047300064e-01 4.635437655491201903e-01 8.236896501639158208e-01 7.051614986487725334e-01 7.599859332620682029e-01 4.630988031870366672e-01 6.173993323580526660e-01 7.326081801538517624e-01 7.457863465673986170e-01 7.209591798782212235e-01 6.163392277540495900e-01 3.447237888393493987e-01 5.717324749231698089e-01 8.774727095933376741e-01 8.395214968408279965e-01 2.488162570317707378e-01 0.000000000000000000e+00 3.977239766109051944e-01 6.838501316005222153e-01
1.396031538247423098e-01 4.925200624730999288e-01 3.089031490898287435e-01 4.559000316088347438e-01 6.681123070440266876e-01 4.578916911040078475e-01 5.880144094101236174e-01 4.794121106684245959e-01 6.221794528061718177e-01 6.906773628321818403e-01 2.985660828953581314e-01 3.017526722314378684e-01 4.748224504409241931e-01 4.138525240328319033e-01 7.328666149205520508e-01 6.249393881000006035e-01 4.647536106869342709e-01 5.039204422241843062e-01 8.141246892108452426e-01 3.667222730327470148e-01 5.172416187035129287e-01 4.609136796293370475e-01 5.378398475984438321e-01 9.393611695099278736e-01 5.122581782452504395e-01 4.972696827590455393e-01 6.503364039537664620e-01 4.823717824230353002e-01 4.420493766714084227e-01 3.867878593313283098e-01 6.324216762532877123e-01 6.675024059118723763e-01 3.977239766109051944e-01 0.000000000000000000e+00 5.155340721193298892e-01
6.578072989173484597e-01 3.618918330851038090e-01 8.896993266880275364e-01 2.423737752110466381e-02 1.574096796924654429e-01 8.384296673155233748e-02 3.831671540348081662e-01 3.227676984425829065e-01 6.377838111310362157e-01 7.702781099063178427e-01 2.320044000712633281e-01 6.124599333713799387e-01 5.634888335897008105e-01 8.520295873824028643e-01 6.766926529388661571e-02 5.592176678592313266e-01 4.896146936800128691e-01 7.009441357073180612e-01 2.258787223475162975e-01 2.909254590905770987e-01 1.048921242863632974e-01 7.986151019875583623e-01 5.117984018736123630e-01 5.821791281519738126e-01 7.460461640042382880e-01 5.124102084837764970e-01 8.661606002055886044e-01 4.818890534707041540e-01 5.007605938181357574e-01 7.436960872313722604e-01 8.375614655480486670e-01 6.480720143142606471e-01 6.838501316005222153e-01 5.155340721193298892e-01 0.000000000000000000e+00
