0.000000000000000000e+00 1.963598097424824052e-01 1.740355323434318313e-01 9.487753078450980038e-01 3.387839978035074306e-01 4.683365988694904725e-01 5.699452449977975288e-01 5.051876528511944908e-02 7.672371839087467338e-01 3.416935658125931363e-01 4.938918686985449558e-02 8.330464411600566610e-01 3.994984932076139916e-02 1.113020502396744327e-01 9.403666818279691197e-01 4.339199413502374814e-01 9.533807709728121527e-01 7.324622986843567496e-01 6.271787700080234673e-01 5.904247633942575346e-01 2.254093466572092141e-01 4.089812975169580533e-01 7.344551936092060807e-01 8.073500545822087648e-01 9.406324184963388291e-01 1.610768648596109243e-01 5.266644922978966914e-01 1.820439050452913321e-01 1.243994988389006684e-01 7.562526592788290092e-01 5.901027532926060859e-01 7.907306696817948399e-01 4.529765993139375779e-01 7.551547289165871923e-01 6.197116291155737589e-01
1.963598097424824052e-01 0.000000000000000000e+00 6.729025241886104070e-01 1.037920280707519405e-01 9.561576355082672674e-01 2.367234671496645237e-01 4.013889143949430638e-01 4.553580779451658067e-01 2.453823234628657868e-01 9.214162560702945370e-01 7.929398162089654756e-01 4.659248045313007514e-01 8.862537548681430621e-01 7.759494803385513784e-02 6.261715618007945849e-01 4.828258376984619349e-01 8.102971738745730068e-01 7.906475580335463604e-01 5.092788221567423612e-01 3.886206896849227488e-01 8.413996201501907635e-01 4.244816402196336935e-01 3.506940928768031429e-01 6.070802891023350245e-01 6.902684162328369677e-01 4.813126581593489273e-01 7.205362140257318693e-01 2.658958725951422464e-01 4.067522279535240592e-02 5.981065119265489560e-01 5.496330187694620228e-01 4.105846085303055948e-01 8.997542508441391806e-01 4.316389420271884436e-01 7.882543769987663262e-01
1.740355323434318313e-01 6.729025241886104070e-01 0.000000000000000000e+00 8.767758954769944157e-02 3.954647781945000995e-01 7.213782991543682410e-02 6.121009686168955577e-01 6.575296938091934607e-01 4.295820483611775265e-01 7.938792130932024182e-01 3.643885567659955749e-01 7.040997214676113503e-01 9.693553615577843452e-01 4.960706499984573470e-01 5.681457759517665185e-01 3.539793092250647089e-01 8.141106366851794673e-01 7.444042872881547757e-01 2.179661109588107437e-01 7.731245042714642857e-01 6.627385894138525524e-01 5.275909622264816079e-01 5.759944665972012157e-01 8.638856221298438776e-01 6.011238750088883087e-01 4.163296303827236367e-01 3.585065435824791868e-01 8.969089335414293096e-02 6.645060653111416471e-01 4.909886307976815134e-01 8.879252875480534435e-01 1.796171722327783993e-01 1.076587265923476533e-01 5.219179636712123482e-01 8.338794030212717256e-01
9.487753078450980038e-01 1.037920280707519405e-01 8.767758954769944157e-02 0.000000000000000000e+00 5.494585635293506298e-01 7.863508296849481827e-01 8.079153051620538983e-01 6.072301486083695465e-01 3.986175205890649109e-01 4.180402761061402517e-01 3.991567734895324349e-01 7.635905510595681900e-01 8.428384356350039353e-01 5.848243998962676660e-01 5.645396857689244374e-01 6.913256166508450207e-01 3.880899928141869903e-01 9.179470477706797027e-02 6.535306611151499023e-01 4.460700805564821181e-02 4.619859692159723474e-01 1.370945225849107274e-01 7.103688178830698252e-01 5.347119574214942439e-01 2.158636995623986199e-01 4.280713397435617074e-01 8.230839600360499997e-01 6.399679838469781723e-01 1.498686466290235497e-01 8.199826283816864514e-01 4.270559384274780212e-01 4.632552269809782630e-01 1.444566190282431384e-01 7.778860084946934705e-01 3.706234520196589055e-01
3.387839978035074306e-01 9.561576355082672674e-01 3.954647781945000995e-01 5.494585635293506298e-01 0.000000000000000000e+00 8.619275085889626098e-01 6.021307129051165496e-01 8.385544893477208106e-01 3.960563281576872097e-01 7.446067302570944513e-01 8.655894035131828090e-02 5.474181565058481302e-01 4.667881148905430044e-01 8.687125431168458700e-01 5.096040084790842695e-01 8.034241876359119461e-01 3.933362383022359077e-01 2.875644582889937961e-01 3.584596729534007542e-01 6.464449505096454551e-01 6.382675502636622200e-01 4.724416144404715023e-01 4.738861498051332166e-01 5.257072222374592485e-01 8.275474982418018488e-01 5.696000087175278059e-01 7.086563250405224501e-01 2.497404911342725464e-01 3.615969532145497101e-01 6.420434037343554223e-01 5.237490723960647188e-01 8.109262969893442641e-01 2.826822388644024686e-01 1.541305117068799690e-01 7.834011369437228200e-01
4.683365988694904725e-01 2.367234671496645237e-01 7.213782991543682410e-02 7.863508296849481827e-01 8.619275085889626098e-01 0.000000000000000000e+00 1.911619971452063194e-01 4.733558151804216907e-01 8.279244826051537220e-01 6.327363762708244632e-01 9.126991292947246315e-01 7.755405065388540908e-01 8.957590412515799017e-01 4.738805828768440920e-01 6.916871845234430216e-01 3.918171214757903420e-01 8.334470726234157745e-01 6.888024094402317443e-01 4.277374610546885170e-01 2.546783532698365105e-01 5.187910334842010807e-01 7.047316543821069423e-01 8.646270116173748743e-01 5.906569866669404423e-01 3.816317159429626349e-01 4.898161359890168542e-01 7.521763288116498636e-01 1.655221451744770533e-01 9.176384877911138993e-01 9.049331071182946662e-01 8.222231812337982282e-02 5.650907269012741541e-01 4.804468252577375753e-01 3.143282436753613851e-01 8.166751924788002714e-01
5.699452449977975288e-01 4.013889143949430638e-01 6.121009686168955577e-01 8.079153051620538983e-01 6.021307129051165496e-01 1.911619971452063194e-01 0.000000000000000000e+00 2.413889814749793084e-01 5.773469750578221760e-01 4.724122209242901382e-01 7.018276097111408873e-01 7.192484200110967896e-01 7.979959004800547540e-01 4.913117267085923556e-01 3.105196946112103173e-01 5.007341499939452767e-01 4.395086283928094639e-01 8.099491058806720378e-01 4.340941136614192009e-01 8.409176162563670731e-01 4.124559230377848884e-01 5.903696623112354436e-01 2.461411491667262474e-01 3.518163580704212201e-01 2.909116595923261217e-01 5.938461104841381566e-01 7.206062795754744066e-01 4.146311052772750916e-01 3.781974431456184282e-01 4.331840504321733953e-01 7.939868416069564283e-01 2.203031002207835876e-01 8.708705742448721310e-01 2.345007606599768257e-01 7.384199152926745890e-01
5.051876528511944908e-02 4.553580779451658067e-01 6.575296938091934607e-01 6.072301486083695465e-01 8.385544893477208106e-01 4.733558151804216907e-01 2.413889814749793084e-01 0.000000000000000000e+00 5.131122168801979244e-01 6.129104193940513312e-01 7.205160529104424061e-01 3.313336630955605600e-01 7.210478567049267706e-01 6.123482802690072280e-01 3.580181106170579053e-01 3.791958943002869953e-01 3.804493129848656174e-01 6.444519989347492483e-01 7.684761151534590384e-01 1.414427587500006744e-01 8.530272214373725292e-01 5.511008464964424203e-01 6.588719903841284697e-01 5.900978248804593651e-01 5.177018610660215625e-01 4.488830521973171672e-01 8.822938045563832876e-01 9.849287259718653154e-02 5.994159064103801171e-01 4.523252591622485830e-01 4.775724117573817984e-01 5.400449836801809456e-01 8.629794481541583906e-01 7.262104923056147410e-01 7.896890992501350848e-01
7.672371839087467338e-01 2.453823234628657868e-01 4.295820483611775265e-01 3.986175205890649109e-01 3.960563281576872097e-01 8.279244826051537220e-01 5.773469750578221760e-01 5.131122168801979244e-01 0.000000000000000000e+00 6.934608296962788687e-01 8.703803608319786722e-01 8.993099552191646806e-02 3.265220759840029574e-01 5.103861410056089731e-01 2.625164865452651597e-01 9.790358114178576709e-02 5.434127196839910745e-01 5.192007387860653189e-01 4.952382438618838645e-01 6.948806538073697414e-01 5.612003862640044805e-01 4.513045094303393956e-01 1.056939265005686357e-01 6.381725245801055380e-01 7.016984889565633932e-01 8.588258913205252254e-01 4.311110465143594972e-01 6.470492209619088664e-01 5.046014356377827026e-01 6.491946209672173618e-01 3.158856422553431020e-01 5.001942898819847771e-01 6.434731880961520600e-01 1.059932679183067661e-01 6.104145762073950321e-01
3.416935658125931363e-01 9.214162560702945370e-01 7.938792130932024182e-01 4.180402761061402517e-01 7.446067302570944513e-01 6.327363762708244632e-01 4.724122209242901382e-01 6.129104193940513312e-01 6.934608296962788687e-01 0.000000000000000000e+00 3.069674830511531782e-01 4.039146553434239117e-01 7.328715745735436826e-01 5.303439077215093000e-01 6.776905809873893238e-01 4.911581800507076045e-01 6.796880169978931630e-01 4.550446989321471070e-01 2.161666012800054215e-01 7.590225148618515716e-01 3.887381633402196002e-01 7.518729640149266480e-01 6.245819872673019635e-01 2.144212738375949057e-01 6.403190363564227328e-01 9.017507524961244636e-01 4.210750166288076413e-01 4.323800134849824506e-01 2.502761855616728592e-01 3.047619780974457626e-01 8.008959202127381438e-01 6.534864290543611620e-01 5.123954372772612231e-01 5.400852592525032803e-01 6.083282307661219690e-02
4.938918686985449558e-02 7.929398162089654756e-01 3.643885567659955749e-01 3.991567734895324349e-01 8.655894035131828090e-02 9.126991292947246315e-01 7.018276097111408873e-01 7.205160529104424061e-01 8.703803608319786722e-01 3.069674830511531782e-01 0.000000000000000000e+00 1.848805268311775052e-01 4.650006637072356952e-01 6.644718936594109504e-01 5.109356763314265581e-01 6.813085937130483050e-01 1.182488851738355828e-01 6.336438464676531490e-01 5.807509964823778237e-01 8.503490358280128003e-01 7.212333924240880156e-01 8.526553884665121208e-01 4.974191294858499868e-01 4.205983170478427846e-01 5.386260427849265398e-01 3.008519964362506016e-01 2.188071633909840497e-01 2.418031595112286603e-01 7.977255848883482159e-01 6.535121631208591353e-01 2.878632858331914290e-01 3.665069317278146777e-01 5.838072822297524223e-01 6.480089555242658506e-01 7.504308375891602934e-01
8.330464411600566610e-01 4.659248045313007514e-01 7.040997214676113503e-01 7.635905510595681900e-01 5.474181565058481302e-01 7.755405065388540908e-01 7.192484200110967896e-01 3.313336630955605600e-01 8.993099552191646806e-02 4.039146553434239117e-01 1.848805268311775052e-01 0.000000000000000000e+00 5.542787309388959027e-01 1.862458735880258565e-01 8.845331964488194476e-01 4.897086322826407767e-01 5.978470928880497137e-01 1.949400078128862290e-01 4.979822744736461804e-01 8.560941635371471792e-01 4.866845101339303814e-01 5.305431041843126083e-01 5.035696087176012581e-01 5.794862207615408822e-01 5.125312024550270351e-01 4.832607897598329427e-01 3.910878272807539746e-01 3.303251732213669523e-01 8.937559739222856736e-01 5.044907505695669370e-01 4.835757958561531233e-01 6.613552492074011857e-01 4.834743057424879531e-01 2.907101396570066498e-01 8.327679337336042487e-01
3.994984932076139916e-02 8.862537548681430621e-01 9.693553615577843452e-01 8.428384356350039353e-01 4.667881148905430044e-01 8.957590412515799017e-01 7.979959004800547540e-01 7.210478567049267706e-01 3.265220759840029574e-01 7.328715745735436826e-01 4.650006637072356952e-01 5.542787309388959027e-01 0.000000000000000000e+00 9.465801419724128030e-01 2.488098765318660366e-01 2.002999562904405062e-01 6.761413731660385062e-01 4.470192542694657045e-01 5.685620249727286746e-01 7.379441530182264675e-01 4.302089006457545661e-01 8.196382577008392012e-01 7.734602773144174659e-01 2.832187187122285899e-01 5.024241567546695597e-01 5.862111737585514737e-01 4.088393435088208960e-01 9.428061201658800572e-01 1.574273539168157265e-01 2.152445875117059981e-01 3.808068725064410742e-01 6.688241874843189327e-01 3.583904268643272051e-01 9.161204008909988872e-01 4.968583191541919852e-01
1.113020502396744327e-01 7.759494803385513784e-02 4.960706499984573470e-01 5.848243998962676660e-01 8.687125431168458700e-01 4.738805828768440920e-01 4.913117267085923556e-01 6.123482802690072280e-01 5.103861410056089731e-01 5.303439077215093000e-01 6.644718936594109504e-01 1.862458735880258565e-01 9.465801419724128030e-01 0.000000000000000000e+00 2.284070379557239239e-01 7.576517952645682730e-01 5.463381576074320956e-01 6.013505427904040079e-01 2.174082814541957731e-01 4.411980011896300402e-01 4.618187830963381701e-01 9.723056556114415550e-01 8.153829670575856170e-01 3.642487558498060940e-01 4.060070431411365033e-01 6.758972952765289754e-01 7.451612316035007844e-01 6.178862800050151094e-01 2.647907566647474398e-01 3.930153469558766433e-01 8.344333494658174866e-01 1.296550496434741850e-01 2.359211329057468443e-01 1.240390178427298595e-01 1.677290332833938358e-01
9.403666818279691197e-01 6.261715618007945849e-01 5.681457759517665185e-01 5.645396857689244374e-01 5.096040084790842695e-01 6.916871845234430216e-01 3.105196946112103173e-01 3.580181106170579053e-01 2.625164865452651597e-01 6.776905809873893238e-01 5.109356763314265581e-01 8.845331964488194476e-01 2.488098765318660366e-01 2.284070379557239239e-01 0.000000000000000000e+00 1.968006671911748384e-01 6.522030285143582962e-01 5.786858694917704771e-01 6.238608652758270701e-01 7.614065983257718440e-01 6.231382011657818909e-01 6.268016467267442104e-01 8.942427040371574432e-01 8.071453471363048138e-01 5.482357515829989758e-01 4.388406500415749090e-01 4.945085312086585083e-01 4.774670901746038143e-01 1.378162885107928615e-01 6.465598063176034582e-01 5.908780403711869633e-01 4.684686624234166152e-01 4.672675217517752166e-01 5.710367579538571103e-01 4.650839890125064158e-01
4.339199413502374814e-01 4.828258376984619349e-01 3.539793092250647089e-01 6.913256166508450207e-01 8.034241876359119461e-01 3.918171214757903420e-01 5.007341499939452767e-01 3.791958943002869953e-01 9.790358114178576709e-02 4.911581800507076045e-01 6.813085937130483050e-01 4.897086322826407767e-01 2.002999562904405062e-01 7.576517952645682730e-01 1.968006671911748384e-01 0.000000000000000000e+00 6.272680757879660618e-01 5.452705850105847851e-01 3.646375320715184443e-01 5.555056547801822120e-01 7.319029137477597313e-01 7.124407399986666389e-01 4.615475376735309609e-01 8.961413143898254718e-01 6.037301436776987273e-01 5.421043390814005436e-01 2.949437185895815161e-01 2.130178870112284795e-01 8.705097149347221785e-01 7.044537521085247889e-01 7.820274649261534927e-01 5.963192418763778591e-01 5.090290328161085620e-01 7.479571347752478339e-01 5.675199310765345340e-01
9.533807709728121527e-01 8.102971738745730068e-01 8.141106366851794673e-01 3.880899928141869903e-01 3.933362383022359077e-01 8.334470726234157745e-01 4.395086283928094639e-01 3.804493129848656174e-01 5.434127196839910745e-01 6.796880169978931630e-01 1.182488851738355828e-01 5.978470928880497137e-01 6.761413731660385062e-01 5.463381576074320956e-01 6.522030285143582962e-01 6.272680757879660618e-01 0.000000000000000000e+00 9.671299013628404939e-01 4.726972066347058243e-01 4.930524648541648736e-01 8.587172063735545313e-01 4.913809945499065246e-01 7.869808006387774002e-01 5.687565485673946597e-01 7.741266164855491461e-01 4.993583424415543037e-01 5.857503043758374162e-01 8.532150728113118143e-01 4.787906014602991700e-01 3.576441839961200797e-01 8.967601570990562099e-01 4.817005334229481073e-01 8.624491747361971994e-01 6.381026060450836201e-01 6.440125555745548347e-01
7.324622986843567496e-01 7.906475580335463604e-01 7.444042872881547757e-01 9.179470477706797027e-02 2.875644582889937961e-01 6.888024094402317443e-01 8.099491058806720378e-01 6.444519989347492483e-01 5.192007387860653189e-01 4.550446989321471070e-01 6.336438464676531490e-01 1.949400078128862290e-01 4.470192542694657045e-01 6.013505427904040079e-01 5.786858694917704771e-01 5.452705850105847851e-01 9.671299013628404939e-01 0.000000000000000000e+00 1.544048205219984427e-01 6.728494295827682770e-01 3.643699662909618553e-01 5.818808716605603504e-01 6.462084908559565521e-01 7.900324339051345568e-01 3.212353114560068112e-01 7.940548819461040742e-01 7.871035461140595269e-01 6.547552048406931613e-01 6.180801618880561454e-01 6.345183619254652907e-01 4.047664496085001118e-01 5.649243132842054482e-01 4.584426932989268400e-01 8.485519843722029165e-01 2.440539532649215193e-01
6.271787700080234673e-01 5.092788221567423612e-01 2.179661109588107437e-01 6.535306611151499023e-01 3.584596729534007542e-01 4.277374610546885170e-01 4.340941136614192009e-01 7.684761151534590384e-01 4.952382438618838645e-01 2.161666012800054215e-01 5.807509964823778237e-01 4.979822744736461804e-01 5.685620249727286746e-01 2.174082814541957731e-01 6.238608652758270701e-01 3.646375320715184443e-01 4.726972066347058243e-01 1.544048205219984427e-01 0.000000000000000000e+00 5.565833014361354358e-01 7.164321080806872466e-01 8.054170189992857498e-01 5.672652368760436881e-01 4.606888902679180386e-01 7.438336974584579542e-01 8.342289156522448845e-01 6.016180866681227757e-01 1.113308007068769534e-01 6.588248721345432157e-01 4.037686142957561675e-01 1.930456006926006829e-01 4.570315262778321674e-01 4.451854641040365879e-01 6.129183106226209210e-01 5.919626619561726422e-01
5.904247633942575346e-01 3.886206896849227488e-01 7.731245042714642857e-01 4.460700805564821181e-02 6.464449505096454551e-01 2.546783532698365105e-01 8.409176162563670731e-01 1.414427587500006744e-01 6.948806538073697414e-01 7.590225148618515716e-01 8.503490358280128003e-01 8.560941635371471792e-01 7.379441530182264675e-01 4.411980011896300402e-01 7.614065983257718440e-01 5.555056547801822120e-01 4.930524648541648736e-01 6.728494295827682770e-01 5.565833014361354358e-01 0.000000000000000000e+00 8.395958337569482399e-01 8.509730611267357636e-01 3.897477055612110775e-01 4.807115855216058109e-01 4.963409122789971262e-01 2.199935552677813044e-01 2.469854175527014251e-01 9.076459977185622474e-01 7.651605456136718608e-01 5.908721816912325675e-01 3.529241760765882141e-01 6.126530186599503658e-01 8.100561923523343921e-01 5.204333296561025612e-01 6.170120367967524277e-01
2.254093466572092141e-01 8.413996201501907635e-01 6.627385894138525524e-01 4.619859692159723474e-01 6.382675502636622200e-01 5.187910334842010807e-01 4.124559230377848884e-01 8.530272214373725292e-01 5.612003862640044805e-01 3.887381633402196002e-01 7.212333924240880156e-01 4.866845101339303814e-01 4.302089006457545661e-01 4.618187830963381701e-01 6.231382011657818909e-01 7.319029137477597313e-01 8.587172063735545313e-01 3.643699662909618553e-01 7.164321080806872466e-01 8.395958337569482399e-01 0.000000000000000000e+00 5.440635535944227108e-02 6.960620951821112623e-01 7.756274775400082699e-01 7.134719050921567440e-02 6.553421990378853756e-01 4.745403608508215187e-01 5.491963016386093299e-01 4.608832155411671794e-01 5.433608677084049710e-01 4.456035925666202435e-01 6.836321130992684125e-01 4.657566480967337830e-01 6.681115692768095915e-01 6.217642458316269272e-01
4.089812975169580533e-01 4.244816402196336935e-01 5.275909622264816079e-01 1.370945225849107274e-01 4.724416144404715023e-01 7.047316543821069423e-01 5.903696623112354436e-01 5.511008464964424203e-01 4.513045094303393956e-01 7.518729640149266480e-01 8.526553884665121208e-01 5.305431041843126083e-01 8.196382577008392012e-01 9.723056556114415550e-01 6.268016467267442104e-01 7.124407399986666389e-01 4.913809945499065246e-01 5.818808716605603504e-01 8.054170189992857498e-01 8.509730611267357636e-01 5.440635535944227108e-02 0.000000000000000000e+00 6.143894359627855017e-02 8.512159632960067945e-01 6.563587208340442292e-01 5.304361351791289092e-01 3.869741203672657504e-01 2.660626581735313079e-01 4.517678287928219572e-01 5.681804461688327867e-01 3.268316939469141369e-01 8.233938403674068152e-02 5.626214183200004548e-01 4.047426155966131756e-01 7.100772575056832903e-01
7.344551936092060807e-01 3.506940928768031429e-01 5.759944665972012157e-01 7.103688178830698252e-01 4.738861498051332166e-01 8.646270116173748743e-01 2.461411491667262474e-01 6.588719903841284697e-01 1.056939265005686357e-01 6.245819872673019635e-01 4.974191294858499868e-01 5.035696087176012581e-01 7.734602773144174659e-01 8.153829670575856170e-01 8.942427040371574432e-01 4.615475376735309609e-01 7.869808006387774002e-01 6.462084908559565521e-01 5.672652368760436881e-01 3.897477055612110775e-01 6.960620951821112623e-01 6.143894359627855017e-02 0.000000000000000000e+00 8.075417717900397196e-01 7.965512334234424729e-01 8.055748194083829361e-01 4.194800339536023381e-01 4.569080159321593504e-01 5.503520771968259950e-01 7.508777260873719106e-01 1.164024172571810345e-01 7.541238126142604248e-01 4.965150668049044813e-01 6.391768347679349649e-01 6.441741252986346034e-01
8.073500545822087648e-01 6.070802891023350245e-01 8.638856221298438776e-01 5.347119574214942439e-01 5.257072222374592485e-01 5.906569866669404423e-01 3.518163580704212201e-01 5.900978248804593651e-01 6.381725245801055380e-01 2.144212738375949057e-01 4.205983170478427846e-01 5.794862207615408822e-01 2.832187187122285899e-01 3.642487558498060940e-01 8.071453471363048138e-01 8.961413143898254718e-01 5.687565485673946597e-01 7.900324339051345568e-01 4.606888902679180386e-01 4.807115855216058109e-01 7.756274775400082699e-01 8.512159632960067945e-01 8.075417717900397196e-01 0.000000000000000000e+00 3.244025546185588249e-01 1.952869580114580117e-01 4.894312750450383054e-01 4.882512925224587463e-01 2.363244949092366820e-01 4.806700196307556183e-02 6.203348768273492242e-01 5.601887382895482936e-01 8.701048131687911802e-01 7.095711808899529682e-02 5.395642643567024610e-01
9.406324184963388291e-01 6.902684162328369677e-01 6.011238750088883087e-01 2.158636995623986199e-01 8.275474982418018488e-01 3.816317159429626349e-01 2.909116595923261217e-01 5.177018610660215625e-01 7.016984889565633932e-01 6.403190363564227328e-01 5.386260427849265398e-01 5.125312024550270351e-01 5.024241567546695597e-01 4.060070431411365033e-01 5.482357515829989758e-01 6.037301436776987273e-01 7.741266164855491461e-01 3.212353114560068112e-01 7.438336974584579542e-01 4.963409122789971262e-01 7.134719050921567440e-02 6.563587208340442292e-01 7.965512334234424729e-01 3.244025546185588249e-01 0.000000000000000000e+00 5.812260354628442371e-01 5.801205879742430405e-01 7.701004343184154610e-01 1.860060070887273875e-01 5.091873989212784002e-01 3.217309633452912765e-01 3.453437494343825076e-01 8.268432343686547004e-01 1.071403991563039115e-01 6.241128844166017320e-01
1.610768648596109243e-01 4.813126581593489273e-01 4.163296303827236367e-01 4.280713397435617074e-01 5.696000087175278059e-01 4.898161359890168542e-01 5.938461104841381566e-01 4.488830521973171672e-01 8.588258913205252254e-01 9.017507524961244636e-01 3.008519964362506016e-01 4.832607897598329427e-01 5.862111737585514737e-01 6.758972952765289754e-01 4.388406500415749090e-01 5.421043390814005436e-01 4.993583424415543037e-01 7.940548819461040742e-01 8.342289156522448845e-01 2.199935552677813044e-01 6.553421990378853756e-01 5.304361351791289092e-01 8.055748194083829361e-01 1.952869580114580117e-01 5.812260354628442371e-01 0.000000000000000000e+00 4.290155679239775477e-01 6.458043018984761519e-01 8.159430913404048802e-01 4.456594114017520258e-02 2.076796664880073973e-01 7.546405728304210747e-01 7.818257744324419445e-02 4.127724461457739080e-01 7.584821664831460364e-01
5.266644922978966914e-01 7.205362140257318693e-01 3.585065435824791868e-01 8.230839600360499997e-01 7.086563250405224501e-01 7.521763288116498636e-01 7.206062795754744066e-01 8.822938045563832876e-01 4.311110465143594972e-01 4.210750166288076413e-01 2.188071633909840497e-01 3.910878272807539746e-01 4.088393435088208960e-01 7.451612316035007844e-01 4.945085312086585083e-01 2.949437185895815161e-01 5.857503043758374162e-01 7.871035461140595269e-01 6.016180866681227757e-01 2.469854175527014251e-01 4.745403608508215187e-01 3.869741203672657504e-01 4.194800339536023381e-01 4.894312750450383054e-01 5.801205879742430405e-01 4.290155679239775477e-01 0.000000000000000000e+00 7.022089184243579529e-01 8.404819297217565044e-01 5.040379415485517489e-01 4.693798654495083267e-01 1.368415262338771310e-01 1.512210205806180374e-01 4.334684527077740657e-01 3.880254023046088574e-01
1.820439050452913321e-01 2.658958725951422464e-01 8.969089335414293096e-02 6.399679838469781723e-01 2.497404911342725464e-01 1.655221451744770533e-01 4.146311052772750916e-01 9.849287259718653154e-02 6.470492209619088664e-01 4.323800134849824506e-01 2.418031595112286603e-01 3.303251732213669523e-01 9.428061201658800572e-01 6.178862800050151094e-01 4.774670901746038143e-01 2.130178870112284795e-01 8.532150728113118143e-01 6.547552048406931613e-01 1.113308007068769534e-01 9.076459977185622474e-01 5.491963016386093299e-01 2.660626581735313079e-01 4.569080159321593504e-01 4.882512925224587463e-01 7.701004343184154610e-01 6.458043018984761519e-01 7.022089184243579529e-01 0.000000000000000000e+00 6.300897428965456237e-01 6.004421345919994657e-01 9.034035230006496331e-01 8.199709154136965994e-01 4.962234064032030600e-01 7.351255001133818467e-01 1.045744356577014145e-01
1.243994988389006684e-01 4.067522279535240592e-02 6.645060653111416471e-01 1.498686466290235497e-01 3.615969532145497101e-01 9.176384877911138993e-01 3.781974431456184282e-01 5.994159064103801171e-01 5.046014356377827026e-01 2.502761855616728592e-01 7.977255848883482159e-01 8.937559739222856736e-01 1.574273539168157265e-01 2.647907566647474398e-01 1.378162885107928615e-01 8.705097149347221785e-01 4.787906014602991700e-01 6.180801618880561454e-01 6.588248721345432157e-01 7.651605456136718608e-01 4.608832155411671794e-01 4.517678287928219572e-01 5.503520771968259950e-01 2.363244949092366820e-01 1.860060070887273875e-01 8.159430913404048802e-01 8.404819297217565044e-01 6.300897428965456237e-01 0.000000000000000000e+00 4.785863238217835658e-01 7.979976972940689972e-01 6.948155190007812010e-01 6.795929590493003936e-01 5.614737680314612067e-01 7.833371842865054502e-01
7.562526592788290092e-01 5.981065119265489560e-01 4.909886307976815134e-01 8.199826283816864514e-01 6.420434037343554223e-01 9.049331071182946662e-01 4.331840504321733953e-01 4.523252591622485830e-01 6.491946209672173618e-01 3.047619780974457626e-01 6.535121631208591353e-01 5.044907505695669370e-01 2.152445875117059981e-01 3.930153469558766433e-01 6.465598063176034582e-01 7.044537521085247889e-01 3.576441839961200797e-01 6.345183619254652907e-01 4.037686142957561675e-01 5.908721816912325675e-01 5.433608677084049710e-01 5.681804461688327867e-01 7.508777260873719106e-01 4.806700196307556183e-02 5.091873989212784002e-01 4.456594114017520258e-02 5.040379415485517489e-01 6.004421345919994657e-01 4.785863238217835658e-01 0.000000000000000000e+00 4.087923104463586643e-01 5.204729988342837732e-01 5.824993247395893192e-01 8.135808924727683245e-01 9.132430788163781177e-01
5.901027532926060859e-01 5.496330187694620228e-01 8.879252875480534435e-01 4.270559384274780212e-01 5.237490723960647188e-01 8.222231812337982282e-02 7.939868416069564283e-01 4.775724117573817984e-01 3.158856422553431020e-01 8.008959202127381438e-01 2.878632858331914290e-01 4.835757958561531233e-01 3.808068725064410742e-01 8.344333494658174866e-01 5.908780403711869633e-01 7.820274649261534927e-01 8.967601570990562099e-01 4.047664496085001118e-01 1.930456006926006829e-01 3.529241760765882141e-01 4.456035925666202435e-01 3.268316939469141369e-01 1.164024172571810345e-01 6.203348768273492242e-01 3.217309633452912765e-01 2.076796664880073973e-01 4.693798654495083267e-01 9.034035230006496331e-01 7.979976972940689972e-01 4.087923104463586643e-01 0.000000000000000000e+00 6.965089748653864321e-01 1.150323363227833129e-01 4.593855801043220666e-01 7.978195479564961223e-01
7.907306696817948399e-01 4.105846085303055948e-01 1.796171722327783993e-01 4.632552269809782630e-01 8.109262969893442641e-01 5.650907269012741541e-01 2.203031002207835876e-01 5.400449836801809456e-01 5.001942898819847771e-01 6.534864290543611620e-01 3.665069317278146777e-01 6.613552492074011857e-01 6.688241874843189327e-01 1.296550496434741850e-01 4.684686624234166152e-01 5.963192418763778591e-01 4.817005334229481073e-01 5.649243132842054482e-01 4.570315262778321674e-01 6.126530186599503658e-01 6.836321130992684125e-01 8.233938403674068152e-02 7.541238126142604248e-01 5.601887382895482936e-01 3.453437494343825076e-01 7.546405728304210747e-01 1.368415262338771310e-01 8.199709154136965994e-01 6.948155190007812010e-01 5.204729988342837732e-01 6.965089748653864321e-01 0.000000000000000000e+00 6.861383917823590251e-01 8.628859907013080033e-01 5.406588129957381472e-01
4.529765993139375779e-01 8.997542508441391806e-01 1.076587265923476533e-01 1.444566190282431384e-01 2.826822388644024686e-01 4.804468252577375753e-01 8.708705742448721310e-01 8.629794481541583906e-01 6.434731880961520600e-01 5.123954372772612231e-01 5.838072822297524223e-01 4.834743057424879531e-01 3.583904268643272051e-01 2.359211329057468443e-01 4.672675217517752166e-01 5.090290328161085620e-01 8.624491747361971994e-01 4.584426932989268400e-01 4.451854641040365879e-01 8.100561923523343921e-01 4.657566480967337830e-01 5.626214183200004548e-01 4.965150668049044813e-01 8.701048131687911802e-01 8.268432343686547004e-01 7.818257744324419445e-02 1.512210205806180374e-01 4.962234064032030600e-01 6.795929590493003936e-01 5.824993247395893192e-01 1.150323363227833129e-01 6.861383917823590251e-01 0.000000000000000000e+00 7.736053046113557929e-01 5.567001007670564494e-01
7.551547289165871923e-01 4.316389420271884436e-01 5.219179636712123482e-01 7.778860084946934705e-01 1.541305117068799690e-01 3.143282436753613851e-01 2.345007606599768257e-01 7.262104923056147410e-01 1.059932679183067661e-01 5.400852592525032803e-01 6.480089555242658506e-01 2.907101396570066498e-01 9.161204008909988872e-01 1.240390178427298595e-01 5.710367579538571103e-01 7.479571347752478339e-01 6.381026060450836201e-01 8.485519843722029165e-01 6.129183106226209210e-01 5.204333296561025612e-01 6.681115692768095915e-01 4.047426155966131756e-01 6.391768347679349649e-01 7.095711808899529682e-02 1.071403991563039115e-01 4.127724461457739080e-01 4.334684527077740657e-01 7.351255001133818467e-01 5.614737680314612067e-01 8.135808924727683245e-01 4.593855801043220666e-01 8.628859907013080033e-01 7.736053046113557929e-01 0.000000000000000000e+00 5.138019159594237051e-01
6.197116291155737589e-01 7.882543769987663262e-01 8.338794030212717256e-01 3.706234520196589055e-01 7.834011369437228200e-01 8.166751924788002714e-01 7.384199152926745890e-01 7.896890992501350848e-01 6.104145762073950321e-01 6.083282307661219690e-02 7.504308375891602934e-01 8.327679337336042487e-01 4.968583191541919852e-01 1.677290332833938358e-01 4.650839890125064158e-01 5.675199310765345340e-01 6.440125555745548347e-01 2.440539532649215193e-01 5.919626619561726422e-01 6.170120367967524277e-01 6.217642458316269272e-01 7.100772575056832903e-01 6.441741252986346034e-01 5.395642643567024610e-01 6.241128844166017320e-01 7.584821664831460364e-01 3.880254023046088574e-01 1.045744356577014145e-01 7.833371842865054502e-01 9.132430788163781177e-01 7.978195479564961223e-01 5.406588129957381472e-01 5.567001007670564494e-01 5.138019159594237051e-01 0.000000000000000000e+00
