0.000000000000000000e+00 1.578633395726539712e-01 6.566006515770588248e-01 8.386745756468054758e-01 3.898933380651266600e-01 6.501746545366042795e-01 5.188391618086352075e-01 4.634478778046088876e-01 4.515518824334767700e-01 8.152811802652746298e-01 6.750250857472692712e-01 6.044423708166360987e-01 3.754550331372817351e-01 8.459481228217418103e-01 5.296958515547345314e-02 1.867318335292895704e-01 5.193062441411773200e-01 5.604424891120417529e-01 6.031065370577117779e-01 1.689919318927042280e-01 5.777546336530881010e-01 5.164748548019607588e-01 7.930845715429668541e-01 2.026991551123512592e-01 7.724360930121889623e-01 5.292662727438849357e-01 1.557332265571982344e-01 3.122829380092706497e-01 4.559309324739854175e-01 8.522811418093493296e-01 4.495463378875831917e-01 6.151850491369739160e-01 6.992085854736824757e-01 6.656596320773432440e-01 5.890132296984924576e-01
1.578633395726539712e-01 0.000000000000000000e+00 7.759210780198428914e-01 3.191512743648060590e-01 6.193918476183581934e-01 5.703297830996134632e-01 4.333100999111171303e-01 3.745231527792359238e-01 5.270895876733502350e-01 7.873247616871692500e-01 5.922214579324661665e-01 4.094366489923893515e-01 1.190458251832281489e-01 3.220257507085594328e-01 2.786462871285906306e-01 8.246824829567724890e-01 3.825224813343385266e-01 7.393854198121304622e-01 6.017276403343749802e-01 9.144664439859394589e-01 8.539184948830318422e-01 1.149198794823553804e-01 1.205758034630841635e-01 6.449495146823280844e-01 6.970285702964620356e-01 8.449832385997289030e-01 6.478678027845605758e-01 4.088272448122091118e-01 1.355993624984422885e-01 6.466854608141447969e-02 6.861168997244251333e-01 3.730571567162108693e-01 5.656778891890881233e-01 7.197309778436232763e-01 6.657910848810963955e-01
6.566006515770588248e-01 7.759210780198428914e-01 0.000000000000000000e+00 4.581142837992372430e-01 6.883258949095270030e-01 7.451016341524835385e-01 8.707014947898696899e-01 5.701234773880442530e-01 5.248435634702530717e-01 7.339349993324727484e-01 7.359230291013054703e-01 4.321788478612018092e-01 2.680377937599205396e-01 2.219100726970255066e-01 5.960906627028745852e-01 4.587830192595744316e-01 6.175840957533254016e-01 3.629870237265846455e-01 2.062598344316151078e-01 7.379490946507301086e-01 6.676323196131939142e-01 5.559580750713304376e-01 6.491173707472854826e-01 5.683649214611254941e-01 9.053329319271938846e-01 4.132448363108983114e-01 7.310517678329870872e-01 2.712735558111671330e-01 3.007758166768092489e-01 2.500274529322770167e-01 3.771449125906456423e-01 5.942088079782132937e-01 8.754456386344817709e-01 3.618468248094837136e-01 7.498227524375330466e-01
8.386745756468054758e-01 3.191512743648060590e-01 4.581142837992372430e-01 0.000000000000000000e+00 1.152288198614798143e-01 4.655102347920692663e-01 5.424660927130762200e-01 4.114069675616091049e-01 3.187996720493986302e-01 4.628027616753144224e-01 2.051780190455567698e-01 1.594770667858842472e-01 1.527922050558612188e-01 1.858896252540033212e-01 5.865976266797323646e-01 5.321135974825618176e-01 7.337541066544600588e-01 1.142359783043456201e-02 9.049871094215391487e-01 1.881530920713482269e-01 4.334651707273657895e-01 8.459362584078333747e-01 8.397371998116274217e-01 7.438493556714957933e-01 4.030248943616449586e-01 4.152630633951897021e-01 4.904523333774669092e-01 7.839137038829728787e-01 2.561502419857267787e-01 4.982011365921167334e-01 8.324345272450897060e-01 9.351028007621002835e-01 5.067876667811913594e-01 8.334511714664492033e-01 3.354721001394262991e-01
3.898933380651266600e-01 6.193918476183581934e-01 6.883258949095270030e-01 1.152288198614798143e-01 0.000000000000000000e+00 1.597349915127210807e-01 5.235565121247427456e-01 7.130213718252323973e-01 2.017253906832583987e-01 6.001054331384012563e-01 4.704617817237167765e-01 8.159995635015637738e-01 4.787286392520984091e-01 4.400613012338238095e-01 5.129017257885217784e-01 7.081616612776353570e-01 4.405735428352091088e-01 8.054058559721760657e-01 4.695492878295824957e-01 9.461235953736463200e-02 8.553300234391738588e-01 4.784558119205854498e-01 8.275391039886266231e-01 4.884369828211966857e-01 3.191630889171825913e-01 2.013198572106384976e-01 2.456361780520660565e-01 5.161727350738651854e-01 3.205356373607498588e-01 4.979673474384629372e-01 5.899142454692376525e-01 3.844407752447841498e-01 7.582238975865257524e-01 9.041542664804718132e-01 5.093695635908717101e-01
6.501746545366042795e-01 5.703297830996134632e-01 7.451016341524835385e-01 4.655102347920692663e-01 1.597349915127210807e-01 0.000000000000000000e+00 8.516956296696654993e-01 4.259746371767897388e-01 4.136857360300278952e-01 9.054763643349362789e-01 6.837872791550919649e-01 7.401050888140836559e-01 7.257150605633974072e-01 6.338731518563993639e-01 4.928351520207296943e-01 5.879102429903373395e-01 5.735747590579731714e-01 5.139081975633201793e-01 6.237300324257571971e-01 2.627445556533342663e-01 6.387670157512099767e-01 1.280478439509421529e-01 5.698665301395064997e-01 6.859392647130619913e-01 3.536836758614201326e-01 4.780771501213390007e-01 4.565750406466913547e-01 5.426973079181265369e-01 5.590008593505805257e-01 1.470196414936111862e-01 1.103697855826869523e-01 2.329058602515318155e-01 7.914136969308160907e-01 5.938638995603437998e-01 3.882402605308649113e-01
5.188391618086352075e-01 4.333100999111171303e-01 8.707014947898696899e-01 5.424660927130762200e-01 5.235565121247427456e-01 8.516956296696654993e-01 0.000000000000000000e+00 5.398707428976611267e-01 4.783931696671191447e-01 7.977858524019991737e-01 4.223962034855065495e-01 3.639883226732554267e-01 3.941665412702001214e-01 5.142610348154093014e-01 1.887190408353230930e-01 2.449688553185777051e-01 8.839579827253780664e-01 5.978226771428233333e-01 1.769955686856321542e-01 3.503654097730224404e-01 1.181257400646037459e-01 4.315563414398887465e-01 4.345890629839315178e-01 8.348405226352403341e-01 4.427494744655418035e-01 3.803640510550696519e-01 7.558013620127135290e-02 2.093877332829698901e-01 7.863918938686554894e-01 4.564511389840917865e-01 8.503381848913764696e-01 3.556129596067542087e-01 8.730687913462784611e-01 4.214306335992245023e-01 5.729192435285204166e-01
4.634478778046088876e-01 3.745231527792359238e-01 5.701234773880442530e-01 4.114069675616091049e-01 7.130213718252323973e-01 4.259746371767897388e-01 5.398707428976611267e-01 0.000000000000000000e+00 2.558868071343050055e-01 4.557639250181089174e-02 2.508615080221989757e-01 4.121125139319500308e-01 7.616635250578236427e-01 4.223015144543670885e-01 3.172243620292417576e-01 5.366386338041424509e-01 7.599576479651263261e-01 4.615738883542804261e-01 4.678536925834439475e-01 2.486587279253745786e-01 9.229746834497173369e-01 6.900427342110342366e-01 1.617370074258349666e-01 8.218859554585050686e-01 4.547857380469191302e-01 1.822852361379679875e-01 8.968614611235128375e-01 3.404046017322315265e-01 6.266080683543635566e-01 5.037273068388850028e-01 3.189245563850720000e-01 8.234927741968386394e-01 7.721588294472159220e-01 5.971296886465606857e-01 1.120277759445342802e-01
4.515518824334767700e-01 5.270895876733502350e-01 5.248435634702530717e-01 3.187996720493986302e-01 2.017253906832583987e-01 4.136857360300278952e-01 4.783931696671191447e-01 2.558868071343050055e-01 0.000000000000000000e+00 2.463578985620575867e-01 5.824395144301697247e-01 7.857719612804665577e-01 5.227321185463451592e-01 5.115223624916565015e-01 3.335381221763384918e-01 3.707123827243057335e-01 4.533227815868920429e-01 4.584406065485731041e-01 7.858681450050003514e-01 6.369257950320375006e-01 1.571208647598252295e-01 2.498578334336041262e-01 5.793750074423582586e-01 6.793477128685784239e-01 3.820310538288574920e-01 2.725432295509977454e-01 2.667864763267642214e-01 7.791707556684892566e-01 7.773133807207872614e-01 5.245202275665423741e-01 2.580558538224654308e-01 4.638025385222706021e-01 6.982943711574860490e-01 2.580003655549990560e-01 1.637409461754236739e-01
8.152811802652746298e-01 7.873247616871692500e-01 7.339349993324727484e-01 4.628027616753144224e-01 6.001054331384012563e-01 9.054763643349362789e-01 7.977858524019991737e-01 4.557639250181089174e-02 2.463578985620575867e-01 0.000000000000000000e+00 3.255794125088210533e-01 2.668295574530886727e-01 5.368796205498744811e-01 5.006366920961300426e-01 2.516557293252784655e-01 5.610404895319361929e-01 8.424766872568062448e-01 4.209044306027996396e-01 1.327999260323743380e-01 3.906976903973233828e-01 2.886451208027684956e-02 5.016058697724669058e-01 4.929627955958889585e-01 5.155216367356552087e-01 6.285435298628392342e-01 8.277585523179347149e-01 4.108721173163124574e-01 7.182904013964701573e-01 5.223126896214540515e-01 2.687152702944994864e-01 2.325513248655584619e-01 7.434817608293660118e-01 6.489514938407205946e-01 5.076620666977109675e-01 3.573364203055555688e-01
6.750250857472692712e-01 5.922214579324661665e-01 7.359230291013054703e-01 2.051780190455567698e-01 4.704617817237167765e-01 6.837872791550919649e-01 4.223962034855065495e-01 2.508615080221989757e-01 5.824395144301697247e-01 3.255794125088210533e-01 0.000000000000000000e+00 5.654836841231694056e-01 8.012521941545180937e-01 5.494675940279887261e-01 3.011131570049355166e-01 5.554801473032660031e-01 3.606208174114053921e-01 4.611261544561677805e-01 4.481985828302280650e-01 5.677204968444899968e-01 4.617208465174357790e-01 6.592855414049221263e-01 2.907084095530245715e-01 1.446894312591459064e-01 3.178615672780717993e-01 2.159375727311684257e-01 2.220544834600218786e-01 6.218436007444322344e-01 5.167646898969850966e-01 7.621426131012707383e-01 1.725036624025302334e-01 4.471253562970454731e-01 3.886188185590391253e-01 4.747962974969500705e-01 2.294213802060474094e-02
6.044423708166360987e-01 4.094366489923893515e-01 4.321788478612018092e-01 1.594770667858842472e-01 8.159995635015637738e-01 7.401050888140836559e-01 3.639883226732554267e-01 4.121125139319500308e-01 7.857719612804665577e-01 2.668295574530886727e-01 5.654836841231694056e-01 0.000000000000000000e+00 9.175077310936610164e-01 3.789420174757361925e-01 6.208975911882131937e-01 7.577033137618578440e-01 4.406446457322810706e-01 2.929687886524597884e-01 2.105135579699698445e-01 6.060871695795690961e-01 4.416458376025282351e-01 6.098001758739184375e-01 4.876034120748027334e-01 5.700693611821971984e-01 6.206551379294376058e-01 4.253746973607575033e-01 4.647817153486304420e-01 3.110065052366434712e-01 3.654458380123876138e-01 5.637313771788174943e-01 7.715051568653017444e-01 5.190159685942139500e-01 6.130773389039982924e-01 4.774463083620814063e-01 9.159698235569657676e-01
3.754550331372817351e-01 1.190458251832281489e-01 2.680377937599205396e-01 1.527922050558612188e-01 4.787286392520984091e-01 7.257150605633974072e-01 3.941665412702001214e-01 7.616635250578236427e-01 5.227321185463451592e-01 5.368796205498744811e-01 8.012521941545180937e-01 9.175077310936610164e-01 0.000000000000000000e+00 3.647072162290128094e-01 9.176986817917301975e-01 4.666158623180388654e-01 2.613616302779144807e-01 2.984354933311250679e-02 3.854435285634694175e-01 7.680737483804256360e-01 1.718384033130717636e-01 1.926264443033461893e-01 7.920904473780205901e-01 4.950734972923609423e-02 3.610322241456400683e-01 6.442468414258452070e-01 4.756330276417629621e-01 7.395203327115074110e-01 4.288432962137842530e-01 1.553737008095538163e-01 3.638269614386100415e-01 4.819252589561768829e-01 5.107388378102442061e-01 8.256587606104066612e-01 3.229906711796918239e-01
8.459481228217418103e-01 3.220257507085594328e-01 2.219100726970255066e-01 1.858896252540033212e-01 4.400613012338238095e-01 6.338731518563993639e-01 5.142610348154093014e-01 4.223015144543670885e-01 5.115223624916565015e-01 5.006366920961300426e-01 5.494675940279887261e-01 3.789420174757361925e-01 3.647072162290128094e-01 0.000000000000000000e+00 3.824220550763177129e-01 6.522888489025092662e-01 6.718581954036488835e-01 5.670148896856612719e-01 7.027362322318198018e-02 4.588360391212926159e-01 4.432320388234620712e-01 6.187622533431144101e-01 3.668628091310076611e-01 9.383944293020192173e-01 3.397570147232619187e-01 4.058935076491887450e-01 6.945937970161211172e-01 4.950276689153352283e-01 9.030502871581536084e-01 1.603191371140961774e-01 6.635155807476089684e-01 4.972190970087299600e-01 5.625870780878353683e-01 6.996524151802188118e-01 6.742876403885518233e-01
5.296958515547345314e-02 2.786462871285906306e-01 5.960906627028745852e-01 5.865976266797323646e-01 5.129017257885217784e-01 4.928351520207296943e-01 1.887190408353230930e-01 3.172243620292417576e-01 3.335381221763384918e-01 2.516557293252784655e-01 3.011131570049355166e-01 6.208975911882131937e-01 9.176986817917301975e-01 3.824220550763177129e-01 0.000000000000000000e+00 5.854324258571116379e-01 2.343063130921645976e-01 3.081833918685911167e-01 4.735385885517224835e-01 8.576072136672567847e-01 5.807837119940557624e-01 4.189386527329908017e-01 7.809091391576635788e-01 6.913313259928539622e-01 1.004272089420128466e-01 3.713892836438849598e-01 3.845554700677465965e-01 9.178069731520643870e-02 9.895102979498887619e-02 5.180562777328476809e-01 3.464248540829912293e-01 5.767723983910122421e-01 6.514945781963706883e-01 7.157387058586042183e-01 5.981549557499686864e-01
1.867318335292895704e-01 8.246824829567724890e-01 4.587830192595744316e-01 5.321135974825618176e-01 7.081616612776353570e-01 5.879102429903373395e-01 2.449688553185777051e-01 5.366386338041424509e-01 3.707123827243057335e-01 5.610404895319361929e-01 5.554801473032660031e-01 7.577033137618578440e-01 4.666158623180388654e-01 6.522888489025092662e-01 5.854324258571116379e-01 0.000000000000000000e+00 5.200183098694055595e-01 5.825673941014257728e-01 2.833637263020505892e-01 5.670246528174213152e-01 6.410546717820321261e-01 4.526155545052281681e-01 1.929960030861451736e-01 4.293202165412758342e-01 3.581347067425504349e-01 3.697689979166694507e-01 4.505146280210235998e-01 6.796690590859180148e-01 4.962980756240594205e-01 4.501449732726103825e-01 4.381103150785661260e-01 9.183395217995844462e-01 5.166951596181584838e-01 7.750411098523539710e-01 4.458427172143301642e-01
5.193062441411773200e-01 3.825224813343385266e-01 6.175840957533254016e-01 7.337541066544600588e-01 4.405735428352091088e-01 5.735747590579731714e-01 8.839579827253780664e-01 7.599576479651263261e-01 4.533227815868920429e-01 8.424766872568062448e-01 3.606208174114053921e-01 4.406446457322810706e-01 2.613616302779144807e-01 6.718581954036488835e-01 2.343063130921645976e-01 5.200183098694055595e-01 0.000000000000000000e+00 1.164403765611095043e-01 4.890431439836319116e-01 2.779119301045399615e-01 3.248488059397917072e-01 6.180103188920402779e-01 3.162347884843694779e-01 8.457570208121243382e-01 8.401376391170154445e-01 4.520008470516939658e-01 2.072272833482365351e-01 7.762609949223514549e-02 3.926800295561150289e-02 5.846944108805195439e-01 5.522615838935550636e-01 2.789117303809945936e-01 3.053339490767025821e-01 6.347868482571112914e-01 5.219244908867289867e-01
5.604424891120417529e-01 7.393854198121304622e-01 3.629870237265846455e-01 1.142359783043456201e-02 8.054058559721760657e-01 5.139081975633201793e-01 5.978226771428233333e-01 4.615738883542804261e-01 4.584406065485731041e-01 4.209044306027996396e-01 4.611261544561677805e-01 2.929687886524597884e-01 2.984354933311250679e-02 5.670148896856612719e-01 3.081833918685911167e-01 5.825673941014257728e-01 1.164403765611095043e-01 0.000000000000000000e+00 6.210992151700233110e-01 7.161621737221117723e-01 2.171551337385269620e-01 8.134682602789053973e-01 4.920407657097135012e-01 3.017651350936233490e-01 4.913609837788111556e-01 4.804723022336461202e-01 1.943230849481284994e-01 4.219543748561008223e-01 6.062597220650820518e-01 2.011809308130938501e-01 8.636090915851495353e-01 4.133477010058988488e-01 5.471514321978373507e-01 2.138785223191165263e-01 8.123640435476002786e-01
6.031065370577117779e-01 6.017276403343749802e-01 2.062598344316151078e-01 9.049871094215391487e-01 4.695492878295824957e-01 6.237300324257571971e-01 1.769955686856321542e-01 4.678536925834439475e-01 7.858681450050003514e-01 1.327999260323743380e-01 4.481985828302280650e-01 2.105135579699698445e-01 3.854435285634694175e-01 7.027362322318198018e-02 4.735385885517224835e-01 2.833637263020505892e-01 4.890431439836319116e-01 6.210992151700233110e-01 0.000000000000000000e+00 3.685722674466239690e-01 6.021601185577919457e-01 1.431190462742157887e-01 2.411857899356995016e-01 5.822615401405303315e-01 4.777575817513063372e-01 2.372608772902942142e-01 4.508561837121747295e-01 4.702270772747946248e-01 1.317393883653504849e-01 4.875281407742766970e-01 3.890965425919906684e-01 9.624306435627252299e-01 1.494627169272225720e-01 1.772984553777717798e-01 4.972443067545258000e-01
1.689919318927042280e-01 9.144664439859394589e-01 7.379490946507301086e-01 1.881530920713482269e-01 9.461235953736463200e-02 2.627445556533342663e-01 3.503654097730224404e-01 2.486587279253745786e-01 6.369257950320375006e-01 3.906976903973233828e-01 5.677204968444899968e-01 6.060871695795690961e-01 7.680737483804256360e-01 4.588360391212926159e-01 8.576072136672567847e-01 5.670246528174213152e-01 2.779119301045399615e-01 7.161621737221117723e-01 3.685722674466239690e-01 0.000000000000000000e+00 2.771703793022527451e-01 6.929524430498283927e-01 3.976442948344060535e-01 5.759777149980378486e-01 2.453967382292984167e-01 7.137772458984926738e-01 2.388855089204424686e-01 6.199981169284416449e-01 3.408425921192660413e-01 1.992809513942281896e-01 6.061472272899594005e-01 5.315163843086652129e-01 3.228291403485578082e-01 4.828130504179576898e-01 3.494642742550200243e-01
5.777546336530881010e-01 8.539184948830318422e-01 6.676323196131939142e-01 4.334651707273657895e-01 8.553300234391738588e-01 6.387670157512099767e-01 1.181257400646037459e-01 9.229746834497173369e-01 1.571208647598252295e-01 2.886451208027684956e-02 4.617208465174357790e-01 4.416458376025282351e-01 1.718384033130717636e-01 4.432320388234620712e-01 5.807837119940557624e-01 6.410546717820321261e-01 3.248488059397917072e-01 2.171551337385269620e-01 6.021601185577919457e-01 2.771703793022527451e-01 0.000000000000000000e+00 5.206782534717068200e-01 8.643447227619951434e-01 3.308119393558539567e-01 3.154246814431527213e-01 4.494610599702350551e-01 4.466726304637957945e-01 5.397757639840692345e-01 4.870785376726287641e-01 1.373271741075792196e-01 6.134594652086808875e-01 5.922179331488663934e-01 6.089485954130440248e-01 8.332629020552528853e-02 5.298430978160437732e-01
5.164748548019607588e-01 1.149198794823553804e-01 5.559580750713304376e-01 8.459362584078333747e-01 4.784558119205854498e-01 1.280478439509421529e-01 4.315563414398887465e-01 6.900427342110342366e-01 2.498578334336041262e-01 5.016058697724669058e-01 6.592855414049221263e-01 6.098001758739184375e-01 1.926264443033461893e-01 6.187622533431144101e-01 4.189386527329908017e-01 4.526155545052281681e-01 6.180103188920402779e-01 8.134682602789053973e-01 1.431190462742157887e-01 6.929524430498283927e-01 5.206782534717068200e-01 0.000000000000000000e+00 4.914632725648814260e-01 3.921231021262270300e-01 3.975547372780683375e-01 8.010894774547183683e-01 5.506676087477673232e-01 4.617993528487940313e-01 1.635339685337258708e-01 3.847526181628209141e-01 6.216298547939236308e-01 2.625416336595977618e-01 6.993891927265107888e-01 6.777056721444743026e-01 7.264070725242751658e-01
7.930845715429668541e-01 1.205758034630841635e-01 6.491173707472854826e-01 8.397371998116274217e-01 8.275391039886266231e-01 5.698665301395064997e-01 4.345890629839315178e-01 1.617370074258349666e-01 5.793750074423582586e-01 4.929627955958889585e-01 2.907084095530245715e-01 4.876034120748027334e-01 7.920904473780205901e-01 3.668628091310076611e-01 7.809091391576635788e-01 1.929960030861451736e-01 3.162347884843694779e-01 4.920407657097135012e-01 2.411857899356995016e-01 3.976442948344060535e-01 8.643447227619951434e-01 4.914632725648814260e-01 0.000000000000000000e+00 6.953699683681173749e-01 3.366561443071807158e-01 4.888566111790238478e-01 8.787475262517476793e-01 6.346793481670767179e-01 8.740381331855771041e-01 5.849575020613662080e-01 8.306811739283790352e-01 4.536357144299256738e-01 2.008255522956382544e-01 4.138993939374890907e-01 5.450095239995323970e-01
2.026991551123512592e-01 6.449495146823280844e-01 5.683649214611254941e-01 7.438493556714957933e-01 4.884369828211966857e-01 6.859392647130619913e-01 8.348405226352403341e-01 8.218859554585050686e-01 6.793477128685784239e-01 5.155216367356552087e-01 1.446894312591459064e-01 5.700693611821971984e-01 4.950734972923609423e-02 9.383944293020192173e-01 6.913313259928539622e-01 4.293202165412758342e-01 8.457570208121243382e-01 3.017651350936233490e-01 5.822615401405303315e-01 5.759777149980378486e-01 3.308119393558539567e-01 3.921231021262270300e-01 6.953699683681173749e-01 0.000000000000000000e+00 7.905439415048605145e-01 5.653558454019425028e-02 1.203644337933220676e-01 6.833320470900855481e-01 6.060468049548690672e-01 5.208518279678968632e-01 6.703944367630503276e-01 1.301918812716694740e-01 8.201091084238391060e-01 2.470675644048858643e-01 2.623242630563749067e-01
7.724360930121889623e-01 6.970285702964620356e-01 9.053329319271938846e-01 4.030248943616449586e-01 3.191630889171825913e-01 3.536836758614201326e-01 4.427494744655418035e-01 4.547857380469191302e-01 3.820310538288574920e-01 6.285435298628392342e-01 3.178615672780717993e-01 6.206551379294376058e-01 3.610322241456400683e-01 3.397570147232619187e-01 1.004272089420128466e-01 3.581347067425504349e-01 8.401376391170154445e-01 4.913609837788111556e-01 4.777575817513063372e-01 2.453967382292984167e-01 3.154246814431527213e-01 3.975547372780683375e-01 3.366561443071807158e-01 7.905439415048605145e-01 0.000000000000000000e+00 6.478685458168523814e-01 7.024438276873555820e-01 8.299621433758641587e-02 8.767878128086570300e-01 2.772892324901738981e-01 4.138214422708651474e-01 4.213294066466563570e-01 3.306023886286887370e-01 3.382179581931984425e-01 8.037936102724195786e-01
5.292662727438849357e-01 8.449832385997289030e-01 4.132448363108983114e-01 4.152630633951897021e-01 2.013198572106384976e-01 4.780771501213390007e-01 3.803640510550696519e-01 1.822852361379679875e-01 2.725432295509977454e-01 8.277585523179347149e-01 2.159375727311684257e-01 4.253746973607575033e-01 6.442468414258452070e-01 4.058935076491887450e-01 3.713892836438849598e-01 3.697689979166694507e-01 4.520008470516939658e-01 4.804723022336461202e-01 2.372608772902942142e-01 7.137772458984926738e-01 4.494610599702350551e-01 8.010894774547183683e-01 4.888566111790238478e-01 5.653558454019425028e-02 6.478685458168523814e-01 0.000000000000000000e+00 4.298618714409930819e-01 6.249956566244041500e-01 5.275694041097198639e-01 7.318874072780361395e-01 7.198900491742525887e-01 1.259451563922207029e-01 5.428455925477448929e-01 1.638526543772352850e-01 4.656493318253139835e-01
1.557332265571982344e-01 6.478678027845605758e-01 7.310517678329870872e-01 4.904523333774669092e-01 2.456361780520660565e-01 4.565750406466913547e-01 7.558013620127135290e-02 8.968614611235128375e-01 2.667864763267642214e-01 4.108721173163124574e-01 2.220544834600218786e-01 4.647817153486304420e-01 4.756330276417629621e-01 6.945937970161211172e-01 3.845554700677465965e-01 4.505146280210235998e-01 2.072272833482365351e-01 1.943230849481284994e-01 4.508561837121747295e-01 2.388855089204424686e-01 4.466726304637957945e-01 5.506676087477673232e-01 8.787475262517476793e-01 1.203644337933220676e-01 7.024438276873555820e-01 4.298618714409930819e-01 0.000000000000000000e+00 8.373539741615567689e-01 5.784567842897105905e-01 4.113607142770446257e-01 7.717302308251760001e-01 1.323664323862266956e-01 6.099460405782867189e-01 1.140842934582960710e-01 5.310934560674662741e-01
3.122829380092706497e-01 4.088272448122091118e-01 2.712735558111671330e-01 7.839137038829728787e-01 5.161727350738651854e-01 5.426973079181265369e-01 2.093877332829698901e-01 3.404046017322315265e-01 7.791707556684892566e-01 7.182904013964701573e-01 6.218436007444322344e-01 3.110065052366434712e-01 7.395203327115074110e-01 4.950276689153352283e-01 9.178069731520643870e-02 6.796690590859180148e-01 7.762609949223514549e-02 4.219543748561008223e-01 4.702270772747946248e-01 6.199981169284416449e-01 5.397757639840692345e-01 4.617993528487940313e-01 6.346793481670767179e-01 6.833320470900855481e-01 8.299621433758641587e-02 6.249956566244041500e-01 8.373539741615567689e-01 0.000000000000000000e+00 7.740684167057985121e-01 5.760809150349648355e-01 7.591442511687505057e-01 2.507841810175952535e-01 5.275334589554396825e-01 3.327897064368653957e-01 5.406774835558229020e-01
4.559309324739854175e-01 1.355993624984422885e-01 3.007758166768092489e-01 2.561502419857267787e-01 3.205356373607498588e-01 5.590008593505805257e-01 7.863918938686554894e-01 6.266080683543635566e-01 7.773133807207872614e-01 5.223126896214540515e-01 5.167646898969850966e-01 3.654458380123876138e-01 4.288432962137842530e-01 9.030502871581536084e-01 9.895102979498887619e-02 4.962980756240594205e-01 3.926800295561150289e-02 6.062597220650820518e-01 1.317393883653504849e-01 3.408425921192660413e-01 4.870785376726287641e-01 1.635339685337258708e-01 8.740381331855771041e-01 6.060468049548690672e-01 8.767878128086570300e-01 5.275694041097198639e-01 5.784567842897105905e-01 7.740684167057985121e-01 0.000000000000000000e+00 8.713237696238207430e-01 6.935899459484473617e-01 2.240838145399899339e-01 6.017515826138477575e-01 2.598134760872714555e-01 3.275899768061942829e-01
8.522811418093493296e-01 6.466854608141447969e-02 2.500274529322770167e-01 4.982011365921167334e-01 4.979673474384629372e-01 1.470196414936111862e-01 4.564511389840917865e-01 5.037273068388850028e-01 5.245202275665423741e-01 2.687152702944994864e-01 7.621426131012707383e-01 5.637313771788174943e-01 1.553737008095538163e-01 1.603191371140961774e-01 5.180562777328476809e-01 4.501449732726103825e-01 5.846944108805195439e-01 2.011809308130938501e-01 4.875281407742766970e-01 1.992809513942281896e-01 1.373271741075792196e-01 3.847526181628209141e-01 5.849575020613662080e-01 5.208518279678968632e-01 2.772892324901738981e-01 7.318874072780361395e-01 4.113607142770446257e-01 5.760809150349648355e-01 8.713237696238207430e-01 0.000000000000000000e+00 5.298863623441396609e-01 6.779097484585236977e-01 7.835762461575142002e-01 9.239171178065490597e-01 1.644995686840662330e-01
4.495463378875831917e-01 6.861168997244251333e-01 3.771449125906456423e-01 8.324345272450897060e-01 5.899142454692376525e-01 1.103697855826869523e-01 8.503381848913764696e-01 3.189245563850720000e-01 2.580558538224654308e-01 2.325513248655584619e-01 1.725036624025302334e-01 7.715051568653017444e-01 3.638269614386100415e-01 6.635155807476089684e-01 3.464248540829912293e-01 4.381103150785661260e-01 5.522615838935550636e-01 8.636090915851495353e-01 3.890965425919906684e-01 6.061472272899594005e-01 6.134594652086808875e-01 6.216298547939236308e-01 8.306811739283790352e-01 6.703944367630503276e-01 4.138214422708651474e-01 7.198900491742525887e-01 7.717302308251760001e-01 7.591442511687505057e-01 6.935899459484473617e-01 5.298863623441396609e-01 0.000000000000000000e+00 1.586361342041300304e-01 2.254322744399137601e-01 4.702456495132524839e-01 4.006307704834520256e-01
6.151850491369739160e-01 3.730571567162108693e-01 5.942088079782132937e-01 9.351028007621002835e-01 3.844407752447841498e-01 2.329058602515318155e-01 3.556129596067542087e-01 8.234927741968386394e-01 4.638025385222706021e-01 7.434817608293660118e-01 4.471253562970454731e-01 5.190159685942139500e-01 4.819252589561768829e-01 4.972190970087299600e-01 5.767723983910122421e-01 9.183395217995844462e-01 2.789117303809945936e-01 4.133477010058988488e-01 9.624306435627252299e-01 5.315163843086652129e-01 5.922179331488663934e-01 2.625416336595977618e-01 4.536357144299256738e-01 1.301918812716694740e-01 4.213294066466563570e-01 1.259451563922207029e-01 1.323664323862266956e-01 2.507841810175952535e-01 2.240838145399899339e-01 6.779097484585236977e-01 1.586361342041300304e-01 0.000000000000000000e+00 5.136330599676109943e-01 7.793707633364743703e-01 4.796615087731076477e-01
6.992085854736824757e-01 5.656778891890881233e-01 8.754456386344817709e-01 5.067876667811913594e-01 7.582238975865257524e-01 7.914136969308160907e-01 8.730687913462784611e-01 7.721588294472159220e-01 6.982943711574860490e-01 6.489514938407205946e-01 3.886188185590391253e-01 6.130773389039982924e-01 5.107388378102442061e-01 5.625870780878353683e-01 6.514945781963706883e-01 5.166951596181584838e-01 3.053339490767025821e-01 5.471514321978373507e-01 1.494627169272225720e-01 3.228291403485578082e-01 6.089485954130440248e-01 6.993891927265107888e-01 2.008255522956382544e-01 8.201091084238391060e-01 3.306023886286887370e-01 5.428455925477448929e-01 6.099460405782867189e-01 5.275334589554396825e-01 6.017515826138477575e-01 7.835762461575142002e-01 2.254322744399137601e-01 5.136330599676109943e-01 0.000000000000000000e+00 7.778595416636572280e-01 5.844735860760277291e-01
6.656596320773432440e-01 7.197309778436232763e-01 3.618468248094837136e-01 8.334511714664492033e-01 9.041542664804718132e-01 5.938638995603437998e-01 4.214306335992245023e-01 5.971296886465606857e-01 2.580003655549990560e-01 5.076620666977109675e-01 4.747962974969500705e-01 4.774463083620814063e-01 8.256587606104066612e-01 6.996524151802188118e-01 7.157387058586042183e-01 7.750411098523539710e-01 6.347868482571112914e-01 2.138785223191165263e-01 1.772984553777717798e-01 4.828130504179576898e-01 8.332629020552528853e-02 6.777056721444743026e-01 4.138993939374890907e-01 2.470675644048858643e-01 3.382179581931984425e-01 1.638526543772352850e-01 1.140842934582960710e-01 3.327897064368653957e-01 2.598134760872714555e-01 9.239171178065490597e-01 4.702456495132524839e-01 7.793707633364743703e-01 7.778595416636572280e-01 0.000000000000000000e+00 3.022265917725764361e-01
5.890132296984924576e-01 6.657910848810963955e-01 7.498227524375330466e-01 3.354721001394262991e-01 5.093695635908717101e-01 3.882402605308649113e-01 5.729192435285204166e-01 1.120277759445342802e-01 1.637409461754236739e-01 3.573364203055555688e-01 2.294213802060474094e-02 9.159698235569657676e-01 3.229906711796918239e-01 6.742876403885518233e-01 5.981549557499686864e-01 4.458427172143301642e-01 5.219244908867289867e-01 8.123640435476002786e-01 4.972443067545258000e-01 3.494642742550200243e-01 5.298430978160437732e-01 7.264070725242751658e-01 5.450095239995323970e-01 2.623242630563749067e-01 8.037936102724195786e-01 4.656493318253139835e-01 5.310934560674662741e-01 5.406774835558229020e-01 3.275899768061942829e-01 1.644995686840662330e-01 4.006307704834520256e-01 4.796615087731076477e-01 5.844735860760277291e-01 3.022265917725764361e-01 0.000000000000000000e+00
