0.000000000000000000e+00 9.419963984990882278e-01 8.439991638828527876e-01 5.869093041680905065e-01 1.310104317390314854e-01 8.994812655478551244e-01 4.720630182568801847e-01 4.920007348441319261e-01 6.564274994170283817e-01 8.544840356193001973e-01 6.911839006195489299e-01 6.207483670884095250e-01 4.284802896750715684e-01 7.116277987474310951e-01 9.179083927596548564e-01 2.863758399226388196e-01 2.093361449641121252e-01 3.291104539106679550e-01 2.453957801288080276e-01 7.787374927034513838e-01 7.653536898313486603e-01 4.602787993687552093e-01 9.629001804959571587e-01 7.961741331774536690e-01 4.069922582003434597e-01 5.322459697038800508e-01 1.194582181489358685e-01 5.821519105564276764e-01 1.443151764270060311e-01 7.800354832477993661e-01 4.033330982832181166e-01 7.856569340938301949e-01 4.651253004085419973e-01 8.193688124905584846e-01 4.729412800039389242e-01
9.419963984990882278e-01 0.000000000000000000e+00 6.650814303676696460e-01 7.775406376552036480e-01 6.003501970472553406e-01 4.817627777284171908e-01 5.080252094490445014e-01 8.070690941996934153e-01 9.465946359385634112e-01 4.387667636736850563e-01 4.159558482321171202e-01 3.557120484461752108e-01 8.422147851138681585e-01 5.510668551653303826e-01 2.490323518030716776e-01 5.510564216786361103e-01 5.925345003408672984e-01 8.062379163827828599e-01 4.168105851263973483e-01 3.603538644503221366e-01 7.232967427932153193e-01 6.859178411351447568e-01 5.505908278465770911e-01 8.199037662847967756e-01 4.649236803442044486e-01 8.257502550275286346e-01 6.126300682343559512e-01 3.790099889338965355e-01 4.111209643287845328e-01 6.942529806371815493e-01 4.086237375326703947e-01 4.842430721225748358e-01 3.015966026193972471e-01 5.978534011035554485e-01 1.700969632258718667e-01
8.439991638828527876e-01 6.650814303676696460e-01 0.000000000000000000e+00 6.938914707492245260e-01 1.434415310974304081e-01 3.817565160591169793e-01 5.524414191771814808e-01 1.224241217558508232e-02 5.484373669747658608e-01 2.442106877934921982e-01 8.772632766448239527e-01 1.459840068378833733e-01 4.908386497302116291e-01 4.011574616676956140e-01 8.708671461378423295e-01 8.835743430424576328e-01 7.117948031885089621e-01 8.585712383060275510e-01 8.455185642979077265e-01 3.112568033087246278e-01 6.502037759500893799e-01 7.860267910989544582e-01 9.044565367435851710e-01 4.426056525931307273e-01 6.184426296560885383e-01 4.479454409894619848e-01 2.223054597338058880e-01 2.559467183396356704e-01 8.291070347894246018e-01 2.956975221947037991e-01 3.080475422914499273e-01 8.059143652867410967e-01 5.337081782075430159e-01 9.139480499471952513e-01 7.033600893573541679e-01
5.869093041680905065e-01 7.775406376552036480e-01 6.938914707492245260e-01 0.000000000000000000e+00 5.325657403098813525e-01 5.538884071950295196e-01 4.189171175763619082e-01 3.638065416020219156e-01 3.274278148325515669e-01 4.263375979609282940e-01 3.253777124401223686e-01 8.817468434089303919e-01 7.627468082524927473e-01 4.996052670726963130e-01 3.949842176322538867e-01 5.343481125296438705e-01 5.554955496336146936e-01 5.328099650361668438e-01 3.654302963799862525e-01 5.570204040365973608e-01 4.704438213109570222e-01 5.168970084811159715e-01 4.768996073891856313e-01 2.618540390017451980e-01 3.723787446826755665e-01 4.411513566815561393e-01 8.003381042341815022e-01 4.408779284477474802e-01 7.982039570735925960e-01 8.076087497988979624e-01 7.995330641650220116e-01 4.465862436884149855e-01 8.566594694383999897e-01 5.309486347526939376e-01 7.984435052381229081e-01
1.310104317390314854e-01 6.003501970472553406e-01 1.434415310974304081e-01 5.325657403098813525e-01 0.000000000000000000e+00 7.097300419014196393e-01 6.358875042388473231e-01 4.586441162987230369e-01 2.313289414876943950e-01 5.983173969571262685e-01 8.856718530454591454e-01 4.431036024626370806e-01 7.580655317746124444e-01 4.620102666007716019e-01 4.369286834155638455e-01 5.777593672996308438e-01 2.307983396014992861e-01 5.646931374625512312e-01 7.497664298490367418e-01 1.059353977262796898e-01 3.062382027480908819e-01 6.034035615724169244e-01 5.128115137161430859e-01 7.256668707711779742e-01 5.215350877178830391e-01 5.968791521751041218e-01 6.837915937532749178e-01 5.026004602368256968e-01 4.070702533763319586e-01 7.062492310430715792e-01 3.759709144836224648e-01 9.496203535088520997e-01 9.168209675617114973e-01 9.231832078355538540e-01 7.800066351368251105e-01
8.994812655478551244e-01 4.817627777284171908e-01 3.817565160591169793e-01 5.538884071950295196e-01 7.097300419014196393e-01 0.000000000000000000e+00 6.738806037245084202e-01 7.822929721311373541e-01 3.078255360301502819e-01 5.727600801856400636e-01 4.299824628364582457e-01 6.979801426553062793e-01 3.866252069071794417e-01 7.262330390566638094e-01 6.092518078010943361e-01 5.014936635122444475e-01 1.556663831065482340e-01 4.548857590137524443e-01 7.212190072452984158e-01 4.655208169787476979e-01 4.740163349014605010e-01 6.280562264189157862e-01 5.419662292648503854e-01 4.957401054921523054e-01 5.676847042318481362e-01 8.914956488895564579e-01 4.938296275405176794e-01 5.408897030813838436e-01 8.300922295290922293e-01 2.926799652692330111e-01 6.373583480699946957e-01 4.875264141319542999e-01 7.739799911028587553e-01 6.033983244615039876e-01 8.906950617443943896e-01
4.720630182568801847e-01 5.080252094490445014e-01 5.524414191771814808e-01 4.189171175763619082e-01 6.358875042388473231e-01 6.738806037245084202e-01 0.000000000000000000e+00 5.658265184332033071e-01 8.423104726655716856e-01 5.302379000642662987e-01 8.378818010812409955e-01 5.824505808917630478e-01 3.663805804768227592e-01 5.137654389198467175e-01 3.730221547377701174e-01 5.000613481551798856e-01 9.577078827086875634e-01 6.984525907497924901e-01 3.312849679318835006e-01 8.913159498460156982e-01 7.312291741706865578e-01 7.250173879877428451e-01 5.065763147235839980e-01 6.097233990370074519e-01 4.770370564990529250e-01 3.007967576345586536e-01 4.117024384971489925e-01 5.565127924079777966e-01 7.278634992993914254e-01 9.374448815690075154e-01 4.156058598949595173e-01 5.027084411521209883e-01 4.875805652815454749e-01 2.788646505015253130e-01 5.155949382203967035e-01
4.920007348441319261e-01 8.070690941996934153e-01 1.224241217558508232e-02 3.638065416020219156e-01 4.586441162987230369e-01 7.822929721311373541e-01 5.658265184332033071e-01 0.000000000000000000e+00 2.315943407998479753e-01 5.567453813216229896e-01 1.862225437192500666e-01 6.252669500540736225e-01 9.468330709541661339e-02 5.039013324484629130e-01 7.715921710201885109e-01 5.321765686413936214e-01 6.318067112192868873e-01 5.633668278045453892e-01 7.948486326669205182e-01 5.184741252976561299e-01 7.001608034599726693e-01 3.933869999567208842e-01 1.589335336783300745e-01 8.389029343335575595e-01 3.331261238374452760e-01 5.171692311277185095e-01 7.878330866961145151e-01 7.395331862709083603e-01 4.390023084394032438e-01 5.812562910895500146e-01 8.666593768048660440e-01 4.754427415704678417e-01 4.806668395691169882e-01 3.994509100896936893e-01 9.384992379972846299e-01
6.564274994170283817e-01 9.465946359385634112e-01 5.484373669747658608e-01 3.274278148325515669e-01 2.313289414876943950e-01 3.078255360301502819e-01 8.423104726655716856e-01 2.315943407998479753e-01 0.000000000000000000e+00 5.774779276840922293e-01 3.831347091071910516e-01 6.660938270913230319e-01 4.931039065185234826e-01 7.178292714253905471e-01 8.199282024619545250e-01 1.177440628204164952e-01 5.128732416112032899e-01 4.939416595577533209e-01 4.187725765757099872e-02 5.090508154897502857e-01 7.909959663621878301e-01 6.977221518176419668e-01 5.600128722696516848e-01 7.204017311440240601e-01 8.787531114974298507e-01 7.883805367513339046e-01 7.109394353612598083e-01 2.617442407542738270e-01 3.076469806323635092e-01 4.209363045630534206e-01 6.031951009566611788e-01 8.141165823188908357e-01 2.972553303398693947e-01 4.040927551391145789e-01 8.309418488892836852e-01
8.544840356193001973e-01 4.387667636736850563e-01 2.442106877934921982e-01 4.263375979609282940e-01 5.983173969571262685e-01 5.727600801856400636e-01 5.302379000642662987e-01 5.567453813216229896e-01 5.774779276840922293e-01 0.000000000000000000e+00 8.687214985795218558e-01 4.003739766703879877e-01 3.794656778763428884e-01 2.735402710311418684e-02 9.877099328119032240e-01 5.593101886204212558e-01 4.512340138056857297e-01 4.583312083537827153e-01 6.062807673789138985e-01 5.336936386335610072e-01 7.409709370573246412e-01 2.592633760478462168e-01 8.772797570902823860e-01 7.061120149111448363e-01 4.513895896592818868e-01 6.593880744465863142e-01 7.744603089050575706e-01 8.502912416996996070e-01 4.820198458303890932e-01 7.417211860147994162e-01 6.606014260890780143e-01 7.668810872789532107e-01 4.421276668808816201e-01 3.746877120223933710e-01 3.601043786470836672e-01
6.911839006195489299e-01 4.159558482321171202e-01 8.772632766448239527e-01 3.253777124401223686e-01 8.856718530454591454e-01 4.299824628364582457e-01 8.378818010812409955e-01 1.862225437192500666e-01 3.831347091071910516e-01 8.687214985795218558e-01 0.000000000000000000e+00 6.912910129847928964e-01 6.294494555133763880e-01 5.706909756984931414e-01 5.365342921364060214e-01 7.409482436267826877e-01 5.273903270991338044e-01 3.831750551383679149e-01 7.661579728375205178e-01 6.572826650974001872e-01 6.203970224312942428e-01 9.023545811289193086e-01 4.335435326121579447e-01 5.174162821186050198e-01 2.033644725460225233e-01 6.533288715401208702e-01 4.736479785812184318e-01 4.493134289815363114e-01 3.034264547962834957e-01 5.802962221238389118e-01 4.359383892034746633e-01 7.835186465752190799e-01 5.603757552531464237e-01 2.776194195505112816e-01 3.577672247050656673e-01
6.207483670884095250e-01 3.557120484461752108e-01 1.459840068378833733e-01 8.817468434089303919e-01 4.431036024626370806e-01 6.979801426553062793e-01 5.824505808917630478e-01 6.252669500540736225e-01 6.660938270913230319e-01 4.003739766703879877e-01 6.912910129847928964e-01 0.000000000000000000e+00 9.095485795872169099e-01 6.238341431292970807e-01 6.141255360425339482e-01 5.506452477335612716e-01 4.138430764459887223e-01 5.952014591275485156e-01 6.462441431757381949e-02 6.065484087973178617e-01 8.691827726491327955e-01 7.275979753980574838e-01 7.304159653284908460e-01 3.439586515178961190e-01 4.419484456029587616e-01 1.408498723129810726e-01 2.985621446351430786e-01 5.940410171378098791e-01 3.446153419571250653e-01 2.197259948391092621e-01 6.741740978412351648e-01 8.265356719654137763e-01 5.063130625330505286e-01 8.521890978504752523e-01 6.714749268655957337e-01
4.284802896750715684e-01 8.422147851138681585e-01 4.908386497302116291e-01 7.627468082524927473e-01 7.580655317746124444e-01 3.866252069071794417e-01 3.663805804768227592e-01 9.468330709541661339e-02 4.931039065185234826e-01 3.794656778763428884e-01 6.294494555133763880e-01 9.095485795872169099e-01 0.000000000000000000e+00 4.697371546517283836e-01 8.625122640652786998e-01 2.284566100286854473e-01 4.941671250708830065e-01 3.209152798306748045e-01 5.206294350604765420e-01 2.446710247674679373e-01 5.074429683906110933e-01 8.854386978220658566e-01 5.355464658883897222e-01 4.809299842917158507e-01 6.265701878729825758e-01 5.062521157900519153e-01 6.168691930475092011e-01 8.027684933329994887e-01 4.649028071791930783e-01 4.431871083863634375e-01 6.381069333230691143e-01 5.073465026842767234e-01 4.982127510246908142e-01 3.175762790868995600e-01 5.636627551992264840e-01
7.116277987474310951e-01 5.510668551653303826e-01 4.011574616676956140e-01 4.996052670726963130e-01 4.620102666007716019e-01 7.262330390566638094e-01 5.137654389198467175e-01 5.039013324484629130e-01 7.178292714253905471e-01 2.735402710311418684e-02 5.706909756984931414e-01 6.238341431292970807e-01 4.697371546517283836e-01 0.000000000000000000e+00 8.837626428589585581e-01 4.741705882595690369e-01 6.293213125560352950e-01 5.770331948935236710e-01 1.440056654112129575e-01 3.220647871939196771e-01 3.295321356294107495e-01 7.015603983330431781e-01 4.907705790061014928e-01 3.195310282961849602e-01 7.848081358554805931e-01 1.227259613749309697e-01 8.320313511364934023e-01 9.668520184555727814e-01 5.251915439904919491e-02 8.239322521738299265e-01 5.172553693714705414e-01 4.435801290492238369e-01 8.153269136535534756e-02 9.253506181242550088e-01 8.075432017129489104e-01
9.179083927596548564e-01 2.490323518030716776e-01 8.708671461378423295e-01 3.949842176322538867e-01 4.369286834155638455e-01 6.092518078010943361e-01 3.730221547377701174e-01 7.715921710201885109e-01 8.199282024619545250e-01 9.877099328119032240e-01 5.365342921364060214e-01 6.141255360425339482e-01 8.625122640652786998e-01 8.837626428589585581e-01 0.000000000000000000e+00 2.758081576843383620e-01 7.626412441941203824e-01 8.004051073950402273e-01 8.388945902885599493e-01 6.231358500479958762e-01 2.597940077081124510e-01 6.442140620871383838e-02 5.444869469861995936e-01 4.605099965696338726e-01 6.648305432763300660e-01 4.840597628980236600e-01 3.469362368549833153e-02 6.973253442643359001e-01 7.897213147889274865e-01 1.587164289762850178e-01 6.276219721889060299e-01 6.249663785403527516e-01 8.577181235260118441e-01 8.464614449022027642e-01 4.944979472814682864e-01
2.863758399226388196e-01 5.510564216786361103e-01 8.835743430424576328e-01 5.343481125296438705e-01 5.777593672996308438e-01 5.014936635122444475e-01 5.000613481551798856e-01 5.321765686413936214e-01 1.177440628204164952e-01 5.593101886204212558e-01 7.409482436267826877e-01 5.506452477335612716e-01 2.284566100286854473e-01 4.741705882595690369e-01 2.758081576843383620e-01 0.000000000000000000e+00 8.590656374216097957e-01 5.600318996710627051e-01 7.143991438784151882e-01 9.920508229621604057e-01 8.933548001482110035e-01 6.135028389040451113e-01 5.600286183435990717e-01 6.298323607350710951e-01 3.070938240675342712e-01 8.639129089701820252e-01 8.361732952602063396e-01 9.208018127420692922e-01 8.151467586552163525e-03 6.357590348995966201e-01 3.901245577473818060e-01 4.966752121812569865e-01 8.503643920906984732e-01 6.301709612146494388e-01 5.360382555053175846e-01
2.093361449641121252e-01 5.925345003408672984e-01 7.117948031885089621e-01 5.554955496336146936e-01 2.307983396014992861e-01 1.556663831065482340e-01 9.577078827086875634e-01 6.318067112192868873e-01 5.128732416112032899e-01 4.512340138056857297e-01 5.273903270991338044e-01 4.138430764459887223e-01 4.941671250708830065e-01 6.293213125560352950e-01 7.626412441941203824e-01 8.590656374216097957e-01 0.000000000000000000e+00 4.769726707266341847e-01 6.275237929401615844e-01 5.140974458211786668e-01 2.978447960355963264e-01 5.599102339843611276e-01 7.869144044736338106e-01 7.065924919168671270e-01 5.711578256728098157e-01 5.117933033002313170e-01 4.576455565899826272e-01 7.232464513577474552e-01 7.969007429814538579e-01 4.568394832651185844e-01 7.683487544048802631e-01 3.999412676572433600e-01 5.526416864879876156e-01 4.460927687342638448e-01 7.275403735202281563e-01
3.291104539106679550e-01 8.062379163827828599e-01 8.585712383060275510e-01 5.328099650361668438e-01 5.646931374625512312e-01 4.548857590137524443e-01 6.984525907497924901e-01 5.633668278045453892e-01 4.939416595577533209e-01 4.583312083537827153e-01 3.831750551383679149e-01 5.952014591275485156e-01 3.209152798306748045e-01 5.770331948935236710e-01 8.004051073950402273e-01 5.600318996710627051e-01 4.769726707266341847e-01 0.000000000000000000e+00 9.393700118758192552e-01 7.930658354492968742e-01 5.734418866981865204e-01 9.535791516890952391e-01 5.011116339999096558e-01 7.762508329363735360e-01 4.705270164061401417e-01 6.283129528830928567e-01 6.719520384619586117e-01 8.449852889320373928e-01 7.299137789620216976e-01 1.947723007885794333e-01 3.299866425908590806e-01 5.314035815115238925e-01 7.936978658761240091e-01 4.227305161288620883e-01 2.722791768439102311e-01
2.453957801288080276e-01 4.168105851263973483e-01 8.455185642979077265e-01 3.654302963799862525e-01 7.497664298490367418e-01 7.212190072452984158e-01 3.312849679318835006e-01 7.948486326669205182e-01 4.187725765757099872e-02 6.062807673789138985e-01 7.661579728375205178e-01 6.462441431757381949e-02 5.206294350604765420e-01 1.440056654112129575e-01 8.388945902885599493e-01 7.143991438784151882e-01 6.275237929401615844e-01 9.393700118758192552e-01 0.000000000000000000e+00 8.237661208432986992e-01 5.152892021122524868e-01 5.421670267223384077e-01 8.184211327804662428e-01 5.389025178032393892e-01 7.731439814290801404e-01 7.315645729985170709e-01 7.660507848817846854e-01 3.242455144508296083e-01 3.441640868644921802e-01 6.680059538117065765e-01 4.881313901002526379e-02 4.313877047944293386e-01 7.828784743143613056e-01 3.793020291131580790e-01 4.444712291226016188e-01
7.787374927034513838e-01 3.603538644503221366e-01 3.112568033087246278e-01 5.570204040365973608e-01 1.059353977262796898e-01 4.655208169787476979e-01 8.913159498460156982e-01 5.184741252976561299e-01 5.090508154897502857e-01 5.336936386335610072e-01 6.572826650974001872e-01 6.065484087973178617e-01 2.446710247674679373e-01 3.220647871939196771e-01 6.231358500479958762e-01 9.920508229621604057e-01 5.140974458211786668e-01 7.930658354492968742e-01 8.237661208432986992e-01 0.000000000000000000e+00 7.557570810748177603e-01 6.657809117678227251e-01 7.097556159422588884e-01 4.533201928216337162e-01 7.504127341166776377e-01 5.336594571098334239e-01 6.750799412109497188e-01 6.423794948888200684e-01 4.721832985664911608e-01 9.049496997378421170e-01 8.379236831625709314e-01 7.428505665164983895e-01 8.956022304591475525e-01 1.611349698235965411e-01 7.669837527348786210e-01
7.653536898313486603e-01 7.232967427932153193e-01 6.502037759500893799e-01 4.704438213109570222e-01 3.062382027480908819e-01 4.740163349014605010e-01 7.312291741706865578e-01 7.001608034599726693e-01 7.909959663621878301e-01 7.409709370573246412e-01 6.203970224312942428e-01 8.691827726491327955e-01 5.074429683906110933e-01 3.295321356294107495e-01 2.597940077081124510e-01 8.933548001482110035e-01 2.978447960355963264e-01 5.734418866981865204e-01 5.152892021122524868e-01 7.557570810748177603e-01 0.000000000000000000e+00 6.146849294225049665e-01 6.348192508050261029e-01 4.043283218457087713e-01 3.333416139337402884e-01 5.360458171084144796e-01 7.289786965123852269e-01 5.714547069195529128e-01 9.333994970261449975e-02 2.119708598161605950e-01 6.397382942942154704e-01 6.051452110922992400e-01 4.571433973626221059e-01 7.010727105104400669e-01 3.537884359918112009e-01
4.602787993687552093e-01 6.859178411351447568e-01 7.860267910989544582e-01 5.168970084811159715e-01 6.034035615724169244e-01 6.280562264189157862e-01 7.250173879877428451e-01 3.933869999567208842e-01 6.977221518176419668e-01 2.592633760478462168e-01 9.023545811289193086e-01 7.275979753980574838e-01 8.854386978220658566e-01 7.015603983330431781e-01 6.442140620871383838e-02 6.135028389040451113e-01 5.599102339843611276e-01 9.535791516890952391e-01 5.421670267223384077e-01 6.657809117678227251e-01 6.146849294225049665e-01 0.000000000000000000e+00 5.465374796397706181e-01 6.468285228412006260e-01 5.711722530226039929e-01 7.224651067394209925e-01 3.309076784173167196e-01 3.517375020037161182e-01 3.887608699334330065e-01 1.809782595955053974e-01 3.713919219710644093e-01 4.250296775124903226e-01 2.502939084638337031e-01 6.063406245378430981e-01 7.478963078160867362e-01
9.629001804959571587e-01 5.505908278465770911e-01 9.044565367435851710e-01 4.768996073891856313e-01 5.128115137161430859e-01 5.419662292648503854e-01 5.065763147235839980e-01 1.589335336783300745e-01 5.600128722696516848e-01 8.772797570902823860e-01 4.335435326121579447e-01 7.304159653284908460e-01 5.355464658883897222e-01 4.907705790061014928e-01 5.444869469861995936e-01 5.600286183435990717e-01 7.869144044736338106e-01 5.011116339999096558e-01 8.184211327804662428e-01 7.097556159422588884e-01 6.348192508050261029e-01 5.465374796397706181e-01 0.000000000000000000e+00 5.208455979335635533e-01 4.716365508706708010e-01 7.756099612288590572e-01 3.132203921503623478e-01 5.669633164720797591e-01 7.721980113993787143e-01 5.015698110324848802e-01 5.546142126433658559e-01 7.072544537238384388e-01 5.101595969582541912e-01 9.001271773207346616e-01 8.211413206443562984e-01
7.961741331774536690e-01 8.199037662847967756e-01 4.426056525931307273e-01 2.618540390017451980e-01 7.256668707711779742e-01 4.957401054921523054e-01 6.097233990370074519e-01 8.389029343335575595e-01 7.204017311440240601e-01 7.061120149111448363e-01 5.174162821186050198e-01 3.439586515178961190e-01 4.809299842917158507e-01 3.195310282961849602e-01 4.605099965696338726e-01 6.298323607350710951e-01 7.065924919168671270e-01 7.762508329363735360e-01 5.389025178032393892e-01 4.533201928216337162e-01 4.043283218457087713e-01 6.468285228412006260e-01 5.208455979335635533e-01 0.000000000000000000e+00 5.783700013638273241e-01 4.904450271715626863e-01 4.632769764944610902e-01 9.224347782515436300e-01 4.024812312731893549e-01 5.212436859197611128e-01 4.669054078409898279e-01 4.461696143801688885e-01 5.803396046803924735e-01 3.056146349402191209e-01 1.931074434704369569e-01
4.069922582003434597e-01 4.649236803442044486e-01 6.184426296560885383e-01 3.723787446826755665e-01 5.215350877178830391e-01 5.676847042318481362e-01 4.770370564990529250e-01 3.331261238374452760e-01 8.787531114974298507e-01 4.513895896592818868e-01 2.033644725460225233e-01 4.419484456029587616e-01 6.265701878729825758e-01 7.848081358554805931e-01 6.648305432763300660e-01 3.070938240675342712e-01 5.711578256728098157e-01 4.705270164061401417e-01 7.731439814290801404e-01 7.504127341166776377e-01 3.333416139337402884e-01 5.711722530226039929e-01 4.716365508706708010e-01 5.783700013638273241e-01 0.000000000000000000e+00 6.368155166715250282e-02 2.794860063101921588e-01 1.365976721744329714e-01 7.864520649986395107e-01 9.789287887845287139e-01 8.572076659467915416e-01 6.290428858710239712e-01 9.074617719409746597e-01 7.296142196208987851e-01 6.695402482377648123e-01
5.322459697038800508e-01 8.257502550275286346e-01 4.479454409894619848e-01 4.411513566815561393e-01 5.968791521751041218e-01 8.914956488895564579e-01 3.007967576345586536e-01 5.171692311277185095e-01 7.883805367513339046e-01 6.593880744465863142e-01 6.533288715401208702e-01 1.408498723129810726e-01 5.062521157900519153e-01 1.227259613749309697e-01 4.840597628980236600e-01 8.639129089701820252e-01 5.117933033002313170e-01 6.283129528830928567e-01 7.315645729985170709e-01 5.336594571098334239e-01 5.360458171084144796e-01 7.224651067394209925e-01 7.756099612288590572e-01 4.904450271715626863e-01 6.368155166715250282e-02 0.000000000000000000e+00 2.627777952554921082e-01 6.496861724588685050e-01 7.045269640706627312e-01 6.522899795464554007e-01 7.047958342909979024e-01 5.347210485817996961e-01 8.337458968033373274e-01 6.357549144454814893e-01 5.745413112038678660e-01
1.194582181489358685e-01 6.126300682343559512e-01 2.223054597338058880e-01 8.003381042341815022e-01 6.837915937532749178e-01 4.938296275405176794e-01 4.117024384971489925e-01 7.878330866961145151e-01 7.109394353612598083e-01 7.744603089050575706e-01 4.736479785812184318e-01 2.985621446351430786e-01 6.168691930475092011e-01 8.320313511364934023e-01 3.469362368549833153e-02 8.361732952602063396e-01 4.576455565899826272e-01 6.719520384619586117e-01 7.660507848817846854e-01 6.750799412109497188e-01 7.289786965123852269e-01 3.309076784173167196e-01 3.132203921503623478e-01 4.632769764944610902e-01 2.794860063101921588e-01 2.627777952554921082e-01 0.000000000000000000e+00 8.974856980174774623e-01 3.080709978538817007e-01 7.413058292356932144e-01 5.688324575174249498e-01 7.127927027762674950e-01 8.161339522319450701e-01 6.844897981444735269e-01 6.835396619626766812e-01
5.821519105564276764e-01 3.790099889338965355e-01 2.559467183396356704e-01 4.408779284477474802e-01 5.026004602368256968e-01 5.408897030813838436e-01 5.565127924079777966e-01 7.395331862709083603e-01 2.617442407542738270e-01 8.502912416996996070e-01 4.493134289815363114e-01 5.940410171378098791e-01 8.027684933329994887e-01 9.668520184555727814e-01 6.973253442643359001e-01 9.208018127420692922e-01 7.232464513577474552e-01 8.449852889320373928e-01 3.242455144508296083e-01 6.423794948888200684e-01 5.714547069195529128e-01 3.517375020037161182e-01 5.669633164720797591e-01 9.224347782515436300e-01 1.365976721744329714e-01 6.496861724588685050e-01 8.974856980174774623e-01 0.000000000000000000e+00 4.295423990759295041e-01 4.941508678073353034e-01 3.825283348928861793e-01 7.144185731081224011e-01 8.115851285681363603e-01 7.583222519410426354e-01 4.770168060825906164e-01
1.443151764270060311e-01 4.111209643287845328e-01 8.291070347894246018e-01 7.982039570735925960e-01 4.070702533763319586e-01 8.300922295290922293e-01 7.278634992993914254e-01 4.390023084394032438e-01 3.076469806323635092e-01 4.820198458303890932e-01 3.034264547962834957e-01 3.446153419571250653e-01 4.649028071791930783e-01 5.251915439904919491e-02 7.897213147889274865e-01 8.151467586552163525e-03 7.969007429814538579e-01 7.299137789620216976e-01 3.441640868644921802e-01 4.721832985664911608e-01 9.333994970261449975e-02 3.887608699334330065e-01 7.721980113993787143e-01 4.024812312731893549e-01 7.864520649986395107e-01 7.045269640706627312e-01 3.080709978538817007e-01 4.295423990759295041e-01 0.000000000000000000e+00 8.569242880726213318e-02 9.448870356600181930e-01 7.459005347900276028e-01 2.664284080808359545e-01 8.898617042748064865e-01 5.170360328864032073e-01
7.800354832477993661e-01 6.942529806371815493e-01 2.956975221947037991e-01 8.076087497988979624e-01 7.062492310430715792e-01 2.926799652692330111e-01 9.374448815690075154e-01 5.812562910895500146e-01 4.209363045630534206e-01 7.417211860147994162e-01 5.802962221238389118e-01 2.197259948391092621e-01 4.431871083863634375e-01 8.239322521738299265e-01 1.587164289762850178e-01 6.357590348995966201e-01 4.568394832651185844e-01 1.947723007885794333e-01 6.680059538117065765e-01 9.049496997378421170e-01 2.119708598161605950e-01 1.809782595955053974e-01 5.015698110324848802e-01 5.212436859197611128e-01 9.789287887845287139e-01 6.522899795464554007e-01 7.413058292356932144e-01 4.941508678073353034e-01 8.569242880726213318e-02 0.000000000000000000e+00 1.885200442949869215e-01 8.812373888962159452e-01 3.281658352179370741e-01 8.731904018678973145e-01 6.420006054900218029e-01
4.033330982832181166e-01 4.086237375326703947e-01 3.080475422914499273e-01 7.995330641650220116e-01 3.759709144836224648e-01 6.373583480699946957e-01 4.156058598949595173e-01 8.666593768048660440e-01 6.031951009566611788e-01 6.606014260890780143e-01 4.359383892034746633e-01 6.741740978412351648e-01 6.381069333230691143e-01 5.172553693714705414e-01 6.276219721889060299e-01 3.901245577473818060e-01 7.683487544048802631e-01 3.299866425908590806e-01 4.881313901002526379e-02 8.379236831625709314e-01 6.397382942942154704e-01 3.713919219710644093e-01 5.546142126433658559e-01 4.669054078409898279e-01 8.572076659467915416e-01 7.047958342909979024e-01 5.688324575174249498e-01 3.825283348928861793e-01 9.448870356600181930e-01 1.885200442949869215e-01 0.000000000000000000e+00 5.718398016052098631e-01 3.747352337088990515e-01 3.823476605299074849e-01 5.870176874092056796e-01
7.856569340938301949e-01 4.842430721225748358e-01 8.059143652867410967e-01 4.465862436884149855e-01 9.496203535088520997e-01 4.875264141319542999e-01 5.027084411521209883e-01 4.754427415704678417e-01 8.141165823188908357e-01 7.668810872789532107e-01 7.835186465752190799e-01 8.265356719654137763e-01 5.073465026842767234e-01 4.435801290492238369e-01 6.249663785403527516e-01 4.966752121812569865e-01 3.999412676572433600e-01 5.314035815115238925e-01 4.313877047944293386e-01 7.428505665164983895e-01 6.051452110922992400e-01 4.250296775124903226e-01 7.072544537238384388e-01 4.461696143801688885e-01 6.290428858710239712e-01 5.347210485817996961e-01 7.127927027762674950e-01 7.144185731081224011e-01 7.459005347900276028e-01 8.812373888962159452e-01 5.718398016052098631e-01 0.000000000000000000e+00 8.043512420852316769e-01 5.925623684026433136e-01 8.340862290306219062e-01
4.651253004085419973e-01 3.015966026193972471e-01 5.337081782075430159e-01 8.566594694383999897e-01 9.168209675617114973e-01 7.739799911028587553e-01 4.875805652815454749e-01 4.806668395691169882e-01 2.972553303398693947e-01 4.421276668808816201e-01 5.603757552531464237e-01 5.063130625330505286e-01 4.982127510246908142e-01 8.153269136535534756e-02 8.577181235260118441e-01 8.503643920906984732e-01 5.526416864879876156e-01 7.936978658761240091e-01 7.828784743143613056e-01 8.956022304591475525e-01 4.571433973626221059e-01 2.502939084638337031e-01 5.101595969582541912e-01 5.803396046803924735e-01 9.074617719409746597e-01 8.337458968033373274e-01 8.161339522319450701e-01 8.115851285681363603e-01 2.664284080808359545e-01 3.281658352179370741e-01 3.747352337088990515e-01 8.043512420852316769e-01 0.000000000000000000e+00 4.980010245955171500e-01 4.186792211268114405e-01
8.193688124905584846e-01 5.978534011035554485e-01 9.139480499471952513e-01 5.309486347526939376e-01 9.231832078355538540e-01 6.033983244615039876e-01 2.788646505015253130e-01 3.994509100896936893e-01 4.040927551391145789e-01 3.746877120223933710e-01 2.776194195505112816e-01 8.521890978504752523e-01 3.175762790868995600e-01 9.253506181242550088e-01 8.464614449022027642e-01 6.301709612146494388e-01 4.460927687342638448e-01 4.227305161288620883e-01 3.793020291131580790e-01 1.611349698235965411e-01 7.010727105104400669e-01 6.063406245378430981e-01 9.001271773207346616e-01 3.056146349402191209e-01 7.296142196208987851e-01 6.357549144454814893e-01 6.844897981444735269e-01 7.583222519410426354e-01 8.898617042748064865e-01 8.731904018678973145e-01 3.823476605299074849e-01 5.925623684026433136e-01 4.980010245955171500e-01 0.000000000000000000e+00 6.169351478088650476e-01
4.729412800039389242e-01 1.700969632258718667e-01 7.033600893573541679e-01 7.984435052381229081e-01 7.800066351368251105e-01 8.906950617443943896e-01 5.155949382203967035e-01 9.384992379972846299e-01 8.309418488892836852e-01 3.601043786470836672e-01 3.577672247050656673e-01 6.714749268655957337e-01 5.636627551992264840e-01 8.075432017129489104e-01 4.944979472814682864e-01 5.360382555053175846e-01 7.275403735202281563e-01 2.722791768439102311e-01 4.444712291226016188e-01 7.669837527348786210e-01 3.537884359918112009e-01 7.478963078160867362e-01 8.211413206443562984e-01 1.931074434704369569e-01 6.695402482377648123e-01 5.745413112038678660e-01 6.835396619626766812e-01 4.770168060825906164e-01 5.170360328864032073e-01 6.420006054900218029e-01 5.870176874092056796e-01 8.340862290306219062e-01 4.186792211268114405e-01 6.169351478088650476e-01 0.000000000000000000e+00
