0.000000000000000000e+00 4.377820696966960301e-01 7.679801803565542428e-01 1.880397056603974049e-01 6.020365573848750484e-01 6.034586603560364582e-01 7.169210252349302870e-01 4.884347302662840895e-01 1.257725719125930564e-01 5.814505538569422205e-01 3.438002538388865714e-01 1.140656942169446797e-01 2.229223733126832752e-01 5.634052028396598910e-01 3.879725589065355917e-01 3.439222651806013165e-01 4.981524864699984900e-01 1.289164569501618507e-01 7.028809659296720858e-01 6.435356453548356503e-01 5.277221496769575193e-01 5.788936306746395033e-01 1.857330993795733853e-01 8.142242514603437176e-02 7.923257786215234244e-01 7.188765526800962036e-01 4.367055551790349210e-01 5.903257738734948301e-01 4.380693861379945653e-01 5.533850802697497517e-01 4.732576430158342284e-01 4.937108598608086485e-01 7.010382206490626267e-01 5.019631835560625088e-01 6.845123900931333605e-01
4.377820696966960301e-01 0.000000000000000000e+00 4.500560416246633944e-01 6.015178046976692450e-01 4.384809196236990614e-01 1.953649927693252852e-01 5.246836431371739717e-01 4.732234921779868708e-01 5.151337140433687178e-01 5.334518149524762887e-01 6.733697460212542119e-01 4.805785776139984700e-01 6.027318635670980695e-01 5.421388046035158226e-02 5.440405897928229928e-01 4.211292492798642817e-01 5.190500171972178833e-01 4.911708415674405082e-01 4.703390587028882242e-01 8.427341243143851024e-01 6.890677256655397542e-01 4.102140708087903542e-01 2.600172362503468948e-01 6.234680453162539937e-01 8.441476814825050745e-01 6.060221317263112528e-01 7.766166936910283702e-01 8.920703857876025600e-01 5.302777432888485798e-01 4.895190408079987399e-01 2.908375440381538723e-01 8.121522311332097788e-01 4.560905095646571317e-01 4.430285039007360592e-01 3.154216568140583155e-01
7.679801803565542428e-01 4.500560416246633944e-01 0.000000000000000000e+00 6.100747455764216065e-01 7.239489563995722410e-01 2.094315416956967768e-01 5.235593856339590957e-01 8.845391139188691909e-01 7.972670089565544460e-01 8.775697149711392253e-01 3.156875502493021735e-01 1.427763939266286641e-01 8.376316131427896661e-01 7.346415588135359886e-01 5.650769698452922096e-01 4.673460427087030022e-01 2.249621677028513789e-01 7.374477274636208612e-01 2.927753339544247879e-01 8.224601385924626973e-01 5.795439456986204441e-01 8.438507922972680042e-01 5.486429239826650095e-01 5.040578229026901891e-01 8.459985960307264685e-01 5.180753955377181974e-01 4.529338429300173718e-01 1.979192618562026773e-01 7.635400536784944237e-01 4.374651883453040124e-01 8.067393916992826597e-02 4.582705890910407365e-01 5.827863767390745187e-01 6.908886412224293228e-01 4.104000825907231365e-01
1.880397056603974049e-01 6.015178046976692450e-01 6.100747455764216065e-01 0.000000000000000000e+00 5.775762795912116054e-01 6.504333755933844330e-01 2.894641225188723799e-01 4.245912164255568610e-01 2.451432491447638196e-01 5.988308592599218549e-01 2.308976851102710892e-01 8.827623389071305171e-01 4.493435171865124977e-01 8.816138443952257209e-01 5.390337129299737073e-01 6.024206946404460083e-01 1.405067798636580045e-01 3.071824909922290514e-01 4.555009942103286358e-01 1.867346737500001908e-01 7.871920575805009257e-01 6.327426936870487184e-01 5.233275021967886964e-01 1.994154246343995407e-01 4.005119727882549552e-01 4.868244761043602487e-01 4.430476030279630328e-01 8.053491874816209872e-01 4.977750742381585880e-01 9.310214649616426197e-01 6.230152759905079884e-01 5.042442400990931883e-01 7.023521892989739168e-01 6.491338400353580118e-01 8.294150541265570276e-01
6.020365573848750484e-01 4.384809196236990614e-01 7.239489563995722410e-01 5.775762795912116054e-01 0.000000000000000000e+00 7.528861112134646039e-01 7.705124650640174933e-01 8.095431745556316283e-01 8.029082190024019461e-01 7.056034745676462716e-01 8.392341293898721855e-01 6.784048486261710087e-01 5.380879603457662252e-01 8.217353373400954064e-01 5.932607690895292940e-01 5.191381678894386731e-01 8.314537374197619179e-01 6.901732546098839904e-01 5.163989464126328421e-01 7.893647688545636365e-01 4.879107391167841756e-01 8.844885548511165485e-01 8.675266868708566559e-01 2.092734538756039209e-01 7.103045633205842257e-01 6.882827142032712509e-01 5.885614572942516887e-01 3.070694091948638071e-01 4.305336838017381762e-01 2.177499683617228898e-01 7.703596173306584971e-01 4.451677181079798373e-01 4.905681351260631762e-01 1.133974858793036500e-01 5.882728678504824948e-01
6.034586603560364582e-01 1.953649927693252852e-01 2.094315416956967768e-01 6.504333755933844330e-01 7.528861112134646039e-01 0.000000000000000000e+00 7.128822113115973469e-01 8.109312446414691511e-01 5.603530255210210642e-01 4.964038507851700754e-01 7.249345630323329459e-01 3.781940135526803415e-01 2.803018244972975692e-01 3.760057137114755643e-01 5.346639931804413326e-01 5.192265495511689810e-01 7.969439745151720711e-01 5.344783205143907034e-01 2.444953009193973625e-01 8.602723395536360229e-02 5.907850628465051157e-01 4.790142466663785403e-01 6.529811366296268682e-01 5.613083052500063008e-01 3.347763253967851460e-01 9.517526421897082312e-02 4.958781646549718092e-01 7.182462961127522583e-01 6.596566182699518111e-01 8.321063171710210149e-01 5.720805430252950963e-02 6.822706130416852366e-01 6.918714100413920765e-01 9.413388188597249240e-01 6.286349074672767934e-01
7.169210252349302870e-01 5.246836431371739717e-01 5.235593856339590957e-01 2.894641225188723799e-01 7.705124650640174933e-01 7.128822113115973469e-01 0.000000000000000000e+00 7.695180577058362559e-01 4.579537898638215143e-01 7.361877666657192787e-01 5.708485916249635972e-01 5.112139018124046697e-01 5.363953892343168439e-01 4.456680612237951533e-01 7.672966965794756344e-01 5.656248648474266894e-01 5.465110242561664888e-01 7.040813246804134007e-01 1.287601194068341837e-01 2.393647821718446478e-01 7.782984037276847733e-01 5.911384300971334049e-01 5.586754089302798931e-01 3.989472639953879907e-01 4.041656558460545723e-01 5.834068365378162202e-01 6.495754119554262296e-01 4.866704896595563934e-01 9.177295409877138654e-01 9.392638522456608907e-01 1.155487284519240987e-01 5.049437126227038775e-01 7.885760310872431678e-01 8.652728496962205362e-01 8.103525194268200726e-01
4.884347302662840895e-01 4.732234921779868708e-01 8.845391139188691909e-01 4.245912164255568610e-01 8.095431745556316283e-01 8.109312446414691511e-01 7.695180577058362559e-01 0.000000000000000000e+00 6.991085782397756798e-01 8.645462860187280718e-01 7.902824501724587947e-01 6.126744396172160156e-01 5.827493955096798572e-01 4.923479075213010869e-01 4.291508476583487108e-01 4.301330357876083088e-01 4.245133361305488684e-01 7.784664479817217098e-01 8.685817579591161852e-01 6.998581157765493277e-01 3.727409198607712359e-01 8.184013235278229104e-01 3.740605284366049776e-01 2.596387086151927814e-01 9.327296277780139366e-01 9.231978938814281443e-01 4.675986503031141495e-01 6.861371987551005969e-01 4.849731645187910778e-01 2.395087406547999898e-01 3.518212979188705680e-01 5.353385554187317652e-02 3.595515391038976993e-01 7.755072106030638235e-01 5.605646122887211202e-01
1.257725719125930564e-01 5.151337140433687178e-01 7.972670089565544460e-01 2.451432491447638196e-01 8.029082190024019461e-01 5.603530255210210642e-01 4.579537898638215143e-01 6.991085782397756798e-01 0.000000000000000000e+00 7.865986785609486720e-01 3.866471857071835938e-01 9.236974767385689455e-01 3.466851855488848333e-01 6.650894167453067496e-01 9.061415787459428106e-01 1.798994496679156563e-01 3.828646635043121971e-01 1.441832423990974665e-01 8.510480940137311601e-01 5.268536632418515664e-01 4.582250939182153648e-01 1.034626410047829737e-01 5.485173743282598657e-01 3.371515308546420564e-01 5.283932506788175942e-01 4.548934283879014218e-01 4.693956413941401395e-01 7.062358479495371988e-01 6.573866362443350209e-01 3.188663059927295818e-01 4.426346832016195831e-01 8.152731281032017385e-01 5.951556458565827601e-01 5.630741501245095648e-01 7.597303886356530089e-01
5.814505538569422205e-01 5.334518149524762887e-01 8.775697149711392253e-01 5.988308592599218549e-01 7.056034745676462716e-01 4.964038507851700754e-01 7.361877666657192787e-01 8.645462860187280718e-01 7.865986785609486720e-01 0.000000000000000000e+00 5.894473329828432417e-01 8.295294780962216841e-01 1.215990951680032683e-01 3.501098421810195926e-01 5.130201145727344425e-01 4.459470695840340171e-01 4.972247738668997830e-01 5.044205477679875038e-01 3.313934894731661029e-01 8.648902331629395590e-01 6.568531494132907600e-01 1.682657271133852772e-01 4.922686385894750605e-01 3.129459514412513688e-01 6.488823587771505030e-01 5.783408258247905165e-01 2.011372857519521107e-01 3.330103942249929005e-01 5.097316987977609237e-01 8.563735927875236742e-01 7.018182281135065814e-01 6.918846900502588770e-01 8.154023605508899930e-01 4.910458553226353939e-01 2.221690647792217144e-01
3.438002538388865714e-01 6.733697460212542119e-01 3.156875502493021735e-01 2.308976851102710892e-01 8.392341293898721855e-01 7.249345630323329459e-01 5.708485916249635972e-01 7.902824501724587947e-01 3.866471857071835938e-01 5.894473329828432417e-01 0.000000000000000000e+00 6.302111906938459018e-01 2.736106057170768491e-01 6.433248599725411854e-01 1.514739585652655762e-01 9.770372959887851927e-02 3.394063501471443756e-01 6.145754810528135659e-01 7.222430618497741595e-01 6.813006856928582877e-01 8.048117578434679231e-01 5.184061531378975074e-01 6.098282134621206829e-01 4.353077329475867341e-01 4.843791934879259631e-01 7.984556872449749543e-01 4.064862389257150044e-01 6.880548914530555393e-01 9.010321848004780865e-01 9.439956872728151316e-01 5.041513145504603610e-01 3.946574938785147313e-01 8.281828262341098812e-01 1.736876813874447256e-01 8.133811777364962081e-01
1.140656942169446797e-01 4.805785776139984700e-01 1.427763939266286641e-01 8.827623389071305171e-01 6.784048486261710087e-01 3.781940135526803415e-01 5.112139018124046697e-01 6.126744396172160156e-01 9.236974767385689455e-01 8.295294780962216841e-01 6.302111906938459018e-01 0.000000000000000000e+00 5.882103326697705192e-01 6.914596627821242292e-01 1.243490888277563045e-01 4.924656422191830973e-01 4.902062810992550146e-01 9.227411106854825906e-01 3.995308596218944963e-01 6.314093269760817639e-01 8.595946170679663600e-01 9.124616760061802223e-01 8.221132101890002986e-01 4.566155456501863608e-01 7.868067223256446363e-01 7.479582965497544311e-01 8.053659238290080680e-01 7.102447414290733452e-01 8.774105113190632244e-01 1.417245778795833133e-01 8.253216926094792960e-01 5.496193506491613423e-01 5.653973173189055235e-01 3.136624845630747727e-01 8.290548400995716438e-01
2.229223733126832752e-01 6.027318635670980695e-01 8.376316131427896661e-01 4.493435171865124977e-01 5.380879603457662252e-01 2.803018244972975692e-01 5.363953892343168439e-01 5.827493955096798572e-01 3.466851855488848333e-01 1.215990951680032683e-01 2.736106057170768491e-01 5.882103326697705192e-01 0.000000000000000000e+00 2.425897759207942539e-01 7.830365074575079687e-01 8.455349715068262162e-01 8.123966037493499659e-01 4.708690294081331329e-01 4.875818190781349148e-01 8.999553933115487236e-01 7.601996140464895024e-02 6.679601339503451474e-01 5.727000723513335778e-01 4.853833428076714807e-01 8.298836416127264304e-01 1.791445753032613331e-01 4.518653902707716608e-01 8.812550757147022962e-01 1.851343462033273601e-01 8.895252404383395817e-01 3.895894807071003663e-01 7.153714286488135343e-01 8.373820454637972421e-01 3.793065921852581956e-01 4.516744001748749793e-01
5.634052028396598910e-01 5.421388046035158226e-02 7.346415588135359886e-01 8.816138443952257209e-01 8.217353373400954064e-01 3.760057137114755643e-01 4.456680612237951533e-01 4.923479075213010869e-01 6.650894167453067496e-01 3.501098421810195926e-01 6.433248599725411854e-01 6.914596627821242292e-01 2.425897759207942539e-01 0.000000000000000000e+00 2.167133482640031250e-01 4.524494294680039275e-01 2.659090287307248612e-01 4.359309524285057691e-01 4.369619683286252720e-01 9.322898817060731869e-01 5.658769207722227357e-01 7.111223540526906417e-01 3.842608135955916104e-01 1.006270188870663773e-01 7.673661004055010171e-01 5.240438939859510814e-01 7.085066923508198666e-01 8.031052481427065626e-01 5.428932491618588818e-01 8.319193818347032643e-01 5.219107662380606527e-01 6.739359103011055563e-01 2.507038171705117113e-01 1.178617412688029442e-01 6.354563358712264076e-01
3.879725589065355917e-01 5.440405897928229928e-01 5.650769698452922096e-01 5.390337129299737073e-01 5.932607690895292940e-01 5.346639931804413326e-01 7.672966965794756344e-01 4.291508476583487108e-01 9.061415787459428106e-01 5.130201145727344425e-01 1.514739585652655762e-01 1.243490888277563045e-01 7.830365074575079687e-01 2.167133482640031250e-01 0.000000000000000000e+00 7.575471398616089314e-01 3.447931472220407967e-01 4.136954572860692680e-01 1.592278564934912488e-01 8.236050867776236739e-01 3.330240434394617921e-01 5.963912183278792245e-01 5.924421777701648351e-01 6.954706778345456364e-01 6.456871317392659515e-01 4.514721878001841660e-01 5.291890326219932383e-01 6.489832251588845136e-01 4.306077867618229860e-01 9.736177744400067446e-01 5.484390671977570353e-01 4.806865006169074306e-01 2.032432397514993827e-01 9.481592756264427546e-01 6.804456815301831440e-01
3.439222651806013165e-01 4.211292492798642817e-01 4.673460427087030022e-01 6.024206946404460083e-01 5.191381678894386731e-01 5.192265495511689810e-01 5.656248648474266894e-01 4.301330357876083088e-01 1.798994496679156563e-01 4.459470695840340171e-01 9.770372959887851927e-02 4.924656422191830973e-01 8.455349715068262162e-01 4.524494294680039275e-01 7.575471398616089314e-01 0.000000000000000000e+00 4.896218665871477915e-01 7.444942352819696740e-01 8.753229967377242904e-01 4.877695904358845813e-01 6.792221948531527165e-01 5.877403640661575945e-01 8.736495205965040256e-01 8.279472532530345319e-01 8.356584155636468392e-01 7.874461126046701231e-01 2.495366497449685861e-01 6.875390354239147017e-01 4.367831419467965715e-01 5.382756022874424229e-01 7.672100764423881447e-01 4.815847451898539466e-01 4.207045507084215541e-01 3.292752510437987334e-01 3.269815532636859423e-01
4.981524864699984900e-01 5.190500171972178833e-01 2.249621677028513789e-01 1.405067798636580045e-01 8.314537374197619179e-01 7.969439745151720711e-01 5.465110242561664888e-01 4.245133361305488684e-01 3.828646635043121971e-01 4.972247738668997830e-01 3.394063501471443756e-01 4.902062810992550146e-01 8.123966037493499659e-01 2.659090287307248612e-01 3.447931472220407967e-01 4.896218665871477915e-01 0.000000000000000000e+00 4.972802540302914132e-01 5.268472565270156949e-01 8.094590060763250383e-01 9.032299910395913400e-01 7.382920701759174698e-01 8.580204760733600722e-01 5.832244904482642989e-01 2.030569744263410747e-01 4.089104379152663227e-01 7.773840912965263028e-01 7.907032404020077898e-01 4.262070384061574790e-01 7.657892585823171672e-01 8.282475781479193833e-01 8.508579808148029056e-01 9.434942518139555201e-01 5.055349380629632350e-01 4.393067278136896237e-01
1.289164569501618507e-01 4.911708415674405082e-01 7.374477274636208612e-01 3.071824909922290514e-01 6.901732546098839904e-01 5.344783205143907034e-01 7.040813246804134007e-01 7.784664479817217098e-01 1.441832423990974665e-01 5.044205477679875038e-01 6.145754810528135659e-01 9.227411106854825906e-01 4.708690294081331329e-01 4.359309524285057691e-01 4.136954572860692680e-01 7.444942352819696740e-01 4.972802540302914132e-01 0.000000000000000000e+00 5.894073352979130043e-01 4.523988157379580932e-01 7.370854737440701854e-01 4.098515961450991396e-01 6.341764712756389200e-01 7.975787800026881147e-01 9.578849631822160537e-01 2.117869699864810551e-01 8.543144542727079127e-01 4.212958834749214176e-01 3.542791590112603362e-01 1.447948052307483913e-01 1.372338927059645330e-01 8.082837116998822236e-01 4.719107907536278512e-01 6.990777518435458138e-01 9.027604014873047422e-01
7.028809659296720858e-01 4.703390587028882242e-01 2.927753339544247879e-01 4.555009942103286358e-01 5.163989464126328421e-01 2.444953009193973625e-01 1.287601194068341837e-01 8.685817579591161852e-01 8.510480940137311601e-01 3.313934894731661029e-01 7.222430618497741595e-01 3.995308596218944963e-01 4.875818190781349148e-01 4.369619683286252720e-01 1.592278564934912488e-01 8.753229967377242904e-01 5.268472565270156949e-01 5.894073352979130043e-01 0.000000000000000000e+00 5.916020462872413344e-01 4.812175538259565455e-01 5.389549392865489175e-02 7.498886811892988558e-01 8.038901937967399824e-01 7.739492771810676519e-01 6.583552835279296023e-01 9.103781548713894001e-01 7.561338258641461252e-01 7.033471757116653844e-01 8.254918940550570738e-01 4.532680536324904530e-01 1.386630725667366004e-01 5.410219811274843416e-01 7.625236224735152391e-01 4.639087310513229090e-01
6.435356453548356503e-01 8.427341243143851024e-01 8.224601385924626973e-01 1.867346737500001908e-01 7.893647688545636365e-01 8.602723395536360229e-02 2.393647821718446478e-01 6.998581157765493277e-01 5.268536632418515664e-01 8.648902331629395590e-01 6.813006856928582877e-01 6.314093269760817639e-01 8.999553933115487236e-01 9.322898817060731869e-01 8.236050867776236739e-01 4.877695904358845813e-01 8.094590060763250383e-01 4.523988157379580932e-01 5.916020462872413344e-01 0.000000000000000000e+00 7.667782561640246186e-01 5.937125443050065288e-01 7.973937649378828318e-01 6.334411312784482551e-01 6.191388363813905560e-01 6.589162950383231632e-01 5.641333229897016466e-01 2.027036650595439304e-01 4.520329726412846139e-01 8.159425465950678191e-01 4.564312161043068694e-01 7.692430062520493328e-01 6.406705350662833531e-02 8.096617859833019626e-01 8.315147616588250967e-01
5.277221496769575193e-01 6.890677256655397542e-01 5.795439456986204441e-01 7.871920575805009257e-01 4.879107391167841756e-01 5.907850628465051157e-01 7.782984037276847733e-01 3.727409198607712359e-01 4.582250939182153648e-01 6.568531494132907600e-01 8.048117578434679231e-01 8.595946170679663600e-01 7.601996140464895024e-02 5.658769207722227357e-01 3.330240434394617921e-01 6.792221948531527165e-01 9.032299910395913400e-01 7.370854737440701854e-01 4.812175538259565455e-01 7.667782561640246186e-01 0.000000000000000000e+00 5.776180155369670111e-01 5.048898242697991146e-01 5.029391896091628400e-01 5.949952558150740645e-01 4.114735265408371312e-01 7.944668752250820809e-01 1.846685913752913466e-01 6.077437447492347600e-01 2.649712472516987383e-01 3.107446863647251867e-01 6.175247737657022506e-01 7.416731520811868927e-01 3.456199468939074038e-01 5.898939797448712330e-01
5.788936306746395033e-01 4.102140708087903542e-01 8.438507922972680042e-01 6.327426936870487184e-01 8.844885548511165485e-01 4.790142466663785403e-01 5.911384300971334049e-01 8.184013235278229104e-01 1.034626410047829737e-01 1.682657271133852772e-01 5.184061531378975074e-01 9.124616760061802223e-01 6.679601339503451474e-01 7.111223540526906417e-01 5.963912183278792245e-01 5.877403640661575945e-01 7.382920701759174698e-01 4.098515961450991396e-01 5.389549392865489175e-02 5.937125443050065288e-01 5.776180155369670111e-01 0.000000000000000000e+00 4.792870763914552912e-01 7.183464589040616799e-01 3.782609336928168808e-01 5.632054132431285609e-01 1.351377249127997393e-01 1.121458276582327773e-01 7.351934894022453815e-01 1.032130342016815971e-01 4.605791333208128502e-01 3.015438194861216337e-01 5.013181357794527226e-01 6.384464632403954454e-01 5.246287467224821643e-01
1.857330993795733853e-01 2.600172362503468948e-01 5.486429239826650095e-01 5.233275021967886964e-01 8.675266868708566559e-01 6.529811366296268682e-01 5.586754089302798931e-01 3.740605284366049776e-01 5.485173743282598657e-01 4.922686385894750605e-01 6.098282134621206829e-01 8.221132101890002986e-01 5.727000723513335778e-01 3.842608135955916104e-01 5.924421777701648351e-01 8.736495205965040256e-01 8.580204760733600722e-01 6.341764712756389200e-01 7.498886811892988558e-01 7.973937649378828318e-01 5.048898242697991146e-01 4.792870763914552912e-01 0.000000000000000000e+00 5.862118533832820777e-01 4.534095918611683596e-01 2.517201951365412027e-01 7.241063932879958642e-01 4.021762790880982208e-01 6.337645740527053650e-01 8.792540218243285466e-01 8.732840778731134623e-01 5.230945540047746700e-01 3.480808755286168288e-01 6.283064084138507699e-01 3.109388583183035903e-01
8.142242514603437176e-02 6.234680453162539937e-01 5.040578229026901891e-01 1.994154246343995407e-01 2.092734538756039209e-01 5.613083052500063008e-01 3.989472639953879907e-01 2.596387086151927814e-01 3.371515308546420564e-01 3.129459514412513688e-01 4.353077329475867341e-01 4.566155456501863608e-01 4.853833428076714807e-01 1.006270188870663773e-01 6.954706778345456364e-01 8.279472532530345319e-01 5.832244904482642989e-01 7.975787800026881147e-01 8.038901937967399824e-01 6.334411312784482551e-01 5.029391896091628400e-01 7.183464589040616799e-01 5.862118533832820777e-01 0.000000000000000000e+00 7.002257582923234747e-01 5.465589362414376984e-01 7.897445271962610924e-01 3.197381457031335250e-01 7.879220821758861071e-01 7.337136085857310919e-01 5.104788168248119984e-01 8.036793367984205183e-01 8.054193869753683011e-01 6.488207564433756680e-01 4.974191490047539244e-01
7.923257786215234244e-01 8.441476814825050745e-01 8.459985960307264685e-01 4.005119727882549552e-01 7.103045633205842257e-01 3.347763253967851460e-01 4.041656558460545723e-01 9.327296277780139366e-01 5.283932506788175942e-01 6.488823587771505030e-01 4.843791934879259631e-01 7.868067223256446363e-01 8.298836416127264304e-01 7.673661004055010171e-01 6.456871317392659515e-01 8.356584155636468392e-01 2.030569744263410747e-01 9.578849631822160537e-01 7.739492771810676519e-01 6.191388363813905560e-01 5.949952558150740645e-01 3.782609336928168808e-01 4.534095918611683596e-01 7.002257582923234747e-01 0.000000000000000000e+00 1.005113807697877171e-01 4.693145896775098302e-01 5.009132819773667311e-01 8.587392604935737417e-01 6.997799638550736834e-01 6.550487459531223466e-01 2.611002244293492147e-01 7.829383208811702133e-01 4.173041655672916628e-01 4.299934730298153873e-01
7.188765526800962036e-01 6.060221317263112528e-01 5.180753955377181974e-01 4.868244761043602487e-01 6.882827142032712509e-01 9.517526421897082312e-02 5.834068365378162202e-01 9.231978938814281443e-01 4.548934283879014218e-01 5.783408258247905165e-01 7.984556872449749543e-01 7.479582965497544311e-01 1.791445753032613331e-01 5.240438939859510814e-01 4.514721878001841660e-01 7.874461126046701231e-01 4.089104379152663227e-01 2.117869699864810551e-01 6.583552835279296023e-01 6.589162950383231632e-01 4.114735265408371312e-01 5.632054132431285609e-01 2.517201951365412027e-01 5.465589362414376984e-01 1.005113807697877171e-01 0.000000000000000000e+00 5.917691372595408339e-01 4.967966494540262956e-01 8.559194467947399687e-01 6.415364854446095055e-01 4.752892411056797162e-02 7.546601292936951921e-01 7.834686893449580580e-01 7.592745384059493841e-01 9.807855239092737598e-01
4.367055551790349210e-01 7.766166936910283702e-01 4.529338429300173718e-01 4.430476030279630328e-01 5.885614572942516887e-01 4.958781646549718092e-01 6.495754119554262296e-01 4.675986503031141495e-01 4.693956413941401395e-01 2.011372857519521107e-01 4.064862389257150044e-01 8.053659238290080680e-01 4.518653902707716608e-01 7.085066923508198666e-01 5.291890326219932383e-01 2.495366497449685861e-01 7.773840912965263028e-01 8.543144542727079127e-01 9.103781548713894001e-01 5.641333229897016466e-01 7.944668752250820809e-01 1.351377249127997393e-01 7.241063932879958642e-01 7.897445271962610924e-01 4.693145896775098302e-01 5.917691372595408339e-01 0.000000000000000000e+00 2.160099907474728465e-01 8.550046125597074997e-01 8.362035498994657701e-01 4.878426230405354946e-01 7.007766747881716274e-01 1.801746342052292782e-01 3.265372715462769304e-01 4.772666813584596768e-01
5.903257738734948301e-01 8.920703857876025600e-01 1.979192618562026773e-01 8.053491874816209872e-01 3.070694091948638071e-01 7.182462961127522583e-01 4.866704896595563934e-01 6.861371987551005969e-01 7.062358479495371988e-01 3.330103942249929005e-01 6.880548914530555393e-01 7.102447414290733452e-01 8.812550757147022962e-01 8.031052481427065626e-01 6.489832251588845136e-01 6.875390354239147017e-01 7.907032404020077898e-01 4.212958834749214176e-01 7.561338258641461252e-01 2.027036650595439304e-01 1.846685913752913466e-01 1.121458276582327773e-01 4.021762790880982208e-01 3.197381457031335250e-01 5.009132819773667311e-01 4.967966494540262956e-01 2.160099907474728465e-01 0.000000000000000000e+00 7.990815091961792627e-01 3.986358793922923915e-01 5.051269646849674277e-01 4.612650594115869085e-01 4.906518858028672270e-01 4.912299145823341151e-01 5.321300404390926220e-01
4.380693861379945653e-01 5.302777432888485798e-01 7.635400536784944237e-01 4.977750742381585880e-01 4.305336838017381762e-01 6.596566182699518111e-01 9.177295409877138654e-01 4.849731645187910778e-01 6.573866362443350209e-01 5.097316987977609237e-01 9.010321848004780865e-01 8.774105113190632244e-01 1.851343462033273601e-01 5.428932491618588818e-01 4.306077867618229860e-01 4.367831419467965715e-01 4.262070384061574790e-01 3.542791590112603362e-01 7.033471757116653844e-01 4.520329726412846139e-01 6.077437447492347600e-01 7.351934894022453815e-01 6.337645740527053650e-01 7.879220821758861071e-01 8.587392604935737417e-01 8.559194467947399687e-01 8.550046125597074997e-01 7.990815091961792627e-01 0.000000000000000000e+00 8.006140143768585293e-01 4.992087261609111093e-01 7.465744492208645777e-01 4.484246230387053944e-01 3.067990820260984020e-01 6.258656204270602874e-01
5.533850802697497517e-01 4.895190408079987399e-01 4.374651883453040124e-01 9.310214649616426197e-01 2.177499683617228898e-01 8.321063171710210149e-01 9.392638522456608907e-01 2.395087406547999898e-01 3.188663059927295818e-01 8.563735927875236742e-01 9.439956872728151316e-01 1.417245778795833133e-01 8.895252404383395817e-01 8.319193818347032643e-01 9.736177744400067446e-01 5.382756022874424229e-01 7.657892585823171672e-01 1.447948052307483913e-01 8.254918940550570738e-01 8.159425465950678191e-01 2.649712472516987383e-01 1.032130342016815971e-01 8.792540218243285466e-01 7.337136085857310919e-01 6.997799638550736834e-01 6.415364854446095055e-01 8.362035498994657701e-01 3.986358793922923915e-01 8.006140143768585293e-01 0.000000000000000000e+00 8.487950742283716377e-01 5.207817994784263993e-01 8.074198903054488063e-01 4.039098055705301893e-01 2.201694791346788249e-01
4.732576430158342284e-01 2.908375440381538723e-01 8.067393916992826597e-02 6.230152759905079884e-01 7.703596173306584971e-01 5.720805430252950963e-02 1.155487284519240987e-01 3.518212979188705680e-01 4.426346832016195831e-01 7.018182281135065814e-01 5.041513145504603610e-01 8.253216926094792960e-01 3.895894807071003663e-01 5.219107662380606527e-01 5.484390671977570353e-01 7.672100764423881447e-01 8.282475781479193833e-01 1.372338927059645330e-01 4.532680536324904530e-01 4.564312161043068694e-01 3.107446863647251867e-01 4.605791333208128502e-01 8.732840778731134623e-01 5.104788168248119984e-01 6.550487459531223466e-01 4.752892411056797162e-02 4.878426230405354946e-01 5.051269646849674277e-01 4.992087261609111093e-01 8.487950742283716377e-01 0.000000000000000000e+00 8.294913704697717272e-01 2.225428207839035277e-01 3.090319440987975286e-01 9.013071856447782970e-01
4.937108598608086485e-01 8.121522311332097788e-01 4.582705890910407365e-01 5.042442400990931883e-01 4.451677181079798373e-01 6.822706130416852366e-01 5.049437126227038775e-01 5.353385554187317652e-02 8.152731281032017385e-01 6.918846900502588770e-01 3.946574938785147313e-01 5.496193506491613423e-01 7.153714286488135343e-01 6.739359103011055563e-01 4.806865006169074306e-01 4.815847451898539466e-01 8.508579808148029056e-01 8.082837116998822236e-01 1.386630725667366004e-01 7.692430062520493328e-01 6.175247737657022506e-01 3.015438194861216337e-01 5.230945540047746700e-01 8.036793367984205183e-01 2.611002244293492147e-01 7.546601292936951921e-01 7.007766747881716274e-01 4.612650594115869085e-01 7.465744492208645777e-01 5.207817994784263993e-01 8.294913704697717272e-01 0.000000000000000000e+00 5.930973757205098007e-01 8.501601451160921696e-01 8.928818349857690073e-01
7.010382206490626267e-01 4.560905095646571317e-01 5.827863767390745187e-01 7.023521892989739168e-01 4.905681351260631762e-01 6.918714100413920765e-01 7.885760310872431678e-01 3.595515391038976993e-01 5.951556458565827601e-01 8.154023605508899930e-01 8.281828262341098812e-01 5.653973173189055235e-01 8.373820454637972421e-01 2.507038171705117113e-01 2.032432397514993827e-01 4.207045507084215541e-01 9.434942518139555201e-01 4.719107907536278512e-01 5.410219811274843416e-01 6.406705350662833531e-02 7.416731520811868927e-01 5.013181357794527226e-01 3.480808755286168288e-01 8.054193869753683011e-01 7.829383208811702133e-01 7.834686893449580580e-01 1.801746342052292782e-01 4.906518858028672270e-01 4.484246230387053944e-01 8.074198903054488063e-01 2.225428207839035277e-01 5.930973757205098007e-01 0.000000000000000000e+00 7.651294034924511767e-01 2.800604479613359454e-01
5.019631835560625088e-01 4.430285039007360592e-01 6.908886412224293228e-01 6.491338400353580118e-01 1.133974858793036500e-01 9.413388188597249240e-01 8.652728496962205362e-01 7.755072106030638235e-01 5.630741501245095648e-01 4.910458553226353939e-01 1.736876813874447256e-01 3.136624845630747727e-01 3.793065921852581956e-01 1.178617412688029442e-01 9.481592756264427546e-01 3.292752510437987334e-01 5.055349380629632350e-01 6.990777518435458138e-01 7.625236224735152391e-01 8.096617859833019626e-01 3.456199468939074038e-01 6.384464632403954454e-01 6.283064084138507699e-01 6.488207564433756680e-01 4.173041655672916628e-01 7.592745384059493841e-01 3.265372715462769304e-01 4.912299145823341151e-01 3.067990820260984020e-01 4.039098055705301893e-01 3.090319440987975286e-01 8.501601451160921696e-01 7.651294034924511767e-01 0.000000000000000000e+00 4.825010910217791826e-01
6.845123900931333605e-01 3.154216568140583155e-01 4.104000825907231365e-01 8.294150541265570276e-01 5.882728678504824948e-01 6.286349074672767934e-01 8.103525194268200726e-01 5.605646122887211202e-01 7.597303886356530089e-01 2.221690647792217144e-01 8.133811777364962081e-01 8.290548400995716438e-01 4.516744001748749793e-01 6.354563358712264076e-01 6.804456815301831440e-01 3.269815532636859423e-01 4.393067278136896237e-01 9.027604014873047422e-01 4.639087310513229090e-01 8.315147616588250967e-01 5.898939797448712330e-01 5.246287467224821643e-01 3.109388583183035903e-01 4.974191490047539244e-01 4.299934730298153873e-01 9.807855239092737598e-01 4.772666813584596768e-01 5.321300404390926220e-01 6.258656204270602874e-01 2.201694791346788249e-01 9.013071856447782970e-01 8.928818349857690073e-01 2.800604479613359454e-01 4.825010910217791826e-01 0.000000000000000000e+00
