0.000000000000000000e+00 1.113743901440801265e-01 4.895199426083495786e-01 5.927754229264838859e-01 6.697572845608541492e-01 2.079615769634183264e-01 6.897647304643206301e-01 4.213882312176249201e-01 4.494599814294650275e-01 2.882757428538618161e-01 7.173656838749771225e-01 1.785922745620321384e-01 6.987813886448173140e-01 6.269452705795238723e-01 4.730269547543184405e-01 8.702971402504182663e-01 7.510477425253339057e-01 8.807111305090998821e-01 5.863149590985382575e-01 1.872898976430747986e-01 8.013566365400232039e-01 3.200433999913961935e-01 8.995771019561383808e-01 3.937727715972439979e-01 6.348681847211071760e-01 5.329521948434191581e-01 5.119739154275299020e-01 3.356199628362421805e-01 3.582846070931512417e-01 4.630963176261360670e-01 4.375055028505817067e-01 7.161500944771137522e-01 3.863009386083056107e-01 7.147556037097548831e-01 1.825130114019580807e-01
1.113743901440801265e-01 0.000000000000000000e+00 8.494420599839778152e-01 6.220762200666647423e-01 6.459991722708924300e-01 2.137556629576052858e-01 5.488526100605906066e-02 3.862014479911328180e-01 7.363799662480732255e-01 7.970259493420978059e-01 8.668043305665793508e-01 2.803393236703953795e-01 8.119644909501786412e-01 7.151318680112799253e-01 8.934781971845267012e-01 6.690808226284694626e-01 1.677761020377035450e-01 4.425058863641551654e-01 3.837431503631882901e-02 3.793814999264197851e-01 4.530213553760884526e-01 5.565561863864421088e-01 2.793506972565193980e-01 7.271334384097238868e-01 8.129675009753971615e-01 3.437143291137451095e-01 6.479224974110397994e-01 8.056025909120829720e-01 5.459471567934433001e-01 6.564317496396725460e-01 6.680554816271629948e-01 7.634693388124037527e-01 4.594536728393140423e-01 2.885750664760251549e-01 5.582762710509574511e-01
4.895199426083495786e-01 8.494420599839778152e-01 0.000000000000000000e+00 5.268702279726726889e-01 4.936712305976125870e-01 3.283530510120185042e-01 4.761981696904244998e-01 2.503736711439377149e-01 1.738919791168453965e-01 2.653556061697380231e-01 1.381770695034185703e-01 3.319267047350258348e-01 5.204296276599094107e-01 6.554391482185004669e-01 4.797997008681696984e-01 7.504861263287374573e-01 6.659172123294039292e-01 3.064567096555288472e-01 5.008837773198930865e-01 5.159717855722476543e-01 6.055994292561084347e-01 6.459564608666225061e-01 1.033304875430490766e-01 2.859461138061926144e-01 3.722164546947138719e-01 3.297762290270480623e-01 1.446468221110075447e-02 3.444174959477223075e-01 5.464947197846581339e-01 3.972066526067828951e-01 4.316521824710256583e-02 5.459228172597448969e-01 2.410034434336948417e-01 2.586313956807738679e-01 2.660674153420802268e-01
5.927754229264838859e-01 6.220762200666647423e-01 5.268702279726726889e-01 0.000000000000000000e+00 4.806709254004045140e-01 5.123502770989414312e-01 8.906338378355872498e-01 6.649547073648300888e-01 5.483271426209264110e-01 2.298712360638087704e-01 7.957652562746397873e-01 4.123438793362889654e-01 7.338885424667456192e-01 1.286823725447937550e-01 4.391840826853047886e-01 5.288479908868626289e-01 4.235199649189240745e-01 5.410219097652408937e-01 2.706347940242309624e-01 7.394779442913581580e-01 4.651585476408506281e-01 5.062350925460001871e-02 5.389796918232732104e-01 7.840591171951802885e-01 7.400347767533360654e-01 7.040460688810077361e-01 8.260447915335880076e-01 2.317753333039378472e-01 4.612425368377232604e-01 3.329266820711254127e-01 7.693194257928548385e-01 8.538035570434912014e-01 6.016514304568902904e-01 4.554697884608908676e-01 4.519259356434863761e-01
6.697572845608541492e-01 6.459991722708924300e-01 4.936712305976125870e-01 4.806709254004045140e-01 0.000000000000000000e+00 8.128064900564235806e-02 4.552500026805149647e-01 4.950145459614342380e-01 5.178834217851864263e-01 5.737844576470731983e-01 4.861065596681210521e-01 5.032172257449932795e-01 4.225430301679787282e-01 5.452888012807459717e-01 8.817297055252698579e-01 8.049358167547455700e-01 2.359517955434391467e-01 4.969731634679151466e-01 5.596804739845349097e-01 3.311408030983039041e-01 4.800219539183793738e-01 6.496129394994617501e-01 5.455997364856962628e-01 1.107409364303770793e-01 4.634443683651688350e-01 8.687563214135622935e-01 4.706304911319664219e-01 3.159287674835051241e-01 4.330620079625500107e-01 5.633111793555632962e-01 4.317638874435834051e-01 5.011027879253363571e-01 5.553274546807903667e-01 5.922710247745568424e-01 1.588268417905909224e-01
2.079615769634183264e-01 2.137556629576052858e-01 3.283530510120185042e-01 5.123502770989414312e-01 8.128064900564235806e-02 0.000000000000000000e+00 4.815837716233098975e-01 8.589108448875681923e-02 3.292440889673445281e-01 8.158335118720896340e-01 1.925388318190063286e-01 6.327189665530624785e-01 8.977324251966125601e-01 6.423569816897733986e-01 2.467219382629746161e-01 2.898325773012813134e-01 4.326332649707509970e-01 3.393092595718882887e-01 6.402879808867625311e-01 3.466634490710782113e-01 4.182309192629669048e-01 7.510213360357407275e-01 4.700230354509699060e-01 1.751224837586902172e-01 1.946693082963959487e-01 1.992236198363349642e-01 8.087367706415451440e-01 5.283190341684265157e-01 7.598717477679854948e-01 7.816894610253783959e-01 4.698970718936847923e-01 2.653718757646627013e-01 4.428417562950506259e-01 6.292663808094245415e-01 4.420913334710354081e-01
6.897647304643206301e-01 5.488526100605906066e-02 4.761981696904244998e-01 8.906338378355872498e-01 4.552500026805149647e-01 4.815837716233098975e-01 0.000000000000000000e+00 4.008021824421724721e-01 8.237989332144775023e-01 4.582107776962950907e-01 1.833256108091927405e-01 1.320577872800581254e-01 1.587422111711314088e-01 4.365680207191035000e-01 4.903117576292492785e-01 7.747325706966026182e-01 5.329923779398724193e-01 4.159660702423095269e-01 5.917838025273776115e-01 6.760042743902017204e-01 2.259146253362503964e-01 2.449530896075677866e-01 6.562429899293247271e-01 7.125910014242583523e-01 5.695260952583649505e-01 1.555821210097279028e-01 6.956635770285563014e-01 4.373119691375202400e-01 6.225195530120315457e-01 4.249500858517980539e-01 4.363687386026958159e-01 2.460302862493331244e-01 9.029342621618368092e-01 4.297398177469408109e-01 7.926485430005634214e-01
4.213882312176249201e-01 3.862014479911328180e-01 2.503736711439377149e-01 6.649547073648300888e-01 4.950145459614342380e-01 8.589108448875681923e-02 4.008021824421724721e-01 0.000000000000000000e+00 4.609842340870664579e-01 1.724632561066744008e-01 5.114529476890685711e-01 4.202596484812761157e-01 4.852579705004902988e-01 7.939522326625165771e-01 3.719805213278493117e-02 5.361260716345221944e-01 2.421910056982718995e-01 6.188436727916616364e-01 5.712726238725233108e-01 4.055322753061951224e-01 7.913671423048208586e-01 6.240930637893128408e-01 6.211292792039384558e-01 6.944596920976685572e-01 3.747956002665012720e-01 7.433639981071591407e-01 7.211984557069952562e-01 2.655960786253452333e-01 5.527727216820286227e-01 4.797141251042584820e-01 1.984159133121775609e-01 4.519484955174377649e-01 5.422737441934959435e-01 2.237615788128253791e-01 8.554115445228327452e-01
4.494599814294650275e-01 7.363799662480732255e-01 1.738919791168453965e-01 5.483271426209264110e-01 5.178834217851864263e-01 3.292440889673445281e-01 8.237989332144775023e-01 4.609842340870664579e-01 0.000000000000000000e+00 3.947907848899233074e-01 4.922733521996400241e-01 6.156754130580610607e-02 1.816857173598234176e-01 6.925834411908409205e-01 3.031534201712392518e-01 1.815476933926080116e-01 6.539645516820251636e-01 5.235214734968276495e-01 5.542160357177301488e-01 8.224276170712794265e-01 4.165847005877041376e-01 1.101970292985675615e-01 2.927502384732417196e-01 3.510690780824714530e-01 3.875752574020577823e-01 7.310913119395856530e-01 8.844167952971362379e-01 1.034596138247010355e-01 6.673064340113399329e-01 4.925782012225026207e-01 2.538746458394455230e-01 3.751596341841162419e-01 9.286440071434478583e-01 6.934480484789612431e-01 4.107994949927326056e-01
2.882757428538618161e-01 7.970259493420978059e-01 2.653556061697380231e-01 2.298712360638087704e-01 5.737844576470731983e-01 8.158335118720896340e-01 4.582107776962950907e-01 1.724632561066744008e-01 3.947907848899233074e-01 0.000000000000000000e+00 6.382254097811438376e-01 5.828964132039563539e-01 6.549179054339588912e-01 5.309004968924389001e-01 7.997001452030587654e-01 8.056203121745413309e-01 6.784796776304170551e-01 5.217834598072141894e-01 3.461828316619584012e-01 2.308557666817404597e-01 4.269926017907054727e-01 2.708583023646844445e-01 1.219769933769901948e-01 4.981843394606548792e-01 6.445458658259771711e-01 4.940840252910154717e-01 7.397342779693834025e-01 3.850829876870566215e-01 2.499697284235753714e-01 1.234357023213066284e-01 6.707954703578631328e-01 2.853408742657440600e-01 2.070818589606506777e-01 4.113599390808684308e-01 6.060604177296953221e-01
7.173656838749771225e-01 8.668043305665793508e-01 1.381770695034185703e-01 7.957652562746397873e-01 4.861065596681210521e-01 1.925388318190063286e-01 1.833256108091927405e-01 5.114529476890685711e-01 4.922733521996400241e-01 6.382254097811438376e-01 0.000000000000000000e+00 7.549385110457993431e-01 6.629028449842384596e-01 5.401208898695690763e-01 4.193439947231208942e-01 7.794434182222643726e-01 4.197622312490335572e-01 3.260228035802175128e-01 6.709426160454179389e-01 3.624531906765347533e-01 4.402403443478901113e-01 2.872394048957238599e-02 2.429919921335075284e-01 8.796031434451528908e-01 2.789022017321333147e-01 4.256504225733518387e-01 2.057833025018004358e-01 6.501373133380445868e-01 8.324826535709703990e-01 3.844640893696343875e-01 3.733513549439640977e-01 9.165086988606891971e-01 9.010233139179362194e-01 3.423519483251002971e-01 3.968224208986592116e-01
1.785922745620321384e-01 2.803393236703953795e-01 3.319267047350258348e-01 4.123438793362889654e-01 5.032172257449932795e-01 6.327189665530624785e-01 1.320577872800581254e-01 4.202596484812761157e-01 6.156754130580610607e-02 5.828964132039563539e-01 7.549385110457993431e-01 0.000000000000000000e+00 1.276160062843066934e-01 5.273361082485896745e-01 7.571624726114881687e-01 6.824065171579098976e-01 4.274993708953122029e-01 9.691488230954174998e-01 7.034969980635683573e-01 3.847838185909757680e-01 5.520528315467998492e-02 7.475973129064067413e-01 5.838425388658095017e-01 7.921013496449949010e-01 8.753186471508193067e-01 3.057968734242873521e-01 7.018890464805034313e-01 4.148771517536353759e-01 3.068193157934920867e-01 6.899648551100927563e-01 5.588288321884902210e-01 8.679846223185223586e-01 8.241674881744894821e-01 8.591014875580769150e-01 3.895505766178321005e-01
6.987813886448173140e-01 8.119644909501786412e-01 5.204296276599094107e-01 7.338885424667456192e-01 4.225430301679787282e-01 8.977324251966125601e-01 1.587422111711314088e-01 4.852579705004902988e-01 1.816857173598234176e-01 6.549179054339588912e-01 6.629028449842384596e-01 1.276160062843066934e-01 0.000000000000000000e+00 3.894055308851589459e-01 6.975799000978757380e-01 5.496097829734871709e-01 6.562917442918744237e-01 5.625171728796269921e-01 2.437380847418611496e-01 1.978874478655907598e-01 7.983665264531125683e-01 4.091415598156287192e-01 9.568661493194311474e-01 7.548905682076393342e-01 6.383502333167270226e-01 5.431755729496541285e-01 3.728560056736734962e-01 5.822103712764528094e-01 2.905207983172924946e-01 4.274056622403096806e-01 6.701975496729237758e-01 1.831677394619675159e-01 2.738428056645778597e-01 7.260427140954903713e-01 5.027055116290550796e-01
6.269452705795238723e-01 7.151318680112799253e-01 6.554391482185004669e-01 1.286823725447937550e-01 5.452888012807459717e-01 6.423569816897733986e-01 4.365680207191035000e-01 7.939522326625165771e-01 6.925834411908409205e-01 5.309004968924389001e-01 5.401208898695690763e-01 5.273361082485896745e-01 3.894055308851589459e-01 0.000000000000000000e+00 4.166063545344247387e-01 3.199620733242789505e-01 1.943519806884118628e-01 2.036848461078281103e-01 8.483723119396618939e-01 8.537963033306004146e-01 3.252657522660437617e-01 1.178183507673247199e-01 6.450461141699985745e-01 1.040133967171729124e-01 4.600610928220182361e-01 5.121422202940746349e-01 1.353101108938543629e-01 7.284268348071994970e-01 3.554684358736447392e-01 1.957285068530423278e-01 4.181528775235573425e-01 7.735415949529085289e-01 1.446779931701560051e-01 6.072160733233502583e-01 4.350653414972323052e-01
4.730269547543184405e-01 8.934781971845267012e-01 4.797997008681696984e-01 4.391840826853047886e-01 8.817297055252698579e-01 2.467219382629746161e-01 4.903117576292492785e-01 3.719805213278493117e-02 3.031534201712392518e-01 7.997001452030587654e-01 4.193439947231208942e-01 7.571624726114881687e-01 6.975799000978757380e-01 4.166063545344247387e-01 0.000000000000000000e+00 2.919803589145795186e-01 5.097786731805231675e-01 7.520211247732431215e-01 3.099893279933833012e-01 5.117495330727452885e-01 1.641660585420853802e-01 4.922772601280152038e-01 5.300048932744994001e-02 4.665394739111991540e-01 4.069548905890647550e-01 5.305195884356100899e-01 6.536793471236047592e-01 5.974194568988272502e-01 8.220387588744484386e-01 6.477858063265957700e-01 2.125533023128300947e-01 3.434427119270045958e-01 4.234939598969037489e-01 2.841168921414016224e-01 4.674141222215854596e-01
8.702971402504182663e-01 6.690808226284694626e-01 7.504861263287374573e-01 5.288479908868626289e-01 8.049358167547455700e-01 2.898325773012813134e-01 7.747325706966026182e-01 5.361260716345221944e-01 1.815476933926080116e-01 8.056203121745413309e-01 7.794434182222643726e-01 6.824065171579098976e-01 5.496097829734871709e-01 3.199620733242789505e-01 2.919803589145795186e-01 0.000000000000000000e+00 3.744823672679504778e-01 7.184811278543443702e-01 2.795163476064498331e-01 5.261477238376255361e-02 1.897382908711305882e-01 2.800971311469155900e-01 4.651349264387949489e-01 1.924688683463220973e-01 1.631764110258215883e-01 3.919506191583094767e-01 9.083018938602323011e-01 5.393215265693380722e-01 6.308580690409670844e-01 5.812837326418761608e-01 5.326664452156516516e-01 6.058981757712889049e-01 4.566720436188195786e-01 8.976831523661665813e-02 4.174296414433374958e-01
7.510477425253339057e-01 1.677761020377035450e-01 6.659172123294039292e-01 4.235199649189240745e-01 2.359517955434391467e-01 4.326332649707509970e-01 5.329923779398724193e-01 2.421910056982718995e-01 6.539645516820251636e-01 6.784796776304170551e-01 4.197622312490335572e-01 4.274993708953122029e-01 6.562917442918744237e-01 1.943519806884118628e-01 5.097786731805231675e-01 3.744823672679504778e-01 0.000000000000000000e+00 5.135241604288193207e-01 3.780637066914714906e-01 3.420797190090041351e-02 2.921782202930183203e-01 4.062914202205365477e-01 7.314057779554270500e-01 7.717030737378571814e-02 8.508095284208412323e-01 4.548708659442560753e-01 3.489564579114051157e-01 5.459917014478371522e-01 4.831397675363342525e-01 4.222246651618711266e-01 5.407250836434207564e-01 8.724910168974236990e-01 4.475225213663560075e-01 5.725822910112945419e-01 9.614783964708053521e-01
8.807111305090998821e-01 4.425058863641551654e-01 3.064567096555288472e-01 5.410219097652408937e-01 4.969731634679151466e-01 3.393092595718882887e-01 4.159660702423095269e-01 6.188436727916616364e-01 5.235214734968276495e-01 5.217834598072141894e-01 3.260228035802175128e-01 9.691488230954174998e-01 5.625171728796269921e-01 2.036848461078281103e-01 7.520211247732431215e-01 7.184811278543443702e-01 5.135241604288193207e-01 0.000000000000000000e+00 2.967421559403645714e-01 6.958612138187394436e-01 4.654073381308363455e-01 7.992297856577922355e-01 4.823769388353770227e-01 7.137628611800124201e-01 1.199380701849085407e-01 6.031239906864240830e-01 2.527712232587860930e-01 8.622432195677525169e-01 4.597503515604756119e-01 6.717973156458171280e-01 5.539785588853747278e-01 7.531122532271009584e-01 6.963930044383529472e-01 5.065806291925780691e-01 4.706010179636470614e-01
5.863149590985382575e-01 3.837431503631882901e-02 5.008837773198930865e-01 2.706347940242309624e-01 5.596804739845349097e-01 6.402879808867625311e-01 5.917838025273776115e-01 5.712726238725233108e-01 5.542160357177301488e-01 3.461828316619584012e-01 6.709426160454179389e-01 7.034969980635683573e-01 2.437380847418611496e-01 8.483723119396618939e-01 3.099893279933833012e-01 2.795163476064498331e-01 3.780637066914714906e-01 2.967421559403645714e-01 0.000000000000000000e+00 3.318030833747904196e-01 2.209356230445191915e-01 2.784130614406923887e-01 4.596268544748679519e-01 7.416310021818715015e-01 5.551259735323876843e-01 7.029524450884632181e-01 6.047536298850884062e-01 5.183140097386899070e-01 9.231073007838461741e-01 4.259533555111231218e-01 8.655427784826531523e-01 4.249685286779451010e-01 6.896439446219368996e-01 4.898041355469675562e-01 5.499036337454707990e-01
1.872898976430747986e-01 3.793814999264197851e-01 5.159717855722476543e-01 7.394779442913581580e-01 3.311408030983039041e-01 3.466634490710782113e-01 6.760042743902017204e-01 4.055322753061951224e-01 8.224276170712794265e-01 2.308557666817404597e-01 3.624531906765347533e-01 3.847838185909757680e-01 1.978874478655907598e-01 8.537963033306004146e-01 5.117495330727452885e-01 5.261477238376255361e-02 3.420797190090041351e-02 6.958612138187394436e-01 3.318030833747904196e-01 0.000000000000000000e+00 4.601443932475704490e-01 2.601893136293197406e-01 4.168128480211754638e-01 3.908381283765189340e-01 3.698237920131547396e-01 7.932290315508896406e-01 2.059383734604323113e-01 6.835450862851684128e-01 2.090962557878087158e-01 5.220560230630746368e-01 1.654853598657252123e-01 3.386679885450583072e-01 1.389340676456856105e-01 5.510010127680027292e-01 4.259830968715345723e-01
8.013566365400232039e-01 4.530213553760884526e-01 6.055994292561084347e-01 4.651585476408506281e-01 4.800219539183793738e-01 4.182309192629669048e-01 2.259146253362503964e-01 7.913671423048208586e-01 4.165847005877041376e-01 4.269926017907054727e-01 4.402403443478901113e-01 5.520528315467998492e-02 7.983665264531125683e-01 3.252657522660437617e-01 1.641660585420853802e-01 1.897382908711305882e-01 2.921782202930183203e-01 4.654073381308363455e-01 2.209356230445191915e-01 4.601443932475704490e-01 0.000000000000000000e+00 5.103916019434618923e-01 7.528750731941842300e-01 8.812155030498020070e-01 1.788526414451518942e-01 6.559973823212980060e-01 3.218697913446726400e-01 2.113483527004791362e-01 4.922877469344019152e-01 5.558990734958031421e-01 4.294522144495333538e-01 4.432714953336014396e-01 2.143191355976409307e-01 4.993189157025528235e-01 5.923623456157760536e-01
3.200433999913961935e-01 5.565561863864421088e-01 6.459564608666225061e-01 5.062350925460001871e-02 6.496129394994617501e-01 7.510213360357407275e-01 2.449530896075677866e-01 6.240930637893128408e-01 1.101970292985675615e-01 2.708583023646844445e-01 2.872394048957238599e-02 7.475973129064067413e-01 4.091415598156287192e-01 1.178183507673247199e-01 4.922772601280152038e-01 2.800971311469155900e-01 4.062914202205365477e-01 7.992297856577922355e-01 2.784130614406923887e-01 2.601893136293197406e-01 5.103916019434618923e-01 0.000000000000000000e+00 4.124211472646354126e-01 6.301391227672055173e-01 4.282782614837969959e-01 4.808283256989316912e-01 9.165293795273861122e-01 7.932837301913294725e-01 1.415213361141690607e-01 5.629547811856818740e-01 1.994589406168948420e-01 2.525520778878876382e-01 1.237175855111072309e-01 5.768381345878048627e-01 8.360366507654135582e-01
8.995771019561383808e-01 2.793506972565193980e-01 1.033304875430490766e-01 5.389796918232732104e-01 5.455997364856962628e-01 4.700230354509699060e-01 6.562429899293247271e-01 6.211292792039384558e-01 2.927502384732417196e-01 1.219769933769901948e-01 2.429919921335075284e-01 5.838425388658095017e-01 9.568661493194311474e-01 6.450461141699985745e-01 5.300048932744994001e-02 4.651349264387949489e-01 7.314057779554270500e-01 4.823769388353770227e-01 4.596268544748679519e-01 4.168128480211754638e-01 7.528750731941842300e-01 4.124211472646354126e-01 0.000000000000000000e+00 5.117682434922343759e-01 5.005002799149458337e-01 5.267485324973839589e-01 5.500531424217532939e-01 5.689060264181730053e-01 6.095289784338489003e-01 2.471450051957492233e-01 8.587367366762308496e-01 2.172460914804557053e-01 4.832396036255408589e-01 4.690413836289315519e-01 6.792808020252826262e-01
3.937727715972439979e-01 7.271334384097238868e-01 2.859461138061926144e-01 7.840591171951802885e-01 1.107409364303770793e-01 1.751224837586902172e-01 7.125910014242583523e-01 6.944596920976685572e-01 3.510690780824714530e-01 4.981843394606548792e-01 8.796031434451528908e-01 7.921013496449949010e-01 7.548905682076393342e-01 1.040133967171729124e-01 4.665394739111991540e-01 1.924688683463220973e-01 7.717030737378571814e-02 7.137628611800124201e-01 7.416310021818715015e-01 3.908381283765189340e-01 8.812155030498020070e-01 6.301391227672055173e-01 5.117682434922343759e-01 0.000000000000000000e+00 4.094693971401557331e-01 9.323310080303141012e-01 7.357879564794391758e-01 5.619494697703004693e-01 2.991004887824206815e-01 4.853687316653250150e-01 5.065874474657198201e-01 8.000879246091681107e-01 4.137661782615912331e-01 3.456749697740516547e-01 4.423478413419235089e-01
6.348681847211071760e-01 8.129675009753971615e-01 3.722164546947138719e-01 7.400347767533360654e-01 4.634443683651688350e-01 1.946693082963959487e-01 5.695260952583649505e-01 3.747956002665012720e-01 3.875752574020577823e-01 6.445458658259771711e-01 2.789022017321333147e-01 8.753186471508193067e-01 6.383502333167270226e-01 4.600610928220182361e-01 4.069548905890647550e-01 1.631764110258215883e-01 8.508095284208412323e-01 1.199380701849085407e-01 5.551259735323876843e-01 3.698237920131547396e-01 1.788526414451518942e-01 4.282782614837969959e-01 5.005002799149458337e-01 4.094693971401557331e-01 0.000000000000000000e+00 5.298077203121890344e-01 4.871867588213608657e-01 5.052878021742588377e-01 2.732129992247797068e-01 1.673189135374258951e-01 6.082958175719127558e-01 4.912395712630696076e-01 5.732614086617462412e-01 5.930326415373385895e-01 3.970103961288290462e-01
5.329521948434191581e-01 3.437143291137451095e-01 3.297762290270480623e-01 7.040460688810077361e-01 8.687563214135622935e-01 1.992236198363349642e-01 1.555821210097279028e-01 7.433639981071591407e-01 7.310913119395856530e-01 4.940840252910154717e-01 4.256504225733518387e-01 3.057968734242873521e-01 5.431755729496541285e-01 5.121422202940746349e-01 5.305195884356100899e-01 3.919506191583094767e-01 4.548708659442560753e-01 6.031239906864240830e-01 7.029524450884632181e-01 7.932290315508896406e-01 6.559973823212980060e-01 4.808283256989316912e-01 5.267485324973839589e-01 9.323310080303141012e-01 5.298077203121890344e-01 0.000000000000000000e+00 9.177668709172841499e-01 8.688909570050795672e-01 6.859761620376595426e-01 8.483729175591411265e-01 5.144358791214125315e-01 7.397376752882627304e-01 5.816871567881422012e-01 3.469396266808116858e-01 5.233971584747918460e-01
5.119739154275299020e-01 6.479224974110397994e-01 1.446468221110075447e-02 8.260447915335880076e-01 4.706304911319664219e-01 8.087367706415451440e-01 6.956635770285563014e-01 7.211984557069952562e-01 8.844167952971362379e-01 7.397342779693834025e-01 2.057833025018004358e-01 7.018890464805034313e-01 3.728560056736734962e-01 1.353101108938543629e-01 6.536793471236047592e-01 9.083018938602323011e-01 3.489564579114051157e-01 2.527712232587860930e-01 6.047536298850884062e-01 2.059383734604323113e-01 3.218697913446726400e-01 9.165293795273861122e-01 5.500531424217532939e-01 7.357879564794391758e-01 4.871867588213608657e-01 9.177668709172841499e-01 0.000000000000000000e+00 9.263467070339572729e-01 4.762026922151355035e-01 2.287095469963777994e-01 5.703605016480064460e-01 4.410239036627674469e-01 6.085042290379419905e-01 5.771092567084493696e-01 9.070263880354536568e-01
3.356199628362421805e-01 8.056025909120829720e-01 3.444174959477223075e-01 2.317753333039378472e-01 3.159287674835051241e-01 5.283190341684265157e-01 4.373119691375202400e-01 2.655960786253452333e-01 1.034596138247010355e-01 3.850829876870566215e-01 6.501373133380445868e-01 4.148771517536353759e-01 5.822103712764528094e-01 7.284268348071994970e-01 5.974194568988272502e-01 5.393215265693380722e-01 5.459917014478371522e-01 8.622432195677525169e-01 5.183140097386899070e-01 6.835450862851684128e-01 2.113483527004791362e-01 7.932837301913294725e-01 5.689060264181730053e-01 5.619494697703004693e-01 5.052878021742588377e-01 8.688909570050795672e-01 9.263467070339572729e-01 0.000000000000000000e+00 3.136425104008222497e-01 5.993729888536458716e-01 3.406106802758452901e-01 6.449169489424073642e-01 5.780741326234506428e-01 4.093908269739358619e-01 7.619776671658773370e-01
3.582846070931512417e-01 5.459471567934433001e-01 5.464947197846581339e-01 4.612425368377232604e-01 4.330620079625500107e-01 7.598717477679854948e-01 6.225195530120315457e-01 5.527727216820286227e-01 6.673064340113399329e-01 2.499697284235753714e-01 8.324826535709703990e-01 3.068193157934920867e-01 2.905207983172924946e-01 3.554684358736447392e-01 8.220387588744484386e-01 6.308580690409670844e-01 4.831397675363342525e-01 4.597503515604756119e-01 9.231073007838461741e-01 2.090962557878087158e-01 4.922877469344019152e-01 1.415213361141690607e-01 6.095289784338489003e-01 2.991004887824206815e-01 2.732129992247797068e-01 6.859761620376595426e-01 4.762026922151355035e-01 3.136425104008222497e-01 0.000000000000000000e+00 8.330093313647475295e-01 5.859688450314026742e-01 5.081700807492780525e-01 3.286207895493395981e-01 2.006580648199286498e-01 5.030117464228492929e-01
4.630963176261360670e-01 6.564317496396725460e-01 3.972066526067828951e-01 3.329266820711254127e-01 5.633111793555632962e-01 7.816894610253783959e-01 4.249500858517980539e-01 4.797141251042584820e-01 4.925782012225026207e-01 1.234357023213066284e-01 3.844640893696343875e-01 6.899648551100927563e-01 4.274056622403096806e-01 1.957285068530423278e-01 6.477858063265957700e-01 5.812837326418761608e-01 4.222246651618711266e-01 6.717973156458171280e-01 4.259533555111231218e-01 5.220560230630746368e-01 5.558990734958031421e-01 5.629547811856818740e-01 2.471450051957492233e-01 4.853687316653250150e-01 1.673189135374258951e-01 8.483729175591411265e-01 2.287095469963777994e-01 5.993729888536458716e-01 8.330093313647475295e-01 0.000000000000000000e+00 7.421006238669634048e-01 6.933561620345057852e-01 7.350776717282792028e-01 2.293240766436262512e-01 4.594057585112997777e-01
4.375055028505817067e-01 6.680554816271629948e-01 4.316521824710256583e-02 7.693194257928548385e-01 4.317638874435834051e-01 4.698970718936847923e-01 4.363687386026958159e-01 1.984159133121775609e-01 2.538746458394455230e-01 6.707954703578631328e-01 3.733513549439640977e-01 5.588288321884902210e-01 6.701975496729237758e-01 4.181528775235573425e-01 2.125533023128300947e-01 5.326664452156516516e-01 5.407250836434207564e-01 5.539785588853747278e-01 8.655427784826531523e-01 1.654853598657252123e-01 4.294522144495333538e-01 1.994589406168948420e-01 8.587367366762308496e-01 5.065874474657198201e-01 6.082958175719127558e-01 5.144358791214125315e-01 5.703605016480064460e-01 3.406106802758452901e-01 5.859688450314026742e-01 7.421006238669634048e-01 0.000000000000000000e+00 8.771011989742363291e-01 8.516521782674399965e-01 3.703387923523349112e-01 3.179803226285087270e-01
7.161500944771137522e-01 7.634693388124037527e-01 5.459228172597448969e-01 8.538035570434912014e-01 5.011027879253363571e-01 2.653718757646627013e-01 2.460302862493331244e-01 4.519484955174377649e-01 3.751596341841162419e-01 2.853408742657440600e-01 9.165086988606891971e-01 8.679846223185223586e-01 1.831677394619675159e-01 7.735415949529085289e-01 3.434427119270045958e-01 6.058981757712889049e-01 8.724910168974236990e-01 7.531122532271009584e-01 4.249685286779451010e-01 3.386679885450583072e-01 4.432714953336014396e-01 2.525520778878876382e-01 2.172460914804557053e-01 8.000879246091681107e-01 4.912395712630696076e-01 7.397376752882627304e-01 4.410239036627674469e-01 6.449169489424073642e-01 5.081700807492780525e-01 6.933561620345057852e-01 8.771011989742363291e-01 0.000000000000000000e+00 6.697572070075985540e-01 4.081524060619328154e-01 3.440646411102655788e-01
3.863009386083056107e-01 4.594536728393140423e-01 2.410034434336948417e-01 6.016514304568902904e-01 5.553274546807903667e-01 4.428417562950506259e-01 9.029342621618368092e-01 5.422737441934959435e-01 9.286440071434478583e-01 2.070818589606506777e-01 9.010233139179362194e-01 8.241674881744894821e-01 2.738428056645778597e-01 1.446779931701560051e-01 4.234939598969037489e-01 4.566720436188195786e-01 4.475225213663560075e-01 6.963930044383529472e-01 6.896439446219368996e-01 1.389340676456856105e-01 2.143191355976409307e-01 1.237175855111072309e-01 4.832396036255408589e-01 4.137661782615912331e-01 5.732614086617462412e-01 5.816871567881422012e-01 6.085042290379419905e-01 5.780741326234506428e-01 3.286207895493395981e-01 7.350776717282792028e-01 8.516521782674399965e-01 6.697572070075985540e-01 0.000000000000000000e+00 6.240726054475198570e-01 2.771358262364359559e-01
7.147556037097548831e-01 2.885750664760251549e-01 2.586313956807738679e-01 4.554697884608908676e-01 5.922710247745568424e-01 6.292663808094245415e-01 4.297398177469408109e-01 2.237615788128253791e-01 6.934480484789612431e-01 4.113599390808684308e-01 3.423519483251002971e-01 8.591014875580769150e-01 7.260427140954903713e-01 6.072160733233502583e-01 2.841168921414016224e-01 8.976831523661665813e-02 5.725822910112945419e-01 5.065806291925780691e-01 4.898041355469675562e-01 5.510010127680027292e-01 4.993189157025528235e-01 5.768381345878048627e-01 4.690413836289315519e-01 3.456749697740516547e-01 5.930326415373385895e-01 3.469396266808116858e-01 5.771092567084493696e-01 4.093908269739358619e-01 2.006580648199286498e-01 2.293240766436262512e-01 3.703387923523349112e-01 4.081524060619328154e-01 6.240726054475198570e-01 0.000000000000000000e+00 4.431585351827453945e-01
1.825130114019580807e-01 5.582762710509574511e-01 2.660674153420802268e-01 4.519259356434863761e-01 1.588268417905909224e-01 4.420913334710354081e-01 7.926485430005634214e-01 8.554115445228327452e-01 4.107994949927326056e-01 6.060604177296953221e-01 3.968224208986592116e-01 3.895505766178321005e-01 5.027055116290550796e-01 4.350653414972323052e-01 4.674141222215854596e-01 4.174296414433374958e-01 9.614783964708053521e-01 4.706010179636470614e-01 5.499036337454707990e-01 4.259830968715345723e-01 5.923623456157760536e-01 8.360366507654135582e-01 6.792808020252826262e-01 4.423478413419235089e-01 3.970103961288290462e-01 5.233971584747918460e-01 9.070263880354536568e-01 7.619776671658773370e-01 5.030117464228492929e-01 4.594057585112997777e-01 3.179803226285087270e-01 3.440646411102655788e-01 2.771358262364359559e-01 4.431585351827453945e-01 0.000000000000000000e+00
