0.000000000000000000e+00 8.374391093198951808e-01 6.802158498361872141e-01 3.579562245707986756e-01 3.816026760617772240e-01 5.255396824216514995e-01 3.910586460276995746e-01 8.814810284889396108e-01 4.587602903714979585e-01 1.783274064544008164e-01 5.216997329616073209e-01 1.681567784979109970e-01 3.294126025766317412e-01 7.754681527022684318e-01 2.902367385004060996e-01 3.090921658804428596e-01 5.007448629547638363e-01 2.759754442837454302e-01 2.472590947260998595e-01 3.582791352883690772e-01 3.721119164884106878e-01 4.000783940307279796e-01 3.155926593924244794e-01 1.674860780674202188e-01 2.258704337816065388e-01 9.035567551496842542e-01 2.889320040522608268e-01 9.122465665143206781e-01 4.783048483199889844e-01 3.131712509527186383e-01 6.600682448063778240e-01 3.370422444073002399e-01 5.292855152433194599e-01 5.661124932992824821e-01 7.123501553468675196e-01
8.374391093198951808e-01 0.000000000000000000e+00 5.032910221410357154e-01 3.836129542591644181e-01 8.728648422239538851e-01 4.859066397506558999e-01 4.344372458034782003e-01 4.900160180293567924e-01 7.061695657133459925e-01 3.496727750882165919e-01 6.445217021305791327e-01 5.194040443874773372e-01 8.257967565058177417e-01 8.385789499889919618e-01 7.094779452409170073e-01 2.290103656086739381e-01 7.111671776752864771e-01 5.430443999704042124e-01 8.885134497148901023e-01 9.441742935786997526e-01 7.097969666748658035e-01 6.225180657970836862e-01 2.065983955107983938e-01 4.660807972502695185e-01 3.970589150149916868e-02 4.757625115913987068e-01 2.548346847726256081e-01 3.675454131504822808e-01 4.072824711114543250e-01 3.801348745054815570e-01 4.040309780875294132e-01 6.684551485529857118e-01 8.871455823034760657e-01 2.754503724562150646e-01 4.103123789870051774e-01
6.802158498361872141e-01 5.032910221410357154e-01 0.000000000000000000e+00 6.432414201909126827e-01 6.666653621593827683e-01 9.573609500910620351e-01 4.181374188467573139e-01 2.527424399819085954e-01 6.039027040165995119e-01 8.145380669665507334e-01 2.210625037604427856e-01 5.301920334163979787e-01 6.295168340129242424e-01 5.776755619891575932e-01 5.352946927114075049e-01 6.487806687524946270e-01 2.663618933193069305e-01 5.290654384746263927e-01 4.472163264658925996e-01 5.430372021918141723e-01 6.966889585073918756e-01 2.735941466649142173e-01 4.927414154197232721e-01 4.527955672516286167e-01 4.409472058841233388e-01 7.778972433584583346e-01 9.571106842236853929e-02 1.426060073574577647e-01 7.597376599601908254e-01 8.297318122739176793e-01 5.115772445725823570e-01 5.325655723223132743e-02 6.591863627368235168e-01 4.726011745889464599e-01 3.697218566232922665e-01
3.579562245707986756e-01 3.836129542591644181e-01 6.432414201909126827e-01 0.000000000000000000e+00 3.453488638913175812e-01 3.639597947180938098e-01 5.328254543610292382e-01 3.189452140159014792e-01 4.847892116277277008e-01 2.769728078357396872e-01 8.768097462008815901e-01 3.757405737514162292e-01 3.764769043884551025e-01 8.032202010639091228e-01 3.554714511765250662e-01 4.490418989840259667e-01 2.841015217455230002e-01 2.828236882589377776e-01 2.693540767260935720e-01 4.898861461191609812e-01 6.296504996525029707e-01 4.755903777182973746e-01 5.838911528337312751e-01 2.379211330530941471e-01 6.795147116292360456e-01 6.382808378344653200e-01 9.443099396210132834e-01 4.959033990668278991e-01 4.029707709200883170e-01 5.546489312417424156e-01 5.084184886757350252e-01 6.852996311799792739e-01 8.070945622700025357e-01 5.352228959862376234e-01 7.980504499334356572e-01
3.816026760617772240e-01 8.728648422239538851e-01 6.666653621593827683e-01 3.453488638913175812e-01 0.000000000000000000e+00 5.965895436854753431e-01 5.594504393116389585e-01 5.352692834218097939e-01 6.686600896999668198e-01 3.253699524425446299e-01 5.655001549160909580e-02 8.553470474359893272e-01 8.331526594462572710e-01 8.879307968094873882e-01 3.445775289071906222e-01 2.949614700161153902e-01 4.280415570092327426e-01 7.537713222344658570e-01 7.223424471458566032e-01 8.828622984660348116e-01 8.772646704467897960e-01 4.398085535263276391e-01 7.204182043577601613e-01 7.756773443454946237e-01 7.029635874560866693e-01 2.088955860467310854e-01 5.849344569484484779e-01 5.601703027882136698e-01 6.458388839055334563e-01 4.683978303312298919e-01 5.667038624624332055e-01 5.319539256734069355e-01 7.524552300068687583e-01 5.361849944688501513e-01 4.280421931613045960e-01
5.255396824216514995e-01 4.859066397506558999e-01 9.573609500910620351e-01 3.639597947180938098e-01 5.965895436854753431e-01 0.000000000000000000e+00 5.137617895192184703e-01 2.260452757756833408e-01 6.360010463114000867e-01 8.452843462025689814e-01 8.938575238997625849e-01 7.294066573194550873e-01 5.606723053154638592e-01 3.769851476441685723e-01 5.262971095645185837e-01 7.388528217035205126e-01 5.805633921115215257e-01 6.005258219925938556e-01 9.235359693009770332e-02 7.783899478876743494e-02 5.212783050362143067e-01 5.052860862067717340e-01 4.588100024656848186e-01 5.107967657266236916e-01 2.310546283270514811e-01 7.754820672670377224e-01 3.989946462528853877e-01 7.153592466702691777e-01 7.208042027778935879e-01 8.544363799861092179e-01 2.561945379246919896e-01 1.807148343328278672e-01 1.117087258500073510e-01 9.285111817994962102e-02 4.255549663946425754e-01
3.910586460276995746e-01 4.344372458034782003e-01 4.181374188467573139e-01 5.328254543610292382e-01 5.594504393116389585e-01 5.137617895192184703e-01 0.000000000000000000e+00 4.627128440765139183e-01 3.086920412528773028e-01 6.553580730407116972e-01 4.317637469853355947e-01 6.733353119057862157e-01 4.668334189912962673e-01 4.854352507942866768e-01 5.875747076139871128e-01 5.061168257932621151e-01 3.229722580837156021e-01 9.409960642611050474e-01 6.302076468720551050e-01 3.799438748992352011e-01 5.937215057632900805e-01 7.275391603852532363e-01 5.320543356469393803e-01 7.989218856040816163e-01 3.285778462048348780e-01 5.782131774077737818e-01 5.255605790507630326e-01 6.292572212528096953e-01 3.966016107643505761e-01 3.712980347107102119e-01 5.262364254330298419e-01 4.987861230586612127e-01 5.791822908058666952e-01 3.401102053923360513e-01 3.209875622287328700e-01
8.814810284889396108e-01 4.900160180293567924e-01 2.527424399819085954e-01 3.189452140159014792e-01 5.352692834218097939e-01 2.260452757756833408e-01 4.627128440765139183e-01 0.000000000000000000e+00 7.913940022613704661e-01 3.253116562445113047e-01 8.588335240057602959e-01 3.009093624264115308e-01 8.512691187304652907e-01 5.257666576670190217e-01 5.682221547047470178e-01 5.071025626528643526e-01 3.563118150527039840e-01 4.908422804705955267e-01 7.624433898899279916e-01 5.578789461382986925e-01 3.451789097888142144e-01 2.198706835620788391e-01 6.690077013857469446e-01 4.344721852855367161e-01 4.010042057958034811e-01 6.357269445895687987e-01 3.447697561713310987e-01 6.173979938200305773e-01 3.584323373443613625e-01 2.274029768606556368e-01 2.631289454005858452e-01 3.991815382189933814e-01 3.163276595510917666e-01 3.378870441677225833e-01 1.452914974351635635e-01
4.587602903714979585e-01 7.061695657133459925e-01 6.039027040165995119e-01 4.847892116277277008e-01 6.686600896999668198e-01 6.360010463114000867e-01 3.086920412528773028e-01 7.913940022613704661e-01 0.000000000000000000e+00 5.910348980275498265e-01 4.706854592591377395e-01 4.943713480040190511e-01 4.582046280984321540e-01 7.535642005975005109e-01 4.898473970280965428e-01 5.651970151416496613e-01 1.775254042013507116e-01 7.602465074073752049e-01 2.156639775638377055e-01 9.620945331457790850e-01 8.154293008300557144e-01 3.069537928006365046e-01 7.279341927241500532e-01 3.575627007675854507e-01 2.039471176690402787e-01 5.030422811652767168e-01 4.467043533038551617e-01 4.313771620910219484e-01 7.264066341832658980e-01 4.504599827979834936e-01 4.915378875513332080e-01 5.790265517872985601e-01 3.492524848936952031e-01 5.748189693657355104e-01 7.503065600537657254e-01
1.783274064544008164e-01 3.496727750882165919e-01 8.145380669665507334e-01 2.769728078357396872e-01 3.253699524425446299e-01 8.452843462025689814e-01 6.553580730407116972e-01 3.253116562445113047e-01 5.910348980275498265e-01 0.000000000000000000e+00 4.706988828892556542e-01 6.731238557790308885e-01 6.106755531575833729e-01 6.971965739794727668e-02 2.840658671874622954e-01 4.724174042055328537e-01 7.997978947392736515e-01 1.153933458463844985e-01 7.951651197177876940e-01 4.335807094320833222e-01 2.223030541266175497e-01 8.034135220567593105e-01 5.601803024958669219e-01 8.108996194756661335e-01 6.039638388061008278e-01 6.439959029939734680e-01 8.347904504234286982e-01 5.681743421036868913e-01 7.860626091865724474e-01 7.134277554133063859e-01 5.248937915171404400e-01 3.466134709553118087e-01 1.185740167554318880e-01 2.452471751272491951e-01 3.658080087138301240e-01
5.216997329616073209e-01 6.445217021305791327e-01 2.210625037604427856e-01 8.768097462008815901e-01 5.655001549160909580e-02 8.938575238997625849e-01 4.317637469853355947e-01 8.588335240057602959e-01 4.706854592591377395e-01 4.706988828892556542e-01 0.000000000000000000e+00 5.967977077072170733e-01 1.378111486068611669e-01 5.070410457392686698e-01 5.433957012447849788e-01 1.411181706685207260e-01 4.777368766272291345e-01 2.189722890310773495e-01 4.488633719136362332e-01 3.859868241087661134e-01 6.302719104815301954e-01 9.738709046359128596e-02 4.612506350545277911e-01 7.880634234578577368e-01 8.125018876367329224e-01 5.060095128430995848e-01 3.019677928653369259e-01 1.836996660751483157e-01 4.711715259149306667e-01 5.321488437892570866e-01 4.276116876438595393e-01 6.016780855720954557e-01 1.990493963031699787e-01 1.013357215928342159e-01 5.635884676180186181e-01
1.681567784979109970e-01 5.194040443874773372e-01 5.301920334163979787e-01 3.757405737514162292e-01 8.553470474359893272e-01 7.294066573194550873e-01 6.733353119057862157e-01 3.009093624264115308e-01 4.943713480040190511e-01 6.731238557790308885e-01 5.967977077072170733e-01 0.000000000000000000e+00 9.478705338357524823e-01 4.044881552908409228e-01 5.061522405835063854e-01 6.677201310302784965e-01 5.263714265431629347e-01 7.281440198483649651e-01 4.621003438292575205e-01 3.045474680065283768e-01 6.407816390290865805e-01 3.171088747269472652e-01 5.982920316402072780e-01 5.474816044545840477e-01 3.986357982979499281e-01 2.782113593952155184e-01 1.826534229030521983e-01 8.192367905211048740e-01 4.915247597116241263e-01 3.819633417169688849e-01 3.567527354549977492e-01 7.521130576623621389e-01 3.626778114536311493e-01 1.901094768395409362e-01 7.275957569637924172e-01
3.294126025766317412e-01 8.257967565058177417e-01 6.295168340129242424e-01 3.764769043884551025e-01 8.331526594462572710e-01 5.606723053154638592e-01 4.668334189912962673e-01 8.512691187304652907e-01 4.582046280984321540e-01 6.106755531575833729e-01 1.378111486068611669e-01 9.478705338357524823e-01 0.000000000000000000e+00 4.021801262452810999e-01 4.367761703143470120e-01 2.553728038808056322e-01 4.499553858777922688e-01 7.568552776498038703e-01 2.173018524943456931e-01 1.256738859028112554e-01 1.076142012204772125e-01 7.218287996302559240e-01 7.866893932761198638e-01 6.416085369048039055e-01 5.422838245195327200e-01 4.747568600423765495e-01 1.854811294240753528e-01 4.853468052390818577e-01 1.928982637625422658e-01 5.060851750002519633e-01 7.466443589757756349e-01 5.885735013799248128e-01 6.080793713182304217e-01 1.805653316771199668e-01 5.226680608830662766e-01
7.754681527022684318e-01 8.385789499889919618e-01 5.776755619891575932e-01 8.032202010639091228e-01 8.879307968094873882e-01 3.769851476441685723e-01 4.854352507942866768e-01 5.257666576670190217e-01 7.535642005975005109e-01 6.971965739794727668e-02 5.070410457392686698e-01 4.044881552908409228e-01 4.021801262452810999e-01 0.000000000000000000e+00 6.838053707099224221e-01 7.519119117452588430e-01 7.051822725990382068e-01 7.336468326282121755e-01 7.886008587216462029e-01 5.664361479045340042e-01 8.653612621449062736e-01 9.232343212545708333e-01 3.444454463647728115e-02 5.955265444697305233e-01 3.779889460636908782e-01 4.180320251852206459e-01 4.820620992262482640e-01 2.462859419797033267e-01 8.396400992267083474e-01 1.479605708394562402e-01 5.592362144281661784e-01 6.687224129159070607e-01 3.906424430035435602e-01 5.139024376706698982e-01 5.643665993369118006e-01
2.902367385004060996e-01 7.094779452409170073e-01 5.352946927114075049e-01 3.554714511765250662e-01 3.445775289071906222e-01 5.262971095645185837e-01 5.875747076139871128e-01 5.682221547047470178e-01 4.898473970280965428e-01 2.840658671874622954e-01 5.433957012447849788e-01 5.061522405835063854e-01 4.367761703143470120e-01 6.838053707099224221e-01 0.000000000000000000e+00 7.970588621995069456e-01 4.072266715429474493e-01 3.723705819009456297e-01 5.448196743776365647e-01 8.974970086752137588e-01 5.751577621525369999e-01 5.034592320113733255e-01 5.745547986342423030e-01 4.014095865479768710e-01 6.311597898961903708e-01 2.330752176545701770e-01 3.087845846744647904e-01 7.851212318869535967e-01 9.395982793227009022e-01 3.976202159944510761e-01 4.296746127717967489e-01 5.026934648776675285e-01 5.796707123887470114e-01 6.865103836630335188e-01 5.543123933362528177e-01
3.090921658804428596e-01 2.290103656086739381e-01 6.487806687524946270e-01 4.490418989840259667e-01 2.949614700161153902e-01 7.388528217035205126e-01 5.061168257932621151e-01 5.071025626528643526e-01 5.651970151416496613e-01 4.724174042055328537e-01 1.411181706685207260e-01 6.677201310302784965e-01 2.553728038808056322e-01 7.519119117452588430e-01 7.970588621995069456e-01 0.000000000000000000e+00 7.552285388709214509e-01 9.589636047960558018e-01 5.228778558576437918e-01 1.650507499295195135e-01 7.116721658033688946e-01 8.453043789288827714e-01 3.444042814834857857e-01 3.596485598389439486e-01 7.127285208814507778e-01 3.459985737883929380e-01 5.592013601844183501e-01 5.451236638846301830e-01 8.915505012274649310e-01 7.192696064555287316e-01 1.959634627076882740e-01 6.989867471824573464e-01 4.069262458045500574e-01 4.822165226415502381e-01 3.801520012550899663e-01
5.007448629547638363e-01 7.111671776752864771e-01 2.663618933193069305e-01 2.841015217455230002e-01 4.280415570092327426e-01 5.805633921115215257e-01 3.229722580837156021e-01 3.563118150527039840e-01 1.775254042013507116e-01 7.997978947392736515e-01 4.777368766272291345e-01 5.263714265431629347e-01 4.499553858777922688e-01 7.051822725990382068e-01 4.072266715429474493e-01 7.552285388709214509e-01 0.000000000000000000e+00 3.529807238821248139e-01 5.110389167260448451e-01 3.962211156879278384e-01 2.283206246312226573e-01 5.633914116016273121e-01 6.060334009190346816e-01 4.461068921789717034e-01 7.241964268975263908e-01 7.753611226960439584e-01 5.577382170723992338e-01 3.360252522374774786e-01 5.592011778653457332e-01 7.463081965843324506e-01 7.303188759362513327e-01 5.235503994242639569e-01 5.247772614288848114e-01 5.817368665415068030e-02 7.045581771087094936e-01
2.759754442837454302e-01 5.430443999704042124e-01 5.290654384746263927e-01 2.828236882589377776e-01 7.537713222344658570e-01 6.005258219925938556e-01 9.409960642611050474e-01 4.908422804705955267e-01 7.602465074073752049e-01 1.153933458463844985e-01 2.189722890310773495e-01 7.281440198483649651e-01 7.568552776498038703e-01 7.336468326282121755e-01 3.723705819009456297e-01 9.589636047960558018e-01 3.529807238821248139e-01 0.000000000000000000e+00 6.099609546389279657e-01 5.949848655450291623e-01 4.782521600901296632e-01 1.956988827151326937e-01 2.401803437129863550e-01 2.001743232505376335e-01 6.206419578201194387e-01 2.272729862289801783e-01 7.014374278799215823e-01 3.427206980613375364e-01 5.737278755314560996e-01 5.759193862948438492e-01 4.359776451347330273e-01 3.144723480665199133e-01 2.782881416244155082e-01 7.748966321493471199e-01 8.142901507825990315e-01
2.472590947260998595e-01 8.885134497148901023e-01 4.472163264658925996e-01 2.693540767260935720e-01 7.223424471458566032e-01 9.235359693009770332e-02 6.302076468720551050e-01 7.624433898899279916e-01 2.156639775638377055e-01 7.951651197177876940e-01 4.488633719136362332e-01 4.621003438292575205e-01 2.173018524943456931e-01 7.886008587216462029e-01 5.448196743776365647e-01 5.228778558576437918e-01 5.110389167260448451e-01 6.099609546389279657e-01 0.000000000000000000e+00 3.780427347853075881e-01 6.586870933887297719e-01 6.778213164643840383e-01 1.441695871147483654e-01 3.088145711805730942e-01 5.369575992545798648e-01 4.192032861429177415e-01 8.192403532965355506e-01 4.824591340151094809e-01 5.412745910518226289e-01 4.829248647659059035e-01 4.473503604830226799e-01 1.373370317808199070e-01 3.659254092358731336e-01 5.933841460397775158e-01 6.692988257778142991e-01
3.582791352883690772e-01 9.441742935786997526e-01 5.430372021918141723e-01 4.898861461191609812e-01 8.828622984660348116e-01 7.783899478876743494e-02 3.799438748992352011e-01 5.578789461382986925e-01 9.620945331457790850e-01 4.335807094320833222e-01 3.859868241087661134e-01 3.045474680065283768e-01 1.256738859028112554e-01 5.664361479045340042e-01 8.974970086752137588e-01 1.650507499295195135e-01 3.962211156879278384e-01 5.949848655450291623e-01 3.780427347853075881e-01 0.000000000000000000e+00 9.666003227069233095e-01 3.005120507157548193e-01 5.016077188933106834e-01 4.168643865862535769e-01 1.296214452641994974e-01 4.203852973670638704e-01 4.672880627768456474e-01 9.202298565763744609e-01 4.943921784240297157e-01 5.554073024981390772e-01 5.572822448608765189e-01 3.525541210960765337e-01 6.958486096268831078e-01 3.202454294800997081e-01 4.876275727856854147e-01
3.721119164884106878e-01 7.097969666748658035e-01 6.966889585073918756e-01 6.296504996525029707e-01 8.772646704467897960e-01 5.212783050362143067e-01 5.937215057632900805e-01 3.451789097888142144e-01 8.154293008300557144e-01 2.223030541266175497e-01 6.302719104815301954e-01 6.407816390290865805e-01 1.076142012204772125e-01 8.653612621449062736e-01 5.751577621525369999e-01 7.116721658033688946e-01 2.283206246312226573e-01 4.782521600901296632e-01 6.586870933887297719e-01 9.666003227069233095e-01 0.000000000000000000e+00 4.491450353468741663e-01 8.638225940599182362e-01 7.039156272668573022e-01 2.209853644885682034e-01 7.621066315222166931e-01 4.655429732776447116e-01 4.620637449777705852e-01 5.877675018937708051e-01 1.728256045033678134e-01 7.983765306511183546e-01 1.759699883899855655e-01 1.087099055660872837e-01 5.257751111240186459e-01 1.000268486531189494e-01
4.000783940307279796e-01 6.225180657970836862e-01 2.735941466649142173e-01 4.755903777182973746e-01 4.398085535263276391e-01 5.052860862067717340e-01 7.275391603852532363e-01 2.198706835620788391e-01 3.069537928006365046e-01 8.034135220567593105e-01 9.738709046359128596e-02 3.171088747269472652e-01 7.218287996302559240e-01 9.232343212545708333e-01 5.034592320113733255e-01 8.453043789288827714e-01 5.633914116016273121e-01 1.956988827151326937e-01 6.778213164643840383e-01 3.005120507157548193e-01 4.491450353468741663e-01 0.000000000000000000e+00 1.959322885935134706e-01 6.112202142415095185e-01 8.745663371635332695e-01 3.366708117799566136e-01 8.752759250900514765e-01 3.495575850194968526e-01 3.367616530143068276e-01 9.818890766225185640e-02 9.349250422577459751e-01 4.724019893203855180e-01 2.181977150781972963e-01 4.507224528795013563e-01 1.761991615633794472e-01
3.155926593924244794e-01 2.065983955107983938e-01 4.927414154197232721e-01 5.838911528337312751e-01 7.204182043577601613e-01 4.588100024656848186e-01 5.320543356469393803e-01 6.690077013857469446e-01 7.279341927241500532e-01 5.601803024958669219e-01 4.612506350545277911e-01 5.982920316402072780e-01 7.866893932761198638e-01 3.444454463647728115e-02 5.745547986342423030e-01 3.444042814834857857e-01 6.060334009190346816e-01 2.401803437129863550e-01 1.441695871147483654e-01 5.016077188933106834e-01 8.638225940599182362e-01 1.959322885935134706e-01 0.000000000000000000e+00 5.991212793157669747e-01 6.034831134371825279e-01 5.628867378027331281e-01 6.268536668556361491e-01 3.757369119507312227e-01 3.317690867598570570e-01 3.820717349628111048e-01 5.925940024267484230e-01 3.800574009456099689e-01 7.337064134083123301e-01 2.693043988693856194e-01 5.084728724011418066e-01
1.674860780674202188e-01 4.660807972502695185e-01 4.527955672516286167e-01 2.379211330530941471e-01 7.756773443454946237e-01 5.107967657266236916e-01 7.989218856040816163e-01 4.344721852855367161e-01 3.575627007675854507e-01 8.108996194756661335e-01 7.880634234578577368e-01 5.474816044545840477e-01 6.416085369048039055e-01 5.955265444697305233e-01 4.014095865479768710e-01 3.596485598389439486e-01 4.461068921789717034e-01 2.001743232505376335e-01 3.088145711805730942e-01 4.168643865862535769e-01 7.039156272668573022e-01 6.112202142415095185e-01 5.991212793157669747e-01 0.000000000000000000e+00 7.505830904566808126e-01 5.011664582052096639e-01 5.412093027373069409e-01 3.831740836568172104e-01 7.721510182195416849e-01 3.490960520121562105e-01 2.848710872757455048e-01 4.433064847684576870e-01 4.519654039956038649e-01 6.631513228007390737e-01 4.407535101313007075e-01
2.258704337816065388e-01 3.970589150149916868e-02 4.409472058841233388e-01 6.795147116292360456e-01 7.029635874560866693e-01 2.310546283270514811e-01 3.285778462048348780e-01 4.010042057958034811e-01 2.039471176690402787e-01 6.039638388061008278e-01 8.125018876367329224e-01 3.986357982979499281e-01 5.422838245195327200e-01 3.779889460636908782e-01 6.311597898961903708e-01 7.127285208814507778e-01 7.241964268975263908e-01 6.206419578201194387e-01 5.369575992545798648e-01 1.296214452641994974e-01 2.209853644885682034e-01 8.745663371635332695e-01 6.034831134371825279e-01 7.505830904566808126e-01 0.000000000000000000e+00 5.077626878947888445e-01 8.395809579433120007e-01 4.607765229896774728e-01 9.296748506114942412e-01 6.909356590985606950e-01 4.446172670469845656e-01 6.687152182471070017e-01 7.931356027513585261e-01 4.004485099439580309e-01 8.264709388911969379e-01
9.035567551496842542e-01 4.757625115913987068e-01 7.778972433584583346e-01 6.382808378344653200e-01 2.088955860467310854e-01 7.754820672670377224e-01 5.782131774077737818e-01 6.357269445895687987e-01 5.030422811652767168e-01 6.439959029939734680e-01 5.060095128430995848e-01 2.782113593952155184e-01 4.747568600423765495e-01 4.180320251852206459e-01 2.330752176545701770e-01 3.459985737883929380e-01 7.753611226960439584e-01 2.272729862289801783e-01 4.192032861429177415e-01 4.203852973670638704e-01 7.621066315222166931e-01 3.366708117799566136e-01 5.628867378027331281e-01 5.011664582052096639e-01 5.077626878947888445e-01 0.000000000000000000e+00 8.104658288752579764e-01 8.630838790882395806e-01 8.705791675133006668e-01 7.421898952466856603e-01 7.558081256565203354e-01 7.570541304947155936e-01 3.802027865197920020e-01 2.234432372827233060e-01 5.584715383929710342e-01
2.889320040522608268e-01 2.548346847726256081e-01 9.571106842236853929e-02 9.443099396210132834e-01 5.849344569484484779e-01 3.989946462528853877e-01 5.255605790507630326e-01 3.447697561713310987e-01 4.467043533038551617e-01 8.347904504234286982e-01 3.019677928653369259e-01 1.826534229030521983e-01 1.854811294240753528e-01 4.820620992262482640e-01 3.087845846744647904e-01 5.592013601844183501e-01 5.577382170723992338e-01 7.014374278799215823e-01 8.192403532965355506e-01 4.672880627768456474e-01 4.655429732776447116e-01 8.752759250900514765e-01 6.268536668556361491e-01 5.412093027373069409e-01 8.395809579433120007e-01 8.104658288752579764e-01 0.000000000000000000e+00 1.650376044304355805e-01 2.583964255617783867e-01 4.201000287399579980e-01 3.852121438185355240e-01 5.778604513015888067e-01 3.588235747943463450e-01 5.410521132716282766e-01 7.080794576533732121e-01
9.122465665143206781e-01 3.675454131504822808e-01 1.426060073574577647e-01 4.959033990668278991e-01 5.601703027882136698e-01 7.153592466702691777e-01 6.292572212528096953e-01 6.173979938200305773e-01 4.313771620910219484e-01 5.681743421036868913e-01 1.836996660751483157e-01 8.192367905211048740e-01 4.853468052390818577e-01 2.462859419797033267e-01 7.851212318869535967e-01 5.451236638846301830e-01 3.360252522374774786e-01 3.427206980613375364e-01 4.824591340151094809e-01 9.202298565763744609e-01 4.620637449777705852e-01 3.495575850194968526e-01 3.757369119507312227e-01 3.831740836568172104e-01 4.607765229896774728e-01 8.630838790882395806e-01 1.650376044304355805e-01 0.000000000000000000e+00 5.581047080026489970e-01 2.316212820676978312e-01 5.618615878410988529e-01 5.320158453563808010e-01 4.650921261653513383e-01 4.490574452735768829e-01 1.106156250115238882e-01
4.783048483199889844e-01 4.072824711114543250e-01 7.597376599601908254e-01 4.029707709200883170e-01 6.458388839055334563e-01 7.208042027778935879e-01 3.966016107643505761e-01 3.584323373443613625e-01 7.264066341832658980e-01 7.860626091865724474e-01 4.711715259149306667e-01 4.915247597116241263e-01 1.928982637625422658e-01 8.396400992267083474e-01 9.395982793227009022e-01 8.915505012274649310e-01 5.592011778653457332e-01 5.737278755314560996e-01 5.412745910518226289e-01 4.943921784240297157e-01 5.877675018937708051e-01 3.367616530143068276e-01 3.317690867598570570e-01 7.721510182195416849e-01 9.296748506114942412e-01 8.705791675133006668e-01 2.583964255617783867e-01 5.581047080026489970e-01 0.000000000000000000e+00 6.069746328359663101e-01 8.386664879139216211e-01 4.341089557197082005e-01 2.324135742770624402e-01 9.613886853924746845e-02 3.566643486750867842e-01
3.131712509527186383e-01 3.801348745054815570e-01 8.297318122739176793e-01 5.546489312417424156e-01 4.683978303312298919e-01 8.544363799861092179e-01 3.712980347107102119e-01 2.274029768606556368e-01 4.504599827979834936e-01 7.134277554133063859e-01 5.321488437892570866e-01 3.819633417169688849e-01 5.060851750002519633e-01 1.479605708394562402e-01 3.976202159944510761e-01 7.192696064555287316e-01 7.463081965843324506e-01 5.759193862948438492e-01 4.829248647659059035e-01 5.554073024981390772e-01 1.728256045033678134e-01 9.818890766225185640e-02 3.820717349628111048e-01 3.490960520121562105e-01 6.909356590985606950e-01 7.421898952466856603e-01 4.201000287399579980e-01 2.316212820676978312e-01 6.069746328359663101e-01 0.000000000000000000e+00 2.466301683122306132e-01 4.886882048794495281e-01 1.642061740412572579e-01 7.692059147043048828e-01 2.439742449776491906e-01
6.600682448063778240e-01 4.040309780875294132e-01 5.115772445725823570e-01 5.084184886757350252e-01 5.667038624624332055e-01 2.561945379246919896e-01 5.262364254330298419e-01 2.631289454005858452e-01 4.915378875513332080e-01 5.248937915171404400e-01 4.276116876438595393e-01 3.567527354549977492e-01 7.466443589757756349e-01 5.592362144281661784e-01 4.296746127717967489e-01 1.959634627076882740e-01 7.303188759362513327e-01 4.359776451347330273e-01 4.473503604830226799e-01 5.572822448608765189e-01 7.983765306511183546e-01 9.349250422577459751e-01 5.925940024267484230e-01 2.848710872757455048e-01 4.446172670469845656e-01 7.558081256565203354e-01 3.852121438185355240e-01 5.618615878410988529e-01 8.386664879139216211e-01 2.466301683122306132e-01 0.000000000000000000e+00 4.174029987504577766e-01 3.076536062814982930e-01 2.595698610627698022e-01 7.643736743368280129e-01
3.370422444073002399e-01 6.684551485529857118e-01 5.325655723223132743e-02 6.852996311799792739e-01 5.319539256734069355e-01 1.807148343328278672e-01 4.987861230586612127e-01 3.991815382189933814e-01 5.790265517872985601e-01 3.466134709553118087e-01 6.016780855720954557e-01 7.521130576623621389e-01 5.885735013799248128e-01 6.687224129159070607e-01 5.026934648776675285e-01 6.989867471824573464e-01 5.235503994242639569e-01 3.144723480665199133e-01 1.373370317808199070e-01 3.525541210960765337e-01 1.759699883899855655e-01 4.724019893203855180e-01 3.800574009456099689e-01 4.433064847684576870e-01 6.687152182471070017e-01 7.570541304947155936e-01 5.778604513015888067e-01 5.320158453563808010e-01 4.341089557197082005e-01 4.886882048794495281e-01 4.174029987504577766e-01 0.000000000000000000e+00 9.604429939083936052e-02 4.957099776822644355e-01 3.046834349738470893e-01
5.292855152433194599e-01 8.871455823034760657e-01 6.591863627368235168e-01 8.070945622700025357e-01 7.524552300068687583e-01 1.117087258500073510e-01 5.791822908058666952e-01 3.163276595510917666e-01 3.492524848936952031e-01 1.185740167554318880e-01 1.990493963031699787e-01 3.626778114536311493e-01 6.080793713182304217e-01 3.906424430035435602e-01 5.796707123887470114e-01 4.069262458045500574e-01 5.247772614288848114e-01 2.782881416244155082e-01 3.659254092358731336e-01 6.958486096268831078e-01 1.087099055660872837e-01 2.181977150781972963e-01 7.337064134083123301e-01 4.519654039956038649e-01 7.931356027513585261e-01 3.802027865197920020e-01 3.588235747943463450e-01 4.650921261653513383e-01 2.324135742770624402e-01 1.642061740412572579e-01 3.076536062814982930e-01 9.604429939083936052e-02 0.000000000000000000e+00 8.549814294570263762e-01 3.897458041276177232e-01
5.661124932992824821e-01 2.754503724562150646e-01 4.726011745889464599e-01 5.352228959862376234e-01 5.361849944688501513e-01 9.285111817994962102e-02 3.401102053923360513e-01 3.378870441677225833e-01 5.748189693657355104e-01 2.452471751272491951e-01 1.013357215928342159e-01 1.901094768395409362e-01 1.805653316771199668e-01 5.139024376706698982e-01 6.865103836630335188e-01 4.822165226415502381e-01 5.817368665415068030e-02 7.748966321493471199e-01 5.933841460397775158e-01 3.202454294800997081e-01 5.257751111240186459e-01 4.507224528795013563e-01 2.693043988693856194e-01 6.631513228007390737e-01 4.004485099439580309e-01 2.234432372827233060e-01 5.410521132716282766e-01 4.490574452735768829e-01 9.613886853924746845e-02 7.692059147043048828e-01 2.595698610627698022e-01 4.957099776822644355e-01 8.549814294570263762e-01 0.000000000000000000e+00 5.230707601244950489e-01
7.123501553468675196e-01 4.103123789870051774e-01 3.697218566232922665e-01 7.980504499334356572e-01 4.280421931613045960e-01 4.255549663946425754e-01 3.209875622287328700e-01 1.452914974351635635e-01 7.503065600537657254e-01 3.658080087138301240e-01 5.635884676180186181e-01 7.275957569637924172e-01 5.226680608830662766e-01 5.643665993369118006e-01 5.543123933362528177e-01 3.801520012550899663e-01 7.045581771087094936e-01 8.142901507825990315e-01 6.692988257778142991e-01 4.876275727856854147e-01 1.000268486531189494e-01 1.761991615633794472e-01 5.084728724011418066e-01 4.407535101313007075e-01 8.264709388911969379e-01 5.584715383929710342e-01 7.080794576533732121e-01 1.106156250115238882e-01 3.566643486750867842e-01 2.439742449776491906e-01 7.643736743368280129e-01 3.046834349738470893e-01 3.897458041276177232e-01 5.230707601244950489e-01 0.000000000000000000e+00
