0.000000000000000000e+00 2.776643764670834180e-01 8.704683879558035020e-01 5.905213095838579562e-01 3.452449178626582071e-02 5.473045911798246621e-01 4.979251979573429687e-01 6.995906765890269607e-01 4.827915069762478417e-01 8.664663195886705971e-01 4.637152978940271564e-01 3.333499441751033854e-01 7.000290528277849367e-01 3.823745125690952151e-01 6.951805414931140348e-01 3.694661833395594952e-01 8.188113132980596731e-01 8.819847732231922421e-01 4.043074043479940594e-01 4.305893143169299830e-01 7.649013210534555407e-01 9.728741230812607554e-01 3.092806114886251789e-01 4.613004565325216078e-01 7.312354017025342046e-01 2.653657570131748855e-01 8.373737915950678623e-01 4.566688235618015512e-01 4.827891014821021898e-01 6.803700128853358287e-01 5.876120517011766964e-01 4.165402172564068306e-01 4.258033739775997084e-01 2.612040477447754028e-01 7.929024102790640516e-01
2.776643764670834180e-01 0.000000000000000000e+00 9.201591803698241367e-01 8.925134772478262590e-01 6.094603123868944650e-01 2.536996644342404128e-01 3.936185678238100505e-01 9.233791647503685196e-01 8.031989405526942516e-01 9.556318286313363330e-01 3.694499092944966145e-01 3.454056575550242814e-01 2.251996549224832833e-01 1.567897897282488628e-01 7.214045955706862578e-01 5.283706044150912051e-01 4.445121975409862536e-01 2.285790043641962033e-01 6.649006323801039953e-01 5.586426003879858548e-01 2.149547420826131705e-01 2.196122184294992952e-01 9.371967334011674922e-01 5.273055218544147049e-01 4.076683823370343407e-01 8.113886854097971391e-01 5.541153694307793254e-01 3.482877791851023419e-01 8.661681051667788900e-01 5.910788821427157558e-01 1.644723606022603368e-01 6.911970010671510956e-01 7.602221395138872850e-01 1.624031389091482591e-01 1.491269817939658848e-01
8.704683879558035020e-01 9.201591803698241367e-01 0.000000000000000000e+00 9.647653677635645852e-01 2.004839156572418291e-01 8.028110476479750623e-01 2.069728627579418001e-01 5.732188651180133432e-01 3.649125957267240761e-01 8.830912014826409751e-01 6.910099753320230187e-01 2.671576173453827918e-01 7.169958370589610830e-01 3.080926139691031462e-01 1.953303758729554862e-01 6.437646136230930072e-01 9.659623360431255357e-01 3.970936067376447665e-01 3.792401413082354122e-01 4.991793982432654042e-01 8.214224243535570569e-01 3.612720825255711921e-01 3.385010296317931822e-01 2.197018622033257151e-01 5.079267571312040541e-01 6.419437187737826456e-01 3.816782122453413195e-01 7.654744577152871043e-01 2.075500286884934820e-01 5.115005767864504449e-01 8.969161063769948150e-01 4.239399774655945863e-01 5.777156861519981979e-01 5.185505162056114337e-01 4.701885928474819343e-01
5.905213095838579562e-01 8.925134772478262590e-01 9.647653677635645852e-01 0.000000000000000000e+00 1.414390265939270419e-01 4.630030896966880194e-01 7.191494500047859173e-01 4.785035205581363305e-01 5.723714182304247000e-01 3.024681323061152449e-01 8.905233549110065372e-01 7.312533073025282437e-01 4.147530946630701987e-01 4.891849204678490604e-01 6.642824246642086150e-01 3.961944905076292267e-01 5.573759876136016311e-01 7.930079690026903272e-02 4.380283936982340420e-01 4.174855751206201782e-01 5.041048168434640875e-01 7.256241008748862686e-01 6.240661471415113182e-01 4.462696472060606601e-01 2.972729266669878467e-01 3.751539735505888817e-01 1.923104885037747458e-01 4.528958633705338355e-01 5.598940576596453944e-01 5.158264905158412850e-01 1.434181143230700561e-01 5.662859319656010637e-01 6.306725584975658716e-01 8.145196194062390704e-01 9.389589829830863321e-01
3.452449178626582071e-02 6.094603123868944650e-01 2.004839156572418291e-01 1.414390265939270419e-01 0.000000000000000000e+00 3.953427527683306963e-01 3.934048953232658907e-01 2.758483210587499013e-01 4.228903251879281289e-01 2.663063712234853275e-01 7.522752542757028538e-01 6.702892769852237809e-01 3.615901168837160062e-01 6.559835155464670553e-01 8.012880689362620323e-01 6.519927282962907356e-01 1.666670793116842297e-01 3.443508396481392286e-01 3.394353648266561496e-01 8.695888633111787946e-01 6.659028443044781032e-01 4.125605774165687634e-01 3.745278747172545719e-01 7.696492734442852424e-01 2.992753267646868220e-01 7.037885928238474254e-01 5.176594668346944372e-01 6.994117990858610412e-01 4.595931955778852496e-01 6.347691961828690888e-01 5.255578345675396834e-01 1.716157458977438655e-01 9.856267781889719304e-01 3.258734993773398925e-01 6.028516583125271833e-01
5.473045911798246621e-01 2.536996644342404128e-01 8.028110476479750623e-01 4.630030896966880194e-01 3.953427527683306963e-01 0.000000000000000000e+00 4.373377247669794632e-01 2.840384803800117819e-01 5.586157089217276273e-01 3.213192876296188105e-01 5.155095630797731365e-01 6.706665776230735787e-01 3.951900865797673967e-01 8.163995414074346479e-01 5.675786112237617420e-01 8.825113362918939330e-01 5.158316386582477708e-01 4.298308915330903424e-01 5.991357108351192950e-01 4.982441907020411231e-01 2.801427990917978450e-01 5.951754847779648916e-01 3.319181658727766715e-01 9.159845840273259654e-01 4.352833081595539610e-01 7.887599049145344043e-01 8.466225689498336759e-01 9.310475439976805268e-01 5.642147031403776936e-01 6.787629235563810148e-01 7.742602745061571978e-01 9.006519288737305784e-01 4.356022265259696935e-01 7.735465327646098288e-01 1.752356717427604460e-01
4.979251979573429687e-01 3.936185678238100505e-01 2.069728627579418001e-01 7.191494500047859173e-01 3.934048953232658907e-01 4.373377247669794632e-01 0.000000000000000000e+00 8.288100656651904430e-01 4.332840246179111010e-01 4.289460303260929086e-01 2.491775263518138939e-01 5.132851139857984579e-01 5.822916961999006213e-01 4.777326075305720066e-01 2.391727559044687923e-01 4.396804830137653886e-01 5.069213579994746866e-01 4.463590735885510918e-01 6.218695822898984149e-01 4.403274387386301725e-01 1.033539985612104140e-01 8.829898878138656704e-01 6.639638388650075385e-01 4.746553820216451447e-01 2.240249601236454779e-01 8.875828433756576263e-01 6.861782843219521588e-01 2.841504789404586950e-01 7.286324348629384939e-01 5.156086972085515141e-01 1.924681573149838454e-01 3.017665156188854558e-01 5.653855412824841942e-01 5.686322738159489409e-01 4.227726658744123123e-01
6.995906765890269607e-01 9.233791647503685196e-01 5.732188651180133432e-01 4.785035205581363305e-01 2.758483210587499013e-01 2.840384803800117819e-01 8.288100656651904430e-01 0.000000000000000000e+00 5.056045244595192001e-01 1.157938926106032440e-01 8.455321164208715601e-01 4.355140365689737503e-01 9.258443080806136871e-01 8.188699973235253893e-01 5.411718653470352081e-01 9.059330428054275242e-01 8.395724159807460563e-01 4.059155475260011747e-01 6.060923191880691618e-01 9.011479452963777614e-01 4.075217095420116120e-01 6.138429669220337725e-01 9.828739019115007025e-02 5.981717813235426506e-01 2.470895051347299365e-01 7.356130140169550025e-01 5.243176047018953678e-01 6.475764783713289230e-01 3.970380488019912280e-01 8.017969251747737447e-01 7.208193952886821076e-01 6.302905934363985940e-01 3.979710016247743898e-01 7.972701795779763012e-01 6.518593263200589405e-01
4.827915069762478417e-01 8.031989405526942516e-01 3.649125957267240761e-01 5.723714182304247000e-01 4.228903251879281289e-01 5.586157089217276273e-01 4.332840246179111010e-01 5.056045244595192001e-01 0.000000000000000000e+00 8.498099896885186189e-01 8.684190596467294965e-01 6.040823899814908859e-01 6.703032530794653665e-01 9.242229575730558366e-01 2.379010991273615705e-01 6.208757004212082098e-01 7.958052545820563095e-01 4.944842486064452425e-01 5.976110739136190064e-01 7.597120525547524927e-01 6.183564191799035825e-01 3.617825290559790186e-01 4.706383705248430860e-01 5.394005263208356826e-01 1.148870481152499679e-01 4.683418076604140001e-01 4.876506022427315457e-01 9.821241024428071231e-01 1.753501180779533097e-01 4.707236804475763980e-01 8.767513456756195200e-01 7.485649446302500287e-01 4.592429837544783622e-01 6.137440044110821225e-01 6.027264019633689074e-01
8.664663195886705971e-01 9.556318286313363330e-01 8.830912014826409751e-01 3.024681323061152449e-01 2.663063712234853275e-01 3.213192876296188105e-01 4.289460303260929086e-01 1.157938926106032440e-01 8.498099896885186189e-01 0.000000000000000000e+00 8.724903106306269862e-01 3.994605006510588141e-01 2.266618486232356844e-01 3.026783871104490320e-01 9.436783633229000046e-01 5.336980927685409659e-01 3.858343342281694843e-01 1.910799508008849124e-01 5.257037970637770119e-01 9.322101940072472503e-01 4.495522458939625321e-01 4.583179947784122854e-01 5.367317082056654032e-01 2.665425836769319545e-02 5.349165125580568336e-01 6.940600691599145833e-01 9.600115623122740249e-02 5.837468617492918010e-01 2.823208224492663732e-01 6.167415765720971610e-01 5.727991983635528639e-01 4.825382040456198118e-01 8.210501665665594917e-01 8.838088432690667240e-01 3.911009296105136257e-01
4.637152978940271564e-01 3.694499092944966145e-01 6.910099753320230187e-01 8.905233549110065372e-01 7.522752542757028538e-01 5.155095630797731365e-01 2.491775263518138939e-01 8.455321164208715601e-01 8.684190596467294965e-01 8.724903106306269862e-01 0.000000000000000000e+00 5.156771932728325680e-01 6.737832956416337504e-01 2.001365354372472982e-01 1.462198584058319595e-01 7.850212942696200846e-01 4.605318082040075200e-01 4.095256363814147593e-01 1.001457240190424258e-01 9.807558786381453952e-02 4.482680409669452248e-01 9.262756960080111845e-01 7.168839003853093583e-01 6.344499141437596190e-01 7.221228671380472974e-01 9.343705343327015633e-01 6.913523951928663980e-01 4.224017421639747472e-01 6.140857479735011282e-01 4.368770172991187084e-01 5.744545082132868075e-01 4.930893515946426220e-01 8.039739305179285367e-01 6.486054518547745840e-02 3.609828727483582744e-01
3.333499441751033854e-01 3.454056575550242814e-01 2.671576173453827918e-01 7.312533073025282437e-01 6.702892769852237809e-01 6.706665776230735787e-01 5.132851139857984579e-01 4.355140365689737503e-01 6.040823899814908859e-01 3.994605006510588141e-01 5.156771932728325680e-01 0.000000000000000000e+00 4.810116438424890117e-01 7.346005791197943724e-01 3.970314209273373418e-01 5.115979500387599632e-01 3.876696777504892721e-01 5.054924951611914352e-01 5.569178963929724002e-01 8.923128597086449343e-02 1.475107709781835474e-01 2.317986598865630077e-01 4.435981625550295959e-01 1.949745853760250780e-01 3.294417030537173385e-01 7.760961237448792405e-01 6.990800583423046888e-01 3.307269866997316621e-01 6.212716738436026009e-01 1.499942113245481545e-01 3.770589179259995483e-01 7.692787376304863756e-01 7.710644195873724849e-01 6.581386095001982017e-01 6.956229074026799575e-01
7.000290528277849367e-01 2.251996549224832833e-01 7.169958370589610830e-01 4.147530946630701987e-01 3.615901168837160062e-01 3.951900865797673967e-01 5.822916961999006213e-01 9.258443080806136871e-01 6.703032530794653665e-01 2.266618486232356844e-01 6.737832956416337504e-01 4.810116438424890117e-01 0.000000000000000000e+00 4.476752471531411093e-01 6.361683279360452747e-01 1.974023291456794560e-01 1.722719454775468728e-01 3.030401680190086267e-01 4.917500199856402188e-01 4.904947719698192210e-01 4.173412112934336005e-01 6.642311860445266891e-01 7.467043882654527120e-01 1.636133986874428459e-01 6.280475592170220445e-01 6.115573890178418459e-01 7.355322805132835651e-01 7.269845996788957265e-01 5.046438286221290870e-01 2.034172880373597003e-01 9.810502187663339146e-02 9.721459997375228035e-01 5.621181485701280955e-01 3.592515884972660167e-01 6.807476916371475451e-01
3.823745125690952151e-01 1.567897897282488628e-01 3.080926139691031462e-01 4.891849204678490604e-01 6.559835155464670553e-01 8.163995414074346479e-01 4.777326075305720066e-01 8.188699973235253893e-01 9.242229575730558366e-01 3.026783871104490320e-01 2.001365354372472982e-01 7.346005791197943724e-01 4.476752471531411093e-01 0.000000000000000000e+00 8.574320804746444757e-01 6.455448234685733366e-01 4.545423639652940717e-01 6.169846292424867595e-01 4.027740728748520072e-01 5.889387536421957225e-01 6.433095215495878705e-01 1.496004416583437413e-01 5.651051076969295650e-01 8.127695211699417221e-01 4.252615033082559060e-01 7.860855116807954346e-01 3.786321660350382423e-01 1.522023693091678620e-02 2.914797087172680268e-01 5.095116134629935623e-01 3.337823762854071896e-01 4.235044130261776951e-01 3.373588329772957417e-01 1.567431206042141367e-01 4.757873381611940067e-01
6.951805414931140348e-01 7.214045955706862578e-01 1.953303758729554862e-01 6.642824246642086150e-01 8.012880689362620323e-01 5.675786112237617420e-01 2.391727559044687923e-01 5.411718653470352081e-01 2.379010991273615705e-01 9.436783633229000046e-01 1.462198584058319595e-01 3.970314209273373418e-01 6.361683279360452747e-01 8.574320804746444757e-01 0.000000000000000000e+00 9.132124681844833169e-01 6.075449509023663763e-01 2.450575759172678447e-01 8.560272251111360475e-01 7.839355672391064012e-01 4.804096736011327917e-01 4.708740403157082866e-01 4.963615696040821756e-01 3.931559465789458141e-01 8.387123085477741213e-01 4.407742516679657996e-02 6.386276626686058222e-01 1.451077212920641735e-01 3.008033742147760981e-01 7.265820250693774129e-01 5.932605644070497730e-01 1.887250914822520276e-01 4.856316538171413510e-01 6.845038760969870406e-01 4.395301822506396672e-01
3.694661833395594952e-01 5.283706044150912051e-01 6.437646136230930072e-01 3.961944905076292267e-01 6.519927282962907356e-01 8.825113362918939330e-01 4.396804830137653886e-01 9.059330428054275242e-01 6.208757004212082098e-01 5.336980927685409659e-01 7.850212942696200846e-01 5.115979500387599632e-01 1.974023291456794560e-01 6.455448234685733366e-01 9.132124681844833169e-01 0.000000000000000000e+00 6.792468913928033647e-01 4.633774037263720946e-01 7.509205116350710085e-01 8.635606695170174874e-01 9.222283259318698745e-01 7.724669114240092505e-01 4.203935088034942424e-01 2.919565314679878898e-01 2.040789415396656592e-01 5.664637312870136610e-01 2.902557810504195479e-01 5.588396484141617826e-01 1.888770832052338866e-01 4.825614422654701530e-01 7.909731162399148419e-01 4.888121875189830323e-01 4.517687665000768016e-01 3.087870789877915634e-01 8.011643797648524412e-01
8.188113132980596731e-01 4.445121975409862536e-01 9.659623360431255357e-01 5.573759876136016311e-01 1.666670793116842297e-01 5.158316386582477708e-01 5.069213579994746866e-01 8.395724159807460563e-01 7.958052545820563095e-01 3.858343342281694843e-01 4.605318082040075200e-01 3.876696777504892721e-01 1.722719454775468728e-01 4.545423639652940717e-01 6.075449509023663763e-01 6.792468913928033647e-01 0.000000000000000000e+00 2.161195936299744602e-01 7.604614665187021671e-01 8.235076614602621081e-01 3.200001709401524286e-01 5.856752933813333950e-01 3.800907051618458987e-01 5.051991838817513347e-01 2.217599497313605672e-01 4.070683709635440350e-01 5.225825418463515559e-01 4.263593639915883582e-01 8.058948873740293672e-01 8.218955251246240490e-01 5.328128635139985914e-01 4.250126060531422278e-01 9.322595666857638186e-01 6.739560319786609410e-01 9.783669494122926302e-02
8.819847732231922421e-01 2.285790043641962033e-01 3.970936067376447665e-01 7.930079690026903272e-02 3.443508396481392286e-01 4.298308915330903424e-01 4.463590735885510918e-01 4.059155475260011747e-01 4.944842486064452425e-01 1.910799508008849124e-01 4.095256363814147593e-01 5.054924951611914352e-01 3.030401680190086267e-01 6.169846292424867595e-01 2.450575759172678447e-01 4.633774037263720946e-01 2.161195936299744602e-01 0.000000000000000000e+00 4.511660107304286127e-01 4.279571196805895816e-01 5.171815622320354855e-01 5.900161272504648169e-01 4.296556831953635136e-01 7.894556662327356644e-01 8.242314837568576191e-01 4.001614342655718803e-01 3.992162736683741997e-01 5.441913543132665954e-01 4.233372455242946919e-01 4.464941345954950291e-01 4.350818819469993715e-01 3.587491795523330418e-01 5.880268166193378665e-01 6.723079700897738320e-01 5.404705709377186640e-01
4.043074043479940594e-01 6.649006323801039953e-01 3.792401413082354122e-01 4.380283936982340420e-01 3.394353648266561496e-01 5.991357108351192950e-01 6.218695822898984149e-01 6.060923191880691618e-01 5.976110739136190064e-01 5.257037970637770119e-01 1.001457240190424258e-01 5.569178963929724002e-01 4.917500199856402188e-01 4.027740728748520072e-01 8.560272251111360475e-01 7.509205116350710085e-01 7.604614665187021671e-01 4.511660107304286127e-01 0.000000000000000000e+00 3.143946351765752878e-01 5.003126428660262803e-01 4.289696710150778802e-01 3.344014777424851315e-01 7.381915973633401684e-01 8.404897145553411608e-01 4.959676288808533284e-01 3.803521844075360425e-01 6.936181316059839563e-01 7.871405175353745065e-01 1.939424900074567804e-01 5.680920512594545002e-01 1.716720977098427081e-01 4.656786134233608099e-01 4.797162908587087049e-01 4.005304927851396357e-01
4.305893143169299830e-01 5.586426003879858548e-01 4.991793982432654042e-01 4.174855751206201782e-01 8.695888633111787946e-01 4.982441907020411231e-01 4.403274387386301725e-01 9.011479452963777614e-01 7.597120525547524927e-01 9.322101940072472503e-01 9.807558786381453952e-02 8.923128597086449343e-02 4.904947719698192210e-01 5.889387536421957225e-01 7.839355672391064012e-01 8.635606695170174874e-01 8.235076614602621081e-01 4.279571196805895816e-01 3.143946351765752878e-01 0.000000000000000000e+00 1.280113268138576288e-01 7.655011950396525267e-01 8.918251819461076035e-01 2.045331055861625003e-01 7.314061202077475343e-01 4.813213628801705779e-01 8.954585854779759657e-01 4.552437408154711429e-01 9.492325175359049849e-01 8.998653114557506605e-01 3.080089891574506744e-01 4.175449444228668261e-01 6.700190023305421239e-01 3.593665351361799987e-01 6.041300983965813831e-01
7.649013210534555407e-01 2.149547420826131705e-01 8.214224243535570569e-01 5.041048168434640875e-01 6.659028443044781032e-01 2.801427990917978450e-01 1.033539985612104140e-01 4.075217095420116120e-01 6.183564191799035825e-01 4.495522458939625321e-01 4.482680409669452248e-01 1.475107709781835474e-01 4.173412112934336005e-01 6.433095215495878705e-01 4.804096736011327917e-01 9.222283259318698745e-01 3.200001709401524286e-01 5.171815622320354855e-01 5.003126428660262803e-01 1.280113268138576288e-01 0.000000000000000000e+00 3.123516115046679475e-01 4.599437260342213452e-01 8.081876462642656467e-01 2.178595046198779084e-01 6.057664771497608402e-01 9.424364220990867347e-01 1.535327015539638129e-01 4.599838375697195558e-01 2.678200430356254547e-01 4.818300375909719269e-01 5.001975192336916010e-01 9.422953163206388982e-01 5.724126576136506772e-01 7.938933388624085374e-01
9.728741230812607554e-01 2.196122184294992952e-01 3.612720825255711921e-01 7.256241008748862686e-01 4.125605774165687634e-01 5.951754847779648916e-01 8.829898878138656704e-01 6.138429669220337725e-01 3.617825290559790186e-01 4.583179947784122854e-01 9.262756960080111845e-01 2.317986598865630077e-01 6.642311860445266891e-01 1.496004416583437413e-01 4.708740403157082866e-01 7.724669114240092505e-01 5.856752933813333950e-01 5.900161272504648169e-01 4.289696710150778802e-01 7.655011950396525267e-01 3.123516115046679475e-01 0.000000000000000000e+00 2.607909470469338409e-01 2.324255975663361840e-01 9.085778723865329809e-01 8.572592498184146148e-01 4.210322626875939167e-01 8.453664708947601358e-01 5.848291525298083826e-01 6.625886960065283660e-01 7.869056107974703451e-02 4.656516301286018900e-01 4.652806836833267567e-02 7.796200352475115558e-01 6.112459460886264795e-01
3.092806114886251789e-01 9.371967334011674922e-01 3.385010296317931822e-01 6.240661471415113182e-01 3.745278747172545719e-01 3.319181658727766715e-01 6.639638388650075385e-01 9.828739019115007025e-02 4.706383705248430860e-01 5.367317082056654032e-01 7.168839003853093583e-01 4.435981625550295959e-01 7.467043882654527120e-01 5.651051076969295650e-01 4.963615696040821756e-01 4.203935088034942424e-01 3.800907051618458987e-01 4.296556831953635136e-01 3.344014777424851315e-01 8.918251819461076035e-01 4.599437260342213452e-01 2.607909470469338409e-01 0.000000000000000000e+00 4.247776053993355672e-01 2.905443247831026587e-01 3.137697768665248521e-01 7.954777490360231962e-01 8.570479673078613692e-01 6.076913762538700414e-01 5.038621706867960626e-01 6.441761462329456123e-01 5.586414143693136936e-01 4.655616751508189211e-01 4.493748634979266021e-01 7.481307050358376731e-01
4.613004565325216078e-01 5.273055218544147049e-01 2.197018622033257151e-01 4.462696472060606601e-01 7.696492734442852424e-01 9.159845840273259654e-01 4.746553820216451447e-01 5.981717813235426506e-01 5.394005263208356826e-01 2.665425836769319545e-02 6.344499141437596190e-01 1.949745853760250780e-01 1.636133986874428459e-01 8.127695211699417221e-01 3.931559465789458141e-01 2.919565314679878898e-01 5.051991838817513347e-01 7.894556662327356644e-01 7.381915973633401684e-01 2.045331055861625003e-01 8.081876462642656467e-01 2.324255975663361840e-01 4.247776053993355672e-01 0.000000000000000000e+00 5.150239501612859927e-01 4.983264927403391331e-01 8.224306596995547558e-01 3.803037117639037068e-01 5.686600324624243585e-01 5.380917453591910204e-01 4.657014053597490766e-01 7.993190209473115537e-01 5.306438559998858384e-01 9.444817405683780809e-01 9.544091553694077357e-01
7.312354017025342046e-01 4.076683823370343407e-01 5.079267571312040541e-01 2.972729266669878467e-01 2.992753267646868220e-01 4.352833081595539610e-01 2.240249601236454779e-01 2.470895051347299365e-01 1.148870481152499679e-01 5.349165125580568336e-01 7.221228671380472974e-01 3.294417030537173385e-01 6.280475592170220445e-01 4.252615033082559060e-01 8.387123085477741213e-01 2.040789415396656592e-01 2.217599497313605672e-01 8.242314837568576191e-01 8.404897145553411608e-01 7.314061202077475343e-01 2.178595046198779084e-01 9.085778723865329809e-01 2.905443247831026587e-01 5.150239501612859927e-01 0.000000000000000000e+00 2.564699435694161589e-01 8.727575115172683251e-01 7.230136646483185103e-01 4.676219875410708715e-01 5.301394504097276528e-01 6.986025696144525510e-01 2.500749399246159355e-01 5.503237994325462790e-01 8.634869205001103332e-01 5.132116776157620297e-01
2.653657570131748855e-01 8.113886854097971391e-01 6.419437187737826456e-01 3.751539735505888817e-01 7.037885928238474254e-01 7.887599049145344043e-01 8.875828433756576263e-01 7.356130140169550025e-01 4.683418076604140001e-01 6.940600691599145833e-01 9.343705343327015633e-01 7.760961237448792405e-01 6.115573890178418459e-01 7.860855116807954346e-01 4.407742516679657996e-02 5.664637312870136610e-01 4.070683709635440350e-01 4.001614342655718803e-01 4.959676288808533284e-01 4.813213628801705779e-01 6.057664771497608402e-01 8.572592498184146148e-01 3.137697768665248521e-01 4.983264927403391331e-01 2.564699435694161589e-01 0.000000000000000000e+00 3.815015117986956250e-01 6.404457884070722251e-01 5.082723485402511621e-01 4.419624478520103872e-01 7.427753031336503664e-01 4.416239978322587523e-01 5.278106710479956165e-01 8.559980583414401600e-01 4.036097224780294535e-01
8.373737915950678623e-01 5.541153694307793254e-01 3.816782122453413195e-01 1.923104885037747458e-01 5.176594668346944372e-01 8.466225689498336759e-01 6.861782843219521588e-01 5.243176047018953678e-01 4.876506022427315457e-01 9.600115623122740249e-02 6.913523951928663980e-01 6.990800583423046888e-01 7.355322805132835651e-01 3.786321660350382423e-01 6.386276626686058222e-01 2.902557810504195479e-01 5.225825418463515559e-01 3.992162736683741997e-01 3.803521844075360425e-01 8.954585854779759657e-01 9.424364220990867347e-01 4.210322626875939167e-01 7.954777490360231962e-01 8.224306596995547558e-01 8.727575115172683251e-01 3.815015117986956250e-01 0.000000000000000000e+00 5.033870223409743216e-01 1.985511782144991910e-01 5.839191620656123405e-01 8.370322389634131666e-01 5.690882319528554056e-01 8.572279407378431415e-01 2.618984788908192973e-01 5.635021042327340579e-01
4.566688235618015512e-01 3.482877791851023419e-01 7.654744577152871043e-01 4.528958633705338355e-01 6.994117990858610412e-01 9.310475439976805268e-01 2.841504789404586950e-01 6.475764783713289230e-01 9.821241024428071231e-01 5.837468617492918010e-01 4.224017421639747472e-01 3.307269866997316621e-01 7.269845996788957265e-01 1.522023693091678620e-02 1.451077212920641735e-01 5.588396484141617826e-01 4.263593639915883582e-01 5.441913543132665954e-01 6.936181316059839563e-01 4.552437408154711429e-01 1.535327015539638129e-01 8.453664708947601358e-01 8.570479673078613692e-01 3.803037117639037068e-01 7.230136646483185103e-01 6.404457884070722251e-01 5.033870223409743216e-01 0.000000000000000000e+00 3.104154738172955064e-01 2.707144220448854388e-01 5.286372192774007051e-01 4.470425256788037593e-01 5.688840923647029424e-01 9.883078882862046388e-01 9.781571109313413892e-01
4.827891014821021898e-01 8.661681051667788900e-01 2.075500286884934820e-01 5.598940576596453944e-01 4.595931955778852496e-01 5.642147031403776936e-01 7.286324348629384939e-01 3.970380488019912280e-01 1.753501180779533097e-01 2.823208224492663732e-01 6.140857479735011282e-01 6.212716738436026009e-01 5.046438286221290870e-01 2.914797087172680268e-01 3.008033742147760981e-01 1.888770832052338866e-01 8.058948873740293672e-01 4.233372455242946919e-01 7.871405175353745065e-01 9.492325175359049849e-01 4.599838375697195558e-01 5.848291525298083826e-01 6.076913762538700414e-01 5.686600324624243585e-01 4.676219875410708715e-01 5.082723485402511621e-01 1.985511782144991910e-01 3.104154738172955064e-01 0.000000000000000000e+00 1.987811397423663307e-01 7.448376314906253182e-01 5.005507246911723440e-01 1.921492357655444350e-01 3.422860785605176259e-01 9.015442718363024799e-01
6.803700128853358287e-01 5.910788821427157558e-01 5.115005767864504449e-01 5.158264905158412850e-01 6.347691961828690888e-01 6.787629235563810148e-01 5.156086972085515141e-01 8.017969251747737447e-01 4.707236804475763980e-01 6.167415765720971610e-01 4.368770172991187084e-01 1.499942113245481545e-01 2.034172880373597003e-01 5.095116134629935623e-01 7.265820250693774129e-01 4.825614422654701530e-01 8.218955251246240490e-01 4.464941345954950291e-01 1.939424900074567804e-01 8.998653114557506605e-01 2.678200430356254547e-01 6.625886960065283660e-01 5.038621706867960626e-01 5.380917453591910204e-01 5.301394504097276528e-01 4.419624478520103872e-01 5.839191620656123405e-01 2.707144220448854388e-01 1.987811397423663307e-01 0.000000000000000000e+00 7.228472747498765338e-01 4.798944660651765504e-01 7.900513951244954036e-01 3.944762322847548686e-01 8.690785296768366308e-02
5.876120517011766964e-01 1.644723606022603368e-01 8.969161063769948150e-01 1.434181143230700561e-01 5.255578345675396834e-01 7.742602745061571978e-01 1.924681573149838454e-01 7.208193952886821076e-01 8.767513456756195200e-01 5.727991983635528639e-01 5.744545082132868075e-01 3.770589179259995483e-01 9.810502187663339146e-02 3.337823762854071896e-01 5.932605644070497730e-01 7.909731162399148419e-01 5.328128635139985914e-01 4.350818819469993715e-01 5.680920512594545002e-01 3.080089891574506744e-01 4.818300375909719269e-01 7.869056107974703451e-02 6.441761462329456123e-01 4.657014053597490766e-01 6.986025696144525510e-01 7.427753031336503664e-01 8.370322389634131666e-01 5.286372192774007051e-01 7.448376314906253182e-01 7.228472747498765338e-01 0.000000000000000000e+00 6.844469705916245150e-01 8.306904380568839175e-01 7.113807174350486040e-01 4.678131532139220283e-01
4.165402172564068306e-01 6.911970010671510956e-01 4.239399774655945863e-01 5.662859319656010637e-01 1.716157458977438655e-01 9.006519288737305784e-01 3.017665156188854558e-01 6.302905934363985940e-01 7.485649446302500287e-01 4.825382040456198118e-01 4.930893515946426220e-01 7.692787376304863756e-01 9.721459997375228035e-01 4.235044130261776951e-01 1.887250914822520276e-01 4.888121875189830323e-01 4.250126060531422278e-01 3.587491795523330418e-01 1.716720977098427081e-01 4.175449444228668261e-01 5.001975192336916010e-01 4.656516301286018900e-01 5.586414143693136936e-01 7.993190209473115537e-01 2.500749399246159355e-01 4.416239978322587523e-01 5.690882319528554056e-01 4.470425256788037593e-01 5.005507246911723440e-01 4.798944660651765504e-01 6.844469705916245150e-01 0.000000000000000000e+00 8.422514614285998569e-01 8.412164902137122535e-01 4.911481602520488821e-01
4.258033739775997084e-01 7.602221395138872850e-01 5.777156861519981979e-01 6.306725584975658716e-01 9.856267781889719304e-01 4.356022265259696935e-01 5.653855412824841942e-01 3.979710016247743898e-01 4.592429837544783622e-01 8.210501665665594917e-01 8.039739305179285367e-01 7.710644195873724849e-01 5.621181485701280955e-01 3.373588329772957417e-01 4.856316538171413510e-01 4.517687665000768016e-01 9.322595666857638186e-01 5.880268166193378665e-01 4.656786134233608099e-01 6.700190023305421239e-01 9.422953163206388982e-01 4.652806836833267567e-02 4.655616751508189211e-01 5.306438559998858384e-01 5.503237994325462790e-01 5.278106710479956165e-01 8.572279407378431415e-01 5.688840923647029424e-01 1.921492357655444350e-01 7.900513951244954036e-01 8.306904380568839175e-01 8.422514614285998569e-01 0.000000000000000000e+00 5.777367571170062277e-01 1.872448532377849473e-01
2.612040477447754028e-01 1.624031389091482591e-01 5.185505162056114337e-01 8.145196194062390704e-01 3.258734993773398925e-01 7.735465327646098288e-01 5.686322738159489409e-01 7.972701795779763012e-01 6.137440044110821225e-01 8.838088432690667240e-01 6.486054518547745840e-02 6.581386095001982017e-01 3.592515884972660167e-01 1.567431206042141367e-01 6.845038760969870406e-01 3.087870789877915634e-01 6.739560319786609410e-01 6.723079700897738320e-01 4.797162908587087049e-01 3.593665351361799987e-01 5.724126576136506772e-01 7.796200352475115558e-01 4.493748634979266021e-01 9.444817405683780809e-01 8.634869205001103332e-01 8.559980583414401600e-01 2.618984788908192973e-01 9.883078882862046388e-01 3.422860785605176259e-01 3.944762322847548686e-01 7.113807174350486040e-01 8.412164902137122535e-01 5.777367571170062277e-01 0.000000000000000000e+00 5.444627072614531826e-01
7.929024102790640516e-01 1.491269817939658848e-01 4.701885928474819343e-01 9.389589829830863321e-01 6.028516583125271833e-01 1.752356717427604460e-01 4.227726658744123123e-01 6.518593263200589405e-01 6.027264019633689074e-01 3.911009296105136257e-01 3.609828727483582744e-01 6.956229074026799575e-01 6.807476916371475451e-01 4.757873381611940067e-01 4.395301822506396672e-01 8.011643797648524412e-01 9.783669494122926302e-02 5.404705709377186640e-01 4.005304927851396357e-01 6.041300983965813831e-01 7.938933388624085374e-01 6.112459460886264795e-01 7.481307050358376731e-01 9.544091553694077357e-01 5.132116776157620297e-01 4.036097224780294535e-01 5.635021042327340579e-01 9.781571109313413892e-01 9.015442718363024799e-01 8.690785296768366308e-02 4.678131532139220283e-01 4.911481602520488821e-01 1.872448532377849473e-01 5.444627072614531826e-01 0.000000000000000000e+00
