0.000000000000000000e+00 4.722362975117594397e-01 7.236487135155192929e-01 4.933821705166414606e-01 5.403667015355138048e-01 7.810251402775900686e-01 9.338364111154289215e-01 6.270841807810301205e-01 5.067395571618162897e-01 3.026705254871553397e-01 3.086890944192813291e-01 1.059957944291038956e-01 7.865043442544150665e-01 6.392456282675869073e-01 4.820597909375924361e-01 8.808442754329308677e-01 1.471648720911944430e-01 6.563893709330621551e-01 5.869960524368822430e-01 4.875239988189571383e-01 3.802284649317866361e-01 7.411431690742582568e-01 1.342560042768866646e-01 7.324820135280711852e-01 8.502462515007981336e-01 3.534998577139767395e-01 3.366302078320444480e-01 3.490990884016836326e-01 7.789930341099472466e-01 8.426472822873509738e-01 2.733449133687210209e-01 3.794691594501564680e-01 7.589001511742432537e-01 7.109325666803807398e-01 1.209291945076963470e-01
4.722362975117594397e-01 0.000000000000000000e+00 1.371879536853466419e-01 3.936917065766738499e-01 5.876158829749105195e-01 6.704681384141042422e-02 3.773830851729533808e-01 5.693009880739433592e-01 7.339467671463091314e-01 6.102457604964265370e-01 6.303320272941876912e-01 6.927467970926768359e-01 6.846277722437048574e-01 4.356270743660647371e-01 1.301519877921822888e-01 8.228367789192103654e-01 3.862379943550445782e-01 3.366949022373073586e-01 8.438255281171233024e-01 2.243064325878537657e-01 4.002556265401930879e-01 7.787806346421104475e-01 5.864234241928630853e-01 4.903669956853445311e-01 3.315296585901221227e-01 4.855810118442849821e-01 8.148915565121563898e-01 8.967684974484007032e-01 3.188455173434725509e-01 8.905558258824212148e-01 3.773414419474342973e-01 1.638254774994334362e-01 7.329145466947454279e-01 5.082369406547869728e-01 8.784183241174277068e-01
7.236487135155192929e-01 1.371879536853466419e-01 0.000000000000000000e+00 6.000080147396974484e-01 7.954373425378273854e-01 5.578932701523512394e-01 4.241270961123506655e-01 4.124305374005018399e-01 4.015854453081001418e-01 3.518814268361228348e-01 6.194596258245119724e-01 3.383275295865196819e-01 2.836704062387960246e-01 5.146400288166825820e-01 3.500271288612659681e-01 4.930654272973677976e-01 5.100660509830923228e-01 6.761566363759110576e-01 3.201448958241052689e-01 9.292999893451714399e-02 5.712872957720782630e-01 4.931313058325115239e-01 6.079354846977610416e-01 7.241891559004784984e-01 2.044254733230871368e-01 5.541951316089928081e-01 7.730868949180274008e-01 2.932328779599712165e-01 7.339298656838098012e-01 6.014462583042372579e-01 6.330388032575011703e-01 2.097636505336243351e-01 4.247324056630666367e-01 5.119626506506496089e-01 3.489424757944196154e-01
4.933821705166414606e-01 3.936917065766738499e-01 6.000080147396974484e-01 0.000000000000000000e+00 1.592341988409332609e-01 4.848826750683469800e-01 8.483860368595966817e-01 9.098075152359412776e-01 5.997041430025484843e-01 2.555947170771378785e-01 4.681073074329429318e-01 5.678855927772035184e-01 4.740097998666518153e-01 4.813336852809014244e-01 7.294307139916954563e-01 6.098535352729246295e-01 9.189010564867414743e-01 3.756288650658131667e-01 5.002110460247876089e-01 7.868870390802320536e-01 2.852619664877316108e-01 2.927828588921064235e-01 7.436438087879200243e-01 4.117851770631120178e-01 1.617757638286112520e-01 3.138072417649516721e-01 3.333758294726468785e-01 4.762568871941377791e-01 7.080525587540711374e-01 6.195918355186740278e-01 4.950356673039810196e-01 7.167376154534902399e-01 5.023022269961023856e-01 6.675430364711694153e-01 4.978709494028299432e-01
5.403667015355138048e-01 5.876158829749105195e-01 7.954373425378273854e-01 1.592341988409332609e-01 0.000000000000000000e+00 4.820034155058520731e-01 2.432877997200350029e-01 5.082788494699610471e-01 5.353953400369446669e-01 5.798633243433692908e-01 6.441569653193348621e-01 9.758813421782297493e-02 2.561440285378250303e-01 7.122710483928372804e-01 4.811749619693176383e-01 5.028482625089620850e-01 9.034064547378028998e-01 1.212559397034447262e-01 3.492179874228480974e-01 8.467400316119433334e-01 2.585221422579714323e-01 5.347649677076100616e-01 1.598641647568642132e-01 5.762566916367821701e-01 8.059947870027346362e-01 2.431772432208584300e-01 4.732789759126084794e-01 7.213979023123275880e-01 6.620995536647102941e-01 1.916221845480415298e-01 4.963905703627416455e-01 2.792489904405649481e-01 8.728843367096138506e-01 2.345588692831535038e-01 4.689827880349256017e-01
7.810251402775900686e-01 6.704681384141042422e-02 5.578932701523512394e-01 4.848826750683469800e-01 4.820034155058520731e-01 0.000000000000000000e+00 4.640779023390221858e-01 1.311818235793372756e-01 3.280393530324207108e-01 7.332945175286884609e-01 1.848368421072003054e-01 6.153155199174124013e-01 4.987372776800095275e-01 6.508412001008940795e-01 7.968035761415326323e-01 8.875829773982517601e-01 6.016636670213557636e-01 4.585646778132959067e-01 7.624401043145141443e-01 6.083221787484949239e-01 5.451263298262034596e-01 2.653833590674741227e-01 4.861022124827332203e-01 6.386455229724682381e-01 7.280859720893956277e-01 6.003806447710273719e-01 3.912246593191711641e-01 6.038229751336288142e-01 6.067185636576637453e-01 3.865550223698245302e-01 5.340868357059948002e-01 5.265203582620630041e-01 7.367874489826979900e-01 3.195249856392392562e-01 5.892213000017076929e-01
9.338364111154289215e-01 3.773830851729533808e-01 4.241270961123506655e-01 8.483860368595966817e-01 2.432877997200350029e-01 4.640779023390221858e-01 0.000000000000000000e+00 8.583529566175145398e-01 4.989268411060262531e-01 5.911401896962836799e-01 2.594870507345679034e-01 3.939846569437767121e-01 5.565528102875576533e-01 7.477792735723046702e-01 5.591433469679791823e-01 9.537783255761859147e-01 7.473105580134410397e-01 8.391277423564230675e-01 4.355185814161619540e-01 1.023905934100659554e-01 3.461142683905173989e-01 3.449072516980569159e-01 6.290419095108912284e-01 5.716316841021330530e-01 2.315577490484448386e-01 4.052700001289416543e-01 5.357147160274754460e-01 9.447524525584636290e-01 7.347347825941701327e-01 6.698174931249971653e-01 4.147621700393918642e-01 2.478229207073879836e-01 8.047260910055130667e-01 7.751644588966226657e-01 5.161556436949995552e-01
6.270841807810301205e-01 5.693009880739433592e-01 4.124305374005018399e-01 9.098075152359412776e-01 5.082788494699610471e-01 1.311818235793372756e-01 8.583529566175145398e-01 0.000000000000000000e+00 5.296783359303759431e-01 4.522946818424160020e-01 5.202731347586627697e-01 2.851635351493708725e-01 4.502916201419230324e-01 8.890948245518299764e-01 9.028711536083524614e-01 8.296347046418939275e-01 5.306050955800269975e-01 9.472718132293469484e-01 3.860273974019684529e-01 3.042233290298177462e-01 8.036195652576152426e-01 6.851801366929365367e-01 7.129862406186053825e-01 7.170802194491291415e-01 4.852748767428609611e-01 4.901516460786663476e-01 2.830663977600221815e-01 5.211127416980603222e-01 7.791866144487312740e-01 7.122576232540496211e-01 4.822636563145780708e-01 4.898490188996905137e-01 4.357699775408788168e-01 4.171641004964251609e-01 5.967944633321530246e-01
5.067395571618162897e-01 7.339467671463091314e-01 4.015854453081001418e-01 5.997041430025484843e-01 5.353953400369446669e-01 3.280393530324207108e-01 4.989268411060262531e-01 5.296783359303759431e-01 0.000000000000000000e+00 3.306556244014847712e-01 3.024704942111642869e-01 5.127124175622792546e-01 5.066018545882267077e-01 5.276559131805149683e-01 9.396949718003799745e-01 2.757288969457423189e-01 3.129061883451548787e-01 6.200125040191417636e-01 5.619256114468313967e-01 8.452669429699584125e-01 7.575931986040872479e-01 1.363158651092833407e-01 8.728375659956886246e-01 4.344591409703844054e-01 5.140112466453854445e-01 8.146039355628414969e-01 3.296667704646250030e-01 6.844068440285149268e-01 4.113382305533005434e-01 2.273685276331086635e-01 3.189971882736696296e-01 6.208094404174515635e-01 4.380725109494634784e-01 4.905819735813539140e-01 3.147705395464375222e-01
3.026705254871553397e-01 6.102457604964265370e-01 3.518814268361228348e-01 2.555947170771378785e-01 5.798633243433692908e-01 7.332945175286884609e-01 5.911401896962836799e-01 4.522946818424160020e-01 3.306556244014847712e-01 0.000000000000000000e+00 2.138467323092243522e-01 2.973174931606530902e-01 5.368186545948103738e-01 2.456597893065016747e-01 9.269748382152867006e-01 1.420636520761754396e-01 6.760556301458751083e-01 5.171884075666358660e-01 5.758404377280712527e-02 1.801284589448474138e-01 4.477794297985860372e-01 4.498458582600129985e-01 2.403689615019266590e-01 2.445577582770233072e-01 3.871453910701569967e-01 4.208744798399308706e-01 4.176538482926671625e-01 9.199324335585660206e-01 3.144585922453231874e-01 4.950244523906775496e-01 1.995864936468547679e-01 2.179575938638967925e-01 5.425011747864818545e-01 3.033994874604607483e-01 2.203704756907907125e-01
3.086890944192813291e-01 6.303320272941876912e-01 6.194596258245119724e-01 4.681073074329429318e-01 6.441569653193348621e-01 1.848368421072003054e-01 2.594870507345679034e-01 5.202731347586627697e-01 3.024704942111642869e-01 2.138467323092243522e-01 0.000000000000000000e+00 6.972094641474320120e-01 2.018554161441014072e-01 3.674754019364974145e-01 7.297576898599245077e-02 6.053445083199781029e-01 6.352473444393080815e-01 4.856268777778061096e-01 4.617214024240868797e-01 9.669730124949982297e-01 3.574008067773252195e-01 8.613237375238260718e-01 6.336341840281978222e-01 3.192978662543746737e-01 6.537041029244661239e-01 4.919860925386596029e-01 5.067941457400950700e-01 4.160254055625162151e-01 6.450754052696983099e-01 3.246932512810869476e-01 7.450019141859989258e-01 4.546582757718373724e-01 9.350340299293016244e-01 4.446873957608883376e-01 3.002462671995065335e-01
1.059957944291038956e-01 6.927467970926768359e-01 3.383275295865196819e-01 5.678855927772035184e-01 9.758813421782297493e-02 6.153155199174124013e-01 3.939846569437767121e-01 2.851635351493708725e-01 5.127124175622792546e-01 2.973174931606530902e-01 6.972094641474320120e-01 0.000000000000000000e+00 4.107516407217875476e-01 4.729932172276865021e-01 5.883640574493278486e-01 5.362316160915570062e-01 4.495840435286365677e-01 3.606967060137071801e-01 2.626784708909994936e-01 2.911190731616380423e-01 7.459957992129377935e-01 8.925057359084724862e-01 2.878429383317673285e-01 8.579065564638603814e-01 3.761639519999622205e-01 5.469531603019537336e-01 5.910564562288558310e-01 7.278552091673098356e-01 4.287031012015597442e-01 5.669727673415019265e-01 2.889184353018865448e-01 2.969142702970244407e-01 3.423216422161684536e-01 4.316056466585677098e-01 7.480521096074558285e-01
7.865043442544150665e-01 6.846277722437048574e-01 2.836704062387960246e-01 4.740097998666518153e-01 2.561440285378250303e-01 4.987372776800095275e-01 5.565528102875576533e-01 4.502916201419230324e-01 5.066018545882267077e-01 5.368186545948103738e-01 2.018554161441014072e-01 4.107516407217875476e-01 0.000000000000000000e+00 8.757113943390799626e-01 8.071853207391417317e-01 7.854126162391387167e-01 7.090715080130005621e-01 6.392055944197763129e-01 7.223341378040963878e-01 7.144173137256353279e-01 1.277526873814378572e-01 6.528162069750456098e-01 1.349925707229058247e-01 1.996123288077118474e-01 7.152052127324710629e-01 6.383911969145946719e-01 5.279868589705356552e-01 4.932544564514271812e-01 8.468275165666070414e-01 5.357556336479447623e-01 2.128947329270772792e-01 1.876001425651042664e-01 9.813476991591336684e-01 8.266510222404968022e-01 6.210922086460211045e-01
6.392456282675869073e-01 4.356270743660647371e-01 5.146400288166825820e-01 4.813336852809014244e-01 7.122710483928372804e-01 6.508412001008940795e-01 7.477792735723046702e-01 8.890948245518299764e-01 5.276559131805149683e-01 2.456597893065016747e-01 3.674754019364974145e-01 4.729932172276865021e-01 8.757113943390799626e-01 0.000000000000000000e+00 8.175307714467072717e-01 5.499402819344452187e-01 9.116684219412179990e-02 6.384731034671394800e-01 5.832190303543516308e-01 2.651339154927956354e-01 6.563241787001886651e-01 3.676115569417167661e-01 3.768797054324457552e-01 7.988532516854977006e-01 5.014091515077525596e-01 5.522052757750572916e-01 7.624241855140042601e-01 3.690884150731670310e-01 7.139158422686631145e-02 4.065193356218783638e-01 4.361058005005624683e-01 2.770575847412113379e-01 9.767170417947201866e-01 3.955260209160622042e-01 1.472289592827078497e-01
4.820597909375924361e-01 1.301519877921822888e-01 3.500271288612659681e-01 7.294307139916954563e-01 4.811749619693176383e-01 7.968035761415326323e-01 5.591433469679791823e-01 9.028711536083524614e-01 9.396949718003799745e-01 9.269748382152867006e-01 7.297576898599245077e-02 5.883640574493278486e-01 8.071853207391417317e-01 8.175307714467072717e-01 0.000000000000000000e+00 2.963250996617134980e-01 8.250848360250769842e-01 3.791692297390720778e-01 9.000025782657548046e-01 7.982973036568488112e-01 5.632344073478483537e-01 7.426224520150885855e-01 6.943018310935014092e-01 7.441755349019495425e-01 7.472517002580414403e-01 2.408179359598375813e-01 3.162314808423078993e-01 6.428782185844184038e-01 2.584127565106700830e-01 6.960604639277410133e-01 3.077311535225093486e-01 3.972446953692952976e-01 7.329317575014417940e-01 3.880037696315977724e-01 5.961736909587277422e-01
8.808442754329308677e-01 8.228367789192103654e-01 4.930654272973677976e-01 6.098535352729246295e-01 5.028482625089620850e-01 8.875829773982517601e-01 9.537783255761859147e-01 8.296347046418939275e-01 2.757288969457423189e-01 1.420636520761754396e-01 6.053445083199781029e-01 5.362316160915570062e-01 7.854126162391387167e-01 5.499402819344452187e-01 2.963250996617134980e-01 0.000000000000000000e+00 9.251582217297715793e-01 6.502319332117016959e-01 7.195407910478817115e-01 2.298971399081927713e-01 3.961213210617644531e-01 7.083783744381152436e-01 6.311529440998151497e-01 3.978493274119418999e-01 6.650717817889619798e-01 5.857226134542985463e-01 8.350949629224067028e-01 5.078333857026717801e-02 1.333834979619417105e-01 7.769275637057776462e-01 1.483951077759004811e-01 4.288644742209780647e-01 1.720357992994613339e-01 4.442112478705644851e-01 7.085160328093731419e-01
1.471648720911944430e-01 3.862379943550445782e-01 5.100660509830923228e-01 9.189010564867414743e-01 9.034064547378028998e-01 6.016636670213557636e-01 7.473105580134410397e-01 5.306050955800269975e-01 3.129061883451548787e-01 6.760556301458751083e-01 6.352473444393080815e-01 4.495840435286365677e-01 7.090715080130005621e-01 9.116684219412179990e-02 8.250848360250769842e-01 9.251582217297715793e-01 0.000000000000000000e+00 8.238854610461506800e-01 5.881702563012320972e-01 4.123288968339053895e-01 7.666704788394115289e-01 9.758729619735306837e-01 3.289726381768075525e-01 2.888958274858586806e-01 7.726023064511877703e-01 6.212134938000523077e-01 4.882509426410271969e-01 3.656058471672594123e-01 5.133603096777312746e-01 1.900119932131245082e-01 2.966029048358473919e-01 5.178843711816984996e-01 1.466909464297975196e-01 7.276420370461098575e-01 1.441313388491241021e-01
6.563893709330621551e-01 3.366949022373073586e-01 6.761566363759110576e-01 3.756288650658131667e-01 1.212559397034447262e-01 4.585646778132959067e-01 8.391277423564230675e-01 9.472718132293469484e-01 6.200125040191417636e-01 5.171884075666358660e-01 4.856268777778061096e-01 3.606967060137071801e-01 6.392055944197763129e-01 6.384731034671394800e-01 3.791692297390720778e-01 6.502319332117016959e-01 8.238854610461506800e-01 0.000000000000000000e+00 8.957077532468156189e-01 5.768984624017783336e-01 7.101510152880556870e-01 5.036225414803965350e-01 5.457511901243632391e-01 4.596977140955675889e-01 3.657017667045927567e-01 7.114351298016424741e-01 1.142738998374240866e-01 4.065098666554619045e-01 4.714001773118448591e-01 5.043420836923334649e-01 6.492219536877297248e-01 2.404925680652737485e-01 1.913896360677002084e-01 1.894221821803114825e-01 5.146558737327131539e-01
5.869960524368822430e-01 8.438255281171233024e-01 3.201448958241052689e-01 5.002110460247876089e-01 3.492179874228480974e-01 7.624401043145141443e-01 4.355185814161619540e-01 3.860273974019684529e-01 5.619256114468313967e-01 5.758404377280712527e-02 4.617214024240868797e-01 2.626784708909994936e-01 7.223341378040963878e-01 5.832190303543516308e-01 9.000025782657548046e-01 7.195407910478817115e-01 5.881702563012320972e-01 8.957077532468156189e-01 0.000000000000000000e+00 3.901073203722128513e-01 4.829174804456707881e-01 6.845390516312976903e-01 7.181842814204898451e-01 7.375004740782750146e-01 6.404844890130436674e-01 6.057078635144919065e-01 4.701653889450863044e-02 8.255813683641815004e-01 4.532289027246552138e-01 3.910328709283932835e-01 6.238734505062368818e-01 5.081834497650629112e-01 6.670942625797007253e-01 4.936088250495402896e-01 2.049996980532520219e-02
4.875239988189571383e-01 2.243064325878537657e-01 9.292999893451714399e-02 7.868870390802320536e-01 8.467400316119433334e-01 6.083221787484949239e-01 1.023905934100659554e-01 3.042233290298177462e-01 8.452669429699584125e-01 1.801284589448474138e-01 9.669730124949982297e-01 2.911190731616380423e-01 7.144173137256353279e-01 2.651339154927956354e-01 7.982973036568488112e-01 2.298971399081927713e-01 4.123288968339053895e-01 5.768984624017783336e-01 3.901073203722128513e-01 0.000000000000000000e+00 1.566746946105398441e-01 6.272404973299425812e-01 6.604972623389142594e-01 8.580992643804541409e-01 6.240958290932320240e-01 4.705423399707892029e-01 4.046501579136884130e-01 4.420758486259789288e-01 4.964159844763460505e-01 3.033835366160410052e-01 6.009475306665986727e-01 4.490139927632543215e-01 7.934470417727954583e-01 2.586639161813838461e-01 7.615781517781847754e-01
3.802284649317866361e-01 4.002556265401930879e-01 5.712872957720782630e-01 2.852619664877316108e-01 2.585221422579714323e-01 5.451263298262034596e-01 3.461142683905173989e-01 8.036195652576152426e-01 7.575931986040872479e-01 4.477794297985860372e-01 3.574008067773252195e-01 7.459957992129377935e-01 1.277526873814378572e-01 6.563241787001886651e-01 5.632344073478483537e-01 3.961213210617644531e-01 7.666704788394115289e-01 7.101510152880556870e-01 4.829174804456707881e-01 1.566746946105398441e-01 0.000000000000000000e+00 5.046459712261944786e-01 5.366666799681250044e-01 5.940546259111647576e-01 1.140038860855839831e-01 5.677680546834968922e-01 3.417421061820489214e-01 4.449909049804281480e-01 4.533714330376138468e-01 4.929620279971094199e-01 3.620041334035204450e-01 8.333506637613607992e-01 3.234133138881054581e-01 5.367658634498331249e-01 6.797191230642916082e-01
7.411431690742582568e-01 7.787806346421104475e-01 4.931313058325115239e-01 2.927828588921064235e-01 5.347649677076100616e-01 2.653833590674741227e-01 3.449072516980569159e-01 6.851801366929365367e-01 1.363158651092833407e-01 4.498458582600129985e-01 8.613237375238260718e-01 8.925057359084724862e-01 6.528162069750456098e-01 3.676115569417167661e-01 7.426224520150885855e-01 7.083783744381152436e-01 9.758729619735306837e-01 5.036225414803965350e-01 6.845390516312976903e-01 6.272404973299425812e-01 5.046459712261944786e-01 0.000000000000000000e+00 2.851795089217986634e-01 6.938354038398729662e-01 6.383790400813909027e-01 4.578070951343766737e-01 3.155349378186577125e-01 5.251257178160614325e-01 2.755396800149638725e-01 4.178243768184929374e-01 2.870496385878012480e-01 5.356832742858252949e-01 5.100020740427935184e-01 5.016542279763479550e-01 5.014554058686374605e-01
1.342560042768866646e-01 5.864234241928630853e-01 6.079354846977610416e-01 7.436438087879200243e-01 1.598641647568642132e-01 4.861022124827332203e-01 6.290419095108912284e-01 7.129862406186053825e-01 8.728375659956886246e-01 2.403689615019266590e-01 6.336341840281978222e-01 2.878429383317673285e-01 1.349925707229058247e-01 3.768797054324457552e-01 6.943018310935014092e-01 6.311529440998151497e-01 3.289726381768075525e-01 5.457511901243632391e-01 7.181842814204898451e-01 6.604972623389142594e-01 5.366666799681250044e-01 2.851795089217986634e-01 0.000000000000000000e+00 7.405535079471596838e-01 7.237185386542462906e-01 5.928787681233080864e-01 4.433570138652991321e-01 5.718552241255128177e-01 6.488243913630404869e-01 5.536704669855347927e-01 8.020526191929377990e-02 6.054500132896403208e-01 3.313977823653159183e-01 5.430703365208859879e-01 6.228843006319553233e-01
7.324820135280711852e-01 4.903669956853445311e-01 7.241891559004784984e-01 4.117851770631120178e-01 5.762566916367821701e-01 6.386455229724682381e-01 5.716316841021330530e-01 7.170802194491291415e-01 4.344591409703844054e-01 2.445577582770233072e-01 3.192978662543746737e-01 8.579065564638603814e-01 1.996123288077118474e-01 7.988532516854977006e-01 7.441755349019495425e-01 3.978493274119418999e-01 2.888958274858586806e-01 4.596977140955675889e-01 7.375004740782750146e-01 8.580992643804541409e-01 5.940546259111647576e-01 6.938354038398729662e-01 7.405535079471596838e-01 0.000000000000000000e+00 2.049490416376335000e-01 7.079338608135373745e-01 4.846339769551102350e-01 7.964706669225734004e-01 1.359046322685365515e-01 9.233284325102497636e-01 4.750538388493521502e-01 8.369980473034466240e-01 3.350193500088419762e-01 3.575835117918905182e-01 8.969720590335796828e-01
8.502462515007981336e-01 3.315296585901221227e-01 2.044254733230871368e-01 1.617757638286112520e-01 8.059947870027346362e-01 7.280859720893956277e-01 2.315577490484448386e-01 4.852748767428609611e-01 5.140112466453854445e-01 3.871453910701569967e-01 6.537041029244661239e-01 3.761639519999622205e-01 7.152052127324710629e-01 5.014091515077525596e-01 7.472517002580414403e-01 6.650717817889619798e-01 7.726023064511877703e-01 3.657017667045927567e-01 6.404844890130436674e-01 6.240958290932320240e-01 1.140038860855839831e-01 6.383790400813909027e-01 7.237185386542462906e-01 2.049490416376335000e-01 0.000000000000000000e+00 1.714458420178257003e-01 5.302671039882944637e-01 8.584819458504875378e-01 3.132636737951111083e-01 6.188208650218294249e-01 1.777358009998258326e-01 9.305480690861454018e-01 9.323265728534750885e-01 5.953353426934759884e-01 8.631182205176858302e-01
3.534998577139767395e-01 4.855810118442849821e-01 5.541951316089928081e-01 3.138072417649516721e-01 2.431772432208584300e-01 6.003806447710273719e-01 4.052700001289416543e-01 4.901516460786663476e-01 8.146039355628414969e-01 4.208744798399308706e-01 4.919860925386596029e-01 5.469531603019537336e-01 6.383911969145946719e-01 5.522052757750572916e-01 2.408179359598375813e-01 5.857226134542985463e-01 6.212134938000523077e-01 7.114351298016424741e-01 6.057078635144919065e-01 4.705423399707892029e-01 5.677680546834968922e-01 4.578070951343766737e-01 5.928787681233080864e-01 7.079338608135373745e-01 1.714458420178257003e-01 0.000000000000000000e+00 2.508863921069976466e-01 3.118803072795709452e-01 5.514245687222643078e-01 9.242714537461984570e-01 4.528684139497052286e-01 1.359565665686419678e-01 8.019111913350274179e-02 6.569979205198284156e-01 3.828094730522071387e-01
3.366302078320444480e-01 8.148915565121563898e-01 7.730868949180274008e-01 3.333758294726468785e-01 4.732789759126084794e-01 3.912246593191711641e-01 5.357147160274754460e-01 2.830663977600221815e-01 3.296667704646250030e-01 4.176538482926671625e-01 5.067941457400950700e-01 5.910564562288558310e-01 5.279868589705356552e-01 7.624241855140042601e-01 3.162314808423078993e-01 8.350949629224067028e-01 4.882509426410271969e-01 1.142738998374240866e-01 4.701653889450863044e-02 4.046501579136884130e-01 3.417421061820489214e-01 3.155349378186577125e-01 4.433570138652991321e-01 4.846339769551102350e-01 5.302671039882944637e-01 2.508863921069976466e-01 0.000000000000000000e+00 3.971180878531642144e-01 5.050028186520236773e-01 7.056704415975161293e-01 6.234830176727426121e-01 8.188167097259397842e-01 4.814972175032020685e-01 9.029533309222086412e-01 3.042378419603823936e-01
3.490990884016836326e-01 8.967684974484007032e-01 2.932328779599712165e-01 4.762568871941377791e-01 7.213979023123275880e-01 6.038229751336288142e-01 9.447524525584636290e-01 5.211127416980603222e-01 6.844068440285149268e-01 9.199324335585660206e-01 4.160254055625162151e-01 7.278552091673098356e-01 4.932544564514271812e-01 3.690884150731670310e-01 6.428782185844184038e-01 5.078333857026717801e-02 3.656058471672594123e-01 4.065098666554619045e-01 8.255813683641815004e-01 4.420758486259789288e-01 4.449909049804281480e-01 5.251257178160614325e-01 5.718552241255128177e-01 7.964706669225734004e-01 8.584819458504875378e-01 3.118803072795709452e-01 3.971180878531642144e-01 0.000000000000000000e+00 4.230496768815590336e-01 3.198436644271991369e-01 2.635258412143251516e-01 6.417726974875415102e-01 8.389166725837096106e-01 6.720866832427150328e-01 7.117905517878011512e-01
7.789930341099472466e-01 3.188455173434725509e-01 7.339298656838098012e-01 7.080525587540711374e-01 6.620995536647102941e-01 6.067185636576637453e-01 7.347347825941701327e-01 7.791866144487312740e-01 4.113382305533005434e-01 3.144585922453231874e-01 6.450754052696983099e-01 4.287031012015597442e-01 8.468275165666070414e-01 7.139158422686631145e-02 2.584127565106700830e-01 1.333834979619417105e-01 5.133603096777312746e-01 4.714001773118448591e-01 4.532289027246552138e-01 4.964159844763460505e-01 4.533714330376138468e-01 2.755396800149638725e-01 6.488243913630404869e-01 1.359046322685365515e-01 3.132636737951111083e-01 5.514245687222643078e-01 5.050028186520236773e-01 4.230496768815590336e-01 0.000000000000000000e+00 8.727967591433594130e-02 6.567266262788078457e-01 5.366679808129185547e-01 4.771418810769120222e-01 5.603267749657608876e-01 8.891274310768739753e-01
8.426472822873509738e-01 8.905558258824212148e-01 6.014462583042372579e-01 6.195918355186740278e-01 1.916221845480415298e-01 3.865550223698245302e-01 6.698174931249971653e-01 7.122576232540496211e-01 2.273685276331086635e-01 4.950244523906775496e-01 3.246932512810869476e-01 5.669727673415019265e-01 5.357556336479447623e-01 4.065193356218783638e-01 6.960604639277410133e-01 7.769275637057776462e-01 1.900119932131245082e-01 5.043420836923334649e-01 3.910328709283932835e-01 3.033835366160410052e-01 4.929620279971094199e-01 4.178243768184929374e-01 5.536704669855347927e-01 9.233284325102497636e-01 6.188208650218294249e-01 9.242714537461984570e-01 7.056704415975161293e-01 3.198436644271991369e-01 8.727967591433594130e-02 0.000000000000000000e+00 6.214891052321112053e-01 7.160208428703515038e-01 9.264649490213701100e-01 3.818698418274925066e-01 6.686184116986524373e-01
2.733449133687210209e-01 3.773414419474342973e-01 6.330388032575011703e-01 4.950356673039810196e-01 4.963905703627416455e-01 5.340868357059948002e-01 4.147621700393918642e-01 4.822636563145780708e-01 3.189971882736696296e-01 1.995864936468547679e-01 7.450019141859989258e-01 2.889184353018865448e-01 2.128947329270772792e-01 4.361058005005624683e-01 3.077311535225093486e-01 1.483951077759004811e-01 2.966029048358473919e-01 6.492219536877297248e-01 6.238734505062368818e-01 6.009475306665986727e-01 3.620041334035204450e-01 2.870496385878012480e-01 8.020526191929377990e-02 4.750538388493521502e-01 1.777358009998258326e-01 4.528684139497052286e-01 6.234830176727426121e-01 2.635258412143251516e-01 6.567266262788078457e-01 6.214891052321112053e-01 0.000000000000000000e+00 3.022369795557782735e-01 4.134010009963157151e-01 4.652107521713501059e-01 7.702176881071667314e-01
3.794691594501564680e-01 1.638254774994334362e-01 2.097636505336243351e-01 7.167376154534902399e-01 2.792489904405649481e-01 5.265203582620630041e-01 2.478229207073879836e-01 4.898490188996905137e-01 6.208094404174515635e-01 2.179575938638967925e-01 4.546582757718373724e-01 2.969142702970244407e-01 1.876001425651042664e-01 2.770575847412113379e-01 3.972446953692952976e-01 4.288644742209780647e-01 5.178843711816984996e-01 2.404925680652737485e-01 5.081834497650629112e-01 4.490139927632543215e-01 8.333506637613607992e-01 5.356832742858252949e-01 6.054500132896403208e-01 8.369980473034466240e-01 9.305480690861454018e-01 1.359565665686419678e-01 8.188167097259397842e-01 6.417726974875415102e-01 5.366679808129185547e-01 7.160208428703515038e-01 3.022369795557782735e-01 0.000000000000000000e+00 4.330794281317044137e-01 4.223084238390665823e-01 4.498252153705570855e-01
7.589001511742432537e-01 7.329145466947454279e-01 4.247324056630666367e-01 5.023022269961023856e-01 8.728843367096138506e-01 7.367874489826979900e-01 8.047260910055130667e-01 4.357699775408788168e-01 4.380725109494634784e-01 5.425011747864818545e-01 9.350340299293016244e-01 3.423216422161684536e-01 9.813476991591336684e-01 9.767170417947201866e-01 7.329317575014417940e-01 1.720357992994613339e-01 1.466909464297975196e-01 1.913896360677002084e-01 6.670942625797007253e-01 7.934470417727954583e-01 3.234133138881054581e-01 5.100020740427935184e-01 3.313977823653159183e-01 3.350193500088419762e-01 9.323265728534750885e-01 8.019111913350274179e-02 4.814972175032020685e-01 8.389166725837096106e-01 4.771418810769120222e-01 9.264649490213701100e-01 4.134010009963157151e-01 4.330794281317044137e-01 0.000000000000000000e+00 5.827989484278662813e-01 8.704668987948124270e-01
7.109325666803807398e-01 5.082369406547869728e-01 5.119626506506496089e-01 6.675430364711694153e-01 2.345588692831535038e-01 3.195249856392392562e-01 7.751644588966226657e-01 4.171641004964251609e-01 4.905819735813539140e-01 3.033994874604607483e-01 4.446873957608883376e-01 4.316056466585677098e-01 8.266510222404968022e-01 3.955260209160622042e-01 3.880037696315977724e-01 4.442112478705644851e-01 7.276420370461098575e-01 1.894221821803114825e-01 4.936088250495402896e-01 2.586639161813838461e-01 5.367658634498331249e-01 5.016542279763479550e-01 5.430703365208859879e-01 3.575835117918905182e-01 5.953353426934759884e-01 6.569979205198284156e-01 9.029533309222086412e-01 6.720866832427150328e-01 5.603267749657608876e-01 3.818698418274925066e-01 4.652107521713501059e-01 4.223084238390665823e-01 5.827989484278662813e-01 0.000000000000000000e+00 3.627345464754990756e-01
1.209291945076963470e-01 8.784183241174277068e-01 3.489424757944196154e-01 4.978709494028299432e-01 4.689827880349256017e-01 5.892213000017076929e-01 5.161556436949995552e-01 5.967944633321530246e-01 3.147705395464375222e-01 2.203704756907907125e-01 3.002462671995065335e-01 7.480521096074558285e-01 6.210922086460211045e-01 1.472289592827078497e-01 5.961736909587277422e-01 7.085160328093731419e-01 1.441313388491241021e-01 5.146558737327131539e-01 2.049996980532520219e-02 7.615781517781847754e-01 6.797191230642916082e-01 5.014554058686374605e-01 6.228843006319553233e-01 8.969720590335796828e-01 8.631182205176858302e-01 3.828094730522071387e-01 3.042378419603823936e-01 7.117905517878011512e-01 8.891274310768739753e-01 6.686184116986524373e-01 7.702176881071667314e-01 4.498252153705570855e-01 8.704668987948124270e-01 3.627345464754990756e-01 0.000000000000000000e+00
