0.000000000000000000e+00 5.598234947140302564e-01 4.964749920759715107e-01 9.701930197007662127e-01 5.556383300657328217e-01 8.417136761619146146e-01 4.517337360906721333e-01 2.515374626286985826e-01 5.454129379506911235e-01 8.390246661001465878e-01 7.847516046286482361e-01 2.861570118404096474e-01 7.511986743166687575e-01 6.275255290309342815e-01 7.676539725655634472e-01 6.970186388261179200e-02 7.190360924096858009e-01 8.429330815658732101e-01 5.483031938701370400e-01 7.392382657596741069e-01 4.490447926469354201e-01 1.887107339707020381e-01 7.700260469450115330e-01 8.706898948903847302e-01 5.161742069938883848e-01 1.699913528937747609e-01 6.663030625866217527e-01 4.406538038684044700e-01 5.928981076099308911e-01 6.927942602457652921e-01 9.770716501084907302e-01 3.763451523148663158e-01 4.011603758781389639e-01 5.892862465741066647e-01 5.919423548451808736e-01
5.598234947140302564e-01 0.000000000000000000e+00 4.077981270789483581e-01 4.218699234912564600e-01 2.401001986936698307e-01 6.770039736173392164e-01 5.787150197481812919e-01 2.172260986626650681e-01 2.908804206387792801e-01 4.845381118985158109e-01 5.628843876995902606e-01 6.619730451129004489e-01 7.686284887059198212e-01 2.550184039789842316e-01 4.288414680120520295e-01 4.405286730594554778e-01 6.826405221969248371e-01 4.498329972843337354e-01 4.394370069446871252e-01 2.693217253379355247e-01 4.410721819901481933e-01 5.224053088038242976e-01 5.277140589570976648e-01 2.475866423764883639e-01 2.522671108408162666e-01 8.555703053579670758e-01 1.060208286929409383e-01 6.675564916718289554e-01 5.903888025451191623e-01 5.645862123357657802e-01 1.145746135434703161e-01 7.264509941575876262e-01 5.115450190312267331e-01 5.323781726311080931e-01 5.748675143078886274e-01
4.964749920759715107e-01 4.077981270789483581e-01 0.000000000000000000e+00 4.914815510690552780e-01 3.657884031287266802e-01 9.437696118778859944e-01 6.226372014514437447e-01 3.711083222527225556e-01 8.390616554144383343e-01 8.649265038681832607e-01 6.271071331378526015e-01 4.549412719010729744e-01 4.331478349860697907e-01 4.818384494225269599e-01 2.092692899490958824e-01 8.338600999822322057e-01 1.428923429002587620e-01 4.834163727357411178e-01 6.846361152051795296e-01 5.745175894327330113e-01 4.075936797794757482e-01 8.449580410121244611e-01 3.375617124331826147e-01 9.315497903987663975e-01 7.333508351336263109e-01 5.589609736701657283e-01 2.289940236800290796e-01 3.700251204205506905e-01 8.540282721800761534e-01 4.955070298857442435e-01 5.234814235598796994e-01 5.515073795265852397e-01 5.946986408893519815e-01 6.460553845195009526e-01 8.526815992983898251e-01
9.701930197007662127e-01 4.218699234912564600e-01 4.914815510690552780e-01 0.000000000000000000e+00 9.147215840117375318e-01 4.210379118897392692e-01 6.524275994426427250e-01 4.053052636552392229e-01 6.892615124821198647e-01 4.956207095243410632e-01 3.980083771442335938e-01 5.178163252057406130e-01 5.543121406096149784e-01 4.785314822062582407e-01 8.367353035741371681e-01 9.327151631270800269e-01 3.785949737259821646e-01 3.475815834920803482e-01 7.331150484981847626e-01 7.667045697293380924e-01 6.922402354215961839e-02 8.990035995762128973e-01 8.116516383411257474e-01 5.927010748062366829e-02 4.381180450532457527e-01 8.215680502793456519e-01 1.451154238609193570e-01 9.682449673056576778e-01 8.484943415537349320e-02 4.224017283471157014e-01 4.992764741495764325e-01 8.740591555626995302e-01 4.696944959727724633e-01 7.130479438539316650e-01 4.649013960347236907e-01
5.556383300657328217e-01 2.401001986936698307e-01 3.657884031287266802e-01 9.147215840117375318e-01 0.000000000000000000e+00 7.383534557715063507e-01 6.017666592828165850e-01 2.822245166535168326e-01 8.435384125997851257e-01 5.645100330508401321e-01 7.245485465540444370e-01 1.936264485529858304e-01 2.909715819291192052e-01 7.398622694653348431e-01 3.008054480704086542e-01 6.072071450087728195e-01 5.062306940645171505e-01 4.563541375089537611e-01 5.371116699251530235e-01 4.745596082908890012e-01 7.456022080185830125e-01 7.850867148138628293e-01 7.942150767377211817e-01 9.452388370388075112e-01 8.437146165144071563e-01 5.812043533121205030e-01 9.315514125486026309e-01 7.478265626391682463e-01 3.471273921452027178e-01 1.863028566499265182e-01 9.027099287880296918e-01 8.441277099401927053e-01 5.564038187960567150e-01 4.816562197688971647e-01 6.842590904573663257e-01
8.417136761619146146e-01 6.770039736173392164e-01 9.437696118778859944e-01 4.210379118897392692e-01 7.383534557715063507e-01 0.000000000000000000e+00 7.248886263764514615e-01 4.311297306103407112e-01 4.952430774080289755e-01 7.760161688150238879e-01 6.960642766015827654e-01 5.784129126247512520e-01 8.384339202783736011e-01 4.487032325239525554e-01 4.049185924317106888e-01 8.692394855598468695e-01 1.642470028013763850e-01 6.668577097747684368e-01 8.282453163676425367e-01 9.029895974793851199e-01 8.664218226883750873e-01 6.028513676333746574e-01 8.820436195538149393e-01 4.831928428382776808e-01 7.490812956200284534e-01 8.297331818854356555e-01 7.848522633264443105e-01 5.647606200229948747e-01 8.263341489667129780e-01 5.931611608790156032e-01 7.452051174810263579e-01 4.046913070044496630e-01 5.998547624277165147e-01 3.696720017297033811e-01 2.044798852923858101e-01
4.517337360906721333e-01 5.787150197481812919e-01 6.226372014514437447e-01 6.524275994426427250e-01 6.017666592828165850e-01 7.248886263764514615e-01 0.000000000000000000e+00 5.122199483230701622e-01 9.967517295171040015e-01 1.835208409563431342e-01 5.475439003313087305e-01 7.501962295639088563e-01 7.433451289866878087e-01 4.094392649445752763e-01 4.548946077253117615e-01 5.943611990699548819e-01 3.343976917154903861e-01 6.864090594165974668e-01 4.425477442329560640e-01 4.404355726714929142e-01 4.260470178265369223e-01 5.899619035139240797e-01 5.370508592944804871e-01 1.290056958270465737e-01 2.273896603976846009e-01 7.580729135963812926e-01 4.552636849833102128e-01 1.372447211695351221e-01 9.014042657838472472e-01 7.823227131279195667e-01 8.897562358069940336e-01 4.262298649051679544e-01 2.918761798268252883e-01 5.461018999222629899e-01 5.645184147267342523e-01
2.515374626286985826e-01 2.172260986626650681e-01 3.711083222527225556e-01 4.053052636552392229e-01 2.822245166535168326e-01 4.311297306103407112e-01 5.122199483230701622e-01 0.000000000000000000e+00 7.699895410930572837e-01 6.116190215497621097e-01 5.860983345152293023e-01 5.271273577997842574e-01 4.166907319798248133e-01 7.865747322264978747e-01 3.844864837244149625e-01 4.670312785920248677e-01 9.842477935737142802e-01 8.126710921015831701e-01 7.680756770066353711e-01 5.170813442816895034e-01 8.315454562559542184e-01 6.042951818975197398e-01 6.204814298738035028e-01 5.120858840184292493e-01 5.470574124449274489e-01 5.082345901509968122e-01 9.000093799821498042e-01 9.662802203576568161e-01 6.774332193561298787e-01 5.412968881485624717e-02 7.104205716260865167e-01 4.839295303692645600e-01 6.956256596280405713e-01 7.309864216592623087e-01 5.805587688943802949e-01
5.454129379506911235e-01 2.908804206387792801e-01 8.390616554144383343e-01 6.892615124821198647e-01 8.435384125997851257e-01 4.952430774080289755e-01 9.967517295171040015e-01 7.699895410930572837e-01 0.000000000000000000e+00 5.235079956950695612e-01 3.987168255369321068e-01 7.570079124383570779e-01 4.875218499590547871e-01 4.726997712883577729e-01 8.481331813912456052e-01 4.688001481912409396e-01 9.316385769071444667e-02 6.088687903525416001e-01 6.872125778313213917e-01 4.424358799956562005e-01 6.060087627741217453e-01 6.686238866074307730e-01 6.639473421317874102e-01 8.759613145850740912e-01 5.002317393698219039e-01 8.248417691779590388e-01 4.136893450975668296e-01 3.844616474122924954e-01 8.553261442754058752e-01 4.840715612052297612e-01 4.322646616132325148e-01 5.047404751277522195e-01 3.863571286964416762e-01 6.354162100322520157e-01 7.149589548481332102e-01
8.390246661001465878e-01 4.845381118985158109e-01 8.649265038681832607e-01 4.956207095243410632e-01 5.645100330508401321e-01 7.760161688150238879e-01 1.835208409563431342e-01 6.116190215497621097e-01 5.235079956950695612e-01 0.000000000000000000e+00 6.248079713614723696e-01 6.892826327811292231e-01 9.424811097408658522e-01 4.788745574686810169e-01 5.469927819049255069e-01 7.013216199124459038e-01 6.570280675293520556e-01 4.632027618749859910e-01 8.064764962306920637e-01 7.633557868815830094e-01 9.893012428754633936e-01 5.734766617153940205e-01 4.516650060351689033e-01 7.109303870576091366e-01 5.986027081471975153e-01 5.704496441241257987e-01 5.543916791863277016e-01 3.266561435808063019e-01 6.155346473351802628e-01 6.057434337112166389e-02 6.842944712978584754e-01 3.582666763336675442e-01 5.266654886568653549e-01 4.700280002459040762e-01 5.239127636559377521e-01
7.847516046286482361e-01 5.628843876995902606e-01 6.271071331378526015e-01 3.980083771442335938e-01 7.245485465540444370e-01 6.960642766015827654e-01 5.475439003313087305e-01 5.860983345152293023e-01 3.987168255369321068e-01 6.248079713614723696e-01 0.000000000000000000e+00 3.917198434607356838e-01 2.644446189257083635e-01 6.767801136394668848e-02 3.998796592050398169e-01 6.642527322873617024e-01 2.498609677732689938e-01 4.529616366424299989e-01 5.466945411833306068e-01 5.166919036897976714e-01 3.975813921125770367e-02 7.068519684729903663e-01 8.806891474579653378e-01 9.442632180270891240e-01 4.142207269315026363e-01 4.691386473057401196e-01 4.399558029259629799e-01 7.632892164763361853e-01 5.849190940011237405e-01 6.445503785105619610e-01 1.940317156570544599e-01 5.492437867615787006e-01 3.364792305570291076e-01 8.379589393011790399e-01 5.102092381430672896e-01
2.861570118404096474e-01 6.619730451129004489e-01 4.549412719010729744e-01 5.178163252057406130e-01 1.936264485529858304e-01 5.784129126247512520e-01 7.501962295639088563e-01 5.271273577997842574e-01 7.570079124383570779e-01 6.892826327811292231e-01 3.917198434607356838e-01 0.000000000000000000e+00 5.021495389209080784e-01 5.252170180413198164e-01 5.205537830527857679e-01 3.835932973949693903e-01 8.971351839785935978e-01 8.610027746140060945e-01 4.169503006732446782e-01 5.158246369325051317e-01 7.652216971763761144e-01 4.859478375831691177e-01 3.848090524679340652e-01 7.046357838005302687e-01 5.165063593591012747e-01 9.422286729925379856e-01 4.398840852130710410e-01 5.803023354972065562e-01 8.226449668561344186e-01 8.211057446968648144e-01 7.605002266718221549e-01 5.274029299289908490e-01 2.503519707330125743e-01 8.102510149639696735e-01 4.445574376880262468e-01
7.511986743166687575e-01 7.686284887059198212e-01 4.331478349860697907e-01 5.543121406096149784e-01 2.909715819291192052e-01 8.384339202783736011e-01 7.433451289866878087e-01 4.166907319798248133e-01 4.875218499590547871e-01 9.424811097408658522e-01 2.644446189257083635e-01 5.021495389209080784e-01 0.000000000000000000e+00 9.510203261171470412e-01 2.255165716691857059e-01 1.146586153194072422e-01 5.356724295162618166e-01 2.941397783064724769e-01 2.452815609150761356e-01 8.932153730076802800e-01 5.613061161756562889e-01 1.039004358118470472e-01 5.887480802773423783e-01 3.848276868276341856e-01 6.378759238513942442e-02 4.629710275289030119e-01 8.017500303334789136e-01 6.798645040286571684e-01 4.847723775989362105e-01 1.261197168049476014e-01 5.414527546382146284e-01 7.704496405294234407e-01 6.070099772269916816e-01 3.298610837466282586e-01 6.671632326260282797e-01
6.275255290309342815e-01 2.550184039789842316e-01 4.818384494225269599e-01 4.785314822062582407e-01 7.398622694653348431e-01 4.487032325239525554e-01 4.094392649445752763e-01 7.865747322264978747e-01 4.726997712883577729e-01 4.788745574686810169e-01 6.767801136394668848e-02 5.252170180413198164e-01 9.510203261171470412e-01 0.000000000000000000e+00 5.895952091683185348e-01 6.063937708186862841e-01 8.323119126571758564e-01 8.145604718362535746e-01 7.931914129642819722e-01 3.930191876204923718e-01 6.211815726152921657e-01 4.805357289162144330e-01 4.664357151457266260e-01 8.456594227580827017e-01 2.780007033752782686e-01 9.199338821010057954e-01 9.707321911908992629e-01 6.350419801737896552e-01 8.142781578182453073e-01 3.878542127399228767e-01 5.548763970573007409e-01 6.661345620456611272e-01 3.698682450380845754e-01 3.247931783871356171e-01 8.852050412420113812e-01
7.676539725655634472e-01 4.288414680120520295e-01 2.092692899490958824e-01 8.367353035741371681e-01 3.008054480704086542e-01 4.049185924317106888e-01 4.548946077253117615e-01 3.844864837244149625e-01 8.481331813912456052e-01 5.469927819049255069e-01 3.998796592050398169e-01 5.205537830527857679e-01 2.255165716691857059e-01 5.895952091683185348e-01 0.000000000000000000e+00 4.883455517440009608e-01 4.965749369081561282e-01 8.875809527657219089e-02 3.962271871995583505e-01 3.552113986071260276e-01 5.632233471286900439e-01 6.978730204833440975e-01 3.536090308940305071e-01 3.628955056804263890e-01 4.314999496079502395e-01 7.893290750644432752e-01 6.080684150233727214e-01 5.983385357427353224e-01 7.011995540171620522e-01 8.090815983241463893e-01 4.403742225693954015e-01 9.196205678380584558e-01 4.567654703750850809e-01 4.358722678546632645e-01 5.128739957811094818e-01
6.970186388261179200e-02 4.405286730594554778e-01 8.338600999822322057e-01 9.327151631270800269e-01 6.072071450087728195e-01 8.692394855598468695e-01 5.943611990699548819e-01 4.670312785920248677e-01 4.688001481912409396e-01 7.013216199124459038e-01 6.642527322873617024e-01 3.835932973949693903e-01 1.146586153194072422e-01 6.063937708186862841e-01 4.883455517440009608e-01 0.000000000000000000e+00 4.908109284922654303e-01 4.431713905453324998e-01 7.741893274928750568e-01 6.906751785176329372e-01 3.172568957555640390e-01 5.179280020495840020e-01 9.698581174102161029e-03 5.856485568147554721e-01 4.584740184535144314e-01 8.437247808597450049e-01 4.918330774956344298e-01 7.878538043797076451e-01 3.775404845026198997e-01 7.385404330828146957e-01 8.246554899458227172e-01 9.436566846059484259e-01 1.324481737663012471e-01 1.387216845530643283e-01 7.940038264712154792e-01
7.190360924096858009e-01 6.826405221969248371e-01 1.428923429002587620e-01 3.785949737259821646e-01 5.062306940645171505e-01 1.642470028013763850e-01 3.343976917154903861e-01 9.842477935737142802e-01 9.316385769071444667e-02 6.570280675293520556e-01 2.498609677732689938e-01 8.971351839785935978e-01 5.356724295162618166e-01 8.323119126571758564e-01 4.965749369081561282e-01 4.908109284922654303e-01 0.000000000000000000e+00 1.714349197990427953e-01 7.096931372315216091e-01 4.705078331997546437e-01 4.533230632293467899e-01 7.420274272298790219e-01 6.061116845901597383e-01 2.183399813470470185e-01 7.590139973330853884e-01 8.220295561723385269e-01 7.022113128084905842e-01 4.453361482393380921e-01 7.160929245854377179e-01 6.015901417367204296e-01 5.026246154675912958e-01 7.662818179151612563e-01 4.731325854249623375e-01 5.768709129515191547e-01 3.985864060545349918e-01
8.429330815658732101e-01 4.498329972843337354e-01 4.834163727357411178e-01 3.475815834920803482e-01 4.563541375089537611e-01 6.668577097747684368e-01 6.864090594165974668e-01 8.126710921015831701e-01 6.088687903525416001e-01 4.632027618749859910e-01 4.529616366424299989e-01 8.610027746140060945e-01 2.941397783064724769e-01 8.145604718362535746e-01 8.875809527657219089e-02 4.431713905453324998e-01 1.714349197990427953e-01 0.000000000000000000e+00 4.615689872644799241e-01 5.633710132020857131e-01 3.955851754317750713e-01 7.610894008766801999e-01 5.281664518524187280e-01 1.431086968028023598e-01 6.832505466149600970e-01 9.362881546185946036e-01 7.202827100701075791e-01 7.963661341915269087e-01 6.048595788718653665e-01 4.623383396365050579e-01 3.558129295041452256e-01 9.261796577808579789e-01 8.548942620930921610e-02 7.367562979694914915e-01 8.470236449648502752e-01
5.483031938701370400e-01 4.394370069446871252e-01 6.846361152051795296e-01 7.331150484981847626e-01 5.371116699251530235e-01 8.282453163676425367e-01 4.425477442329560640e-01 7.680756770066353711e-01 6.872125778313213917e-01 8.064764962306920637e-01 5.466945411833306068e-01 4.169503006732446782e-01 2.452815609150761356e-01 7.931914129642819722e-01 3.962271871995583505e-01 7.741893274928750568e-01 7.096931372315216091e-01 4.615689872644799241e-01 0.000000000000000000e+00 4.230543150864778390e-01 5.223623568222033331e-01 5.027395463312840374e-01 6.278594319091796994e-01 4.521878263487070226e-01 7.432997224736066499e-01 5.607245794809263550e-01 8.274194744068886775e-01 8.642651371587035669e-01 8.945447409502014224e-01 6.540497459621505971e-01 5.362933540476424454e-01 2.704211830848683995e-01 6.338480840553150086e-01 6.945876790345513196e-01 4.267426444412340536e-01
7.392382657596741069e-01 2.693217253379355247e-01 5.745175894327330113e-01 7.667045697293380924e-01 4.745596082908890012e-01 9.029895974793851199e-01 4.404355726714929142e-01 5.170813442816895034e-01 4.424358799956562005e-01 7.633557868815830094e-01 5.166919036897976714e-01 5.158246369325051317e-01 8.932153730076802800e-01 3.930191876204923718e-01 3.552113986071260276e-01 6.906751785176329372e-01 4.705078331997546437e-01 5.633710132020857131e-01 4.230543150864778390e-01 0.000000000000000000e+00 5.112942460096432384e-01 2.005936617660937227e-01 8.208279765394004279e-01 5.170100240233393984e-01 5.215651682434245817e-01 4.140643690769746366e-01 7.735755080345367851e-01 8.041359468442665914e-01 6.089084495868102298e-01 1.619491254919912526e-01 1.960909068338031469e-01 4.559346819708807730e-01 7.042475931179719151e-01 7.221187837335312221e-01 7.363984340898173109e-01
4.490447926469354201e-01 4.410721819901481933e-01 4.075936797794757482e-01 6.922402354215961839e-02 7.456022080185830125e-01 8.664218226883750873e-01 4.260470178265369223e-01 8.315454562559542184e-01 6.060087627741217453e-01 9.893012428754633936e-01 3.975813921125770367e-02 7.652216971763761144e-01 5.613061161756562889e-01 6.211815726152921657e-01 5.632233471286900439e-01 3.172568957555640390e-01 4.533230632293467899e-01 3.955851754317750713e-01 5.223623568222033331e-01 5.112942460096432384e-01 0.000000000000000000e+00 6.055878902049607326e-01 7.980689559489972940e-01 6.872632531988281945e-01 2.953381511796518977e-01 8.789472796107977715e-01 9.634784368330611137e-01 4.993376633744681659e-01 1.559813352244728279e-01 4.640720998709963463e-01 8.065755270271551813e-01 7.057536697193922404e-01 9.223014802451636740e-01 3.684303752724515935e-01 5.226743653203670403e-01
1.887107339707020381e-01 5.224053088038242976e-01 8.449580410121244611e-01 8.990035995762128973e-01 7.850867148138628293e-01 6.028513676333746574e-01 5.899619035139240797e-01 6.042951818975197398e-01 6.686238866074307730e-01 5.734766617153940205e-01 7.068519684729903663e-01 4.859478375831691177e-01 1.039004358118470472e-01 4.805357289162144330e-01 6.978730204833440975e-01 5.179280020495840020e-01 7.420274272298790219e-01 7.610894008766801999e-01 5.027395463312840374e-01 2.005936617660937227e-01 6.055878902049607326e-01 0.000000000000000000e+00 2.677539405272940654e-01 5.428515417370631813e-01 3.308350643519289980e-01 8.083453837001386422e-01 7.787371043953650318e-01 7.103070714671552155e-01 6.319513690174204390e-01 1.821948267726116732e-01 3.894818821513943430e-01 5.400741004907574361e-01 7.320931721398390435e-01 5.734414140726871167e-01 2.067209856928098055e-01
7.700260469450115330e-01 5.277140589570976648e-01 3.375617124331826147e-01 8.116516383411257474e-01 7.942150767377211817e-01 8.820436195538149393e-01 5.370508592944804871e-01 6.204814298738035028e-01 6.639473421317874102e-01 4.516650060351689033e-01 8.806891474579653378e-01 3.848090524679340652e-01 5.887480802773423783e-01 4.664357151457266260e-01 3.536090308940305071e-01 9.698581174102161029e-03 6.061116845901597383e-01 5.281664518524187280e-01 6.278594319091796994e-01 8.208279765394004279e-01 7.980689559489972940e-01 2.677539405272940654e-01 0.000000000000000000e+00 6.970715318269429250e-01 3.731213094490612447e-01 7.695848814606633947e-01 9.321769953031723288e-01 8.357166083837550552e-01 5.210105445071903096e-01 8.629647988214370624e-01 4.531474269589486625e-01 7.309906115652292646e-01 7.313541894182404857e-01 5.190318972974863332e-01 6.395602698100254502e-01
8.706898948903847302e-01 2.475866423764883639e-01 9.315497903987663975e-01 5.927010748062366829e-02 9.452388370388075112e-01 4.831928428382776808e-01 1.290056958270465737e-01 5.120858840184292493e-01 8.759613145850740912e-01 7.109303870576091366e-01 9.442632180270891240e-01 7.046357838005302687e-01 3.848276868276341856e-01 8.456594227580827017e-01 3.628955056804263890e-01 5.856485568147554721e-01 2.183399813470470185e-01 1.431086968028023598e-01 4.521878263487070226e-01 5.170100240233393984e-01 6.872632531988281945e-01 5.428515417370631813e-01 6.970715318269429250e-01 0.000000000000000000e+00 7.681698421423350798e-01 4.973788253814576676e-01 8.877645583061328782e-01 3.236698990005824061e-01 5.997418554919180522e-01 7.180673165242730249e-01 5.354515457115278654e-01 3.937819806176788284e-01 4.766719472916235989e-01 4.534388632789737583e-01 6.573485138249848259e-01
5.161742069938883848e-01 2.522671108408162666e-01 7.333508351336263109e-01 4.381180450532457527e-01 8.437146165144071563e-01 7.490812956200284534e-01 2.273896603976846009e-01 5.470574124449274489e-01 5.002317393698219039e-01 5.986027081471975153e-01 4.142207269315026363e-01 5.165063593591012747e-01 6.378759238513942442e-02 2.780007033752782686e-01 4.314999496079502395e-01 4.584740184535144314e-01 7.590139973330853884e-01 6.832505466149600970e-01 7.432997224736066499e-01 5.215651682434245817e-01 2.953381511796518977e-01 3.308350643519289980e-01 3.731213094490612447e-01 7.681698421423350798e-01 0.000000000000000000e+00 9.194333345840616234e-01 8.246213129782358209e-01 7.512040401180586358e-01 2.957403509433278455e-01 8.216345989742037670e-01 4.932904474017699714e-01 4.731400467059997395e-01 2.618838248036911009e-01 8.890450236097269254e-01 5.990091199158216195e-01
1.699913528937747609e-01 8.555703053579670758e-01 5.589609736701657283e-01 8.215680502793456519e-01 5.812043533121205030e-01 8.297331818854356555e-01 7.580729135963812926e-01 5.082345901509968122e-01 8.248417691779590388e-01 5.704496441241257987e-01 4.691386473057401196e-01 9.422286729925379856e-01 4.629710275289030119e-01 9.199338821010057954e-01 7.893290750644432752e-01 8.437247808597450049e-01 8.220295561723385269e-01 9.362881546185946036e-01 5.607245794809263550e-01 4.140643690769746366e-01 8.789472796107977715e-01 8.083453837001386422e-01 7.695848814606633947e-01 4.973788253814576676e-01 9.194333345840616234e-01 0.000000000000000000e+00 9.423257217040448275e-01 5.654293376628827250e-01 3.771695142290541480e-01 5.964979251163520235e-01 6.290388063150402775e-01 5.647775560413934581e-01 8.522194070555644263e-01 8.081343554029265519e-01 8.530558058811523736e-01
6.663030625866217527e-01 1.060208286929409383e-01 2.289940236800290796e-01 1.451154238609193570e-01 9.315514125486026309e-01 7.848522633264443105e-01 4.552636849833102128e-01 9.000093799821498042e-01 4.136893450975668296e-01 5.543916791863277016e-01 4.399558029259629799e-01 4.398840852130710410e-01 8.017500303334789136e-01 9.707321911908992629e-01 6.080684150233727214e-01 4.918330774956344298e-01 7.022113128084905842e-01 7.202827100701075791e-01 8.274194744068886775e-01 7.735755080345367851e-01 9.634784368330611137e-01 7.787371043953650318e-01 9.321769953031723288e-01 8.877645583061328782e-01 8.246213129782358209e-01 9.423257217040448275e-01 0.000000000000000000e+00 2.229376752368925629e-01 5.529161436964549203e-01 3.036902113100326539e-01 9.470451355223716838e-01 3.140880554922562684e-01 7.250519945100359909e-01 7.022987781983947020e-01 5.618472801713815246e-01
4.406538038684044700e-01 6.675564916718289554e-01 3.700251204205506905e-01 9.682449673056576778e-01 7.478265626391682463e-01 5.647606200229948747e-01 1.372447211695351221e-01 9.662802203576568161e-01 3.844616474122924954e-01 3.266561435808063019e-01 7.632892164763361853e-01 5.803023354972065562e-01 6.798645040286571684e-01 6.350419801737896552e-01 5.983385357427353224e-01 7.878538043797076451e-01 4.453361482393380921e-01 7.963661341915269087e-01 8.642651371587035669e-01 8.041359468442665914e-01 4.993376633744681659e-01 7.103070714671552155e-01 8.357166083837550552e-01 3.236698990005824061e-01 7.512040401180586358e-01 5.654293376628827250e-01 2.229376752368925629e-01 0.000000000000000000e+00 2.729055882298563329e-01 5.243213726471928071e-01 5.420311537953519387e-01 4.529064867642931258e-01 5.589563698334950592e-01 6.598277932339722263e-01 1.451611403416911417e-01
5.928981076099308911e-01 5.903888025451191623e-01 8.540282721800761534e-01 8.484943415537349320e-02 3.471273921452027178e-01 8.263341489667129780e-01 9.014042657838472472e-01 6.774332193561298787e-01 8.553261442754058752e-01 6.155346473351802628e-01 5.849190940011237405e-01 8.226449668561344186e-01 4.847723775989362105e-01 8.142781578182453073e-01 7.011995540171620522e-01 3.775404845026198997e-01 7.160929245854377179e-01 6.048595788718653665e-01 8.945447409502014224e-01 6.089084495868102298e-01 1.559813352244728279e-01 6.319513690174204390e-01 5.210105445071903096e-01 5.997418554919180522e-01 2.957403509433278455e-01 3.771695142290541480e-01 5.529161436964549203e-01 2.729055882298563329e-01 0.000000000000000000e+00 4.532896408987376891e-01 6.520592959276563239e-01 8.118634927098242748e-01 5.144250091926474422e-01 5.815406655174432116e-01 2.880926747038398128e-01
6.927942602457652921e-01 5.645862123357657802e-01 4.955070298857442435e-01 4.224017283471157014e-01 1.863028566499265182e-01 5.931611608790156032e-01 7.823227131279195667e-01 5.412968881485624717e-02 4.840715612052297612e-01 6.057434337112166389e-02 6.445503785105619610e-01 8.211057446968648144e-01 1.261197168049476014e-01 3.878542127399228767e-01 8.090815983241463893e-01 7.385404330828146957e-01 6.015901417367204296e-01 4.623383396365050579e-01 6.540497459621505971e-01 1.619491254919912526e-01 4.640720998709963463e-01 1.821948267726116732e-01 8.629647988214370624e-01 7.180673165242730249e-01 8.216345989742037670e-01 5.964979251163520235e-01 3.036902113100326539e-01 5.243213726471928071e-01 4.532896408987376891e-01 0.000000000000000000e+00 4.940001562203124030e-01 1.247262291936317991e-01 3.245362494031668321e-01 6.364560877180065468e-01 1.384328180200889991e-01
9.770716501084907302e-01 1.145746135434703161e-01 5.234814235598796994e-01 4.992764741495764325e-01 9.027099287880296918e-01 7.452051174810263579e-01 8.897562358069940336e-01 7.104205716260865167e-01 4.322646616132325148e-01 6.842944712978584754e-01 1.940317156570544599e-01 7.605002266718221549e-01 5.414527546382146284e-01 5.548763970573007409e-01 4.403742225693954015e-01 8.246554899458227172e-01 5.026246154675912958e-01 3.558129295041452256e-01 5.362933540476424454e-01 1.960909068338031469e-01 8.065755270271551813e-01 3.894818821513943430e-01 4.531474269589486625e-01 5.354515457115278654e-01 4.932904474017699714e-01 6.290388063150402775e-01 9.470451355223716838e-01 5.420311537953519387e-01 6.520592959276563239e-01 4.940001562203124030e-01 0.000000000000000000e+00 3.774862425360296925e-01 7.176916948176699229e-01 8.482698943165635219e-01 3.364388427835295348e-01
3.763451523148663158e-01 7.264509941575876262e-01 5.515073795265852397e-01 8.740591555626995302e-01 8.441277099401927053e-01 4.046913070044496630e-01 4.262298649051679544e-01 4.839295303692645600e-01 5.047404751277522195e-01 3.582666763336675442e-01 5.492437867615787006e-01 5.274029299289908490e-01 7.704496405294234407e-01 6.661345620456611272e-01 9.196205678380584558e-01 9.436566846059484259e-01 7.662818179151612563e-01 9.261796577808579789e-01 2.704211830848683995e-01 4.559346819708807730e-01 7.057536697193922404e-01 5.400741004907574361e-01 7.309906115652292646e-01 3.937819806176788284e-01 4.731400467059997395e-01 5.647775560413934581e-01 3.140880554922562684e-01 4.529064867642931258e-01 8.118634927098242748e-01 1.247262291936317991e-01 3.774862425360296925e-01 0.000000000000000000e+00 1.161556843858927435e-01 5.023346781381241577e-01 9.293792410723452635e-01
4.011603758781389639e-01 5.115450190312267331e-01 5.946986408893519815e-01 4.696944959727724633e-01 5.564038187960567150e-01 5.998547624277165147e-01 2.918761798268252883e-01 6.956256596280405713e-01 3.863571286964416762e-01 5.266654886568653549e-01 3.364792305570291076e-01 2.503519707330125743e-01 6.070099772269916816e-01 3.698682450380845754e-01 4.567654703750850809e-01 1.324481737663012471e-01 4.731325854249623375e-01 8.548942620930921610e-02 6.338480840553150086e-01 7.042475931179719151e-01 9.223014802451636740e-01 7.320931721398390435e-01 7.313541894182404857e-01 4.766719472916235989e-01 2.618838248036911009e-01 8.522194070555644263e-01 7.250519945100359909e-01 5.589563698334950592e-01 5.144250091926474422e-01 3.245362494031668321e-01 7.176916948176699229e-01 1.161556843858927435e-01 0.000000000000000000e+00 8.602023531227944719e-01 9.053088532068576111e-01
5.892862465741066647e-01 5.323781726311080931e-01 6.460553845195009526e-01 7.130479438539316650e-01 4.816562197688971647e-01 3.696720017297033811e-01 5.461018999222629899e-01 7.309864216592623087e-01 6.354162100322520157e-01 4.700280002459040762e-01 8.379589393011790399e-01 8.102510149639696735e-01 3.298610837466282586e-01 3.247931783871356171e-01 4.358722678546632645e-01 1.387216845530643283e-01 5.768709129515191547e-01 7.367562979694914915e-01 6.945876790345513196e-01 7.221187837335312221e-01 3.684303752724515935e-01 5.734414140726871167e-01 5.190318972974863332e-01 4.534388632789737583e-01 8.890450236097269254e-01 8.081343554029265519e-01 7.022987781983947020e-01 6.598277932339722263e-01 5.815406655174432116e-01 6.364560877180065468e-01 8.482698943165635219e-01 5.023346781381241577e-01 8.602023531227944719e-01 0.000000000000000000e+00 5.078454503970045719e-01
5.919423548451808736e-01 5.748675143078886274e-01 8.526815992983898251e-01 4.649013960347236907e-01 6.842590904573663257e-01 2.044798852923858101e-01 5.645184147267342523e-01 5.805587688943802949e-01 7.149589548481332102e-01 5.239127636559377521e-01 5.102092381430672896e-01 4.445574376880262468e-01 6.671632326260282797e-01 8.852050412420113812e-01 5.128739957811094818e-01 7.940038264712154792e-01 3.985864060545349918e-01 8.470236449648502752e-01 4.267426444412340536e-01 7.363984340898173109e-01 5.226743653203670403e-01 2.067209856928098055e-01 6.395602698100254502e-01 6.573485138249848259e-01 5.990091199158216195e-01 8.530558058811523736e-01 5.618472801713815246e-01 1.451611403416911417e-01 2.880926747038398128e-01 1.384328180200889991e-01 3.364388427835295348e-01 9.293792410723452635e-01 9.053088532068576111e-01 5.078454503970045719e-01 0.000000000000000000e+00
