0.000000000000000000e+00 5.269637523013067648e-01 3.542795764069699427e-01 3.378938219150692812e-01 3.801920264641895919e-01 7.426521802439911557e-01 5.031841802710705913e-01 4.738955588531317265e-01 1.484731147432190035e-01 6.679110546635869117e-01 5.676821952074462274e-01 4.877231691896037891e-01 9.456471306601499371e-01 3.600975715578260128e-01 5.561084517754888434e-01 7.369746216814089257e-01 7.154884873489343322e-01 6.816928457284898712e-01 2.745832625104301372e-01 3.123018927270937439e-01 3.044775962536772074e-01 2.623037794437328429e-01 2.376364174904441739e-01 9.299384477975772834e-01 1.850777493513476868e-01 6.300652759658682545e-01 6.424781840377306041e-01 3.809185930205826187e-01 7.350406185966370520e-01 1.378607708666620413e-01 8.243498381720115731e-01 6.862220496673262504e-01 6.944898698824426564e-01 2.846888782341613355e-01 5.770773553166318459e-01
5.269637523013067648e-01 0.000000000000000000e+00 7.996011419763944250e-01 4.598974659074167581e-01 5.718400615059144876e-01 3.337685826828192814e-01 4.690841072247490251e-01 7.342480624753200402e-01 5.582816780513711885e-01 7.072124489962565708e-01 2.920533658639471453e-01 7.624229304444362088e-01 3.844999985989899227e-01 8.092592529017950120e-02 4.684549933675777877e-01 5.870019596830187147e-01 2.780363449753473493e-01 3.519768374380854992e-01 7.485449286641577826e-01 6.908718675799122577e-01 5.554100141472874119e-01 5.583783604491331376e-01 4.095488760927888938e-01 6.921178384114743398e-01 6.284741367111627008e-01 2.022240416467026014e-01 8.800234755427993605e-02 8.758669321115528650e-01 7.681689523397413621e-01 7.688817803559140351e-01 6.801560864091462655e-01 4.581959311879363339e-02 2.532679010411422738e-01 6.524118221399366480e-02 3.689387195718937251e-01
3.542795764069699427e-01 7.996011419763944250e-01 0.000000000000000000e+00 2.442348903178721553e-01 5.917293927566071865e-01 5.448807548463991957e-01 6.818361200176035197e-01 3.864808862974735693e-01 8.834934368695136486e-01 6.589235235794712597e-01 5.080305260871060824e-01 3.583773418375839626e-01 4.416755120244683086e-01 6.267826018106297248e-01 6.222608632140887996e-01 5.520261400527003426e-01 5.344636235153980008e-01 7.284283385676582068e-02 3.668237258403334033e-01 7.209908536076614638e-01 6.108978954388954996e-01 2.432581519746137566e-01 4.188093237744476838e-01 3.539276018541698821e-01 5.745068602448406558e-01 2.632623672532238279e-01 5.234527686846944805e-01 5.755192052939366310e-01 4.863690771025500625e-01 7.582262250175355600e-01 7.774740139431952635e-01 5.715415741197771293e-01 2.878586603928611209e-01 7.820485630791866871e-01 3.670942676574223684e-01
3.378938219150692812e-01 4.598974659074167581e-01 2.442348903178721553e-01 0.000000000000000000e+00 7.309848003449055387e-01 4.367488139944939451e-01 8.154685258360805378e-01 2.902944619671690152e-01 4.762822633853174836e-01 5.581616095690218327e-01 4.597563258918698770e-01 6.096579301439386533e-01 7.324575497087222331e-01 5.501868219122149073e-01 3.773901649585243434e-01 4.454168095015998419e-01 8.439398923414351827e-01 7.557058656521963291e-01 6.912881060931963528e-01 8.637398085826042404e-01 6.601541865432809519e-01 5.179341940990584980e-01 6.027023018346093775e-01 2.197480819039976385e-01 5.342078978927267130e-01 5.064075185855640981e-01 3.118845636776388930e-01 5.302976427344615606e-01 4.192072318826277622e-01 2.763975399148559942e-01 2.496346745345535689e-01 7.428253925037681116e-01 3.458223033675026925e-01 1.652087379132413103e-01 4.587076192191217316e-01
3.801920264641895919e-01 5.718400615059144876e-01 5.917293927566071865e-01 7.309848003449055387e-01 0.000000000000000000e+00 5.832303312251817529e-01 7.014944461344614357e-01 3.999560015685345027e-01 2.577393770959405250e-01 3.682603218765972408e-01 6.686365313380955300e-01 3.852542618219655379e-01 7.724503452208708598e-01 6.543687285614006033e-01 6.586730135418168430e-01 4.836620614759295500e-01 4.096648004049501246e-01 7.693932067102112748e-01 1.312119903756934769e-01 5.995919931740920639e-01 4.492026336685345789e-01 3.370086081010811307e-01 4.083430637992435663e-01 3.204671619474761535e-01 5.609641758886396712e-01 7.382376220191183558e-01 1.435956839399914475e-01 5.367490654491586799e-01 3.755327557597292754e-01 2.097442010329010342e-01 7.565256139537115398e-01 5.445610416826220934e-01 3.401870806634816891e-01 7.408323721571730136e-01 4.953967296563253075e-01
7.426521802439911557e-01 3.337685826828192814e-01 5.448807548463991957e-01 4.367488139944939451e-01 5.832303312251817529e-01 0.000000000000000000e+00 3.071644051878794079e-01 6.745551657735223694e-01 6.290870504905989868e-01 5.132703533439922916e-01 7.291223162916291578e-01 7.977791709987537283e-01 3.045661883686069382e-01 4.913554734760412490e-01 1.801181098969325545e-01 3.615651552778527122e-01 2.975701663067808478e-01 5.194329568555686727e-01 2.423078803721883112e-01 2.526826587751428432e-01 5.873834901571627354e-01 6.639218130492521297e-01 9.561760379470329863e-02 8.873855525852886172e-01 3.411897158070494873e-01 4.736452565438760698e-01 8.750253938589759306e-01 1.760304462591425478e-01 5.249494940280240440e-01 3.687012515867328366e-01 3.985170289545804101e-01 7.633934144922078779e-01 7.969324120235867781e-01 4.155656973755449402e-01 7.466625746460859858e-01
5.031841802710705913e-01 4.690841072247490251e-01 6.818361200176035197e-01 8.154685258360805378e-01 7.014944461344614357e-01 3.071644051878794079e-01 0.000000000000000000e+00 3.025259410297157503e-01 3.382567889377127157e-01 6.126031038274448726e-01 5.132558253791957847e-02 5.534337293682445313e-01 2.985228456514180673e-01 7.579345683827969360e-01 1.701342977637961829e-01 6.509972966890975599e-01 4.836278491250790568e-01 5.077550379627251420e-01 8.407509008299873798e-01 2.267497729301239939e-01 2.583708878776155293e-01 5.268994434990088571e-01 7.378373663781706560e-01 8.761117730791865288e-01 1.573603988529427289e-01 3.628795497194930997e-01 4.517947438986410491e-01 7.348052571436308744e-01 7.131944815671731330e-01 7.140974858816637738e-01 6.018853236956236419e-01 6.140679127311214902e-01 5.196991366147457603e-01 5.815916525756354982e-01 5.490728348684390525e-01
4.738955588531317265e-01 7.342480624753200402e-01 3.864808862974735693e-01 2.902944619671690152e-01 3.999560015685345027e-01 6.745551657735223694e-01 3.025259410297157503e-01 0.000000000000000000e+00 4.720098010762414642e-01 8.329505321822476827e-01 5.787333673438911363e-01 4.681917202045386972e-01 5.144025594603609530e-01 8.539267738712215117e-01 7.531605980240494436e-01 1.640059921529437026e-01 2.751106031944285935e-01 2.435951272755446095e-01 6.380851911026506063e-01 2.617266192109246603e-01 5.435661062260349619e-01 8.280388471127053673e-01 6.893092780923346652e-01 1.570331983716449775e-01 5.640882554609618627e-01 7.027437523265543939e-01 6.562783730197214727e-01 2.665786211101525138e-01 5.816869843665088968e-01 6.718707551914167020e-01 4.814899443211906882e-01 4.152288387950250903e-01 1.498036706238376481e-01 4.498346365501761368e-01 5.177925876465018229e-01
1.484731147432190035e-01 5.582816780513711885e-01 8.834934368695136486e-01 4.762822633853174836e-01 2.577393770959405250e-01 6.290870504905989868e-01 3.382567889377127157e-01 4.720098010762414642e-01 0.000000000000000000e+00 4.462398226520518651e-01 2.785097578667352636e-01 8.295117273270244951e-01 4.975496691240434144e-01 6.487115082886155681e-01 5.281144707490558199e-01 8.419580355441227404e-01 2.818533160662029524e-01 4.440284890428701781e-01 5.852314735525925293e-01 1.131969849997023214e-01 8.699602378196631403e-01 1.374079776262974173e-01 5.142712822592141464e-01 2.851544065217216373e-01 5.402087503085825082e-01 8.014957949546674953e-01 7.492744107588189539e-01 7.914235350655483003e-01 4.187400437540134135e-01 5.917946836951377687e-01 6.598675643352494014e-01 3.142635872217920401e-01 5.340154289198209003e-01 8.187751025212319789e-02 7.528337437784923258e-01
6.679110546635869117e-01 7.072124489962565708e-01 6.589235235794712597e-01 5.581616095690218327e-01 3.682603218765972408e-01 5.132703533439922916e-01 6.126031038274448726e-01 8.329505321822476827e-01 4.462398226520518651e-01 0.000000000000000000e+00 4.020889594006041845e-01 6.988508651369931268e-01 4.643596031220903475e-01 7.333936323610483754e-01 5.082589351548785217e-01 7.241586139747456796e-01 5.613967916362088140e-01 4.040254336159323501e-01 2.030607071750457071e-01 7.916288417040004965e-01 7.229413199204114404e-01 1.216713874774407733e-01 9.399077757073052153e-01 8.732984635082197133e-01 2.067592460275969879e-01 7.855754396089194014e-01 6.009023657352887682e-01 6.564236129902528694e-01 5.021834627462811174e-01 3.272119018353219499e-01 8.029615532821394730e-01 4.293141587366910983e-01 4.939040728990116702e-01 5.216880752005228494e-01 4.840364176503512139e-01
5.676821952074462274e-01 2.920533658639471453e-01 5.080305260871060824e-01 4.597563258918698770e-01 6.686365313380955300e-01 7.291223162916291578e-01 5.132558253791957847e-02 5.787333673438911363e-01 2.785097578667352636e-01 4.020889594006041845e-01 0.000000000000000000e+00 7.623532589979513663e-01 4.627125802790907905e-01 4.057271737142710277e-01 4.352160573905275998e-01 2.006839953914195673e-01 3.956037180807897014e-01 4.058162939390234092e-01 4.966478777480312634e-01 4.727108188192649108e-01 2.943305334550138097e-01 6.035009824649661958e-01 3.227410260352416294e-01 3.512346993044436205e-01 5.750619294397980585e-01 5.628825927332382628e-01 6.272142314924130657e-01 6.030937144391962379e-01 6.724993264389805825e-01 6.216996541939359133e-01 4.949486828272938177e-01 4.380368674260724515e-01 5.680755433095561191e-01 5.978224654048289732e-01 5.391841663660502659e-01
4.877231691896037891e-01 7.624229304444362088e-01 3.583773418375839626e-01 6.096579301439386533e-01 3.852542618219655379e-01 7.977791709987537283e-01 5.534337293682445313e-01 4.681917202045386972e-01 8.295117273270244951e-01 6.988508651369931268e-01 7.623532589979513663e-01 0.000000000000000000e+00 4.999965581782410129e-01 6.258188034557781165e-01 6.693830657146937479e-02 4.721529606001888535e-01 4.576673081750205485e-01 8.876522497539465206e-01 2.688069593595180384e-01 5.729485949963870617e-01 4.749849636063167568e-01 9.591570915502991568e-01 2.819961925416843984e-01 5.509259222483102736e-01 3.296980272675635315e-01 2.981530953031130693e-01 6.866670024450705068e-01 1.727023956702086194e-01 4.948672156094502395e-01 4.074694239582362654e-01 4.468389699836450291e-01 9.155126374663815625e-01 4.716202855434486474e-01 2.984039057147533369e-01 5.830385361461838389e-01
9.456471306601499371e-01 3.844999985989899227e-01 4.416755120244683086e-01 7.324575497087222331e-01 7.724503452208708598e-01 3.045661883686069382e-01 2.985228456514180673e-01 5.144025594603609530e-01 4.975496691240434144e-01 4.643596031220903475e-01 4.627125802790907905e-01 4.999965581782410129e-01 0.000000000000000000e+00 5.352009723304482769e-01 5.630360642023622963e-01 3.614980230394301830e-01 5.205679049074796172e-01 4.618004643269892351e-01 7.436196680163145167e-01 6.209243257485511647e-01 4.578380155752557190e-01 1.474406015631342104e-01 2.617398111311224351e-01 5.537354421203679600e-01 6.569869062487510014e-01 1.020440412391070972e-01 5.184573002524737184e-01 3.812870029191922083e-01 5.122994578946000743e-01 4.641352183091261852e-01 8.489152692412185175e-01 1.453497235383590658e-01 5.096040448492252795e-01 1.870609206991696860e-01 1.358973170178254808e-01
3.600975715578260128e-01 8.092592529017950120e-02 6.267826018106297248e-01 5.501868219122149073e-01 6.543687285614006033e-01 4.913554734760412490e-01 7.579345683827969360e-01 8.539267738712215117e-01 6.487115082886155681e-01 7.333936323610483754e-01 4.057271737142710277e-01 6.258188034557781165e-01 5.352009723304482769e-01 0.000000000000000000e+00 5.537023249286343596e-01 7.445416856958084750e-01 7.561247375097461809e-01 6.042988526025974139e-01 6.761542252277685794e-01 3.628665469721487069e-01 1.706245005618446942e-01 5.013432991072679368e-01 6.480609026751231738e-01 7.192662891230794386e-01 7.459905077469175527e-01 7.603880538173662940e-01 2.082517874881105735e-01 4.344513486476533348e-01 5.554728570398685950e-01 2.560944308769466105e-01 6.261342375780074576e-01 3.939387670317914258e-01 6.633734413249816608e-01 2.322761245296427468e-01 4.435439649338321910e-01
5.561084517754888434e-01 4.684549933675777877e-01 6.222608632140887996e-01 3.773901649585243434e-01 6.586730135418168430e-01 1.801181098969325545e-01 1.701342977637961829e-01 7.531605980240494436e-01 5.281144707490558199e-01 5.082589351548785217e-01 4.352160573905275998e-01 6.693830657146937479e-02 5.630360642023622963e-01 5.537023249286343596e-01 0.000000000000000000e+00 5.635768440876421925e-01 5.799381298625243542e-01 7.902541177846522658e-01 6.539616879305012453e-01 5.126183694546094793e-01 7.002789217657479082e-01 5.935315242310130746e-01 8.324347974928767435e-01 4.449390157866512374e-01 5.020420153123392737e-01 4.440548194856904218e-01 5.267792506853352652e-01 5.268670147926410863e-01 4.728654041552274312e-01 5.193290610682776975e-01 4.339379606934784528e-01 7.031742576868496020e-01 7.158262970975479700e-01 8.667818650667502567e-01 6.634621972815915036e-01
7.369746216814089257e-01 5.870019596830187147e-01 5.520261400527003426e-01 4.454168095015998419e-01 4.836620614759295500e-01 3.615651552778527122e-01 6.509972966890975599e-01 1.640059921529437026e-01 8.419580355441227404e-01 7.241586139747456796e-01 2.006839953914195673e-01 4.721529606001888535e-01 3.614980230394301830e-01 7.445416856958084750e-01 5.635768440876421925e-01 0.000000000000000000e+00 6.722719759402656647e-01 5.651983809016347671e-01 5.567178491200904800e-01 2.480954547625278672e-01 4.796202652256083554e-01 1.978601447486934561e-01 6.933295848514569037e-01 3.734762027879385826e-01 4.092034222156928913e-01 4.129613489569076146e-01 6.386599766793725763e-01 4.629438843877582421e-01 3.308724450907792880e-01 6.070322867792614652e-01 4.012597235620152247e-01 2.805655627906954441e-01 4.950676000575514601e-01 6.534606199684195316e-01 6.330907497833548891e-01
7.154884873489343322e-01 2.780363449753473493e-01 5.344636235153980008e-01 8.439398923414351827e-01 4.096648004049501246e-01 2.975701663067808478e-01 4.836278491250790568e-01 2.751106031944285935e-01 2.818533160662029524e-01 5.613967916362088140e-01 3.956037180807897014e-01 4.576673081750205485e-01 5.205679049074796172e-01 7.561247375097461809e-01 5.799381298625243542e-01 6.722719759402656647e-01 0.000000000000000000e+00 7.835563223273318556e-01 3.449739646176691599e-01 5.137242055229607196e-01 4.100327131295657401e-01 7.328436841690758596e-01 4.883664989942929080e-01 5.417022237510149552e-01 1.838960257628237116e-01 8.557002046157140551e-01 4.252163844404781567e-01 6.432785434845545991e-01 9.166303068441035151e-01 1.001905194034298785e-01 6.137870571947714460e-01 1.021813116423782031e-01 4.113740993256015388e-01 6.698075491006080240e-01 6.299656795071512105e-02
6.816928457284898712e-01 3.519768374380854992e-01 7.284283385676582068e-02 7.557058656521963291e-01 7.693932067102112748e-01 5.194329568555686727e-01 5.077550379627251420e-01 2.435951272755446095e-01 4.440284890428701781e-01 4.040254336159323501e-01 4.058162939390234092e-01 8.876522497539465206e-01 4.618004643269892351e-01 6.042988526025974139e-01 7.902541177846522658e-01 5.651983809016347671e-01 7.835563223273318556e-01 0.000000000000000000e+00 4.965383611328614277e-01 5.117573100132972730e-01 3.752665074232101050e-01 3.486896680083084732e-01 4.462566238730436563e-02 8.060600684663217219e-01 4.673118313104345778e-01 4.598785289820017663e-01 4.810713420838140242e-01 2.361436332257219606e-01 6.723651694255442512e-01 6.164533662053921503e-01 4.392705465455976066e-01 8.348273886680558364e-01 2.635841216212903571e-01 7.019701540183100885e-01 3.795340284158139621e-01
2.745832625104301372e-01 7.485449286641577826e-01 3.668237258403334033e-01 6.912881060931963528e-01 1.312119903756934769e-01 2.423078803721883112e-01 8.407509008299873798e-01 6.380851911026506063e-01 5.852314735525925293e-01 2.030607071750457071e-01 4.966478777480312634e-01 2.688069593595180384e-01 7.436196680163145167e-01 6.761542252277685794e-01 6.539616879305012453e-01 5.567178491200904800e-01 3.449739646176691599e-01 4.965383611328614277e-01 0.000000000000000000e+00 7.568696073825044168e-01 5.932429457753809476e-01 7.017867416611575093e-01 7.998483984835165206e-01 6.376557569932893577e-01 6.474559604046834504e-01 5.497987106010039371e-01 3.827126386492260002e-01 4.822933158997708691e-01 1.315435304338923306e-01 5.185553915772719291e-01 2.749820222123094959e-01 5.663673568342402209e-01 9.973457349417647055e-02 3.204002947590842698e-01 1.926704743157844346e-01
3.123018927270937439e-01 6.908718675799122577e-01 7.209908536076614638e-01 8.637398085826042404e-01 5.995919931740920639e-01 2.526826587751428432e-01 2.267497729301239939e-01 2.617266192109246603e-01 1.131969849997023214e-01 7.916288417040004965e-01 4.727108188192649108e-01 5.729485949963870617e-01 6.209243257485511647e-01 3.628665469721487069e-01 5.126183694546094793e-01 2.480954547625278672e-01 5.137242055229607196e-01 5.117573100132972730e-01 7.568696073825044168e-01 0.000000000000000000e+00 4.989016201472613043e-01 3.775061385964909033e-01 2.850928889913828534e-01 5.074849311860687440e-01 1.537546625371569720e-01 5.599214118075103164e-01 4.895855172445364722e-01 9.063200407231408740e-03 3.720624544752503260e-01 4.524410481494248182e-01 4.092420921104974463e-01 6.633860183422357615e-01 6.136328972948654759e-01 1.739996069633155118e-01 5.172983234146597553e-01
3.044775962536772074e-01 5.554100141472874119e-01 6.108978954388954996e-01 6.601541865432809519e-01 4.492026336685345789e-01 5.873834901571627354e-01 2.583708878776155293e-01 5.435661062260349619e-01 8.699602378196631403e-01 7.229413199204114404e-01 2.943305334550138097e-01 4.749849636063167568e-01 4.578380155752557190e-01 1.706245005618446942e-01 7.002789217657479082e-01 4.796202652256083554e-01 4.100327131295657401e-01 3.752665074232101050e-01 5.932429457753809476e-01 4.989016201472613043e-01 0.000000000000000000e+00 5.580477129571014272e-01 2.730731970248179152e-01 4.346357564418141806e-01 8.541230533998973584e-01 5.228539093418729244e-01 6.365747244930700655e-01 2.463060391543934191e-01 8.031546005116181330e-01 2.932246942061862427e-01 3.248958834818746477e-01 7.976207649488897822e-01 4.028069534340777968e-01 2.784370509087951140e-01 6.486193351338516155e-01
2.623037794437328429e-01 5.583783604491331376e-01 2.432581519746137566e-01 5.179341940990584980e-01 3.370086081010811307e-01 6.639218130492521297e-01 5.268994434990088571e-01 8.280388471127053673e-01 1.374079776262974173e-01 1.216713874774407733e-01 6.035009824649661958e-01 9.591570915502991568e-01 1.474406015631342104e-01 5.013432991072679368e-01 5.935315242310130746e-01 1.978601447486934561e-01 7.328436841690758596e-01 3.486896680083084732e-01 7.017867416611575093e-01 3.775061385964909033e-01 5.580477129571014272e-01 0.000000000000000000e+00 4.051105699898036039e-01 1.178700255495321869e-01 6.357183177785541428e-01 5.118627934585470163e-01 4.903306539493079708e-01 5.117574773519626419e-01 4.671780649591552037e-01 5.953969368064127021e-01 3.331854030230957386e-01 6.400737811734171778e-01 5.131248435344164527e-01 3.128798232778139399e-01 3.586880992032328574e-01
2.376364174904441739e-01 4.095488760927888938e-01 4.188093237744476838e-01 6.027023018346093775e-01 4.083430637992435663e-01 9.561760379470329863e-02 7.378373663781706560e-01 6.893092780923346652e-01 5.142712822592141464e-01 9.399077757073052153e-01 3.227410260352416294e-01 2.819961925416843984e-01 2.617398111311224351e-01 6.480609026751231738e-01 8.324347974928767435e-01 6.933295848514569037e-01 4.883664989942929080e-01 4.462566238730436563e-02 7.998483984835165206e-01 2.850928889913828534e-01 2.730731970248179152e-01 4.051105699898036039e-01 0.000000000000000000e+00 8.812223423367619990e-01 2.490658492128112744e-01 5.752423128203970615e-01 1.377855729576838995e-01 2.840595019461074622e-01 5.335059021365927689e-01 8.650844262429082665e-01 3.702935311146562380e-01 8.903789274673131748e-01 4.391158797453218465e-01 3.888556204629924906e-01 2.318273753177558794e-01
9.299384477975772834e-01 6.921178384114743398e-01 3.539276018541698821e-01 2.197480819039976385e-01 3.204671619474761535e-01 8.873855525852886172e-01 8.761117730791865288e-01 1.570331983716449775e-01 2.851544065217216373e-01 8.732984635082197133e-01 3.512346993044436205e-01 5.509259222483102736e-01 5.537354421203679600e-01 7.192662891230794386e-01 4.449390157866512374e-01 3.734762027879385826e-01 5.417022237510149552e-01 8.060600684663217219e-01 6.376557569932893577e-01 5.074849311860687440e-01 4.346357564418141806e-01 1.178700255495321869e-01 8.812223423367619990e-01 0.000000000000000000e+00 5.009439164445614878e-01 5.513174224500719811e-01 8.328350750271229508e-02 7.700635196569516339e-01 5.865607721124053153e-01 4.557729836548453650e-01 2.126606433235120885e-01 5.023127700449165900e-01 2.090702040109922999e-01 5.664145078690875357e-01 2.952830805649206969e-01
1.850777493513476868e-01 6.284741367111627008e-01 5.745068602448406558e-01 5.342078978927267130e-01 5.609641758886396712e-01 3.411897158070494873e-01 1.573603988529427289e-01 5.640882554609618627e-01 5.402087503085825082e-01 2.067592460275969879e-01 5.750619294397980585e-01 3.296980272675635315e-01 6.569869062487510014e-01 7.459905077469175527e-01 5.020420153123392737e-01 4.092034222156928913e-01 1.838960257628237116e-01 4.673118313104345778e-01 6.474559604046834504e-01 1.537546625371569720e-01 8.541230533998973584e-01 6.357183177785541428e-01 2.490658492128112744e-01 5.009439164445614878e-01 0.000000000000000000e+00 8.165321412234796128e-01 1.276577001429318181e-01 5.686752226924660647e-01 5.222389872139158173e-01 2.847488250767694629e-01 3.751109691633300325e-01 3.148097237734546194e-01 3.272261541860878586e-01 2.843639225458921560e-01 4.991393738736221719e-01
6.300652759658682545e-01 2.022240416467026014e-01 2.632623672532238279e-01 5.064075185855640981e-01 7.382376220191183558e-01 4.736452565438760698e-01 3.628795497194930997e-01 7.027437523265543939e-01 8.014957949546674953e-01 7.855754396089194014e-01 5.628825927332382628e-01 2.981530953031130693e-01 1.020440412391070972e-01 7.603880538173662940e-01 4.440548194856904218e-01 4.129613489569076146e-01 8.557002046157140551e-01 4.598785289820017663e-01 5.497987106010039371e-01 5.599214118075103164e-01 5.228539093418729244e-01 5.118627934585470163e-01 5.752423128203970615e-01 5.513174224500719811e-01 8.165321412234796128e-01 0.000000000000000000e+00 6.718007840991675472e-01 3.922147019389751743e-01 2.229943930605776670e-01 6.911986541011709839e-01 3.457001528675295310e-01 4.752189177666668041e-01 2.796034317382935508e-01 4.376104001728554072e-01 5.406507693021715966e-01
6.424781840377306041e-01 8.800234755427993605e-02 5.234527686846944805e-01 3.118845636776388930e-01 1.435956839399914475e-01 8.750253938589759306e-01 4.517947438986410491e-01 6.562783730197214727e-01 7.492744107588189539e-01 6.009023657352887682e-01 6.272142314924130657e-01 6.866670024450705068e-01 5.184573002524737184e-01 2.082517874881105735e-01 5.267792506853352652e-01 6.386599766793725763e-01 4.252163844404781567e-01 4.810713420838140242e-01 3.827126386492260002e-01 4.895855172445364722e-01 6.365747244930700655e-01 4.903306539493079708e-01 1.377855729576838995e-01 8.328350750271229508e-02 1.276577001429318181e-01 6.718007840991675472e-01 0.000000000000000000e+00 7.240664096471898237e-01 6.827234663393126901e-01 5.917201192512695496e-01 6.759141994328579095e-01 5.978267095119267349e-01 2.379281267608646111e-01 1.967201843458971089e-01 4.512747552036990850e-01
3.809185930205826187e-01 8.758669321115528650e-01 5.755192052939366310e-01 5.302976427344615606e-01 5.367490654491586799e-01 1.760304462591425478e-01 7.348052571436308744e-01 2.665786211101525138e-01 7.914235350655483003e-01 6.564236129902528694e-01 6.030937144391962379e-01 1.727023956702086194e-01 3.812870029191922083e-01 4.344513486476533348e-01 5.268670147926410863e-01 4.629438843877582421e-01 6.432785434845545991e-01 2.361436332257219606e-01 4.822933158997708691e-01 9.063200407231408740e-03 2.463060391543934191e-01 5.117574773519626419e-01 2.840595019461074622e-01 7.700635196569516339e-01 5.686752226924660647e-01 3.922147019389751743e-01 7.240664096471898237e-01 0.000000000000000000e+00 3.691858658023309259e-01 3.213529040453212415e-01 1.113854383093818567e-01 3.816620782220479513e-01 4.652159592273931166e-01 4.388608075649255147e-01 5.254252127864599275e-01
7.350406185966370520e-01 7.681689523397413621e-01 4.863690771025500625e-01 4.192072318826277622e-01 3.755327557597292754e-01 5.249494940280240440e-01 7.131944815671731330e-01 5.816869843665088968e-01 4.187400437540134135e-01 5.021834627462811174e-01 6.724993264389805825e-01 4.948672156094502395e-01 5.122994578946000743e-01 5.554728570398685950e-01 4.728654041552274312e-01 3.308724450907792880e-01 9.166303068441035151e-01 6.723651694255442512e-01 1.315435304338923306e-01 3.720624544752503260e-01 8.031546005116181330e-01 4.671780649591552037e-01 5.335059021365927689e-01 5.865607721124053153e-01 5.222389872139158173e-01 2.229943930605776670e-01 6.827234663393126901e-01 3.691858658023309259e-01 0.000000000000000000e+00 7.376490887628011084e-01 6.817643602643342904e-01 4.340648824978217690e-01 4.683043471769327559e-01 8.132122839648860957e-01 3.320671892896918109e-01
1.378607708666620413e-01 7.688817803559140351e-01 7.582262250175355600e-01 2.763975399148559942e-01 2.097442010329010342e-01 3.687012515867328366e-01 7.140974858816637738e-01 6.718707551914167020e-01 5.917946836951377687e-01 3.272119018353219499e-01 6.216996541939359133e-01 4.074694239582362654e-01 4.641352183091261852e-01 2.560944308769466105e-01 5.193290610682776975e-01 6.070322867792614652e-01 1.001905194034298785e-01 6.164533662053921503e-01 5.185553915772719291e-01 4.524410481494248182e-01 2.932246942061862427e-01 5.953969368064127021e-01 8.650844262429082665e-01 4.557729836548453650e-01 2.847488250767694629e-01 6.911986541011709839e-01 5.917201192512695496e-01 3.213529040453212415e-01 7.376490887628011084e-01 0.000000000000000000e+00 2.324366558317602083e-01 8.173665795830999947e-01 3.249350940870698867e-01 8.847519712216630472e-01 8.036489837691590532e-01
8.243498381720115731e-01 6.801560864091462655e-01 7.774740139431952635e-01 2.496346745345535689e-01 7.565256139537115398e-01 3.985170289545804101e-01 6.018853236956236419e-01 4.814899443211906882e-01 6.598675643352494014e-01 8.029615532821394730e-01 4.949486828272938177e-01 4.468389699836450291e-01 8.489152692412185175e-01 6.261342375780074576e-01 4.339379606934784528e-01 4.012597235620152247e-01 6.137870571947714460e-01 4.392705465455976066e-01 2.749820222123094959e-01 4.092420921104974463e-01 3.248958834818746477e-01 3.331854030230957386e-01 3.702935311146562380e-01 2.126606433235120885e-01 3.751109691633300325e-01 3.457001528675295310e-01 6.759141994328579095e-01 1.113854383093818567e-01 6.817643602643342904e-01 2.324366558317602083e-01 0.000000000000000000e+00 6.912029024940571365e-01 2.601724359750059445e-01 5.324240588135720209e-01 6.669501147798542195e-01
6.862220496673262504e-01 4.581959311879363339e-02 5.715415741197771293e-01 7.428253925037681116e-01 5.445610416826220934e-01 7.633934144922078779e-01 6.140679127311214902e-01 4.152288387950250903e-01 3.142635872217920401e-01 4.293141587366910983e-01 4.380368674260724515e-01 9.155126374663815625e-01 1.453497235383590658e-01 3.939387670317914258e-01 7.031742576868496020e-01 2.805655627906954441e-01 1.021813116423782031e-01 8.348273886680558364e-01 5.663673568342402209e-01 6.633860183422357615e-01 7.976207649488897822e-01 6.400737811734171778e-01 8.903789274673131748e-01 5.023127700449165900e-01 3.148097237734546194e-01 4.752189177666668041e-01 5.978267095119267349e-01 3.816620782220479513e-01 4.340648824978217690e-01 8.173665795830999947e-01 6.912029024940571365e-01 0.000000000000000000e+00 6.073321679052208211e-01 3.535086102875549807e-01 7.538138138969621149e-01
6.944898698824426564e-01 2.532679010411422738e-01 2.878586603928611209e-01 3.458223033675026925e-01 3.401870806634816891e-01 7.969324120235867781e-01 5.196991366147457603e-01 1.498036706238376481e-01 5.340154289198209003e-01 4.939040728990116702e-01 5.680755433095561191e-01 4.716202855434486474e-01 5.096040448492252795e-01 6.633734413249816608e-01 7.158262970975479700e-01 4.950676000575514601e-01 4.113740993256015388e-01 2.635841216212903571e-01 9.973457349417647055e-02 6.136328972948654759e-01 4.028069534340777968e-01 5.131248435344164527e-01 4.391158797453218465e-01 2.090702040109922999e-01 3.272261541860878586e-01 2.796034317382935508e-01 2.379281267608646111e-01 4.652159592273931166e-01 4.683043471769327559e-01 3.249350940870698867e-01 2.601724359750059445e-01 6.073321679052208211e-01 0.000000000000000000e+00 5.513556014162550589e-01 1.763407416133672689e-01
2.846888782341613355e-01 6.524118221399366480e-02 7.820485630791866871e-01 1.652087379132413103e-01 7.408323721571730136e-01 4.155656973755449402e-01 5.815916525756354982e-01 4.498346365501761368e-01 8.187751025212319789e-02 5.216880752005228494e-01 5.978224654048289732e-01 2.984039057147533369e-01 1.870609206991696860e-01 2.322761245296427468e-01 8.667818650667502567e-01 6.534606199684195316e-01 6.698075491006080240e-01 7.019701540183100885e-01 3.204002947590842698e-01 1.739996069633155118e-01 2.784370509087951140e-01 3.128798232778139399e-01 3.888556204629924906e-01 5.664145078690875357e-01 2.843639225458921560e-01 4.376104001728554072e-01 1.967201843458971089e-01 4.388608075649255147e-01 8.132122839648860957e-01 8.847519712216630472e-01 5.324240588135720209e-01 3.535086102875549807e-01 5.513556014162550589e-01 0.000000000000000000e+00 6.344746280153663598e-01
5.770773553166318459e-01 3.689387195718937251e-01 3.670942676574223684e-01 4.587076192191217316e-01 4.953967296563253075e-01 7.466625746460859858e-01 5.490728348684390525e-01 5.177925876465018229e-01 7.528337437784923258e-01 4.840364176503512139e-01 5.391841663660502659e-01 5.830385361461838389e-01 1.358973170178254808e-01 4.435439649338321910e-01 6.634621972815915036e-01 6.330907497833548891e-01 6.299656795071512105e-02 3.795340284158139621e-01 1.926704743157844346e-01 5.172983234146597553e-01 6.486193351338516155e-01 3.586880992032328574e-01 2.318273753177558794e-01 2.952830805649206969e-01 4.991393738736221719e-01 5.406507693021715966e-01 4.512747552036990850e-01 5.254252127864599275e-01 3.320671892896918109e-01 8.036489837691590532e-01 6.669501147798542195e-01 7.538138138969621149e-01 1.763407416133672689e-01 6.344746280153663598e-01 0.000000000000000000e+00
