0.000000000000000000e+00 6.301824169423557720e-01 4.824871989782921755e-01 7.858898461440366745e-01 6.486371670601768225e-01 1.805077292876363648e-01 4.764224888554772219e-01 8.333567334512447244e-01 2.763739708720303057e-02 2.496362429448287235e-01 6.446263163350430814e-01 7.491511744121557292e-01 7.988451724786191921e-01 4.660717252848969316e-01 8.547451163735684254e-01 4.328945310956025527e-01 8.144075503300838292e-01 5.256563679775247966e-01 4.162138182034832434e-01 5.256600447902162188e-01 8.732623532458381188e-01 6.563551862365196721e-01 4.997024536221157942e-01 6.777586558570645181e-01 5.187277193798690567e-01 9.296670235004699245e-01 8.040224141800584867e-01 4.617468421596424011e-01 6.657117953012529066e-01 3.062899726925543131e-01 3.953659391584061766e-01 2.592262561790967812e-01 5.198436569564485188e-01 6.205444380671262250e-01 6.839981946827899950e-01
6.301824169423557720e-01 0.000000000000000000e+00 5.565729637283911568e-01 5.232047158928250230e-01 6.746438234682741175e-01 6.937239097853886705e-02 5.932646326331283415e-01 6.648140745055046708e-01 5.202722364044956027e-01 6.443422067310431434e-01 5.378786509728769039e-01 8.355519047612752770e-01 5.134844109904188603e-01 5.523676019759393707e-01 7.987185337442102018e-01 8.165050721144162527e-01 4.235112436704964178e-01 3.640183749648573386e-01 4.601098470015981823e-01 7.822063587577814392e-01 9.905376869880007096e-01 3.868036603644883220e-01 6.526155403491212814e-01 4.585757372661858899e-01 5.579529096389554965e-01 7.848988067961131243e-01 7.584904000958179182e-01 1.080615860689041474e-01 4.469364982281925913e-01 5.279940831190850226e-01 7.842029171336590831e-01 7.958440369361826638e-01 3.482032557350112079e-01 8.317201879171016721e-01 4.754232909688779762e-01
4.824871989782921755e-01 5.565729637283911568e-01 0.000000000000000000e+00 3.944450983423529178e-01 4.718314901225560409e-01 4.492236889419412016e-01 3.141571640239692598e-01 6.075343409022241348e-01 8.072381288658758702e-01 4.918084798383359213e-01 7.807714655178834562e-01 8.738215933527215817e-01 6.394234884551703857e-01 9.568978437085551292e-02 7.442067788644807225e-01 7.832412664007224468e-01 8.846519415342797288e-01 6.594268577062987191e-01 9.437635691192198806e-01 6.893284927457745681e-01 7.221821164397529413e-01 8.530351874841473059e-01 8.388577998986659345e-01 6.026511499307081188e-01 6.221760579241883971e-01 9.028439689693010806e-01 5.669213027611891276e-01 8.162673106996054528e-01 8.650950623831574759e-01 3.340995533708457366e-02 2.214698450037202448e-01 4.061611351852783547e-01 7.218374482218190558e-01 4.082834058458197912e-01 8.027745308290852311e-01
7.858898461440366745e-01 5.232047158928250230e-01 3.944450983423529178e-01 0.000000000000000000e+00 6.211741481163148837e-01 8.235137286431204462e-02 5.063810226642301293e-01 6.070692961991867032e-01 7.792480899136488004e-01 7.559434142736243256e-01 4.391746135589222888e-01 1.871880398581197702e-01 4.578616164702005720e-01 4.536762941020905937e-01 4.873416982928651664e-01 6.012482248900272719e-01 6.416272701682368407e-01 6.727404712957527622e-01 6.262426581336622000e-02 9.407550733050630276e-01 7.945383179294105425e-01 4.324585045970282815e-01 5.377509077893281031e-01 1.772422859110106552e-01 4.806412818960195121e-01 8.039590403694742982e-01 8.807490666701283111e-01 9.091503529878450784e-01 4.347422493149250000e-01 6.089002858749552605e-01 7.485586594407371841e-01 3.899141473287834336e-01 4.892414584029766700e-01 5.568222672605405155e-01 4.369939913961830014e-01
6.486371670601768225e-01 6.746438234682741175e-01 4.718314901225560409e-01 6.211741481163148837e-01 0.000000000000000000e+00 8.724328498322404535e-01 4.108389815168075332e-01 7.755722984557666955e-02 3.369053561916229844e-01 7.763740503635003787e-01 8.775248738300638340e-01 2.215082940665262790e-01 4.138827874500128901e-01 4.392119898802391287e-01 6.103679166627108410e-01 6.943980863009393545e-01 4.287377686157516354e-01 5.389557608773782871e-01 4.549733198034863202e-01 4.764819588616749924e-01 4.837768395966200452e-01 8.869950421199435109e-02 4.587782364380498246e-01 6.719159382723746132e-01 2.780292832153841154e-01 5.963323908619473368e-01 1.758147682435929893e-01 3.636806039350569675e-01 3.425770279385745853e-01 7.074171908453967816e-01 8.983755950838032689e-01 7.439434882336258825e-01 4.716899149086342669e-01 8.167052938853127664e-01 1.632808386403113987e-01
1.805077292876363648e-01 6.937239097853886705e-02 4.492236889419412016e-01 8.235137286431204462e-02 8.724328498322404535e-01 0.000000000000000000e+00 5.603697440013660769e-01 4.634074258874643082e-02 7.284764814977956471e-01 7.556513003227258718e-01 4.352327522443258379e-01 6.935329583105027673e-01 4.675354986411466851e-01 7.353159182213813150e-01 4.635492591820790653e-01 7.794752034481177150e-01 1.364813638182869049e-01 4.179465589970026151e-01 7.611400359809605831e-01 3.625503076835410177e-01 7.539389859955439865e-01 4.606622251236194288e-01 5.084058599637745202e-01 4.594534450392618874e-01 4.078051205162765980e-01 3.884751226490849585e-01 6.304684453251920839e-01 8.698559707391790852e-01 5.709234767135570321e-01 8.004535831193682061e-01 6.896937296306205889e-01 4.816965350005374402e-01 5.393937862641844383e-01 6.502928614601827251e-01 2.402465285860061472e-01
4.764224888554772219e-01 5.932646326331283415e-01 3.141571640239692598e-01 5.063810226642301293e-01 4.108389815168075332e-01 5.603697440013660769e-01 0.000000000000000000e+00 8.138754703399608825e-01 2.115225855658438014e-01 5.981124976508016555e-01 4.284199606195895349e-01 4.981122382622014677e-01 6.416936019686796389e-01 7.446371644000088219e-01 6.496710793932791717e-01 7.210955145325748106e-01 1.574871422131581822e-01 6.236600235993495778e-01 6.457960544813630133e-01 2.543717077185059239e-02 2.706249457201317932e-01 8.292554022273610492e-01 2.977376709235727281e-01 7.827392393768970447e-01 6.634176563870737287e-01 6.628936977152564136e-01 1.057538498370624858e-01 5.544817919115094806e-01 3.428547963978036961e-01 7.207447868915989320e-01 8.537062915574320510e-01 6.467679383591347086e-01 8.031372277791588576e-01 6.739512827353941748e-01 2.479307148701680452e-01
8.333567334512447244e-01 6.648140745055046708e-01 6.075343409022241348e-01 6.070692961991867032e-01 7.755722984557666955e-02 4.634074258874643082e-02 8.138754703399608825e-01 0.000000000000000000e+00 4.700761918453956190e-01 5.013967744069529608e-01 1.727681010938346695e-01 2.235406477678851811e-01 8.793212846465998656e-01 4.309050119182185057e-01 5.562016750159830547e-01 6.307118765795136639e-01 1.660654129411649471e-01 6.935242531995142734e-01 5.915045941728296341e-01 6.254306312861830364e-01 7.841091796729804386e-01 4.655367491091378929e-01 2.463543768898668329e-01 4.831990545738800713e-01 4.670177188276909974e-01 4.914067199789771689e-01 2.696561169183911977e-01 3.515890903434055192e-01 1.928217184740604884e-01 3.872567080956065277e-01 6.893444390693012069e-01 5.355983182978601986e-01 4.639918213591813778e-01 5.794406272307626171e-01 5.067331335098468337e-01
2.763739708720303057e-02 5.202722364044956027e-01 8.072381288658758702e-01 7.792480899136488004e-01 3.369053561916229844e-01 7.284764814977956471e-01 2.115225855658438014e-01 4.700761918453956190e-01 0.000000000000000000e+00 6.666208309084150629e-01 5.965972519292751519e-01 3.139204054034101521e-01 3.642874587453366342e-01 6.216978074103325369e-01 3.438065187773303721e-01 2.584591987590705298e-01 9.018979569322673751e-01 7.145518445586631628e-01 6.964271195879789822e-01 1.008087761389742099e-01 7.510369254355954149e-01 2.374065802289015981e-01 9.499745033079304291e-01 9.182107295759851517e-01 5.062599366883255847e-01 1.655518640627967608e-01 5.662478886604396244e-01 8.287018827242791374e-01 8.994230390114501539e-01 6.669809195662936840e-01 8.550369922756002605e-01 8.265334671451650683e-01 5.621281081320697037e-01 9.147729718954700218e-01 7.165643553854330605e-01
2.496362429448287235e-01 6.443422067310431434e-01 4.918084798383359213e-01 7.559434142736243256e-01 7.763740503635003787e-01 7.556513003227258718e-01 5.981124976508016555e-01 5.013967744069529608e-01 6.666208309084150629e-01 0.000000000000000000e+00 4.540141262694828983e-01 3.935641234438015390e-01 4.191241737290523073e-01 4.110575191964799258e-01 8.208828781063268742e-01 8.107422229739074115e-01 1.789638972310835796e-01 6.705077931621514775e-01 9.066428356273168454e-01 5.297875987204180293e-01 6.754513211881797430e-01 2.082263334059746285e-01 7.750726654594580767e-01 9.453828759300655360e-01 7.281320178646748520e-01 8.121546061833290198e-01 3.869210221962356422e-01 7.264690860936462435e-01 7.109496927349678863e-01 4.246078737434109129e-01 6.418765832484295553e-01 2.538666824149771184e-02 8.890668917511577174e-01 4.923234459335784630e-01 4.340291430557075003e-01
6.446263163350430814e-01 5.378786509728769039e-01 7.807714655178834562e-01 4.391746135589222888e-01 8.775248738300638340e-01 4.352327522443258379e-01 4.284199606195895349e-01 1.727681010938346695e-01 5.965972519292751519e-01 4.540141262694828983e-01 0.000000000000000000e+00 6.445496839853859239e-01 6.247369080674430863e-01 1.061275530222610675e-01 5.110931072483637649e-01 8.443093700818360414e-01 3.654272344469993161e-01 6.220028296861546124e-02 4.425443252808581307e-01 7.906620764299023829e-01 4.770168957896253614e-01 5.760435780876316247e-01 5.247848340203239426e-01 7.436002959420708880e-01 8.054295679555572018e-01 7.326889807988806735e-01 2.745887661030892990e-01 5.872048493038103389e-01 4.524182107306333744e-01 1.867579759925537264e-01 7.060209389759311005e-01 6.678745013126283769e-01 4.806782008939339268e-01 3.595917084923336282e-01 6.363263964529406458e-01
7.491511744121557292e-01 8.355519047612752770e-01 8.738215933527215817e-01 1.871880398581197702e-01 2.215082940665262790e-01 6.935329583105027673e-01 4.981122382622014677e-01 2.235406477678851811e-01 3.139204054034101521e-01 3.935641234438015390e-01 6.445496839853859239e-01 0.000000000000000000e+00 2.766104860810107979e-01 8.551441377064905591e-01 8.029885049464001723e-01 4.560797107191904010e-01 4.170812033677769315e-01 7.272970332050470166e-01 2.666938872801880578e-01 6.845086956792181265e-01 7.835612944349786835e-01 9.120560678480752470e-01 6.497243036611978217e-01 4.640762857175287359e-01 7.101816217617047400e-01 5.096889936990620651e-01 8.204847964047208286e-01 6.848894786037605931e-01 1.512286960318037776e-01 9.024971883942580764e-01 3.885049072075870691e-01 7.281047380200705854e-01 5.092736006757632161e-01 8.658346288788620893e-02 9.748319409866206264e-01
7.988451724786191921e-01 5.134844109904188603e-01 6.394234884551703857e-01 4.578616164702005720e-01 4.138827874500128901e-01 4.675354986411466851e-01 6.416936019686796389e-01 8.793212846465998656e-01 3.642874587453366342e-01 4.191241737290523073e-01 6.247369080674430863e-01 2.766104860810107979e-01 0.000000000000000000e+00 3.285209791607376362e-01 6.111440233514684461e-01 5.062549876615021205e-01 4.706894392967881924e-01 4.647106959485747257e-01 4.754098417806798538e-01 8.002171408338458747e-01 4.143424376051788594e-01 2.937034333965682364e-01 5.763509544106012461e-01 6.577507112620144536e-01 4.649152471416636012e-01 2.718741603066339163e-01 9.345606419357901373e-01 1.663745220703003458e-01 5.148598531913780585e-01 3.602567528814742959e-01 5.021978904431416701e-01 5.284060773496392915e-01 4.964048557934598316e-01 4.894767075967770276e-01 7.249693263182883651e-01
4.660717252848969316e-01 5.523676019759393707e-01 9.568978437085551292e-02 4.536762941020905937e-01 4.392119898802391287e-01 7.353159182213813150e-01 7.446371644000088219e-01 4.309050119182185057e-01 6.216978074103325369e-01 4.110575191964799258e-01 1.061275530222610675e-01 8.551441377064905591e-01 3.285209791607376362e-01 0.000000000000000000e+00 7.574686587076731037e-01 8.393895826981897512e-01 5.694453321379018274e-01 3.633867924523327408e-01 8.159358236966532951e-01 8.078398519725304983e-02 7.153219739731759841e-01 4.479912859038751582e-01 1.292910634110207013e-01 1.780294414465068975e-01 4.401920766530383888e-01 3.591050729953916276e-01 1.179003678208656591e-01 4.662275570651304157e-01 4.644327412687065393e-01 8.543113090712789459e-01 6.762432221004324173e-01 2.154218184986641527e-01 7.336016914399006161e-01 6.864317020246898382e-01 7.572887841668670683e-01
8.547451163735684254e-01 7.987185337442102018e-01 7.442067788644807225e-01 4.873416982928651664e-01 6.103679166627108410e-01 4.635492591820790653e-01 6.496710793932791717e-01 5.562016750159830547e-01 3.438065187773303721e-01 8.208828781063268742e-01 5.110931072483637649e-01 8.029885049464001723e-01 6.111440233514684461e-01 7.574686587076731037e-01 0.000000000000000000e+00 1.920467293353949056e-01 5.021567105073014847e-01 4.787667693848252082e-01 5.987640487384112697e-01 4.506871962776842211e-01 8.114020433254829356e-01 1.430490212995681465e-01 5.411096245767180735e-01 6.957591529852724666e-01 6.990435199630284924e-01 4.878006379089652178e-01 7.330376489155778774e-01 8.440679549952809779e-01 7.225116806082851895e-01 7.144019927586577889e-01 7.651476587075979330e-01 8.170581376092638237e-01 5.830656260387043766e-01 4.655251225719961861e-01 6.858311827925429593e-01
4.328945310956025527e-01 8.165050721144162527e-01 7.832412664007224468e-01 6.012482248900272719e-01 6.943980863009393545e-01 7.794752034481177150e-01 7.210955145325748106e-01 6.307118765795136639e-01 2.584591987590705298e-01 8.107422229739074115e-01 8.443093700818360414e-01 4.560797107191904010e-01 5.062549876615021205e-01 8.393895826981897512e-01 1.920467293353949056e-01 0.000000000000000000e+00 4.912224669036226454e-01 2.415882163674141214e-01 4.234974597270082519e-01 6.542623206381248391e-02 4.457757490974220138e-01 4.410245053614572086e-01 8.671791095880462263e-01 3.582830244812962861e-01 1.662876948709216540e-01 3.172752536318689254e-01 6.805799225481352632e-01 8.520136428903486436e-01 8.415141860708552635e-01 5.934602351066815551e-01 4.374170437116573495e-01 8.257097690854661165e-01 9.264011948022423670e-01 9.074664778407807164e-01 6.002983405234738612e-01
8.144075503300838292e-01 4.235112436704964178e-01 8.846519415342797288e-01 6.416272701682368407e-01 4.287377686157516354e-01 1.364813638182869049e-01 1.574871422131581822e-01 1.660654129411649471e-01 9.018979569322673751e-01 1.789638972310835796e-01 3.654272344469993161e-01 4.170812033677769315e-01 4.706894392967881924e-01 5.694453321379018274e-01 5.021567105073014847e-01 4.912224669036226454e-01 0.000000000000000000e+00 7.669829992668413254e-01 2.791995285552161254e-01 4.625141544948093708e-01 7.033655097083993946e-01 8.812751537317951023e-01 7.006631191156184046e-01 3.229268320095950440e-01 5.790191956091891301e-01 4.601191470485069268e-01 1.755133088304281497e-01 3.956463859300696218e-01 6.618201021559226849e-01 2.330229345411843345e-01 8.199631352106032667e-01 5.196669615011846322e-01 8.355862215416866023e-01 3.833665963014850075e-01 8.386940400810320995e-01
5.256563679775247966e-01 3.640183749648573386e-01 6.594268577062987191e-01 6.727404712957527622e-01 5.389557608773782871e-01 4.179465589970026151e-01 6.236600235993495778e-01 6.935242531995142734e-01 7.145518445586631628e-01 6.705077931621514775e-01 6.220028296861546124e-02 7.272970332050470166e-01 4.647106959485747257e-01 3.633867924523327408e-01 4.787667693848252082e-01 2.415882163674141214e-01 7.669829992668413254e-01 0.000000000000000000e+00 5.250678938152695263e-01 1.538636446811885161e-01 3.978415478925594329e-01 4.737714509297410448e-01 5.085086021861269234e-01 3.669116982028158835e-01 4.030663779242308342e-01 2.116730135017760028e-01 5.996253975652996449e-01 3.490014710793581942e-01 1.949327175347502772e-01 7.293688691083728415e-01 5.773930437798221460e-01 4.726429134712256674e-01 9.588991415311072242e-01 7.225748910199415453e-01 5.053129767066111278e-01
4.162138182034832434e-01 4.601098470015981823e-01 9.437635691192198806e-01 6.262426581336622000e-02 4.549733198034863202e-01 7.611400359809605831e-01 6.457960544813630133e-01 5.915045941728296341e-01 6.964271195879789822e-01 9.066428356273168454e-01 4.425443252808581307e-01 2.666938872801880578e-01 4.754098417806798538e-01 8.159358236966532951e-01 5.987640487384112697e-01 4.234974597270082519e-01 2.791995285552161254e-01 5.250678938152695263e-01 0.000000000000000000e+00 1.236498380137185382e-01 4.988708369872978388e-01 3.995145228121722014e-01 7.008168123953034678e-01 6.881447537506548695e-01 2.919790448317727272e-01 8.173928382028190498e-01 5.470099395815644083e-01 4.252354024104760266e-01 7.007597088101062965e-01 6.539046190590548369e-01 4.131030182964472441e-01 3.922040380185500275e-01 6.833552223004261128e-01 5.506035871845575969e-01 4.799033706371748087e-01
5.256600447902162188e-01 7.822063587577814392e-01 6.893284927457745681e-01 9.407550733050630276e-01 4.764819588616749924e-01 3.625503076835410177e-01 2.543717077185059239e-02 6.254306312861830364e-01 1.008087761389742099e-01 5.297875987204180293e-01 7.906620764299023829e-01 6.845086956792181265e-01 8.002171408338458747e-01 8.078398519725304983e-02 4.506871962776842211e-01 6.542623206381248391e-02 4.625141544948093708e-01 1.538636446811885161e-01 1.236498380137185382e-01 0.000000000000000000e+00 8.006353522464845218e-01 8.414721486701192132e-01 7.267471942221412906e-01 1.269949322703020078e-01 6.056837242264661025e-01 2.653225434952770079e-01 5.259688972381786343e-01 3.833121822077667495e-01 2.015927523740548288e-01 4.452605790859480717e-01 4.686298453749679349e-01 8.041500288425526000e-01 6.213335594883572233e-01 4.586027162905165211e-01 8.099275365177760477e-01
8.732623532458381188e-01 9.905376869880007096e-01 7.221821164397529413e-01 7.945383179294105425e-01 4.837768395966200452e-01 7.539389859955439865e-01 2.706249457201317932e-01 7.841091796729804386e-01 7.510369254355954149e-01 6.754513211881797430e-01 4.770168957896253614e-01 7.835612944349786835e-01 4.143424376051788594e-01 7.153219739731759841e-01 8.114020433254829356e-01 4.457757490974220138e-01 7.033655097083993946e-01 3.978415478925594329e-01 4.988708369872978388e-01 8.006353522464845218e-01 0.000000000000000000e+00 4.631808753928660649e-01 2.630705030831392288e-01 1.734118238155776259e-01 3.979060945558763329e-01 5.022383339940474922e-01 7.043695932483975408e-01 5.511255966591214195e-01 4.145480684313391784e-01 3.408969615874132275e-01 4.481634815438876873e-01 6.872465037650857811e-01 6.138701409482070215e-01 8.137543001781756269e-01 3.983857032385794139e-01
6.563551862365196721e-01 3.868036603644883220e-01 8.530351874841473059e-01 4.324585045970282815e-01 8.869950421199435109e-02 4.606622251236194288e-01 8.292554022273610492e-01 4.655367491091378929e-01 2.374065802289015981e-01 2.082263334059746285e-01 5.760435780876316247e-01 9.120560678480752470e-01 2.937034333965682364e-01 4.479912859038751582e-01 1.430490212995681465e-01 4.410245053614572086e-01 8.812751537317951023e-01 4.737714509297410448e-01 3.995145228121722014e-01 8.414721486701192132e-01 4.631808753928660649e-01 0.000000000000000000e+00 6.773418968876356860e-01 7.019156365014861398e-01 5.193719926831241729e-01 5.144556342618449296e-01 6.316451655204864402e-01 4.702560641976900047e-01 5.058615604711471647e-01 1.376732501992243840e-01 3.320023157526368340e-01 6.626344389752278907e-01 3.412383519670328935e-01 2.736169425520130760e-01 2.443872594779092078e-01
4.997024536221157942e-01 6.526155403491212814e-01 8.388577998986659345e-01 5.377509077893281031e-01 4.587782364380498246e-01 5.084058599637745202e-01 2.977376709235727281e-01 2.463543768898668329e-01 9.499745033079304291e-01 7.750726654594580767e-01 5.247848340203239426e-01 6.497243036611978217e-01 5.763509544106012461e-01 1.292910634110207013e-01 5.411096245767180735e-01 8.671791095880462263e-01 7.006631191156184046e-01 5.085086021861269234e-01 7.008168123953034678e-01 7.267471942221412906e-01 2.630705030831392288e-01 6.773418968876356860e-01 0.000000000000000000e+00 2.970122147060094697e-01 7.442549661678532491e-01 5.926586302128198369e-01 5.412755613376551977e-01 5.133295179107862927e-01 6.022908308826548929e-01 4.623624915574517935e-01 5.201975113348741298e-01 7.184129770083684807e-01 6.604397612027446129e-01 9.195330825471303982e-02 6.931638548106187070e-01
6.777586558570645181e-01 4.585757372661858899e-01 6.026511499307081188e-01 1.772422859110106552e-01 6.719159382723746132e-01 4.594534450392618874e-01 7.827392393768970447e-01 4.831990545738800713e-01 9.182107295759851517e-01 9.453828759300655360e-01 7.436002959420708880e-01 4.640762857175287359e-01 6.577507112620144536e-01 1.780294414465068975e-01 6.957591529852724666e-01 3.582830244812962861e-01 3.229268320095950440e-01 3.669116982028158835e-01 6.881447537506548695e-01 1.269949322703020078e-01 1.734118238155776259e-01 7.019156365014861398e-01 2.970122147060094697e-01 0.000000000000000000e+00 8.689855334539219323e-01 4.122845571493609640e-01 3.735733671873355255e-01 5.465090661625739976e-01 5.424132865917608015e-02 6.897725328279581403e-01 4.799106796792139695e-01 8.479055546961465906e-01 8.272543520200604794e-01 4.722710227842477071e-01 8.013607962536173357e-02
5.187277193798690567e-01 5.579529096389554965e-01 6.221760579241883971e-01 4.806412818960195121e-01 2.780292832153841154e-01 4.078051205162765980e-01 6.634176563870737287e-01 4.670177188276909974e-01 5.062599366883255847e-01 7.281320178646748520e-01 8.054295679555572018e-01 7.101816217617047400e-01 4.649152471416636012e-01 4.401920766530383888e-01 6.990435199630284924e-01 1.662876948709216540e-01 5.790191956091891301e-01 4.030663779242308342e-01 2.919790448317727272e-01 6.056837242264661025e-01 3.979060945558763329e-01 5.193719926831241729e-01 7.442549661678532491e-01 8.689855334539219323e-01 0.000000000000000000e+00 7.758690066185842671e-01 4.958400046622347124e-01 5.691133915309222191e-01 6.315060368116929279e-01 6.460977235123075424e-01 2.751904180210331674e-01 3.616069742663289288e-01 6.845111905335464764e-01 7.737897043305904665e-01 6.282943711633770523e-01
9.296670235004699245e-01 7.848988067961131243e-01 9.028439689693010806e-01 8.039590403694742982e-01 5.963323908619473368e-01 3.884751226490849585e-01 6.628936977152564136e-01 4.914067199789771689e-01 1.655518640627967608e-01 8.121546061833290198e-01 7.326889807988806735e-01 5.096889936990620651e-01 2.718741603066339163e-01 3.591050729953916276e-01 4.878006379089652178e-01 3.172752536318689254e-01 4.601191470485069268e-01 2.116730135017760028e-01 8.173928382028190498e-01 2.653225434952770079e-01 5.022383339940474922e-01 5.144556342618449296e-01 5.926586302128198369e-01 4.122845571493609640e-01 7.758690066185842671e-01 0.000000000000000000e+00 3.473254440717727931e-01 6.481613714895400058e-01 4.032543829065686758e-01 8.374183355652045080e-01 6.837930324023824280e-01 3.432856116624068976e-01 6.112421903020039959e-01 6.671685304230885460e-01 7.393502622083532039e-01
8.040224141800584867e-01 7.584904000958179182e-01 5.669213027611891276e-01 8.807490666701283111e-01 1.758147682435929893e-01 6.304684453251920839e-01 1.057538498370624858e-01 2.696561169183911977e-01 5.662478886604396244e-01 3.869210221962356422e-01 2.745887661030892990e-01 8.204847964047208286e-01 9.345606419357901373e-01 1.179003678208656591e-01 7.330376489155778774e-01 6.805799225481352632e-01 1.755133088304281497e-01 5.996253975652996449e-01 5.470099395815644083e-01 5.259688972381786343e-01 7.043695932483975408e-01 6.316451655204864402e-01 5.412755613376551977e-01 3.735733671873355255e-01 4.958400046622347124e-01 3.473254440717727931e-01 0.000000000000000000e+00 5.231016703796146361e-01 3.045306859061159277e-01 2.678167107759091836e-01 7.498646847650117797e-01 7.810404082205711918e-01 7.494113780665813129e-01 3.863310262388539029e-01 4.534446058785782108e-01
4.617468421596424011e-01 1.080615860689041474e-01 8.162673106996054528e-01 9.091503529878450784e-01 3.636806039350569675e-01 8.698559707391790852e-01 5.544817919115094806e-01 3.515890903434055192e-01 8.287018827242791374e-01 7.264690860936462435e-01 5.872048493038103389e-01 6.848894786037605931e-01 1.663745220703003458e-01 4.662275570651304157e-01 8.440679549952809779e-01 8.520136428903486436e-01 3.956463859300696218e-01 3.490014710793581942e-01 4.252354024104760266e-01 3.833121822077667495e-01 5.511255966591214195e-01 4.702560641976900047e-01 5.133295179107862927e-01 5.465090661625739976e-01 5.691133915309222191e-01 6.481613714895400058e-01 5.231016703796146361e-01 0.000000000000000000e+00 4.657374353223239782e-01 7.036622312983664695e-01 6.050155010541478084e-01 4.993812953535240462e-01 2.762812175510441781e-01 5.956757597233959256e-01 1.798795768294646491e-01
6.657117953012529066e-01 4.469364982281925913e-01 8.650950623831574759e-01 4.347422493149250000e-01 3.425770279385745853e-01 5.709234767135570321e-01 3.428547963978036961e-01 1.928217184740604884e-01 8.994230390114501539e-01 7.109496927349678863e-01 4.524182107306333744e-01 1.512286960318037776e-01 5.148598531913780585e-01 4.644327412687065393e-01 7.225116806082851895e-01 8.415141860708552635e-01 6.618201021559226849e-01 1.949327175347502772e-01 7.007597088101062965e-01 2.015927523740548288e-01 4.145480684313391784e-01 5.058615604711471647e-01 6.022908308826548929e-01 5.424132865917608015e-02 6.315060368116929279e-01 4.032543829065686758e-01 3.045306859061159277e-01 4.657374353223239782e-01 0.000000000000000000e+00 8.198884593933273290e-01 4.610203618178752571e-01 5.618096033545647572e-01 3.842681114446093171e-01 6.118484046221526196e-01 7.914752528986073177e-01
3.062899726925543131e-01 5.279940831190850226e-01 3.340995533708457366e-02 6.089002858749552605e-01 7.074171908453967816e-01 8.004535831193682061e-01 7.207447868915989320e-01 3.872567080956065277e-01 6.669809195662936840e-01 4.246078737434109129e-01 1.867579759925537264e-01 9.024971883942580764e-01 3.602567528814742959e-01 8.543113090712789459e-01 7.144019927586577889e-01 5.934602351066815551e-01 2.330229345411843345e-01 7.293688691083728415e-01 6.539046190590548369e-01 4.452605790859480717e-01 3.408969615874132275e-01 1.376732501992243840e-01 4.623624915574517935e-01 6.897725328279581403e-01 6.460977235123075424e-01 8.374183355652045080e-01 2.678167107759091836e-01 7.036622312983664695e-01 8.198884593933273290e-01 0.000000000000000000e+00 6.136805631912805037e-01 5.778929198306782533e-01 3.667050625799105346e-01 4.639648240534142154e-01 5.308379155644347147e-01
3.953659391584061766e-01 7.842029171336590831e-01 2.214698450037202448e-01 7.485586594407371841e-01 8.983755950838032689e-01 6.896937296306205889e-01 8.537062915574320510e-01 6.893444390693012069e-01 8.550369922756002605e-01 6.418765832484295553e-01 7.060209389759311005e-01 3.885049072075870691e-01 5.021978904431416701e-01 6.762432221004324173e-01 7.651476587075979330e-01 4.374170437116573495e-01 8.199631352106032667e-01 5.773930437798221460e-01 4.131030182964472441e-01 4.686298453749679349e-01 4.481634815438876873e-01 3.320023157526368340e-01 5.201975113348741298e-01 4.799106796792139695e-01 2.751904180210331674e-01 6.837930324023824280e-01 7.498646847650117797e-01 6.050155010541478084e-01 4.610203618178752571e-01 6.136805631912805037e-01 0.000000000000000000e+00 7.951784115120282825e-01 4.806621353924796503e-01 4.709783509551679348e-01 1.653667515199156446e-01
2.592262561790967812e-01 7.958440369361826638e-01 4.061611351852783547e-01 3.899141473287834336e-01 7.439434882336258825e-01 4.816965350005374402e-01 6.467679383591347086e-01 5.355983182978601986e-01 8.265334671451650683e-01 2.538666824149771184e-02 6.678745013126283769e-01 7.281047380200705854e-01 5.284060773496392915e-01 2.154218184986641527e-01 8.170581376092638237e-01 8.257097690854661165e-01 5.196669615011846322e-01 4.726429134712256674e-01 3.922040380185500275e-01 8.041500288425526000e-01 6.872465037650857811e-01 6.626344389752278907e-01 7.184129770083684807e-01 8.479055546961465906e-01 3.616069742663289288e-01 3.432856116624068976e-01 7.810404082205711918e-01 4.993812953535240462e-01 5.618096033545647572e-01 5.778929198306782533e-01 7.951784115120282825e-01 0.000000000000000000e+00 6.785585284215636115e-01 2.491604098125435041e-01 8.585538608143625794e-01
5.198436569564485188e-01 3.482032557350112079e-01 7.218374482218190558e-01 4.892414584029766700e-01 4.716899149086342669e-01 5.393937862641844383e-01 8.031372277791588576e-01 4.639918213591813778e-01 5.621281081320697037e-01 8.890668917511577174e-01 4.806782008939339268e-01 5.092736006757632161e-01 4.964048557934598316e-01 7.336016914399006161e-01 5.830656260387043766e-01 9.264011948022423670e-01 8.355862215416866023e-01 9.588991415311072242e-01 6.833552223004261128e-01 6.213335594883572233e-01 6.138701409482070215e-01 3.412383519670328935e-01 6.604397612027446129e-01 8.272543520200604794e-01 6.845111905335464764e-01 6.112421903020039959e-01 7.494113780665813129e-01 2.762812175510441781e-01 3.842681114446093171e-01 3.667050625799105346e-01 4.806621353924796503e-01 6.785585284215636115e-01 0.000000000000000000e+00 5.535741145169419397e-01 8.700312019285509901e-01
6.205444380671262250e-01 8.317201879171016721e-01 4.082834058458197912e-01 5.568222672605405155e-01 8.167052938853127664e-01 6.502928614601827251e-01 6.739512827353941748e-01 5.794406272307626171e-01 9.147729718954700218e-01 4.923234459335784630e-01 3.595917084923336282e-01 8.658346288788620893e-02 4.894767075967770276e-01 6.864317020246898382e-01 4.655251225719961861e-01 9.074664778407807164e-01 3.833665963014850075e-01 7.225748910199415453e-01 5.506035871845575969e-01 4.586027162905165211e-01 8.137543001781756269e-01 2.736169425520130760e-01 9.195330825471303982e-02 4.722710227842477071e-01 7.737897043305904665e-01 6.671685304230885460e-01 3.863310262388539029e-01 5.956757597233959256e-01 6.118484046221526196e-01 4.639648240534142154e-01 4.709783509551679348e-01 2.491604098125435041e-01 5.535741145169419397e-01 0.000000000000000000e+00 9.420269708060030611e-01
6.839981946827899950e-01 4.754232909688779762e-01 8.027745308290852311e-01 4.369939913961830014e-01 1.632808386403113987e-01 2.402465285860061472e-01 2.479307148701680452e-01 5.067331335098468337e-01 7.165643553854330605e-01 4.340291430557075003e-01 6.363263964529406458e-01 9.748319409866206264e-01 7.249693263182883651e-01 7.572887841668670683e-01 6.858311827925429593e-01 6.002983405234738612e-01 8.386940400810320995e-01 5.053129767066111278e-01 4.799033706371748087e-01 8.099275365177760477e-01 3.983857032385794139e-01 2.443872594779092078e-01 6.931638548106187070e-01 8.013607962536173357e-02 6.282943711633770523e-01 7.393502622083532039e-01 4.534446058785782108e-01 1.798795768294646491e-01 7.914752528986073177e-01 5.308379155644347147e-01 1.653667515199156446e-01 8.585538608143625794e-01 8.700312019285509901e-01 9.420269708060030611e-01 0.000000000000000000e+00
