0.000000000000000000e+00 7.628923746819853413e-01 1.879874863884291591e-01 8.288201529290457614e-01 3.457254709090167299e-01 6.128175582364628893e-01 5.750041923532747123e-01 7.808745785786760374e-01 6.702363414088478022e-01 8.224010298592059343e-01 5.995981357681137158e-01 5.722784762722630258e-01 5.024647179532379937e-01 7.871547560465339544e-01 6.173042565626118972e-01 4.112295900615578481e-01 7.005728395643051609e-01 4.041544625398333923e-01 7.820012230309918433e-01 5.959088493518305274e-01 1.791780179093672709e-01 6.933607078986663286e-01 9.355736042201394653e-01 6.271204763003760396e-01 6.529892016221805484e-01 5.408376619824246667e-01 6.591869657215355671e-01 1.476362223768313831e-01 8.996211849227873092e-01 3.909372459622660889e-01 7.265830313561534304e-01 5.955295337378661014e-01 4.695835864278340432e-01 7.796151027222505414e-01 5.797960985715838733e-01
7.628923746819853413e-01 0.000000000000000000e+00 5.031579289036811620e-01 3.481095992004585860e-01 2.863243321896035143e-01 3.872044676353696424e-01 8.168616936791880390e-01 1.215441424873485166e-01 8.058380656559593902e-02 8.074089614483862531e-01 1.793445219597122886e-01 7.446756831687838529e-01 2.539802058137405893e-01 4.042646370354286978e-01 7.355881272670967697e-01 6.248934972332296223e-01 7.523626741336828516e-01 2.625915865432804086e-01 5.465274524000227618e-01 7.659358520405341597e-01 1.766992439859842445e-01 7.114909342209719822e-01 6.009471629523160940e-01 6.542915341262074413e-01 5.397793627293805407e-01 4.410113697631132812e-01 6.986969193812957446e-01 6.296480797942282104e-01 8.763323957399888897e-01 6.818491754054164522e-01 5.313539323844529427e-01 4.363939895976182148e-01 7.062763389904431754e-01 6.108224452373089974e-01 3.946198595531634767e-01
1.879874863884291591e-01 5.031579289036811620e-01 0.000000000000000000e+00 1.799772394340025672e-01 1.813807557617319599e-01 8.936948780004347892e-01 4.820128004652318165e-01 7.137159196457678600e-01 6.537068961462713101e-01 5.104435515573614301e-01 5.615842780503481624e-01 6.167541236324275422e-01 3.776340527223212007e-01 3.750559327461401304e-01 9.399430320136703543e-01 6.109380216001163433e-01 1.565153227726350238e-01 4.440810728783683992e-02 3.864781466461477133e-01 5.786381922397307864e-01 6.562467952645366642e-01 8.566542004005677224e-01 7.525309616283488712e-01 5.681096874317589362e-01 6.007618998582744396e-01 5.155371707119786873e-01 2.200023970298469744e-01 3.814771030056741119e-01 6.661488613336306042e-01 4.011482626002652596e-01 6.211049399667756266e-01 9.463312721513914560e-01 3.888056750820390595e-01 5.490231975206489867e-01 8.645901328836950173e-01
8.288201529290457614e-01 3.481095992004585860e-01 1.799772394340025672e-01 0.000000000000000000e+00 5.306104601068863946e-01 6.394993092256331391e-01 9.410096381140559130e-02 5.872469654908040182e-01 3.539689458980332937e-01 5.101724578718290770e-01 5.605674744441336843e-01 2.701507373908574872e-01 8.528151214250070389e-01 8.616293346999761571e-01 3.177500624154740994e-01 7.672343497610903951e-01 4.580247392832890729e-01 5.082166559712144593e-01 4.917103226225859602e-01 5.719072705559208325e-01 4.990809511411006816e-01 3.773144386883631185e-01 8.386506854035555847e-01 5.127988815170978487e-01 1.583356470378643466e-01 9.787334943450540781e-01 5.005054545245734010e-01 5.957446670738578698e-01 4.069285097906044091e-01 6.411829967982571876e-01 8.076829970685145410e-01 4.944124210007166953e-01 7.536214910963802138e-01 2.979621522715565352e-01 7.378645045732469265e-01
3.457254709090167299e-01 2.863243321896035143e-01 1.813807557617319599e-01 5.306104601068863946e-01 0.000000000000000000e+00 5.013208558491759614e-01 4.179655542002620461e-01 6.134149633974224081e-01 7.739560905991205164e-02 9.648188640560817486e-01 6.804099913681390666e-01 6.152652582369749767e-01 7.759255457257242528e-01 4.730659271998394755e-01 3.105822082667378803e-01 3.698622977435823689e-01 2.605018368510891857e-02 7.351831907469187355e-01 7.137845962587472393e-01 4.684374094978291381e-01 5.269185684763191269e-01 4.158053304999389521e-01 8.138194310832305156e-01 7.063716297287820911e-01 3.472630172279360661e-01 6.291455612674695663e-01 8.649971809113096155e-01 8.059495853588869441e-01 4.627794394157738189e-01 7.428408072512211469e-01 7.361304464411466686e-01 3.241631713749398847e-01 1.279638954983294274e-01 3.981382358153507939e-01 4.164650075049479705e-01
6.128175582364628893e-01 3.872044676353696424e-01 8.936948780004347892e-01 6.394993092256331391e-01 5.013208558491759614e-01 0.000000000000000000e+00 6.735274253266178013e-01 9.014284476446283723e-01 7.530690221597446943e-01 7.944586368455196501e-01 8.640441996753941423e-01 6.643072545910463367e-01 4.657320972485735622e-01 2.984310874636803002e-01 2.476876406730012803e-01 5.524179238021151850e-01 7.606878822165801246e-01 8.684487410252468287e-01 5.401503078830871551e-01 5.085720932563768670e-01 8.477356285223016652e-01 6.392443940212976239e-01 5.835050231987031211e-01 7.971522279182090553e-01 7.364070150695924966e-01 5.228816013211670111e-01 4.664057317741783226e-01 8.741148072148793302e-01 6.575338150607935583e-01 8.010185128127325083e-01 7.598007108572261137e-01 5.794780237286591973e-01 4.095616177033268857e-01 2.329674386028306177e-01 8.196136374679008352e-01
5.750041923532747123e-01 8.168616936791880390e-01 4.820128004652318165e-01 9.410096381140559130e-02 4.179655542002620461e-01 6.735274253266178013e-01 0.000000000000000000e+00 3.907546350186122952e-01 4.983748006276812470e-01 6.913341616422832292e-01 6.570582939988203197e-01 8.266879416478173370e-01 3.917411323439679016e-02 3.687265075083801524e-01 6.812924990794069213e-01 6.684046113600676797e-01 4.705570047110080312e-01 8.150983954461609171e-01 6.433871934540450477e-01 2.491542917449888761e-01 8.875822242334597822e-01 8.810549441736950094e-01 5.821685449588620553e-01 5.542178618978034210e-01 2.501810905306844912e-01 7.307956528437136168e-01 4.646740478559929777e-01 1.968138007070040496e-01 4.595225624913236162e-01 2.265066856071107360e-01 6.128052270012466218e-01 3.350631615854822165e-01 6.058149044852061404e-01 4.982402311152971386e-01 9.283525986020619847e-01
7.808745785786760374e-01 1.215441424873485166e-01 7.137159196457678600e-01 5.872469654908040182e-01 6.134149633974224081e-01 9.014284476446283723e-01 3.907546350186122952e-01 0.000000000000000000e+00 4.040185280333547513e-01 1.679409109487587926e-01 3.263528848716912290e-01 7.723295718109808305e-01 1.577653238051458517e-01 1.774442831533559195e-01 5.230740225828045542e-01 6.031919917433630207e-01 8.106920271460293925e-01 6.326086579127170317e-01 1.089794093137423925e-01 8.889333359380531263e-01 7.939166015125589393e-01 8.131551833412433705e-01 7.379415706599965485e-01 6.141038051950973298e-01 4.994762523897410267e-01 5.614257275885133902e-01 6.150852641445374580e-01 5.459625218301321636e-01 5.905707403504902864e-01 4.410099722142297729e-01 6.215075739182287506e-01 2.560924510245039531e-01 4.270459527750566364e-01 5.015703700589710934e-01 3.369430223878349118e-01
6.702363414088478022e-01 8.058380656559593902e-02 6.537068961462713101e-01 3.539689458980332937e-01 7.739560905991205164e-02 7.530690221597446943e-01 4.983748006276812470e-01 4.040185280333547513e-01 0.000000000000000000e+00 4.545711483736606384e-01 5.762366683596200634e-01 6.852504762999638288e-01 7.286657634017225105e-01 4.890276519421601353e-01 6.751987467205970983e-01 4.557916464293575443e-01 3.100051171177397036e-01 5.550586239793244836e-01 4.078983324296057145e-01 6.108046405193812145e-01 5.659602345312555460e-01 5.651695012088797654e-01 4.348954085417472415e-01 8.191010576762094431e-01 3.488694570610207379e-01 7.273238303792144421e-01 4.671465746607569303e-01 7.797872385871605916e-01 7.138241749026301708e-01 4.036700463035984843e-01 8.089139093517705437e-01 4.763568830824208566e-01 5.363962899359253633e-03 7.496615111879312288e-01 4.551683491341855792e-01
8.224010298592059343e-01 8.074089614483862531e-01 5.104435515573614301e-01 5.101724578718290770e-01 9.648188640560817486e-01 7.944586368455196501e-01 6.913341616422832292e-01 1.679409109487587926e-01 4.545711483736606384e-01 0.000000000000000000e+00 5.636014373833888591e-01 4.733567711071279271e-01 5.346128860983297981e-01 3.193560921246219042e-01 7.936012925200570667e-01 4.466327298158861425e-01 9.235919460250752167e-02 7.059739122896926400e-01 4.291720118742551326e-01 3.891301596100146254e-01 8.594799300620090676e-01 1.199841699152859320e-01 8.145139277179466175e-01 7.822031769576884841e-01 5.480930406228592400e-01 8.375166762146080135e-01 5.552773973956739439e-01 8.051150491046246138e-01 2.902309008887828945e-01 3.347975684013700937e-01 4.484322961323005119e-01 2.358393704089511433e-01 3.953103763896190226e-01 9.151497116276181565e-01 7.001554731630353912e-01
5.995981357681137158e-01 1.793445219597122886e-01 5.615842780503481624e-01 5.605674744441336843e-01 6.804099913681390666e-01 8.640441996753941423e-01 6.570582939988203197e-01 3.263528848716912290e-01 5.762366683596200634e-01 5.636014373833888591e-01 0.000000000000000000e+00 1.565093178304211019e-01 3.399309730821598041e-01 8.034879141140344183e-01 8.491856444569489959e-01 8.701046341158541475e-01 2.328532019893032046e-01 2.628417725871117216e-01 3.238643902273566910e-01 8.648211304432549262e-01 8.983286252431750274e-01 1.420395093418481691e-01 6.453849101300660474e-01 7.478501303981994752e-01 8.892237954003043843e-01 8.599148521908801523e-01 5.694579785237510183e-01 4.750897389911211133e-01 4.037344161307496737e-01 3.578682620082391241e-01 8.917373844710962949e-01 1.816803645146750634e-01 3.950164089894019348e-01 2.170066598618382026e-01 3.970525607173226446e-01
5.722784762722630258e-01 7.446756831687838529e-01 6.167541236324275422e-01 2.701507373908574872e-01 6.152652582369749767e-01 6.643072545910463367e-01 8.266879416478173370e-01 7.723295718109808305e-01 6.852504762999638288e-01 4.733567711071279271e-01 1.565093178304211019e-01 0.000000000000000000e+00 6.482900329620305824e-01 7.354425791285618130e-01 7.124612417212982107e-01 4.835482976401569433e-01 8.613946471525041337e-01 6.279523715295403097e-01 4.412214394007640816e-01 4.994241622906321343e-01 7.466292106490561853e-01 8.770929635588650131e-01 5.094186117075123477e-01 7.811336343146894068e-01 5.537178278519347963e-01 7.582965130140026933e-01 4.152655740417835473e-01 8.455559313453168135e-01 5.662155520923531915e-01 7.003272107497371390e-02 5.405072570316071801e-01 5.122432460263608434e-01 4.187686528596072932e-01 3.757541605510733018e-01 7.567314604071764261e-01
5.024647179532379937e-01 2.539802058137405893e-01 3.776340527223212007e-01 8.528151214250070389e-01 7.759255457257242528e-01 4.657320972485735622e-01 3.917411323439679016e-02 1.577653238051458517e-01 7.286657634017225105e-01 5.346128860983297981e-01 3.399309730821598041e-01 6.482900329620305824e-01 0.000000000000000000e+00 4.708226710533721660e-01 4.946206941471780194e-01 8.476556990065184927e-01 2.776533057388889114e-01 6.974237380073590176e-01 8.569032957834457065e-01 2.446771835717171939e-01 5.558137361365800277e-01 6.554671808233811792e-01 6.658136192654089403e-01 5.697827150232884774e-01 6.159882461523408237e-01 3.409234009909849483e-01 8.440600795386318245e-01 7.251257271974383967e-01 1.041075349299771524e-01 6.027734339873279668e-01 7.804354029249853664e-01 5.519289764911070595e-01 2.963434130749079132e-01 7.248260012061621405e-01 5.980324957265987784e-01
7.871547560465339544e-01 4.042646370354286978e-01 3.750559327461401304e-01 8.616293346999761571e-01 4.730659271998394755e-01 2.984310874636803002e-01 3.687265075083801524e-01 1.774442831533559195e-01 4.890276519421601353e-01 3.193560921246219042e-01 8.034879141140344183e-01 7.354425791285618130e-01 4.708226710533721660e-01 0.000000000000000000e+00 3.938110091757784370e-01 9.512546440426142835e-01 2.874852459077896216e-01 6.181954751178683205e-01 8.729358048734590092e-01 6.178421210561413357e-01 7.908428913973089003e-01 7.394448172667629215e-01 3.319253325397005239e-01 3.148798006230221214e-01 3.357652401066411052e-01 6.655812034063728344e-01 4.847913680322668006e-01 9.130274151261877913e-01 6.830086251988560786e-01 2.050288250766300058e-01 4.804160439035367047e-01 3.047286017435416605e-01 4.555111606393938972e-01 6.041129837926486612e-01 7.272577326460993863e-01
6.173042565626118972e-01 7.355881272670967697e-01 9.399430320136703543e-01 3.177500624154740994e-01 3.105822082667378803e-01 2.476876406730012803e-01 6.812924990794069213e-01 5.230740225828045542e-01 6.751987467205970983e-01 7.936012925200570667e-01 8.491856444569489959e-01 7.124612417212982107e-01 4.946206941471780194e-01 3.938110091757784370e-01 0.000000000000000000e+00 5.882404499321103319e-01 1.179075771252064975e-01 4.062264661254755271e-01 4.263218390408098912e-01 3.828871495334909003e-01 2.016824423090439189e-01 6.186539351988202817e-01 7.891350371952277065e-01 3.323346819532882468e-01 4.797288613044219385e-01 3.822188850402170601e-01 8.134595399193860210e-01 4.974435806673449534e-01 4.837604530985725737e-01 5.275544427697204108e-01 3.733120075443936425e-01 8.970726426960652367e-01 5.757531592057956171e-01 5.057968129769299104e-01 4.798288591998152164e-01
4.112295900615578481e-01 6.248934972332296223e-01 6.109380216001163433e-01 7.672343497610903951e-01 3.698622977435823689e-01 5.524179238021151850e-01 6.684046113600676797e-01 6.031919917433630207e-01 4.557916464293575443e-01 4.466327298158861425e-01 8.701046341158541475e-01 4.835482976401569433e-01 8.476556990065184927e-01 9.512546440426142835e-01 5.882404499321103319e-01 0.000000000000000000e+00 5.817243119651303029e-01 5.153060775825177853e-01 5.164220360535036747e-01 3.379207149474853233e-01 5.355582442900332918e-01 2.970106370145931818e-01 5.857525102634675296e-01 7.557778206064236226e-01 3.332745899466266204e-01 4.507663880987652916e-01 8.473142343590985837e-01 5.255627099374801103e-01 4.587617805040940522e-01 5.078432407021370443e-01 5.515022463828425092e-01 3.895760256368878682e-01 4.571126911103950419e-01 7.384584553516599925e-01 6.444529907050938755e-01
7.005728395643051609e-01 7.523626741336828516e-01 1.565153227726350238e-01 4.580247392832890729e-01 2.605018368510891857e-02 7.606878822165801246e-01 4.705570047110080312e-01 8.106920271460293925e-01 3.100051171177397036e-01 9.235919460250752167e-02 2.328532019893032046e-01 8.613946471525041337e-01 2.776533057388889114e-01 2.874852459077896216e-01 1.179075771252064975e-01 5.817243119651303029e-01 0.000000000000000000e+00 8.076219180230947980e-01 6.817925083786885443e-01 7.424146141207050853e-01 4.717671662389510412e-01 5.725275576037263114e-01 6.497244368552348437e-01 2.878060902405271126e-01 4.436664850876713140e-01 7.511782119802579150e-01 4.974855781743852123e-01 7.781665927309178166e-01 6.356987726652041371e-01 7.522882652337512521e-01 8.640287493269698249e-01 8.936490976488278282e-01 8.107952584015987174e-01 5.280339609937139134e-01 4.825544205084738025e-01
4.041544625398333923e-01 2.625915865432804086e-01 4.440810728783683992e-02 5.082166559712144593e-01 7.351831907469187355e-01 8.684487410252468287e-01 8.150983954461609171e-01 6.326086579127170317e-01 5.550586239793244836e-01 7.059739122896926400e-01 2.628417725871117216e-01 6.279523715295403097e-01 6.974237380073590176e-01 6.181954751178683205e-01 4.062264661254755271e-01 5.153060775825177853e-01 8.076219180230947980e-01 0.000000000000000000e+00 7.263532888710173552e-01 3.752869804162850542e-01 6.179161962311230383e-01 4.617589569736317845e-01 4.001273493083498112e-01 6.411527450283820428e-01 4.164309190812536254e-01 8.469940344308273250e-01 4.764515947764387804e-01 6.502516284885040410e-01 7.354681950391006584e-01 3.267585632744405277e-01 6.931721620087849534e-01 5.671395656701190280e-01 2.471252444682689731e-01 8.149401367846809130e-02 4.350716720372586055e-01
7.820012230309918433e-01 5.465274524000227618e-01 3.864781466461477133e-01 4.917103226225859602e-01 7.137845962587472393e-01 5.401503078830871551e-01 6.433871934540450477e-01 1.089794093137423925e-01 4.078983324296057145e-01 4.291720118742551326e-01 3.238643902273566910e-01 4.412214394007640816e-01 8.569032957834457065e-01 8.729358048734590092e-01 4.263218390408098912e-01 5.164220360535036747e-01 6.817925083786885443e-01 7.263532888710173552e-01 0.000000000000000000e+00 8.549439954116535567e-01 8.613950844748918811e-01 9.031616483368783976e-01 1.026093983697505818e-01 4.304904173734568906e-01 5.324515297735352704e-01 2.173080937873005103e-01 2.109964305925775552e-01 7.115541169688095469e-01 6.376770750193702098e-01 5.999847057588125754e-01 7.563861996298173462e-01 4.100332775088009196e-01 8.807225862607621636e-01 7.804949054534862096e-01 8.509444296061492441e-01
5.959088493518305274e-01 7.659358520405341597e-01 5.786381922397307864e-01 5.719072705559208325e-01 4.684374094978291381e-01 5.085720932563768670e-01 2.491542917449888761e-01 8.889333359380531263e-01 6.108046405193812145e-01 3.891301596100146254e-01 8.648211304432549262e-01 4.994241622906321343e-01 2.446771835717171939e-01 6.178421210561413357e-01 3.828871495334909003e-01 3.379207149474853233e-01 7.424146141207050853e-01 3.752869804162850542e-01 8.549439954116535567e-01 0.000000000000000000e+00 8.038701241715355827e-01 7.718663373463143795e-01 8.563433106416036278e-01 6.314154563410274701e-01 4.486673024307960556e-01 5.292496800137580504e-01 3.061207882336036690e-01 5.488250778173329181e-01 7.680186505286853427e-01 6.172650438019793295e-01 9.418849024723732200e-01 4.776741352257771189e-01 2.910692690347340683e-01 5.820830361128126462e-02 5.697842474077378094e-01
1.791780179093672709e-01 1.766992439859842445e-01 6.562467952645366642e-01 4.990809511411006816e-01 5.269185684763191269e-01 8.477356285223016652e-01 8.875822242334597822e-01 7.939166015125589393e-01 5.659602345312555460e-01 8.594799300620090676e-01 8.983286252431750274e-01 7.466292106490561853e-01 5.558137361365800277e-01 7.908428913973089003e-01 2.016824423090439189e-01 5.355582442900332918e-01 4.717671662389510412e-01 6.179161962311230383e-01 8.613950844748918811e-01 8.038701241715355827e-01 0.000000000000000000e+00 8.772414418553277082e-01 8.245685282393089288e-01 6.677130433070619375e-01 4.825649240276785878e-01 6.976788902239565715e-01 7.422946040451415817e-01 8.221476216666168124e-01 4.777675586986780409e-01 1.610681969697353999e-01 5.893636241179636137e-01 1.820590900957023694e-01 6.013706451017920562e-01 4.455440221765442632e-01 8.066270978863376850e-02
6.933607078986663286e-01 7.114909342209719822e-01 8.566542004005677224e-01 3.773144386883631185e-01 4.158053304999389521e-01 6.392443940212976239e-01 8.810549441736950094e-01 8.131551833412433705e-01 5.651695012088797654e-01 1.199841699152859320e-01 1.420395093418481691e-01 8.770929635588650131e-01 6.554671808233811792e-01 7.394448172667629215e-01 6.186539351988202817e-01 2.970106370145931818e-01 5.725275576037263114e-01 4.617589569736317845e-01 9.031616483368783976e-01 7.718663373463143795e-01 8.772414418553277082e-01 0.000000000000000000e+00 2.800951222034530064e-01 8.479190784371832823e-01 7.474097953310214759e-01 2.536589311205084130e-01 3.385143246090578373e-01 1.357974230240388547e-02 7.845336342786677353e-01 9.415558552928307012e-01 5.188592065775328166e-01 4.969560123407995023e-01 8.717854840390780735e-01 7.433541500455886908e-01 5.191754605160490144e-01
9.355736042201394653e-01 6.009471629523160940e-01 7.525309616283488712e-01 8.386506854035555847e-01 8.138194310832305156e-01 5.835050231987031211e-01 5.821685449588620553e-01 7.379415706599965485e-01 4.348954085417472415e-01 8.145139277179466175e-01 6.453849101300660474e-01 5.094186117075123477e-01 6.658136192654089403e-01 3.319253325397005239e-01 7.891350371952277065e-01 5.857525102634675296e-01 6.497244368552348437e-01 4.001273493083498112e-01 1.026093983697505818e-01 8.563433106416036278e-01 8.245685282393089288e-01 2.800951222034530064e-01 0.000000000000000000e+00 4.520580973561537652e-01 2.450915926622028174e-01 5.580652781369749293e-01 9.373148345023222250e-01 7.990006282645618629e-01 9.198029110021151977e-01 7.154824544282731846e-01 2.704932545675280409e-01 2.719746231516143586e-01 6.224847187578390617e-01 5.141921732828991232e-01 2.211390958163190201e-01
6.271204763003760396e-01 6.542915341262074413e-01 5.681096874317589362e-01 5.127988815170978487e-01 7.063716297287820911e-01 7.971522279182090553e-01 5.542178618978034210e-01 6.141038051950973298e-01 8.191010576762094431e-01 7.822031769576884841e-01 7.478501303981994752e-01 7.811336343146894068e-01 5.697827150232884774e-01 3.148798006230221214e-01 3.323346819532882468e-01 7.557778206064236226e-01 2.878060902405271126e-01 6.411527450283820428e-01 4.304904173734568906e-01 6.314154563410274701e-01 6.677130433070619375e-01 8.479190784371832823e-01 4.520580973561537652e-01 0.000000000000000000e+00 5.681644398263878681e-01 4.069582901811801823e-01 6.697222916607386001e-01 5.175245668765011686e-01 2.260195115182630499e-01 7.349687746883986073e-01 5.564683377275158049e-01 5.539943028631919564e-01 6.367923921260061348e-01 9.088119408118267017e-01 2.268009653233688527e-01
6.529892016221805484e-01 5.397793627293805407e-01 6.007618998582744396e-01 1.583356470378643466e-01 3.472630172279360661e-01 7.364070150695924966e-01 2.501810905306844912e-01 4.994762523897410267e-01 3.488694570610207379e-01 5.480930406228592400e-01 8.892237954003043843e-01 5.537178278519347963e-01 6.159882461523408237e-01 3.357652401066411052e-01 4.797288613044219385e-01 3.332745899466266204e-01 4.436664850876713140e-01 4.164309190812536254e-01 5.324515297735352704e-01 4.486673024307960556e-01 4.825649240276785878e-01 7.474097953310214759e-01 2.450915926622028174e-01 5.681644398263878681e-01 0.000000000000000000e+00 4.818334340774789171e-01 6.424114476084199499e-01 3.934162448505676979e-01 3.988754888919985309e-01 3.881503716770611234e-01 6.168514274191605473e-01 4.444671091216110259e-01 5.350239360804149857e-01 9.059409829904535583e-01 7.786842711643127135e-01
5.408376619824246667e-01 4.410113697631132812e-01 5.155371707119786873e-01 9.787334943450540781e-01 6.291455612674695663e-01 5.228816013211670111e-01 7.307956528437136168e-01 5.614257275885133902e-01 7.273238303792144421e-01 8.375166762146080135e-01 8.599148521908801523e-01 7.582965130140026933e-01 3.409234009909849483e-01 6.655812034063728344e-01 3.822188850402170601e-01 4.507663880987652916e-01 7.511782119802579150e-01 8.469940344308273250e-01 2.173080937873005103e-01 5.292496800137580504e-01 6.976788902239565715e-01 2.536589311205084130e-01 5.580652781369749293e-01 4.069582901811801823e-01 4.818334340774789171e-01 0.000000000000000000e+00 6.532959674834172281e-01 6.223431915247230606e-01 4.477878538694012311e-01 2.349737004684052666e-01 4.096059339990715809e-01 6.213821274344896173e-01 9.324975187950155231e-01 3.803223645561559785e-01 6.307248985980500322e-01
6.591869657215355671e-01 6.986969193812957446e-01 2.200023970298469744e-01 5.005054545245734010e-01 8.649971809113096155e-01 4.664057317741783226e-01 4.646740478559929777e-01 6.150852641445374580e-01 4.671465746607569303e-01 5.552773973956739439e-01 5.694579785237510183e-01 4.152655740417835473e-01 8.440600795386318245e-01 4.847913680322668006e-01 8.134595399193860210e-01 8.473142343590985837e-01 4.974855781743852123e-01 4.764515947764387804e-01 2.109964305925775552e-01 3.061207882336036690e-01 7.422946040451415817e-01 3.385143246090578373e-01 9.373148345023222250e-01 6.697222916607386001e-01 6.424114476084199499e-01 6.532959674834172281e-01 0.000000000000000000e+00 5.206667474382777883e-01 1.797607797384924710e-01 4.643601447796011916e-01 2.805672279702050020e-01 3.934870634322875649e-01 6.779541664555093217e-01 4.578460514059878861e-01 2.812009735789759990e-01
1.476362223768313831e-01 6.296480797942282104e-01 3.814771030056741119e-01 5.957446670738578698e-01 8.059495853588869441e-01 8.741148072148793302e-01 1.968138007070040496e-01 5.459625218301321636e-01 7.797872385871605916e-01 8.051150491046246138e-01 4.750897389911211133e-01 8.455559313453168135e-01 7.251257271974383967e-01 9.130274151261877913e-01 4.974435806673449534e-01 5.255627099374801103e-01 7.781665927309178166e-01 6.502516284885040410e-01 7.115541169688095469e-01 5.488250778173329181e-01 8.221476216666168124e-01 1.357974230240388547e-02 7.990006282645618629e-01 5.175245668765011686e-01 3.934162448505676979e-01 6.223431915247230606e-01 5.206667474382777883e-01 0.000000000000000000e+00 7.762082582343485804e-01 5.677900499395819311e-01 2.335303417815119686e-01 7.671169520645109152e-01 3.934045040919441072e-01 5.619554349572557506e-01 1.090096780853491154e-01
8.996211849227873092e-01 8.763323957399888897e-01 6.661488613336306042e-01 4.069285097906044091e-01 4.627794394157738189e-01 6.575338150607935583e-01 4.595225624913236162e-01 5.905707403504902864e-01 7.138241749026301708e-01 2.902309008887828945e-01 4.037344161307496737e-01 5.662155520923531915e-01 1.041075349299771524e-01 6.830086251988560786e-01 4.837604530985725737e-01 4.587617805040940522e-01 6.356987726652041371e-01 7.354681950391006584e-01 6.376770750193702098e-01 7.680186505286853427e-01 4.777675586986780409e-01 7.845336342786677353e-01 9.198029110021151977e-01 2.260195115182630499e-01 3.988754888919985309e-01 4.477878538694012311e-01 1.797607797384924710e-01 7.762082582343485804e-01 0.000000000000000000e+00 7.704624125769272691e-01 5.540462623867501435e-01 9.737009837082266639e-01 9.124799746304381731e-01 7.949874853234417671e-01 7.186128304557231061e-01
3.909372459622660889e-01 6.818491754054164522e-01 4.011482626002652596e-01 6.411829967982571876e-01 7.428408072512211469e-01 8.010185128127325083e-01 2.265066856071107360e-01 4.410099722142297729e-01 4.036700463035984843e-01 3.347975684013700937e-01 3.578682620082391241e-01 7.003272107497371390e-02 6.027734339873279668e-01 2.050288250766300058e-01 5.275544427697204108e-01 5.078432407021370443e-01 7.522882652337512521e-01 3.267585632744405277e-01 5.999847057588125754e-01 6.172650438019793295e-01 1.610681969697353999e-01 9.415558552928307012e-01 7.154824544282731846e-01 7.349687746883986073e-01 3.881503716770611234e-01 2.349737004684052666e-01 4.643601447796011916e-01 5.677900499395819311e-01 7.704624125769272691e-01 0.000000000000000000e+00 8.586900640075001423e-02 3.056362674062454987e-01 5.931094568102506237e-01 4.951164946348681206e-01 9.130409866949713571e-01
7.265830313561534304e-01 5.313539323844529427e-01 6.211049399667756266e-01 8.076829970685145410e-01 7.361304464411466686e-01 7.598007108572261137e-01 6.128052270012466218e-01 6.215075739182287506e-01 8.089139093517705437e-01 4.484322961323005119e-01 8.917373844710962949e-01 5.405072570316071801e-01 7.804354029249853664e-01 4.804160439035367047e-01 3.733120075443936425e-01 5.515022463828425092e-01 8.640287493269698249e-01 6.931721620087849534e-01 7.563861996298173462e-01 9.418849024723732200e-01 5.893636241179636137e-01 5.188592065775328166e-01 2.704932545675280409e-01 5.564683377275158049e-01 6.168514274191605473e-01 4.096059339990715809e-01 2.805672279702050020e-01 2.335303417815119686e-01 5.540462623867501435e-01 8.586900640075001423e-02 0.000000000000000000e+00 2.409547226593222735e-01 5.518083172277095105e-01 4.131465482272261291e-01 5.933033154800422260e-01
5.955295337378661014e-01 4.363939895976182148e-01 9.463312721513914560e-01 4.944124210007166953e-01 3.241631713749398847e-01 5.794780237286591973e-01 3.350631615854822165e-01 2.560924510245039531e-01 4.763568830824208566e-01 2.358393704089511433e-01 1.816803645146750634e-01 5.122432460263608434e-01 5.519289764911070595e-01 3.047286017435416605e-01 8.970726426960652367e-01 3.895760256368878682e-01 8.936490976488278282e-01 5.671395656701190280e-01 4.100332775088009196e-01 4.776741352257771189e-01 1.820590900957023694e-01 4.969560123407995023e-01 2.719746231516143586e-01 5.539943028631919564e-01 4.444671091216110259e-01 6.213821274344896173e-01 3.934870634322875649e-01 7.671169520645109152e-01 9.737009837082266639e-01 3.056362674062454987e-01 2.409547226593222735e-01 0.000000000000000000e+00 4.832212065306672466e-01 5.020666392013279911e-01 1.603903573482148293e-01
4.695835864278340432e-01 7.062763389904431754e-01 3.888056750820390595e-01 7.536214910963802138e-01 1.279638954983294274e-01 4.095616177033268857e-01 6.058149044852061404e-01 4.270459527750566364e-01 5.363962899359253633e-03 3.953103763896190226e-01 3.950164089894019348e-01 4.187686528596072932e-01 2.963434130749079132e-01 4.555111606393938972e-01 5.757531592057956171e-01 4.571126911103950419e-01 8.107952584015987174e-01 2.471252444682689731e-01 8.807225862607621636e-01 2.910692690347340683e-01 6.013706451017920562e-01 8.717854840390780735e-01 6.224847187578390617e-01 6.367923921260061348e-01 5.350239360804149857e-01 9.324975187950155231e-01 6.779541664555093217e-01 3.934045040919441072e-01 9.124799746304381731e-01 5.931094568102506237e-01 5.518083172277095105e-01 4.832212065306672466e-01 0.000000000000000000e+00 5.264988062291602322e-01 6.210698814041362148e-01
7.796151027222505414e-01 6.108224452373089974e-01 5.490231975206489867e-01 2.979621522715565352e-01 3.981382358153507939e-01 2.329674386028306177e-01 4.982402311152971386e-01 5.015703700589710934e-01 7.496615111879312288e-01 9.151497116276181565e-01 2.170066598618382026e-01 3.757541605510733018e-01 7.248260012061621405e-01 6.041129837926486612e-01 5.057968129769299104e-01 7.384584553516599925e-01 5.280339609937139134e-01 8.149401367846809130e-02 7.804949054534862096e-01 5.820830361128126462e-02 4.455440221765442632e-01 7.433541500455886908e-01 5.141921732828991232e-01 9.088119408118267017e-01 9.059409829904535583e-01 3.803223645561559785e-01 4.578460514059878861e-01 5.619554349572557506e-01 7.949874853234417671e-01 4.951164946348681206e-01 4.131465482272261291e-01 5.020666392013279911e-01 5.264988062291602322e-01 0.000000000000000000e+00 6.560186151731510762e-01
5.797960985715838733e-01 3.946198595531634767e-01 8.645901328836950173e-01 7.378645045732469265e-01 4.164650075049479705e-01 8.196136374679008352e-01 9.283525986020619847e-01 3.369430223878349118e-01 4.551683491341855792e-01 7.001554731630353912e-01 3.970525607173226446e-01 7.567314604071764261e-01 5.980324957265987784e-01 7.272577326460993863e-01 4.798288591998152164e-01 6.444529907050938755e-01 4.825544205084738025e-01 4.350716720372586055e-01 8.509444296061492441e-01 5.697842474077378094e-01 8.066270978863376850e-02 5.191754605160490144e-01 2.211390958163190201e-01 2.268009653233688527e-01 7.786842711643127135e-01 6.307248985980500322e-01 2.812009735789759990e-01 1.090096780853491154e-01 7.186128304557231061e-01 9.130409866949713571e-01 5.933033154800422260e-01 1.603903573482148293e-01 6.210698814041362148e-01 6.560186151731510762e-01 0.000000000000000000e+00
