0.000000000000000000e+00 8.576407798128593551e-01 2.776785029694737728e-01 5.667160919371345695e-01 4.513109727644303293e-01 8.373703996881410871e-01 4.040892522290340239e-01 7.988364116172927964e-01 2.366054214864541372e-01 6.734592190519186339e-01 7.784780012897556389e-01 7.871186950439854613e-01 3.444634467954138524e-01 8.612962368944188096e-01 3.633950994615229857e-01 4.358175693951252816e-01 6.365787158448859007e-01 7.133347659917411709e-01 4.069948169169817498e-01 9.056442696108437662e-01 7.981912838943807653e-01 3.449649336653823894e-01 3.591866376775358916e-01 9.589840264149325222e-01 1.972383063006126758e-01 9.450394728080242501e-01 6.327958218838740656e-01 8.219730284880670812e-01 5.578816703823846757e-01 3.746517907945327019e-01 5.088707065402385821e-01 6.448083476317763019e-01 3.962256265817208911e-01 8.569505932133970605e-01 6.585472066154185455e-01
8.576407798128593551e-01 0.000000000000000000e+00 5.300417724559771671e-01 7.952112054625894988e-01 4.770013025215967817e-01 3.020429940561532023e-01 1.071563508167993062e-01 1.277899302040839125e-01 8.177922794513656779e-01 7.134057255354087079e-01 5.788044349887921936e-01 1.861154063999254649e-01 2.396097755399276830e-01 4.121526059993365632e-01 4.445153755584975164e-01 9.800517578949374808e-02 4.535049626572473236e-01 5.196617394456031214e-01 5.386561040046549120e-01 4.214126016924671925e-01 4.676029159470925234e-01 8.294480268963391190e-01 4.108113576822884916e-01 8.023098199471739855e-01 1.742408343098464929e-01 6.080924404746852474e-01 1.708874060026507324e-01 4.490527525024155531e-01 7.184320436955292655e-01 3.963585380181802176e-01 1.816778690149667419e-01 3.193815044342486198e-01 8.652194604880460993e-01 7.127405571683259611e-01 5.968730502729997500e-01
2.776785029694737728e-01 5.300417724559771671e-01 0.000000000000000000e+00 6.148900322402187646e-01 5.490323459670467532e-01 5.160675559169898285e-01 5.533622378046059165e-01 9.548897986109641245e-01 5.764354675775624770e-01 5.123746638701576206e-01 4.950320803788895718e-01 7.977741072211883555e-01 7.651685119059891127e-01 5.489992117258928328e-01 5.251116761942316025e-01 8.214311492468036047e-01 6.618274469652927205e-01 9.186471219573896230e-01 3.899921667558388094e-01 3.743312923021411831e-01 9.659958716227445841e-02 4.754313334866050456e-01 7.026630342167934362e-01 3.077513708491084188e-01 2.757155212953584789e-01 6.268817174494072386e-01 8.436422573672008873e-01 7.828123963702404708e-01 5.681121726641462644e-01 4.875173783689267237e-01 7.826901110096158298e-01 5.149183443160758600e-01 4.742709414169083426e-01 5.501322612522540068e-01 3.685888585892862501e-01
5.667160919371345695e-01 7.952112054625894988e-01 6.148900322402187646e-01 0.000000000000000000e+00 3.172403326020957204e-01 6.462367451706219068e-01 5.600833049887250503e-01 6.365358076669035414e-01 3.964005496781613513e-01 6.657960732940757520e-01 4.346182205925820385e-01 5.967747752865437683e-02 6.166781838218675649e-01 5.058471851787821327e-01 2.663646244817111652e-01 9.525005716948805601e-01 3.185455965457095751e-02 5.328962652909670084e-01 2.202751345890265888e-01 5.043621182239184098e-01 3.663577321484170479e-01 4.620710881346846710e-01 5.531657538296333998e-01 3.213170771119535085e-01 8.116153636383286463e-01 7.936781930771823479e-01 1.942941121428384266e-01 7.661132986795911037e-01 7.364065846663579995e-01 4.518055663062154892e-01 4.329806769589422677e-01 2.132402319433984728e-01 7.307670420001259881e-01 7.884878562795547552e-01 5.151204178537042155e-01
4.513109727644303293e-01 4.770013025215967817e-01 5.490323459670467532e-01 3.172403326020957204e-01 0.000000000000000000e+00 1.501588040399882140e-01 7.716161023274579200e-01 2.813465494661916977e-01 6.974846796869542676e-01 8.119730923839477699e-01 5.184132028962273875e-01 8.283173543315750509e-01 9.746699219918268930e-01 5.527326964386789498e-01 4.251289670769728968e-01 5.336605924979946902e-01 7.106726427350393838e-01 3.382816198523500018e-01 5.030314007654033137e-01 2.033226641729135586e-02 3.530886760752846576e-01 3.710528456735565639e-01 5.067872880745438735e-01 2.963919336910747493e-01 5.663173074256185879e-01 5.658495817500474034e-01 1.987231164143613560e-01 9.700657497764231252e-02 5.014103001137705240e-01 1.773164403706376513e-01 9.104423249426827347e-01 6.372827510297013331e-01 7.430715448224913811e-01 8.779892959584105760e-01 3.917747278076252337e-01
8.373703996881410871e-01 3.020429940561532023e-01 5.160675559169898285e-01 6.462367451706219068e-01 1.501588040399882140e-01 0.000000000000000000e+00 1.352459844230827768e-01 6.377164762035484324e-01 5.123166591068026854e-01 4.101192524867143252e-01 8.009700427205773687e-01 6.297185677824238548e-01 4.963569250883649309e-01 3.747764856844471582e-01 4.963330972756854198e-01 3.265990305452816655e-01 3.299330387450007951e-01 7.688440186450939962e-01 3.722112499769028027e-01 5.187358276537732404e-01 4.325995643748263841e-01 7.451187668718272095e-01 7.021752329218950983e-01 9.318813376211085853e-01 4.362013764430929808e-01 3.905432997092295189e-01 3.713591662116294545e-01 3.442963471176869739e-01 4.333570640869982560e-01 2.754983064090212874e-01 1.826613192871111568e-01 5.326976973563117834e-01 1.978115567321645507e-01 6.672858039114509809e-01 3.350982445321639691e-01
4.040892522290340239e-01 1.071563508167993062e-01 5.533622378046059165e-01 5.600833049887250503e-01 7.716161023274579200e-01 1.352459844230827768e-01 0.000000000000000000e+00 1.339571514786915829e-01 5.191542076097273029e-01 2.630229134490047471e-01 4.319592398511842846e-01 6.496536486875035266e-01 8.015426700944034977e-01 5.413331695899206153e-01 6.976780231247470265e-01 4.151174092389066095e-01 4.108217373366754854e-01 4.523319635843347508e-01 4.073617205545159159e-01 1.733125380805066174e-01 9.555135203673348343e-02 7.388574523368934832e-01 4.685238118400786855e-01 4.483930610902802649e-01 4.283030794468439817e-01 5.885259007513994334e-01 4.925466648036543327e-01 4.200851667181342286e-01 2.512251189373692628e-01 4.908539796818094381e-01 7.433350697504386151e-01 2.934270013837719793e-01 4.016139497313985229e-01 6.088368432542781150e-01 4.794637053419991135e-01
7.988364116172927964e-01 1.277899302040839125e-01 9.548897986109641245e-01 6.365358076669035414e-01 2.813465494661916977e-01 6.377164762035484324e-01 1.339571514786915829e-01 0.000000000000000000e+00 5.377463544610792123e-01 3.571101629090954188e-01 6.942416825237590627e-01 1.481237995500365168e-01 3.991329991842684222e-01 3.263510178231754377e-02 4.571864605761504219e-01 5.114538640754038301e-01 9.254226311040181230e-01 6.168978180269115708e-01 1.091714955565746825e-01 2.971416052957415177e-01 2.425905760017678103e-01 4.996061856410916047e-01 6.215284828418962126e-01 2.806334350583664650e-01 4.781120419238209518e-01 8.526320664588384890e-01 6.359479741914764173e-01 4.537746819402850851e-01 5.633482361599093657e-01 2.695462872305124380e-01 6.047393652317688550e-01 8.427610316013546266e-01 9.373921673189767878e-01 1.865681195685862104e-01 6.798046592236836050e-01
2.366054214864541372e-01 8.177922794513656779e-01 5.764354675775624770e-01 3.964005496781613513e-01 6.974846796869542676e-01 5.123166591068026854e-01 5.191542076097273029e-01 5.377463544610792123e-01 0.000000000000000000e+00 8.047432837823393914e-01 6.681991779907743290e-01 5.054552699834025109e-02 3.175078869111680469e-01 4.718330125401186126e-01 5.314373310319908672e-01 3.430007282362984578e-01 8.835642463991877360e-01 4.099033209045599979e-01 2.358507816403878632e-01 7.531844162027299117e-01 5.014006413824623198e-01 6.280758440774973916e-01 5.704664324146146992e-02 8.181863362802468398e-01 6.547982086076066244e-01 7.872704642793516561e-01 7.263284207496512046e-01 9.090060798686374621e-01 4.093980927523183655e-01 2.086055386045281290e-01 6.447354049843299073e-01 4.685710752190773154e-01 6.294720396229648296e-01 9.245798298518326241e-01 9.550436493500034096e-01
6.734592190519186339e-01 7.134057255354087079e-01 5.123746638701576206e-01 6.657960732940757520e-01 8.119730923839477699e-01 4.101192524867143252e-01 2.630229134490047471e-01 3.571101629090954188e-01 8.047432837823393914e-01 0.000000000000000000e+00 9.957594504873361618e-01 9.374141321548619121e-01 4.769221700537786268e-01 8.921367134505309160e-01 8.238487970602017541e-01 4.985498375277916949e-01 8.578305908762853260e-01 1.187426471921646520e-01 7.441532672562845008e-01 1.414991469611909247e-01 6.205401263110361665e-01 2.128361372789459027e-01 2.958691773534279923e-01 7.516212423601993375e-01 5.764203931929196001e-01 5.013586596166097475e-01 8.590835630971710435e-01 2.010330214832584117e-01 8.207136782809598685e-01 5.228986925821383913e-01 1.192118340780536356e-01 7.735578433717897884e-01 4.408335473039027841e-01 7.694790249581207053e-01 6.249791951190969419e-01
7.784780012897556389e-01 5.788044349887921936e-01 4.950320803788895718e-01 4.346182205925820385e-01 5.184132028962273875e-01 8.009700427205773687e-01 4.319592398511842846e-01 6.942416825237590627e-01 6.681991779907743290e-01 9.957594504873361618e-01 0.000000000000000000e+00 4.603297389548112739e-01 8.222282171532192541e-01 7.954928420650757559e-01 5.317933903817312347e-01 4.885330220718785976e-01 5.224852847864462912e-01 4.718591194456606686e-01 4.535943446172595039e-01 3.429192024564047814e-01 8.191704222743732000e-01 5.814917624820569175e-01 4.968837322208592422e-01 4.264607158522541464e-01 1.393714135075960758e-01 7.820609033543688415e-01 6.607347985296352366e-01 8.001137830845661547e-02 7.668575554770939995e-01 5.914991129774862522e-01 4.850137490756616931e-01 5.233345746850471825e-01 1.142003068286036038e-01 5.731011815534350351e-01 9.030808143370636643e-01
7.871186950439854613e-01 1.861154063999254649e-01 7.977741072211883555e-01 5.967747752865437683e-02 8.283173543315750509e-01 6.297185677824238548e-01 6.496536486875035266e-01 1.481237995500365168e-01 5.054552699834025109e-02 9.374141321548619121e-01 4.603297389548112739e-01 0.000000000000000000e+00 6.348478119359317606e-01 3.970759575933711094e-01 8.822206054856748247e-01 3.904001559554488021e-01 4.582908397581283988e-01 5.794989878423317808e-01 6.146978152903657122e-01 4.148021426221022434e-01 9.129134406435635007e-01 6.173905440910191222e-01 7.872038166759479649e-01 8.987126979486195211e-01 4.138026391095912526e-01 4.830459337462416625e-01 4.172184982685310795e-01 5.250786065979378137e-01 6.826972292303866707e-01 8.179864005911752223e-01 4.317517787671346641e-01 4.731767382871797656e-01 6.221686814543837540e-01 5.399644869858957197e-01 3.040975247201837539e-01
3.444634467954138524e-01 2.396097755399276830e-01 7.651685119059891127e-01 6.166781838218675649e-01 9.746699219918268930e-01 4.963569250883649309e-01 8.015426700944034977e-01 3.991329991842684222e-01 3.175078869111680469e-01 4.769221700537786268e-01 8.222282171532192541e-01 6.348478119359317606e-01 0.000000000000000000e+00 4.609624702053582990e-01 7.135149163205867229e-02 2.798162770998368631e-01 5.500001484487364589e-01 4.079129986300096267e-01 7.021021514848236889e-01 2.726361647532328236e-01 6.197861329558207455e-01 2.725485881618112671e-01 3.117636061647370838e-01 6.370602232933006981e-01 4.792237332100280911e-01 7.376197117441909423e-01 4.833089344146984656e-01 7.940990651058816852e-01 3.422164878521477549e-02 3.595941881813587981e-01 9.377686905692403929e-01 5.894492222135740978e-01 4.170970262647775706e-01 8.460004912734343518e-01 4.577869830573125798e-01
8.612962368944188096e-01 4.121526059993365632e-01 5.489992117258928328e-01 5.058471851787821327e-01 5.527326964386789498e-01 3.747764856844471582e-01 5.413331695899206153e-01 3.263510178231754377e-02 4.718330125401186126e-01 8.921367134505309160e-01 7.954928420650757559e-01 3.970759575933711094e-01 4.609624702053582990e-01 0.000000000000000000e+00 7.398994066522468493e-01 4.875353784420426995e-01 5.358972845160681064e-01 7.636748675764043481e-01 8.692819248365862839e-02 7.656108729974726579e-01 6.916849708537275987e-01 1.737755157144390550e-01 5.640971127345699720e-01 7.552083154095112771e-01 7.245247293480847617e-01 4.216857047361671773e-01 8.249409896089443528e-01 5.924240902456578972e-01 2.135020746575756745e-01 4.359901437270247704e-01 5.430302977306508128e-01 9.015845011318749380e-01 6.869634534864177411e-01 5.656305416694826782e-01 9.714376843190520860e-01
3.633950994615229857e-01 4.445153755584975164e-01 5.251116761942316025e-01 2.663646244817111652e-01 4.251289670769728968e-01 4.963330972756854198e-01 6.976780231247470265e-01 4.571864605761504219e-01 5.314373310319908672e-01 8.238487970602017541e-01 5.317933903817312347e-01 8.822206054856748247e-01 7.135149163205867229e-02 7.398994066522468493e-01 0.000000000000000000e+00 7.453140804255447005e-01 9.153443178310780581e-01 8.777919846254789160e-01 1.432437169129173737e-01 7.081665350719570373e-01 9.493045387095657706e-01 4.760458140506573232e-01 6.389576148831769276e-01 9.069920593540017340e-01 4.888537238691226250e-01 5.380168207431244021e-01 4.794016718633647978e-01 9.972928702485295283e-01 2.547369794204347171e-01 6.994869463005854993e-01 6.759209951369122837e-01 4.823880722043247804e-01 3.427473033149852633e-01 8.027096652319613002e-01 8.278290196308324411e-02
4.358175693951252816e-01 9.800517578949374808e-02 8.214311492468036047e-01 9.525005716948805601e-01 5.336605924979946902e-01 3.265990305452816655e-01 4.151174092389066095e-01 5.114538640754038301e-01 3.430007282362984578e-01 4.985498375277916949e-01 4.885330220718785976e-01 3.904001559554488021e-01 2.798162770998368631e-01 4.875353784420426995e-01 7.453140804255447005e-01 0.000000000000000000e+00 1.245765678363980333e-01 3.292666860202070334e-01 8.903373561192037267e-01 7.234427059597596799e-01 6.643812371700841268e-01 5.507660187961014309e-01 8.823076566346890193e-01 4.376255351474624966e-01 5.262972837631701983e-01 3.262033180045585956e-01 4.350230993286048342e-01 5.669720788483605389e-01 7.537410283138823441e-01 4.100834290364769874e-01 8.052996175493124520e-01 1.404824237527132480e-01 5.423769124073032355e-01 7.994452606395807681e-01 5.457443241213952856e-01
6.365787158448859007e-01 4.535049626572473236e-01 6.618274469652927205e-01 3.185455965457095751e-02 7.106726427350393838e-01 3.299330387450007951e-01 4.108217373366754854e-01 9.254226311040181230e-01 8.835642463991877360e-01 8.578305908762853260e-01 5.224852847864462912e-01 4.582908397581283988e-01 5.500001484487364589e-01 5.358972845160681064e-01 9.153443178310780581e-01 1.245765678363980333e-01 0.000000000000000000e+00 3.178642666133092431e-01 3.847749346381008073e-01 8.117183467948474451e-01 2.290754555856588937e-02 4.582320811906981928e-01 6.404943488540106866e-01 4.840242160282710038e-01 4.916653541068112809e-01 7.185560554528471755e-01 4.788240888586134947e-01 5.900106140025279666e-01 6.791726099890551538e-01 8.444574651487282146e-01 6.041772319293068350e-01 7.850007885959779941e-01 9.330787728044904750e-01 6.168813986559211759e-01 5.257708735865617156e-01
7.133347659917411709e-01 5.196617394456031214e-01 9.186471219573896230e-01 5.328962652909670084e-01 3.382816198523500018e-01 7.688440186450939962e-01 4.523319635843347508e-01 6.168978180269115708e-01 4.099033209045599979e-01 1.187426471921646520e-01 4.718591194456606686e-01 5.794989878423317808e-01 4.079129986300096267e-01 7.636748675764043481e-01 8.777919846254789160e-01 3.292666860202070334e-01 3.178642666133092431e-01 0.000000000000000000e+00 8.621856826153457831e-01 4.958894445407401319e-01 3.104466361227485871e-01 6.695958194821299836e-01 8.768956002151305773e-01 7.898655864572090568e-01 4.229386658911367114e-01 4.920927395040389785e-01 8.042658447397523780e-01 6.065898835666446720e-01 4.053363826777016121e-01 4.739178490227615170e-01 9.619344995724476988e-01 2.929904928818144461e-01 5.968833110403286568e-01 8.528618598796265937e-01 6.185470931268199912e-01
4.069948169169817498e-01 5.386561040046549120e-01 3.899921667558388094e-01 2.202751345890265888e-01 5.030314007654033137e-01 3.722112499769028027e-01 4.073617205545159159e-01 1.091714955565746825e-01 2.358507816403878632e-01 7.441532672562845008e-01 4.535943446172595039e-01 6.146978152903657122e-01 7.021021514848236889e-01 8.692819248365862839e-02 1.432437169129173737e-01 8.903373561192037267e-01 3.847749346381008073e-01 8.621856826153457831e-01 0.000000000000000000e+00 5.114409397479058317e-01 2.075222892525593332e-01 7.125437851185740801e-01 7.086158125452957091e-01 1.841637336852264273e-01 5.034918386095283971e-01 3.794481335560089819e-01 7.477031659237125538e-01 4.447218448472320396e-01 8.008653257186572061e-01 4.576216557754306802e-01 7.373245884861270305e-01 7.264119994083426679e-01 2.712746632288537962e-01 6.391666146085887013e-01 5.109070149366727875e-01
9.056442696108437662e-01 4.214126016924671925e-01 3.743312923021411831e-01 5.043621182239184098e-01 2.033226641729135586e-02 5.187358276537732404e-01 1.733125380805066174e-01 2.971416052957415177e-01 7.531844162027299117e-01 1.414991469611909247e-01 3.429192024564047814e-01 4.148021426221022434e-01 2.726361647532328236e-01 7.656108729974726579e-01 7.081665350719570373e-01 7.234427059597596799e-01 8.117183467948474451e-01 4.958894445407401319e-01 5.114409397479058317e-01 0.000000000000000000e+00 7.651843428435003425e-01 4.126199681885880932e-01 3.847554864829519361e-01 4.923693250806506772e-01 4.387543440022930175e-01 9.152154727865481343e-01 4.679818431164315395e-01 8.323271775921232685e-01 3.405900275081125694e-01 7.115009151389128927e-01 3.658276076864881987e-01 6.192605341453700785e-01 4.761361653235599012e-01 8.998267120440164302e-01 6.418210932751875486e-01
7.981912838943807653e-01 4.676029159470925234e-01 9.659958716227445841e-02 3.663577321484170479e-01 3.530886760752846576e-01 4.325995643748263841e-01 9.555135203673348343e-02 2.425905760017678103e-01 5.014006413824623198e-01 6.205401263110361665e-01 8.191704222743732000e-01 9.129134406435635007e-01 6.197861329558207455e-01 6.916849708537275987e-01 9.493045387095657706e-01 6.643812371700841268e-01 2.290754555856588937e-02 3.104466361227485871e-01 2.075222892525593332e-01 7.651843428435003425e-01 0.000000000000000000e+00 5.572971690617196661e-01 3.065290926594880783e-01 6.563841051921779357e-01 5.424115933296919101e-01 4.163440356514040430e-01 6.783564806343562736e-01 5.796674318073008481e-01 3.917396484453242178e-01 5.623120994384442906e-01 5.577167652722010427e-01 8.458273644032665572e-01 4.964875262213250817e-01 4.975255558578290382e-01 1.526101580174800132e-01
3.449649336653823894e-01 8.294480268963391190e-01 4.754313334866050456e-01 4.620710881346846710e-01 3.710528456735565639e-01 7.451187668718272095e-01 7.388574523368934832e-01 4.996061856410916047e-01 6.280758440774973916e-01 2.128361372789459027e-01 5.814917624820569175e-01 6.173905440910191222e-01 2.725485881618112671e-01 1.737755157144390550e-01 4.760458140506573232e-01 5.507660187961014309e-01 4.582320811906981928e-01 6.695958194821299836e-01 7.125437851185740801e-01 4.126199681885880932e-01 5.572971690617196661e-01 0.000000000000000000e+00 4.864092399729700311e-01 6.826932626405546323e-01 6.101508887419309080e-01 3.791944359141082854e-01 1.152066809238739831e-01 7.668123016356400701e-01 5.727152574118803408e-01 2.602909088426372808e-01 2.575042778062678894e-01 3.163016560036506775e-01 4.943642671088906426e-01 4.092811485356670498e-01 7.766495922898952742e-02
3.591866376775358916e-01 4.108113576822884916e-01 7.026630342167934362e-01 5.531657538296333998e-01 5.067872880745438735e-01 7.021752329218950983e-01 4.685238118400786855e-01 6.215284828418962126e-01 5.704664324146146992e-02 2.958691773534279923e-01 4.968837322208592422e-01 7.872038166759479649e-01 3.117636061647370838e-01 5.640971127345699720e-01 6.389576148831769276e-01 8.823076566346890193e-01 6.404943488540106866e-01 8.768956002151305773e-01 7.086158125452957091e-01 3.847554864829519361e-01 3.065290926594880783e-01 4.864092399729700311e-01 0.000000000000000000e+00 6.072560641488289335e-01 4.309962212364415457e-01 7.524653343503022729e-01 6.523400189792062376e-01 4.732744267502677071e-01 8.469124825689339220e-01 9.423234876527645243e-01 3.719434657272600031e-01 1.008094743497394141e-01 7.939903460235371302e-01 3.441153356308368494e-01 5.731494760345910988e-01
9.589840264149325222e-01 8.023098199471739855e-01 3.077513708491084188e-01 3.213170771119535085e-01 2.963919336910747493e-01 9.318813376211085853e-01 4.483930610902802649e-01 2.806334350583664650e-01 8.181863362802468398e-01 7.516212423601993375e-01 4.264607158522541464e-01 8.987126979486195211e-01 6.370602232933006981e-01 7.552083154095112771e-01 9.069920593540017340e-01 4.376255351474624966e-01 4.840242160282710038e-01 7.898655864572090568e-01 1.841637336852264273e-01 4.923693250806506772e-01 6.563841051921779357e-01 6.826932626405546323e-01 6.072560641488289335e-01 0.000000000000000000e+00 4.144321936818969876e-01 5.160766103895950696e-01 8.558110143492871913e-01 7.536000864886207573e-01 7.677099219924261586e-01 8.446018862014508244e-01 1.230674638946144261e-01 6.539705275205245361e-01 7.320630131779066740e-01 5.749046972525583277e-01 1.832149463978868242e-01
1.972383063006126758e-01 1.742408343098464929e-01 2.757155212953584789e-01 8.116153636383286463e-01 5.663173074256185879e-01 4.362013764430929808e-01 4.283030794468439817e-01 4.781120419238209518e-01 6.547982086076066244e-01 5.764203931929196001e-01 1.393714135075960758e-01 4.138026391095912526e-01 4.792237332100280911e-01 7.245247293480847617e-01 4.888537238691226250e-01 5.262972837631701983e-01 4.916653541068112809e-01 4.229386658911367114e-01 5.034918386095283971e-01 4.387543440022930175e-01 5.424115933296919101e-01 6.101508887419309080e-01 4.309962212364415457e-01 4.144321936818969876e-01 0.000000000000000000e+00 5.237068419638140071e-01 6.656694672789160716e-01 3.745653546728093808e-01 7.072214158681093821e-01 6.314884010438608364e-01 7.881946993109134603e-01 8.188293534278643371e-01 2.767994670133048229e-01 2.381262356344399367e-01 4.911223416549918563e-01
9.450394728080242501e-01 6.080924404746852474e-01 6.268817174494072386e-01 7.936781930771823479e-01 5.658495817500474034e-01 3.905432997092295189e-01 5.885259007513994334e-01 8.526320664588384890e-01 7.872704642793516561e-01 5.013586596166097475e-01 7.820609033543688415e-01 4.830459337462416625e-01 7.376197117441909423e-01 4.216857047361671773e-01 5.380168207431244021e-01 3.262033180045585956e-01 7.185560554528471755e-01 4.920927395040389785e-01 3.794481335560089819e-01 9.152154727865481343e-01 4.163440356514040430e-01 3.791944359141082854e-01 7.524653343503022729e-01 5.160766103895950696e-01 5.237068419638140071e-01 0.000000000000000000e+00 7.698011716407227034e-01 7.394533437571468859e-01 6.335533301165570119e-01 6.704195546683031637e-01 1.297144491811154099e-01 6.889258758843344044e-01 3.698115198533685755e-01 8.237196124741950065e-01 5.156964101612527829e-01
6.327958218838740656e-01 1.708874060026507324e-01 8.436422573672008873e-01 1.942941121428384266e-01 1.987231164143613560e-01 3.713591662116294545e-01 4.925466648036543327e-01 6.359479741914764173e-01 7.263284207496512046e-01 8.590835630971710435e-01 6.607347985296352366e-01 4.172184982685310795e-01 4.833089344146984656e-01 8.249409896089443528e-01 4.794016718633647978e-01 4.350230993286048342e-01 4.788240888586134947e-01 8.042658447397523780e-01 7.477031659237125538e-01 4.679818431164315395e-01 6.783564806343562736e-01 1.152066809238739831e-01 6.523400189792062376e-01 8.558110143492871913e-01 6.656694672789160716e-01 7.698011716407227034e-01 0.000000000000000000e+00 8.789332848412098054e-01 2.835446014608161702e-01 4.510498409251020857e-01 5.587192850606119698e-01 6.873500199195360372e-01 5.123696377158670767e-01 5.160108070239395328e-01 6.844010321367389738e-01
8.219730284880670812e-01 4.490527525024155531e-01 7.828123963702404708e-01 7.661132986795911037e-01 9.700657497764231252e-02 3.442963471176869739e-01 4.200851667181342286e-01 4.537746819402850851e-01 9.090060798686374621e-01 2.010330214832584117e-01 8.001137830845661547e-02 5.250786065979378137e-01 7.940990651058816852e-01 5.924240902456578972e-01 9.972928702485295283e-01 5.669720788483605389e-01 5.900106140025279666e-01 6.065898835666446720e-01 4.447218448472320396e-01 8.323271775921232685e-01 5.796674318073008481e-01 7.668123016356400701e-01 4.732744267502677071e-01 7.536000864886207573e-01 3.745653546728093808e-01 7.394533437571468859e-01 8.789332848412098054e-01 0.000000000000000000e+00 5.209295969898193324e-01 8.973735904875776992e-01 5.944732021351197826e-01 5.410342951922813004e-01 5.098688797312027621e-01 4.848216189907764706e-01 4.673309277421396346e-01
5.578816703823846757e-01 7.184320436955292655e-01 5.681121726641462644e-01 7.364065846663579995e-01 5.014103001137705240e-01 4.333570640869982560e-01 2.512251189373692628e-01 5.633482361599093657e-01 4.093980927523183655e-01 8.207136782809598685e-01 7.668575554770939995e-01 6.826972292303866707e-01 3.422164878521477549e-02 2.135020746575756745e-01 2.547369794204347171e-01 7.537410283138823441e-01 6.791726099890551538e-01 4.053363826777016121e-01 8.008653257186572061e-01 3.405900275081125694e-01 3.917396484453242178e-01 5.727152574118803408e-01 8.469124825689339220e-01 7.677099219924261586e-01 7.072214158681093821e-01 6.335533301165570119e-01 2.835446014608161702e-01 5.209295969898193324e-01 0.000000000000000000e+00 2.516209011947136975e-01 8.638233752854642677e-01 7.921260952252053844e-01 9.672832293559667782e-01 1.811078420516429310e-01 8.165187429891036519e-01
3.746517907945327019e-01 3.963585380181802176e-01 4.875173783689267237e-01 4.518055663062154892e-01 1.773164403706376513e-01 2.754983064090212874e-01 4.908539796818094381e-01 2.695462872305124380e-01 2.086055386045281290e-01 5.228986925821383913e-01 5.914991129774862522e-01 8.179864005911752223e-01 3.595941881813587981e-01 4.359901437270247704e-01 6.994869463005854993e-01 4.100834290364769874e-01 8.444574651487282146e-01 4.739178490227615170e-01 4.576216557754306802e-01 7.115009151389128927e-01 5.623120994384442906e-01 2.602909088426372808e-01 9.423234876527645243e-01 8.446018862014508244e-01 6.314884010438608364e-01 6.704195546683031637e-01 4.510498409251020857e-01 8.973735904875776992e-01 2.516209011947136975e-01 0.000000000000000000e+00 7.829970670768352514e-01 4.082443407800411261e-01 8.643487789969263035e-01 2.535410749155492249e-01 1.003953111065754022e-01
5.088707065402385821e-01 1.816778690149667419e-01 7.826901110096158298e-01 4.329806769589422677e-01 9.104423249426827347e-01 1.826613192871111568e-01 7.433350697504386151e-01 6.047393652317688550e-01 6.447354049843299073e-01 1.192118340780536356e-01 4.850137490756616931e-01 4.317517787671346641e-01 9.377686905692403929e-01 5.430302977306508128e-01 6.759209951369122837e-01 8.052996175493124520e-01 6.041772319293068350e-01 9.619344995724476988e-01 7.373245884861270305e-01 3.658276076864881987e-01 5.577167652722010427e-01 2.575042778062678894e-01 3.719434657272600031e-01 1.230674638946144261e-01 7.881946993109134603e-01 1.297144491811154099e-01 5.587192850606119698e-01 5.944732021351197826e-01 8.638233752854642677e-01 7.829970670768352514e-01 0.000000000000000000e+00 9.088472872663420077e-01 1.956652684828245059e-01 7.200390628461044162e-01 9.209779957972050735e-01
6.448083476317763019e-01 3.193815044342486198e-01 5.149183443160758600e-01 2.132402319433984728e-01 6.372827510297013331e-01 5.326976973563117834e-01 2.934270013837719793e-01 8.427610316013546266e-01 4.685710752190773154e-01 7.735578433717897884e-01 5.233345746850471825e-01 4.731767382871797656e-01 5.894492222135740978e-01 9.015845011318749380e-01 4.823880722043247804e-01 1.404824237527132480e-01 7.850007885959779941e-01 2.929904928818144461e-01 7.264119994083426679e-01 6.192605341453700785e-01 8.458273644032665572e-01 3.163016560036506775e-01 1.008094743497394141e-01 6.539705275205245361e-01 8.188293534278643371e-01 6.889258758843344044e-01 6.873500199195360372e-01 5.410342951922813004e-01 7.921260952252053844e-01 4.082443407800411261e-01 9.088472872663420077e-01 0.000000000000000000e+00 4.666778869781303962e-01 8.626417335857839985e-01 4.938872216542790627e-01
3.962256265817208911e-01 8.652194604880460993e-01 4.742709414169083426e-01 7.307670420001259881e-01 7.430715448224913811e-01 1.978115567321645507e-01 4.016139497313985229e-01 9.373921673189767878e-01 6.294720396229648296e-01 4.408335473039027841e-01 1.142003068286036038e-01 6.221686814543837540e-01 4.170970262647775706e-01 6.869634534864177411e-01 3.427473033149852633e-01 5.423769124073032355e-01 9.330787728044904750e-01 5.968833110403286568e-01 2.712746632288537962e-01 4.761361653235599012e-01 4.964875262213250817e-01 4.943642671088906426e-01 7.939903460235371302e-01 7.320630131779066740e-01 2.767994670133048229e-01 3.698115198533685755e-01 5.123696377158670767e-01 5.098688797312027621e-01 9.672832293559667782e-01 8.643487789969263035e-01 1.956652684828245059e-01 4.666778869781303962e-01 0.000000000000000000e+00 7.699855794654351104e-01 8.477155020350064518e-01
8.569505932133970605e-01 7.127405571683259611e-01 5.501322612522540068e-01 7.884878562795547552e-01 8.779892959584105760e-01 6.672858039114509809e-01 6.088368432542781150e-01 1.865681195685862104e-01 9.245798298518326241e-01 7.694790249581207053e-01 5.731011815534350351e-01 5.399644869858957197e-01 8.460004912734343518e-01 5.656305416694826782e-01 8.027096652319613002e-01 7.994452606395807681e-01 6.168813986559211759e-01 8.528618598796265937e-01 6.391666146085887013e-01 8.998267120440164302e-01 4.975255558578290382e-01 4.092811485356670498e-01 3.441153356308368494e-01 5.749046972525583277e-01 2.381262356344399367e-01 8.237196124741950065e-01 5.160108070239395328e-01 4.848216189907764706e-01 1.811078420516429310e-01 2.535410749155492249e-01 7.200390628461044162e-01 8.626417335857839985e-01 7.699855794654351104e-01 0.000000000000000000e+00 7.271535927385226472e-01
6.585472066154185455e-01 5.968730502729997500e-01 3.685888585892862501e-01 5.151204178537042155e-01 3.917747278076252337e-01 3.350982445321639691e-01 4.794637053419991135e-01 6.798046592236836050e-01 9.550436493500034096e-01 6.249791951190969419e-01 9.030808143370636643e-01 3.040975247201837539e-01 4.577869830573125798e-01 9.714376843190520860e-01 8.278290196308324411e-02 5.457443241213952856e-01 5.257708735865617156e-01 6.185470931268199912e-01 5.109070149366727875e-01 6.418210932751875486e-01 1.526101580174800132e-01 7.766495922898952742e-02 5.731494760345910988e-01 1.832149463978868242e-01 4.911223416549918563e-01 5.156964101612527829e-01 6.844010321367389738e-01 4.673309277421396346e-01 8.165187429891036519e-01 1.003953111065754022e-01 9.209779957972050735e-01 4.938872216542790627e-01 8.477155020350064518e-01 7.271535927385226472e-01 0.000000000000000000e+00
