0.000000000000000000e+00 4.554632767816491068e-01 4.571967319393297480e-01 3.773191001515017184e-01 5.944842753291886828e-01 3.562373165579195144e-01 5.785514415624237738e-01 4.881716452398180417e-01 6.243189854327949595e-01 8.405334446665064796e-01 4.730728591425567009e-01 3.968817564036433154e-01 1.011062102030227949e-01 2.535931070264092480e-01 2.771888087408909129e-01 7.103521358647998385e-01 4.592207068570555162e-01 5.752812663274324834e-01 5.136484981240123648e-01 7.237737350878292730e-01 5.009177310101042835e-01 5.429850137283638301e-01 4.313869872847378439e-01 4.049283943875890968e-01 4.159936996017737365e-01 5.276188310546172655e-01 1.436122668059739427e-01 4.815033803974941851e-01 2.654817004668525993e-01 2.338892466969182404e-01 4.136899770247522978e-01 6.833072571948244356e-01 4.074211399105555076e-01 3.559931078488888234e-01 2.866947650777055823e-01
4.554632767816491068e-01 0.000000000000000000e+00 2.444920544184468469e-01 3.606914260074700618e-01 5.644241540492184184e-01 4.602292548056544086e-01 2.817496669327681502e-01 7.629073864054976006e-01 5.723104844327564500e-01 5.797747720606160060e-01 3.008805099653621973e-01 8.699730850514691971e-01 6.323289547343071693e-01 4.519766432140915335e-01 8.015260699684378931e-01 2.590843728076143160e-01 2.399633136866269889e-01 2.918605485616176387e-01 4.736153343211533251e-01 8.507558157628353213e-01 3.941865431047403279e-01 2.860279779237437925e-01 7.840376297625426538e-01 8.396270569425545727e-01 3.087482861190157246e-01 6.745972744695867274e-01 1.902612621892749156e-01 4.337294367122742078e-01 2.163521888990865838e-01 4.575170279323814704e-01 3.978858569863658046e-01 6.204455693013563033e-01 7.156951867688194913e-01 4.187566202991090947e-01 2.273789574575401096e-01
4.571967319393297480e-01 2.444920544184468469e-01 0.000000000000000000e+00 1.709400811106642770e-01 4.917690054420526535e-01 7.853939978354500528e-01 2.598509636683392632e-01 9.146991881030730465e-01 2.267679329095008134e-01 4.691060938620739695e-01 4.390234492378749520e-01 3.731998434165704204e-01 6.779950175505192744e-01 6.153342115483841912e-01 6.621315302171713046e-01 5.472738663599598929e-01 8.348089361803344710e-01 8.308964481309111250e-01 3.369216404512612173e-01 5.917075131255544740e-02 4.516043144163665590e-01 4.610612645711615887e-01 6.702332771350512086e-01 6.822192500598683873e-01 8.392737876258569152e-01 6.858814573842511031e-01 4.444268550263913431e-01 5.586619691411655042e-01 7.550019141808654854e-01 4.712937311094057002e-01 8.926886065707722029e-01 7.062850086929861604e-01 7.975028559707171283e-01 1.510439399577629960e-01 1.690615937128469581e-01
3.773191001515017184e-01 3.606914260074700618e-01 1.709400811106642770e-01 0.000000000000000000e+00 4.888644314639633559e-01 8.683280033246278951e-01 5.841483627165722226e-02 9.209033244755266967e-01 4.180299869309516136e-01 4.197805355222148371e-01 8.428203940632827962e-01 1.001236436392239915e-01 9.799980893998394560e-01 6.607608983823261006e-01 9.105169616420860645e-02 2.956208113686179528e-01 4.760412075741498605e-01 3.649569097155307418e-01 1.725130694480168092e-01 5.393850097037292679e-01 6.924573584759783351e-01 6.102123618267150107e-01 8.709983473067528514e-01 3.848624148907257014e-01 2.870255770833486930e-01 1.693095271510878241e-01 6.315504790402945989e-01 3.492897908448217015e-01 3.887666576051974077e-01 7.252979259501166620e-01 6.775491878376824761e-01 9.111016636647650824e-02 4.756402919413417751e-01 3.363702563986032956e-01 2.794321518319500264e-01
5.944842753291886828e-01 5.644241540492184184e-01 4.917690054420526535e-01 4.888644314639633559e-01 0.000000000000000000e+00 3.744475680151980734e-01 5.240069744166929722e-01 7.212736729861948248e-01 3.470753597869761231e-01 2.963296702804234517e-01 4.848277581174363915e-01 3.596366425719814686e-01 8.490791570677647115e-02 6.231352611866931568e-01 6.570566842664204987e-01 7.218401687633276831e-01 6.206601587888647131e-01 4.212810712819120007e-01 4.104774139661653276e-01 8.313281237923286771e-01 3.481447836806995655e-01 7.286016155975694186e-01 4.126222885707147015e-01 1.936524628271411030e-01 4.034377382030054915e-01 5.158006855703283211e-01 6.537773825402941608e-01 4.366653286278255330e-01 4.232738902643525813e-01 5.632978579370300221e-01 4.469669386744850037e-01 7.806475980629347111e-01 1.751545397179194996e-01 5.521300163406722694e-01 3.492605132020462078e-01
3.562373165579195144e-01 4.602292548056544086e-01 7.853939978354500528e-01 8.683280033246278951e-01 3.744475680151980734e-01 0.000000000000000000e+00 2.726537737348277979e-02 1.762184649035981598e-01 6.851642536309637821e-02 2.171215502283974086e-01 8.660676394949542445e-01 3.990382620252631574e-01 5.972030117833182494e-01 5.053120786956307731e-01 3.940858836357175599e-01 5.705552952195819261e-01 4.889624162159892373e-01 2.269427857408402027e-01 4.566039845545785125e-01 5.463717387660399494e-01 8.343697189420817839e-01 6.439345317340359198e-01 5.220682585741210913e-01 1.814749367103534183e-01 4.640886471751289877e-01 3.808638530206309714e-01 5.831130894355394112e-01 5.042572021490279166e-01 8.622074751262929215e-01 3.037111840281659925e-01 5.729794743977351112e-01 5.327291922773803590e-01 2.379295945401670442e-01 4.466428037828649167e-01 3.098652933891322681e-01
5.785514415624237738e-01 2.817496669327681502e-01 2.598509636683392632e-01 5.841483627165722226e-02 5.240069744166929722e-01 2.726537737348277979e-02 0.000000000000000000e+00 4.560764344152394290e-01 5.174018254117832560e-01 7.155261381182123070e-01 2.946335547694894919e-01 5.704170060951918586e-01 4.983373987386717774e-01 3.882986402166022089e-01 1.404020350580222898e-01 3.999821012864362979e-01 7.282280194866019851e-01 3.532917081985970098e-01 5.595844904053676183e-01 5.228813964500821365e-01 6.019676840232806025e-01 1.076385264012075238e-01 5.312176300836441989e-01 4.584183360090003934e-01 4.682358573364848175e-01 5.607788628062331249e-01 5.529772152727536749e-01 5.560591337911444665e-01 7.788511276269503014e-01 5.971092371528371467e-01 6.215939387629059176e-01 6.850148741020435361e-01 5.865246125248617659e-01 6.271531022896155161e-01 3.453525843023642627e-01
4.881716452398180417e-01 7.629073864054976006e-01 9.146991881030730465e-01 9.209033244755266967e-01 7.212736729861948248e-01 1.762184649035981598e-01 4.560764344152394290e-01 0.000000000000000000e+00 2.984888155735778703e-01 5.260385620872876089e-01 6.579036646297773405e-01 6.086126997225056456e-01 2.399242122912463859e-01 8.684985213547511407e-01 8.049106695529872901e-01 4.015459231125649842e-01 8.749354189112470426e-01 6.255986912381421572e-01 7.520749475568742071e-01 5.840127043967794362e-01 3.895100645448313914e-01 3.971061347732962599e-02 6.861233920709792766e-01 5.627022832565327093e-01 2.347699289631764996e-01 7.545098680373787392e-01 6.850509442797556581e-01 5.161317276496690809e-01 3.152394556781088486e-01 4.744602629170008301e-01 1.631306965509674578e-01 2.387762129000331468e-01 4.035133127557862798e-01 7.433410201223542568e-01 2.082600592153732721e-01
6.243189854327949595e-01 5.723104844327564500e-01 2.267679329095008134e-01 4.180299869309516136e-01 3.470753597869761231e-01 6.851642536309637821e-02 5.174018254117832560e-01 2.984888155735778703e-01 0.000000000000000000e+00 3.492152026680677701e-01 8.798982016140238782e-01 4.840328884480733507e-01 8.615768461146651180e-01 2.433843940011441997e-01 7.451736309708536510e-01 3.313567059299563633e-01 3.952125941143078691e-01 1.391567410966028651e-01 6.131089066619935801e-01 3.587486443207808517e-01 7.876574825993692963e-01 1.135841741923842019e-01 1.601364009777961339e-01 2.576196281604653526e-01 3.088674577314590719e-01 1.960422435160932286e-01 4.309164415188516117e-01 7.084622069182169302e-01 6.098791917542250030e-01 4.756708389114532864e-01 3.710458713441029399e-01 4.779183626159443921e-01 3.394312279835355328e-01 6.326277239657716045e-01 5.080440680419735511e-01
8.405334446665064796e-01 5.797747720606160060e-01 4.691060938620739695e-01 4.197805355222148371e-01 2.963296702804234517e-01 2.171215502283974086e-01 7.155261381182123070e-01 5.260385620872876089e-01 3.492152026680677701e-01 0.000000000000000000e+00 7.010945696082322431e-01 1.722846036052003149e-01 5.826428461164147032e-01 1.130057608823804571e-01 7.257410852640688859e-02 3.968808261336018717e-01 3.692836155165073464e-01 3.767237778492802391e-01 6.228351145423018931e-01 2.756018159944523260e-01 4.472462846004227055e-01 8.158232731158867601e-01 4.788902655329028146e-01 3.031799360956538569e-01 6.811648715217442085e-01 4.111015299963119429e-01 2.684325613920153231e-01 4.260575700480161432e-01 5.550822588334424212e-01 7.273655960624672012e-01 4.555755555373695032e-01 6.866320309611340100e-01 3.336951575814920412e-01 2.807375675809500315e-01 2.449963139003595858e-01
4.730728591425567009e-01 3.008805099653621973e-01 4.390234492378749520e-01 8.428203940632827962e-01 4.848277581174363915e-01 8.660676394949542445e-01 2.946335547694894919e-01 6.579036646297773405e-01 8.798982016140238782e-01 7.010945696082322431e-01 0.000000000000000000e+00 7.289245771414716302e-01 3.894948816751186982e-01 6.762206253156770597e-01 2.305234598702129434e-01 6.251893304841780186e-01 4.991027593711492294e-01 5.332024322965371876e-01 4.474409492113927134e-01 8.956246929190934125e-01 5.352201258243147741e-01 5.620194523621908633e-01 3.231802738857030288e-01 5.967330180847406629e-01 3.182634049967965617e-01 8.465047916377361759e-01 8.145433454320971656e-01 5.222158984230533818e-01 6.801513622985253527e-01 5.028418129548412052e-01 2.698378987862203315e-01 7.785796756848378797e-01 4.711514706373911565e-01 3.447261689676626162e-01 1.852535236957449927e-01
3.968817564036433154e-01 8.699730850514691971e-01 3.731998434165704204e-01 1.001236436392239915e-01 3.596366425719814686e-01 3.990382620252631574e-01 5.704170060951918586e-01 6.086126997225056456e-01 4.840328884480733507e-01 1.722846036052003149e-01 7.289245771414716302e-01 0.000000000000000000e+00 3.230955506998289817e-01 2.019930284011833832e-01 5.606319179275328635e-01 5.965695497866509989e-01 6.886316769552045525e-01 5.080156424618884614e-01 3.882248707910741503e-01 8.354013566543679881e-01 6.077855511152900903e-01 4.247770774299969854e-01 5.947128830737076211e-01 6.552594135493114980e-01 6.913166272944379909e-01 3.860265584263650185e-01 3.690329979532327442e-01 1.383108534315403704e-01 5.313479871045347913e-01 2.636548266187330736e-01 2.142670989977627505e-01 7.851719178723872705e-01 8.044883837707609286e-01 6.716637912854104275e-01 1.960218823416497447e-01
1.011062102030227949e-01 6.323289547343071693e-01 6.779950175505192744e-01 9.799980893998394560e-01 8.490791570677647115e-02 5.972030117833182494e-01 4.983373987386717774e-01 2.399242122912463859e-01 8.615768461146651180e-01 5.826428461164147032e-01 3.894948816751186982e-01 3.230955506998289817e-01 0.000000000000000000e+00 1.695383210995171641e-01 2.948973247758796545e-01 8.140456256779432520e-01 3.196729625906598038e-01 8.059546585629984161e-02 4.985532690222638230e-01 5.113726477792144287e-01 3.681590478504644937e-01 4.437125988006828115e-01 9.331414838509222154e-01 6.317234734545944530e-01 4.609600090805178185e-01 5.304649636923450817e-01 7.972585001383740710e-01 8.235259809809721832e-01 3.702380062891375001e-02 4.593915239117654647e-01 5.278740929781653435e-01 7.259557931104498874e-01 3.509801021198822868e-01 8.480767768529262618e-02 3.802894740386817407e-01
2.535931070264092480e-01 4.519766432140915335e-01 6.153342115483841912e-01 6.607608983823261006e-01 6.231352611866931568e-01 5.053120786956307731e-01 3.882986402166022089e-01 8.684985213547511407e-01 2.433843940011441997e-01 1.130057608823804571e-01 6.762206253156770597e-01 2.019930284011833832e-01 1.695383210995171641e-01 0.000000000000000000e+00 8.570218939836700134e-01 5.276047474266709614e-01 5.553752932380499052e-01 7.308253962075594856e-01 8.312775905938798449e-01 9.558660562258460835e-01 3.032846275703878769e-01 2.844758998159611085e-01 2.051349003295146467e-01 7.427167973697839098e-01 1.380303704064793635e-01 4.615747380454192639e-01 4.335613390785376664e-01 6.134805404453984590e-01 5.209435167179798931e-01 7.487526339171211021e-01 6.469387687581621416e-01 2.362360308883342253e-01 8.095180858122530410e-01 1.975824643442811723e-01 3.555319688262346678e-01
2.771888087408909129e-01 8.015260699684378931e-01 6.621315302171713046e-01 9.105169616420860645e-02 6.570566842664204987e-01 3.940858836357175599e-01 1.404020350580222898e-01 8.049106695529872901e-01 7.451736309708536510e-01 7.257410852640688859e-02 2.305234598702129434e-01 5.606319179275328635e-01 2.948973247758796545e-01 8.570218939836700134e-01 0.000000000000000000e+00 9.279119919688316731e-01 8.306881165725794602e-01 8.173736534655720032e-01 6.643105400803630545e-01 1.938814787860589917e-01 1.782012318778795068e-01 5.980974885270582408e-01 5.637626956482743035e-01 4.145913503742716388e-01 2.685479214571447892e-01 5.009964714512502582e-01 9.342748374398823774e-01 3.877498925983394740e-01 3.133704807504976708e-01 4.726176433697561463e-01 5.193461622470316730e-01 5.777225216000765329e-01 1.588652770423265581e-01 3.136977750376350182e-01 2.721310523408487780e-01
7.103521358647998385e-01 2.590843728076143160e-01 5.472738663599598929e-01 2.956208113686179528e-01 7.218401687633276831e-01 5.705552952195819261e-01 3.999821012864362979e-01 4.015459231125649842e-01 3.313567059299563633e-01 3.968808261336018717e-01 6.251893304841780186e-01 5.965695497866509989e-01 8.140456256779432520e-01 5.276047474266709614e-01 9.279119919688316731e-01 0.000000000000000000e+00 2.379312158669811827e-01 4.395608377598519412e-01 9.043572430187787337e-01 3.340396925253526494e-01 2.776197545238093811e-01 4.751864009020904112e-01 3.059046837703439659e-01 3.372913229174087646e-01 7.955835876979546750e-01 4.221747116796623067e-01 5.076541128796066005e-01 4.471070938534705830e-01 5.894032467157055422e-01 2.996356998184057652e-01 6.538122626188265230e-01 1.545049123136451596e-01 5.005540020292906789e-01 8.708618866838757633e-02 6.885152538403445099e-01
4.592207068570555162e-01 2.399633136866269889e-01 8.348089361803344710e-01 4.760412075741498605e-01 6.206601587888647131e-01 4.889624162159892373e-01 7.282280194866019851e-01 8.749354189112470426e-01 3.952125941143078691e-01 3.692836155165073464e-01 4.991027593711492294e-01 6.886316769552045525e-01 3.196729625906598038e-01 5.553752932380499052e-01 8.306881165725794602e-01 2.379312158669811827e-01 0.000000000000000000e+00 1.845113436702049969e-01 7.881226531664566881e-01 3.207238389887828167e-01 5.136059786327673571e-01 2.343679366934876551e-01 3.328123482263430355e-01 7.830728770901569380e-01 8.245611581334872930e-01 6.646979422037146978e-01 6.908832191523581745e-01 3.734035494067454719e-01 1.345513991140000476e-01 6.497863296621331219e-01 4.056570965095421255e-01 6.449317472704518828e-01 4.837276989268534111e-01 2.582405484111984229e-01 5.572394737028806277e-01
5.752812663274324834e-01 2.918605485616176387e-01 8.308964481309111250e-01 3.649569097155307418e-01 4.212810712819120007e-01 2.269427857408402027e-01 3.532917081985970098e-01 6.255986912381421572e-01 1.391567410966028651e-01 3.767237778492802391e-01 5.332024322965371876e-01 5.080156424618884614e-01 8.059546585629984161e-02 7.308253962075594856e-01 8.173736534655720032e-01 4.395608377598519412e-01 1.845113436702049969e-01 0.000000000000000000e+00 5.499672914338107343e-01 1.135063539924476839e-01 5.398725578477294729e-01 3.028141083828279623e-01 6.857195626350360840e-01 1.364560644295792491e-01 5.804869189690680109e-01 4.962981943041390731e-01 2.513121347365091518e-01 5.178439072100162743e-01 4.729041928185289123e-01 2.514391926721316062e-01 2.220041581583359624e-01 2.292966884336222755e-01 3.419845977629888401e-01 3.571913320684123594e-01 4.243488568364466307e-01
5.136484981240123648e-01 4.736153343211533251e-01 3.369216404512612173e-01 1.725130694480168092e-01 4.104774139661653276e-01 4.566039845545785125e-01 5.595844904053676183e-01 7.520749475568742071e-01 6.131089066619935801e-01 6.228351145423018931e-01 4.474409492113927134e-01 3.882248707910741503e-01 4.985532690222638230e-01 8.312775905938798449e-01 6.643105400803630545e-01 9.043572430187787337e-01 7.881226531664566881e-01 5.499672914338107343e-01 0.000000000000000000e+00 4.811496998974871819e-01 5.118791876033035315e-02 9.138713938834217565e-01 7.294029334087033245e-01 2.809390987371728210e-01 3.679140627721462220e-01 4.076954876146389184e-01 4.676716960749848218e-01 5.976981561202306947e-01 4.475668711798178601e-01 1.755987735777850833e-01 7.389846097500376576e-01 3.013175178633532569e-01 2.799115185038272280e-01 4.826117863958372389e-01 3.355366484953337114e-01
7.237737350878292730e-01 8.507558157628353213e-01 5.917075131255544740e-02 5.393850097037292679e-01 8.313281237923286771e-01 5.463717387660399494e-01 5.228813964500821365e-01 5.840127043967794362e-01 3.587486443207808517e-01 2.756018159944523260e-01 8.956246929190934125e-01 8.354013566543679881e-01 5.113726477792144287e-01 9.558660562258460835e-01 1.938814787860589917e-01 3.340396925253526494e-01 3.207238389887828167e-01 1.135063539924476839e-01 4.811496998974871819e-01 0.000000000000000000e+00 4.094410112789013123e-01 8.362935331389742544e-01 1.884754953276974732e-01 7.006074281625740419e-01 6.615077820021739718e-01 5.078810091379764025e-01 2.984192237549456728e-01 5.875810235144466320e-01 6.264845919445505285e-01 5.231378251129283896e-01 5.990352533466833940e-01 4.429983401043235958e-01 6.695528998291970790e-01 2.776080914998464433e-01 3.589931224908154972e-01
5.009177310101042835e-01 3.941865431047403279e-01 4.516043144163665590e-01 6.924573584759783351e-01 3.481447836806995655e-01 8.343697189420817839e-01 6.019676840232806025e-01 3.895100645448313914e-01 7.876574825993692963e-01 4.472462846004227055e-01 5.352201258243147741e-01 6.077855511152900903e-01 3.681590478504644937e-01 3.032846275703878769e-01 1.782012318778795068e-01 2.776197545238093811e-01 5.136059786327673571e-01 5.398725578477294729e-01 5.118791876033035315e-02 4.094410112789013123e-01 0.000000000000000000e+00 8.686751493682102199e-01 5.979919673416101977e-01 3.769301159634029785e-01 8.683498643033320530e-01 7.038394385824844335e-01 6.484661768864875553e-01 4.791112529843553069e-01 8.655149277177724976e-01 9.175678928903778786e-01 8.451993559668058431e-02 5.889117912201373706e-01 2.600275226033619824e-01 6.478607657674715359e-01 8.079772886816809496e-01
5.429850137283638301e-01 2.860279779237437925e-01 4.610612645711615887e-01 6.102123618267150107e-01 7.286016155975694186e-01 6.439345317340359198e-01 1.076385264012075238e-01 3.971061347732962599e-02 1.135841741923842019e-01 8.158232731158867601e-01 5.620194523621908633e-01 4.247770774299969854e-01 4.437125988006828115e-01 2.844758998159611085e-01 5.980974885270582408e-01 4.751864009020904112e-01 2.343679366934876551e-01 3.028141083828279623e-01 9.138713938834217565e-01 8.362935331389742544e-01 8.686751493682102199e-01 0.000000000000000000e+00 4.196889172622076947e-01 8.299599061503425412e-01 6.159507174263163520e-01 2.246632330145903467e-01 5.271285614377020368e-01 1.216711610433773849e-01 5.442120481098658979e-01 4.156935734167138685e-01 4.729676041392719688e-01 1.219300849503193174e-01 4.805471822444423169e-01 6.012470193509457106e-01 3.453608203861334713e-01
4.313869872847378439e-01 7.840376297625426538e-01 6.702332771350512086e-01 8.709983473067528514e-01 4.126222885707147015e-01 5.220682585741210913e-01 5.312176300836441989e-01 6.861233920709792766e-01 1.601364009777961339e-01 4.788902655329028146e-01 3.231802738857030288e-01 5.947128830737076211e-01 9.331414838509222154e-01 2.051349003295146467e-01 5.637626956482743035e-01 3.059046837703439659e-01 3.328123482263430355e-01 6.857195626350360840e-01 7.294029334087033245e-01 1.884754953276974732e-01 5.979919673416101977e-01 4.196889172622076947e-01 0.000000000000000000e+00 1.233462138321591017e-01 8.842179562076929455e-01 8.379721071508980934e-01 4.709494070864719273e-01 3.614557665465495395e-01 7.957117050088216015e-01 4.570016946562111548e-01 5.736606267300148332e-01 3.985959480975770353e-01 7.416796476471095856e-01 8.584164858971874423e-01 6.680608637747951217e-01
4.049283943875890968e-01 8.396270569425545727e-01 6.822192500598683873e-01 3.848624148907257014e-01 1.936524628271411030e-01 1.814749367103534183e-01 4.584183360090003934e-01 5.627022832565327093e-01 2.576196281604653526e-01 3.031799360956538569e-01 5.967330180847406629e-01 6.552594135493114980e-01 6.317234734545944530e-01 7.427167973697839098e-01 4.145913503742716388e-01 3.372913229174087646e-01 7.830728770901569380e-01 1.364560644295792491e-01 2.809390987371728210e-01 7.006074281625740419e-01 3.769301159634029785e-01 8.299599061503425412e-01 1.233462138321591017e-01 0.000000000000000000e+00 6.683592155133780688e-01 1.822664167920984291e-01 4.886238102613658096e-01 6.562755000150748419e-01 2.539946554755299624e-01 5.648828409728103850e-01 4.517281345785156832e-01 6.662662191511059540e-02 6.924542386900232049e-01 7.675370784192403484e-01 3.393829310341732741e-01
4.159936996017737365e-01 3.087482861190157246e-01 8.392737876258569152e-01 2.870255770833486930e-01 4.034377382030054915e-01 4.640886471751289877e-01 4.682358573364848175e-01 2.347699289631764996e-01 3.088674577314590719e-01 6.811648715217442085e-01 3.182634049967965617e-01 6.913166272944379909e-01 4.609600090805178185e-01 1.380303704064793635e-01 2.685479214571447892e-01 7.955835876979546750e-01 8.245611581334872930e-01 5.804869189690680109e-01 3.679140627721462220e-01 6.615077820021739718e-01 8.683498643033320530e-01 6.159507174263163520e-01 8.842179562076929455e-01 6.683592155133780688e-01 0.000000000000000000e+00 5.120296654241540679e-01 3.276867917483664572e-01 6.819374691528206078e-01 5.220975834254034664e-01 3.389868668756491621e-01 7.753279089531962542e-01 3.868532895850274600e-01 5.642424756371889893e-01 5.833097408050179622e-01 5.288218443337634467e-01
5.276188310546172655e-01 6.745972744695867274e-01 6.858814573842511031e-01 1.693095271510878241e-01 5.158006855703283211e-01 3.808638530206309714e-01 5.607788628062331249e-01 7.545098680373787392e-01 1.960422435160932286e-01 4.111015299963119429e-01 8.465047916377361759e-01 3.860265584263650185e-01 5.304649636923450817e-01 4.615747380454192639e-01 5.009964714512502582e-01 4.221747116796623067e-01 6.646979422037146978e-01 4.962981943041390731e-01 4.076954876146389184e-01 5.078810091379764025e-01 7.038394385824844335e-01 2.246632330145903467e-01 8.379721071508980934e-01 1.822664167920984291e-01 5.120296654241540679e-01 0.000000000000000000e+00 3.419761681360032335e-01 5.529734872344918006e-01 1.610188441208281751e-01 7.493573487204925332e-01 8.371835009928234594e-01 6.789429024381279376e-01 6.226367408626650723e-01 4.664899622547682423e-01 5.079568764535300485e-01
1.436122668059739427e-01 1.902612621892749156e-01 4.444268550263913431e-01 6.315504790402945989e-01 6.537773825402941608e-01 5.831130894355394112e-01 5.529772152727536749e-01 6.850509442797556581e-01 4.309164415188516117e-01 2.684325613920153231e-01 8.145433454320971656e-01 3.690329979532327442e-01 7.972585001383740710e-01 4.335613390785376664e-01 9.342748374398823774e-01 5.076541128796066005e-01 6.908832191523581745e-01 2.513121347365091518e-01 4.676716960749848218e-01 2.984192237549456728e-01 6.484661768864875553e-01 5.271285614377020368e-01 4.709494070864719273e-01 4.886238102613658096e-01 3.276867917483664572e-01 3.419761681360032335e-01 0.000000000000000000e+00 2.463630069330239314e-01 5.301346298022819870e-01 3.191121057066729216e-01 9.365775782537777427e-02 5.381316318700878343e-01 1.148447350283555712e-01 6.237173962102938729e-01 6.225708092863314613e-01
4.815033803974941851e-01 4.337294367122742078e-01 5.586619691411655042e-01 3.492897908448217015e-01 4.366653286278255330e-01 5.042572021490279166e-01 5.560591337911444665e-01 5.161317276496690809e-01 7.084622069182169302e-01 4.260575700480161432e-01 5.222158984230533818e-01 1.383108534315403704e-01 8.235259809809721832e-01 6.134805404453984590e-01 3.877498925983394740e-01 4.471070938534705830e-01 3.734035494067454719e-01 5.178439072100162743e-01 5.976981561202306947e-01 5.875810235144466320e-01 4.791112529843553069e-01 1.216711610433773849e-01 3.614557665465495395e-01 6.562755000150748419e-01 6.819374691528206078e-01 5.529734872344918006e-01 2.463630069330239314e-01 0.000000000000000000e+00 6.829120801332149160e-01 2.698933885370179420e-01 4.483651890645372062e-01 5.887699872447812455e-01 2.724060253479363980e-01 6.817952066001067291e-01 6.726323937996305791e-01
2.654817004668525993e-01 2.163521888990865838e-01 7.550019141808654854e-01 3.887666576051974077e-01 4.232738902643525813e-01 8.622074751262929215e-01 7.788511276269503014e-01 3.152394556781088486e-01 6.098791917542250030e-01 5.550822588334424212e-01 6.801513622985253527e-01 5.313479871045347913e-01 3.702380062891375001e-02 5.209435167179798931e-01 3.133704807504976708e-01 5.894032467157055422e-01 1.345513991140000476e-01 4.729041928185289123e-01 4.475668711798178601e-01 6.264845919445505285e-01 8.655149277177724976e-01 5.442120481098658979e-01 7.957117050088216015e-01 2.539946554755299624e-01 5.220975834254034664e-01 1.610188441208281751e-01 5.301346298022819870e-01 6.829120801332149160e-01 0.000000000000000000e+00 8.323152194899903211e-01 6.130751070827547000e-01 6.282432674723239518e-01 8.333149469095944006e-01 2.265687395218572986e-01 2.740425779777166948e-01
2.338892466969182404e-01 4.575170279323814704e-01 4.712937311094057002e-01 7.252979259501166620e-01 5.632978579370300221e-01 3.037111840281659925e-01 5.971092371528371467e-01 4.744602629170008301e-01 4.756708389114532864e-01 7.273655960624672012e-01 5.028418129548412052e-01 2.636548266187330736e-01 4.593915239117654647e-01 7.487526339171211021e-01 4.726176433697561463e-01 2.996356998184057652e-01 6.497863296621331219e-01 2.514391926721316062e-01 1.755987735777850833e-01 5.231378251129283896e-01 9.175678928903778786e-01 4.156935734167138685e-01 4.570016946562111548e-01 5.648828409728103850e-01 3.389868668756491621e-01 7.493573487204925332e-01 3.191121057066729216e-01 2.698933885370179420e-01 8.323152194899903211e-01 0.000000000000000000e+00 1.363049314005505552e-01 3.195704132750645243e-01 6.295801632935593695e-01 2.810406839734799211e-01 5.865494377529161252e-01
4.136899770247522978e-01 3.978858569863658046e-01 8.926886065707722029e-01 6.775491878376824761e-01 4.469669386744850037e-01 5.729794743977351112e-01 6.215939387629059176e-01 1.631306965509674578e-01 3.710458713441029399e-01 4.555755555373695032e-01 2.698378987862203315e-01 2.142670989977627505e-01 5.278740929781653435e-01 6.469387687581621416e-01 5.193461622470316730e-01 6.538122626188265230e-01 4.056570965095421255e-01 2.220041581583359624e-01 7.389846097500376576e-01 5.990352533466833940e-01 8.451993559668058431e-02 4.729676041392719688e-01 5.736606267300148332e-01 4.517281345785156832e-01 7.753279089531962542e-01 8.371835009928234594e-01 9.365775782537777427e-02 4.483651890645372062e-01 6.130751070827547000e-01 1.363049314005505552e-01 0.000000000000000000e+00 8.458286857409482717e-01 9.748054000585355539e-01 4.427577208778541440e-01 1.993104961068185577e-01
6.833072571948244356e-01 6.204455693013563033e-01 7.062850086929861604e-01 9.111016636647650824e-02 7.806475980629347111e-01 5.327291922773803590e-01 6.850148741020435361e-01 2.387762129000331468e-01 4.779183626159443921e-01 6.866320309611340100e-01 7.785796756848378797e-01 7.851719178723872705e-01 7.259557931104498874e-01 2.362360308883342253e-01 5.777225216000765329e-01 1.545049123136451596e-01 6.449317472704518828e-01 2.292966884336222755e-01 3.013175178633532569e-01 4.429983401043235958e-01 5.889117912201373706e-01 1.219300849503193174e-01 3.985959480975770353e-01 6.662662191511059540e-02 3.868532895850274600e-01 6.789429024381279376e-01 5.381316318700878343e-01 5.887699872447812455e-01 6.282432674723239518e-01 3.195704132750645243e-01 8.458286857409482717e-01 0.000000000000000000e+00 5.779968072797786460e-01 5.548806105838087754e-01 7.501772556967021277e-01
4.074211399105555076e-01 7.156951867688194913e-01 7.975028559707171283e-01 4.756402919413417751e-01 1.751545397179194996e-01 2.379295945401670442e-01 5.865246125248617659e-01 4.035133127557862798e-01 3.394312279835355328e-01 3.336951575814920412e-01 4.711514706373911565e-01 8.044883837707609286e-01 3.509801021198822868e-01 8.095180858122530410e-01 1.588652770423265581e-01 5.005540020292906789e-01 4.837276989268534111e-01 3.419845977629888401e-01 2.799115185038272280e-01 6.695528998291970790e-01 2.600275226033619824e-01 4.805471822444423169e-01 7.416796476471095856e-01 6.924542386900232049e-01 5.642424756371889893e-01 6.226367408626650723e-01 1.148447350283555712e-01 2.724060253479363980e-01 8.333149469095944006e-01 6.295801632935593695e-01 9.748054000585355539e-01 5.779968072797786460e-01 0.000000000000000000e+00 2.740284398253551856e-01 4.464192987405598556e-01
3.559931078488888234e-01 4.187566202991090947e-01 1.510439399577629960e-01 3.363702563986032956e-01 5.521300163406722694e-01 4.466428037828649167e-01 6.271531022896155161e-01 7.433410201223542568e-01 6.326277239657716045e-01 2.807375675809500315e-01 3.447261689676626162e-01 6.716637912854104275e-01 8.480767768529262618e-02 1.975824643442811723e-01 3.136977750376350182e-01 8.708618866838757633e-02 2.582405484111984229e-01 3.571913320684123594e-01 4.826117863958372389e-01 2.776080914998464433e-01 6.478607657674715359e-01 6.012470193509457106e-01 8.584164858971874423e-01 7.675370784192403484e-01 5.833097408050179622e-01 4.664899622547682423e-01 6.237173962102938729e-01 6.817952066001067291e-01 2.265687395218572986e-01 2.810406839734799211e-01 4.427577208778541440e-01 5.548806105838087754e-01 2.740284398253551856e-01 0.000000000000000000e+00 4.155941507631902843e-01
2.866947650777055823e-01 2.273789574575401096e-01 1.690615937128469581e-01 2.794321518319500264e-01 3.492605132020462078e-01 3.098652933891322681e-01 3.453525843023642627e-01 2.082600592153732721e-01 5.080440680419735511e-01 2.449963139003595858e-01 1.852535236957449927e-01 1.960218823416497447e-01 3.802894740386817407e-01 3.555319688262346678e-01 2.721310523408487780e-01 6.885152538403445099e-01 5.572394737028806277e-01 4.243488568364466307e-01 3.355366484953337114e-01 3.589931224908154972e-01 8.079772886816809496e-01 3.453608203861334713e-01 6.680608637747951217e-01 3.393829310341732741e-01 5.288218443337634467e-01 5.079568764535300485e-01 6.225708092863314613e-01 6.726323937996305791e-01 2.740425779777166948e-01 5.865494377529161252e-01 1.993104961068185577e-01 7.501772556967021277e-01 4.464192987405598556e-01 4.155941507631902843e-01 0.000000000000000000e+00
