0.000000000000000000e+00 8.418238305075457228e-01 5.309028990828865702e-01 4.975584093923874351e-01 7.639822508988269867e-01 8.758738745445828755e-01 7.826549551310191255e-01 1.332302287066626789e-01 4.257983513857325764e-01 8.144477050928554673e-01 3.095143725729474493e-01 6.118694440734566697e-01 5.870105152928093428e-01 5.708352624914425633e-01 3.752606442287228505e-01 1.160894530634326016e-01 2.702216004038917596e-01 8.799841670771998414e-01 1.944305931984879054e-01 3.015784170895575711e-01 4.146573291524474625e-01 5.810631976241541485e-01 4.480877808575601806e-01 6.779556006061505657e-01 8.608449112224932920e-01 3.460131774635001323e-01 6.506825498028101507e-01 5.931917361823474399e-01 6.415923893361198393e-01 2.525286104857596969e-01 4.831819619090408913e-01 3.993603935227536539e-01 1.955843826161259846e-01 4.761491399960710580e-01 2.486959493277648980e-01
8.418238305075457228e-01 0.000000000000000000e+00 4.720409408913237015e-01 3.044373984964180990e-01 6.059133050798014564e-01 3.933063841299375696e-01 2.524739328775489344e-01 4.030553280880248002e-01 4.994170647749304748e-01 4.481542498878691716e-01 3.794925665277339988e-01 8.103117730663123019e-01 4.674718694009233344e-01 9.159165670074691512e-01 4.230664695138607323e-01 3.779245770130809090e-01 7.653201909444047324e-01 9.944778519821462215e-02 4.664559992200304483e-01 8.247608186736701263e-01 1.189534150395850087e-01 1.374718024595911192e-01 1.869803989651332987e-01 3.739661202489394376e-01 4.715709581455707067e-01 4.880773611227879893e-01 3.404995938067753025e-01 4.480794839865615553e-01 6.353473552454773632e-01 6.434558059135525587e-02 5.326334071267930792e-01 4.493138434875555420e-01 6.183904831299168459e-01 5.093972905631564130e-01 7.577736693329683026e-01
5.309028990828865702e-01 4.720409408913237015e-01 0.000000000000000000e+00 4.314497185730468143e-01 2.700477704508250643e-01 7.061662346766215403e-01 2.382603384547243852e-01 3.493580621406743858e-01 4.123593434806617219e-01 4.021488871842469059e-01 7.334263623484493788e-01 8.440702797078805109e-01 3.069897496004928561e-01 1.686725234008854546e-01 2.800758009161038453e-01 7.800551578944977527e-01 4.262979734679330779e-01 9.719241283050543689e-01 2.786723865006187628e-01 1.998903138496916920e-01 4.661260331417614866e-01 5.182185474911333856e-01 6.037726995841568023e-01 6.918579166735514541e-01 4.025164248656326049e-01 9.069761309830154383e-02 7.538708611924904712e-01 4.972818160567871737e-01 5.869803903139472201e-01 5.233142319654169317e-01 4.457256666656100874e-01 5.080612417074819032e-01 5.962879234354361291e-01 8.613200200269187645e-01 4.909095458006986767e-01
4.975584093923874351e-01 3.044373984964180990e-01 4.314497185730468143e-01 0.000000000000000000e+00 4.865005357225425930e-01 9.277766370816769026e-01 8.938817764794775300e-01 5.205105230078501677e-01 5.372462866262850412e-01 5.446733524777900293e-01 3.612449531585449902e-01 8.185818978722601003e-01 8.449160121545296054e-01 2.550840707187772560e-01 4.190521146398926144e-01 4.212356473249593281e-01 4.918886319968133192e-01 8.003062038169816983e-01 6.724716934815033742e-01 8.337846763660794469e-01 5.999479574772933477e-01 4.025662797725540476e-01 5.134632031815540287e-01 8.004504974457817834e-01 6.001819591071344551e-01 2.779557645666856924e-01 5.516679808064486323e-01 4.589255356625707716e-01 7.833206840546443894e-01 6.133978601833877109e-01 3.037496232285321063e-01 6.954890438802913133e-01 2.504698339822261643e-01 1.319867395091265383e-01 6.641318777715838895e-01
7.639822508988269867e-01 6.059133050798014564e-01 2.700477704508250643e-01 4.865005357225425930e-01 0.000000000000000000e+00 4.105264261685434568e-01 3.741795460090954206e-01 5.920831452313624066e-01 5.790240375728230582e-01 8.986367279035532007e-01 1.868685376018929256e-01 6.747658497322952531e-01 8.968587355649804138e-01 9.532301531131865957e-01 4.191531939334739998e-01 2.111567240483054331e-01 4.718551742339069377e-01 5.033341136788782588e-01 3.191889404381541562e-01 3.814692106441768815e-01 1.882674597648932302e-01 1.278132005907000046e-01 7.138446095473978126e-01 6.847538567761163320e-01 7.166052145996804068e-01 6.848822907981548802e-01 3.651992676598010412e-01 2.665867605450081834e-01 5.184450653741982107e-01 4.017910274707324203e-01 4.704725086936436540e-01 4.545120857513004209e-01 6.831799977374652943e-01 4.018645372390700077e-01 6.609602963371614681e-01
8.758738745445828755e-01 3.933063841299375696e-01 7.061662346766215403e-01 9.277766370816769026e-01 4.105264261685434568e-01 0.000000000000000000e+00 4.912870591538199272e-01 6.559109662123250306e-01 1.934189997022181529e-01 7.594046891573640323e-01 7.093824625194743438e-01 3.199223887922478249e-01 5.275294039001485746e-01 8.031223880209077404e-01 5.995020146974834319e-01 6.970313214513261801e-01 4.311425329453488775e-01 5.174543398402593475e-01 3.623076510336543654e-01 3.106377082706291981e-01 3.876835466283392595e-01 3.796543107791520155e-01 6.807134359051902894e-01 6.570090805537929235e-01 8.472925779235371824e-01 4.627436181509220203e-01 3.942137282249026931e-01 3.787199209292045898e-01 5.346420927366497544e-01 2.465231166943622765e-01 7.041938047759765951e-01 6.647763784020754851e-01 2.839843229347133180e-01 9.027284859099002912e-01 3.540307323571870723e-01
7.826549551310191255e-01 2.524739328775489344e-01 2.382603384547243852e-01 8.938817764794775300e-01 3.741795460090954206e-01 4.912870591538199272e-01 0.000000000000000000e+00 3.037561741379828373e-01 4.228690679940838026e-01 2.114109753832265071e-01 5.270511462584037687e-01 5.542696015566888068e-01 5.653221755090056533e-01 2.370816407261420178e-01 2.487319026602021477e-01 2.984362413964861682e-01 9.343455584443294271e-01 3.583951595228483944e-01 1.251439645685544777e-01 7.502861914046130565e-01 3.514362518019272796e-01 3.913828872516679214e-01 6.074850549699822855e-01 2.252252653882794164e-01 7.258452854336255866e-01 7.753658609768967480e-01 1.639669885460566245e-01 4.708831494188315259e-01 6.020520068412499315e-01 8.405438557327791216e-01 7.810171911248726673e-01 7.293199261962097779e-01 3.881162751478545725e-01 8.195316476459568733e-02 3.951838970790287342e-01
1.332302287066626789e-01 4.030553280880248002e-01 3.493580621406743858e-01 5.205105230078501677e-01 5.920831452313624066e-01 6.559109662123250306e-01 3.037561741379828373e-01 0.000000000000000000e+00 2.935037420542138675e-01 5.528767311287677844e-01 3.787012207882444192e-01 8.612743243738262278e-01 5.414882629838079220e-01 1.480841357085325161e-01 4.830618601363483311e-01 2.036437456474950447e-01 4.548050229272995182e-01 2.382017351445188391e-01 6.296032018967501198e-01 4.189697033506474266e-01 3.919878905617941167e-01 2.448822959398599952e-01 4.472689779653897801e-01 5.543057054111560911e-01 4.357970175449583650e-01 4.026876968114101452e-01 7.355832844113847635e-01 8.519396898098916537e-01 3.150885370071458969e-01 3.826395244288004482e-01 3.793952985468777572e-01 6.589255193016554379e-01 4.227756691388330212e-01 1.750232290496748222e-01 3.317406417554199516e-01
4.257983513857325764e-01 4.994170647749304748e-01 4.123593434806617219e-01 5.372462866262850412e-01 5.790240375728230582e-01 1.934189997022181529e-01 4.228690679940838026e-01 2.935037420542138675e-01 0.000000000000000000e+00 5.756553183841330856e-01 4.331666559488563939e-01 8.583382571499633684e-01 4.208845739539883724e-01 8.444572910128487209e-01 6.241569119206150651e-01 6.000324612948797487e-01 5.109702685544066370e-01 2.248625364624332046e-01 5.254648334529157250e-01 3.676506100710577041e-01 7.578042136743452506e-01 5.442389958251898641e-01 6.743427579358709512e-01 5.205367076680263994e-01 6.468316160797682457e-03 2.706326746323893806e-01 5.202240805774109855e-01 4.772263308911380841e-01 6.300771002293271694e-01 5.319211451231333765e-01 7.872088411922717466e-01 4.188430357990020059e-01 3.422307800055883753e-01 4.876421865732657457e-01 8.669856728474334417e-02
8.144477050928554673e-01 4.481542498878691716e-01 4.021488871842469059e-01 5.446733524777900293e-01 8.986367279035532007e-01 7.594046891573640323e-01 2.114109753832265071e-01 5.528767311287677844e-01 5.756553183841330856e-01 0.000000000000000000e+00 6.024201305274223817e-01 6.888542837612092740e-01 8.163524672376250013e-01 4.690980715796983502e-01 7.763925796798663015e-01 6.013807795668383305e-01 3.891002569043303660e-01 5.392953258657018356e-01 3.668451735749202469e-01 8.532911439871952997e-01 6.157202359719546880e-01 6.729887107660401657e-01 7.226178859543954669e-01 5.393413203197283678e-01 4.023705788623598845e-01 8.447437705583019651e-01 5.918612686473172513e-01 4.088635351154105146e-01 4.256117259516861151e-01 1.259650732941620666e-01 5.253691934820985399e-01 4.416249248032387831e-01 7.382125708212246007e-01 6.682851705810860521e-01 5.268654352079686909e-01
3.095143725729474493e-01 3.794925665277339988e-01 7.334263623484493788e-01 3.612449531585449902e-01 1.868685376018929256e-01 7.093824625194743438e-01 5.270511462584037687e-01 3.787012207882444192e-01 4.331666559488563939e-01 6.024201305274223817e-01 0.000000000000000000e+00 7.872892454726097000e-01 7.770382299688307626e-01 9.977458518778359320e-02 1.699461506726429594e-01 8.037809338317722929e-01 4.695226879738162995e-01 5.613182185479100861e-01 8.850498196474638757e-01 8.589161474795743434e-01 5.969254331532155566e-01 6.931587224686448501e-01 3.720987856290520757e-01 5.564636173647472539e-01 1.806697036589949845e-01 5.375506403876454398e-01 6.640645603792019180e-01 5.266670280961042172e-01 5.891291158130375072e-01 4.427199275673611156e-01 6.400291008718199670e-01 7.796593574000614257e-01 4.944427547019298319e-01 6.951400385027646234e-01 6.760595202100416756e-01
6.118694440734566697e-01 8.103117730663123019e-01 8.440702797078805109e-01 8.185818978722601003e-01 6.747658497322952531e-01 3.199223887922478249e-01 5.542696015566888068e-01 8.612743243738262278e-01 8.583382571499633684e-01 6.888542837612092740e-01 7.872892454726097000e-01 0.000000000000000000e+00 4.774832878251107360e-01 2.844664842361458446e-01 5.300466212250070086e-01 6.276219937650231451e-01 8.289305271017808341e-01 4.659519014315243735e-01 4.196040859940903811e-01 5.897055128243962052e-01 7.602872506040457834e-01 5.685836104274031300e-01 7.422328335907802943e-01 5.601263256731129347e-01 5.899390348967976649e-01 3.430415868221853293e-01 6.137414315512756957e-01 9.469963437060417988e-01 1.104885091372997952e-01 2.130603253060169289e-01 5.444161101994405838e-01 9.103073096782152707e-01 2.966368272329599209e-01 5.536190456108868174e-01 6.341111978375963965e-01
5.870105152928093428e-01 4.674718694009233344e-01 3.069897496004928561e-01 8.449160121545296054e-01 8.968587355649804138e-01 5.275294039001485746e-01 5.653221755090056533e-01 5.414882629838079220e-01 4.208845739539883724e-01 8.163524672376250013e-01 7.770382299688307626e-01 4.774832878251107360e-01 0.000000000000000000e+00 3.612771913518165179e-01 6.944468563524942573e-01 4.645025504311635078e-01 2.497592984795845017e-01 7.616397924442908085e-01 5.322443277828152741e-01 7.364154675855867360e-01 6.235082688790936079e-01 1.550259280276314322e-01 6.455331564329570559e-01 4.262221193264051911e-01 5.498195315075833367e-01 6.715167353100377490e-01 6.549279473558464737e-01 7.518220243212296872e-01 5.740182562252353904e-01 3.168228270315374129e-01 4.756079231176473798e-01 2.952200978899255368e-01 5.702364153866047447e-01 6.969953961781114593e-01 6.323687318663381296e-01
5.708352624914425633e-01 9.159165670074691512e-01 1.686725234008854546e-01 2.550840707187772560e-01 9.532301531131865957e-01 8.031223880209077404e-01 2.370816407261420178e-01 1.480841357085325161e-01 8.444572910128487209e-01 4.690980715796983502e-01 9.977458518778359320e-02 2.844664842361458446e-01 3.612771913518165179e-01 0.000000000000000000e+00 6.552596851708808456e-01 5.338523724503476675e-01 8.767618011654636501e-01 4.487535147987317119e-01 5.528719852842371996e-01 6.602487629529802948e-01 4.639428971910294908e-01 7.300757539604297852e-01 3.118499148709427127e-01 7.204488646633286919e-01 4.571341714982842253e-01 3.487513960842851812e-01 4.853695343703635090e-01 1.694471411211803114e-01 1.128209043638108144e-01 4.476045659386762576e-01 6.735288656509405003e-01 4.119893942632377182e-01 6.630953916740234266e-01 7.909100174646994663e-01 4.166429651385267219e-01
3.752606442287228505e-01 4.230664695138607323e-01 2.800758009161038453e-01 4.190521146398926144e-01 4.191531939334739998e-01 5.995020146974834319e-01 2.487319026602021477e-01 4.830618601363483311e-01 6.241569119206150651e-01 7.763925796798663015e-01 1.699461506726429594e-01 5.300466212250070086e-01 6.944468563524942573e-01 6.552596851708808456e-01 0.000000000000000000e+00 5.690090625183232831e-01 8.218651310661945208e-02 5.484667809438537045e-01 2.494319904490438500e-01 4.292515259086274737e-01 7.422401076629772110e-01 3.687455717472477579e-01 9.881486383506172810e-01 2.780572650455872541e-01 4.555852371698277392e-01 2.670339539979080246e-01 5.308059488964040895e-01 3.089399145691782422e-01 7.777702441881567674e-01 9.837722300088822536e-01 3.679464296888212971e-02 5.029881112641605423e-01 7.276111669546677652e-01 6.408382880874550214e-01 6.149518271100964384e-01
1.160894530634326016e-01 3.779245770130809090e-01 7.800551578944977527e-01 4.212356473249593281e-01 2.111567240483054331e-01 6.970313214513261801e-01 2.984362413964861682e-01 2.036437456474950447e-01 6.000324612948797487e-01 6.013807795668383305e-01 8.037809338317722929e-01 6.276219937650231451e-01 4.645025504311635078e-01 5.338523724503476675e-01 5.690090625183232831e-01 0.000000000000000000e+00 8.747682944688739415e-02 7.555329709778804137e-01 7.005042805381255233e-01 5.888850374746417149e-01 3.463385090035643321e-01 5.932994892361338479e-01 2.646889827658052141e-01 1.886285567137382380e-01 6.286740534758039622e-01 5.802396222103293200e-01 1.411036868637512987e-01 1.571067645925822154e-01 4.502283588178559448e-01 5.926617357320904667e-01 5.294438889140877791e-01 8.694080605150151797e-01 3.715454243898693165e-01 5.704928763536672998e-01 5.632529965647647963e-01
2.702216004038917596e-01 7.653201909444047324e-01 4.262979734679330779e-01 4.918886319968133192e-01 4.718551742339069377e-01 4.311425329453488775e-01 9.343455584443294271e-01 4.548050229272995182e-01 5.109702685544066370e-01 3.891002569043303660e-01 4.695226879738162995e-01 8.289305271017808341e-01 2.497592984795845017e-01 8.767618011654636501e-01 8.218651310661945208e-02 8.747682944688739415e-02 0.000000000000000000e+00 2.383401585310481741e-01 4.564642042947101852e-01 2.300971768011720320e-01 7.883045851210113142e-01 8.464644626388160287e-01 6.408827883320279417e-01 2.047496682243699073e-01 4.453006460960790003e-01 4.688722652305784000e-01 6.160263216270591702e-01 3.164261771532746459e-01 9.393779173642702318e-02 6.265709870369521317e-01 7.650425664547249038e-01 5.085948463401133157e-01 5.141512124237535009e-01 5.416098107874398604e-01 6.437334043747434675e-01
8.799841670771998414e-01 9.944778519821462215e-02 9.719241283050543689e-01 8.003062038169816983e-01 5.033341136788782588e-01 5.174543398402593475e-01 3.583951595228483944e-01 2.382017351445188391e-01 2.248625364624332046e-01 5.392953258657018356e-01 5.613182185479100861e-01 4.659519014315243735e-01 7.616397924442908085e-01 4.487535147987317119e-01 5.484667809438537045e-01 7.555329709778804137e-01 2.383401585310481741e-01 0.000000000000000000e+00 4.207695636050557408e-01 2.875820475866435189e-01 3.518797259459081062e-01 4.677707970326120401e-01 5.441838478108451671e-01 3.814297001927528519e-01 7.030252271344810122e-01 6.086850445982855407e-01 8.124820701648929333e-01 7.440593984951722195e-01 4.508265005195175590e-01 9.578765182945756518e-01 6.078481186958557547e-01 6.585490046061009961e-01 5.265090530340320596e-01 8.896340117727591368e-01 2.944942281028404274e-01
1.944305931984879054e-01 4.664559992200304483e-01 2.786723865006187628e-01 6.724716934815033742e-01 3.191889404381541562e-01 3.623076510336543654e-01 1.251439645685544777e-01 6.296032018967501198e-01 5.254648334529157250e-01 3.668451735749202469e-01 8.850498196474638757e-01 4.196040859940903811e-01 5.322443277828152741e-01 5.528719852842371996e-01 2.494319904490438500e-01 7.005042805381255233e-01 4.564642042947101852e-01 4.207695636050557408e-01 0.000000000000000000e+00 7.232492129143346382e-01 5.422734351105196193e-01 7.440081985586670665e-01 5.197485514204902568e-01 2.558915568209031988e-01 4.754609057746689293e-01 4.968594335826497232e-01 5.816537289783935138e-01 5.194491529541511721e-01 5.517965312524820698e-01 7.449524375113805164e-01 7.172889695026011259e-01 5.102327393132441991e-01 1.501216786812831216e-01 6.916604702081285971e-01 4.558344631925853596e-01
3.015784170895575711e-01 8.247608186736701263e-01 1.998903138496916920e-01 8.337846763660794469e-01 3.814692106441768815e-01 3.106377082706291981e-01 7.502861914046130565e-01 4.189697033506474266e-01 3.676506100710577041e-01 8.532911439871952997e-01 8.589161474795743434e-01 5.897055128243962052e-01 7.364154675855867360e-01 6.602487629529802948e-01 4.292515259086274737e-01 5.888850374746417149e-01 2.300971768011720320e-01 2.875820475866435189e-01 7.232492129143346382e-01 0.000000000000000000e+00 8.907305903199804753e-01 6.854204992500700921e-02 3.584140288109097794e-01 5.144588739370670183e-01 5.281326447111667211e-01 5.133230136017949974e-01 4.012278397837093502e-01 6.411631952542156121e-01 4.031278434267272504e-01 3.453996944086443754e-01 8.499891125695224758e-01 6.143478787487133275e-01 3.840261771217510223e-01 8.365376728950477681e-01 3.840417936908417929e-01
4.146573291524474625e-01 1.189534150395850087e-01 4.661260331417614866e-01 5.999479574772933477e-01 1.882674597648932302e-01 3.876835466283392595e-01 3.514362518019272796e-01 3.919878905617941167e-01 7.578042136743452506e-01 6.157202359719546880e-01 5.969254331532155566e-01 7.602872506040457834e-01 6.235082688790936079e-01 4.639428971910294908e-01 7.422401076629772110e-01 3.463385090035643321e-01 7.883045851210113142e-01 3.518797259459081062e-01 5.422734351105196193e-01 8.907305903199804753e-01 0.000000000000000000e+00 3.957174130958022173e-01 5.461213813332086442e-01 3.685785380892095398e-01 8.504370856715111060e-01 1.413065034740522696e-01 4.036079223622098811e-01 4.987093966332183381e-01 6.546094103446931101e-01 8.838668058700718255e-01 5.399926235936038932e-01 3.826924468817792802e-01 3.888161192801569133e-01 5.850030172619196112e-01 5.616595754776887439e-01
5.810631976241541485e-01 1.374718024595911192e-01 5.182185474911333856e-01 4.025662797725540476e-01 1.278132005907000046e-01 3.796543107791520155e-01 3.913828872516679214e-01 2.448822959398599952e-01 5.442389958251898641e-01 6.729887107660401657e-01 6.931587224686448501e-01 5.685836104274031300e-01 1.550259280276314322e-01 7.300757539604297852e-01 3.687455717472477579e-01 5.932994892361338479e-01 8.464644626388160287e-01 4.677707970326120401e-01 7.440081985586670665e-01 6.854204992500700921e-02 3.957174130958022173e-01 0.000000000000000000e+00 7.996451422226007466e-01 5.099725877373331162e-01 6.741650254552078447e-01 4.532324582165664362e-01 8.917669617205878918e-01 2.938984423665659262e-01 9.507389990316226225e-01 3.729537794922985205e-01 5.176715938531065708e-01 6.114687299550507493e-01 4.968063370705432247e-01 5.483920415764429457e-01 4.355689302212167879e-01
4.480877808575601806e-01 1.869803989651332987e-01 6.037726995841568023e-01 5.134632031815540287e-01 7.138446095473978126e-01 6.807134359051902894e-01 6.074850549699822855e-01 4.472689779653897801e-01 6.743427579358709512e-01 7.226178859543954669e-01 3.720987856290520757e-01 7.422328335907802943e-01 6.455331564329570559e-01 3.118499148709427127e-01 9.881486383506172810e-01 2.646889827658052141e-01 6.408827883320279417e-01 5.441838478108451671e-01 5.197485514204902568e-01 3.584140288109097794e-01 5.461213813332086442e-01 7.996451422226007466e-01 0.000000000000000000e+00 5.711360012207464809e-01 9.084137322953589333e-01 4.921896753960283144e-01 4.653169792804243143e-01 6.716088476870469837e-01 4.932494367896730902e-01 2.485832651161213880e-01 4.448937079473543332e-01 2.121003714068800394e-01 9.068102186154860522e-01 9.895443926452707206e-02 7.368258627301298436e-01
6.779556006061505657e-01 3.739661202489394376e-01 6.918579166735514541e-01 8.004504974457817834e-01 6.847538567761163320e-01 6.570090805537929235e-01 2.252252653882794164e-01 5.543057054111560911e-01 5.205367076680263994e-01 5.393413203197283678e-01 5.564636173647472539e-01 5.601263256731129347e-01 4.262221193264051911e-01 7.204488646633286919e-01 2.780572650455872541e-01 1.886285567137382380e-01 2.047496682243699073e-01 3.814297001927528519e-01 2.558915568209031988e-01 5.144588739370670183e-01 3.685785380892095398e-01 5.099725877373331162e-01 5.711360012207464809e-01 0.000000000000000000e+00 9.066229664716758396e-01 8.802749946359251787e-01 7.745410608710556755e-01 4.631827392238956342e-01 5.006110680131889978e-01 9.165315655655621452e-01 4.613860011021742591e-01 3.478829543598510043e-01 8.010105124991707681e-01 7.988368941727135297e-01 4.381600641969886634e-01
8.608449112224932920e-01 4.715709581455707067e-01 4.025164248656326049e-01 6.001819591071344551e-01 7.166052145996804068e-01 8.472925779235371824e-01 7.258452854336255866e-01 4.357970175449583650e-01 6.468316160797682457e-03 4.023705788623598845e-01 1.806697036589949845e-01 5.899390348967976649e-01 5.498195315075833367e-01 4.571341714982842253e-01 4.555852371698277392e-01 6.286740534758039622e-01 4.453006460960790003e-01 7.030252271344810122e-01 4.754609057746689293e-01 5.281326447111667211e-01 8.504370856715111060e-01 6.741650254552078447e-01 9.084137322953589333e-01 9.066229664716758396e-01 0.000000000000000000e+00 4.533053861630552683e-01 3.477501190941903464e-01 8.287731801807878274e-01 5.165633855554634390e-01 4.605935941359846075e-01 6.908322495365564198e-01 4.440911678380876637e-01 2.957603372845856171e-01 4.086094547961227619e-01 1.814879805583990424e-01
3.460131774635001323e-01 4.880773611227879893e-01 9.069761309830154383e-02 2.779557645666856924e-01 6.848822907981548802e-01 4.627436181509220203e-01 7.753658609768967480e-01 4.026876968114101452e-01 2.706326746323893806e-01 8.447437705583019651e-01 5.375506403876454398e-01 3.430415868221853293e-01 6.715167353100377490e-01 3.487513960842851812e-01 2.670339539979080246e-01 5.802396222103293200e-01 4.688722652305784000e-01 6.086850445982855407e-01 4.968594335826497232e-01 5.133230136017949974e-01 1.413065034740522696e-01 4.532324582165664362e-01 4.921896753960283144e-01 8.802749946359251787e-01 4.533053861630552683e-01 0.000000000000000000e+00 6.071181138003451938e-01 5.200850364382811897e-01 4.210553927225784143e-01 4.370109560861146214e-01 7.025971597681134329e-01 4.672360152603070027e-01 3.494851124527202924e-01 3.438637649964501053e-01 7.073578776782902811e-01
6.506825498028101507e-01 3.404995938067753025e-01 7.538708611924904712e-01 5.516679808064486323e-01 3.651992676598010412e-01 3.942137282249026931e-01 1.639669885460566245e-01 7.355832844113847635e-01 5.202240805774109855e-01 5.918612686473172513e-01 6.640645603792019180e-01 6.137414315512756957e-01 6.549279473558464737e-01 4.853695343703635090e-01 5.308059488964040895e-01 1.411036868637512987e-01 6.160263216270591702e-01 8.124820701648929333e-01 5.816537289783935138e-01 4.012278397837093502e-01 4.036079223622098811e-01 8.917669617205878918e-01 4.653169792804243143e-01 7.745410608710556755e-01 3.477501190941903464e-01 6.071181138003451938e-01 0.000000000000000000e+00 6.935328976404253609e-01 5.597989847700185484e-01 2.238515309307732570e-01 3.024827247582536072e-01 5.195966377076264298e-01 2.772010821883829079e-01 5.632980916821550554e-01 4.508486675514716269e-01
5.931917361823474399e-01 4.480794839865615553e-01 4.972818160567871737e-01 4.589255356625707716e-01 2.665867605450081834e-01 3.787199209292045898e-01 4.708831494188315259e-01 8.519396898098916537e-01 4.772263308911380841e-01 4.088635351154105146e-01 5.266670280961042172e-01 9.469963437060417988e-01 7.518220243212296872e-01 1.694471411211803114e-01 3.089399145691782422e-01 1.571067645925822154e-01 3.164261771532746459e-01 7.440593984951722195e-01 5.194491529541511721e-01 6.411631952542156121e-01 4.987093966332183381e-01 2.938984423665659262e-01 6.716088476870469837e-01 4.631827392238956342e-01 8.287731801807878274e-01 5.200850364382811897e-01 6.935328976404253609e-01 0.000000000000000000e+00 7.312000527539804784e-01 5.543911956502783900e-01 5.917227846393882107e-01 8.915483161203106022e-01 5.943764393875540231e-01 9.573030476208790329e-01 2.471259077689311190e-01
6.415923893361198393e-01 6.353473552454773632e-01 5.869803903139472201e-01 7.833206840546443894e-01 5.184450653741982107e-01 5.346420927366497544e-01 6.020520068412499315e-01 3.150885370071458969e-01 6.300771002293271694e-01 4.256117259516861151e-01 5.891291158130375072e-01 1.104885091372997952e-01 5.740182562252353904e-01 1.128209043638108144e-01 7.777702441881567674e-01 4.502283588178559448e-01 9.393779173642702318e-02 4.508265005195175590e-01 5.517965312524820698e-01 4.031278434267272504e-01 6.546094103446931101e-01 9.507389990316226225e-01 4.932494367896730902e-01 5.006110680131889978e-01 5.165633855554634390e-01 4.210553927225784143e-01 5.597989847700185484e-01 7.312000527539804784e-01 0.000000000000000000e+00 2.186057437967869888e-01 4.297994188427865514e-01 6.237685795940105526e-01 4.079671736671713900e-01 8.523146720583268943e-01 8.028949987487055129e-01
2.525286104857596969e-01 6.434558059135525587e-02 5.233142319654169317e-01 6.133978601833877109e-01 4.017910274707324203e-01 2.465231166943622765e-01 8.405438557327791216e-01 3.826395244288004482e-01 5.319211451231333765e-01 1.259650732941620666e-01 4.427199275673611156e-01 2.130603253060169289e-01 3.168228270315374129e-01 4.476045659386762576e-01 9.837722300088822536e-01 5.926617357320904667e-01 6.265709870369521317e-01 9.578765182945756518e-01 7.449524375113805164e-01 3.453996944086443754e-01 8.838668058700718255e-01 3.729537794922985205e-01 2.485832651161213880e-01 9.165315655655621452e-01 4.605935941359846075e-01 4.370109560861146214e-01 2.238515309307732570e-01 5.543911956502783900e-01 2.186057437967869888e-01 0.000000000000000000e+00 5.588017904377668987e-01 5.946891990848172105e-01 3.858355017305705736e-01 4.810219989902566606e-01 8.694698950363546341e-01
4.831819619090408913e-01 5.326334071267930792e-01 4.457256666656100874e-01 3.037496232285321063e-01 4.704725086936436540e-01 7.041938047759765951e-01 7.810171911248726673e-01 3.793952985468777572e-01 7.872088411922717466e-01 5.253691934820985399e-01 6.400291008718199670e-01 5.444161101994405838e-01 4.756079231176473798e-01 6.735288656509405003e-01 3.679464296888212971e-02 5.294438889140877791e-01 7.650425664547249038e-01 6.078481186958557547e-01 7.172889695026011259e-01 8.499891125695224758e-01 5.399926235936038932e-01 5.176715938531065708e-01 4.448937079473543332e-01 4.613860011021742591e-01 6.908322495365564198e-01 7.025971597681134329e-01 3.024827247582536072e-01 5.917227846393882107e-01 4.297994188427865514e-01 5.588017904377668987e-01 0.000000000000000000e+00 4.016778415473584163e-01 6.288944823494451164e-01 2.990998051609493613e-01 4.606892635554046267e-01
3.993603935227536539e-01 4.493138434875555420e-01 5.080612417074819032e-01 6.954890438802913133e-01 4.545120857513004209e-01 6.647763784020754851e-01 7.293199261962097779e-01 6.589255193016554379e-01 4.188430357990020059e-01 4.416249248032387831e-01 7.796593574000614257e-01 9.103073096782152707e-01 2.952200978899255368e-01 4.119893942632377182e-01 5.029881112641605423e-01 8.694080605150151797e-01 5.085948463401133157e-01 6.585490046061009961e-01 5.102327393132441991e-01 6.143478787487133275e-01 3.826924468817792802e-01 6.114687299550507493e-01 2.121003714068800394e-01 3.478829543598510043e-01 4.440911678380876637e-01 4.672360152603070027e-01 5.195966377076264298e-01 8.915483161203106022e-01 6.237685795940105526e-01 5.946891990848172105e-01 4.016778415473584163e-01 0.000000000000000000e+00 4.811366185363623593e-01 2.512008025932221389e-01 4.505409079698291519e-01
1.955843826161259846e-01 6.183904831299168459e-01 5.962879234354361291e-01 2.504698339822261643e-01 6.831799977374652943e-01 2.839843229347133180e-01 3.881162751478545725e-01 4.227756691388330212e-01 3.422307800055883753e-01 7.382125708212246007e-01 4.944427547019298319e-01 2.966368272329599209e-01 5.702364153866047447e-01 6.630953916740234266e-01 7.276111669546677652e-01 3.715454243898693165e-01 5.141512124237535009e-01 5.265090530340320596e-01 1.501216786812831216e-01 3.840261771217510223e-01 3.888161192801569133e-01 4.968063370705432247e-01 9.068102186154860522e-01 8.010105124991707681e-01 2.957603372845856171e-01 3.494851124527202924e-01 2.772010821883829079e-01 5.943764393875540231e-01 4.079671736671713900e-01 3.858355017305705736e-01 6.288944823494451164e-01 4.811366185363623593e-01 0.000000000000000000e+00 3.334379989575188552e-01 1.852546843609284566e-01
4.761491399960710580e-01 5.093972905631564130e-01 8.613200200269187645e-01 1.319867395091265383e-01 4.018645372390700077e-01 9.027284859099002912e-01 8.195316476459568733e-02 1.750232290496748222e-01 4.876421865732657457e-01 6.682851705810860521e-01 6.951400385027646234e-01 5.536190456108868174e-01 6.969953961781114593e-01 7.909100174646994663e-01 6.408382880874550214e-01 5.704928763536672998e-01 5.416098107874398604e-01 8.896340117727591368e-01 6.916604702081285971e-01 8.365376728950477681e-01 5.850030172619196112e-01 5.483920415764429457e-01 9.895443926452707206e-02 7.988368941727135297e-01 4.086094547961227619e-01 3.438637649964501053e-01 5.632980916821550554e-01 9.573030476208790329e-01 8.523146720583268943e-01 4.810219989902566606e-01 2.990998051609493613e-01 2.512008025932221389e-01 3.334379989575188552e-01 0.000000000000000000e+00 4.709163604528209257e-01
2.486959493277648980e-01 7.577736693329683026e-01 4.909095458006986767e-01 6.641318777715838895e-01 6.609602963371614681e-01 3.540307323571870723e-01 3.951838970790287342e-01 3.317406417554199516e-01 8.669856728474334417e-02 5.268654352079686909e-01 6.760595202100416756e-01 6.341111978375963965e-01 6.323687318663381296e-01 4.166429651385267219e-01 6.149518271100964384e-01 5.632529965647647963e-01 6.437334043747434675e-01 2.944942281028404274e-01 4.558344631925853596e-01 3.840417936908417929e-01 5.616595754776887439e-01 4.355689302212167879e-01 7.368258627301298436e-01 4.381600641969886634e-01 1.814879805583990424e-01 7.073578776782902811e-01 4.508486675514716269e-01 2.471259077689311190e-01 8.028949987487055129e-01 8.694698950363546341e-01 4.606892635554046267e-01 4.505409079698291519e-01 1.852546843609284566e-01 4.709163604528209257e-01 0.000000000000000000e+00
