0.000000000000000000e+00 6.515769700384583807e-01 8.785242670907857931e-01 6.013767433796226580e-01 9.237438954182771722e-01 6.529004034053370598e-01 7.455689418370974320e-01 6.973274708671504118e-01 5.431744634884907441e-01 4.697525333850015028e-01 7.456229474955955450e-01 5.542228985366293159e-01 4.135881277864313921e-01 8.131641079580298470e-01 3.353663999626296244e-01 4.709895574441965160e-01 2.975123941434785202e-01 1.736592814445040434e-01 7.373887059024215596e-01 4.578186384217788341e-01 7.751386000928475184e-01 3.967111488065332425e-01 8.151318913362055607e-01 5.703130927289867813e-01 3.977862626214466735e-01 7.981967310713899977e-01 6.181404429238323006e-01 4.356557181331731643e-01 7.494203308122187046e-01 7.933131787841378735e-01 8.346543649279268839e-01 3.579344814903774319e-01 3.824152992380164262e-01 5.962176042417524080e-01 6.435072910093797560e-01
6.515769700384583807e-01 0.000000000000000000e+00 5.234154103676058600e-01 6.727619314108347348e-01 3.716404881473305832e-01 4.540643905010789960e-01 5.505578077607558019e-01 8.212445677118311860e-01 7.600435713402871052e-01 7.683784424796156198e-01 8.461699136860619808e-01 4.971721760936806400e-01 5.633776292052683488e-01 4.056550462821499892e-01 3.883704786244988605e-01 4.592263388531627744e-01 4.350360038575467603e-01 5.491847288697195850e-01 9.236180454346025748e-01 5.134293763215280748e-01 5.666960691150325635e-01 5.749728055704632634e-01 4.230149073682662464e-01 4.942855409721745863e-01 8.119518483162024847e-02 5.341685717160860047e-01 3.640988509061744982e-01 7.596491639322895395e-01 2.796470989845912802e-01 6.911357487938831756e-01 7.304025236676592314e-02 2.911743652194903054e-01 5.178349013875442886e-01 3.807114365826629876e-01 8.617541962910861830e-01
8.785242670907857931e-01 5.234154103676058600e-01 0.000000000000000000e+00 4.622547626420440148e-01 5.140892244695258739e-01 1.215158279487176252e-01 8.371874636870686448e-01 5.171728387864416021e-01 2.260093349331094847e-01 3.611907093770877486e-01 3.115788739238390948e-01 3.511456211261237970e-01 4.834458046883945981e-01 1.172617739686506733e-01 6.651798648475581999e-01 6.554229717490311913e-01 3.959593714802065456e-01 8.478798521534038901e-01 4.627173637128857986e-01 8.915871374906846336e-01 6.232061786567442141e-01 6.427712087092765092e-01 3.878099157627099558e-01 7.494377317522613602e-01 4.107239826739390032e-01 8.920884653250547025e-01 3.215648132041126761e-01 6.361531562061488732e-01 5.211946664422749675e-01 5.063763988228285884e-01 5.681814299277332392e-01 5.050950484684657571e-01 3.859619729033171298e-01 4.841290002386418045e-01 7.559652961243958913e-01
6.013767433796226580e-01 6.727619314108347348e-01 4.622547626420440148e-01 0.000000000000000000e+00 8.421656304572748830e-01 2.843344562903307171e-01 8.090118761807005843e-01 6.655491102286699157e-01 3.943163559439581967e-01 7.360065167291559574e-01 3.736588389874863081e-01 5.175900203038237279e-01 5.552138041936740542e-01 4.198359236873296929e-01 4.958651643640477058e-01 2.152703308055770037e-01 8.714730936029577713e-01 8.543039626924818775e-01 6.017229948517160976e-01 2.517823051424975533e-01 7.498886178261117141e-01 5.514276937051350025e-01 1.809565846762846153e-01 4.390459024404575472e-01 4.247952732233348239e-01 3.078464624312504672e-01 1.896020588772905358e-01 9.514156784657261667e-01 6.678451772581146528e-01 4.166265214539626172e-01 4.297828900059991741e-01 5.018132411071906107e-01 8.413150042674171214e-01 3.972312238645147042e-01 6.564369999636592290e-01
9.237438954182771722e-01 3.716404881473305832e-01 5.140892244695258739e-01 8.421656304572748830e-01 0.000000000000000000e+00 8.567103885600165780e-01 6.983032967321645135e-01 4.679643469889016583e-01 2.167521492475356082e-01 2.318129317788116817e-01 8.134300109959935465e-02 2.984305225531656003e-01 6.551208459196413703e-01 6.466221759601049612e-01 8.160263691157195742e-01 5.643024693931051328e-01 1.208101596666578681e-01 9.280450606353763954e-01 3.305017323018680786e-01 1.154367198296620267e-01 5.418032153328300460e-01 6.471535787159232722e-02 2.548251741375600066e-01 2.811976529875495068e-01 8.431277609847640520e-01 6.621877762397928580e-01 5.977143522508887585e-01 9.675148260822321600e-01 3.799164500315299620e-01 4.731279327771978904e-01 4.286821606089810111e-01 7.644673918405191504e-01 4.602516040486219762e-01 3.745634762860993172e-01 6.239453217437640475e-01
6.529004034053370598e-01 4.540643905010789960e-01 1.215158279487176252e-01 2.843344562903307171e-01 8.567103885600165780e-01 0.000000000000000000e+00 1.903444178468889358e-01 1.974877994347105092e-01 5.953779604813391746e-01 3.184425461319142503e-01 6.887749123449724564e-01 8.714398226349212573e-01 7.816754203274032253e-01 2.045595210263442265e-01 1.218170300676976181e-01 7.053423827127187629e-01 7.511153277415825169e-01 6.736678575473060704e-01 3.420167835084764185e-01 2.805471025072661106e-01 8.987274711457742260e-01 5.263212626278923612e-01 8.844235240997645464e-01 6.831606328520400950e-01 4.637812611673849950e-01 4.102222115445086081e-01 5.414950920555277047e-01 4.800921653842730730e-01 7.105551743978408830e-01 5.260240943987223305e-01 4.101105457204398119e-01 7.345016344266279695e-01 5.895984644700289490e-01 3.800156087576702646e-01 2.732639920371644493e-01
7.455689418370974320e-01 5.505578077607558019e-01 8.371874636870686448e-01 8.090118761807005843e-01 6.983032967321645135e-01 1.903444178468889358e-01 0.000000000000000000e+00 4.884338163323178605e-01 6.028441252151387486e-01 1.968063238156516626e-01 7.791438510557143760e-01 8.007609242760651558e-01 8.653788262502937201e-02 6.672213852563386727e-01 3.227297123986411220e-01 4.097338678628771325e-01 5.093535079668497501e-01 3.066956857155870297e-01 8.481011379926082228e-01 4.078143503134747938e-01 2.466481276029008907e-01 2.964852527601260501e-01 4.854005707302205819e-01 6.274104699180019784e-01 2.885717721155759419e-01 7.209552229706908122e-01 9.228124788618082830e-01 6.672520245031980934e-01 5.609467934174530157e-01 5.877830893644592214e-01 4.018962708961683061e-01 2.229342407068304333e-01 3.324986667857047773e-01 7.960725052987273065e-01 9.611297913873879661e-01
6.973274708671504118e-01 8.212445677118311860e-01 5.171728387864416021e-01 6.655491102286699157e-01 4.679643469889016583e-01 1.974877994347105092e-01 4.884338163323178605e-01 0.000000000000000000e+00 2.732389832972872967e-01 7.040124206496458648e-01 3.590557018266964384e-01 5.571023135158013062e-01 9.321115957218919501e-01 7.444897647343510227e-01 2.972529167103177827e-01 6.318369342036171954e-01 5.909674472158058522e-01 4.544931456496664191e-01 4.702060026259120007e-01 2.102094284097926202e-01 4.472173745512580956e-01 4.916931666858314620e-01 4.497194835864164464e-01 1.700154704056990873e-01 7.558757862865554955e-01 8.164493288509127034e-01 5.887814348614628379e-01 4.270283215533131616e-01 4.721637227628254774e-01 7.024332054852563401e-01 9.570863996545975194e-02 4.606384964614667621e-01 1.757865123639319460e-01 1.911647185462704845e-01 5.667291798332523278e-01
5.431744634884907441e-01 7.600435713402871052e-01 2.260093349331094847e-01 3.943163559439581967e-01 2.167521492475356082e-01 5.953779604813391746e-01 6.028441252151387486e-01 2.732389832972872967e-01 0.000000000000000000e+00 4.268575107504349320e-01 2.008144221688025199e-01 4.096092969695826480e-01 6.144172918777615067e-01 4.634121419434060751e-01 6.037535135048077706e-01 3.689499159942087880e-01 4.482655538882339696e-01 1.735484117721362018e-01 5.595525865351267392e-01 6.660445522922306960e-01 4.627440543450731525e-01 4.290329241117784020e-01 2.827972046786739746e-01 4.671029935215766371e-01 5.238309484905298019e-01 6.488526120282600562e-01 5.008986726858035698e-01 5.141810868999536766e-01 4.796615591676757218e-01 7.811449086860891011e-01 4.044140616188801607e-01 5.400890038272269100e-01 6.697552592153965811e-01 3.901562585831034324e-01 5.209801948086217882e-01
4.697525333850015028e-01 7.683784424796156198e-01 3.611907093770877486e-01 7.360065167291559574e-01 2.318129317788116817e-01 3.184425461319142503e-01 1.968063238156516626e-01 7.040124206496458648e-01 4.268575107504349320e-01 0.000000000000000000e+00 1.255377845172885864e-01 3.951564082108184328e-01 5.372013053654274284e-01 4.303512111415830343e-01 4.756372607034574651e-01 1.604830688194534005e-01 5.775834107567268116e-01 7.953201442752798611e-01 5.857084251075184156e-01 6.509749202345087582e-01 8.416851891491786697e-01 5.577487922459829495e-01 4.280822734229615678e-01 1.165722620013466271e-01 3.982642831974177455e-01 6.337909488227162491e-01 4.102547466597917247e-01 2.522352552496379685e-01 4.730326031559461963e-02 7.623860077175903527e-01 7.280958823900745003e-01 9.414770924431156152e-01 9.505849684244035425e-01 6.894023835648279697e-01 9.513841852990512216e-02
7.456229474955955450e-01 8.461699136860619808e-01 3.115788739238390948e-01 3.736588389874863081e-01 8.134300109959935465e-02 6.887749123449724564e-01 7.791438510557143760e-01 3.590557018266964384e-01 2.008144221688025199e-01 1.255377845172885864e-01 0.000000000000000000e+00 3.258557291241839793e-01 1.818471681933123696e-01 5.666801345539254076e-01 2.954897884390090268e-01 1.383061702334090759e-01 2.075852763020511471e-01 5.325825024893384718e-01 6.324893275698375561e-01 9.238406755568706608e-01 6.954268322338903463e-01 4.869746476532477719e-01 5.598370017460141401e-01 6.715482826248769799e-01 1.993504758691880818e-01 5.538943149906339070e-01 8.757118925335416471e-01 4.841610269683306322e-01 6.979962889238755519e-01 8.750099420852952559e-01 1.191367524365725128e-01 5.698023533226079795e-01 1.912214562603858914e-01 6.413550232879070556e-01 3.485331082299848449e-01
5.542228985366293159e-01 4.971721760936806400e-01 3.511456211261237970e-01 5.175900203038237279e-01 2.984305225531656003e-01 8.714398226349212573e-01 8.007609242760651558e-01 5.571023135158013062e-01 4.096092969695826480e-01 3.951564082108184328e-01 3.258557291241839793e-01 0.000000000000000000e+00 7.698087326376259476e-01 7.920780753018585862e-01 3.442639344077851327e-01 3.591397629508059630e-01 6.033022629540327753e-01 9.217189048098510806e-01 4.291986603792261601e-01 5.519942684811027789e-01 4.594055101221214965e-01 4.861004366407734034e-01 3.417711942226380195e-01 5.909052068800422219e-01 8.921142560448795944e-01 7.244687258705035937e-01 2.476330339188549390e-01 2.577649641634363054e-01 6.663367119011354145e-01 7.812692313011611045e-01 8.368617536499092235e-01 5.837545819750791232e-01 8.298277420944062399e-01 7.633867810394955322e-01 2.209482006769027951e-01
4.135881277864313921e-01 5.633776292052683488e-01 4.834458046883945981e-01 5.552138041936740542e-01 6.551208459196413703e-01 7.816754203274032253e-01 8.653788262502937201e-02 9.321115957218919501e-01 6.144172918777615067e-01 5.372013053654274284e-01 1.818471681933123696e-01 7.698087326376259476e-01 0.000000000000000000e+00 3.026047437221243142e-01 7.227230410772731428e-01 8.917075590022811582e-01 2.220433399113475037e-02 2.392987383835269988e-01 5.412129934657246011e-01 4.408956966563877256e-01 6.132557746086552131e-01 2.156771498689440403e-01 3.958075732712195149e-01 5.308235328008698017e-01 1.446761398443811575e-01 5.182434955502694951e-01 4.226374907378920298e-01 2.406765127719337483e-01 6.400665676171524154e-01 5.020332872399798640e-01 8.989261129683701057e-01 6.102841171489893357e-01 6.200657372433051595e-01 5.703332200458763879e-01 5.663041263852492957e-01
8.131641079580298470e-01 4.056550462821499892e-01 1.172617739686506733e-01 4.198359236873296929e-01 6.466221759601049612e-01 2.045595210263442265e-01 6.672213852563386727e-01 7.444897647343510227e-01 4.634121419434060751e-01 4.303512111415830343e-01 5.666801345539254076e-01 7.920780753018585862e-01 3.026047437221243142e-01 0.000000000000000000e+00 4.988855256429829410e-01 9.353050926342731941e-01 6.040987504992492152e-01 6.392513194244927588e-01 4.984917456269601366e-01 5.657906533992957954e-01 2.128430740928058951e-01 7.603938998115312708e-01 8.557916109366969781e-01 2.692332082106840829e-01 3.053404130004571115e-01 6.237722033564818691e-01 4.196053399653103533e-01 7.763292410848138259e-01 5.154043310067941697e-01 8.630673248748528259e-01 4.268078399907274667e-01 7.279753296963251685e-01 8.636522607277975494e-01 7.319811593508120939e-01 1.067236222849120564e-01
3.353663999626296244e-01 3.883704786244988605e-01 6.651798648475581999e-01 4.958651643640477058e-01 8.160263691157195742e-01 1.218170300676976181e-01 3.227297123986411220e-01 2.972529167103177827e-01 6.037535135048077706e-01 4.756372607034574651e-01 2.954897884390090268e-01 3.442639344077851327e-01 7.227230410772731428e-01 4.988855256429829410e-01 0.000000000000000000e+00 7.336476987233490066e-01 2.041399626430338010e-01 4.345768391864223146e-01 3.302301034247361322e-01 7.114356231515283069e-01 6.398262310550364429e-01 5.141784358115972786e-01 5.900827730664330861e-01 2.280939367158386633e-01 1.414330881322587996e-01 8.231298062603883414e-01 1.217380636080287459e-01 4.319255152500277584e-01 4.528746384440848205e-01 5.937855177363675629e-01 5.138272272513902950e-01 2.940115392451849718e-01 5.731680981635678407e-01 7.871156262201146614e-01 4.960976038102868912e-01
4.709895574441965160e-01 4.592263388531627744e-01 6.554229717490311913e-01 2.152703308055770037e-01 5.643024693931051328e-01 7.053423827127187629e-01 4.097338678628771325e-01 6.318369342036171954e-01 3.689499159942087880e-01 1.604830688194534005e-01 1.383061702334090759e-01 3.591397629508059630e-01 8.917075590022811582e-01 9.353050926342731941e-01 7.336476987233490066e-01 0.000000000000000000e+00 8.697914661593887375e-01 6.994532572340119714e-01 6.101545200444442596e-01 8.185032090203896438e-01 2.234336731468095083e-01 8.021241375112986294e-01 8.237506411121405803e-01 3.581577251881780666e-01 4.030486790392437957e-01 4.121746208862647753e-01 7.509519349560563883e-01 7.051737083091960123e-01 4.810280505885866642e-01 9.858679000960979266e-02 1.663176509080850907e-01 6.760604264800682550e-01 4.576267236041666187e-01 1.876043485797023180e-01 4.024512272447535732e-01
2.975123941434785202e-01 4.350360038575467603e-01 3.959593714802065456e-01 8.714730936029577713e-01 1.208101596666578681e-01 7.511153277415825169e-01 5.093535079668497501e-01 5.909674472158058522e-01 4.482655538882339696e-01 5.775834107567268116e-01 2.075852763020511471e-01 6.033022629540327753e-01 2.220433399113475037e-02 6.040987504992492152e-01 2.041399626430338010e-01 8.697914661593887375e-01 0.000000000000000000e+00 2.827093312873318887e-02 4.721053196381586048e-01 6.736262738807834438e-01 7.015058997500396298e-01 4.938210934647300210e-01 3.957926256523451869e-01 5.433090452713922325e-01 4.207005828794060376e-01 5.318409623225293092e-01 9.568536293283906868e-01 1.142114403412886059e-01 7.669461507868842176e-01 8.297236139095000018e-01 2.682821471905705302e-01 6.334844136795373393e-01 7.489860377901558230e-01 1.429437099255111976e-01 7.316059980772819937e-01
1.736592814445040434e-01 5.491847288697195850e-01 8.478798521534038901e-01 8.543039626924818775e-01 9.280450606353763954e-01 6.736678575473060704e-01 3.066956857155870297e-01 4.544931456496664191e-01 1.735484117721362018e-01 7.953201442752798611e-01 5.325825024893384718e-01 9.217189048098510806e-01 2.392987383835269988e-01 6.392513194244927588e-01 4.345768391864223146e-01 6.994532572340119714e-01 2.827093312873318887e-02 0.000000000000000000e+00 5.714912130015090685e-01 9.076525278450593426e-01 5.395384533037802521e-01 4.823875158283081888e-01 6.215513307940601084e-01 4.288257711852285770e-01 9.321016522426928130e-01 5.256503117406585712e-01 6.127308697741296051e-01 5.809948967424352073e-01 4.897274373889799470e-01 3.859075274473516837e-01 1.187157192101501169e-01 7.768310886091126521e-01 7.482462303759590538e-01 8.613249985194868508e-01 4.347243245216122487e-01
7.373887059024215596e-01 9.236180454346025748e-01 4.627173637128857986e-01 6.017229948517160976e-01 3.305017323018680786e-01 3.420167835084764185e-01 8.481011379926082228e-01 4.702060026259120007e-01 5.595525865351267392e-01 5.857084251075184156e-01 6.324893275698375561e-01 4.291986603792261601e-01 5.412129934657246011e-01 4.984917456269601366e-01 3.302301034247361322e-01 6.101545200444442596e-01 4.721053196381586048e-01 5.714912130015090685e-01 0.000000000000000000e+00 3.636956488413809474e-01 4.503397025872108994e-01 1.845771415277992489e-01 4.238538901349402366e-01 8.087547979114979579e-01 7.168044304709905168e-01 1.981479476251418737e-01 7.319638820487034403e-01 9.344566785484615945e-01 9.364439755599399673e-01 7.889968267958882286e-01 4.409458196548637909e-01 5.906599646429557815e-01 2.892679948200773676e-01 3.712162345157787313e-01 2.804194686353069788e-01
4.578186384217788341e-01 5.134293763215280748e-01 8.915871374906846336e-01 2.517823051424975533e-01 1.154367198296620267e-01 2.805471025072661106e-01 4.078143503134747938e-01 2.102094284097926202e-01 6.660445522922306960e-01 6.509749202345087582e-01 9.238406755568706608e-01 5.519942684811027789e-01 4.408956966563877256e-01 5.657906533992957954e-01 7.114356231515283069e-01 8.185032090203896438e-01 6.736262738807834438e-01 9.076525278450593426e-01 3.636956488413809474e-01 0.000000000000000000e+00 3.264610007938467673e-01 1.893537096538039366e-01 1.886375060968413786e-01 5.634596629740500351e-01 4.921409229589570611e-01 9.824242233520077416e-01 5.695786502976084575e-01 5.861101622122237842e-01 1.984609554536258536e-01 3.507073437174146879e-01 3.403816307653718676e-01 4.051809799309972759e-01 7.917130567179722078e-01 3.381085639281296018e-01 4.404428560664916947e-01
7.751386000928475184e-01 5.666960691150325635e-01 6.232061786567442141e-01 7.498886178261117141e-01 5.418032153328300460e-01 8.987274711457742260e-01 2.466481276029008907e-01 4.472173745512580956e-01 4.627440543450731525e-01 8.416851891491786697e-01 6.954268322338903463e-01 4.594055101221214965e-01 6.132557746086552131e-01 2.128430740928058951e-01 6.398262310550364429e-01 2.234336731468095083e-01 7.015058997500396298e-01 5.395384533037802521e-01 4.503397025872108994e-01 3.264610007938467673e-01 0.000000000000000000e+00 3.797815185903564705e-01 4.575979222942996305e-01 1.720248376530784662e-01 7.378107779313144432e-01 4.059180375453540490e-01 4.112749663816681056e-01 4.685503575440234103e-01 2.732848702725769741e-01 9.948521698924750467e-02 5.443975032652546009e-01 6.854455715421767792e-01 9.555094780167860957e-02 3.204557378262755662e-01 4.530144761527366004e-01
3.967111488065332425e-01 5.749728055704632634e-01 6.427712087092765092e-01 5.514276937051350025e-01 6.471535787159232722e-02 5.263212626278923612e-01 2.964852527601260501e-01 4.916931666858314620e-01 4.290329241117784020e-01 5.577487922459829495e-01 4.869746476532477719e-01 4.861004366407734034e-01 2.156771498689440403e-01 7.603938998115312708e-01 5.141784358115972786e-01 8.021241375112986294e-01 4.938210934647300210e-01 4.823875158283081888e-01 1.845771415277992489e-01 1.893537096538039366e-01 3.797815185903564705e-01 0.000000000000000000e+00 4.173519941813981227e-01 4.017970623343231074e-01 4.336232179973936729e-01 5.021740691866740658e-01 5.277492948611566259e-01 7.826958443355651607e-01 3.990690302195266659e-01 2.798216142874239143e-01 5.276715755083984938e-01 8.048505800220745465e-01 3.718977161272782328e-01 4.908765470089362370e-01 2.030027057946623970e-01
8.151318913362055607e-01 4.230149073682662464e-01 3.878099157627099558e-01 1.809565846762846153e-01 2.548251741375600066e-01 8.844235240997645464e-01 4.854005707302205819e-01 4.497194835864164464e-01 2.827972046786739746e-01 4.280822734229615678e-01 5.598370017460141401e-01 3.417711942226380195e-01 3.958075732712195149e-01 8.557916109366969781e-01 5.900827730664330861e-01 8.237506411121405803e-01 3.957926256523451869e-01 6.215513307940601084e-01 4.238538901349402366e-01 1.886375060968413786e-01 4.575979222942996305e-01 4.173519941813981227e-01 0.000000000000000000e+00 4.153757847034405537e-01 3.363560960632571151e-01 5.708395520091325004e-02 9.086696702307794915e-02 6.484309080779806500e-01 4.186655995905355088e-01 7.572455815529168799e-01 8.658594091134030890e-01 4.417421565609355172e-01 1.594306615232551350e-01 4.247678253839575757e-01 2.928443708771316656e-01
5.703130927289867813e-01 4.942855409721745863e-01 7.494377317522613602e-01 4.390459024404575472e-01 2.811976529875495068e-01 6.831606328520400950e-01 6.274104699180019784e-01 1.700154704056990873e-01 4.671029935215766371e-01 1.165722620013466271e-01 6.715482826248769799e-01 5.909052068800422219e-01 5.308235328008698017e-01 2.692332082106840829e-01 2.280939367158386633e-01 3.581577251881780666e-01 5.433090452713922325e-01 4.288257711852285770e-01 8.087547979114979579e-01 5.634596629740500351e-01 1.720248376530784662e-01 4.017970623343231074e-01 4.153757847034405537e-01 0.000000000000000000e+00 5.398163970078275753e-01 5.699101029936326501e-02 9.573581576490255429e-01 8.239005014999229992e-01 6.933764083007822876e-01 8.234611091337715738e-01 5.361823419884028663e-01 7.895943911540632687e-01 7.675689658308344487e-01 2.134427087486087116e-01 2.656613296204630714e-01
3.977862626214466735e-01 8.119518483162024847e-02 4.107239826739390032e-01 4.247952732233348239e-01 8.431277609847640520e-01 4.637812611673849950e-01 2.885717721155759419e-01 7.558757862865554955e-01 5.238309484905298019e-01 3.982642831974177455e-01 1.993504758691880818e-01 8.921142560448795944e-01 1.446761398443811575e-01 3.053404130004571115e-01 1.414330881322587996e-01 4.030486790392437957e-01 4.207005828794060376e-01 9.321016522426928130e-01 7.168044304709905168e-01 4.921409229589570611e-01 7.378107779313144432e-01 4.336232179973936729e-01 3.363560960632571151e-01 5.398163970078275753e-01 0.000000000000000000e+00 6.790533339437423432e-01 5.609685273866861221e-01 1.189662671184189557e-01 6.613111172057635212e-01 5.531507211264721224e-01 7.317515209185464498e-01 7.798472918213034122e-01 9.043950871323316321e-01 8.708169580622660000e-02 1.458311726286323218e-01
7.981967310713899977e-01 5.341685717160860047e-01 8.920884653250547025e-01 3.078464624312504672e-01 6.621877762397928580e-01 4.102222115445086081e-01 7.209552229706908122e-01 8.164493288509127034e-01 6.488526120282600562e-01 6.337909488227162491e-01 5.538943149906339070e-01 7.244687258705035937e-01 5.182434955502694951e-01 6.237722033564818691e-01 8.231298062603883414e-01 4.121746208862647753e-01 5.318409623225293092e-01 5.256503117406585712e-01 1.981479476251418737e-01 9.824242233520077416e-01 4.059180375453540490e-01 5.021740691866740658e-01 5.708395520091325004e-02 5.699101029936326501e-02 6.790533339437423432e-01 0.000000000000000000e+00 6.323667234531487047e-01 7.285524174648249085e-01 3.963618825467818407e-01 3.581341889574001236e-01 3.015223319232043786e-01 1.949517850003958941e-01 6.789342014236650069e-01 2.371618646452323675e-01 4.161698554602970557e-01
6.181404429238323006e-01 3.640988509061744982e-01 3.215648132041126761e-01 1.896020588772905358e-01 5.977143522508887585e-01 5.414950920555277047e-01 9.228124788618082830e-01 5.887814348614628379e-01 5.008986726858035698e-01 4.102547466597917247e-01 8.757118925335416471e-01 2.476330339188549390e-01 4.226374907378920298e-01 4.196053399653103533e-01 1.217380636080287459e-01 7.509519349560563883e-01 9.568536293283906868e-01 6.127308697741296051e-01 7.319638820487034403e-01 5.695786502976084575e-01 4.112749663816681056e-01 5.277492948611566259e-01 9.086696702307794915e-02 9.573581576490255429e-01 5.609685273866861221e-01 6.323667234531487047e-01 0.000000000000000000e+00 7.019381766662149413e-01 4.403500267599895768e-01 8.105439954806853420e-01 6.210641699430330398e-01 1.129646494547182911e-01 3.415034332948666540e-01 4.040064550713029501e-01 4.026634281365005230e-01
4.356557181331731643e-01 7.596491639322895395e-01 6.361531562061488732e-01 9.514156784657261667e-01 9.675148260822321600e-01 4.800921653842730730e-01 6.672520245031980934e-01 4.270283215533131616e-01 5.141810868999536766e-01 2.522352552496379685e-01 4.841610269683306322e-01 2.577649641634363054e-01 2.406765127719337483e-01 7.763292410848138259e-01 4.319255152500277584e-01 7.051737083091960123e-01 1.142114403412886059e-01 5.809948967424352073e-01 9.344566785484615945e-01 5.861101622122237842e-01 4.685503575440234103e-01 7.826958443355651607e-01 6.484309080779806500e-01 8.239005014999229992e-01 1.189662671184189557e-01 7.285524174648249085e-01 7.019381766662149413e-01 0.000000000000000000e+00 3.284695145014235318e-01 1.115886982319247434e-02 2.769945452766452432e-01 6.170834275353103138e-01 7.563334295414134711e-01 3.404981044627784503e-01 6.075823092988510421e-01
7.494203308122187046e-01 2.796470989845912802e-01 5.211946664422749675e-01 6.678451772581146528e-01 3.799164500315299620e-01 7.105551743978408830e-01 5.609467934174530157e-01 4.721637227628254774e-01 4.796615591676757218e-01 4.730326031559461963e-02 6.979962889238755519e-01 6.663367119011354145e-01 6.400665676171524154e-01 5.154043310067941697e-01 4.528746384440848205e-01 4.810280505885866642e-01 7.669461507868842176e-01 4.897274373889799470e-01 9.364439755599399673e-01 1.984609554536258536e-01 2.732848702725769741e-01 3.990690302195266659e-01 4.186655995905355088e-01 6.933764083007822876e-01 6.613111172057635212e-01 3.963618825467818407e-01 4.403500267599895768e-01 3.284695145014235318e-01 0.000000000000000000e+00 7.448860330802125063e-01 7.637624268597152932e-01 7.804873110260386326e-01 3.572907852418412689e-01 6.938559750528929815e-01 6.992234587865150397e-01
7.933131787841378735e-01 6.911357487938831756e-01 5.063763988228285884e-01 4.166265214539626172e-01 4.731279327771978904e-01 5.260240943987223305e-01 5.877830893644592214e-01 7.024332054852563401e-01 7.811449086860891011e-01 7.623860077175903527e-01 8.750099420852952559e-01 7.812692313011611045e-01 5.020332872399798640e-01 8.630673248748528259e-01 5.937855177363675629e-01 9.858679000960979266e-02 8.297236139095000018e-01 3.859075274473516837e-01 7.889968267958882286e-01 3.507073437174146879e-01 9.948521698924750467e-02 2.798216142874239143e-01 7.572455815529168799e-01 8.234611091337715738e-01 5.531507211264721224e-01 3.581341889574001236e-01 8.105439954806853420e-01 1.115886982319247434e-02 7.448860330802125063e-01 0.000000000000000000e+00 7.140379057024306420e-01 5.129472256222893378e-01 3.932737723139455577e-01 5.391780251846919336e-01 7.181869948008157145e-01
8.346543649279268839e-01 7.304025236676592314e-02 5.681814299277332392e-01 4.297828900059991741e-01 4.286821606089810111e-01 4.101105457204398119e-01 4.018962708961683061e-01 9.570863996545975194e-02 4.044140616188801607e-01 7.280958823900745003e-01 1.191367524365725128e-01 8.368617536499092235e-01 8.989261129683701057e-01 4.268078399907274667e-01 5.138272272513902950e-01 1.663176509080850907e-01 2.682821471905705302e-01 1.187157192101501169e-01 4.409458196548637909e-01 3.403816307653718676e-01 5.443975032652546009e-01 5.276715755083984938e-01 8.658594091134030890e-01 5.361823419884028663e-01 7.317515209185464498e-01 3.015223319232043786e-01 6.210641699430330398e-01 2.769945452766452432e-01 7.637624268597152932e-01 7.140379057024306420e-01 0.000000000000000000e+00 9.965137560621667445e-01 4.036805927140226791e-01 7.207076112061432394e-01 3.600416353494493849e-01
3.579344814903774319e-01 2.911743652194903054e-01 5.050950484684657571e-01 5.018132411071906107e-01 7.644673918405191504e-01 7.345016344266279695e-01 2.229342407068304333e-01 4.606384964614667621e-01 5.400890038272269100e-01 9.414770924431156152e-01 5.698023533226079795e-01 5.837545819750791232e-01 6.102841171489893357e-01 7.279753296963251685e-01 2.940115392451849718e-01 6.760604264800682550e-01 6.334844136795373393e-01 7.768310886091126521e-01 5.906599646429557815e-01 4.051809799309972759e-01 6.854455715421767792e-01 8.048505800220745465e-01 4.417421565609355172e-01 7.895943911540632687e-01 7.798472918213034122e-01 1.949517850003958941e-01 1.129646494547182911e-01 6.170834275353103138e-01 7.804873110260386326e-01 5.129472256222893378e-01 9.965137560621667445e-01 0.000000000000000000e+00 4.996978134934487725e-01 3.015282798429640421e-01 2.557236624881004117e-01
3.824152992380164262e-01 5.178349013875442886e-01 3.859619729033171298e-01 8.413150042674171214e-01 4.602516040486219762e-01 5.895984644700289490e-01 3.324986667857047773e-01 1.757865123639319460e-01 6.697552592153965811e-01 9.505849684244035425e-01 1.912214562603858914e-01 8.298277420944062399e-01 6.200657372433051595e-01 8.636522607277975494e-01 5.731680981635678407e-01 4.576267236041666187e-01 7.489860377901558230e-01 7.482462303759590538e-01 2.892679948200773676e-01 7.917130567179722078e-01 9.555094780167860957e-02 3.718977161272782328e-01 1.594306615232551350e-01 7.675689658308344487e-01 9.043950871323316321e-01 6.789342014236650069e-01 3.415034332948666540e-01 7.563334295414134711e-01 3.572907852418412689e-01 3.932737723139455577e-01 4.036805927140226791e-01 4.996978134934487725e-01 0.000000000000000000e+00 4.553047330436245099e-01 4.993194909326744702e-01
5.962176042417524080e-01 3.807114365826629876e-01 4.841290002386418045e-01 3.972312238645147042e-01 3.745634762860993172e-01 3.800156087576702646e-01 7.960725052987273065e-01 1.911647185462704845e-01 3.901562585831034324e-01 6.894023835648279697e-01 6.413550232879070556e-01 7.633867810394955322e-01 5.703332200458763879e-01 7.319811593508120939e-01 7.871156262201146614e-01 1.876043485797023180e-01 1.429437099255111976e-01 8.613249985194868508e-01 3.712162345157787313e-01 3.381085639281296018e-01 3.204557378262755662e-01 4.908765470089362370e-01 4.247678253839575757e-01 2.134427087486087116e-01 8.708169580622660000e-02 2.371618646452323675e-01 4.040064550713029501e-01 3.404981044627784503e-01 6.938559750528929815e-01 5.391780251846919336e-01 7.207076112061432394e-01 3.015282798429640421e-01 4.553047330436245099e-01 0.000000000000000000e+00 5.657276855399483440e-01
6.435072910093797560e-01 8.617541962910861830e-01 7.559652961243958913e-01 6.564369999636592290e-01 6.239453217437640475e-01 2.732639920371644493e-01 9.611297913873879661e-01 5.667291798332523278e-01 5.209801948086217882e-01 9.513841852990512216e-02 3.485331082299848449e-01 2.209482006769027951e-01 5.663041263852492957e-01 1.067236222849120564e-01 4.960976038102868912e-01 4.024512272447535732e-01 7.316059980772819937e-01 4.347243245216122487e-01 2.804194686353069788e-01 4.404428560664916947e-01 4.530144761527366004e-01 2.030027057946623970e-01 2.928443708771316656e-01 2.656613296204630714e-01 1.458311726286323218e-01 4.161698554602970557e-01 4.026634281365005230e-01 6.075823092988510421e-01 6.992234587865150397e-01 7.181869948008157145e-01 3.600416353494493849e-01 2.557236624881004117e-01 4.993194909326744702e-01 5.657276855399483440e-01 0.000000000000000000e+00
