0.000000000000000000e+00 1.244177261030510184e-01 2.693581647006872970e-01 8.269367072734740143e-01 6.680529474274339297e-01 8.854040662960971364e-01 4.510661573286435244e-01 5.387994703339913372e-01 2.031022861367584587e-01 7.444187378141376987e-01 4.552254974279064115e-01 3.475973024152826385e-01 9.479007099170217998e-01 6.393418284114706918e-01 8.472502400123290700e-01 4.131063467597450023e-01 7.088248495528133297e-01 8.466492240031753269e-02 4.452115617800442848e-01 7.222354199331240121e-01 7.407686208162780339e-01 6.340616660240574465e-01 3.369530780347232968e-01 2.799639856292540085e-01 7.946717899387391038e-01 3.126248603525432213e-01 2.164264330446084017e-01 5.779979792807048433e-01 4.490599089315756576e-01 7.865531192592793985e-01 4.654691918396720030e-01 4.188851528649911726e-02 6.724659693307610819e-01 8.802796013691847055e-01 8.319068965932516768e-01
1.244177261030510184e-01 0.000000000000000000e+00 2.581031855585359525e-01 3.140677649893365286e-01 5.322668622483058831e-01 6.083295571198732432e-01 5.435919688323020971e-01 4.510174402995785758e-01 4.623311892562368408e-01 5.228251560781813634e-01 7.224640350973313696e-01 4.534124314156483537e-01 6.757541826633848281e-01 5.379105606058214306e-01 1.967862994873205706e-01 8.416183217802579719e-01 6.023382887027047827e-01 5.155329324608961539e-01 5.272350225160358228e-01 7.541722859495021414e-01 6.025495115982724137e-01 5.299013189542191027e-01 6.717503063059984125e-01 2.819448373352143600e-01 6.575846951830857101e-01 2.469338639203193519e-01 4.256290911058467907e-01 4.879862860378771372e-01 8.996903764123651559e-01 6.226348713323028861e-01 4.755759479743111862e-01 4.622010383129876998e-01 7.546755418724688802e-01 4.515681348896523062e-01 5.433673423162288518e-01
2.693581647006872970e-01 2.581031855585359525e-01 0.000000000000000000e+00 6.327931731945894978e-01 7.045754515120814521e-01 4.835072183892925035e-01 5.396096107251471263e-01 3.180873922745701132e-01 4.910828669728449225e-01 1.827650604250766753e-01 4.303142285366995945e-01 4.450399479335400699e-01 4.141922014482299907e-01 2.161991611124589596e-01 8.264761914071927507e-01 6.336995183005751375e-01 3.178586169379670201e-01 3.179685978202743679e-01 6.442915964423493458e-01 6.896379348444957591e-01 3.154200624842716794e-01 7.608007010506867562e-02 6.701138383176320490e-01 6.728926829520283093e-01 3.703122171326089784e-02 5.997430990370526960e-01 4.830639396024322130e-01 3.307302503686720963e-01 2.640275018201810320e-01 7.086068005788456192e-01 5.939670649450060624e-01 7.650888992991851101e-01 3.379996488664512300e-01 6.405990492160783534e-01 6.024478688109791147e-01
8.269367072734740143e-01 3.140677649893365286e-01 6.327931731945894978e-01 0.000000000000000000e+00 7.097354556018602434e-01 6.827402584858829337e-01 2.019056210783231609e-01 2.498023336904449110e-01 9.151194493941904318e-01 2.819504649909869154e-01 1.798430360873910505e-01 4.563933360924838367e-01 5.189825119745308246e-01 9.206373341631590712e-01 4.693022473070144751e-01 6.067462967755816727e-01 7.926848095001066685e-01 7.557022146128238305e-01 3.892718027415650317e-01 4.887637099561225051e-01 4.338883117997461847e-01 7.190266489979668663e-01 1.316081359702401810e-01 4.091510670882486100e-01 4.470477718315801763e-01 6.898129374741339692e-01 4.717916405610318997e-01 5.909859046269515526e-01 2.242522825429276168e-01 5.269660692511918265e-01 8.301021102671113372e-01 5.609213697560848644e-01 4.506906787856546082e-01 1.350799867981177238e-01 9.192136851853835999e-01
6.680529474274339297e-01 5.322668622483058831e-01 7.045754515120814521e-01 7.097354556018602434e-01 0.000000000000000000e+00 8.402427678557187196e-01 4.956029892933351277e-01 6.552163269199187123e-01 5.333392418119942135e-01 3.094011995181524810e-01 8.194377194168324108e-01 5.236551553529986691e-01 7.942164913240463697e-01 8.292314205439439423e-01 7.753978618075064722e-01 8.787161328105972391e-01 7.372137462527725837e-01 7.942709921459698563e-01 4.853314608455115975e-01 5.118204331964405496e-01 5.026262387037325752e-01 4.058392498752724786e-01 4.499700208191517170e-01 4.894162744629457773e-01 3.975095331555577038e-01 6.666428307277589838e-01 2.361928317367646968e-01 7.491085112194462159e-01 3.775671159913998043e-01 3.891219489656444486e-01 6.625115149958178407e-01 5.629895005161202892e-01 2.733849679167046354e-01 5.934602922480111120e-01 2.724659293676683358e-01
8.854040662960971364e-01 6.083295571198732432e-01 4.835072183892925035e-01 6.827402584858829337e-01 8.402427678557187196e-01 0.000000000000000000e+00 1.105275442555718746e-01 6.189015737079107682e-01 5.250437281634039444e-01 5.858164827530139007e-01 3.077759162932389714e-01 5.791206714726843119e-01 1.104829658338046805e-01 4.253407962526983277e-01 4.065340349434600209e-01 9.293170935716690284e-01 6.342630356293088578e-01 6.776060921530040471e-01 5.552870945804653235e-01 2.669442328619285876e-01 7.978040505554062634e-01 7.494492036173405758e-02 7.747469734693880339e-01 5.940530076614307653e-01 7.229449638925473653e-01 3.333502360434601464e-01 3.644877330203438182e-01 4.729885727477182167e-01 8.055167830732101741e-01 4.549961989918149818e-02 4.959083605847992571e-01 5.846779146782874470e-01 1.780211098146833315e-01 8.845220871481265235e-01 7.359505325093719241e-01
4.510661573286435244e-01 5.435919688323020971e-01 5.396096107251471263e-01 2.019056210783231609e-01 4.956029892933351277e-01 1.105275442555718746e-01 0.000000000000000000e+00 9.359738738352457732e-02 7.263334983397844447e-01 1.666033755691220808e-02 7.159686668510176766e-01 5.182187112515664884e-01 3.461308871856888514e-01 1.667362846567144175e-01 7.552247311289749243e-01 7.828457104234627373e-01 7.106262876005694507e-01 4.669008321125405203e-01 2.180379142495344480e-01 8.082327929170403102e-01 6.209930873808180429e-01 5.421073512241770809e-01 5.733897350182622921e-01 3.483638434731625155e-01 8.089579109855487005e-01 1.508849306152726388e-01 4.859804788920473184e-01 6.362305830337449120e-01 4.996122821382060764e-01 5.656015237563717379e-01 9.266084741093780774e-01 3.390500672903516421e-01 4.757490601686583664e-01 5.060481466660858851e-01 3.381668393767848779e-01
5.387994703339913372e-01 4.510174402995785758e-01 3.180873922745701132e-01 2.498023336904449110e-01 6.552163269199187123e-01 6.189015737079107682e-01 9.359738738352457732e-02 0.000000000000000000e+00 7.193701049083361942e-01 6.648978099585713952e-01 6.356400460361033566e-02 6.436346906675819435e-01 8.223891191566977676e-01 2.244853471253649424e-02 4.045738150074546513e-01 4.483112154375942238e-01 4.688690836747577695e-02 6.036715292579820646e-01 3.972433482332472510e-01 4.975165537661728754e-01 8.985759818709562197e-01 3.450918949783534639e-01 5.088732151002910431e-01 4.016419790017633495e-01 7.644254238228233023e-01 6.137565880558640830e-01 6.903174191343494082e-01 3.283474367872054600e-01 7.225046949999802681e-01 7.910501695145164547e-01 4.750603079597194300e-01 5.372553002322320026e-01 5.953251645411326010e-01 4.421409318360909335e-01 4.429620693263683351e-01
2.031022861367584587e-01 4.623311892562368408e-01 4.910828669728449225e-01 9.151194493941904318e-01 5.333392418119942135e-01 5.250437281634039444e-01 7.263334983397844447e-01 7.193701049083361942e-01 0.000000000000000000e+00 3.568009564386928623e-01 4.674442842287280797e-01 3.681132931942717179e-01 4.136084926585117394e-01 5.980380833042151512e-01 6.334987305279525804e-01 5.995076240632577491e-01 4.313452545756950585e-01 9.170850024172556569e-01 2.526618255028589832e-01 3.067945276212744043e-01 7.713653369290345285e-01 2.904450394539724312e-01 7.510789118015035459e-01 7.006311485259288929e-01 3.991387542582751635e-01 4.674365032426269773e-01 4.136353253564347687e-01 5.268592109119617506e-01 2.542013166353499498e-01 5.138666331763276363e-01 5.923735340224516310e-01 6.726057227066494226e-01 5.748318109049097568e-01 7.173289261081307044e-01 4.955542457696882064e-01
7.444187378141376987e-01 5.228251560781813634e-01 1.827650604250766753e-01 2.819504649909869154e-01 3.094011995181524810e-01 5.858164827530139007e-01 1.666033755691220808e-02 6.648978099585713952e-01 3.568009564386928623e-01 0.000000000000000000e+00 1.126816135344625991e-01 2.377104268028015222e-01 5.517739644724628523e-01 4.929070202378105225e-01 3.746714069044008166e-01 4.920794245555876190e-01 1.899229798338205599e-01 3.561268090739233005e-01 7.623946458864376829e-01 2.006933768241507821e-01 1.957025280735284478e-01 5.468454499231116817e-01 3.999451415851615343e-01 4.514400513417154981e-01 6.029234723269244478e-01 1.015665113919770324e-01 2.846175800672545719e-01 4.622580600379235238e-01 7.063665745449777544e-01 1.296754191299427372e-01 1.714948414813493027e-01 2.215509094820619085e-01 5.423064407137256904e-01 4.516293742339879680e-01 4.586506694247461935e-01
4.552254974279064115e-01 7.224640350973313696e-01 4.303142285366995945e-01 1.798430360873910505e-01 8.194377194168324108e-01 3.077759162932389714e-01 7.159686668510176766e-01 6.356400460361033566e-02 4.674442842287280797e-01 1.126816135344625991e-01 0.000000000000000000e+00 8.287306041241229160e-01 1.124775296939422020e-01 5.009582907074575653e-01 7.694657106568807414e-01 2.532865944497313393e-01 7.925738947083089680e-01 4.758474796891759562e-01 9.190205324802784848e-01 4.465417502486994095e-01 7.446890490313323729e-01 5.792583039290407632e-01 2.147678211795331360e-01 5.546205029460048452e-01 4.940680185617670195e-01 4.075452872848351893e-01 1.351643265287599815e-01 4.587319475704865757e-01 6.713688743133539027e-01 4.516099993188150696e-01 4.854933369307184998e-01 6.457527431244223237e-01 7.569008587546182110e-01 4.088726424471218479e-01 6.723519136568322230e-01
3.475973024152826385e-01 4.534124314156483537e-01 4.450399479335400699e-01 4.563933360924838367e-01 5.236551553529986691e-01 5.791206714726843119e-01 5.182187112515664884e-01 6.436346906675819435e-01 3.681132931942717179e-01 2.377104268028015222e-01 8.287306041241229160e-01 0.000000000000000000e+00 5.133940223034090256e-01 8.748825071362307249e-01 2.079607802751116674e-01 6.425248720165600558e-01 1.693362594387153308e-01 1.193966407631650295e-01 1.607435179086885713e-01 4.606684492431863398e-01 5.973300411220712203e-01 5.991751508894100908e-01 8.592455436752471920e-01 4.745786855378826274e-01 2.305873335308520344e-01 2.977329136162008005e-01 5.706274745291077810e-01 7.792614756608426951e-01 3.543809564740687534e-01 5.037488659174925720e-01 7.548146517024252322e-01 1.420681011185636056e-01 1.076678314183281415e-01 5.511897556083680261e-01 9.364384843123085833e-02
9.479007099170217998e-01 6.757541826633848281e-01 4.141922014482299907e-01 5.189825119745308246e-01 7.942164913240463697e-01 1.104829658338046805e-01 3.461308871856888514e-01 8.223891191566977676e-01 4.136084926585117394e-01 5.517739644724628523e-01 1.124775296939422020e-01 5.133940223034090256e-01 0.000000000000000000e+00 8.437399148138375882e-01 6.506434562075230632e-01 5.455264342574539516e-01 5.643086352411402773e-01 4.923072796535716833e-01 3.714676699510955915e-01 6.418417499938138260e-01 4.371151138926917534e-01 7.699798810531410798e-01 7.420143077709386858e-01 1.944265223897955197e-01 6.261213398799764240e-01 5.534174136479570461e-01 7.859599971607545976e-01 7.959358378453795790e-01 2.355167950956253975e-01 9.128084747816330724e-01 8.785000187212060885e-01 8.950843941600910014e-01 2.470886539019068184e-01 8.161339684451036636e-01 3.469004368648828107e-01
6.393418284114706918e-01 5.379105606058214306e-01 2.161991611124589596e-01 9.206373341631590712e-01 8.292314205439439423e-01 4.253407962526983277e-01 1.667362846567144175e-01 2.244853471253649424e-02 5.980380833042151512e-01 4.929070202378105225e-01 5.009582907074575653e-01 8.748825071362307249e-01 8.437399148138375882e-01 0.000000000000000000e+00 7.601874746353595169e-01 5.123861485702334573e-01 2.248177444842732742e-01 2.798128471912710857e-01 4.701963395431970061e-01 5.865883568394528735e-01 4.239374523941650263e-01 4.831469278897956854e-01 5.096580919594628778e-01 5.786445982901782248e-01 5.213442704600880218e-01 5.987336377661303111e-01 8.710265315117470264e-01 5.662142212583132217e-01 6.525603923494911474e-01 1.480215125095024620e-01 1.615016531709706493e-01 4.358528270921497860e-01 4.636292807836606134e-01 4.771335488712906137e-01 6.720343179130403577e-01
8.472502400123290700e-01 1.967862994873205706e-01 8.264761914071927507e-01 4.693022473070144751e-01 7.753978618075064722e-01 4.065340349434600209e-01 7.552247311289749243e-01 4.045738150074546513e-01 6.334987305279525804e-01 3.746714069044008166e-01 7.694657106568807414e-01 2.079607802751116674e-01 6.506434562075230632e-01 7.601874746353595169e-01 0.000000000000000000e+00 4.399654314687371226e-01 3.819300890847946439e-01 3.415019897064138776e-01 4.396409553805966652e-01 2.427530811720644000e-01 3.329142736196583630e-01 5.251128444276766949e-01 2.615533288177539495e-01 4.398543202150180242e-01 6.198291164626958949e-01 5.467826013824668152e-01 1.851772615027451052e-01 4.512195495803505985e-01 7.370321092708180810e-01 6.273493449159199820e-01 2.885373523745063395e-01 5.221266969430458094e-01 6.632394476168055331e-01 7.188951004517299959e-01 3.964321013515631487e-01
4.131063467597450023e-01 8.416183217802579719e-01 6.336995183005751375e-01 6.067462967755816727e-01 8.787161328105972391e-01 9.293170935716690284e-01 7.828457104234627373e-01 4.483112154375942238e-01 5.995076240632577491e-01 4.920794245555876190e-01 2.532865944497313393e-01 6.425248720165600558e-01 5.455264342574539516e-01 5.123861485702334573e-01 4.399654314687371226e-01 0.000000000000000000e+00 2.660898453325637458e-01 5.184084021953764276e-01 1.904014332188973535e-01 8.391324592449662667e-01 5.962897302657732546e-01 6.051524198880431360e-01 4.636865718728214736e-01 4.348340946888822334e-01 7.853109765404663323e-01 8.702372587704079177e-01 4.961901582697261226e-01 5.631693899528040781e-01 9.217754878922421735e-01 4.978478161514131584e-01 2.082074079203236616e-01 5.349443530515977097e-01 8.450153174401809908e-01 5.075715256315911361e-01 4.842081481349526095e-01
7.088248495528133297e-01 6.023382887027047827e-01 3.178586169379670201e-01 7.926848095001066685e-01 7.372137462527725837e-01 6.342630356293088578e-01 7.106262876005694507e-01 4.688690836747577695e-02 4.313452545756950585e-01 1.899229798338205599e-01 7.925738947083089680e-01 1.693362594387153308e-01 5.643086352411402773e-01 2.248177444842732742e-01 3.819300890847946439e-01 2.660898453325637458e-01 0.000000000000000000e+00 4.956205811427034091e-01 3.542444033336339393e-01 5.101483177288426152e-01 7.648623563741336895e-01 4.049400238349834535e-01 4.949698085185659235e-01 3.886340672003503194e-01 3.301643238328240693e-01 6.112630247553410001e-01 5.904468090798693503e-01 7.734762139392594715e-01 4.002949446738296446e-01 5.419371796754981485e-01 2.368851735605265185e-01 4.389277030469013741e-01 6.715101396090489283e-01 2.100311223253897852e-01 6.802848517297142017e-01
8.466492240031753269e-02 5.155329324608961539e-01 3.179685978202743679e-01 7.557022146128238305e-01 7.942709921459698563e-01 6.776060921530040471e-01 4.669008321125405203e-01 6.036715292579820646e-01 9.170850024172556569e-01 3.561268090739233005e-01 4.758474796891759562e-01 1.193966407631650295e-01 4.923072796535716833e-01 2.798128471912710857e-01 3.415019897064138776e-01 5.184084021953764276e-01 4.956205811427034091e-01 0.000000000000000000e+00 2.006605570018192841e-01 4.609332416366144214e-01 3.885742127015568981e-01 7.818844011320448262e-01 5.733809188076162133e-01 6.530275685664025387e-01 5.471260392679024864e-01 7.085454546835785461e-01 7.161969104032399613e-01 7.447731174231660978e-01 5.799423997874006975e-01 6.753509817348168909e-01 4.067212919940196847e-01 5.571069173603155900e-01 6.073821206683607254e-01 4.385680023028586394e-01 8.009487919562838787e-01
4.452115617800442848e-01 5.272350225160358228e-01 6.442915964423493458e-01 3.892718027415650317e-01 4.853314608455115975e-01 5.552870945804653235e-01 2.180379142495344480e-01 3.972433482332472510e-01 2.526618255028589832e-01 7.623946458864376829e-01 9.190205324802784848e-01 1.607435179086885713e-01 3.714676699510955915e-01 4.701963395431970061e-01 4.396409553805966652e-01 1.904014332188973535e-01 3.542444033336339393e-01 2.006605570018192841e-01 0.000000000000000000e+00 5.293109150155171916e-01 3.505067654454926407e-01 5.891715060094482315e-01 5.560346177999000439e-01 9.279389369748747285e-01 9.140405880665221083e-01 8.885099689653421784e-01 7.324193226752798713e-01 4.256015060493593127e-01 6.450052325288144761e-01 4.063864364289204723e-02 6.938461968004694391e-02 6.723995950300327706e-01 5.527695475074557718e-01 2.768128491559483928e-01 2.513200863117313055e-01
7.222354199331240121e-01 7.541722859495021414e-01 6.896379348444957591e-01 4.887637099561225051e-01 5.118204331964405496e-01 2.669442328619285876e-01 8.082327929170403102e-01 4.975165537661728754e-01 3.067945276212744043e-01 2.006933768241507821e-01 4.465417502486994095e-01 4.606684492431863398e-01 6.418417499938138260e-01 5.865883568394528735e-01 2.427530811720644000e-01 8.391324592449662667e-01 5.101483177288426152e-01 4.609332416366144214e-01 5.293109150155171916e-01 0.000000000000000000e+00 8.192940355569647837e-01 6.673283028930363514e-01 7.725617404096798424e-01 8.539967189297084094e-01 6.222803202381984589e-01 5.027450614895396797e-01 6.446129510909772709e-01 6.423843988640400848e-01 7.076954169236309156e-01 4.494755890388278385e-01 9.124639369945037881e-01 4.792590153802500641e-01 7.258339334171853841e-01 6.535908012503678366e-01 8.848837712703558900e-01
7.407686208162780339e-01 6.025495115982724137e-01 3.154200624842716794e-01 4.338883117997461847e-01 5.026262387037325752e-01 7.978040505554062634e-01 6.209930873808180429e-01 8.985759818709562197e-01 7.713653369290345285e-01 1.957025280735284478e-01 7.446890490313323729e-01 5.973300411220712203e-01 4.371151138926917534e-01 4.239374523941650263e-01 3.329142736196583630e-01 5.962897302657732546e-01 7.648623563741336895e-01 3.885742127015568981e-01 3.505067654454926407e-01 8.192940355569647837e-01 0.000000000000000000e+00 8.932079238156735990e-01 5.370562029446442898e-01 8.913107953970489383e-01 4.624398115576409674e-01 5.415135987987729216e-01 1.837386575241017894e-01 1.413558816874824764e-01 7.775103735065276300e-01 4.299974596838759822e-01 1.325833877056683541e-01 6.105383430260578059e-01 4.230795962074573868e-01 6.806256632483441704e-01 6.081338706915133674e-01
6.340616660240574465e-01 5.299013189542191027e-01 7.608007010506867562e-02 7.190266489979668663e-01 4.058392498752724786e-01 7.494492036173405758e-02 5.421073512241770809e-01 3.450918949783534639e-01 2.904450394539724312e-01 5.468454499231116817e-01 5.792583039290407632e-01 5.991751508894100908e-01 7.699798810531410798e-01 4.831469278897956854e-01 5.251128444276766949e-01 6.051524198880431360e-01 4.049400238349834535e-01 7.818844011320448262e-01 5.891715060094482315e-01 6.673283028930363514e-01 8.932079238156735990e-01 0.000000000000000000e+00 5.020885813342120807e-01 6.051640292705389168e-01 3.170363760463668079e-01 3.474199949230751816e-01 8.017838330073004949e-01 5.058251199656751407e-01 8.855015009676144855e-01 5.739763794187241475e-01 5.942581127538432151e-01 9.025534635531492489e-01 7.307506674291558424e-01 2.962715046906984617e-01 2.237552315175284079e-01
3.369530780347232968e-01 6.717503063059984125e-01 6.701138383176320490e-01 1.316081359702401810e-01 4.499700208191517170e-01 7.747469734693880339e-01 5.733897350182622921e-01 5.088732151002910431e-01 7.510789118015035459e-01 3.999451415851615343e-01 2.147678211795331360e-01 8.592455436752471920e-01 7.420143077709386858e-01 5.096580919594628778e-01 2.615533288177539495e-01 4.636865718728214736e-01 4.949698085185659235e-01 5.733809188076162133e-01 5.560346177999000439e-01 7.725617404096798424e-01 5.370562029446442898e-01 5.020885813342120807e-01 0.000000000000000000e+00 7.223726484631816103e-01 1.640636574505739964e-01 8.827644732366268787e-02 1.710720695074101627e-01 5.107803655002356447e-01 2.662854792018639061e-01 7.375376352087134046e-01 7.812634533267531767e-01 6.960453633755431246e-01 8.797824247354396610e-01 5.011718821463724272e-01 5.901682740487016465e-01
2.799639856292540085e-01 2.819448373352143600e-01 6.728926829520283093e-01 4.091510670882486100e-01 4.894162744629457773e-01 5.940530076614307653e-01 3.483638434731625155e-01 4.016419790017633495e-01 7.006311485259288929e-01 4.514400513417154981e-01 5.546205029460048452e-01 4.745786855378826274e-01 1.944265223897955197e-01 5.786445982901782248e-01 4.398543202150180242e-01 4.348340946888822334e-01 3.886340672003503194e-01 6.530275685664025387e-01 9.279389369748747285e-01 8.539967189297084094e-01 8.913107953970489383e-01 6.051640292705389168e-01 7.223726484631816103e-01 0.000000000000000000e+00 1.979985180515921872e-01 5.723925031528489527e-01 8.165921539025349229e-01 4.386965040369432134e-01 4.231792686150291916e-01 6.028849994406937363e-02 7.821577207157859313e-01 5.176045818188862446e-01 6.286142939292616028e-01 2.181324140374594212e-01 4.120990564844611015e-01
7.946717899387391038e-01 6.575846951830857101e-01 3.703122171326089784e-02 4.470477718315801763e-01 3.975095331555577038e-01 7.229449638925473653e-01 8.089579109855487005e-01 7.644254238228233023e-01 3.991387542582751635e-01 6.029234723269244478e-01 4.940680185617670195e-01 2.305873335308520344e-01 6.261213398799764240e-01 5.213442704600880218e-01 6.198291164626958949e-01 7.853109765404663323e-01 3.301643238328240693e-01 5.471260392679024864e-01 9.140405880665221083e-01 6.222803202381984589e-01 4.624398115576409674e-01 3.170363760463668079e-01 1.640636574505739964e-01 1.979985180515921872e-01 0.000000000000000000e+00 3.431995689609443900e-01 3.415331079394817726e-01 3.551418877770423643e-01 3.512247417175436981e-01 4.899866317188753539e-01 6.384224689561974753e-01 8.605734313775172950e-01 7.786504933963911412e-01 4.469141785586038806e-01 5.290404020284995568e-01
3.126248603525432213e-01 2.469338639203193519e-01 5.997430990370526960e-01 6.898129374741339692e-01 6.666428307277589838e-01 3.333502360434601464e-01 1.508849306152726388e-01 6.137565880558640830e-01 4.674365032426269773e-01 1.015665113919770324e-01 4.075452872848351893e-01 2.977329136162008005e-01 5.534174136479570461e-01 5.987336377661303111e-01 5.467826013824668152e-01 8.702372587704079177e-01 6.112630247553410001e-01 7.085454546835785461e-01 8.885099689653421784e-01 5.027450614895396797e-01 5.415135987987729216e-01 3.474199949230751816e-01 8.827644732366268787e-02 5.723925031528489527e-01 3.431995689609443900e-01 0.000000000000000000e+00 4.949922344727422097e-01 2.459871990510097417e-01 7.463586747120019016e-01 7.774284676525746729e-01 5.758386773097138311e-01 3.457744613719676008e-01 7.990720134078113102e-01 6.853737265251020894e-01 7.790923287935276331e-01
2.164264330446084017e-01 4.256290911058467907e-01 4.830639396024322130e-01 4.717916405610318997e-01 2.361928317367646968e-01 3.644877330203438182e-01 4.859804788920473184e-01 6.903174191343494082e-01 4.136353253564347687e-01 2.846175800672545719e-01 1.351643265287599815e-01 5.706274745291077810e-01 7.859599971607545976e-01 8.710265315117470264e-01 1.851772615027451052e-01 4.961901582697261226e-01 5.904468090798693503e-01 7.161969104032399613e-01 7.324193226752798713e-01 6.446129510909772709e-01 1.837386575241017894e-01 8.017838330073004949e-01 1.710720695074101627e-01 8.165921539025349229e-01 3.415331079394817726e-01 4.949922344727422097e-01 0.000000000000000000e+00 7.270819950868766535e-01 7.444812546700678713e-01 5.341175058811070686e-01 7.368518964476670208e-01 6.585505154112648585e-01 8.110195601189413850e-01 6.707800382168838116e-02 4.771440160997553193e-02
5.779979792807048433e-01 4.879862860378771372e-01 3.307302503686720963e-01 5.909859046269515526e-01 7.491085112194462159e-01 4.729885727477182167e-01 6.362305830337449120e-01 3.283474367872054600e-01 5.268592109119617506e-01 4.622580600379235238e-01 4.587319475704865757e-01 7.792614756608426951e-01 7.959358378453795790e-01 5.662142212583132217e-01 4.512195495803505985e-01 5.631693899528040781e-01 7.734762139392594715e-01 7.447731174231660978e-01 4.256015060493593127e-01 6.423843988640400848e-01 1.413558816874824764e-01 5.058251199656751407e-01 5.107803655002356447e-01 4.386965040369432134e-01 3.551418877770423643e-01 2.459871990510097417e-01 7.270819950868766535e-01 0.000000000000000000e+00 7.299406991215875440e-01 8.196746369034855206e-01 7.089696445320514684e-01 8.463142634006187714e-01 5.134236966716958506e-01 8.700492181686205750e-01 9.326046097916297350e-01
4.490599089315756576e-01 8.996903764123651559e-01 2.640275018201810320e-01 2.242522825429276168e-01 3.775671159913998043e-01 8.055167830732101741e-01 4.996122821382060764e-01 7.225046949999802681e-01 2.542013166353499498e-01 7.063665745449777544e-01 6.713688743133539027e-01 3.543809564740687534e-01 2.355167950956253975e-01 6.525603923494911474e-01 7.370321092708180810e-01 9.217754878922421735e-01 4.002949446738296446e-01 5.799423997874006975e-01 6.450052325288144761e-01 7.076954169236309156e-01 7.775103735065276300e-01 8.855015009676144855e-01 2.662854792018639061e-01 4.231792686150291916e-01 3.512247417175436981e-01 7.463586747120019016e-01 7.444812546700678713e-01 7.299406991215875440e-01 0.000000000000000000e+00 7.310712039966436038e-01 4.195183130527944115e-01 6.385691202684193879e-01 6.195924669789274475e-01 2.175844426885998328e-01 2.258140386591311333e-01
7.865531192592793985e-01 6.226348713323028861e-01 7.086068005788456192e-01 5.269660692511918265e-01 3.891219489656444486e-01 4.549961989918149818e-02 5.656015237563717379e-01 7.910501695145164547e-01 5.138666331763276363e-01 1.296754191299427372e-01 4.516099993188150696e-01 5.037488659174925720e-01 9.128084747816330724e-01 1.480215125095024620e-01 6.273493449159199820e-01 4.978478161514131584e-01 5.419371796754981485e-01 6.753509817348168909e-01 4.063864364289204723e-02 4.494755890388278385e-01 4.299974596838759822e-01 5.739763794187241475e-01 7.375376352087134046e-01 6.028849994406937363e-02 4.899866317188753539e-01 7.774284676525746729e-01 5.341175058811070686e-01 8.196746369034855206e-01 7.310712039966436038e-01 0.000000000000000000e+00 2.989051770055309309e-01 1.251852350172162343e-01 2.492629115852980082e-01 4.332251003131445399e-01 6.818883919494553858e-01
4.654691918396720030e-01 4.755759479743111862e-01 5.939670649450060624e-01 8.301021102671113372e-01 6.625115149958178407e-01 4.959083605847992571e-01 9.266084741093780774e-01 4.750603079597194300e-01 5.923735340224516310e-01 1.714948414813493027e-01 4.854933369307184998e-01 7.548146517024252322e-01 8.785000187212060885e-01 1.615016531709706493e-01 2.885373523745063395e-01 2.082074079203236616e-01 2.368851735605265185e-01 4.067212919940196847e-01 6.938461968004694391e-02 9.124639369945037881e-01 1.325833877056683541e-01 5.942581127538432151e-01 7.812634533267531767e-01 7.821577207157859313e-01 6.384224689561974753e-01 5.758386773097138311e-01 7.368518964476670208e-01 7.089696445320514684e-01 4.195183130527944115e-01 2.989051770055309309e-01 0.000000000000000000e+00 5.094921256028368539e-01 5.075354451602609451e-01 5.847522555807580513e-01 5.949501306339232132e-01
4.188851528649911726e-02 4.622010383129876998e-01 7.650888992991851101e-01 5.609213697560848644e-01 5.629895005161202892e-01 5.846779146782874470e-01 3.390500672903516421e-01 5.372553002322320026e-01 6.726057227066494226e-01 2.215509094820619085e-01 6.457527431244223237e-01 1.420681011185636056e-01 8.950843941600910014e-01 4.358528270921497860e-01 5.221266969430458094e-01 5.349443530515977097e-01 4.389277030469013741e-01 5.571069173603155900e-01 6.723995950300327706e-01 4.792590153802500641e-01 6.105383430260578059e-01 9.025534635531492489e-01 6.960453633755431246e-01 5.176045818188862446e-01 8.605734313775172950e-01 3.457744613719676008e-01 6.585505154112648585e-01 8.463142634006187714e-01 6.385691202684193879e-01 1.251852350172162343e-01 5.094921256028368539e-01 0.000000000000000000e+00 6.532831141876811465e-01 5.495301500804403716e-01 6.392214899597018496e-01
6.724659693307610819e-01 7.546755418724688802e-01 3.379996488664512300e-01 4.506906787856546082e-01 2.733849679167046354e-01 1.780211098146833315e-01 4.757490601686583664e-01 5.953251645411326010e-01 5.748318109049097568e-01 5.423064407137256904e-01 7.569008587546182110e-01 1.076678314183281415e-01 2.470886539019068184e-01 4.636292807836606134e-01 6.632394476168055331e-01 8.450153174401809908e-01 6.715101396090489283e-01 6.073821206683607254e-01 5.527695475074557718e-01 7.258339334171853841e-01 4.230795962074573868e-01 7.307506674291558424e-01 8.797824247354396610e-01 6.286142939292616028e-01 7.786504933963911412e-01 7.990720134078113102e-01 8.110195601189413850e-01 5.134236966716958506e-01 6.195924669789274475e-01 2.492629115852980082e-01 5.075354451602609451e-01 6.532831141876811465e-01 0.000000000000000000e+00 1.869223465665533213e-01 5.288155301266137531e-01
8.802796013691847055e-01 4.515681348896523062e-01 6.405990492160783534e-01 1.350799867981177238e-01 5.934602922480111120e-01 8.845220871481265235e-01 5.060481466660858851e-01 4.421409318360909335e-01 7.173289261081307044e-01 4.516293742339879680e-01 4.088726424471218479e-01 5.511897556083680261e-01 8.161339684451036636e-01 4.771335488712906137e-01 7.188951004517299959e-01 5.075715256315911361e-01 2.100311223253897852e-01 4.385680023028586394e-01 2.768128491559483928e-01 6.535908012503678366e-01 6.806256632483441704e-01 2.962715046906984617e-01 5.011718821463724272e-01 2.181324140374594212e-01 4.469141785586038806e-01 6.853737265251020894e-01 6.707800382168838116e-02 8.700492181686205750e-01 2.175844426885998328e-01 4.332251003131445399e-01 5.847522555807580513e-01 5.495301500804403716e-01 1.869223465665533213e-01 0.000000000000000000e+00 1.778388961402718182e-01
8.319068965932516768e-01 5.433673423162288518e-01 6.024478688109791147e-01 9.192136851853835999e-01 2.724659293676683358e-01 7.359505325093719241e-01 3.381668393767848779e-01 4.429620693263683351e-01 4.955542457696882064e-01 4.586506694247461935e-01 6.723519136568322230e-01 9.364384843123085833e-02 3.469004368648828107e-01 6.720343179130403577e-01 3.964321013515631487e-01 4.842081481349526095e-01 6.802848517297142017e-01 8.009487919562838787e-01 2.513200863117313055e-01 8.848837712703558900e-01 6.081338706915133674e-01 2.237552315175284079e-01 5.901682740487016465e-01 4.120990564844611015e-01 5.290404020284995568e-01 7.790923287935276331e-01 4.771440160997553193e-02 9.326046097916297350e-01 2.258140386591311333e-01 6.818883919494553858e-01 5.949501306339232132e-01 6.392214899597018496e-01 5.288155301266137531e-01 1.778388961402718182e-01 0.000000000000000000e+00
