0.000000000000000000e+00 9.080308792321878375e-01 7.268487476138909553e-01 7.930461640314874217e-01 5.818722258834244654e-01 4.340901690932916779e-01 5.754295425015886201e-01 7.517017966478682922e-01 7.697071067633802777e-01 5.089359504435775339e-01 4.411351606230365374e-01 6.367252389803975676e-01 9.531325292089865009e-01 5.552093202115069293e-01 1.322231677716274589e-01 4.150263631412600684e-01 5.103074267234330996e-01 3.198755516808660104e-01 6.690285764279857439e-01 3.186460182599580304e-01 4.476447583246617734e-01 3.831283684511047061e-01 4.391756990543455030e-01 4.215025473461335714e-01 9.073926043406215225e-01 4.491186581548121670e-01 6.738304500805796238e-01 3.043447231955326848e-01 8.681884506375596722e-01 7.111903110096019498e-01 7.536061253644819047e-01 5.918821214426726041e-01 7.437971665239693220e-01 7.285871441643065882e-01 7.911238052704571144e-01
9.080308792321878375e-01 0.000000000000000000e+00 1.217369049604587472e-01 4.984618672263869676e-01 8.319556705510777750e-01 6.928276938996791312e-02 4.000957912304108355e-01 4.852913871306636651e-01 7.612914576771055986e-01 7.325824236002160816e-01 3.269161832832453984e-01 3.888168750314283661e-01 4.894740471019576322e-01 5.010093959449645196e-01 4.763955306743621887e-01 2.484850728251045693e-01 8.496265543019374533e-01 2.071216405524120008e-01 6.591480832121802136e-01 7.185424867914103064e-01 9.211636308080932700e-01 4.404291289367632811e-01 8.557715021096987673e-01 8.690843739455614836e-01 3.197706705069790489e-01 5.299686263898599758e-01 2.841558134040560457e-01 6.401883729587003469e-01 5.783180430740695321e-01 8.762527493459135730e-01 3.273513774183914316e-01 5.347915891015757595e-01 6.926362840620502448e-01 5.855911660316259759e-01 6.308786850190033491e-01
7.268487476138909553e-01 1.217369049604587472e-01 0.000000000000000000e+00 6.794642798217381818e-01 5.990661860754628032e-01 4.752438007032840916e-01 2.744473720898166214e-01 8.543659756455672660e-01 1.550060570747026079e-01 5.067813608428601846e-01 5.201291520848874139e-01 8.813742875949589495e-01 6.064997753691899751e-01 1.743445438810906634e-01 3.050318635470341544e-01 3.859455884279749949e-02 1.502064577676425206e-01 8.167823908578840664e-01 6.045995251227451739e-01 4.620779898619455928e-01 4.308298833884188772e-01 2.617948806871596146e-01 8.512845306390779410e-01 5.884017252967869149e-01 8.760470891603274746e-01 8.771530738455093346e-01 5.616094459698814934e-01 3.641216492980723363e-01 2.109709554588398706e-01 4.550717474057071055e-01 4.997801450831591552e-01 3.312227193036298423e-01 6.974411044539750026e-01 5.157983323646396778e-01 9.940793924664592662e-02
7.930461640314874217e-01 4.984618672263869676e-01 6.794642798217381818e-01 0.000000000000000000e+00 5.288659056881945819e-01 3.001982432443731641e-01 4.628219641552137054e-01 4.864318853361123685e-01 6.700223273968152204e-01 7.738171115308251080e-01 4.460158323207150666e-01 8.088502874954062172e-01 5.368215364766928399e-01 6.104038202968031790e-02 1.559336120224074085e-01 8.911879436369136709e-01 7.883346038037097880e-01 5.744205121009617887e-01 1.995883318304869647e-01 4.898122550162760658e-01 6.417950117648836272e-01 6.251647016775611077e-01 7.361256322348854741e-01 6.911508633647422961e-01 3.759235455107322599e-01 7.738560950840509545e-01 4.376334638037416847e-01 7.560771025592630812e-01 6.407268706206314945e-02 5.524627466823002209e-01 7.110156806593234124e-01 6.582638124099682297e-01 6.649169355500879064e-01 4.801270191188291570e-01 7.443342915647708224e-01
5.818722258834244654e-01 8.319556705510777750e-01 5.990661860754628032e-01 5.288659056881945819e-01 0.000000000000000000e+00 5.158392992786891007e-01 6.282387807351689224e-01 7.939697702423792469e-01 4.161720374240543974e-01 5.698066631282907579e-01 7.893427694949393114e-01 6.329131165574972684e-01 2.307911197415046523e-01 1.134663802503538266e-01 2.326434199327820362e-01 4.324103041687597515e-01 3.381485880988553405e-01 3.897209467294213692e-01 5.916692548749415970e-01 2.848089298754827858e-01 5.302165220453751715e-01 4.174148625823202452e-01 5.397022569521543467e-01 7.500491363798857947e-01 8.211106285718280384e-01 8.923638227458141614e-02 7.065775675765091357e-01 4.710697193791449910e-01 7.937703142604228823e-01 4.467034125562425739e-01 7.921441869024814508e-01 7.977685260423564850e-01 8.856799490771282146e-01 7.656092077579834676e-01 8.863244085357295798e-01
4.340901690932916779e-01 6.928276938996791312e-02 4.752438007032840916e-01 3.001982432443731641e-01 5.158392992786891007e-01 0.000000000000000000e+00 5.923773992573220237e-01 5.270120149153614264e-01 5.499092397375224817e-01 4.939695248534092253e-01 4.781533773934633635e-01 6.338734598827233668e-01 5.206373676124864680e-01 1.100421705945614503e-01 8.089928623961373244e-01 4.815658607490055365e-01 2.650724800812619408e-01 9.511741704942381359e-01 4.296585544064343010e-01 7.884445584317059108e-01 6.555135127511897419e-01 4.319191312584647613e-01 5.705626299493340436e-01 4.288333447309858881e-01 4.288928734663478570e-01 8.174130057597626120e-01 7.690949802059698914e-01 8.466479751568383172e-01 6.112219137567918015e-01 6.091079988669969580e-01 5.926152464816155652e-01 7.717507137513955895e-01 1.199205190175908209e-01 5.541251219777042492e-01 3.868672331410142329e-01
5.754295425015886201e-01 4.000957912304108355e-01 2.744473720898166214e-01 4.628219641552137054e-01 6.282387807351689224e-01 5.923773992573220237e-01 0.000000000000000000e+00 8.017645295795706728e-01 5.844993607381854250e-01 5.567218702030689581e-01 7.004393513140860783e-02 6.162083755022421672e-01 1.315167155281321554e-01 5.138999000698440955e-01 9.306912609760731314e-01 5.294144933941057340e-01 8.509486371563489415e-01 3.481723609231744954e-01 4.577769424354165562e-01 4.724675350093615611e-01 1.480174753271156218e-01 6.238852717175178419e-01 4.655906346714264177e-01 4.854927836725732582e-01 8.070368364043672971e-01 8.855967344079196391e-01 7.591714405396635668e-01 1.706116514567580511e-01 4.963664155461794958e-01 7.896779480768667536e-02 5.520172543534449527e-01 6.916010600701176791e-01 8.309586314274719498e-01 6.351520225323765700e-01 3.427214307088705114e-01
7.517017966478682922e-01 4.852913871306636651e-01 8.543659756455672660e-01 4.864318853361123685e-01 7.939697702423792469e-01 5.270120149153614264e-01 8.017645295795706728e-01 0.000000000000000000e+00 2.177601823466111808e-01 7.294321510657817420e-01 3.423321627727895500e-01 5.878474282263626005e-01 6.799888723315713479e-01 8.427965364276729376e-01 5.046477859033018376e-01 9.084940009250788151e-01 5.633094370441845689e-01 6.986958738419144499e-01 4.723154838121317312e-01 4.583299616382428554e-01 7.721556462957981370e-01 6.512094544630776527e-01 3.656278404819415240e-01 7.342396043953410834e-01 4.442935379997642875e-01 2.955272333734920154e-01 2.073609199706777373e-01 3.581613562058666433e-01 1.074621231228606311e-01 3.523196843876064133e-01 6.692042140584866239e-01 8.115661770565758548e-01 4.920583262283715897e-01 7.512089796021867993e-01 7.470324375523077487e-01
7.697071067633802777e-01 7.612914576771055986e-01 1.550060570747026079e-01 6.700223273968152204e-01 4.161720374240543974e-01 5.499092397375224817e-01 5.844993607381854250e-01 2.177601823466111808e-01 0.000000000000000000e+00 6.534965428193830750e-01 4.632421821158430597e-01 7.810037341153053259e-01 7.418127661419792185e-01 5.238863002360708565e-01 2.103826896274989533e-01 5.894129109109043085e-01 3.732275773792454454e-01 3.918199121959499154e-01 4.744902218961231100e-01 7.591464926909954336e-01 3.914485890819451308e-01 5.222059784530993509e-01 5.277922900484963709e-01 5.024107959751921149e-01 7.140651519360585731e-01 7.988112397147797417e-01 4.606474103626085337e-01 4.775456055427690361e-01 5.689875360537270943e-01 1.886690430871478252e-01 3.942984020994406702e-01 3.375322899941205490e-01 5.458745533950504214e-01 6.851794305080473046e-01 6.249155673906879871e-01
5.089359504435775339e-01 7.325824236002160816e-01 5.067813608428601846e-01 7.738171115308251080e-01 5.698066631282907579e-01 4.939695248534092253e-01 5.567218702030689581e-01 7.294321510657817420e-01 6.534965428193830750e-01 0.000000000000000000e+00 3.715568226679383246e-01 4.655597698309485444e-01 3.646026041187528377e-01 3.665049816559169393e-01 6.567106418647821187e-01 5.636815596430535535e-01 4.633373692979166902e-01 2.303478180003618037e-01 1.130807002144537110e-01 5.717282782001090746e-01 5.465439916831160705e-01 6.610465246485235369e-01 7.208762630988747588e-01 5.251392726871970673e-01 4.844164985502395493e-01 6.735504666107743343e-01 7.389506541162755848e-01 4.807824722916762550e-01 7.932053444864357594e-01 7.165072620807660941e-01 4.040611914139834449e-01 8.191638987360678748e-01 5.915522007299462981e-01 3.669761397458569108e-01 8.667171354120173365e-01
4.411351606230365374e-01 3.269161832832453984e-01 5.201291520848874139e-01 4.460158323207150666e-01 7.893427694949393114e-01 4.781533773934633635e-01 7.004393513140860783e-02 3.423321627727895500e-01 4.632421821158430597e-01 3.715568226679383246e-01 0.000000000000000000e+00 8.155216973476668851e-01 6.612188487311699836e-01 6.647736917158793002e-01 6.035802179994033123e-01 1.787579537370469485e-01 2.624022088194845614e-01 5.944788778928516981e-01 4.957995427130477140e-01 8.968014151852676807e-02 1.218156180987185477e-01 7.788175319901375904e-01 9.376361220550948339e-01 5.620316244664681493e-01 7.543709252923227471e-01 5.394322514464608975e-01 4.725414883028638546e-01 5.877259399828334008e-01 7.905266172456071327e-01 7.650914310972758425e-01 8.138619419217447692e-01 5.298863007411578341e-01 8.111224665695009328e-01 5.457656385074081129e-01 2.567855599126363519e-01
6.367252389803975676e-01 3.888168750314283661e-01 8.813742875949589495e-01 8.088502874954062172e-01 6.329131165574972684e-01 6.338734598827233668e-01 6.162083755022421672e-01 5.878474282263626005e-01 7.810037341153053259e-01 4.655597698309485444e-01 8.155216973476668851e-01 0.000000000000000000e+00 1.410645016001311758e-01 4.534013485664333265e-01 7.302934276975578953e-01 7.831510228860916190e-01 7.485566692812072320e-01 4.282632482338234459e-01 8.314000417839972901e-01 7.219545505165835264e-01 3.396426900643625402e-01 6.701464667059739977e-01 6.762508356726459890e-01 1.784998840123033226e-01 6.898533080479387625e-01 1.653817719119439200e-01 5.551305403748441059e-01 5.159894994268784396e-01 2.844208705793380698e-01 3.753657714235278942e-01 7.314449166832118765e-01 6.821062237557368180e-01 5.367581199190158969e-01 7.264382484750196989e-01 4.269283372894455697e-01
9.531325292089865009e-01 4.894740471019576322e-01 6.064997753691899751e-01 5.368215364766928399e-01 2.307911197415046523e-01 5.206373676124864680e-01 1.315167155281321554e-01 6.799888723315713479e-01 7.418127661419792185e-01 3.646026041187528377e-01 6.612188487311699836e-01 1.410645016001311758e-01 0.000000000000000000e+00 4.906960555841212712e-01 6.513409159069259990e-01 4.835401678344067866e-01 6.124829112026320965e-01 7.156378994347554201e-01 3.943570947054566567e-01 6.425671159808888921e-01 7.645870386000320762e-01 3.853225687082132422e-01 2.625756880951072292e-01 9.721994682279628819e-01 5.203114270914790396e-01 3.763476156585660037e-01 4.946449233516462818e-01 8.176757782790803342e-01 7.515576936320631507e-01 8.334545093764681445e-01 5.663157008691430683e-01 6.017408600677954800e-01 3.753734092115046939e-01 4.994948718142353528e-01 7.301568460796937776e-01
5.552093202115069293e-01 5.010093959449645196e-01 1.743445438810906634e-01 6.104038202968031790e-02 1.134663802503538266e-01 1.100421705945614503e-01 5.138999000698440955e-01 8.427965364276729376e-01 5.238863002360708565e-01 3.665049816559169393e-01 6.647736917158793002e-01 4.534013485664333265e-01 4.906960555841212712e-01 0.000000000000000000e+00 4.218105807841975308e-01 5.499561639069483476e-01 1.166157142211484699e-01 7.907175502873484696e-01 5.419982425540514903e-01 8.736540005069071135e-01 6.760077791703278383e-01 9.436679913299367284e-02 4.928316798890376438e-01 5.576185415127578038e-01 7.088006521203318311e-01 1.239328331331418509e-01 9.233735637089047765e-01 4.240657235222964339e-01 5.944559198589787208e-01 4.822818105319885973e-01 5.815276530448787451e-01 7.733906705505416701e-01 7.550896587293035589e-01 5.870918157745268484e-01 7.930414633303370930e-01
1.322231677716274589e-01 4.763955306743621887e-01 3.050318635470341544e-01 1.559336120224074085e-01 2.326434199327820362e-01 8.089928623961373244e-01 9.306912609760731314e-01 5.046477859033018376e-01 2.103826896274989533e-01 6.567106418647821187e-01 6.035802179994033123e-01 7.302934276975578953e-01 6.513409159069259990e-01 4.218105807841975308e-01 0.000000000000000000e+00 1.370633342593735593e-01 8.367123299125732716e-01 5.546560269767347728e-01 3.059227661564580814e-01 4.429641937784184469e-01 8.150236131837276243e-01 7.473748523181182879e-01 3.786850956321507478e-01 8.962766824768872986e-01 8.624744958728680633e-01 6.285175126789749322e-01 8.808913157040296760e-01 8.330564799311189761e-01 2.133264888047339269e-01 7.118203778776348578e-01 4.900361765661176427e-01 5.244436878434183269e-01 5.800964478396095636e-01 5.955537221897303501e-01 6.153424589153310142e-01
4.150263631412600684e-01 2.484850728251045693e-01 3.859455884279749949e-02 8.911879436369136709e-01 4.324103041687597515e-01 4.815658607490055365e-01 5.294144933941057340e-01 9.084940009250788151e-01 5.894129109109043085e-01 5.636815596430535535e-01 1.787579537370469485e-01 7.831510228860916190e-01 4.835401678344067866e-01 5.499561639069483476e-01 1.370633342593735593e-01 0.000000000000000000e+00 4.876251325627914968e-01 3.901198425067561315e-01 2.313121376307803456e-01 5.346343346788268169e-01 4.167406051208999429e-01 9.053009460018091037e-02 5.132599770548911255e-01 4.096154964636568585e-01 1.308603123084695063e-01 8.856475311578231313e-01 6.974250389345109102e-01 8.056609367623921436e-01 5.162938119602596965e-01 4.441510163867520844e-01 1.220380530469029612e-01 7.018693749144132576e-01 4.648446946960689830e-01 3.400877711506580248e-01 6.971993312790170094e-02
5.103074267234330996e-01 8.496265543019374533e-01 1.502064577676425206e-01 7.883346038037097880e-01 3.381485880988553405e-01 2.650724800812619408e-01 8.509486371563489415e-01 5.633094370441845689e-01 3.732275773792454454e-01 4.633373692979166902e-01 2.624022088194845614e-01 7.485566692812072320e-01 6.124829112026320965e-01 1.166157142211484699e-01 8.367123299125732716e-01 4.876251325627914968e-01 0.000000000000000000e+00 9.408860989765626126e-01 1.400333977127921070e-02 7.579918905693527886e-01 7.642622796641029836e-01 7.020795002762600934e-01 3.706574235568679265e-01 7.898279485651356069e-01 4.745238499242073749e-01 3.309181430974065252e-01 3.942381209637578210e-01 7.590550354238155828e-01 9.003047739291831775e-01 7.812605599954465241e-01 7.197257036958457643e-01 2.505125325420856086e-01 5.792685468004150628e-01 6.439837852134819851e-01 3.495107382511722927e-01
3.198755516808660104e-01 2.071216405524120008e-01 8.167823908578840664e-01 5.744205121009617887e-01 3.897209467294213692e-01 9.511741704942381359e-01 3.481723609231744954e-01 6.986958738419144499e-01 3.918199121959499154e-01 2.303478180003618037e-01 5.944788778928516981e-01 4.282632482338234459e-01 7.156378994347554201e-01 7.907175502873484696e-01 5.546560269767347728e-01 3.901198425067561315e-01 9.408860989765626126e-01 0.000000000000000000e+00 9.036939984514038571e-01 7.253857497604960791e-01 4.599072128003403037e-01 4.420649934919638757e-01 5.255305769607575561e-01 1.891448737016347970e-01 5.198319039107019979e-01 7.487842088333825918e-01 3.630328119397664977e-01 5.441048327658739581e-01 1.035599789424986872e-01 5.425652261063858006e-01 6.919092178059151887e-01 6.311852955505642404e-01 9.077743575579647617e-01 7.837317644315585641e-01 9.129236777900807676e-01
6.690285764279857439e-01 6.591480832121802136e-01 6.045995251227451739e-01 1.995883318304869647e-01 5.916692548749415970e-01 4.296585544064343010e-01 4.577769424354165562e-01 4.723154838121317312e-01 4.744902218961231100e-01 1.130807002144537110e-01 4.957995427130477140e-01 8.314000417839972901e-01 3.943570947054566567e-01 5.419982425540514903e-01 3.059227661564580814e-01 2.313121376307803456e-01 1.400333977127921070e-02 9.036939984514038571e-01 0.000000000000000000e+00 4.862845527526649669e-01 9.157832630333011537e-01 6.920524156913335778e-01 5.076546136995535585e-01 4.934963217557016280e-01 8.707287913188819228e-01 3.472381628140162602e-01 7.245166172911594593e-01 7.542376830734647264e-01 8.900717703910134837e-01 4.570474298232913846e-01 4.632983293249964274e-01 3.908378911904984987e-01 5.077926610306753297e-01 7.539756662225749473e-01 1.194980263149642008e-01
3.186460182599580304e-01 7.185424867914103064e-01 4.620779898619455928e-01 4.898122550162760658e-01 2.848089298754827858e-01 7.884445584317059108e-01 4.724675350093615611e-01 4.583299616382428554e-01 7.591464926909954336e-01 5.717282782001090746e-01 8.968014151852676807e-02 7.219545505165835264e-01 6.425671159808888921e-01 8.736540005069071135e-01 4.429641937784184469e-01 5.346343346788268169e-01 7.579918905693527886e-01 7.253857497604960791e-01 4.862845527526649669e-01 0.000000000000000000e+00 6.017616772045539797e-01 5.765072856911656052e-01 5.577704522948904176e-01 3.281186630167716167e-01 6.079259486159842574e-01 6.432964343328353429e-01 2.847662661044323418e-01 9.713610775104496442e-01 7.277862456492862897e-01 6.622917094143592198e-01 6.211130828109325819e-01 4.823164714779257234e-01 4.283267503168441404e-01 8.548760583282226655e-01 2.475685356669254933e-02
4.476447583246617734e-01 9.211636308080932700e-01 4.308298833884188772e-01 6.417950117648836272e-01 5.302165220453751715e-01 6.555135127511897419e-01 1.480174753271156218e-01 7.721556462957981370e-01 3.914485890819451308e-01 5.465439916831160705e-01 1.218156180987185477e-01 3.396426900643625402e-01 7.645870386000320762e-01 6.760077791703278383e-01 8.150236131837276243e-01 4.167406051208999429e-01 7.642622796641029836e-01 4.599072128003403037e-01 9.157832630333011537e-01 6.017616772045539797e-01 0.000000000000000000e+00 5.165003093146303126e-02 8.242625245374648468e-01 3.075811176580423023e-01 8.531739580729418293e-01 6.581086168069136821e-01 2.808347484508258995e-01 1.900935051333735304e-01 3.506359348383691898e-02 4.942374338836889591e-01 4.378988031654158508e-01 3.647470832549930542e-01 2.246824329613551496e-01 1.435217062694539303e-01 1.187624112297712697e-01
3.831283684511047061e-01 4.404291289367632811e-01 2.617948806871596146e-01 6.251647016775611077e-01 4.174148625823202452e-01 4.319191312584647613e-01 6.238852717175178419e-01 6.512094544630776527e-01 5.222059784530993509e-01 6.610465246485235369e-01 7.788175319901375904e-01 6.701464667059739977e-01 3.853225687082132422e-01 9.436679913299367284e-02 7.473748523181182879e-01 9.053009460018091037e-02 7.020795002762600934e-01 4.420649934919638757e-01 6.920524156913335778e-01 5.765072856911656052e-01 5.165003093146303126e-02 0.000000000000000000e+00 9.056221284764685020e-01 4.887762868760911483e-01 7.328269117364796248e-01 7.781757819932133557e-02 6.158891214295227901e-01 3.360674686853460935e-01 2.238173483327726698e-01 1.662725106112360463e-01 1.770592414621592892e-01 9.165624594601313735e-01 5.725059814934532199e-01 4.571612434598015806e-01 1.396459570568177044e-01
4.391756990543455030e-01 8.557715021096987673e-01 8.512845306390779410e-01 7.361256322348854741e-01 5.397022569521543467e-01 5.705626299493340436e-01 4.655906346714264177e-01 3.656278404819415240e-01 5.277922900484963709e-01 7.208762630988747588e-01 9.376361220550948339e-01 6.762508356726459890e-01 2.625756880951072292e-01 4.928316798890376438e-01 3.786850956321507478e-01 5.132599770548911255e-01 3.706574235568679265e-01 5.255305769607575561e-01 5.076546136995535585e-01 5.577704522948904176e-01 8.242625245374648468e-01 9.056221284764685020e-01 0.000000000000000000e+00 6.205575046738679434e-01 3.984123526745395605e-01 4.732361429278407750e-01 6.809789911387171824e-01 6.474033270092320880e-01 5.519024544290005441e-01 4.627873266052706103e-01 3.840035874664444182e-01 4.453545466165502176e-01 2.665653938847504234e-01 3.976002362052072359e-01 4.250998012038335605e-01
4.215025473461335714e-01 8.690843739455614836e-01 5.884017252967869149e-01 6.911508633647422961e-01 7.500491363798857947e-01 4.288333447309858881e-01 4.854927836725732582e-01 7.342396043953410834e-01 5.024107959751921149e-01 5.251392726871970673e-01 5.620316244664681493e-01 1.784998840123033226e-01 9.721994682279628819e-01 5.576185415127578038e-01 8.962766824768872986e-01 4.096154964636568585e-01 7.898279485651356069e-01 1.891448737016347970e-01 4.934963217557016280e-01 3.281186630167716167e-01 3.075811176580423023e-01 4.887762868760911483e-01 6.205575046738679434e-01 0.000000000000000000e+00 5.211123377471394980e-01 5.551769615449149153e-01 4.693596507138311225e-01 6.421039246483186691e-01 8.454986866241955834e-01 3.670172650051228280e-01 7.768515693538616818e-01 4.740084042351517812e-01 1.480372441727574317e-01 4.703608426331623016e-01 2.099746499847278125e-01
9.073926043406215225e-01 3.197706705069790489e-01 8.760470891603274746e-01 3.759235455107322599e-01 8.211106285718280384e-01 4.288928734663478570e-01 8.070368364043672971e-01 4.442935379997642875e-01 7.140651519360585731e-01 4.844164985502395493e-01 7.543709252923227471e-01 6.898533080479387625e-01 5.203114270914790396e-01 7.088006521203318311e-01 8.624744958728680633e-01 1.308603123084695063e-01 4.745238499242073749e-01 5.198319039107019979e-01 8.707287913188819228e-01 6.079259486159842574e-01 8.531739580729418293e-01 7.328269117364796248e-01 3.984123526745395605e-01 5.211123377471394980e-01 0.000000000000000000e+00 5.600104734278259500e-01 1.997519439110641004e-01 4.274764695830478023e-01 7.527588620275886822e-01 5.108509057373209483e-01 2.316781266071041845e-01 8.548583061511376702e-01 4.548848179627170696e-01 3.580579904556774884e-01 2.909616364110892972e-01
4.491186581548121670e-01 5.299686263898599758e-01 8.771530738455093346e-01 7.738560950840509545e-01 8.923638227458141614e-02 8.174130057597626120e-01 8.855967344079196391e-01 2.955272333734920154e-01 7.988112397147797417e-01 6.735504666107743343e-01 5.394322514464608975e-01 1.653817719119439200e-01 3.763476156585660037e-01 1.239328331331418509e-01 6.285175126789749322e-01 8.856475311578231313e-01 3.309181430974065252e-01 7.487842088333825918e-01 3.472381628140162602e-01 6.432964343328353429e-01 6.581086168069136821e-01 7.781757819932133557e-02 4.732361429278407750e-01 5.551769615449149153e-01 5.600104734278259500e-01 0.000000000000000000e+00 2.073573040567425751e-01 5.498401082325454770e-01 5.175324888927501643e-01 6.359518114900812868e-01 8.305222853053662035e-01 4.192777495443488767e-01 9.015049564185744213e-01 8.139614020360235180e-01 5.001617062046743722e-01
6.738304500805796238e-01 2.841558134040560457e-01 5.616094459698814934e-01 4.376334638037416847e-01 7.065775675765091357e-01 7.690949802059698914e-01 7.591714405396635668e-01 2.073609199706777373e-01 4.606474103626085337e-01 7.389506541162755848e-01 4.725414883028638546e-01 5.551305403748441059e-01 4.946449233516462818e-01 9.233735637089047765e-01 8.808913157040296760e-01 6.974250389345109102e-01 3.942381209637578210e-01 3.630328119397664977e-01 7.245166172911594593e-01 2.847662661044323418e-01 2.808347484508258995e-01 6.158891214295227901e-01 6.809789911387171824e-01 4.693596507138311225e-01 1.997519439110641004e-01 2.073573040567425751e-01 0.000000000000000000e+00 6.303493398261185154e-01 7.761109963304533288e-01 4.502439515992321395e-01 6.641404881300401186e-01 8.843197686404007385e-01 1.220902443096993917e-01 5.323175645696889280e-01 6.371439450843014995e-01
3.043447231955326848e-01 6.401883729587003469e-01 3.641216492980723363e-01 7.560771025592630812e-01 4.710697193791449910e-01 8.466479751568383172e-01 1.706116514567580511e-01 3.581613562058666433e-01 4.775456055427690361e-01 4.807824722916762550e-01 5.877259399828334008e-01 5.159894994268784396e-01 8.176757782790803342e-01 4.240657235222964339e-01 8.330564799311189761e-01 8.056609367623921436e-01 7.590550354238155828e-01 5.441048327658739581e-01 7.542376830734647264e-01 9.713610775104496442e-01 1.900935051333735304e-01 3.360674686853460935e-01 6.474033270092320880e-01 6.421039246483186691e-01 4.274764695830478023e-01 5.498401082325454770e-01 6.303493398261185154e-01 0.000000000000000000e+00 6.040758297891226647e-01 4.130587997879073270e-01 7.551118702306380825e-01 4.946573240624642098e-01 7.384626439957284738e-01 7.455650562549780425e-01 6.999750388133428869e-01
8.681884506375596722e-01 5.783180430740695321e-01 2.109709554588398706e-01 6.407268706206314945e-02 7.937703142604228823e-01 6.112219137567918015e-01 4.963664155461794958e-01 1.074621231228606311e-01 5.689875360537270943e-01 7.932053444864357594e-01 7.905266172456071327e-01 2.844208705793380698e-01 7.515576936320631507e-01 5.944559198589787208e-01 2.133264888047339269e-01 5.162938119602596965e-01 9.003047739291831775e-01 1.035599789424986872e-01 8.900717703910134837e-01 7.277862456492862897e-01 3.506359348383691898e-02 2.238173483327726698e-01 5.519024544290005441e-01 8.454986866241955834e-01 7.527588620275886822e-01 5.175324888927501643e-01 7.761109963304533288e-01 6.040758297891226647e-01 0.000000000000000000e+00 6.197025741986070813e-01 4.706263933442118574e-01 9.356133546906747478e-01 6.379354058394800520e-01 4.201662562672626722e-01 6.253085012154419031e-01
7.111903110096019498e-01 8.762527493459135730e-01 4.550717474057071055e-01 5.524627466823002209e-01 4.467034125562425739e-01 6.091079988669969580e-01 7.896779480768667536e-02 3.523196843876064133e-01 1.886690430871478252e-01 7.165072620807660941e-01 7.650914310972758425e-01 3.753657714235278942e-01 8.334545093764681445e-01 4.822818105319885973e-01 7.118203778776348578e-01 4.441510163867520844e-01 7.812605599954465241e-01 5.425652261063858006e-01 4.570474298232913846e-01 6.622917094143592198e-01 4.942374338836889591e-01 1.662725106112360463e-01 4.627873266052706103e-01 3.670172650051228280e-01 5.108509057373209483e-01 6.359518114900812868e-01 4.502439515992321395e-01 4.130587997879073270e-01 6.197025741986070813e-01 0.000000000000000000e+00 5.144787503980031707e-01 7.114382248753855498e-01 2.123384395936833702e-01 7.279645726256985805e-01 5.448198267015966767e-01
7.536061253644819047e-01 3.273513774183914316e-01 4.997801450831591552e-01 7.110156806593234124e-01 7.921441869024814508e-01 5.926152464816155652e-01 5.520172543534449527e-01 6.692042140584866239e-01 3.942984020994406702e-01 4.040611914139834449e-01 8.138619419217447692e-01 7.314449166832118765e-01 5.663157008691430683e-01 5.815276530448787451e-01 4.900361765661176427e-01 1.220380530469029612e-01 7.197257036958457643e-01 6.919092178059151887e-01 4.632983293249964274e-01 6.211130828109325819e-01 4.378988031654158508e-01 1.770592414621592892e-01 3.840035874664444182e-01 7.768515693538616818e-01 2.316781266071041845e-01 8.305222853053662035e-01 6.641404881300401186e-01 7.551118702306380825e-01 4.706263933442118574e-01 5.144787503980031707e-01 0.000000000000000000e+00 7.205126566522971343e-01 7.431881561779133394e-01 6.915369513185469774e-01 4.904622671861647576e-01
5.918821214426726041e-01 5.347915891015757595e-01 3.312227193036298423e-01 6.582638124099682297e-01 7.977685260423564850e-01 7.717507137513955895e-01 6.916010600701176791e-01 8.115661770565758548e-01 3.375322899941205490e-01 8.191638987360678748e-01 5.298863007411578341e-01 6.821062237557368180e-01 6.017408600677954800e-01 7.733906705505416701e-01 5.244436878434183269e-01 7.018693749144132576e-01 2.505125325420856086e-01 6.311852955505642404e-01 3.908378911904984987e-01 4.823164714779257234e-01 3.647470832549930542e-01 9.165624594601313735e-01 4.453545466165502176e-01 4.740084042351517812e-01 8.548583061511376702e-01 4.192777495443488767e-01 8.843197686404007385e-01 4.946573240624642098e-01 9.356133546906747478e-01 7.114382248753855498e-01 7.205126566522971343e-01 0.000000000000000000e+00 6.684459289117370417e-01 6.150636785168086540e-01 8.897342006195827491e-01
7.437971665239693220e-01 6.926362840620502448e-01 6.974411044539750026e-01 6.649169355500879064e-01 8.856799490771282146e-01 1.199205190175908209e-01 8.309586314274719498e-01 4.920583262283715897e-01 5.458745533950504214e-01 5.915522007299462981e-01 8.111224665695009328e-01 5.367581199190158969e-01 3.753734092115046939e-01 7.550896587293035589e-01 5.800964478396095636e-01 4.648446946960689830e-01 5.792685468004150628e-01 9.077743575579647617e-01 5.077926610306753297e-01 4.283267503168441404e-01 2.246824329613551496e-01 5.725059814934532199e-01 2.665653938847504234e-01 1.480372441727574317e-01 4.548848179627170696e-01 9.015049564185744213e-01 1.220902443096993917e-01 7.384626439957284738e-01 6.379354058394800520e-01 2.123384395936833702e-01 7.431881561779133394e-01 6.684459289117370417e-01 0.000000000000000000e+00 9.165806051684455280e-02 8.577534155750899947e-01
7.285871441643065882e-01 5.855911660316259759e-01 5.157983323646396778e-01 4.801270191188291570e-01 7.656092077579834676e-01 5.541251219777042492e-01 6.351520225323765700e-01 7.512089796021867993e-01 6.851794305080473046e-01 3.669761397458569108e-01 5.457656385074081129e-01 7.264382484750196989e-01 4.994948718142353528e-01 5.870918157745268484e-01 5.955537221897303501e-01 3.400877711506580248e-01 6.439837852134819851e-01 7.837317644315585641e-01 7.539756662225749473e-01 8.548760583282226655e-01 1.435217062694539303e-01 4.571612434598015806e-01 3.976002362052072359e-01 4.703608426331623016e-01 3.580579904556774884e-01 8.139614020360235180e-01 5.323175645696889280e-01 7.455650562549780425e-01 4.201662562672626722e-01 7.279645726256985805e-01 6.915369513185469774e-01 6.150636785168086540e-01 9.165806051684455280e-02 0.000000000000000000e+00 6.860806419565110836e-01
7.911238052704571144e-01 6.308786850190033491e-01 9.940793924664592662e-02 7.443342915647708224e-01 8.863244085357295798e-01 3.868672331410142329e-01 3.427214307088705114e-01 7.470324375523077487e-01 6.249155673906879871e-01 8.667171354120173365e-01 2.567855599126363519e-01 4.269283372894455697e-01 7.301568460796937776e-01 7.930414633303370930e-01 6.153424589153310142e-01 6.971993312790170094e-02 3.495107382511722927e-01 9.129236777900807676e-01 1.194980263149642008e-01 2.475685356669254933e-02 1.187624112297712697e-01 1.396459570568177044e-01 4.250998012038335605e-01 2.099746499847278125e-01 2.909616364110892972e-01 5.001617062046743722e-01 6.371439450843014995e-01 6.999750388133428869e-01 6.253085012154419031e-01 5.448198267015966767e-01 4.904622671861647576e-01 8.897342006195827491e-01 8.577534155750899947e-01 6.860806419565110836e-01 0.000000000000000000e+00
