0.000000000000000000e+00 3.403638491976829217e-01 7.489843305944792196e-01 5.249579630893353999e-01 3.184567646616637271e-01 7.414440464989506818e-01 1.378557359322659659e-01 7.866127818349326617e-01 4.622858210102439580e-01 2.209921122785181158e-01 1.871061150513850802e-01 2.408572811418777659e-01 5.106599693238627058e-01 4.611436580498006199e-01 3.443241931918287757e-01 5.656215710096637039e-01 6.218767818931230096e-01 3.402188736154945214e-01 8.981252906580963202e-01 5.212347048647874015e-01 5.394983019169401484e-01 4.876056550493889086e-01 4.310806493223963143e-01 6.551575482950211526e-02 5.611339459196437174e-01 3.945696178974185120e-01 4.638928300038003827e-01 4.357415259447758871e-01 8.946801587698322011e-01 4.330831593891959486e-01 5.073159210079241088e-01 8.885943832369340711e-01 5.303243208082546456e-01 4.505846949376660637e-01 2.757448599436038150e-01
3.403638491976829217e-01 0.000000000000000000e+00 3.175818009744744153e-01 7.396921231563992061e-01 8.824030416024345458e-01 3.289686928271510769e-01 6.269711443295009623e-01 8.478210080074893851e-01 6.477200417235983165e-01 7.787451333708870216e-01 5.492944954332044105e-01 4.723987251213440097e-01 5.984057250693977092e-01 4.388438596700904304e-01 4.700124570177750538e-01 4.167772472529254202e-01 3.827950112677173111e-01 2.702870349835873043e-01 6.798238672018963591e-02 1.215413101676720009e-01 7.689886420702554126e-01 5.612931837086840847e-01 4.259524182232209411e-01 3.472780875068441908e-01 8.509984069865126344e-01 1.196844549602202878e-01 4.911228116916635522e-01 6.859958194199951009e-01 1.346500491231502616e-01 2.291374531117325031e-01 7.784304431571495986e-01 7.501332341593071051e-01 5.260683119482064685e-01 7.994397450806696170e-01 3.800707331542003686e-01
7.489843305944792196e-01 3.175818009744744153e-01 0.000000000000000000e+00 5.992019415819742623e-01 3.150055485886931184e-01 6.603946619329690293e-01 5.631005543785716494e-01 1.576417046134274136e-01 2.438626658075862541e-01 3.304964906951224357e-01 4.611507065067367295e-01 2.247995706201645350e-01 5.828573952308013784e-01 5.175564469665642209e-01 1.833294845191955069e-01 9.656490010754121833e-01 8.568226618317978938e-01 5.524242039108668845e-01 6.823263655709577158e-02 2.018607809278183396e-01 3.730286822309435424e-01 5.732065194319014845e-01 4.539553598264887135e-01 4.866223409768536401e-01 6.220980773466073810e-01 8.734739052253515101e-01 7.463219429184531073e-01 5.316468820964541653e-01 4.854259076908162829e-01 5.926673148340546593e-01 4.801866667186974746e-01 2.065532777024172706e-01 7.463886019665783023e-01 8.428613649609815184e-01 6.348813148495571212e-01
5.249579630893353999e-01 7.396921231563992061e-01 5.992019415819742623e-01 0.000000000000000000e+00 1.045773645606981050e-01 1.779444548949837834e-01 5.192623148638234598e-01 6.804053351960561713e-01 5.643514102277664701e-01 8.745863861841659537e-01 9.125322563938651488e-01 4.418100818427488363e-01 5.681987869416720294e-01 4.526999205720682595e-01 6.145475755069667034e-01 5.492766683404201045e-01 3.533610357840096805e-01 7.914861867186817612e-01 4.784910944807615474e-01 6.917015378041566631e-01 8.964267621171517764e-01 5.471914470771740424e-01 4.620216198118245465e-01 4.996177333819207811e-01 4.165400267758004871e-01 5.354723019600557965e-01 7.847313333438236116e-01 7.870346145810949157e-01 4.791996859254455954e-01 4.959721115336490627e-01 5.914192673634136588e-01 5.612119754210178613e-01 5.210683843451703323e-01 7.387678538379004456e-01 6.125457022013647279e-01
3.184567646616637271e-01 8.824030416024345458e-01 3.150055485886931184e-01 1.045773645606981050e-01 0.000000000000000000e+00 5.725657234476562163e-01 2.808018199067642273e-01 6.606182098802535485e-01 4.135407989618473112e-01 5.701928787774619423e-01 6.952104563589676101e-01 6.209550808413194511e-01 5.702645135572582680e-01 4.858227769917997096e-01 1.283539583357395930e-01 7.178971705078025511e-01 4.000250359745605166e-01 5.731827968500826653e-01 4.409794737946106657e-01 5.326847250991377791e-01 5.367039488106262191e-01 5.874393446430321575e-01 4.711881697800420765e-01 6.662708721157093450e-01 2.943197301916073982e-01 6.709049315391812929e-01 5.347772141740270158e-01 1.012043547455333536e-01 6.082807501480469448e-01 9.112939422473742557e-01 5.282625782042169593e-01 9.780056092970651482e-02 1.238999139304131081e-01 6.385002242948660811e-01 6.434640723609050816e-01
7.414440464989506818e-01 3.289686928271510769e-01 6.603946619329690293e-01 1.779444548949837834e-01 5.725657234476562163e-01 0.000000000000000000e+00 7.792267835035093793e-01 5.528380758327167133e-01 1.363063034248032102e-01 5.528519951465804549e-01 8.828769181949829292e-01 4.545342949558828227e-01 4.621913211840583124e-01 4.987514111785018023e-01 2.749559356144150035e-01 5.912149138107912760e-01 4.026199765789164609e-01 5.332117148074501101e-01 5.982059169856195346e-01 6.295813606644534710e-01 7.731101109879733313e-01 5.414267491595815551e-01 5.096087555436286110e-01 5.603046813965631978e-01 4.565029694730817211e-01 2.192438586598002281e-01 8.957670160251486324e-01 4.372393811308805667e-01 4.979903009947055370e-01 8.990518353154537401e-01 1.993935681912206714e-01 7.663696100291954583e-01 6.353916682151720119e-01 9.257472980186702838e-01 6.270797236218773607e-01
1.378557359322659659e-01 6.269711443295009623e-01 5.631005543785716494e-01 5.192623148638234598e-01 2.808018199067642273e-01 7.792267835035093793e-01 0.000000000000000000e+00 5.253460249657211367e-01 3.801781534181423172e-01 7.826414252243458769e-01 1.579225206600509690e-02 7.740803308850525699e-01 9.494982266384177638e-02 9.197303464786210636e-01 3.962239586100775313e-01 7.403483576688962842e-01 6.322518447199579894e-01 6.162882661392597994e-01 3.932030426188403704e-01 6.380220709664079504e-01 9.299646796310627739e-01 2.044697232841865553e-01 5.326865524739714530e-01 6.114246280097640485e-01 3.125169416755092522e-01 6.196090538036354012e-01 4.935777436916050642e-01 5.061405480919597411e-01 8.797042747110794814e-01 3.564460733767176870e-01 3.185676441875971987e-01 4.424381823152449544e-01 6.161505658096204652e-01 4.649033602971168189e-01 7.412082021348886940e-01
7.866127818349326617e-01 8.478210080074893851e-01 1.576417046134274136e-01 6.804053351960561713e-01 6.606182098802535485e-01 5.528380758327167133e-01 5.253460249657211367e-01 0.000000000000000000e+00 5.569175799610784905e-01 8.578824570807577210e-01 2.632465678841641177e-01 5.563166202286740081e-01 5.021008113728298028e-01 5.407568167651699564e-01 5.460999599941303018e-01 5.405962845828493624e-01 8.828760445435812620e-02 5.845242144861577671e-01 3.119831322731743128e-01 6.690472834795342383e-01 4.829849018655453796e-01 1.935895689461170077e-01 6.225799324252312417e-01 4.367957882247835988e-01 5.925939223130239908e-01 4.776427856659166693e-01 4.549238245500503153e-01 3.913186403223899434e-01 8.732850688802252792e-01 3.049984860986288959e-01 6.463833555375885220e-01 1.854930543324172509e-01 8.998816307008927762e-02 1.954502248209766258e-02 5.141637717635282323e-01
4.622858210102439580e-01 6.477200417235983165e-01 2.438626658075862541e-01 5.643514102277664701e-01 4.135407989618473112e-01 1.363063034248032102e-01 3.801781534181423172e-01 5.569175799610784905e-01 0.000000000000000000e+00 4.630035819124488361e-01 6.573727983037818134e-01 8.142638513300135550e-01 3.855048302139418293e-01 9.107068188869739123e-01 6.936079762592797238e-01 2.347106684481738981e-01 7.896586869138280118e-01 4.886682215137337915e-01 4.776720926298486658e-01 6.100324473392448876e-01 9.561494242182215775e-01 6.012638240978288584e-01 4.037786808559037932e-01 2.195382055078863859e-01 3.860105168185409275e-01 1.019655165519476325e-01 7.010243724675799815e-01 5.157377478882866351e-01 8.613938717016387248e-01 3.899709771758494981e-01 5.801648300868388342e-01 4.720282400993713878e-02 1.047592866907934850e-01 8.253688450697734824e-01 2.087475479633857933e-01
2.209921122785181158e-01 7.787451333708870216e-01 3.304964906951224357e-01 8.745863861841659537e-01 5.701928787774619423e-01 5.528519951465804549e-01 7.826414252243458769e-01 8.578824570807577210e-01 4.630035819124488361e-01 0.000000000000000000e+00 4.919420787944345785e-01 3.872040784154373028e-01 2.761102877168836178e-01 1.036992299081092028e-01 6.038955036919464447e-01 7.109085918703142992e-01 7.036613069526144182e-01 6.939895052997456792e-01 6.547862724757379516e-01 1.855207564539268494e-01 4.056429372525490740e-01 2.352750679332438200e-01 6.173406029283451391e-01 4.404218046706737111e-01 3.072211187608853145e-01 2.929869952958299439e-01 5.830101110422530875e-01 4.465848901461330067e-01 6.251286262489845758e-01 5.683149738508828097e-01 3.398497121371532037e-01 5.633358968694446300e-01 1.718506820487590847e-01 4.409805267482303504e-01 8.797344254086711945e-01
1.871061150513850802e-01 5.492944954332044105e-01 4.611507065067367295e-01 9.125322563938651488e-01 6.952104563589676101e-01 8.828769181949829292e-01 1.579225206600509690e-02 2.632465678841641177e-01 6.573727983037818134e-01 4.919420787944345785e-01 0.000000000000000000e+00 4.571032741601144256e-01 4.732607323285333845e-01 5.277182493914647221e-01 7.183430331630238364e-01 6.242541185754985067e-01 5.461298532114464699e-01 8.736989248384625650e-01 1.974397668938236983e-01 5.280356272399262529e-01 4.520834876231529798e-01 9.085692011241979227e-01 1.628904663438428546e-01 6.704152690119782321e-01 6.080300132263161128e-02 2.223990295513932347e-01 8.302289576986018327e-01 8.205263327331699941e-01 3.557741469024168213e-01 3.770374998373619002e-01 1.115913725067902984e-01 5.876198814308908336e-01 4.217099003484175990e-01 5.402057738993755187e-01 3.462974483847035545e-01
2.408572811418777659e-01 4.723987251213440097e-01 2.247995706201645350e-01 4.418100818427488363e-01 6.209550808413194511e-01 4.545342949558828227e-01 7.740803308850525699e-01 5.563166202286740081e-01 8.142638513300135550e-01 3.872040784154373028e-01 4.571032741601144256e-01 0.000000000000000000e+00 4.869631118224139743e-01 2.260950165523821775e-01 7.785901951195681736e-01 4.380302733113752289e-01 7.989816287753126467e-01 6.568868702744189436e-01 5.523924629712655410e-01 3.016220089020248407e-01 1.687346102743864096e-01 3.039184741238283305e-01 5.678812262518566634e-01 8.981693516434258173e-01 4.271554116904101583e-01 5.678694352994888561e-01 6.867842434627190462e-01 4.025996304912430324e-01 7.592312949226358576e-01 8.667992821554321159e-01 8.428544050467126070e-01 2.304164336085405829e-01 3.480954124609589861e-01 4.618653384103785231e-01 6.671883274363132887e-02
5.106599693238627058e-01 5.984057250693977092e-01 5.828573952308013784e-01 5.681987869416720294e-01 5.702645135572582680e-01 4.621913211840583124e-01 9.494982266384177638e-02 5.021008113728298028e-01 3.855048302139418293e-01 2.761102877168836178e-01 4.732607323285333845e-01 4.869631118224139743e-01 0.000000000000000000e+00 6.031638690651117685e-01 4.900583204743418353e-01 4.448375840707586848e-01 6.807997588358152274e-01 4.179240034605669618e-01 7.361111099875791153e-01 5.294052341514874360e-01 7.453427691347391804e-02 4.678779853633728281e-01 3.292314371004863016e-01 3.282483365443991108e-01 8.959371889436229530e-01 7.474887454091614369e-01 8.475009187174484815e-01 5.571574434664074982e-01 4.013852493528794474e-01 6.479222839179485938e-01 8.151068127937829422e-01 6.301587086085782552e-01 7.117310107027519095e-01 1.773485645893105866e-01 3.296061599690252031e-01
4.611436580498006199e-01 4.388438596700904304e-01 5.175564469665642209e-01 4.526999205720682595e-01 4.858227769917997096e-01 4.987514111785018023e-01 9.197303464786210636e-01 5.407568167651699564e-01 9.107068188869739123e-01 1.036992299081092028e-01 5.277182493914647221e-01 2.260950165523821775e-01 6.031638690651117685e-01 0.000000000000000000e+00 2.829550853122415610e-01 4.820672847022408058e-01 6.114503300093316884e-01 6.085311237558984621e-01 1.890278714727334775e-01 7.505304354691016977e-01 8.076411930597806599e-01 9.802710752047816278e-02 6.752554165071120718e-01 4.015269986714286587e-01 4.727619875058429733e-01 9.123161622650782787e-01 5.168616498468887599e-01 5.445661284732692398e-01 5.441704722244106174e-01 3.596986895421538932e-01 4.529876605787042099e-01 7.988876974358853911e-01 5.443933849485727006e-01 6.099452860421538114e-01 5.593177937495830143e-01
3.443241931918287757e-01 4.700124570177750538e-01 1.833294845191955069e-01 6.145475755069667034e-01 1.283539583357395930e-01 2.749559356144150035e-01 3.962239586100775313e-01 5.460999599941303018e-01 6.936079762592797238e-01 6.038955036919464447e-01 7.183430331630238364e-01 7.785901951195681736e-01 4.900583204743418353e-01 2.829550853122415610e-01 0.000000000000000000e+00 6.531674359667674068e-01 5.238175965386497879e-01 3.546965087166797925e-01 1.726076298824827937e-01 1.836593465594464902e-01 5.189127927091233827e-01 8.325446854048285106e-01 5.855792090303744146e-01 1.171218686122506014e-01 2.597985505918682936e-01 4.683633095641818178e-01 6.439491409990056869e-01 5.729672684609341538e-01 9.337824881689211765e-01 2.104361914742615691e-01 3.887891836894197817e-01 5.076988875284790259e-01 3.901200990267459368e-01 8.538756351383329779e-01 7.358406426419161761e-01
5.656215710096637039e-01 4.167772472529254202e-01 9.656490010754121833e-01 5.492766683404201045e-01 7.178971705078025511e-01 5.912149138107912760e-01 7.403483576688962842e-01 5.405962845828493624e-01 2.347106684481738981e-01 7.109085918703142992e-01 6.242541185754985067e-01 4.380302733113752289e-01 4.448375840707586848e-01 4.820672847022408058e-01 6.531674359667674068e-01 0.000000000000000000e+00 3.184513884023879582e-01 3.839312320107054477e-01 6.023381439218183919e-01 7.240592009215747193e-01 6.431041387696536660e-01 4.383085498375117739e-01 1.455085465390181243e-01 4.076013371006548258e-01 8.789946363883315295e-01 4.668410865775873275e-01 3.041957819279521580e-01 5.454206002702080003e-01 4.083086951729270053e-01 3.027669643783378328e-01 7.725615611923906112e-01 5.287445271474398023e-01 3.873541968072455877e-01 7.633103400341174627e-01 9.518608560041807998e-01
6.218767818931230096e-01 3.827950112677173111e-01 8.568226618317978938e-01 3.533610357840096805e-01 4.000250359745605166e-01 4.026199765789164609e-01 6.322518447199579894e-01 8.828760445435812620e-02 7.896586869138280118e-01 7.036613069526144182e-01 5.461298532114464699e-01 7.989816287753126467e-01 6.807997588358152274e-01 6.114503300093316884e-01 5.238175965386497879e-01 3.184513884023879582e-01 0.000000000000000000e+00 6.132087375634973636e-01 5.318512954004750437e-01 2.628524997595103052e-01 2.595411106400564716e-01 6.698292119826760871e-01 2.036547506342493152e-01 7.904204805436150227e-01 5.667251381171705127e-01 3.111729111939037784e-01 1.281819798127684651e-01 5.126268462112393287e-01 7.066237083979415301e-01 5.527517438984517195e-01 8.299205949878021293e-01 5.282354880636440653e-01 4.820609520266745940e-01 8.671879210393096393e-01 7.317510584667973328e-01
3.402188736154945214e-01 2.702870349835873043e-01 5.524242039108668845e-01 7.914861867186817612e-01 5.731827968500826653e-01 5.332117148074501101e-01 6.162882661392597994e-01 5.845242144861577671e-01 4.886682215137337915e-01 6.939895052997456792e-01 8.736989248384625650e-01 6.568868702744189436e-01 4.179240034605669618e-01 6.085311237558984621e-01 3.546965087166797925e-01 3.839312320107054477e-01 6.132087375634973636e-01 0.000000000000000000e+00 2.260167291142964885e-01 4.424515793669452357e-01 2.548471902414360946e-01 1.722783520695402304e-01 7.888951864028648231e-01 9.485606820198104749e-01 9.320258897714582824e-01 2.992889431991423987e-01 5.008311861929859443e-02 9.546736820658796585e-02 6.569809065520594293e-01 4.066720308275363349e-01 6.892591241702670235e-01 3.278531253717517635e-01 5.005144318270353665e-01 5.556562440144157122e-01 5.590856880299508447e-01
8.981252906580963202e-01 6.798238672018963591e-02 6.823263655709577158e-02 4.784910944807615474e-01 4.409794737946106657e-01 5.982059169856195346e-01 3.932030426188403704e-01 3.119831322731743128e-01 4.776720926298486658e-01 6.547862724757379516e-01 1.974397668938236983e-01 5.523924629712655410e-01 7.361111099875791153e-01 1.890278714727334775e-01 1.726076298824827937e-01 6.023381439218183919e-01 5.318512954004750437e-01 2.260167291142964885e-01 0.000000000000000000e+00 4.105551277133241972e-01 3.948459388344963683e-01 1.940235921547587283e-01 3.617033028584905052e-01 9.326257420158867717e-02 2.706410720144880599e-01 1.501007239622259570e-01 2.483566859548431704e-01 5.347351128443451618e-01 6.467080734511705398e-01 2.890172847924716848e-01 2.901029447160834440e-01 5.204719979103713534e-01 6.487075867993685740e-01 8.486921974916636913e-01 4.809649095334495028e-01
5.212347048647874015e-01 1.215413101676720009e-01 2.018607809278183396e-01 6.917015378041566631e-01 5.326847250991377791e-01 6.295813606644534710e-01 6.380220709664079504e-01 6.690472834795342383e-01 6.100324473392448876e-01 1.855207564539268494e-01 5.280356272399262529e-01 3.016220089020248407e-01 5.294052341514874360e-01 7.505304354691016977e-01 1.836593465594464902e-01 7.240592009215747193e-01 2.628524997595103052e-01 4.424515793669452357e-01 4.105551277133241972e-01 0.000000000000000000e+00 3.510695852401989336e-01 7.256124081263948256e-01 9.903607796037716682e-03 9.043226096646460599e-01 6.355480851140662413e-01 4.903063245660855829e-01 3.667029302584126627e-01 7.706587196351005753e-01 3.670962894965493772e-01 4.047442402056186661e-01 7.633512283215353467e-01 4.603938513830085899e-01 1.179414975849640834e-01 2.414975119908411849e-01 6.019689339694573871e-01
5.394983019169401484e-01 7.689886420702554126e-01 3.730286822309435424e-01 8.964267621171517764e-01 5.367039488106262191e-01 7.731101109879733313e-01 9.299646796310627739e-01 4.829849018655453796e-01 9.561494242182215775e-01 4.056429372525490740e-01 4.520834876231529798e-01 1.687346102743864096e-01 7.453427691347391804e-02 8.076411930597806599e-01 5.189127927091233827e-01 6.431041387696536660e-01 2.595411106400564716e-01 2.548471902414360946e-01 3.948459388344963683e-01 3.510695852401989336e-01 0.000000000000000000e+00 7.448585089414494487e-02 8.465975263286330543e-01 7.531279766627745342e-01 7.896323624260543905e-01 6.809705096080117537e-01 3.858577007789784630e-01 2.520160299952663441e-01 4.320669709269893133e-01 4.707218179251815293e-02 6.602307915449856512e-01 1.639329176976936919e-01 2.511313983278062878e-01 5.116546865801619992e-01 5.543140821702222665e-01
4.876056550493889086e-01 5.612931837086840847e-01 5.732065194319014845e-01 5.471914470771740424e-01 5.874393446430321575e-01 5.414267491595815551e-01 2.044697232841865553e-01 1.935895689461170077e-01 6.012638240978288584e-01 2.352750679332438200e-01 9.085692011241979227e-01 3.039184741238283305e-01 4.678779853633728281e-01 9.802710752047816278e-02 8.325446854048285106e-01 4.383085498375117739e-01 6.698292119826760871e-01 1.722783520695402304e-01 1.940235921547587283e-01 7.256124081263948256e-01 7.448585089414494487e-02 0.000000000000000000e+00 1.173038572349018871e-01 3.689649395664682530e-01 3.170808505803721644e-01 5.774286088273724582e-01 7.568287757812843797e-01 5.538029773433450487e-01 3.922445842252628156e-01 9.031422068082085586e-01 8.093572169136303840e-01 6.149378202259752069e-01 4.431344855753617806e-01 7.526916948225000903e-01 9.406905608259555907e-01
4.310806493223963143e-01 4.259524182232209411e-01 4.539553598264887135e-01 4.620216198118245465e-01 4.711881697800420765e-01 5.096087555436286110e-01 5.326865524739714530e-01 6.225799324252312417e-01 4.037786808559037932e-01 6.173406029283451391e-01 1.628904663438428546e-01 5.678812262518566634e-01 3.292314371004863016e-01 6.752554165071120718e-01 5.855792090303744146e-01 1.455085465390181243e-01 2.036547506342493152e-01 7.888951864028648231e-01 3.617033028584905052e-01 9.903607796037716682e-03 8.465975263286330543e-01 1.173038572349018871e-01 0.000000000000000000e+00 5.906900384604394372e-01 5.892051466798879922e-01 5.741973567138721757e-01 7.167326935572451152e-01 2.116775536211163988e-01 5.725732733958412979e-01 3.375428561807837236e-01 3.699334044581995551e-01 2.145058209669762905e-01 6.911476282957951245e-01 6.100470598022494917e-01 3.495869585746136377e-01
6.551575482950211526e-02 3.472780875068441908e-01 4.866223409768536401e-01 4.996177333819207811e-01 6.662708721157093450e-01 5.603046813965631978e-01 6.114246280097640485e-01 4.367957882247835988e-01 2.195382055078863859e-01 4.404218046706737111e-01 6.704152690119782321e-01 8.981693516434258173e-01 3.282483365443991108e-01 4.015269986714286587e-01 1.171218686122506014e-01 4.076013371006548258e-01 7.904204805436150227e-01 9.485606820198104749e-01 9.326257420158867717e-02 9.043226096646460599e-01 7.531279766627745342e-01 3.689649395664682530e-01 5.906900384604394372e-01 0.000000000000000000e+00 2.271657087965137656e-01 1.780574934116299080e-01 5.785154550369908666e-01 6.579389227685217278e-01 3.510390838258926061e-01 3.583739911320234506e-01 6.528990576711157789e-01 7.553589134472745714e-01 2.864427238848452628e-01 4.657637645708410656e-01 3.849944009433006187e-01
5.611339459196437174e-01 8.509984069865126344e-01 6.220980773466073810e-01 4.165400267758004871e-01 2.943197301916073982e-01 4.565029694730817211e-01 3.125169416755092522e-01 5.925939223130239908e-01 3.860105168185409275e-01 3.072211187608853145e-01 6.080300132263161128e-02 4.271554116904101583e-01 8.959371889436229530e-01 4.727619875058429733e-01 2.597985505918682936e-01 8.789946363883315295e-01 5.667251381171705127e-01 9.320258897714582824e-01 2.706410720144880599e-01 6.355480851140662413e-01 7.896323624260543905e-01 3.170808505803721644e-01 5.892051466798879922e-01 2.271657087965137656e-01 0.000000000000000000e+00 6.922505181533835650e-01 6.697541098401981197e-01 9.901584879151978935e-01 3.023127708639647970e-01 4.509950656938979119e-01 5.531956600939806901e-01 3.781641868379466143e-01 5.710608821696059323e-01 3.671693191130845912e-01 7.971895564917083066e-01
3.945696178974185120e-01 1.196844549602202878e-01 8.734739052253515101e-01 5.354723019600557965e-01 6.709049315391812929e-01 2.192438586598002281e-01 6.196090538036354012e-01 4.776427856659166693e-01 1.019655165519476325e-01 2.929869952958299439e-01 2.223990295513932347e-01 5.678694352994888561e-01 7.474887454091614369e-01 9.123161622650782787e-01 4.683633095641818178e-01 4.668410865775873275e-01 3.111729111939037784e-01 2.992889431991423987e-01 1.501007239622259570e-01 4.903063245660855829e-01 6.809705096080117537e-01 5.774286088273724582e-01 5.741973567138721757e-01 1.780574934116299080e-01 6.922505181533835650e-01 0.000000000000000000e+00 6.035224331129278585e-01 8.849955063775102326e-01 4.084895125628846824e-01 8.212892617687472807e-01 7.675626072553277668e-01 6.495390865169281547e-01 1.942056785345197545e-01 1.262379321199339488e-01 7.706271034667586672e-01
4.638928300038003827e-01 4.911228116916635522e-01 7.463219429184531073e-01 7.847313333438236116e-01 5.347772141740270158e-01 8.957670160251486324e-01 4.935777436916050642e-01 4.549238245500503153e-01 7.010243724675799815e-01 5.830101110422530875e-01 8.302289576986018327e-01 6.867842434627190462e-01 8.475009187174484815e-01 5.168616498468887599e-01 6.439491409990056869e-01 3.041957819279521580e-01 1.281819798127684651e-01 5.008311861929859443e-02 2.483566859548431704e-01 3.667029302584126627e-01 3.858577007789784630e-01 7.568287757812843797e-01 7.167326935572451152e-01 5.785154550369908666e-01 6.697541098401981197e-01 6.035224331129278585e-01 0.000000000000000000e+00 5.955919915844214430e-01 2.637385684612351122e-01 2.292671100224193959e-01 6.316778434878593806e-01 5.768715486189703867e-01 7.274283373619669923e-01 1.811692456742810542e-01 6.245126241123835076e-01
4.357415259447758871e-01 6.859958194199951009e-01 5.316468820964541653e-01 7.870346145810949157e-01 1.012043547455333536e-01 4.372393811308805667e-01 5.061405480919597411e-01 3.913186403223899434e-01 5.157377478882866351e-01 4.465848901461330067e-01 8.205263327331699941e-01 4.025996304912430324e-01 5.571574434664074982e-01 5.445661284732692398e-01 5.729672684609341538e-01 5.454206002702080003e-01 5.126268462112393287e-01 9.546736820658796585e-02 5.347351128443451618e-01 7.706587196351005753e-01 2.520160299952663441e-01 5.538029773433450487e-01 2.116775536211163988e-01 6.579389227685217278e-01 9.901584879151978935e-01 8.849955063775102326e-01 5.955919915844214430e-01 0.000000000000000000e+00 3.685395101606172563e-01 2.955170465939191415e-01 2.246785026277960950e-01 6.615283375757824436e-01 4.705863839231331225e-01 4.559775771195859750e-01 2.148022140819598746e-01
8.946801587698322011e-01 1.346500491231502616e-01 4.854259076908162829e-01 4.791996859254455954e-01 6.082807501480469448e-01 4.979903009947055370e-01 8.797042747110794814e-01 8.732850688802252792e-01 8.613938717016387248e-01 6.251286262489845758e-01 3.557741469024168213e-01 7.592312949226358576e-01 4.013852493528794474e-01 5.441704722244106174e-01 9.337824881689211765e-01 4.083086951729270053e-01 7.066237083979415301e-01 6.569809065520594293e-01 6.467080734511705398e-01 3.670962894965493772e-01 4.320669709269893133e-01 3.922445842252628156e-01 5.725732733958412979e-01 3.510390838258926061e-01 3.023127708639647970e-01 4.084895125628846824e-01 2.637385684612351122e-01 3.685395101606172563e-01 0.000000000000000000e+00 8.482892511910306022e-01 5.090449622983561628e-01 5.168866487509099494e-01 3.616744992436018435e-01 8.258043164343142895e-01 6.243507448950289529e-01
4.330831593891959486e-01 2.291374531117325031e-01 5.926673148340546593e-01 4.959721115336490627e-01 9.112939422473742557e-01 8.990518353154537401e-01 3.564460733767176870e-01 3.049984860986288959e-01 3.899709771758494981e-01 5.683149738508828097e-01 3.770374998373619002e-01 8.667992821554321159e-01 6.479222839179485938e-01 3.596986895421538932e-01 2.104361914742615691e-01 3.027669643783378328e-01 5.527517438984517195e-01 4.066720308275363349e-01 2.890172847924716848e-01 4.047442402056186661e-01 4.707218179251815293e-02 9.031422068082085586e-01 3.375428561807837236e-01 3.583739911320234506e-01 4.509950656938979119e-01 8.212892617687472807e-01 2.292671100224193959e-01 2.955170465939191415e-01 8.482892511910306022e-01 0.000000000000000000e+00 4.669246552584485621e-01 4.890708337052339649e-01 1.464334679377464754e-01 5.607453251115608328e-01 1.353643518559839443e-01
5.073159210079241088e-01 7.784304431571495986e-01 4.801866667186974746e-01 5.914192673634136588e-01 5.282625782042169593e-01 1.993935681912206714e-01 3.185676441875971987e-01 6.463833555375885220e-01 5.801648300868388342e-01 3.398497121371532037e-01 1.115913725067902984e-01 8.428544050467126070e-01 8.151068127937829422e-01 4.529876605787042099e-01 3.887891836894197817e-01 7.725615611923906112e-01 8.299205949878021293e-01 6.892591241702670235e-01 2.901029447160834440e-01 7.633512283215353467e-01 6.602307915449856512e-01 8.093572169136303840e-01 3.699334044581995551e-01 6.528990576711157789e-01 5.531956600939806901e-01 7.675626072553277668e-01 6.316778434878593806e-01 2.246785026277960950e-01 5.090449622983561628e-01 4.669246552584485621e-01 0.000000000000000000e+00 4.853631485238675269e-01 4.335716471636283931e-01 5.379670521267595484e-01 4.125316643954399787e-01
8.885943832369340711e-01 7.501332341593071051e-01 2.065532777024172706e-01 5.612119754210178613e-01 9.780056092970651482e-02 7.663696100291954583e-01 4.424381823152449544e-01 1.854930543324172509e-01 4.720282400993713878e-02 5.633358968694446300e-01 5.876198814308908336e-01 2.304164336085405829e-01 6.301587086085782552e-01 7.988876974358853911e-01 5.076988875284790259e-01 5.287445271474398023e-01 5.282354880636440653e-01 3.278531253717517635e-01 5.204719979103713534e-01 4.603938513830085899e-01 1.639329176976936919e-01 6.149378202259752069e-01 2.145058209669762905e-01 7.553589134472745714e-01 3.781641868379466143e-01 6.495390865169281547e-01 5.768715486189703867e-01 6.615283375757824436e-01 5.168866487509099494e-01 4.890708337052339649e-01 4.853631485238675269e-01 0.000000000000000000e+00 8.360989719200685455e-01 6.889193069237783407e-01 7.683630980677153000e-01
5.303243208082546456e-01 5.260683119482064685e-01 7.463886019665783023e-01 5.210683843451703323e-01 1.238999139304131081e-01 6.353916682151720119e-01 6.161505658096204652e-01 8.998816307008927762e-02 1.047592866907934850e-01 1.718506820487590847e-01 4.217099003484175990e-01 3.480954124609589861e-01 7.117310107027519095e-01 5.443933849485727006e-01 3.901200990267459368e-01 3.873541968072455877e-01 4.820609520266745940e-01 5.005144318270353665e-01 6.487075867993685740e-01 1.179414975849640834e-01 2.511313983278062878e-01 4.431344855753617806e-01 6.911476282957951245e-01 2.864427238848452628e-01 5.710608821696059323e-01 1.942056785345197545e-01 7.274283373619669923e-01 4.705863839231331225e-01 3.616744992436018435e-01 1.464334679377464754e-01 4.335716471636283931e-01 8.360989719200685455e-01 0.000000000000000000e+00 2.282195695707898153e-01 7.220225375610250795e-01
4.505846949376660637e-01 7.994397450806696170e-01 8.428613649609815184e-01 7.387678538379004456e-01 6.385002242948660811e-01 9.257472980186702838e-01 4.649033602971168189e-01 1.954502248209766258e-02 8.253688450697734824e-01 4.409805267482303504e-01 5.402057738993755187e-01 4.618653384103785231e-01 1.773485645893105866e-01 6.099452860421538114e-01 8.538756351383329779e-01 7.633103400341174627e-01 8.671879210393096393e-01 5.556562440144157122e-01 8.486921974916636913e-01 2.414975119908411849e-01 5.116546865801619992e-01 7.526916948225000903e-01 6.100470598022494917e-01 4.657637645708410656e-01 3.671693191130845912e-01 1.262379321199339488e-01 1.811692456742810542e-01 4.559775771195859750e-01 8.258043164343142895e-01 5.607453251115608328e-01 5.379670521267595484e-01 6.889193069237783407e-01 2.282195695707898153e-01 0.000000000000000000e+00 8.777224665770829715e-01
2.757448599436038150e-01 3.800707331542003686e-01 6.348813148495571212e-01 6.125457022013647279e-01 6.434640723609050816e-01 6.270797236218773607e-01 7.412082021348886940e-01 5.141637717635282323e-01 2.087475479633857933e-01 8.797344254086711945e-01 3.462974483847035545e-01 6.671883274363132887e-02 3.296061599690252031e-01 5.593177937495830143e-01 7.358406426419161761e-01 9.518608560041807998e-01 7.317510584667973328e-01 5.590856880299508447e-01 4.809649095334495028e-01 6.019689339694573871e-01 5.543140821702222665e-01 9.406905608259555907e-01 3.495869585746136377e-01 3.849944009433006187e-01 7.971895564917083066e-01 7.706271034667586672e-01 6.245126241123835076e-01 2.148022140819598746e-01 6.243507448950289529e-01 1.353643518559839443e-01 4.125316643954399787e-01 7.683630980677153000e-01 7.220225375610250795e-01 8.777224665770829715e-01 0.000000000000000000e+00
