0.000000000000000000e+00 5.259232962370556930e-01 7.886283637427762283e-01 3.698486398435294475e-01 6.207939571770594300e-01 5.142146092120405410e-01 3.115138501174403718e-01 5.077071315883422420e-01 5.434527838030711600e-01 3.678350514687841466e-01 3.287650370483272688e-01 5.808252099991595419e-01 8.935285492052995604e-01 5.118067381270747784e-01 2.473183258379655358e-01 3.478992384743277988e-01 1.789633818375711560e-01 5.490036922290614241e-01 5.725688122449481554e-01 1.788418587900181267e-01 2.974954763377810063e-01 4.136924960732126788e-01 5.735888153343546847e-01 7.999067030556021862e-01 6.577999902295016410e-01 3.097055359690181753e-01 5.972473438053536032e-01 3.547262448800134749e-01 3.908153089408740177e-01 5.682528566184228414e-01 5.276483733868972958e-01 6.456890654303121257e-01 4.489752499194805679e-01 4.419496823708078947e-01 2.823918001517521370e-01
5.259232962370556930e-01 0.000000000000000000e+00 7.185821505538655396e-01 4.567881872839487656e-01 4.075236754693498664e-01 3.152147082682819068e-01 3.729506211406622973e-01 3.906643884355489593e-01 6.763049276714445668e-01 3.253375382998138221e-01 6.327275368051116233e-01 7.591134226460809487e-01 6.821835177960975383e-01 8.675300774494336675e-01 4.968043135011823708e-01 5.322448316103143284e-01 5.296209421572318776e-01 4.036055593872507896e-01 4.829558003724103710e-01 3.816148688710375159e-01 3.651825095573497104e-01 2.223855999407974293e-01 9.355971663547624217e-02 2.894872682435124522e-01 5.617161375307837545e-01 7.396908426167867479e-01 5.110126068266650501e-01 5.490718848229423354e-01 7.662079224708353564e-01 8.648331329540578372e-01 1.472332605642322489e-01 8.225502835919256128e-01 8.793652578804076470e-01 4.739762540391291301e-01 4.394050175274671344e-01
7.886283637427762283e-01 7.185821505538655396e-01 0.000000000000000000e+00 8.165993284459186485e-01 6.167656185864633933e-02 2.020119438647716703e-01 4.768016706661689641e-01 6.860642474595212148e-01 6.823324844186240412e-01 5.687600207950257447e-01 6.218253127410766634e-02 1.556802928745547598e-01 4.191629840205145507e-01 5.310430914796133717e-01 6.634278725083971873e-01 8.322499179951697856e-01 7.837451114152302889e-01 1.490933710190820438e-01 5.002361625730121775e-01 3.625237422215864536e-01 6.091158713846894779e-01 6.002367719690504533e-01 8.295433907904471438e-01 3.401401486729052071e-01 5.029246033616516787e-01 4.351713538431309369e-01 5.216032409676294446e-01 2.788161413182849713e-01 3.493256771201991295e-01 8.001366846438757729e-01 1.178065706379793909e-01 5.781419984594036166e-01 4.692978877008599503e-01 1.249763244301035914e-01 7.408877574373814445e-01
3.698486398435294475e-01 4.567881872839487656e-01 8.165993284459186485e-01 0.000000000000000000e+00 8.044425023058059399e-01 3.071062926443021146e-01 4.307798147179376924e-01 6.046231744118220064e-01 6.388256002267393985e-01 5.150362461590853869e-01 4.157474846895112819e-01 6.531755421311583598e-01 6.568925255232052063e-01 7.334330059872735674e-01 7.202263216801576551e-01 8.226922607875929438e-01 6.016439354822356034e-01 9.154682673670955229e-02 3.793733470618615433e-01 5.101896411715404200e-01 8.794845950685099556e-01 6.834830625828447470e-01 6.027552717019473150e-01 4.715070066973139906e-01 8.540125722483720150e-01 4.117763355752419585e-01 6.782690095131536090e-01 3.419484979359286303e-01 1.510573119639685435e-01 6.819757849271386174e-01 7.101941727009392080e-01 6.644419657968103632e-02 2.624350063607615580e-01 6.384319946803386214e-01 4.445462136643961726e-01
6.207939571770594300e-01 4.075236754693498664e-01 6.167656185864633933e-02 8.044425023058059399e-01 0.000000000000000000e+00 2.023550660032871207e-01 7.080558632041411560e-02 2.367264315059990909e-01 5.868443072659208504e-01 5.610523306393068177e-01 5.611859167273537397e-01 3.966052966199881125e-01 8.719898170189910314e-01 4.349815696358920736e-01 4.905168945243045253e-01 5.218045527713848220e-01 3.327269670184269668e-01 1.504580217553368460e-01 5.874551697744614387e-01 4.121237485447283300e-01 3.929046451878391855e-01 3.116255660575050213e-01 5.990596185904597526e-01 4.218801272681212966e-01 6.267588214107805422e-01 2.722503223164421948e-01 1.385874722157255934e-01 4.224897814856469758e-01 2.640434184657203254e-01 5.492278697059020942e-01 1.555156862812793750e-01 1.282600842905186056e-01 9.152552950945388455e-01 3.896826618690487631e-01 3.159013004194473062e-01
5.142146092120405410e-01 3.152147082682819068e-01 2.020119438647716703e-01 3.071062926443021146e-01 2.023550660032871207e-01 0.000000000000000000e+00 6.361783042945472477e-01 6.999217078823587457e-01 6.691420174134968812e-01 4.205926088242725736e-01 2.539820311117331197e-01 5.798775880096952440e-01 3.540227667234340236e-01 1.495613995722611111e-02 5.180873491467845593e-01 3.405226730707434091e-01 5.080720586587242904e-01 4.016285778109371929e-01 5.574820024166173837e-01 4.659952739998988736e-01 3.838684079077271383e-01 7.162963504493823352e-01 5.111272597920133443e-01 4.615509537282730945e-01 9.588175833867389475e-01 1.952756382269669189e-01 1.299997358559751293e-01 5.251594499855594123e-01 2.704772973168972916e-01 3.151424976622060337e-01 5.570717034540857426e-01 2.142620341019720875e-01 3.314756054849137268e-01 4.870722386632584389e-01 6.783097867141760773e-01
3.115138501174403718e-01 3.729506211406622973e-01 4.768016706661689641e-01 4.307798147179376924e-01 7.080558632041411560e-02 6.361783042945472477e-01 0.000000000000000000e+00 3.901383201036726645e-01 5.196234449150564094e-01 4.925319354149461648e-01 7.293732562832156985e-01 5.705793110958067293e-01 6.738674893052154502e-01 4.367665972398879770e-01 4.222579229891278985e-01 3.498914914618306837e-01 7.554020391336210283e-01 5.464940844246977125e-01 5.420073553445539094e-01 5.177509622714885351e-01 4.443710405068302949e-01 9.036118459748863074e-01 4.712052829384634212e-01 4.704383780531647408e-01 3.534619789291865155e-01 8.899778911621911703e-01 3.643205077453193219e-01 3.378010436542436823e-01 5.293556182827310330e-01 6.877714123877658459e-01 7.716386963417500855e-01 4.945051195661965826e-01 3.635271834144887526e-01 8.058337048516972523e-01 6.195243995838308759e-01
5.077071315883422420e-01 3.906643884355489593e-01 6.860642474595212148e-01 6.046231744118220064e-01 2.367264315059990909e-01 6.999217078823587457e-01 3.901383201036726645e-01 0.000000000000000000e+00 6.800255909244106167e-01 5.896057232811675597e-01 4.792910328374516138e-01 8.234264363731431668e-01 7.960249374524497323e-01 3.714306719734631335e-01 5.332559090192955376e-01 3.860173262694693852e-01 6.138042207462033328e-01 8.297838124223422263e-02 6.159704114463770974e-02 3.550166950429959334e-01 5.843738633118873427e-01 6.072374833230410607e-01 4.542140655378344438e-01 3.354620115048700946e-01 7.784164486019302664e-01 8.154281323623607802e-01 5.337202825369691261e-01 5.795285368280926885e-01 8.269682025997380226e-01 9.081132053018174943e-01 7.373309415084237095e-01 3.571884031510976776e-01 3.692579635018602424e-01 4.507850637579848829e-01 2.954951061701143189e-01
5.434527838030711600e-01 6.763049276714445668e-01 6.823324844186240412e-01 6.388256002267393985e-01 5.868443072659208504e-01 6.691420174134968812e-01 5.196234449150564094e-01 6.800255909244106167e-01 0.000000000000000000e+00 7.760515173669684241e-01 8.258856488443124810e-01 3.161270228434345242e-01 7.238533299666654042e-01 3.881312361785074216e-01 7.366128048876345868e-01 5.390267805315318572e-01 3.473520076920353361e-01 4.936655660169063653e-01 3.422845524871097611e-01 6.224567832412921664e-01 7.304540106732870797e-01 5.179510833189768793e-01 4.815616211690953996e-01 3.687815912435008503e-01 4.399377250287314078e-01 8.092480238441592810e-01 3.217970617641213726e-01 8.075946927995664160e-01 5.774931664724648472e-01 3.384220797099057876e-01 4.196970370054917687e-01 4.307033684419270814e-01 4.006128995863563746e-01 1.273711600344815675e-01 2.189984179385945917e-01
3.678350514687841466e-01 3.253375382998138221e-01 5.687600207950257447e-01 5.150362461590853869e-01 5.610523306393068177e-01 4.205926088242725736e-01 4.925319354149461648e-01 5.896057232811675597e-01 7.760515173669684241e-01 0.000000000000000000e+00 3.177379419733734056e-01 7.891910190570434747e-01 7.008245468344287410e-01 6.738702957146216477e-01 5.975429340465323591e-01 2.849702615582084819e-01 5.648114080367940826e-01 4.721057336775531521e-01 1.488249994947239974e-01 5.976005991717059374e-01 8.493158895708600165e-01 5.207209145069815470e-01 5.032154990322857957e-01 4.650569236985814259e-01 2.477146894795797527e-01 1.145414780483366979e-01 3.924948956888535401e-01 1.917330876858747146e-02 9.577125153806784752e-01 3.024794156628910491e-01 5.553616567744235066e-01 4.057000466400738081e-01 3.217519232657932715e-01 5.678682871769294982e-01 4.246804663695817883e-01
3.287650370483272688e-01 6.327275368051116233e-01 6.218253127410766634e-02 4.157474846895112819e-01 5.611859167273537397e-01 2.539820311117331197e-01 7.293732562832156985e-01 4.792910328374516138e-01 8.258856488443124810e-01 3.177379419733734056e-01 0.000000000000000000e+00 4.502558268353676341e-01 3.059240862613900047e-01 6.602541567023592073e-01 6.567994888022764544e-01 9.727712355433020264e-01 2.648455711591173878e-01 7.444334635605434070e-01 9.580226808934573235e-01 4.382425657329151458e-01 5.853691101067854952e-01 6.182736248163118731e-01 5.162924360666120149e-01 7.507357434725689949e-01 7.312495696180372207e-01 9.243954567804244515e-01 6.980447249931329701e-01 2.640806302427075591e-01 2.061657417373295997e-01 4.838830144649859388e-01 2.982173596553700512e-01 6.131857163452012482e-01 4.177326722440093398e-01 3.443289692737528385e-01 8.398845830846870530e-01
5.808252099991595419e-01 7.591134226460809487e-01 1.556802928745547598e-01 6.531755421311583598e-01 3.966052966199881125e-01 5.798775880096952440e-01 5.705793110958067293e-01 8.234264363731431668e-01 3.161270228434345242e-01 7.891910190570434747e-01 4.502558268353676341e-01 0.000000000000000000e+00 1.211858769365279365e-01 9.533891783547179255e-01 4.799436639577657759e-01 6.787642402588414114e-01 6.103300056737459567e-02 2.927740153760404196e-01 8.087219123441049540e-01 5.879444970313334462e-01 3.988214932806239954e-01 7.758440089603567680e-01 6.528013354817915337e-01 2.043856873312565048e-01 3.855686883956818134e-01 2.322503175553033983e-01 7.378802936137301982e-01 6.145497096977972085e-01 5.155253430780576407e-01 6.070686974982159034e-01 5.747979833211348533e-01 4.085492098942106742e-01 9.198426434215045688e-02 5.880862909920028248e-01 6.110291005850680968e-01
8.935285492052995604e-01 6.821835177960975383e-01 4.191629840205145507e-01 6.568925255232052063e-01 8.719898170189910314e-01 3.540227667234340236e-01 6.738674893052154502e-01 7.960249374524497323e-01 7.238533299666654042e-01 7.008245468344287410e-01 3.059240862613900047e-01 1.211858769365279365e-01 0.000000000000000000e+00 8.184446001649270386e-02 9.903769950560126212e-02 1.471855399962634925e-01 4.198010995335762496e-01 5.083224987992432942e-01 3.336718599237671889e-01 5.086642458826582391e-01 5.249575189753541427e-01 8.020263411828568723e-01 4.551940451749205141e-01 5.613507497580003669e-01 7.175633011198236932e-01 3.942985309424056339e-01 2.419467871583580454e-01 4.390005236114785658e-01 6.280311782798315701e-01 5.111696639243663576e-01 3.621200446749742174e-01 6.805684936942406615e-01 3.234036532484022564e-01 6.278999916659022684e-01 3.249246393110154507e-01
5.118067381270747784e-01 8.675300774494336675e-01 5.310430914796133717e-01 7.334330059872735674e-01 4.349815696358920736e-01 1.495613995722611111e-02 4.367665972398879770e-01 3.714306719734631335e-01 3.881312361785074216e-01 6.738702957146216477e-01 6.602541567023592073e-01 9.533891783547179255e-01 8.184446001649270386e-02 0.000000000000000000e+00 6.304450897722720937e-01 4.901595242064988867e-01 3.362000676205754157e-01 8.137667942065203164e-01 3.425010582113507951e-01 7.683688106067312340e-01 1.543441352418826185e-01 6.002357384087919634e-01 6.779485183875089138e-02 8.070843659760884581e-01 6.157115001432142964e-01 6.768408621971264694e-01 7.981305940705278879e-01 5.828707389902354485e-01 4.022570402908745568e-01 5.099810060785416876e-01 5.825417157839150040e-01 2.873630398537777575e-01 8.990588848828928725e-01 4.113651698956006797e-01 6.663635211507192846e-01
2.473183258379655358e-01 4.968043135011823708e-01 6.634278725083971873e-01 7.202263216801576551e-01 4.905168945243045253e-01 5.180873491467845593e-01 4.222579229891278985e-01 5.332559090192955376e-01 7.366128048876345868e-01 5.975429340465323591e-01 6.567994888022764544e-01 4.799436639577657759e-01 9.903769950560126212e-02 6.304450897722720937e-01 0.000000000000000000e+00 2.998451916491589597e-01 4.228465833653907158e-01 3.933712512630994640e-01 7.099785688556381480e-02 9.242842867557732323e-02 5.121572621806740333e-01 8.111853178489780714e-01 6.539900202719783895e-01 5.538396774727110117e-01 5.528145232809510423e-01 5.405342606082382817e-01 6.827641150671175385e-01 2.657323039507719642e-02 5.944375625764863891e-01 6.281354117854280883e-01 4.984927673220810318e-01 5.841654842135695080e-01 4.659844088482744673e-01 9.478566524630325230e-01 8.021712259819853141e-01
3.478992384743277988e-01 5.322448316103143284e-01 8.322499179951697856e-01 8.226922607875929438e-01 5.218045527713848220e-01 3.405226730707434091e-01 3.498914914618306837e-01 3.860173262694693852e-01 5.390267805315318572e-01 2.849702615582084819e-01 9.727712355433020264e-01 6.787642402588414114e-01 1.471855399962634925e-01 4.901595242064988867e-01 2.998451916491589597e-01 0.000000000000000000e+00 6.928831202955013646e-01 7.836045645233465917e-01 7.270193978297150306e-01 1.998804413716949724e-01 6.016918836096474266e-01 5.777648549161350511e-01 2.919459421928050080e-01 7.482013218665680698e-01 6.875910758524722555e-01 3.418195769688798791e-01 5.736259447651823606e-01 4.747090249653105332e-01 2.276782497334731703e-01 8.074506478636922502e-01 3.194240242548819220e-01 2.996467508216311693e-01 4.142332737608432347e-01 3.742394738771939178e-01 4.100640847862992988e-01
1.789633818375711560e-01 5.296209421572318776e-01 7.837451114152302889e-01 6.016439354822356034e-01 3.327269670184269668e-01 5.080720586587242904e-01 7.554020391336210283e-01 6.138042207462033328e-01 3.473520076920353361e-01 5.648114080367940826e-01 2.648455711591173878e-01 6.103300056737459567e-02 4.198010995335762496e-01 3.362000676205754157e-01 4.228465833653907158e-01 6.928831202955013646e-01 0.000000000000000000e+00 1.627400733343286054e-01 7.765378130748780139e-01 8.495135210874771303e-01 5.392946073142473873e-01 5.414610498198570987e-01 7.911263042050897809e-01 5.985562378128098660e-01 3.032642618546231850e-01 5.710210786056826304e-01 4.738151298511524834e-01 6.250345753744661614e-01 6.782531640625946157e-01 8.762870293134359390e-01 7.456594477696525392e-01 3.282657525500861095e-01 3.585327215573136383e-01 6.556972922896213696e-01 2.402901293250659931e-01
5.490036922290614241e-01 4.036055593872507896e-01 1.490933710190820438e-01 9.154682673670955229e-02 1.504580217553368460e-01 4.016285778109371929e-01 5.464940844246977125e-01 8.297838124223422263e-02 4.936655660169063653e-01 4.721057336775531521e-01 7.444334635605434070e-01 2.927740153760404196e-01 5.083224987992432942e-01 8.137667942065203164e-01 3.933712512630994640e-01 7.836045645233465917e-01 1.627400733343286054e-01 0.000000000000000000e+00 5.623163819354588533e-01 2.563078051863143525e-01 7.301692178499010755e-01 6.566238391486545201e-01 6.403437011522551403e-01 4.872921382230932519e-01 7.241491985717509738e-01 4.970588135079534453e-02 6.073176846261183481e-01 8.200380430426446043e-01 7.177802479851547179e-02 5.568662468135363586e-01 6.640972571763824606e-01 2.865371379846373134e-01 2.316109050286282445e-01 1.552859046079578809e-01 6.002178465247038908e-01
5.725688122449481554e-01 4.829558003724103710e-01 5.002361625730121775e-01 3.793733470618615433e-01 5.874551697744614387e-01 5.574820024166173837e-01 5.420073553445539094e-01 6.159704114463770974e-02 3.422845524871097611e-01 1.488249994947239974e-01 9.580226808934573235e-01 8.087219123441049540e-01 3.336718599237671889e-01 3.425010582113507951e-01 7.099785688556381480e-02 7.270193978297150306e-01 7.765378130748780139e-01 5.623163819354588533e-01 0.000000000000000000e+00 3.192075975602449156e-01 5.595620344768080789e-01 5.221616562290836150e-01 4.284833467919755279e-01 6.093444025495324823e-01 5.003436133927846585e-01 4.224237281764985918e-01 8.202522857792970967e-02 8.280560232959035538e-01 2.680687015856547672e-01 3.193161370888158990e-01 7.696533834417873532e-02 8.305026059670781446e-01 3.198959110473265643e-01 5.161170119983218285e-01 8.423457050030210835e-01
1.788418587900181267e-01 3.816148688710375159e-01 3.625237422215864536e-01 5.101896411715404200e-01 4.121237485447283300e-01 4.659952739998988736e-01 5.177509622714885351e-01 3.550166950429959334e-01 6.224567832412921664e-01 5.976005991717059374e-01 4.382425657329151458e-01 5.879444970313334462e-01 5.086642458826582391e-01 7.683688106067312340e-01 9.242842867557732323e-02 1.998804413716949724e-01 8.495135210874771303e-01 2.563078051863143525e-01 3.192075975602449156e-01 0.000000000000000000e+00 1.656198679472721258e-01 6.583017828614274869e-01 1.271754871596861847e-01 4.978548109014754308e-01 4.469852518981656253e-01 1.158467760528712476e-01 5.181517394901239415e-01 4.901568694146825056e-01 7.518460598301432984e-01 4.461890763170786034e-01 8.670431583383386709e-02 5.134114068476574033e-01 8.436975827712691611e-01 4.385117522462120276e-01 7.666279025301715455e-01
2.974954763377810063e-01 3.651825095573497104e-01 6.091158713846894779e-01 8.794845950685099556e-01 3.929046451878391855e-01 3.838684079077271383e-01 4.443710405068302949e-01 5.843738633118873427e-01 7.304540106732870797e-01 8.493158895708600165e-01 5.853691101067854952e-01 3.988214932806239954e-01 5.249575189753541427e-01 1.543441352418826185e-01 5.121572621806740333e-01 6.016918836096474266e-01 5.392946073142473873e-01 7.301692178499010755e-01 5.595620344768080789e-01 1.656198679472721258e-01 0.000000000000000000e+00 4.865654332882619615e-01 2.924853541725109252e-01 3.851690856129083018e-01 4.566809414647509668e-01 4.630605303437418385e-01 2.654600694323258625e-01 4.978123651783691317e-01 9.432443487165877993e-01 3.597666696160308764e-01 5.545506666473853929e-01 3.044998198500292186e-01 7.078333028555564566e-01 3.349567998530982860e-01 6.358942835138190475e-01
4.136924960732126788e-01 2.223855999407974293e-01 6.002367719690504533e-01 6.834830625828447470e-01 3.116255660575050213e-01 7.162963504493823352e-01 9.036118459748863074e-01 6.072374833230410607e-01 5.179510833189768793e-01 5.207209145069815470e-01 6.182736248163118731e-01 7.758440089603567680e-01 8.020263411828568723e-01 6.002357384087919634e-01 8.111853178489780714e-01 5.777648549161350511e-01 5.414610498198570987e-01 6.566238391486545201e-01 5.221616562290836150e-01 6.583017828614274869e-01 4.865654332882619615e-01 0.000000000000000000e+00 8.498134299334968444e-01 5.512491235875853768e-01 7.447530449348584991e-01 6.630933005830704774e-01 5.463543370509678088e-01 3.649683964684147242e-01 3.093611067152610694e-01 6.678428105378395596e-01 6.608629661455142079e-01 7.434545037567478198e-01 5.155294908455541059e-01 6.066202253509266340e-01 2.907264249549819102e-01
5.735888153343546847e-01 9.355971663547624217e-02 8.295433907904471438e-01 6.027552717019473150e-01 5.990596185904597526e-01 5.111272597920133443e-01 4.712052829384634212e-01 4.542140655378344438e-01 4.815616211690953996e-01 5.032154990322857957e-01 5.162924360666120149e-01 6.528013354817915337e-01 4.551940451749205141e-01 6.779485183875089138e-02 6.539900202719783895e-01 2.919459421928050080e-01 7.911263042050897809e-01 6.403437011522551403e-01 4.284833467919755279e-01 1.271754871596861847e-01 2.924853541725109252e-01 8.498134299334968444e-01 0.000000000000000000e+00 6.470899685713411564e-01 8.484603185753858412e-02 4.850126283586368992e-01 8.193316639599578233e-01 5.960451240723283473e-01 5.553498665740443929e-01 8.776518843196197128e-01 5.215750230026187095e-01 8.645903872270832569e-01 5.901346785688926788e-01 1.717540432829464114e-01 8.488969949468072596e-01
7.999067030556021862e-01 2.894872682435124522e-01 3.401401486729052071e-01 4.715070066973139906e-01 4.218801272681212966e-01 4.615509537282730945e-01 4.704383780531647408e-01 3.354620115048700946e-01 3.687815912435008503e-01 4.650569236985814259e-01 7.507357434725689949e-01 2.043856873312565048e-01 5.613507497580003669e-01 8.070843659760884581e-01 5.538396774727110117e-01 7.482013218665680698e-01 5.985562378128098660e-01 4.872921382230932519e-01 6.093444025495324823e-01 4.978548109014754308e-01 3.851690856129083018e-01 5.512491235875853768e-01 6.470899685713411564e-01 0.000000000000000000e+00 6.388878522179386454e-01 1.902736556683627400e-01 4.307513018301255547e-01 5.499672011108343028e-01 5.390465354312798940e-01 6.762994094145340362e-01 4.318199119727930135e-01 1.493872720477880112e-01 2.486198006485935696e-01 6.908733932369021113e-01 7.295934653903194400e-01
6.577999902295016410e-01 5.617161375307837545e-01 5.029246033616516787e-01 8.540125722483720150e-01 6.267588214107805422e-01 9.588175833867389475e-01 3.534619789291865155e-01 7.784164486019302664e-01 4.399377250287314078e-01 2.477146894795797527e-01 7.312495696180372207e-01 3.855686883956818134e-01 7.175633011198236932e-01 6.157115001432142964e-01 5.528145232809510423e-01 6.875910758524722555e-01 3.032642618546231850e-01 7.241491985717509738e-01 5.003436133927846585e-01 4.469852518981656253e-01 4.566809414647509668e-01 7.447530449348584991e-01 8.484603185753858412e-02 6.388878522179386454e-01 0.000000000000000000e+00 8.605901989220490211e-01 1.526954897513771447e-01 3.211777857588891116e-01 9.051637619869727924e-01 2.661543992758769184e-01 6.389417209082226545e-01 6.989694929893519593e-01 4.443326525203091237e-01 4.708204050053177436e-01 5.613989075178716925e-01
3.097055359690181753e-01 7.396908426167867479e-01 4.351713538431309369e-01 4.117763355752419585e-01 2.722503223164421948e-01 1.952756382269669189e-01 8.899778911621911703e-01 8.154281323623607802e-01 8.092480238441592810e-01 1.145414780483366979e-01 9.243954567804244515e-01 2.322503175553033983e-01 3.942985309424056339e-01 6.768408621971264694e-01 5.405342606082382817e-01 3.418195769688798791e-01 5.710210786056826304e-01 4.970588135079534453e-02 4.224237281764985918e-01 1.158467760528712476e-01 4.630605303437418385e-01 6.630933005830704774e-01 4.850126283586368992e-01 1.902736556683627400e-01 8.605901989220490211e-01 0.000000000000000000e+00 5.340672036581680659e-01 2.308678125849521479e-01 8.381415293126167620e-01 4.761793498124891055e-01 4.041792543322840769e-01 7.849577308564247291e-01 7.822492941466584471e-01 9.302242019687556596e-01 1.662698454208939580e-01
5.972473438053536032e-01 5.110126068266650501e-01 5.216032409676294446e-01 6.782690095131536090e-01 1.385874722157255934e-01 1.299997358559751293e-01 3.643205077453193219e-01 5.337202825369691261e-01 3.217970617641213726e-01 3.924948956888535401e-01 6.980447249931329701e-01 7.378802936137301982e-01 2.419467871583580454e-01 7.981305940705278879e-01 6.827641150671175385e-01 5.736259447651823606e-01 4.738151298511524834e-01 6.073176846261183481e-01 8.202522857792970967e-02 5.181517394901239415e-01 2.654600694323258625e-01 5.463543370509678088e-01 8.193316639599578233e-01 4.307513018301255547e-01 1.526954897513771447e-01 5.340672036581680659e-01 0.000000000000000000e+00 4.055962525326064494e-01 1.386591672453989510e-01 7.725201642828228854e-01 3.494815676903810231e-01 6.545117685799648477e-01 6.349886794008450241e-01 6.634320567723954731e-01 5.180341363431872903e-01
3.547262448800134749e-01 5.490718848229423354e-01 2.788161413182849713e-01 3.419484979359286303e-01 4.224897814856469758e-01 5.251594499855594123e-01 3.378010436542436823e-01 5.795285368280926885e-01 8.075946927995664160e-01 1.917330876858747146e-02 2.640806302427075591e-01 6.145497096977972085e-01 4.390005236114785658e-01 5.828707389902354485e-01 2.657323039507719642e-02 4.747090249653105332e-01 6.250345753744661614e-01 8.200380430426446043e-01 8.280560232959035538e-01 4.901568694146825056e-01 4.978123651783691317e-01 3.649683964684147242e-01 5.960451240723283473e-01 5.499672011108343028e-01 3.211777857588891116e-01 2.308678125849521479e-01 4.055962525326064494e-01 0.000000000000000000e+00 6.690968966162982312e-01 8.111635969994490658e-01 5.077580968247519255e-01 1.229499795056839817e-01 3.311770451603716081e-01 9.460405979746171479e-01 3.953403535859703055e-01
3.908153089408740177e-01 7.662079224708353564e-01 3.493256771201991295e-01 1.510573119639685435e-01 2.640434184657203254e-01 2.704772973168972916e-01 5.293556182827310330e-01 8.269682025997380226e-01 5.774931664724648472e-01 9.577125153806784752e-01 2.061657417373295997e-01 5.155253430780576407e-01 6.280311782798315701e-01 4.022570402908745568e-01 5.944375625764863891e-01 2.276782497334731703e-01 6.782531640625946157e-01 7.177802479851547179e-02 2.680687015856547672e-01 7.518460598301432984e-01 9.432443487165877993e-01 3.093611067152610694e-01 5.553498665740443929e-01 5.390465354312798940e-01 9.051637619869727924e-01 8.381415293126167620e-01 1.386591672453989510e-01 6.690968966162982312e-01 0.000000000000000000e+00 3.865684965688086505e-01 7.269687699941717041e-01 3.735760073942293591e-01 8.582918606457343724e-01 9.208866812253611034e-01 5.892790462186487943e-01
5.682528566184228414e-01 8.648331329540578372e-01 8.001366846438757729e-01 6.819757849271386174e-01 5.492278697059020942e-01 3.151424976622060337e-01 6.877714123877658459e-01 9.081132053018174943e-01 3.384220797099057876e-01 3.024794156628910491e-01 4.838830144649859388e-01 6.070686974982159034e-01 5.111696639243663576e-01 5.099810060785416876e-01 6.281354117854280883e-01 8.074506478636922502e-01 8.762870293134359390e-01 5.568662468135363586e-01 3.193161370888158990e-01 4.461890763170786034e-01 3.597666696160308764e-01 6.678428105378395596e-01 8.776518843196197128e-01 6.762994094145340362e-01 2.661543992758769184e-01 4.761793498124891055e-01 7.725201642828228854e-01 8.111635969994490658e-01 3.865684965688086505e-01 0.000000000000000000e+00 4.634344185777885539e-01 6.745104199305309578e-01 4.970751889739092877e-01 3.562202568578398676e-01 9.878768187322717331e-02
5.276483733868972958e-01 1.472332605642322489e-01 1.178065706379793909e-01 7.101941727009392080e-01 1.555156862812793750e-01 5.570717034540857426e-01 7.716386963417500855e-01 7.373309415084237095e-01 4.196970370054917687e-01 5.553616567744235066e-01 2.982173596553700512e-01 5.747979833211348533e-01 3.621200446749742174e-01 5.825417157839150040e-01 4.984927673220810318e-01 3.194240242548819220e-01 7.456594477696525392e-01 6.640972571763824606e-01 7.696533834417873532e-02 8.670431583383386709e-02 5.545506666473853929e-01 6.608629661455142079e-01 5.215750230026187095e-01 4.318199119727930135e-01 6.389417209082226545e-01 4.041792543322840769e-01 3.494815676903810231e-01 5.077580968247519255e-01 7.269687699941717041e-01 4.634344185777885539e-01 0.000000000000000000e+00 2.579435352195799114e-01 4.213800535822288529e-01 3.817557544259597146e-01 7.004803461700624956e-01
6.456890654303121257e-01 8.225502835919256128e-01 5.781419984594036166e-01 6.644419657968103632e-02 1.282600842905186056e-01 2.142620341019720875e-01 4.945051195661965826e-01 3.571884031510976776e-01 4.307033684419270814e-01 4.057000466400738081e-01 6.131857163452012482e-01 4.085492098942106742e-01 6.805684936942406615e-01 2.873630398537777575e-01 5.841654842135695080e-01 2.996467508216311693e-01 3.282657525500861095e-01 2.865371379846373134e-01 8.305026059670781446e-01 5.134114068476574033e-01 3.044998198500292186e-01 7.434545037567478198e-01 8.645903872270832569e-01 1.493872720477880112e-01 6.989694929893519593e-01 7.849577308564247291e-01 6.545117685799648477e-01 1.229499795056839817e-01 3.735760073942293591e-01 6.745104199305309578e-01 2.579435352195799114e-01 0.000000000000000000e+00 6.327779110259668105e-01 5.370010194671271941e-01 1.352413015244539052e-01
4.489752499194805679e-01 8.793652578804076470e-01 4.692978877008599503e-01 2.624350063607615580e-01 9.152552950945388455e-01 3.314756054849137268e-01 3.635271834144887526e-01 3.692579635018602424e-01 4.006128995863563746e-01 3.217519232657932715e-01 4.177326722440093398e-01 9.198426434215045688e-02 3.234036532484022564e-01 8.990588848828928725e-01 4.659844088482744673e-01 4.142332737608432347e-01 3.585327215573136383e-01 2.316109050286282445e-01 3.198959110473265643e-01 8.436975827712691611e-01 7.078333028555564566e-01 5.155294908455541059e-01 5.901346785688926788e-01 2.486198006485935696e-01 4.443326525203091237e-01 7.822492941466584471e-01 6.349886794008450241e-01 3.311770451603716081e-01 8.582918606457343724e-01 4.970751889739092877e-01 4.213800535822288529e-01 6.327779110259668105e-01 0.000000000000000000e+00 4.037460302433630854e-01 5.256933653845152765e-01
4.419496823708078947e-01 4.739762540391291301e-01 1.249763244301035914e-01 6.384319946803386214e-01 3.896826618690487631e-01 4.870722386632584389e-01 8.058337048516972523e-01 4.507850637579848829e-01 1.273711600344815675e-01 5.678682871769294982e-01 3.443289692737528385e-01 5.880862909920028248e-01 6.278999916659022684e-01 4.113651698956006797e-01 9.478566524630325230e-01 3.742394738771939178e-01 6.556972922896213696e-01 1.552859046079578809e-01 5.161170119983218285e-01 4.385117522462120276e-01 3.349567998530982860e-01 6.066202253509266340e-01 1.717540432829464114e-01 6.908733932369021113e-01 4.708204050053177436e-01 9.302242019687556596e-01 6.634320567723954731e-01 9.460405979746171479e-01 9.208866812253611034e-01 3.562202568578398676e-01 3.817557544259597146e-01 5.370010194671271941e-01 4.037460302433630854e-01 0.000000000000000000e+00 3.239951216634357478e-01
2.823918001517521370e-01 4.394050175274671344e-01 7.408877574373814445e-01 4.445462136643961726e-01 3.159013004194473062e-01 6.783097867141760773e-01 6.195243995838308759e-01 2.954951061701143189e-01 2.189984179385945917e-01 4.246804663695817883e-01 8.398845830846870530e-01 6.110291005850680968e-01 3.249246393110154507e-01 6.663635211507192846e-01 8.021712259819853141e-01 4.100640847862992988e-01 2.402901293250659931e-01 6.002178465247038908e-01 8.423457050030210835e-01 7.666279025301715455e-01 6.358942835138190475e-01 2.907264249549819102e-01 8.488969949468072596e-01 7.295934653903194400e-01 5.613989075178716925e-01 1.662698454208939580e-01 5.180341363431872903e-01 3.953403535859703055e-01 5.892790462186487943e-01 9.878768187322717331e-02 7.004803461700624956e-01 1.352413015244539052e-01 5.256933653845152765e-01 3.239951216634357478e-01 0.000000000000000000e+00
