0.000000000000000000e+00 2.012686912879370071e-01 6.948616157250591119e-01 4.340341062929373717e-01 3.144763365466820559e-01 2.569935203959597958e-01 3.222885042057708205e-01 1.835471514073167554e-01 5.370047722091584319e-01 5.528343657972686342e-01 8.033561572807549345e-01 4.563399840168014254e-01 6.418386300670422262e-01 2.554635945721851487e-01 6.896117995973680692e-01 4.143184142431155514e-01 4.853493312806805848e-01 5.924154545343479628e-01 6.437194454957149148e-01 8.991955404907550076e-01 7.874142643351339510e-01 5.059919778326940065e-01 3.690680646944390908e-01 5.068175349940984287e-01 7.380919259393052823e-01 4.059579957280788909e-01 3.064884741248466993e-01 4.130399744881291801e-01 4.699285071890924592e-01 4.129828553656921253e-01 5.540562253302405704e-01 2.015763027841007693e-01 4.230136945826833972e-01 7.207857336805697512e-01 7.817852635928859151e-01
2.012686912879370071e-01 0.000000000000000000e+00 2.781793354977699084e-01 8.767724566790252583e-01 5.665622436487026681e-01 5.149002666583939458e-01 3.052183796128821736e-01 7.209663687400077459e-01 8.493273259786615625e-02 5.901713788526679050e-01 6.225731303200335853e-01 5.560523293921830756e-01 8.696058621266334887e-01 6.384641835899256268e-01 3.667449687295362137e-01 4.340125107757244471e-01 7.505040246853742492e-01 3.704536767284558607e-01 7.620870818885349118e-01 7.359407892250748873e-01 6.345710807216314864e-01 7.046674733695612591e-01 9.057800036894680940e-02 3.871343794829716356e-01 3.749650103373010634e-01 6.339676259269899639e-01 4.789766943803569488e-01 8.883780437755735004e-01 4.994735829869206278e-01 7.140037864481767471e-01 4.831344203246479285e-02 1.359766308122418721e-01 6.182071795223280652e-01 1.932984781189386325e-01 3.506124745568952594e-01
6.948616157250591119e-01 2.781793354977699084e-01 0.000000000000000000e+00 1.449178396714990713e-01 4.005032392951457521e-02 6.615887552675023819e-01 5.566964767287243543e-01 5.142054738538535119e-01 4.686480745791644087e-01 6.300032398928421262e-01 8.209730484505550763e-01 4.399734262766564208e-01 4.691735085512101500e-01 2.329365887096156440e-01 4.197747404114177128e-01 8.751237970794758514e-01 4.796956497194565516e-01 4.198258583819118872e-01 7.343231566370894692e-01 4.930166912506488974e-01 5.125254762953765919e-01 1.419382467621910227e-01 1.568916712884183551e-01 4.267936438350291573e-01 6.771631042979815440e-01 4.586356222007308414e-01 1.557345120947812855e-01 5.776479975231783026e-01 7.780929128400242423e-01 1.757302413536608876e-01 7.302520372725226361e-01 8.501594153488190031e-01 9.186430147618283026e-01 6.097148782204481199e-01 3.635673974141023224e-01
4.340341062929373717e-01 8.767724566790252583e-01 1.449178396714990713e-01 0.000000000000000000e+00 3.322200388225560741e-01 7.850830573325786599e-01 8.591763927724600514e-01 7.147539124230916086e-01 4.310775353631789431e-01 3.944609086560915134e-01 6.637753951053447787e-01 6.579780345891406146e-01 5.024963722160267210e-01 5.511988625683004184e-01 5.710731785757139356e-01 7.897080024206332149e-01 2.547917517918933950e-01 8.092629938468586248e-01 5.060381579552012399e-01 7.627534848912876919e-01 6.234262285381273472e-01 5.212050787015831688e-01 6.071644356700294232e-01 7.749860810581696846e-01 5.126753865567391655e-01 8.629003401120481920e-01 2.719069075505534672e-01 5.360223248218838332e-01 1.673630256064493338e-01 5.874653921540420320e-01 2.035953721670629157e-01 4.322273913780450560e-01 2.718907969463563168e-01 5.381485520443377579e-01 3.168381687967107285e-01
3.144763365466820559e-01 5.665622436487026681e-01 4.005032392951457521e-02 3.322200388225560741e-01 0.000000000000000000e+00 2.595983182365441122e-02 9.158948749670138278e-01 5.379605193859255952e-01 6.837024970428642323e-01 6.107068977337283266e-01 4.883045029653275138e-01 6.047734572997280900e-01 4.332060052115627169e-01 5.804578086244470692e-01 7.341120880914318025e-01 4.221078450891252443e-01 6.613364848794498485e-01 5.713413903536451732e-01 6.647564252269324570e-01 2.865950705348423999e-01 5.356326198648817538e-01 7.813959714945524215e-01 6.765592953189850656e-01 2.643202005724255566e-01 4.704452349066671202e-01 5.464808679819767034e-01 7.623011925158793556e-01 7.622241740725747006e-01 6.990919795506090884e-01 5.618872472312947952e-01 4.346723164935323847e-01 7.355327634389996483e-01 3.113986024129949959e-01 6.453567345721655801e-02 5.824105253464790799e-01
2.569935203959597958e-01 5.149002666583939458e-01 6.615887552675023819e-01 7.850830573325786599e-01 2.595983182365441122e-02 0.000000000000000000e+00 7.028032763486368184e-01 4.493209690642110399e-01 3.558840104951776495e-01 4.880855197524714417e-01 1.914853959860191024e-01 5.404950844628122475e-01 3.440560892514782920e-01 5.860796827548377941e-01 6.304663168092062842e-01 5.413897263381429736e-01 4.540841786887942488e-01 7.206728138039240061e-01 3.092286945040367829e-01 6.667270521333026334e-01 2.745119755116848248e-01 5.959098962627514817e-01 2.450732524051219829e-01 4.997876616474693501e-01 5.818248524527579457e-01 5.210370759012488140e-01 4.368169281202905485e-01 7.595607694029133938e-01 9.592557021460428324e-01 6.977115157117446120e-01 6.890368242375127794e-01 6.679008181824006574e-01 1.502145517042597356e-01 8.894751885859086826e-02 6.029684900216027987e-01
3.222885042057708205e-01 3.052183796128821736e-01 5.566964767287243543e-01 8.591763927724600514e-01 9.158948749670138278e-01 7.028032763486368184e-01 0.000000000000000000e+00 5.644934040534341779e-01 5.075593646541392001e-01 6.317206266848469642e-01 3.360752680155955630e-01 4.819857699265850948e-01 8.265071255617317814e-01 7.735257699205720927e-01 4.722260961800872625e-01 4.005609321479817186e-01 1.874744881309976519e-01 5.108276509660077958e-01 4.159462503876624750e-01 4.399414270150877049e-01 7.354777227535103101e-02 1.574723800987350986e-01 5.190544841440147827e-01 3.062406337844225668e-01 5.145503273418593482e-01 6.709389568789181357e-01 4.173966178547914296e-01 6.764767025237004017e-01 2.958427160734028449e-01 5.458490888432511179e-01 4.834481836951727840e-01 9.611444306697234374e-01 3.985633109915497907e-01 3.938225619314522641e-01 7.957029054953528302e-01
1.835471514073167554e-01 7.209663687400077459e-01 5.142054738538535119e-01 7.147539124230916086e-01 5.379605193859255952e-01 4.493209690642110399e-01 5.644934040534341779e-01 0.000000000000000000e+00 6.682153721690384796e-01 1.531688566995573764e-01 3.312578098528931037e-01 7.582966618794616531e-01 8.054806706147794593e-01 4.197643265475117791e-01 4.430576995038537080e-01 2.383330337747355254e-01 8.226763483300849611e-01 5.668877556031758358e-01 3.983456441453959718e-01 6.001804001137112099e-01 7.648395618634795667e-02 5.629281276749713570e-01 6.369485031147611442e-01 6.030065152949727336e-01 1.613425405320282335e-01 4.018273674821433161e-01 4.106347915423077533e-01 4.184373302492471747e-01 5.006180073874939573e-01 6.780969781358363591e-01 1.031624859041077036e-01 6.224588640390412708e-01 3.935846464426630553e-01 1.811917144226750098e-01 9.820860332848202479e-01
5.370047722091584319e-01 8.493273259786615625e-02 4.686480745791644087e-01 4.310775353631789431e-01 6.837024970428642323e-01 3.558840104951776495e-01 5.075593646541392001e-01 6.682153721690384796e-01 0.000000000000000000e+00 5.311145567213746421e-01 5.676751218331597126e-01 5.166727566577307140e-01 5.184178811835198353e-01 3.681048239030501046e-01 1.266755859068963153e-01 7.590191415739414582e-01 2.321533888939388279e-01 5.968090157472670798e-01 7.425343420817011042e-01 4.165447057894036131e-01 2.668604168872968918e-01 5.036349540493341159e-01 4.714470472407809032e-01 3.658041120132385915e-01 6.551580749588508112e-01 4.842869448999286841e-01 3.374808951265548806e-01 3.455046192393599336e-01 4.377973210248992664e-01 6.716315277378509530e-02 5.250309894996690874e-01 4.827491476052029884e-01 2.083864865777652620e-01 3.158462218563865553e-01 3.202792721160994116e-01
5.528343657972686342e-01 5.901713788526679050e-01 6.300032398928421262e-01 3.944609086560915134e-01 6.107068977337283266e-01 4.880855197524714417e-01 6.317206266848469642e-01 1.531688566995573764e-01 5.311145567213746421e-01 0.000000000000000000e+00 1.958783813329021406e-01 9.497089504266051918e-01 3.946255267902331609e-01 6.054103858961088491e-01 1.728744836514823913e-01 2.990298331908963769e-01 5.805028635899751599e-01 4.678740381061034515e-01 1.743987708857313024e-01 4.150760353088115417e-01 7.097079602737970117e-01 4.878257909650374202e-01 9.539110719287424711e-01 4.403665746123903713e-01 9.255225747667437108e-01 3.073782413046799444e-01 7.818370869751696262e-01 3.651802195271723894e-01 4.823814650414365857e-01 2.978073939758447697e-01 5.949692612185282226e-01 7.336084374599829427e-01 4.434911703268625827e-01 6.575209646583023426e-01 2.394965971049211606e-01
8.033561572807549345e-01 6.225731303200335853e-01 8.209730484505550763e-01 6.637753951053447787e-01 4.883045029653275138e-01 1.914853959860191024e-01 3.360752680155955630e-01 3.312578098528931037e-01 5.676751218331597126e-01 1.958783813329021406e-01 0.000000000000000000e+00 6.055665137572844303e-01 3.923500155729293670e-01 2.986202060019558235e-01 4.217213685300568171e-01 3.565560735743700804e-01 9.320746377017430362e-01 3.079144497163789351e-01 7.308052010341958837e-01 9.008329781890607180e-01 8.342471908820493498e-01 9.407413259397847671e-01 4.035281973911952758e-01 6.068098094852207858e-01 7.928633810681162686e-02 4.560509352357250412e-01 3.423210391993783963e-01 4.513795518547344954e-01 4.700176137014072664e-01 7.541146174783345257e-01 1.716332539533389490e-01 3.941943357513288948e-01 5.721581046020494110e-01 5.159486660327053942e-01 4.668091209078065740e-01
4.563399840168014254e-01 5.560523293921830756e-01 4.399734262766564208e-01 6.579780345891406146e-01 6.047734572997280900e-01 5.404950844628122475e-01 4.819857699265850948e-01 7.582966618794616531e-01 5.166727566577307140e-01 9.497089504266051918e-01 6.055665137572844303e-01 0.000000000000000000e+00 1.436736909714030896e-01 2.766675341390003040e-01 3.683614339599735610e-01 3.207071682699485504e-01 6.890696951324979391e-01 1.292943465017995508e-01 2.333239713392154524e-01 4.324510676181544389e-01 6.460340053570852170e-01 2.605490521936106862e-01 4.954604674275482346e-01 7.982350851650807932e-01 6.289967303471935001e-01 7.591301700885896286e-01 3.583222856444399085e-01 2.213235882619928319e-01 9.125133399059734973e-01 4.890947240354516223e-01 1.509456394217597586e-01 9.785663469510034185e-01 6.138843663633656300e-01 4.971593142091959017e-01 9.442437956938920518e-01
6.418386300670422262e-01 8.696058621266334887e-01 4.691735085512101500e-01 5.024963722160267210e-01 4.332060052115627169e-01 3.440560892514782920e-01 8.265071255617317814e-01 8.054806706147794593e-01 5.184178811835198353e-01 3.946255267902331609e-01 3.923500155729293670e-01 1.436736909714030896e-01 0.000000000000000000e+00 7.278569916859134459e-01 1.511182628292216945e-01 2.108536536309104092e-01 9.535567309217833909e-01 4.254200192695336002e-01 4.661093115250554697e-01 5.721494513871704379e-01 4.856831503321984433e-01 7.726242550323092484e-01 6.694489592404200273e-01 4.712628205788008673e-01 2.166357379374194425e-01 5.742798688071280022e-01 3.663023402212861601e-01 6.204014619448101620e-01 2.343141058614159333e-01 5.278855640012756201e-01 5.870952955192076939e-01 7.088856288843294884e-01 6.123841405089993639e-01 5.055746944270012033e-01 4.730578703363036430e-01
2.554635945721851487e-01 6.384641835899256268e-01 2.329365887096156440e-01 5.511988625683004184e-01 5.804578086244470692e-01 5.860796827548377941e-01 7.735257699205720927e-01 4.197643265475117791e-01 3.681048239030501046e-01 6.054103858961088491e-01 2.986202060019558235e-01 2.766675341390003040e-01 7.278569916859134459e-01 0.000000000000000000e+00 4.585629010114362081e-01 5.164527178307263267e-01 6.753705188511709423e-01 5.277323208383821740e-01 7.141308644857728982e-01 6.964037284554395191e-01 3.529131987379776070e-01 2.160327877885520609e-01 3.981191466925728117e-01 4.260986679355894813e-01 4.029234087830374511e-01 5.711142516494783772e-01 5.099682808960693814e-01 4.056094642556886121e-01 4.437864687452664492e-01 4.150497229861011550e-01 7.618825085699700850e-01 3.593400511065197311e-01 9.412964271021091456e-01 4.786635126540695340e-01 5.805604052971919948e-01
6.896117995973680692e-01 3.667449687295362137e-01 4.197747404114177128e-01 5.710731785757139356e-01 7.341120880914318025e-01 6.304663168092062842e-01 4.722260961800872625e-01 4.430576995038537080e-01 1.266755859068963153e-01 1.728744836514823913e-01 4.217213685300568171e-01 3.683614339599735610e-01 1.511182628292216945e-01 4.585629010114362081e-01 0.000000000000000000e+00 8.143654442878254240e-01 6.681664442732061504e-01 5.000417996316188773e-01 7.196831925986586498e-01 5.180881162964237063e-01 4.243591116459391466e-01 6.954937702785095599e-01 6.893962602909278203e-01 7.103761942441726429e-01 4.900256753326777681e-01 4.245182546061530560e-01 7.849477024746529530e-01 7.618181810838997592e-01 1.592657625320560433e-01 5.850727441178169563e-01 8.325739138999919131e-01 2.296786226732180358e-01 3.687640599198611646e-01 1.245053370244939561e-01 2.529997870087304923e-01
4.143184142431155514e-01 4.340125107757244471e-01 8.751237970794758514e-01 7.897080024206332149e-01 4.221078450891252443e-01 5.413897263381429736e-01 4.005609321479817186e-01 2.383330337747355254e-01 7.590191415739414582e-01 2.990298331908963769e-01 3.565560735743700804e-01 3.207071682699485504e-01 2.108536536309104092e-01 5.164527178307263267e-01 8.143654442878254240e-01 0.000000000000000000e+00 8.252474042790562958e-01 7.972152212511297575e-01 2.886550845481475891e-01 2.818400332118367047e-01 4.522677037629927455e-01 5.936847686225057430e-01 4.779019443131897749e-01 3.560979936093052745e-01 7.424290330801812665e-01 7.077815110555192302e-01 7.673472978788851151e-01 3.607304212676859523e-01 3.950781833336085014e-01 9.758194671543052312e-02 7.030573183782399260e-01 9.008954178573893579e-01 6.067080471921260099e-01 1.177868716577178398e-01 5.376534499272674905e-01
4.853493312806805848e-01 7.505040246853742492e-01 4.796956497194565516e-01 2.547917517918933950e-01 6.613364848794498485e-01 4.540841786887942488e-01 1.874744881309976519e-01 8.226763483300849611e-01 2.321533888939388279e-01 5.805028635899751599e-01 9.320746377017430362e-01 6.890696951324979391e-01 9.535567309217833909e-01 6.753705188511709423e-01 6.681664442732061504e-01 8.252474042790562958e-01 0.000000000000000000e+00 2.142549815838812322e-01 7.634898785535899624e-01 1.955813770294442255e-01 5.257810657758694717e-01 3.201747810847933584e-01 6.081864522495676884e-01 3.669230864696743089e-01 3.893348615132642410e-01 2.877262333356906954e-01 3.060629700120377494e-01 6.059231360832130209e-01 5.391448392267148559e-01 3.942334258945767722e-01 4.450883571910941305e-01 2.343667703575509353e-01 3.148775496395288531e-01 3.742275428295281925e-01 4.677353453977415865e-01
5.924154545343479628e-01 3.704536767284558607e-01 4.198258583819118872e-01 8.092629938468586248e-01 5.713413903536451732e-01 7.206728138039240061e-01 5.108276509660077958e-01 5.668877556031758358e-01 5.968090157472670798e-01 4.678740381061034515e-01 3.079144497163789351e-01 1.292943465017995508e-01 4.254200192695336002e-01 5.277323208383821740e-01 5.000417996316188773e-01 7.972152212511297575e-01 2.142549815838812322e-01 0.000000000000000000e+00 8.749825190306870226e-01 1.163184659933341747e-01 6.279972097526240749e-01 3.356159535761616963e-01 4.893199924961416647e-01 7.678510477806839152e-01 6.767168497621018908e-01 7.309283516486327903e-01 7.127459252626616726e-01 7.809185413269210674e-01 6.787996413853161215e-01 7.596995555685746027e-01 6.061976527203933873e-01 4.980542364854139703e-01 3.118678003595803938e-01 7.180254389335284371e-01 5.908407239178055104e-01
6.437194454957149148e-01 7.620870818885349118e-01 7.343231566370894692e-01 5.060381579552012399e-01 6.647564252269324570e-01 3.092286945040367829e-01 4.159462503876624750e-01 3.983456441453959718e-01 7.425343420817011042e-01 1.743987708857313024e-01 7.308052010341958837e-01 2.333239713392154524e-01 4.661093115250554697e-01 7.141308644857728982e-01 7.196831925986586498e-01 2.886550845481475891e-01 7.634898785535899624e-01 8.749825190306870226e-01 0.000000000000000000e+00 2.343334952913221914e-01 5.333260291309896983e-01 4.470931202976262675e-01 5.094852838494919878e-01 7.276129700586134730e-01 6.880632057077553654e-01 4.715839491280983120e-01 5.859527523898538925e-01 6.994607133370428498e-01 4.795589987153957567e-01 7.178683585450982285e-01 4.715737301598671993e-01 5.268724705225187321e-01 8.665011108297155928e-01 4.314507253318194957e-01 5.743302272902572891e-01
8.991955404907550076e-01 7.359407892250748873e-01 4.930166912506488974e-01 7.627534848912876919e-01 2.865950705348423999e-01 6.667270521333026334e-01 4.399414270150877049e-01 6.001804001137112099e-01 4.165447057894036131e-01 4.150760353088115417e-01 9.008329781890607180e-01 4.324510676181544389e-01 5.721494513871704379e-01 6.964037284554395191e-01 5.180881162964237063e-01 2.818400332118367047e-01 1.955813770294442255e-01 1.163184659933341747e-01 2.343334952913221914e-01 0.000000000000000000e+00 1.710654366482111666e-01 6.648426580713895362e-01 7.182697759929268511e-01 8.287330888189812228e-01 7.813338951953716638e-01 4.839808045280166171e-01 8.452427051223185828e-01 8.093771459939554935e-01 6.099059843169933881e-01 3.108533797781896091e-01 6.673474930150902207e-01 4.917327198131583588e-01 4.990342584071866816e-01 7.582850684167150579e-01 5.037726005850904354e-01
7.874142643351339510e-01 6.345710807216314864e-01 5.125254762953765919e-01 6.234262285381273472e-01 5.356326198648817538e-01 2.745119755116848248e-01 7.354777227535103101e-02 7.648395618634795667e-02 2.668604168872968918e-01 7.097079602737970117e-01 8.342471908820493498e-01 6.460340053570852170e-01 4.856831503321984433e-01 3.529131987379776070e-01 4.243591116459391466e-01 4.522677037629927455e-01 5.257810657758694717e-01 6.279972097526240749e-01 5.333260291309896983e-01 1.710654366482111666e-01 0.000000000000000000e+00 3.895853828239910221e-01 5.454205242841845269e-01 6.347009671637704464e-01 6.240461343929852855e-01 1.498765097686852732e-01 6.444631021928810544e-01 5.501121856018144074e-01 2.814077168784560601e-01 3.344248696023605083e-01 3.813725176580229359e-01 5.865661224727245493e-01 9.717791659375363267e-02 7.187328898579365966e-01 7.071931647133219423e-01
5.059919778326940065e-01 7.046674733695612591e-01 1.419382467621910227e-01 5.212050787015831688e-01 7.813959714945524215e-01 5.959098962627514817e-01 1.574723800987350986e-01 5.629281276749713570e-01 5.036349540493341159e-01 4.878257909650374202e-01 9.407413259397847671e-01 2.605490521936106862e-01 7.726242550323092484e-01 2.160327877885520609e-01 6.954937702785095599e-01 5.936847686225057430e-01 3.201747810847933584e-01 3.356159535761616963e-01 4.470931202976262675e-01 6.648426580713895362e-01 3.895853828239910221e-01 0.000000000000000000e+00 5.474556489865665121e-01 4.356392416834138359e-01 5.169668788139653026e-01 2.901687253907512809e-01 4.473714586862925779e-01 3.495391453984941776e-01 3.113719655173884382e-01 5.675600228894954746e-01 6.535704116782714568e-01 8.733687727307675175e-01 3.827238411076924196e-01 6.900156184520542801e-01 7.050236636157178882e-01
3.690680646944390908e-01 9.057800036894680940e-02 1.568916712884183551e-01 6.071644356700294232e-01 6.765592953189850656e-01 2.450732524051219829e-01 5.190544841440147827e-01 6.369485031147611442e-01 4.714470472407809032e-01 9.539110719287424711e-01 4.035281973911952758e-01 4.954604674275482346e-01 6.694489592404200273e-01 3.981191466925728117e-01 6.893962602909278203e-01 4.779019443131897749e-01 6.081864522495676884e-01 4.893199924961416647e-01 5.094852838494919878e-01 7.182697759929268511e-01 5.454205242841845269e-01 5.474556489865665121e-01 0.000000000000000000e+00 7.737742189896690270e-01 1.830062556733998980e-01 7.741837213625296643e-02 7.453054977713944318e-01 6.066861929211766480e-01 8.509906931516788564e-01 7.334214679818638061e-01 5.414215213973343488e-01 3.030106195537893843e-01 6.085382326743499215e-01 3.121546474680674810e-01 9.689988690113664482e-01
5.068175349940984287e-01 3.871343794829716356e-01 4.267936438350291573e-01 7.749860810581696846e-01 2.643202005724255566e-01 4.997876616474693501e-01 3.062406337844225668e-01 6.030065152949727336e-01 3.658041120132385915e-01 4.403665746123903713e-01 6.068098094852207858e-01 7.982350851650807932e-01 4.712628205788008673e-01 4.260986679355894813e-01 7.103761942441726429e-01 3.560979936093052745e-01 3.669230864696743089e-01 7.678510477806839152e-01 7.276129700586134730e-01 8.287330888189812228e-01 6.347009671637704464e-01 4.356392416834138359e-01 7.737742189896690270e-01 0.000000000000000000e+00 7.885520407953536814e-01 2.052102739979251855e-01 2.224986452643824553e-01 7.543073967409881231e-01 6.317779647826187173e-01 2.604407903825268766e-01 4.303666317750474146e-01 6.722591923608849385e-01 4.693998741078171388e-01 2.888284523476506438e-01 3.095176139429530182e-01
7.380919259393052823e-01 3.749650103373010634e-01 6.771631042979815440e-01 5.126753865567391655e-01 4.704452349066671202e-01 5.818248524527579457e-01 5.145503273418593482e-01 1.613425405320282335e-01 6.551580749588508112e-01 9.255225747667437108e-01 7.928633810681162686e-02 6.289967303471935001e-01 2.166357379374194425e-01 4.029234087830374511e-01 4.900256753326777681e-01 7.424290330801812665e-01 3.893348615132642410e-01 6.767168497621018908e-01 6.880632057077553654e-01 7.813338951953716638e-01 6.240461343929852855e-01 5.169668788139653026e-01 1.830062556733998980e-01 7.885520407953536814e-01 0.000000000000000000e+00 4.933785249016176544e-01 7.224246536734476587e-01 6.940409307263943894e-01 4.326006653838714855e-01 3.747865643499130872e-01 5.441147694467806106e-01 1.738552385923967103e-01 3.062312530324467486e-01 2.557576593899133499e-01 6.765288951888407398e-01
4.059579957280788909e-01 6.339676259269899639e-01 4.586356222007308414e-01 8.629003401120481920e-01 5.464808679819767034e-01 5.210370759012488140e-01 6.709389568789181357e-01 4.018273674821433161e-01 4.842869448999286841e-01 3.073782413046799444e-01 4.560509352357250412e-01 7.591301700885896286e-01 5.742798688071280022e-01 5.711142516494783772e-01 4.245182546061530560e-01 7.077815110555192302e-01 2.877262333356906954e-01 7.309283516486327903e-01 4.715839491280983120e-01 4.839808045280166171e-01 1.498765097686852732e-01 2.901687253907512809e-01 7.741837213625296643e-02 2.052102739979251855e-01 4.933785249016176544e-01 0.000000000000000000e+00 2.195967822177326556e-01 4.214856868461536177e-01 2.063883299592149667e-01 7.576259458001295410e-01 7.948326938586602886e-01 6.215141204702967492e-01 6.205137645087612785e-01 7.356634124949790188e-01 2.824116534497715936e-01
3.064884741248466993e-01 4.789766943803569488e-01 1.557345120947812855e-01 2.719069075505534672e-01 7.623011925158793556e-01 4.368169281202905485e-01 4.173966178547914296e-01 4.106347915423077533e-01 3.374808951265548806e-01 7.818370869751696262e-01 3.423210391993783963e-01 3.583222856444399085e-01 3.663023402212861601e-01 5.099682808960693814e-01 7.849477024746529530e-01 7.673472978788851151e-01 3.060629700120377494e-01 7.127459252626616726e-01 5.859527523898538925e-01 8.452427051223185828e-01 6.444631021928810544e-01 4.473714586862925779e-01 7.453054977713944318e-01 2.224986452643824553e-01 7.224246536734476587e-01 2.195967822177326556e-01 0.000000000000000000e+00 5.876696220097523682e-01 2.626213918068140973e-01 5.263625134368503655e-01 7.817130181359599472e-02 6.100292289024787928e-01 7.354468762267484250e-01 2.027650515424955224e-01 6.088411592587106291e-01
4.130399744881291801e-01 8.883780437755735004e-01 5.776479975231783026e-01 5.360223248218838332e-01 7.622241740725747006e-01 7.595607694029133938e-01 6.764767025237004017e-01 4.184373302492471747e-01 3.455046192393599336e-01 3.651802195271723894e-01 4.513795518547344954e-01 2.213235882619928319e-01 6.204014619448101620e-01 4.056094642556886121e-01 7.618181810838997592e-01 3.607304212676859523e-01 6.059231360832130209e-01 7.809185413269210674e-01 6.994607133370428498e-01 8.093771459939554935e-01 5.501121856018144074e-01 3.495391453984941776e-01 6.066861929211766480e-01 7.543073967409881231e-01 6.940409307263943894e-01 4.214856868461536177e-01 5.876696220097523682e-01 0.000000000000000000e+00 1.931191151308417342e-01 4.130994168565715330e-01 8.373921784449324113e-01 4.768620771265528746e-01 5.758886021565937652e-01 4.156622418161679544e-01 1.169651254942156715e-01
4.699285071890924592e-01 4.994735829869206278e-01 7.780929128400242423e-01 1.673630256064493338e-01 6.990919795506090884e-01 9.592557021460428324e-01 2.958427160734028449e-01 5.006180073874939573e-01 4.377973210248992664e-01 4.823814650414365857e-01 4.700176137014072664e-01 9.125133399059734973e-01 2.343141058614159333e-01 4.437864687452664492e-01 1.592657625320560433e-01 3.950781833336085014e-01 5.391448392267148559e-01 6.787996413853161215e-01 4.795589987153957567e-01 6.099059843169933881e-01 2.814077168784560601e-01 3.113719655173884382e-01 8.509906931516788564e-01 6.317779647826187173e-01 4.326006653838714855e-01 2.063883299592149667e-01 2.626213918068140973e-01 1.931191151308417342e-01 0.000000000000000000e+00 2.991678897287641803e-02 6.032774984054016798e-01 7.221185268044439942e-01 4.921122792969684356e-01 9.434203265588391174e-01 4.778749712853520570e-01
4.129828553656921253e-01 7.140037864481767471e-01 1.757302413536608876e-01 5.874653921540420320e-01 5.618872472312947952e-01 6.977115157117446120e-01 5.458490888432511179e-01 6.780969781358363591e-01 6.716315277378509530e-02 2.978073939758447697e-01 7.541146174783345257e-01 4.890947240354516223e-01 5.278855640012756201e-01 4.150497229861011550e-01 5.850727441178169563e-01 9.758194671543052312e-02 3.942334258945767722e-01 7.596995555685746027e-01 7.178683585450982285e-01 3.108533797781896091e-01 3.344248696023605083e-01 5.675600228894954746e-01 7.334214679818638061e-01 2.604407903825268766e-01 3.747865643499130872e-01 7.576259458001295410e-01 5.263625134368503655e-01 4.130994168565715330e-01 2.991678897287641803e-02 0.000000000000000000e+00 7.735030326598031358e-01 4.987234815268698496e-01 5.618285054370721898e-01 3.325491153178857795e-01 4.285807904646175559e-01
5.540562253302405704e-01 4.831344203246479285e-02 7.302520372725226361e-01 2.035953721670629157e-01 4.346723164935323847e-01 6.890368242375127794e-01 4.834481836951727840e-01 1.031624859041077036e-01 5.250309894996690874e-01 5.949692612185282226e-01 1.716332539533389490e-01 1.509456394217597586e-01 5.870952955192076939e-01 7.618825085699700850e-01 8.325739138999919131e-01 7.030573183782399260e-01 4.450883571910941305e-01 6.061976527203933873e-01 4.715737301598671993e-01 6.673474930150902207e-01 3.813725176580229359e-01 6.535704116782714568e-01 5.414215213973343488e-01 4.303666317750474146e-01 5.441147694467806106e-01 7.948326938586602886e-01 7.817130181359599472e-02 8.373921784449324113e-01 6.032774984054016798e-01 7.735030326598031358e-01 0.000000000000000000e+00 6.322065354834475182e-01 3.533666610409164632e-01 5.448290294688111768e-01 4.954308348341625035e-01
2.015763027841007693e-01 1.359766308122418721e-01 8.501594153488190031e-01 4.322273913780450560e-01 7.355327634389996483e-01 6.679008181824006574e-01 9.611444306697234374e-01 6.224588640390412708e-01 4.827491476052029884e-01 7.336084374599829427e-01 3.941943357513288948e-01 9.785663469510034185e-01 7.088856288843294884e-01 3.593400511065197311e-01 2.296786226732180358e-01 9.008954178573893579e-01 2.343667703575509353e-01 4.980542364854139703e-01 5.268724705225187321e-01 4.917327198131583588e-01 5.865661224727245493e-01 8.733687727307675175e-01 3.030106195537893843e-01 6.722591923608849385e-01 1.738552385923967103e-01 6.215141204702967492e-01 6.100292289024787928e-01 4.768620771265528746e-01 7.221185268044439942e-01 4.987234815268698496e-01 6.322065354834475182e-01 0.000000000000000000e+00 8.283629186926056986e-01 1.172208757340070795e-01 3.759603390728986083e-01
4.230136945826833972e-01 6.182071795223280652e-01 9.186430147618283026e-01 2.718907969463563168e-01 3.113986024129949959e-01 1.502145517042597356e-01 3.985633109915497907e-01 3.935846464426630553e-01 2.083864865777652620e-01 4.434911703268625827e-01 5.721581046020494110e-01 6.138843663633656300e-01 6.123841405089993639e-01 9.412964271021091456e-01 3.687640599198611646e-01 6.067080471921260099e-01 3.148775496395288531e-01 3.118678003595803938e-01 8.665011108297155928e-01 4.990342584071866816e-01 9.717791659375363267e-02 3.827238411076924196e-01 6.085382326743499215e-01 4.693998741078171388e-01 3.062312530324467486e-01 6.205137645087612785e-01 7.354468762267484250e-01 5.758886021565937652e-01 4.921122792969684356e-01 5.618285054370721898e-01 3.533666610409164632e-01 8.283629186926056986e-01 0.000000000000000000e+00 8.452771321906356050e-01 5.917690517557454566e-01
7.207857336805697512e-01 1.932984781189386325e-01 6.097148782204481199e-01 5.381485520443377579e-01 6.453567345721655801e-02 8.894751885859086826e-02 3.938225619314522641e-01 1.811917144226750098e-01 3.158462218563865553e-01 6.575209646583023426e-01 5.159486660327053942e-01 4.971593142091959017e-01 5.055746944270012033e-01 4.786635126540695340e-01 1.245053370244939561e-01 1.177868716577178398e-01 3.742275428295281925e-01 7.180254389335284371e-01 4.314507253318194957e-01 7.582850684167150579e-01 7.187328898579365966e-01 6.900156184520542801e-01 3.121546474680674810e-01 2.888284523476506438e-01 2.557576593899133499e-01 7.356634124949790188e-01 2.027650515424955224e-01 4.156622418161679544e-01 9.434203265588391174e-01 3.325491153178857795e-01 5.448290294688111768e-01 1.172208757340070795e-01 8.452771321906356050e-01 0.000000000000000000e+00 4.557730197898766100e-01
7.817852635928859151e-01 3.506124745568952594e-01 3.635673974141023224e-01 3.168381687967107285e-01 5.824105253464790799e-01 6.029684900216027987e-01 7.957029054953528302e-01 9.820860332848202479e-01 3.202792721160994116e-01 2.394965971049211606e-01 4.668091209078065740e-01 9.442437956938920518e-01 4.730578703363036430e-01 5.805604052971919948e-01 2.529997870087304923e-01 5.376534499272674905e-01 4.677353453977415865e-01 5.908407239178055104e-01 5.743302272902572891e-01 5.037726005850904354e-01 7.071931647133219423e-01 7.050236636157178882e-01 9.689988690113664482e-01 3.095176139429530182e-01 6.765288951888407398e-01 2.824116534497715936e-01 6.088411592587106291e-01 1.169651254942156715e-01 4.778749712853520570e-01 4.285807904646175559e-01 4.954308348341625035e-01 3.759603390728986083e-01 5.917690517557454566e-01 4.557730197898766100e-01 0.000000000000000000e+00
