0.000000000000000000e+00 3.904137160588722066e-01 5.483792486191413351e-01 1.264705838503016322e-01 7.551836605261156299e-01 8.617213733778510409e-01 5.271884182462576174e-01 6.776523343711235992e-01 1.515829163079167596e-01 3.119052008486055683e-01 3.755485692117797036e-01 5.440377303180921054e-01 5.887391455336743462e-01 1.573112883278028340e-01 5.742776712045538634e-01 2.645438845031307662e-01 6.984978354631944386e-01 2.519381736014258966e-01 4.832907944031364922e-01 6.244986695269498789e-01 3.836027801021943962e-01 7.133390427417587443e-01 6.909271859916683578e-01 9.308938259507417712e-01 1.414068347966765948e-01 3.901928522260343923e-01 6.279636017917133994e-02 3.338883719423644814e-01 8.931401950290435154e-01 8.731121057851667366e-01 5.225681073827902479e-01 7.887348712409144591e-01 5.629738791622533878e-01 6.592038341452505223e-01 7.341635659139589265e-02
3.904137160588722066e-01 0.000000000000000000e+00 4.009696009793033422e-01 5.435723780759507129e-01 1.941760203839533183e-01 5.333759540570881530e-01 6.125371372844805595e-01 2.061950048475951758e-01 6.301723454793770607e-01 4.387914605190136874e-01 5.846529078311903938e-01 7.544293629188600914e-01 6.099472966183832057e-01 5.465951076950753551e-01 7.509414607801078168e-01 6.361734705073467389e-01 7.558250913442741137e-01 7.400127905186801858e-01 5.035324067104385293e-01 3.165666966087024026e-01 4.294658576231166758e-01 3.682047120700180365e-01 3.912229188689835269e-01 2.167586433954853398e-01 3.743000461047064631e-01 2.296682866874094620e-01 6.617503678412213208e-01 8.170289898920563010e-01 5.193737987306925596e-01 5.412147414087313813e-01 4.381050584300398287e-01 5.060726514031004264e-01 6.144417694876975755e-01 3.038459839383613748e-01 1.033384020689129823e-01
5.483792486191413351e-01 4.009696009793033422e-01 0.000000000000000000e+00 4.696236238527753959e-01 1.512397079806269140e-01 7.067753450756948386e-01 5.384509950307031501e-01 4.293140378314548311e-01 7.028016780747907699e-01 5.815532190741306007e-01 5.546643735963662225e-01 5.509634797942324358e-01 6.316452053529771904e-01 3.417069719115261028e-01 7.105541169959530556e-01 3.608301078538804774e-01 3.833930926357315139e-01 4.346081797316956319e-01 6.811394670821542263e-01 4.465495927146496680e-01 4.385778150343995208e-01 5.227252220609840405e-01 2.645622753953471573e-01 3.868311957059623052e-01 1.670186278221632570e-01 4.695716203878729234e-01 1.862091287471572265e-01 4.151894912998533305e-01 6.688940309877583479e-01 3.966530298738885074e-01 4.555402498683370216e-01 3.338422418535431091e-01 2.514212552111003141e-01 7.162422346646639681e-01 2.341316942309155102e-01
1.264705838503016322e-01 5.435723780759507129e-01 4.696236238527753959e-01 0.000000000000000000e+00 8.945806269022502644e-01 6.750286511441005999e-01 1.728019505564794001e-01 7.005766374022648346e-01 3.700797343871954359e-01 4.977555613324857187e-01 6.862457955623709749e-01 4.510044784102262283e-01 5.150923977321067992e-01 6.028823641380407494e-01 2.545287040953372881e-01 7.115636449909498173e-01 8.140937594546188150e-01 4.865704285580231825e-01 6.478327618041487268e-01 5.654140654712392910e-01 9.150758158465995828e-01 4.586311379491516682e-01 4.268797007303794522e-01 5.844473413943009898e-01 9.309765313236118001e-01 5.379159119349024021e-01 7.464723426653436800e-01 6.163006502370610429e-01 4.573292059041671465e-01 6.830165335739988297e-01 7.893353271974952179e-01 8.285592911301031815e-01 5.584910166021257449e-01 7.237532143033862386e-01 4.858096134841198288e-01
7.551836605261156299e-01 1.941760203839533183e-01 1.512397079806269140e-01 8.945806269022502644e-01 0.000000000000000000e+00 2.271366516517577816e-01 4.928393379554202314e-01 7.499983976281479059e-01 4.518359990685149041e-01 3.091965394962961078e-01 3.415808460108774591e-01 6.843442994632369381e-01 8.571364471325126910e-01 5.652464089276167947e-01 6.819380356927207121e-02 5.782377742175713875e-01 7.087545471373135619e-02 8.454464296715648031e-01 6.015785302889593567e-01 6.705778585943197312e-01 9.168339446115106872e-01 5.636095723249698874e-01 5.358858151323784291e-01 3.268335050383698315e-01 4.411429883825502829e-01 7.970028689508479314e-01 4.549242912787554993e-01 9.116801676017394218e-01 5.306721370937335092e-01 3.891710318938466084e-01 8.408992298886197592e-01 9.025224968531616598e-01 2.171752249145549873e-01 3.201891396243564669e-01 5.288197823610454318e-01
8.617213733778510409e-01 5.333759540570881530e-01 7.067753450756948386e-01 6.750286511441005999e-01 2.271366516517577816e-01 0.000000000000000000e+00 7.002308473057277105e-01 7.683157902683801499e-01 4.904714422570838339e-01 6.720062229288263911e-01 3.120280267257294904e-01 1.566883799380297537e-01 6.456088681390006467e-01 7.798870669321628091e-01 3.303524622692264323e-01 6.519956895632361693e-02 3.038574376401794175e-01 5.370657212563552108e-01 1.791393062158526117e-01 7.830615595863900102e-01 4.065548076670374433e-01 3.412420136410224125e-01 1.712355652590351607e-01 1.088671974028060374e-01 1.342850665568640078e-01 5.859058502846097305e-01 5.013866117809688827e-01 5.326836575336215684e-01 5.965928601749208582e-01 5.677932433849024463e-01 3.554772651031907760e-01 1.509889168059548314e-01 3.401471788358211845e-01 8.459445648820279606e-01 8.284522918186165708e-02
5.271884182462576174e-01 6.125371372844805595e-01 5.384509950307031501e-01 1.728019505564794001e-01 4.928393379554202314e-01 7.002308473057277105e-01 0.000000000000000000e+00 6.513771855593881721e-01 4.101072790092067377e-01 4.827684072997888154e-01 7.427765271067033881e-01 4.044666389614683388e-01 3.708224654567291445e-01 5.834009603252761078e-01 6.149808163591776733e-01 5.546873404668610785e-01 4.490964023173183439e-01 4.349854443293119655e-01 8.888430153127335753e-02 6.586998120636640142e-01 4.262238565134992552e-01 8.703198149442843423e-01 4.513823593346942831e-01 6.797209531072163635e-01 4.871447821426225788e-01 5.191839814236167694e-01 3.392525936740423687e-01 3.317328677218183142e-01 4.033036539453667135e-01 2.287213887082558683e-01 6.000647853382387042e-01 4.088356282730168934e-01 4.905171659003007001e-01 7.501330393281748776e-01 5.058501615282984254e-01
6.776523343711235992e-01 2.061950048475951758e-01 4.293140378314548311e-01 7.005766374022648346e-01 7.499983976281479059e-01 7.683157902683801499e-01 6.513771855593881721e-01 0.000000000000000000e+00 4.784842876826578828e-01 6.431337773928655910e-01 4.893661460025811039e-02 4.773213795824720052e-01 6.564294310053437886e-01 8.048101001725482817e-01 3.806652733130506672e-01 5.510910445141627978e-01 5.116962845464789744e-01 4.185781597387383535e-01 6.380317805012362120e-01 7.985101256218942734e-01 2.739409254728440990e-01 4.319908704985944703e-01 5.049272141211101905e-01 7.885953118969938336e-01 6.032620992996181597e-01 1.625201164882073002e-02 4.165167662948354721e-01 5.486128549787974151e-01 2.481662766234978834e-01 6.122694864298506845e-01 8.277427797270178189e-01 7.946811357847627377e-01 2.052551490373026866e-01 5.867140345091454989e-01 3.783472779992700374e-01
1.515829163079167596e-01 6.301723454793770607e-01 7.028016780747907699e-01 3.700797343871954359e-01 4.518359990685149041e-01 4.904714422570838339e-01 4.101072790092067377e-01 4.784842876826578828e-01 0.000000000000000000e+00 4.460700865127059656e-01 4.562943382710664131e-01 3.315653066507200930e-01 4.048611208174210940e-01 6.341049278634449671e-01 6.523238649391385202e-01 5.764791371493325212e-01 3.247246521159244947e-01 7.199832167072293121e-01 5.446162409199462040e-01 6.013930232656866659e-01 5.889609007063264512e-01 4.533395808422972517e-01 2.685731300356977158e-01 3.854522584853029010e-01 6.916068173559494214e-01 5.370995599747067084e-01 3.118868440847891721e-01 2.142096675469262745e-01 8.774734564692793226e-01 4.898984732936852993e-01 3.862966514712351529e-02 8.829400831802789451e-01 9.645889472303864620e-02 5.793638140134830250e-01 7.938678711750143391e-01
3.119052008486055683e-01 4.387914605190136874e-01 5.815532190741306007e-01 4.977555613324857187e-01 3.091965394962961078e-01 6.720062229288263911e-01 4.827684072997888154e-01 6.431337773928655910e-01 4.460700865127059656e-01 0.000000000000000000e+00 4.200685186426025286e-01 3.169060962454409713e-01 6.107372353670776910e-01 8.596284466380816891e-01 6.163290407855714914e-01 3.655042524934403736e-01 4.432502185950289442e-01 3.168491583443538984e-01 2.754862184952823201e-01 8.688571816289947236e-01 4.870678820111193352e-01 5.710276901136733807e-01 6.955199263577603874e-01 4.858125028115091171e-01 5.999643165199133321e-01 7.297427688657016631e-01 5.609931409204008679e-01 5.185515092781831648e-01 3.947168438490905595e-01 4.661347736705545586e-01 6.815887014995416493e-01 8.343162789482581054e-01 6.433406290301069141e-01 8.509875886937069422e-01 4.157174913945937411e-01
3.755485692117797036e-01 5.846529078311903938e-01 5.546643735963662225e-01 6.862457955623709749e-01 3.415808460108774591e-01 3.120280267257294904e-01 7.427765271067033881e-01 4.893661460025811039e-02 4.562943382710664131e-01 4.200685186426025286e-01 0.000000000000000000e+00 7.674492540514439298e-01 3.832491537106931800e-01 6.560296990066816214e-01 5.229560198257297010e-01 3.688728146450632739e-01 4.265670034713060499e-01 7.156585530852525023e-01 3.391161273308911372e-01 3.438965894709511417e-02 4.669095684647437405e-01 2.339887230922752248e-01 6.986397021550089237e-01 8.357288502803192909e-01 7.297111987691531354e-01 6.727081432188878329e-01 5.085274166822900677e-01 2.486660143882011564e-01 6.209820379984666294e-01 1.892794313715573939e-01 7.970962223984705552e-01 5.120490944403661704e-01 6.093548544839203496e-01 1.886019615797861482e-01 3.716094088108939930e-01
5.440377303180921054e-01 7.544293629188600914e-01 5.509634797942324358e-01 4.510044784102262283e-01 6.843442994632369381e-01 1.566883799380297537e-01 4.044666389614683388e-01 4.773213795824720052e-01 3.315653066507200930e-01 3.169060962454409713e-01 7.674492540514439298e-01 0.000000000000000000e+00 5.404790542089992211e-01 3.328118265933989739e-01 4.571191025837491040e-01 3.708201036356364444e-01 3.313643977508540228e-01 3.421641417289714715e-01 3.583421574081887551e-01 4.357647485982591995e-01 7.724772150173369045e-01 3.045853022874968619e-01 6.345104769655032229e-01 7.295463292616775064e-01 9.068064678393039646e-01 5.551678311481644812e-01 3.113425575218516927e-01 5.447294871949772688e-01 3.534667093537906535e-01 8.854480074429476044e-01 4.210254883721083474e-01 5.955263534809556170e-01 5.722180076768311752e-01 5.810513336023902520e-01 6.311666911528077684e-01
5.887391455336743462e-01 6.099472966183832057e-01 6.316452053529771904e-01 5.150923977321067992e-01 8.571364471325126910e-01 6.456088681390006467e-01 3.708224654567291445e-01 6.564294310053437886e-01 4.048611208174210940e-01 6.107372353670776910e-01 3.832491537106931800e-01 5.404790542089992211e-01 0.000000000000000000e+00 7.254205059659808441e-01 1.464771639556491367e-01 5.777328804808600227e-01 4.915583934977184599e-01 4.941229421877441075e-01 2.798211029153215290e-01 8.578532687893161146e-01 4.509195710909351673e-01 8.275394695278962542e-01 6.376888060078035325e-01 1.334856014997254370e-02 5.080268791062598766e-01 3.843018886397563394e-01 8.290348552534354543e-01 4.211655148606966992e-01 5.392188179257313418e-01 9.253612316939063831e-01 6.669587973362767208e-01 4.034575876579688525e-01 5.486154098505968690e-01 5.456858107425048843e-01 5.093907418825760480e-01
1.573112883278028340e-01 5.465951076950753551e-01 3.417069719115261028e-01 6.028823641380407494e-01 5.652464089276167947e-01 7.798870669321628091e-01 5.834009603252761078e-01 8.048101001725482817e-01 6.341049278634449671e-01 8.596284466380816891e-01 6.560296990066816214e-01 3.328118265933989739e-01 7.254205059659808441e-01 0.000000000000000000e+00 5.911662125722132455e-01 2.926732085042404452e-01 2.297465864239781608e-01 8.693674813444924876e-01 8.264719873126541438e-01 6.213276867881954990e-01 5.027786657984457674e-01 7.259805594970246689e-01 4.950127143678440533e-01 5.968971157504974201e-01 5.447378778328154647e-01 4.745695469157228397e-01 7.129657327440701575e-01 5.444646549187236451e-01 4.429366892227512009e-01 5.216305686601909741e-01 3.085534125075116152e-01 6.189334392486447456e-01 8.657568343401638167e-01 5.115394253853846607e-01 3.963939671777900187e-01
5.742776712045538634e-01 7.509414607801078168e-01 7.105541169959530556e-01 2.545287040953372881e-01 6.819380356927207121e-02 3.303524622692264323e-01 6.149808163591776733e-01 3.806652733130506672e-01 6.523238649391385202e-01 6.163290407855714914e-01 5.229560198257297010e-01 4.571191025837491040e-01 1.464771639556491367e-01 5.911662125722132455e-01 0.000000000000000000e+00 5.618155729308992319e-01 7.933593846973516772e-01 6.411208424291450214e-01 8.848826372577244248e-01 7.337132077901884486e-01 6.223368587061683943e-01 3.331362441961510656e-01 5.860730006408414461e-01 4.019557693106278196e-01 5.989140314276354404e-01 6.094250426522986874e-01 2.067820282310673941e-01 4.775715738315223780e-01 3.389667091461218140e-01 6.364708401606704591e-01 5.801819220325450388e-01 3.048343190830800631e-01 3.718669990566903505e-01 3.606647940436821798e-01 2.786829976356826055e-01
2.645438845031307662e-01 6.361734705073467389e-01 3.608301078538804774e-01 7.115636449909498173e-01 5.782377742175713875e-01 6.519956895632361693e-02 5.546873404668610785e-01 5.510910445141627978e-01 5.764791371493325212e-01 3.655042524934403736e-01 3.688728146450632739e-01 3.708201036356364444e-01 5.777328804808600227e-01 2.926732085042404452e-01 5.618155729308992319e-01 0.000000000000000000e+00 4.358262044064417084e-01 7.725460885059679539e-01 5.564022871051987895e-01 4.940143488325375309e-01 4.118734299783001207e-01 1.743703319370760729e-01 1.963418165198844711e-01 7.947749092752602884e-01 2.252724577749508073e-01 7.716988818207199952e-01 6.540278153580867393e-01 6.876726229791594314e-01 4.537191943901519031e-01 9.048442799568194861e-01 8.565522089898014446e-01 5.769842507879130444e-01 4.540185989199672645e-01 1.628526149803483092e-01 5.306881125362395979e-01
6.984978354631944386e-01 7.558250913442741137e-01 3.833930926357315139e-01 8.140937594546188150e-01 7.087545471373135619e-02 3.038574376401794175e-01 4.490964023173183439e-01 5.116962845464789744e-01 3.247246521159244947e-01 4.432502185950289442e-01 4.265670034713060499e-01 3.313643977508540228e-01 4.915583934977184599e-01 2.297465864239781608e-01 7.933593846973516772e-01 4.358262044064417084e-01 0.000000000000000000e+00 5.877431895817489815e-01 3.466490608782571980e-01 4.328528773527768325e-01 3.176053341312630174e-01 7.040438859193403065e-01 4.797029165894829417e-01 7.972979166901149606e-01 5.154210953966459341e-01 4.709880627007325682e-01 6.807043992187283843e-01 5.402287401211198770e-01 9.154330281984011108e-01 6.081688539774707802e-01 5.748886765336610472e-01 4.776961373955235235e-01 6.198211091495016145e-01 5.415139448226129470e-01 5.074395535570938032e-01
2.519381736014258966e-01 7.400127905186801858e-01 4.346081797316956319e-01 4.865704285580231825e-01 8.454464296715648031e-01 5.370657212563552108e-01 4.349854443293119655e-01 4.185781597387383535e-01 7.199832167072293121e-01 3.168491583443538984e-01 7.156585530852525023e-01 3.421641417289714715e-01 4.941229421877441075e-01 8.693674813444924876e-01 6.411208424291450214e-01 7.725460885059679539e-01 5.877431895817489815e-01 0.000000000000000000e+00 6.674620838394453859e-01 3.822985910625514849e-01 1.337287492921457321e-01 4.019697160618052600e-01 9.358033976268225196e-01 7.980430738464243667e-01 3.702973120686769981e-01 6.487504077285288773e-02 2.856184842808912605e-01 6.719380271500232649e-01 4.103832244906007176e-01 7.537418293177441386e-01 3.561810439085951741e-01 3.412607217624489264e-01 9.095905622295730186e-01 2.890387110749953470e-01 4.744443960582577224e-01
4.832907944031364922e-01 5.035324067104385293e-01 6.811394670821542263e-01 6.478327618041487268e-01 6.015785302889593567e-01 1.791393062158526117e-01 8.888430153127335753e-02 6.380317805012362120e-01 5.446162409199462040e-01 2.754862184952823201e-01 3.391161273308911372e-01 3.583421574081887551e-01 2.798211029153215290e-01 8.264719873126541438e-01 8.848826372577244248e-01 5.564022871051987895e-01 3.466490608782571980e-01 6.674620838394453859e-01 0.000000000000000000e+00 6.332278269222066935e-01 2.614168381038889377e-01 3.099215580007780302e-01 7.982846029555122902e-01 4.660922398028840563e-01 4.637425643546682630e-01 5.243981204515488770e-01 5.490923497065526293e-01 5.741112528174978635e-01 4.935666586777069931e-01 7.256031300959608910e-01 5.504388329219382925e-01 6.231534713357698152e-01 1.258042597368818072e-01 4.327833348185378126e-01 5.690900206184261734e-01
6.244986695269498789e-01 3.165666966087024026e-01 4.465495927146496680e-01 5.654140654712392910e-01 6.705778585943197312e-01 7.830615595863900102e-01 6.586998120636640142e-01 7.985101256218942734e-01 6.013930232656866659e-01 8.688571816289947236e-01 3.438965894709511417e-02 4.357647485982591995e-01 8.578532687893161146e-01 6.213276867881954990e-01 7.337132077901884486e-01 4.940143488325375309e-01 4.328528773527768325e-01 3.822985910625514849e-01 6.332278269222066935e-01 0.000000000000000000e+00 4.607344083511105137e-01 7.993649729538541138e-01 2.487297261499862300e-01 5.874010470253656635e-01 6.290657027342025920e-01 3.323225914588265884e-01 4.841885117342750178e-01 1.950975052665612219e-01 5.091448146674362185e-01 5.815151153127083861e-01 4.018903839116441112e-01 6.125822069236629419e-01 7.191445890263676866e-01 4.709788141558443053e-01 2.634791737476275264e-01
3.836027801021943962e-01 4.294658576231166758e-01 4.385778150343995208e-01 9.150758158465995828e-01 9.168339446115106872e-01 4.065548076670374433e-01 4.262238565134992552e-01 2.739409254728440990e-01 5.889609007063264512e-01 4.870678820111193352e-01 4.669095684647437405e-01 7.724772150173369045e-01 4.509195710909351673e-01 5.027786657984457674e-01 6.223368587061683943e-01 4.118734299783001207e-01 3.176053341312630174e-01 1.337287492921457321e-01 2.614168381038889377e-01 4.607344083511105137e-01 0.000000000000000000e+00 7.946816457549514823e-01 4.441295233779113394e-01 6.155456653355123597e-01 8.399339143748065784e-01 2.414427753121749509e-01 4.589670955458662327e-01 4.013340054282549252e-01 3.073240266677899069e-01 3.046359550116123360e-01 6.610340981640178137e-01 7.240435163684376674e-01 2.748440697768186336e-01 5.296201775216689001e-01 5.250898773055462376e-01
7.133390427417587443e-01 3.682047120700180365e-01 5.227252220609840405e-01 4.586311379491516682e-01 5.636095723249698874e-01 3.412420136410224125e-01 8.703198149442843423e-01 4.319908704985944703e-01 4.533395808422972517e-01 5.710276901136733807e-01 2.339887230922752248e-01 3.045853022874968619e-01 8.275394695278962542e-01 7.259805594970246689e-01 3.331362441961510656e-01 1.743703319370760729e-01 7.040438859193403065e-01 4.019697160618052600e-01 3.099215580007780302e-01 7.993649729538541138e-01 7.946816457549514823e-01 0.000000000000000000e+00 5.378637393150262902e-01 5.139007146649805513e-01 7.784214396049053963e-01 7.994528089967560813e-01 8.437252304809983450e-02 5.570196638778865950e-01 6.956801231855384016e-01 7.990354185153272226e-01 7.491596305798723376e-01 4.269968114755584021e-01 5.496181638150459126e-01 1.242548124619285432e-01 8.232904086363750373e-01
6.909271859916683578e-01 3.912229188689835269e-01 2.645622753953471573e-01 4.268797007303794522e-01 5.358858151323784291e-01 1.712355652590351607e-01 4.513823593346942831e-01 5.049272141211101905e-01 2.685731300356977158e-01 6.955199263577603874e-01 6.986397021550089237e-01 6.345104769655032229e-01 6.376888060078035325e-01 4.950127143678440533e-01 5.860730006408414461e-01 1.963418165198844711e-01 4.797029165894829417e-01 9.358033976268225196e-01 7.982846029555122902e-01 2.487297261499862300e-01 4.441295233779113394e-01 5.378637393150262902e-01 0.000000000000000000e+00 7.123354379991425622e-01 6.583182754594407715e-01 3.816636553258396791e-01 7.114916768159696980e-01 4.638262169966125281e-01 4.096791809410604279e-01 4.560171487226732934e-01 3.394468227823310702e-01 4.490143261643024242e-01 2.150149279412641445e-01 9.148826480609022482e-01 3.229997365015243593e-01
9.308938259507417712e-01 2.167586433954853398e-01 3.868311957059623052e-01 5.844473413943009898e-01 3.268335050383698315e-01 1.088671974028060374e-01 6.797209531072163635e-01 7.885953118969938336e-01 3.854522584853029010e-01 4.858125028115091171e-01 8.357288502803192909e-01 7.295463292616775064e-01 1.334856014997254370e-02 5.968971157504974201e-01 4.019557693106278196e-01 7.947749092752602884e-01 7.972979166901149606e-01 7.980430738464243667e-01 4.660922398028840563e-01 5.874010470253656635e-01 6.155456653355123597e-01 5.139007146649805513e-01 7.123354379991425622e-01 0.000000000000000000e+00 2.893718978425110500e-01 5.401712501763898944e-01 5.644751713459437159e-01 7.235135391949067962e-01 4.618043292817166079e-01 4.909465579426831594e-01 6.679901471944081903e-01 5.939477179807259866e-01 7.660845236154988358e-01 8.457529474167270189e-01 6.335768273753115132e-01
1.414068347966765948e-01 3.743000461047064631e-01 1.670186278221632570e-01 9.309765313236118001e-01 4.411429883825502829e-01 1.342850665568640078e-01 4.871447821426225788e-01 6.032620992996181597e-01 6.916068173559494214e-01 5.999643165199133321e-01 7.297111987691531354e-01 9.068064678393039646e-01 5.080268791062598766e-01 5.447378778328154647e-01 5.989140314276354404e-01 2.252724577749508073e-01 5.154210953966459341e-01 3.702973120686769981e-01 4.637425643546682630e-01 6.290657027342025920e-01 8.399339143748065784e-01 7.784214396049053963e-01 6.583182754594407715e-01 2.893718978425110500e-01 0.000000000000000000e+00 1.551414483849786752e-01 2.026714483308400538e-01 2.496760378837721284e-01 5.455232696649265911e-01 4.284546723705539573e-01 4.030738496646603664e-01 2.239492604360974193e-01 6.775720547929998672e-01 2.496045523246622766e-01 2.514428037773718261e-01
3.901928522260343923e-01 2.296682866874094620e-01 4.695716203878729234e-01 5.379159119349024021e-01 7.970028689508479314e-01 5.859058502846097305e-01 5.191839814236167694e-01 1.625201164882073002e-02 5.370995599747067084e-01 7.297427688657016631e-01 6.727081432188878329e-01 5.551678311481644812e-01 3.843018886397563394e-01 4.745695469157228397e-01 6.094250426522986874e-01 7.716988818207199952e-01 4.709880627007325682e-01 6.487504077285288773e-02 5.243981204515488770e-01 3.323225914588265884e-01 2.414427753121749509e-01 7.994528089967560813e-01 3.816636553258396791e-01 5.401712501763898944e-01 1.551414483849786752e-01 0.000000000000000000e+00 2.241808580893328573e-01 8.982443159671377186e-01 3.838436586544918816e-01 7.193513003998290856e-01 3.788668296516286560e-01 4.286582440843440533e-01 1.173766162561509230e-01 6.532456888809758944e-01 4.148911550921548508e-01
6.279636017917133994e-02 6.617503678412213208e-01 1.862091287471572265e-01 7.464723426653436800e-01 4.549242912787554993e-01 5.013866117809688827e-01 3.392525936740423687e-01 4.165167662948354721e-01 3.118868440847891721e-01 5.609931409204008679e-01 5.085274166822900677e-01 3.113425575218516927e-01 8.290348552534354543e-01 7.129657327440701575e-01 2.067820282310673941e-01 6.540278153580867393e-01 6.807043992187283843e-01 2.856184842808912605e-01 5.490923497065526293e-01 4.841885117342750178e-01 4.589670955458662327e-01 8.437252304809983450e-02 7.114916768159696980e-01 5.644751713459437159e-01 2.026714483308400538e-01 2.241808580893328573e-01 0.000000000000000000e+00 4.180694309396638664e-01 6.955489453354506413e-01 6.587512150581862347e-01 4.718501802885433083e-01 7.303426062491011894e-01 4.337857389977717304e-01 4.464537566445940242e-01 2.474831352386016592e-01
3.338883719423644814e-01 8.170289898920563010e-01 4.151894912998533305e-01 6.163006502370610429e-01 9.116801676017394218e-01 5.326836575336215684e-01 3.317328677218183142e-01 5.486128549787974151e-01 2.142096675469262745e-01 5.185515092781831648e-01 2.486660143882011564e-01 5.447294871949772688e-01 4.211655148606966992e-01 5.444646549187236451e-01 4.775715738315223780e-01 6.876726229791594314e-01 5.402287401211198770e-01 6.719380271500232649e-01 5.741112528174978635e-01 1.950975052665612219e-01 4.013340054282549252e-01 5.570196638778865950e-01 4.638262169966125281e-01 7.235135391949067962e-01 2.496760378837721284e-01 8.982443159671377186e-01 4.180694309396638664e-01 0.000000000000000000e+00 9.029055164976352854e-01 4.401630239603255279e-01 4.938475445213783566e-01 5.894689384872787707e-01 9.496635885587654258e-01 2.546938895533701341e-01 5.558548617469154518e-01
8.931401950290435154e-01 5.193737987306925596e-01 6.688940309877583479e-01 4.573292059041671465e-01 5.306721370937335092e-01 5.965928601749208582e-01 4.033036539453667135e-01 2.481662766234978834e-01 8.774734564692793226e-01 3.947168438490905595e-01 6.209820379984666294e-01 3.534667093537906535e-01 5.392188179257313418e-01 4.429366892227512009e-01 3.389667091461218140e-01 4.537191943901519031e-01 9.154330281984011108e-01 4.103832244906007176e-01 4.935666586777069931e-01 5.091448146674362185e-01 3.073240266677899069e-01 6.956801231855384016e-01 4.096791809410604279e-01 4.618043292817166079e-01 5.455232696649265911e-01 3.838436586544918816e-01 6.955489453354506413e-01 9.029055164976352854e-01 0.000000000000000000e+00 5.916965180882618469e-01 4.245891065292763389e-01 3.185651601836864133e-01 2.231206256811709698e-01 3.969731394715747541e-01 3.250800365902347111e-01
8.731121057851667366e-01 5.412147414087313813e-01 3.966530298738885074e-01 6.830165335739988297e-01 3.891710318938466084e-01 5.677932433849024463e-01 2.287213887082558683e-01 6.122694864298506845e-01 4.898984732936852993e-01 4.661347736705545586e-01 1.892794313715573939e-01 8.854480074429476044e-01 9.253612316939063831e-01 5.216305686601909741e-01 6.364708401606704591e-01 9.048442799568194861e-01 6.081688539774707802e-01 7.537418293177441386e-01 7.256031300959608910e-01 5.815151153127083861e-01 3.046359550116123360e-01 7.990354185153272226e-01 4.560171487226732934e-01 4.909465579426831594e-01 4.284546723705539573e-01 7.193513003998290856e-01 6.587512150581862347e-01 4.401630239603255279e-01 5.916965180882618469e-01 0.000000000000000000e+00 8.362623286522757882e-01 3.103423060840664882e-01 4.039862028458497956e-01 7.557145542186152198e-01 3.463947492647280191e-01
5.225681073827902479e-01 4.381050584300398287e-01 4.555402498683370216e-01 7.893353271974952179e-01 8.408992298886197592e-01 3.554772651031907760e-01 6.000647853382387042e-01 8.277427797270178189e-01 3.862966514712351529e-02 6.815887014995416493e-01 7.970962223984705552e-01 4.210254883721083474e-01 6.669587973362767208e-01 3.085534125075116152e-01 5.801819220325450388e-01 8.565522089898014446e-01 5.748886765336610472e-01 3.561810439085951741e-01 5.504388329219382925e-01 4.018903839116441112e-01 6.610340981640178137e-01 7.491596305798723376e-01 3.394468227823310702e-01 6.679901471944081903e-01 4.030738496646603664e-01 3.788668296516286560e-01 4.718501802885433083e-01 4.938475445213783566e-01 4.245891065292763389e-01 8.362623286522757882e-01 0.000000000000000000e+00 7.294777340038343105e-01 5.317638917448000990e-01 7.625512157834057891e-01 7.870258517911030705e-01
7.887348712409144591e-01 5.060726514031004264e-01 3.338422418535431091e-01 8.285592911301031815e-01 9.025224968531616598e-01 1.509889168059548314e-01 4.088356282730168934e-01 7.946811357847627377e-01 8.829400831802789451e-01 8.343162789482581054e-01 5.120490944403661704e-01 5.955263534809556170e-01 4.034575876579688525e-01 6.189334392486447456e-01 3.048343190830800631e-01 5.769842507879130444e-01 4.776961373955235235e-01 3.412607217624489264e-01 6.231534713357698152e-01 6.125822069236629419e-01 7.240435163684376674e-01 4.269968114755584021e-01 4.490143261643024242e-01 5.939477179807259866e-01 2.239492604360974193e-01 4.286582440843440533e-01 7.303426062491011894e-01 5.894689384872787707e-01 3.185651601836864133e-01 3.103423060840664882e-01 7.294777340038343105e-01 0.000000000000000000e+00 6.442276615227515713e-02 5.391995794333011016e-01 6.402699427377649410e-01
5.629738791622533878e-01 6.144417694876975755e-01 2.514212552111003141e-01 5.584910166021257449e-01 2.171752249145549873e-01 3.401471788358211845e-01 4.905171659003007001e-01 2.052551490373026866e-01 9.645889472303864620e-02 6.433406290301069141e-01 6.093548544839203496e-01 5.722180076768311752e-01 5.486154098505968690e-01 8.657568343401638167e-01 3.718669990566903505e-01 4.540185989199672645e-01 6.198211091495016145e-01 9.095905622295730186e-01 1.258042597368818072e-01 7.191445890263676866e-01 2.748440697768186336e-01 5.496181638150459126e-01 2.150149279412641445e-01 7.660845236154988358e-01 6.775720547929998672e-01 1.173766162561509230e-01 4.337857389977717304e-01 9.496635885587654258e-01 2.231206256811709698e-01 4.039862028458497956e-01 5.317638917448000990e-01 6.442276615227515713e-02 0.000000000000000000e+00 1.838165989078313634e-01 4.257679792226048976e-01
6.592038341452505223e-01 3.038459839383613748e-01 7.162422346646639681e-01 7.237532143033862386e-01 3.201891396243564669e-01 8.459445648820279606e-01 7.501330393281748776e-01 5.867140345091454989e-01 5.793638140134830250e-01 8.509875886937069422e-01 1.886019615797861482e-01 5.810513336023902520e-01 5.456858107425048843e-01 5.115394253853846607e-01 3.606647940436821798e-01 1.628526149803483092e-01 5.415139448226129470e-01 2.890387110749953470e-01 4.327833348185378126e-01 4.709788141558443053e-01 5.296201775216689001e-01 1.242548124619285432e-01 9.148826480609022482e-01 8.457529474167270189e-01 2.496045523246622766e-01 6.532456888809758944e-01 4.464537566445940242e-01 2.546938895533701341e-01 3.969731394715747541e-01 7.557145542186152198e-01 7.625512157834057891e-01 5.391995794333011016e-01 1.838165989078313634e-01 0.000000000000000000e+00 3.384677937868375008e-01
7.341635659139589265e-02 1.033384020689129823e-01 2.341316942309155102e-01 4.858096134841198288e-01 5.288197823610454318e-01 8.284522918186165708e-02 5.058501615282984254e-01 3.783472779992700374e-01 7.938678711750143391e-01 4.157174913945937411e-01 3.716094088108939930e-01 6.311666911528077684e-01 5.093907418825760480e-01 3.963939671777900187e-01 2.786829976356826055e-01 5.306881125362395979e-01 5.074395535570938032e-01 4.744443960582577224e-01 5.690900206184261734e-01 2.634791737476275264e-01 5.250898773055462376e-01 8.232904086363750373e-01 3.229997365015243593e-01 6.335768273753115132e-01 2.514428037773718261e-01 4.148911550921548508e-01 2.474831352386016592e-01 5.558548617469154518e-01 3.250800365902347111e-01 3.463947492647280191e-01 7.870258517911030705e-01 6.402699427377649410e-01 4.257679792226048976e-01 3.384677937868375008e-01 0.000000000000000000e+00
