0.000000000000000000e+00 6.427277208141103371e-01 5.403299234336549350e-01 5.894607316104440997e-01 4.800638635282204469e-01 4.618386166007936167e-01 1.839719151094639793e-01 7.292506830132537976e-01 6.845843229891024340e-01 2.899830428228580281e-01 5.541592253192680895e-01 5.147353740599109884e-01 1.472903700429605278e-01 4.994449709698703943e-01 4.825048499151049497e-01 4.581485704510593893e-01 6.105205774318278600e-01 5.134124990855810644e-01 6.092027227842746750e-01 5.816732821001704412e-01 8.251077557228745363e-01 5.369669769798681713e-01 8.630182713077647616e-01 7.623661089930576784e-01 1.949551424098502350e-01 6.857877483328418400e-01 1.261712757740661717e-01 5.419047094921712882e-01 4.196654673640056732e-01 7.504007981310747422e-01 4.382219074438370998e-01 6.475181976286740193e-01 2.347611283236474833e-01 2.135218648315816425e-01 2.219601675055461465e-01
6.427277208141103371e-01 0.000000000000000000e+00 9.602268727923624070e-01 6.037051589989417266e-02 9.509946099992094837e-02 4.241633758702095802e-01 4.780168865502283371e-01 5.703212640909780529e-01 7.467829562716661318e-01 3.177218830405086347e-01 2.259832345202155701e-01 2.538884838424610990e-01 6.649981283392245590e-01 3.489322277548523310e-01 4.998957575963948186e-01 7.669783906373185411e-01 8.198836228688837213e-01 6.937358992523035006e-01 1.184360922093147250e-01 7.245173237499856755e-01 6.881428766261006302e-01 4.006612481116966218e-01 4.741128851229859942e-01 5.173805026738855783e-01 3.550801123517733360e-01 7.165610234058160666e-01 6.976937373641706186e-01 2.664903936651935035e-01 8.104663450891320675e-01 6.554563221587448307e-01 5.122490142113216294e-01 5.960291091021027166e-01 4.585231450817768284e-01 5.624400051187692373e-01 6.607398782759237310e-01
5.403299234336549350e-01 9.602268727923624070e-01 0.000000000000000000e+00 4.560574569314631010e-01 4.365241575492164183e-01 2.116953546760759197e-01 7.791817015673307978e-02 5.032685676745318748e-01 4.473181094918906586e-01 5.863939247290000933e-01 3.629824664901264430e-01 3.776576301471261665e-01 3.122337757717304485e-01 5.241881605691474100e-01 8.490525339581584952e-01 3.544983317118033384e-01 5.070649507763207442e-01 2.788965019832461145e-01 6.057229007036581958e-01 5.751750297308955151e-01 6.610935775311429508e-01 2.362297262771337891e-01 5.893580463927666768e-01 5.156090992045397892e-01 5.141699894687962180e-01 7.669972611065496437e-01 2.359417968240885566e-01 3.389085327504482992e-01 1.167901901680333254e-01 8.875716606620471794e-01 6.651503878634048572e-01 4.347122969524950253e-01 5.224799933223027715e-01 4.600478988370585443e-01 3.439133071004729647e-01
5.894607316104440997e-01 6.037051589989417266e-02 4.560574569314631010e-01 0.000000000000000000e+00 5.674763644965330478e-01 6.814783779678927900e-01 4.488722550526934030e-01 2.662767898685467483e-01 4.973328664966814583e-01 8.019430688166296894e-01 3.808709479074177673e-01 5.100483540201810051e-01 5.257464371284851223e-01 5.104718037904010242e-01 4.775056300134564724e-01 5.186174576887268017e-01 3.422818484534347339e-01 6.810080530609177174e-01 4.942295502260606321e-01 3.248647009501582916e-01 5.978051992941167958e-01 4.923368970358473762e-01 4.577459542690315297e-01 5.233243326420207175e-01 4.864885224141934361e-01 5.646986470486357046e-01 6.930113521002260191e-01 1.930512607931743618e-01 1.989348507056631910e-01 6.212009890098977305e-01 2.363804406169311978e-01 5.013286490436799081e-01 5.235928852263509459e-01 5.382947866554900207e-01 5.555647585466478855e-01
4.800638635282204469e-01 9.509946099992094837e-02 4.365241575492164183e-01 5.674763644965330478e-01 0.000000000000000000e+00 1.112537037289649811e-01 8.531129047608656535e-01 5.644257615162844299e-01 3.999489051870766532e-01 4.387539097717997882e-01 6.025724345877714327e-01 6.458474808314165205e-01 9.509015700771294988e-02 1.167130575115180591e-01 4.591813067109600799e-01 3.986783477268446285e-01 4.365641623624664236e-01 6.992110503332921168e-01 4.767413764878796756e-01 2.411938294272567562e-01 8.669322108228952883e-01 7.438391155457888537e-01 6.247789454780610097e-01 7.308820040895538384e-01 9.434872825991424961e-02 3.332398883427928338e-01 1.032439604418841084e-01 3.371401648798090234e-01 5.139394416365585805e-01 2.489665354316481505e-01 7.258164205024397742e-01 3.278013564371422550e-01 7.059351142073209129e-01 4.655805900663578800e-01 2.952494577762078132e-01
4.618386166007936167e-01 4.241633758702095802e-01 2.116953546760759197e-01 6.814783779678927900e-01 1.112537037289649811e-01 0.000000000000000000e+00 2.835242385250076325e-01 2.118255479236299532e-01 2.727604129534338950e-01 5.418494637829982530e-01 2.441201685568938906e-01 5.826042529846839901e-01 4.175688534656039619e-01 5.216296107717370845e-01 5.493614589028197326e-01 3.996190622070781018e-01 5.188918337156287475e-01 6.391519435922410342e-01 1.468508343637741076e-01 5.453164756576136529e-01 3.003748778860174662e-01 2.603238267023737507e-01 2.890597795626267397e-01 4.895424019685920003e-01 5.068364137317695750e-01 4.594796363438838904e-01 4.768065982634375199e-01 4.719043788791215666e-01 8.375920650889041585e-01 3.693649890083613441e-01 3.385449513990819170e-01 3.733780962972368389e-01 5.515178634163240279e-01 4.996849307559447784e-02 6.830976005267745954e-01
1.839719151094639793e-01 4.780168865502283371e-01 7.791817015673307978e-02 4.488722550526934030e-01 8.531129047608656535e-01 2.835242385250076325e-01 0.000000000000000000e+00 6.024971913204163476e-01 7.496913711409214365e-01 7.877427574671695965e-01 1.384236189761799407e-01 3.322769311077452548e-01 6.488765124369102466e-01 9.240237471750020193e-01 5.947846608335516372e-01 5.124156044006809019e-01 8.409589720460378670e-01 4.228547622870353351e-01 7.652344502814549809e-01 4.669006269105800966e-01 5.780121654461405356e-01 2.762086753958492569e-01 5.621915520924780640e-01 9.129879947814920627e-01 4.609675387337249242e-01 5.475479957173465806e-01 4.698875017565501966e-01 3.761284280828816606e-01 1.893154754528971750e-01 8.663706401810217228e-01 5.207123239820654614e-01 2.096096886550895544e-01 7.816708715208764424e-01 4.772674325834920239e-01 4.446446054065888998e-02
7.292506830132537976e-01 5.703212640909780529e-01 5.032685676745318748e-01 2.662767898685467483e-01 5.644257615162844299e-01 2.118255479236299532e-01 6.024971913204163476e-01 0.000000000000000000e+00 3.998611923408962321e-01 8.778497515850599564e-01 4.892523627917080287e-01 3.797981172622423296e-01 3.397113445689011746e-01 5.041625893750207865e-01 6.688335650282222211e-01 5.830039239500068859e-01 6.196277943038579483e-01 7.541950776265606837e-01 4.849229969285061004e-01 2.479295186151580510e-01 3.859449308184432770e-01 2.531141094507776135e-01 7.980708358208146169e-01 3.277942975795353764e-01 6.805771717420957545e-01 1.713529809929680847e-01 8.722557801040228265e-01 5.603702992588386333e-01 4.845803079522041368e-01 7.352378415226125119e-01 6.777246983634532818e-01 8.420091182002169550e-01 6.315306873342442229e-01 9.113881430656745053e-02 3.835471213342913632e-01
6.845843229891024340e-01 7.467829562716661318e-01 4.473181094918906586e-01 4.973328664966814583e-01 3.999489051870766532e-01 2.727604129534338950e-01 7.496913711409214365e-01 3.998611923408962321e-01 0.000000000000000000e+00 1.595929057430532927e-01 4.645375373194999824e-01 7.263226120998209634e-01 8.596112913165809832e-01 2.204929094196234063e-01 5.199001917604858525e-01 6.194130930303520799e-01 6.978955293709955265e-01 7.769055468261789610e-01 7.641252100220836674e-01 7.943201096198437838e-01 8.826778443081632064e-01 1.512269684212242948e-01 3.752584426467799883e-01 8.575360753334240194e-01 6.492974633940474805e-01 5.010869233265178302e-01 1.409027579000531327e-01 8.781532317246865116e-01 4.509857895284217766e-01 5.470395135448022916e-01 4.968776365990758004e-01 5.676624000827532601e-01 8.551697939702465057e-01 3.468022740284444350e-01 2.777275756151000863e-01
2.899830428228580281e-01 3.177218830405086347e-01 5.863939247290000933e-01 8.019430688166296894e-01 4.387539097717997882e-01 5.418494637829982530e-01 7.877427574671695965e-01 8.778497515850599564e-01 1.595929057430532927e-01 0.000000000000000000e+00 3.231036827925727328e-01 5.631335960796347573e-01 7.077972450285934247e-01 6.282231335125614269e-01 2.466360281084049033e-01 5.119411283369692534e-01 6.941496690625000854e-01 7.780847012093647930e-01 6.463023583171505493e-01 6.914833536749144249e-01 2.549187106841711570e-01 6.255663118619956276e-01 5.657544545028534433e-01 9.691505774367995540e-01 8.406031525054906695e-01 2.705412893115112238e-01 5.276008800802515220e-01 4.869938412222294399e-01 2.934335254743057897e-01 3.516972315164317298e-01 4.622884963048283224e-01 7.241284338214757366e-01 2.425619095112943047e-01 2.515831558759894504e-01 3.836569451201122805e-01
5.541592253192680895e-01 2.259832345202155701e-01 3.629824664901264430e-01 3.808709479074177673e-01 6.025724345877714327e-01 2.441201685568938906e-01 1.384236189761799407e-01 4.892523627917080287e-01 4.645375373194999824e-01 3.231036827925727328e-01 0.000000000000000000e+00 3.621455902269557492e-01 7.071356361515520605e-01 8.220382126009604384e-01 4.023643402819487291e-01 2.386295543784723305e-01 2.572596454480908790e-01 8.702340261280466782e-01 6.643307017218365029e-01 6.888201878834809833e-01 1.400600248541379322e-01 3.339573249188110826e-01 6.363639930436317815e-01 6.112988583957954525e-01 5.058999388093790017e-01 6.207780400562846745e-01 3.288269208179406267e-02 4.721832872616790189e-01 5.349571688584489060e-01 9.106354433007498583e-01 5.332983760494207637e-01 9.242702791387488181e-01 5.383344899207830325e-01 4.654368776173266609e-01 5.907109330393701674e-01
5.147353740599109884e-01 2.538884838424610990e-01 3.776576301471261665e-01 5.100483540201810051e-01 6.458474808314165205e-01 5.826042529846839901e-01 3.322769311077452548e-01 3.797981172622423296e-01 7.263226120998209634e-01 5.631335960796347573e-01 3.621455902269557492e-01 0.000000000000000000e+00 8.290345530190346146e-01 4.568669192189169226e-01 9.075923159466525725e-01 5.398399602096033423e-01 8.807164224906374184e-01 7.191214725962653542e-01 5.701857923057171984e-01 4.802669011009159661e-01 9.433019207831967456e-01 2.746400610674273324e-01 4.190982142937785815e-01 7.304184713757059244e-01 4.728612317529060083e-01 5.466133901544522056e-01 8.980758034064054707e-01 6.775557706603559938e-01 8.796188864058186452e-01 6.293777587988786948e-01 6.942964486272994451e-01 3.524978765815629522e-01 1.761461994504236461e-01 6.200357736526074248e-01 2.153356213604492586e-01
1.472903700429605278e-01 6.649981283392245590e-01 3.122337757717304485e-01 5.257464371284851223e-01 9.509015700771294988e-02 4.175688534656039619e-01 6.488765124369102466e-01 3.397113445689011746e-01 8.596112913165809832e-01 7.077972450285934247e-01 7.071356361515520605e-01 8.290345530190346146e-01 0.000000000000000000e+00 1.592081330665211514e-01 4.623942566802136112e-01 9.846929901026046927e-02 4.287916781365830321e-01 5.505775134135374449e-01 3.377049574633627094e-01 1.923326639590187126e-01 4.339500377395326680e-01 6.343708508974563731e-01 3.909355817574833303e-02 3.576143139225405609e-01 8.992135161976784197e-01 1.592256872443547078e-01 4.633256978296688144e-01 1.537863943347311801e-01 8.826553356988755539e-01 6.788312186249688684e-01 5.082076350912917428e-01 2.232823192631142595e-01 6.757984930096938569e-01 1.268221987184894317e-01 4.611656246143122084e-01
4.994449709698703943e-01 3.489322277548523310e-01 5.241881605691474100e-01 5.104718037904010242e-01 1.167130575115180591e-01 5.216296107717370845e-01 9.240237471750020193e-01 5.041625893750207865e-01 2.204929094196234063e-01 6.282231335125614269e-01 8.220382126009604384e-01 4.568669192189169226e-01 1.592081330665211514e-01 0.000000000000000000e+00 4.802724987570508031e-01 3.599361877775095753e-01 6.483066339094900599e-01 8.700010940424636185e-01 1.909713780763484525e-01 9.630399433029486200e-01 2.890713029215096208e-01 4.561974564795123754e-01 2.122282108439662585e-01 4.636996014201312244e-01 4.680303318582070826e-01 7.074803731926493366e-01 8.789645643453923851e-01 1.902836568895494018e-01 4.864350468472905531e-01 7.749586758750376392e-01 1.783597098965610250e-01 6.636788080266788903e-01 6.363211756462261448e-01 2.975759532326029966e-01 3.499472029029803699e-01
4.825048499151049497e-01 4.998957575963948186e-01 8.490525339581584952e-01 4.775056300134564724e-01 4.591813067109600799e-01 5.493614589028197326e-01 5.947846608335516372e-01 6.688335650282222211e-01 5.199001917604858525e-01 2.466360281084049033e-01 4.023643402819487291e-01 9.075923159466525725e-01 4.623942566802136112e-01 4.802724987570508031e-01 0.000000000000000000e+00 5.577873220425130230e-01 5.125851549109317062e-02 4.995447244953827859e-01 4.931722591837822689e-01 8.347845725011846518e-01 4.149610493069338935e-01 4.839838296253374805e-01 7.333196001643456086e-01 2.191436134141646619e-01 8.307155167712159116e-01 5.172043255406333362e-01 4.158462853281874594e-01 4.939996432244864177e-01 5.776733707493607595e-01 1.492895429058543888e-01 3.340945133036776205e-01 6.353082572136929951e-01 5.244924207572970731e-01 5.753941386893643983e-01 5.720690504867501636e-01
4.581485704510593893e-01 7.669783906373185411e-01 3.544983317118033384e-01 5.186174576887268017e-01 3.986783477268446285e-01 3.996190622070781018e-01 5.124156044006809019e-01 5.830039239500068859e-01 6.194130930303520799e-01 5.119411283369692534e-01 2.386295543784723305e-01 5.398399602096033423e-01 9.846929901026046927e-02 3.599361877775095753e-01 5.577873220425130230e-01 0.000000000000000000e+00 5.846744432711050710e-01 3.841064862303398275e-01 5.303628462770141327e-01 1.898170303668247350e-01 8.781082891443499072e-01 1.853637175482977240e-01 4.943272032792613291e-01 5.230648673233379009e-01 4.671807071630920127e-01 6.187953756989115206e-01 4.563394597942910802e-01 6.711932305870427218e-01 2.223159697796947554e-01 6.810230471491739435e-01 7.881477023125817993e-01 7.718517195992240509e-01 5.688439590619049913e-01 5.405094031722053050e-01 5.902752790674430372e-01
6.105205774318278600e-01 8.198836228688837213e-01 5.070649507763207442e-01 3.422818484534347339e-01 4.365641623624664236e-01 5.188918337156287475e-01 8.409589720460378670e-01 6.196277943038579483e-01 6.978955293709955265e-01 6.941496690625000854e-01 2.572596454480908790e-01 8.807164224906374184e-01 4.287916781365830321e-01 6.483066339094900599e-01 5.125851549109317062e-02 5.846744432711050710e-01 0.000000000000000000e+00 8.060140192867601971e-01 7.628747903464101476e-01 5.186896108855576504e-01 4.914096245582744160e-01 4.580055337424377981e-01 1.016257343191466211e-01 2.756004958628648360e-01 8.263167828183004548e-01 8.527885668590542423e-01 1.472852540450573233e-01 6.910421817594797345e-01 6.041847334391221569e-01 5.715465017749679077e-01 6.078030673176332277e-01 6.802671649800173803e-01 6.522036600147370633e-01 9.182786951737630377e-01 8.307212060237698648e-01
5.134124990855810644e-01 6.937358992523035006e-01 2.788965019832461145e-01 6.810080530609177174e-01 6.992110503332921168e-01 6.391519435922410342e-01 4.228547622870353351e-01 7.541950776265606837e-01 7.769055468261789610e-01 7.780847012093647930e-01 8.702340261280466782e-01 7.191214725962653542e-01 5.505775134135374449e-01 8.700010940424636185e-01 4.995447244953827859e-01 3.841064862303398275e-01 8.060140192867601971e-01 0.000000000000000000e+00 7.906764739775461459e-01 8.906382891303099569e-02 7.258001638713479364e-01 6.698603096492864450e-01 3.814777731707088559e-01 2.626227887751862999e-01 6.785554843606707021e-01 9.083992054160476837e-01 8.325915387755128405e-01 4.078282361893034169e-01 8.824596437687861616e-01 8.246782395554340672e-01 4.292177887028820749e-01 8.630654353710864868e-01 7.489178405666254701e-01 5.569363927615355037e-01 8.175696457879214618e-01
6.092027227842746750e-01 1.184360922093147250e-01 6.057229007036581958e-01 4.942295502260606321e-01 4.767413764878796756e-01 1.468508343637741076e-01 7.652344502814549809e-01 4.849229969285061004e-01 7.641252100220836674e-01 6.463023583171505493e-01 6.643307017218365029e-01 5.701857923057171984e-01 3.377049574633627094e-01 1.909713780763484525e-01 4.931722591837822689e-01 5.303628462770141327e-01 7.628747903464101476e-01 7.906764739775461459e-01 0.000000000000000000e+00 6.437920755827867270e-01 7.993308811188137852e-01 1.230778876679945455e-01 2.093051874228074594e-01 7.938972451856129986e-02 5.061407354086167043e-01 5.765665238584005703e-01 1.109177867693296182e-01 6.744254574948567171e-01 7.495090196182059294e-01 3.970604865722345833e-01 9.411799531584096323e-01 5.466401001720726516e-01 1.783325047905559568e-01 3.972623971220098360e-01 2.556302087937382117e-01
5.816732821001704412e-01 7.245173237499856755e-01 5.751750297308955151e-01 3.248647009501582916e-01 2.411938294272567562e-01 5.453164756576136529e-01 4.669006269105800966e-01 2.479295186151580510e-01 7.943201096198437838e-01 6.914833536749144249e-01 6.888201878834809833e-01 4.802669011009159661e-01 1.923326639590187126e-01 9.630399433029486200e-01 8.347845725011846518e-01 1.898170303668247350e-01 5.186896108855576504e-01 8.906382891303099569e-02 6.437920755827867270e-01 0.000000000000000000e+00 4.576420469047535189e-01 8.109030116251014775e-01 4.834983466711121336e-01 4.821824201221823758e-01 8.808814870487324811e-01 8.364300548808797364e-01 3.088358083588148562e-01 6.596879910308666162e-01 5.278661261224116830e-01 4.375924258512945975e-01 6.890330440116365640e-01 4.304278815539257508e-01 8.719087979714184033e-01 4.382900116043467187e-01 2.677936535661930018e-01
8.251077557228745363e-01 6.881428766261006302e-01 6.610935775311429508e-01 5.978051992941167958e-01 8.669322108228952883e-01 3.003748778860174662e-01 5.780121654461405356e-01 3.859449308184432770e-01 8.826778443081632064e-01 2.549187106841711570e-01 1.400600248541379322e-01 9.433019207831967456e-01 4.339500377395326680e-01 2.890713029215096208e-01 4.149610493069338935e-01 8.781082891443499072e-01 4.914096245582744160e-01 7.258001638713479364e-01 7.993308811188137852e-01 4.576420469047535189e-01 0.000000000000000000e+00 6.450556590854296113e-01 1.864101545016385586e-01 6.734429766314956600e-01 5.190901146182487214e-01 5.184777797105806219e-01 4.203615860733347365e-01 9.550240132798593073e-02 4.111176819331308074e-01 3.527683475479331809e-01 5.166781766320927005e-01 1.609830296420252660e-01 6.496183465427392001e-01 1.223941746244231465e-01 5.823545305063352329e-01
5.369669769798681713e-01 4.006612481116966218e-01 2.362297262771337891e-01 4.923368970358473762e-01 7.438391155457888537e-01 2.603238267023737507e-01 2.762086753958492569e-01 2.531141094507776135e-01 1.512269684212242948e-01 6.255663118619956276e-01 3.339573249188110826e-01 2.746400610674273324e-01 6.343708508974563731e-01 4.561974564795123754e-01 4.839838296253374805e-01 1.853637175482977240e-01 4.580055337424377981e-01 6.698603096492864450e-01 1.230778876679945455e-01 8.109030116251014775e-01 6.450556590854296113e-01 0.000000000000000000e+00 4.394031030839213314e-01 8.927548655429378144e-01 7.469611509778586456e-01 2.045689255437669329e-01 2.440813231053037269e-01 2.946858730073813604e-01 6.902485652676526584e-01 8.082248184021267878e-01 5.567164198353851123e-01 3.028794169889026389e-01 8.411885386256309216e-01 6.732364912207413621e-01 8.569191443078287840e-01
8.630182713077647616e-01 4.741128851229859942e-01 5.893580463927666768e-01 4.577459542690315297e-01 6.247789454780610097e-01 2.890597795626267397e-01 5.621915520924780640e-01 7.980708358208146169e-01 3.752584426467799883e-01 5.657544545028534433e-01 6.363639930436317815e-01 4.190982142937785815e-01 3.909355817574833303e-02 2.122282108439662585e-01 7.333196001643456086e-01 4.943272032792613291e-01 1.016257343191466211e-01 3.814777731707088559e-01 2.093051874228074594e-01 4.834983466711121336e-01 1.864101545016385586e-01 4.394031030839213314e-01 0.000000000000000000e+00 6.063926757915473198e-01 4.561937625349574699e-01 7.116152160515504255e-01 5.299077820896689328e-01 6.253685269207175379e-01 1.616337103070904502e-01 6.705398010655431174e-01 3.694826498972560991e-01 1.557945321501725267e-01 7.476926018148267739e-01 5.213258991356408689e-01 2.860717045585752794e-01
7.623661089930576784e-01 5.173805026738855783e-01 5.156090992045397892e-01 5.233243326420207175e-01 7.308820040895538384e-01 4.895424019685920003e-01 9.129879947814920627e-01 3.277942975795353764e-01 8.575360753334240194e-01 9.691505774367995540e-01 6.112988583957954525e-01 7.304184713757059244e-01 3.576143139225405609e-01 4.636996014201312244e-01 2.191436134141646619e-01 5.230648673233379009e-01 2.756004958628648360e-01 2.626227887751862999e-01 7.938972451856129986e-02 4.821824201221823758e-01 6.734429766314956600e-01 8.927548655429378144e-01 6.063926757915473198e-01 0.000000000000000000e+00 6.851728536676452430e-01 4.402599017395156800e-01 8.842802644308831450e-01 4.568993683932207062e-01 3.309835421344555773e-01 9.083319156212379397e-01 6.723141443903295489e-01 1.428324653630810293e-01 6.401477740370707936e-01 5.839803705359427610e-01 5.886844361188762198e-01
1.949551424098502350e-01 3.550801123517733360e-01 5.141699894687962180e-01 4.864885224141934361e-01 9.434872825991424961e-02 5.068364137317695750e-01 4.609675387337249242e-01 6.805771717420957545e-01 6.492974633940474805e-01 8.406031525054906695e-01 5.058999388093790017e-01 4.728612317529060083e-01 8.992135161976784197e-01 4.680303318582070826e-01 8.307155167712159116e-01 4.671807071630920127e-01 8.263167828183004548e-01 6.785554843606707021e-01 5.061407354086167043e-01 8.808814870487324811e-01 5.190901146182487214e-01 7.469611509778586456e-01 4.561937625349574699e-01 6.851728536676452430e-01 0.000000000000000000e+00 4.441109642462507945e-01 2.529799527007686732e-01 8.426252414136308211e-01 3.975465998407986534e-01 8.634397638588408030e-01 2.373494253279131438e-01 5.218485089672284527e-01 3.096577835455541772e-01 4.554418315147619745e-01 2.365623392621396537e-01
6.857877483328418400e-01 7.165610234058160666e-01 7.669972611065496437e-01 5.646986470486357046e-01 3.332398883427928338e-01 4.594796363438838904e-01 5.475479957173465806e-01 1.713529809929680847e-01 5.010869233265178302e-01 2.705412893115112238e-01 6.207780400562846745e-01 5.466133901544522056e-01 1.592256872443547078e-01 7.074803731926493366e-01 5.172043255406333362e-01 6.187953756989115206e-01 8.527885668590542423e-01 9.083992054160476837e-01 5.765665238584005703e-01 8.364300548808797364e-01 5.184777797105806219e-01 2.045689255437669329e-01 7.116152160515504255e-01 4.402599017395156800e-01 4.441109642462507945e-01 0.000000000000000000e+00 8.147254716855197865e-01 5.614982448992954511e-01 5.706695726184936035e-01 7.654740938811450679e-01 5.517715318877135511e-01 6.055608725746854937e-01 3.570914029708346371e-01 1.561820269748880330e-01 1.375877681818218345e-01
1.261712757740661717e-01 6.976937373641706186e-01 2.359417968240885566e-01 6.930113521002260191e-01 1.032439604418841084e-01 4.768065982634375199e-01 4.698875017565501966e-01 8.722557801040228265e-01 1.409027579000531327e-01 5.276008800802515220e-01 3.288269208179406267e-02 8.980758034064054707e-01 4.633256978296688144e-01 8.789645643453923851e-01 4.158462853281874594e-01 4.563394597942910802e-01 1.472852540450573233e-01 8.325915387755128405e-01 1.109177867693296182e-01 3.088358083588148562e-01 4.203615860733347365e-01 2.440813231053037269e-01 5.299077820896689328e-01 8.842802644308831450e-01 2.529799527007686732e-01 8.147254716855197865e-01 0.000000000000000000e+00 8.440323296656885299e-01 6.800974075198299440e-01 4.032549917130381356e-01 5.733814015812411791e-01 3.500730492822050621e-01 3.191009919833442399e-01 4.547667656984409890e-01 9.187053450077622418e-01
5.419047094921712882e-01 2.664903936651935035e-01 3.389085327504482992e-01 1.930512607931743618e-01 3.371401648798090234e-01 4.719043788791215666e-01 3.761284280828816606e-01 5.603702992588386333e-01 8.781532317246865116e-01 4.869938412222294399e-01 4.721832872616790189e-01 6.775557706603559938e-01 1.537863943347311801e-01 1.902836568895494018e-01 4.939996432244864177e-01 6.711932305870427218e-01 6.910421817594797345e-01 4.078282361893034169e-01 6.744254574948567171e-01 6.596879910308666162e-01 9.550240132798593073e-02 2.946858730073813604e-01 6.253685269207175379e-01 4.568993683932207062e-01 8.426252414136308211e-01 5.614982448992954511e-01 8.440323296656885299e-01 0.000000000000000000e+00 3.833880071184800342e-01 6.738019457947844737e-01 6.614803057651428286e-01 7.593834499453838704e-01 1.222959007653080521e-01 2.234914831432458504e-01 8.324711574995580232e-01
4.196654673640056732e-01 8.104663450891320675e-01 1.167901901680333254e-01 1.989348507056631910e-01 5.139394416365585805e-01 8.375920650889041585e-01 1.893154754528971750e-01 4.845803079522041368e-01 4.509857895284217766e-01 2.934335254743057897e-01 5.349571688584489060e-01 8.796188864058186452e-01 8.826553356988755539e-01 4.864350468472905531e-01 5.776733707493607595e-01 2.223159697796947554e-01 6.041847334391221569e-01 8.824596437687861616e-01 7.495090196182059294e-01 5.278661261224116830e-01 4.111176819331308074e-01 6.902485652676526584e-01 1.616337103070904502e-01 3.309835421344555773e-01 3.975465998407986534e-01 5.706695726184936035e-01 6.800974075198299440e-01 3.833880071184800342e-01 0.000000000000000000e+00 8.216082373396187410e-01 3.071474719847004375e-01 5.006788530532190196e-01 5.472864538556261316e-01 1.993379503626100391e-01 3.855609618220357526e-01
7.504007981310747422e-01 6.554563221587448307e-01 8.875716606620471794e-01 6.212009890098977305e-01 2.489665354316481505e-01 3.693649890083613441e-01 8.663706401810217228e-01 7.352378415226125119e-01 5.470395135448022916e-01 3.516972315164317298e-01 9.106354433007498583e-01 6.293777587988786948e-01 6.788312186249688684e-01 7.749586758750376392e-01 1.492895429058543888e-01 6.810230471491739435e-01 5.715465017749679077e-01 8.246782395554340672e-01 3.970604865722345833e-01 4.375924258512945975e-01 3.527683475479331809e-01 8.082248184021267878e-01 6.705398010655431174e-01 9.083319156212379397e-01 8.634397638588408030e-01 7.654740938811450679e-01 4.032549917130381356e-01 6.738019457947844737e-01 8.216082373396187410e-01 0.000000000000000000e+00 6.414120359873661803e-01 9.576584278435436026e-01 9.204718274496015429e-02 8.784915669101451829e-01 1.478045429862696603e-01
4.382219074438370998e-01 5.122490142113216294e-01 6.651503878634048572e-01 2.363804406169311978e-01 7.258164205024397742e-01 3.385449513990819170e-01 5.207123239820654614e-01 6.777246983634532818e-01 4.968776365990758004e-01 4.622884963048283224e-01 5.332983760494207637e-01 6.942964486272994451e-01 5.082076350912917428e-01 1.783597098965610250e-01 3.340945133036776205e-01 7.881477023125817993e-01 6.078030673176332277e-01 4.292177887028820749e-01 9.411799531584096323e-01 6.890330440116365640e-01 5.166781766320927005e-01 5.567164198353851123e-01 3.694826498972560991e-01 6.723141443903295489e-01 2.373494253279131438e-01 5.517715318877135511e-01 5.733814015812411791e-01 6.614803057651428286e-01 3.071474719847004375e-01 6.414120359873661803e-01 0.000000000000000000e+00 5.411269671786069768e-01 6.777709236993562092e-01 3.551233229358623511e-01 5.581330649987822357e-01
6.475181976286740193e-01 5.960291091021027166e-01 4.347122969524950253e-01 5.013286490436799081e-01 3.278013564371422550e-01 3.733780962972368389e-01 2.096096886550895544e-01 8.420091182002169550e-01 5.676624000827532601e-01 7.241284338214757366e-01 9.242702791387488181e-01 3.524978765815629522e-01 2.232823192631142595e-01 6.636788080266788903e-01 6.353082572136929951e-01 7.718517195992240509e-01 6.802671649800173803e-01 8.630654353710864868e-01 5.466401001720726516e-01 4.304278815539257508e-01 1.609830296420252660e-01 3.028794169889026389e-01 1.557945321501725267e-01 1.428324653630810293e-01 5.218485089672284527e-01 6.055608725746854937e-01 3.500730492822050621e-01 7.593834499453838704e-01 5.006788530532190196e-01 9.576584278435436026e-01 5.411269671786069768e-01 0.000000000000000000e+00 8.909497500010963300e-01 5.378179522429247239e-01 1.926534097139971369e-01
2.347611283236474833e-01 4.585231450817768284e-01 5.224799933223027715e-01 5.235928852263509459e-01 7.059351142073209129e-01 5.515178634163240279e-01 7.816708715208764424e-01 6.315306873342442229e-01 8.551697939702465057e-01 2.425619095112943047e-01 5.383344899207830325e-01 1.761461994504236461e-01 6.757984930096938569e-01 6.363211756462261448e-01 5.244924207572970731e-01 5.688439590619049913e-01 6.522036600147370633e-01 7.489178405666254701e-01 1.783325047905559568e-01 8.719087979714184033e-01 6.496183465427392001e-01 8.411885386256309216e-01 7.476926018148267739e-01 6.401477740370707936e-01 3.096577835455541772e-01 3.570914029708346371e-01 3.191009919833442399e-01 1.222959007653080521e-01 5.472864538556261316e-01 9.204718274496015429e-02 6.777709236993562092e-01 8.909497500010963300e-01 0.000000000000000000e+00 8.537418174818747207e-01 7.413224869899606162e-01
2.135218648315816425e-01 5.624400051187692373e-01 4.600478988370585443e-01 5.382947866554900207e-01 4.655805900663578800e-01 4.996849307559447784e-02 4.772674325834920239e-01 9.113881430656745053e-02 3.468022740284444350e-01 2.515831558759894504e-01 4.654368776173266609e-01 6.200357736526074248e-01 1.268221987184894317e-01 2.975759532326029966e-01 5.753941386893643983e-01 5.405094031722053050e-01 9.182786951737630377e-01 5.569363927615355037e-01 3.972623971220098360e-01 4.382900116043467187e-01 1.223941746244231465e-01 6.732364912207413621e-01 5.213258991356408689e-01 5.839803705359427610e-01 4.554418315147619745e-01 1.561820269748880330e-01 4.547667656984409890e-01 2.234914831432458504e-01 1.993379503626100391e-01 8.784915669101451829e-01 3.551233229358623511e-01 5.378179522429247239e-01 8.537418174818747207e-01 0.000000000000000000e+00 3.408899717470634250e-01
2.219601675055461465e-01 6.607398782759237310e-01 3.439133071004729647e-01 5.555647585466478855e-01 2.952494577762078132e-01 6.830976005267745954e-01 4.446446054065888998e-02 3.835471213342913632e-01 2.777275756151000863e-01 3.836569451201122805e-01 5.907109330393701674e-01 2.153356213604492586e-01 4.611656246143122084e-01 3.499472029029803699e-01 5.720690504867501636e-01 5.902752790674430372e-01 8.307212060237698648e-01 8.175696457879214618e-01 2.556302087937382117e-01 2.677936535661930018e-01 5.823545305063352329e-01 8.569191443078287840e-01 2.860717045585752794e-01 5.886844361188762198e-01 2.365623392621396537e-01 1.375877681818218345e-01 9.187053450077622418e-01 8.324711574995580232e-01 3.855609618220357526e-01 1.478045429862696603e-01 5.581330649987822357e-01 1.926534097139971369e-01 7.413224869899606162e-01 3.408899717470634250e-01 0.000000000000000000e+00
