0.000000000000000000e+00 5.630102411732218481e-01 3.808019573677071112e-01 8.262596725962088051e-01 4.863926589041322468e-01 8.189227235463820698e-01 6.296109857954054201e-01 5.034237563569012863e-01 4.413439919787964794e-01 5.587066731127514618e-01 8.467393997941428108e-01 4.328717008304805436e-01 7.306752442528925418e-01 8.505268546205275726e-01 6.584153269346533222e-01 5.371388583429916874e-01 7.799834644575287523e-01 2.579858317279523638e-01 7.697450814008335307e-01 2.827452584117992607e-01 3.492956220867042827e-01 7.442513951393565641e-01 8.303813107265654025e-01 2.319195501041802498e-01 5.916930198830935295e-01 6.296467576746171968e-01 5.416810385838363162e-01 5.829932713368120023e-01 5.458524698685961463e-01 2.175714488526422907e-01 7.512342298079182079e-01 6.014075275353925054e-01 5.470866280286968975e-01 4.423377801237907136e-01 5.208542490816212567e-01
5.630102411732218481e-01 0.000000000000000000e+00 1.635531995183839848e-01 2.678076946507115252e-01 8.895543075729306359e-01 5.525979337072706166e-01 3.352573204852166699e-01 4.615083711387784060e-01 8.356017410753693309e-01 5.598253932433095992e-01 5.250624066625595443e-01 4.569724005805724243e-01 6.290071059870150361e-01 2.967970700851012555e-01 3.842147415790833076e-01 9.261226212384110479e-01 7.035468666272367555e-01 5.223830643290449105e-01 2.262440852029282690e-01 4.436309489980072573e-01 4.418212551410629629e-01 3.519802451994875625e-01 3.883843679857640896e-01 5.077569288793735147e-01 9.414526329599313126e-01 4.694468538652172840e-01 7.227434139148785075e-01 4.765449678864463467e-01 6.781133983817692057e-01 9.094418499117029597e-02 7.309780496848937714e-01 8.188223352311844172e-01 4.617650564172397498e-01 8.693148235922059097e-01 6.340233969331934283e-01
3.808019573677071112e-01 1.635531995183839848e-01 0.000000000000000000e+00 2.483114254123101605e-01 4.804043528672669039e-01 4.057698634858075692e-01 6.656764835962873939e-01 4.278358754733629921e-01 2.482292551685136850e-01 4.301737497416722733e-01 7.004805544500204428e-01 1.569593629645471555e-01 3.416579713856920941e-01 4.631294633526555904e-01 1.301248460317415701e-01 5.549423790510372712e-01 8.270108030453157122e-01 4.031107548682611452e-01 6.562863686901481142e-01 7.023986465304267179e-01 5.280768350063017591e-01 5.274115297795872737e-01 7.489009825778234486e-01 5.548813004063173349e-01 9.567321982935358404e-01 5.729395778429136055e-01 4.421669516674587852e-01 4.952506184032826053e-01 5.299182974070126839e-01 5.113692606737370028e-01 8.302452661119480437e-01 8.495734640734715626e-01 3.632147812742884119e-01 5.596539851687258871e-01 5.711546233590042432e-01
8.262596725962088051e-01 2.678076946507115252e-01 2.483114254123101605e-01 0.000000000000000000e+00 4.363585785522040572e-01 6.123762918719870552e-01 5.632439256001227079e-01 4.301420492111812099e-01 6.127730693242987581e-01 8.157017264017319969e-01 4.695519789728153648e-01 4.385920890835875996e-01 2.060587295419759046e-01 4.311154316831731226e-01 5.473852631403348656e-01 3.974187920014877196e-01 5.010294313219195717e-01 4.314376213120650339e-01 1.364885721182166334e-01 4.644027719000442533e-01 9.773860314704039265e-01 4.297657768684848278e-01 2.919732450873067098e-01 3.860871966461647542e-01 6.311462433458496779e-01 3.822356094299397267e-01 6.416837644926147721e-01 3.809152206181500855e-01 5.040816530605845003e-01 7.795467926249606272e-01 5.028838552043404242e-01 3.859699709666615797e-01 6.997208851169602895e-01 4.448950124311875642e-01 8.024855022334165255e-01
4.863926589041322468e-01 8.895543075729306359e-01 4.804043528672669039e-01 4.363585785522040572e-01 0.000000000000000000e+00 4.839989962472262541e-01 5.120041441577016794e-01 6.737971407543010827e-01 2.939755779300236016e-01 4.380094612024633127e-01 7.096826725718868856e-01 5.025086522235577835e-01 5.790649470484239281e-01 6.171257986377967075e-01 8.453992011660751427e-01 4.769332506476010036e-01 1.300720790536478155e-01 5.077265906293954023e-01 9.523864188360220417e-02 8.368666158794733079e-01 6.861880483797404562e-01 3.104374263351608043e-01 1.808509171778366342e-01 8.830669789032531414e-01 9.318484792704282427e-01 9.059289234475895736e-01 1.030103556220259842e-01 1.240507619430889497e-01 3.918046017722239260e-01 6.745424329392382123e-01 8.695591646712341749e-02 5.597145752296127652e-01 9.508032112719347895e-01 4.892383941097044331e-01 8.079966335527720700e-01
8.189227235463820698e-01 5.525979337072706166e-01 4.057698634858075692e-01 6.123762918719870552e-01 4.839989962472262541e-01 0.000000000000000000e+00 8.180942001086672910e-01 3.276792278729168117e-02 4.244075867764933174e-01 4.418393203745389908e-01 2.702935368342063160e-02 1.257838225173431024e-01 7.495228294231448540e-01 6.406744777300672489e-01 7.313346787531102011e-01 7.518324676453523869e-01 7.296672158596053670e-01 7.637662475648017146e-01 8.126609057935170188e-01 6.465090696920163804e-01 3.911124980139242813e-01 4.277359754826670635e-02 3.841789836235244837e-01 4.197179693755272445e-01 1.275968472442194912e-01 7.766496111870693220e-01 7.732799924775166645e-01 6.351364524762741492e-01 7.344511760799767863e-01 5.682392316498119378e-01 4.094008260781574204e-01 5.271010542297012158e-01 4.934763824151209288e-01 3.864866937319495488e-01 4.861692407638064095e-01
6.296109857954054201e-01 3.352573204852166699e-01 6.656764835962873939e-01 5.632439256001227079e-01 5.120041441577016794e-01 8.180942001086672910e-01 0.000000000000000000e+00 7.073572464636668222e-01 4.093080137978843958e-01 6.052884100802720102e-01 7.455362845127645466e-01 6.851602002806005398e-01 4.074292391931564339e-01 2.685150039120831056e-01 2.537135733921433989e-01 5.495391520885057890e-01 6.367613019212885472e-01 7.177610298146567258e-01 3.081111277224215517e-01 5.527321118361094854e-01 5.448009101358197714e-01 5.720548896314388010e-01 1.091219954072301102e-01 6.966730955405987524e-01 6.801884787947306554e-01 3.367315022282229009e-01 4.877510364942233001e-01 5.963782044811583027e-01 8.223547428492773426e-01 4.913207431979116357e-01 4.199496041393876444e-01 4.354656881844217731e-01 5.305914763694123959e-01 4.151572704655601687e-01 5.330945658064522030e-01
5.034237563569012863e-01 4.615083711387784060e-01 4.278358754733629921e-01 4.301420492111812099e-01 6.737971407543010827e-01 3.276792278729168117e-02 7.073572464636668222e-01 0.000000000000000000e+00 3.135254753245695358e-01 3.353092508134089544e-01 5.585050699170988064e-01 3.207811877835250458e-01 6.108569081640816689e-01 7.887810854879240274e-02 7.104537536004793541e-01 5.746902317285852435e-01 8.852892652741188861e-01 7.182859468560504057e-01 7.186081371180448318e-01 5.236052460117127660e-01 7.085141726575634458e-01 7.031247710035982701e-01 8.135083747074656202e-01 9.686725367557628141e-01 8.330802834680173241e-01 3.561844268527709634e-01 8.006488830211856422e-01 7.743054223826391080e-01 7.473412200918375659e-01 2.948359219439564138e-01 4.458665340272824351e-01 5.947147067934743792e-01 7.711760465393480146e-01 7.103822755087849661e-01 5.907672342592349413e-01
4.413439919787964794e-01 8.356017410753693309e-01 2.482292551685136850e-01 6.127730693242987581e-01 2.939755779300236016e-01 4.244075867764933174e-01 4.093080137978843958e-01 3.135254753245695358e-01 0.000000000000000000e+00 7.575189692842079214e-01 3.249205237575957250e-01 5.973184219732798894e-01 5.140241193853802848e-01 6.924992275708674594e-01 1.679118608262681889e-01 1.772517045880696029e-01 2.792012246498490891e-01 6.999844095551779333e-01 5.141944140067351565e-01 4.605143344794806470e-01 7.945644456183449389e-01 6.871585641376078968e-01 6.237985140384662008e-01 7.333971779054622164e-01 3.668801486549184698e-01 5.596877284594089508e-01 8.270393171883416716e-01 4.863758451813892103e-01 4.715812822039790464e-01 3.152037638269333808e-01 8.525960934968783711e-01 3.993886482506810998e-01 9.577953283843774202e-01 3.164087672956762409e-01 6.342205654750623367e-01
5.587066731127514618e-01 5.598253932433095992e-01 4.301737497416722733e-01 8.157017264017319969e-01 4.380094612024633127e-01 4.418393203745389908e-01 6.052884100802720102e-01 3.353092508134089544e-01 7.575189692842079214e-01 0.000000000000000000e+00 8.447593463814846437e-01 8.202343525078976683e-01 4.454069053550512858e-01 6.787295611746160251e-01 1.937791262464675368e-01 8.589586665779692654e-01 6.866437747727094365e-01 4.870535019346090566e-01 3.682494756225279109e-01 3.842070132860540554e-01 5.928444788625387707e-01 3.354706636356210581e-01 4.993289478435422590e-01 1.242147858870842336e-01 6.282994430140581565e-01 6.171963884436297842e-01 4.433821583220032836e-01 2.500137646864818430e-01 3.414641840775124448e-01 4.837111524222796333e-01 9.286395722032775302e-01 1.484396705133064209e-01 5.618557883217057958e-01 7.189391297356659827e-01 5.147853982674599482e-02
8.467393997941428108e-01 5.250624066625595443e-01 7.004805544500204428e-01 4.695519789728153648e-01 7.096826725718868856e-01 2.702935368342063160e-02 7.455362845127645466e-01 5.585050699170988064e-01 3.249205237575957250e-01 8.447593463814846437e-01 0.000000000000000000e+00 5.128281737243316485e-01 5.930794985068734704e-01 2.579043408980077889e-01 7.174615274430605760e-01 2.231664629994839499e-01 3.508465782889909068e-01 5.031273854172113591e-01 8.316257763470591424e-02 1.490252705055700178e-01 1.263075354317030330e-01 2.984704634584327554e-01 6.886693802256882435e-02 6.917416372984335204e-01 1.510400006718644050e-01 8.625146012557700637e-01 4.370826674571556825e-01 4.962498966603136052e-01 7.828789503283698492e-01 7.361194945187137240e-01 8.708124257458953466e-01 8.001326973080569172e-01 5.163654892904632199e-01 4.468112677657473109e-01 4.298153788129560615e-01
4.328717008304805436e-01 4.569724005805724243e-01 1.569593629645471555e-01 4.385920890835875996e-01 5.025086522235577835e-01 1.257838225173431024e-01 6.851602002806005398e-01 3.207811877835250458e-01 5.973184219732798894e-01 8.202343525078976683e-01 5.128281737243316485e-01 0.000000000000000000e+00 4.802032193820073291e-01 4.091219075361537394e-01 9.179877859419069974e-01 5.184904229471054560e-01 7.311590946423534021e-01 6.128960484724010893e-01 4.485674690682214250e-01 5.820631659834113458e-01 5.656887168696911328e-01 2.534130566562618481e-01 1.579903151840367226e-01 4.109714944969271588e-01 4.991089891254665845e-01 6.240373967670926891e-01 1.342352016681571669e-01 7.202246442326014630e-01 4.482733969075426428e-01 1.883858298986748059e-01 9.862544195339795206e-02 2.351128381245115584e-01 2.587706194770122980e-02 4.811020686128211765e-01 2.962580304530959552e-02
7.306752442528925418e-01 6.290071059870150361e-01 3.416579713856920941e-01 2.060587295419759046e-01 5.790649470484239281e-01 7.495228294231448540e-01 4.074292391931564339e-01 6.108569081640816689e-01 5.140241193853802848e-01 4.454069053550512858e-01 5.930794985068734704e-01 4.802032193820073291e-01 0.000000000000000000e+00 3.081900977542433306e-01 4.390326466112522974e-01 8.132250560242322290e-01 2.991995283508933623e-01 3.948958787180699703e-01 6.804960217937441325e-01 4.421678001673827185e-01 6.814685256473325126e-01 6.576835313217518353e-01 6.280419508041141796e-01 4.934161782110119687e-01 6.930829465293000258e-01 7.532077470388560680e-01 8.363008128991664680e-01 8.247465753190679205e-01 3.767114518204085494e-01 1.613722381643735160e-01 4.760440246635701533e-01 6.239973766522800558e-01 4.838217824151734292e-01 6.164974366206420475e-01 3.493273557632546877e-01
8.505268546205275726e-01 2.967970700851012555e-01 4.631294633526555904e-01 4.311154316831731226e-01 6.171257986377967075e-01 6.406744777300672489e-01 2.685150039120831056e-01 7.887810854879240274e-02 6.924992275708674594e-01 6.787295611746160251e-01 2.579043408980077889e-01 4.091219075361537394e-01 3.081900977542433306e-01 0.000000000000000000e+00 9.390178486428721882e-01 8.341776408399725895e-03 5.282983563046499409e-01 8.712584287554892004e-01 1.572939970373348206e-01 3.948400835718346435e-01 4.641467068825000930e-01 7.667777641825828105e-01 4.683210544673101494e-01 7.786981801835934913e-01 4.033164570416943873e-01 6.114547741969544870e-01 3.446913805136421205e-01 9.625480251171478763e-01 1.713691447968357373e-01 2.041495928075810484e-01 3.137565799580014358e-01 3.924976966784529675e-01 6.508946793591366964e-01 7.223296015216430499e-01 4.933696819360051111e-01
6.584153269346533222e-01 3.842147415790833076e-01 1.301248460317415701e-01 5.473852631403348656e-01 8.453992011660751427e-01 7.313346787531102011e-01 2.537135733921433989e-01 7.104537536004793541e-01 1.679118608262681889e-01 1.937791262464675368e-01 7.174615274430605760e-01 9.179877859419069974e-01 4.390326466112522974e-01 9.390178486428721882e-01 0.000000000000000000e+00 5.997237794484501228e-01 3.000601005804830468e-01 7.563298409589036542e-01 5.456560271997321632e-01 7.492422901720096062e-01 8.471707863726223309e-01 1.120072473170545813e-01 5.223418042624606850e-01 4.305978355218456621e-01 6.614999949784886590e-01 5.061577392933993558e-01 7.858509146402328227e-01 4.570540438311241349e-01 4.171606864745479593e-01 5.191316671142236494e-01 7.437772087633386375e-01 2.557422328555880586e-02 1.978053121386300628e-01 2.895054263642791170e-01 3.502904124795528373e-01
5.371388583429916874e-01 9.261226212384110479e-01 5.549423790510372712e-01 3.974187920014877196e-01 4.769332506476010036e-01 7.518324676453523869e-01 5.495391520885057890e-01 5.746902317285852435e-01 1.772517045880696029e-01 8.589586665779692654e-01 2.231664629994839499e-01 5.184904229471054560e-01 8.132250560242322290e-01 8.341776408399725895e-03 5.997237794484501228e-01 0.000000000000000000e+00 6.678738147524482249e-01 8.719137095523286085e-01 1.888957991567679073e-01 4.581671790594514238e-01 3.843582508327211267e-01 7.552244640648605456e-01 8.599564329125941597e-01 5.534862227512988841e-01 8.906380690419957169e-02 6.757513304041312674e-01 5.102105760614695784e-01 6.637770790174000179e-01 8.125403474311058138e-01 6.614991598996421418e-01 6.994111138679774964e-01 5.067399869891657804e-01 5.106454158698103818e-01 4.410164442917786087e-01 8.115862166052553173e-01
7.799834644575287523e-01 7.035468666272367555e-01 8.270108030453157122e-01 5.010294313219195717e-01 1.300720790536478155e-01 7.296672158596053670e-01 6.367613019212885472e-01 8.852892652741188861e-01 2.792012246498490891e-01 6.866437747727094365e-01 3.508465782889909068e-01 7.311590946423534021e-01 2.991995283508933623e-01 5.282983563046499409e-01 3.000601005804830468e-01 6.678738147524482249e-01 0.000000000000000000e+00 1.338501065055094918e-01 4.741334719402282016e-01 5.810524407950028447e-01 9.630280341374762854e-01 2.117925582726896128e-01 9.030655817943228358e-01 5.735917380340207483e-01 4.156434860544704346e-01 5.360431321473294597e-01 1.062318547603084973e-01 4.610946126291179392e-01 4.552970091886281434e-01 8.166874581404361955e-01 8.075321708452569691e-01 5.072391650040772859e-01 4.187142668736416606e-01 1.138715426007765874e-01 2.339389606484206519e-01
2.579858317279523638e-01 5.223830643290449105e-01 4.031107548682611452e-01 4.314376213120650339e-01 5.077265906293954023e-01 7.637662475648017146e-01 7.177610298146567258e-01 7.182859468560504057e-01 6.999844095551779333e-01 4.870535019346090566e-01 5.031273854172113591e-01 6.128960484724010893e-01 3.948958787180699703e-01 8.712584287554892004e-01 7.563298409589036542e-01 8.719137095523286085e-01 1.338501065055094918e-01 0.000000000000000000e+00 1.761435671043150020e-01 1.894347210153717320e-01 1.826745776494465012e-02 8.690620190068196749e-01 4.600144690460788999e-01 4.029072588486278805e-01 5.913463828891467600e-01 4.924870452402517751e-01 8.616649435781418287e-01 4.438647238807545414e-01 7.587989934654285618e-01 1.614884889153458403e-01 4.493628902928137880e-01 6.891041125642134446e-01 1.703463570464643917e-01 5.817018585720492574e-01 3.782333658411823896e-01
7.697450814008335307e-01 2.262440852029282690e-01 6.562863686901481142e-01 1.364885721182166334e-01 9.523864188360220417e-02 8.126609057935170188e-01 3.081111277224215517e-01 7.186081371180448318e-01 5.141944140067351565e-01 3.682494756225279109e-01 8.316257763470591424e-02 4.485674690682214250e-01 6.804960217937441325e-01 1.572939970373348206e-01 5.456560271997321632e-01 1.888957991567679073e-01 4.741334719402282016e-01 1.761435671043150020e-01 0.000000000000000000e+00 6.918031265906948724e-01 5.859141349235530427e-01 4.097283508261160279e-01 6.497706545976182912e-01 4.943278893183103984e-01 7.690207669983259997e-01 9.411267293083274144e-01 3.156997312308669201e-01 7.047466933157482405e-01 4.019271456875435078e-01 2.960175179670477830e-01 8.987443802415797656e-01 7.950983192480705064e-01 4.638080557824196815e-01 5.403302821569935244e-01 4.069911988270087932e-01
2.827452584117992607e-01 4.436309489980072573e-01 7.023986465304267179e-01 4.644027719000442533e-01 8.368666158794733079e-01 6.465090696920163804e-01 5.527321118361094854e-01 5.236052460117127660e-01 4.605143344794806470e-01 3.842070132860540554e-01 1.490252705055700178e-01 5.820631659834113458e-01 4.421678001673827185e-01 3.948400835718346435e-01 7.492422901720096062e-01 4.581671790594514238e-01 5.810524407950028447e-01 1.894347210153717320e-01 6.918031265906948724e-01 0.000000000000000000e+00 4.820980011398569576e-01 6.661355176565615377e-01 7.817619337284386072e-01 4.194508411240686074e-01 5.283242317474601268e-01 4.454485488765986823e-01 1.854202419838709703e-01 5.729635181364534091e-01 8.402382598440687467e-01 5.729113531141412086e-01 3.346732579078515180e-01 2.374666629665284079e-01 8.288561931602624888e-01 7.050270908843702111e-01 3.197107488875736703e-01
3.492956220867042827e-01 4.418212551410629629e-01 5.280768350063017591e-01 9.773860314704039265e-01 6.861880483797404562e-01 3.911124980139242813e-01 5.448009101358197714e-01 7.085141726575634458e-01 7.945644456183449389e-01 5.928444788625387707e-01 1.263075354317030330e-01 5.656887168696911328e-01 6.814685256473325126e-01 4.641467068825000930e-01 8.471707863726223309e-01 3.843582508327211267e-01 9.630280341374762854e-01 1.826745776494465012e-02 5.859141349235530427e-01 4.820980011398569576e-01 0.000000000000000000e+00 8.883663411236489837e-01 7.619700826274978800e-01 3.086743070042189396e-01 3.645253488529265340e-01 7.374921582572080414e-01 5.085683643452367786e-01 6.588551231013983767e-01 9.003330367177441174e-01 4.757211504568673588e-01 2.906250085961750163e-01 5.226169399752704781e-01 4.350966648563188710e-01 3.373938503743120765e-01 7.667214898864005423e-01
7.442513951393565641e-01 3.519802451994875625e-01 5.274115297795872737e-01 4.297657768684848278e-01 3.104374263351608043e-01 4.277359754826670635e-02 5.720548896314388010e-01 7.031247710035982701e-01 6.871585641376078968e-01 3.354706636356210581e-01 2.984704634584327554e-01 2.534130566562618481e-01 6.576835313217518353e-01 7.667777641825828105e-01 1.120072473170545813e-01 7.552244640648605456e-01 2.117925582726896128e-01 8.690620190068196749e-01 4.097283508261160279e-01 6.661355176565615377e-01 8.883663411236489837e-01 0.000000000000000000e+00 3.451688092233056726e-01 5.292272200232562840e-01 5.523653729840174442e-01 3.531410715277463197e-01 8.151379932797964134e-01 7.858243701297489281e-01 7.612834784105265706e-01 1.595674847492507542e-01 7.548627541848220712e-01 8.148608150793044125e-01 4.643855702988218259e-01 3.910274174524944746e-01 9.841351178286883439e-02
8.303813107265654025e-01 3.883843679857640896e-01 7.489009825778234486e-01 2.919732450873067098e-01 1.808509171778366342e-01 3.841789836235244837e-01 1.091219954072301102e-01 8.135083747074656202e-01 6.237985140384662008e-01 4.993289478435422590e-01 6.886693802256882435e-02 1.579903151840367226e-01 6.280419508041141796e-01 4.683210544673101494e-01 5.223418042624606850e-01 8.599564329125941597e-01 9.030655817943228358e-01 4.600144690460788999e-01 6.497706545976182912e-01 7.817619337284386072e-01 7.619700826274978800e-01 3.451688092233056726e-01 0.000000000000000000e+00 1.888548217795438244e-02 2.313414787909596759e-01 5.900662456955196866e-01 8.467140056097108847e-01 4.810090399459918675e-01 1.991739358815503014e-01 4.236317771207209759e-01 5.866750680214103397e-01 8.210587675788088013e-01 6.706719117492015991e-01 5.747864099360633361e-01 7.835606179539322813e-01
2.319195501041802498e-01 5.077569288793735147e-01 5.548813004063173349e-01 3.860871966461647542e-01 8.830669789032531414e-01 4.197179693755272445e-01 6.966730955405987524e-01 9.686725367557628141e-01 7.333971779054622164e-01 1.242147858870842336e-01 6.917416372984335204e-01 4.109714944969271588e-01 4.934161782110119687e-01 7.786981801835934913e-01 4.305978355218456621e-01 5.534862227512988841e-01 5.735917380340207483e-01 4.029072588486278805e-01 4.943278893183103984e-01 4.194508411240686074e-01 3.086743070042189396e-01 5.292272200232562840e-01 1.888548217795438244e-02 0.000000000000000000e+00 5.033601552954125591e-01 5.363809525260079258e-01 4.143768217673351462e-01 8.304841927389039480e-01 4.883186123621729990e-01 2.970342377649817234e-01 4.933116777471927561e-01 5.609213336290501672e-01 2.687539451439727167e-01 5.760686774590633163e-01 2.764835326418023098e-01
5.916930198830935295e-01 9.414526329599313126e-01 9.567321982935358404e-01 6.311462433458496779e-01 9.318484792704282427e-01 1.275968472442194912e-01 6.801884787947306554e-01 8.330802834680173241e-01 3.668801486549184698e-01 6.282994430140581565e-01 1.510400006718644050e-01 4.991089891254665845e-01 6.930829465293000258e-01 4.033164570416943873e-01 6.614999949784886590e-01 8.906380690419957169e-02 4.156434860544704346e-01 5.913463828891467600e-01 7.690207669983259997e-01 5.283242317474601268e-01 3.645253488529265340e-01 5.523653729840174442e-01 2.313414787909596759e-01 5.033601552954125591e-01 0.000000000000000000e+00 4.576922590649426525e-01 7.003469533306687644e-01 8.901597011078221655e-02 8.596976910301608044e-01 6.670515732065382952e-01 2.120679865691188493e-01 4.180285591988179283e-01 1.759453640598230284e-01 9.165080729144201577e-01 8.702398469186098939e-01
6.296467576746171968e-01 4.694468538652172840e-01 5.729395778429136055e-01 3.822356094299397267e-01 9.059289234475895736e-01 7.766496111870693220e-01 3.367315022282229009e-01 3.561844268527709634e-01 5.596877284594089508e-01 6.171963884436297842e-01 8.625146012557700637e-01 6.240373967670926891e-01 7.532077470388560680e-01 6.114547741969544870e-01 5.061577392933993558e-01 6.757513304041312674e-01 5.360431321473294597e-01 4.924870452402517751e-01 9.411267293083274144e-01 4.454485488765986823e-01 7.374921582572080414e-01 3.531410715277463197e-01 5.900662456955196866e-01 5.363809525260079258e-01 4.576922590649426525e-01 0.000000000000000000e+00 8.238890834381287220e-01 7.713455695506563625e-01 7.652628828128326122e-01 5.358063915351808371e-01 7.945066321342725280e-01 1.753041793942243798e-01 4.996878146102340379e-01 4.777325777366859816e-01 4.527607209933040555e-01
5.416810385838363162e-01 7.227434139148785075e-01 4.421669516674587852e-01 6.416837644926147721e-01 1.030103556220259842e-01 7.732799924775166645e-01 4.877510364942233001e-01 8.006488830211856422e-01 8.270393171883416716e-01 4.433821583220032836e-01 4.370826674571556825e-01 1.342352016681571669e-01 8.363008128991664680e-01 3.446913805136421205e-01 7.858509146402328227e-01 5.102105760614695784e-01 1.062318547603084973e-01 8.616649435781418287e-01 3.156997312308669201e-01 1.854202419838709703e-01 5.085683643452367786e-01 8.151379932797964134e-01 8.467140056097108847e-01 4.143768217673351462e-01 7.003469533306687644e-01 8.238890834381287220e-01 0.000000000000000000e+00 6.397836836950254735e-01 5.150074386236208612e-01 4.150338900131189113e-01 5.330521109239728661e-01 7.391926858513047094e-01 5.211156190383030573e-01 8.536855013440511897e-01 3.666758599179741895e-01
5.829932713368120023e-01 4.765449678864463467e-01 4.952506184032826053e-01 3.809152206181500855e-01 1.240507619430889497e-01 6.351364524762741492e-01 5.963782044811583027e-01 7.743054223826391080e-01 4.863758451813892103e-01 2.500137646864818430e-01 4.962498966603136052e-01 7.202246442326014630e-01 8.247465753190679205e-01 9.625480251171478763e-01 4.570540438311241349e-01 6.637770790174000179e-01 4.610946126291179392e-01 4.438647238807545414e-01 7.047466933157482405e-01 5.729635181364534091e-01 6.588551231013983767e-01 7.858243701297489281e-01 4.810090399459918675e-01 8.304841927389039480e-01 8.901597011078221655e-02 7.713455695506563625e-01 6.397836836950254735e-01 0.000000000000000000e+00 7.212615604755696630e-01 5.152492113085244130e-01 4.723065972078392960e-01 4.543756724979952644e-01 5.893919942098092557e-01 2.283257402318682183e-01 3.690808862845751936e-01
5.458524698685961463e-01 6.781133983817692057e-01 5.299182974070126839e-01 5.040816530605845003e-01 3.918046017722239260e-01 7.344511760799767863e-01 8.223547428492773426e-01 7.473412200918375659e-01 4.715812822039790464e-01 3.414641840775124448e-01 7.828789503283698492e-01 4.482733969075426428e-01 3.767114518204085494e-01 1.713691447968357373e-01 4.171606864745479593e-01 8.125403474311058138e-01 4.552970091886281434e-01 7.587989934654285618e-01 4.019271456875435078e-01 8.402382598440687467e-01 9.003330367177441174e-01 7.612834784105265706e-01 1.991739358815503014e-01 4.883186123621729990e-01 8.596976910301608044e-01 7.652628828128326122e-01 5.150074386236208612e-01 7.212615604755696630e-01 0.000000000000000000e+00 8.382517297051306215e-01 8.800557471617790339e-01 5.781253995818105285e-01 5.769933465112579984e-01 8.262048743490788549e-01 7.254481305658797563e-01
2.175714488526422907e-01 9.094418499117029597e-02 5.113692606737370028e-01 7.795467926249606272e-01 6.745424329392382123e-01 5.682392316498119378e-01 4.913207431979116357e-01 2.948359219439564138e-01 3.152037638269333808e-01 4.837111524222796333e-01 7.361194945187137240e-01 1.883858298986748059e-01 1.613722381643735160e-01 2.041495928075810484e-01 5.191316671142236494e-01 6.614991598996421418e-01 8.166874581404361955e-01 1.614884889153458403e-01 2.960175179670477830e-01 5.729113531141412086e-01 4.757211504568673588e-01 1.595674847492507542e-01 4.236317771207209759e-01 2.970342377649817234e-01 6.670515732065382952e-01 5.358063915351808371e-01 4.150338900131189113e-01 5.152492113085244130e-01 8.382517297051306215e-01 0.000000000000000000e+00 1.619462709374169807e-01 3.364492404057917163e-01 4.469423610121276980e-01 2.796054239702708832e-01 7.842029538040625747e-01
7.512342298079182079e-01 7.309780496848937714e-01 8.302452661119480437e-01 5.028838552043404242e-01 8.695591646712341749e-02 4.094008260781574204e-01 4.199496041393876444e-01 4.458665340272824351e-01 8.525960934968783711e-01 9.286395722032775302e-01 8.708124257458953466e-01 9.862544195339795206e-02 4.760440246635701533e-01 3.137565799580014358e-01 7.437772087633386375e-01 6.994111138679774964e-01 8.075321708452569691e-01 4.493628902928137880e-01 8.987443802415797656e-01 3.346732579078515180e-01 2.906250085961750163e-01 7.548627541848220712e-01 5.866750680214103397e-01 4.933116777471927561e-01 2.120679865691188493e-01 7.945066321342725280e-01 5.330521109239728661e-01 4.723065972078392960e-01 8.800557471617790339e-01 1.619462709374169807e-01 0.000000000000000000e+00 8.372094967975900470e-01 3.575699000064301303e-01 9.617289136817819273e-01 4.590385770435196355e-01
6.014075275353925054e-01 8.188223352311844172e-01 8.495734640734715626e-01 3.859699709666615797e-01 5.597145752296127652e-01 5.271010542297012158e-01 4.354656881844217731e-01 5.947147067934743792e-01 3.993886482506810998e-01 1.484396705133064209e-01 8.001326973080569172e-01 2.351128381245115584e-01 6.239973766522800558e-01 3.924976966784529675e-01 2.557422328555880586e-02 5.067399869891657804e-01 5.072391650040772859e-01 6.891041125642134446e-01 7.950983192480705064e-01 2.374666629665284079e-01 5.226169399752704781e-01 8.148608150793044125e-01 8.210587675788088013e-01 5.609213336290501672e-01 4.180285591988179283e-01 1.753041793942243798e-01 7.391926858513047094e-01 4.543756724979952644e-01 5.781253995818105285e-01 3.364492404057917163e-01 8.372094967975900470e-01 0.000000000000000000e+00 4.588093686861434706e-01 9.335677686609957782e-01 2.083436772318857932e-01
5.470866280286968975e-01 4.617650564172397498e-01 3.632147812742884119e-01 6.997208851169602895e-01 9.508032112719347895e-01 4.934763824151209288e-01 5.305914763694123959e-01 7.711760465393480146e-01 9.577953283843774202e-01 5.618557883217057958e-01 5.163654892904632199e-01 2.587706194770122980e-02 4.838217824151734292e-01 6.508946793591366964e-01 1.978053121386300628e-01 5.106454158698103818e-01 4.187142668736416606e-01 1.703463570464643917e-01 4.638080557824196815e-01 8.288561931602624888e-01 4.350966648563188710e-01 4.643855702988218259e-01 6.706719117492015991e-01 2.687539451439727167e-01 1.759453640598230284e-01 4.996878146102340379e-01 5.211156190383030573e-01 5.893919942098092557e-01 5.769933465112579984e-01 4.469423610121276980e-01 3.575699000064301303e-01 4.588093686861434706e-01 0.000000000000000000e+00 7.620331655331109566e-01 9.005782015893976089e-01
4.423377801237907136e-01 8.693148235922059097e-01 5.596539851687258871e-01 4.448950124311875642e-01 4.892383941097044331e-01 3.864866937319495488e-01 4.151572704655601687e-01 7.103822755087849661e-01 3.164087672956762409e-01 7.189391297356659827e-01 4.468112677657473109e-01 4.811020686128211765e-01 6.164974366206420475e-01 7.223296015216430499e-01 2.895054263642791170e-01 4.410164442917786087e-01 1.138715426007765874e-01 5.817018585720492574e-01 5.403302821569935244e-01 7.050270908843702111e-01 3.373938503743120765e-01 3.910274174524944746e-01 5.747864099360633361e-01 5.760686774590633163e-01 9.165080729144201577e-01 4.777325777366859816e-01 8.536855013440511897e-01 2.283257402318682183e-01 8.262048743490788549e-01 2.796054239702708832e-01 9.617289136817819273e-01 9.335677686609957782e-01 7.620331655331109566e-01 0.000000000000000000e+00 4.608349677509017694e-01
5.208542490816212567e-01 6.340233969331934283e-01 5.711546233590042432e-01 8.024855022334165255e-01 8.079966335527720700e-01 4.861692407638064095e-01 5.330945658064522030e-01 5.907672342592349413e-01 6.342205654750623367e-01 5.147853982674599482e-02 4.298153788129560615e-01 2.962580304530959552e-02 3.493273557632546877e-01 4.933696819360051111e-01 3.502904124795528373e-01 8.115862166052553173e-01 2.339389606484206519e-01 3.782333658411823896e-01 4.069911988270087932e-01 3.197107488875736703e-01 7.667214898864005423e-01 9.841351178286883439e-02 7.835606179539322813e-01 2.764835326418023098e-01 8.702398469186098939e-01 4.527607209933040555e-01 3.666758599179741895e-01 3.690808862845751936e-01 7.254481305658797563e-01 7.842029538040625747e-01 4.590385770435196355e-01 2.083436772318857932e-01 9.005782015893976089e-01 4.608349677509017694e-01 0.000000000000000000e+00
