0.000000000000000000e+00 4.498806117707626617e-01 2.887708087547076197e-01 1.063769817021932296e-01 3.435926965664708455e-01 5.215217365324640308e-01 7.138461069686077298e-01 7.226786371370976791e-01 8.258077555740231945e-01 4.360649009311303725e-01 7.175047825253613176e-01 4.866137595645216307e-01 2.140064302063605650e-01 7.506108544384791914e-01 2.831073779113651989e-01 4.857156933688593914e-01 4.230295334344266744e-01 5.442534701664765162e-01 7.697545039974318382e-01 7.895992682487713576e-01 8.577210595717621455e-02 3.819114481252418036e-01 6.965938614945462737e-01 5.403183695297621991e-01 9.515404992844275212e-01 3.652237409316753114e-01 5.419211622243346183e-01 7.797407906814615153e-01 1.787111303233138715e-01 5.601172668083382877e-01 5.023115846121901651e-01 5.714569742503273764e-01 2.638600693719009849e-01 3.978246038709304933e-01 4.273503455050126076e-01
4.498806117707626617e-01 0.000000000000000000e+00 8.480560391865095138e-01 5.017113684505172255e-01 5.391554506282544290e-01 5.323145388133221356e-01 2.529612266451440883e-01 2.354378065447720325e-01 7.255364190701827365e-01 8.479150508574506695e-01 6.765022784272414214e-01 3.217585542096990103e-01 4.776035924378993491e-01 7.055692002843849675e-01 3.153949852805563170e-01 2.958755447015548601e-01 7.458336340422255795e-01 8.208405812740560137e-01 5.320880778995620286e-01 3.502101212398476271e-01 5.283198462188329891e-01 5.951216139560338014e-01 4.735101571146600463e-01 5.569349243648988868e-01 8.584695506538186915e-01 4.684474953503343642e-01 5.056977211109379144e-01 5.295584966828714713e-01 9.069639148113152194e-01 6.087387554178442794e-01 7.579054518815904196e-01 1.674602102224494460e-01 1.841950842000922295e-01 7.080168608798149688e-01 6.243026883932307758e-01
2.887708087547076197e-01 8.480560391865095138e-01 0.000000000000000000e+00 3.685564189546867153e-01 3.301526607851332784e-01 6.703553437079963206e-01 5.944002749603191083e-01 4.914976768904120163e-01 6.934329186609970996e-01 4.366883473175579566e-01 5.470911239884576061e-01 4.515120634948953104e-01 1.575723888742333045e-01 4.823225346213564912e-01 6.704444926944983507e-01 7.583336977267407519e-01 2.747337805207249462e-01 2.187346505587544065e-01 8.670352332836024356e-01 6.709090033221984939e-01 6.842207520703915691e-01 3.154071816303585241e-01 4.702910058445960439e-01 5.911641720599983829e-01 7.030736027061083027e-01 8.385884368628880869e-01 7.945851319424169779e-01 8.184251219758029716e-01 5.493452610698683625e-01 2.636809672736618593e-01 4.603718308614553889e-01 5.426009461775140874e-01 4.885884651583587424e-01 2.806882396940256208e-01 8.698379786410883607e-01
1.063769817021932296e-01 5.017113684505172255e-01 3.685564189546867153e-01 0.000000000000000000e+00 8.664167836578546833e-01 1.360505230071203941e-01 1.693014895805411424e-01 9.350696431268155084e-01 3.746816158263820418e-01 3.819464849986937693e-01 6.942070549872767504e-01 1.164278899938957501e-01 5.391608810790154971e-01 5.641943407962426438e-01 4.932134561886690194e-01 4.296455497658591138e-02 2.928652736885809515e-01 6.189914415250599156e-01 6.240567952237526805e-01 6.775054728189793263e-01 8.615684841868153088e-01 6.748005034449455763e-01 1.664095836230072845e-01 1.235238711531516653e-01 2.109773619511490228e-01 3.767372503624137892e-01 9.109825022333606359e-01 3.983739833970235678e-01 3.838476474246170778e-01 4.426546831963633633e-01 6.517509122168985147e-01 5.442370816291506319e-01 3.680837351751281017e-01 2.248533509354451176e-01 7.568750135952209135e-01
3.435926965664708455e-01 5.391554506282544290e-01 3.301526607851332784e-01 8.664167836578546833e-01 0.000000000000000000e+00 5.337528617358835437e-01 3.820733710820133355e-01 4.750877051478195057e-01 6.358142686398562393e-01 4.698818433862470001e-01 3.776915952824895784e-01 8.236957069743480186e-01 5.938425656161733235e-01 4.006901318314267102e-01 8.350323323265125275e-01 8.390531469004494092e-01 6.389027320564280021e-01 7.806810205644577616e-01 5.340186991229919355e-01 5.312620880102423282e-01 7.913083193563228424e-01 1.117895954652229351e-01 4.767910544352549906e-01 8.449351697460982802e-01 5.475033082327672718e-01 5.533803269445047857e-01 5.004531529313966942e-01 6.422966164999401872e-01 2.914593374335971987e-01 9.132285926535723686e-01 7.509829479436457289e-01 4.912501619227403471e-01 8.748307130288668354e-02 5.669531879364024807e-01 5.528946740911819813e-01
5.215217365324640308e-01 5.323145388133221356e-01 6.703553437079963206e-01 1.360505230071203941e-01 5.337528617358835437e-01 0.000000000000000000e+00 5.161343853437833085e-01 8.920131384919713913e-01 2.625237370527894187e-01 4.378486992527558797e-01 8.718827441207308571e-01 9.003094757715232044e-01 3.353026431964358789e-01 4.271534197298075819e-01 8.422178483220340572e-01 6.433461673716500684e-01 3.545548678435803680e-01 9.044559315898348384e-01 4.344467686547862639e-01 5.659651975021902093e-01 2.505572760884655636e-01 4.907671972814302563e-01 8.766849049150098327e-01 2.108685468344465574e-01 5.887561897005026967e-01 6.266602304164802240e-01 1.609455331101179443e-01 5.288328388632419497e-01 4.709018509785578011e-01 5.153251345548359730e-01 1.082293969186927107e-01 6.156613239996957532e-01 4.935025937375343563e-01 3.496723924237888914e-01 4.142020163475338967e-01
7.138461069686077298e-01 2.529612266451440883e-01 5.944002749603191083e-01 1.693014895805411424e-01 3.820733710820133355e-01 5.161343853437833085e-01 0.000000000000000000e+00 5.331730946804035254e-01 4.995959817137225478e-01 4.421566255429729142e-01 5.641682365666305099e-01 5.314744231510084571e-01 5.207741590530075015e-01 7.871927373741327560e-01 3.324869947510418200e-01 3.905299329748230241e-01 2.797707267243447760e-01 7.869189130701641499e-01 3.478563054323797199e-01 5.047439966434028591e-01 7.023744529454261087e-01 3.389790247948849533e-01 3.974937467157396154e-01 4.871109923308734047e-01 4.147779890447869100e-01 6.344297135367706897e-01 6.053226860781245611e-01 8.068117677540880273e-01 8.800196814143966817e-01 5.011799903881087870e-01 4.851016742031271090e-01 8.134747151988676039e-01 8.271653190108282372e-01 4.576384071385701247e-01 4.248772130300643712e-01
7.226786371370976791e-01 2.354378065447720325e-01 4.914976768904120163e-01 9.350696431268155084e-01 4.750877051478195057e-01 8.920131384919713913e-01 5.331730946804035254e-01 0.000000000000000000e+00 2.409561803532109803e-01 4.348871877232659555e-01 4.902092997817289466e-01 8.450959801140728311e-01 1.362022997747995845e-01 5.756680399383373725e-03 6.974109373454886462e-01 4.985401903240817001e-01 3.234002808364737636e-01 9.321697778798385681e-01 7.161332775421702657e-01 5.487077000215710987e-01 6.155597636304783737e-01 2.642130079387661756e-01 4.378509768744798247e-02 7.530321496016196825e-01 2.925584130530867188e-01 3.302668676814982662e-01 8.845326857254255382e-01 8.513247186155894486e-01 5.717604774240847565e-01 5.528600983505461697e-01 9.005934555702127531e-01 4.158283702926467429e-01 1.814035285606221404e-01 3.696374562071083059e-01 4.467452987973395961e-01
8.258077555740231945e-01 7.255364190701827365e-01 6.934329186609970996e-01 3.746816158263820418e-01 6.358142686398562393e-01 2.625237370527894187e-01 4.995959817137225478e-01 2.409561803532109803e-01 0.000000000000000000e+00 5.294517554526754211e-01 5.945127542820785038e-01 1.451376438605352925e-01 5.295476698463423837e-01 4.558201447346195145e-01 2.221724586430661175e-01 3.246196064087989441e-01 8.066150843756234590e-01 6.564960355383989699e-01 3.793199756737078432e-01 7.572781799891734611e-01 5.818966536045699911e-01 5.411262733896644583e-01 7.783128628003608274e-01 1.986116814176953627e-01 3.044910200922320564e-01 3.703028127558698479e-01 5.410101550184990282e-01 4.444436551016346382e-01 6.089316525756699461e-01 2.472006719877458958e-01 4.200745091388910502e-01 3.920297704877228062e-01 8.455276260232503782e-01 1.284755387660909687e-01 4.969120685375694180e-01
4.360649009311303725e-01 8.479150508574506695e-01 4.366883473175579566e-01 3.819464849986937693e-01 4.698818433862470001e-01 4.378486992527558797e-01 4.421566255429729142e-01 4.348871877232659555e-01 5.294517554526754211e-01 0.000000000000000000e+00 7.006021030435505281e-01 5.583642414308663815e-01 8.281076700139362590e-01 8.681320482416730044e-01 6.300417534304164624e-01 3.780367678702273304e-01 3.194998778899665881e-01 4.552863678490741139e-01 5.066602011115073356e-01 9.987453905422893907e-02 7.419847725608759159e-01 4.393902971615703534e-01 4.802374798547164314e-01 8.045350462955738191e-01 5.888742380835580992e-01 4.740111570719802159e-01 7.176140085908091493e-01 5.689577811680149866e-01 4.605579382763121954e-01 4.951021228989677114e-01 8.316243466301957987e-01 1.938786779360441859e-01 5.926974304722775200e-01 5.453846422025283580e-01 6.625458499943152058e-01
7.175047825253613176e-01 6.765022784272414214e-01 5.470911239884576061e-01 6.942070549872767504e-01 3.776915952824895784e-01 8.718827441207308571e-01 5.641682365666305099e-01 4.902092997817289466e-01 5.945127542820785038e-01 7.006021030435505281e-01 0.000000000000000000e+00 4.975648394384274420e-01 1.513763010386953711e-01 2.566961278615481623e-01 4.606482747288866975e-01 6.051477989479283615e-01 6.418080369753507153e-01 2.469033115617638163e-01 4.715714856541665112e-01 3.207035728306406597e-01 1.822527902363116348e-01 6.939712380450835383e-01 3.673713087096379670e-01 4.330021546456998549e-01 7.946731959977484383e-01 9.920396906277373361e-02 5.872738691247705312e-01 4.597836081817400777e-01 7.067978564185435353e-01 4.538692753296832416e-01 1.976578008910967466e-01 5.190119035912410528e-01 5.104012600408307510e-01 6.819435030901561667e-01 5.970931700390268437e-01
4.866137595645216307e-01 3.217585542096990103e-01 4.515120634948953104e-01 1.164278899938957501e-01 8.236957069743480186e-01 9.003094757715232044e-01 5.314744231510084571e-01 8.450959801140728311e-01 1.451376438605352925e-01 5.583642414308663815e-01 4.975648394384274420e-01 0.000000000000000000e+00 8.488235842814473298e-01 7.783660564420677996e-01 9.837041761553447783e-01 2.414721156752004383e-01 6.720749631251632383e-01 3.600453596744309648e-01 9.720904004117276731e-01 8.573070471291873718e-01 8.556930876906516659e-01 3.926022992477989915e-01 5.105884872290045173e-01 6.593083709624654176e-01 6.114076270484888331e-01 7.279000617276685237e-01 6.244371682977097882e-01 6.665287191720639104e-01 5.470731527661258919e-01 5.666417150252451851e-01 5.882418706880270243e-01 7.099209586135124539e-01 3.491209766437268769e-01 5.616821663594628866e-01 6.730777928314962688e-01
2.140064302063605650e-01 4.776035924378993491e-01 1.575723888742333045e-01 5.391608810790154971e-01 5.938425656161733235e-01 3.353026431964358789e-01 5.207741590530075015e-01 1.362022997747995845e-01 5.295476698463423837e-01 8.281076700139362590e-01 1.513763010386953711e-01 8.488235842814473298e-01 0.000000000000000000e+00 2.249653580490562632e-02 2.894107248332484783e-01 6.183653989799740014e-01 4.785251433664582943e-01 6.837461688703037055e-01 9.107815699346781813e-01 5.445085861038834185e-01 6.108710416789591147e-01 5.729296140753781241e-01 5.205947359089332371e-01 7.998185828062418512e-01 5.102158488408213843e-01 7.709377959239287481e-01 4.498925262910418166e-01 6.935971039821471340e-01 5.359061489454559624e-01 1.177895222023939148e-01 8.367221396409976197e-01 5.684633363205162659e-01 2.625760070565086313e-01 7.412190219451453288e-01 4.345763212889819371e-01
7.506108544384791914e-01 7.055692002843849675e-01 4.823225346213564912e-01 5.641943407962426438e-01 4.006901318314267102e-01 4.271534197298075819e-01 7.871927373741327560e-01 5.756680399383373725e-03 4.558201447346195145e-01 8.681320482416730044e-01 2.566961278615481623e-01 7.783660564420677996e-01 2.249653580490562632e-02 0.000000000000000000e+00 7.572807132824821430e-02 3.806472224874349886e-01 3.816389001707756745e-01 3.506412528674527351e-01 1.289525899480835625e-01 2.920060495055805672e-01 4.688867693889173793e-01 5.912292077508434218e-01 6.775883734332968089e-01 3.622151786415285235e-01 4.733871059275482351e-01 5.101613391125644492e-01 7.911655402910404700e-01 9.572744789019327349e-01 6.846133061862560432e-01 4.487181864241960305e-01 7.122851164178796157e-01 5.479117359289986666e-01 5.561393689215288205e-01 1.769114407752127027e-01 5.737015823028012163e-01
2.831073779113651989e-01 3.153949852805563170e-01 6.704444926944983507e-01 4.932134561886690194e-01 8.350323323265125275e-01 8.422178483220340572e-01 3.324869947510418200e-01 6.974109373454886462e-01 2.221724586430661175e-01 6.300417534304164624e-01 4.606482747288866975e-01 9.837041761553447783e-01 2.894107248332484783e-01 7.572807132824821430e-02 0.000000000000000000e+00 7.852972901547645712e-01 3.007178635486694729e-01 7.127758811253781523e-01 5.900182228493876524e-01 6.018169380305344873e-01 4.201556777080422966e-01 4.451492103144679136e-01 6.410995517456874460e-01 5.956069846660226874e-01 7.992590684967371129e-02 6.846144246650875953e-01 9.051038587303270599e-01 3.314842958692779673e-01 8.294498359442716851e-01 1.547867577070772827e-01 3.092058148181772159e-01 7.618060977433827041e-02 3.345143162736570752e-01 5.434374959940715399e-01 4.988618600422716209e-01
4.857156933688593914e-01 2.958755447015548601e-01 7.583336977267407519e-01 4.296455497658591138e-02 8.390531469004494092e-01 6.433461673716500684e-01 3.905299329748230241e-01 4.985401903240817001e-01 3.246196064087989441e-01 3.780367678702273304e-01 6.051477989479283615e-01 2.414721156752004383e-01 6.183653989799740014e-01 3.806472224874349886e-01 7.852972901547645712e-01 0.000000000000000000e+00 1.090308197501894671e-01 6.405418752296779816e-01 3.691731463731034446e-01 3.327368473593351750e-01 5.437190401783078553e-01 2.805331455110769423e-01 7.685917552555405763e-01 5.159684216642870247e-01 7.423781991898867894e-01 1.424230157013364195e-01 9.273301189918841114e-01 2.686084618884904129e-01 8.158522730306541071e-01 6.379987838436340652e-01 1.555490397655318047e-01 4.122642959665107076e-01 7.306343068368102989e-01 8.272438221438808137e-01 5.146539877791189710e-01
4.230295334344266744e-01 7.458336340422255795e-01 2.747337805207249462e-01 2.928652736885809515e-01 6.389027320564280021e-01 3.545548678435803680e-01 2.797707267243447760e-01 3.234002808364737636e-01 8.066150843756234590e-01 3.194998778899665881e-01 6.418080369753507153e-01 6.720749631251632383e-01 4.785251433664582943e-01 3.816389001707756745e-01 3.007178635486694729e-01 1.090308197501894671e-01 0.000000000000000000e+00 6.481998057878313180e-01 2.048433244316427149e-01 4.990652017872047042e-01 7.428865559735480240e-01 7.602648353316554530e-01 8.572897373650473218e-01 8.316327364756471718e-01 6.768635102289410899e-02 8.073369089169120105e-01 7.859902990725974314e-01 8.148780472388446050e-01 6.320880642544107753e-01 8.377477001036526261e-02 2.775968651490172689e-01 1.194612720548107188e-01 5.241831538796281054e-01 3.465178530543545632e-01 6.304600824911457124e-01
5.442534701664765162e-01 8.208405812740560137e-01 2.187346505587544065e-01 6.189914415250599156e-01 7.806810205644577616e-01 9.044559315898348384e-01 7.869189130701641499e-01 9.321697778798385681e-01 6.564960355383989699e-01 4.552863678490741139e-01 2.469033115617638163e-01 3.600453596744309648e-01 6.837461688703037055e-01 3.506412528674527351e-01 7.127758811253781523e-01 6.405418752296779816e-01 6.481998057878313180e-01 0.000000000000000000e+00 3.375197879164081316e-01 6.549124986588974462e-01 4.394706711236339158e-01 4.707646204085775277e-01 1.990460583180619913e-02 2.795418097423978954e-01 6.514157013293184750e-01 5.020220750067778681e-01 9.618666874154330193e-02 6.806628466906170516e-01 7.749354499573526400e-01 8.089358477368551181e-01 5.058166853844123789e-01 7.492299021100576883e-01 3.793391968443495244e-01 5.176581434643837687e-01 4.524238998668535516e-01
7.697545039974318382e-01 5.320880778995620286e-01 8.670352332836024356e-01 6.240567952237526805e-01 5.340186991229919355e-01 4.344467686547862639e-01 3.478563054323797199e-01 7.161332775421702657e-01 3.793199756737078432e-01 5.066602011115073356e-01 4.715714856541665112e-01 9.720904004117276731e-01 9.107815699346781813e-01 1.289525899480835625e-01 5.900182228493876524e-01 3.691731463731034446e-01 2.048433244316427149e-01 3.375197879164081316e-01 0.000000000000000000e+00 6.004175616807173599e-01 9.437581872019477069e-01 7.466118855700771828e-01 1.964152776985282900e-01 3.940314103379136679e-01 3.254958427093546103e-01 3.503282547694113180e-01 3.329759547835102196e-01 6.887911449347948745e-01 5.480006853230851016e-02 7.159449557516055496e-01 6.739781024683006994e-01 6.265132870297116519e-01 3.578990544704567234e-01 7.176873568440202966e-01 5.466537662203450054e-01
7.895992682487713576e-01 3.502101212398476271e-01 6.709090033221984939e-01 6.775054728189793263e-01 5.312620880102423282e-01 5.659651975021902093e-01 5.047439966434028591e-01 5.487077000215710987e-01 7.572781799891734611e-01 9.987453905422893907e-02 3.207035728306406597e-01 8.573070471291873718e-01 5.445085861038834185e-01 2.920060495055805672e-01 6.018169380305344873e-01 3.327368473593351750e-01 4.990652017872047042e-01 6.549124986588974462e-01 6.004175616807173599e-01 0.000000000000000000e+00 9.319046100671553035e-01 5.216564718308747128e-01 8.183390698464061419e-01 6.849939714687782732e-01 5.783722837165625741e-01 6.426333173040983393e-01 4.370129028972302709e-01 2.925831967669457190e-01 5.877114467109532114e-01 6.966551156475635498e-01 4.654235397576730326e-01 5.010670722753246542e-01 4.054543201975954192e-01 5.888501408325461650e-01 6.014172014847054548e-01
8.577210595717621455e-02 5.283198462188329891e-01 6.842207520703915691e-01 8.615684841868153088e-01 7.913083193563228424e-01 2.505572760884655636e-01 7.023744529454261087e-01 6.155597636304783737e-01 5.818966536045699911e-01 7.419847725608759159e-01 1.822527902363116348e-01 8.556930876906516659e-01 6.108710416789591147e-01 4.688867693889173793e-01 4.201556777080422966e-01 5.437190401783078553e-01 7.428865559735480240e-01 4.394706711236339158e-01 9.437581872019477069e-01 9.319046100671553035e-01 0.000000000000000000e+00 5.572786405394845044e-01 4.320180466645553441e-01 6.246615652136551233e-01 6.693510146847309050e-01 3.859125394185247138e-01 4.080467507104079683e-01 7.690767510587933620e-01 8.257305939543615469e-01 2.309442380233733827e-01 1.666394336064400683e-01 5.694655295636650294e-01 6.013648138404565913e-01 6.498256200088219359e-01 3.583900991063410091e-01
3.819114481252418036e-01 5.951216139560338014e-01 3.154071816303585241e-01 6.748005034449455763e-01 1.117895954652229351e-01 4.907671972814302563e-01 3.389790247948849533e-01 2.642130079387661756e-01 5.411262733896644583e-01 4.393902971615703534e-01 6.939712380450835383e-01 3.926022992477989915e-01 5.729296140753781241e-01 5.912292077508434218e-01 4.451492103144679136e-01 2.805331455110769423e-01 7.602648353316554530e-01 4.707646204085775277e-01 7.466118855700771828e-01 5.216564718308747128e-01 5.572786405394845044e-01 0.000000000000000000e+00 8.283256248630485041e-01 3.561607530276179601e-01 4.953814974578372166e-01 4.688822925304014233e-01 8.129672745809639611e-01 3.699794268781647633e-01 2.528515325804318037e-01 2.707623063993502832e-01 4.235421432607389125e-01 4.183580919278409582e-01 3.519265215498647570e-01 8.488027165733842416e-01 3.054460324883647715e-01
6.965938614945462737e-01 4.735101571146600463e-01 4.702910058445960439e-01 1.664095836230072845e-01 4.767910544352549906e-01 8.766849049150098327e-01 3.974937467157396154e-01 4.378509768744798247e-02 7.783128628003608274e-01 4.802374798547164314e-01 3.673713087096379670e-01 5.105884872290045173e-01 5.205947359089332371e-01 6.775883734332968089e-01 6.410995517456874460e-01 7.685917552555405763e-01 8.572897373650473218e-01 1.990460583180619913e-02 1.964152776985282900e-01 8.183390698464061419e-01 4.320180466645553441e-01 8.283256248630485041e-01 0.000000000000000000e+00 3.954983060002496553e-01 6.702578067656136396e-01 4.830446047929620734e-01 4.563814267132503821e-01 3.808146959907163787e-01 6.637314937881844124e-01 5.080336570599975898e-01 3.318737673314854364e-01 6.725215459287059439e-01 7.540295024633464349e-01 5.791740435054670844e-01 6.098074775349496823e-01
5.403183695297621991e-01 5.569349243648988868e-01 5.911641720599983829e-01 1.235238711531516653e-01 8.449351697460982802e-01 2.108685468344465574e-01 4.871109923308734047e-01 7.530321496016196825e-01 1.986116814176953627e-01 8.045350462955738191e-01 4.330021546456998549e-01 6.593083709624654176e-01 7.998185828062418512e-01 3.622151786415285235e-01 5.956069846660226874e-01 5.159684216642870247e-01 8.316327364756471718e-01 2.795418097423978954e-01 3.940314103379136679e-01 6.849939714687782732e-01 6.246615652136551233e-01 3.561607530276179601e-01 3.954983060002496553e-01 0.000000000000000000e+00 4.785918995833413625e-01 4.811932886871173043e-02 5.010701831010826446e-01 5.937515902954536573e-01 6.803855253821933236e-01 5.164586092612607482e-01 3.204916355664175764e-01 8.289780002128530612e-01 6.715258168085804780e-01 4.577567402018222209e-01 2.374972410550773017e-01
9.515404992844275212e-01 8.584695506538186915e-01 7.030736027061083027e-01 2.109773619511490228e-01 5.475033082327672718e-01 5.887561897005026967e-01 4.147779890447869100e-01 2.925584130530867188e-01 3.044910200922320564e-01 5.888742380835580992e-01 7.946731959977484383e-01 6.114076270484888331e-01 5.102158488408213843e-01 4.733871059275482351e-01 7.992590684967371129e-02 7.423781991898867894e-01 6.768635102289410899e-02 6.514157013293184750e-01 3.254958427093546103e-01 5.783722837165625741e-01 6.693510146847309050e-01 4.953814974578372166e-01 6.702578067656136396e-01 4.785918995833413625e-01 0.000000000000000000e+00 8.533856240504122947e-01 9.273256631915538506e-02 9.052897816322351687e-01 5.824395100827721716e-01 5.705696006589502378e-01 3.724501382798970917e-01 1.351827279950914562e-01 2.705516210947649380e-01 2.177504830608523179e-01 6.000856365485838229e-01
3.652237409316753114e-01 4.684474953503343642e-01 8.385884368628880869e-01 3.767372503624137892e-01 5.533803269445047857e-01 6.266602304164802240e-01 6.344297135367706897e-01 3.302668676814982662e-01 3.703028127558698479e-01 4.740111570719802159e-01 9.920396906277373361e-02 7.279000617276685237e-01 7.709377959239287481e-01 5.101613391125644492e-01 6.846144246650875953e-01 1.424230157013364195e-01 8.073369089169120105e-01 5.020220750067778681e-01 3.503282547694113180e-01 6.426333173040983393e-01 3.859125394185247138e-01 4.688822925304014233e-01 4.830446047929620734e-01 4.811932886871173043e-02 8.533856240504122947e-01 0.000000000000000000e+00 5.030237998918772879e-01 5.515308473023678992e-01 8.155396798284202386e-01 6.488002324125224929e-01 8.279365848951798501e-01 6.783850768567620815e-01 3.367153109586950022e-01 1.684537973819267842e-01 5.111938987828114067e-01
5.419211622243346183e-01 5.056977211109379144e-01 7.945851319424169779e-01 9.109825022333606359e-01 5.004531529313966942e-01 1.609455331101179443e-01 6.053226860781245611e-01 8.845326857254255382e-01 5.410101550184990282e-01 7.176140085908091493e-01 5.872738691247705312e-01 6.244371682977097882e-01 4.498925262910418166e-01 7.911655402910404700e-01 9.051038587303270599e-01 9.273301189918841114e-01 7.859902990725974314e-01 9.618666874154330193e-02 3.329759547835102196e-01 4.370129028972302709e-01 4.080467507104079683e-01 8.129672745809639611e-01 4.563814267132503821e-01 5.010701831010826446e-01 9.273256631915538506e-02 5.030237998918772879e-01 0.000000000000000000e+00 2.070982516092794157e-01 6.020060979116301780e-01 7.347220349022436370e-01 7.678061828710919245e-01 1.237623396606488679e-01 8.148166446462234980e-01 6.613141319718303102e-01 8.275501812141277114e-01
7.797407906814615153e-01 5.295584966828714713e-01 8.184251219758029716e-01 3.983739833970235678e-01 6.422966164999401872e-01 5.288328388632419497e-01 8.068117677540880273e-01 8.513247186155894486e-01 4.444436551016346382e-01 5.689577811680149866e-01 4.597836081817400777e-01 6.665287191720639104e-01 6.935971039821471340e-01 9.572744789019327349e-01 3.314842958692779673e-01 2.686084618884904129e-01 8.148780472388446050e-01 6.806628466906170516e-01 6.887911449347948745e-01 2.925831967669457190e-01 7.690767510587933620e-01 3.699794268781647633e-01 3.808146959907163787e-01 5.937515902954536573e-01 9.052897816322351687e-01 5.515308473023678992e-01 2.070982516092794157e-01 0.000000000000000000e+00 4.469564181615418574e-01 6.175756821448257217e-01 6.753496960021416751e-01 4.360764335149723836e-01 5.275902130030147852e-01 5.178342205674377752e-01 4.712910210087614682e-01
1.787111303233138715e-01 9.069639148113152194e-01 5.493452610698683625e-01 3.838476474246170778e-01 2.914593374335971987e-01 4.709018509785578011e-01 8.800196814143966817e-01 5.717604774240847565e-01 6.089316525756699461e-01 4.605579382763121954e-01 7.067978564185435353e-01 5.470731527661258919e-01 5.359061489454559624e-01 6.846133061862560432e-01 8.294498359442716851e-01 8.158522730306541071e-01 6.320880642544107753e-01 7.749354499573526400e-01 5.480006853230851016e-02 5.877114467109532114e-01 8.257305939543615469e-01 2.528515325804318037e-01 6.637314937881844124e-01 6.803855253821933236e-01 5.824395100827721716e-01 8.155396798284202386e-01 6.020060979116301780e-01 4.469564181615418574e-01 0.000000000000000000e+00 3.753115927103121141e-01 7.063707351626580255e-01 6.237664518385777068e-01 3.588032324477756774e-01 6.723094573571948285e-01 4.606757435622491070e-01
5.601172668083382877e-01 6.087387554178442794e-01 2.636809672736618593e-01 4.426546831963633633e-01 9.132285926535723686e-01 5.153251345548359730e-01 5.011799903881087870e-01 5.528600983505461697e-01 2.472006719877458958e-01 4.951021228989677114e-01 4.538692753296832416e-01 5.666417150252451851e-01 1.177895222023939148e-01 4.487181864241960305e-01 1.547867577070772827e-01 6.379987838436340652e-01 8.377477001036526261e-02 8.089358477368551181e-01 7.159449557516055496e-01 6.966551156475635498e-01 2.309442380233733827e-01 2.707623063993502832e-01 5.080336570599975898e-01 5.164586092612607482e-01 5.705696006589502378e-01 6.488002324125224929e-01 7.347220349022436370e-01 6.175756821448257217e-01 3.753115927103121141e-01 0.000000000000000000e+00 4.399734708733860078e-01 5.267455392443131101e-01 4.853351130063960905e-01 3.538816890901742562e-01 7.222877715006776889e-01
5.023115846121901651e-01 7.579054518815904196e-01 4.603718308614553889e-01 6.517509122168985147e-01 7.509829479436457289e-01 1.082293969186927107e-01 4.851016742031271090e-01 9.005934555702127531e-01 4.200745091388910502e-01 8.316243466301957987e-01 1.976578008910967466e-01 5.882418706880270243e-01 8.367221396409976197e-01 7.122851164178796157e-01 3.092058148181772159e-01 1.555490397655318047e-01 2.775968651490172689e-01 5.058166853844123789e-01 6.739781024683006994e-01 4.654235397576730326e-01 1.666394336064400683e-01 4.235421432607389125e-01 3.318737673314854364e-01 3.204916355664175764e-01 3.724501382798970917e-01 8.279365848951798501e-01 7.678061828710919245e-01 6.753496960021416751e-01 7.063707351626580255e-01 4.399734708733860078e-01 0.000000000000000000e+00 3.031379361374004211e-01 4.625235339776045951e-01 9.166424484252426730e-01 1.610185487049159425e-01
5.714569742503273764e-01 1.674602102224494460e-01 5.426009461775140874e-01 5.442370816291506319e-01 4.912501619227403471e-01 6.156613239996957532e-01 8.134747151988676039e-01 4.158283702926467429e-01 3.920297704877228062e-01 1.938786779360441859e-01 5.190119035912410528e-01 7.099209586135124539e-01 5.684633363205162659e-01 5.479117359289986666e-01 7.618060977433827041e-02 4.122642959665107076e-01 1.194612720548107188e-01 7.492299021100576883e-01 6.265132870297116519e-01 5.010670722753246542e-01 5.694655295636650294e-01 4.183580919278409582e-01 6.725215459287059439e-01 8.289780002128530612e-01 1.351827279950914562e-01 6.783850768567620815e-01 1.237623396606488679e-01 4.360764335149723836e-01 6.237664518385777068e-01 5.267455392443131101e-01 3.031379361374004211e-01 0.000000000000000000e+00 4.814284244321065387e-01 4.728768857894120048e-01 1.724332413504054973e-01
2.638600693719009849e-01 1.841950842000922295e-01 4.885884651583587424e-01 3.680837351751281017e-01 8.748307130288668354e-02 4.935025937375343563e-01 8.271653190108282372e-01 1.814035285606221404e-01 8.455276260232503782e-01 5.926974304722775200e-01 5.104012600408307510e-01 3.491209766437268769e-01 2.625760070565086313e-01 5.561393689215288205e-01 3.345143162736570752e-01 7.306343068368102989e-01 5.241831538796281054e-01 3.793391968443495244e-01 3.578990544704567234e-01 4.054543201975954192e-01 6.013648138404565913e-01 3.519265215498647570e-01 7.540295024633464349e-01 6.715258168085804780e-01 2.705516210947649380e-01 3.367153109586950022e-01 8.148166446462234980e-01 5.275902130030147852e-01 3.588032324477756774e-01 4.853351130063960905e-01 4.625235339776045951e-01 4.814284244321065387e-01 0.000000000000000000e+00 7.869068581382024918e-01 4.157220382312842299e-01
3.978246038709304933e-01 7.080168608798149688e-01 2.806882396940256208e-01 2.248533509354451176e-01 5.669531879364024807e-01 3.496723924237888914e-01 4.576384071385701247e-01 3.696374562071083059e-01 1.284755387660909687e-01 5.453846422025283580e-01 6.819435030901561667e-01 5.616821663594628866e-01 7.412190219451453288e-01 1.769114407752127027e-01 5.434374959940715399e-01 8.272438221438808137e-01 3.465178530543545632e-01 5.176581434643837687e-01 7.176873568440202966e-01 5.888501408325461650e-01 6.498256200088219359e-01 8.488027165733842416e-01 5.791740435054670844e-01 4.577567402018222209e-01 2.177504830608523179e-01 1.684537973819267842e-01 6.613141319718303102e-01 5.178342205674377752e-01 6.723094573571948285e-01 3.538816890901742562e-01 9.166424484252426730e-01 4.728768857894120048e-01 7.869068581382024918e-01 0.000000000000000000e+00 4.829942415332035277e-01
4.273503455050126076e-01 6.243026883932307758e-01 8.698379786410883607e-01 7.568750135952209135e-01 5.528946740911819813e-01 4.142020163475338967e-01 4.248772130300643712e-01 4.467452987973395961e-01 4.969120685375694180e-01 6.625458499943152058e-01 5.970931700390268437e-01 6.730777928314962688e-01 4.345763212889819371e-01 5.737015823028012163e-01 4.988618600422716209e-01 5.146539877791189710e-01 6.304600824911457124e-01 4.524238998668535516e-01 5.466537662203450054e-01 6.014172014847054548e-01 3.583900991063410091e-01 3.054460324883647715e-01 6.098074775349496823e-01 2.374972410550773017e-01 6.000856365485838229e-01 5.111938987828114067e-01 8.275501812141277114e-01 4.712910210087614682e-01 4.606757435622491070e-01 7.222877715006776889e-01 1.610185487049159425e-01 1.724332413504054973e-01 4.157220382312842299e-01 4.829942415332035277e-01 0.000000000000000000e+00
