0.000000000000000000e+00 2.438025223640411521e-01 8.017970214440566235e-01 2.911202896542682828e-01 6.859895743730652917e-01 3.840665797143383298e-01 2.909134691070145440e-01 1.569993737273365220e-01 9.293540287729377125e-01 2.819680117354872451e-01 3.976953516323161186e-01 4.547515122749788974e-01 2.072654742335530154e-01 7.771341593171554596e-01 5.231862359876006119e-01 4.159121444411417179e-01 9.180051774974224976e-01 3.290808062010696089e-01 7.536522521254016560e-01 4.357109091887590435e-01 5.670608372917940176e-01 9.228374029354420305e-01 1.931979415551097201e-01 6.370536940021247485e-01 3.952516185589600162e-01 4.048817469814297576e-01 4.570154205289524429e-01 5.839672223497358594e-01 5.252586130013597865e-01 7.026157955331997496e-01 7.592632481786423249e-01 6.155722789335520417e-01 8.682708677987835966e-01 7.715600757955725086e-01 4.427075138515236818e-01
2.438025223640411521e-01 0.000000000000000000e+00 8.926425018497876618e-01 7.829358880069767768e-01 4.917534869250447249e-01 7.883041569408730798e-01 6.818093735816339596e-01 4.282266783531999410e-01 7.647312249122109051e-01 1.741655117681211173e-01 5.148628509016937027e-01 4.118020561546505975e-01 2.963136163858808292e-01 5.004354579923495638e-01 5.278581896435077248e-01 2.512624489719442744e-01 4.520738727965172288e-01 3.294280557695664635e-01 6.460416491741152178e-01 8.158149292405676434e-01 8.423259292883942262e-01 7.408064093262289873e-01 2.433226011039967274e-01 7.310322557381709885e-02 2.951657521395234518e-01 7.879621136336552034e-01 2.778120908289151147e-01 4.341753381274376933e-01 6.354698687164337390e-01 4.771365265299444269e-01 7.412224817005861333e-01 1.893812580589953054e-01 1.482665145210714241e-01 4.648866439895236180e-01 4.635187510562193136e-01
8.017970214440566235e-01 8.926425018497876618e-01 0.000000000000000000e+00 5.947123542625811776e-01 9.025598457530117358e-01 9.315994370819262738e-01 4.227258983134097869e-01 3.439295741355606895e-01 2.379617995891044613e-01 5.743465786669885720e-01 8.202288613236388137e-01 6.488873127996805934e-01 5.366359386774588458e-01 3.339120298427205036e-01 4.785929386735282010e-01 5.740875811319227084e-01 3.023574663204025015e-01 5.019462650610895249e-01 7.006019306604132080e-01 3.544883618735109598e-01 4.239190650187831255e-01 9.992798628423571472e-02 2.454884965840751776e-01 6.683568767532349630e-01 5.551994612796884443e-01 3.356153742112773508e-01 4.683464468251181678e-01 3.897128900083055569e-01 5.026119956216298368e-01 3.871814286602202060e-01 8.203861139226013011e-01 4.184278379450542817e-01 6.042409812590588958e-01 4.144161984569533774e-01 7.399826257688464359e-01
2.911202896542682828e-01 7.829358880069767768e-01 5.947123542625811776e-01 0.000000000000000000e+00 6.867107032654155008e-01 6.291889950058223713e-01 5.699085034306101694e-01 2.422905599146451261e-01 6.375076052848482888e-01 8.580481182538974849e-01 4.793554294454209774e-01 6.794507407436802815e-01 3.661228223729119380e-01 4.761855126971012431e-01 3.188798241402757139e-01 7.479247868321561299e-01 7.721487555039880935e-01 5.549776611149895844e-01 6.512015011341110160e-02 4.578761407937814720e-02 4.792081895905911937e-01 4.124391995957020773e-01 4.379985221873895496e-01 4.349754221510152008e-01 8.177123797380800863e-01 4.926468123841061253e-01 7.042929093915764049e-01 4.973373836910292001e-01 9.307770118542177951e-01 2.500408226186602301e-01 7.339688658080023576e-01 7.847227466631767623e-01 5.268365921930474594e-01 4.107988120264911558e-01 5.703193105890576042e-01
6.859895743730652917e-01 4.917534869250447249e-01 9.025598457530117358e-01 6.867107032654155008e-01 0.000000000000000000e+00 3.260066629009363837e-01 4.125356469874599807e-01 9.228728754650583621e-01 5.135210330303533466e-01 5.365186419530970641e-01 2.880620776509720815e-01 7.300198223856402269e-01 4.257142307838028272e-01 4.038610874274500828e-01 6.416560105176107864e-01 5.800150731351523259e-01 5.368314446193749312e-01 8.475031220176068025e-01 4.203651444091449085e-01 4.366190458612169145e-01 8.728615463891202797e-01 5.330771669864011741e-01 5.216873092422145142e-01 5.059246954867855361e-01 6.572242589730397100e-01 7.524364845862505646e-01 2.800049685178150338e-01 8.430174071362026567e-01 4.279010412488744031e-01 4.797342974492729284e-01 3.059064300291920446e-01 5.559092198614293823e-01 3.051815776079258580e-01 4.672058379539327788e-01 2.780083672451736376e-01
3.840665797143383298e-01 7.883041569408730798e-01 9.315994370819262738e-01 6.291889950058223713e-01 3.260066629009363837e-01 0.000000000000000000e+00 5.478812277699760536e-01 5.722285552570849365e-01 2.497171155408128840e-02 4.866112502900007408e-01 4.835199341403433326e-01 4.151878441825592181e-01 4.696937131797131459e-01 7.468811332419393878e-01 6.010513969878903406e-01 5.879763260527531843e-01 3.751846628122648686e-01 6.189609155015347586e-01 8.010884493783794191e-01 4.643658738554433119e-01 3.281631890816233410e-01 4.433635955670651163e-01 6.523944417247247163e-01 4.936279462127321493e-01 7.313667342914880187e-01 9.257874029275058314e-01 7.966498524086582655e-01 5.491251988680954099e-01 2.911065101546774780e-01 1.476359781376976876e-01 3.002849926523979418e-01 8.283771549983947047e-01 3.252584048508179171e-01 8.926467917231917237e-01 4.530690500804303023e-01
2.909134691070145440e-01 6.818093735816339596e-01 4.227258983134097869e-01 5.699085034306101694e-01 4.125356469874599807e-01 5.478812277699760536e-01 0.000000000000000000e+00 1.237228419300226978e-01 4.006033156428677744e-01 4.183917560553184201e-01 5.323922898277554383e-01 5.981570095417081401e-01 5.190806730966321947e-01 6.904249478913955240e-01 4.622487503663219588e-02 4.241326829350174910e-01 4.894488928874120015e-01 1.221208254636195756e-01 9.513724188252002945e-01 2.536630327309861155e-01 4.640333856530591827e-01 5.222300796883592167e-01 3.760288306121901680e-01 4.281192375324235355e-01 6.269421535035200055e-01 2.568029777074415376e-01 4.161671243479577731e-01 9.260321147972112588e-01 9.048460026172733262e-01 5.368865708301480133e-01 3.446114999531497691e-01 8.955072071525432831e-01 3.638625494726139831e-01 8.009596922825301668e-01 2.066020204312537523e-01
1.569993737273365220e-01 4.282266783531999410e-01 3.439295741355606895e-01 2.422905599146451261e-01 9.228728754650583621e-01 5.722285552570849365e-01 1.237228419300226978e-01 0.000000000000000000e+00 6.735226286532441931e-01 6.742482175252600962e-01 3.619724102149146638e-01 4.405580466082004709e-01 6.332612746357666467e-01 6.507972986508558932e-01 4.920658085295815942e-01 3.284612409754982809e-01 8.427301714285483358e-01 4.987517110746185756e-01 5.365801337900217849e-01 4.793845039153395438e-01 6.929722067982070355e-01 9.016991783652570369e-01 2.645503244910178964e-01 3.751646432360362660e-01 4.886979867961407931e-01 4.107660457151269817e-01 6.241904070190695819e-01 8.326993766604344760e-01 5.790112100347823976e-01 7.512850673833733062e-01 4.527144070532351794e-02 4.851158059696021319e-01 5.417466281402827377e-01 8.365882896296270577e-01 6.763134962529502303e-01
9.293540287729377125e-01 7.647312249122109051e-01 2.379617995891044613e-01 6.375076052848482888e-01 5.135210330303533466e-01 2.497171155408128840e-02 4.006033156428677744e-01 6.735226286532441931e-01 0.000000000000000000e+00 5.112218731960235241e-01 8.897397232736959927e-01 5.121873747976859459e-01 3.967696091726931606e-01 9.120362368793603070e-01 4.765372683659102604e-01 5.868129037702134454e-01 7.206101640525658381e-01 5.699165605595726269e-01 1.733415302674828906e-01 8.700461043319491772e-01 7.629781309370538001e-01 1.161681946547575839e-01 8.788960719216143413e-01 7.150471869270166314e-01 6.519741677192674167e-01 6.737023969260316214e-01 2.695487210414464485e-01 3.500842555809902112e-01 6.213666689260229914e-01 4.567161775152255299e-01 4.302764144092129373e-01 6.660991540054874704e-01 8.975524970571056027e-01 7.955994491104780852e-01 8.813832114318435051e-01
2.819680117354872451e-01 1.741655117681211173e-01 5.743465786669885720e-01 8.580481182538974849e-01 5.365186419530970641e-01 4.866112502900007408e-01 4.183917560553184201e-01 6.742482175252600962e-01 5.112218731960235241e-01 0.000000000000000000e+00 5.255965945801779338e-01 6.143054951759758797e-01 6.789558861187432459e-01 6.982800349067579404e-01 1.586333315682693090e-01 1.427279036749934393e-01 8.107439694995173252e-01 3.706138611073918065e-01 2.968301876083570545e-01 8.085122715089968493e-01 5.484717444222066973e-01 5.564741454294567236e-01 2.634376542419675227e-01 5.810149499126149308e-02 4.824354745298646829e-01 6.757984107106724814e-01 3.545740925291317458e-01 5.012340079155815920e-01 5.761209880320217191e-01 4.075660367880268309e-01 7.221628663071035792e-01 8.444130645732458307e-01 6.697979874148392021e-01 7.943176724250020637e-01 6.783012591282863157e-01
3.976953516323161186e-01 5.148628509016937027e-01 8.202288613236388137e-01 4.793554294454209774e-01 2.880620776509720815e-01 4.835199341403433326e-01 5.323922898277554383e-01 3.619724102149146638e-01 8.897397232736959927e-01 5.255965945801779338e-01 0.000000000000000000e+00 8.533636088176010936e-01 4.132735484499860390e-01 8.258532879031788010e-01 4.524023467142996857e-01 6.099287498609797797e-01 4.809778724731516575e-01 4.636600231962617613e-01 8.931995124910131478e-01 5.494320330480210179e-01 9.118209841822761952e-01 2.029183259082532054e-01 8.323626028724069315e-01 5.486854817018653740e-01 4.987230261129440567e-01 7.591846125911581034e-01 2.417707895275941210e-01 8.628800257349548142e-01 7.730672800066831218e-01 5.166775656952529161e-01 6.144624383113417299e-01 5.365946937041037312e-01 6.499020043166556793e-01 2.749589253408846190e-03 5.311975309830079262e-01
4.547515122749788974e-01 4.118020561546505975e-01 6.488873127996805934e-01 6.794507407436802815e-01 7.300198223856402269e-01 4.151878441825592181e-01 5.981570095417081401e-01 4.405580466082004709e-01 5.121873747976859459e-01 6.143054951759758797e-01 8.533636088176010936e-01 0.000000000000000000e+00 9.125826107599124271e-01 4.738276669132263641e-01 4.961472485125400511e-01 1.457636226889758024e-01 4.832572114384297013e-01 5.271480913344555042e-01 4.080091835447835491e-01 7.378127217068674026e-01 4.102551670642477499e-01 4.616351536885575646e-01 5.163460641276370611e-01 3.054425123417320309e-01 9.100190146202673525e-01 1.950325836670655510e-01 2.077274331992096101e-01 2.962820735564997143e-01 2.269265992868071402e-01 4.772533832364299622e-01 7.078825120464471432e-01 4.061637275987368678e-01 6.215506326180352259e-01 8.440056032882057302e-01 4.440552178819464069e-01
2.072654742335530154e-01 2.963136163858808292e-01 5.366359386774588458e-01 3.661228223729119380e-01 4.257142307838028272e-01 4.696937131797131459e-01 5.190806730966321947e-01 6.332612746357666467e-01 3.967696091726931606e-01 6.789558861187432459e-01 4.132735484499860390e-01 9.125826107599124271e-01 0.000000000000000000e+00 7.113821849566257516e-01 7.624059059918042447e-01 2.031803339960785992e-01 3.427138043258308731e-01 8.362274443566128923e-01 4.347968439667166951e-01 7.089820505051076527e-01 8.109074549864874193e-01 9.055233185388734674e-01 3.442363703133094477e-01 8.847085509192366137e-01 8.770133704549302189e-01 7.482861560891598263e-01 4.811869033507259474e-01 1.260700694895248164e-01 5.857224269310505882e-01 7.618598832123018028e-01 1.446130155766859327e-01 7.058425606164620003e-01 9.078477074461941410e-01 5.389709437062855102e-01 7.303376446922354992e-01
7.771341593171554596e-01 5.004354579923495638e-01 3.339120298427205036e-01 4.761855126971012431e-01 4.038610874274500828e-01 7.468811332419393878e-01 6.904249478913955240e-01 6.507972986508558932e-01 9.120362368793603070e-01 6.982800349067579404e-01 8.258532879031788010e-01 4.738276669132263641e-01 7.113821849566257516e-01 0.000000000000000000e+00 3.018344877504641754e-01 6.613238045719360692e-01 4.038121918589933634e-01 7.632288219882731317e-01 3.459604739422946773e-01 4.082479036482046242e-01 4.682785542768678200e-01 1.707152794936273033e-01 5.446701122961985497e-01 6.734759486234901393e-01 4.744814264036981144e-01 7.305259742480818552e-01 3.324759996354380576e-01 4.209016935337457355e-01 2.851505212909338227e-01 8.402572927877642872e-01 7.318955551411947535e-01 4.804824496237279363e-01 3.209650153880750922e-01 4.181538666356773848e-01 4.315641139470924315e-01
5.231862359876006119e-01 5.278581896435077248e-01 4.785929386735282010e-01 3.188798241402757139e-01 6.416560105176107864e-01 6.010513969878903406e-01 4.622487503663219588e-02 4.920658085295815942e-01 4.765372683659102604e-01 1.586333315682693090e-01 4.524023467142996857e-01 4.961472485125400511e-01 7.624059059918042447e-01 3.018344877504641754e-01 0.000000000000000000e+00 7.917670530501548232e-01 7.192801432479110080e-01 4.445854404460696796e-01 3.265352480737259144e-01 4.194373751201112555e-01 3.904581423891791969e-01 2.099327957075439177e-01 8.191967123095644787e-01 4.692446228451168100e-01 6.396515263555131448e-01 2.412784119106476943e-01 4.289263417312177418e-01 4.768319929277277103e-01 4.620566849348780591e-01 4.902461430479655990e-01 2.996423637216367730e-01 4.186651356438697569e-01 6.358767519660486478e-01 7.462627690533784053e-01 5.055574316718989270e-01
4.159121444411417179e-01 2.512624489719442744e-01 5.740875811319227084e-01 7.479247868321561299e-01 5.800150731351523259e-01 5.879763260527531843e-01 4.241326829350174910e-01 3.284612409754982809e-01 5.868129037702134454e-01 1.427279036749934393e-01 6.099287498609797797e-01 1.457636226889758024e-01 2.031803339960785992e-01 6.613238045719360692e-01 7.917670530501548232e-01 0.000000000000000000e+00 6.777503112406588759e-01 5.249954715159667051e-01 9.052355885451567330e-01 5.438472526613339353e-01 4.414358261390040616e-01 4.960181948467019541e-01 5.747502477071078086e-01 4.130694961916614449e-01 6.632700532319211195e-01 4.610002876486164469e-01 5.193428997083485710e-01 5.562607554222775974e-01 5.063543067431843792e-01 8.158117777562168271e-01 2.281814291534470795e-01 5.543411006748135694e-01 9.078608925169613375e-01 2.688649589026559372e-01 5.507856778231343675e-01
9.180051774974224976e-01 4.520738727965172288e-01 3.023574663204025015e-01 7.721487555039880935e-01 5.368314446193749312e-01 3.751846628122648686e-01 4.894488928874120015e-01 8.427301714285483358e-01 7.206101640525658381e-01 8.107439694995173252e-01 4.809778724731516575e-01 4.832572114384297013e-01 3.427138043258308731e-01 4.038121918589933634e-01 7.192801432479110080e-01 6.777503112406588759e-01 0.000000000000000000e+00 5.914076073046845572e-01 1.165374135828523006e-01 5.143802764098863722e-01 7.561355180592096437e-01 1.617873591899194885e-01 4.934225246741060777e-01 4.347887208881621168e-01 5.717827049084642788e-01 1.549590234927028520e-01 7.696370571030435315e-01 3.616330598746366753e-01 5.182189813287444435e-01 5.024181762163499876e-01 6.279497790507342359e-01 4.105090241175221033e-01 1.413074514032941487e-01 6.736798336885343463e-01 4.146113156156433499e-01
3.290808062010696089e-01 3.294280557695664635e-01 5.019462650610895249e-01 5.549776611149895844e-01 8.475031220176068025e-01 6.189609155015347586e-01 1.221208254636195756e-01 4.987517110746185756e-01 5.699165605595726269e-01 3.706138611073918065e-01 4.636600231962617613e-01 5.271480913344555042e-01 8.362274443566128923e-01 7.632288219882731317e-01 4.445854404460696796e-01 5.249954715159667051e-01 5.914076073046845572e-01 0.000000000000000000e+00 8.932700003341925710e-01 5.447997660211411075e-01 6.732590306946627523e-01 7.934125173802493158e-01 4.336892052902291406e-01 2.031151821561557602e-01 4.164344458104946023e-01 5.272046444756171013e-01 4.997995474419265061e-01 5.661413728994741934e-01 9.070897948421976498e-01 4.799478465043141018e-01 6.141584006809603924e-01 9.175845182350069740e-01 4.686129951208960476e-01 7.232492237799059698e-01 8.208604597034656614e-01
7.536522521254016560e-01 6.460416491741152178e-01 7.006019306604132080e-01 6.512015011341110160e-02 4.203651444091449085e-01 8.010884493783794191e-01 9.513724188252002945e-01 5.365801337900217849e-01 1.733415302674828906e-01 2.968301876083570545e-01 8.931995124910131478e-01 4.080091835447835491e-01 4.347968439667166951e-01 3.459604739422946773e-01 3.265352480737259144e-01 9.052355885451567330e-01 1.165374135828523006e-01 8.932700003341925710e-01 0.000000000000000000e+00 8.245841287622504012e-01 4.092728124907372145e-01 4.305494976312975175e-01 8.576118875861759028e-01 6.983412076739474728e-01 5.256863960570159477e-01 6.050985373756188057e-01 5.404039020708135688e-01 4.184634423069763520e-01 3.945251304379394641e-01 5.358162889541273621e-01 3.151108519687900733e-01 8.599563423856664279e-01 7.971239129056097994e-01 1.487530523081325162e-01 6.354863993253030419e-01
4.357109091887590435e-01 8.158149292405676434e-01 3.544883618735109598e-01 4.578761407937814720e-02 4.366190458612169145e-01 4.643658738554433119e-01 2.536630327309861155e-01 4.793845039153395438e-01 8.700461043319491772e-01 8.085122715089968493e-01 5.494320330480210179e-01 7.378127217068674026e-01 7.089820505051076527e-01 4.082479036482046242e-01 4.194373751201112555e-01 5.438472526613339353e-01 5.143802764098863722e-01 5.447997660211411075e-01 8.245841287622504012e-01 0.000000000000000000e+00 4.147876723648037389e-01 8.162632066893283911e-01 6.123312817788730822e-01 7.835488096234115574e-01 7.091060337193085816e-01 5.060605095991927982e-01 4.024156480689615734e-01 7.661087752361795955e-01 6.182390346039192686e-01 8.068362580809871343e-01 4.314244599810447278e-01 3.408569281083277946e-01 3.958451345583148817e-01 7.591509599391277341e-01 6.607389789413311565e-01
5.670608372917940176e-01 8.423259292883942262e-01 4.239190650187831255e-01 4.792081895905911937e-01 8.728615463891202797e-01 3.281631890816233410e-01 4.640333856530591827e-01 6.929722067982070355e-01 7.629781309370538001e-01 5.484717444222066973e-01 9.118209841822761952e-01 4.102551670642477499e-01 8.109074549864874193e-01 4.682785542768678200e-01 3.904581423891791969e-01 4.414358261390040616e-01 7.561355180592096437e-01 6.732590306946627523e-01 4.092728124907372145e-01 4.147876723648037389e-01 0.000000000000000000e+00 7.209327926660443753e-01 8.581498727928902337e-01 3.788912362225816954e-01 6.068088517945284810e-01 7.911153385015593509e-01 6.294612529412528801e-01 9.301531028834602033e-01 4.684828394894943737e-01 4.389040411707846312e-01 4.755719574421806151e-01 2.902062854709264172e-02 6.849357794257486809e-01 9.262624704446473789e-01 1.143476382421543258e-01
9.228374029354420305e-01 7.408064093262289873e-01 9.992798628423571472e-02 4.124391995957020773e-01 5.330771669864011741e-01 4.433635955670651163e-01 5.222300796883592167e-01 9.016991783652570369e-01 1.161681946547575839e-01 5.564741454294567236e-01 2.029183259082532054e-01 4.616351536885575646e-01 9.055233185388734674e-01 1.707152794936273033e-01 2.099327957075439177e-01 4.960181948467019541e-01 1.617873591899194885e-01 7.934125173802493158e-01 4.305494976312975175e-01 8.162632066893283911e-01 7.209327926660443753e-01 0.000000000000000000e+00 5.411449100140275359e-01 8.263655691058398034e-01 4.795454616804343262e-01 8.187984932997418586e-01 7.558948474861111322e-01 5.734407828389772588e-01 6.495914285305297575e-01 7.231838150002201093e-01 4.971633576172383440e-01 5.645262819297394152e-01 7.070073944232998508e-01 4.576399502949549114e-01 6.767630574836880353e-01
1.931979415551097201e-01 2.433226011039967274e-01 2.454884965840751776e-01 4.379985221873895496e-01 5.216873092422145142e-01 6.523944417247247163e-01 3.760288306121901680e-01 2.645503244910178964e-01 8.788960719216143413e-01 2.634376542419675227e-01 8.323626028724069315e-01 5.163460641276370611e-01 3.442363703133094477e-01 5.446701122961985497e-01 8.191967123095644787e-01 5.747502477071078086e-01 4.934225246741060777e-01 4.336892052902291406e-01 8.576118875861759028e-01 6.123312817788730822e-01 8.581498727928902337e-01 5.411449100140275359e-01 0.000000000000000000e+00 7.573365603671795565e-01 4.464422696381916689e-01 5.550567547149898306e-01 4.968114599877140880e-01 5.082469593372729300e-01 4.900220102562859448e-01 4.723094078179606026e-01 4.490888735981608537e-01 6.177281140372035129e-01 3.611474013085694823e-01 3.036037007088480122e-01 5.931158054393877999e-01
6.370536940021247485e-01 7.310322557381709885e-02 6.683568767532349630e-01 4.349754221510152008e-01 5.059246954867855361e-01 4.936279462127321493e-01 4.281192375324235355e-01 3.751646432360362660e-01 7.150471869270166314e-01 5.810149499126149308e-02 5.486854817018653740e-01 3.054425123417320309e-01 8.847085509192366137e-01 6.734759486234901393e-01 4.692446228451168100e-01 4.130694961916614449e-01 4.347887208881621168e-01 2.031151821561557602e-01 6.983412076739474728e-01 7.835488096234115574e-01 3.788912362225816954e-01 8.263655691058398034e-01 7.573365603671795565e-01 0.000000000000000000e+00 6.915636798956509290e-01 6.118148683474355920e-01 2.652492978494335185e-01 4.975071998187220457e-01 8.382795157208611236e-01 6.772357537384353643e-01 1.968764059162948499e-01 6.741961338442739038e-01 7.678722375507682774e-01 1.319144377397101775e-01 4.180041784003547534e-01
3.952516185589600162e-01 2.951657521395234518e-01 5.551994612796884443e-01 8.177123797380800863e-01 6.572242589730397100e-01 7.313667342914880187e-01 6.269421535035200055e-01 4.886979867961407931e-01 6.519741677192674167e-01 4.824354745298646829e-01 4.987230261129440567e-01 9.100190146202673525e-01 8.770133704549302189e-01 4.744814264036981144e-01 6.396515263555131448e-01 6.632700532319211195e-01 5.717827049084642788e-01 4.164344458104946023e-01 5.256863960570159477e-01 7.091060337193085816e-01 6.068088517945284810e-01 4.795454616804343262e-01 4.464422696381916689e-01 6.915636798956509290e-01 0.000000000000000000e+00 7.400995504012690684e-01 1.986137273352585053e-01 2.113663805451941879e-01 4.434460031427348570e-01 3.921813621588289833e-01 2.878538652894644390e-01 6.734151475951859478e-01 7.601236187832220992e-01 1.085708881211214782e-01 8.251590911918915694e-01
4.048817469814297576e-01 7.879621136336552034e-01 3.356153742112773508e-01 4.926468123841061253e-01 7.524364845862505646e-01 9.257874029275058314e-01 2.568029777074415376e-01 4.107660457151269817e-01 6.737023969260316214e-01 6.757984107106724814e-01 7.591846125911581034e-01 1.950325836670655510e-01 7.482861560891598263e-01 7.305259742480818552e-01 2.412784119106476943e-01 4.610002876486164469e-01 1.549590234927028520e-01 5.272046444756171013e-01 6.050985373756188057e-01 5.060605095991927982e-01 7.911153385015593509e-01 8.187984932997418586e-01 5.550567547149898306e-01 6.118148683474355920e-01 7.400995504012690684e-01 0.000000000000000000e+00 2.394415818550110209e-01 4.468046004651559655e-01 4.896050502962976947e-01 5.577089233267273904e-01 3.092455668832456706e-01 7.189328722390342374e-01 6.182864298086241384e-01 5.432334699387281196e-01 5.211289407884138747e-01
4.570154205289524429e-01 2.778120908289151147e-01 4.683464468251181678e-01 7.042929093915764049e-01 2.800049685178150338e-01 7.966498524086582655e-01 4.161671243479577731e-01 6.241904070190695819e-01 2.695487210414464485e-01 3.545740925291317458e-01 2.417707895275941210e-01 2.077274331992096101e-01 4.811869033507259474e-01 3.324759996354380576e-01 4.289263417312177418e-01 5.193428997083485710e-01 7.696370571030435315e-01 4.997995474419265061e-01 5.404039020708135688e-01 4.024156480689615734e-01 6.294612529412528801e-01 7.558948474861111322e-01 4.968114599877140880e-01 2.652492978494335185e-01 1.986137273352585053e-01 2.394415818550110209e-01 0.000000000000000000e+00 6.494142701939288331e-01 7.424611372022087430e-01 4.631965941177326185e-01 5.906474164215584910e-01 4.377188739883282054e-01 9.515879839435845700e-01 8.174765448510735721e-01 9.009957849027998567e-01
5.839672223497358594e-01 4.341753381274376933e-01 3.897128900083055569e-01 4.973373836910292001e-01 8.430174071362026567e-01 5.491251988680954099e-01 9.260321147972112588e-01 8.326993766604344760e-01 3.500842555809902112e-01 5.012340079155815920e-01 8.628800257349548142e-01 2.962820735564997143e-01 1.260700694895248164e-01 4.209016935337457355e-01 4.768319929277277103e-01 5.562607554222775974e-01 3.616330598746366753e-01 5.661413728994741934e-01 4.184634423069763520e-01 7.661087752361795955e-01 9.301531028834602033e-01 5.734407828389772588e-01 5.082469593372729300e-01 4.975071998187220457e-01 2.113663805451941879e-01 4.468046004651559655e-01 6.494142701939288331e-01 0.000000000000000000e+00 3.933021438921259771e-01 5.635703554825290951e-01 5.174672845844727753e-01 8.771737273205002516e-01 5.455020999546644767e-01 5.856325208123873693e-01 4.943264335510034746e-01
5.252586130013597865e-01 6.354698687164337390e-01 5.026119956216298368e-01 9.307770118542177951e-01 4.279010412488744031e-01 2.911065101546774780e-01 9.048460026172733262e-01 5.790112100347823976e-01 6.213666689260229914e-01 5.761209880320217191e-01 7.730672800066831218e-01 2.269265992868071402e-01 5.857224269310505882e-01 2.851505212909338227e-01 4.620566849348780591e-01 5.063543067431843792e-01 5.182189813287444435e-01 9.070897948421976498e-01 3.945251304379394641e-01 6.182390346039192686e-01 4.684828394894943737e-01 6.495914285305297575e-01 4.900220102562859448e-01 8.382795157208611236e-01 4.434460031427348570e-01 4.896050502962976947e-01 7.424611372022087430e-01 3.933021438921259771e-01 0.000000000000000000e+00 4.771985618416000330e-01 5.367226298208921387e-01 8.936313753803456494e-01 7.300371436599855102e-01 5.150297113436321794e-01 9.022191294534471773e-01
7.026157955331997496e-01 4.771365265299444269e-01 3.871814286602202060e-01 2.500408226186602301e-01 4.797342974492729284e-01 1.476359781376976876e-01 5.368865708301480133e-01 7.512850673833733062e-01 4.567161775152255299e-01 4.075660367880268309e-01 5.166775656952529161e-01 4.772533832364299622e-01 7.618598832123018028e-01 8.402572927877642872e-01 4.902461430479655990e-01 8.158117777562168271e-01 5.024181762163499876e-01 4.799478465043141018e-01 5.358162889541273621e-01 8.068362580809871343e-01 4.389040411707846312e-01 7.231838150002201093e-01 4.723094078179606026e-01 6.772357537384353643e-01 3.921813621588289833e-01 5.577089233267273904e-01 4.631965941177326185e-01 5.635703554825290951e-01 4.771985618416000330e-01 0.000000000000000000e+00 4.528639527008253007e-01 8.985146888131256837e-02 5.340339124985615804e-01 6.592085535239294858e-01 1.270361943916515912e-01
7.592632481786423249e-01 7.412224817005861333e-01 8.203861139226013011e-01 7.339688658080023576e-01 3.059064300291920446e-01 3.002849926523979418e-01 3.446114999531497691e-01 4.527144070532351794e-02 4.302764144092129373e-01 7.221628663071035792e-01 6.144624383113417299e-01 7.078825120464471432e-01 1.446130155766859327e-01 7.318955551411947535e-01 2.996423637216367730e-01 2.281814291534470795e-01 6.279497790507342359e-01 6.141584006809603924e-01 3.151108519687900733e-01 4.314244599810447278e-01 4.755719574421806151e-01 4.971633576172383440e-01 4.490888735981608537e-01 1.968764059162948499e-01 2.878538652894644390e-01 3.092455668832456706e-01 5.906474164215584910e-01 5.174672845844727753e-01 5.367226298208921387e-01 4.528639527008253007e-01 0.000000000000000000e+00 4.226130227175279863e-01 6.337700020159164893e-01 7.201723145121591285e-01 4.896544708350819008e-01
6.155722789335520417e-01 1.893812580589953054e-01 4.184278379450542817e-01 7.847227466631767623e-01 5.559092198614293823e-01 8.283771549983947047e-01 8.955072071525432831e-01 4.851158059696021319e-01 6.660991540054874704e-01 8.444130645732458307e-01 5.365946937041037312e-01 4.061637275987368678e-01 7.058425606164620003e-01 4.804824496237279363e-01 4.186651356438697569e-01 5.543411006748135694e-01 4.105090241175221033e-01 9.175845182350069740e-01 8.599563423856664279e-01 3.408569281083277946e-01 2.902062854709264172e-02 5.645262819297394152e-01 6.177281140372035129e-01 6.741961338442739038e-01 6.734151475951859478e-01 7.189328722390342374e-01 4.377188739883282054e-01 8.771737273205002516e-01 8.936313753803456494e-01 8.985146888131256837e-02 4.226130227175279863e-01 0.000000000000000000e+00 3.701591336978812263e-01 4.350554903591439260e-01 8.609781604758541818e-01
8.682708677987835966e-01 1.482665145210714241e-01 6.042409812590588958e-01 5.268365921930474594e-01 3.051815776079258580e-01 3.252584048508179171e-01 3.638625494726139831e-01 5.417466281402827377e-01 8.975524970571056027e-01 6.697979874148392021e-01 6.499020043166556793e-01 6.215506326180352259e-01 9.078477074461941410e-01 3.209650153880750922e-01 6.358767519660486478e-01 9.078608925169613375e-01 1.413074514032941487e-01 4.686129951208960476e-01 7.971239129056097994e-01 3.958451345583148817e-01 6.849357794257486809e-01 7.070073944232998508e-01 3.611474013085694823e-01 7.678722375507682774e-01 7.601236187832220992e-01 6.182864298086241384e-01 9.515879839435845700e-01 5.455020999546644767e-01 7.300371436599855102e-01 5.340339124985615804e-01 6.337700020159164893e-01 3.701591336978812263e-01 0.000000000000000000e+00 5.455323695131764072e-01 7.839212864745557230e-01
7.715600757955725086e-01 4.648866439895236180e-01 4.144161984569533774e-01 4.107988120264911558e-01 4.672058379539327788e-01 8.926467917231917237e-01 8.009596922825301668e-01 8.365882896296270577e-01 7.955994491104780852e-01 7.943176724250020637e-01 2.749589253408846190e-03 8.440056032882057302e-01 5.389709437062855102e-01 4.181538666356773848e-01 7.462627690533784053e-01 2.688649589026559372e-01 6.736798336885343463e-01 7.232492237799059698e-01 1.487530523081325162e-01 7.591509599391277341e-01 9.262624704446473789e-01 4.576399502949549114e-01 3.036037007088480122e-01 1.319144377397101775e-01 1.085708881211214782e-01 5.432334699387281196e-01 8.174765448510735721e-01 5.856325208123873693e-01 5.150297113436321794e-01 6.592085535239294858e-01 7.201723145121591285e-01 4.350554903591439260e-01 5.455323695131764072e-01 0.000000000000000000e+00 8.599708704776108936e-01
4.427075138515236818e-01 4.635187510562193136e-01 7.399826257688464359e-01 5.703193105890576042e-01 2.780083672451736376e-01 4.530690500804303023e-01 2.066020204312537523e-01 6.763134962529502303e-01 8.813832114318435051e-01 6.783012591282863157e-01 5.311975309830079262e-01 4.440552178819464069e-01 7.303376446922354992e-01 4.315641139470924315e-01 5.055574316718989270e-01 5.507856778231343675e-01 4.146113156156433499e-01 8.208604597034656614e-01 6.354863993253030419e-01 6.607389789413311565e-01 1.143476382421543258e-01 6.767630574836880353e-01 5.931158054393877999e-01 4.180041784003547534e-01 8.251590911918915694e-01 5.211289407884138747e-01 9.009957849027998567e-01 4.943264335510034746e-01 9.022191294534471773e-01 1.270361943916515912e-01 4.896544708350819008e-01 8.609781604758541818e-01 7.839212864745557230e-01 8.599708704776108936e-01 0.000000000000000000e+00
