0.000000000000000000e+00 3.945477226769916190e-01 4.414148514203730111e-01 2.280757688945657946e-01 6.337327859566828092e-01 4.271696264590471026e-01 8.803052979321439597e-01 4.506547885909567563e-01 3.286627593909212108e-01 2.339053137241220437e-01 4.727525719039212815e-01 5.696738283331455044e-01 7.658820722156159944e-01 6.959984722041885341e-01 2.221728573213983260e-01 6.019233321797554659e-01 4.016556934582996563e-01 7.536891275269120838e-01 6.974368167462641210e-01 5.919504554547062591e-01 4.444922656423206386e-01 1.802114361311827340e-01 3.415205590002836633e-01 6.560894414627693738e-01 5.043767158051415400e-01 5.047089000580657903e-01 7.045998226785661345e-01 4.986237943434235764e-01 3.191139323264295391e-01 5.378042464843389991e-01 2.132395722533360072e-01 3.310661315351097200e-01 1.649781751521067208e-01 9.396500029817450583e-01 6.947590311326580226e-01
3.945477226769916190e-01 0.000000000000000000e+00 7.950637945271705753e-01 9.464411022672907237e-01 6.061172813734542197e-01 1.375359066797492424e-01 6.160752436281100586e-01 4.133672156642007045e-01 8.281077292247785993e-01 3.476379770875627218e-01 3.934595351065798274e-01 4.410586980373325527e-01 6.240666107744898827e-01 3.871324768092221369e-01 3.393691475365251953e-01 3.379650991923273118e-01 6.926458860510867899e-01 1.955164979428747341e-01 4.278605162112282256e-01 3.121149844552169594e-01 7.597802828928940100e-01 2.717483843380410491e-01 4.475975490432475556e-01 4.528672409312827218e-01 6.435184500439130595e-01 4.768619307133454832e-01 9.935745425150706023e-01 4.040744838000548400e-01 3.826016040592866707e-01 4.719430350758871406e-01 6.119707636014813934e-01 6.652759587897825178e-01 4.442960995113315326e-01 8.266631876899661613e-01 5.561748456607755742e-01
4.414148514203730111e-01 7.950637945271705753e-01 0.000000000000000000e+00 6.330097961234482096e-02 8.736727622761566447e-01 7.713239991967593134e-01 6.301998475241898934e-01 1.931518051911010891e-01 2.755312598095450705e-01 5.146683131273981360e-01 4.810804604573609700e-01 5.721335188299503383e-01 4.874294226223192528e-01 5.481660796007331582e-01 7.706173735708745642e-01 7.553054971629759029e-01 2.444269780611034171e-01 7.095547366160968039e-01 6.297243439502274720e-01 4.583220030046872839e-01 4.910115625245705662e-01 6.209743567433335665e-01 6.745929350978054906e-01 5.887068869298428542e-01 5.976431819689751457e-01 1.734524357560487395e-01 3.705955819430786224e-01 3.387489070590873341e-01 1.628682645650306182e-01 5.258345627216969298e-01 7.860127084893209215e-01 1.515000830341166616e-01 4.428777480074906348e-01 5.536717616669059039e-01 7.315022456780477800e-01
2.280757688945657946e-01 9.464411022672907237e-01 6.330097961234482096e-02 0.000000000000000000e+00 6.881781114553671141e-01 2.113318204507297349e-01 6.879874452425014386e-01 4.785719748492788805e-01 6.671980594006865495e-01 5.180033108368035100e-01 5.111465765554048524e-01 4.651051844031446336e-01 6.249034531326016495e-01 4.265844384218491769e-01 3.596824013768594175e-01 8.438287979626559743e-01 1.623853522189505627e-01 4.418335795172473879e-01 4.073731921085980145e-01 3.069329167485296272e-01 9.129161480583010135e-01 4.761052816156627343e-01 8.627163528619921085e-01 4.489642465675010574e-01 2.806816919658432496e-01 5.899663980545249986e-01 5.254371271999673798e-01 8.709923094715602554e-01 3.757054717115303477e-01 6.487660108563051420e-01 7.671013562380999407e-01 3.615028656854669120e-01 5.254062241916148679e-01 6.567012006946590930e-01 5.065591317398705495e-01
6.337327859566828092e-01 6.061172813734542197e-01 8.736727622761566447e-01 6.881781114553671141e-01 0.000000000000000000e+00 4.860836584749158029e-01 3.796942895572804622e-01 6.501253841262721878e-01 7.191350527596389597e-01 7.146425096113444564e-01 4.802203417088021231e-01 1.456609488898944482e-01 8.091136595961857525e-01 5.913743383634090245e-01 7.692699531385018830e-01 3.794192262648062308e-01 2.393989906141661406e-01 5.203908984695155837e-01 7.200271181648232321e-02 2.203986203257609078e-01 6.403661986501776315e-01 9.456712915663119112e-01 8.248869259328216463e-01 1.614440914758635826e-01 7.832404242115298398e-01 2.098569626711289660e-01 2.859540212337098319e-01 7.094938203638507801e-01 3.239384241716113388e-01 8.620177841109606387e-01 8.581103334045445674e-01 7.246391685787998416e-01 7.052918147864010168e-01 6.743240002673744904e-01 4.280207387432475863e-01
4.271696264590471026e-01 1.375359066797492424e-01 7.713239991967593134e-01 2.113318204507297349e-01 4.860836584749158029e-01 0.000000000000000000e+00 6.246258881498413240e-01 4.082460546979952976e-01 6.648884216576074202e-01 3.607728628010495875e-01 6.347509306147062214e-01 6.359147319447234770e-01 5.176454867902846591e-01 1.798546795113695751e-01 5.161269011159572706e-01 5.603815188255469870e-01 1.695216331135064314e-01 8.704909932078832568e-01 6.703901245279366705e-01 4.290620304865709889e-01 5.817679493412726277e-01 4.013335611926370228e-01 7.493890781515213373e-01 8.331395865139732404e-01 1.195304326179640331e-01 8.870537633776545139e-01 2.586111356832811459e-01 2.136466870119222150e-01 6.424335226822194267e-01 8.101631773740778364e-01 4.141929987782284606e-01 3.645608368764744478e-01 6.671107424506477201e-01 6.005847066530636269e-01 2.015766435947446977e-01
8.803052979321439597e-01 6.160752436281100586e-01 6.301998475241898934e-01 6.879874452425014386e-01 3.796942895572804622e-01 6.246258881498413240e-01 0.000000000000000000e+00 6.070428560471339274e-01 3.459428577114997960e-01 4.269439610203605850e-01 3.924422961388955855e-01 6.326553237544207953e-01 7.690029369452531238e-01 1.059989916838832702e-01 7.190357729512515395e-01 1.526727003222454471e-01 4.647723233502465412e-01 7.932672115756500553e-01 5.967123653987495002e-01 5.779059257343706069e-01 4.982516270014294424e-01 2.736045499428273464e-01 4.740315692190843477e-01 7.592361245021537197e-01 7.616158580923408916e-01 4.139565310729638181e-01 3.539434893872920318e-01 5.275114386934114385e-01 4.369781347476113242e-01 4.644264875367076773e-01 5.977359516992299948e-01 6.003584538334759690e-01 6.030173468952602089e-01 4.280529936747821673e-01 8.192442936119872510e-01
4.506547885909567563e-01 4.133672156642007045e-01 1.931518051911010891e-01 4.785719748492788805e-01 6.501253841262721878e-01 4.082460546979952976e-01 6.070428560471339274e-01 0.000000000000000000e+00 4.331843014368306766e-01 8.552814932431965778e-01 5.538666247505240614e-01 2.460819434063031830e-01 5.684179869709948818e-01 2.527457107528968683e-01 6.023115583658370520e-01 6.265174104926481968e-01 4.376991093242533770e-01 5.682501801814929809e-01 7.708159524155162590e-01 3.589507821307291180e-01 8.680974775514835873e-01 6.278642660768434247e-01 5.302016077597228039e-01 6.335622658481355751e-01 2.867571107036885891e-01 1.386858910599153560e-01 7.065935880086968712e-01 6.091763127315372728e-01 2.547211927474513082e-01 1.660482511842243936e-01 3.516867701931709611e-01 5.430575546680572740e-01 1.902054671767959282e-01 5.668535012972777398e-01 4.804056332264639573e-01
3.286627593909212108e-01 8.281077292247785993e-01 2.755312598095450705e-01 6.671980594006865495e-01 7.191350527596389597e-01 6.648884216576074202e-01 3.459428577114997960e-01 4.331843014368306766e-01 0.000000000000000000e+00 6.203433835068699054e-01 7.708290718099028993e-01 7.589735137482244154e-01 3.231153977497308594e-01 5.657447574120209044e-01 2.599981015352473834e-01 5.032723254576416672e-01 5.025346996287856083e-01 4.132792449414680602e-01 3.924257066273562078e-01 5.023389766994552641e-01 4.801184291894298184e-01 6.840585793814770721e-01 7.104680352503034424e-01 2.403307263965820395e-01 5.445350897970893111e-01 5.407088763463032688e-01 6.029916161402655295e-01 6.880123579731717287e-02 1.070382893873765839e-01 5.059664332328838166e-01 5.374654957548983258e-01 5.580442712561047847e-01 3.195066711783267621e-01 6.290000926979126827e-01 5.464937286379881742e-01
2.339053137241220437e-01 3.476379770875627218e-01 5.146683131273981360e-01 5.180033108368035100e-01 7.146425096113444564e-01 3.607728628010495875e-01 4.269439610203605850e-01 8.552814932431965778e-01 6.203433835068699054e-01 0.000000000000000000e+00 4.160941249757177385e-01 5.605769940213300995e-01 9.677376915862075935e-01 3.334009533009897885e-01 6.761422716865321814e-01 6.303537872506355111e-01 8.534384043947507159e-01 7.533373842149477806e-01 8.031472488708768509e-01 6.148610992557427268e-01 5.204081735070664738e-02 8.397037918393457367e-01 1.711341371912529219e-01 1.961107074590852928e-01 7.030641129376888898e-01 5.526911518047684657e-01 1.153295322836891401e-01 6.811784019666642376e-01 4.009596511505810756e-01 5.483963300216805337e-01 6.483298149401806043e-01 3.629022697513627493e-01 7.952628112872863753e-01 6.362567119828802520e-01 3.755999244888197364e-01
4.727525719039212815e-01 3.934595351065798274e-01 4.810804604573609700e-01 5.111465765554048524e-01 4.802203417088021231e-01 6.347509306147062214e-01 3.924422961388955855e-01 5.538666247505240614e-01 7.708290718099028993e-01 4.160941249757177385e-01 0.000000000000000000e+00 7.821468127644892743e-01 1.088894998799998515e-01 6.342614579880554437e-01 3.561425948369300043e-01 3.925550808441268247e-01 7.281717000868730416e-01 2.927118542690019809e-01 7.884238997808765692e-01 5.934048633841695342e-01 6.047704980420084420e-01 4.805896433003448154e-01 4.891876770492611382e-01 4.064966977262552961e-01 6.501254861313273681e-01 4.339540786836287301e-01 2.929381274782540956e-01 3.423040709516372848e-01 5.304953582875124862e-01 2.894325091289151608e-01 5.596387794127577475e-01 9.079708612479884255e-01 8.167886243152122638e-01 2.412476944353026953e-01 7.828007730358113037e-01
5.696738283331455044e-01 4.410586980373325527e-01 5.721335188299503383e-01 4.651051844031446336e-01 1.456609488898944482e-01 6.359147319447234770e-01 6.326553237544207953e-01 2.460819434063031830e-01 7.589735137482244154e-01 5.605769940213300995e-01 7.821468127644892743e-01 0.000000000000000000e+00 7.358766569102499489e-01 6.177860825109835474e-01 7.806298311143773372e-01 2.391518991282315376e-01 7.889885506466634002e-01 5.252514364605053165e-01 2.757981665373178126e-01 4.585901978501273346e-01 5.266137968470188113e-01 2.031925887880601245e-01 8.193143500845369021e-01 5.389022169547592611e-01 7.146280414019037242e-01 4.253802120207040849e-01 6.837381428312203635e-01 4.228662020612806161e-01 4.519813439060416105e-01 4.586576637145388657e-01 5.177062990884767624e-01 3.164245596798520022e-01 5.703575010108168364e-01 7.262156537419321989e-01 7.592173000954007822e-01
7.658820722156159944e-01 6.240666107744898827e-01 4.874294226223192528e-01 6.249034531326016495e-01 8.091136595961857525e-01 5.176454867902846591e-01 7.690029369452531238e-01 5.684179869709948818e-01 3.231153977497308594e-01 9.677376915862075935e-01 1.088894998799998515e-01 7.358766569102499489e-01 0.000000000000000000e+00 2.219237538247280650e-01 8.531895842281460585e-01 5.281068444127972050e-01 9.895938666384940241e-02 3.840005011459773909e-01 8.747146669084459036e-01 6.396090246357992726e-01 5.227493409000198987e-01 4.336500773296771416e-01 5.968425734230728974e-01 5.847383304488057432e-01 7.075770299915647987e-01 7.346518037454579098e-01 3.160161131856967787e-01 8.588858164543824447e-01 2.911114782183088501e-01 1.192128878730526198e-01 2.475577335504006715e-01 7.219853203498508565e-01 8.498497305608971875e-01 6.365997238183951357e-02 4.299130908549474439e-01
6.959984722041885341e-01 3.871324768092221369e-01 5.481660796007331582e-01 4.265844384218491769e-01 5.913743383634090245e-01 1.798546795113695751e-01 1.059989916838832702e-01 2.527457107528968683e-01 5.657447574120209044e-01 3.334009533009897885e-01 6.342614579880554437e-01 6.177860825109835474e-01 2.219237538247280650e-01 0.000000000000000000e+00 9.165534531040258059e-01 9.449290917449968408e-01 7.492904653851683028e-01 6.894354780367275559e-01 5.253441254389490389e-01 6.754955337628911760e-01 2.542769292238302725e-01 7.520177430264070040e-01 6.445759376580677547e-01 8.806132240640406339e-01 3.829943704616732836e-01 5.068403668449703581e-01 4.627209703008800523e-01 4.826674286050025575e-02 6.145884597485076206e-01 4.286657641030386379e-01 5.580145948605119699e-01 4.934376285845955001e-01 3.248244590280935373e-02 6.292898662638174434e-01 7.330769487788710848e-01
2.221728573213983260e-01 3.393691475365251953e-01 7.706173735708745642e-01 3.596824013768594175e-01 7.692699531385018830e-01 5.161269011159572706e-01 7.190357729512515395e-01 6.023115583658370520e-01 2.599981015352473834e-01 6.761422716865321814e-01 3.561425948369300043e-01 7.806298311143773372e-01 8.531895842281460585e-01 9.165534531040258059e-01 0.000000000000000000e+00 5.273492664774375172e-01 1.473166706616924615e-01 6.421564327551542162e-01 6.800429605372646513e-01 7.651674308759737198e-01 3.209254026875897337e-01 5.606028664509936643e-01 4.526993322240008277e-01 6.560515826265358452e-01 5.926507079986088611e-01 3.614649439687128707e-01 6.316881685882953512e-01 5.205738276226166139e-01 3.132772067473739153e-01 6.674088090193431855e-01 4.770117930695853548e-01 5.529541780146332020e-01 1.766578859488188158e-02 6.615586470238642436e-01 4.405687966650941312e-01
6.019233321797554659e-01 3.379650991923273118e-01 7.553054971629759029e-01 8.438287979626559743e-01 3.794192262648062308e-01 5.603815188255469870e-01 1.526727003222454471e-01 6.265174104926481968e-01 5.032723254576416672e-01 6.303537872506355111e-01 3.925550808441268247e-01 2.391518991282315376e-01 5.281068444127972050e-01 9.449290917449968408e-01 5.273492664774375172e-01 0.000000000000000000e+00 4.030672445122591707e-01 2.241376464989338624e-01 7.192946726322033690e-01 2.384007838473168328e-01 5.248050810426940771e-01 5.176810762779929798e-01 2.649840457276561034e-01 4.333244872786007340e-01 5.490387901308115826e-01 7.936426980947861587e-01 7.627277571677145707e-01 8.263947922351418951e-01 6.700302731193388261e-01 3.803219253536675448e-01 6.685234717535728510e-01 7.699905282230963266e-01 1.941521400739145697e-01 3.230862009983929140e-01 4.683505956740853238e-01
4.016556934582996563e-01 6.926458860510867899e-01 2.444269780611034171e-01 1.623853522189505627e-01 2.393989906141661406e-01 1.695216331135064314e-01 4.647723233502465412e-01 4.376991093242533770e-01 5.025346996287856083e-01 8.534384043947507159e-01 7.281717000868730416e-01 7.889885506466634002e-01 9.895938666384940241e-02 7.492904653851683028e-01 1.473166706616924615e-01 4.030672445122591707e-01 0.000000000000000000e+00 5.601372063839074045e-01 5.860568965839898503e-01 5.677192349722731679e-01 3.344269994012846192e-01 5.210228162421646214e-01 8.189307566312509223e-01 7.047685760720813208e-01 4.505791041094840965e-01 5.378136772847480485e-01 7.106526948662028609e-01 2.393912276922175453e-01 3.431883359330828442e-02 4.884501353846014693e-01 5.744098298433547578e-01 2.075760965194971552e-01 7.258093100257720920e-01 2.524931176450578851e-01 6.658963634908829921e-01
7.536891275269120838e-01 1.955164979428747341e-01 7.095547366160968039e-01 4.418335795172473879e-01 5.203908984695155837e-01 8.704909932078832568e-01 7.932672115756500553e-01 5.682501801814929809e-01 4.132792449414680602e-01 7.533373842149477806e-01 2.927118542690019809e-01 5.252514364605053165e-01 3.840005011459773909e-01 6.894354780367275559e-01 6.421564327551542162e-01 2.241376464989338624e-01 5.601372063839074045e-01 0.000000000000000000e+00 1.873144403491132648e-01 9.268198250282263517e-01 1.063199401667483945e-01 3.739695130665199874e-01 7.870498328500491469e-01 4.814543573431587231e-01 4.520415557818525110e-01 2.680783577154226549e-01 5.181554700179038520e-01 5.847265506786457623e-01 6.838472326411775271e-01 3.075727136662753658e-01 5.733971163886451006e-01 4.978391778879693863e-01 6.762964693170872010e-01 4.630106846224769090e-01 4.828448715074105668e-01
6.974368167462641210e-01 4.278605162112282256e-01 6.297243439502274720e-01 4.073731921085980145e-01 7.200271181648232321e-02 6.703901245279366705e-01 5.967123653987495002e-01 7.708159524155162590e-01 3.924257066273562078e-01 8.031472488708768509e-01 7.884238997808765692e-01 2.757981665373178126e-01 8.747146669084459036e-01 5.253441254389490389e-01 6.800429605372646513e-01 7.192946726322033690e-01 5.860568965839898503e-01 1.873144403491132648e-01 0.000000000000000000e+00 4.962817487181738763e-01 3.071065064140081069e-01 3.075137290563676462e-01 3.168252637635353697e-01 5.628092460652244222e-01 2.466156621715630548e-01 4.745595953860897165e-01 2.970488502915876183e-01 8.894145302534564035e-01 6.017118898056382781e-01 6.043753737689263605e-01 5.460891887643437581e-01 3.424797260440218816e-01 4.878542592352379526e-01 6.449227110037635269e-01 3.782843041558431874e-01
5.919504554547062591e-01 3.121149844552169594e-01 4.583220030046872839e-01 3.069329167485296272e-01 2.203986203257609078e-01 4.290620304865709889e-01 5.779059257343706069e-01 3.589507821307291180e-01 5.023389766994552641e-01 6.148610992557427268e-01 5.934048633841695342e-01 4.585901978501273346e-01 6.396090246357992726e-01 6.754955337628911760e-01 7.651674308759737198e-01 2.384007838473168328e-01 5.677192349722731679e-01 9.268198250282263517e-01 4.962817487181738763e-01 0.000000000000000000e+00 5.005017616539674252e-01 7.253694083246067237e-01 7.835635138027094992e-01 6.643818787973911899e-01 5.522117616140695961e-01 1.748415457065725098e-01 2.435633309836218729e-01 4.224210013875397962e-01 6.336195811883759132e-01 4.275997912726012262e-01 6.277672538558473070e-01 2.947075716165429848e-01 5.169032460839279031e-01 6.396837481590771368e-01 8.631397496860407914e-01
4.444922656423206386e-01 7.597802828928940100e-01 4.910115625245705662e-01 9.129161480583010135e-01 6.403661986501776315e-01 5.817679493412726277e-01 4.982516270014294424e-01 8.680974775514835873e-01 4.801184291894298184e-01 5.204081735070664738e-02 6.047704980420084420e-01 5.266137968470188113e-01 5.227493409000198987e-01 2.542769292238302725e-01 3.209254026875897337e-01 5.248050810426940771e-01 3.344269994012846192e-01 1.063199401667483945e-01 3.071065064140081069e-01 5.005017616539674252e-01 0.000000000000000000e+00 4.212702796211732492e-01 4.819726654676601552e-01 3.268191942784712811e-01 5.144012920797725874e-01 5.576234810447215917e-01 4.787168072004329145e-01 1.072317746008990547e-01 6.454076730086175662e-01 5.067135797941730857e-01 5.877737707303463122e-01 4.330901983671506805e-01 5.486991354167037871e-01 5.229071393958036884e-01 5.492212636280864313e-01
1.802114361311827340e-01 2.717483843380410491e-01 6.209743567433335665e-01 4.761052816156627343e-01 9.456712915663119112e-01 4.013335611926370228e-01 2.736045499428273464e-01 6.278642660768434247e-01 6.840585793814770721e-01 8.397037918393457367e-01 4.805896433003448154e-01 2.031925887880601245e-01 4.336500773296771416e-01 7.520177430264070040e-01 5.606028664509936643e-01 5.176810762779929798e-01 5.210228162421646214e-01 3.739695130665199874e-01 3.075137290563676462e-01 7.253694083246067237e-01 4.212702796211732492e-01 0.000000000000000000e+00 2.918374536999818192e-01 3.335924182647839187e-01 7.200605080175891404e-01 8.004801752952495075e-01 3.312723302908951450e-01 6.335901170981328434e-01 1.791632026853828830e-01 4.103519756567010068e-01 6.996276965847550988e-01 8.464691795332802693e-01 8.612986531434331239e-01 3.339464609492764913e-01 3.589815708863008381e-01
3.415205590002836633e-01 4.475975490432475556e-01 6.745929350978054906e-01 8.627163528619921085e-01 8.248869259328216463e-01 7.493890781515213373e-01 4.740315692190843477e-01 5.302016077597228039e-01 7.104680352503034424e-01 1.711341371912529219e-01 4.891876770492611382e-01 8.193143500845369021e-01 5.968425734230728974e-01 6.445759376580677547e-01 4.526993322240008277e-01 2.649840457276561034e-01 8.189307566312509223e-01 7.870498328500491469e-01 3.168252637635353697e-01 7.835635138027094992e-01 4.819726654676601552e-01 2.918374536999818192e-01 0.000000000000000000e+00 6.783535887591480851e-01 7.972084932147494030e-01 2.688382453989265342e-01 6.446820363749564686e-01 7.389737576871344693e-01 1.130404944819515256e-01 7.382475365194536288e-01 3.873472801028655099e-01 7.143347510278239554e-01 3.344544817780774615e-01 7.999497799030362843e-01 4.645098375392507917e-01
6.560894414627693738e-01 4.528672409312827218e-01 5.887068869298428542e-01 4.489642465675010574e-01 1.614440914758635826e-01 8.331395865139732404e-01 7.592361245021537197e-01 6.335622658481355751e-01 2.403307263965820395e-01 1.961107074590852928e-01 4.064966977262552961e-01 5.389022169547592611e-01 5.847383304488057432e-01 8.806132240640406339e-01 6.560515826265358452e-01 4.333244872786007340e-01 7.047685760720813208e-01 4.814543573431587231e-01 5.628092460652244222e-01 6.643818787973911899e-01 3.268191942784712811e-01 3.335924182647839187e-01 6.783535887591480851e-01 0.000000000000000000e+00 6.996754746237150435e-01 4.074201412011347889e-01 4.281249747483898416e-01 5.037933024899399204e-02 2.198118192814219607e-01 1.982288933460146230e-01 4.981776432094487950e-01 7.823855711106560973e-01 1.579265296233118843e-01 7.594784226367045088e-01 6.976654476667905058e-01
5.043767158051415400e-01 6.435184500439130595e-01 5.976431819689751457e-01 2.806816919658432496e-01 7.832404242115298398e-01 1.195304326179640331e-01 7.616158580923408916e-01 2.867571107036885891e-01 5.445350897970893111e-01 7.030641129376888898e-01 6.501254861313273681e-01 7.146280414019037242e-01 7.075770299915647987e-01 3.829943704616732836e-01 5.926507079986088611e-01 5.490387901308115826e-01 4.505791041094840965e-01 4.520415557818525110e-01 2.466156621715630548e-01 5.522117616140695961e-01 5.144012920797725874e-01 7.200605080175891404e-01 7.972084932147494030e-01 6.996754746237150435e-01 0.000000000000000000e+00 6.175764035489975656e-01 2.361844749823881484e-01 1.218298367639051860e-01 2.575610328477302424e-01 7.174912897258748368e-01 5.104025197019477211e-01 2.158214522789374534e-01 2.066328055200593594e-01 2.753477871409891753e-01 6.138024380275574066e-01
5.047089000580657903e-01 4.768619307133454832e-01 1.734524357560487395e-01 5.899663980545249986e-01 2.098569626711289660e-01 8.870537633776545139e-01 4.139565310729638181e-01 1.386858910599153560e-01 5.407088763463032688e-01 5.526911518047684657e-01 4.339540786836287301e-01 4.253802120207040849e-01 7.346518037454579098e-01 5.068403668449703581e-01 3.614649439687128707e-01 7.936426980947861587e-01 5.378136772847480485e-01 2.680783577154226549e-01 4.745595953860897165e-01 1.748415457065725098e-01 5.576234810447215917e-01 8.004801752952495075e-01 2.688382453989265342e-01 4.074201412011347889e-01 6.175764035489975656e-01 0.000000000000000000e+00 6.345896851260504068e-01 2.210910540548398084e-01 4.404058895173815213e-01 3.435746334856502049e-01 3.159615976122659431e-01 3.847458703437056093e-01 4.070162704210029680e-01 2.300186539639088590e-01 3.704618951352235401e-01
7.045998226785661345e-01 9.935745425150706023e-01 3.705955819430786224e-01 5.254371271999673798e-01 2.859540212337098319e-01 2.586111356832811459e-01 3.539434893872920318e-01 7.065935880086968712e-01 6.029916161402655295e-01 1.153295322836891401e-01 2.929381274782540956e-01 6.837381428312203635e-01 3.160161131856967787e-01 4.627209703008800523e-01 6.316881685882953512e-01 7.627277571677145707e-01 7.106526948662028609e-01 5.181554700179038520e-01 2.970488502915876183e-01 2.435633309836218729e-01 4.787168072004329145e-01 3.312723302908951450e-01 6.446820363749564686e-01 4.281249747483898416e-01 2.361844749823881484e-01 6.345896851260504068e-01 0.000000000000000000e+00 4.362866909139527238e-01 5.432792252467619765e-01 4.757493607421348081e-01 5.811662762337969079e-01 3.232327228199369240e-01 3.560868586661834478e-01 2.967915881946779910e-01 2.600534336995934392e-01
4.986237943434235764e-01 4.040744838000548400e-01 3.387489070590873341e-01 8.709923094715602554e-01 7.094938203638507801e-01 2.136466870119222150e-01 5.275114386934114385e-01 6.091763127315372728e-01 6.880123579731717287e-02 6.811784019666642376e-01 3.423040709516372848e-01 4.228662020612806161e-01 8.588858164543824447e-01 4.826674286050025575e-02 5.205738276226166139e-01 8.263947922351418951e-01 2.393912276922175453e-01 5.847265506786457623e-01 8.894145302534564035e-01 4.224210013875397962e-01 1.072317746008990547e-01 6.335901170981328434e-01 7.389737576871344693e-01 5.037933024899399204e-02 1.218298367639051860e-01 2.210910540548398084e-01 4.362866909139527238e-01 0.000000000000000000e+00 6.099425743296200686e-01 4.234583643532825459e-01 6.286451590771686693e-01 2.180401720457584291e-01 7.187842725203554828e-01 9.458144613203183226e-01 1.853372991122773650e-01
3.191139323264295391e-01 3.826016040592866707e-01 1.628682645650306182e-01 3.757054717115303477e-01 3.239384241716113388e-01 6.424335226822194267e-01 4.369781347476113242e-01 2.547211927474513082e-01 1.070382893873765839e-01 4.009596511505810756e-01 5.304953582875124862e-01 4.519813439060416105e-01 2.911114782183088501e-01 6.145884597485076206e-01 3.132772067473739153e-01 6.700302731193388261e-01 3.431883359330828442e-02 6.838472326411775271e-01 6.017118898056382781e-01 6.336195811883759132e-01 6.454076730086175662e-01 1.791632026853828830e-01 1.130404944819515256e-01 2.198118192814219607e-01 2.575610328477302424e-01 4.404058895173815213e-01 5.432792252467619765e-01 6.099425743296200686e-01 0.000000000000000000e+00 7.179141684010470481e-01 1.512565073805779425e-01 6.387892037918607713e-01 4.391420541679480483e-01 7.531516017626014303e-01 4.609573716589962511e-01
5.378042464843389991e-01 4.719430350758871406e-01 5.258345627216969298e-01 6.487660108563051420e-01 8.620177841109606387e-01 8.101631773740778364e-01 4.644264875367076773e-01 1.660482511842243936e-01 5.059664332328838166e-01 5.483963300216805337e-01 2.894325091289151608e-01 4.586576637145388657e-01 1.192128878730526198e-01 4.286657641030386379e-01 6.674088090193431855e-01 3.803219253536675448e-01 4.884501353846014693e-01 3.075727136662753658e-01 6.043753737689263605e-01 4.275997912726012262e-01 5.067135797941730857e-01 4.103519756567010068e-01 7.382475365194536288e-01 1.982288933460146230e-01 7.174912897258748368e-01 3.435746334856502049e-01 4.757493607421348081e-01 4.234583643532825459e-01 7.179141684010470481e-01 0.000000000000000000e+00 6.908505837481639933e-01 5.053294739163477489e-01 6.401923056135321310e-01 6.661821097644942125e-01 7.560025850461697949e-01
2.132395722533360072e-01 6.119707636014813934e-01 7.860127084893209215e-01 7.671013562380999407e-01 8.581103334045445674e-01 4.141929987782284606e-01 5.977359516992299948e-01 3.516867701931709611e-01 5.374654957548983258e-01 6.483298149401806043e-01 5.596387794127577475e-01 5.177062990884767624e-01 2.475577335504006715e-01 5.580145948605119699e-01 4.770117930695853548e-01 6.685234717535728510e-01 5.744098298433547578e-01 5.733971163886451006e-01 5.460891887643437581e-01 6.277672538558473070e-01 5.877737707303463122e-01 6.996276965847550988e-01 3.873472801028655099e-01 4.981776432094487950e-01 5.104025197019477211e-01 3.159615976122659431e-01 5.811662762337969079e-01 6.286451590771686693e-01 1.512565073805779425e-01 6.908505837481639933e-01 0.000000000000000000e+00 5.962058310658997495e-01 5.718776839169116277e-01 5.186642272264123665e-01 2.686946207859624014e-01
3.310661315351097200e-01 6.652759587897825178e-01 1.515000830341166616e-01 3.615028656854669120e-01 7.246391685787998416e-01 3.645608368764744478e-01 6.003584538334759690e-01 5.430575546680572740e-01 5.580442712561047847e-01 3.629022697513627493e-01 9.079708612479884255e-01 3.164245596798520022e-01 7.219853203498508565e-01 4.934376285845955001e-01 5.529541780146332020e-01 7.699905282230963266e-01 2.075760965194971552e-01 4.978391778879693863e-01 3.424797260440218816e-01 2.947075716165429848e-01 4.330901983671506805e-01 8.464691795332802693e-01 7.143347510278239554e-01 7.823855711106560973e-01 2.158214522789374534e-01 3.847458703437056093e-01 3.232327228199369240e-01 2.180401720457584291e-01 6.387892037918607713e-01 5.053294739163477489e-01 5.962058310658997495e-01 0.000000000000000000e+00 1.005984552675722732e-01 8.841768767052864408e-01 1.038757272127140974e-01
1.649781751521067208e-01 4.442960995113315326e-01 4.428777480074906348e-01 5.254062241916148679e-01 7.052918147864010168e-01 6.671107424506477201e-01 6.030173468952602089e-01 1.902054671767959282e-01 3.195066711783267621e-01 7.952628112872863753e-01 8.167886243152122638e-01 5.703575010108168364e-01 8.498497305608971875e-01 3.248244590280935373e-02 1.766578859488188158e-02 1.941521400739145697e-01 7.258093100257720920e-01 6.762964693170872010e-01 4.878542592352379526e-01 5.169032460839279031e-01 5.486991354167037871e-01 8.612986531434331239e-01 3.344544817780774615e-01 1.579265296233118843e-01 2.066328055200593594e-01 4.070162704210029680e-01 3.560868586661834478e-01 7.187842725203554828e-01 4.391420541679480483e-01 6.401923056135321310e-01 5.718776839169116277e-01 1.005984552675722732e-01 0.000000000000000000e+00 8.415671121762646756e-01 4.641656391016012462e-01
9.396500029817450583e-01 8.266631876899661613e-01 5.536717616669059039e-01 6.567012006946590930e-01 6.743240002673744904e-01 6.005847066530636269e-01 4.280529936747821673e-01 5.668535012972777398e-01 6.290000926979126827e-01 6.362567119828802520e-01 2.412476944353026953e-01 7.262156537419321989e-01 6.365997238183951357e-02 6.292898662638174434e-01 6.615586470238642436e-01 3.230862009983929140e-01 2.524931176450578851e-01 4.630106846224769090e-01 6.449227110037635269e-01 6.396837481590771368e-01 5.229071393958036884e-01 3.339464609492764913e-01 7.999497799030362843e-01 7.594784226367045088e-01 2.753477871409891753e-01 2.300186539639088590e-01 2.967915881946779910e-01 9.458144613203183226e-01 7.531516017626014303e-01 6.661821097644942125e-01 5.186642272264123665e-01 8.841768767052864408e-01 8.415671121762646756e-01 0.000000000000000000e+00 5.198943239203612787e-01
6.947590311326580226e-01 5.561748456607755742e-01 7.315022456780477800e-01 5.065591317398705495e-01 4.280207387432475863e-01 2.015766435947446977e-01 8.192442936119872510e-01 4.804056332264639573e-01 5.464937286379881742e-01 3.755999244888197364e-01 7.828007730358113037e-01 7.592173000954007822e-01 4.299130908549474439e-01 7.330769487788710848e-01 4.405687966650941312e-01 4.683505956740853238e-01 6.658963634908829921e-01 4.828448715074105668e-01 3.782843041558431874e-01 8.631397496860407914e-01 5.492212636280864313e-01 3.589815708863008381e-01 4.645098375392507917e-01 6.976654476667905058e-01 6.138024380275574066e-01 3.704618951352235401e-01 2.600534336995934392e-01 1.853372991122773650e-01 4.609573716589962511e-01 7.560025850461697949e-01 2.686946207859624014e-01 1.038757272127140974e-01 4.641656391016012462e-01 5.198943239203612787e-01 0.000000000000000000e+00
