0.000000000000000000e+00 4.838790993687882569e-01 5.442351508817259154e-01 4.947402851973819460e-01 3.243003558004861620e-01 5.247376982261208189e-01 9.164411190615506797e-01 4.418478623648491865e-01 4.633309555480100705e-01 5.787063344251184294e-01 4.894310108860806530e-01 6.004751467659763531e-02 3.734544001639903410e-01 6.264730530202013981e-01 6.566908778924933632e-01 6.008052216164890824e-01 4.913343698989026120e-01 4.926641198612813910e-01 2.549425457029532716e-01 6.082114212829413669e-01 2.485478014694995630e-01 1.453866375303094483e-01 8.686292484401074709e-01 2.352090443824067512e-01 6.617402005776157337e-01 7.701025216501871107e-01 2.736325061435879169e-01 5.077090696965597116e-01 5.763147694608135030e-01 9.259384803330117375e-01 4.204432264435211675e-01 8.836033309173432215e-01 4.783698849184067625e-01 9.613412284974980349e-01 5.425703481502037739e-01
4.838790993687882569e-01 0.000000000000000000e+00 9.513743232545497364e-01 7.972328733760556396e-01 6.100277434109772079e-01 4.602284504116087027e-01 1.776114608380207072e-01 7.174471895577647640e-01 6.886213495639883497e-01 3.109529984578992545e-01 8.165683005544031037e-01 3.415494779704122963e-01 9.416682194455254784e-01 4.936970613169768263e-01 2.649326008019831091e-01 7.550682475093264401e-01 5.982795447824004187e-01 5.617047316302107296e-01 7.339730638442677479e-01 4.575638525075372831e-01 3.653791143651300422e-01 8.608548694909534671e-01 2.802711585209395340e-01 2.909542076196323102e-01 4.869859181133243120e-01 8.784456385034797865e-01 4.755783235507749507e-01 3.565678395128483169e-01 5.284564974575937102e-01 1.825431365720699972e-01 4.089795883988789349e-01 8.863528015428998597e-01 5.497437773681076445e-01 3.551557243289132915e-01 5.450541966072849354e-01
5.442351508817259154e-01 9.513743232545497364e-01 0.000000000000000000e+00 7.020134052652284851e-01 5.070477460108719914e-01 2.720943392743662148e-01 6.014295418462700660e-01 7.581099207246608795e-01 6.862201395798531722e-01 4.058740864691062766e-01 1.407492572632340622e-01 8.079820913666353466e-01 5.375898149532958303e-01 3.055269589498206262e-01 2.573904727698888562e-01 1.509380912022673105e-01 3.488116461069803442e-01 3.193597724359550361e-01 7.850937586356390163e-01 6.461549218863216204e-02 4.157083333372664224e-01 2.568146292518038720e-01 5.114299116398995926e-01 3.357843928858111338e-01 6.942708170651874511e-01 5.981415926934933180e-01 8.589157620859498854e-01 3.015577108378650895e-01 7.777450243559345111e-01 4.024578158820015794e-01 6.212129020370893429e-02 6.294846318122589990e-01 8.464490418445587139e-01 3.055969297928636808e-01 8.154114120284152722e-01
4.947402851973819460e-01 7.972328733760556396e-01 7.020134052652284851e-01 0.000000000000000000e+00 8.721255358872844754e-01 4.859351053135170240e-01 8.450041324500933149e-01 8.189252174480694535e-01 3.822661984690419734e-01 8.590095114132878518e-01 6.299560971411803934e-01 6.023478705438335412e-01 6.235436236881786165e-01 7.413121080148898923e-01 6.198672992565921191e-01 5.583690203490395687e-01 2.889400996548484590e-01 3.999609867634920657e-01 8.825606677719507465e-01 4.662719633918319673e-01 3.683554237918739149e-01 7.124024738620232666e-01 5.927871919385825361e-01 8.911719126594414009e-01 8.672209599730678065e-01 6.729960764115190397e-01 1.057203812417627509e-01 3.910699722298150993e-01 5.826542147628606116e-01 5.567286117067482554e-01 9.044874846822065217e-02 1.838113723457941440e-01 3.332124121820414508e-01 1.864702418189717048e-01 7.898310553379608301e-01
3.243003558004861620e-01 6.100277434109772079e-01 5.070477460108719914e-01 8.721255358872844754e-01 0.000000000000000000e+00 7.706894105952415419e-01 4.217736279321026571e-01 8.389320658069026049e-01 8.314372452100190491e-01 5.008706679622233482e-01 1.415498192131069422e-01 2.956649681175727018e-02 7.673283602311020690e-01 2.757899071535985236e-01 4.998081305614546777e-01 5.820165407967761162e-01 8.420228482024600947e-01 3.401388884761192832e-01 6.680152215817269923e-01 1.256580526999205860e-01 7.079722994645273326e-01 6.380410771983313634e-01 1.406120446202443475e-01 3.498083741445103811e-01 3.386669025749813322e-01 4.541141704052020778e-01 2.155083834336761761e-01 5.312421690056440271e-01 4.111661758594791216e-01 8.842065644955771075e-01 4.152642539652532383e-01 3.502458861901271980e-01 8.321285702576868282e-01 7.504625365075863197e-01 5.934368011338313487e-01
5.247376982261208189e-01 4.602284504116087027e-01 2.720943392743662148e-01 4.859351053135170240e-01 7.706894105952415419e-01 0.000000000000000000e+00 9.227966959181714834e-01 8.186596544002935349e-01 5.301318697655045264e-01 1.447725945213715892e-01 2.936189739768775286e-01 5.915897674159503739e-01 1.043256010342110685e-01 6.906439856198743898e-01 7.597738119113676136e-01 6.182895717120893142e-01 4.073814841296645173e-01 6.826906083686572480e-01 2.961295681775497624e-01 9.082472634316771654e-01 5.467928036897087285e-01 2.850411465235406228e-01 2.457472106764556352e-01 6.937562113275030917e-01 8.820772868901625152e-01 4.590160601381925720e-01 9.256119989911382184e-01 2.793244365087372838e-01 4.516721621895327665e-01 1.363090755200010440e-01 3.949647744006403727e-01 3.364977811149850173e-01 5.929300956094988306e-01 7.109767773215156517e-01 4.615189244800392832e-01
9.164411190615506797e-01 1.776114608380207072e-01 6.014295418462700660e-01 8.450041324500933149e-01 4.217736279321026571e-01 9.227966959181714834e-01 0.000000000000000000e+00 3.709389483580267100e-01 9.361250447526192620e-02 6.827449821249413908e-01 8.382512467002167789e-01 8.213906347909193384e-01 8.162299328404749588e-01 2.662065756053870746e-01 1.774591520627241126e-01 8.482493470444758543e-01 8.717985336960697440e-01 8.720930596718332595e-01 2.448642090859134424e-01 4.605597005750972639e-01 4.412858592662597390e-01 8.571995577335691507e-01 6.631745482640833966e-01 6.846004992588758942e-01 7.946986525719942351e-01 2.257667808815803090e-01 6.445382951278730843e-01 7.471996139506690282e-01 8.799226106167261641e-01 6.170972109680606943e-01 3.201166168256338596e-01 7.662788189488152213e-01 5.319296309123007216e-01 4.380850963702448420e-01 1.793537743420074992e-01
4.418478623648491865e-01 7.174471895577647640e-01 7.581099207246608795e-01 8.189252174480694535e-01 8.389320658069026049e-01 8.186596544002935349e-01 3.709389483580267100e-01 0.000000000000000000e+00 7.598972295562120838e-01 5.416842968876374176e-01 4.242813455907167297e-01 5.695545766504453988e-01 4.441585039663618062e-01 5.414156157185365803e-01 5.045074928207221587e-01 4.758795801686518945e-01 5.257725529843981782e-01 2.430868906245470251e-01 3.723448095538945957e-01 4.326459803484052902e-01 4.994215983938729009e-01 3.668451583115034942e-01 3.779416238452349419e-01 4.097461710054643436e-01 7.463264128653128715e-01 7.212371227777844007e-01 3.799318829483743776e-01 6.147505451989856429e-01 3.331547904292145867e-01 4.437446433895231301e-02 4.452832525998571822e-01 4.054814298476722145e-01 4.419369566335082378e-01 5.817930987277283306e-01 6.895907577713267234e-02
4.633309555480100705e-01 6.886213495639883497e-01 6.862201395798531722e-01 3.822661984690419734e-01 8.314372452100190491e-01 5.301318697655045264e-01 9.361250447526192620e-02 7.598972295562120838e-01 0.000000000000000000e+00 1.738089423559141533e-01 8.410636052041500221e-01 5.006081122437096020e-01 5.021511467867748602e-01 1.347311943036195725e-01 2.205595176861582241e-01 7.450719215326238043e-01 4.125773110340860139e-01 8.585155856774610017e-01 3.809090779858227416e-01 6.228380129423933820e-01 6.293261256951812044e-01 5.200841089964913788e-01 5.184194630524237013e-01 5.110518626936766395e-01 1.529975370330084461e-01 7.784569097340809929e-01 5.080891251727152058e-01 7.395259865591834458e-01 3.408852421073645944e-01 6.359536432921906179e-01 3.668704682623768476e-01 6.851491649874050793e-01 4.836757481105270484e-01 5.479342248408217708e-01 5.092056595283798170e-01
5.787063344251184294e-01 3.109529984578992545e-01 4.058740864691062766e-01 8.590095114132878518e-01 5.008706679622233482e-01 1.447725945213715892e-01 6.827449821249413908e-01 5.416842968876374176e-01 1.738089423559141533e-01 0.000000000000000000e+00 6.539108951582005558e-01 3.642466185083427788e-01 4.033099622117992666e-01 9.598767018191729505e-01 4.505973841872200625e-01 6.843048081086753331e-01 9.900563667718944583e-01 1.177269633527195936e-01 3.611314403355185831e-01 2.602994432136263026e-02 8.522902742706321977e-01 6.935729851179823768e-01 3.771828480982040155e-01 3.536204452108859808e-01 6.869183866922045079e-01 6.098026148887998321e-01 4.853981007861307151e-01 6.533698056370611518e-01 5.406592888171883882e-01 6.629090543638495037e-01 1.259522872394953641e-01 4.351325057612706049e-01 5.281404500464291774e-01 5.373140586625595461e-01 4.018616456296265627e-01
4.894310108860806530e-01 8.165683005544031037e-01 1.407492572632340622e-01 6.299560971411803934e-01 1.415498192131069422e-01 2.936189739768775286e-01 8.382512467002167789e-01 4.242813455907167297e-01 8.410636052041500221e-01 6.539108951582005558e-01 0.000000000000000000e+00 4.842375452951336867e-01 7.751481281334400286e-01 8.057013299182527177e-01 5.435417804936711894e-01 5.831502816265561329e-01 5.663365862388339833e-01 7.709469890836464501e-01 4.434208035677194015e-01 5.567678162741631631e-01 1.559371194543414108e-01 1.214769555875514495e-01 8.225874711186056398e-01 3.683108696720837072e-01 8.383580484739483474e-02 5.389645339900364096e-01 4.537216631743631323e-01 3.546595492088039370e-01 4.522450393154947013e-01 8.522254876488398745e-01 5.122080630634784360e-01 6.735116963335523455e-01 2.672078561088480075e-01 5.433861179363963512e-01 5.559736632463274653e-01
6.004751467659763531e-02 3.415494779704122963e-01 8.079820913666353466e-01 6.023478705438335412e-01 2.956649681175727018e-02 5.915897674159503739e-01 8.213906347909193384e-01 5.695545766504453988e-01 5.006081122437096020e-01 3.642466185083427788e-01 4.842375452951336867e-01 0.000000000000000000e+00 7.653792810489959964e-01 3.222374115673710127e-01 5.241296178541643425e-01 4.527618949340641574e-01 1.894425381257669461e-01 3.994142606617951952e-01 5.657739847860676630e-01 6.138509507504510410e-01 4.060556653583689002e-01 2.502959862622750054e-01 4.553061483420804412e-01 4.520716198005367281e-01 5.089597310549968112e-01 2.425650956227180244e-01 5.584244286447741512e-01 8.002472734565242440e-01 7.828852240566142040e-01 1.892667174894019366e-01 3.553150491406082412e-01 5.960192646625944723e-01 7.619970451938870015e-01 6.658691011142818805e-01 1.998292702371095020e-01
3.734544001639903410e-01 9.416682194455254784e-01 5.375898149532958303e-01 6.235436236881786165e-01 7.673283602311020690e-01 1.043256010342110685e-01 8.162299328404749588e-01 4.441585039663618062e-01 5.021511467867748602e-01 4.033099622117992666e-01 7.751481281334400286e-01 7.653792810489959964e-01 0.000000000000000000e+00 3.291481292231776545e-01 5.702933636341416257e-01 8.292456685193763111e-01 6.367727156548184109e-01 7.042626710862771588e-01 4.695998118467918925e-01 4.657530831424985251e-01 3.278851387414261631e-01 6.510628087604000136e-01 4.128667251424700813e-01 6.085847595365904139e-01 3.644577774833290817e-01 5.681782781847453112e-01 8.327158237710763355e-02 6.122182371906331744e-01 9.860954412100209066e-01 5.075300128784745457e-01 7.247232421308428263e-01 4.775332230839320347e-01 8.457008998288094714e-01 4.165305534430135403e-01 3.667919660070567689e-01
6.264730530202013981e-01 4.936970613169768263e-01 3.055269589498206262e-01 7.413121080148898923e-01 2.757899071535985236e-01 6.906439856198743898e-01 2.662065756053870746e-01 5.414156157185365803e-01 1.347311943036195725e-01 9.598767018191729505e-01 8.057013299182527177e-01 3.222374115673710127e-01 3.291481292231776545e-01 0.000000000000000000e+00 3.223104919064542218e-01 4.369926309731743119e-01 7.483580515902152897e-01 5.299191026939933380e-01 7.520737144630178506e-01 6.714079748089583077e-01 7.948310866297221278e-01 6.326456017846932012e-01 6.626108750488419741e-01 4.464317832441444533e-01 1.562135046371181391e-01 5.979304347847502754e-01 5.583883362550994267e-01 3.975145462940902208e-01 6.216046945456660255e-01 8.174685475740204321e-01 7.198433041377483299e-01 8.913170266374608186e-01 7.692835222019626107e-01 5.463821889502573637e-01 2.720114886517047692e-01
6.566908778924933632e-01 2.649326008019831091e-01 2.573904727698888562e-01 6.198672992565921191e-01 4.998081305614546777e-01 7.597738119113676136e-01 1.774591520627241126e-01 5.045074928207221587e-01 2.205595176861582241e-01 4.505973841872200625e-01 5.435417804936711894e-01 5.241296178541643425e-01 5.702933636341416257e-01 3.223104919064542218e-01 0.000000000000000000e+00 7.924857595903727070e-01 3.418636297031290017e-01 9.606720935354180479e-01 2.327033245200701428e-01 4.461664250054113157e-01 2.249248757803784526e-01 2.587261355205261459e-01 5.202336372092335459e-01 4.837489068665160041e-01 8.255311962169695761e-01 9.003667740833876110e-01 7.576026823920328779e-01 5.133774283417018580e-01 4.280769030044632717e-01 4.871394719417833086e-01 3.172910167901381584e-01 8.042707799185198070e-01 7.151706045719696814e-01 6.466013407995592210e-01 5.386893985082539249e-01
6.008052216164890824e-01 7.550682475093264401e-01 1.509380912022673105e-01 5.583690203490395687e-01 5.820165407967761162e-01 6.182895717120893142e-01 8.482493470444758543e-01 4.758795801686518945e-01 7.450719215326238043e-01 6.843048081086753331e-01 5.831502816265561329e-01 4.527618949340641574e-01 8.292456685193763111e-01 4.369926309731743119e-01 7.924857595903727070e-01 0.000000000000000000e+00 8.717171223099582367e-01 8.088152803627652876e-01 2.903817449400294404e-01 8.651293555881927055e-01 8.776393168840368464e-02 2.732672484497391530e-01 5.690468984363137306e-01 5.803692436827192491e-01 5.198489073536476379e-01 3.177112506157109273e-01 5.056202930462427858e-01 4.879395057197050689e-01 6.065479120901002830e-01 2.241303801742136059e-01 4.922104626671249261e-01 6.309382575888549116e-01 1.296098439491931709e-01 5.798787063921377882e-01 5.896092120223173083e-01
4.913343698989026120e-01 5.982795447824004187e-01 3.488116461069803442e-01 2.889400996548484590e-01 8.420228482024600947e-01 4.073814841296645173e-01 8.717985336960697440e-01 5.257725529843981782e-01 4.125773110340860139e-01 9.900563667718944583e-01 5.663365862388339833e-01 1.894425381257669461e-01 6.367727156548184109e-01 7.483580515902152897e-01 3.418636297031290017e-01 8.717171223099582367e-01 0.000000000000000000e+00 2.420783932778376446e-01 4.283037482741781088e-01 3.204456819324191796e-01 8.735016608411834138e-01 4.842095384622651100e-01 4.825778761649210935e-01 3.886938811722978060e-01 4.395521719602538679e-01 8.390458199005532691e-01 5.645624278537755281e-01 3.815858958796227718e-01 2.591223520627559118e-01 7.267279364853242996e-01 4.801025664069857868e-02 7.362887563975601957e-01 4.728751699677145037e-01 3.905463442490519910e-01 3.285796454523248755e-01
4.926641198612813910e-01 5.617047316302107296e-01 3.193597724359550361e-01 3.999609867634920657e-01 3.401388884761192832e-01 6.826906083686572480e-01 8.720930596718332595e-01 2.430868906245470251e-01 8.585155856774610017e-01 1.177269633527195936e-01 7.709469890836464501e-01 3.994142606617951952e-01 7.042626710862771588e-01 5.299191026939933380e-01 9.606720935354180479e-01 8.088152803627652876e-01 2.420783932778376446e-01 0.000000000000000000e+00 8.922962073259030902e-01 4.894929964492032437e-01 4.753726528279269004e-01 3.381236284504316458e-01 7.791825179621238995e-01 3.617563983380119308e-01 1.963107727707065209e-01 8.139704909011425960e-01 3.539805300278616729e-01 1.872612286545484173e-01 4.592478370992867376e-01 8.515318824924694718e-01 5.188819610816833849e-01 7.595040020384102863e-02 5.785658523824150912e-01 8.403295557599332888e-01 2.222378135810634814e-01
2.549425457029532716e-01 7.339730638442677479e-01 7.850937586356390163e-01 8.825606677719507465e-01 6.680152215817269923e-01 2.961295681775497624e-01 2.448642090859134424e-01 3.723448095538945957e-01 3.809090779858227416e-01 3.611314403355185831e-01 4.434208035677194015e-01 5.657739847860676630e-01 4.695998118467918925e-01 7.520737144630178506e-01 2.327033245200701428e-01 2.903817449400294404e-01 4.283037482741781088e-01 8.922962073259030902e-01 0.000000000000000000e+00 2.658669591372939123e-01 7.140929269157978432e-01 4.747107761408538851e-01 1.175421093262812855e-01 3.638759925139246620e-01 5.880806447032418394e-01 7.415589906939044074e-01 3.801213920504093458e-01 5.837957516438575523e-01 5.900380290545723661e-01 3.607105725358930037e-01 7.520820596759985044e-01 7.321323332136020490e-01 6.344425690200132806e-01 8.154221187628534206e-01 1.694855963953385558e-01
6.082114212829413669e-01 4.575638525075372831e-01 6.461549218863216204e-02 4.662719633918319673e-01 1.256580526999205860e-01 9.082472634316771654e-01 4.605597005750972639e-01 4.326459803484052902e-01 6.228380129423933820e-01 2.602994432136263026e-02 5.567678162741631631e-01 6.138509507504510410e-01 4.657530831424985251e-01 6.714079748089583077e-01 4.461664250054113157e-01 8.651293555881927055e-01 3.204456819324191796e-01 4.894929964492032437e-01 2.658669591372939123e-01 0.000000000000000000e+00 4.197956461073816259e-01 5.431083068978798112e-01 5.669234057254025627e-01 2.910325134388994650e-01 3.981552297162944676e-01 9.098867781853274828e-01 8.845877733675049370e-01 4.653266803444984223e-01 8.889739641220627542e-01 8.551315715092120406e-01 5.610244785556295355e-01 5.281808707580915030e-01 4.603485352697075372e-01 3.927069345030453906e-02 3.918330388591733104e-01
2.485478014694995630e-01 3.653791143651300422e-01 4.157083333372664224e-01 3.683554237918739149e-01 7.079722994645273326e-01 5.467928036897087285e-01 4.412858592662597390e-01 4.994215983938729009e-01 6.293261256951812044e-01 8.522902742706321977e-01 1.559371194543414108e-01 4.060556653583689002e-01 3.278851387414261631e-01 7.948310866297221278e-01 2.249248757803784526e-01 8.776393168840368464e-02 8.735016608411834138e-01 4.753726528279269004e-01 7.140929269157978432e-01 4.197956461073816259e-01 0.000000000000000000e+00 6.530610001920778007e-01 4.407416136323344391e-01 1.759950363318967259e-01 6.624797319888214853e-01 5.171236470472386770e-01 3.161279367178282951e-01 1.884316947166344569e-01 7.724184485382642462e-01 4.557519396054920957e-01 9.229198858840190756e-01 4.790896443786644143e-01 3.116237428309412971e-01 7.150717219747404485e-01 1.863590850265783860e-01
1.453866375303094483e-01 8.608548694909534671e-01 2.568146292518038720e-01 7.124024738620232666e-01 6.380410771983313634e-01 2.850411465235406228e-01 8.571995577335691507e-01 3.668451583115034942e-01 5.200841089964913788e-01 6.935729851179823768e-01 1.214769555875514495e-01 2.502959862622750054e-01 6.510628087604000136e-01 6.326456017846932012e-01 2.587261355205261459e-01 2.732672484497391530e-01 4.842095384622651100e-01 3.381236284504316458e-01 4.747107761408538851e-01 5.431083068978798112e-01 6.530610001920778007e-01 0.000000000000000000e+00 6.381539559935260897e-01 7.502980638127263457e-01 1.862160300053035122e-01 2.190678671329878702e-01 6.648781902145781686e-01 8.760998248845317526e-01 5.757074108822508585e-01 7.054549711625979214e-01 7.121610755555013439e-01 3.982332337621418694e-01 2.200312728566155007e-01 2.684829251875078260e-01 5.946639771621701209e-01
8.686292484401074709e-01 2.802711585209395340e-01 5.114299116398995926e-01 5.927871919385825361e-01 1.406120446202443475e-01 2.457472106764556352e-01 6.631745482640833966e-01 3.779416238452349419e-01 5.184194630524237013e-01 3.771828480982040155e-01 8.225874711186056398e-01 4.553061483420804412e-01 4.128667251424700813e-01 6.626108750488419741e-01 5.202336372092335459e-01 5.690468984363137306e-01 4.825778761649210935e-01 7.791825179621238995e-01 1.175421093262812855e-01 5.669234057254025627e-01 4.407416136323344391e-01 6.381539559935260897e-01 0.000000000000000000e+00 3.079041437793292868e-01 4.510835005087563410e-01 8.260005085434442007e-01 8.020419217079137741e-01 8.276381418810691004e-01 9.792022635334924896e-01 4.781226211321496500e-01 1.867834509044130620e-01 1.739797690267282926e-01 5.278553332067625892e-01 4.549307570423534730e-01 7.481528317845376197e-02
2.352090443824067512e-01 2.909542076196323102e-01 3.357843928858111338e-01 8.911719126594414009e-01 3.498083741445103811e-01 6.937562113275030917e-01 6.846004992588758942e-01 4.097461710054643436e-01 5.110518626936766395e-01 3.536204452108859808e-01 3.683108696720837072e-01 4.520716198005367281e-01 6.085847595365904139e-01 4.464317832441444533e-01 4.837489068665160041e-01 5.803692436827192491e-01 3.886938811722978060e-01 3.617563983380119308e-01 3.638759925139246620e-01 2.910325134388994650e-01 1.759950363318967259e-01 7.502980638127263457e-01 3.079041437793292868e-01 0.000000000000000000e+00 4.641220923295554801e-01 7.897288939869644420e-01 6.030552485279744301e-01 7.438326150514992241e-01 7.049891274595199153e-01 3.651286853843375146e-01 6.990856525378057462e-01 2.615044281084504263e-01 6.699259658049905308e-01 5.861995091102787381e-01 2.721743782783781485e-01
6.617402005776157337e-01 4.869859181133243120e-01 6.942708170651874511e-01 8.672209599730678065e-01 3.386669025749813322e-01 8.820772868901625152e-01 7.946986525719942351e-01 7.463264128653128715e-01 1.529975370330084461e-01 6.869183866922045079e-01 8.383580484739483474e-02 5.089597310549968112e-01 3.644577774833290817e-01 1.562135046371181391e-01 8.255311962169695761e-01 5.198489073536476379e-01 4.395521719602538679e-01 1.963107727707065209e-01 5.880806447032418394e-01 3.981552297162944676e-01 6.624797319888214853e-01 1.862160300053035122e-01 4.510835005087563410e-01 4.641220923295554801e-01 0.000000000000000000e+00 7.711633854752099060e-01 6.927367117641075600e-01 9.188585699910003513e-01 6.282920000401286398e-01 8.357715628606094960e-01 8.521477317108382410e-01 6.883598278358327160e-02 3.607429627031188968e-01 2.871941119901885164e-01 5.764361257634198488e-01
7.701025216501871107e-01 8.784456385034797865e-01 5.981415926934933180e-01 6.729960764115190397e-01 4.541141704052020778e-01 4.590160601381925720e-01 2.257667808815803090e-01 7.212371227777844007e-01 7.784569097340809929e-01 6.098026148887998321e-01 5.389645339900364096e-01 2.425650956227180244e-01 5.681782781847453112e-01 5.979304347847502754e-01 9.003667740833876110e-01 3.177112506157109273e-01 8.390458199005532691e-01 8.139704909011425960e-01 7.415589906939044074e-01 9.098867781853274828e-01 5.171236470472386770e-01 2.190678671329878702e-01 8.260005085434442007e-01 7.897288939869644420e-01 7.711633854752099060e-01 0.000000000000000000e+00 4.025034061670614838e-01 4.208919352504849609e-01 8.515444991421494692e-01 5.746310856537809597e-01 4.944404932613380432e-01 5.349476835295344790e-01 9.539996770184211439e-01 6.261721300291405168e-01 8.882611605857033688e-01
2.736325061435879169e-01 4.755783235507749507e-01 8.589157620859498854e-01 1.057203812417627509e-01 2.155083834336761761e-01 9.256119989911382184e-01 6.445382951278730843e-01 3.799318829483743776e-01 5.080891251727152058e-01 4.853981007861307151e-01 4.537216631743631323e-01 5.584244286447741512e-01 8.327158237710763355e-02 5.583883362550994267e-01 7.576026823920328779e-01 5.056202930462427858e-01 5.645624278537755281e-01 3.539805300278616729e-01 3.801213920504093458e-01 8.845877733675049370e-01 3.161279367178282951e-01 6.648781902145781686e-01 8.020419217079137741e-01 6.030552485279744301e-01 6.927367117641075600e-01 4.025034061670614838e-01 0.000000000000000000e+00 6.569302816985104210e-01 7.801239765675035409e-01 5.166947691071437365e-01 4.238960918489689256e-01 1.487255244530247822e-01 3.647996655469752381e-01 1.789943967307507933e-01 7.529835400092834696e-01
5.077090696965597116e-01 3.565678395128483169e-01 3.015577108378650895e-01 3.910699722298150993e-01 5.312421690056440271e-01 2.793244365087372838e-01 7.471996139506690282e-01 6.147505451989856429e-01 7.395259865591834458e-01 6.533698056370611518e-01 3.546595492088039370e-01 8.002472734565242440e-01 6.122182371906331744e-01 3.975145462940902208e-01 5.133774283417018580e-01 4.879395057197050689e-01 3.815858958796227718e-01 1.872612286545484173e-01 5.837957516438575523e-01 4.653266803444984223e-01 1.884316947166344569e-01 8.760998248845317526e-01 8.276381418810691004e-01 7.438326150514992241e-01 9.188585699910003513e-01 4.208919352504849609e-01 6.569302816985104210e-01 0.000000000000000000e+00 6.356636986221702035e-01 6.375535085712806804e-01 7.605209974637465731e-01 6.611616520331520253e-02 8.146128200051437895e-01 7.019418230674900894e-01 2.238290800637500189e-01
5.763147694608135030e-01 5.284564974575937102e-01 7.777450243559345111e-01 5.826542147628606116e-01 4.111661758594791216e-01 4.516721621895327665e-01 8.799226106167261641e-01 3.331547904292145867e-01 3.408852421073645944e-01 5.406592888171883882e-01 4.522450393154947013e-01 7.828852240566142040e-01 9.860954412100209066e-01 6.216046945456660255e-01 4.280769030044632717e-01 6.065479120901002830e-01 2.591223520627559118e-01 4.592478370992867376e-01 5.900380290545723661e-01 8.889739641220627542e-01 7.724184485382642462e-01 5.757074108822508585e-01 9.792022635334924896e-01 7.049891274595199153e-01 6.282920000401286398e-01 8.515444991421494692e-01 7.801239765675035409e-01 6.356636986221702035e-01 0.000000000000000000e+00 3.019847353816512703e-01 8.748740304232780485e-01 1.973272674455236464e-01 4.323141543772339168e-01 4.081959889546689646e-01 1.604598372022771335e-01
9.259384803330117375e-01 1.825431365720699972e-01 4.024578158820015794e-01 5.567286117067482554e-01 8.842065644955771075e-01 1.363090755200010440e-01 6.170972109680606943e-01 4.437446433895231301e-02 6.359536432921906179e-01 6.629090543638495037e-01 8.522254876488398745e-01 1.892667174894019366e-01 5.075300128784745457e-01 8.174685475740204321e-01 4.871394719417833086e-01 2.241303801742136059e-01 7.267279364853242996e-01 8.515318824924694718e-01 3.607105725358930037e-01 8.551315715092120406e-01 4.557519396054920957e-01 7.054549711625979214e-01 4.781226211321496500e-01 3.651286853843375146e-01 8.357715628606094960e-01 5.746310856537809597e-01 5.166947691071437365e-01 6.375535085712806804e-01 3.019847353816512703e-01 0.000000000000000000e+00 8.869401735648969609e-01 6.860330321197221082e-01 6.288859352427393912e-01 1.341848111325033566e-01 5.806046756577283308e-01
4.204432264435211675e-01 4.089795883988789349e-01 6.212129020370893429e-02 9.044874846822065217e-02 4.152642539652532383e-01 3.949647744006403727e-01 3.201166168256338596e-01 4.452832525998571822e-01 3.668704682623768476e-01 1.259522872394953641e-01 5.122080630634784360e-01 3.553150491406082412e-01 7.247232421308428263e-01 7.198433041377483299e-01 3.172910167901381584e-01 4.922104626671249261e-01 4.801025664069857868e-02 5.188819610816833849e-01 7.520820596759985044e-01 5.610244785556295355e-01 9.229198858840190756e-01 7.121610755555013439e-01 1.867834509044130620e-01 6.990856525378057462e-01 8.521477317108382410e-01 4.944404932613380432e-01 4.238960918489689256e-01 7.605209974637465731e-01 8.748740304232780485e-01 8.869401735648969609e-01 0.000000000000000000e+00 2.727566788921869101e-01 7.347164010818524327e-01 2.887153345410745642e-01 4.368853077529881723e-01
8.836033309173432215e-01 8.863528015428998597e-01 6.294846318122589990e-01 1.838113723457941440e-01 3.502458861901271980e-01 3.364977811149850173e-01 7.662788189488152213e-01 4.054814298476722145e-01 6.851491649874050793e-01 4.351325057612706049e-01 6.735116963335523455e-01 5.960192646625944723e-01 4.775332230839320347e-01 8.913170266374608186e-01 8.042707799185198070e-01 6.309382575888549116e-01 7.362887563975601957e-01 7.595040020384102863e-02 7.321323332136020490e-01 5.281808707580915030e-01 4.790896443786644143e-01 3.982332337621418694e-01 1.739797690267282926e-01 2.615044281084504263e-01 6.883598278358327160e-02 5.349476835295344790e-01 1.487255244530247822e-01 6.611616520331520253e-02 1.973272674455236464e-01 6.860330321197221082e-01 2.727566788921869101e-01 0.000000000000000000e+00 2.777210749042068882e-01 6.076233239792088181e-01 5.943772097837430879e-01
4.783698849184067625e-01 5.497437773681076445e-01 8.464490418445587139e-01 3.332124121820414508e-01 8.321285702576868282e-01 5.929300956094988306e-01 5.319296309123007216e-01 4.419369566335082378e-01 4.836757481105270484e-01 5.281404500464291774e-01 2.672078561088480075e-01 7.619970451938870015e-01 8.457008998288094714e-01 7.692835222019626107e-01 7.151706045719696814e-01 1.296098439491931709e-01 4.728751699677145037e-01 5.785658523824150912e-01 6.344425690200132806e-01 4.603485352697075372e-01 3.116237428309412971e-01 2.200312728566155007e-01 5.278553332067625892e-01 6.699259658049905308e-01 3.607429627031188968e-01 9.539996770184211439e-01 3.647996655469752381e-01 8.146128200051437895e-01 4.323141543772339168e-01 6.288859352427393912e-01 7.347164010818524327e-01 2.777210749042068882e-01 0.000000000000000000e+00 4.979988349635943168e-01 7.226145239546063470e-01
9.613412284974980349e-01 3.551557243289132915e-01 3.055969297928636808e-01 1.864702418189717048e-01 7.504625365075863197e-01 7.109767773215156517e-01 4.380850963702448420e-01 5.817930987277283306e-01 5.479342248408217708e-01 5.373140586625595461e-01 5.433861179363963512e-01 6.658691011142818805e-01 4.165305534430135403e-01 5.463821889502573637e-01 6.466013407995592210e-01 5.798787063921377882e-01 3.905463442490519910e-01 8.403295557599332888e-01 8.154221187628534206e-01 3.927069345030453906e-02 7.150717219747404485e-01 2.684829251875078260e-01 4.549307570423534730e-01 5.861995091102787381e-01 2.871941119901885164e-01 6.261721300291405168e-01 1.789943967307507933e-01 7.019418230674900894e-01 4.081959889546689646e-01 1.341848111325033566e-01 2.887153345410745642e-01 6.076233239792088181e-01 4.979988349635943168e-01 0.000000000000000000e+00 3.619640760895552756e-01
5.425703481502037739e-01 5.450541966072849354e-01 8.154114120284152722e-01 7.898310553379608301e-01 5.934368011338313487e-01 4.615189244800392832e-01 1.793537743420074992e-01 6.895907577713267234e-02 5.092056595283798170e-01 4.018616456296265627e-01 5.559736632463274653e-01 1.998292702371095020e-01 3.667919660070567689e-01 2.720114886517047692e-01 5.386893985082539249e-01 5.896092120223173083e-01 3.285796454523248755e-01 2.222378135810634814e-01 1.694855963953385558e-01 3.918330388591733104e-01 1.863590850265783860e-01 5.946639771621701209e-01 7.481528317845376197e-02 2.721743782783781485e-01 5.764361257634198488e-01 8.882611605857033688e-01 7.529835400092834696e-01 2.238290800637500189e-01 1.604598372022771335e-01 5.806046756577283308e-01 4.368853077529881723e-01 5.943772097837430879e-01 7.226145239546063470e-01 3.619640760895552756e-01 0.000000000000000000e+00
