0.000000000000000000e+00 9.253950651253680659e-01 9.272099092840758727e-01 3.297103513224682314e-01 5.026949802757256780e-01 7.476818830248723735e-01 1.981967388906726857e-01 4.650747092977541852e-01 4.041893421680684551e-01 3.431914808473751632e-01 7.806378518894983021e-01 6.643862542925091930e-01 7.036209291027986090e-01 6.007184221288924819e-01 3.408792069912974787e-01 6.805906242102915948e-01 1.793878936305454141e-01 6.433409728146856077e-01 3.155102116973708126e-01 4.454044549951668985e-01 7.868071337110524865e-01 6.737234408096969274e-01 9.329078401008727983e-01 5.882639305601802260e-01 7.145436551915769208e-01 3.406288763265721276e-01 5.024565556432541991e-01 7.027707017396966904e-01 6.770807452355167566e-01 2.234702603226018658e-01 7.075999083072170848e-01 7.408181484122345895e-01 3.864957508030714139e-01 5.049852459075474531e-01 6.631762092242687867e-01
9.253950651253680659e-01 0.000000000000000000e+00 8.827183804598788264e-01 9.432867620442653145e-02 1.123363926099307797e-01 5.117809929484531395e-01 3.105684281114754475e-01 2.893296020053375828e-01 4.803892843247383193e-01 2.222610172352151858e-01 4.244317342980678531e-01 3.880515229132016630e-01 7.295918679325508194e-01 5.078672768166854201e-01 5.330406261566729142e-01 5.181113747199781461e-01 4.879760559103528683e-01 2.136278603265191478e-01 2.513471640647806371e-01 9.260563269997876823e-01 3.371688604011763291e-01 7.673897139933409939e-01 8.399067728266029764e-01 4.431104564282405955e-01 6.462873467407310724e-01 4.078167387054839055e-01 8.137720296615174043e-01 6.002060161249760384e-01 8.378943500542107570e-01 3.485806508041207064e-01 4.193454255676571929e-01 6.741429950779500579e-01 4.292121275710346073e-01 4.712311473168883658e-01 4.609827466086320880e-01
9.272099092840758727e-01 8.827183804598788264e-01 0.000000000000000000e+00 4.953159968535928437e-01 7.430314645928848272e-02 5.391140819083596325e-01 7.448080116614625990e-01 6.737814625804868784e-01 4.577440587225455881e-01 8.836491587235997258e-01 5.232277789242119059e-01 6.510876763380135657e-02 5.396104900691061079e-01 6.621306481962200285e-01 8.971915047978480384e-01 6.831354978991888149e-01 6.903018082227920793e-01 3.290241226659192941e-01 6.270519896409127991e-01 2.425276801820893113e-01 5.981763264446396944e-01 6.277607041040829117e-01 7.849893535396947897e-01 6.586197644822689989e-01 7.192385111928338848e-01 7.689205782307846349e-01 5.659310371166601517e-01 4.963022290879764986e-01 6.818974582784067540e-01 6.289684751144570818e-01 1.662428555484790071e-01 7.021455988937144177e-01 8.398208846019896701e-01 5.507546660875015654e-01 8.038566868726597647e-01
3.297103513224682314e-01 9.432867620442653145e-02 4.953159968535928437e-01 0.000000000000000000e+00 8.116816637295010128e-01 8.723013935665941965e-01 5.570508959460044318e-01 4.744519409055460990e-01 3.744287984883450382e-01 6.245233552687687872e-01 4.158817107462112195e-01 5.524308813021342468e-01 8.947295420796715915e-01 6.287281304296520323e-01 1.709268591531906134e-01 1.380992287518948425e-01 5.855417917105879555e-01 3.981870577096524033e-01 4.945383981101504900e-01 6.799455923499382326e-01 6.133454918747479612e-01 4.424424885002168351e-01 2.130753573547000679e-01 6.561268776817890114e-01 8.040939998138536549e-01 7.747141836654785063e-01 7.106664111006906204e-01 8.622192228597518326e-01 3.177548862844417066e-01 8.191162302762620140e-01 3.542418373339265569e-01 4.472083217140449540e-01 8.813299694159291153e-01 6.753413395419662901e-01 4.626875823748274885e-01
5.026949802757256780e-01 1.123363926099307797e-01 7.430314645928848272e-02 8.116816637295010128e-01 0.000000000000000000e+00 6.217422416031803678e-01 4.232578528285957375e-02 5.181080725527407171e-01 7.490598388154430243e-01 8.598797111910924107e-01 2.912988313758976266e-01 2.138195191363093661e-01 7.885877712366777814e-01 3.338054970109866071e-01 5.178315046567276703e-01 3.512315099818700270e-01 8.610909541491222896e-01 7.600357354646847252e-01 3.920642560103178020e-01 7.894115247550309578e-01 8.034779412996800874e-01 6.908547808878149343e-01 8.457554564332996350e-01 8.467684747556167846e-01 5.046385193139909520e-01 7.143889452569975873e-01 1.144389947627921789e-01 7.225135869412532275e-01 6.515276435272421285e-01 4.307192869719405626e-01 5.857369132012690827e-01 5.646214002192233572e-01 8.485080463606518020e-01 7.565817343741434442e-01 5.800663428455996584e-01
7.476818830248723735e-01 5.117809929484531395e-01 5.391140819083596325e-01 8.723013935665941965e-01 6.217422416031803678e-01 0.000000000000000000e+00 5.446079625960764670e-01 8.160646346871376355e-01 5.243386613120226691e-01 8.472040263692203199e-01 8.385647441446935080e-01 8.067432917474840481e-01 9.675078954055726932e-01 8.828600378436566309e-01 6.574883798285485748e-01 4.905479078171151586e-01 8.653652422977242686e-01 4.853805580325544766e-01 7.078928022740990089e-01 7.319897422304892931e-01 5.383081839614263231e-01 3.123417516797567517e-01 5.570108122952873719e-01 4.056323047465190124e-01 8.694333495504460441e-01 8.848486364687845329e-01 8.791424997119825502e-01 3.955107688481995787e-01 4.725459587492761848e-01 4.336873738007416268e-01 5.022493793742086599e-01 8.413604424709835161e-01 4.270732008406776803e-01 6.582878036260844112e-01 5.929470968531633801e-01
1.981967388906726857e-01 3.105684281114754475e-01 7.448080116614625990e-01 5.570508959460044318e-01 4.232578528285957375e-02 5.446079625960764670e-01 0.000000000000000000e+00 3.946795762471903557e-01 1.333050203101314723e-01 6.226490314713510887e-01 1.264681521979970080e-01 5.725093566554213531e-01 7.773699789289991724e-01 2.062219745325415410e-01 4.208736590937210975e-01 1.283083919803428286e-01 5.528161559984667850e-01 5.781907837382405102e-01 3.400459982833760053e-01 2.881886943464332385e-01 6.912587163135563983e-02 5.650376858937669056e-01 2.852758235610813875e-01 1.909149721044700598e-01 8.994459602965672040e-01 3.136365929817828690e-01 4.885134106942795040e-01 7.908510803337880368e-01 5.148181419501312028e-01 5.667519931108743192e-01 4.734969356229135062e-01 4.984144406708699848e-01 7.638706345013688281e-01 8.319084104564673510e-01 1.203563851072141366e-01
4.650747092977541852e-01 2.893296020053375828e-01 6.737814625804868784e-01 4.744519409055460990e-01 5.181080725527407171e-01 8.160646346871376355e-01 3.946795762471903557e-01 0.000000000000000000e+00 4.098547021730541973e-01 5.660357830731759243e-01 8.973976987816465467e-01 6.718535753916221598e-02 4.466128328164030159e-01 4.438781259328656859e-01 6.807168892688374440e-01 5.996200000364320104e-01 6.678706837367904825e-01 4.271457445225921301e-01 7.326594886052777422e-01 3.880446299185181802e-01 5.436085583774326047e-01 5.211921045775490535e-01 4.179929741760281536e-01 7.420070747013964851e-01 4.541957916328428491e-01 4.273251553138295855e-01 7.378981097155730140e-01 6.629172714734128391e-01 6.762452251696067229e-01 4.442637914794050902e-01 4.299850654883918266e-01 8.714037508539878019e-01 5.510314144894337129e-01 5.420311080183315422e-01 4.587896228216860051e-01
4.041893421680684551e-01 4.803892843247383193e-01 4.577440587225455881e-01 3.744287984883450382e-01 7.490598388154430243e-01 5.243386613120226691e-01 1.333050203101314723e-01 4.098547021730541973e-01 0.000000000000000000e+00 4.867594355527490313e-01 3.117107386636350785e-01 3.510124489399855108e-01 5.970170417808401409e-01 4.051856823412677278e-01 5.470734430965863426e-01 3.410881619501111572e-01 7.330212842076697655e-01 4.993944333301069682e-01 5.976124632326305086e-01 2.534518948710400288e-01 8.713631170088603772e-01 6.567329204530930609e-01 5.022287087805797912e-01 6.356065895232294594e-01 1.876924300814041269e-01 2.756206455939277378e-01 9.028661382270745106e-01 8.003467315150680772e-01 4.932975461103830672e-01 4.572646085392718662e-01 8.264961033730797713e-01 3.332508265998511687e-01 6.627696800054143633e-01 5.394288032146670187e-01 7.685610216273168760e-01
3.431914808473751632e-01 2.222610172352151858e-01 8.836491587235997258e-01 6.245233552687687872e-01 8.598797111910924107e-01 8.472040263692203199e-01 6.226490314713510887e-01 5.660357830731759243e-01 4.867594355527490313e-01 0.000000000000000000e+00 8.288393748726913257e-01 4.972054156508768363e-01 5.724981230755810113e-01 6.700198719423315907e-01 1.797225284869315987e-01 8.125267877408466344e-01 8.701407001691212617e-01 8.263261438157235572e-01 7.527185299200467306e-02 7.170087743287727466e-01 5.899190516735091094e-01 8.248343161799671641e-01 6.395648716587413185e-01 5.224109376215404499e-01 5.563858307321041252e-01 3.891858618515995349e-01 3.985816410875571147e-01 9.381673272284147824e-01 8.753598098090317192e-01 4.456727745882909097e-01 2.719308884715854191e-01 5.166517966857029354e-01 8.483460323411202708e-01 4.396451235348406428e-01 5.859752264035995584e-01
7.806378518894983021e-01 4.244317342980678531e-01 5.232277789242119059e-01 4.158817107462112195e-01 2.912988313758976266e-01 8.385647441446935080e-01 1.264681521979970080e-01 8.973976987816465467e-01 3.117107386636350785e-01 8.288393748726913257e-01 0.000000000000000000e+00 4.745749782816425788e-01 8.576993739048527354e-01 4.434670042636673082e-01 4.152844777276553656e-01 6.247956511324281870e-01 8.096857729390801728e-01 8.924857671207806487e-01 7.274948834219469029e-01 4.883170399402716466e-01 3.245458623436977552e-01 7.990326278471262533e-01 5.908793112695494010e-01 7.961008656353801838e-01 1.682237054658083375e-01 4.330456931097727002e-01 3.380428715426874176e-01 4.886843371720633877e-01 3.896665619971604877e-01 5.910682308657867479e-01 7.462324892141778410e-01 5.091620769192204410e-01 2.574952673262409508e-02 9.665815210201534891e-01 8.061390506360446295e-01
6.643862542925091930e-01 3.880515229132016630e-01 6.510876763380135657e-02 5.524308813021342468e-01 2.138195191363093661e-01 8.067432917474840481e-01 5.725093566554213531e-01 6.718535753916221598e-02 3.510124489399855108e-01 4.972054156508768363e-01 4.745749782816425788e-01 0.000000000000000000e+00 4.214248334116927897e-01 5.889570536442867432e-01 1.206640461116962326e-01 2.994730813215373821e-01 2.856773495322207368e-01 7.037151633181408794e-01 5.194161800132940376e-01 7.146476411311398769e-01 6.982476543147428938e-01 5.005299085386279989e-01 7.944970744393935469e-01 4.779847583365484098e-01 7.778695394734918001e-01 6.413612513959765504e-02 3.959156817918094151e-01 1.743980594104779236e-01 9.647920469041233460e-01 3.623825951302744874e-01 4.687453519716098249e-01 9.016282046085899449e-02 8.542834647343375831e-01 2.343499564960166426e-01 7.818773530717104681e-01
7.036209291027986090e-01 7.295918679325508194e-01 5.396104900691061079e-01 8.947295420796715915e-01 7.885877712366777814e-01 9.675078954055726932e-01 7.773699789289991724e-01 4.466128328164030159e-01 5.970170417808401409e-01 5.724981230755810113e-01 8.576993739048527354e-01 4.214248334116927897e-01 0.000000000000000000e+00 5.254911141488542992e-01 8.214675014938574993e-01 1.067502077188882126e-01 6.757066106769403779e-01 1.332943991427508745e-01 8.340735251418017748e-01 8.431485607007216387e-01 6.138002989051141167e-01 4.050662199674498476e-01 4.621048589057309419e-01 3.278791075515691267e-01 8.223810881451829591e-01 2.513904372180322255e-01 8.713782909550116251e-01 9.223339615150232262e-01 5.595072271303602740e-01 8.460411308585842338e-01 9.458991503723963579e-01 5.955390097876852584e-01 9.008649544062634629e-01 8.753939773895328402e-01 4.843864781443935064e-01
6.007184221288924819e-01 5.078672768166854201e-01 6.621306481962200285e-01 6.287281304296520323e-01 3.338054970109866071e-01 8.828600378436566309e-01 2.062219745325415410e-01 4.438781259328656859e-01 4.051856823412677278e-01 6.700198719423315907e-01 4.434670042636673082e-01 5.889570536442867432e-01 5.254911141488542992e-01 0.000000000000000000e+00 3.898715176013491379e-01 2.139342696851952441e-01 4.944440620050975510e-01 5.200530238951646123e-01 7.997354919588626210e-01 2.249549062812227218e-01 8.020165062304123182e-01 1.164884604776704746e-01 3.009786236840653606e-01 4.788245917897793191e-01 5.036372027220137326e-01 7.396772572139187485e-01 4.857412279116046228e-01 3.356950429150653559e-01 4.966957123672064434e-01 3.564761848714996795e-01 2.849686074978532435e-01 4.852584615275779556e-01 5.216449311447820536e-01 7.194841905986271158e-01 6.814910364460577963e-01
3.408792069912974787e-01 5.330406261566729142e-01 8.971915047978480384e-01 1.709268591531906134e-01 5.178315046567276703e-01 6.574883798285485748e-01 4.208736590937210975e-01 6.807168892688374440e-01 5.470734430965863426e-01 1.797225284869315987e-01 4.152844777276553656e-01 1.206640461116962326e-01 8.214675014938574993e-01 3.898715176013491379e-01 0.000000000000000000e+00 3.649476766337891864e-01 8.608598381970123947e-01 1.992770955621434581e-01 4.907543365287559967e-01 7.946450509423987896e-01 7.345499048045515122e-01 4.887760224312822088e-01 7.770210054538798650e-01 4.407860377005055064e-01 3.533873063536164261e-01 5.847614605111985941e-01 3.609250198543998978e-01 3.526354989862192646e-01 6.984534814889289400e-01 4.536054324487273082e-01 7.321726668427450679e-01 9.066199054765631260e-01 9.647253921097347362e-01 3.671658154865728996e-01 5.914486952603588144e-01
6.805906242102915948e-01 5.181113747199781461e-01 6.831354978991888149e-01 1.380992287518948425e-01 3.512315099818700270e-01 4.905479078171151586e-01 1.283083919803428286e-01 5.996200000364320104e-01 3.410881619501111572e-01 8.125267877408466344e-01 6.247956511324281870e-01 2.994730813215373821e-01 1.067502077188882126e-01 2.139342696851952441e-01 3.649476766337891864e-01 0.000000000000000000e+00 4.471416313697440525e-01 8.815617473780203994e-01 5.282213555880799216e-01 5.928735579952038037e-01 4.809994101873673600e-01 8.744011909073917677e-01 3.050769738788879915e-01 4.651135233677670677e-01 6.620513783699046861e-01 4.034712278086406423e-01 4.812161492738672997e-01 6.949081982827688408e-01 7.082360134828723508e-01 8.563348664036404267e-01 6.944402527470223685e-01 5.327186573014784932e-01 4.135466003211353825e-01 6.858932887367592546e-01 7.714916268278478872e-01
1.793878936305454141e-01 4.879760559103528683e-01 6.903018082227920793e-01 5.855417917105879555e-01 8.610909541491222896e-01 8.653652422977242686e-01 5.528161559984667850e-01 6.678706837367904825e-01 7.330212842076697655e-01 8.701407001691212617e-01 8.096857729390801728e-01 2.856773495322207368e-01 6.757066106769403779e-01 4.944440620050975510e-01 8.608598381970123947e-01 4.471416313697440525e-01 0.000000000000000000e+00 3.119973107842227145e-01 1.846435460393253680e-01 8.172137381301538550e-01 5.557245476625635172e-01 3.919964668594121404e-01 8.244300463024547554e-01 6.916042549109167048e-01 3.931462703632621625e-01 7.621167801959629617e-01 3.103494089744281981e-01 6.041060011782105610e-01 5.750825035055686651e-01 5.539255306267223400e-01 4.583006824852034478e-01 2.941515339572242649e-02 7.008148300058871794e-01 4.029482929260609358e-01 4.787174888103187254e-01
6.433409728146856077e-01 2.136278603265191478e-01 3.290241226659192941e-01 3.981870577096524033e-01 7.600357354646847252e-01 4.853805580325544766e-01 5.781907837382405102e-01 4.271457445225921301e-01 4.993944333301069682e-01 8.263261438157235572e-01 8.924857671207806487e-01 7.037151633181408794e-01 1.332943991427508745e-01 5.200530238951646123e-01 1.992770955621434581e-01 8.815617473780203994e-01 3.119973107842227145e-01 0.000000000000000000e+00 2.860636091221695487e-01 2.358681425909933127e-01 9.127486675188378751e-01 5.885046723997808815e-01 2.420785270421452751e-01 7.833005328549175195e-01 6.384715040096355931e-01 3.083313943955903191e-01 3.516069260522465267e-01 4.956647926828762207e-01 4.078663714263365825e-01 8.834986393483796885e-01 5.956407250064071901e-01 9.714234148226530419e-01 8.479887793774240068e-01 4.814262530869184986e-01 7.519379671413158883e-01
3.155102116973708126e-01 2.513471640647806371e-01 6.270519896409127991e-01 4.945383981101504900e-01 3.920642560103178020e-01 7.078928022740990089e-01 3.400459982833760053e-01 7.326594886052777422e-01 5.976124632326305086e-01 7.527185299200467306e-02 7.274948834219469029e-01 5.194161800132940376e-01 8.340735251418017748e-01 7.997354919588626210e-01 4.907543365287559967e-01 5.282213555880799216e-01 1.846435460393253680e-01 2.860636091221695487e-01 0.000000000000000000e+00 5.124006583095728207e-01 7.474884133345977011e-01 7.912926811926046522e-01 9.344863202713904471e-02 5.180278906940971595e-01 5.445260626905785717e-01 3.325537306261420190e-01 5.113294288761034423e-01 2.408860033333321826e-01 8.216784526124603083e-01 4.460062367667491090e-01 7.896545716455105612e-02 7.963753428471644913e-01 4.609012447266198631e-01 6.355800312232673388e-01 6.225380647623859343e-01
4.454044549951668985e-01 9.260563269997876823e-01 2.425276801820893113e-01 6.799455923499382326e-01 7.894115247550309578e-01 7.319897422304892931e-01 2.881886943464332385e-01 3.880446299185181802e-01 2.534518948710400288e-01 7.170087743287727466e-01 4.883170399402716466e-01 7.146476411311398769e-01 8.431485607007216387e-01 2.249549062812227218e-01 7.946450509423987896e-01 5.928735579952038037e-01 8.172137381301538550e-01 2.358681425909933127e-01 5.124006583095728207e-01 0.000000000000000000e+00 4.335602984346917932e-01 7.422192663686790759e-01 4.263755142439513701e-01 6.587683008303981680e-01 8.391310896832295807e-01 8.440910220455855040e-01 5.499007060304048622e-01 5.989051219285511651e-01 7.574182201792828417e-01 3.107799261359787124e-01 2.946815975587185332e-01 4.657834658589982135e-01 2.238206832136498958e-01 2.719522819183962659e-01 4.051939801767403537e-01
7.868071337110524865e-01 3.371688604011763291e-01 5.981763264446396944e-01 6.133454918747479612e-01 8.034779412996800874e-01 5.383081839614263231e-01 6.912587163135563983e-02 5.436085583774326047e-01 8.713631170088603772e-01 5.899190516735091094e-01 3.245458623436977552e-01 6.982476543147428938e-01 6.138002989051141167e-01 8.020165062304123182e-01 7.345499048045515122e-01 4.809994101873673600e-01 5.557245476625635172e-01 9.127486675188378751e-01 7.474884133345977011e-01 4.335602984346917932e-01 0.000000000000000000e+00 6.740541448100985100e-01 7.511101071355106296e-01 5.619947447211020020e-01 5.579778244534515652e-01 4.497921810783970242e-01 4.330299830976668263e-01 7.400587949451540304e-01 2.158236354139153601e-01 5.861408939915553340e-01 6.479682806585399524e-01 2.790822360066418928e-01 4.461842308774628951e-01 3.684950879925167344e-01 3.786970848680604185e-01
6.737234408096969274e-01 7.673897139933409939e-01 6.277607041040829117e-01 4.424424885002168351e-01 6.908547808878149343e-01 3.123417516797567517e-01 5.650376858937669056e-01 5.211921045775490535e-01 6.567329204530930609e-01 8.248343161799671641e-01 7.990326278471262533e-01 5.005299085386279989e-01 4.050662199674498476e-01 1.164884604776704746e-01 4.887760224312822088e-01 8.744011909073917677e-01 3.919964668594121404e-01 5.885046723997808815e-01 7.912926811926046522e-01 7.422192663686790759e-01 6.740541448100985100e-01 0.000000000000000000e+00 9.090065215281343258e-01 6.599822661527383616e-01 4.095151326318447471e-01 4.605805395468831609e-01 4.582941724090946467e-01 7.392398023390024386e-01 7.819750883037749345e-01 9.081298508456937535e-01 5.740540096016211180e-02 8.504155134871950183e-01 4.828677141373198256e-01 4.417826520246075361e-01 7.150165407192103917e-01
9.329078401008727983e-01 8.399067728266029764e-01 7.849893535396947897e-01 2.130753573547000679e-01 8.457554564332996350e-01 5.570108122952873719e-01 2.852758235610813875e-01 4.179929741760281536e-01 5.022287087805797912e-01 6.395648716587413185e-01 5.908793112695494010e-01 7.944970744393935469e-01 4.621048589057309419e-01 3.009786236840653606e-01 7.770210054538798650e-01 3.050769738788879915e-01 8.244300463024547554e-01 2.420785270421452751e-01 9.344863202713904471e-02 4.263755142439513701e-01 7.511101071355106296e-01 9.090065215281343258e-01 0.000000000000000000e+00 8.896793998134836512e-01 4.582876911734258263e-01 6.749787679611843894e-01 6.346807941004254383e-01 5.196065235633056112e-01 2.090766922601615674e-01 3.318092721144094703e-01 5.578642971287224306e-01 5.688746673097694329e-01 6.940048278499892920e-01 6.175810414892906053e-01 5.816293507049667966e-01
5.882639305601802260e-01 4.431104564282405955e-01 6.586197644822689989e-01 6.561268776817890114e-01 8.467684747556167846e-01 4.056323047465190124e-01 1.909149721044700598e-01 7.420070747013964851e-01 6.356065895232294594e-01 5.224109376215404499e-01 7.961008656353801838e-01 4.779847583365484098e-01 3.278791075515691267e-01 4.788245917897793191e-01 4.407860377005055064e-01 4.651135233677670677e-01 6.916042549109167048e-01 7.833005328549175195e-01 5.180278906940971595e-01 6.587683008303981680e-01 5.619947447211020020e-01 6.599822661527383616e-01 8.896793998134836512e-01 0.000000000000000000e+00 3.805056946897676928e-01 8.870367252568855942e-01 5.820839781695950066e-01 5.893178307669705296e-01 4.275229894115249452e-01 5.644396317165968346e-01 6.702196790321510722e-01 7.639738629310373064e-01 5.747613338551060824e-01 5.828160300956302109e-01 8.762471700026472909e-01
7.145436551915769208e-01 6.462873467407310724e-01 7.192385111928338848e-01 8.040939998138536549e-01 5.046385193139909520e-01 8.694333495504460441e-01 8.994459602965672040e-01 4.541957916328428491e-01 1.876924300814041269e-01 5.563858307321041252e-01 1.682237054658083375e-01 7.778695394734918001e-01 8.223810881451829591e-01 5.036372027220137326e-01 3.533873063536164261e-01 6.620513783699046861e-01 3.931462703632621625e-01 6.384715040096355931e-01 5.445260626905785717e-01 8.391310896832295807e-01 5.579778244534515652e-01 4.095151326318447471e-01 4.582876911734258263e-01 3.805056946897676928e-01 0.000000000000000000e+00 8.922248948301687577e-01 9.579669589483130743e-02 5.556677110609187231e-02 2.300380603604137431e-01 7.419567245688371004e-01 6.707423950185411599e-01 7.476468494486738781e-01 4.877304971148705981e-01 8.413867414546762902e-01 4.816387281536383402e-01
3.406288763265721276e-01 4.078167387054839055e-01 7.689205782307846349e-01 7.747141836654785063e-01 7.143889452569975873e-01 8.848486364687845329e-01 3.136365929817828690e-01 4.273251553138295855e-01 2.756206455939277378e-01 3.891858618515995349e-01 4.330456931097727002e-01 6.413612513959765504e-02 2.513904372180322255e-01 7.396772572139187485e-01 5.847614605111985941e-01 4.034712278086406423e-01 7.621167801959629617e-01 3.083313943955903191e-01 3.325537306261420190e-01 8.440910220455855040e-01 4.497921810783970242e-01 4.605805395468831609e-01 6.749787679611843894e-01 8.870367252568855942e-01 8.922248948301687577e-01 0.000000000000000000e+00 4.638513862921139763e-01 7.212679079267286797e-01 8.161906432898153874e-01 2.705642916292324562e-01 7.345979009418527328e-01 8.582979299537468743e-01 1.540584948125641729e-01 6.409708791563852870e-01 8.035709740164171944e-01
5.024565556432541991e-01 8.137720296615174043e-01 5.659310371166601517e-01 7.106664111006906204e-01 1.144389947627921789e-01 8.791424997119825502e-01 4.885134106942795040e-01 7.378981097155730140e-01 9.028661382270745106e-01 3.985816410875571147e-01 3.380428715426874176e-01 3.959156817918094151e-01 8.713782909550116251e-01 4.857412279116046228e-01 3.609250198543998978e-01 4.812161492738672997e-01 3.103494089744281981e-01 3.516069260522465267e-01 5.113294288761034423e-01 5.499007060304048622e-01 4.330299830976668263e-01 4.582941724090946467e-01 6.346807941004254383e-01 5.820839781695950066e-01 9.579669589483130743e-02 4.638513862921139763e-01 0.000000000000000000e+00 6.108838745578746288e-01 8.543842722319485716e-01 4.069103152317187777e-01 6.113714150919664636e-01 5.867442610980448947e-01 3.180528976990998902e-01 3.664510417948717569e-01 5.840320506063667594e-01
7.027707017396966904e-01 6.002060161249760384e-01 4.963022290879764986e-01 8.622192228597518326e-01 7.225135869412532275e-01 3.955107688481995787e-01 7.908510803337880368e-01 6.629172714734128391e-01 8.003467315150680772e-01 9.381673272284147824e-01 4.886843371720633877e-01 1.743980594104779236e-01 9.223339615150232262e-01 3.356950429150653559e-01 3.526354989862192646e-01 6.949081982827688408e-01 6.041060011782105610e-01 4.956647926828762207e-01 2.408860033333321826e-01 5.989051219285511651e-01 7.400587949451540304e-01 7.392398023390024386e-01 5.196065235633056112e-01 5.893178307669705296e-01 5.556677110609187231e-02 7.212679079267286797e-01 6.108838745578746288e-01 0.000000000000000000e+00 6.465656507936640152e-01 8.336615344566709052e-01 4.437830324396518367e-01 6.274780541419722191e-01 6.945597726356967927e-01 2.278238962237892351e-01 8.690474150486626748e-01
6.770807452355167566e-01 8.378943500542107570e-01 6.818974582784067540e-01 3.177548862844417066e-01 6.515276435272421285e-01 4.725459587492761848e-01 5.148181419501312028e-01 6.762452251696067229e-01 4.932975461103830672e-01 8.753598098090317192e-01 3.896665619971604877e-01 9.647920469041233460e-01 5.595072271303602740e-01 4.966957123672064434e-01 6.984534814889289400e-01 7.082360134828723508e-01 5.750825035055686651e-01 4.078663714263365825e-01 8.216784526124603083e-01 7.574182201792828417e-01 2.158236354139153601e-01 7.819750883037749345e-01 2.090766922601615674e-01 4.275229894115249452e-01 2.300380603604137431e-01 8.161906432898153874e-01 8.543842722319485716e-01 6.465656507936640152e-01 0.000000000000000000e+00 7.500611294737256074e-01 3.938972430516771150e-01 4.513218022976520638e-01 5.203778055213993392e-01 4.692814854611597752e-01 7.040769483310065358e-01
2.234702603226018658e-01 3.485806508041207064e-01 6.289684751144570818e-01 8.191162302762620140e-01 4.307192869719405626e-01 4.336873738007416268e-01 5.667519931108743192e-01 4.442637914794050902e-01 4.572646085392718662e-01 4.456727745882909097e-01 5.910682308657867479e-01 3.623825951302744874e-01 8.460411308585842338e-01 3.564761848714996795e-01 4.536054324487273082e-01 8.563348664036404267e-01 5.539255306267223400e-01 8.834986393483796885e-01 4.460062367667491090e-01 3.107799261359787124e-01 5.861408939915553340e-01 9.081298508456937535e-01 3.318092721144094703e-01 5.644396317165968346e-01 7.419567245688371004e-01 2.705642916292324562e-01 4.069103152317187777e-01 8.336615344566709052e-01 7.500611294737256074e-01 0.000000000000000000e+00 2.676063875154714999e-01 8.992834695364724240e-01 7.232052947043116076e-01 2.785624766248999684e-01 2.903294938857392538e-02
7.075999083072170848e-01 4.193454255676571929e-01 1.662428555484790071e-01 3.542418373339265569e-01 5.857369132012690827e-01 5.022493793742086599e-01 4.734969356229135062e-01 4.299850654883918266e-01 8.264961033730797713e-01 2.719308884715854191e-01 7.462324892141778410e-01 4.687453519716098249e-01 9.458991503723963579e-01 2.849686074978532435e-01 7.321726668427450679e-01 6.944402527470223685e-01 4.583006824852034478e-01 5.956407250064071901e-01 7.896545716455105612e-02 2.946815975587185332e-01 6.479682806585399524e-01 5.740540096016211180e-02 5.578642971287224306e-01 6.702196790321510722e-01 6.707423950185411599e-01 7.345979009418527328e-01 6.113714150919664636e-01 4.437830324396518367e-01 3.938972430516771150e-01 2.676063875154714999e-01 0.000000000000000000e+00 6.172040352777178329e-01 4.282458658842018817e-01 5.094758262305858487e-01 4.262931079178792215e-01
7.408181484122345895e-01 6.741429950779500579e-01 7.021455988937144177e-01 4.472083217140449540e-01 5.646214002192233572e-01 8.413604424709835161e-01 4.984144406708699848e-01 8.714037508539878019e-01 3.332508265998511687e-01 5.166517966857029354e-01 5.091620769192204410e-01 9.016282046085899449e-02 5.955390097876852584e-01 4.852584615275779556e-01 9.066199054765631260e-01 5.327186573014784932e-01 2.941515339572242649e-02 9.714234148226530419e-01 7.963753428471644913e-01 4.657834658589982135e-01 2.790822360066418928e-01 8.504155134871950183e-01 5.688746673097694329e-01 7.639738629310373064e-01 7.476468494486738781e-01 8.582979299537468743e-01 5.867442610980448947e-01 6.274780541419722191e-01 4.513218022976520638e-01 8.992834695364724240e-01 6.172040352777178329e-01 0.000000000000000000e+00 4.755794340647307439e-01 7.154552012701864694e-01 6.738989545907512202e-01
3.864957508030714139e-01 4.292121275710346073e-01 8.398208846019896701e-01 8.813299694159291153e-01 8.485080463606518020e-01 4.270732008406776803e-01 7.638706345013688281e-01 5.510314144894337129e-01 6.627696800054143633e-01 8.483460323411202708e-01 2.574952673262409508e-02 8.542834647343375831e-01 9.008649544062634629e-01 5.216449311447820536e-01 9.647253921097347362e-01 4.135466003211353825e-01 7.008148300058871794e-01 8.479887793774240068e-01 4.609012447266198631e-01 2.238206832136498958e-01 4.461842308774628951e-01 4.828677141373198256e-01 6.940048278499892920e-01 5.747613338551060824e-01 4.877304971148705981e-01 1.540584948125641729e-01 3.180528976990998902e-01 6.945597726356967927e-01 5.203778055213993392e-01 7.232052947043116076e-01 4.282458658842018817e-01 4.755794340647307439e-01 0.000000000000000000e+00 4.806462192858119153e-01 9.252851304700865365e-01
5.049852459075474531e-01 4.712311473168883658e-01 5.507546660875015654e-01 6.753413395419662901e-01 7.565817343741434442e-01 6.582878036260844112e-01 8.319084104564673510e-01 5.420311080183315422e-01 5.394288032146670187e-01 4.396451235348406428e-01 9.665815210201534891e-01 2.343499564960166426e-01 8.753939773895328402e-01 7.194841905986271158e-01 3.671658154865728996e-01 6.858932887367592546e-01 4.029482929260609358e-01 4.814262530869184986e-01 6.355800312232673388e-01 2.719522819183962659e-01 3.684950879925167344e-01 4.417826520246075361e-01 6.175810414892906053e-01 5.828160300956302109e-01 8.413867414546762902e-01 6.409708791563852870e-01 3.664510417948717569e-01 2.278238962237892351e-01 4.692814854611597752e-01 2.785624766248999684e-01 5.094758262305858487e-01 7.154552012701864694e-01 4.806462192858119153e-01 0.000000000000000000e+00 7.814110310804092130e-01
6.631762092242687867e-01 4.609827466086320880e-01 8.038566868726597647e-01 4.626875823748274885e-01 5.800663428455996584e-01 5.929470968531633801e-01 1.203563851072141366e-01 4.587896228216860051e-01 7.685610216273168760e-01 5.859752264035995584e-01 8.061390506360446295e-01 7.818773530717104681e-01 4.843864781443935064e-01 6.814910364460577963e-01 5.914486952603588144e-01 7.714916268278478872e-01 4.787174888103187254e-01 7.519379671413158883e-01 6.225380647623859343e-01 4.051939801767403537e-01 3.786970848680604185e-01 7.150165407192103917e-01 5.816293507049667966e-01 8.762471700026472909e-01 4.816387281536383402e-01 8.035709740164171944e-01 5.840320506063667594e-01 8.690474150486626748e-01 7.040769483310065358e-01 2.903294938857392538e-02 4.262931079178792215e-01 6.738989545907512202e-01 9.252851304700865365e-01 7.814110310804092130e-01 0.000000000000000000e+00
