0.000000000000000000e+00 8.569721863496682079e-01 7.591616151338602680e-01 9.109937847953486489e-01 6.249181048029253116e-01 4.463861948136867985e-01 1.306433219075745500e-01 3.864515318742536287e-01 6.797583265100006766e-01 3.183785804872891756e-01 2.093569574166969927e-01 5.491662211841561447e-01 4.996509191218960755e-01 5.466579115850078718e-01 1.472239993834866256e-01 8.714609697525876886e-02 8.760160148776761080e-01 6.296805234333346935e-01 7.804045990232422181e-01 7.109940988576335386e-01 9.099803398990750081e-01 7.016774705275286017e-01 3.045228336040566308e-01 4.882152006780977604e-01 4.981225965559834545e-01 7.682279986083544454e-01 7.853466056220781422e-01 6.862190274144761570e-01 7.945707359538606296e-01 6.455584518446918496e-01 7.101603007560517433e-01 7.875408294016976729e-01 4.556820040730704124e-01 3.817167364356367498e-01 7.568597138690470461e-01
8.569721863496682079e-01 0.000000000000000000e+00 4.816581805500586011e-01 8.853825633413896501e-01 8.522088727222925097e-01 5.957882825051057374e-01 5.653211073982404855e-01 4.303993036230588376e-01 3.397669012689720214e-01 3.011609984764689329e-01 5.853484934482836577e-01 4.089757711746520030e-01 7.598314234670972001e-01 2.813269363708658100e-01 4.692636927249417833e-01 4.768324956279003102e-01 5.605107899406805982e-01 4.863366317583149301e-01 4.386260715079879358e-01 7.415241048345082575e-01 7.366421790164503491e-01 4.308969727564174179e-01 7.364309737674352707e-01 4.869320564134427820e-01 4.766561227410709978e-01 8.043059963403368373e-01 6.862817375602001668e-01 8.512063059819074962e-02 5.011234972012205136e-01 6.333554751982334308e-01 4.297997237397521153e-01 4.764102216052805150e-01 3.215322884941964610e-01 8.401023448252269432e-01 2.708745328202606384e-01
7.591616151338602680e-01 4.816581805500586011e-01 0.000000000000000000e+00 6.983701429611939293e-01 4.349502600757126358e-01 6.658920183369612111e-01 7.538613179544403353e-01 6.448986271108391177e-01 6.064208784365651139e-01 4.819369450433261814e-01 8.948967948751400669e-01 6.140385389238639524e-01 5.893823289837142321e-01 6.302851052653648534e-01 4.698676606101363507e-01 7.925084996359701428e-01 3.013640448773140523e-01 6.810592752234045921e-01 9.041613744417944520e-01 8.387241939000723567e-01 4.645248855228727436e-01 7.362548558904574714e-01 7.782190666123147693e-01 2.569477136736389999e-01 4.952439794759495584e-01 6.160992012888528713e-01 6.395926130198427151e-01 9.129963639401404984e-01 3.840375887240214947e-01 3.054540118010589111e-01 7.784567472008391276e-01 7.352286031935708621e-01 7.588943761680289057e-01 7.877706641946864430e-01 3.172863776934555236e-01
9.109937847953486489e-01 8.853825633413896501e-01 6.983701429611939293e-01 0.000000000000000000e+00 6.790862428467409062e-01 8.708627563830612095e-01 4.571754275232357556e-01 8.328809502701759460e-01 4.555723405003961890e-01 7.834422198851461738e-01 8.097590808462876710e-01 8.186708339456180150e-01 6.155250684475361833e-01 5.584576938241164745e-01 8.651687611459438765e-01 8.009563027085193632e-01 7.197226180944893414e-02 7.363030001016921400e-01 3.451569868582015088e-01 7.896826819536062469e-01 5.280606696123544275e-01 6.553198249706202461e-01 5.408539007806495436e-01 6.334819010879737533e-01 5.602529016792622274e-01 4.656075066723828204e-01 9.379556644877923288e-01 4.536610086238967998e-01 6.410803865119736322e-01 4.937980081834614787e-01 8.080525121734167815e-01 3.316232187287119215e-01 8.280691830310322743e-01 7.347926421724754187e-01 9.065607844291818651e-01
6.249181048029253116e-01 8.522088727222925097e-01 4.349502600757126358e-01 6.790862428467409062e-01 0.000000000000000000e+00 7.437509232287702332e-01 5.762627137607958527e-01 4.683088348249693778e-01 6.191018695406242944e-01 6.245379245019138104e-01 4.671609452181192390e-01 4.837293014838432437e-01 7.047317016208785034e-01 5.319839091746828563e-01 5.274326170914940271e-01 7.931487933424726799e-01 8.376385806166808390e-01 7.720645917654742618e-01 4.854024985295553041e-01 5.138451215461115051e-01 5.416230155581863714e-01 5.295223082104580925e-01 9.253521022834364507e-01 8.090104200079832886e-01 7.154313816819548588e-01 5.186568407654121859e-01 1.548556111980645689e-01 3.678012930087308785e-01 4.369790006594235221e-01 5.541832716476411402e-01 7.092439566702726239e-01 3.774388811624054263e-01 4.377468503575044356e-01 7.535938071019527840e-01 7.798809091279984562e-01
4.463861948136867985e-01 5.957882825051057374e-01 6.658920183369612111e-01 8.708627563830612095e-01 7.437509232287702332e-01 0.000000000000000000e+00 9.186861611977447106e-01 8.029386994556617640e-01 4.901653775280151448e-01 7.433331495068387085e-01 3.547584597613110957e-01 6.352309808277063485e-01 6.804358853428019716e-01 5.344250649755277749e-01 5.925154330188309171e-01 4.692008839412816212e-01 3.490965669876839872e-01 8.806678045427537294e-01 3.013013264730994845e-01 5.639473958588119284e-01 9.752907935895144265e-01 4.491874723384836621e-01 7.778559351501079799e-01 9.496576652637453986e-01 6.941964846849085768e-01 6.221383178162790406e-01 5.712062850395731584e-01 7.400738589711516324e-01 7.044528142233690282e-01 3.907503805170193800e-01 7.696927975855949455e-02 8.693930921061554518e-01 5.794676771616091848e-01 9.351283673228776294e-01 3.552094864356052373e-01
1.306433219075745500e-01 5.653211073982404855e-01 7.538613179544403353e-01 4.571754275232357556e-01 5.762627137607958527e-01 9.186861611977447106e-01 0.000000000000000000e+00 5.859358632929368982e-01 2.204267963101204097e-01 5.776661484772667166e-01 7.955135189048966327e-01 4.524095218116494510e-01 4.713143063498580476e-01 6.575366746206749990e-01 4.727537514435700694e-01 6.459069563394965741e-01 5.413859681581399963e-01 6.350949348917779291e-01 8.284699855413222291e-01 8.492749027830475139e-01 4.890171911784642611e-01 9.094560260530473172e-01 8.920089321918893699e-01 8.676688490854430613e-01 8.033314800422648450e-01 8.664180642539943689e-01 5.935463063283626939e-01 7.200817563628119089e-01 6.470345892151045941e-01 6.030477824492193051e-01 4.281948346368185110e-01 7.339145373486528623e-01 2.879566660082254481e-01 6.890247428561601106e-01 8.103938962614354313e-01
3.864515318742536287e-01 4.303993036230588376e-01 6.448986271108391177e-01 8.328809502701759460e-01 4.683088348249693778e-01 8.029386994556617640e-01 5.859358632929368982e-01 0.000000000000000000e+00 3.881503316769235878e-01 8.477043017369569888e-01 5.661242048415867645e-01 9.594428804448109638e-01 5.089146459504174658e-01 5.857914209034015274e-01 3.371994879679138801e-01 7.734396025333880598e-01 1.031997596592453270e-01 3.988287311759020071e-01 1.215055518965594272e-01 5.016173211779184626e-01 6.259514207613987580e-01 5.023955827960353560e-01 4.151386592857244651e-01 4.890312462401225080e-01 4.599631591383769869e-01 4.488420146029746260e-01 8.918386581098147747e-01 4.085738900144097463e-01 7.585918617982272405e-01 8.285185827927470381e-01 6.129553396431292045e-01 4.364222360167188119e-01 8.782217454633031162e-01 2.647890602022354711e-01 6.948461981785135633e-01
6.797583265100006766e-01 3.397669012689720214e-01 6.064208784365651139e-01 4.555723405003961890e-01 6.191018695406242944e-01 4.901653775280151448e-01 2.204267963101204097e-01 3.881503316769235878e-01 0.000000000000000000e+00 7.921363783602958231e-01 6.797104891360936652e-01 3.877375430028884296e-01 2.910035261722649924e-01 8.750809264478917049e-01 2.407729506911215900e-02 8.025858239350750489e-01 4.681089109583885244e-01 6.314626615077791882e-01 4.447588092988086772e-01 3.562679953290071588e-01 4.294400445136370426e-01 8.088307864079976595e-01 4.434086556766881349e-01 6.627759625019573608e-01 5.735223065556460664e-01 4.761702850404838649e-01 6.661952184301833668e-01 5.597437997848559998e-01 2.426657272849140901e-01 3.870045834872497537e-01 5.534790212121369901e-01 3.484027546787080709e-01 6.477039809295355166e-01 4.365158443825251644e-01 1.312356546325651463e-01
3.183785804872891756e-01 3.011609984764689329e-01 4.819369450433261814e-01 7.834422198851461738e-01 6.245379245019138104e-01 7.433331495068387085e-01 5.776661484772667166e-01 8.477043017369569888e-01 7.921363783602958231e-01 0.000000000000000000e+00 6.798745864495213675e-01 4.507435065340251734e-01 2.789164429241953735e-01 7.163256744938751863e-01 4.014269233629190747e-01 7.132731642514152925e-01 7.514704840980932499e-01 4.823344835346602411e-01 4.126810869031953821e-01 7.272220755106935108e-01 6.333402480883504326e-01 3.149829610661996071e-01 8.028839368691214062e-01 1.508564342861644647e-01 4.841441643017309060e-01 3.959474576905344101e-01 4.487806160912537479e-01 7.668708199169784745e-01 7.420209306221869916e-01 4.696008353416899483e-01 8.873853558730218083e-01 6.924771162463010388e-01 4.971128753629923125e-01 1.815991690191585128e-01 6.502351399342154448e-01
2.093569574166969927e-01 5.853484934482836577e-01 8.948967948751400669e-01 8.097590808462876710e-01 4.671609452181192390e-01 3.547584597613110957e-01 7.955135189048966327e-01 5.661242048415867645e-01 6.797104891360936652e-01 6.798745864495213675e-01 0.000000000000000000e+00 4.759939752526072820e-01 7.943001507124460847e-01 4.966450064200517711e-01 7.188082949911711594e-01 3.019355877444942493e-01 1.493777718301768642e-01 3.759362296259118885e-01 7.947301791619754141e-01 4.656750144231383004e-01 4.564864393521209651e-01 2.696449969722987672e-01 8.729343469984316428e-01 7.542235774649675983e-01 7.619773205295151675e-01 5.861493935505692754e-01 5.181108648017502816e-01 6.294661271326537078e-01 8.744581496675111199e-01 3.506176588968265007e-01 6.392623681328382101e-01 1.940265023719217607e-01 4.524867266255857556e-01 9.024407803033043241e-01 8.688334170046705385e-01
5.491662211841561447e-01 4.089757711746520030e-01 6.140385389238639524e-01 8.186708339456180150e-01 4.837293014838432437e-01 6.352309808277063485e-01 4.524095218116494510e-01 9.594428804448109638e-01 3.877375430028884296e-01 4.507435065340251734e-01 4.759939752526072820e-01 0.000000000000000000e+00 5.720394821695964360e-01 6.858559690647234586e-01 5.744259203085495535e-01 8.546179338182908758e-01 4.104301804022017497e-01 4.233996975141242070e-01 5.359341086324315162e-01 9.002458330023292987e-01 2.611815077499309856e-01 5.596135459368992704e-01 6.418529363780025587e-01 6.712431141196495421e-01 3.735901692447406441e-01 6.043614541627324588e-01 6.495118444900244148e-01 6.075349345939925483e-01 6.971295946150621869e-01 9.071635025911695127e-02 7.092379133076183173e-01 8.833872994919483856e-01 6.709498700010998462e-01 8.730136411906879168e-01 8.520965752379279223e-01
4.996509191218960755e-01 7.598314234670972001e-01 5.893823289837142321e-01 6.155250684475361833e-01 7.047317016208785034e-01 6.804358853428019716e-01 4.713143063498580476e-01 5.089146459504174658e-01 2.910035261722649924e-01 2.789164429241953735e-01 7.943001507124460847e-01 5.720394821695964360e-01 0.000000000000000000e+00 3.065527919952405478e-01 6.848745278349099852e-02 5.592360379477823162e-02 4.993678279404707987e-01 5.485543389144188486e-01 8.940318402667650766e-01 6.216828224380178680e-01 2.433519834181611108e-01 7.530332603003961900e-01 1.353566998252853093e-01 3.208983735461431452e-01 1.527137768762100167e-01 8.320437915355214376e-01 5.093155348256499515e-01 5.722212909909636380e-01 4.362201199633850002e-01 4.703190618262140243e-01 6.914439579245104106e-01 5.332983710748672168e-01 4.172249885580588957e-01 6.644381243359951394e-01 4.335784722938432756e-01
5.466579115850078718e-01 2.813269363708658100e-01 6.302851052653648534e-01 5.584576938241164745e-01 5.319839091746828563e-01 5.344250649755277749e-01 6.575366746206749990e-01 5.857914209034015274e-01 8.750809264478917049e-01 7.163256744938751863e-01 4.966450064200517711e-01 6.858559690647234586e-01 3.065527919952405478e-01 0.000000000000000000e+00 8.248457461554997705e-01 7.462047743218087614e-01 5.689932249311084878e-01 1.591943063244382062e-01 2.620306773680379786e-01 5.815361614003933255e-01 6.080824416873684690e-01 6.813651011337241714e-01 6.757890635627713527e-01 5.654411648686621383e-01 1.596981216600779074e-01 6.560837585102687886e-01 8.470071077275367344e-01 4.834128964402362172e-01 4.746492819719402290e-01 2.865986444965532565e-01 6.186999102610646339e-01 7.882507827043072623e-02 8.024422824334518367e-01 5.236716026082984810e-01 5.372201054765088912e-01
1.472239993834866256e-01 4.692636927249417833e-01 4.698676606101363507e-01 8.651687611459438765e-01 5.274326170914940271e-01 5.925154330188309171e-01 4.727537514435700694e-01 3.371994879679138801e-01 2.407729506911215900e-02 4.014269233629190747e-01 7.188082949911711594e-01 5.744259203085495535e-01 6.848745278349099852e-02 8.248457461554997705e-01 0.000000000000000000e+00 1.792085242939529532e-01 5.533186162137235797e-01 1.389568609681518518e-01 4.988124915206913479e-01 8.360937862453184932e-01 2.300152294368555672e-01 7.159550271857940684e-01 3.699557449522686281e-01 1.426595045160737874e-01 7.564950028407029237e-01 5.550801155797736586e-01 7.270474931987179756e-01 8.602463378937778016e-01 1.316371901911579378e-01 9.241975245845071019e-01 7.829172075286180421e-01 8.285998465920728639e-01 2.808009541407447962e-01 4.757767033406962720e-01 5.182770743045878037e-01
8.714609697525876886e-02 4.768324956279003102e-01 7.925084996359701428e-01 8.009563027085193632e-01 7.931487933424726799e-01 4.692008839412816212e-01 6.459069563394965741e-01 7.734396025333880598e-01 8.025858239350750489e-01 7.132731642514152925e-01 3.019355877444942493e-01 8.546179338182908758e-01 5.592360379477823162e-02 7.462047743218087614e-01 1.792085242939529532e-01 0.000000000000000000e+00 7.828990837542983972e-01 5.291530487368245605e-01 5.215881776804603964e-01 5.258903692442575828e-01 6.879441529631747931e-01 1.703306644132760450e-01 3.945105355242723988e-01 5.307532693912442312e-01 3.453367525787239267e-01 3.896435691586092043e-01 3.479490676947556427e-01 5.518651826885030420e-01 7.869030132966163826e-01 8.979748987573537011e-01 6.721161377677131732e-01 3.528669502927300750e-01 3.846522743842355485e-01 5.624713018428489919e-01 8.940412379597921788e-01
8.760160148776761080e-01 5.605107899406805982e-01 3.013640448773140523e-01 7.197226180944893414e-02 8.376385806166808390e-01 3.490965669876839872e-01 5.413859681581399963e-01 1.031997596592453270e-01 4.681089109583885244e-01 7.514704840980932499e-01 1.493777718301768642e-01 4.104301804022017497e-01 4.993678279404707987e-01 5.689932249311084878e-01 5.533186162137235797e-01 7.828990837542983972e-01 0.000000000000000000e+00 3.938798887359229450e-02 8.814792492399949886e-01 3.335137836482678364e-01 4.454017043598910153e-01 1.712691404555498620e-01 6.388926176162458281e-01 7.455805744143181313e-01 5.876973265787821532e-01 8.822782300011366985e-01 3.180463988021920985e-01 4.267388928706080109e-01 5.408037669203732412e-01 8.560489627755951680e-01 2.843239008395104794e-01 4.018558597762711959e-01 8.340961145473555494e-01 6.266031038120998264e-01 4.357295422315697886e-01
6.296805234333346935e-01 4.863366317583149301e-01 6.810592752234045921e-01 7.363030001016921400e-01 7.720645917654742618e-01 8.806678045427537294e-01 6.350949348917779291e-01 3.988287311759020071e-01 6.314626615077791882e-01 4.823344835346602411e-01 3.759362296259118885e-01 4.233996975141242070e-01 5.485543389144188486e-01 1.591943063244382062e-01 1.389568609681518518e-01 5.291530487368245605e-01 3.938798887359229450e-02 0.000000000000000000e+00 5.716965239542058930e-01 7.839900724449334612e-01 2.581330171573955612e-01 8.665344704860669101e-01 3.683189401274627461e-01 5.893478610100149062e-01 5.513206208366611127e-01 2.111001532521765145e-01 6.610565927096967442e-01 6.296957554821707159e-01 7.988632053719808557e-01 5.818323130609979188e-01 5.884104316938205681e-01 4.376297573604175928e-01 6.680133578578902886e-01 4.147852253927814536e-01 8.912256843065751166e-01
7.804045990232422181e-01 4.386260715079879358e-01 9.041613744417944520e-01 3.451569868582015088e-01 4.854024985295553041e-01 3.013013264730994845e-01 8.284699855413222291e-01 1.215055518965594272e-01 4.447588092988086772e-01 4.126810869031953821e-01 7.947301791619754141e-01 5.359341086324315162e-01 8.940318402667650766e-01 2.620306773680379786e-01 4.988124915206913479e-01 5.215881776804603964e-01 8.814792492399949886e-01 5.716965239542058930e-01 0.000000000000000000e+00 8.139245840525379805e-01 5.628059537219355368e-01 6.694075054661747792e-01 8.150135154779148960e-01 9.311552909992905080e-01 9.526094609183161088e-01 5.289468381086972482e-01 2.663378413706729564e-01 5.883572641148203664e-01 6.672235076143685495e-01 3.344228771906984643e-01 5.282866310879549276e-01 3.760552126468799661e-01 7.452302450942966949e-01 7.821316051982247775e-01 7.921417337327369967e-01
7.109940988576335386e-01 7.415241048345082575e-01 8.387241939000723567e-01 7.896826819536062469e-01 5.138451215461115051e-01 5.639473958588119284e-01 8.492749027830475139e-01 5.016173211779184626e-01 3.562679953290071588e-01 7.272220755106935108e-01 4.656750144231383004e-01 9.002458330023292987e-01 6.216828224380178680e-01 5.815361614003933255e-01 8.360937862453184932e-01 5.258903692442575828e-01 3.335137836482678364e-01 7.839900724449334612e-01 8.139245840525379805e-01 0.000000000000000000e+00 1.634511992070573072e-01 9.529279665662993004e-01 7.378916369416372856e-01 7.508127009620473302e-01 4.834783588150327605e-01 1.799182871544687812e-01 7.950132302530709127e-01 4.977033283485394199e-01 1.298364950708233989e-01 4.168728551573536167e-01 8.608228666344277524e-01 7.580147671192687397e-01 8.041262093535054278e-01 3.179470326581599338e-01 9.762547693677608995e-01
9.099803398990750081e-01 7.366421790164503491e-01 4.645248855228727436e-01 5.280606696123544275e-01 5.416230155581863714e-01 9.752907935895144265e-01 4.890171911784642611e-01 6.259514207613987580e-01 4.294400445136370426e-01 6.333402480883504326e-01 4.564864393521209651e-01 2.611815077499309856e-01 2.433519834181611108e-01 6.080824416873684690e-01 2.300152294368555672e-01 6.879441529631747931e-01 4.454017043598910153e-01 2.581330171573955612e-01 5.628059537219355368e-01 1.634511992070573072e-01 0.000000000000000000e+00 6.725984590040736677e-01 8.940801896219110478e-01 3.580315880146898166e-01 9.016451653746586636e-01 5.309591168888283530e-01 5.306271561216615584e-01 8.003494681727685300e-01 8.528840626801226232e-01 5.102321638522206992e-01 5.356236090947068540e-01 4.728812795479547804e-01 5.963336246876759228e-01 6.690858708673019795e-01 4.207719457890614079e-01
7.016774705275286017e-01 4.308969727564174179e-01 7.362548558904574714e-01 6.553198249706202461e-01 5.295223082104580925e-01 4.491874723384836621e-01 9.094560260530473172e-01 5.023955827960353560e-01 8.088307864079976595e-01 3.149829610661996071e-01 2.696449969722987672e-01 5.596135459368992704e-01 7.530332603003961900e-01 6.813651011337241714e-01 7.159550271857940684e-01 1.703306644132760450e-01 1.712691404555498620e-01 8.665344704860669101e-01 6.694075054661747792e-01 9.529279665662993004e-01 6.725984590040736677e-01 0.000000000000000000e+00 1.063131419398782862e-01 3.098858370756504832e-01 5.610293507416446168e-01 2.928894049390049492e-01 6.937641974783089749e-01 5.059102822007448541e-01 6.580408651784477314e-01 2.499807893191632602e-01 8.424914242182879320e-01 5.011526575428292274e-01 5.743918730620679591e-01 4.497362052279894606e-01 4.882765826608373438e-01
3.045228336040566308e-01 7.364309737674352707e-01 7.782190666123147693e-01 5.408539007806495436e-01 9.253521022834364507e-01 7.778559351501079799e-01 8.920089321918893699e-01 4.151386592857244651e-01 4.434086556766881349e-01 8.028839368691214062e-01 8.729343469984316428e-01 6.418529363780025587e-01 1.353566998252853093e-01 6.757890635627713527e-01 3.699557449522686281e-01 3.945105355242723988e-01 6.388926176162458281e-01 3.683189401274627461e-01 8.150135154779148960e-01 7.378916369416372856e-01 8.940801896219110478e-01 1.063131419398782862e-01 0.000000000000000000e+00 5.268538209472901634e-01 1.933498720779576185e-01 8.716799325957482747e-01 4.958054730710987901e-01 7.465943366457571395e-01 3.576735344208217260e-01 6.896454026796341452e-01 7.917182879385800121e-01 3.935743405377781223e-01 7.886177905953266620e-01 5.347330099155143124e-01 5.262987788711011028e-01
4.882152006780977604e-01 4.869320564134427820e-01 2.569477136736389999e-01 6.334819010879737533e-01 8.090104200079832886e-01 9.496576652637453986e-01 8.676688490854430613e-01 4.890312462401225080e-01 6.627759625019573608e-01 1.508564342861644647e-01 7.542235774649675983e-01 6.712431141196495421e-01 3.208983735461431452e-01 5.654411648686621383e-01 1.426595045160737874e-01 5.307532693912442312e-01 7.455805744143181313e-01 5.893478610100149062e-01 9.311552909992905080e-01 7.508127009620473302e-01 3.580315880146898166e-01 3.098858370756504832e-01 5.268538209472901634e-01 0.000000000000000000e+00 1.040591688828556016e-01 9.322371187434028705e-01 5.521267166727306108e-01 4.208431637356650490e-01 3.973627250910039543e-01 4.108428828260226595e-01 4.791908216527531184e-01 7.507718863278076693e-01 3.911672143150848324e-01 6.537834542130827042e-01 7.284730016887164261e-01
4.981225965559834545e-01 4.766561227410709978e-01 4.952439794759495584e-01 5.602529016792622274e-01 7.154313816819548588e-01 6.941964846849085768e-01 8.033314800422648450e-01 4.599631591383769869e-01 5.735223065556460664e-01 4.841441643017309060e-01 7.619773205295151675e-01 3.735901692447406441e-01 1.527137768762100167e-01 1.596981216600779074e-01 7.564950028407029237e-01 3.453367525787239267e-01 5.876973265787821532e-01 5.513206208366611127e-01 9.526094609183161088e-01 4.834783588150327605e-01 9.016451653746586636e-01 5.610293507416446168e-01 1.933498720779576185e-01 1.040591688828556016e-01 0.000000000000000000e+00 5.983952191701957801e-02 5.348902846105736408e-01 2.818183059046514005e-01 4.322326909325525657e-01 3.491239429402575034e-01 7.024364833960358157e-01 7.633096630008818773e-01 4.912009835104488298e-01 8.232260566824668446e-01 5.984891190878331990e-01
7.682279986083544454e-01 8.043059963403368373e-01 6.160992012888528713e-01 4.656075066723828204e-01 5.186568407654121859e-01 6.221383178162790406e-01 8.664180642539943689e-01 4.488420146029746260e-01 4.761702850404838649e-01 3.959474576905344101e-01 5.861493935505692754e-01 6.043614541627324588e-01 8.320437915355214376e-01 6.560837585102687886e-01 5.550801155797736586e-01 3.896435691586092043e-01 8.822782300011366985e-01 2.111001532521765145e-01 5.289468381086972482e-01 1.799182871544687812e-01 5.309591168888283530e-01 2.928894049390049492e-01 8.716799325957482747e-01 9.322371187434028705e-01 5.983952191701957801e-02 0.000000000000000000e+00 4.254683674772274382e-01 5.577358398827638730e-01 4.908887237778842838e-01 3.219114224997088325e-01 6.689958013799370828e-01 8.314515774748292287e-01 7.559947986201249748e-01 5.244109262628249279e-01 8.471629834059140052e-01
7.853466056220781422e-01 6.862817375602001668e-01 6.395926130198427151e-01 9.379556644877923288e-01 1.548556111980645689e-01 5.712062850395731584e-01 5.935463063283626939e-01 8.918386581098147747e-01 6.661952184301833668e-01 4.487806160912537479e-01 5.181108648017502816e-01 6.495118444900244148e-01 5.093155348256499515e-01 8.470071077275367344e-01 7.270474931987179756e-01 3.479490676947556427e-01 3.180463988021920985e-01 6.610565927096967442e-01 2.663378413706729564e-01 7.950132302530709127e-01 5.306271561216615584e-01 6.937641974783089749e-01 4.958054730710987901e-01 5.521267166727306108e-01 5.348902846105736408e-01 4.254683674772274382e-01 0.000000000000000000e+00 3.712658108112693034e-01 7.335746670429710292e-01 3.669664465538675646e-01 5.796497703320759864e-01 9.077318795306295041e-01 1.173652401541043222e-01 7.784441342063792568e-01 8.242263502273985409e-01
6.862190274144761570e-01 8.512063059819074962e-02 9.129963639401404984e-01 4.536610086238967998e-01 3.678012930087308785e-01 7.400738589711516324e-01 7.200817563628119089e-01 4.085738900144097463e-01 5.597437997848559998e-01 7.668708199169784745e-01 6.294661271326537078e-01 6.075349345939925483e-01 5.722212909909636380e-01 4.834128964402362172e-01 8.602463378937778016e-01 5.518651826885030420e-01 4.267388928706080109e-01 6.296957554821707159e-01 5.883572641148203664e-01 4.977033283485394199e-01 8.003494681727685300e-01 5.059102822007448541e-01 7.465943366457571395e-01 4.208431637356650490e-01 2.818183059046514005e-01 5.577358398827638730e-01 3.712658108112693034e-01 0.000000000000000000e+00 6.660244247143788376e-01 8.065335611536454952e-01 8.180794185210688019e-01 2.184049454774368293e-01 6.535830822536058404e-01 5.588622975454852204e-01 5.318748647790543238e-01
7.945707359538606296e-01 5.011234972012205136e-01 3.840375887240214947e-01 6.410803865119736322e-01 4.369790006594235221e-01 7.044528142233690282e-01 6.470345892151045941e-01 7.585918617982272405e-01 2.426657272849140901e-01 7.420209306221869916e-01 8.744581496675111199e-01 6.971295946150621869e-01 4.362201199633850002e-01 4.746492819719402290e-01 1.316371901911579378e-01 7.869030132966163826e-01 5.408037669203732412e-01 7.988632053719808557e-01 6.672235076143685495e-01 1.298364950708233989e-01 8.528840626801226232e-01 6.580408651784477314e-01 3.576735344208217260e-01 3.973627250910039543e-01 4.322326909325525657e-01 4.908887237778842838e-01 7.335746670429710292e-01 6.660244247143788376e-01 0.000000000000000000e+00 5.451156584133837191e-01 9.844144867995123782e-01 8.655043476694977977e-01 1.150002251282410404e-01 4.487617236885068639e-01 7.995204156244323235e-01
6.455584518446918496e-01 6.333554751982334308e-01 3.054540118010589111e-01 4.937980081834614787e-01 5.541832716476411402e-01 3.907503805170193800e-01 6.030477824492193051e-01 8.285185827927470381e-01 3.870045834872497537e-01 4.696008353416899483e-01 3.506176588968265007e-01 9.071635025911695127e-02 4.703190618262140243e-01 2.865986444965532565e-01 9.241975245845071019e-01 8.979748987573537011e-01 8.560489627755951680e-01 5.818323130609979188e-01 3.344228771906984643e-01 4.168728551573536167e-01 5.102321638522206992e-01 2.499807893191632602e-01 6.896454026796341452e-01 4.108428828260226595e-01 3.491239429402575034e-01 3.219114224997088325e-01 3.669664465538675646e-01 8.065335611536454952e-01 5.451156584133837191e-01 0.000000000000000000e+00 4.849236234289605041e-01 6.183510273874769370e-01 6.134285277061002351e-01 5.566650106175922152e-01 3.549119246048541010e-01
7.101603007560517433e-01 4.297997237397521153e-01 7.784567472008391276e-01 8.080525121734167815e-01 7.092439566702726239e-01 7.696927975855949455e-02 4.281948346368185110e-01 6.129553396431292045e-01 5.534790212121369901e-01 8.873853558730218083e-01 6.392623681328382101e-01 7.092379133076183173e-01 6.914439579245104106e-01 6.186999102610646339e-01 7.829172075286180421e-01 6.721161377677131732e-01 2.843239008395104794e-01 5.884104316938205681e-01 5.282866310879549276e-01 8.608228666344277524e-01 5.356236090947068540e-01 8.424914242182879320e-01 7.917182879385800121e-01 4.791908216527531184e-01 7.024364833960358157e-01 6.689958013799370828e-01 5.796497703320759864e-01 8.180794185210688019e-01 9.844144867995123782e-01 4.849236234289605041e-01 0.000000000000000000e+00 5.807596333906971386e-01 5.310043661654048064e-01 6.608518890385601807e-01 7.948109152453664006e-01
7.875408294016976729e-01 4.764102216052805150e-01 7.352286031935708621e-01 3.316232187287119215e-01 3.774388811624054263e-01 8.693930921061554518e-01 7.339145373486528623e-01 4.364222360167188119e-01 3.484027546787080709e-01 6.924771162463010388e-01 1.940265023719217607e-01 8.833872994919483856e-01 5.332983710748672168e-01 7.882507827043072623e-02 8.285998465920728639e-01 3.528669502927300750e-01 4.018558597762711959e-01 4.376297573604175928e-01 3.760552126468799661e-01 7.580147671192687397e-01 4.728812795479547804e-01 5.011526575428292274e-01 3.935743405377781223e-01 7.507718863278076693e-01 7.633096630008818773e-01 8.314515774748292287e-01 9.077318795306295041e-01 2.184049454774368293e-01 8.655043476694977977e-01 6.183510273874769370e-01 5.807596333906971386e-01 0.000000000000000000e+00 8.432043235306542206e-01 7.241322977244091241e-02 8.780092096236448151e-01
4.556820040730704124e-01 3.215322884941964610e-01 7.588943761680289057e-01 8.280691830310322743e-01 4.377468503575044356e-01 5.794676771616091848e-01 2.879566660082254481e-01 8.782217454633031162e-01 6.477039809295355166e-01 4.971128753629923125e-01 4.524867266255857556e-01 6.709498700010998462e-01 4.172249885580588957e-01 8.024422824334518367e-01 2.808009541407447962e-01 3.846522743842355485e-01 8.340961145473555494e-01 6.680133578578902886e-01 7.452302450942966949e-01 8.041262093535054278e-01 5.963336246876759228e-01 5.743918730620679591e-01 7.886177905953266620e-01 3.911672143150848324e-01 4.912009835104488298e-01 7.559947986201249748e-01 1.173652401541043222e-01 6.535830822536058404e-01 1.150002251282410404e-01 6.134285277061002351e-01 5.310043661654048064e-01 8.432043235306542206e-01 0.000000000000000000e+00 5.176465553466934599e-01 5.178844565551461443e-01
3.817167364356367498e-01 8.401023448252269432e-01 7.877706641946864430e-01 7.347926421724754187e-01 7.535938071019527840e-01 9.351283673228776294e-01 6.890247428561601106e-01 2.647890602022354711e-01 4.365158443825251644e-01 1.815991690191585128e-01 9.024407803033043241e-01 8.730136411906879168e-01 6.644381243359951394e-01 5.236716026082984810e-01 4.757767033406962720e-01 5.624713018428489919e-01 6.266031038120998264e-01 4.147852253927814536e-01 7.821316051982247775e-01 3.179470326581599338e-01 6.690858708673019795e-01 4.497362052279894606e-01 5.347330099155143124e-01 6.537834542130827042e-01 8.232260566824668446e-01 5.244109262628249279e-01 7.784441342063792568e-01 5.588622975454852204e-01 4.487617236885068639e-01 5.566650106175922152e-01 6.608518890385601807e-01 7.241322977244091241e-02 5.176465553466934599e-01 0.000000000000000000e+00 4.077464504789831690e-01
7.568597138690470461e-01 2.708745328202606384e-01 3.172863776934555236e-01 9.065607844291818651e-01 7.798809091279984562e-01 3.552094864356052373e-01 8.103938962614354313e-01 6.948461981785135633e-01 1.312356546325651463e-01 6.502351399342154448e-01 8.688334170046705385e-01 8.520965752379279223e-01 4.335784722938432756e-01 5.372201054765088912e-01 5.182770743045878037e-01 8.940412379597921788e-01 4.357295422315697886e-01 8.912256843065751166e-01 7.921417337327369967e-01 9.762547693677608995e-01 4.207719457890614079e-01 4.882765826608373438e-01 5.262987788711011028e-01 7.284730016887164261e-01 5.984891190878331990e-01 8.471629834059140052e-01 8.242263502273985409e-01 5.318748647790543238e-01 7.995204156244323235e-01 3.549119246048541010e-01 7.948109152453664006e-01 8.780092096236448151e-01 5.178844565551461443e-01 4.077464504789831690e-01 0.000000000000000000e+00
