0.000000000000000000e+00 6.862023923444240392e-01 5.812545581000905237e-01 2.986668131560524797e-01 3.296693407481601779e-01 6.434982134662078357e-01 8.103004466267370587e-01 6.040056697499840421e-01 2.088579423932183377e-01 6.534716971369589622e-01 2.741619495401390050e-01 8.115679536307703890e-01 3.073519086327904382e-01 6.369324443855330919e-01 6.737463667928520472e-01 5.463332123310398192e-01 4.618947208981814545e-01 7.806022646270288634e-01 7.165513692655056666e-01 8.897467805909818894e-01 5.112324876245405436e-01 6.648555487106851958e-01 8.340877224551094260e-01 2.999002684085273485e-01 2.960440055997657360e-01 7.640940202145516391e-01 9.366899934780172909e-01 4.184875896358431491e-01 4.856216256913484242e-01 7.475514076924002493e-01 6.385126505344236314e-01 4.794771151828275402e-01 6.372381676493514835e-01 2.181536058539760292e-01 9.252670152626744082e-01
6.862023923444240392e-01 0.000000000000000000e+00 6.613929614121429879e-01 9.508808781670389232e-01 8.882678703124737840e-01 2.527247522689265447e-01 7.825382695935143573e-01 7.544887663788248933e-01 8.039345123484566979e-01 4.557708108531885460e-01 3.875456148018603386e-01 8.206881661442257947e-01 3.967914015000628125e-01 1.151112952717638915e-01 2.777800972414099512e-01 4.169247811205912813e-01 4.047956129004333659e-01 3.380164537503390076e-01 5.972602793635879426e-01 5.886263975022398842e-01 5.356824808054317932e-01 7.884743693631326433e-01 8.630780181553827646e-01 5.070144017260707070e-01 7.744334793693886665e-01 3.084146428318532696e-01 1.950344905999212841e-01 1.017020346719416657e-01 1.084845292630297608e-01 6.202104225926177161e-01 5.287240431601230028e-01 4.939314863873776051e-01 5.367793134913101394e-01 5.501799671221727639e-01 4.350927640217586712e-01
5.812545581000905237e-01 6.613929614121429879e-01 0.000000000000000000e+00 3.785114869987217245e-01 5.077065320865183917e-01 6.529525573833052654e-01 2.695611177681014881e-01 8.328915557798188818e-01 6.879127817339779627e-01 5.461871867690745175e-01 8.737687589863207815e-02 7.552384063854101770e-01 8.495707687289737464e-01 8.022047287892193346e-01 7.420535915388934978e-01 3.911902144278505133e-01 6.634426333846290547e-01 6.127808320104635165e-01 8.329977437816918906e-01 8.057283842728011347e-01 3.749103354868070781e-01 4.366266170550516246e-01 6.795096163219479513e-01 2.977154154532196673e-01 4.067115435984907656e-01 8.542125309592061289e-01 4.682645133247639313e-01 7.229523239794115597e-01 7.442751508107294800e-01 2.781972356565873827e-01 9.361421628946905438e-01 4.297539535300976543e-01 4.689380886085048328e-02 6.886783410767116642e-01 1.772699458979757337e-01
2.986668131560524797e-01 9.508808781670389232e-01 3.785114869987217245e-01 0.000000000000000000e+00 7.861399142294882569e-01 8.281598970811268057e-01 8.850386473223914585e-01 8.027993849265002702e-01 1.723765175237894631e-01 5.493628609486365111e-01 3.505256968902341619e-01 4.310238277625322301e-01 7.090999359404288604e-01 2.195673967081987477e-01 8.145276812071542416e-01 5.361551750960722451e-01 7.826306586192879333e-01 7.949359350553362180e-01 4.872170084870696138e-01 2.411980892363131401e-01 6.833146838374837273e-01 5.777037541441772950e-01 4.518158220403821201e-01 7.038204989701463132e-01 1.271020976764102306e-01 5.070584339841411881e-01 8.288329888748693364e-01 3.741470336814349817e-01 1.316892533114178976e-01 8.112563997052490983e-01 2.396132999827250698e-01 5.637700340278053446e-01 5.453839495471830556e-01 5.889245855841538368e-01 2.379528853334573757e-01
3.296693407481601779e-01 8.882678703124737840e-01 5.077065320865183917e-01 7.861399142294882569e-01 0.000000000000000000e+00 4.283349091925033880e-01 9.421285385840539872e-01 4.181154747009275807e-01 5.209037749450006194e-01 6.654064939840151904e-01 8.573955598184728188e-01 6.046816359373288208e-01 9.126154339409136007e-01 5.634103477272278671e-01 9.063498698677222576e-01 9.203641874031225356e-01 3.289874097349776427e-01 6.772378385500295028e-01 8.366267927380297564e-01 5.250746734747476774e-01 3.291831848823765228e-01 5.302174839034555776e-01 3.654428171254881508e-01 6.110795315651964543e-01 1.669646373399813477e-01 8.064005574248582775e-01 3.746021292736245178e-01 5.413767572042147425e-01 5.810248539033671111e-01 2.590877012760780529e-01 5.346375716742002293e-01 5.570278508671802076e-01 7.057944852169169003e-01 6.928429776950124630e-01 8.685105587185830700e-01
6.434982134662078357e-01 2.527247522689265447e-01 6.529525573833052654e-01 8.281598970811268057e-01 4.283349091925033880e-01 0.000000000000000000e+00 3.300136767441368413e-01 1.145437712086392334e-01 2.847193021792169265e-01 5.391304699372758691e-01 7.737539586613759734e-01 5.045705272301762578e-01 4.893698772698847343e-01 6.824450978206445528e-01 5.916175133278651632e-01 7.904541954938327786e-01 7.696482421462855772e-01 7.339020679899883604e-01 7.656845457251968412e-01 5.110650535494101199e-01 3.542089927636691282e-01 8.373611048852975802e-01 8.058146898906031197e-01 5.116198909900002700e-01 1.739381100164919536e-01 1.369853321770975185e-01 4.902104031420949082e-01 4.180791739015868314e-01 6.197048434449117238e-01 8.072439065327412511e-01 3.984649579143206277e-01 4.618688408667342427e-01 8.898332098077649244e-01 3.179645668624303534e-01 4.040546165724275274e-01
8.103004466267370587e-01 7.825382695935143573e-01 2.695611177681014881e-01 8.850386473223914585e-01 9.421285385840539872e-01 3.300136767441368413e-01 0.000000000000000000e+00 4.589512753594179317e-01 8.990885197767504167e-01 5.373728486125548542e-01 1.424803204057126793e-01 8.113822969460240397e-01 4.489175809059242073e-01 5.153565469138368105e-01 5.479019198211654285e-01 5.867897594426493280e-01 5.538811147605762208e-01 6.121205457918570403e-01 5.177371075823312685e-01 3.430972201158853929e-01 6.087871547680918649e-01 2.196116231824730425e-01 2.457801119870877682e-01 5.520191064777595358e-01 7.396734912726565803e-01 8.050385673791961016e-01 6.699325246942160472e-01 3.808068285617580706e-01 4.672788892548336293e-01 7.812802682522774766e-01 4.088889889648615883e-01 4.694772106671771805e-01 7.051150421780623123e-01 5.057795721561020308e-01 3.769687198906745973e-01
6.040056697499840421e-01 7.544887663788248933e-01 8.328915557798188818e-01 8.027993849265002702e-01 4.181154747009275807e-01 1.145437712086392334e-01 4.589512753594179317e-01 0.000000000000000000e+00 5.386984747972025644e-01 3.232657667355409714e-01 2.425207810061443814e-01 3.810178918201339027e-01 9.118991257618036528e-01 6.282413349144055914e-01 5.470330630435512598e-01 5.475247987422875440e-01 7.381611736992568229e-01 1.011498381429147830e-01 6.905368712517429008e-01 7.069604597211764929e-01 4.304871850642038034e-01 5.377621833857504363e-02 4.029827005519442951e-01 4.834875526663723888e-01 5.117472988156175351e-01 5.436192600901892380e-01 5.684806988401257533e-01 9.128018524785728172e-01 5.406718095994176299e-01 6.272359337838876447e-01 6.190609197231252692e-01 7.049329007199374164e-01 3.498781661418505218e-01 4.520546712766043140e-01 7.549611787923941053e-01
2.088579423932183377e-01 8.039345123484566979e-01 6.879127817339779627e-01 1.723765175237894631e-01 5.209037749450006194e-01 2.847193021792169265e-01 8.990885197767504167e-01 5.386984747972025644e-01 0.000000000000000000e+00 8.328669055538640009e-01 2.549744090905967098e-01 4.787606736119601192e-01 6.193284762748523242e-01 9.069812329876927315e-01 8.861802637560116658e-01 4.190369168421768653e-01 6.065426279985375313e-01 4.444825173930789797e-01 9.264509053991989429e-01 6.331132943747819208e-01 8.547783542473490481e-01 4.277380232427921425e-01 5.074718404887785805e-01 8.988429441104482942e-01 8.686869212242778193e-01 1.208445167931391229e-01 4.816445052067879762e-01 7.638406576705438766e-01 7.364853336538839113e-01 5.220455614758516827e-01 3.202655561374008197e-01 5.523225627372467805e-01 6.992064445890604496e-01 7.605718977298542294e-01 4.837723056623362550e-01
6.534716971369589622e-01 4.557708108531885460e-01 5.461871867690745175e-01 5.493628609486365111e-01 6.654064939840151904e-01 5.391304699372758691e-01 5.373728486125548542e-01 3.232657667355409714e-01 8.328669055538640009e-01 0.000000000000000000e+00 7.395506793044777094e-01 1.436905355859250388e-01 7.758989538672027564e-01 6.571570822283905322e-01 7.571072043278570529e-01 8.899177314992381405e-01 4.497867759184757119e-01 7.861340263544731588e-01 5.925867794969909008e-01 7.766887100633551588e-01 4.619279865936062879e-01 5.584078675464507757e-01 6.589010251145108743e-01 4.886513866814138907e-01 5.920840305364639677e-01 4.050359200002052185e-01 5.376293263603015848e-01 5.016202256598673026e-01 8.070163161163188548e-01 4.487917259989832042e-01 8.102120902803552349e-01 1.497668516688055451e-01 4.071517631490322309e-01 5.441995080368386972e-01 3.501855392558748115e-01
2.741619495401390050e-01 3.875456148018603386e-01 8.737687589863207815e-02 3.505256968902341619e-01 8.573955598184728188e-01 7.737539586613759734e-01 1.424803204057126793e-01 2.425207810061443814e-01 2.549744090905967098e-01 7.395506793044777094e-01 0.000000000000000000e+00 7.627068891481759705e-01 4.538847692801012412e-01 8.985313886871060252e-02 9.740933680171606213e-01 3.471949061713516249e-01 1.199844202660632630e-01 7.926711611017356329e-01 9.456096380115996958e-02 1.594133761209188260e-01 5.830657012501129222e-01 7.400119600383868734e-01 3.751507553749147128e-01 5.343378194419151628e-01 6.766821746872772048e-01 4.765706978633713620e-01 4.767947664618007453e-01 5.233498173187939306e-01 4.282089743396487735e-01 7.554003846956935941e-01 3.353055813347693981e-01 1.221266515939544162e-01 4.651943731664958670e-01 5.218862064323475103e-01 5.377267457767513914e-01
8.115679536307703890e-01 8.206881661442257947e-01 7.552384063854101770e-01 4.310238277625322301e-01 6.046816359373288208e-01 5.045705272301762578e-01 8.113822969460240397e-01 3.810178918201339027e-01 4.787606736119601192e-01 1.436905355859250388e-01 7.627068891481759705e-01 0.000000000000000000e+00 5.812942025503103904e-01 6.818392754472241135e-01 5.365526138546037327e-01 6.552226536998333462e-01 4.168704595674025959e-01 8.973367530382716506e-01 6.513623687771736837e-01 2.579515796022027740e-01 3.710540682530367174e-01 8.694829495467162328e-01 8.287883717933318684e-01 8.797871885042176654e-01 8.218560387286403257e-01 5.246782598603367820e-01 4.551227447682499316e-01 8.713487629994998152e-01 1.232434904165361500e-01 7.359553557014859582e-01 4.575606741790865795e-01 5.972382574415865397e-01 8.339872121532732052e-01 5.979255931381227684e-01 3.796106388514379759e-01
3.073519086327904382e-01 3.967914015000628125e-01 8.495707687289737464e-01 7.090999359404288604e-01 9.126154339409136007e-01 4.893698772698847343e-01 4.489175809059242073e-01 9.118991257618036528e-01 6.193284762748523242e-01 7.758989538672027564e-01 4.538847692801012412e-01 5.812942025503103904e-01 0.000000000000000000e+00 7.068140927954027486e-01 2.269370551975226080e-01 5.830579173051120279e-01 8.486675069243081460e-01 6.718183953498535477e-01 6.551570319591645264e-01 6.650421209652191967e-01 6.608556355682687622e-01 6.559120418146012765e-01 3.372815256187263744e-01 8.988614704922119891e-01 3.358631617718790818e-01 5.925151421092459403e-01 3.233751503110109393e-01 1.135136180650034854e-01 4.501876162562465367e-01 5.517623651997694001e-01 7.879444645053371721e-01 2.230083447748242298e-01 6.414865291039666406e-01 7.723095547906069225e-01 9.189037796768159128e-01
6.369324443855330919e-01 1.151112952717638915e-01 8.022047287892193346e-01 2.195673967081987477e-01 5.634103477272278671e-01 6.824450978206445528e-01 5.153565469138368105e-01 6.282413349144055914e-01 9.069812329876927315e-01 6.571570822283905322e-01 8.985313886871060252e-02 6.818392754472241135e-01 7.068140927954027486e-01 0.000000000000000000e+00 2.461918004357809830e-01 4.761445316708624031e-01 4.991092767234740490e-01 9.598811473801527328e-02 4.839356661215827304e-01 5.460806534727379313e-01 5.013697751838844807e-01 7.788414660501027376e-01 7.441933116272614335e-01 9.071229761701906646e-01 6.757190801408592407e-01 3.588655409163511445e-01 4.923213533247901008e-01 4.458275020930504429e-01 5.286798617267145506e-01 7.758205711935310944e-01 3.174546628546609517e-01 4.647528212838431538e-01 6.035235710867574710e-01 1.810115138815315272e-01 7.173710171775523614e-01
6.737463667928520472e-01 2.777800972414099512e-01 7.420535915388934978e-01 8.145276812071542416e-01 9.063498698677222576e-01 5.916175133278651632e-01 5.479019198211654285e-01 5.470330630435512598e-01 8.861802637560116658e-01 7.571072043278570529e-01 9.740933680171606213e-01 5.365526138546037327e-01 2.269370551975226080e-01 2.461918004357809830e-01 0.000000000000000000e+00 5.581213912190674531e-01 8.786406567419003943e-01 8.790059972261872190e-01 3.324781157618338923e-01 4.133587048553024057e-01 7.744628679851515152e-01 2.951832493948675085e-01 5.060966076971639138e-01 4.267172913149377966e-01 7.349876721629272636e-01 5.568613829987050234e-01 4.572612412776166368e-01 6.965673378744511313e-01 5.102648544216946691e-01 4.654075799433795568e-01 1.587593759438344909e-01 4.638201603598079426e-01 4.616656123431732150e-01 2.216261286284915699e-01 6.225545401843615156e-01
5.463332123310398192e-01 4.169247811205912813e-01 3.911902144278505133e-01 5.361551750960722451e-01 9.203641874031225356e-01 7.904541954938327786e-01 5.867897594426493280e-01 5.475247987422875440e-01 4.190369168421768653e-01 8.899177314992381405e-01 3.471949061713516249e-01 6.552226536998333462e-01 5.830579173051120279e-01 4.761445316708624031e-01 5.581213912190674531e-01 0.000000000000000000e+00 5.187423558988568661e-01 4.512236672615103084e-01 4.310183262277228478e-01 5.359816997701616348e-01 4.404809039467734166e-01 8.885033762355639686e-01 7.293684612963957647e-01 8.003104370233053988e-01 6.567729072841621552e-01 4.952625240356260394e-01 6.040279972731215086e-01 8.298766679956692816e-01 9.103788433609558695e-01 8.103479896378159575e-01 2.667854747864704112e-01 5.069359133589056432e-01 6.980220174168234593e-01 5.062270228392022897e-01 5.706697074941033954e-01
4.618947208981814545e-01 4.047956129004333659e-01 6.634426333846290547e-01 7.826306586192879333e-01 3.289874097349776427e-01 7.696482421462855772e-01 5.538811147605762208e-01 7.381611736992568229e-01 6.065426279985375313e-01 4.497867759184757119e-01 1.199844202660632630e-01 4.168704595674025959e-01 8.486675069243081460e-01 4.991092767234740490e-01 8.786406567419003943e-01 5.187423558988568661e-01 0.000000000000000000e+00 5.567037293809556919e-01 7.120413429553221762e-01 3.942751627795451075e-01 2.628540549897797618e-01 5.413292159411570159e-01 4.095828001364896220e-01 2.569909514756949509e-01 4.416340806152118104e-01 4.821880893285098724e-01 6.827453062708962461e-01 3.849666173679445746e-01 8.716872684966276985e-01 3.407429853439470913e-01 7.831502787190935955e-01 5.751635912236856552e-01 4.971233860520862247e-01 5.997652055621160994e-01 9.401787707725635101e-01
7.806022646270288634e-01 3.380164537503390076e-01 6.127808320104635165e-01 7.949359350553362180e-01 6.772378385500295028e-01 7.339020679899883604e-01 6.121205457918570403e-01 1.011498381429147830e-01 4.444825173930789797e-01 7.861340263544731588e-01 7.926711611017356329e-01 8.973367530382716506e-01 6.718183953498535477e-01 9.598811473801527328e-02 8.790059972261872190e-01 4.512236672615103084e-01 5.567037293809556919e-01 0.000000000000000000e+00 7.372789565869245498e-01 8.648068993334834254e-01 4.414883297387912631e-01 6.683594690298215735e-01 5.954365925826750061e-01 1.287356782095872010e-01 7.228901958411201312e-01 1.528973565498379372e-01 5.391992950985813327e-01 4.614352932237836824e-01 8.078790441178459458e-01 3.300654961791104625e-01 7.210726579607450448e-01 4.214387682321799611e-01 4.696791795358990496e-01 6.759935507106086261e-01 7.196283525595555952e-01
7.165513692655056666e-01 5.972602793635879426e-01 8.329977437816918906e-01 4.872170084870696138e-01 8.366267927380297564e-01 7.656845457251968412e-01 5.177371075823312685e-01 6.905368712517429008e-01 9.264509053991989429e-01 5.925867794969909008e-01 9.456096380115996958e-02 6.513623687771736837e-01 6.551570319591645264e-01 4.839356661215827304e-01 3.324781157618338923e-01 4.310183262277228478e-01 7.120413429553221762e-01 7.372789565869245498e-01 0.000000000000000000e+00 4.021081711694376448e-01 5.876864162684997117e-01 2.615637518569955966e-01 7.243696004664762489e-01 4.122515140678196799e-01 1.513643137309900744e-01 4.374261393329074155e-01 4.777683481328399706e-01 5.339323459057384591e-01 2.130689041806437256e-01 3.484777892564914215e-01 8.115832213774540893e-01 5.372720673312700868e-01 6.240626348653148803e-01 9.177614732092642669e-01 4.200432324343813528e-01
8.897467805909818894e-01 5.886263975022398842e-01 8.057283842728011347e-01 2.411980892363131401e-01 5.250746734747476774e-01 5.110650535494101199e-01 3.430972201158853929e-01 7.069604597211764929e-01 6.331132943747819208e-01 7.766887100633551588e-01 1.594133761209188260e-01 2.579515796022027740e-01 6.650421209652191967e-01 5.460806534727379313e-01 4.133587048553024057e-01 5.359816997701616348e-01 3.942751627795451075e-01 8.648068993334834254e-01 4.021081711694376448e-01 0.000000000000000000e+00 2.305826938423840844e-01 3.321956292152923318e-01 4.279586838984520414e-01 6.259630276859068365e-01 6.602869000734548077e-01 5.649710521309145861e-01 3.583790341973296933e-01 4.715164706845547116e-01 8.421746843904889257e-01 7.930226957948216526e-02 7.211969278618777235e-01 5.092498618375873587e-02 5.341485928725044907e-01 1.072343070040716606e-01 6.416058043081462881e-01
5.112324876245405436e-01 5.356824808054317932e-01 3.749103354868070781e-01 6.833146838374837273e-01 3.291831848823765228e-01 3.542089927636691282e-01 6.087871547680918649e-01 4.304871850642038034e-01 8.547783542473490481e-01 4.619279865936062879e-01 5.830657012501129222e-01 3.710540682530367174e-01 6.608556355682687622e-01 5.013697751838844807e-01 7.744628679851515152e-01 4.404809039467734166e-01 2.628540549897797618e-01 4.414883297387912631e-01 5.876864162684997117e-01 2.305826938423840844e-01 0.000000000000000000e+00 2.644323166994383412e-01 8.133568706550047267e-01 4.602352423177429319e-01 6.362438970825317064e-01 2.802473334969974861e-01 8.773778052150884577e-01 7.589217214196508632e-01 8.772710380186462542e-01 6.176949236277236022e-01 4.299552912124182669e-01 7.779179670255678136e-01 1.958218559666106140e-01 1.303312206947565555e-01 5.347390624171650675e-01
6.648555487106851958e-01 7.884743693631326433e-01 4.366266170550516246e-01 5.777037541441772950e-01 5.302174839034555776e-01 8.373611048852975802e-01 2.196116231824730425e-01 5.377621833857504363e-02 4.277380232427921425e-01 5.584078675464507757e-01 7.400119600383868734e-01 8.694829495467162328e-01 6.559120418146012765e-01 7.788414660501027376e-01 2.951832493948675085e-01 8.885033762355639686e-01 5.413292159411570159e-01 6.683594690298215735e-01 2.615637518569955966e-01 3.321956292152923318e-01 2.644323166994383412e-01 0.000000000000000000e+00 3.999268228191457109e-01 4.493098471366414604e-01 4.501325505078468403e-02 7.238995210732371843e-01 6.237989277101162466e-01 1.742009704158349326e-01 8.037957688834460601e-01 9.437787045435799271e-01 2.134403146349221903e-01 7.214414282790893029e-01 4.397109129151939300e-01 8.423463666299914054e-01 2.217157339456113652e-01
8.340877224551094260e-01 8.630780181553827646e-01 6.795096163219479513e-01 4.518158220403821201e-01 3.654428171254881508e-01 8.058146898906031197e-01 2.457801119870877682e-01 4.029827005519442951e-01 5.074718404887785805e-01 6.589010251145108743e-01 3.751507553749147128e-01 8.287883717933318684e-01 3.372815256187263744e-01 7.441933116272614335e-01 5.060966076971639138e-01 7.293684612963957647e-01 4.095828001364896220e-01 5.954365925826750061e-01 7.243696004664762489e-01 4.279586838984520414e-01 8.133568706550047267e-01 3.999268228191457109e-01 0.000000000000000000e+00 6.090747865571872754e-01 8.230543583513854067e-01 6.345771748320470085e-01 4.610902725133311231e-01 2.941853438548442945e-01 4.087860174521010803e-01 5.981837895104998859e-01 8.234686804790721792e-01 3.793449685399590821e-01 5.028688908804399560e-01 1.127598895382948552e-01 2.010673795743420089e-01
2.999002684085273485e-01 5.070144017260707070e-01 2.977154154532196673e-01 7.038204989701463132e-01 6.110795315651964543e-01 5.116198909900002700e-01 5.520191064777595358e-01 4.834875526663723888e-01 8.988429441104482942e-01 4.886513866814138907e-01 5.343378194419151628e-01 8.797871885042176654e-01 8.988614704922119891e-01 9.071229761701906646e-01 4.267172913149377966e-01 8.003104370233053988e-01 2.569909514756949509e-01 1.287356782095872010e-01 4.122515140678196799e-01 6.259630276859068365e-01 4.602352423177429319e-01 4.493098471366414604e-01 6.090747865571872754e-01 0.000000000000000000e+00 4.457456440073270798e-01 5.197875422316959870e-01 5.772903115437790778e-01 6.378938634098043625e-01 6.043980260450543263e-01 2.749272542559726973e-01 9.204586266503202996e-01 5.825684877683714458e-01 5.816479389385686982e-01 2.282563461409147232e-01 4.873238364538441947e-01
2.960440055997657360e-01 7.744334793693886665e-01 4.067115435984907656e-01 1.271020976764102306e-01 1.669646373399813477e-01 1.739381100164919536e-01 7.396734912726565803e-01 5.117472988156175351e-01 8.686869212242778193e-01 5.920840305364639677e-01 6.766821746872772048e-01 8.218560387286403257e-01 3.358631617718790818e-01 6.757190801408592407e-01 7.349876721629272636e-01 6.567729072841621552e-01 4.416340806152118104e-01 7.228901958411201312e-01 1.513643137309900744e-01 6.602869000734548077e-01 6.362438970825317064e-01 4.501325505078468403e-02 8.230543583513854067e-01 4.457456440073270798e-01 0.000000000000000000e+00 6.269256736492063720e-01 6.068887388738268829e-01 4.640876184399708726e-01 5.955266002930095226e-01 9.334774274378230263e-01 5.988493214065391257e-01 7.829536301489533612e-01 4.736536140905072134e-01 7.805994980752486434e-01 6.608079730708319444e-01
7.640940202145516391e-01 3.084146428318532696e-01 8.542125309592061289e-01 5.070584339841411881e-01 8.064005574248582775e-01 1.369853321770975185e-01 8.050385673791961016e-01 5.436192600901892380e-01 1.208445167931391229e-01 4.050359200002052185e-01 4.765706978633713620e-01 5.246782598603367820e-01 5.925151421092459403e-01 3.588655409163511445e-01 5.568613829987050234e-01 4.952625240356260394e-01 4.821880893285098724e-01 1.528973565498379372e-01 4.374261393329074155e-01 5.649710521309145861e-01 2.802473334969974861e-01 7.238995210732371843e-01 6.345771748320470085e-01 5.197875422316959870e-01 6.269256736492063720e-01 0.000000000000000000e+00 7.668045662039475463e-01 3.908103158416604828e-01 8.431907030376726286e-01 8.010342641602858915e-01 7.193508407175643882e-01 3.317484514914224025e-01 6.905781568592199715e-01 4.180840198561324161e-01 7.160280460416199588e-01
9.366899934780172909e-01 1.950344905999212841e-01 4.682645133247639313e-01 8.288329888748693364e-01 3.746021292736245178e-01 4.902104031420949082e-01 6.699325246942160472e-01 5.684806988401257533e-01 4.816445052067879762e-01 5.376293263603015848e-01 4.767947664618007453e-01 4.551227447682499316e-01 3.233751503110109393e-01 4.923213533247901008e-01 4.572612412776166368e-01 6.040279972731215086e-01 6.827453062708962461e-01 5.391992950985813327e-01 4.777683481328399706e-01 3.583790341973296933e-01 8.773778052150884577e-01 6.237989277101162466e-01 4.610902725133311231e-01 5.772903115437790778e-01 6.068887388738268829e-01 7.668045662039475463e-01 0.000000000000000000e+00 3.024385321408971095e-01 4.584036204275660498e-01 4.265235513520085342e-01 5.284444561442747101e-01 8.101950089390392851e-01 6.062379102427368771e-01 4.179092971424890890e-01 6.909543469359287204e-01
4.184875896358431491e-01 1.017020346719416657e-01 7.229523239794115597e-01 3.741470336814349817e-01 5.413767572042147425e-01 4.180791739015868314e-01 3.808068285617580706e-01 9.128018524785728172e-01 7.638406576705438766e-01 5.016202256598673026e-01 5.233498173187939306e-01 8.713487629994998152e-01 1.135136180650034854e-01 4.458275020930504429e-01 6.965673378744511313e-01 8.298766679956692816e-01 3.849666173679445746e-01 4.614352932237836824e-01 5.339323459057384591e-01 4.715164706845547116e-01 7.589217214196508632e-01 1.742009704158349326e-01 2.941853438548442945e-01 6.378938634098043625e-01 4.640876184399708726e-01 3.908103158416604828e-01 3.024385321408971095e-01 0.000000000000000000e+00 5.754183269598345252e-01 4.704569469766642364e-01 6.557293425999684011e-01 4.778498842722380124e-01 8.545979281204808542e-01 5.678181172130267740e-01 5.488038247198980812e-01
4.856216256913484242e-01 1.084845292630297608e-01 7.442751508107294800e-01 1.316892533114178976e-01 5.810248539033671111e-01 6.197048434449117238e-01 4.672788892548336293e-01 5.406718095994176299e-01 7.364853336538839113e-01 8.070163161163188548e-01 4.282089743396487735e-01 1.232434904165361500e-01 4.501876162562465367e-01 5.286798617267145506e-01 5.102648544216946691e-01 9.103788433609558695e-01 8.716872684966276985e-01 8.078790441178459458e-01 2.130689041806437256e-01 8.421746843904889257e-01 8.772710380186462542e-01 8.037957688834460601e-01 4.087860174521010803e-01 6.043980260450543263e-01 5.955266002930095226e-01 8.431907030376726286e-01 4.584036204275660498e-01 5.754183269598345252e-01 0.000000000000000000e+00 2.807820223215947708e-01 9.818505662353679275e-01 4.711011219862740740e-01 5.876697025286247156e-01 7.721927845576181948e-02 9.388675888462320041e-01
7.475514076924002493e-01 6.202104225926177161e-01 2.781972356565873827e-01 8.112563997052490983e-01 2.590877012760780529e-01 8.072439065327412511e-01 7.812802682522774766e-01 6.272359337838876447e-01 5.220455614758516827e-01 4.487917259989832042e-01 7.554003846956935941e-01 7.359553557014859582e-01 5.517623651997694001e-01 7.758205711935310944e-01 4.654075799433795568e-01 8.103479896378159575e-01 3.407429853439470913e-01 3.300654961791104625e-01 3.484777892564914215e-01 7.930226957948216526e-02 6.176949236277236022e-01 9.437787045435799271e-01 5.981837895104998859e-01 2.749272542559726973e-01 9.334774274378230263e-01 8.010342641602858915e-01 4.265235513520085342e-01 4.704569469766642364e-01 2.807820223215947708e-01 0.000000000000000000e+00 6.863970417462476048e-01 4.405273756831452614e-01 9.398107348597779520e-01 5.694821252929124222e-01 9.713429617478753775e-01
6.385126505344236314e-01 5.287240431601230028e-01 9.361421628946905438e-01 2.396132999827250698e-01 5.346375716742002293e-01 3.984649579143206277e-01 4.088889889648615883e-01 6.190609197231252692e-01 3.202655561374008197e-01 8.102120902803552349e-01 3.353055813347693981e-01 4.575606741790865795e-01 7.879444645053371721e-01 3.174546628546609517e-01 1.587593759438344909e-01 2.667854747864704112e-01 7.831502787190935955e-01 7.210726579607450448e-01 8.115832213774540893e-01 7.211969278618777235e-01 4.299552912124182669e-01 2.134403146349221903e-01 8.234686804790721792e-01 9.204586266503202996e-01 5.988493214065391257e-01 7.193508407175643882e-01 5.284444561442747101e-01 6.557293425999684011e-01 9.818505662353679275e-01 6.863970417462476048e-01 0.000000000000000000e+00 4.406970687822897026e-01 4.067847808975563195e-01 6.152749497510840992e-01 8.587789374410212950e-01
4.794771151828275402e-01 4.939314863873776051e-01 4.297539535300976543e-01 5.637700340278053446e-01 5.570278508671802076e-01 4.618688408667342427e-01 4.694772106671771805e-01 7.049329007199374164e-01 5.523225627372467805e-01 1.497668516688055451e-01 1.221266515939544162e-01 5.972382574415865397e-01 2.230083447748242298e-01 4.647528212838431538e-01 4.638201603598079426e-01 5.069359133589056432e-01 5.751635912236856552e-01 4.214387682321799611e-01 5.372720673312700868e-01 5.092498618375873587e-02 7.779179670255678136e-01 7.214414282790893029e-01 3.793449685399590821e-01 5.825684877683714458e-01 7.829536301489533612e-01 3.317484514914224025e-01 8.101950089390392851e-01 4.778498842722380124e-01 4.711011219862740740e-01 4.405273756831452614e-01 4.406970687822897026e-01 0.000000000000000000e+00 3.946143878151427975e-01 6.925750684276728020e-01 7.973502956392384267e-01
6.372381676493514835e-01 5.367793134913101394e-01 4.689380886085048328e-02 5.453839495471830556e-01 7.057944852169169003e-01 8.898332098077649244e-01 7.051150421780623123e-01 3.498781661418505218e-01 6.992064445890604496e-01 4.071517631490322309e-01 4.651943731664958670e-01 8.339872121532732052e-01 6.414865291039666406e-01 6.035235710867574710e-01 4.616656123431732150e-01 6.980220174168234593e-01 4.971233860520862247e-01 4.696791795358990496e-01 6.240626348653148803e-01 5.341485928725044907e-01 1.958218559666106140e-01 4.397109129151939300e-01 5.028688908804399560e-01 5.816479389385686982e-01 4.736536140905072134e-01 6.905781568592199715e-01 6.062379102427368771e-01 8.545979281204808542e-01 5.876697025286247156e-01 9.398107348597779520e-01 4.067847808975563195e-01 3.946143878151427975e-01 0.000000000000000000e+00 7.536537267010510188e-01 5.938532075559208590e-01
2.181536058539760292e-01 5.501799671221727639e-01 6.886783410767116642e-01 5.889245855841538368e-01 6.928429776950124630e-01 3.179645668624303534e-01 5.057795721561020308e-01 4.520546712766043140e-01 7.605718977298542294e-01 5.441995080368386972e-01 5.218862064323475103e-01 5.979255931381227684e-01 7.723095547906069225e-01 1.810115138815315272e-01 2.216261286284915699e-01 5.062270228392022897e-01 5.997652055621160994e-01 6.759935507106086261e-01 9.177614732092642669e-01 1.072343070040716606e-01 1.303312206947565555e-01 8.423463666299914054e-01 1.127598895382948552e-01 2.282563461409147232e-01 7.805994980752486434e-01 4.180840198561324161e-01 4.179092971424890890e-01 5.678181172130267740e-01 7.721927845576181948e-02 5.694821252929124222e-01 6.152749497510840992e-01 6.925750684276728020e-01 7.536537267010510188e-01 0.000000000000000000e+00 7.587465935799275751e-01
9.252670152626744082e-01 4.350927640217586712e-01 1.772699458979757337e-01 2.379528853334573757e-01 8.685105587185830700e-01 4.040546165724275274e-01 3.769687198906745973e-01 7.549611787923941053e-01 4.837723056623362550e-01 3.501855392558748115e-01 5.377267457767513914e-01 3.796106388514379759e-01 9.189037796768159128e-01 7.173710171775523614e-01 6.225545401843615156e-01 5.706697074941033954e-01 9.401787707725635101e-01 7.196283525595555952e-01 4.200432324343813528e-01 6.416058043081462881e-01 5.347390624171650675e-01 2.217157339456113652e-01 2.010673795743420089e-01 4.873238364538441947e-01 6.608079730708319444e-01 7.160280460416199588e-01 6.909543469359287204e-01 5.488038247198980812e-01 9.388675888462320041e-01 9.713429617478753775e-01 8.587789374410212950e-01 7.973502956392384267e-01 5.938532075559208590e-01 7.587465935799275751e-01 0.000000000000000000e+00
