0.000000000000000000e+00 3.946267310235787029e-01 4.006931835269691433e-01 4.827364262550888352e-01 4.305541919855617738e-01 4.219572273607146151e-01 7.479130719017782480e-01 4.419712077108702841e-01 7.264583751594317906e-01 4.401484740183308486e-01 8.116293117690780434e-01 7.172691680710350237e-01 8.028968349096250456e-01 8.002815263461342532e-01 4.151341407678637019e-01 8.504192113748691995e-01 4.219498018691676955e-01 1.740554293605741654e-01 6.823548751037552540e-01 9.018080995302413250e-01 3.879880234115654636e-01 2.464451333550203016e-01 7.436520723244595121e-01 9.232697763354221765e-01 2.649927146891412622e-01 3.732037527563920598e-01 6.193535018019760141e-01 4.321222280868617371e-01 3.460880332708461404e-01 8.331992934373413373e-01 2.109026935648494749e-01 7.963198548449885728e-01 6.057658359179296514e-01 5.151811455651768012e-01 4.772890798678675051e-02
3.946267310235787029e-01 0.000000000000000000e+00 8.227793774297802454e-01 2.780064504949609772e-01 6.345923782423740223e-01 4.216331338535906914e-01 7.355886515081198063e-01 7.701350845947030344e-01 4.861337452855958308e-01 8.417223637718056484e-01 4.650718872556887096e-01 5.716024529364599482e-01 4.993834744341072440e-01 7.850333963714527519e-01 4.189620941201532833e-02 4.745484097705577886e-01 9.545604313116099471e-01 2.454123668309391437e-01 5.932021127925248827e-01 7.156938273101154380e-01 2.443758512193804355e-01 5.950589472825951187e-01 4.052915553912670443e-01 7.062913848262358796e-01 6.443871581764175627e-01 6.794946675465916019e-01 4.751017726841330058e-01 4.988748190489686318e-01 3.632828823863880618e-01 5.210941221921674416e-01 4.073239979696032798e-01 7.060282532466368721e-01 9.038060112197070506e-01 4.000818872064852427e-01 8.398891264248282695e-01
4.006931835269691433e-01 8.227793774297802454e-01 0.000000000000000000e+00 4.157401245469332651e-01 6.917675620367476075e-01 2.228090877268390502e-01 5.003902033656434378e-01 4.571915150181555809e-01 5.026553132504298915e-01 1.706269104880795973e-01 9.597190818367987708e-01 4.358700066004849161e-01 4.031034042365977399e-02 4.153133592299151911e-01 2.170820223367176394e-01 8.570565499556930256e-01 5.133796408581259296e-01 5.734407711271807262e-01 9.401440503199537391e-01 5.851674974244160943e-01 8.851530811670157428e-01 3.093977087213923838e-01 3.535803969067361496e-01 7.680590169781685850e-01 7.019863260030432262e-01 3.335877540182543011e-01 3.935708824539134731e-01 4.818804416996534390e-01 6.885942166347347460e-02 3.331651937720843115e-01 4.461878635016850447e-01 6.076019405883882341e-01 4.285699758886023503e-01 6.153411156678074700e-01 5.797447362215381039e-01
4.827364262550888352e-01 2.780064504949609772e-01 4.157401245469332651e-01 0.000000000000000000e+00 2.963019693770096996e-01 8.361028466485290744e-01 7.251640659966667180e-01 3.029006800441264025e-01 5.580393662624866247e-01 3.168680653541320891e-01 5.470280840350290052e-01 5.264528403030965809e-01 7.574308217757446116e-01 7.110746400805805223e-01 1.914686743009923475e-01 6.066264675516250815e-01 3.321441180321725861e-01 6.247768492839711474e-01 1.452535101230157943e-01 8.639875810471220330e-01 3.727769692486285202e-01 2.967329129597151560e-01 5.157489101706647094e-01 6.532981663337582567e-01 3.900339030913393401e-01 2.488547526888959804e-01 2.901166143182394852e-01 6.191521015185375010e-01 2.254532705636301815e-01 5.411935205322162545e-01 4.828652694664587464e-01 9.361234367012375435e-01 6.713564534532008299e-01 2.118809486612689419e-01 3.626392176055802663e-01
4.305541919855617738e-01 6.345923782423740223e-01 6.917675620367476075e-01 2.963019693770096996e-01 0.000000000000000000e+00 5.892557756681258141e-01 3.738545602892947572e-01 6.340578447869638090e-01 5.980775019617232680e-01 1.584744729728871926e-01 4.193005579568225283e-01 3.073958404783008191e-01 1.220148557840993186e-01 5.758128685430657923e-01 3.996098077267129511e-01 1.349016628437983423e-01 2.875615696941249411e-01 3.979093449271744465e-01 3.248005400668669274e-01 5.551911498223980335e-01 7.411813639281208399e-01 6.192659472212875826e-01 5.735126460083308508e-01 5.507594125373316274e-01 4.605745534347976400e-01 4.223019688349321510e-01 3.129098318604974782e-01 5.293470910260812401e-01 7.076872272025354071e-01 9.621766534421805073e-02 5.378524012455978554e-01 5.448537349095565752e-01 1.621327153256144071e-01 4.440740957181419923e-01 7.270752863180665049e-01
4.219572273607146151e-01 4.216331338535906914e-01 2.228090877268390502e-01 8.361028466485290744e-01 5.892557756681258141e-01 0.000000000000000000e+00 5.687888938396410410e-01 5.328549228158043771e-01 7.315350130480360313e-01 7.268062148706764258e-01 3.590895203004967340e-01 7.298928978629544151e-01 4.570784183790945754e-01 6.586398527123105140e-01 3.152396274130567777e-01 8.843722411207033396e-02 7.285981014615552365e-01 5.696698797668992009e-01 5.263833667806601113e-01 8.379065695883414211e-01 8.594405210315838595e-01 5.290167335810126437e-01 4.848410507497328270e-01 1.425133332877465131e-01 6.237855951153621348e-01 3.467989083591813682e-01 2.630377357492958978e-01 4.559534221813497656e-01 7.876120789816203338e-01 3.936425312711182567e-01 5.259610560414527125e-01 4.635512093657190857e-01 5.979156073492282175e-01 1.613280333718205561e-01 5.649465966147342311e-01
7.479130719017782480e-01 7.355886515081198063e-01 5.003902033656434378e-01 7.251640659966667180e-01 3.738545602892947572e-01 5.687888938396410410e-01 0.000000000000000000e+00 5.285543322828940571e-01 5.372657918393957122e-01 2.853846564379143858e-01 2.160065013716410687e-01 3.626142008333668176e-01 1.943007460872203662e-01 8.538629857092463471e-01 8.728659316264331114e-01 4.404657466059371806e-01 5.427402932610035924e-01 6.483241207897298963e-01 5.265102186421396491e-01 3.586854650989859117e-01 8.001917602855159739e-01 4.368145445981700403e-01 7.333614286466276777e-01 5.890689185149352580e-01 4.991472633524492997e-01 7.721580540916331836e-01 1.741044837297831549e-01 3.890443421383883438e-01 5.998259224570210435e-01 4.443394135816159385e-01 2.468560469151596104e-01 4.708311310043538644e-01 4.101035094351668797e-01 4.984909213516340309e-01 6.286991008052595920e-01
4.419712077108702841e-01 7.701350845947030344e-01 4.571915150181555809e-01 3.029006800441264025e-01 6.340578447869638090e-01 5.328549228158043771e-01 5.285543322828940571e-01 0.000000000000000000e+00 1.492515471246331771e-01 6.849286134446315177e-01 6.098511478489461179e-01 7.706708162371201931e-01 8.137825172932937612e-01 5.702076616432851797e-01 3.814254185190446567e-01 5.511166869110286637e-01 3.932810764428494310e-01 2.302548056212682104e-01 8.169847634037488149e-01 4.560605380669354725e-01 4.125843249343046915e-01 8.817727389562914908e-01 7.062727904259002987e-01 5.558092617245402600e-01 4.945798600058121108e-01 6.230438530550619358e-01 5.521329194845651100e-01 4.887530358185417922e-01 2.330361780014517104e-01 9.086149974685604480e-01 8.692176491092888924e-01 7.942840891069097298e-01 9.510564803368659614e-02 7.651323990787006757e-01 3.062488273741896250e-01
7.264583751594317906e-01 4.861337452855958308e-01 5.026553132504298915e-01 5.580393662624866247e-01 5.980775019617232680e-01 7.315350130480360313e-01 5.372657918393957122e-01 1.492515471246331771e-01 0.000000000000000000e+00 3.092689667640616813e-01 6.898788159039466183e-01 3.301438093406042773e-01 5.980466914270587964e-01 8.212655118156884093e-01 3.684516616069337669e-01 6.091976869924589089e-01 3.755699131627383558e-01 9.237428362222619427e-01 3.379490630689918618e-01 8.347101705305002284e-01 4.565803221636310916e-01 3.328132039398427056e-01 6.196969238672104252e-01 4.447977932106669252e-01 7.025012790447932032e-01 1.504026467438908110e-01 5.686167387118585825e-01 4.330542678472422136e-01 7.185946888482146466e-01 5.080758459695016160e-01 3.888157154485155642e-01 8.808048211800997285e-01 6.874858813628121901e-01 8.200416865633468610e-01 8.462557257783244191e-01
4.401484740183308486e-01 8.417223637718056484e-01 1.706269104880795973e-01 3.168680653541320891e-01 1.584744729728871926e-01 7.268062148706764258e-01 2.853846564379143858e-01 6.849286134446315177e-01 3.092689667640616813e-01 0.000000000000000000e+00 3.875963049337078914e-01 7.905324846657777460e-01 4.783568004371978599e-01 5.498953610697803196e-01 4.424884650853928569e-01 6.065823942837886840e-01 8.942220719790550110e-01 4.854216114853985853e-01 2.790968652951036910e-01 2.014774466846276368e-01 2.471145586185437004e-01 4.418527492815806923e-01 5.981254732395980822e-01 3.335803529823003766e-01 5.880507939996328926e-01 4.991133132952769169e-01 6.819132982915915298e-01 6.015178926439024298e-01 2.647589741228857929e-01 4.456040088739826599e-01 4.044670476514782842e-01 4.416598091677401139e-01 5.738732535184583039e-01 9.240198933246868140e-01 8.748257259761451632e-01
8.116293117690780434e-01 4.650718872556887096e-01 9.597190818367987708e-01 5.470280840350290052e-01 4.193005579568225283e-01 3.590895203004967340e-01 2.160065013716410687e-01 6.098511478489461179e-01 6.898788159039466183e-01 3.875963049337078914e-01 0.000000000000000000e+00 8.612649005758592491e-01 5.044994264756039737e-01 3.866035731781632956e-01 3.879534082377266158e-01 3.453020780389629563e-01 5.051650858097744834e-01 1.923169607420311955e-01 4.234077891773885827e-01 4.945363858658458622e-01 5.238983802627703579e-01 7.240410937431660532e-01 4.276572895590471934e-01 4.845071573308094570e-01 5.230412969802650247e-01 1.887748969092247764e-01 3.350132820350292251e-01 8.206311731711461999e-01 4.558873842016680222e-01 8.187386374183929227e-01 1.047175282109756855e-01 7.919659806552921122e-01 4.910488146286201561e-01 5.749317370715583131e-01 2.978660606887848505e-01
7.172691680710350237e-01 5.716024529364599482e-01 4.358700066004849161e-01 5.264528403030965809e-01 3.073958404783008191e-01 7.298928978629544151e-01 3.626142008333668176e-01 7.706708162371201931e-01 3.301438093406042773e-01 7.905324846657777460e-01 8.612649005758592491e-01 0.000000000000000000e+00 4.098450423806447307e-01 8.046675259265101410e-02 5.740159006572196354e-01 3.793220553003118223e-01 3.253534561277414694e-01 5.539415788438637467e-01 2.232585025953334745e-01 7.851865769094868996e-01 7.014635047787276534e-02 6.423412966858396134e-01 4.717007903186227757e-01 2.354165290890001816e-01 5.984580643889660934e-01 7.956397711292690911e-01 5.472340939572114538e-01 5.099794005469221458e-01 3.420079463518266305e-01 7.965859920171096675e-01 4.468375336305562273e-01 4.549519962026229436e-01 6.494981949797488108e-01 3.120146378165682410e-01 4.538155693412609937e-01
8.028968349096250456e-01 4.993834744341072440e-01 4.031034042365977399e-02 7.574308217757446116e-01 1.220148557840993186e-01 4.570784183790945754e-01 1.943007460872203662e-01 8.137825172932937612e-01 5.980466914270587964e-01 4.783568004371978599e-01 5.044994264756039737e-01 4.098450423806447307e-01 0.000000000000000000e+00 2.832479446726238748e-01 3.253981052450070077e-01 3.360427918850127371e-01 4.886402741018846529e-01 1.514073709691909353e-01 4.673221284072674453e-01 6.974522940509269020e-01 4.791311915512928565e-01 3.314637417693281352e-01 4.181771961987267860e-01 1.880711233816451111e-01 7.607244118166233138e-01 4.284258842140324375e-01 2.767470213310512794e-01 6.977171096204767275e-01 9.321935432111920772e-01 5.725331066106823519e-01 5.385345402329816400e-01 4.919207875588006429e-01 6.929214502785288055e-01 4.090263659995308498e-01 8.642239741860088253e-01
8.002815263461342532e-01 7.850333963714527519e-01 4.153133592299151911e-01 7.110746400805805223e-01 5.758128685430657923e-01 6.586398527123105140e-01 8.538629857092463471e-01 5.702076616432851797e-01 8.212655118156884093e-01 5.498953610697803196e-01 3.866035731781632956e-01 8.046675259265101410e-02 2.832479446726238748e-01 0.000000000000000000e+00 7.681303783058285317e-02 4.016758140639594132e-01 1.302914052967006908e-01 4.948893726929483039e-01 6.769220562568090127e-01 8.964580123828453928e-01 5.116155158001879366e-01 6.965575598282061076e-01 5.870375110645320582e-01 5.872121901800335664e-01 6.080190370236644437e-01 5.208749283408535824e-01 3.703237633934658990e-01 2.776234521949525469e-01 1.172214477748665384e-01 4.402736720708817497e-01 4.689988344769399076e-01 4.330954971330059911e-01 2.110077264907100902e-01 3.860470818518324521e-01 2.644833493365867372e-01
4.151341407678637019e-01 4.189620941201532833e-02 2.170820223367176394e-01 1.914686743009923475e-01 3.996098077267129511e-01 3.152396274130567777e-01 8.728659316264331114e-01 3.814254185190446567e-01 3.684516616069337669e-01 4.424884650853928569e-01 3.879534082377266158e-01 5.740159006572196354e-01 3.253981052450070077e-01 7.681303783058285317e-02 0.000000000000000000e+00 3.670191664880727567e-01 2.078391079061924773e-01 7.144871729656170345e-01 5.338525268862304163e-01 5.356982526175524395e-01 7.575372813983403120e-01 1.465366943657170351e-01 7.937056072174608623e-01 5.951140969264061553e-01 7.470965998532554941e-01 7.884898695989264183e-01 5.623259554150072947e-01 7.520908135074082512e-01 8.236859676843204525e-01 5.655213996198300563e-01 7.776409628011708985e-01 2.059615092338654141e-01 1.839109938787741871e-01 6.542574496227531178e-01 7.369521717618197076e-01
8.504192113748691995e-01 4.745484097705577886e-01 8.570565499556930256e-01 6.066264675516250815e-01 1.349016628437983423e-01 8.843722411207033396e-02 4.404657466059371806e-01 5.511166869110286637e-01 6.091976869924589089e-01 6.065823942837886840e-01 3.453020780389629563e-01 3.793220553003118223e-01 3.360427918850127371e-01 4.016758140639594132e-01 3.670191664880727567e-01 0.000000000000000000e+00 5.302383229219169714e-01 3.758583420598954339e-01 9.607009386434975928e-01 5.072012731381316808e-01 4.692419333118891256e-01 5.041725040092706056e-01 4.826596937786476471e-01 4.268279947865100121e-01 7.351700748307856692e-01 4.307868190060966107e-01 3.386322217816462032e-01 7.034178433445248402e-01 7.400055681120194517e-01 4.492863455683848706e-01 6.471195429401566113e-01 7.704180857104515612e-01 6.808091021531212927e-01 2.094784144981496343e-01 2.312187150957251136e-01
4.219498018691676955e-01 9.545604313116099471e-01 5.133796408581259296e-01 3.321441180321725861e-01 2.875615696941249411e-01 7.285981014615552365e-01 5.427402932610035924e-01 3.932810764428494310e-01 3.755699131627383558e-01 8.942220719790550110e-01 5.051650858097744834e-01 3.253534561277414694e-01 4.886402741018846529e-01 1.302914052967006908e-01 2.078391079061924773e-01 5.302383229219169714e-01 0.000000000000000000e+00 2.545703463633053332e-01 7.146641525185952748e-01 9.674146384379267438e-01 5.607460681701667005e-01 5.872964542807264099e-01 2.469450016752392507e-01 1.612224505296132593e-01 8.457877378331535301e-01 5.905758870983198738e-01 3.749061786606021629e-01 4.629689336948992207e-01 6.474272527983648828e-01 2.421009642146170204e-01 6.858435617741173163e-01 5.226228629204937581e-01 5.963687275892873840e-01 2.466015459604729010e-01 6.541095484028105478e-01
1.740554293605741654e-01 2.454123668309391437e-01 5.734407711271807262e-01 6.247768492839711474e-01 3.979093449271744465e-01 5.696698797668992009e-01 6.483241207897298963e-01 2.302548056212682104e-01 9.237428362222619427e-01 4.854216114853985853e-01 1.923169607420311955e-01 5.539415788438637467e-01 1.514073709691909353e-01 4.948893726929483039e-01 7.144871729656170345e-01 3.758583420598954339e-01 2.545703463633053332e-01 0.000000000000000000e+00 6.346617528207616488e-01 1.542317835150773808e-01 5.046427306817136138e-01 4.008592562430504103e-01 4.355017429859112665e-01 5.142348293952907490e-01 3.263391442304998113e-01 7.222287573831663865e-01 3.878467649974263742e-01 3.554103549558795816e-01 7.973894086996793362e-01 3.948516036001650797e-01 7.825136722601195860e-01 7.848166960871310049e-01 8.326818878779441713e-01 7.865164420264081357e-01 2.365243535046968049e-01
6.823548751037552540e-01 5.932021127925248827e-01 9.401440503199537391e-01 1.452535101230157943e-01 3.248005400668669274e-01 5.263833667806601113e-01 5.265102186421396491e-01 8.169847634037488149e-01 3.379490630689918618e-01 2.790968652951036910e-01 4.234077891773885827e-01 2.232585025953334745e-01 4.673221284072674453e-01 6.769220562568090127e-01 5.338525268862304163e-01 9.607009386434975928e-01 7.146641525185952748e-01 6.346617528207616488e-01 0.000000000000000000e+00 3.790255934851566866e-01 2.774219581214801278e-01 2.194748491593423445e-01 3.725514232368229983e-01 2.045662709878971475e-01 5.178491986054533092e-01 4.677750164364374852e-01 3.294780227741331280e-01 9.006448302319327581e-01 4.891597161046235542e-01 2.509306392377205208e-01 3.951962093304475787e-01 9.012591695352138998e-01 3.001307007059664800e-01 6.020085373064540946e-01 3.401183440546727832e-01
9.018080995302413250e-01 7.156938273101154380e-01 5.851674974244160943e-01 8.639875810471220330e-01 5.551911498223980335e-01 8.379065695883414211e-01 3.586854650989859117e-01 4.560605380669354725e-01 8.347101705305002284e-01 2.014774466846276368e-01 4.945363858658458622e-01 7.851865769094868996e-01 6.974522940509269020e-01 8.964580123828453928e-01 5.356982526175524395e-01 5.072012731381316808e-01 9.674146384379267438e-01 1.542317835150773808e-01 3.790255934851566866e-01 0.000000000000000000e+00 8.183497817770900573e-01 5.772889864914234614e-01 7.679450449084737063e-01 3.543940244497503222e-01 4.185029598337455803e-01 3.252708022340296545e-01 5.747834335217464341e-01 3.190934324949374901e-01 3.920416518390519300e-01 2.846968281468196249e-01 8.819275615185075967e-01 5.303815771099994469e-01 8.909044588948100696e-01 6.885905346500152957e-01 7.465227644000578255e-01
3.879880234115654636e-01 2.443758512193804355e-01 8.851530811670157428e-01 3.727769692486285202e-01 7.411813639281208399e-01 8.594405210315838595e-01 8.001917602855159739e-01 4.125843249343046915e-01 4.565803221636310916e-01 2.471145586185437004e-01 5.238983802627703579e-01 7.014635047787276534e-02 4.791311915512928565e-01 5.116155158001879366e-01 7.575372813983403120e-01 4.692419333118891256e-01 5.607460681701667005e-01 5.046427306817136138e-01 2.774219581214801278e-01 8.183497817770900573e-01 0.000000000000000000e+00 6.140055967842468210e-01 6.018140587463407520e-01 8.553851792636438800e-01 7.728231221070105406e-01 6.733877794647817883e-01 4.947133127658270846e-01 9.746540357102058127e-01 3.560728325527323657e-01 2.351966357629669546e-01 3.541586925244690209e-01 2.642304802126157481e-01 5.589874308539862779e-01 5.246268271723752985e-01 4.888622242134184059e-01
2.464451333550203016e-01 5.950589472825951187e-01 3.093977087213923838e-01 2.967329129597151560e-01 6.192659472212875826e-01 5.290167335810126437e-01 4.368145445981700403e-01 8.817727389562914908e-01 3.328132039398427056e-01 4.418527492815806923e-01 7.240410937431660532e-01 6.423412966858396134e-01 3.314637417693281352e-01 6.965575598282061076e-01 1.465366943657170351e-01 5.041725040092706056e-01 5.872964542807264099e-01 4.008592562430504103e-01 2.194748491593423445e-01 5.772889864914234614e-01 6.140055967842468210e-01 0.000000000000000000e+00 7.745597741762385580e-01 4.145609344364658000e-01 7.405938562078742127e-01 6.813700121429733247e-01 1.328541325207374113e-01 8.082036791166280487e-01 4.941547529298611074e-01 7.577518556834417218e-01 4.596919180897247048e-01 6.197582972571233917e-01 8.631701483532574493e-01 4.059004322350348026e-01 4.960160978839549539e-01
7.436520723244595121e-01 4.052915553912670443e-01 3.535803969067361496e-01 5.157489101706647094e-01 5.735126460083308508e-01 4.848410507497328270e-01 7.333614286466276777e-01 7.062727904259002987e-01 6.196969238672104252e-01 5.981254732395980822e-01 4.276572895590471934e-01 4.717007903186227757e-01 4.181771961987267860e-01 5.870375110645320582e-01 7.937056072174608623e-01 4.826596937786476471e-01 2.469450016752392507e-01 4.355017429859112665e-01 3.725514232368229983e-01 7.679450449084737063e-01 6.018140587463407520e-01 7.745597741762385580e-01 0.000000000000000000e+00 5.574201931583808722e-01 4.142355813825693289e-01 6.058334760033899924e-01 7.621767002478688768e-01 6.215882746501267819e-01 3.687654898163060802e-01 3.776372056549008871e-01 4.463419380283341065e-01 7.465882780893537962e-01 5.904644133784340276e-01 4.975058721588461186e-01 6.324348421684499177e-01
9.232697763354221765e-01 7.062913848262358796e-01 7.680590169781685850e-01 6.532981663337582567e-01 5.507594125373316274e-01 1.425133332877465131e-01 5.890689185149352580e-01 5.558092617245402600e-01 4.447977932106669252e-01 3.335803529823003766e-01 4.845071573308094570e-01 2.354165290890001816e-01 1.880711233816451111e-01 5.872121901800335664e-01 5.951140969264061553e-01 4.268279947865100121e-01 1.612224505296132593e-01 5.142348293952907490e-01 2.045662709878971475e-01 3.543940244497503222e-01 8.553851792636438800e-01 4.145609344364658000e-01 5.574201931583808722e-01 0.000000000000000000e+00 6.891720157140803771e-01 4.881436601480724780e-01 5.699228293406979340e-01 3.065061950195194784e-01 8.431313130001979461e-01 4.944551993115955391e-01 4.168220226022906205e-01 4.106572320185800096e-01 4.373262120942910114e-01 2.807923637730502797e-01 6.322778260008481421e-01
2.649927146891412622e-01 6.443871581764175627e-01 7.019863260030432262e-01 3.900339030913393401e-01 4.605745534347976400e-01 6.237855951153621348e-01 4.991472633524492997e-01 4.945798600058121108e-01 7.025012790447932032e-01 5.880507939996328926e-01 5.230412969802650247e-01 5.984580643889660934e-01 7.607244118166233138e-01 6.080190370236644437e-01 7.470965998532554941e-01 7.351700748307856692e-01 8.457877378331535301e-01 3.263391442304998113e-01 5.178491986054533092e-01 4.185029598337455803e-01 7.728231221070105406e-01 7.405938562078742127e-01 4.142355813825693289e-01 6.891720157140803771e-01 0.000000000000000000e+00 3.047347610786000360e-01 3.457599923438716694e-01 4.247240692517641469e-01 3.657594147436110110e-01 4.466994912070931800e-01 4.004827166919209258e-01 5.883844858055233829e-01 5.739067720434082309e-01 2.384699397709708624e-01 7.137825861906623715e-01
3.732037527563920598e-01 6.794946675465916019e-01 3.335877540182543011e-01 2.488547526888959804e-01 4.223019688349321510e-01 3.467989083591813682e-01 7.721580540916331836e-01 6.230438530550619358e-01 1.504026467438908110e-01 4.991133132952769169e-01 1.887748969092247764e-01 7.956397711292690911e-01 4.284258842140324375e-01 5.208749283408535824e-01 7.884898695989264183e-01 4.307868190060966107e-01 5.905758870983198738e-01 7.222287573831663865e-01 4.677750164364374852e-01 3.252708022340296545e-01 6.733877794647817883e-01 6.813700121429733247e-01 6.058334760033899924e-01 4.881436601480724780e-01 3.047347610786000360e-01 0.000000000000000000e+00 6.409950188700770379e-01 1.561066961130050945e-01 7.217236692523536501e-01 4.734604794397173078e-01 4.559142828392662716e-01 3.699278575114742784e-01 4.304875307362893144e-01 2.672964724582357343e-01 3.630946318024591557e-01
6.193535018019760141e-01 4.751017726841330058e-01 3.935708824539134731e-01 2.901166143182394852e-01 3.129098318604974782e-01 2.630377357492958978e-01 1.741044837297831549e-01 5.521329194845651100e-01 5.686167387118585825e-01 6.819132982915915298e-01 3.350132820350292251e-01 5.472340939572114538e-01 2.767470213310512794e-01 3.703237633934658990e-01 5.623259554150072947e-01 3.386322217816462032e-01 3.749061786606021629e-01 3.878467649974263742e-01 3.294780227741331280e-01 5.747834335217464341e-01 4.947133127658270846e-01 1.328541325207374113e-01 7.621767002478688768e-01 5.699228293406979340e-01 3.457599923438716694e-01 6.409950188700770379e-01 0.000000000000000000e+00 4.237547753180892496e-01 8.682736904514964937e-01 2.228051564031634513e-01 6.435222478911049038e-01 5.203738784888354285e-01 8.472585371835263945e-01 2.983625191897231743e-01 6.500826524327486533e-01
4.321222280868617371e-01 4.988748190489686318e-01 4.818804416996534390e-01 6.191521015185375010e-01 5.293470910260812401e-01 4.559534221813497656e-01 3.890443421383883438e-01 4.887530358185417922e-01 4.330542678472422136e-01 6.015178926439024298e-01 8.206311731711461999e-01 5.099794005469221458e-01 6.977171096204767275e-01 2.776234521949525469e-01 7.520908135074082512e-01 7.034178433445248402e-01 4.629689336948992207e-01 3.554103549558795816e-01 9.006448302319327581e-01 3.190934324949374901e-01 9.746540357102058127e-01 8.082036791166280487e-01 6.215882746501267819e-01 3.065061950195194784e-01 4.247240692517641469e-01 1.561066961130050945e-01 4.237547753180892496e-01 0.000000000000000000e+00 5.535756796586097650e-01 8.501538854884248542e-01 5.225157750917674981e-01 4.461665233582108869e-01 3.776393547592645783e-01 8.134972027531175431e-01 1.984707537979093495e-01
3.460880332708461404e-01 3.632828823863880618e-01 6.885942166347347460e-02 2.254532705636301815e-01 7.076872272025354071e-01 7.876120789816203338e-01 5.998259224570210435e-01 2.330361780014517104e-01 7.185946888482146466e-01 2.647589741228857929e-01 4.558873842016680222e-01 3.420079463518266305e-01 9.321935432111920772e-01 1.172214477748665384e-01 8.236859676843204525e-01 7.400055681120194517e-01 6.474272527983648828e-01 7.973894086996793362e-01 4.891597161046235542e-01 3.920416518390519300e-01 3.560728325527323657e-01 4.941547529298611074e-01 3.687654898163060802e-01 8.431313130001979461e-01 3.657594147436110110e-01 7.217236692523536501e-01 8.682736904514964937e-01 5.535756796586097650e-01 0.000000000000000000e+00 4.893463187511136736e-01 4.628593200511542660e-01 1.453037461840395173e-01 5.781898047196042389e-01 7.200565922528994189e-01 4.916600100524515238e-01
8.331992934373413373e-01 5.210941221921674416e-01 3.331651937720843115e-01 5.411935205322162545e-01 9.621766534421805073e-02 3.936425312711182567e-01 4.443394135816159385e-01 9.086149974685604480e-01 5.080758459695016160e-01 4.456040088739826599e-01 8.187386374183929227e-01 7.965859920171096675e-01 5.725331066106823519e-01 4.402736720708817497e-01 5.655213996198300563e-01 4.492863455683848706e-01 2.421009642146170204e-01 3.948516036001650797e-01 2.509306392377205208e-01 2.846968281468196249e-01 2.351966357629669546e-01 7.577518556834417218e-01 3.776372056549008871e-01 4.944551993115955391e-01 4.466994912070931800e-01 4.734604794397173078e-01 2.228051564031634513e-01 8.501538854884248542e-01 4.893463187511136736e-01 0.000000000000000000e+00 1.513961011071924823e-01 5.833279855051752838e-01 5.991599232696497301e-01 1.860897794689759799e-01 3.531327583190466135e-01
2.109026935648494749e-01 4.073239979696032798e-01 4.461878635016850447e-01 4.828652694664587464e-01 5.378524012455978554e-01 5.259610560414527125e-01 2.468560469151596104e-01 8.692176491092888924e-01 3.888157154485155642e-01 4.044670476514782842e-01 1.047175282109756855e-01 4.468375336305562273e-01 5.385345402329816400e-01 4.689988344769399076e-01 7.776409628011708985e-01 6.471195429401566113e-01 6.858435617741173163e-01 7.825136722601195860e-01 3.951962093304475787e-01 8.819275615185075967e-01 3.541586925244690209e-01 4.596919180897247048e-01 4.463419380283341065e-01 4.168220226022906205e-01 4.004827166919209258e-01 4.559142828392662716e-01 6.435222478911049038e-01 5.225157750917674981e-01 4.628593200511542660e-01 1.513961011071924823e-01 0.000000000000000000e+00 3.354078988289541652e-01 3.748358477759015650e-01 6.450333568377250026e-01 4.300483083064391421e-01
7.963198548449885728e-01 7.060282532466368721e-01 6.076019405883882341e-01 9.361234367012375435e-01 5.448537349095565752e-01 4.635512093657190857e-01 4.708311310043538644e-01 7.942840891069097298e-01 8.808048211800997285e-01 4.416598091677401139e-01 7.919659806552921122e-01 4.549519962026229436e-01 4.919207875588006429e-01 4.330954971330059911e-01 2.059615092338654141e-01 7.704180857104515612e-01 5.226228629204937581e-01 7.848166960871310049e-01 9.012591695352138998e-01 5.303815771099994469e-01 2.642304802126157481e-01 6.197582972571233917e-01 7.465882780893537962e-01 4.106572320185800096e-01 5.883844858055233829e-01 3.699278575114742784e-01 5.203738784888354285e-01 4.461665233582108869e-01 1.453037461840395173e-01 5.833279855051752838e-01 3.354078988289541652e-01 0.000000000000000000e+00 5.221178024304351517e-01 4.306069965146095413e-01 1.397723196520929689e-01
6.057658359179296514e-01 9.038060112197070506e-01 4.285699758886023503e-01 6.713564534532008299e-01 1.621327153256144071e-01 5.979156073492282175e-01 4.101035094351668797e-01 9.510564803368659614e-02 6.874858813628121901e-01 5.738732535184583039e-01 4.910488146286201561e-01 6.494981949797488108e-01 6.929214502785288055e-01 2.110077264907100902e-01 1.839109938787741871e-01 6.808091021531212927e-01 5.963687275892873840e-01 8.326818878779441713e-01 3.001307007059664800e-01 8.909044588948100696e-01 5.589874308539862779e-01 8.631701483532574493e-01 5.904644133784340276e-01 4.373262120942910114e-01 5.739067720434082309e-01 4.304875307362893144e-01 8.472585371835263945e-01 3.776393547592645783e-01 5.781898047196042389e-01 5.991599232696497301e-01 3.748358477759015650e-01 5.221178024304351517e-01 0.000000000000000000e+00 5.315179968591110526e-02 4.454373607323706685e-01
5.151811455651768012e-01 4.000818872064852427e-01 6.153411156678074700e-01 2.118809486612689419e-01 4.440740957181419923e-01 1.613280333718205561e-01 4.984909213516340309e-01 7.651323990787006757e-01 8.200416865633468610e-01 9.240198933246868140e-01 5.749317370715583131e-01 3.120146378165682410e-01 4.090263659995308498e-01 3.860470818518324521e-01 6.542574496227531178e-01 2.094784144981496343e-01 2.466015459604729010e-01 7.865164420264081357e-01 6.020085373064540946e-01 6.885905346500152957e-01 5.246268271723752985e-01 4.059004322350348026e-01 4.975058721588461186e-01 2.807923637730502797e-01 2.384699397709708624e-01 2.672964724582357343e-01 2.983625191897231743e-01 8.134972027531175431e-01 7.200565922528994189e-01 1.860897794689759799e-01 6.450333568377250026e-01 4.306069965146095413e-01 5.315179968591110526e-02 0.000000000000000000e+00 4.386512221273282108e-01
4.772890798678675051e-02 8.398891264248282695e-01 5.797447362215381039e-01 3.626392176055802663e-01 7.270752863180665049e-01 5.649465966147342311e-01 6.286991008052595920e-01 3.062488273741896250e-01 8.462557257783244191e-01 8.748257259761451632e-01 2.978660606887848505e-01 4.538155693412609937e-01 8.642239741860088253e-01 2.644833493365867372e-01 7.369521717618197076e-01 2.312187150957251136e-01 6.541095484028105478e-01 2.365243535046968049e-01 3.401183440546727832e-01 7.465227644000578255e-01 4.888622242134184059e-01 4.960160978839549539e-01 6.324348421684499177e-01 6.322778260008481421e-01 7.137825861906623715e-01 3.630946318024591557e-01 6.500826524327486533e-01 1.984707537979093495e-01 4.916600100524515238e-01 3.531327583190466135e-01 4.300483083064391421e-01 1.397723196520929689e-01 4.454373607323706685e-01 4.386512221273282108e-01 0.000000000000000000e+00
