0.000000000000000000e+00 5.817274875743434492e-01 1.872253892562031341e-01 9.365037133797449176e-02 5.750156733766702555e-01 1.061135114610197716e-01 5.308294594856465265e-01 2.148446913854529239e-01 8.808699833090863907e-01 8.821970787177364492e-01 6.225171025917095591e-01 7.202272181219372404e-01 3.819204428890513592e-01 7.128799751531416096e-01 4.821183416908636499e-01 5.145429718986405110e-01 9.703257352500507249e-01 3.777497172263700742e-01 4.329790884852430799e-01 6.831902445832885862e-01 4.382387982806506543e-01 3.376175494038217151e-01 3.642400122329516599e-01 6.130579422692946645e-01 4.192250409792844801e-01 4.101588756664125701e-01 5.284023730721638668e-01 6.845604342337135995e-01 6.232725261967098085e-01 2.270554343489743498e-01 1.823274232685820340e-01 7.883133067900882640e-02 6.702748948348297153e-01 3.330312493567663124e-01 8.716660846782708916e-01
5.817274875743434492e-01 0.000000000000000000e+00 2.319834072347134457e-01 9.092503598846438662e-01 6.431139420466041035e-01 5.147817099244993422e-01 4.328343070502679857e-01 5.689196686715418672e-01 7.010098222311944571e-01 6.185687330458562450e-01 2.083406360912208877e-01 7.616595518307245349e-01 6.434990862350193908e-01 5.399417380754587548e-01 5.846132598511569745e-01 3.966148424520919424e-01 7.157623798298866635e-01 8.499299708996153058e-01 2.359236030037568099e-01 6.312090879199030447e-01 7.873384537209537903e-02 1.493869914577068414e-01 1.440199229029706096e-01 6.778236439829461446e-01 6.241243119612821522e-01 8.104103339645392090e-01 3.016814442859259149e-01 6.615666586933982574e-01 7.548479021341947259e-01 5.063267486128715245e-01 6.053239237949779028e-01 8.491731868891230217e-01 1.691273732528416618e-01 5.893548991316135410e-01 4.327112437437533599e-01
1.872253892562031341e-01 2.319834072347134457e-01 0.000000000000000000e+00 3.481429696097491089e-01 3.194054226055181855e-01 7.271850885128854358e-01 7.798884811138193651e-01 2.042002543009746596e-01 6.057339009634385985e-01 1.145699345779270795e-01 3.540655783761851860e-01 8.561965563294209325e-01 5.272728650102327386e-01 3.800059889709938021e-01 3.823301721900235206e-01 1.403497469171043344e-01 1.069812922101542885e-01 5.659370167976081056e-01 3.530853315504763890e-01 5.094251420548876474e-01 4.130088805117844153e-01 3.313994811726561074e-01 1.685299444851928730e-02 4.979582605781642801e-01 4.760711119382011192e-01 6.574400474211191669e-01 7.958474765106168247e-01 9.516635144725269502e-01 4.671144099640713865e-01 8.891829479887163323e-01 6.552698667272827127e-01 2.831066304236706799e-01 4.946929908010248012e-01 8.685509025600554045e-01 5.953581410362959181e-01
9.365037133797449176e-02 9.092503598846438662e-01 3.481429696097491089e-01 0.000000000000000000e+00 2.967889931247530422e-01 8.080709559997665270e-01 2.915266796873147159e-01 4.013464723627131470e-01 8.844676219781377746e-02 4.206855855417697687e-01 3.621254785416257449e-01 4.028836777749417175e-01 8.880837930040778039e-01 2.645703572538168347e-01 2.127057074025273664e-01 5.288041173447651788e-01 3.543465508491882021e-01 3.567207448862080299e-01 4.726997241523108739e-01 8.515861290252559890e-01 2.344461720104197289e-01 3.537245526651233707e-01 8.735302999747667219e-01 5.047568696115658504e-01 7.357260127283345996e-01 2.791498316971627869e-01 4.804025827259864601e-01 4.935044334027389734e-01 6.359631755612671355e-01 3.267059577660382796e-01 1.960925355837532802e-01 7.753097955690084753e-01 8.043172687462659676e-01 7.699528891108864403e-02 1.881498399131603105e-01
5.750156733766702555e-01 6.431139420466041035e-01 3.194054226055181855e-01 2.967889931247530422e-01 0.000000000000000000e+00 5.259180906934531885e-01 5.124596235651146525e-01 1.540541338948062666e-01 6.481954756361323344e-01 4.526957850151289708e-01 2.615819522796904995e-01 9.244951521088409230e-01 4.322614726207859581e-01 7.973966246405047587e-01 4.744667833544201074e-01 2.505040740772749297e-01 1.059407799615780243e-01 6.323389312876384061e-01 6.711182203837472438e-01 6.492261623825664740e-01 4.984217210569868994e-01 5.262313538133056579e-01 6.484955697898550087e-01 9.283671318701725017e-02 3.641473599515935300e-01 6.363831365606728019e-01 7.409393349209185686e-01 5.495816435467254513e-01 6.915011509889363861e-01 5.518639297290180989e-01 5.707996419991951953e-01 7.774401358405307327e-01 4.098706650146893837e-01 6.716389369246545948e-01 3.682284203867071115e-01
1.061135114610197716e-01 5.147817099244993422e-01 7.271850885128854358e-01 8.080709559997665270e-01 5.259180906934531885e-01 0.000000000000000000e+00 3.694591823342259218e-01 6.170605293625415211e-01 7.404812326337677497e-01 1.762094863512720933e-01 4.266418648940301095e-01 6.879818357650937521e-01 8.189759561451240844e-01 4.732459868825606986e-01 7.537799067755408533e-01 6.220487560525729265e-01 7.768027599691954554e-01 2.825098723305682347e-01 4.059159443684251523e-01 5.794975340301442568e-01 9.949155720698399374e-02 2.586340213273325972e-01 6.763060721437282874e-01 4.587878204987790864e-01 8.457057149764448667e-01 8.209813716772321746e-01 7.179591280818332644e-01 3.850004808871774209e-01 3.592483192898090483e-01 1.273903211952325254e-01 7.079891747580244754e-01 2.300018567086510868e-01 2.295731136547674023e-01 7.045882028962284771e-01 8.206673084482281055e-01
5.308294594856465265e-01 4.328343070502679857e-01 7.798884811138193651e-01 2.915266796873147159e-01 5.124596235651146525e-01 3.694591823342259218e-01 0.000000000000000000e+00 8.376718509624427877e-01 4.664901479151086772e-01 2.968947899620281161e-01 5.141708290052555697e-01 5.348781075049087175e-01 2.358072609319122881e-01 7.298948634685766823e-01 4.206388189675042133e-01 1.070089935032239037e-01 3.064502777285831314e-01 2.547412371866347724e-01 6.236893025980227989e-01 9.361915223763276339e-01 8.432156228762262007e-01 3.086282984297580301e-01 6.227208787578899507e-01 3.417274534049100643e-01 5.870985623816318277e-01 6.404730953756931910e-03 5.826262040032008649e-01 5.627445664231400801e-01 7.241383456727964463e-01 4.449645486829524321e-01 8.623196521553357918e-01 9.749187370454551749e-01 4.982220155128810335e-01 7.539528586704222768e-01 2.068268209581928252e-01
2.148446913854529239e-01 5.689196686715418672e-01 2.042002543009746596e-01 4.013464723627131470e-01 1.540541338948062666e-01 6.170605293625415211e-01 8.376718509624427877e-01 0.000000000000000000e+00 6.237450415871198528e-01 7.753380164573914213e-01 6.453488202295503129e-01 5.758231931430157768e-01 8.746181405096087325e-01 1.361688047805365009e-02 6.025119256691695568e-01 4.512591716406446629e-01 6.889321016631043681e-01 1.041810200359183369e-01 5.150323574117277037e-01 7.389595397491599549e-01 3.831950732484176725e-01 4.510373976108538741e-01 2.082546426957174734e-01 5.217713822074920849e-01 2.976974696343905880e-01 4.284077855407660840e-01 7.060081581063457623e-01 4.681943758474577111e-01 6.485041142216471100e-01 7.907687475116964571e-01 5.975611815784882541e-01 7.413459436824714199e-01 2.419767528527476674e-01 5.572229072412797635e-01 4.735046988437335291e-01
8.808699833090863907e-01 7.010098222311944571e-01 6.057339009634385985e-01 8.844676219781377746e-02 6.481954756361323344e-01 7.404812326337677497e-01 4.664901479151086772e-01 6.237450415871198528e-01 0.000000000000000000e+00 6.873094359274938281e-01 7.245517776937960841e-01 1.137385852663433949e-01 4.643838082250281718e-01 4.375893142521040668e-01 4.706735488439043325e-01 1.849184613855133774e-01 3.122830502837412592e-01 5.417237455245114131e-01 8.903151382433889260e-01 7.572790461777654247e-01 2.851606913770606822e-01 2.471392524556803583e-01 8.571193815601805266e-01 5.370491120857343592e-01 9.085358174155834243e-01 8.032581883316103344e-01 2.134059946702360211e-01 2.879903978446748392e-01 4.722681287013839047e-01 2.342609579908464523e-01 4.120656802489963133e-01 3.499679948512898764e-01 5.083267473911723400e-01 1.762694508845472074e-01 6.913329426745653539e-01
8.821970787177364492e-01 6.185687330458562450e-01 1.145699345779270795e-01 4.206855855417697687e-01 4.526957850151289708e-01 1.762094863512720933e-01 2.968947899620281161e-01 7.753380164573914213e-01 6.873094359274938281e-01 0.000000000000000000e+00 2.001518611304722306e-01 6.271812102769145358e-01 3.330930564863949228e-01 6.473593983360751425e-01 3.519160379749209921e-01 5.499870154677715117e-01 3.168045831163368575e-02 7.998085351430268553e-01 3.301416527694567837e-01 8.623668385813696435e-01 5.134850464974580753e-01 5.023964427521676601e-01 3.290655977788220499e-01 5.837456006709307310e-01 6.081518714207508891e-01 7.224551837594158643e-01 8.138695586391925252e-01 6.704011807254686151e-01 4.421837673889602582e-01 5.245981929724770065e-01 6.710577750104192996e-01 7.561177302792775334e-01 7.106194992859349302e-01 8.667175214734428312e-01 5.492502538844888926e-01
6.225171025917095591e-01 2.083406360912208877e-01 3.540655783761851860e-01 3.621254785416257449e-01 2.615819522796904995e-01 4.266418648940301095e-01 5.141708290052555697e-01 6.453488202295503129e-01 7.245517776937960841e-01 2.001518611304722306e-01 0.000000000000000000e+00 7.727868667998560870e-01 8.450754910234585804e-01 5.217333121292819786e-01 2.152997532567633154e-01 6.552077633618654806e-01 4.070097456785073398e-01 7.022088338979241007e-01 5.393138561198178582e-01 4.543858279355680874e-01 8.261568715391292006e-01 5.112290344553871435e-02 5.301387076336250281e-01 5.066392988417142140e-01 4.576265744134628832e-01 5.987784577539376762e-01 4.648116715347637151e-01 2.967806181656600373e-01 2.292705464404580784e-01 6.054380733033568607e-01 7.750102480784670789e-01 4.462269225510234749e-01 1.734615378755841597e-01 5.384302973588963592e-01 4.963670328011492439e-01
7.202272181219372404e-01 7.616595518307245349e-01 8.561965563294209325e-01 4.028836777749417175e-01 9.244951521088409230e-01 6.879818357650937521e-01 5.348781075049087175e-01 5.758231931430157768e-01 1.137385852663433949e-01 6.271812102769145358e-01 7.727868667998560870e-01 0.000000000000000000e+00 7.586222732945180347e-01 5.008619226818673553e-01 3.822991339820558387e-02 2.824964697258307567e-01 6.549370070891182838e-01 4.914189837861991372e-01 4.395049374420523236e-01 8.199727682209629887e-01 3.538681861931006756e-01 3.625870551094202421e-01 8.272877953534590878e-01 2.341252428262936003e-01 9.128708943070829029e-01 6.695553924094886922e-01 4.519791861129502375e-01 5.067386240828588573e-01 6.537683891238346146e-01 1.490715010769805282e-01 1.062255919807644222e-01 5.792222126237221991e-01 7.052341064564524586e-01 4.923051220359038194e-01 5.457651268021309621e-01
3.819204428890513592e-01 6.434990862350193908e-01 5.272728650102327386e-01 8.880837930040778039e-01 4.322614726207859581e-01 8.189759561451240844e-01 2.358072609319122881e-01 8.746181405096087325e-01 4.643838082250281718e-01 3.330930564863949228e-01 8.450754910234585804e-01 7.586222732945180347e-01 0.000000000000000000e+00 8.520014626412046876e-01 8.903275405503969786e-01 1.787033148035189756e-01 2.400461939745004436e-01 1.001183543420609001e-01 4.867966215951923248e-01 1.528194792846789829e-01 7.728593407162498430e-01 4.431392128190560498e-01 4.803491716315374527e-01 2.497933420888284184e-01 9.217044096451819657e-01 4.051903167962771501e-01 5.997194592740755503e-01 5.759810328932113421e-01 1.386444950692274913e-01 6.148965597495485991e-01 9.175139108494043683e-01 9.500052291635037172e-01 7.667668411270849305e-01 4.516192968126102603e-01 4.460570991252688078e-01
7.128799751531416096e-01 5.399417380754587548e-01 3.800059889709938021e-01 2.645703572538168347e-01 7.973966246405047587e-01 4.732459868825606986e-01 7.298948634685766823e-01 1.361688047805365009e-02 4.375893142521040668e-01 6.473593983360751425e-01 5.217333121292819786e-01 5.008619226818673553e-01 8.520014626412046876e-01 0.000000000000000000e+00 7.868440680338427695e-01 5.788691252896465134e-01 4.341068433902350865e-01 3.245397356425649971e-01 3.110526125918058327e-01 6.376065040177082421e-01 6.417136600368305022e-01 6.324090261614093711e-01 6.119505614465390320e-01 6.621195818027764135e-01 3.322200981544287668e-01 8.041036018008105302e-01 7.124588275923398051e-01 7.378984800175446557e-01 9.505366830807243650e-01 6.185609450334643711e-01 5.417871539632724831e-01 5.692550409491231589e-01 1.559037517839383380e-01 2.518067944998709229e-01 5.586625703112666486e-01
4.821183416908636499e-01 5.846132598511569745e-01 3.823301721900235206e-01 2.127057074025273664e-01 4.744667833544201074e-01 7.537799067755408533e-01 4.206388189675042133e-01 6.025119256691695568e-01 4.706735488439043325e-01 3.519160379749209921e-01 2.152997532567633154e-01 3.822991339820558387e-02 8.903275405503969786e-01 7.868440680338427695e-01 0.000000000000000000e+00 7.759971116596569018e-01 7.643552102955128991e-01 4.295171051674167018e-01 4.719023400933028967e-01 4.260530934032430439e-01 3.410186935938175345e-02 8.005125048995973547e-01 7.402246986917869753e-01 3.945574802570450124e-01 5.646317695486322563e-01 6.992315646425424358e-01 8.219906159491485731e-02 8.641025000246149723e-01 8.050472007907507610e-01 2.755906729121621046e-01 5.622832310423310220e-01 5.348061414507532252e-01 4.359215124227775462e-01 3.436693282892114842e-01 3.786983257887891474e-01
5.145429718986405110e-01 3.966148424520919424e-01 1.403497469171043344e-01 5.288041173447651788e-01 2.505040740772749297e-01 6.220487560525729265e-01 1.070089935032239037e-01 4.512591716406446629e-01 1.849184613855133774e-01 5.499870154677715117e-01 6.552077633618654806e-01 2.824964697258307567e-01 1.787033148035189756e-01 5.788691252896465134e-01 7.759971116596569018e-01 0.000000000000000000e+00 1.983396345999038912e-01 8.724501452453821138e-01 4.544863725851722158e-01 4.618392709717455413e-01 7.119571323223377046e-01 3.080230443981233912e-01 5.539121426196629283e-01 5.190377333094597923e-01 4.450583285603247341e-01 8.713357423115299927e-01 7.922821231019310240e-01 5.351487138554553713e-01 5.726041354877169365e-01 5.448659444017502906e-01 4.414772066970808484e-01 1.486767291074934105e-01 5.497655671976986458e-01 6.704312766308259119e-01 4.756096208855619123e-01
9.703257352500507249e-01 7.157623798298866635e-01 1.069812922101542885e-01 3.543465508491882021e-01 1.059407799615780243e-01 7.768027599691954554e-01 3.064502777285831314e-01 6.889321016631043681e-01 3.122830502837412592e-01 3.168045831163368575e-02 4.070097456785073398e-01 6.549370070891182838e-01 2.400461939745004436e-01 4.341068433902350865e-01 7.643552102955128991e-01 1.983396345999038912e-01 0.000000000000000000e+00 4.930174751363921581e-01 7.189235342048868604e-01 3.527516775835447538e-01 3.144762005653871650e-01 4.699404615282004594e-01 5.607515724611669139e-01 2.259522190843853418e-01 2.562876256188044710e-01 4.016533863144026162e-01 1.748424435471966909e-01 5.816649941911157251e-01 8.403184682449960086e-02 4.257998895356589486e-01 3.389046748685980992e-01 3.079191342892246830e-01 6.036616630721696186e-01 7.160950297027647293e-01 3.462274220019144755e-01
3.777497172263700742e-01 8.499299708996153058e-01 5.659370167976081056e-01 3.567207448862080299e-01 6.323389312876384061e-01 2.825098723305682347e-01 2.547412371866347724e-01 1.041810200359183369e-01 5.417237455245114131e-01 7.998085351430268553e-01 7.022088338979241007e-01 4.914189837861991372e-01 1.001183543420609001e-01 3.245397356425649971e-01 4.295171051674167018e-01 8.724501452453821138e-01 4.930174751363921581e-01 0.000000000000000000e+00 4.830863647350226442e-01 5.200082459122157275e-01 1.751825331039009725e-01 7.133089461051702607e-01 2.500629900854371979e-01 2.140372425755536767e-01 4.225176496055910169e-01 9.396729319666670133e-01 5.104212856442373880e-01 4.784292976438767608e-01 5.423486317269459178e-01 1.032069248059935829e-01 7.362423751256554905e-01 4.798997948797508739e-01 5.760120969351668618e-01 8.019872841051838286e-01 5.118891630227985212e-01
4.329790884852430799e-01 2.359236030037568099e-01 3.530853315504763890e-01 4.726997241523108739e-01 6.711182203837472438e-01 4.059159443684251523e-01 6.236893025980227989e-01 5.150323574117277037e-01 8.903151382433889260e-01 3.301416527694567837e-01 5.393138561198178582e-01 4.395049374420523236e-01 4.867966215951923248e-01 3.110526125918058327e-01 4.719023400933028967e-01 4.544863725851722158e-01 7.189235342048868604e-01 4.830863647350226442e-01 0.000000000000000000e+00 5.141166317746581615e-01 8.809481374236063367e-01 7.426320624632833933e-01 6.708302984551943737e-01 8.133377054419961283e-01 8.798571273585560348e-01 2.928984812168596852e-01 8.960179066528610736e-01 9.312696640374862334e-01 6.630395354857205881e-01 6.906726251017158980e-01 3.260197661151795767e-01 4.310790404889775496e-01 6.629637572534055057e-01 1.890449130747930973e-01 1.488538735857409812e-01
6.831902445832885862e-01 6.312090879199030447e-01 5.094251420548876474e-01 8.515861290252559890e-01 6.492261623825664740e-01 5.794975340301442568e-01 9.361915223763276339e-01 7.389595397491599549e-01 7.572790461777654247e-01 8.623668385813696435e-01 4.543858279355680874e-01 8.199727682209629887e-01 1.528194792846789829e-01 6.376065040177082421e-01 4.260530934032430439e-01 4.618392709717455413e-01 3.527516775835447538e-01 5.200082459122157275e-01 5.141166317746581615e-01 0.000000000000000000e+00 4.581272568754420349e-01 3.873610894755689094e-01 1.965304805415210576e-01 1.992970272292503564e-01 5.932343081484197089e-01 7.026462145806543491e-01 1.616487201293503873e-01 3.252784104018088263e-01 4.520044938274081492e-01 4.826056831583606654e-01 1.897472313706433100e-01 5.673792956112500008e-01 2.452598098854900099e-01 3.271482449023884742e-01 5.697885158764187663e-01
4.382387982806506543e-01 7.873384537209537903e-02 4.130088805117844153e-01 2.344461720104197289e-01 4.984217210569868994e-01 9.949155720698399374e-02 8.432156228762262007e-01 3.831950732484176725e-01 2.851606913770606822e-01 5.134850464974580753e-01 8.261568715391292006e-01 3.538681861931006756e-01 7.728593407162498430e-01 6.417136600368305022e-01 3.410186935938175345e-02 7.119571323223377046e-01 3.144762005653871650e-01 1.751825331039009725e-01 8.809481374236063367e-01 4.581272568754420349e-01 0.000000000000000000e+00 2.135703804613569012e-01 2.989080189244117669e-01 8.289065293147068747e-01 6.259201680975432502e-01 2.345352308179319278e-01 7.920697672621772600e-01 3.790567140617381314e-01 2.658876210652197924e-01 7.421082975963320116e-01 7.426657288054527850e-01 5.025093359440993002e-01 8.901476692418530678e-01 4.662310235691544125e-01 9.526590954981416504e-01
3.376175494038217151e-01 1.493869914577068414e-01 3.313994811726561074e-01 3.537245526651233707e-01 5.262313538133056579e-01 2.586340213273325972e-01 3.086282984297580301e-01 4.510373976108538741e-01 2.471392524556803583e-01 5.023964427521676601e-01 5.112290344553871435e-02 3.625870551094202421e-01 4.431392128190560498e-01 6.324090261614093711e-01 8.005125048995973547e-01 3.080230443981233912e-01 4.699404615282004594e-01 7.133089461051702607e-01 7.426320624632833933e-01 3.873610894755689094e-01 2.135703804613569012e-01 0.000000000000000000e+00 3.740834260162323455e-01 3.920504397609447800e-01 4.775917418017789351e-01 1.593918753289653711e-01 8.130449361220208893e-01 6.462713385083527218e-01 6.687192101086445462e-01 5.270349623935619565e-01 7.527231015875244236e-01 4.170965601751305818e-01 5.158756991661599400e-01 5.852481139902806495e-01 2.893660622258799053e-01
3.642400122329516599e-01 1.440199229029706096e-01 1.685299444851928730e-02 8.735302999747667219e-01 6.484955697898550087e-01 6.763060721437282874e-01 6.227208787578899507e-01 2.082546426957174734e-01 8.571193815601805266e-01 3.290655977788220499e-01 5.301387076336250281e-01 8.272877953534590878e-01 4.803491716315374527e-01 6.119505614465390320e-01 7.402246986917869753e-01 5.539121426196629283e-01 5.607515724611669139e-01 2.500629900854371979e-01 6.708302984551943737e-01 1.965304805415210576e-01 2.989080189244117669e-01 3.740834260162323455e-01 0.000000000000000000e+00 4.871507680835063803e-01 3.530923022731020655e-01 1.724461792395817206e-01 4.583065695057207400e-01 5.584903363631261719e-01 9.070689279359092083e-01 4.148894716042071940e-01 4.303488555852981179e-01 3.965242504708540450e-01 8.065472910465744105e-01 8.104866903979641712e-01 4.451738861903545841e-01
6.130579422692946645e-01 6.778236439829461446e-01 4.979582605781642801e-01 5.047568696115658504e-01 9.283671318701725017e-02 4.587878204987790864e-01 3.417274534049100643e-01 5.217713822074920849e-01 5.370491120857343592e-01 5.837456006709307310e-01 5.066392988417142140e-01 2.341252428262936003e-01 2.497933420888284184e-01 6.621195818027764135e-01 3.945574802570450124e-01 5.190377333094597923e-01 2.259522190843853418e-01 2.140372425755536767e-01 8.133377054419961283e-01 1.992970272292503564e-01 8.289065293147068747e-01 3.920504397609447800e-01 4.871507680835063803e-01 0.000000000000000000e+00 4.204329008105778254e-02 6.567913981761941411e-01 5.890195800329465214e-01 7.364930530839577383e-01 6.139137100563990534e-01 1.186393783321508799e-01 3.366893920048088518e-01 8.034948052994728140e-01 9.697743614711850091e-01 5.071121988843531048e-01 7.815283508531272183e-01
4.192250409792844801e-01 6.241243119612821522e-01 4.760711119382011192e-01 7.357260127283345996e-01 3.641473599515935300e-01 8.457057149764448667e-01 5.870985623816318277e-01 2.976974696343905880e-01 9.085358174155834243e-01 6.081518714207508891e-01 4.576265744134628832e-01 9.128708943070829029e-01 9.217044096451819657e-01 3.322200981544287668e-01 5.646317695486322563e-01 4.450583285603247341e-01 2.562876256188044710e-01 4.225176496055910169e-01 8.798571273585560348e-01 5.932343081484197089e-01 6.259201680975432502e-01 4.775917418017789351e-01 3.530923022731020655e-01 4.204329008105778254e-02 0.000000000000000000e+00 5.541023460756679953e-01 5.887880194338378503e-01 7.342403305173970107e-01 8.439888659889613898e-01 7.157368275638613664e-01 3.198881954139580763e-01 9.323445439028859028e-01 6.443153072467249221e-01 2.273258154462374225e-01 3.734090415123019202e-01
4.101588756664125701e-01 8.104103339645392090e-01 6.574400474211191669e-01 2.791498316971627869e-01 6.363831365606728019e-01 8.209813716772321746e-01 6.404730953756931910e-03 4.284077855407660840e-01 8.032581883316103344e-01 7.224551837594158643e-01 5.987784577539376762e-01 6.695553924094886922e-01 4.051903167962771501e-01 8.041036018008105302e-01 6.992315646425424358e-01 8.713357423115299927e-01 4.016533863144026162e-01 9.396729319666670133e-01 2.928984812168596852e-01 7.026462145806543491e-01 2.345352308179319278e-01 1.593918753289653711e-01 1.724461792395817206e-01 6.567913981761941411e-01 5.541023460756679953e-01 0.000000000000000000e+00 1.944689586287072780e-01 4.705276595583994803e-01 2.566153888773742286e-01 8.782427743310937673e-01 3.074227406923595307e-01 4.968049790068708171e-01 2.720049235389063180e-01 7.148546599218679187e-01 4.603489368592572628e-01
5.284023730721638668e-01 3.016814442859259149e-01 7.958474765106168247e-01 4.804025827259864601e-01 7.409393349209185686e-01 7.179591280818332644e-01 5.826262040032008649e-01 7.060081581063457623e-01 2.134059946702360211e-01 8.138695586391925252e-01 4.648116715347637151e-01 4.519791861129502375e-01 5.997194592740755503e-01 7.124588275923398051e-01 8.219906159491485731e-02 7.922821231019310240e-01 1.748424435471966909e-01 5.104212856442373880e-01 8.960179066528610736e-01 1.616487201293503873e-01 7.920697672621772600e-01 8.130449361220208893e-01 4.583065695057207400e-01 5.890195800329465214e-01 5.887880194338378503e-01 1.944689586287072780e-01 0.000000000000000000e+00 9.067917962505520624e-01 9.167693633219816673e-01 5.359203986669188735e-01 1.572357715616748974e-01 4.515050892124689019e-01 1.711530172540085548e-01 1.708389352205096356e-01 4.875442706938266091e-01
6.845604342337135995e-01 6.615666586933982574e-01 9.516635144725269502e-01 4.935044334027389734e-01 5.495816435467254513e-01 3.850004808871774209e-01 5.627445664231400801e-01 4.681943758474577111e-01 2.879903978446748392e-01 6.704011807254686151e-01 2.967806181656600373e-01 5.067386240828588573e-01 5.759810328932113421e-01 7.378984800175446557e-01 8.641025000246149723e-01 5.351487138554553713e-01 5.816649941911157251e-01 4.784292976438767608e-01 9.312696640374862334e-01 3.252784104018088263e-01 3.790567140617381314e-01 6.462713385083527218e-01 5.584903363631261719e-01 7.364930530839577383e-01 7.342403305173970107e-01 4.705276595583994803e-01 9.067917962505520624e-01 0.000000000000000000e+00 3.614231874657828358e-01 6.140918852225843994e-01 5.458588433762543435e-01 3.860496809276937058e-01 4.380443324975791253e-01 6.484026856591581511e-01 5.478149610135703007e-01
6.232725261967098085e-01 7.548479021341947259e-01 4.671144099640713865e-01 6.359631755612671355e-01 6.915011509889363861e-01 3.592483192898090483e-01 7.241383456727964463e-01 6.485041142216471100e-01 4.722681287013839047e-01 4.421837673889602582e-01 2.292705464404580784e-01 6.537683891238346146e-01 1.386444950692274913e-01 9.505366830807243650e-01 8.050472007907507610e-01 5.726041354877169365e-01 8.403184682449960086e-02 5.423486317269459178e-01 6.630395354857205881e-01 4.520044938274081492e-01 2.658876210652197924e-01 6.687192101086445462e-01 9.070689279359092083e-01 6.139137100563990534e-01 8.439888659889613898e-01 2.566153888773742286e-01 9.167693633219816673e-01 3.614231874657828358e-01 0.000000000000000000e+00 5.717099915984005243e-01 7.664210554452111079e-01 4.320263577480335515e-01 5.381327046147724724e-01 4.905884473984477578e-01 7.520442171275298904e-02
2.270554343489743498e-01 5.063267486128715245e-01 8.891829479887163323e-01 3.267059577660382796e-01 5.518639297290180989e-01 1.273903211952325254e-01 4.449645486829524321e-01 7.907687475116964571e-01 2.342609579908464523e-01 5.245981929724770065e-01 6.054380733033568607e-01 1.490715010769805282e-01 6.148965597495485991e-01 6.185609450334643711e-01 2.755906729121621046e-01 5.448659444017502906e-01 4.257998895356589486e-01 1.032069248059935829e-01 6.906726251017158980e-01 4.826056831583606654e-01 7.421082975963320116e-01 5.270349623935619565e-01 4.148894716042071940e-01 1.186393783321508799e-01 7.157368275638613664e-01 8.782427743310937673e-01 5.359203986669188735e-01 6.140918852225843994e-01 5.717099915984005243e-01 0.000000000000000000e+00 4.924843767779442105e-01 9.022081704998059504e-01 6.803078411709997386e-01 7.392082965294097807e-01 2.945568277297274662e-01
1.823274232685820340e-01 6.053239237949779028e-01 6.552698667272827127e-01 1.960925355837532802e-01 5.707996419991951953e-01 7.079891747580244754e-01 8.623196521553357918e-01 5.975611815784882541e-01 4.120656802489963133e-01 6.710577750104192996e-01 7.750102480784670789e-01 1.062255919807644222e-01 9.175139108494043683e-01 5.417871539632724831e-01 5.622832310423310220e-01 4.414772066970808484e-01 3.389046748685980992e-01 7.362423751256554905e-01 3.260197661151795767e-01 1.897472313706433100e-01 7.426657288054527850e-01 7.527231015875244236e-01 4.303488555852981179e-01 3.366893920048088518e-01 3.198881954139580763e-01 3.074227406923595307e-01 1.572357715616748974e-01 5.458588433762543435e-01 7.664210554452111079e-01 4.924843767779442105e-01 0.000000000000000000e+00 6.828587646950849965e-01 5.308828201435074057e-01 2.191076832245633099e-01 2.391619333992605068e-01
7.883133067900882640e-02 8.491731868891230217e-01 2.831066304236706799e-01 7.753097955690084753e-01 7.774401358405307327e-01 2.300018567086510868e-01 9.749187370454551749e-01 7.413459436824714199e-01 3.499679948512898764e-01 7.561177302792775334e-01 4.462269225510234749e-01 5.792222126237221991e-01 9.500052291635037172e-01 5.692550409491231589e-01 5.348061414507532252e-01 1.486767291074934105e-01 3.079191342892246830e-01 4.798997948797508739e-01 4.310790404889775496e-01 5.673792956112500008e-01 5.025093359440993002e-01 4.170965601751305818e-01 3.965242504708540450e-01 8.034948052994728140e-01 9.323445439028859028e-01 4.968049790068708171e-01 4.515050892124689019e-01 3.860496809276937058e-01 4.320263577480335515e-01 9.022081704998059504e-01 6.828587646950849965e-01 0.000000000000000000e+00 4.647172527925435004e-01 4.412246694287037529e-01 5.182889968343109555e-01
6.702748948348297153e-01 1.691273732528416618e-01 4.946929908010248012e-01 8.043172687462659676e-01 4.098706650146893837e-01 2.295731136547674023e-01 4.982220155128810335e-01 2.419767528527476674e-01 5.083267473911723400e-01 7.106194992859349302e-01 1.734615378755841597e-01 7.052341064564524586e-01 7.667668411270849305e-01 1.559037517839383380e-01 4.359215124227775462e-01 5.497655671976986458e-01 6.036616630721696186e-01 5.760120969351668618e-01 6.629637572534055057e-01 2.452598098854900099e-01 8.901476692418530678e-01 5.158756991661599400e-01 8.065472910465744105e-01 9.697743614711850091e-01 6.443153072467249221e-01 2.720049235389063180e-01 1.711530172540085548e-01 4.380443324975791253e-01 5.381327046147724724e-01 6.803078411709997386e-01 5.308828201435074057e-01 4.647172527925435004e-01 0.000000000000000000e+00 3.080536239778491892e-01 2.871586030523361477e-01
3.330312493567663124e-01 5.893548991316135410e-01 8.685509025600554045e-01 7.699528891108864403e-02 6.716389369246545948e-01 7.045882028962284771e-01 7.539528586704222768e-01 5.572229072412797635e-01 1.762694508845472074e-01 8.667175214734428312e-01 5.384302973588963592e-01 4.923051220359038194e-01 4.516192968126102603e-01 2.518067944998709229e-01 3.436693282892114842e-01 6.704312766308259119e-01 7.160950297027647293e-01 8.019872841051838286e-01 1.890449130747930973e-01 3.271482449023884742e-01 4.662310235691544125e-01 5.852481139902806495e-01 8.104866903979641712e-01 5.071121988843531048e-01 2.273258154462374225e-01 7.148546599218679187e-01 1.708389352205096356e-01 6.484026856591581511e-01 4.905884473984477578e-01 7.392082965294097807e-01 2.191076832245633099e-01 4.412246694287037529e-01 3.080536239778491892e-01 0.000000000000000000e+00 7.574727834325717390e-01
8.716660846782708916e-01 4.327112437437533599e-01 5.953581410362959181e-01 1.881498399131603105e-01 3.682284203867071115e-01 8.206673084482281055e-01 2.068268209581928252e-01 4.735046988437335291e-01 6.913329426745653539e-01 5.492502538844888926e-01 4.963670328011492439e-01 5.457651268021309621e-01 4.460570991252688078e-01 5.586625703112666486e-01 3.786983257887891474e-01 4.756096208855619123e-01 3.462274220019144755e-01 5.118891630227985212e-01 1.488538735857409812e-01 5.697885158764187663e-01 9.526590954981416504e-01 2.893660622258799053e-01 4.451738861903545841e-01 7.815283508531272183e-01 3.734090415123019202e-01 4.603489368592572628e-01 4.875442706938266091e-01 5.478149610135703007e-01 7.520442171275298904e-02 2.945568277297274662e-01 2.391619333992605068e-01 5.182889968343109555e-01 2.871586030523361477e-01 7.574727834325717390e-01 0.000000000000000000e+00
