0.000000000000000000e+00 3.405488825886120452e-01 2.954909989715787666e-01 4.851300510965254609e-01 3.923150589811080780e-01 5.619435706370953243e-01 4.485330457536197413e-01 6.656408533575935982e-01 7.126591747481549888e-01 3.093782782005689569e-01 4.445389306127525697e-01 4.279112967989562311e-01 6.946266667773162151e-01 8.877374373008282138e-01 6.966794784306920008e-01 3.227346163583941774e-01 4.646813442035325759e-01 2.485510939247337348e-01 8.461884099181360419e-01 8.637242027258920096e-01 2.560006366739139283e-01 8.251627577425657556e-01 2.449330407737076443e-01 7.048148463146330922e-01 9.458263912117452765e-01 6.138534752479993806e-01 8.002626113182875756e-01 2.653188611780737394e-01 9.481827256726838016e-01 9.268838435776398654e-01 5.390771434317103150e-01 8.217239518054636482e-01 4.505057446884678796e-01 5.769213009076259446e-01 4.912901460303253920e-01
3.405488825886120452e-01 0.000000000000000000e+00 7.153017528025338301e-01 4.519056759817801083e-01 5.277077282567399497e-01 5.108873965723061961e-01 2.957834625952617813e-01 7.359831114934816121e-01 5.702698263757038921e-01 9.228951661888051827e-01 1.204324964392211039e-01 4.001776536317515065e-01 3.546688808845610552e-01 9.440730172420834787e-01 9.942802028496899869e-02 8.743410753271828595e-01 5.712927223611350414e-01 5.704935468441683089e-01 6.159732762284967356e-01 7.257875074345196964e-01 1.819258146047576519e-01 7.017260280983785847e-01 7.433273741054898798e-01 4.892333760358766881e-01 8.314068741633682258e-01 5.251642981181413594e-01 8.725653740740351161e-01 7.767223480505343058e-01 4.433848042110534182e-01 2.206740829716582475e-01 4.626498590104385356e-01 4.231492513505097919e-01 8.126093835044101432e-01 1.975678092085791926e-01 2.083887812362601455e-01
2.954909989715787666e-01 7.153017528025338301e-01 0.000000000000000000e+00 3.818321056252289014e-01 3.498267904160792252e-01 5.742009988030190026e-01 7.112167767085197934e-02 5.019607092377560420e-01 8.687786163433555142e-01 3.491990273282102875e-01 2.371081908363717461e-01 4.809170696746758455e-01 5.284658573254124025e-01 4.030045178071540724e-01 8.112174105275566927e-01 6.006130217166187890e-01 4.638409523310339511e-01 7.448849654271110232e-01 3.935678079672332297e-01 3.418672862525955480e-01 5.092270619396628284e-01 4.931189148969883917e-01 2.690225744351867343e-01 8.560524038447314688e-02 3.824604420387954784e-01 3.533956372802997681e-01 7.456741800632940009e-01 5.265589095754472648e-01 4.012206147409915769e-01 8.327429373527719392e-01 4.150902435493614151e-01 5.068336508872453017e-01 3.549222161689702393e-01 6.473794284269389632e-01 4.706789909957768692e-01
4.851300510965254609e-01 4.519056759817801083e-01 3.818321056252289014e-01 0.000000000000000000e+00 4.814317245793599542e-01 7.832352515768681300e-02 1.654022387654564552e-01 8.777804052589812667e-01 5.336652562692447699e-01 9.348685650218104826e-01 9.393914292627121299e-01 5.788708207942029338e-01 9.246640284194207471e-01 8.337690534089249317e-01 1.171717381729044938e-01 2.223091787840143496e-01 5.746916304341502801e-01 6.272617344566917552e-01 5.330885162521603604e-01 1.167148518896916620e-01 5.115061272616743260e-01 4.550631751235231781e-01 8.596719590508785647e-01 6.442151682645926858e-01 7.013101669222503443e-01 5.726609858047654322e-01 1.410261526604716931e-01 9.156919960929776892e-01 5.511457924410229081e-01 3.610460084130122649e-01 2.250001608959475430e-01 8.506171668709712197e-01 4.702765381443897441e-01 3.923129906538401768e-01 5.766526993574611071e-01
3.923150589811080780e-01 5.277077282567399497e-01 3.498267904160792252e-01 4.814317245793599542e-01 0.000000000000000000e+00 7.183403919876208965e-01 5.990872545824311723e-01 1.664823642744004406e-01 6.346139238382766390e-01 3.968574617047228026e-01 5.281067851986145367e-01 6.244053304112819891e-01 9.934883000001903941e-02 5.114405984398808780e-01 4.596076383234614648e-01 6.099080015574912528e-01 6.838833186835050482e-01 7.232755138983265608e-01 3.080429355897873478e-01 8.371344675977034910e-01 8.568613846556640823e-01 4.360557011114570281e-01 6.527503119774369367e-01 8.502972859898545455e-01 1.506380977007424349e-01 9.499481985032656173e-01 6.638220093604318972e-02 9.014976879469651649e-01 3.907470304014654117e-01 9.000730037385322735e-01 1.866070173302087909e-01 6.491417356780064818e-01 5.637460437300354510e-01 5.518700340191493581e-01 3.028633792828769877e-01
5.619435706370953243e-01 5.108873965723061961e-01 5.742009988030190026e-01 7.832352515768681300e-02 7.183403919876208965e-01 0.000000000000000000e+00 9.402832085441419352e-01 6.334020866079643763e-01 6.194379900562063668e-01 5.507894346453113821e-01 6.010877685223600109e-01 8.248471791718166024e-01 4.996300670175592984e-01 3.696612765262875522e-01 3.939101108789496708e-01 6.932033074964706332e-01 4.830087395987661680e-01 4.323994494056617177e-01 3.399210756575530290e-01 4.118521007323926453e-01 3.076379634132259122e-01 5.601035779927376890e-01 3.454164213309004472e-01 4.574379533840711165e-02 4.678098517946911450e-01 8.308208934158817227e-01 7.726148478184955426e-01 3.552204552283729777e-01 5.621676054870713424e-01 7.350636540875730152e-01 6.237240919160618180e-01 7.443889413225417417e-01 3.453067254287047749e-01 2.583415542785268970e-01 6.193514490487594948e-01
4.485330457536197413e-01 2.957834625952617813e-01 7.112167767085197934e-02 1.654022387654564552e-01 5.990872545824311723e-01 9.402832085441419352e-01 0.000000000000000000e+00 6.115837261115482093e-01 8.745134780752628068e-02 6.674297671331530513e-02 2.322183601652111906e-01 5.065621098041924730e-01 4.279830246452663300e-01 8.358216494170004340e-01 3.469259706994178849e-01 7.058587159653734178e-01 4.022031276031765579e-01 5.124094482556493801e-01 1.614836416581525436e-01 8.102555922271597044e-01 4.536886870998477206e-01 8.249147646018670788e-01 3.716133066425001963e-01 3.307666294501674376e-01 4.616000662577429692e-01 5.010021303955862759e-01 9.047303769079270142e-01 4.026430152102392634e-01 4.581389417526172125e-01 5.284082147791160367e-01 6.268268024268961458e-01 6.864950966678813327e-01 4.662164624697745507e-01 3.117735037398364217e-01 4.883599300836021229e-01
6.656408533575935982e-01 7.359831114934816121e-01 5.019607092377560420e-01 8.777804052589812667e-01 1.664823642744004406e-01 6.334020866079643763e-01 6.115837261115482093e-01 0.000000000000000000e+00 7.548192940165543430e-01 4.639108006424151331e-01 2.430975832125317204e-01 4.585483722179880539e-01 8.934399038417846217e-01 8.087579668862183713e-01 4.042236617550414302e-01 2.000920123540707030e-01 5.347021742228481589e-01 4.212546723358853717e-01 1.533179391748468179e-01 6.989308365885211760e-01 6.744392091931709077e-01 1.780795994527832882e-01 7.523740979987421085e-01 2.822483173280373459e-01 7.200523234404188067e-01 4.361649614518172124e-01 6.890119603107405233e-01 4.175785798337002808e-01 5.798734363252979751e-01 7.789883258317953363e-02 1.883400426956174378e-01 6.731212608058686486e-01 7.935139306965872663e-01 4.443236194902845937e-01 2.900110149109368374e-01
7.126591747481549888e-01 5.702698263757038921e-01 8.687786163433555142e-01 5.336652562692447699e-01 6.346139238382766390e-01 6.194379900562063668e-01 8.745134780752628068e-02 7.548192940165543430e-01 0.000000000000000000e+00 5.663927051170940530e-01 4.589329021876308867e-01 4.350443726403112610e-01 7.522139382749688519e-01 5.543081943366683362e-01 6.528453151792518172e-01 1.990046459633619813e-01 8.132279065502208137e-01 8.673591269146141425e-01 5.830552678916712805e-01 8.190413578855038068e-02 2.561068263979813242e-01 9.200090350653389315e-01 4.492848744450328446e-02 4.815224391899485257e-01 3.589564764433479382e-01 4.662123926715623368e-01 8.328042107945436978e-01 4.277158754792084183e-01 4.116270570711430543e-01 8.362015798883346562e-01 5.256412317172375337e-01 6.556709090813921392e-01 3.475934173681765049e-01 6.884944636584218181e-01 5.706510575535317376e-01
3.093782782005689569e-01 9.228951661888051827e-01 3.491990273282102875e-01 9.348685650218104826e-01 3.968574617047228026e-01 5.507894346453113821e-01 6.674297671331530513e-02 4.639108006424151331e-01 5.663927051170940530e-01 0.000000000000000000e+00 8.419880451242995889e-01 4.243297371680228580e-01 8.777648597584819523e-01 7.656326102027892766e-01 7.857166031038406162e-01 6.239415327437486392e-01 6.613049735152106701e-01 6.159463346536611095e-01 7.493929713773734846e-01 6.813942106090210560e-01 7.060657488744024324e-01 7.899300585913784367e-01 5.070898805871270065e-01 9.148572454541542553e-01 7.949521065382485485e-01 3.729020808779329732e-01 6.470890359797306646e-01 8.566396769642870002e-01 8.122645374707271326e-01 1.323516651341450912e-01 6.839045104652199392e-01 8.285390149720744946e-01 6.926857086539217612e-02 5.055240333709335454e-01 6.273342006563144002e-01
4.445389306127525697e-01 1.204324964392211039e-01 2.371081908363717461e-01 9.393914292627121299e-01 5.281067851986145367e-01 6.010877685223600109e-01 2.322183601652111906e-01 2.430975832125317204e-01 4.589329021876308867e-01 8.419880451242995889e-01 0.000000000000000000e+00 6.741256016915313509e-01 7.619663366405133864e-01 5.618486588108457802e-01 7.497660755051924752e-01 5.474572828898226495e-01 5.392943657129641855e-01 4.333767770906667427e-01 6.513653390249576347e-01 4.830164863630882488e-01 5.819221706660554494e-02 3.599284126650343918e-01 3.510425075372914927e-01 1.558680543003508889e-01 1.175994479325118691e-01 5.962024190084274089e-01 6.657041010301661954e-01 6.817449992189227315e-01 4.703639543803742606e-01 8.134818242226888874e-01 5.016786628735769860e-01 6.639429520289967801e-01 2.720624477187236767e-01 1.004560577091403450e-01 5.332011220303113364e-01
4.279112967989562311e-01 4.001776536317515065e-01 4.809170696746758455e-01 5.788708207942029338e-01 6.244053304112819891e-01 8.248471791718166024e-01 5.065621098041924730e-01 4.585483722179880539e-01 4.350443726403112610e-01 4.243297371680228580e-01 6.741256016915313509e-01 0.000000000000000000e+00 1.776775068002118818e-01 6.710528142677237851e-01 5.173363556643797434e-01 1.046207715445811592e-01 6.535621307964094573e-01 8.551102067857544453e-01 8.392778646077262428e-01 4.868543998087451197e-01 4.836390646568813900e-01 5.683387469184656426e-01 7.351044901875295468e-01 7.804450558539468563e-01 5.040007294118850067e-01 8.060207326581279030e-01 3.721098360281809292e-01 7.926712450512469754e-01 7.144689186326336205e-01 1.223723899449898900e-01 2.962086409806575227e-01 5.984337758829707532e-01 7.765615437174011593e-01 9.216216445158555981e-01 9.089966054666533957e-01
6.946266667773162151e-01 3.546688808845610552e-01 5.284658573254124025e-01 9.246640284194207471e-01 9.934883000001903941e-02 4.996300670175592984e-01 4.279830246452663300e-01 8.934399038417846217e-01 7.522139382749688519e-01 8.777648597584819523e-01 7.619663366405133864e-01 1.776775068002118818e-01 0.000000000000000000e+00 7.614005908855181470e-02 5.044974739162020327e-01 6.525411348785360444e-01 8.026697579417567674e-01 6.397971463018410354e-01 4.538388148028189018e-01 7.379654154629675666e-01 6.892072868541327946e-01 9.013407614391667488e-01 7.514626607049172957e-01 5.163994574346622013e-01 5.978361078468302781e-01 4.304145771466591497e-01 7.219586518798575270e-01 7.261752574047414255e-01 4.500784739199184536e-01 1.447810957172231960e-01 9.528791370422223794e-01 2.251002955338213818e-01 7.932212684853356954e-01 6.117115989940488108e-01 7.345055142203146259e-01
8.877374373008282138e-01 9.440730172420834787e-01 4.030045178071540724e-01 8.337690534089249317e-01 5.114405984398808780e-01 3.696612765262875522e-01 8.358216494170004340e-01 8.087579668862183713e-01 5.543081943366683362e-01 7.656326102027892766e-01 5.618486588108457802e-01 6.710528142677237851e-01 7.614005908855181470e-02 0.000000000000000000e+00 2.825367174550696969e-01 8.001308623013680954e-01 5.059423544126563366e-01 2.884905419279002459e-01 6.848255249391648203e-01 6.057366239473890301e-01 3.105780356603633496e-01 7.904703145192475411e-01 2.203730490483940541e-01 3.441674511327906805e-01 4.820707697449541085e-01 4.719445295559931419e-01 7.028986598276906195e-01 1.090395406136572820e-01 3.431947697985138213e-01 9.330320939520534429e-01 3.875160536774418518e-01 5.407002480101713582e-01 7.018932394413373022e-01 1.997477368581606072e-01 7.156776078401282382e-01
6.966794784306920008e-01 9.942802028496899869e-02 8.112174105275566927e-01 1.171717381729044938e-01 4.596076383234614648e-01 3.939101108789496708e-01 3.469259706994178849e-01 4.042236617550414302e-01 6.528453151792518172e-01 7.857166031038406162e-01 7.497660755051924752e-01 5.173363556643797434e-01 5.044974739162020327e-01 2.825367174550696969e-01 0.000000000000000000e+00 9.117474583410212219e-02 9.044790978997773179e-01 2.815033584944197642e-01 6.290078113267840720e-01 2.442204890860330546e-01 7.253157091360185049e-01 6.972793419341500876e-01 8.017765326627224187e-01 6.171660358592916396e-01 4.234625962180448289e-01 8.985650238584663718e-02 4.025159387477155737e-01 5.516884090215337100e-01 5.371053072654062843e-01 5.281265881826362474e-01 8.234789900092800430e-01 5.725488121103758932e-01 5.597150532604526774e-01 6.108079548680799276e-01 8.126102444750720188e-01
3.227346163583941774e-01 8.743410753271828595e-01 6.006130217166187890e-01 2.223091787840143496e-01 6.099080015574912528e-01 6.932033074964706332e-01 7.058587159653734178e-01 2.000920123540707030e-01 1.990046459633619813e-01 6.239415327437486392e-01 5.474572828898226495e-01 1.046207715445811592e-01 6.525411348785360444e-01 8.001308623013680954e-01 9.117474583410212219e-02 0.000000000000000000e+00 1.869473516405665281e-01 4.573555045176426193e-01 3.652710277985945497e-01 5.010566858805836077e-01 7.701053438182892119e-01 3.491750943188168810e-01 4.882023224209602885e-01 9.746202568678554723e-01 7.309384887995622471e-01 9.164185896173500101e-01 7.969934439807282445e-01 6.266953170679081531e-01 2.924692881849662029e-01 1.583998341352144124e-01 8.246830187694228487e-01 7.071059737825845515e-01 6.039455388377668044e-01 3.467900560930685105e-01 4.352461362323337690e-01
4.646813442035325759e-01 5.712927223611350414e-01 4.638409523310339511e-01 5.746916304341502801e-01 6.838833186835050482e-01 4.830087395987661680e-01 4.022031276031765579e-01 5.347021742228481589e-01 8.132279065502208137e-01 6.613049735152106701e-01 5.392943657129641855e-01 6.535621307964094573e-01 8.026697579417567674e-01 5.059423544126563366e-01 9.044790978997773179e-01 1.869473516405665281e-01 0.000000000000000000e+00 3.760804996318984905e-01 4.559128277081553882e-01 8.602259006066207414e-01 5.715849246439155262e-01 6.005178776424369147e-01 4.806843642681035145e-01 7.545653743896102439e-01 4.322900019732351939e-01 4.884512230782337427e-01 3.235888536332946486e-01 3.734868916350340129e-01 5.269852779509185403e-01 7.981315414385765639e-01 8.247790890927702012e-01 4.681187113844032521e-01 4.062949963913369267e-01 6.614105688454343657e-01 5.824929674840815252e-01
2.485510939247337348e-01 5.704935468441683089e-01 7.448849654271110232e-01 6.272617344566917552e-01 7.232755138983265608e-01 4.323994494056617177e-01 5.124094482556493801e-01 4.212546723358853717e-01 8.673591269146141425e-01 6.159463346536611095e-01 4.333767770906667427e-01 8.551102067857544453e-01 6.397971463018410354e-01 2.884905419279002459e-01 2.815033584944197642e-01 4.573555045176426193e-01 3.760804996318984905e-01 0.000000000000000000e+00 8.075781928713854363e-01 3.363115599603133665e-01 6.210887762437424797e-01 4.053669652633393738e-01 1.434443101480152860e-01 6.130460368243617619e-02 2.030767923407428288e-01 4.800044685475816642e-01 3.184063972436480539e-01 2.616464663331381502e-01 2.619647074211126636e-01 7.591835887456220844e-01 5.209417452688631656e-01 7.192113047392063585e-01 5.869762393337671913e-01 7.340633088695355246e-01 7.216203256426477752e-01
8.461884099181360419e-01 6.159732762284967356e-01 3.935678079672332297e-01 5.330885162521603604e-01 3.080429355897873478e-01 3.399210756575530290e-01 1.614836416581525436e-01 1.533179391748468179e-01 5.830552678916712805e-01 7.493929713773734846e-01 6.513653390249576347e-01 8.392778646077262428e-01 4.538388148028189018e-01 6.848255249391648203e-01 6.290078113267840720e-01 3.652710277985945497e-01 4.559128277081553882e-01 8.075781928713854363e-01 0.000000000000000000e+00 9.115110830230008787e-01 6.399203329441180976e-01 3.947504060805717696e-01 8.425730022641544359e-01 5.781940064882644670e-01 5.012608703652556841e-01 6.978410918413622266e-01 5.293861643988895249e-01 9.049714499871843731e-01 3.893171316557516581e-01 8.371807849624078868e-01 8.238963851031123609e-01 5.299770465899513727e-01 6.137929665947989832e-01 3.774697905066166648e-01 7.887963037356948703e-02
8.637242027258920096e-01 7.257875074345196964e-01 3.418672862525955480e-01 1.167148518896916620e-01 8.371344675977034910e-01 4.118521007323926453e-01 8.102555922271597044e-01 6.989308365885211760e-01 8.190413578855038068e-02 6.813942106090210560e-01 4.830164863630882488e-01 4.868543998087451197e-01 7.379654154629675666e-01 6.057366239473890301e-01 2.442204890860330546e-01 5.010566858805836077e-01 8.602259006066207414e-01 3.363115599603133665e-01 9.115110830230008787e-01 0.000000000000000000e+00 8.213517144519868474e-01 5.456491406953349887e-01 1.316056995122082407e-01 7.579099640596800302e-01 4.989402781067069914e-01 1.266368310085483340e-01 7.615253221465415612e-01 3.037682760830054951e-01 6.166626733532905025e-01 7.786931825372134242e-02 6.383514984476459375e-01 4.347620809020298349e-01 6.399531521761553376e-01 7.137941290442335607e-01 4.188490448926033838e-01
2.560006366739139283e-01 1.819258146047576519e-01 5.092270619396628284e-01 5.115061272616743260e-01 8.568613846556640823e-01 3.076379634132259122e-01 4.536886870998477206e-01 6.744392091931709077e-01 2.561068263979813242e-01 7.060657488744024324e-01 5.819221706660554494e-02 4.836390646568813900e-01 6.892072868541327946e-01 3.105780356603633496e-01 7.253157091360185049e-01 7.701053438182892119e-01 5.715849246439155262e-01 6.210887762437424797e-01 6.399203329441180976e-01 8.213517144519868474e-01 0.000000000000000000e+00 3.515012150071373798e-01 2.983252837359098297e-01 6.414559987778372108e-01 5.735331540941539519e-01 3.163277855033289621e-01 8.143723899577626213e-01 2.428647387074169550e-01 3.499622702469280533e-01 6.680835186249833857e-01 7.127082305714722565e-01 5.167140604074034194e-01 1.686625478070180595e-01 7.621428841082207306e-01 8.054331798969506240e-01
8.251627577425657556e-01 7.017260280983785847e-01 4.931189148969883917e-01 4.550631751235231781e-01 4.360557011114570281e-01 5.601035779927376890e-01 8.249147646018670788e-01 1.780795994527832882e-01 9.200090350653389315e-01 7.899300585913784367e-01 3.599284126650343918e-01 5.683387469184656426e-01 9.013407614391667488e-01 7.904703145192475411e-01 6.972793419341500876e-01 3.491750943188168810e-01 6.005178776424369147e-01 4.053669652633393738e-01 3.947504060805717696e-01 5.456491406953349887e-01 3.515012150071373798e-01 0.000000000000000000e+00 6.762026244517550522e-01 7.074173318924588116e-01 4.971952775455020235e-01 3.979648734538018262e-01 2.202493154142725618e-01 6.551876169068605593e-01 4.851336593552273424e-01 9.059941288106974078e-01 8.624359267819599051e-01 9.316499906723632041e-01 7.970427599243400385e-01 7.198476272046697710e-01 5.789605871702334650e-01
2.449330407737076443e-01 7.433273741054898798e-01 2.690225744351867343e-01 8.596719590508785647e-01 6.527503119774369367e-01 3.454164213309004472e-01 3.716133066425001963e-01 7.523740979987421085e-01 4.492848744450328446e-02 5.070898805871270065e-01 3.510425075372914927e-01 7.351044901875295468e-01 7.514626607049172957e-01 2.203730490483940541e-01 8.017765326627224187e-01 4.882023224209602885e-01 4.806843642681035145e-01 1.434443101480152860e-01 8.425730022641544359e-01 1.316056995122082407e-01 2.983252837359098297e-01 6.762026244517550522e-01 0.000000000000000000e+00 6.237373395686380828e-01 5.034971148170422905e-01 5.178729388909805165e-01 1.518155675909241831e-01 8.949389574649813106e-01 8.132921755004420827e-01 7.487830328400368884e-01 5.035305931861944195e-01 6.251239102047427831e-01 6.377210186174188111e-01 3.594882967952338637e-01 8.584191391587225883e-01
7.048148463146330922e-01 4.892333760358766881e-01 8.560524038447314688e-02 6.442151682645926858e-01 8.502972859898545455e-01 4.574379533840711165e-02 3.307666294501674376e-01 2.822483173280373459e-01 4.815224391899485257e-01 9.148572454541542553e-01 1.558680543003508889e-01 7.804450558539468563e-01 5.163994574346622013e-01 3.441674511327906805e-01 6.171660358592916396e-01 9.746202568678554723e-01 7.545653743896102439e-01 6.130460368243617619e-02 5.781940064882644670e-01 7.579099640596800302e-01 6.414559987778372108e-01 7.074173318924588116e-01 6.237373395686380828e-01 0.000000000000000000e+00 7.984493140376799358e-01 4.547111100347314139e-01 8.392852329413729162e-01 7.765886952833519485e-01 2.454476234902547294e-01 3.254062737112241033e-01 6.961423122864638380e-01 6.744668280553589579e-01 3.040631221918092542e-01 7.588561644787390481e-01 2.508953438494664345e-01
9.458263912117452765e-01 8.314068741633682258e-01 3.824604420387954784e-01 7.013101669222503443e-01 1.506380977007424349e-01 4.678098517946911450e-01 4.616000662577429692e-01 7.200523234404188067e-01 3.589564764433479382e-01 7.949521065382485485e-01 1.175994479325118691e-01 5.040007294118850067e-01 5.978361078468302781e-01 4.820707697449541085e-01 4.234625962180448289e-01 7.309384887995622471e-01 4.322900019732351939e-01 2.030767923407428288e-01 5.012608703652556841e-01 4.989402781067069914e-01 5.735331540941539519e-01 4.971952775455020235e-01 5.034971148170422905e-01 7.984493140376799358e-01 0.000000000000000000e+00 3.100023288359973206e-01 1.026777131287867073e-01 7.280660937547961398e-01 7.728528376637562314e-01 7.092771341885899528e-01 2.870428131636406643e-01 1.997945916174707071e-01 6.147631091367835587e-01 3.820927341606237815e-01 4.933630708068443282e-01
6.138534752479993806e-01 5.251642981181413594e-01 3.533956372802997681e-01 5.726609858047654322e-01 9.499481985032656173e-01 8.308208934158817227e-01 5.010021303955862759e-01 4.361649614518172124e-01 4.662123926715623368e-01 3.729020808779329732e-01 5.962024190084274089e-01 8.060207326581279030e-01 4.304145771466591497e-01 4.719445295559931419e-01 8.985650238584663718e-02 9.164185896173500101e-01 4.884512230782337427e-01 4.800044685475816642e-01 6.978410918413622266e-01 1.266368310085483340e-01 3.163277855033289621e-01 3.979648734538018262e-01 5.178729388909805165e-01 4.547111100347314139e-01 3.100023288359973206e-01 0.000000000000000000e+00 4.278164691800356301e-01 6.685780724909284878e-01 6.677028868083085822e-01 1.813625844323116798e-01 7.312052303540514941e-01 3.039592073426811147e-01 7.660404631373816109e-01 8.808493311277263427e-01 9.296269791735176646e-01
8.002626113182875756e-01 8.725653740740351161e-01 7.456741800632940009e-01 1.410261526604716931e-01 6.638220093604318972e-02 7.726148478184955426e-01 9.047303769079270142e-01 6.890119603107405233e-01 8.328042107945436978e-01 6.470890359797306646e-01 6.657041010301661954e-01 3.721098360281809292e-01 7.219586518798575270e-01 7.028986598276906195e-01 4.025159387477155737e-01 7.969934439807282445e-01 3.235888536332946486e-01 3.184063972436480539e-01 5.293861643988895249e-01 7.615253221465415612e-01 8.143723899577626213e-01 2.202493154142725618e-01 1.518155675909241831e-01 8.392852329413729162e-01 1.026777131287867073e-01 4.278164691800356301e-01 0.000000000000000000e+00 4.102421752942291833e-01 6.267112675824256796e-01 3.188484072700501493e-01 6.414487500761882899e-01 6.899302361394497041e-01 4.898911091595752332e-01 8.982964919854750097e-01 2.724691440156137845e-01
2.653188611780737394e-01 7.767223480505343058e-01 5.265589095754472648e-01 9.156919960929776892e-01 9.014976879469651649e-01 3.552204552283729777e-01 4.026430152102392634e-01 4.175785798337002808e-01 4.277158754792084183e-01 8.566396769642870002e-01 6.817449992189227315e-01 7.926712450512469754e-01 7.261752574047414255e-01 1.090395406136572820e-01 5.516884090215337100e-01 6.266953170679081531e-01 3.734868916350340129e-01 2.616464663331381502e-01 9.049714499871843731e-01 3.037682760830054951e-01 2.428647387074169550e-01 6.551876169068605593e-01 8.949389574649813106e-01 7.765886952833519485e-01 7.280660937547961398e-01 6.685780724909284878e-01 4.102421752942291833e-01 0.000000000000000000e+00 4.149027408402443107e-01 7.058803018932695572e-01 8.405453166863416925e-01 3.329763833384399296e-01 5.573050226947500185e-01 3.334226657412121542e-01 4.150594937758201319e-01
9.481827256726838016e-01 4.433848042110534182e-01 4.012206147409915769e-01 5.511457924410229081e-01 3.907470304014654117e-01 5.621676054870713424e-01 4.581389417526172125e-01 5.798734363252979751e-01 4.116270570711430543e-01 8.122645374707271326e-01 4.703639543803742606e-01 7.144689186326336205e-01 4.500784739199184536e-01 3.431947697985138213e-01 5.371053072654062843e-01 2.924692881849662029e-01 5.269852779509185403e-01 2.619647074211126636e-01 3.893171316557516581e-01 6.166626733532905025e-01 3.499622702469280533e-01 4.851336593552273424e-01 8.132921755004420827e-01 2.454476234902547294e-01 7.728528376637562314e-01 6.677028868083085822e-01 6.267112675824256796e-01 4.149027408402443107e-01 0.000000000000000000e+00 8.155565695642306157e-01 7.690665224191473026e-02 6.981176277777156880e-01 5.520354259209189207e-01 8.133063240271591887e-01 5.138511151443642122e-01
9.268838435776398654e-01 2.206740829716582475e-01 8.327429373527719392e-01 3.610460084130122649e-01 9.000730037385322735e-01 7.350636540875730152e-01 5.284082147791160367e-01 7.789883258317953363e-02 8.362015798883346562e-01 1.323516651341450912e-01 8.134818242226888874e-01 1.223723899449898900e-01 1.447810957172231960e-01 9.330320939520534429e-01 5.281265881826362474e-01 1.583998341352144124e-01 7.981315414385765639e-01 7.591835887456220844e-01 8.371807849624078868e-01 7.786931825372134242e-02 6.680835186249833857e-01 9.059941288106974078e-01 7.487830328400368884e-01 3.254062737112241033e-01 7.092771341885899528e-01 1.813625844323116798e-01 3.188484072700501493e-01 7.058803018932695572e-01 8.155565695642306157e-01 0.000000000000000000e+00 5.269015474788376618e-01 4.139801695112653168e-01 3.614147429465496275e-01 8.447440732972740784e-01 9.187383237526225432e-02
5.390771434317103150e-01 4.626498590104385356e-01 4.150902435493614151e-01 2.250001608959475430e-01 1.866070173302087909e-01 6.237240919160618180e-01 6.268268024268961458e-01 1.883400426956174378e-01 5.256412317172375337e-01 6.839045104652199392e-01 5.016786628735769860e-01 2.962086409806575227e-01 9.528791370422223794e-01 3.875160536774418518e-01 8.234789900092800430e-01 8.246830187694228487e-01 8.247790890927702012e-01 5.209417452688631656e-01 8.238963851031123609e-01 6.383514984476459375e-01 7.127082305714722565e-01 8.624359267819599051e-01 5.035305931861944195e-01 6.961423122864638380e-01 2.870428131636406643e-01 7.312052303540514941e-01 6.414487500761882899e-01 8.405453166863416925e-01 7.690665224191473026e-02 5.269015474788376618e-01 0.000000000000000000e+00 7.669215254302237383e-01 2.885086884516971928e-01 1.561664847374553133e-01 9.101344965979550894e-01
8.217239518054636482e-01 4.231492513505097919e-01 5.068336508872453017e-01 8.506171668709712197e-01 6.491417356780064818e-01 7.443889413225417417e-01 6.864950966678813327e-01 6.731212608058686486e-01 6.556709090813921392e-01 8.285390149720744946e-01 6.639429520289967801e-01 5.984337758829707532e-01 2.251002955338213818e-01 5.407002480101713582e-01 5.725488121103758932e-01 7.071059737825845515e-01 4.681187113844032521e-01 7.192113047392063585e-01 5.299770465899513727e-01 4.347620809020298349e-01 5.167140604074034194e-01 9.316499906723632041e-01 6.251239102047427831e-01 6.744668280553589579e-01 1.997945916174707071e-01 3.039592073426811147e-01 6.899302361394497041e-01 3.329763833384399296e-01 6.981176277777156880e-01 4.139801695112653168e-01 7.669215254302237383e-01 0.000000000000000000e+00 1.960453437815446454e-01 7.956912081750886490e-01 5.546689801185842317e-01
4.505057446884678796e-01 8.126093835044101432e-01 3.549222161689702393e-01 4.702765381443897441e-01 5.637460437300354510e-01 3.453067254287047749e-01 4.662164624697745507e-01 7.935139306965872663e-01 3.475934173681765049e-01 6.926857086539217612e-02 2.720624477187236767e-01 7.765615437174011593e-01 7.932212684853356954e-01 7.018932394413373022e-01 5.597150532604526774e-01 6.039455388377668044e-01 4.062949963913369267e-01 5.869762393337671913e-01 6.137929665947989832e-01 6.399531521761553376e-01 1.686625478070180595e-01 7.970427599243400385e-01 6.377210186174188111e-01 3.040631221918092542e-01 6.147631091367835587e-01 7.660404631373816109e-01 4.898911091595752332e-01 5.573050226947500185e-01 5.520354259209189207e-01 3.614147429465496275e-01 2.885086884516971928e-01 1.960453437815446454e-01 0.000000000000000000e+00 1.900297445428111853e-02 8.517865447022374692e-01
5.769213009076259446e-01 1.975678092085791926e-01 6.473794284269389632e-01 3.923129906538401768e-01 5.518700340191493581e-01 2.583415542785268970e-01 3.117735037398364217e-01 4.443236194902845937e-01 6.884944636584218181e-01 5.055240333709335454e-01 1.004560577091403450e-01 9.216216445158555981e-01 6.117115989940488108e-01 1.997477368581606072e-01 6.108079548680799276e-01 3.467900560930685105e-01 6.614105688454343657e-01 7.340633088695355246e-01 3.774697905066166648e-01 7.137941290442335607e-01 7.621428841082207306e-01 7.198476272046697710e-01 3.594882967952338637e-01 7.588561644787390481e-01 3.820927341606237815e-01 8.808493311277263427e-01 8.982964919854750097e-01 3.334226657412121542e-01 8.133063240271591887e-01 8.447440732972740784e-01 1.561664847374553133e-01 7.956912081750886490e-01 1.900297445428111853e-02 0.000000000000000000e+00 4.886990424759700691e-01
4.912901460303253920e-01 2.083887812362601455e-01 4.706789909957768692e-01 5.766526993574611071e-01 3.028633792828769877e-01 6.193514490487594948e-01 4.883599300836021229e-01 2.900110149109368374e-01 5.706510575535317376e-01 6.273342006563144002e-01 5.332011220303113364e-01 9.089966054666533957e-01 7.345055142203146259e-01 7.156776078401282382e-01 8.126102444750720188e-01 4.352461362323337690e-01 5.824929674840815252e-01 7.216203256426477752e-01 7.887963037356948703e-02 4.188490448926033838e-01 8.054331798969506240e-01 5.789605871702334650e-01 8.584191391587225883e-01 2.508953438494664345e-01 4.933630708068443282e-01 9.296269791735176646e-01 2.724691440156137845e-01 4.150594937758201319e-01 5.138511151443642122e-01 9.187383237526225432e-02 9.101344965979550894e-01 5.546689801185842317e-01 8.517865447022374692e-01 4.886990424759700691e-01 0.000000000000000000e+00
