0.000000000000000000e+00 5.885230267359464751e-02 6.636979886798439754e-01 7.506127769062234112e-01 6.210404532490724216e-01 3.780427852640136921e-01 8.798733494424930690e-01 8.508735650169070297e-01 4.865002072396080735e-01 3.723352082746040348e-01 4.316030445282098560e-01 2.762097292724026154e-01 2.030675019098286960e-01 3.650266966694414306e-01 3.815582566132013076e-01 9.190895385962618569e-01 4.578286519076222305e-01 3.552662852138652738e-01 1.693307860433650447e-01 6.326712627004758005e-01 1.317945265915991815e-01 2.782986252889474432e-01 1.104367881426060460e-01 3.238611136592156603e-01 8.795835964029672382e-01 5.251219424966826477e-01 4.521331215165699247e-01 6.400318287870407907e-01 1.971974666617533067e-01 3.476487934894963994e-01 2.582585382328516088e-01 3.835938112847429027e-01 5.678581976980557888e-01 7.347022782337508939e-02 2.226188428503460548e-01
5.885230267359464751e-02 0.000000000000000000e+00 3.117982432016478400e-01 7.455301164386306523e-01 5.102222119019528268e-01 1.199918251283881299e-01 2.739803863050525035e-01 3.080240196228568594e-01 5.993643654120475173e-01 4.551384609339096388e-01 6.408886319168248802e-01 9.270176926941307016e-01 8.452833713292224882e-01 9.615042235000375026e-01 5.383907687956897004e-01 3.864442527925577853e-01 5.071945504934546323e-01 2.579102170462606591e-01 4.905750247055659097e-01 6.026892701897363924e-01 6.864580247947816849e-01 4.544465861355585501e-01 4.980894491339276087e-01 6.892771778563389073e-01 4.318562557808110491e-01 2.748358625206003270e-01 6.310246262167416020e-01 8.507706383513313764e-01 7.045128476238133874e-01 9.257148659206944075e-01 2.356543057570398281e-01 6.137786698278129283e-01 4.428356874547906274e-01 7.196024898174615547e-01 5.304739627413718184e-01
6.636979886798439754e-01 3.117982432016478400e-01 0.000000000000000000e+00 7.710059184748678796e-01 1.982121286166115270e-01 1.666271612746649255e-01 9.434807636038891054e-01 9.666517148738986709e-01 5.264097090839444659e-01 4.967353611829380400e-01 7.746121752854300269e-01 5.821622791564032839e-01 5.176772482266753794e-01 3.644406336157562931e-01 5.795021715694665954e-01 7.700862000828040399e-01 7.589919204459458779e-01 6.034417154584673648e-01 6.930336583018386065e-01 7.269813179295439021e-01 3.570998190927510141e-02 5.762729199482170550e-01 4.675135104374092410e-01 4.636882738484458533e-01 3.151999441938596602e-01 6.433055200098340976e-01 2.448198713452436337e-01 6.453386559819208612e-01 3.013807981342186970e-02 3.100772016646575757e-01 3.988839874598830715e-01 6.261072642553897616e-01 7.584035120409629016e-01 5.548181185474478916e-01 3.974610731572464362e-01
7.506127769062234112e-01 7.455301164386306523e-01 7.710059184748678796e-01 0.000000000000000000e+00 3.556319589022215455e-01 4.447918613348585959e-01 3.991438134370574042e-01 6.189905413108289789e-01 6.513010086758903583e-01 4.982738469637484346e-01 1.189874896841174312e-01 5.794261212428386543e-01 1.668769305274261372e-01 5.116886890438407942e-01 2.934482916307343259e-01 6.543059248584107701e-01 7.055690108130402427e-01 4.538504420109881199e-01 9.042647947780696471e-01 5.801073464139061553e-01 6.110958282124603347e-01 3.417166131632037862e-01 4.654416252064617621e-01 7.089384072567164186e-01 3.980181673915373919e-01 4.792533830677689344e-01 3.552981999289113180e-01 9.052913652342152728e-01 9.162767747244542349e-01 2.317272805273928871e-01 2.137429457698025170e-01 8.044268894900590272e-01 2.782307713246962022e-01 6.276467589828731430e-01 4.993933999397113244e-01
6.210404532490724216e-01 5.102222119019528268e-01 1.982121286166115270e-01 3.556319589022215455e-01 0.000000000000000000e+00 3.700694054918141074e-01 4.891590170120351244e-01 2.793293722615148855e-01 5.088818444976124233e-01 3.829762901204530889e-01 1.869235989844818535e-01 7.993557443785630490e-01 2.882131942108752676e-01 3.850520972814513998e-01 6.656531549951042459e-01 8.089992101010474723e-01 6.668842896819182631e-01 1.544020940231084493e-01 8.043190110704926399e-01 1.114479088459525702e-01 5.456354317424357836e-01 4.353651795034952920e-01 1.883789391249033329e-01 2.797624832604215239e-01 5.418330872463713588e-01 8.869157827513047820e-01 2.418346938993184425e-01 5.608799488608404715e-01 4.926871022921091026e-01 6.797760150272060820e-01 3.516409130020550777e-01 7.787317812985117271e-02 8.097751122212737407e-01 5.948520214219561453e-01 3.927243597201241498e-01
3.780427852640136921e-01 1.199918251283881299e-01 1.666271612746649255e-01 4.447918613348585959e-01 3.700694054918141074e-01 0.000000000000000000e+00 5.804031500498229024e-01 4.282218823101108240e-01 5.095952555310693244e-01 7.007247017394632183e-01 4.916464188829174908e-01 8.659745633610598237e-01 8.385066490174886145e-01 4.594043846029763900e-01 4.977583430967632561e-01 4.280276576797016341e-01 8.642695349974376384e-01 7.434114224521684022e-01 8.784846277639242196e-01 3.654535991623022451e-01 7.951906695259138846e-01 4.276344839574383050e-01 5.565709466145156714e-01 6.673618891062811365e-01 7.545429214642240812e-01 2.044071552589270535e-01 7.844229039593900721e-01 5.972778865787586877e-01 5.938512881966548917e-01 6.464842569237272407e-01 2.284155294549123361e-01 4.232948877441616298e-01 5.229742131141049688e-01 1.139112534416990563e-01 4.263725654521676733e-01
8.798733494424930690e-01 2.739803863050525035e-01 9.434807636038891054e-01 3.991438134370574042e-01 4.891590170120351244e-01 5.804031500498229024e-01 0.000000000000000000e+00 2.681524236736946842e-01 7.979618922971953854e-01 9.742038535999774096e-01 5.784575243509025855e-01 5.497157293061505356e-01 5.086202018116700030e-01 1.630154470208149409e-01 7.530418410160875098e-01 5.799047049998387049e-01 2.259387727798233270e-01 3.823099890724222516e-01 5.392625358885905218e-01 9.433567528524924306e-01 3.642896574311771385e-01 8.756365558004852723e-01 8.863837153962843551e-01 3.198454440729510129e-01 1.273682168085709110e-01 3.008511863988639901e-01 4.443003524823509465e-01 5.090128139530369911e-01 2.994874665749200915e-01 8.840950287641853311e-01 9.689854861333969671e-01 8.980630740801485157e-01 5.181458235117163413e-01 5.374562989232214427e-01 7.325469220977944840e-01
8.508735650169070297e-01 3.080240196228568594e-01 9.666517148738986709e-01 6.189905413108289789e-01 2.793293722615148855e-01 4.282218823101108240e-01 2.681524236736946842e-01 0.000000000000000000e+00 7.262341385085336887e-01 6.593286583869985007e-01 7.681490726613651177e-01 1.181804674287785240e-01 6.478521765890408179e-01 1.453079893370762266e-01 4.829623844499624230e-01 5.789648616993657848e-01 1.915349153333181231e-01 6.461423030501682874e-01 4.387863746490859862e-01 4.626451153882987222e-01 6.087878771701915603e-02 4.356506194923426278e-01 3.097861239489579921e-01 8.534541618636573013e-01 2.478129399841717262e-01 4.393042298165331649e-01 5.362689595155462063e-01 7.497430298005697269e-01 2.900582760163263329e-01 4.498112588970203385e-01 5.295704684351034697e-01 6.330442741906967541e-01 7.767247562415084960e-01 3.850715702884862646e-01 7.649601152887571809e-01
4.865002072396080735e-01 5.993643654120475173e-01 5.264097090839444659e-01 6.513010086758903583e-01 5.088818444976124233e-01 5.095952555310693244e-01 7.979618922971953854e-01 7.262341385085336887e-01 0.000000000000000000e+00 8.556763573111947352e-01 7.194459205605838736e-01 6.478095298705977001e-01 1.732411094075405611e-01 9.043775961828401933e-01 6.681524850367491775e-01 3.490392839660295676e-01 6.587959571810566572e-01 6.205111948841971481e-01 5.167335269544354182e-01 6.804801401527622584e-01 5.659044046109017456e-01 3.005439037378716538e-01 7.014310969829788966e-01 5.509353641766248089e-01 6.116022118232787852e-01 4.126360054736526450e-01 5.540978068896476039e-01 6.923581888840361076e-01 3.793035137007905178e-01 2.952289000794275919e-01 5.674602860223840750e-01 6.384248486799803946e-01 4.821767025815547614e-01 7.836016574969528747e-01 4.844151065746450380e-01
3.723352082746040348e-01 4.551384609339096388e-01 4.967353611829380400e-01 4.982738469637484346e-01 3.829762901204530889e-01 7.007247017394632183e-01 9.742038535999774096e-01 6.593286583869985007e-01 8.556763573111947352e-01 0.000000000000000000e+00 6.162657090920495850e-01 3.769774744127536992e-01 1.932436247040005828e-01 6.896889001783894635e-01 3.964074016304539594e-01 2.628358392547572864e-01 6.595422880074546246e-01 9.742213244830111307e-02 8.138019996935780265e-01 4.996233220261592223e-01 2.665252270240890953e-01 5.545023498331457246e-01 7.455528161803126608e-01 8.977615935601146457e-01 6.290063340287856963e-01 3.335963041176784882e-01 8.537394593044849156e-01 4.741212892916975008e-01 4.094965788660591133e-01 6.087758198024204592e-01 7.393681908954569115e-01 5.081174004362465357e-01 7.929291855884567086e-01 5.075992010806075205e-01 3.716799178977531204e-01
4.316030445282098560e-01 6.408886319168248802e-01 7.746121752854300269e-01 1.189874896841174312e-01 1.869235989844818535e-01 4.916464188829174908e-01 5.784575243509025855e-01 7.681490726613651177e-01 7.194459205605838736e-01 6.162657090920495850e-01 0.000000000000000000e+00 5.687337620138401828e-01 2.274180846912851051e-01 3.886099435449159589e-01 2.031320694981411101e-01 4.879942650920391367e-01 5.505336033814374197e-01 8.253972340813452435e-01 5.891150359576282636e-01 3.476362780025897825e-01 2.395619886068646731e-01 6.268550118222180334e-01 3.110194573399506224e-01 3.829168416759761162e-01 9.347357222572640900e-01 2.867776976287102486e-01 6.078138729765314441e-01 2.581940206572679308e-01 7.819382350356457456e-01 2.901357829741849637e-01 3.981491963960209768e-01 8.329581202554199315e-01 3.643095179471280698e-01 2.816053949151922087e-01 4.514066106646245080e-01
2.762097292724026154e-01 9.270176926941307016e-01 5.821622791564032839e-01 5.794261212428386543e-01 7.993557443785630490e-01 8.659745633610598237e-01 5.497157293061505356e-01 1.181804674287785240e-01 6.478095298705977001e-01 3.769774744127536992e-01 5.687337620138401828e-01 0.000000000000000000e+00 9.250236069177339981e-01 2.234520139855771248e-01 2.009881575718915903e-01 6.861979326122229494e-01 6.965164284119955695e-01 5.116780149003612443e-01 2.010883349536163323e-01 5.365599801931486557e-01 2.030204241394606424e-01 3.449848863751223682e-01 5.292348913900104534e-01 8.573892997166501218e-01 5.213243892576053806e-01 3.679434576070786944e-01 4.361762766596375962e-01 2.439316083918615652e-01 6.469061674049993993e-01 6.012331176822365286e-01 6.896255337905832228e-01 7.203621456428569436e-01 1.560388386809888894e-01 9.189486546546168366e-01 2.150073039106182859e-01
2.030675019098286960e-01 8.452833713292224882e-01 5.176772482266753794e-01 1.668769305274261372e-01 2.882131942108752676e-01 8.385066490174886145e-01 5.086202018116700030e-01 6.478521765890408179e-01 1.732411094075405611e-01 1.932436247040005828e-01 2.274180846912851051e-01 9.250236069177339981e-01 0.000000000000000000e+00 4.337327387336512574e-01 8.218912994438000164e-01 5.404938875898713802e-01 9.746437693646269329e-01 6.187460888054092667e-01 4.806933254958658530e-01 4.772401976789294453e-01 7.297337030094989130e-01 3.109549919720724920e-01 6.695175807992579387e-01 2.704408068123401732e-01 2.635028821577416469e-01 5.796697536792932981e-01 4.802660935702500189e-01 4.874981767734586913e-01 2.493541998693110107e-01 1.134750275342829573e-01 6.701138020689827446e-01 6.694695754952614264e-01 3.074948214718968287e-01 1.441136716012905161e-01 1.688598795806055541e-01
3.650266966694414306e-01 9.615042235000375026e-01 3.644406336157562931e-01 5.116886890438407942e-01 3.850520972814513998e-01 4.594043846029763900e-01 1.630154470208149409e-01 1.453079893370762266e-01 9.043775961828401933e-01 6.896889001783894635e-01 3.886099435449159589e-01 2.234520139855771248e-01 4.337327387336512574e-01 0.000000000000000000e+00 4.369557263486871235e-01 5.760298989972353345e-01 1.268090609195220431e-01 4.564653875890613000e-01 4.595571218828324311e-01 2.940804658756603907e-01 5.685724500076859700e-01 3.557425846709856287e-01 5.124767999233739157e-01 8.755238813291775779e-01 6.968555970003775801e-01 3.590292692193560731e-01 5.869052835814402291e-01 4.953938215281414315e-01 5.976707580346568571e-01 6.552902952454515706e-01 1.556449543912669098e-01 4.593331826570068444e-01 7.119953641425282864e-01 5.494050340463250137e-01 8.150282544533758999e-01
3.815582566132013076e-01 5.383907687956897004e-01 5.795021715694665954e-01 2.934482916307343259e-01 6.656531549951042459e-01 4.977583430967632561e-01 7.530418410160875098e-01 4.829623844499624230e-01 6.681524850367491775e-01 3.964074016304539594e-01 2.031320694981411101e-01 2.009881575718915903e-01 8.218912994438000164e-01 4.369557263486871235e-01 0.000000000000000000e+00 5.781526143130896189e-01 6.949619783793237193e-01 4.079927561430700678e-01 6.484479262818430012e-01 6.380534232633845448e-01 5.354677837086538883e-01 1.387522444250437470e-01 9.084303359737821992e-01 5.737125182749711616e-01 5.952597413476179433e-01 1.351499580849642168e-01 4.668501515108708921e-01 3.778776008876557069e-01 3.510071648397683486e-01 4.505008912254719888e-01 4.233367053294765370e-01 2.784205029065827119e-01 8.196806196636156061e-01 1.003381719911025094e-01 7.223654399850060193e-01
9.190895385962618569e-01 3.864442527925577853e-01 7.700862000828040399e-01 6.543059248584107701e-01 8.089992101010474723e-01 4.280276576797016341e-01 5.799047049998387049e-01 5.789648616993657848e-01 3.490392839660295676e-01 2.628358392547572864e-01 4.879942650920391367e-01 6.861979326122229494e-01 5.404938875898713802e-01 5.760298989972353345e-01 5.781526143130896189e-01 0.000000000000000000e+00 6.479520826178426507e-01 4.779929733983626083e-01 2.811976876632723554e-01 4.184525315721627781e-01 3.365481545709800293e-01 2.628618388358444635e-01 4.819194678960705414e-01 5.738077554123848234e-01 5.988884394048740178e-01 1.275114836205567537e-01 4.885111063239532814e-01 8.648623356702204168e-01 2.325747453288452560e-01 5.008898197896565208e-01 1.147934919777643392e-01 7.898846708005181627e-01 3.197838204902735959e-01 7.692413049647792711e-01 3.396537715127843082e-01
4.578286519076222305e-01 5.071945504934546323e-01 7.589919204459458779e-01 7.055690108130402427e-01 6.668842896819182631e-01 8.642695349974376384e-01 2.259387727798233270e-01 1.915349153333181231e-01 6.587959571810566572e-01 6.595422880074546246e-01 5.505336033814374197e-01 6.965164284119955695e-01 9.746437693646269329e-01 1.268090609195220431e-01 6.949619783793237193e-01 6.479520826178426507e-01 0.000000000000000000e+00 4.314524310429250220e-01 4.001885230912586300e-01 5.657752342374180454e-01 4.549902180595818968e-01 1.741441494893274378e-01 6.464402176749806106e-01 7.456411250429584303e-01 7.052984918574058959e-01 2.805118263927979250e-01 7.376514616181168993e-01 7.144509429851721993e-01 2.106723874656531992e-01 4.461355178916293074e-01 6.243646876990901484e-01 5.194309382080135595e-01 5.692798561954278691e-01 7.001786131355203224e-01 5.203814026739560505e-01
3.552662852138652738e-01 2.579102170462606591e-01 6.034417154584673648e-01 4.538504420109881199e-01 1.544020940231084493e-01 7.434114224521684022e-01 3.823099890724222516e-01 6.461423030501682874e-01 6.205111948841971481e-01 9.742213244830111307e-02 8.253972340813452435e-01 5.116780149003612443e-01 6.187460888054092667e-01 4.564653875890613000e-01 4.079927561430700678e-01 4.779929733983626083e-01 4.314524310429250220e-01 0.000000000000000000e+00 4.006940694471325948e-01 2.819619675663064262e-01 1.921853883415104436e-01 5.654346709375503988e-01 3.287219880704570496e-01 6.226935173360401699e-01 5.328554552250996945e-01 8.239066917419493041e-01 7.390886205809114040e-01 7.076890493003340499e-01 9.350208887570061744e-01 4.555396303208590347e-01 4.962265323994093924e-01 8.844543696038764669e-02 6.667949290208773361e-01 7.045982001755386470e-01 3.485650906052726317e-01
1.693307860433650447e-01 4.905750247055659097e-01 6.930336583018386065e-01 9.042647947780696471e-01 8.043190110704926399e-01 8.784846277639242196e-01 5.392625358885905218e-01 4.387863746490859862e-01 5.167335269544354182e-01 8.138019996935780265e-01 5.891150359576282636e-01 2.010883349536163323e-01 4.806933254958658530e-01 4.595571218828324311e-01 6.484479262818430012e-01 2.811976876632723554e-01 4.001885230912586300e-01 4.006940694471325948e-01 0.000000000000000000e+00 6.696335836145725917e-01 5.980627181548883176e-01 4.756042499103299015e-01 2.508422344164985551e-01 1.218472124514049515e-01 5.518538036614920594e-01 7.120266268016264277e-01 6.850139191770641123e-01 9.385059958596786434e-02 7.261442507060464902e-01 5.052813981262682663e-01 7.301659535204281237e-01 2.095704559617176388e-01 5.447807128701313006e-01 3.088900849507585367e-01 5.303688861985833558e-02
6.326712627004758005e-01 6.026892701897363924e-01 7.269813179295439021e-01 5.801073464139061553e-01 1.114479088459525702e-01 3.654535991623022451e-01 9.433567528524924306e-01 4.626451153882987222e-01 6.804801401527622584e-01 4.996233220261592223e-01 3.476362780025897825e-01 5.365599801931486557e-01 4.772401976789294453e-01 2.940804658756603907e-01 6.380534232633845448e-01 4.184525315721627781e-01 5.657752342374180454e-01 2.819619675663064262e-01 6.696335836145725917e-01 0.000000000000000000e+00 6.056207688997132799e-01 6.807035507933203444e-01 4.201725055277996113e-01 5.229043135582666091e-01 6.487175170200654151e-02 6.622264342345818289e-01 5.732073518763188824e-01 3.712955832256967792e-01 5.365685075817778760e-01 8.292613507451653820e-01 4.880285656583344123e-01 8.636276796096263864e-01 5.686661274593221016e-01 4.498683252016843492e-01 8.515697718655363957e-01
1.317945265915991815e-01 6.864580247947816849e-01 3.570998190927510141e-02 6.110958282124603347e-01 5.456354317424357836e-01 7.951906695259138846e-01 3.642896574311771385e-01 6.087878771701915603e-02 5.659044046109017456e-01 2.665252270240890953e-01 2.395619886068646731e-01 2.030204241394606424e-01 7.297337030094989130e-01 5.685724500076859700e-01 5.354677837086538883e-01 3.365481545709800293e-01 4.549902180595818968e-01 1.921853883415104436e-01 5.980627181548883176e-01 6.056207688997132799e-01 0.000000000000000000e+00 2.030802108302514064e-01 1.704747495655999368e-01 8.521870258173218637e-01 7.434553025797562276e-01 6.339390780660254521e-01 6.403927042202314235e-01 4.099524600394786056e-01 5.349331441378590846e-01 5.061249524022554125e-01 1.614897691733248042e-01 7.857363436300870418e-01 4.520403435512656554e-01 7.010381624223088748e-01 1.889663182125662644e-01
2.782986252889474432e-01 4.544465861355585501e-01 5.762729199482170550e-01 3.417166131632037862e-01 4.353651795034952920e-01 4.276344839574383050e-01 8.756365558004852723e-01 4.356506194923426278e-01 3.005439037378716538e-01 5.545023498331457246e-01 6.268550118222180334e-01 3.449848863751223682e-01 3.109549919720724920e-01 3.557425846709856287e-01 1.387522444250437470e-01 2.628618388358444635e-01 1.741441494893274378e-01 5.654346709375503988e-01 4.756042499103299015e-01 6.807035507933203444e-01 2.030802108302514064e-01 0.000000000000000000e+00 7.209587262390526607e-02 8.481815944435560084e-01 5.751659016823844617e-01 4.286078809807042367e-01 3.827722753587289306e-01 5.269347206025378760e-01 2.105392308124600653e-01 7.153799288462261430e-01 4.879804192884704128e-01 3.248376630633473816e-01 4.880228253099984093e-01 3.052652850563330467e-01 3.136926190990337870e-01
1.104367881426060460e-01 4.980894491339276087e-01 4.675135104374092410e-01 4.654416252064617621e-01 1.883789391249033329e-01 5.565709466145156714e-01 8.863837153962843551e-01 3.097861239489579921e-01 7.014310969829788966e-01 7.455528161803126608e-01 3.110194573399506224e-01 5.292348913900104534e-01 6.695175807992579387e-01 5.124767999233739157e-01 9.084303359737821992e-01 4.819194678960705414e-01 6.464402176749806106e-01 3.287219880704570496e-01 2.508422344164985551e-01 4.201725055277996113e-01 1.704747495655999368e-01 7.209587262390526607e-02 0.000000000000000000e+00 1.003151371884544174e-01 3.110099066103053644e-01 6.664815467696294515e-01 8.469284186875177811e-01 7.506080782768298487e-01 4.235200505028008933e-01 8.648468361857909459e-01 7.588175170704893890e-01 5.870222394426336532e-01 4.269968843539140302e-01 1.547261613817287884e-01 2.236333964857236678e-01
3.238611136592156603e-01 6.892771778563389073e-01 4.636882738484458533e-01 7.089384072567164186e-01 2.797624832604215239e-01 6.673618891062811365e-01 3.198454440729510129e-01 8.534541618636573013e-01 5.509353641766248089e-01 8.977615935601146457e-01 3.829168416759761162e-01 8.573892997166501218e-01 2.704408068123401732e-01 8.755238813291775779e-01 5.737125182749711616e-01 5.738077554123848234e-01 7.456411250429584303e-01 6.226935173360401699e-01 1.218472124514049515e-01 5.229043135582666091e-01 8.521870258173218637e-01 8.481815944435560084e-01 1.003151371884544174e-01 0.000000000000000000e+00 8.707050854799120998e-01 3.856632939975672136e-01 4.013037234732474978e-01 6.109298356088485038e-01 9.771150171116937955e-02 9.073008938383625432e-01 9.079885132482186094e-01 5.878665310890611728e-01 3.318420870868514228e-01 7.472592565597431236e-01 4.910967378786135762e-01
8.795835964029672382e-01 4.318562557808110491e-01 3.151999441938596602e-01 3.980181673915373919e-01 5.418330872463713588e-01 7.545429214642240812e-01 1.273682168085709110e-01 2.478129399841717262e-01 6.116022118232787852e-01 6.290063340287856963e-01 9.347357222572640900e-01 5.213243892576053806e-01 2.635028821577416469e-01 6.968555970003775801e-01 5.952597413476179433e-01 5.988884394048740178e-01 7.052984918574058959e-01 5.328554552250996945e-01 5.518538036614920594e-01 6.487175170200654151e-02 7.434553025797562276e-01 5.751659016823844617e-01 3.110099066103053644e-01 8.707050854799120998e-01 0.000000000000000000e+00 9.548261937520323706e-01 2.949551879698270596e-01 1.372955985243390908e-01 8.067714499697452579e-01 2.541722895097447976e-01 2.269592213626382415e-01 7.127337365426165139e-01 5.008502087718746942e-01 2.544321066589249059e-01 6.835005956735831223e-01
5.251219424966826477e-01 2.748358625206003270e-01 6.433055200098340976e-01 4.792533830677689344e-01 8.869157827513047820e-01 2.044071552589270535e-01 3.008511863988639901e-01 4.393042298165331649e-01 4.126360054736526450e-01 3.335963041176784882e-01 2.867776976287102486e-01 3.679434576070786944e-01 5.796697536792932981e-01 3.590292692193560731e-01 1.351499580849642168e-01 1.275114836205567537e-01 2.805118263927979250e-01 8.239066917419493041e-01 7.120266268016264277e-01 6.622264342345818289e-01 6.339390780660254521e-01 4.286078809807042367e-01 6.664815467696294515e-01 3.856632939975672136e-01 9.548261937520323706e-01 0.000000000000000000e+00 2.430002088343440336e-01 6.515632402538203971e-01 5.290967371087154092e-01 7.635158286150527385e-01 3.897207253732992704e-01 9.338352136178604823e-01 2.405962154447987000e-01 3.064042470371299842e-01 7.260346169343276923e-01
4.521331215165699247e-01 6.310246262167416020e-01 2.448198713452436337e-01 3.552981999289113180e-01 2.418346938993184425e-01 7.844229039593900721e-01 4.443003524823509465e-01 5.362689595155462063e-01 5.540978068896476039e-01 8.537394593044849156e-01 6.078138729765314441e-01 4.361762766596375962e-01 4.802660935702500189e-01 5.869052835814402291e-01 4.668501515108708921e-01 4.885111063239532814e-01 7.376514616181168993e-01 7.390886205809114040e-01 6.850139191770641123e-01 5.732073518763188824e-01 6.403927042202314235e-01 3.827722753587289306e-01 8.469284186875177811e-01 4.013037234732474978e-01 2.949551879698270596e-01 2.430002088343440336e-01 0.000000000000000000e+00 5.423767999769804060e-01 5.687845414781285136e-01 4.189480271208134710e-01 5.833977210923932955e-01 5.906291526831015659e-01 2.439723425136430812e-01 5.231531390910280077e-01 6.640849910105698362e-01
6.400318287870407907e-01 8.507706383513313764e-01 6.453386559819208612e-01 9.052913652342152728e-01 5.608799488608404715e-01 5.972778865787586877e-01 5.090128139530369911e-01 7.497430298005697269e-01 6.923581888840361076e-01 4.741212892916975008e-01 2.581940206572679308e-01 2.439316083918615652e-01 4.874981767734586913e-01 4.953938215281414315e-01 3.778776008876557069e-01 8.648623356702204168e-01 7.144509429851721993e-01 7.076890493003340499e-01 9.385059958596786434e-02 3.712955832256967792e-01 4.099524600394786056e-01 5.269347206025378760e-01 7.506080782768298487e-01 6.109298356088485038e-01 1.372955985243390908e-01 6.515632402538203971e-01 5.423767999769804060e-01 0.000000000000000000e+00 5.590134935722129716e-01 5.846933260927285048e-01 7.581659046032612759e-01 7.071347073366444080e-01 6.671552526767928759e-01 7.367467241483640628e-01 5.452281541865585668e-01
1.971974666617533067e-01 7.045128476238133874e-01 3.013807981342186970e-02 9.162767747244542349e-01 4.926871022921091026e-01 5.938512881966548917e-01 2.994874665749200915e-01 2.900582760163263329e-01 3.793035137007905178e-01 4.094965788660591133e-01 7.819382350356457456e-01 6.469061674049993993e-01 2.493541998693110107e-01 5.976707580346568571e-01 3.510071648397683486e-01 2.325747453288452560e-01 2.106723874656531992e-01 9.350208887570061744e-01 7.261442507060464902e-01 5.365685075817778760e-01 5.349331441378590846e-01 2.105392308124600653e-01 4.235200505028008933e-01 9.771150171116937955e-02 8.067714499697452579e-01 5.290967371087154092e-01 5.687845414781285136e-01 5.590134935722129716e-01 0.000000000000000000e+00 3.657449430221481612e-01 3.201391494285404926e-01 4.834472778005905469e-01 3.058535482179479681e-01 9.695103119826818938e-01 6.753635107810161964e-01
3.476487934894963994e-01 9.257148659206944075e-01 3.100772016646575757e-01 2.317272805273928871e-01 6.797760150272060820e-01 6.464842569237272407e-01 8.840950287641853311e-01 4.498112588970203385e-01 2.952289000794275919e-01 6.087758198024204592e-01 2.901357829741849637e-01 6.012331176822365286e-01 1.134750275342829573e-01 6.552902952454515706e-01 4.505008912254719888e-01 5.008898197896565208e-01 4.461355178916293074e-01 4.555396303208590347e-01 5.052813981262682663e-01 8.292613507451653820e-01 5.061249524022554125e-01 7.153799288462261430e-01 8.648468361857909459e-01 9.073008938383625432e-01 2.541722895097447976e-01 7.635158286150527385e-01 4.189480271208134710e-01 5.846933260927285048e-01 3.657449430221481612e-01 0.000000000000000000e+00 1.310525690785632191e-01 5.271492427407198367e-01 6.397198359268083667e-01 4.989597618592005457e-01 8.351517005745602296e-01
2.582585382328516088e-01 2.356543057570398281e-01 3.988839874598830715e-01 2.137429457698025170e-01 3.516409130020550777e-01 2.284155294549123361e-01 9.689854861333969671e-01 5.295704684351034697e-01 5.674602860223840750e-01 7.393681908954569115e-01 3.981491963960209768e-01 6.896255337905832228e-01 6.701138020689827446e-01 1.556449543912669098e-01 4.233367053294765370e-01 1.147934919777643392e-01 6.243646876990901484e-01 4.962265323994093924e-01 7.301659535204281237e-01 4.880285656583344123e-01 1.614897691733248042e-01 4.879804192884704128e-01 7.588175170704893890e-01 9.079885132482186094e-01 2.269592213626382415e-01 3.897207253732992704e-01 5.833977210923932955e-01 7.581659046032612759e-01 3.201391494285404926e-01 1.310525690785632191e-01 0.000000000000000000e+00 3.700403768107438651e-01 9.368555868107982798e-01 7.044586317638468209e-01 4.583088930183868426e-01
3.835938112847429027e-01 6.137786698278129283e-01 6.261072642553897616e-01 8.044268894900590272e-01 7.787317812985117271e-02 4.232948877441616298e-01 8.980630740801485157e-01 6.330442741906967541e-01 6.384248486799803946e-01 5.081174004362465357e-01 8.329581202554199315e-01 7.203621456428569436e-01 6.694695754952614264e-01 4.593331826570068444e-01 2.784205029065827119e-01 7.898846708005181627e-01 5.194309382080135595e-01 8.844543696038764669e-02 2.095704559617176388e-01 8.636276796096263864e-01 7.857363436300870418e-01 3.248376630633473816e-01 5.870222394426336532e-01 5.878665310890611728e-01 7.127337365426165139e-01 9.338352136178604823e-01 5.906291526831015659e-01 7.071347073366444080e-01 4.834472778005905469e-01 5.271492427407198367e-01 3.700403768107438651e-01 0.000000000000000000e+00 6.309951105998237164e-01 5.474334543208756454e-01 2.688277953501979622e-01
5.678581976980557888e-01 4.428356874547906274e-01 7.584035120409629016e-01 2.782307713246962022e-01 8.097751122212737407e-01 5.229742131141049688e-01 5.181458235117163413e-01 7.767247562415084960e-01 4.821767025815547614e-01 7.929291855884567086e-01 3.643095179471280698e-01 1.560388386809888894e-01 3.074948214718968287e-01 7.119953641425282864e-01 8.196806196636156061e-01 3.197838204902735959e-01 5.692798561954278691e-01 6.667949290208773361e-01 5.447807128701313006e-01 5.686661274593221016e-01 4.520403435512656554e-01 4.880228253099984093e-01 4.269968843539140302e-01 3.318420870868514228e-01 5.008502087718746942e-01 2.405962154447987000e-01 2.439723425136430812e-01 6.671552526767928759e-01 3.058535482179479681e-01 6.397198359268083667e-01 9.368555868107982798e-01 6.309951105998237164e-01 0.000000000000000000e+00 5.855351657922722719e-01 6.537912320730596694e-01
7.347022782337508939e-02 7.196024898174615547e-01 5.548181185474478916e-01 6.276467589828731430e-01 5.948520214219561453e-01 1.139112534416990563e-01 5.374562989232214427e-01 3.850715702884862646e-01 7.836016574969528747e-01 5.075992010806075205e-01 2.816053949151922087e-01 9.189486546546168366e-01 1.441136716012905161e-01 5.494050340463250137e-01 1.003381719911025094e-01 7.692413049647792711e-01 7.001786131355203224e-01 7.045982001755386470e-01 3.088900849507585367e-01 4.498683252016843492e-01 7.010381624223088748e-01 3.052652850563330467e-01 1.547261613817287884e-01 7.472592565597431236e-01 2.544321066589249059e-01 3.064042470371299842e-01 5.231531390910280077e-01 7.367467241483640628e-01 9.695103119826818938e-01 4.989597618592005457e-01 7.044586317638468209e-01 5.474334543208756454e-01 5.855351657922722719e-01 0.000000000000000000e+00 6.162903752928908796e-01
2.226188428503460548e-01 5.304739627413718184e-01 3.974610731572464362e-01 4.993933999397113244e-01 3.927243597201241498e-01 4.263725654521676733e-01 7.325469220977944840e-01 7.649601152887571809e-01 4.844151065746450380e-01 3.716799178977531204e-01 4.514066106646245080e-01 2.150073039106182859e-01 1.688598795806055541e-01 8.150282544533758999e-01 7.223654399850060193e-01 3.396537715127843082e-01 5.203814026739560505e-01 3.485650906052726317e-01 5.303688861985833558e-02 8.515697718655363957e-01 1.889663182125662644e-01 3.136926190990337870e-01 2.236333964857236678e-01 4.910967378786135762e-01 6.835005956735831223e-01 7.260346169343276923e-01 6.640849910105698362e-01 5.452281541865585668e-01 6.753635107810161964e-01 8.351517005745602296e-01 4.583088930183868426e-01 2.688277953501979622e-01 6.537912320730596694e-01 6.162903752928908796e-01 0.000000000000000000e+00
