0.000000000000000000e+00 7.914741912660497869e-01 6.063627712883788989e-01 6.091271947911004458e-01 4.891497470749638921e-01 3.024917218596171464e-01 3.591690660180870132e-01 7.193607689214464029e-01 5.551130071972859570e-01 2.303237954363511752e-01 3.929026362231156089e-01 4.235433427636332016e-01 6.339262992332562741e-01 7.906120065223217752e-01 3.335592860514206004e-01 7.326206580848375616e-01 2.068011617788088619e-01 4.349897603988680528e-01 5.209113385761054982e-01 5.308044689157994656e-01 7.745012762224260383e-01 8.928764308211820655e-01 5.150287500731937085e-01 6.194801471587908503e-01 3.787158008831541522e-01 5.468160605841143607e-01 7.372430497559294693e-01 4.530587340407849495e-01 6.850805953337059107e-01 3.490549501864326221e-01 6.991897432677223190e-01 9.074173706222721236e-01 6.422296715543696077e-01 3.220589375776278240e-01 4.816783890090353681e-01
7.914741912660497869e-01 0.000000000000000000e+00 5.337559643043454649e-01 7.792666277065620761e-01 1.053845427840474080e-01 1.177031341820929944e-01 3.433647331415803361e-01 6.703884184784960620e-01 4.125772368129767553e-01 5.378176676819833579e-01 6.412303270632694341e-01 4.351059836538202497e-01 7.992048680814336503e-01 5.669012918051197225e-01 3.335913723033128164e-01 3.493378775753738230e-01 3.010561016440853610e-01 7.028933402017253362e-01 2.605765618611641798e-01 4.943219220461609886e-01 5.586829086016884549e-01 3.046786877167181329e-01 6.330008796760072665e-01 8.216783940854240909e-01 5.395866008135969949e-01 4.496307121626313963e-01 5.341663508817645623e-01 7.428968042120062121e-01 6.771262270196465316e-01 6.532934725350170169e-02 4.206001054790503568e-01 7.777514373593793495e-01 2.589406498722274796e-01 7.065848499939541005e-01 2.331203911622798941e-01
6.063627712883788989e-01 5.337559643043454649e-01 0.000000000000000000e+00 2.927267454891397946e-01 8.428343758895109339e-01 7.612556180659385552e-01 9.497869432343678531e-01 2.219787492488372038e-01 2.400467124011946840e-01 8.893342612709445039e-01 5.374971559856833725e-01 7.819583122286055676e-02 2.543541455187180444e-01 7.758104002215793216e-01 4.071088268639465602e-01 6.079682202492692200e-01 1.613771069796885449e-01 5.922759209311185824e-01 6.050185333684700018e-01 5.710403177941365538e-01 7.890718928036213331e-01 8.655855852577720722e-02 6.251388681373838407e-01 4.677450765342494043e-01 1.942064465606796464e-01 6.136896898290203906e-01 4.599938286014459976e-01 5.190440804046672074e-01 6.350301012837746839e-01 2.904743316194769998e-01 7.448724703308544637e-01 3.275054176281920748e-01 5.262032721248439682e-01 5.349146860645475066e-01 4.131164093518547853e-01
6.091271947911004458e-01 7.792666277065620761e-01 2.927267454891397946e-01 0.000000000000000000e+00 2.311078993629520628e-01 4.132886886128174231e-01 5.439679198977416252e-01 5.699911166416777863e-01 6.747095161946768949e-01 7.842639434926215181e-01 7.656518570933797951e-01 9.211779231286998382e-02 2.537928248253359387e-01 8.356665296534981913e-01 4.082665335962916697e-01 5.648831712415962603e-01 5.285970826211578988e-01 4.841170196840597351e-01 5.542576405639965120e-01 3.025065596709680671e-01 4.554520069791918591e-01 7.743583584281310550e-02 6.422827602000796832e-01 5.542438527660400460e-01 4.205370419091644107e-01 6.588135114947009097e-01 4.700789325500349669e-01 1.151071377355420422e-01 4.290599406058312471e-01 5.667970934053000454e-01 3.311194368590987258e-01 3.938799675101087305e-01 5.724021503307066272e-01 3.922828579817581041e-01 3.947711383146007558e-01
4.891497470749638921e-01 1.053845427840474080e-01 8.428343758895109339e-01 2.311078993629520628e-01 0.000000000000000000e+00 4.543449451164719988e-01 4.841823489294897476e-01 2.545211885451245104e-01 4.841599378011343102e-01 5.760775335319946455e-01 7.624569082783756446e-01 7.282398159300349505e-01 8.281328213653869064e-01 3.744417950999411326e-01 2.600124608263622017e-01 2.692039025244328254e-01 6.321497146881649432e-02 7.259627630127778453e-01 5.487852402259829621e-01 3.527943821229889698e-01 5.801980994407778258e-01 4.836692775091433472e-01 6.646902982139373250e-01 6.883295792122544610e-01 9.276547092215677859e-01 6.080424177256910090e-01 5.833857217546843943e-01 3.418743769953840328e-01 5.467605300114400935e-01 6.251339532968541723e-01 5.978903488864719673e-01 2.419472629126103169e-01 8.439127358824686231e-01 6.623013684646685828e-01 5.253383467004053564e-01
3.024917218596171464e-01 1.177031341820929944e-01 7.612556180659385552e-01 4.132886886128174231e-01 4.543449451164719988e-01 0.000000000000000000e+00 6.370646036918710120e-01 4.897298952781770631e-01 6.417662441886016200e-01 8.502751461873572225e-01 4.882959129246304819e-01 7.071583718902980653e-01 1.573031239949468363e-01 5.230172002269547482e-01 1.331918095350437259e-02 5.710140603396136605e-01 8.883181575401255525e-01 5.265526874438272165e-01 5.969594534216849935e-01 1.564650276112914407e-01 6.225919999830668017e-01 1.774172978015242652e-01 1.819737660506860477e-01 7.858880002194619241e-01 4.629601563973476663e-01 6.908059577242111615e-01 1.817603447616480405e-01 3.658711199573605466e-02 7.567729932979467833e-01 4.779345272760618935e-01 8.444720094663198395e-01 5.740479170041574708e-01 4.575084612091674940e-01 5.253348856963417912e-01 7.007390284010748260e-01
3.591690660180870132e-01 3.433647331415803361e-01 9.497869432343678531e-01 5.439679198977416252e-01 4.841823489294897476e-01 6.370646036918710120e-01 0.000000000000000000e+00 1.112220027185671922e-01 1.568806816315397867e-01 4.950270736649074466e-01 1.239225161384518992e-01 4.657619154385683191e-01 2.936923951805554545e-01 2.194800435912758196e-01 4.799488310176542316e-01 4.290862676362224293e-01 4.064351270887181511e-01 5.741829501405544267e-01 1.025534681450193109e-01 9.681897966765589114e-01 8.135780759624451353e-01 5.910188321501690378e-01 5.315613626495455657e-01 3.550460278513842272e-01 5.684700731616869618e-01 1.834221533587186981e-01 4.677070853787656524e-01 6.324521763325114954e-01 1.928133728038609052e-01 3.029558463625262044e-01 6.845740978043610703e-01 5.284132514982061712e-01 4.901588788639075212e-01 3.476603177231000208e-01 7.208679230162424734e-01
7.193607689214464029e-01 6.703884184784960620e-01 2.219787492488372038e-01 5.699911166416777863e-01 2.545211885451245104e-01 4.897298952781770631e-01 1.112220027185671922e-01 0.000000000000000000e+00 1.461111446954916904e-01 2.884994027656636040e-01 4.669676124007269280e-01 3.379767899032262157e-01 5.975213473994641644e-01 1.716489863557870699e-01 5.621842715063802842e-01 1.850384783362066798e-01 5.163566096521534643e-01 2.245046422846461720e-01 2.083650133453255893e-01 4.619299095205404715e-01 4.137760656021852723e-01 6.097892621458234075e-01 2.589141708361715200e-01 4.335112541816285581e-01 1.549852117006945695e-01 4.854853536903733779e-01 5.174207482171595540e-01 1.202743374335262239e-01 5.086777561567530359e-01 3.243081709889976683e-01 5.297102220204257250e-01 4.479338206022790425e-01 2.799973296362365804e-01 3.726727242471353785e-01 4.060821080143233175e-01
5.551130071972859570e-01 4.125772368129767553e-01 2.400467124011946840e-01 6.747095161946768949e-01 4.841599378011343102e-01 6.417662441886016200e-01 1.568806816315397867e-01 1.461111446954916904e-01 0.000000000000000000e+00 4.486298367190610925e-01 9.338782034967512136e-01 3.392794338141804644e-01 2.628229130604093911e-01 4.767502733269607940e-01 1.048293527507383471e-01 4.164102583064085983e-01 6.221176369359503466e-01 4.405593233062047309e-01 8.017710874112007335e-01 4.314633262725288132e-01 5.696917993964356608e-02 4.107833481707613421e-01 9.593021317622845157e-01 4.954437959325653784e-01 6.572679389990069287e-01 5.133528283095353251e-01 8.199860167786530152e-01 5.164236536489743568e-01 4.627825288195477893e-01 3.214673600719133439e-01 3.726497538243490615e-01 7.262316863127641353e-01 2.078307304580941928e-01 5.144857588070332888e-01 4.821899680500752461e-01
2.303237954363511752e-01 5.378176676819833579e-01 8.893342612709445039e-01 7.842639434926215181e-01 5.760775335319946455e-01 8.502751461873572225e-01 4.950270736649074466e-01 2.884994027656636040e-01 4.486298367190610925e-01 0.000000000000000000e+00 1.885462584971082656e-01 3.861202340407778877e-01 7.647629978731832479e-01 3.784695810450025011e-01 3.562137784935492379e-01 6.668677324278992069e-01 7.692558066922674520e-01 4.124220404215374614e-01 5.858321673418460662e-01 7.550116812676302969e-01 5.924121408776823472e-01 2.898568167980549171e-01 1.692811273032828190e-01 6.070871293687563064e-01 3.655758192101865589e-01 7.568952785740339362e-01 2.457764149476460713e-01 7.277575535839000409e-01 8.230527650090261327e-01 5.922762340740560516e-01 3.059930339782763187e-01 8.338604562412325061e-01 5.611028416604528779e-01 9.388443546981894983e-02 8.287923089642166286e-01
3.929026362231156089e-01 6.412303270632694341e-01 5.374971559856833725e-01 7.656518570933797951e-01 7.624569082783756446e-01 4.882959129246304819e-01 1.239225161384518992e-01 4.669676124007269280e-01 9.338782034967512136e-01 1.885462584971082656e-01 0.000000000000000000e+00 4.632786434010919274e-01 5.313000095748520168e-01 8.503776579422972492e-02 8.933565309921545072e-01 5.012726169249851482e-01 6.099799289775758027e-01 7.089377889808062827e-01 5.032721985923134245e-01 6.570431469845716688e-01 7.124036419673348552e-01 6.583593405435200774e-01 2.658428644292234466e-01 4.937517272500883680e-01 3.182093387262150408e-01 4.658057537861408637e-01 4.802230415465058022e-01 1.075520102062229588e-01 4.612980224801538354e-01 2.199739194341764348e-01 7.160642559396583895e-01 5.060469556604003660e-01 6.006798213916991758e-01 1.245253588124993760e-01 3.466215612567812299e-01
4.235433427636332016e-01 4.351059836538202497e-01 7.819583122286055676e-02 9.211779231286998382e-02 7.282398159300349505e-01 7.071583718902980653e-01 4.657619154385683191e-01 3.379767899032262157e-01 3.392794338141804644e-01 3.861202340407778877e-01 4.632786434010919274e-01 0.000000000000000000e+00 3.720305559611147284e-01 3.620372386854837643e-01 5.990620615194433007e-01 7.394765238028586651e-01 8.794083091540505492e-02 5.409301930084983168e-01 6.716205276019477921e-01 7.226740643236482242e-01 2.833382930021633994e-01 2.690157084546795918e-01 3.194716596263539321e-01 3.520291399929861287e-01 5.232415009739269651e-01 5.440212560979857948e-01 3.038924408181368220e-01 4.605452039923738639e-01 2.356178904535447538e-01 4.948740350163002844e-01 7.214479637303556903e-01 3.479195774299836952e-01 6.164334320104762899e-01 6.865770234054597854e-01 9.443018740236555075e-01
6.339262992332562741e-01 7.992048680814336503e-01 2.543541455187180444e-01 2.537928248253359387e-01 8.281328213653869064e-01 1.573031239949468363e-01 2.936923951805554545e-01 5.975213473994641644e-01 2.628229130604093911e-01 7.647629978731832479e-01 5.313000095748520168e-01 3.720305559611147284e-01 0.000000000000000000e+00 6.164832319455635368e-01 8.134859344720186680e-01 4.134618597513314286e-01 3.479511398876915518e-01 4.419759077783532719e-01 3.194088903599834328e-02 4.811865881211105922e-01 3.874958117748990571e-01 7.903654193322193766e-01 3.802251299340478896e-01 2.188348985728330032e-01 4.254224930596763876e-01 1.038604157013780505e-01 4.757807232918749296e-01 2.028880707184544940e-01 3.996348272040106675e-02 4.730644918447390879e-01 7.408712989961957485e-01 5.345457809328917342e-01 7.565145759215887722e-01 5.100014816977216370e-01 8.523659426049501331e-02
7.906120065223217752e-01 5.669012918051197225e-01 7.758104002215793216e-01 8.356665296534981913e-01 3.744417950999411326e-01 5.230172002269547482e-01 2.194800435912758196e-01 1.716489863557870699e-01 4.767502733269607940e-01 3.784695810450025011e-01 8.503776579422972492e-02 3.620372386854837643e-01 6.164832319455635368e-01 0.000000000000000000e+00 6.973288461856335108e-01 6.876073864559739679e-01 4.006521817628830862e-01 5.215743248473322380e-01 2.689067053700906484e-01 8.985913279029047462e-01 5.884881690686486477e-01 5.304090388365031439e-01 5.201311062393282336e-01 2.318750030401404150e-01 3.879968438408382125e-01 3.844185669088296953e-01 2.840752996767870742e-01 6.218069153826641937e-01 6.686203660150642492e-01 4.951045580260287626e-01 7.294115696286196382e-01 7.588282809462671974e-01 3.633594869401893801e-01 6.532641953940676594e-01 6.386752632226317949e-01
3.335592860514206004e-01 3.335913723033128164e-01 4.071088268639465602e-01 4.082665335962916697e-01 2.600124608263622017e-01 1.331918095350437259e-02 4.799488310176542316e-01 5.621842715063802842e-01 1.048293527507383471e-01 3.562137784935492379e-01 8.933565309921545072e-01 5.990620615194433007e-01 8.134859344720186680e-01 6.973288461856335108e-01 0.000000000000000000e+00 7.978616650854115644e-01 7.157439571229353703e-01 8.125693644974799623e-01 3.234501483856375148e-01 5.129039232326491060e-01 3.419349047025209698e-01 7.959225059734539309e-01 7.102632281092251532e-01 1.592764816134474293e-01 2.493428306352679091e-01 2.945387010655268201e-01 3.831385777379512358e-01 5.381605039115207045e-01 7.413057743555908630e-01 6.398516150658681845e-01 6.086502637625003098e-01 3.962261413569317381e-01 9.706152939442804772e-01 1.930803387526486281e-01 7.425571017894514458e-01
7.326206580848375616e-01 3.493378775753738230e-01 6.079682202492692200e-01 5.648831712415962603e-01 2.692039025244328254e-01 5.710140603396136605e-01 4.290862676362224293e-01 1.850384783362066798e-01 4.164102583064085983e-01 6.668677324278992069e-01 5.012726169249851482e-01 7.394765238028586651e-01 4.134618597513314286e-01 6.876073864559739679e-01 7.978616650854115644e-01 0.000000000000000000e+00 4.151975040965015795e-01 4.237559961040595624e-01 2.743468162016897693e-01 8.572454832934510716e-01 8.786819193592914079e-01 7.567128548018386969e-02 8.641997430349390719e-02 3.475868408947719868e-01 7.704516441242315050e-01 4.964456185915757658e-01 5.414697018638301440e-01 1.755982989423479079e-01 5.679655153657405808e-01 6.066053211881630158e-01 4.687353519740613539e-01 5.376142504673153688e-01 1.876289657049053927e-01 5.589646911981396293e-01 7.465550465112835710e-02
2.068011617788088619e-01 3.010561016440853610e-01 1.613771069796885449e-01 5.285970826211578988e-01 6.321497146881649432e-02 8.883181575401255525e-01 4.064351270887181511e-01 5.163566096521534643e-01 6.221176369359503466e-01 7.692558066922674520e-01 6.099799289775758027e-01 8.794083091540505492e-02 3.479511398876915518e-01 4.006521817628830862e-01 7.157439571229353703e-01 4.151975040965015795e-01 0.000000000000000000e+00 6.522255744752817330e-01 6.808967296891088594e-01 4.119160370105519609e-01 4.651257071191436943e-01 5.725351990416593928e-01 4.124996415596063892e-01 6.273629898197919941e-01 3.431316855092732543e-01 8.120095956022892469e-01 3.128866494784749985e-01 2.502443438154146049e-01 9.428802054813807398e-01 5.916004927080860121e-01 5.178880960479748108e-01 1.505692970527370278e-01 2.604800725018758811e-01 6.985205013551334385e-01 3.624277517265390158e-01
4.349897603988680528e-01 7.028933402017253362e-01 5.922759209311185824e-01 4.841170196840597351e-01 7.259627630127778453e-01 5.265526874438272165e-01 5.741829501405544267e-01 2.245046422846461720e-01 4.405593233062047309e-01 4.124220404215374614e-01 7.089377889808062827e-01 5.409301930084983168e-01 4.419759077783532719e-01 5.215743248473322380e-01 8.125693644974799623e-01 4.237559961040595624e-01 6.522255744752817330e-01 0.000000000000000000e+00 4.386114852161569488e-01 5.482689608955071403e-01 7.414959791775992404e-01 4.202200358293348703e-01 5.296406403635760540e-01 3.326643758145094165e-01 6.417420691123063570e-01 1.328470071681927545e-01 4.889729606348361401e-01 4.267716303828789082e-01 6.797752090071189635e-01 3.329553858636464803e-01 8.633660313473481285e-01 5.614595906524701974e-01 4.175524654486948428e-01 5.898303249561362982e-01 6.123057336459538647e-01
5.209113385761054982e-01 2.605765618611641798e-01 6.050185333684700018e-01 5.542576405639965120e-01 5.487852402259829621e-01 5.969594534216849935e-01 1.025534681450193109e-01 2.083650133453255893e-01 8.017710874112007335e-01 5.858321673418460662e-01 5.032721985923134245e-01 6.716205276019477921e-01 3.194088903599834328e-02 2.689067053700906484e-01 3.234501483856375148e-01 2.743468162016897693e-01 6.808967296891088594e-01 4.386114852161569488e-01 0.000000000000000000e+00 7.165427620557713873e-01 7.633850438807973093e-01 6.499998539114312246e-01 1.290806141638219939e-01 4.470797609924329619e-01 6.117902571091735631e-01 4.833016736165042793e-01 5.643074940006843621e-01 4.416312770261453524e-01 3.006846467864988659e-01 4.553869227365449635e-01 2.028675953335283833e-01 1.503306412616076670e-01 5.109681989938119617e-01 1.845912443749355702e-01 5.044750472479728742e-01
5.308044689157994656e-01 4.943219220461609886e-01 5.710403177941365538e-01 3.025065596709680671e-01 3.527943821229889698e-01 1.564650276112914407e-01 9.681897966765589114e-01 4.619299095205404715e-01 4.314633262725288132e-01 7.550116812676302969e-01 6.570431469845716688e-01 7.226740643236482242e-01 4.811865881211105922e-01 8.985913279029047462e-01 5.129039232326491060e-01 8.572454832934510716e-01 4.119160370105519609e-01 5.482689608955071403e-01 7.165427620557713873e-01 0.000000000000000000e+00 4.206638588307352600e-01 5.705009643209789649e-01 4.240174485301759777e-01 3.145318329111773115e-01 3.397415900730408334e-01 2.820650641460675789e-01 8.495911539797365020e-01 3.542285883451371520e-01 7.470497583048685275e-02 1.782294251683639308e-01 5.189333108080977919e-01 4.075597639992314392e-01 4.649605135661815658e-01 4.261872607220369424e-01 6.541575071318358470e-01
7.745012762224260383e-01 5.586829086016884549e-01 7.890718928036213331e-01 4.554520069791918591e-01 5.801980994407778258e-01 6.225919999830668017e-01 8.135780759624451353e-01 4.137760656021852723e-01 5.696917993964356608e-02 5.924121408776823472e-01 7.124036419673348552e-01 2.833382930021633994e-01 3.874958117748990571e-01 5.884881690686486477e-01 3.419349047025209698e-01 8.786819193592914079e-01 4.651257071191436943e-01 7.414959791775992404e-01 7.633850438807973093e-01 4.206638588307352600e-01 0.000000000000000000e+00 4.645041464566357359e-01 4.240582599063956737e-01 4.872778073676977129e-01 4.351395493408389270e-01 9.445847567541418854e-01 9.932549808738999619e-02 4.520951207294774954e-01 6.705192416819423240e-01 9.316988020899545919e-01 6.177729678204502139e-01 4.291183727935771186e-02 7.055513065843774800e-01 3.409786882557883647e-01 6.460020441100642330e-01
8.928764308211820655e-01 3.046786877167181329e-01 8.655855852577720722e-02 7.743583584281310550e-02 4.836692775091433472e-01 1.774172978015242652e-01 5.910188321501690378e-01 6.097892621458234075e-01 4.107833481707613421e-01 2.898568167980549171e-01 6.583593405435200774e-01 2.690157084546795918e-01 7.903654193322193766e-01 5.304090388365031439e-01 7.959225059734539309e-01 7.567128548018386969e-02 5.725351990416593928e-01 4.202200358293348703e-01 6.499998539114312246e-01 5.705009643209789649e-01 4.645041464566357359e-01 0.000000000000000000e+00 4.511351776172486394e-01 7.181775507049755758e-01 4.735207038317579276e-02 3.965929209033948188e-01 6.639849679973929275e-01 3.718101137014215851e-01 3.508159736709923759e-01 5.911116447673168128e-01 2.681927344240538913e-01 7.199065287350598918e-01 4.510884221735079747e-01 3.893666575751439929e-01 8.989065616343097087e-01
5.150287500731937085e-01 6.330008796760072665e-01 6.251388681373838407e-01 6.422827602000796832e-01 6.646902982139373250e-01 1.819737660506860477e-01 5.315613626495455657e-01 2.589141708361715200e-01 9.593021317622845157e-01 1.692811273032828190e-01 2.658428644292234466e-01 3.194716596263539321e-01 3.802251299340478896e-01 5.201311062393282336e-01 7.102632281092251532e-01 8.641997430349390719e-02 4.124996415596063892e-01 5.296406403635760540e-01 1.290806141638219939e-01 4.240174485301759777e-01 4.240582599063956737e-01 4.511351776172486394e-01 0.000000000000000000e+00 5.364382793843331942e-01 4.382554070184120354e-01 5.515856855682683690e-01 3.512875761635034788e-01 6.219149799947107926e-01 7.575255966891260018e-01 4.733676616767118484e-01 7.660230837910422252e-01 4.594155247007318810e-01 5.473245239000470441e-01 5.478703392902501967e-01 2.897458095953902024e-01
6.194801471587908503e-01 8.216783940854240909e-01 4.677450765342494043e-01 5.542438527660400460e-01 6.883295792122544610e-01 7.858880002194619241e-01 3.550460278513842272e-01 4.335112541816285581e-01 4.954437959325653784e-01 6.070871293687563064e-01 4.937517272500883680e-01 3.520291399929861287e-01 2.188348985728330032e-01 2.318750030401404150e-01 1.592764816134474293e-01 3.475868408947719868e-01 6.273629898197919941e-01 3.326643758145094165e-01 4.470797609924329619e-01 3.145318329111773115e-01 4.872778073676977129e-01 7.181775507049755758e-01 5.364382793843331942e-01 0.000000000000000000e+00 7.257255814247817183e-01 6.998866332402563506e-01 4.633342533124857887e-01 2.813745633471522734e-01 3.765164908539960775e-01 6.590569434121547054e-01 5.515293537518584088e-01 5.021534510226679515e-01 7.372831504227476129e-01 3.069048483261057059e-01 5.648782720266884994e-01
3.787158008831541522e-01 5.395866008135969949e-01 1.942064465606796464e-01 4.205370419091644107e-01 9.276547092215677859e-01 4.629601563973476663e-01 5.684700731616869618e-01 1.549852117006945695e-01 6.572679389990069287e-01 3.655758192101865589e-01 3.182093387262150408e-01 5.232415009739269651e-01 4.254224930596763876e-01 3.879968438408382125e-01 2.493428306352679091e-01 7.704516441242315050e-01 3.431316855092732543e-01 6.417420691123063570e-01 6.117902571091735631e-01 3.397415900730408334e-01 4.351395493408389270e-01 4.735207038317579276e-02 4.382554070184120354e-01 7.257255814247817183e-01 0.000000000000000000e+00 1.925923499438580988e-01 6.261693113441990644e-01 8.735545508564971362e-01 3.300164035184837141e-01 2.197728185495021469e-01 5.531020423321598711e-01 8.126859874182339460e-01 5.437462288522718623e-01 8.664027094988898670e-01 6.666177882958832512e-01
5.468160605841143607e-01 4.496307121626313963e-01 6.136896898290203906e-01 6.588135114947009097e-01 6.080424177256910090e-01 6.908059577242111615e-01 1.834221533587186981e-01 4.854853536903733779e-01 5.133528283095353251e-01 7.568952785740339362e-01 4.658057537861408637e-01 5.440212560979857948e-01 1.038604157013780505e-01 3.844185669088296953e-01 2.945387010655268201e-01 4.964456185915757658e-01 8.120095956022892469e-01 1.328470071681927545e-01 4.833016736165042793e-01 2.820650641460675789e-01 9.445847567541418854e-01 3.965929209033948188e-01 5.515856855682683690e-01 6.998866332402563506e-01 1.925923499438580988e-01 0.000000000000000000e+00 8.451101948454928792e-01 4.636894045624024852e-01 5.615535124301340719e-01 4.060666496653896895e-01 5.333591851961295704e-01 6.570950826104949849e-01 4.958479602906204486e-01 4.804643580970327510e-01 3.505498448536450984e-01
7.372430497559294693e-01 5.341663508817645623e-01 4.599938286014459976e-01 4.700789325500349669e-01 5.833857217546843943e-01 1.817603447616480405e-01 4.677070853787656524e-01 5.174207482171595540e-01 8.199860167786530152e-01 2.457764149476460713e-01 4.802230415465058022e-01 3.038924408181368220e-01 4.757807232918749296e-01 2.840752996767870742e-01 3.831385777379512358e-01 5.414697018638301440e-01 3.128866494784749985e-01 4.889729606348361401e-01 5.643074940006843621e-01 8.495911539797365020e-01 9.932549808738999619e-02 6.639849679973929275e-01 3.512875761635034788e-01 4.633342533124857887e-01 6.261693113441990644e-01 8.451101948454928792e-01 0.000000000000000000e+00 4.448375409956029092e-01 9.003362902126450518e-01 7.614609329855241970e-01 5.346743703563949790e-01 7.441881241722423379e-01 7.326721889488709838e-01 6.457325503853493798e-01 5.077502971459910697e-01
4.530587340407849495e-01 7.428968042120062121e-01 5.190440804046672074e-01 1.151071377355420422e-01 3.418743769953840328e-01 3.658711199573605466e-02 6.324521763325114954e-01 1.202743374335262239e-01 5.164236536489743568e-01 7.277575535839000409e-01 1.075520102062229588e-01 4.605452039923738639e-01 2.028880707184544940e-01 6.218069153826641937e-01 5.381605039115207045e-01 1.755982989423479079e-01 2.502443438154146049e-01 4.267716303828789082e-01 4.416312770261453524e-01 3.542285883451371520e-01 4.520951207294774954e-01 3.718101137014215851e-01 6.219149799947107926e-01 2.813745633471522734e-01 8.735545508564971362e-01 4.636894045624024852e-01 4.448375409956029092e-01 0.000000000000000000e+00 6.614835812886334931e-01 7.213524347413823312e-01 5.108744120504464803e-01 6.241441194917576318e-01 7.455753183797795280e-01 2.976245377945042625e-01 1.581574134606171800e-01
6.850805953337059107e-01 6.771262270196465316e-01 6.350301012837746839e-01 4.290599406058312471e-01 5.467605300114400935e-01 7.567729932979467833e-01 1.928133728038609052e-01 5.086777561567530359e-01 4.627825288195477893e-01 8.230527650090261327e-01 4.612980224801538354e-01 2.356178904535447538e-01 3.996348272040106675e-02 6.686203660150642492e-01 7.413057743555908630e-01 5.679655153657405808e-01 9.428802054813807398e-01 6.797752090071189635e-01 3.006846467864988659e-01 7.470497583048685275e-02 6.705192416819423240e-01 3.508159736709923759e-01 7.575255966891260018e-01 3.765164908539960775e-01 3.300164035184837141e-01 5.615535124301340719e-01 9.003362902126450518e-01 6.614835812886334931e-01 0.000000000000000000e+00 1.404596910651696451e-01 2.117440044428331447e-02 2.989191266074642250e-01 3.176095523104322527e-01 8.618946368740354469e-01 6.910089333542548395e-01
3.490549501864326221e-01 6.532934725350170169e-02 2.904743316194769998e-01 5.667970934053000454e-01 6.251339532968541723e-01 4.779345272760618935e-01 3.029558463625262044e-01 3.243081709889976683e-01 3.214673600719133439e-01 5.922762340740560516e-01 2.199739194341764348e-01 4.948740350163002844e-01 4.730644918447390879e-01 4.951045580260287626e-01 6.398516150658681845e-01 6.066053211881630158e-01 5.916004927080860121e-01 3.329553858636464803e-01 4.553869227365449635e-01 1.782294251683639308e-01 9.316988020899545919e-01 5.911116447673168128e-01 4.733676616767118484e-01 6.590569434121547054e-01 2.197728185495021469e-01 4.060666496653896895e-01 7.614609329855241970e-01 7.213524347413823312e-01 1.404596910651696451e-01 0.000000000000000000e+00 7.337540605425310059e-01 6.974454499760005532e-01 8.594448342051008716e-02 8.967166615517030426e-02 4.799656938692553609e-02
6.991897432677223190e-01 4.206001054790503568e-01 7.448724703308544637e-01 3.311194368590987258e-01 5.978903488864719673e-01 8.444720094663198395e-01 6.845740978043610703e-01 5.297102220204257250e-01 3.726497538243490615e-01 3.059930339782763187e-01 7.160642559396583895e-01 7.214479637303556903e-01 7.408712989961957485e-01 7.294115696286196382e-01 6.086502637625003098e-01 4.687353519740613539e-01 5.178880960479748108e-01 8.633660313473481285e-01 2.028675953335283833e-01 5.189333108080977919e-01 6.177729678204502139e-01 2.681927344240538913e-01 7.660230837910422252e-01 5.515293537518584088e-01 5.531020423321598711e-01 5.333591851961295704e-01 5.346743703563949790e-01 5.108744120504464803e-01 2.117440044428331447e-02 7.337540605425310059e-01 0.000000000000000000e+00 4.796568761559225069e-01 4.846679336113343117e-01 9.332653036296434390e-02 7.294388751492975054e-01
9.074173706222721236e-01 7.777514373593793495e-01 3.275054176281920748e-01 3.938799675101087305e-01 2.419472629126103169e-01 5.740479170041574708e-01 5.284132514982061712e-01 4.479338206022790425e-01 7.262316863127641353e-01 8.338604562412325061e-01 5.060469556604003660e-01 3.479195774299836952e-01 5.345457809328917342e-01 7.588282809462671974e-01 3.962261413569317381e-01 5.376142504673153688e-01 1.505692970527370278e-01 5.614595906524701974e-01 1.503306412616076670e-01 4.075597639992314392e-01 4.291183727935771186e-02 7.199065287350598918e-01 4.594155247007318810e-01 5.021534510226679515e-01 8.126859874182339460e-01 6.570950826104949849e-01 7.441881241722423379e-01 6.241441194917576318e-01 2.989191266074642250e-01 6.974454499760005532e-01 4.796568761559225069e-01 0.000000000000000000e+00 2.858486980801349109e-01 5.295706843363435778e-01 1.760533098928428464e-01
6.422296715543696077e-01 2.589406498722274796e-01 5.262032721248439682e-01 5.724021503307066272e-01 8.439127358824686231e-01 4.575084612091674940e-01 4.901588788639075212e-01 2.799973296362365804e-01 2.078307304580941928e-01 5.611028416604528779e-01 6.006798213916991758e-01 6.164334320104762899e-01 7.565145759215887722e-01 3.633594869401893801e-01 9.706152939442804772e-01 1.876289657049053927e-01 2.604800725018758811e-01 4.175524654486948428e-01 5.109681989938119617e-01 4.649605135661815658e-01 7.055513065843774800e-01 4.510884221735079747e-01 5.473245239000470441e-01 7.372831504227476129e-01 5.437462288522718623e-01 4.958479602906204486e-01 7.326721889488709838e-01 7.455753183797795280e-01 3.176095523104322527e-01 8.594448342051008716e-02 4.846679336113343117e-01 2.858486980801349109e-01 0.000000000000000000e+00 5.539317004993468130e-01 6.428797266628983875e-01
3.220589375776278240e-01 7.065848499939541005e-01 5.349146860645475066e-01 3.922828579817581041e-01 6.623013684646685828e-01 5.253348856963417912e-01 3.476603177231000208e-01 3.726727242471353785e-01 5.144857588070332888e-01 9.388443546981894983e-02 1.245253588124993760e-01 6.865770234054597854e-01 5.100014816977216370e-01 6.532641953940676594e-01 1.930803387526486281e-01 5.589646911981396293e-01 6.985205013551334385e-01 5.898303249561362982e-01 1.845912443749355702e-01 4.261872607220369424e-01 3.409786882557883647e-01 3.893666575751439929e-01 5.478703392902501967e-01 3.069048483261057059e-01 8.664027094988898670e-01 4.804643580970327510e-01 6.457325503853493798e-01 2.976245377945042625e-01 8.618946368740354469e-01 8.967166615517030426e-02 9.332653036296434390e-02 5.295706843363435778e-01 5.539317004993468130e-01 0.000000000000000000e+00 5.926233297091798580e-01
4.816783890090353681e-01 2.331203911622798941e-01 4.131164093518547853e-01 3.947711383146007558e-01 5.253383467004053564e-01 7.007390284010748260e-01 7.208679230162424734e-01 4.060821080143233175e-01 4.821899680500752461e-01 8.287923089642166286e-01 3.466215612567812299e-01 9.443018740236555075e-01 8.523659426049501331e-02 6.386752632226317949e-01 7.425571017894514458e-01 7.465550465112835710e-02 3.624277517265390158e-01 6.123057336459538647e-01 5.044750472479728742e-01 6.541575071318358470e-01 6.460020441100642330e-01 8.989065616343097087e-01 2.897458095953902024e-01 5.648782720266884994e-01 6.666177882958832512e-01 3.505498448536450984e-01 5.077502971459910697e-01 1.581574134606171800e-01 6.910089333542548395e-01 4.799656938692553609e-02 7.294388751492975054e-01 1.760533098928428464e-01 6.428797266628983875e-01 5.926233297091798580e-01 0.000000000000000000e+00
