0.000000000000000000e+00 8.933814736692651248e-01 4.924064818000218891e-01 2.878450142775876852e-01 5.290727305082603138e-01 4.777060776397380470e-01 4.618236488496524350e-01 8.711277202089122706e-01 6.495165583697689593e-01 5.932499186431058336e-01 2.447203752664800502e-01 9.609393014871836503e-01 6.071143758267848467e-01 6.039055744257626479e-01 8.947507003764203493e-01 5.023036313918366469e-01 2.640364399487884484e-01 4.006693855254815917e-01 4.823429112489358017e-01 2.567942875102635636e-01 8.036390118080700695e-01 4.661966262375895065e-01 5.957944302092186284e-01 3.979992817404817695e-01 8.068827248677050701e-01 3.993621541251635154e-02 2.036768051738169216e-01 4.541771628975795339e-01 5.037995969339565949e-01 4.363794027120287411e-01 5.733533737281285569e-01 5.527670979408586538e-01 8.091951406712456496e-01 3.300542711442726596e-01 5.325132781894802436e-01
8.933814736692651248e-01 0.000000000000000000e+00 2.410474862915906735e-01 4.434580956068048807e-01 5.707859587640229382e-01 4.568190306885232532e-01 1.639412558406166953e-01 3.587861537451294547e-01 6.399396093685605358e-01 5.415618304737868094e-01 1.755504960851861362e-01 2.479642023677588458e-01 7.464064734534029411e-01 3.822755806090150643e-01 6.905366075845880136e-01 5.535806772830811351e-01 5.984042836826999334e-01 8.754302835347467227e-01 5.082048354843197169e-01 6.093310647862992813e-01 4.095720769032261677e-01 7.632710104006826812e-01 7.556947692414607287e-01 7.688830801953243643e-01 7.915201349660614394e-01 4.005897851292696821e-01 7.513273842719240259e-01 5.590435801061712784e-01 3.008356459696273077e-01 8.831199493575409010e-01 3.523106134353585772e-01 7.392133135285259282e-01 6.934023272833309548e-01 4.663867549075349506e-01 7.063289981488065639e-01
4.924064818000218891e-01 2.410474862915906735e-01 0.000000000000000000e+00 5.719587431956640877e-01 5.089097749511255486e-01 4.916585862195443912e-01 6.794536858385353817e-01 3.644650396609322440e-01 3.903745962668826452e-01 6.274350010291600555e-01 4.610055578092951967e-01 4.901693426519477814e-01 4.318885864627594606e-01 6.122989310943820485e-01 8.228379282096832670e-01 4.067466680370451781e-01 4.494542093160370788e-01 5.137726338091385125e-01 3.490595245965748550e-01 3.207639667511181236e-01 4.261466438979199522e-01 8.807326765082679199e-01 7.184380735676764163e-01 4.783598486760638480e-01 3.717073098425525135e-01 5.244562425723920951e-01 5.568587240100008051e-01 3.214739673215789573e-01 6.257845689498537922e-01 5.661410885697296669e-01 5.969102471847138602e-01 1.531432609175736870e-01 4.432089535660067026e-01 3.149859590065514636e-01 6.791227687390612999e-01
2.878450142775876852e-01 4.434580956068048807e-01 5.719587431956640877e-01 0.000000000000000000e+00 6.017045022404865495e-01 2.988407445105866755e-01 2.894490351097060987e-01 1.883359311712663464e-01 5.394913936137629706e-01 4.479357148081256623e-01 5.552718923083650449e-01 8.791892878708453818e-01 4.515024899838619987e-01 7.192895039211321118e-01 8.446786397521445222e-01 4.168611456975156448e-01 2.461682400681942384e-01 7.641336439104418066e-01 8.900120343750386187e-01 3.952137126306874970e-01 4.916343250246052454e-01 8.443218242693526498e-01 3.875867903868835396e-01 4.846806147052589164e-01 4.616600120172141830e-01 5.350945000188428446e-01 5.267566872921884968e-01 5.563714409548197182e-01 6.294083938260184308e-01 3.295468173231266285e-01 4.818338953669499269e-01 2.703027685308914130e-01 5.324911333769752897e-01 8.177625514733193324e-01 5.824930598123994052e-01
5.290727305082603138e-01 5.707859587640229382e-01 5.089097749511255486e-01 6.017045022404865495e-01 0.000000000000000000e+00 2.027094065920788113e-01 4.755307818481353532e-01 4.980708449314430464e-01 4.379567922041719408e-01 8.109169968594207578e-01 2.309463171377841295e-01 4.223596190162596797e-01 3.488299810825810643e-01 7.154404164895524776e-01 2.478273408741241690e-01 8.046956969165354190e-01 3.047398918063478623e-01 4.950526506696257822e-01 5.292897159902276716e-01 5.264518966138688194e-01 8.610701374028751909e-01 4.845027183719492481e-01 7.298182588048475194e-01 6.249334828606794012e-01 6.903642341016620332e-01 4.411291890534735360e-01 2.060431054560951658e-01 7.228010314379393897e-01 5.647432162900009045e-01 3.240185001008927257e-01 3.837064244335580687e-01 5.693425947745285320e-01 7.751933129764996266e-01 3.806845794941196015e-01 6.844569368698121270e-01
4.777060776397380470e-01 4.568190306885232532e-01 4.916585862195443912e-01 2.988407445105866755e-01 2.027094065920788113e-01 0.000000000000000000e+00 6.907543205478362536e-01 7.904017144119808158e-01 5.045673488139217344e-01 5.521970674961493852e-01 1.478501957802776934e-01 6.449314278530169364e-01 2.941676653326905644e-01 4.303570472216865506e-01 4.932731228448186123e-01 1.791000400265124748e-01 4.273369432264344514e-01 2.183546324194917121e-01 7.053068291158594016e-01 1.637728144448663548e-01 8.097893618491728285e-01 1.598367146083867762e-01 2.607435919755691223e-01 5.017669499874233274e-01 2.421879971089136441e-01 3.663594948089090586e-01 3.756392189889880551e-01 6.576626713068536301e-01 8.058688777445776052e-01 6.506181793925451817e-01 1.875348759511925589e-01 8.581173930089224244e-01 2.212036403360808645e-01 4.251082704341205831e-01 1.340890800318222942e-01
4.618236488496524350e-01 1.639412558406166953e-01 6.794536858385353817e-01 2.894490351097060987e-01 4.755307818481353532e-01 6.907543205478362536e-01 0.000000000000000000e+00 5.010932556416649586e-01 8.120030592669590375e-01 4.793626111498414111e-01 8.698211954973992244e-01 4.739877979562237553e-01 1.850833057510551938e-01 3.901037979307839798e-01 7.404674096355083890e-01 7.190060161768688785e-01 8.581453099117570815e-01 7.725519026636291642e-01 8.578685758479565049e-01 1.364093486763655605e-01 5.460190145930423622e-01 3.869676608599170176e-01 3.972709483556052801e-01 8.081971269432333127e-01 3.486270501817144707e-01 6.524707496125115025e-02 5.022407332403245883e-01 2.199670109772423054e-01 3.206620082198942123e-01 8.228135838136725333e-01 7.533623653944805376e-01 4.997407584244662471e-01 4.688854151450014274e-01 3.049608669926034965e-01 3.727359390224709301e-01
8.711277202089122706e-01 3.587861537451294547e-01 3.644650396609322440e-01 1.883359311712663464e-01 4.980708449314430464e-01 7.904017144119808158e-01 5.010932556416649586e-01 0.000000000000000000e+00 2.157002330262119960e-01 6.185481942016761714e-01 5.857357570986548856e-01 6.983354893973054978e-01 9.047138389456188534e-01 2.653903024017787438e-01 2.225141353916072762e-01 2.878161053733592212e-01 5.119090491921431951e-01 1.808009468249331952e-01 5.142480952372654457e-01 4.531915089889350101e-01 5.802370503844934690e-01 5.002512861106263031e-01 6.280261058259154483e-01 4.304275844351790892e-01 4.647840169345438532e-01 5.957465302776655536e-01 7.128760369636388816e-01 1.865863440248352045e-01 4.150963855398298041e-01 1.776510532510821583e-01 5.177304331697245576e-01 2.307068777878537591e-01 2.009571226003014077e-01 4.579997366176157825e-01 9.048145870556421055e-01
6.495165583697689593e-01 6.399396093685605358e-01 3.903745962668826452e-01 5.394913936137629706e-01 4.379567922041719408e-01 5.045673488139217344e-01 8.120030592669590375e-01 2.157002330262119960e-01 0.000000000000000000e+00 5.982339137231512671e-01 2.926540801999736319e-01 3.344321234465731929e-01 1.953521384964311824e-01 7.836004013939090740e-01 1.746949242787064760e-01 3.559535446965148009e-01 7.168873957819259513e-01 6.303603364683412202e-01 4.167366311093940734e-01 2.283157995618101399e-01 4.459133626807879613e-01 7.121708033054441334e-01 4.044161032493147068e-01 6.415205159606236496e-01 5.576560550577089881e-01 2.812733341686255439e-01 7.871494142959516438e-01 3.419947673522054643e-01 4.571863428240242055e-01 9.644890389636785466e-01 7.431836784318806011e-01 4.764874752455582896e-01 1.966556582015264176e-01 6.999155166849253540e-01 5.882622307165525921e-01
5.932499186431058336e-01 5.415618304737868094e-01 6.274350010291600555e-01 4.479357148081256623e-01 8.109169968594207578e-01 5.521970674961493852e-01 4.793626111498414111e-01 6.185481942016761714e-01 5.982339137231512671e-01 0.000000000000000000e+00 6.990105100028214391e-01 4.197685472230724413e-01 3.280867176236227367e-01 4.167678452773114772e-01 5.619082747591085392e-01 4.998698707249469853e-01 9.044516915283695724e-01 6.786007859230415162e-01 5.475825232426416722e-01 6.399023690999334768e-01 9.160119473924049904e-01 3.559187100965641726e-01 5.741647047227053102e-01 6.535542361768322817e-01 6.396123706694062383e-01 4.210756375239259053e-01 1.905497915646627849e-01 9.363083936979263999e-01 8.336592435160551373e-01 3.550878716509894284e-01 6.849950411065719447e-01 6.680728077664263020e-01 3.866169040962693093e-01 4.176136319026193533e-01 2.725629374146931183e-01
2.447203752664800502e-01 1.755504960851861362e-01 4.610055578092951967e-01 5.552718923083650449e-01 2.309463171377841295e-01 1.478501957802776934e-01 8.698211954973992244e-01 5.857357570986548856e-01 2.926540801999736319e-01 6.990105100028214391e-01 0.000000000000000000e+00 3.523748780231065192e-01 1.545300867440512205e-01 3.736231997646931591e-01 8.572388120781200271e-01 6.953603829813455039e-01 6.519653955820037261e-01 5.467791415630365304e-01 5.136389583049051355e-01 4.096064614761644185e-01 7.318484769508610821e-01 3.416429049021727504e-01 7.609203067856651348e-01 5.743932562305864575e-01 1.617212648853301182e-01 6.415144856632195580e-01 5.466244630155769890e-01 3.445205919344470069e-01 7.186177587574417158e-01 3.442746946285489829e-01 3.100967881157845607e-01 4.557252819271996325e-01 1.674353852569281376e-01 8.683863210663826937e-01 7.127718169075460963e-01
9.609393014871836503e-01 2.479642023677588458e-01 4.901693426519477814e-01 8.791892878708453818e-01 4.223596190162596797e-01 6.449314278530169364e-01 4.739877979562237553e-01 6.983354893973054978e-01 3.344321234465731929e-01 4.197685472230724413e-01 3.523748780231065192e-01 0.000000000000000000e+00 6.199492258939356404e-01 1.124763092753605642e-01 7.193002137414103991e-01 6.169362849787473069e-01 5.548864718549078034e-01 7.078292403162597113e-01 2.090491199417638946e-01 6.852904529777432696e-01 8.127835762794503038e-01 6.515570917895208147e-01 6.925487819933064948e-01 9.516031222599952155e-02 2.207794744318146707e-01 7.147263236886907123e-01 8.142585993070035055e-01 7.171550740089107645e-01 6.189023812025669091e-01 7.174425024781017068e-02 1.818623759891446756e-01 7.381527847231954542e-01 4.085491715428345438e-01 9.634787925858995239e-01 4.460689958134259614e-01
6.071143758267848467e-01 7.464064734534029411e-01 4.318885864627594606e-01 4.515024899838619987e-01 3.488299810825810643e-01 2.941676653326905644e-01 1.850833057510551938e-01 9.047138389456188534e-01 1.953521384964311824e-01 3.280867176236227367e-01 1.545300867440512205e-01 6.199492258939356404e-01 0.000000000000000000e+00 7.242703418582032704e-01 7.917816134927710969e-01 8.608641103763181590e-02 8.845903606318381573e-01 4.508893052865447504e-01 2.502479803334775044e-01 4.676148059693306935e-01 4.731094943599658542e-01 6.681743650578303440e-01 4.212515085115187130e-02 7.238597428837901804e-01 6.283543195383769486e-01 6.138680878619953152e-01 6.738658887138189169e-01 5.637554214367883620e-01 5.513193873787562982e-01 6.268297273982437190e-01 5.215187004363750489e-01 5.711003100669465038e-01 5.816566906253203273e-01 6.197248452619981141e-01 6.831499104950040646e-01
6.039055744257626479e-01 3.822755806090150643e-01 6.122989310943820485e-01 7.192895039211321118e-01 7.154404164895524776e-01 4.303570472216865506e-01 3.901037979307839798e-01 2.653903024017787438e-01 7.836004013939090740e-01 4.167678452773114772e-01 3.736231997646931591e-01 1.124763092753605642e-01 7.242703418582032704e-01 0.000000000000000000e+00 6.492365740105621175e-02 4.839954294230595644e-01 4.091695805936316210e-01 8.298223796699321086e-01 4.372809303839238493e-01 4.859922891362449815e-01 4.167214727643644423e-01 7.466301605160552413e-01 9.246291309109668788e-01 6.986176846860243650e-01 2.733659416988133417e-01 8.806161487053926207e-01 6.844411645926538057e-01 8.955162592508045805e-01 7.399729622072448443e-01 5.870072973749902445e-01 5.948586344729041020e-01 8.430916586736783014e-01 5.841468530803004544e-01 6.029292679003279698e-01 5.265143363783275632e-01
8.947507003764203493e-01 6.905366075845880136e-01 8.228379282096832670e-01 8.446786397521445222e-01 2.478273408741241690e-01 4.932731228448186123e-01 7.404674096355083890e-01 2.225141353916072762e-01 1.746949242787064760e-01 5.619082747591085392e-01 8.572388120781200271e-01 7.193002137414103991e-01 7.917816134927710969e-01 6.492365740105621175e-02 0.000000000000000000e+00 3.817007348364346297e-01 5.657211875672747414e-01 2.811105374723740224e-01 3.422723678324818275e-01 2.206991156913908902e-01 7.851633309012084894e-01 5.297108101791829782e-01 6.879172871502686748e-01 7.570644703550324373e-01 1.605230333610648819e-01 6.180224190551382168e-01 4.469282735682250651e-01 4.651768229952828460e-01 1.406069124724146358e-01 4.091094939789917673e-01 5.157833945780614382e-01 5.827133458077586869e-01 4.658056063030128202e-01 5.889686635580086982e-01 4.772214569392691508e-01
5.023036313918366469e-01 5.535806772830811351e-01 4.067466680370451781e-01 4.168611456975156448e-01 8.046956969165354190e-01 1.791000400265124748e-01 7.190060161768688785e-01 2.878161053733592212e-01 3.559535446965148009e-01 4.998698707249469853e-01 6.953603829813455039e-01 6.169362849787473069e-01 8.608641103763181590e-02 4.839954294230595644e-01 3.817007348364346297e-01 0.000000000000000000e+00 5.413600445776522996e-01 7.959914217404301384e-01 5.951895421118832408e-01 4.851619691023051351e-01 4.467925107398688089e-01 4.681008403277611141e-01 7.700471423414571026e-01 7.222810080372933372e-01 3.296402107051885633e-01 3.684825816911816432e-01 7.064788813180923333e-01 5.078913395117220508e-01 8.271850513856133791e-01 5.056044121710043804e-01 4.110951901898945993e-01 2.639874299476736574e-01 8.025212632590388306e-01 2.184138443464838097e-01 7.080454391696444638e-01
2.640364399487884484e-01 5.984042836826999334e-01 4.494542093160370788e-01 2.461682400681942384e-01 3.047398918063478623e-01 4.273369432264344514e-01 8.581453099117570815e-01 5.119090491921431951e-01 7.168873957819259513e-01 9.044516915283695724e-01 6.519653955820037261e-01 5.548864718549078034e-01 8.845903606318381573e-01 4.091695805936316210e-01 5.657211875672747414e-01 5.413600445776522996e-01 0.000000000000000000e+00 4.520266177529464469e-01 8.635058503491305215e-02 6.400530419060623810e-01 5.410418701936787755e-01 1.426168349002281954e-01 6.706492472755138934e-01 6.617670381875638830e-01 3.788120957714298798e-01 6.583563368158822371e-01 8.209785988057798356e-01 4.502932712243884472e-01 4.944630457005698698e-01 4.472588667391297346e-01 3.551388568992269734e-01 6.610817034098444012e-01 5.376298942307471407e-01 4.958635761804087716e-01 6.737948808736965445e-01
4.006693855254815917e-01 8.754302835347467227e-01 5.137726338091385125e-01 7.641336439104418066e-01 4.950526506696257822e-01 2.183546324194917121e-01 7.725519026636291642e-01 1.808009468249331952e-01 6.303603364683412202e-01 6.786007859230415162e-01 5.467791415630365304e-01 7.078292403162597113e-01 4.508893052865447504e-01 8.298223796699321086e-01 2.811105374723740224e-01 7.959914217404301384e-01 4.520266177529464469e-01 0.000000000000000000e+00 7.314574904826878221e-01 7.710317834604908382e-01 3.563271926380556787e-01 2.648597379532347529e-01 3.928367871221999374e-01 5.502312670122453397e-01 8.838814276774382694e-01 7.214562702103597402e-01 5.221741303243783161e-01 4.928903385419787231e-01 7.882529068225211377e-01 5.999787252451123098e-01 7.297563206387258639e-01 4.325335350235565146e-01 9.310489774242758365e-02 3.759449762315829058e-01 1.936518006234060341e-01
4.823429112489358017e-01 5.082048354843197169e-01 3.490595245965748550e-01 8.900120343750386187e-01 5.292897159902276716e-01 7.053068291158594016e-01 8.578685758479565049e-01 5.142480952372654457e-01 4.167366311093940734e-01 5.475825232426416722e-01 5.136389583049051355e-01 2.090491199417638946e-01 2.502479803334775044e-01 4.372809303839238493e-01 3.422723678324818275e-01 5.951895421118832408e-01 8.635058503491305215e-02 7.314574904826878221e-01 0.000000000000000000e+00 7.033418349982806239e-01 9.071546860655120836e-01 3.754263965398360048e-01 7.302044417629447448e-01 6.374700660407974784e-01 4.153015612983595450e-01 3.532526285906174568e-01 5.273378428262285311e-01 8.527586971735818810e-01 5.072270024408433997e-01 5.462112717588745170e-01 3.957244855716817167e-01 1.487188506377913333e-01 5.102949132568601609e-01 5.382159707437720320e-01 6.791377790685964033e-01
2.567942875102635636e-01 6.093310647862992813e-01 3.207639667511181236e-01 3.952137126306874970e-01 5.264518966138688194e-01 1.637728144448663548e-01 1.364093486763655605e-01 4.531915089889350101e-01 2.283157995618101399e-01 6.399023690999334768e-01 4.096064614761644185e-01 6.852904529777432696e-01 4.676148059693306935e-01 4.859922891362449815e-01 2.206991156913908902e-01 4.851619691023051351e-01 6.400530419060623810e-01 7.710317834604908382e-01 7.033418349982806239e-01 0.000000000000000000e+00 9.051966766638563922e-01 4.366751045106598283e-02 6.806431755161465036e-01 1.291317649839741621e-01 5.223244135633605678e-01 6.555683239549665586e-01 5.976988137742590412e-01 2.591209454923920630e-01 2.420595349849925526e-01 5.678909369174629518e-01 1.483936022975278490e-01 3.478687803724004879e-01 1.869414979094153884e-01 5.836801874704816706e-01 1.036315828045013543e-01
8.036390118080700695e-01 4.095720769032261677e-01 4.261466438979199522e-01 4.916343250246052454e-01 8.610701374028751909e-01 8.097893618491728285e-01 5.460190145930423622e-01 5.802370503844934690e-01 4.459133626807879613e-01 9.160119473924049904e-01 7.318484769508610821e-01 8.127835762794503038e-01 4.731094943599658542e-01 4.167214727643644423e-01 7.851633309012084894e-01 4.467925107398688089e-01 5.410418701936787755e-01 3.563271926380556787e-01 9.071546860655120836e-01 9.051966766638563922e-01 0.000000000000000000e+00 3.177030558871700716e-01 8.225322433806577793e-01 4.351508678638262295e-01 3.475696747639637207e-01 8.787144652371809972e-01 8.168840969981718825e-01 2.419978107396663081e-01 3.496575138977509045e-02 7.428316470389828563e-01 1.169695025111238129e-01 5.561909460239136127e-01 1.952849802709567539e-01 4.155491111575898566e-01 2.961833651401770684e-01
4.661966262375895065e-01 7.632710104006826812e-01 8.807326765082679199e-01 8.443218242693526498e-01 4.845027183719492481e-01 1.598367146083867762e-01 3.869676608599170176e-01 5.002512861106263031e-01 7.121708033054441334e-01 3.559187100965641726e-01 3.416429049021727504e-01 6.515570917895208147e-01 6.681743650578303440e-01 7.466301605160552413e-01 5.297108101791829782e-01 4.681008403277611141e-01 1.426168349002281954e-01 2.648597379532347529e-01 3.754263965398360048e-01 4.366751045106598283e-02 3.177030558871700716e-01 0.000000000000000000e+00 3.827048270154101428e-01 7.439425815203748460e-01 1.066060284792798019e-01 8.611494092112772503e-01 4.109412393015711151e-01 6.280989725169410232e-01 3.614301297937395629e-01 6.540175846212969990e-01 6.323336497353564400e-01 1.557299969953580554e-01 4.136993578326139676e-01 5.601987287981236019e-01 3.688253601283400518e-01
5.957944302092186284e-01 7.556947692414607287e-01 7.184380735676764163e-01 3.875867903868835396e-01 7.298182588048475194e-01 2.607435919755691223e-01 3.972709483556052801e-01 6.280261058259154483e-01 4.044161032493147068e-01 5.741647047227053102e-01 7.609203067856651348e-01 6.925487819933064948e-01 4.212515085115187130e-02 9.246291309109668788e-01 6.879172871502686748e-01 7.700471423414571026e-01 6.706492472755138934e-01 3.928367871221999374e-01 7.302044417629447448e-01 6.806431755161465036e-01 8.225322433806577793e-01 3.827048270154101428e-01 0.000000000000000000e+00 8.571554270962997713e-01 1.229984994963532197e-01 2.070437995858274149e-01 5.039604881569079708e-01 3.467559513328621890e-01 6.190610292493301525e-01 2.470421527572808085e-01 7.900132118783050883e-01 4.640333995852356508e-01 8.235658207310461165e-01 1.013354142174126005e-01 6.531597695821979022e-01
3.979992817404817695e-01 7.688830801953243643e-01 4.783598486760638480e-01 4.846806147052589164e-01 6.249334828606794012e-01 5.017669499874233274e-01 8.081971269432333127e-01 4.304275844351790892e-01 6.415205159606236496e-01 6.535542361768322817e-01 5.743932562305864575e-01 9.516031222599952155e-02 7.238597428837901804e-01 6.986176846860243650e-01 7.570644703550324373e-01 7.222810080372933372e-01 6.617670381875638830e-01 5.502312670122453397e-01 6.374700660407974784e-01 1.291317649839741621e-01 4.351508678638262295e-01 7.439425815203748460e-01 8.571554270962997713e-01 0.000000000000000000e+00 3.906677163451652279e-01 4.717751927478301965e-01 6.698351261863868533e-01 1.309615400529630103e-01 4.958142291758836917e-01 6.461978408974035082e-01 8.326631622062117266e-01 1.710837878011857160e-01 1.685762223876282606e-01 4.677261816157936569e-01 4.897602941512363417e-01
8.068827248677050701e-01 7.915201349660614394e-01 3.717073098425525135e-01 4.616600120172141830e-01 6.903642341016620332e-01 2.421879971089136441e-01 3.486270501817144707e-01 4.647840169345438532e-01 5.576560550577089881e-01 6.396123706694062383e-01 1.617212648853301182e-01 2.207794744318146707e-01 6.283543195383769486e-01 2.733659416988133417e-01 1.605230333610648819e-01 3.296402107051885633e-01 3.788120957714298798e-01 8.838814276774382694e-01 4.153015612983595450e-01 5.223244135633605678e-01 3.475696747639637207e-01 1.066060284792798019e-01 1.229984994963532197e-01 3.906677163451652279e-01 0.000000000000000000e+00 4.393269479308888337e-01 3.963310806299872313e-01 5.255846709214351264e-01 2.536967542544698029e-01 7.989553815243586321e-01 7.525534941794647104e-01 7.147001196109632470e-01 6.781392712729794603e-01 1.668738140697678674e-01 8.607521637630494160e-01
3.993621541251635154e-02 4.005897851292696821e-01 5.244562425723920951e-01 5.350945000188428446e-01 4.411291890534735360e-01 3.663594948089090586e-01 6.524707496125115025e-02 5.957465302776655536e-01 2.812733341686255439e-01 4.210756375239259053e-01 6.415144856632195580e-01 7.147263236886907123e-01 6.138680878619953152e-01 8.806161487053926207e-01 6.180224190551382168e-01 3.684825816911816432e-01 6.583563368158822371e-01 7.214562702103597402e-01 3.532526285906174568e-01 6.555683239549665586e-01 8.787144652371809972e-01 8.611494092112772503e-01 2.070437995858274149e-01 4.717751927478301965e-01 4.393269479308888337e-01 0.000000000000000000e+00 6.982137759935624910e-01 8.707264994611207953e-01 4.323679385430089783e-01 5.215036067957664612e-01 5.030758857532291461e-01 6.110997611420877496e-01 4.622211805856416555e-01 4.185362327432762264e-01 8.151454364545410725e-01
2.036768051738169216e-01 7.513273842719240259e-01 5.568587240100008051e-01 5.267566872921884968e-01 2.060431054560951658e-01 3.756392189889880551e-01 5.022407332403245883e-01 7.128760369636388816e-01 7.871494142959516438e-01 1.905497915646627849e-01 5.466244630155769890e-01 8.142585993070035055e-01 6.738658887138189169e-01 6.844411645926538057e-01 4.469282735682250651e-01 7.064788813180923333e-01 8.209785988057798356e-01 5.221741303243783161e-01 5.273378428262285311e-01 5.976988137742590412e-01 8.168840969981718825e-01 4.109412393015711151e-01 5.039604881569079708e-01 6.698351261863868533e-01 3.963310806299872313e-01 6.982137759935624910e-01 0.000000000000000000e+00 2.602614227295364513e-01 9.253040174715223554e-01 3.837030815798355698e-01 8.425484019872766517e-01 9.225682449162819765e-01 4.832570339395195758e-01 5.157809805830284589e-01 5.981060445119659175e-01
4.541771628975795339e-01 5.590435801061712784e-01 3.214739673215789573e-01 5.563714409548197182e-01 7.228010314379393897e-01 6.576626713068536301e-01 2.199670109772423054e-01 1.865863440248352045e-01 3.419947673522054643e-01 9.363083936979263999e-01 3.445205919344470069e-01 7.171550740089107645e-01 5.637554214367883620e-01 8.955162592508045805e-01 4.651768229952828460e-01 5.078913395117220508e-01 4.502932712243884472e-01 4.928903385419787231e-01 8.527586971735818810e-01 2.591209454923920630e-01 2.419978107396663081e-01 6.280989725169410232e-01 3.467559513328621890e-01 1.309615400529630103e-01 5.255846709214351264e-01 8.707264994611207953e-01 2.602614227295364513e-01 0.000000000000000000e+00 4.212192469695963393e-01 4.997763054308785868e-01 1.458147520810961772e-01 8.889683430225958638e-01 5.381340118155846231e-01 2.837541067450695675e-01 5.256128844639726960e-01
5.037995969339565949e-01 3.008356459696273077e-01 6.257845689498537922e-01 6.294083938260184308e-01 5.647432162900009045e-01 8.058688777445776052e-01 3.206620082198942123e-01 4.150963855398298041e-01 4.571863428240242055e-01 8.336592435160551373e-01 7.186177587574417158e-01 6.189023812025669091e-01 5.513193873787562982e-01 7.399729622072448443e-01 1.406069124724146358e-01 8.271850513856133791e-01 4.944630457005698698e-01 7.882529068225211377e-01 5.072270024408433997e-01 2.420595349849925526e-01 3.496575138977509045e-02 3.614301297937395629e-01 6.190610292493301525e-01 4.958142291758836917e-01 2.536967542544698029e-01 4.323679385430089783e-01 9.253040174715223554e-01 4.212192469695963393e-01 0.000000000000000000e+00 2.635645483531528499e-01 2.602106133372029673e-01 4.578885673621569397e-01 6.024132406488176272e-01 6.660129820695812608e-01 5.669778373104923386e-01
4.363794027120287411e-01 8.831199493575409010e-01 5.661410885697296669e-01 3.295468173231266285e-01 3.240185001008927257e-01 6.506181793925451817e-01 8.228135838136725333e-01 1.776510532510821583e-01 9.644890389636785466e-01 3.550878716509894284e-01 3.442746946285489829e-01 7.174425024781017068e-02 6.268297273982437190e-01 5.870072973749902445e-01 4.091094939789917673e-01 5.056044121710043804e-01 4.472588667391297346e-01 5.999787252451123098e-01 5.462112717588745170e-01 5.678909369174629518e-01 7.428316470389828563e-01 6.540175846212969990e-01 2.470421527572808085e-01 6.461978408974035082e-01 7.989553815243586321e-01 5.215036067957664612e-01 3.837030815798355698e-01 4.997763054308785868e-01 2.635645483531528499e-01 0.000000000000000000e+00 7.282243753757029481e-01 3.040770963440830865e-01 7.092868035162498419e-01 4.602807277821086007e-01 4.104582771076974446e-01
5.733533737281285569e-01 3.523106134353585772e-01 5.969102471847138602e-01 4.818338953669499269e-01 3.837064244335580687e-01 1.875348759511925589e-01 7.533623653944805376e-01 5.177304331697245576e-01 7.431836784318806011e-01 6.849950411065719447e-01 3.100967881157845607e-01 1.818623759891446756e-01 5.215187004363750489e-01 5.948586344729041020e-01 5.157833945780614382e-01 4.110951901898945993e-01 3.551388568992269734e-01 7.297563206387258639e-01 3.957244855716817167e-01 1.483936022975278490e-01 1.169695025111238129e-01 6.323336497353564400e-01 7.900132118783050883e-01 8.326631622062117266e-01 7.525534941794647104e-01 5.030758857532291461e-01 8.425484019872766517e-01 1.458147520810961772e-01 2.602106133372029673e-01 7.282243753757029481e-01 0.000000000000000000e+00 3.143847153426467811e-01 4.948614419677024312e-01 6.567889957966035475e-01 5.796383478139101042e-01
5.527670979408586538e-01 7.392133135285259282e-01 1.531432609175736870e-01 2.703027685308914130e-01 5.693425947745285320e-01 8.581173930089224244e-01 4.997407584244662471e-01 2.307068777878537591e-01 4.764874752455582896e-01 6.680728077664263020e-01 4.557252819271996325e-01 7.381527847231954542e-01 5.711003100669465038e-01 8.430916586736783014e-01 5.827133458077586869e-01 2.639874299476736574e-01 6.610817034098444012e-01 4.325335350235565146e-01 1.487188506377913333e-01 3.478687803724004879e-01 5.561909460239136127e-01 1.557299969953580554e-01 4.640333995852356508e-01 1.710837878011857160e-01 7.147001196109632470e-01 6.110997611420877496e-01 9.225682449162819765e-01 8.889683430225958638e-01 4.578885673621569397e-01 3.040770963440830865e-01 3.143847153426467811e-01 0.000000000000000000e+00 3.694093452599164218e-01 4.467311588702258529e-01 2.144592462567265212e-01
8.091951406712456496e-01 6.934023272833309548e-01 4.432089535660067026e-01 5.324911333769752897e-01 7.751933129764996266e-01 2.212036403360808645e-01 4.688854151450014274e-01 2.009571226003014077e-01 1.966556582015264176e-01 3.866169040962693093e-01 1.674353852569281376e-01 4.085491715428345438e-01 5.816566906253203273e-01 5.841468530803004544e-01 4.658056063030128202e-01 8.025212632590388306e-01 5.376298942307471407e-01 9.310489774242758365e-02 5.102949132568601609e-01 1.869414979094153884e-01 1.952849802709567539e-01 4.136993578326139676e-01 8.235658207310461165e-01 1.685762223876282606e-01 6.781392712729794603e-01 4.622211805856416555e-01 4.832570339395195758e-01 5.381340118155846231e-01 6.024132406488176272e-01 7.092868035162498419e-01 4.948614419677024312e-01 3.694093452599164218e-01 0.000000000000000000e+00 5.217425166672401415e-01 5.273343712659606108e-02
3.300542711442726596e-01 4.663867549075349506e-01 3.149859590065514636e-01 8.177625514733193324e-01 3.806845794941196015e-01 4.251082704341205831e-01 3.049608669926034965e-01 4.579997366176157825e-01 6.999155166849253540e-01 4.176136319026193533e-01 8.683863210663826937e-01 9.634787925858995239e-01 6.197248452619981141e-01 6.029292679003279698e-01 5.889686635580086982e-01 2.184138443464838097e-01 4.958635761804087716e-01 3.759449762315829058e-01 5.382159707437720320e-01 5.836801874704816706e-01 4.155491111575898566e-01 5.601987287981236019e-01 1.013354142174126005e-01 4.677261816157936569e-01 1.668738140697678674e-01 4.185362327432762264e-01 5.157809805830284589e-01 2.837541067450695675e-01 6.660129820695812608e-01 4.602807277821086007e-01 6.567889957966035475e-01 4.467311588702258529e-01 5.217425166672401415e-01 0.000000000000000000e+00 6.315238808494174627e-01
5.325132781894802436e-01 7.063289981488065639e-01 6.791227687390612999e-01 5.824930598123994052e-01 6.844569368698121270e-01 1.340890800318222942e-01 3.727359390224709301e-01 9.048145870556421055e-01 5.882622307165525921e-01 2.725629374146931183e-01 7.127718169075460963e-01 4.460689958134259614e-01 6.831499104950040646e-01 5.265143363783275632e-01 4.772214569392691508e-01 7.080454391696444638e-01 6.737948808736965445e-01 1.936518006234060341e-01 6.791377790685964033e-01 1.036315828045013543e-01 2.961833651401770684e-01 3.688253601283400518e-01 6.531597695821979022e-01 4.897602941512363417e-01 8.607521637630494160e-01 8.151454364545410725e-01 5.981060445119659175e-01 5.256128844639726960e-01 5.669778373104923386e-01 4.104582771076974446e-01 5.796383478139101042e-01 2.144592462567265212e-01 5.273343712659606108e-02 6.315238808494174627e-01 0.000000000000000000e+00
