0.000000000000000000e+00 4.860316236367064335e-01 6.343627988767190917e-01 4.322184172420746595e-01 6.617560162085404096e-01 7.148563737790338823e-01 5.829201371478387461e-01 1.129526776055631565e-01 1.779824056809642396e-02 7.622631476107644133e-01 2.566191293832895681e-01 7.348582700094481446e-01 8.729069017356535509e-01 6.843290057877811083e-01 4.926199687165750407e-01 8.621104979814713243e-01 2.825447589371082868e-01 5.897618478789545815e-01 6.201641029314592934e-01 8.581317120541404053e-01 5.714264977905096909e-01 3.646488136769816535e-01 5.036988915533342492e-01 8.481420970673685389e-01 5.419220109439404354e-01 2.029442195639816204e-01 8.306688844883762801e-01 5.319602008347393829e-01 8.293817614693645979e-01 6.037502103920333596e-01 8.969833724115483520e-01 7.610506346583609805e-01 6.060315446901156644e-01 2.553289646375869193e-01 5.643688312204826474e-01
4.860316236367064335e-01 0.000000000000000000e+00 7.148513870406723036e-01 6.655734164558232413e-01 5.502669198678201701e-01 4.481203990585532759e-01 1.615593798574220807e-01 3.673629185075571457e-01 3.021518397118924115e-01 6.347261034748734598e-01 1.577626344320988139e-01 4.381832239825719788e-01 3.699009766357951312e-01 9.385939499362061511e-01 7.758310685832310316e-01 4.911613656434158370e-01 6.236594064095094536e-01 8.841501553347049791e-01 4.306863808088202683e-01 6.629705721761016690e-01 4.594433382584613423e-01 2.559393303750976401e-01 4.508343539845343084e-01 5.295377459631349648e-01 4.160325576936642067e-01 1.292424465490578100e-01 7.895609809371810783e-01 6.508876003194706827e-01 2.331526950014125577e-01 7.320276342774747480e-01 5.758865023802777205e-01 1.295773127281465431e-01 9.061750873659990546e-01 4.391823279781236766e-01 6.776511573433146030e-01
6.343627988767190917e-01 7.148513870406723036e-01 0.000000000000000000e+00 4.996082436163216123e-01 8.624831064389566482e-01 9.465578524730735577e-01 2.304459324669735354e-01 8.012502950401482193e-01 7.676163098626322956e-01 8.424829192712786075e-01 7.509919831980913507e-01 3.998252110023791106e-01 8.504980254631104852e-01 6.205093940600533431e-01 1.581825807085125435e-01 2.283493197781934492e-01 7.788874842052688763e-01 5.810241338611600304e-01 8.796958137615793483e-01 2.481793511938139574e-01 4.042934980185227123e-01 6.938042366558621055e-01 4.540073712733913025e-01 7.853408120718435859e-01 4.813853043205456594e-01 6.911393883708272234e-01 6.498597871286703187e-01 4.348559395274969042e-01 2.551929712416726170e-01 3.888825518041469365e-01 3.409546627527590967e-01 7.638489053763687364e-01 6.779172748162674011e-01 4.052154663270527424e-01 5.930326561799713625e-01
4.322184172420746595e-01 6.655734164558232413e-01 4.996082436163216123e-01 0.000000000000000000e+00 5.930888912414482572e-01 2.899825715950088423e-01 2.906513933462280819e-01 4.115189474070955478e-01 8.715260101089898903e-01 2.610659544870973514e-01 5.934992979636958266e-01 5.613898399621597424e-01 5.505729390493596664e-01 7.530049016898084924e-01 4.032737754354950299e-01 8.541834054053443204e-01 1.352574589325278298e-01 4.538288408939241125e-01 4.529778992248706948e-01 6.239839555907521484e-01 4.127938470134230320e-01 5.912942169001845771e-01 5.727237302632026683e-02 8.087610322323897094e-01 7.241039667243619471e-01 6.452681060308647076e-01 7.997171907206381825e-01 3.216495084822474926e-01 2.913853633296986656e-01 2.470420351221394029e-01 7.613305164671121394e-01 7.096586876400045041e-01 2.525872050304378558e-01 3.360440625011439364e-01 5.187816798977337163e-01
6.617560162085404096e-01 5.502669198678201701e-01 8.624831064389566482e-01 5.930888912414482572e-01 0.000000000000000000e+00 5.251253520974228373e-01 2.845607989128271509e-01 4.980176267212668151e-01 3.789303834736840737e-01 5.645104165836027921e-01 5.419775458461097983e-01 3.692981577597504450e-01 5.136017080614481145e-01 1.173740625493662204e-01 3.194282679932788360e-01 5.637883869685260674e-01 3.293374535858613616e-01 6.567836968678579801e-01 4.758128989815610943e-01 4.846300479778663517e-01 6.584541495882794138e-01 2.552812078081106995e-01 2.237198169831539074e-01 4.398588395845967058e-01 5.319575694297320467e-01 6.994692293484958689e-01 3.424796405097122465e-01 4.982024076704878457e-01 1.767887750585630524e-01 2.907877578570259303e-01 7.866284170963147027e-01 4.599456089368397227e-01 4.467396459076992121e-01 4.661214017424768485e-01 7.654075307779746318e-01
7.148563737790338823e-01 4.481203990585532759e-01 9.465578524730735577e-01 2.899825715950088423e-01 5.251253520974228373e-01 0.000000000000000000e+00 3.373238745971290919e-02 7.242623072565834708e-01 7.080328803136977101e-01 4.397823251537034683e-01 4.174573696258752631e-01 2.558019578257888504e-01 8.722514497791511445e-01 5.171095064878659109e-01 6.766763740981871500e-01 5.808082701014530835e-01 3.702418648144983893e-01 7.319778445019990976e-01 3.380020227192549465e-01 6.295560719216291012e-01 7.176185015589140459e-01 8.091952525485526238e-01 9.072289606993149125e-01 8.224265898159738297e-01 2.315504878481716156e-01 6.366679035920657093e-01 8.320068069754854578e-01 2.264670998043367689e-01 6.150474676027493093e-01 2.455195720591148989e-01 6.084775064435432590e-01 5.778602308585312208e-01 7.124321349217768162e-01 2.655236986820396217e-01 5.561627731363396610e-01
5.829201371478387461e-01 1.615593798574220807e-01 2.304459324669735354e-01 2.906513933462280819e-01 2.845607989128271509e-01 3.373238745971290919e-02 0.000000000000000000e+00 6.887953440127235760e-01 2.629400163401476309e-01 8.808334947518789981e-01 1.438267735932087232e-01 3.717870472280336847e-01 7.631556015335521082e-01 6.052850790495483135e-01 6.928616647623067060e-01 5.737202456914027859e-01 6.688033831142535801e-01 4.574020315977653794e-01 5.862657336325534096e-01 3.081935136378543549e-01 3.029959327565056038e-01 8.281385229076103638e-01 4.244079433417022318e-01 4.826176295194187227e-01 2.492732012475012415e-01 2.824538237758744685e-02 1.228431546219490578e-01 6.783803442015805540e-01 6.975331229282033529e-02 5.389729633041541179e-01 7.466809180569919935e-01 2.597483774645534815e-01 5.638540081743030896e-01 5.787302227972733748e-01 1.876982856425142288e-01
1.129526776055631565e-01 3.673629185075571457e-01 8.012502950401482193e-01 4.115189474070955478e-01 4.980176267212668151e-01 7.242623072565834708e-01 6.887953440127235760e-01 0.000000000000000000e+00 7.741339063972352275e-01 6.843930007853762376e-01 6.292984439367628191e-01 4.609323701029878206e-01 7.098053537849799977e-01 6.270499522813538507e-01 1.582992881723603862e-01 6.863854978555279374e-01 5.567600352393713425e-01 4.330533530328942726e-01 6.561911932369598466e-01 4.134870149083256230e-01 4.672067340330134377e-01 5.411232282783002834e-01 6.015125596266361896e-01 4.337223919627962720e-01 8.558010180990103244e-01 7.768427355780553878e-01 7.767131837184515497e-01 4.174607709002663425e-01 2.606522169401083722e-01 4.578431812198207052e-01 1.376956719311986377e-01 4.768677513471906160e-01 5.264831313356206355e-01 2.989517547479138004e-01 8.000839764770191209e-01
1.779824056809642396e-02 3.021518397118924115e-01 7.676163098626322956e-01 8.715260101089898903e-01 3.789303834736840737e-01 7.080328803136977101e-01 2.629400163401476309e-01 7.741339063972352275e-01 0.000000000000000000e+00 5.175227381405933524e-01 8.211522044925292363e-01 3.394055675774503289e-01 4.926898696585299553e-01 5.075897821791784947e-01 1.966849094632615036e-01 6.101656783720403876e-01 5.034073309559738973e-01 4.100890619577248764e-01 5.603618299781131240e-01 2.876899895156157516e-01 3.807133825777686553e-01 3.250976349397491916e-01 5.701247900168759930e-01 4.092697332605244043e-01 7.397654363463621596e-01 7.521303316238628911e-01 8.387277413835019235e-01 3.055616630949075097e-01 7.226055090197032182e-01 3.282208657946110719e-01 7.086213573892673478e-01 6.455269787762257794e-01 3.810575760769128184e-01 4.922806404499204813e-01 3.326668518672600827e-01
7.622631476107644133e-01 6.347261034748734598e-01 8.424829192712786075e-01 2.610659544870973514e-01 5.645104165836027921e-01 4.397823251537034683e-01 8.808334947518789981e-01 6.843930007853762376e-01 5.175227381405933524e-01 0.000000000000000000e+00 4.509700806443982524e-01 2.012619887136793961e-01 4.484783700201812051e-01 2.113131253904848572e-01 5.467301325927230726e-01 7.677534107207248937e-01 8.961807318844074999e-01 4.319439348131622891e-01 4.466867072391848548e-01 1.556131863114133540e-01 5.628717385462691514e-01 6.344955360180866144e-01 6.632525795723832607e-01 9.558166850205205289e-01 2.234427958215898236e-01 2.645811281365392231e-01 4.739407353391247857e-01 2.782404088224295080e-01 5.812687624320389546e-01 9.262098853793061526e-01 9.376121693851715566e-01 5.492585603427693197e-01 8.742734962447806790e-01 4.602083130651282716e-01 7.943247380132280044e-01
2.566191293832895681e-01 1.577626344320988139e-01 7.509919831980913507e-01 5.934992979636958266e-01 5.419775458461097983e-01 4.174573696258752631e-01 1.438267735932087232e-01 6.292984439367628191e-01 8.211522044925292363e-01 4.509700806443982524e-01 0.000000000000000000e+00 6.519647495410243465e-01 2.503941301929338836e-01 4.383589445000110052e-01 3.683087135584245386e-01 1.505105938907384533e-01 3.484408561135420301e-01 3.796291304987046700e-01 3.853521988716239743e-01 3.753072606738877548e-01 4.961381850575811159e-01 6.753595488867891738e-01 2.704005158207033466e-01 4.235558221533257672e-01 7.453521785096346441e-01 7.968329787437744560e-01 6.136602641160749938e-01 3.446481962381549580e-01 2.290813349394560383e-01 1.517154847058025391e-01 5.787946838873286870e-01 6.161646667227754781e-01 6.489467354925639864e-01 7.160954986094986152e-01 4.627765164550751154e-01
7.348582700094481446e-01 4.381832239825719788e-01 3.998252110023791106e-01 5.613898399621597424e-01 3.692981577597504450e-01 2.558019578257888504e-01 3.717870472280336847e-01 4.609323701029878206e-01 3.394055675774503289e-01 2.012619887136793961e-01 6.519647495410243465e-01 0.000000000000000000e+00 7.269700805767431717e-01 7.940646654404587279e-01 4.518241895809079200e-01 4.565119996861086160e-01 5.303988132618060458e-01 9.126386453482429051e-01 5.256617797142100201e-01 7.709578589318076824e-01 5.045648730113367897e-01 5.018384945617053727e-01 5.172354527735691931e-01 7.261955971702600543e-01 3.073009582547293617e-01 6.854626664793388446e-01 4.411101126385492677e-01 6.374431988918864977e-01 8.405913960535202900e-01 4.790003771843144853e-01 5.063964514165102404e-01 9.215377052922699708e-01 8.151541942135178687e-01 5.845807234669562202e-01 7.203435757747963519e-01
8.729069017356535509e-01 3.699009766357951312e-01 8.504980254631104852e-01 5.505729390493596664e-01 5.136017080614481145e-01 8.722514497791511445e-01 7.631556015335521082e-01 7.098053537849799977e-01 4.926898696585299553e-01 4.484783700201812051e-01 2.503941301929338836e-01 7.269700805767431717e-01 0.000000000000000000e+00 4.715418503568899466e-01 2.590489039794477977e-01 5.444002018205725824e-01 4.360005700912103488e-01 7.046778245204764479e-01 1.790029814336554503e-01 5.052224709664225877e-01 4.254308478100750079e-01 3.198020166003777698e-01 6.501276368420840779e-01 6.868047953324389887e-01 6.405795872048556383e-01 1.680590251070382957e-01 2.084038155959020422e-01 6.640135626817593728e-01 5.767371479399190370e-01 8.831445967087900861e-01 7.081759953873403290e-01 3.897291127317675796e-01 7.851331337431117774e-01 2.033280529787510060e-01 5.586755842804326244e-01
6.843290057877811083e-01 9.385939499362061511e-01 6.205093940600533431e-01 7.530049016898084924e-01 1.173740625493662204e-01 5.171095064878659109e-01 6.052850790495483135e-01 6.270499522813538507e-01 5.075897821791784947e-01 2.113131253904848572e-01 4.383589445000110052e-01 7.940646654404587279e-01 4.715418503568899466e-01 0.000000000000000000e+00 9.001844684527604556e-02 4.311998024427347032e-01 4.909780265757234252e-01 8.957760211955589913e-02 4.947539870273129914e-01 5.716937122774456981e-01 5.078911090444694354e-01 5.670647988798254158e-01 1.733363645817923571e-01 7.900446873702655637e-01 4.190959487467894595e-01 6.223567483761004437e-01 6.769764115721206288e-01 3.953386332767853673e-01 7.717965929508987522e-01 1.776697535911150871e-01 3.371417234731329815e-01 6.669356000863502221e-01 6.291942373221948159e-01 3.744729806610554435e-01 5.524154923073115731e-01
4.926199687165750407e-01 7.758310685832310316e-01 1.581825807085125435e-01 4.032737754354950299e-01 3.194282679932788360e-01 6.766763740981871500e-01 6.928616647623067060e-01 1.582992881723603862e-01 1.966849094632615036e-01 5.467301325927230726e-01 3.683087135584245386e-01 4.518241895809079200e-01 2.590489039794477977e-01 9.001844684527604556e-02 0.000000000000000000e+00 3.517087187117299285e-01 8.977689882095047924e-01 4.653146396672253604e-01 4.995025990354420853e-01 7.599411751058406939e-01 7.492924134113708723e-01 6.403397461054475270e-01 8.207705482439525690e-01 5.524725780788494189e-01 5.355886466378639854e-01 4.995661090813585670e-01 8.912845983659892779e-01 8.322361567774075874e-01 4.718990473175639355e-01 2.011482265567655636e-01 4.700470967470413708e-01 6.280594059142166063e-01 7.087202762950943757e-01 3.230804185469429157e-01 6.840480815767921996e-01
8.621104979814713243e-01 4.911613656434158370e-01 2.283493197781934492e-01 8.541834054053443204e-01 5.637883869685260674e-01 5.808082701014530835e-01 5.737202456914027859e-01 6.863854978555279374e-01 6.101656783720403876e-01 7.677534107207248937e-01 1.505105938907384533e-01 4.565119996861086160e-01 5.444002018205725824e-01 4.311998024427347032e-01 3.517087187117299285e-01 0.000000000000000000e+00 8.331265328072517962e-01 5.808976206157413502e-01 1.922111850731677563e-01 6.495366238030699790e-01 3.478094346904584411e-01 3.902679734846133397e-01 2.323094872096916896e-01 5.709453831386819278e-01 1.350251667352035945e-01 3.564043482468484125e-01 6.252783569029463084e-01 1.226632225524337816e-02 2.053294634419223774e-01 8.797780566660515777e-01 5.520478607913390512e-01 4.757444588943659514e-01 2.112499245382254975e-01 7.589226696798834215e-01 5.131832108396360281e-01
2.825447589371082868e-01 6.236594064095094536e-01 7.788874842052688763e-01 1.352574589325278298e-01 3.293374535858613616e-01 3.702418648144983893e-01 6.688033831142535801e-01 5.567600352393713425e-01 5.034073309559738973e-01 8.961807318844074999e-01 3.484408561135420301e-01 5.303988132618060458e-01 4.360005700912103488e-01 4.909780265757234252e-01 8.977689882095047924e-01 8.331265328072517962e-01 0.000000000000000000e+00 2.292607659924364993e-01 8.630390952245534653e-01 3.958004600921871674e-01 8.153474448848760936e-01 5.251045066577876286e-01 6.260920134593566111e-01 1.610645476513826724e-01 8.597345932788746925e-01 5.267679866228482943e-01 8.156222993562551871e-01 2.067695124456498390e-01 5.530956434152272116e-01 7.343711274815206691e-01 2.167063326182131489e-01 4.712020371741931779e-01 5.973943674176560581e-01 4.953539497223229948e-01 1.900622135613156960e-01
5.897618478789545815e-01 8.841501553347049791e-01 5.810241338611600304e-01 4.538288408939241125e-01 6.567836968678579801e-01 7.319778445019990976e-01 4.574020315977653794e-01 4.330533530328942726e-01 4.100890619577248764e-01 4.319439348131622891e-01 3.796291304987046700e-01 9.126386453482429051e-01 7.046778245204764479e-01 8.957760211955589913e-02 4.653146396672253604e-01 5.808976206157413502e-01 2.292607659924364993e-01 0.000000000000000000e+00 6.293851210433477616e-01 3.452132585682193833e-01 7.345680096471776110e-01 7.017058574259086301e-01 1.840486001524745951e-01 2.669234788111451984e-01 6.362576600328915255e-01 5.628061774553889673e-01 5.982790214193682843e-01 4.393818635057588629e-01 2.624413489300211344e-01 4.856106673325987222e-01 5.322513177973315912e-01 9.231397494236812662e-01 3.894603473618442058e-01 7.946138615681996864e-01 3.129733813781750973e-01
6.201641029314592934e-01 4.306863808088202683e-01 8.796958137615793483e-01 4.529778992248706948e-01 4.758128989815610943e-01 3.380020227192549465e-01 5.862657336325534096e-01 6.561911932369598466e-01 5.603618299781131240e-01 4.466867072391848548e-01 3.853521988716239743e-01 5.256617797142100201e-01 1.790029814336554503e-01 4.947539870273129914e-01 4.995025990354420853e-01 1.922111850731677563e-01 8.630390952245534653e-01 6.293851210433477616e-01 0.000000000000000000e+00 4.403084897540820442e-01 6.597332572846729137e-01 7.251590987866189941e-01 1.837116230382026538e-01 3.735769351445569209e-01 8.283386038920566019e-01 4.000051224964819019e-01 4.520248617725769469e-01 8.038641539247609602e-01 5.472317681366465347e-01 5.344302723831872992e-01 3.675613517296755228e-01 3.508487985299489909e-01 4.385416188956917649e-01 7.702293816745164889e-01 7.732343889585604479e-01
8.581317120541404053e-01 6.629705721761016690e-01 2.481793511938139574e-01 6.239839555907521484e-01 4.846300479778663517e-01 6.295560719216291012e-01 3.081935136378543549e-01 4.134870149083256230e-01 2.876899895156157516e-01 1.556131863114133540e-01 3.753072606738877548e-01 7.709578589318076824e-01 5.052224709664225877e-01 5.716937122774456981e-01 7.599411751058406939e-01 6.495366238030699790e-01 3.958004600921871674e-01 3.452132585682193833e-01 4.403084897540820442e-01 0.000000000000000000e+00 4.985545443186901737e-01 8.814492133133138285e-01 4.241406143282411279e-01 5.306320091016029084e-01 3.220049253243134624e-01 4.504516243376914253e-01 7.736106899345480681e-01 5.563471170330540616e-01 5.492864088943274492e-01 7.945846654746477888e-01 7.304423232584842385e-01 5.300821057742052256e-01 3.552778694328838638e-01 2.099191262792818868e-01 3.428978509015493392e-01
5.714264977905096909e-01 4.594433382584613423e-01 4.042934980185227123e-01 4.127938470134230320e-01 6.584541495882794138e-01 7.176185015589140459e-01 3.029959327565056038e-01 4.672067340330134377e-01 3.807133825777686553e-01 5.628717385462691514e-01 4.961381850575811159e-01 5.045648730113367897e-01 4.254308478100750079e-01 5.078911090444694354e-01 7.492924134113708723e-01 3.478094346904584411e-01 8.153474448848760936e-01 7.345680096471776110e-01 6.597332572846729137e-01 4.985545443186901737e-01 0.000000000000000000e+00 3.763812578127252451e-01 9.305940354391263325e-01 4.045514645455617897e-01 1.342645120199679187e-01 3.709295522792614430e-01 3.648007501696710064e-01 7.221887938533340101e-01 3.581566357525091115e-01 4.439792016509593875e-01 7.091344036975550935e-01 1.718768235318359761e-01 5.698535168990237487e-01 8.269668791265508689e-01 4.002922623169209437e-01
3.646488136769816535e-01 2.559393303750976401e-01 6.938042366558621055e-01 5.912942169001845771e-01 2.552812078081106995e-01 8.091952525485526238e-01 8.281385229076103638e-01 5.411232282783002834e-01 3.250976349397491916e-01 6.344955360180866144e-01 6.753595488867891738e-01 5.018384945617053727e-01 3.198020166003777698e-01 5.670647988798254158e-01 6.403397461054475270e-01 3.902679734846133397e-01 5.251045066577876286e-01 7.017058574259086301e-01 7.251590987866189941e-01 8.814492133133138285e-01 3.763812578127252451e-01 0.000000000000000000e+00 8.166776576934074994e-01 8.459066089517541798e-02 4.803146234439074069e-01 3.528117314030800311e-01 5.133657851101112168e-01 7.027210808165857969e-01 1.663970949227016050e-01 4.295434067664872790e-01 9.635090450272829621e-01 4.636183564970580706e-01 1.383275305892814888e-01 6.587886704582961439e-01 1.980467878199458354e-01
5.036988915533342492e-01 4.508343539845343084e-01 4.540073712733913025e-01 5.727237302632026683e-02 2.237198169831539074e-01 9.072289606993149125e-01 4.244079433417022318e-01 6.015125596266361896e-01 5.701247900168759930e-01 6.632525795723832607e-01 2.704005158207033466e-01 5.172354527735691931e-01 6.501276368420840779e-01 1.733363645817923571e-01 8.207705482439525690e-01 2.323094872096916896e-01 6.260920134593566111e-01 1.840486001524745951e-01 1.837116230382026538e-01 4.241406143282411279e-01 9.305940354391263325e-01 8.166776576934074994e-01 0.000000000000000000e+00 1.396461927056825703e-01 8.353298642996951351e-01 6.578607414475690085e-01 4.329544158687288480e-01 5.151277594524615866e-01 5.452551313870859229e-01 7.437657783188643679e-01 3.431872092528566731e-01 3.918732186240827531e-01 6.041747526910299371e-01 5.019254721174932765e-01 2.834671367260426234e-01
8.481420970673685389e-01 5.295377459631349648e-01 7.853408120718435859e-01 8.087610322323897094e-01 4.398588395845967058e-01 8.224265898159738297e-01 4.826176295194187227e-01 4.337223919627962720e-01 4.092697332605244043e-01 9.558166850205205289e-01 4.235558221533257672e-01 7.261955971702600543e-01 6.868047953324389887e-01 7.900446873702655637e-01 5.524725780788494189e-01 5.709453831386819278e-01 1.610645476513826724e-01 2.669234788111451984e-01 3.735769351445569209e-01 5.306320091016029084e-01 4.045514645455617897e-01 8.459066089517541798e-02 1.396461927056825703e-01 0.000000000000000000e+00 7.176742106451552417e-01 6.235533186905044545e-01 6.535907673629846037e-01 2.369801900917301030e-01 4.551864710582369522e-01 3.819739773785780224e-01 5.550783289092955375e-01 8.407953419393064953e-01 4.435640423127922283e-01 5.360810759564956784e-01 5.345936133449171734e-01
5.419220109439404354e-01 4.160325576936642067e-01 4.813853043205456594e-01 7.241039667243619471e-01 5.319575694297320467e-01 2.315504878481716156e-01 2.492732012475012415e-01 8.558010180990103244e-01 7.397654363463621596e-01 2.234427958215898236e-01 7.453521785096346441e-01 3.073009582547293617e-01 6.405795872048556383e-01 4.190959487467894595e-01 5.355886466378639854e-01 1.350251667352035945e-01 8.597345932788746925e-01 6.362576600328915255e-01 8.283386038920566019e-01 3.220049253243134624e-01 1.342645120199679187e-01 4.803146234439074069e-01 8.353298642996951351e-01 7.176742106451552417e-01 0.000000000000000000e+00 4.687204400525905035e-01 5.606231092218327827e-01 3.403304095895940407e-01 3.786276407709977532e-01 6.279748950997861012e-01 2.928050381773950606e-01 6.781307194892360890e-02 3.999208413297724585e-01 1.623144123822358731e-01 6.900021210599295296e-01
2.029442195639816204e-01 1.292424465490578100e-01 6.911393883708272234e-01 6.452681060308647076e-01 6.994692293484958689e-01 6.366679035920657093e-01 2.824538237758744685e-02 7.768427355780553878e-01 7.521303316238628911e-01 2.645811281365392231e-01 7.968329787437744560e-01 6.854626664793388446e-01 1.680590251070382957e-01 6.223567483761004437e-01 4.995661090813585670e-01 3.564043482468484125e-01 5.267679866228482943e-01 5.628061774553889673e-01 4.000051224964819019e-01 4.504516243376914253e-01 3.709295522792614430e-01 3.528117314030800311e-01 6.578607414475690085e-01 6.235533186905044545e-01 4.687204400525905035e-01 0.000000000000000000e+00 6.163684058925206211e-01 2.798167080933362527e-01 6.574756276290307788e-01 5.271231393631100604e-01 6.312330127291387871e-01 1.543095382295599505e-01 5.757520802685679451e-01 5.283414422503340813e-01 4.735607857857431768e-01
8.306688844883762801e-01 7.895609809371810783e-01 6.498597871286703187e-01 7.997171907206381825e-01 3.424796405097122465e-01 8.320068069754854578e-01 1.228431546219490578e-01 7.767131837184515497e-01 8.387277413835019235e-01 4.739407353391247857e-01 6.136602641160749938e-01 4.411101126385492677e-01 2.084038155959020422e-01 6.769764115721206288e-01 8.912845983659892779e-01 6.252783569029463084e-01 8.156222993562551871e-01 5.982790214193682843e-01 4.520248617725769469e-01 7.736106899345480681e-01 3.648007501696710064e-01 5.133657851101112168e-01 4.329544158687288480e-01 6.535907673629846037e-01 5.606231092218327827e-01 6.163684058925206211e-01 0.000000000000000000e+00 2.967654753146771740e-01 6.011845606576708967e-01 3.023893243956694565e-01 8.132674751816141301e-01 5.363208784447909272e-01 6.456280064630621762e-01 4.815599739267455992e-01 5.529730429657465640e-01
5.319602008347393829e-01 6.508876003194706827e-01 4.348559395274969042e-01 3.216495084822474926e-01 4.982024076704878457e-01 2.264670998043367689e-01 6.783803442015805540e-01 4.174607709002663425e-01 3.055616630949075097e-01 2.782404088224295080e-01 3.446481962381549580e-01 6.374431988918864977e-01 6.640135626817593728e-01 3.953386332767853673e-01 8.322361567774075874e-01 1.226632225524337816e-02 2.067695124456498390e-01 4.393818635057588629e-01 8.038641539247609602e-01 5.563471170330540616e-01 7.221887938533340101e-01 7.027210808165857969e-01 5.151277594524615866e-01 2.369801900917301030e-01 3.403304095895940407e-01 2.798167080933362527e-01 2.967654753146771740e-01 0.000000000000000000e+00 7.770303094145001310e-01 7.760911113388794247e-01 8.098856166886526653e-01 6.949958158235209904e-01 9.164340994091920711e-01 2.942085691695276450e-01 3.830646535139247688e-01
8.293817614693645979e-01 2.331526950014125577e-01 2.551929712416726170e-01 2.913853633296986656e-01 1.767887750585630524e-01 6.150474676027493093e-01 6.975331229282033529e-02 2.606522169401083722e-01 7.226055090197032182e-01 5.812687624320389546e-01 2.290813349394560383e-01 8.405913960535202900e-01 5.767371479399190370e-01 7.717965929508987522e-01 4.718990473175639355e-01 2.053294634419223774e-01 5.530956434152272116e-01 2.624413489300211344e-01 5.472317681366465347e-01 5.492864088943274492e-01 3.581566357525091115e-01 1.663970949227016050e-01 5.452551313870859229e-01 4.551864710582369522e-01 3.786276407709977532e-01 6.574756276290307788e-01 6.011845606576708967e-01 7.770303094145001310e-01 0.000000000000000000e+00 2.368491381957047448e-01 5.431388891299426813e-01 8.445305916251664158e-01 3.411802273663409046e-01 2.617492549096639975e-01 2.848489195112405836e-01
6.037502103920333596e-01 7.320276342774747480e-01 3.888825518041469365e-01 2.470420351221394029e-01 2.907877578570259303e-01 2.455195720591148989e-01 5.389729633041541179e-01 4.578431812198207052e-01 3.282208657946110719e-01 9.262098853793061526e-01 1.517154847058025391e-01 4.790003771843144853e-01 8.831445967087900861e-01 1.776697535911150871e-01 2.011482265567655636e-01 8.797780566660515777e-01 7.343711274815206691e-01 4.856106673325987222e-01 5.344302723831872992e-01 7.945846654746477888e-01 4.439792016509593875e-01 4.295434067664872790e-01 7.437657783188643679e-01 3.819739773785780224e-01 6.279748950997861012e-01 5.271231393631100604e-01 3.023893243956694565e-01 7.760911113388794247e-01 2.368491381957047448e-01 0.000000000000000000e+00 7.913028060328688440e-01 8.400922449500759503e-01 3.822372411356620425e-01 8.685267025824150444e-02 6.551460137706087705e-01
8.969833724115483520e-01 5.758865023802777205e-01 3.409546627527590967e-01 7.613305164671121394e-01 7.866284170963147027e-01 6.084775064435432590e-01 7.466809180569919935e-01 1.376956719311986377e-01 7.086213573892673478e-01 9.376121693851715566e-01 5.787946838873286870e-01 5.063964514165102404e-01 7.081759953873403290e-01 3.371417234731329815e-01 4.700470967470413708e-01 5.520478607913390512e-01 2.167063326182131489e-01 5.322513177973315912e-01 3.675613517296755228e-01 7.304423232584842385e-01 7.091344036975550935e-01 9.635090450272829621e-01 3.431872092528566731e-01 5.550783289092955375e-01 2.928050381773950606e-01 6.312330127291387871e-01 8.132674751816141301e-01 8.098856166886526653e-01 5.431388891299426813e-01 7.913028060328688440e-01 0.000000000000000000e+00 5.516968418065490987e-01 3.172506327455074659e-01 4.310521645893132248e-01 2.079514507938727830e-01
7.610506346583609805e-01 1.295773127281465431e-01 7.638489053763687364e-01 7.096586876400045041e-01 4.599456089368397227e-01 5.778602308585312208e-01 2.597483774645534815e-01 4.768677513471906160e-01 6.455269787762257794e-01 5.492585603427693197e-01 6.161646667227754781e-01 9.215377052922699708e-01 3.897291127317675796e-01 6.669356000863502221e-01 6.280594059142166063e-01 4.757444588943659514e-01 4.712020371741931779e-01 9.231397494236812662e-01 3.508487985299489909e-01 5.300821057742052256e-01 1.718768235318359761e-01 4.636183564970580706e-01 3.918732186240827531e-01 8.407953419393064953e-01 6.781307194892360890e-02 1.543095382295599505e-01 5.363208784447909272e-01 6.949958158235209904e-01 8.445305916251664158e-01 8.400922449500759503e-01 5.516968418065490987e-01 0.000000000000000000e+00 4.914724627300277038e-01 4.530193237894565295e-01 9.205216290751137009e-01
6.060315446901156644e-01 9.061750873659990546e-01 6.779172748162674011e-01 2.525872050304378558e-01 4.467396459076992121e-01 7.124321349217768162e-01 5.638540081743030896e-01 5.264831313356206355e-01 3.810575760769128184e-01 8.742734962447806790e-01 6.489467354925639864e-01 8.151541942135178687e-01 7.851331337431117774e-01 6.291942373221948159e-01 7.087202762950943757e-01 2.112499245382254975e-01 5.973943674176560581e-01 3.894603473618442058e-01 4.385416188956917649e-01 3.552778694328838638e-01 5.698535168990237487e-01 1.383275305892814888e-01 6.041747526910299371e-01 4.435640423127922283e-01 3.999208413297724585e-01 5.757520802685679451e-01 6.456280064630621762e-01 9.164340994091920711e-01 3.411802273663409046e-01 3.822372411356620425e-01 3.172506327455074659e-01 4.914724627300277038e-01 0.000000000000000000e+00 6.105000161623226340e-01 5.219967034034186382e-01
2.553289646375869193e-01 4.391823279781236766e-01 4.052154663270527424e-01 3.360440625011439364e-01 4.661214017424768485e-01 2.655236986820396217e-01 5.787302227972733748e-01 2.989517547479138004e-01 4.922806404499204813e-01 4.602083130651282716e-01 7.160954986094986152e-01 5.845807234669562202e-01 2.033280529787510060e-01 3.744729806610554435e-01 3.230804185469429157e-01 7.589226696798834215e-01 4.953539497223229948e-01 7.946138615681996864e-01 7.702293816745164889e-01 2.099191262792818868e-01 8.269668791265508689e-01 6.587886704582961439e-01 5.019254721174932765e-01 5.360810759564956784e-01 1.623144123822358731e-01 5.283414422503340813e-01 4.815599739267455992e-01 2.942085691695276450e-01 2.617492549096639975e-01 8.685267025824150444e-02 4.310521645893132248e-01 4.530193237894565295e-01 6.105000161623226340e-01 0.000000000000000000e+00 7.880929603815743922e-01
5.643688312204826474e-01 6.776511573433146030e-01 5.930326561799713625e-01 5.187816798977337163e-01 7.654075307779746318e-01 5.561627731363396610e-01 1.876982856425142288e-01 8.000839764770191209e-01 3.326668518672600827e-01 7.943247380132280044e-01 4.627765164550751154e-01 7.203435757747963519e-01 5.586755842804326244e-01 5.524154923073115731e-01 6.840480815767921996e-01 5.131832108396360281e-01 1.900622135613156960e-01 3.129733813781750973e-01 7.732343889585604479e-01 3.428978509015493392e-01 4.002922623169209437e-01 1.980467878199458354e-01 2.834671367260426234e-01 5.345936133449171734e-01 6.900021210599295296e-01 4.735607857857431768e-01 5.529730429657465640e-01 3.830646535139247688e-01 2.848489195112405836e-01 6.551460137706087705e-01 2.079514507938727830e-01 9.205216290751137009e-01 5.219967034034186382e-01 7.880929603815743922e-01 0.000000000000000000e+00
