0.000000000000000000e+00 4.231492875542990362e-01 1.781226968352823126e-01 8.300802556806012866e-01 4.521995594875836133e-01 1.464496305880720328e-01 4.966137375057955716e-01 3.169255128617529671e-01 5.760780194137190557e-01 1.821337818156361643e-01 5.012366933944903957e-01 5.928836590327697387e-01 3.902827622579278510e-01 4.019789315073105662e-01 2.624586806631106217e-01 7.623191751302473840e-01 1.937645599647455086e-01 7.856218177483551557e-01 4.541542052608498747e-01 8.208135425087043080e-01 5.685666531293982473e-01 7.802816531313544468e-01 8.350495479269346433e-01 2.287006693979358740e-01 5.344584814098533032e-01 5.228642393204838701e-01 4.499227400102828733e-01 3.983731363824141725e-01 7.336824698811084122e-01 7.148211900917684769e-01 3.634604135577190753e-02 7.226247825143516934e-02 5.434654008431138994e-01 5.015220676130052180e-01 1.615245980003510717e-01
4.231492875542990362e-01 0.000000000000000000e+00 1.748824374678138449e-01 4.126995999826714723e-01 6.221722563050136046e-01 6.174690198539256603e-01 8.373169031047853483e-01 4.330718851087682619e-01 3.856837536896870477e-01 2.252261822051818685e-01 7.158517679819855761e-01 5.431329337687580416e-01 3.840509697394774991e-01 5.323488328882283183e-01 3.434565864603659757e-01 5.083079196954873868e-01 4.271766424625346170e-01 5.674612752339541766e-01 4.194170749217158156e-01 4.714332935611754150e-01 5.828920998406141862e-01 7.713478332075960342e-01 6.675518275180465366e-01 7.356651511308096580e-01 3.492051247203072917e-01 4.656968282397550007e-01 7.496570652412329894e-01 6.954608065427638763e-01 6.307737956435501836e-01 7.638090820386418400e-01 2.323290576044351186e-01 8.999068253661230976e-01 2.177833705046179347e-01 3.439308112658678862e-01 8.484737584527879406e-01
1.781226968352823126e-01 1.748824374678138449e-01 0.000000000000000000e+00 3.384220847542892541e-01 2.190924851639926008e-01 3.867597770165925875e-01 7.506500159874146538e-01 4.963951344130700938e-01 5.560854874216527577e-01 5.988640566088322403e-01 5.556573734472223247e-01 5.515946851806781126e-01 6.354957328820078910e-01 3.161825436063969708e-01 3.988941716125637971e-01 2.958761286376542232e-01 5.685769403230114261e-01 3.975213652930909558e-01 6.693200153696785559e-01 5.497070094022940001e-01 3.565172703081174177e-01 5.325404194033787064e-01 3.636305254785081043e-01 2.991548749497169313e-01 5.921845610395490844e-01 6.534800057505546489e-01 5.174728134981135819e-01 8.717121124441327140e-01 7.882418035219864727e-01 3.544559748307539726e-01 5.785849458955616420e-01 6.061848364671778011e-01 8.256456231339512897e-01 9.173061242423181660e-01 3.264876814272763550e-01
8.300802556806012866e-01 4.126995999826714723e-01 3.384220847542892541e-01 0.000000000000000000e+00 4.726928481539517946e-01 1.605994525141579699e-01 3.362679308005944723e-01 8.174901029035661626e-01 5.189633635629171682e-01 7.255410340435779482e-01 7.181698203530617608e-01 2.237614996511857468e-01 4.298997491945684146e-01 6.228348191113767252e-01 1.562608634022077947e-01 6.022067418135603756e-01 5.975906658455776288e-01 5.928676457770456487e-01 5.052192511281995424e-01 4.747603750293257763e-01 5.842486943262990007e-01 8.352787102362946303e-02 5.498060946443158459e-01 1.343731431134443932e-01 8.323483098338587682e-01 1.377438975105738095e-01 8.844735026097989561e-01 4.847824565446485212e-01 6.659839419574278274e-01 6.839726494905473686e-01 8.991321721262044431e-01 7.539928041329255759e-01 4.198438267506241495e-01 5.902815249162024491e-01 8.127777941697038600e-01
4.521995594875836133e-01 6.221722563050136046e-01 2.190924851639926008e-01 4.726928481539517946e-01 0.000000000000000000e+00 2.441660045152062031e-01 5.223476033923519779e-01 3.784456168461631798e-01 5.670711491630635592e-01 4.733643636444064828e-01 5.808409698513457009e-01 9.416281689951844225e-01 6.047106944147137009e-01 4.661392063822691334e-01 9.985810034712871985e-02 5.148650006178789873e-01 5.564931453778001469e-01 3.861647466022083419e-01 8.100391705376311924e-01 6.476457429349191663e-01 5.264529395841230919e-01 3.514442587550483665e-01 3.953482320823312746e-01 8.471840066891702659e-01 6.822157780241040470e-01 6.217880552646928294e-01 1.991477937389763420e-01 5.531777820702699078e-01 5.505708346157480726e-01 5.028131075051964771e-01 5.462491512454132891e-01 5.366807659823742416e-01 6.198947478980325609e-01 7.817889833791897836e-01 5.573066749928847763e-01
1.464496305880720328e-01 6.174690198539256603e-01 3.867597770165925875e-01 1.605994525141579699e-01 2.441660045152062031e-01 0.000000000000000000e+00 3.577449640021406196e-01 7.856862615118263005e-01 3.087420668746289620e-01 7.429943007101840191e-01 9.020489783232517045e-01 4.558144559484971770e-01 4.723466081719079890e-01 4.387508962642907573e-01 6.911611706222161589e-01 1.784929145612110801e-01 2.981823420954011761e-01 9.315178762690839998e-01 5.928984605955838205e-01 4.163361826776282859e-01 2.862848712251464534e-01 7.387252211121999590e-01 6.664085607940721800e-01 8.641903576308362922e-01 6.314985851252923332e-01 8.365045527736491016e-01 7.192622125207481787e-01 6.380713834841754695e-01 2.805856391096280822e-01 3.652682017519657265e-01 2.145347070152431868e-01 8.423434481984664046e-01 2.850646401506852223e-01 9.413732047144129922e-01 2.096290968930604737e-01
4.966137375057955716e-01 8.373169031047853483e-01 7.506500159874146538e-01 3.362679308005944723e-01 5.223476033923519779e-01 3.577449640021406196e-01 0.000000000000000000e+00 2.713123400252286932e-01 3.356801520695098517e-01 5.754677269844099552e-01 6.013515602627682588e-01 2.353960595465157679e-01 6.544387016168193849e-01 4.892028012129346903e-01 5.896048319937499116e-01 7.694067386439995548e-01 4.649950493043724098e-01 2.950639045452781994e-01 5.972806166748035883e-01 7.040091054894834777e-01 6.750311689692067851e-02 6.131862428960859202e-01 8.079566529206513303e-01 5.954108978337067093e-01 6.065286117605372951e-02 8.344325838874505630e-01 2.870257928039605666e-01 7.186649855073117266e-01 8.014771088505687757e-01 4.642878801360207364e-01 6.209900431511707897e-01 3.674212836412013017e-01 1.817874922384643543e-01 1.971015289377726631e-01 1.444475894786496628e-01
3.169255128617529671e-01 4.330718851087682619e-01 4.963951344130700938e-01 8.174901029035661626e-01 3.784456168461631798e-01 7.856862615118263005e-01 2.713123400252286932e-01 0.000000000000000000e+00 5.123478254940185828e-01 6.302097359014318112e-01 1.977525404114010010e-01 9.501032885943139217e-01 2.369544198836205373e-01 2.931736558386723868e-01 7.559382167381019091e-01 6.595648476624211831e-01 1.893383365224908799e-01 2.998750920149826360e-01 4.823019121297192346e-01 5.434195233650216394e-01 5.307782000182272863e-01 6.880455783079291177e-01 5.588376532985439571e-01 6.826695671286893141e-01 6.105936300232446268e-01 6.586190929619240020e-01 8.990993604402393036e-01 4.736784058912302253e-01 6.390116360237851900e-02 5.934364447094515604e-01 5.725057039176633111e-01 6.437122909157627637e-01 2.165614022530479854e-01 7.749836111448876741e-01 2.753347513610697739e-01
5.760780194137190557e-01 3.856837536896870477e-01 5.560854874216527577e-01 5.189633635629171682e-01 5.670711491630635592e-01 3.087420668746289620e-01 3.356801520695098517e-01 5.123478254940185828e-01 0.000000000000000000e+00 6.102503748899493763e-01 8.871921605703928515e-01 6.243131223589424295e-01 7.105932590583977637e-01 5.737314977076632960e-01 4.702815044290183932e-01 4.718437935711520814e-01 4.281329981731941681e-01 7.273225334246424811e-01 5.403784070516179927e-01 8.097290144087423425e-01 1.056924170001029006e-01 5.547784675721156855e-01 6.968116694603840866e-01 3.808887351066018168e-01 3.676389939361296433e-01 5.152790311516667332e-01 3.807949132229227485e-01 2.689652235061914531e-01 1.802257710958877768e-01 4.229968623265502048e-01 8.099875279707493547e-01 2.344278885132288215e-01 7.220695557084243488e-01 7.851084740053482225e-01 5.045466637770589236e-01
1.821337818156361643e-01 2.252261822051818685e-01 5.988640566088322403e-01 7.255410340435779482e-01 4.733643636444064828e-01 7.429943007101840191e-01 5.754677269844099552e-01 6.302097359014318112e-01 6.102503748899493763e-01 0.000000000000000000e+00 4.425163831303242645e-01 6.943287123897965429e-01 6.364854971703933773e-01 4.883473919774629080e-01 5.612243684243374275e-01 5.687456114003672791e-01 4.298552053384955829e-01 9.715522516196513081e-01 3.896342095844396725e-01 6.575137721746404651e-02 7.190986286993872323e-01 2.428751698274875803e-01 3.293229164812689902e-01 5.487456553213914123e-01 8.378161777089432327e-02 4.327542044862104920e-01 4.499394385713637590e-01 3.622241849033012162e-01 9.279554453384329937e-01 5.471435044005694692e-01 5.376319824547091120e-01 3.061305555042524995e-01 6.677306589760618749e-01 8.906562436644533953e-01 7.617596496372180948e-01
5.012366933944903957e-01 7.158517679819855761e-01 5.556573734472223247e-01 7.181698203530617608e-01 5.808409698513457009e-01 9.020489783232517045e-01 6.013515602627682588e-01 1.977525404114010010e-01 8.871921605703928515e-01 4.425163831303242645e-01 0.000000000000000000e+00 1.743990275070794738e-01 2.400659812210005351e-01 4.920864308692504130e-01 7.769080371153338493e-01 4.733579934915734255e-01 7.282485692554606649e-01 3.543821291218637315e-01 5.262883343180886353e-01 6.367136208849069057e-01 5.561863075883571872e-01 4.368600621348176505e-01 8.378892018584516155e-02 1.202866359025532850e-01 1.042261123028423997e-01 5.029574861964349886e-01 2.720335493379062441e-01 5.667828754782711087e-01 5.556654395396357637e-01 4.017535250907624533e-01 4.532771222901443853e-01 2.824943974854280948e-01 6.886617677742268295e-01 5.422233767756531320e-01 5.058144802550278429e-01
5.928836590327697387e-01 5.431329337687580416e-01 5.515946851806781126e-01 2.237614996511857468e-01 9.416281689951844225e-01 4.558144559484971770e-01 2.353960595465157679e-01 9.501032885943139217e-01 6.243131223589424295e-01 6.943287123897965429e-01 1.743990275070794738e-01 0.000000000000000000e+00 6.377205637513009284e-01 3.948990032735739675e-01 3.173475631433598787e-01 1.916857506077835893e-01 6.101933856045738125e-01 5.084702384269323971e-02 2.947127962681374003e-01 2.205926871026945291e-01 6.295732976158546768e-01 4.869392582963560923e-01 1.678175896428336644e-01 3.503872703950382528e-01 5.363046445366774773e-01 6.077386979029628655e-01 3.708881934183030915e-01 3.895502056736326324e-01 3.090512264701030798e-01 2.509854791581487277e-01 3.228374449683057423e-01 8.444344784673929460e-01 9.328601697718303942e-01 2.954069882096850841e-01 5.080757951438981124e-01
3.902827622579278510e-01 3.840509697394774991e-01 6.354957328820078910e-01 4.298997491945684146e-01 6.047106944147137009e-01 4.723466081719079890e-01 6.544387016168193849e-01 2.369544198836205373e-01 7.105932590583977637e-01 6.364854971703933773e-01 2.400659812210005351e-01 6.377205637513009284e-01 0.000000000000000000e+00 7.132937149336227023e-01 3.975785670287090845e-01 6.075855137326627853e-01 7.809137893788096196e-01 8.888441144693739471e-01 4.967695951124328491e-01 4.048096358537074946e-01 8.873595923109629524e-01 6.552676746049110879e-01 4.637326033078740251e-01 7.151468345195246545e-01 5.860896485140180134e-01 6.058678769440132283e-01 3.670530681947303808e-01 4.397930918527299116e-01 6.466108260068671454e-01 4.778235018894054775e-01 5.371811765091393243e-01 5.676004777926614286e-01 5.931618813905012999e-01 2.129795176160258485e-01 7.154447358797990653e-01
4.019789315073105662e-01 5.323488328882283183e-01 3.161825436063969708e-01 6.228348191113767252e-01 4.661392063822691334e-01 4.387508962642907573e-01 4.892028012129346903e-01 2.931736558386723868e-01 5.737314977076632960e-01 4.883473919774629080e-01 4.920864308692504130e-01 3.948990032735739675e-01 7.132937149336227023e-01 0.000000000000000000e+00 4.385943435253162326e-01 6.151569096919360380e-01 6.772114508176863001e-01 6.598272545488553797e-01 4.771841425552583171e-01 8.185140396183010481e-02 5.124953771461029373e-01 3.307296736444311769e-01 3.721999605580595949e-01 2.605674591720646971e-01 4.626120052005054939e-01 8.238667582518699462e-01 1.084742723642629914e-01 8.042491395880052574e-01 3.307269413685735571e-01 9.343108407972382512e-01 7.524687102526096405e-01 2.893366223344897015e-01 8.791647601223760988e-01 6.193431131495005237e-01 9.172324257839774564e-01
2.624586806631106217e-01 3.434565864603659757e-01 3.988941716125637971e-01 1.562608634022077947e-01 9.985810034712871985e-02 6.911611706222161589e-01 5.896048319937499116e-01 7.559382167381019091e-01 4.702815044290183932e-01 5.612243684243374275e-01 7.769080371153338493e-01 3.173475631433598787e-01 3.975785670287090845e-01 4.385943435253162326e-01 0.000000000000000000e+00 8.258847153425750154e-01 3.318073576964978288e-01 2.783676714543644182e-01 5.257638909495744306e-01 4.929141190761487934e-01 6.148621203010593561e-01 3.893962507754893387e-01 8.608375432719570508e-01 7.315200091846038033e-01 8.696975050697717258e-01 9.343631785090349418e-01 2.085289257933928830e-01 2.080437998781574649e-01 6.842811885696072904e-01 6.380393694644146407e-01 5.181174289422609824e-01 1.117735898058525024e-01 5.693628366552083708e-01 9.260002417327567459e-01 6.060683447976370486e-01
7.623191751302473840e-01 5.083079196954873868e-01 2.958761286376542232e-01 6.022067418135603756e-01 5.148650006178789873e-01 1.784929145612110801e-01 7.694067386439995548e-01 6.595648476624211831e-01 4.718437935711520814e-01 5.687456114003672791e-01 4.733579934915734255e-01 1.916857506077835893e-01 6.075855137326627853e-01 6.151569096919360380e-01 8.258847153425750154e-01 0.000000000000000000e+00 5.392270828369866154e-01 5.479982645565721899e-01 6.190412030974704605e-01 5.301867712709887881e-01 5.970428958884221871e-01 4.426018389714422852e-01 7.220724511802336654e-01 5.095645057968929414e-01 5.757896513125020377e-01 8.526685893036178854e-01 4.340623231402804816e-01 6.147401217620672709e-01 4.957651365156120482e-01 8.856403591745738435e-01 3.752174468140608843e-01 5.729890502192144242e-01 8.728384216326569023e-01 6.789805381239553128e-01 4.257274819746942329e-01
1.937645599647455086e-01 4.271766424625346170e-01 5.685769403230114261e-01 5.975906658455776288e-01 5.564931453778001469e-01 2.981823420954011761e-01 4.649950493043724098e-01 1.893383365224908799e-01 4.281329981731941681e-01 4.298552053384955829e-01 7.282485692554606649e-01 6.101933856045738125e-01 7.809137893788096196e-01 6.772114508176863001e-01 3.318073576964978288e-01 5.392270828369866154e-01 0.000000000000000000e+00 8.404132519504348142e-02 3.874211141047222418e-01 5.763208157559418510e-01 2.886801325248367078e-01 4.470682428701661104e-01 3.477096901253784456e-01 4.300848487766795181e-01 5.796098470651194212e-01 7.569498508707787066e-01 7.295328429143423943e-01 2.144319748492518052e-01 4.680668431578335897e-01 8.660380129084108702e-01 5.189899697510705900e-01 2.607431473403744038e-01 3.596598006656900326e-01 4.338388624722994136e-01 6.027369217050588812e-01
7.856218177483551557e-01 5.674612752339541766e-01 3.975213652930909558e-01 5.928676457770456487e-01 3.861647466022083419e-01 9.315178762690839998e-01 2.950639045452781994e-01 2.998750920149826360e-01 7.273225334246424811e-01 9.715522516196513081e-01 3.543821291218637315e-01 5.084702384269323971e-02 8.888441144693739471e-01 6.598272545488553797e-01 2.783676714543644182e-01 5.479982645565721899e-01 8.404132519504348142e-02 0.000000000000000000e+00 3.097813372378019903e-01 6.118046995831363244e-01 2.345700102952916755e-01 2.986718743650009777e-01 7.565633044497138693e-01 3.268752752504379133e-01 1.094254408967706427e-01 3.326033184407923837e-01 2.091620667161894209e-01 4.635142836025633040e-01 5.314358612576766117e-01 2.643212003720658565e-01 6.330363575992773439e-01 1.840311530524514350e-01 9.443474540528622452e-01 9.543994752452655828e-01 6.376206017271653925e-01
4.541542052608498747e-01 4.194170749217158156e-01 6.693200153696785559e-01 5.052192511281995424e-01 8.100391705376311924e-01 5.928984605955838205e-01 5.972806166748035883e-01 4.823019121297192346e-01 5.403784070516179927e-01 3.896342095844396725e-01 5.262883343180886353e-01 2.947127962681374003e-01 4.967695951124328491e-01 4.771841425552583171e-01 5.257638909495744306e-01 6.190412030974704605e-01 3.874211141047222418e-01 3.097813372378019903e-01 0.000000000000000000e+00 4.530507226441350399e-01 8.427482033725908206e-02 5.013798831094076203e-01 7.982101857758572283e-01 7.059410251861235608e-01 5.616914648864654858e-01 4.213653483472269423e-01 7.913512310809688310e-01 4.999010513955631230e-01 3.155061329702526507e-01 6.196242239150586695e-01 5.304564506362420273e-01 1.489994248445686287e-01 5.611773004486430017e-01 4.392470253001923286e-01 3.213500082995203178e-01
8.208135425087043080e-01 4.714332935611754150e-01 5.497070094022940001e-01 4.747603750293257763e-01 6.476457429349191663e-01 4.163361826776282859e-01 7.040091054894834777e-01 5.434195233650216394e-01 8.097290144087423425e-01 6.575137721746404651e-02 6.367136208849069057e-01 2.205926871026945291e-01 4.048096358537074946e-01 8.185140396183010481e-02 4.929141190761487934e-01 5.301867712709887881e-01 5.763208157559418510e-01 6.118046995831363244e-01 4.530507226441350399e-01 0.000000000000000000e+00 7.537724078985226228e-01 3.600074316009381770e-01 3.153622386906553832e-01 8.768536008349274713e-01 3.052000822413167280e-01 5.335089183062400320e-01 9.464401837571279064e-01 9.288236619177040465e-01 6.736494803710431079e-01 5.983240526745411403e-01 3.303715378912447376e-01 2.104867431462708049e-01 9.770921541151813550e-01 6.482590782427077869e-01 1.325742161783552975e-01
5.685666531293982473e-01 5.828920998406141862e-01 3.565172703081174177e-01 5.842486943262990007e-01 5.264529395841230919e-01 2.862848712251464534e-01 6.750311689692067851e-02 5.307782000182272863e-01 1.056924170001029006e-01 7.190986286993872323e-01 5.561863075883571872e-01 6.295732976158546768e-01 8.873595923109629524e-01 5.124953771461029373e-01 6.148621203010593561e-01 5.970428958884221871e-01 2.886801325248367078e-01 2.345700102952916755e-01 8.427482033725908206e-02 7.537724078985226228e-01 0.000000000000000000e+00 2.708645543930103816e-01 6.763622021624150493e-01 7.993925698076032038e-01 8.067500184270339769e-01 5.839093477130536947e-01 6.396976550207461587e-01 3.677258208327543465e-01 4.797338519622156849e-01 6.548972485001854915e-01 7.607664941054153029e-01 1.331340553272970517e-01 2.292980271671851700e-01 2.940760793490384550e-01 4.780635312015205085e-01
7.802816531313544468e-01 7.713478332075960342e-01 5.325404194033787064e-01 8.352787102362946303e-02 3.514442587550483665e-01 7.387252211121999590e-01 6.131862428960859202e-01 6.880455783079291177e-01 5.547784675721156855e-01 2.428751698274875803e-01 4.368600621348176505e-01 4.869392582963560923e-01 6.552676746049110879e-01 3.307296736444311769e-01 3.893962507754893387e-01 4.426018389714422852e-01 4.470682428701661104e-01 2.986718743650009777e-01 5.013798831094076203e-01 3.600074316009381770e-01 2.708645543930103816e-01 0.000000000000000000e+00 7.186548428610288752e-01 4.312263991849293876e-01 5.030946325880351067e-01 1.394286214252440370e-01 6.878632768301591316e-01 6.352312333136479472e-01 4.460110544074772365e-01 7.733501869313195165e-01 4.515950080381754828e-01 2.474464697112864764e-01 4.132474772274314367e-01 5.149826692143473217e-01 5.888668847742040136e-01
8.350495479269346433e-01 6.675518275180465366e-01 3.636305254785081043e-01 5.498060946443158459e-01 3.953482320823312746e-01 6.664085607940721800e-01 8.079566529206513303e-01 5.588376532985439571e-01 6.968116694603840866e-01 3.293229164812689902e-01 8.378892018584516155e-02 1.678175896428336644e-01 4.637326033078740251e-01 3.721999605580595949e-01 8.608375432719570508e-01 7.220724511802336654e-01 3.477096901253784456e-01 7.565633044497138693e-01 7.982101857758572283e-01 3.153622386906553832e-01 6.763622021624150493e-01 7.186548428610288752e-01 0.000000000000000000e+00 5.862534379078392366e-01 1.770376282630252707e-01 9.872275458435026962e-01 7.160968383156829375e-01 4.700028937726398737e-01 1.670485335651258341e-01 5.893711510256779418e-01 3.955073810298271875e-01 8.292422196769513310e-01 5.783507007365972230e-01 7.856687652848670655e-01 3.890442062616842334e-01
2.287006693979358740e-01 7.356651511308096580e-01 2.991548749497169313e-01 1.343731431134443932e-01 8.471840066891702659e-01 8.641903576308362922e-01 5.954108978337067093e-01 6.826695671286893141e-01 3.808887351066018168e-01 5.487456553213914123e-01 1.202866359025532850e-01 3.503872703950382528e-01 7.151468345195246545e-01 2.605674591720646971e-01 7.315200091846038033e-01 5.095645057968929414e-01 4.300848487766795181e-01 3.268752752504379133e-01 7.059410251861235608e-01 8.768536008349274713e-01 7.993925698076032038e-01 4.312263991849293876e-01 5.862534379078392366e-01 0.000000000000000000e+00 3.786324447312030550e-01 1.119724074617434173e-01 8.044092826980413502e-01 3.486548944621589152e-01 5.196618181943724046e-02 4.438418033842368438e-01 2.666819074534988454e-01 5.015167036169179138e-01 5.344994769198572193e-01 6.500923723693573519e-01 2.939407411677711357e-01
5.344584814098533032e-01 3.492051247203072917e-01 5.921845610395490844e-01 8.323483098338587682e-01 6.822157780241040470e-01 6.314985851252923332e-01 6.065286117605372951e-02 6.105936300232446268e-01 3.676389939361296433e-01 8.378161777089432327e-02 1.042261123028423997e-01 5.363046445366774773e-01 5.860896485140180134e-01 4.626120052005054939e-01 8.696975050697717258e-01 5.757896513125020377e-01 5.796098470651194212e-01 1.094254408967706427e-01 5.616914648864654858e-01 3.052000822413167280e-01 8.067500184270339769e-01 5.030946325880351067e-01 1.770376282630252707e-01 3.786324447312030550e-01 0.000000000000000000e+00 8.088049652575909354e-01 6.559948487314350984e-01 5.410086058749610238e-01 5.362566632151544166e-01 7.220765321306448215e-01 9.119737466785484692e-01 7.457717749570775823e-01 5.223470777128642606e-01 5.502878047854502519e-01 7.007532266308682534e-01
5.228642393204838701e-01 4.656968282397550007e-01 6.534800057505546489e-01 1.377438975105738095e-01 6.217880552646928294e-01 8.365045527736491016e-01 8.344325838874505630e-01 6.586190929619240020e-01 5.152790311516667332e-01 4.327542044862104920e-01 5.029574861964349886e-01 6.077386979029628655e-01 6.058678769440132283e-01 8.238667582518699462e-01 9.343631785090349418e-01 8.526685893036178854e-01 7.569498508707787066e-01 3.326033184407923837e-01 4.213653483472269423e-01 5.335089183062400320e-01 5.839093477130536947e-01 1.394286214252440370e-01 9.872275458435026962e-01 1.119724074617434173e-01 8.088049652575909354e-01 0.000000000000000000e+00 2.594206846264115462e-01 4.855805287667123160e-01 6.428688100412702777e-01 6.528751015447145090e-01 4.282449617264915132e-01 4.649244953589140583e-01 5.747722945011508600e-01 1.527540346956405282e-01 6.936100257035449079e-01
4.499227400102828733e-01 7.496570652412329894e-01 5.174728134981135819e-01 8.844735026097989561e-01 1.991477937389763420e-01 7.192622125207481787e-01 2.870257928039605666e-01 8.990993604402393036e-01 3.807949132229227485e-01 4.499394385713637590e-01 2.720335493379062441e-01 3.708881934183030915e-01 3.670530681947303808e-01 1.084742723642629914e-01 2.085289257933928830e-01 4.340623231402804816e-01 7.295328429143423943e-01 2.091620667161894209e-01 7.913512310809688310e-01 9.464401837571279064e-01 6.396976550207461587e-01 6.878632768301591316e-01 7.160968383156829375e-01 8.044092826980413502e-01 6.559948487314350984e-01 2.594206846264115462e-01 0.000000000000000000e+00 7.050934265541262125e-01 3.487231557911423252e-01 6.055894658488584215e-01 5.826554175908382760e-01 2.538907579347668420e-01 6.224662335348327691e-01 7.439903446145589294e-01 3.307559376005007046e-01
3.983731363824141725e-01 6.954608065427638763e-01 8.717121124441327140e-01 4.847824565446485212e-01 5.531777820702699078e-01 6.380713834841754695e-01 7.186649855073117266e-01 4.736784058912302253e-01 2.689652235061914531e-01 3.622241849033012162e-01 5.667828754782711087e-01 3.895502056736326324e-01 4.397930918527299116e-01 8.042491395880052574e-01 2.080437998781574649e-01 6.147401217620672709e-01 2.144319748492518052e-01 4.635142836025633040e-01 4.999010513955631230e-01 9.288236619177040465e-01 3.677258208327543465e-01 6.352312333136479472e-01 4.700028937726398737e-01 3.486548944621589152e-01 5.410086058749610238e-01 4.855805287667123160e-01 7.050934265541262125e-01 0.000000000000000000e+00 6.080953584081565388e-01 5.119458207078452228e-01 6.794074121992280668e-01 5.556527471781717020e-01 4.783476041855130312e-01 9.035863108097152985e-01 4.702290364009429902e-01
7.336824698811084122e-01 6.307737956435501836e-01 7.882418035219864727e-01 6.659839419574278274e-01 5.505708346157480726e-01 2.805856391096280822e-01 8.014771088505687757e-01 6.390116360237851900e-02 1.802257710958877768e-01 9.279554453384329937e-01 5.556654395396357637e-01 3.090512264701030798e-01 6.466108260068671454e-01 3.307269413685735571e-01 6.842811885696072904e-01 4.957651365156120482e-01 4.680668431578335897e-01 5.314358612576766117e-01 3.155061329702526507e-01 6.736494803710431079e-01 4.797338519622156849e-01 4.460110544074772365e-01 1.670485335651258341e-01 5.196618181943724046e-02 5.362566632151544166e-01 6.428688100412702777e-01 3.487231557911423252e-01 6.080953584081565388e-01 0.000000000000000000e+00 4.274575692470750643e-01 2.475003207691485740e-01 6.756901472815703968e-01 4.923925436565421143e-01 2.743092264691349147e-02 6.116178023350211657e-01
7.148211900917684769e-01 7.638090820386418400e-01 3.544559748307539726e-01 6.839726494905473686e-01 5.028131075051964771e-01 3.652682017519657265e-01 4.642878801360207364e-01 5.934364447094515604e-01 4.229968623265502048e-01 5.471435044005694692e-01 4.017535250907624533e-01 2.509854791581487277e-01 4.778235018894054775e-01 9.343108407972382512e-01 6.380393694644146407e-01 8.856403591745738435e-01 8.660380129084108702e-01 2.643212003720658565e-01 6.196242239150586695e-01 5.983240526745411403e-01 6.548972485001854915e-01 7.733501869313195165e-01 5.893711510256779418e-01 4.438418033842368438e-01 7.220765321306448215e-01 6.528751015447145090e-01 6.055894658488584215e-01 5.119458207078452228e-01 4.274575692470750643e-01 0.000000000000000000e+00 8.506499222640455660e-01 6.189510365071505538e-01 7.614370665197452981e-01 6.544345510738671656e-01 6.140787352503207508e-01
3.634604135577190753e-02 2.323290576044351186e-01 5.785849458955616420e-01 8.991321721262044431e-01 5.462491512454132891e-01 2.145347070152431868e-01 6.209900431511707897e-01 5.725057039176633111e-01 8.099875279707493547e-01 5.376319824547091120e-01 4.532771222901443853e-01 3.228374449683057423e-01 5.371811765091393243e-01 7.524687102526096405e-01 5.181174289422609824e-01 3.752174468140608843e-01 5.189899697510705900e-01 6.330363575992773439e-01 5.304564506362420273e-01 3.303715378912447376e-01 7.607664941054153029e-01 4.515950080381754828e-01 3.955073810298271875e-01 2.666819074534988454e-01 9.119737466785484692e-01 4.282449617264915132e-01 5.826554175908382760e-01 6.794074121992280668e-01 2.475003207691485740e-01 8.506499222640455660e-01 0.000000000000000000e+00 5.141581649072652915e-01 7.607536291317380517e-01 7.293583411973082464e-01 7.144650944094854683e-01
7.226247825143516934e-02 8.999068253661230976e-01 6.061848364671778011e-01 7.539928041329255759e-01 5.366807659823742416e-01 8.423434481984664046e-01 3.674212836412013017e-01 6.437122909157627637e-01 2.344278885132288215e-01 3.061305555042524995e-01 2.824943974854280948e-01 8.444344784673929460e-01 5.676004777926614286e-01 2.893366223344897015e-01 1.117735898058525024e-01 5.729890502192144242e-01 2.607431473403744038e-01 1.840311530524514350e-01 1.489994248445686287e-01 2.104867431462708049e-01 1.331340553272970517e-01 2.474464697112864764e-01 8.292422196769513310e-01 5.015167036169179138e-01 7.457717749570775823e-01 4.649244953589140583e-01 2.538907579347668420e-01 5.556527471781717020e-01 6.756901472815703968e-01 6.189510365071505538e-01 5.141581649072652915e-01 0.000000000000000000e+00 5.316355761024400550e-01 8.323121205327053129e-01 8.193358883217696231e-01
5.434654008431138994e-01 2.177833705046179347e-01 8.256456231339512897e-01 4.198438267506241495e-01 6.198947478980325609e-01 2.850646401506852223e-01 1.817874922384643543e-01 2.165614022530479854e-01 7.220695557084243488e-01 6.677306589760618749e-01 6.886617677742268295e-01 9.328601697718303942e-01 5.931618813905012999e-01 8.791647601223760988e-01 5.693628366552083708e-01 8.728384216326569023e-01 3.596598006656900326e-01 9.443474540528622452e-01 5.611773004486430017e-01 9.770921541151813550e-01 2.292980271671851700e-01 4.132474772274314367e-01 5.783507007365972230e-01 5.344994769198572193e-01 5.223470777128642606e-01 5.747722945011508600e-01 6.224662335348327691e-01 4.783476041855130312e-01 4.923925436565421143e-01 7.614370665197452981e-01 7.607536291317380517e-01 5.316355761024400550e-01 0.000000000000000000e+00 1.200980663771891166e-01 4.811294443934002185e-01
5.015220676130052180e-01 3.439308112658678862e-01 9.173061242423181660e-01 5.902815249162024491e-01 7.817889833791897836e-01 9.413732047144129922e-01 1.971015289377726631e-01 7.749836111448876741e-01 7.851084740053482225e-01 8.906562436644533953e-01 5.422233767756531320e-01 2.954069882096850841e-01 2.129795176160258485e-01 6.193431131495005237e-01 9.260002417327567459e-01 6.789805381239553128e-01 4.338388624722994136e-01 9.543994752452655828e-01 4.392470253001923286e-01 6.482590782427077869e-01 2.940760793490384550e-01 5.149826692143473217e-01 7.856687652848670655e-01 6.500923723693573519e-01 5.502878047854502519e-01 1.527540346956405282e-01 7.439903446145589294e-01 9.035863108097152985e-01 2.743092264691349147e-02 6.544345510738671656e-01 7.293583411973082464e-01 8.323121205327053129e-01 1.200980663771891166e-01 0.000000000000000000e+00 5.572413675690834900e-01
1.615245980003510717e-01 8.484737584527879406e-01 3.264876814272763550e-01 8.127777941697038600e-01 5.573066749928847763e-01 2.096290968930604737e-01 1.444475894786496628e-01 2.753347513610697739e-01 5.045466637770589236e-01 7.617596496372180948e-01 5.058144802550278429e-01 5.080757951438981124e-01 7.154447358797990653e-01 9.172324257839774564e-01 6.060683447976370486e-01 4.257274819746942329e-01 6.027369217050588812e-01 6.376206017271653925e-01 3.213500082995203178e-01 1.325742161783552975e-01 4.780635312015205085e-01 5.888668847742040136e-01 3.890442062616842334e-01 2.939407411677711357e-01 7.007532266308682534e-01 6.936100257035449079e-01 3.307559376005007046e-01 4.702290364009429902e-01 6.116178023350211657e-01 6.140787352503207508e-01 7.144650944094854683e-01 8.193358883217696231e-01 4.811294443934002185e-01 5.572413675690834900e-01 0.000000000000000000e+00
