0.000000000000000000e+00 5.122826341849672227e-01 9.170096426073711671e-01 7.062188536702243002e-01 3.009816242284714116e-01 3.132710223106494052e-01 3.622242756960802335e-01 4.874390516018390906e-01 8.256716427515435885e-01 3.777681945793844864e-01 4.540678762689237535e-01 6.723634283983483950e-01 1.863396529971338422e-01 3.141515108540151591e-01 4.729801832988964061e-01 4.987346622600477009e-01 3.698931897116305434e-01 3.637227522294673721e-01 5.586229522556519500e-01 5.451926582023913781e-01 4.276064116207980437e-01 2.235488334888224848e-01 7.686024238527042751e-01 3.937042837255800842e-01 4.996491364351975939e-01 3.487580518764380466e-01 3.428736256593766241e-01 7.383593303820488174e-01 1.140978427059341493e-01 4.731623404067850647e-01 5.397871487218707243e-01 5.301148618064155382e-01 2.800823333054649478e-01 4.178708482675905223e-01 4.177954325416194381e-01
5.122826341849672227e-01 0.000000000000000000e+00 3.391437710122360838e-01 3.429985058563189693e-01 3.597832140323375949e-01 8.670716330461689658e-01 8.855071505571983081e-01 2.186344193727660645e-01 7.277868781013612232e-01 4.418258656880340585e-01 8.035005542443727222e-01 5.868903575061821254e-01 8.499715259269543521e-01 8.729885259717933277e-01 5.134383521143970341e-01 7.411803494238273782e-01 6.495771979854052525e-01 5.852957908953025923e-01 2.929597626460053172e-01 7.039354177010247460e-01 3.073980488323102556e-01 4.524166593307488715e-01 3.224153210103178901e-01 4.355464291095556550e-01 3.376617365671449322e-01 2.295459029772737303e-01 4.230957390867369217e-01 6.842224124789071382e-01 6.133931732014263893e-01 2.982294031946951529e-01 7.188712865981319311e-01 3.898458052479583102e-01 6.059590721530931923e-01 8.803752175981549577e-01 4.462869123026456109e-01
9.170096426073711671e-01 3.391437710122360838e-01 0.000000000000000000e+00 4.366311026024216613e-01 4.017448916082063670e-01 8.029943850887051315e-01 3.952797724691279324e-01 3.776505190983843185e-01 4.063571349482322237e-01 5.193197977782050279e-01 4.562161661197610130e-01 1.238798046766305117e-01 8.139788310732489762e-01 5.284004546870106900e-01 3.549569866115412919e-01 8.554004312363421292e-01 4.993742725937622695e-01 4.659730104953382357e-01 8.705652165735249248e-01 9.235856666764074019e-01 5.220253627300941446e-01 5.409647897191419696e-01 6.547652192293701434e-01 7.690661089262135208e-01 6.488455083793364109e-01 6.604343437040739451e-01 3.477135159634652251e-01 4.922867684232272723e-01 3.493242025446803845e-01 6.673686235110474207e-01 8.977956035296583703e-01 3.636304090217700180e-01 3.521773116864966302e-01 6.834258539112698649e-01 7.932075024657789797e-01
7.062188536702243002e-01 3.429985058563189693e-01 4.366311026024216613e-01 0.000000000000000000e+00 3.038581095869545279e-01 6.259666877136116359e-01 9.168070542384634258e-01 3.973767262448224535e-01 7.582809186087862141e-01 3.628299638407216365e-01 5.294862863206364345e-01 4.812742725156279877e-01 4.023072373226900811e-01 4.348051452418011387e-01 2.825683677033806185e-01 8.256749238563452220e-01 7.428633994362673354e-01 7.683385608207846662e-01 2.127442383740868470e-01 6.984514310078207000e-01 6.944816996143863275e-01 1.694683958732966511e-01 8.334444149348225750e-01 5.093548888550545328e-01 7.273292617683799755e-01 3.475658820836045049e-01 9.033143771444636094e-01 7.761188219998234050e-01 7.336719214036337977e-01 3.758890667059147095e-01 4.853549558809674980e-01 7.167586659608741195e-01 8.132650522693720685e-01 8.719005246749287341e-01 5.770601602864189328e-01
3.009816242284714116e-01 3.597832140323375949e-01 4.017448916082063670e-01 3.038581095869545279e-01 0.000000000000000000e+00 4.811823333623643784e-01 5.098655134996386007e-01 3.137683836787171776e-01 7.974694639720953937e-01 4.871690561968890498e-01 1.170985298726472390e-01 4.518298616193133221e-01 5.329537463751136128e-01 7.523613343535338061e-01 2.481031016885014429e-01 6.539451678663537049e-01 4.023614734901497791e-01 5.588017474115538619e-01 5.772968202063917253e-01 4.922177477473354545e-01 9.182352342712920557e-01 4.568958446196179635e-01 4.412308415474315293e-01 9.568112121064065168e-01 1.784809359200488776e-01 8.169437245620696508e-01 8.285029377642443293e-01 7.193619700969205999e-01 3.315430642104428838e-01 7.109901810687950796e-01 4.171793470815184923e-01 9.192511335429867092e-01 1.195060849293395622e-01 3.336622008944547524e-01 5.730455427994918249e-01
3.132710223106494052e-01 8.670716330461689658e-01 8.029943850887051315e-01 6.259666877136116359e-01 4.811823333623643784e-01 0.000000000000000000e+00 4.490922814589010659e-01 4.487119151871704625e-01 4.487282377925135846e-01 2.979208518231789560e-01 2.647155850701455870e-01 6.311990910941081001e-01 3.966364678181005798e-01 3.314438693499965893e-01 6.648111062662827031e-01 8.279663424638489255e-01 3.233036267803379715e-01 1.367263679222394668e-01 4.409513949670954003e-01 5.206995828517633207e-01 2.978853289464352683e-01 1.632133204106088753e-01 3.220356661648419161e-01 5.323563291975901279e-01 9.647156196367399072e-01 3.482237383979353007e-01 5.114647453178036152e-01 2.895182814101805446e-01 4.917262539878517469e-01 9.027152425988853590e-01 3.502169497719920255e-02 6.110083260548708761e-01 6.493940253987202649e-01 2.170664403839474010e-01 9.638745845715593896e-01
3.622242756960802335e-01 8.855071505571983081e-01 3.952797724691279324e-01 9.168070542384634258e-01 5.098655134996386007e-01 4.490922814589010659e-01 0.000000000000000000e+00 3.804420389680993053e-01 8.477870817710206897e-01 3.553735279667453728e-01 7.592125936793527874e-01 4.217577544211910112e-01 5.484261917584074553e-01 3.358013931369152605e-01 9.534352690360587967e-01 7.747901963205727771e-02 4.821583068479430301e-01 5.048749973491999388e-01 6.480073727074462386e-01 8.079535014107833701e-01 1.369156532084367939e-01 7.692370589490289401e-01 5.363969383513146338e-01 7.539878923622220785e-01 2.694386021116348395e-01 4.896935014199632619e-01 3.217843040247301278e-01 4.574829874232226312e-01 5.635819425122142734e-01 6.333166031941539487e-01 3.441120472667402175e-01 9.447388353396511951e-01 7.244944424051598109e-01 9.671570777840059474e-01 6.480577624572416706e-01
4.874390516018390906e-01 2.186344193727660645e-01 3.776505190983843185e-01 3.973767262448224535e-01 3.137683836787171776e-01 4.487119151871704625e-01 3.804420389680993053e-01 0.000000000000000000e+00 1.942555635935685476e-01 4.976745783769970233e-01 5.881286436281296659e-01 2.840880519974207097e-01 2.771638180025255416e-01 7.138315668317033458e-01 7.714615019351167557e-01 4.778235139892452743e-01 5.291180133674773245e-01 4.256557103523586072e-01 4.125315281592443206e-01 7.884841565929405771e-01 8.254747136980030708e-01 7.650297806709799309e-01 6.246589888897836618e-01 5.480745104854023442e-01 7.845354482991738765e-01 2.344885666979240335e-01 6.636583216963853893e-01 5.899278769981262105e-01 4.784267770483798254e-01 4.044209904806886913e-01 1.020594750500587455e-01 4.704852376774563139e-01 8.722998219378199636e-01 4.267578977575756660e-01 1.507935006268134037e-01
8.256716427515435885e-01 7.277868781013612232e-01 4.063571349482322237e-01 7.582809186087862141e-01 7.974694639720953937e-01 4.487282377925135846e-01 8.477870817710206897e-01 1.942555635935685476e-01 0.000000000000000000e+00 5.483959701433146483e-01 5.782858055643316231e-01 3.202151291376991171e-01 8.159755290324199883e-02 4.696046110364917037e-01 2.475116472359354391e-01 4.154323506656280030e-01 7.323488892219754964e-01 7.494419783646497635e-01 5.164874336528916254e-01 5.101398817662967655e-01 6.427797333241054289e-01 6.834320379801364087e-01 8.197457228270784713e-01 2.292736755060399423e-01 9.231573814124292010e-01 5.819067364246890417e-01 6.854760241753721228e-01 2.582394805397437709e-01 9.320050947113676099e-01 5.351818589786275782e-01 7.154374402389001020e-01 1.112684480264087838e-01 4.163040492936677106e-01 1.309664797867077235e-01 4.526851532602377826e-01
3.777681945793844864e-01 4.418258656880340585e-01 5.193197977782050279e-01 3.628299638407216365e-01 4.871690561968890498e-01 2.979208518231789560e-01 3.553735279667453728e-01 4.976745783769970233e-01 5.483959701433146483e-01 0.000000000000000000e+00 4.982406486939965351e-01 6.941283862304505892e-01 4.935883887644320067e-01 4.117302802935098871e-01 1.270125618817354862e-01 7.077563194308922334e-02 2.821104623980785764e-02 2.050975102514536741e-01 7.000465467065282166e-01 8.150197354972754660e-01 7.921254056114312991e-01 6.729417607884768948e-01 1.761243066086245479e-01 2.283873081101310820e-01 1.110761488964251420e-01 5.588986597865310824e-01 2.973415690902478925e-01 3.855305557239416814e-01 5.369631399050911469e-01 4.155329208256654527e-01 2.748565065638265414e-01 2.020245443834814969e-01 8.403861208995215826e-01 6.233419346063155952e-01 3.734982607726681225e-01
4.540678762689237535e-01 8.035005542443727222e-01 4.562161661197610130e-01 5.294862863206364345e-01 1.170985298726472390e-01 2.647155850701455870e-01 7.592125936793527874e-01 5.881286436281296659e-01 5.782858055643316231e-01 4.982406486939965351e-01 0.000000000000000000e+00 4.256656548488132463e-01 3.573029173520239077e-01 2.914622209080498516e-01 7.812509263716939101e-01 5.376301598785837577e-01 2.214062013693989250e-01 2.818914470948096218e-01 3.850673951322550748e-01 3.871036254887073591e-01 5.011871403414271953e-01 4.767911009231508568e-01 7.496774910343380061e-01 4.272952965501350953e-01 7.955265300806519946e-01 5.473418449655731433e-01 6.279519334947794018e-01 8.327133231909817912e-01 8.876900016820765682e-01 8.411528627112839773e-01 4.473966092872145861e-01 5.578562783188959484e-01 8.250295055255645327e-01 4.274179366188440299e-01 4.027281995118436875e-01
6.723634283983483950e-01 5.868903575061821254e-01 1.238798046766305117e-01 4.812742725156279877e-01 4.518298616193133221e-01 6.311990910941081001e-01 4.217577544211910112e-01 2.840880519974207097e-01 3.202151291376991171e-01 6.941283862304505892e-01 4.256656548488132463e-01 0.000000000000000000e+00 5.774957153221004225e-01 7.265069970727064952e-01 6.798614242798247664e-01 8.406542975708288790e-01 4.959735328035934643e-01 5.976198505517610338e-01 6.097749238851333242e-01 5.569602081123689041e-01 6.470290432639966838e-01 5.657904917716398696e-01 5.793951063967086590e-01 4.030038336907184049e-01 4.321667496483362902e-01 8.311480189291198251e-01 9.647490386592130207e-01 4.010607379866738542e-01 7.473201060832367348e-01 1.705256255175098268e-01 9.480678009762256719e-01 7.171418732461376511e-01 8.125827666237220859e-01 5.333407709530932905e-01 2.396593772869826111e-01
1.863396529971338422e-01 8.499715259269543521e-01 8.139788310732489762e-01 4.023072373226900811e-01 5.329537463751136128e-01 3.966364678181005798e-01 5.484261917584074553e-01 2.771638180025255416e-01 8.159755290324199883e-02 4.935883887644320067e-01 3.573029173520239077e-01 5.774957153221004225e-01 0.000000000000000000e+00 6.606237579385293435e-01 5.031374768257732555e-01 6.773589707793945536e-01 5.973961955403976898e-01 4.966318853752766938e-01 6.540959429791216584e-01 3.539972236464493660e-01 8.004374858457086184e-01 5.685944934812553475e-01 4.206234759038602888e-01 2.877327974535281996e-01 4.185648009881398623e-01 4.765149993962328190e-01 5.863853805154306542e-03 5.637098733522438732e-01 2.752033451321765911e-01 4.757066687448969211e-01 2.484237342757479317e-01 9.462744752167921991e-01 6.889524907819879473e-01 7.068646035404558825e-01 6.112756148359255182e-02
3.141515108540151591e-01 8.729885259717933277e-01 5.284004546870106900e-01 4.348051452418011387e-01 7.523613343535338061e-01 3.314438693499965893e-01 3.358013931369152605e-01 7.138315668317033458e-01 4.696046110364917037e-01 4.117302802935098871e-01 2.914622209080498516e-01 7.265069970727064952e-01 6.606237579385293435e-01 0.000000000000000000e+00 8.150956225286506429e-01 8.304134979793965643e-01 4.535632731484817159e-01 3.275097608703230190e-01 5.139781294155182367e-01 8.142965948142220078e-01 5.781604784146516796e-01 5.847127830841449825e-01 3.907196643879238263e-01 2.798574288805379950e-01 6.632099612525135246e-01 2.408766877102931359e-01 6.345329710650229327e-01 4.115403184055217434e-01 5.173198751276337770e-01 5.652803252530415046e-01 4.318324127046279104e-01 7.609413812028670288e-01 8.068457596259763775e-01 6.405642886610996012e-01 1.059838113088604761e-01
4.729801832988964061e-01 5.134383521143970341e-01 3.549569866115412919e-01 2.825683677033806185e-01 2.481031016885014429e-01 6.648111062662827031e-01 9.534352690360587967e-01 7.714615019351167557e-01 2.475116472359354391e-01 1.270125618817354862e-01 7.812509263716939101e-01 6.798614242798247664e-01 5.031374768257732555e-01 8.150956225286506429e-01 0.000000000000000000e+00 3.186994011102756152e-01 9.025551879379333231e-01 7.569276582823438737e-01 6.458915727303268239e-01 6.109809312573960538e-01 5.306443072055018195e-01 6.950054826261446994e-01 7.209252125038476677e-01 3.803608849847051054e-02 4.280015693109721631e-01 4.065973569671010868e-01 6.456322929264937116e-01 3.593890706590997519e-01 8.522374547664266498e-01 5.372457767718035182e-01 6.181679176665180186e-01 6.188745219629960825e-01 3.009531063973912568e-01 5.861222199736720873e-01 5.040612328995746072e-01
4.987346622600477009e-01 7.411803494238273782e-01 8.554004312363421292e-01 8.256749238563452220e-01 6.539451678663537049e-01 8.279663424638489255e-01 7.747901963205727771e-02 4.778235139892452743e-01 4.154323506656280030e-01 7.077563194308922334e-02 5.376301598785837577e-01 8.406542975708288790e-01 6.773589707793945536e-01 8.304134979793965643e-01 3.186994011102756152e-01 0.000000000000000000e+00 7.699073434020826667e-01 8.677134134372603835e-01 1.786590669029519685e-01 2.801259273209653067e-01 2.961202354121799107e-01 5.693322972120848924e-01 6.938456185882084792e-01 3.170328498019114871e-02 1.223405915731564653e-01 2.969037333408346413e-01 6.387472409195829037e-01 6.865460842185129309e-01 6.096278226668125910e-01 5.336560592898036415e-01 6.884286831961188291e-01 2.893297635453765393e-01 1.070610101803293190e-01 5.515687211563187198e-01 6.176982085892110952e-01
3.698931897116305434e-01 6.495771979854052525e-01 4.993742725937622695e-01 7.428633994362673354e-01 4.023614734901497791e-01 3.233036267803379715e-01 4.821583068479430301e-01 5.291180133674773245e-01 7.323488892219754964e-01 2.821104623980785764e-02 2.214062013693989250e-01 4.959735328035934643e-01 5.973961955403976898e-01 4.535632731484817159e-01 9.025551879379333231e-01 7.699073434020826667e-01 0.000000000000000000e+00 5.774434759246325211e-01 5.685555429598991850e-01 5.431515416281036401e-01 4.281517980705919491e-01 3.680059759934618535e-01 1.804455533344347939e-01 6.191522844228525280e-02 5.016080535123965678e-01 4.026821481724696117e-01 5.659602001272336924e-01 3.309343657075433653e-01 5.209988824467525204e-01 7.884148883358280679e-01 2.787719538877662107e-01 9.669439993887181117e-01 8.581515444953787819e-01 3.810721647206539719e-01 6.260463249050477463e-01
3.637227522294673721e-01 5.852957908953025923e-01 4.659730104953382357e-01 7.683385608207846662e-01 5.588017474115538619e-01 1.367263679222394668e-01 5.048749973491999388e-01 4.256557103523586072e-01 7.494419783646497635e-01 2.050975102514536741e-01 2.818914470948096218e-01 5.976198505517610338e-01 4.966318853752766938e-01 3.275097608703230190e-01 7.569276582823438737e-01 8.677134134372603835e-01 5.774434759246325211e-01 0.000000000000000000e+00 4.743001034011248285e-01 2.615513861618058433e-01 2.836911630101453530e-01 4.823003351508031722e-01 3.968171147942119448e-01 5.877552844627822459e-01 7.045316977181158569e-01 6.806226334038629755e-01 2.420674181457161955e-01 5.564875361862298142e-01 6.371092573259162783e-01 6.902592842453180166e-01 7.365396465481092170e-01 3.773162149723608971e-01 5.209410725068769343e-01 5.750395709986270143e-01 4.894449538103686770e-01
5.586229522556519500e-01 2.929597626460053172e-01 8.705652165735249248e-01 2.127442383740868470e-01 5.772968202063917253e-01 4.409513949670954003e-01 6.480073727074462386e-01 4.125315281592443206e-01 5.164874336528916254e-01 7.000465467065282166e-01 3.850673951322550748e-01 6.097749238851333242e-01 6.540959429791216584e-01 5.139781294155182367e-01 6.458915727303268239e-01 1.786590669029519685e-01 5.685555429598991850e-01 4.743001034011248285e-01 0.000000000000000000e+00 8.359723337304890700e-01 7.869054126513471692e-01 6.107266766553838266e-01 6.301990066346108144e-01 2.519000169485638985e-01 5.333466646285180968e-01 1.171460679429807694e-01 5.920503447510759854e-01 7.429519327410281093e-01 7.032790116765272881e-01 2.012040228570006750e-01 4.894749561146309880e-01 4.261584573136930620e-01 9.459855631182874092e-01 4.945289597403501047e-01 3.313541224854634759e-01
5.451926582023913781e-01 7.039354177010247460e-01 9.235856666764074019e-01 6.984514310078207000e-01 4.922177477473354545e-01 5.206995828517633207e-01 8.079535014107833701e-01 7.884841565929405771e-01 5.101398817662967655e-01 8.150197354972754660e-01 3.871036254887073591e-01 5.569602081123689041e-01 3.539972236464493660e-01 8.142965948142220078e-01 6.109809312573960538e-01 2.801259273209653067e-01 5.431515416281036401e-01 2.615513861618058433e-01 8.359723337304890700e-01 0.000000000000000000e+00 5.488780121840841630e-01 3.383684864351078625e-01 6.926709885973807435e-01 8.006043840247003551e-01 7.455524990070336866e-01 6.059877458868021538e-01 4.602102367725322551e-01 7.007294466512399289e-01 2.100306103685148917e-01 4.999673873689917669e-01 4.157976305346430257e-01 8.190194462772573125e-01 6.937214094871040349e-01 7.561883762412047183e-01 5.884753595927516567e-01
4.276064116207980437e-01 3.073980488323102556e-01 5.220253627300941446e-01 6.944816996143863275e-01 9.182352342712920557e-01 2.978853289464352683e-01 1.369156532084367939e-01 8.254747136980030708e-01 6.427797333241054289e-01 7.921254056114312991e-01 5.011871403414271953e-01 6.470290432639966838e-01 8.004374858457086184e-01 5.781604784146516796e-01 5.306443072055018195e-01 2.961202354121799107e-01 4.281517980705919491e-01 2.836911630101453530e-01 7.869054126513471692e-01 5.488780121840841630e-01 0.000000000000000000e+00 5.604684511121749146e-02 7.076950903388357084e-01 4.671656920427881277e-01 4.620972113764191258e-01 8.256708588535639493e-01 5.406582334451707217e-01 2.634085770894413203e-01 1.237333460576354183e-01 3.481787274036747259e-01 4.783671227685912797e-01 2.522948336033353778e-01 4.642529831066091184e-01 4.720882924891067756e-02 5.211801529153832213e-01
2.235488334888224848e-01 4.524166593307488715e-01 5.409647897191419696e-01 1.694683958732966511e-01 4.568958446196179635e-01 1.632133204106088753e-01 7.692370589490289401e-01 7.650297806709799309e-01 6.834320379801364087e-01 6.729417607884768948e-01 4.767911009231508568e-01 5.657904917716398696e-01 5.685944934812553475e-01 5.847127830841449825e-01 6.950054826261446994e-01 5.693322972120848924e-01 3.680059759934618535e-01 4.823003351508031722e-01 6.107266766553838266e-01 3.383684864351078625e-01 5.604684511121749146e-02 0.000000000000000000e+00 6.395939543247866066e-01 5.563850365183993230e-01 4.114233876074132601e-01 9.092619965394039827e-01 3.908099817379574459e-01 9.116140599497557506e-01 6.112075713165843194e-01 5.507873076352642894e-01 4.294837926969831132e-01 8.193569067242925108e-01 6.129208869407309912e-01 4.327723408568344143e-01 6.342614165544169236e-01
7.686024238527042751e-01 3.224153210103178901e-01 6.547652192293701434e-01 8.334444149348225750e-01 4.412308415474315293e-01 3.220356661648419161e-01 5.363969383513146338e-01 6.246589888897836618e-01 8.197457228270784713e-01 1.761243066086245479e-01 7.496774910343380061e-01 5.793951063967086590e-01 4.206234759038602888e-01 3.907196643879238263e-01 7.209252125038476677e-01 6.938456185882084792e-01 1.804455533344347939e-01 3.968171147942119448e-01 6.301990066346108144e-01 6.926709885973807435e-01 7.076950903388357084e-01 6.395939543247866066e-01 0.000000000000000000e+00 5.453409018939263664e-01 8.514527461209397963e-01 1.404081967293466793e-01 8.328468950563998607e-01 4.947609285172567262e-01 3.006993160929396502e-01 6.801951679076257973e-01 4.729161735268862521e-01 5.463086265230941985e-01 9.515874148909846397e-01 2.017390513228103366e-01 5.047123643530294634e-01
3.937042837255800842e-01 4.355464291095556550e-01 7.690661089262135208e-01 5.093548888550545328e-01 9.568112121064065168e-01 5.323563291975901279e-01 7.539878923622220785e-01 5.480745104854023442e-01 2.292736755060399423e-01 2.283873081101310820e-01 4.272952965501350953e-01 4.030038336907184049e-01 2.877327974535281996e-01 2.798574288805379950e-01 3.803608849847051054e-02 3.170328498019114871e-02 6.191522844228525280e-02 5.877552844627822459e-01 2.519000169485638985e-01 8.006043840247003551e-01 4.671656920427881277e-01 5.563850365183993230e-01 5.453409018939263664e-01 0.000000000000000000e+00 1.577566311159817047e-01 5.523919965105665852e-01 6.348553861772392448e-01 4.794478651492478094e-01 1.309486690921021212e-01 7.865808407232449673e-01 6.983489199255159541e-01 6.046745418147625450e-01 8.398571179081490978e-01 2.574490257155779283e-01 3.406107712398327436e-01
4.996491364351975939e-01 3.376617365671449322e-01 6.488455083793364109e-01 7.273292617683799755e-01 1.784809359200488776e-01 9.647156196367399072e-01 2.694386021116348395e-01 7.845354482991738765e-01 9.231573814124292010e-01 1.110761488964251420e-01 7.955265300806519946e-01 4.321667496483362902e-01 4.185648009881398623e-01 6.632099612525135246e-01 4.280015693109721631e-01 1.223405915731564653e-01 5.016080535123965678e-01 7.045316977181158569e-01 5.333466646285180968e-01 7.455524990070336866e-01 4.620972113764191258e-01 4.114233876074132601e-01 8.514527461209397963e-01 1.577566311159817047e-01 0.000000000000000000e+00 3.461781249580140329e-01 1.161100191618422706e-01 5.452031564145880527e-01 9.145268955977224890e-01 6.819491823779383344e-01 6.717111048664763384e-01 5.410687792084822867e-01 5.266777679899525832e-01 1.557232559202599287e-01 8.513809751492517064e-01
3.487580518764380466e-01 2.295459029772737303e-01 6.604343437040739451e-01 3.475658820836045049e-01 8.169437245620696508e-01 3.482237383979353007e-01 4.896935014199632619e-01 2.344885666979240335e-01 5.819067364246890417e-01 5.588986597865310824e-01 5.473418449655731433e-01 8.311480189291198251e-01 4.765149993962328190e-01 2.408766877102931359e-01 4.065973569671010868e-01 2.969037333408346413e-01 4.026821481724696117e-01 6.806226334038629755e-01 1.171460679429807694e-01 6.059877458868021538e-01 8.256708588535639493e-01 9.092619965394039827e-01 1.404081967293466793e-01 5.523919965105665852e-01 3.461781249580140329e-01 0.000000000000000000e+00 4.518702188838236156e-01 3.199236786274087807e-01 7.490623311519215566e-01 4.401245441369409650e-01 7.869079727302732419e-01 7.042198000427564164e-01 5.298878187543796248e-01 3.735998335139888438e-01 6.248115486186660572e-01
3.428736256593766241e-01 4.230957390867369217e-01 3.477135159634652251e-01 9.033143771444636094e-01 8.285029377642443293e-01 5.114647453178036152e-01 3.217843040247301278e-01 6.636583216963853893e-01 6.854760241753721228e-01 2.973415690902478925e-01 6.279519334947794018e-01 9.647490386592130207e-01 5.863853805154306542e-03 6.345329710650229327e-01 6.456322929264937116e-01 6.387472409195829037e-01 5.659602001272336924e-01 2.420674181457161955e-01 5.920503447510759854e-01 4.602102367725322551e-01 5.406582334451707217e-01 3.908099817379574459e-01 8.328468950563998607e-01 6.348553861772392448e-01 1.161100191618422706e-01 4.518702188838236156e-01 0.000000000000000000e+00 5.004057357012449136e-01 4.201574174440321219e-01 2.369951365312568670e-01 5.510920107423696868e-01 4.056154920224306348e-01 2.494262463312756362e-01 4.948453816594969856e-01 2.671243516365192638e-01
7.383593303820488174e-01 6.842224124789071382e-01 4.922867684232272723e-01 7.761188219998234050e-01 7.193619700969205999e-01 2.895182814101805446e-01 4.574829874232226312e-01 5.899278769981262105e-01 2.582394805397437709e-01 3.855305557239416814e-01 8.327133231909817912e-01 4.010607379866738542e-01 5.637098733522438732e-01 4.115403184055217434e-01 3.593890706590997519e-01 6.865460842185129309e-01 3.309343657075433653e-01 5.564875361862298142e-01 7.429519327410281093e-01 7.007294466512399289e-01 2.634085770894413203e-01 9.116140599497557506e-01 4.947609285172567262e-01 4.794478651492478094e-01 5.452031564145880527e-01 3.199236786274087807e-01 5.004057357012449136e-01 0.000000000000000000e+00 3.457668063848122753e-01 5.915001567161701779e-01 5.169790645723298939e-01 7.171983650162587764e-01 5.035044133927860655e-01 5.344418565042721170e-01 2.349113772701404423e-01
1.140978427059341493e-01 6.133931732014263893e-01 3.493242025446803845e-01 7.336719214036337977e-01 3.315430642104428838e-01 4.917262539878517469e-01 5.635819425122142734e-01 4.784267770483798254e-01 9.320050947113676099e-01 5.369631399050911469e-01 8.876900016820765682e-01 7.473201060832367348e-01 2.752033451321765911e-01 5.173198751276337770e-01 8.522374547664266498e-01 6.096278226668125910e-01 5.209988824467525204e-01 6.371092573259162783e-01 7.032790116765272881e-01 2.100306103685148917e-01 1.237333460576354183e-01 6.112075713165843194e-01 3.006993160929396502e-01 1.309486690921021212e-01 9.145268955977224890e-01 7.490623311519215566e-01 4.201574174440321219e-01 3.457668063848122753e-01 0.000000000000000000e+00 5.312078459507068029e-01 2.066416060389327791e-01 5.301094112818008908e-01 7.083779494477997485e-01 3.555549678245726875e-01 5.397183273674781567e-01
4.731623404067850647e-01 2.982294031946951529e-01 6.673686235110474207e-01 3.758890667059147095e-01 7.109901810687950796e-01 9.027152425988853590e-01 6.333166031941539487e-01 4.044209904806886913e-01 5.351818589786275782e-01 4.155329208256654527e-01 8.411528627112839773e-01 1.705256255175098268e-01 4.757066687448969211e-01 5.652803252530415046e-01 5.372457767718035182e-01 5.336560592898036415e-01 7.884148883358280679e-01 6.902592842453180166e-01 2.012040228570006750e-01 4.999673873689917669e-01 3.481787274036747259e-01 5.507873076352642894e-01 6.801951679076257973e-01 7.865808407232449673e-01 6.819491823779383344e-01 4.401245441369409650e-01 2.369951365312568670e-01 5.915001567161701779e-01 5.312078459507068029e-01 0.000000000000000000e+00 2.234619342118555618e-01 8.754945742726740754e-01 4.661533086382560476e-01 6.474984775026091377e-01 7.667949529950002230e-01
5.397871487218707243e-01 7.188712865981319311e-01 8.977956035296583703e-01 4.853549558809674980e-01 4.171793470815184923e-01 3.502169497719920255e-02 3.441120472667402175e-01 1.020594750500587455e-01 7.154374402389001020e-01 2.748565065638265414e-01 4.473966092872145861e-01 9.480678009762256719e-01 2.484237342757479317e-01 4.318324127046279104e-01 6.181679176665180186e-01 6.884286831961188291e-01 2.787719538877662107e-01 7.365396465481092170e-01 4.894749561146309880e-01 4.157976305346430257e-01 4.783671227685912797e-01 4.294837926969831132e-01 4.729161735268862521e-01 6.983489199255159541e-01 6.717111048664763384e-01 7.869079727302732419e-01 5.510920107423696868e-01 5.169790645723298939e-01 2.066416060389327791e-01 2.234619342118555618e-01 0.000000000000000000e+00 7.578342763811196647e-01 4.343917192619888290e-01 8.810597911798059290e-01 2.984029916918188308e-01
5.301148618064155382e-01 3.898458052479583102e-01 3.636304090217700180e-01 7.167586659608741195e-01 9.192511335429867092e-01 6.110083260548708761e-01 9.447388353396511951e-01 4.704852376774563139e-01 1.112684480264087838e-01 2.020245443834814969e-01 5.578562783188959484e-01 7.171418732461376511e-01 9.462744752167921991e-01 7.609413812028670288e-01 6.188745219629960825e-01 2.893297635453765393e-01 9.669439993887181117e-01 3.773162149723608971e-01 4.261584573136930620e-01 8.190194462772573125e-01 2.522948336033353778e-01 8.193569067242925108e-01 5.463086265230941985e-01 6.046745418147625450e-01 5.410687792084822867e-01 7.042198000427564164e-01 4.056154920224306348e-01 7.171983650162587764e-01 5.301094112818008908e-01 8.754945742726740754e-01 7.578342763811196647e-01 0.000000000000000000e+00 8.834473365623819463e-01 5.340822517654992829e-01 3.298914632525304924e-01
2.800823333054649478e-01 6.059590721530931923e-01 3.521773116864966302e-01 8.132650522693720685e-01 1.195060849293395622e-01 6.493940253987202649e-01 7.244944424051598109e-01 8.722998219378199636e-01 4.163040492936677106e-01 8.403861208995215826e-01 8.250295055255645327e-01 8.125827666237220859e-01 6.889524907819879473e-01 8.068457596259763775e-01 3.009531063973912568e-01 1.070610101803293190e-01 8.581515444953787819e-01 5.209410725068769343e-01 9.459855631182874092e-01 6.937214094871040349e-01 4.642529831066091184e-01 6.129208869407309912e-01 9.515874148909846397e-01 8.398571179081490978e-01 5.266777679899525832e-01 5.298878187543796248e-01 2.494262463312756362e-01 5.035044133927860655e-01 7.083779494477997485e-01 4.661533086382560476e-01 4.343917192619888290e-01 8.834473365623819463e-01 0.000000000000000000e+00 9.029572477341016867e-01 7.035022693277499517e-01
4.178708482675905223e-01 8.803752175981549577e-01 6.834258539112698649e-01 8.719005246749287341e-01 3.336622008944547524e-01 2.170664403839474010e-01 9.671570777840059474e-01 4.267578977575756660e-01 1.309664797867077235e-01 6.233419346063155952e-01 4.274179366188440299e-01 5.333407709530932905e-01 7.068646035404558825e-01 6.405642886610996012e-01 5.861222199736720873e-01 5.515687211563187198e-01 3.810721647206539719e-01 5.750395709986270143e-01 4.945289597403501047e-01 7.561883762412047183e-01 4.720882924891067756e-02 4.327723408568344143e-01 2.017390513228103366e-01 2.574490257155779283e-01 1.557232559202599287e-01 3.735998335139888438e-01 4.948453816594969856e-01 5.344418565042721170e-01 3.555549678245726875e-01 6.474984775026091377e-01 8.810597911798059290e-01 5.340822517654992829e-01 9.029572477341016867e-01 0.000000000000000000e+00 2.633915756681955433e-01
4.177954325416194381e-01 4.462869123026456109e-01 7.932075024657789797e-01 5.770601602864189328e-01 5.730455427994918249e-01 9.638745845715593896e-01 6.480577624572416706e-01 1.507935006268134037e-01 4.526851532602377826e-01 3.734982607726681225e-01 4.027281995118436875e-01 2.396593772869826111e-01 6.112756148359255182e-02 1.059838113088604761e-01 5.040612328995746072e-01 6.176982085892110952e-01 6.260463249050477463e-01 4.894449538103686770e-01 3.313541224854634759e-01 5.884753595927516567e-01 5.211801529153832213e-01 6.342614165544169236e-01 5.047123643530294634e-01 3.406107712398327436e-01 8.513809751492517064e-01 6.248115486186660572e-01 2.671243516365192638e-01 2.349113772701404423e-01 5.397183273674781567e-01 7.667949529950002230e-01 2.984029916918188308e-01 3.298914632525304924e-01 7.035022693277499517e-01 2.633915756681955433e-01 0.000000000000000000e+00
