0.000000000000000000e+00 1.941382555618639261e-01 5.092939752697378530e-01 2.495842230340578061e-01 5.229645322495629634e-01 4.930346221889454483e-01 1.824778770231384462e-01 9.204670471356435346e-01 4.433789923416793788e-01 5.846632414447237025e-01 6.351419012370410622e-01 8.713026589326908766e-01 5.952642405826635841e-01 4.366370885369343924e-01 5.785860955691070062e-01 5.315999188797649877e-01 7.413970634015724093e-01 2.425504030475107153e-01 6.422959075059512246e-01 4.992806661097665133e-01 4.876252300599102640e-01 5.770837164914845996e-01 2.953798766881741700e-01 3.586557204352601169e-01 8.581279396346456201e-01 1.391981247905745844e-01 9.766751245635207912e-02 8.009378135774471996e-01 3.410774015489337896e-01 5.844761574415502370e-01 5.952483141477207251e-01 4.421834526955171207e-01 4.972322503566192209e-01 5.629292659650554365e-01 7.325995050233649053e-01
1.941382555618639261e-01 0.000000000000000000e+00 6.735140479057789564e-01 5.473355088452079853e-01 5.458280135481314854e-01 4.467175060649990481e-01 6.459213850055680606e-01 3.679144676031791406e-01 2.724748403582878398e-01 4.696748052279532404e-01 3.816207761762508421e-01 4.983364485649137143e-01 6.163781838295708804e-01 5.078504398080911919e-01 7.536984417274198433e-01 8.349543968861927734e-01 7.709650415724194072e-01 2.374666507877463140e-01 4.118271265923475477e-01 1.875272413998904097e-01 8.072057335011200152e-01 8.058123307094100518e-01 1.322575370513950910e-01 2.887775377804360777e-01 4.875157620036421613e-01 3.794450256949830069e-01 3.637123930446633513e-01 9.089566541795461863e-01 9.011261360984268443e-01 9.498838483547230593e-01 6.362300985488389404e-02 5.410488984400865231e-01 8.988926848352062349e-01 3.421015852484509678e-01 8.146189694784760071e-01
5.092939752697378530e-01 6.735140479057789564e-01 0.000000000000000000e+00 4.960974484899872694e-01 4.456706855235022524e-01 4.573359400633229543e-01 5.333559516035453196e-01 3.836053616872416305e-01 5.551460426923149338e-01 4.632356615326898019e-01 9.114964130192748648e-03 3.488234355957106070e-01 5.599547077345630175e-01 8.267255804464996860e-01 5.061915419564471108e-01 4.424098525911630553e-01 6.119019680534159011e-01 7.266766193130678175e-01 3.557042966359105773e-01 4.134827157305336898e-01 5.954200107303611045e-01 4.668705729858128040e-01 3.122802788036244115e-02 2.416190897234212764e-01 7.364974969853292919e-01 5.786993502949223656e-01 3.854873965620807530e-01 9.642787853954823962e-01 7.321884506356814981e-01 3.954591998866900382e-01 8.263100066173240110e-01 4.875597691857348481e-01 1.128707509694288902e-01 3.720681823907000529e-01 1.711785101144095433e-01
2.495842230340578061e-01 5.473355088452079853e-01 4.960974484899872694e-01 0.000000000000000000e+00 3.816032682954217381e-01 4.055822682803332802e-01 4.045324505506087687e-01 5.859525210089399083e-01 7.390733501073591949e-01 3.304790723202256641e-01 6.615942165858801349e-02 1.584030427048155332e-01 1.285442174501323365e-01 9.283622276744627477e-01 3.472117383137766633e-01 4.825463016286580253e-01 8.081039160735243865e-01 6.793343883374463044e-01 6.811672717684202905e-01 1.245671342144294425e-02 6.187185205684851974e-01 5.248711240383473475e-01 3.004060089174611647e-01 8.712949508936775889e-01 3.431141364414175277e-01 4.336154566233756391e-01 6.060371592377178374e-01 4.484494758598843722e-01 5.192381697734486101e-01 7.021649421469020602e-01 4.518194169541860927e-01 5.836250105973374014e-01 9.299791836480606477e-01 3.964068701433337560e-01 5.938459449026483039e-01
5.229645322495629634e-01 5.458280135481314854e-01 4.456706855235022524e-01 3.816032682954217381e-01 0.000000000000000000e+00 6.243792761843406369e-01 4.780262516490273450e-01 1.927181166187463823e-01 5.109152402482539657e-01 3.285568509802158643e-01 8.535764577090656502e-01 5.523695260659026163e-01 5.879158009971519050e-01 4.908901709892782295e-01 7.620177646233794455e-01 4.908506337879793291e-01 7.774714387874384069e-01 1.468963560030146498e-01 5.775814121430560277e-01 6.725539971807881212e-01 7.925457393491710523e-01 6.208109148137814781e-01 3.457339320751263712e-01 2.816383718344562803e-01 6.377853240978408333e-01 8.771492309170612067e-01 5.334611988374895475e-01 2.953634812831954504e-01 6.882605229784330980e-01 2.687219957186691710e-01 3.343647779805541398e-01 3.724479353627611067e-01 7.150267327602790601e-01 3.420442102475623747e-01 6.333620133072938030e-01
4.930346221889454483e-01 4.467175060649990481e-01 4.573359400633229543e-01 4.055822682803332802e-01 6.243792761843406369e-01 0.000000000000000000e+00 2.343912872997520047e-01 7.373942010063601060e-01 2.179359791268756230e-01 1.944624869009415891e-01 2.277533691992817966e-01 1.959726623003418267e-01 5.425838064953953932e-01 3.378955037989932464e-01 5.966972850542739959e-02 8.498571558283238847e-01 5.645242171648857665e-01 6.397943053160349836e-01 4.638134480780005120e-01 5.526287899457077435e-01 3.661290991248168369e-01 4.845240764508939035e-01 4.341505999697541918e-01 6.446551525964916429e-01 6.270736154719771527e-01 5.324958975954616758e-01 4.657525221438773566e-01 5.316748890993792109e-01 8.683377343309652829e-01 1.201426816916850715e-01 4.210426441390467400e-01 8.594780054300846794e-01 6.979615047182805565e-01 2.143000042154840079e-01 4.189061892178946866e-01
1.824778770231384462e-01 6.459213850055680606e-01 5.333559516035453196e-01 4.045324505506087687e-01 4.780262516490273450e-01 2.343912872997520047e-01 0.000000000000000000e+00 6.121894901045277226e-01 2.283551948595456405e-01 7.860802538376463477e-01 5.174339111793264667e-01 3.478867525616181067e-01 2.715248971737126427e-01 6.692369896708262322e-01 4.945462612661408186e-01 1.830100410491057872e-01 3.675050191267823507e-01 6.721327611340957020e-01 6.469639016315289481e-01 5.413881523853092403e-01 2.896157875064560017e-01 7.525816487375267538e-01 5.381296158724997447e-01 3.956720803756519911e-01 1.788292284166956847e-01 5.245444011278033170e-01 8.600780193372994376e-01 5.300789392419582580e-01 5.728901910579593526e-01 6.883559936257506173e-01 3.636577747126041871e-01 5.861746278063526550e-01 6.832411834805010020e-01 2.844150470882734205e-01 1.750260395946962033e-01
9.204670471356435346e-01 3.679144676031791406e-01 3.836053616872416305e-01 5.859525210089399083e-01 1.927181166187463823e-01 7.373942010063601060e-01 6.121894901045277226e-01 0.000000000000000000e+00 5.277999052795570023e-01 4.834022246559356306e-01 2.216204878013529889e-01 6.813453033842556961e-01 5.560072890453906513e-01 8.340337325713533811e-01 7.323826139903610866e-02 5.479547437074815397e-01 4.556351076985623583e-01 6.574030825568052405e-01 2.844987388584738763e-01 4.523044861996777799e-01 2.981833794051721442e-01 3.393044260079228769e-01 6.808895321115275845e-01 5.889149187621256498e-01 1.101572461866726638e-01 8.266109694855514611e-01 5.928163938014019418e-01 8.018938212053381420e-01 8.177148279116431828e-01 4.353977950543578834e-01 5.412244021615858491e-01 1.255100081336069096e-01 2.938371863377653437e-02 4.879286120865293785e-01 4.379380506830830022e-01
4.433789923416793788e-01 2.724748403582878398e-01 5.551460426923149338e-01 7.390733501073591949e-01 5.109152402482539657e-01 2.179359791268756230e-01 2.283551948595456405e-01 5.277999052795570023e-01 0.000000000000000000e+00 9.698104389174411200e-01 5.055163397309692108e-01 5.219535548966482974e-01 5.077027370620877944e-01 6.918645168591786021e-01 4.668945597128594804e-01 8.039824139668894087e-01 5.177427114944131992e-01 8.235565802545448122e-01 1.203800252356618250e-01 3.666309878723110760e-01 7.786704526428517292e-01 1.037955565754739018e-01 1.905620638167039305e-01 3.531117692952990827e-01 2.942363877389071458e-01 6.661248442118320456e-01 8.846750573605033363e-02 4.191970201529633400e-01 6.250438864948588691e-01 4.414906143677044259e-01 3.748344205775050453e-01 3.832874922257810679e-01 3.350276981788340991e-01 9.090236660382955414e-01 8.611366717708570651e-01
5.846632414447237025e-01 4.696748052279532404e-01 4.632356615326898019e-01 3.304790723202256641e-01 3.285568509802158643e-01 1.944624869009415891e-01 7.860802538376463477e-01 4.834022246559356306e-01 9.698104389174411200e-01 0.000000000000000000e+00 6.389866598896905003e-01 4.154298642434797184e-01 5.368614101925743842e-01 4.460100871827230029e-01 8.354638903785619464e-01 5.685429972231235141e-01 6.523903745211524496e-01 7.643206521200831549e-01 2.360409492839693479e-01 5.166370774021955548e-01 5.241203687237389053e-01 4.965640269150412012e-01 1.132622714282658372e-01 3.828757253507517611e-01 2.376238368854659555e-01 8.962624295350687387e-01 3.706970407819940028e-01 6.456967428969297984e-01 5.155510880958937836e-01 7.021334110151379315e-01 3.781758095565385114e-01 8.584736516856854571e-01 4.563812754787566761e-01 6.317312719644530006e-01 8.112800236494682737e-01
6.351419012370410622e-01 3.816207761762508421e-01 9.114964130192748648e-03 6.615942165858801349e-02 8.535764577090656502e-01 2.277533691992817966e-01 5.174339111793264667e-01 2.216204878013529889e-01 5.055163397309692108e-01 6.389866598896905003e-01 0.000000000000000000e+00 7.735416974334365925e-01 5.618635180503406268e-01 5.326739495197099217e-01 7.824065663726780251e-01 6.576762065981826000e-01 5.945125163009301605e-01 8.323932375836639030e-01 5.480647164257222981e-01 5.648916731313663453e-01 3.854424980833014436e-01 5.626857780964542588e-01 3.444629684988678719e-01 6.453491039554040132e-01 7.240798624416244778e-02 5.011731533282668405e-01 5.526070340109123791e-01 4.644770501955070019e-01 8.624123349066205035e-01 3.110278551565922034e-01 6.944555851326971174e-01 4.288553980396652143e-01 9.015207841789207865e-01 8.694742477030674710e-01 3.413980070403097589e-01
8.713026589326908766e-01 4.983364485649137143e-01 3.488234355957106070e-01 1.584030427048155332e-01 5.523695260659026163e-01 1.959726623003418267e-01 3.478867525616181067e-01 6.813453033842556961e-01 5.219535548966482974e-01 4.154298642434797184e-01 7.735416974334365925e-01 0.000000000000000000e+00 2.694430970548333804e-02 3.415052803654715641e-01 5.402049669231586693e-01 6.611371537966918011e-01 1.542191626902997825e-01 5.968772887953593953e-01 1.578614537875576151e-01 6.712421408634718922e-01 6.641819683727299140e-01 6.373535571083294160e-01 9.264905247043491165e-01 3.698157197690936648e-01 5.734816756818575945e-01 5.326761095700112136e-01 6.032757375117356879e-01 5.494478172811099181e-01 6.573848347211848075e-01 7.510556636897989247e-01 7.166133043524240964e-01 2.049997724616308137e-01 4.535033927375786145e-01 6.593409156557719086e-01 5.995405513649895157e-01
5.952642405826635841e-01 6.163781838295708804e-01 5.599547077345630175e-01 1.285442174501323365e-01 5.879158009971519050e-01 5.425838064953953932e-01 2.715248971737126427e-01 5.560072890453906513e-01 5.077027370620877944e-01 5.368614101925743842e-01 5.618635180503406268e-01 2.694430970548333804e-02 0.000000000000000000e+00 5.475568353889613826e-01 4.021576567406925928e-01 5.677554008301417543e-01 8.615993584574735964e-01 2.010242972613260903e-01 4.740650098733961704e-01 3.886287221577551798e-01 8.175901446807640749e-01 5.121651319847164707e-01 4.094444586267612651e-01 3.918976979168097841e-01 5.472360677638490323e-01 3.612663333768170171e-01 6.234396682820234625e-01 7.960408270198873204e-01 4.425527709174136848e-01 5.468569828066247585e-01 9.425564383899316390e-01 5.575561981700483116e-01 4.983193179794201955e-01 4.319777493115838363e-01 5.876048569811453959e-01
4.366370885369343924e-01 5.078504398080911919e-01 8.267255804464996860e-01 9.283622276744627477e-01 4.908901709892782295e-01 3.378955037989932464e-01 6.692369896708262322e-01 8.340337325713533811e-01 6.918645168591786021e-01 4.460100871827230029e-01 5.326739495197099217e-01 3.415052803654715641e-01 5.475568353889613826e-01 0.000000000000000000e+00 7.891588121416679424e-01 7.821027497217993840e-01 4.960412370998341647e-01 4.945909402195305948e-01 4.541804187419218319e-01 7.716324338513007586e-01 8.218228514229614090e-01 3.670106777610003812e-01 5.024998345238078645e-01 1.864367755605086385e-01 1.597279700465081831e-01 7.435783449371697884e-01 9.302347307297818002e-01 6.123196462690074782e-01 4.197036446453324965e-01 8.816020084599474060e-02 5.893570576754446622e-01 7.389463025052930290e-01 2.913027655960799267e-01 3.878794291028662689e-01 5.426587401318526682e-01
5.785860955691070062e-01 7.536984417274198433e-01 5.061915419564471108e-01 3.472117383137766633e-01 7.620177646233794455e-01 5.966972850542739959e-02 4.945462612661408186e-01 7.323826139903610866e-02 4.668945597128594804e-01 8.354638903785619464e-01 7.824065663726780251e-01 5.402049669231586693e-01 4.021576567406925928e-01 7.891588121416679424e-01 0.000000000000000000e+00 4.932133399560708620e-01 4.497544370797031954e-01 1.625678321080215039e-01 5.107481004452385509e-01 2.465611896288465721e-01 2.869148147077229538e-01 6.649461131648343182e-01 4.961483063170214480e-01 5.068176007676383765e-01 9.294355617209805187e-01 5.321089416313624643e-01 6.755677377602830047e-01 7.432748949311810405e-01 8.310452347662613537e-01 5.455536218456464859e-01 2.515213265739630888e-01 6.817561316280034145e-01 2.389993857622468854e-01 4.554273262080101858e-01 4.349536241157381244e-01
5.315999188797649877e-01 8.349543968861927734e-01 4.424098525911630553e-01 4.825463016286580253e-01 4.908506337879793291e-01 8.498571558283238847e-01 1.830100410491057872e-01 5.479547437074815397e-01 8.039824139668894087e-01 5.685429972231235141e-01 6.576762065981826000e-01 6.611371537966918011e-01 5.677554008301417543e-01 7.821027497217993840e-01 4.932133399560708620e-01 0.000000000000000000e+00 7.671967507235233352e-01 5.610087039356178584e-01 3.407644078307355828e-01 7.092400203487041477e-01 7.516778270869531875e-01 6.445174980251244801e-01 9.140073360470908348e-01 1.240640173632279186e-01 3.836188807068150464e-01 5.439129687595494200e-01 6.962355851312709287e-01 3.285644791015934763e-01 5.703602389824916630e-01 6.747312344520837168e-01 3.942460185750135682e-01 6.982339179268119977e-01 1.325434833914628241e-01 8.168798380396742331e-01 5.401005451196683183e-01
7.413970634015724093e-01 7.709650415724194072e-01 6.119019680534159011e-01 8.081039160735243865e-01 7.774714387874384069e-01 5.645242171648857665e-01 3.675050191267823507e-01 4.556351076985623583e-01 5.177427114944131992e-01 6.523903745211524496e-01 5.945125163009301605e-01 1.542191626902997825e-01 8.615993584574735964e-01 4.960412370998341647e-01 4.497544370797031954e-01 7.671967507235233352e-01 0.000000000000000000e+00 5.727446010305679014e-01 6.766415167772772410e-01 8.475900534739606584e-01 7.333862782883118214e-01 2.838802774486258729e-01 4.102683316472983677e-01 7.126113011079313608e-01 5.307338934813199405e-01 5.393001547709004306e-01 4.707222954402771053e-01 5.826141638117412480e-01 7.178033998074835331e-01 8.019488740429685514e-01 5.209966655548440295e-01 6.052576753594973713e-01 7.782105284766681619e-01 4.219898679529653363e-01 4.823242713051357211e-01
2.425504030475107153e-01 2.374666507877463140e-01 7.266766193130678175e-01 6.793343883374463044e-01 1.468963560030146498e-01 6.397943053160349836e-01 6.721327611340957020e-01 6.574030825568052405e-01 8.235565802545448122e-01 7.643206521200831549e-01 8.323932375836639030e-01 5.968772887953593953e-01 2.010242972613260903e-01 4.945909402195305948e-01 1.625678321080215039e-01 5.610087039356178584e-01 5.727446010305679014e-01 0.000000000000000000e+00 2.676642240941708994e-01 4.940217258975276859e-01 8.585351015607107783e-01 3.022438641510987178e-01 8.587742441578090080e-01 4.565447781463671806e-01 1.213314594489321996e-01 6.496131983352488870e-01 7.739977808292577421e-01 5.572163858216105936e-01 3.822105496389316404e-01 5.870316362548121392e-01 2.311986433525268225e-01 4.777820096994296328e-01 3.029600716841304164e-01 3.566473061521733268e-01 5.408395634245630745e-01
6.422959075059512246e-01 4.118271265923475477e-01 3.557042966359105773e-01 6.811672717684202905e-01 5.775814121430560277e-01 4.638134480780005120e-01 6.469639016315289481e-01 2.844987388584738763e-01 1.203800252356618250e-01 2.360409492839693479e-01 5.480647164257222981e-01 1.578614537875576151e-01 4.740650098733961704e-01 4.541804187419218319e-01 5.107481004452385509e-01 3.407644078307355828e-01 6.766415167772772410e-01 2.676642240941708994e-01 0.000000000000000000e+00 8.047979744339204267e-01 6.787878371914261022e-01 8.202895091225670399e-01 6.418697247626208302e-01 2.604659388883356907e-02 2.725555419987669148e-01 4.917956030287517488e-01 1.757607151796909961e-01 4.576155520065224303e-01 5.399083596398680518e-01 2.603024398633381198e-01 5.760367921331852603e-01 6.549280968038182493e-01 7.879774920105803160e-02 3.514957809476859651e-01 2.187069139746010693e-01
4.992806661097665133e-01 1.875272413998904097e-01 4.134827157305336898e-01 1.245671342144294425e-02 6.725539971807881212e-01 5.526287899457077435e-01 5.413881523853092403e-01 4.523044861996777799e-01 3.666309878723110760e-01 5.166370774021955548e-01 5.648916731313663453e-01 6.712421408634718922e-01 3.886287221577551798e-01 7.716324338513007586e-01 2.465611896288465721e-01 7.092400203487041477e-01 8.475900534739606584e-01 4.940217258975276859e-01 8.047979744339204267e-01 0.000000000000000000e+00 7.780674195849310859e-01 5.358416405914443459e-01 4.485883895016144485e-01 9.144658374133440848e-01 1.698720024683724183e-01 5.641913630571011584e-01 3.529301941712021384e-01 3.573841792743898127e-01 8.286750901354168475e-01 5.449286044612202673e-01 6.864630637390014556e-01 4.711872900180483215e-01 8.212652768272210579e-01 3.990818883960650654e-02 5.245587470937984609e-01
4.876252300599102640e-01 8.072057335011200152e-01 5.954200107303611045e-01 6.187185205684851974e-01 7.925457393491710523e-01 3.661290991248168369e-01 2.896157875064560017e-01 2.981833794051721442e-01 7.786704526428517292e-01 5.241203687237389053e-01 3.854424980833014436e-01 6.641819683727299140e-01 8.175901446807640749e-01 8.218228514229614090e-01 2.869148147077229538e-01 7.516778270869531875e-01 7.333862782883118214e-01 8.585351015607107783e-01 6.787878371914261022e-01 7.780674195849310859e-01 0.000000000000000000e+00 3.002739725396854631e-01 7.856555527742612455e-01 4.840269019721776811e-01 5.060989495600332067e-01 9.599391261507788098e-01 1.397537070595802344e-01 6.172557886544440819e-01 6.014908770360651857e-01 5.616670545916380153e-01 3.926032306428230978e-01 1.568523240144752418e-01 4.619078415493195755e-01 8.180837123401718536e-01 1.789077349751896917e-01
5.770837164914845996e-01 8.058123307094100518e-01 4.668705729858128040e-01 5.248711240383473475e-01 6.208109148137814781e-01 4.845240764508939035e-01 7.525816487375267538e-01 3.393044260079228769e-01 1.037955565754739018e-01 4.965640269150412012e-01 5.626857780964542588e-01 6.373535571083294160e-01 5.121651319847164707e-01 3.670106777610003812e-01 6.649461131648343182e-01 6.445174980251244801e-01 2.838802774486258729e-01 3.022438641510987178e-01 8.202895091225670399e-01 5.358416405914443459e-01 3.002739725396854631e-01 0.000000000000000000e+00 3.810161793200070313e-01 6.174929292580387807e-01 5.976110714698215087e-01 7.681630816304736431e-01 2.242444938960677092e-01 1.800795503057663893e-01 6.323012856725351849e-01 3.209216640971268575e-01 8.588252590944580600e-01 2.800965151814328591e-01 6.302207437523127398e-01 3.829451322475723174e-01 6.315854201572173032e-01
2.953798766881741700e-01 1.322575370513950910e-01 3.122802788036244115e-02 3.004060089174611647e-01 3.457339320751263712e-01 4.341505999697541918e-01 5.381296158724997447e-01 6.808895321115275845e-01 1.905620638167039305e-01 1.132622714282658372e-01 3.444629684988678719e-01 9.264905247043491165e-01 4.094444586267612651e-01 5.024998345238078645e-01 4.961483063170214480e-01 9.140073360470908348e-01 4.102683316472983677e-01 8.587742441578090080e-01 6.418697247626208302e-01 4.485883895016144485e-01 7.856555527742612455e-01 3.810161793200070313e-01 0.000000000000000000e+00 3.801255276535464578e-01 4.558863594468950953e-01 1.494668435605494006e-01 7.999851440783416479e-01 5.433116295102726756e-01 6.885039625219241399e-01 5.955639898781612818e-01 8.460128316162960349e-01 4.929577483077935418e-01 4.698464791324083456e-01 7.355142995619396995e-01 5.697960719461485635e-01
3.586557204352601169e-01 2.887775377804360777e-01 2.416190897234212764e-01 8.712949508936775889e-01 2.816383718344562803e-01 6.446551525964916429e-01 3.956720803756519911e-01 5.889149187621256498e-01 3.531117692952990827e-01 3.828757253507517611e-01 6.453491039554040132e-01 3.698157197690936648e-01 3.918976979168097841e-01 1.864367755605086385e-01 5.068176007676383765e-01 1.240640173632279186e-01 7.126113011079313608e-01 4.565447781463671806e-01 2.604659388883356907e-02 9.144658374133440848e-01 4.840269019721776811e-01 6.174929292580387807e-01 3.801255276535464578e-01 0.000000000000000000e+00 4.372923635150951505e-01 6.592772554300971866e-01 8.722266377635723433e-02 4.454926273844690421e-01 4.328748443137331314e-02 8.871796663012319062e-01 1.609649296130171159e-01 8.642068348515413723e-01 3.664637627747340254e-01 4.083682644272615403e-01 3.895164210753697676e-01
8.581279396346456201e-01 4.875157620036421613e-01 7.364974969853292919e-01 3.431141364414175277e-01 6.377853240978408333e-01 6.270736154719771527e-01 1.788292284166956847e-01 1.101572461866726638e-01 2.942363877389071458e-01 2.376238368854659555e-01 7.240798624416244778e-02 5.734816756818575945e-01 5.472360677638490323e-01 1.597279700465081831e-01 9.294355617209805187e-01 3.836188807068150464e-01 5.307338934813199405e-01 1.213314594489321996e-01 2.725555419987669148e-01 1.698720024683724183e-01 5.060989495600332067e-01 5.976110714698215087e-01 4.558863594468950953e-01 4.372923635150951505e-01 0.000000000000000000e+00 3.905874109302928110e-01 8.628484592040381873e-01 6.823668495805329526e-01 3.344933215824730244e-01 6.501342774429408333e-01 5.055041476894783781e-01 6.001441253294108602e-01 6.372147821770961507e-01 5.929683687768360079e-01 6.324740113595480606e-01
1.391981247905745844e-01 3.794450256949830069e-01 5.786993502949223656e-01 4.336154566233756391e-01 8.771492309170612067e-01 5.324958975954616758e-01 5.245444011278033170e-01 8.266109694855514611e-01 6.661248442118320456e-01 8.962624295350687387e-01 5.011731533282668405e-01 5.326761095700112136e-01 3.612663333768170171e-01 7.435783449371697884e-01 5.321089416313624643e-01 5.439129687595494200e-01 5.393001547709004306e-01 6.496131983352488870e-01 4.917956030287517488e-01 5.641913630571011584e-01 9.599391261507788098e-01 7.681630816304736431e-01 1.494668435605494006e-01 6.592772554300971866e-01 3.905874109302928110e-01 0.000000000000000000e+00 4.272994026768609510e-01 8.272139137061221836e-01 6.946948020794132539e-01 4.514899488152749885e-01 7.184206360741043351e-01 8.046627477836798548e-01 6.284188962574219772e-01 7.032539306403213786e-01 7.723455040957479811e-01
9.766751245635207912e-02 3.637123930446633513e-01 3.854873965620807530e-01 6.060371592377178374e-01 5.334611988374895475e-01 4.657525221438773566e-01 8.600780193372994376e-01 5.928163938014019418e-01 8.846750573605033363e-02 3.706970407819940028e-01 5.526070340109123791e-01 6.032757375117356879e-01 6.234396682820234625e-01 9.302347307297818002e-01 6.755677377602830047e-01 6.962355851312709287e-01 4.707222954402771053e-01 7.739977808292577421e-01 1.757607151796909961e-01 3.529301941712021384e-01 1.397537070595802344e-01 2.242444938960677092e-01 7.999851440783416479e-01 8.722266377635723433e-02 8.628484592040381873e-01 4.272994026768609510e-01 0.000000000000000000e+00 6.257141902816383272e-01 5.131776066583171314e-01 5.321599239808594284e-01 4.941839180489658867e-01 2.350411148276878581e-01 7.089190411327591645e-01 4.030895852834437965e-01 3.944504653485955137e-01
8.009378135774471996e-01 9.089566541795461863e-01 9.642787853954823962e-01 4.484494758598843722e-01 2.953634812831954504e-01 5.316748890993792109e-01 5.300789392419582580e-01 8.018938212053381420e-01 4.191970201529633400e-01 6.456967428969297984e-01 4.644770501955070019e-01 5.494478172811099181e-01 7.960408270198873204e-01 6.123196462690074782e-01 7.432748949311810405e-01 3.285644791015934763e-01 5.826141638117412480e-01 5.572163858216105936e-01 4.576155520065224303e-01 3.573841792743898127e-01 6.172557886544440819e-01 1.800795503057663893e-01 5.433116295102726756e-01 4.454926273844690421e-01 6.823668495805329526e-01 8.272139137061221836e-01 6.257141902816383272e-01 0.000000000000000000e+00 4.885798134996739983e-01 2.546046487290754001e-01 7.910942924199197979e-01 7.906118617138510052e-01 4.702123816975610215e-01 6.792350914276140683e-01 4.575985364636945829e-01
3.410774015489337896e-01 9.011261360984268443e-01 7.321884506356814981e-01 5.192381697734486101e-01 6.882605229784330980e-01 8.683377343309652829e-01 5.728901910579593526e-01 8.177148279116431828e-01 6.250438864948588691e-01 5.155510880958937836e-01 8.624123349066205035e-01 6.573848347211848075e-01 4.425527709174136848e-01 4.197036446453324965e-01 8.310452347662613537e-01 5.703602389824916630e-01 7.178033998074835331e-01 3.822105496389316404e-01 5.399083596398680518e-01 8.286750901354168475e-01 6.014908770360651857e-01 6.323012856725351849e-01 6.885039625219241399e-01 4.328748443137331314e-02 3.344933215824730244e-01 6.946948020794132539e-01 5.131776066583171314e-01 4.885798134996739983e-01 0.000000000000000000e+00 3.926005855040970438e-02 1.984823940447788537e-01 1.229018312039025229e-01 5.687667309941413230e-02 2.270505446990858101e-01 5.294757064523906154e-01
5.844761574415502370e-01 9.498838483547230593e-01 3.954591998866900382e-01 7.021649421469020602e-01 2.687219957186691710e-01 1.201426816916850715e-01 6.883559936257506173e-01 4.353977950543578834e-01 4.414906143677044259e-01 7.021334110151379315e-01 3.110278551565922034e-01 7.510556636897989247e-01 5.468569828066247585e-01 8.816020084599474060e-02 5.455536218456464859e-01 6.747312344520837168e-01 8.019488740429685514e-01 5.870316362548121392e-01 2.603024398633381198e-01 5.449286044612202673e-01 5.616670545916380153e-01 3.209216640971268575e-01 5.955639898781612818e-01 8.871796663012319062e-01 6.501342774429408333e-01 4.514899488152749885e-01 5.321599239808594284e-01 2.546046487290754001e-01 3.926005855040970438e-02 0.000000000000000000e+00 7.225981332631454812e-01 8.406607405780434084e-01 7.011679706475046903e-01 6.704049883734350956e-01 7.886225973917516674e-01
5.952483141477207251e-01 6.362300985488389404e-02 8.263100066173240110e-01 4.518194169541860927e-01 3.343647779805541398e-01 4.210426441390467400e-01 3.636577747126041871e-01 5.412244021615858491e-01 3.748344205775050453e-01 3.781758095565385114e-01 6.944555851326971174e-01 7.166133043524240964e-01 9.425564383899316390e-01 5.893570576754446622e-01 2.515213265739630888e-01 3.942460185750135682e-01 5.209966655548440295e-01 2.311986433525268225e-01 5.760367921331852603e-01 6.864630637390014556e-01 3.926032306428230978e-01 8.588252590944580600e-01 8.460128316162960349e-01 1.609649296130171159e-01 5.055041476894783781e-01 7.184206360741043351e-01 4.941839180489658867e-01 7.910942924199197979e-01 1.984823940447788537e-01 7.225981332631454812e-01 0.000000000000000000e+00 6.748889620809460643e-01 7.986300830134884787e-01 8.921776994189929422e-01 6.984767844059918129e-01
4.421834526955171207e-01 5.410488984400865231e-01 4.875597691857348481e-01 5.836250105973374014e-01 3.724479353627611067e-01 8.594780054300846794e-01 5.861746278063526550e-01 1.255100081336069096e-01 3.832874922257810679e-01 8.584736516856854571e-01 4.288553980396652143e-01 2.049997724616308137e-01 5.575561981700483116e-01 7.389463025052930290e-01 6.817561316280034145e-01 6.982339179268119977e-01 6.052576753594973713e-01 4.777820096994296328e-01 6.549280968038182493e-01 4.711872900180483215e-01 1.568523240144752418e-01 2.800965151814328591e-01 4.929577483077935418e-01 8.642068348515413723e-01 6.001441253294108602e-01 8.046627477836798548e-01 2.350411148276878581e-01 7.906118617138510052e-01 1.229018312039025229e-01 8.406607405780434084e-01 6.748889620809460643e-01 0.000000000000000000e+00 7.931361937894344516e-01 2.398227303494367968e-01 6.874228771476831312e-01
4.972322503566192209e-01 8.988926848352062349e-01 1.128707509694288902e-01 9.299791836480606477e-01 7.150267327602790601e-01 6.979615047182805565e-01 6.832411834805010020e-01 2.938371863377653437e-02 3.350276981788340991e-01 4.563812754787566761e-01 9.015207841789207865e-01 4.535033927375786145e-01 4.983193179794201955e-01 2.913027655960799267e-01 2.389993857622468854e-01 1.325434833914628241e-01 7.782105284766681619e-01 3.029600716841304164e-01 7.879774920105803160e-02 8.212652768272210579e-01 4.619078415493195755e-01 6.302207437523127398e-01 4.698464791324083456e-01 3.664637627747340254e-01 6.372147821770961507e-01 6.284188962574219772e-01 7.089190411327591645e-01 4.702123816975610215e-01 5.687667309941413230e-02 7.011679706475046903e-01 7.986300830134884787e-01 7.931361937894344516e-01 0.000000000000000000e+00 8.057949600785687672e-01 3.530495930473833699e-01
5.629292659650554365e-01 3.421015852484509678e-01 3.720681823907000529e-01 3.964068701433337560e-01 3.420442102475623747e-01 2.143000042154840079e-01 2.844150470882734205e-01 4.879286120865293785e-01 9.090236660382955414e-01 6.317312719644530006e-01 8.694742477030674710e-01 6.593409156557719086e-01 4.319777493115838363e-01 3.878794291028662689e-01 4.554273262080101858e-01 8.168798380396742331e-01 4.219898679529653363e-01 3.566473061521733268e-01 3.514957809476859651e-01 3.990818883960650654e-02 8.180837123401718536e-01 3.829451322475723174e-01 7.355142995619396995e-01 4.083682644272615403e-01 5.929683687768360079e-01 7.032539306403213786e-01 4.030895852834437965e-01 6.792350914276140683e-01 2.270505446990858101e-01 6.704049883734350956e-01 8.921776994189929422e-01 2.398227303494367968e-01 8.057949600785687672e-01 0.000000000000000000e+00 5.304466873885829159e-01
7.325995050233649053e-01 8.146189694784760071e-01 1.711785101144095433e-01 5.938459449026483039e-01 6.333620133072938030e-01 4.189061892178946866e-01 1.750260395946962033e-01 4.379380506830830022e-01 8.611366717708570651e-01 8.112800236494682737e-01 3.413980070403097589e-01 5.995405513649895157e-01 5.876048569811453959e-01 5.426587401318526682e-01 4.349536241157381244e-01 5.401005451196683183e-01 4.823242713051357211e-01 5.408395634245630745e-01 2.187069139746010693e-01 5.245587470937984609e-01 1.789077349751896917e-01 6.315854201572173032e-01 5.697960719461485635e-01 3.895164210753697676e-01 6.324740113595480606e-01 7.723455040957479811e-01 3.944504653485955137e-01 4.575985364636945829e-01 5.294757064523906154e-01 7.886225973917516674e-01 6.984767844059918129e-01 6.874228771476831312e-01 3.530495930473833699e-01 5.304466873885829159e-01 0.000000000000000000e+00
