0.000000000000000000e+00 4.892583682812348123e-01 7.785569572588071363e-01 2.320680942019359705e-02 5.350517617898327138e-01 6.831898893327685851e-01 1.421281306668447098e-01 4.187377678537263503e-01 1.899074939282909824e-01 6.353436248816760612e-01 8.735639443567533302e-02 9.688296474151482096e-01 8.568867203362608986e-01 3.544574509790303085e-01 8.363257935616622563e-01 4.090149687872411954e-01 5.824429823454567723e-01 2.244774616502228648e-01 6.278142092315914802e-01 9.283692057805690290e-01 9.937611247291044947e-02 2.399027440006542555e-01 4.326773132403154976e-01 7.961091943758107359e-01 5.667305848824302217e-01 4.447081370194997385e-01 7.968215793300210681e-01 3.980559309381860311e-01 5.403297244016359580e-01 6.045001715519308094e-01 6.256909953484792730e-01 7.942145285426980283e-01 3.684574915789746163e-01 5.652189576382571357e-01 3.221997277941170412e-01
4.892583682812348123e-01 0.000000000000000000e+00 6.204425674577476180e-01 7.280756150492905254e-01 6.942899435040550404e-01 6.818443158964461182e-01 5.386765082825643036e-01 5.591588108035583371e-01 5.460885357703322285e-01 7.480864069383683645e-01 1.301250859599569765e-01 7.856682720460035352e-01 2.840850672948582734e-01 8.783953107133368743e-02 9.734505901658083715e-01 5.636195498254104042e-01 2.012894823180523263e-01 8.180708378718042351e-01 8.445161478240954533e-01 4.345855174367145302e-01 4.626063226732712308e-01 4.522845228085404234e-01 5.753778990992208797e-01 5.716789311104583104e-01 4.495003082435806707e-01 5.884740814376379081e-01 5.624061395001567210e-01 6.062505616803501862e-01 6.831898027433639387e-01 4.967824274080444025e-01 4.504501543095091876e-01 8.103034014156160758e-01 4.926333212987284993e-01 8.563902588345132516e-01 4.395019195997381667e-01
7.785569572588071363e-01 6.204425674577476180e-01 0.000000000000000000e+00 8.554526210178203804e-01 4.921162385861475030e-01 6.924128477103583812e-01 5.598158391746688167e-01 6.969314355134175187e-01 2.841494245557149023e-01 7.359096903387360999e-01 3.737767904264693297e-01 6.482417288234418873e-01 7.209230748935759880e-01 2.855204291614465983e-01 7.114781301871115904e-01 2.705765682717392595e-01 6.382614060297244762e-01 6.361284742050898888e-02 3.433331304699709929e-01 2.744524261412764066e-01 4.639149716493694009e-01 5.807741772358880894e-01 6.034210291872728060e-01 5.861303729852325173e-01 5.782712535212598537e-01 9.031186963639649123e-01 4.870558296256363717e-01 8.219320484641554625e-01 5.651584835528138395e-01 4.761580806378419850e-01 6.162786286877786068e-01 3.152643587292093819e-01 4.236056275802260740e-01 8.892831678248800387e-01 6.936923183517067493e-01
2.320680942019359705e-02 7.280756150492905254e-01 8.554526210178203804e-01 0.000000000000000000e+00 8.177898144583801709e-01 6.996971731692509522e-01 7.727119345883026735e-01 7.784418192803119751e-01 5.396485000414181776e-01 2.433830224759844230e-01 3.376566898678244888e-01 5.801104575403193131e-01 3.942017883916514309e-01 3.304395349130114790e-01 5.726593371651697018e-01 4.913966057481766736e-01 9.095387881143031095e-01 7.244986749302118056e-02 1.397686107661173516e-01 2.413514744102377430e-01 5.131564130948895741e-01 9.149136662673269527e-01 5.974832352577450489e-01 1.083563552185936585e-01 3.936081952486197300e-01 3.106716756621692443e-01 5.455137760894173127e-01 5.070955624838088260e-01 1.743354129266452834e-01 6.750309818904096648e-01 3.952640573377155242e-01 7.308555580768030246e-01 8.614734972463875540e-01 4.510644520451476125e-01 5.694162017084929417e-01
5.350517617898327138e-01 6.942899435040550404e-01 4.921162385861475030e-01 8.177898144583801709e-01 0.000000000000000000e+00 5.958775936046116772e-01 5.081640328425865993e-01 3.281520951229458527e-01 5.055708915172216766e-01 7.149607608237507073e-01 6.441731346966206306e-01 5.277481995767725476e-01 2.904897986053769365e-01 2.346211252780892043e-01 1.028010770300410437e-01 9.326899527352742192e-01 7.031696492944383703e-01 9.136955367528445393e-01 3.042822402052551278e-01 4.420084553426886220e-01 8.147823691498161658e-01 6.099824257041719378e-01 4.430351149289041279e-01 4.825796905722763430e-01 6.322286334482973835e-02 4.002821211889830977e-01 4.762693164712206162e-02 1.318229720555396112e-01 6.623605153160012637e-01 1.264971868894448903e-02 3.297897349352447716e-01 4.852906027062403593e-01 8.564662490856346233e-01 1.716514857360569302e-01 5.049234807578014683e-01
6.831898893327685851e-01 6.818443158964461182e-01 6.924128477103583812e-01 6.996971731692509522e-01 5.958775936046116772e-01 0.000000000000000000e+00 3.880506944806558778e-01 6.001442600009387895e-01 6.886568124147042225e-01 4.302899278934648741e-01 5.641947856156328545e-01 1.702579674789914677e-01 6.836542443147300974e-01 3.025110134764639191e-01 5.397942056728410876e-01 9.142292300986680775e-01 3.547942200123939127e-01 4.711291478973306246e-01 5.369204981966467782e-01 4.725894206656759966e-01 5.842235416064286424e-01 4.405380425460159732e-01 9.937212049942356629e-02 8.693992327651460794e-01 8.507578889959817037e-01 2.976459500198390673e-01 2.250937592817574551e-01 4.668675077288820252e-01 3.069965202242473934e-01 8.547669915567511767e-01 1.211380409437962102e-01 4.642393590463410602e-01 2.376864589796917615e-01 1.848498383955988200e-01 5.059467360361327160e-01
1.421281306668447098e-01 5.386765082825643036e-01 5.598158391746688167e-01 7.727119345883026735e-01 5.081640328425865993e-01 3.880506944806558778e-01 0.000000000000000000e+00 2.648530405682961719e-01 8.546010171984532722e-01 2.851646976537763889e-01 6.124373676296324120e-02 2.357700945711416196e-01 8.204322958254953724e-01 4.941522200760279926e-01 6.605791031600840579e-01 7.146050137659654133e-01 3.936833825752453775e-01 4.202874296961200407e-01 8.069599114102417037e-01 7.766772257411633795e-01 7.769848947806562434e-01 7.948086126238140814e-01 7.364632892712221768e-01 1.716112374729792389e-01 6.308053574595057222e-01 5.536264473463017310e-01 3.648993704587512044e-01 6.975919320750398889e-01 5.294207904548309251e-01 9.234718819280334223e-01 5.343208779489750926e-01 7.495276046933141423e-01 2.794607305383258744e-01 6.109128774464317457e-01 4.873880495007407165e-01
4.187377678537263503e-01 5.591588108035583371e-01 6.969314355134175187e-01 7.784418192803119751e-01 3.281520951229458527e-01 6.001442600009387895e-01 2.648530405682961719e-01 0.000000000000000000e+00 5.279811813607863114e-01 9.286854416119434408e-01 8.485305675108800738e-01 5.248401641824318453e-01 8.697133346714220892e-01 4.702626315686432301e-01 2.042297353174302721e-01 1.021975043811530481e-01 4.217278594588149687e-01 4.054812766261982060e-01 1.133163821964290330e-01 2.610070738058742901e-01 8.483984799375225982e-01 6.992041459155262650e-01 1.906730247488246377e-01 8.154951818477683689e-01 6.959440319842231659e-01 7.175211879489289402e-01 8.056661257124777542e-01 5.166081308669675520e-01 8.167246918412391921e-01 7.063898126245857778e-01 2.752874031480797568e-01 7.468524634528360684e-01 8.130920814080937475e-01 7.843055574870165803e-01 5.279031046557647322e-02
1.899074939282909824e-01 5.460885357703322285e-01 2.841494245557149023e-01 5.396485000414181776e-01 5.055708915172216766e-01 6.886568124147042225e-01 8.546010171984532722e-01 5.279811813607863114e-01 0.000000000000000000e+00 3.794290247391373105e-01 8.086204178386436903e-01 9.951435636222312198e-01 3.345510553494427941e-01 9.641520030997625668e-01 6.995851814580047456e-01 6.041618926030066783e-01 6.074624476195282785e-01 6.903433677594228435e-01 6.152626018252712603e-01 5.406420754969731846e-01 4.084813220245427923e-01 4.762127272813801437e-01 4.486538116742140869e-01 6.575428066587040155e-01 7.655681688516309258e-01 7.380754749281890348e-01 6.856319900816175705e-01 7.524038942207871283e-01 5.324490653594304845e-01 5.666863715823602377e-01 7.645713744280772106e-01 5.082637057479963971e-01 6.105672176429326470e-01 6.122518784928188129e-01 6.957577617228205558e-01
6.353436248816760612e-01 7.480864069383683645e-01 7.359096903387360999e-01 2.433830224759844230e-01 7.149607608237507073e-01 4.302899278934648741e-01 2.851646976537763889e-01 9.286854416119434408e-01 3.794290247391373105e-01 0.000000000000000000e+00 3.952613706758709156e-01 5.230281858662190198e-01 1.783723136904038498e-01 7.652870494292950410e-01 4.246649552458917620e-01 2.005201905769731230e-01 3.633099479504251494e-01 2.803069350312830110e-01 2.579461893008637707e-01 5.145860931827618279e-01 9.695859735245280220e-01 5.119797380744439685e-01 9.570548090724750878e-01 7.064789877943349339e-01 4.668058958824172766e-01 2.784799297207233293e-01 6.322440025796669527e-01 5.787301194443210672e-01 6.040446079087803399e-01 7.461874353537125693e-01 5.033683043744885399e-01 5.607000098231540441e-01 5.833980136865855037e-01 6.753471542436528807e-01 2.679874832932605533e-01
8.735639443567533302e-02 1.301250859599569765e-01 3.737767904264693297e-01 3.376566898678244888e-01 6.441731346966206306e-01 5.641947856156328545e-01 6.124373676296324120e-02 8.485305675108800738e-01 8.086204178386436903e-01 3.952613706758709156e-01 0.000000000000000000e+00 3.258281356044702148e-01 4.196232400386195049e-01 6.746217942186896188e-01 8.400078015734127046e-01 8.494093237712696531e-01 3.189616906919355843e-01 8.010352691169766448e-01 5.976100235781329761e-01 7.707282103210760793e-01 8.167732411199755127e-01 5.246649415093784796e-02 4.349914128387747381e-01 3.239560781166273551e-01 4.800883905193090717e-01 3.660013756654334482e-02 8.527260276677109951e-01 4.403215291033403256e-01 6.337406939348352308e-01 8.528045076921983991e-01 7.049090688789951820e-01 9.545456199048596435e-01 3.999484641603077151e-01 7.909022326723165186e-01 4.662594217671152119e-01
9.688296474151482096e-01 7.856682720460035352e-01 6.482417288234418873e-01 5.801104575403193131e-01 5.277481995767725476e-01 1.702579674789914677e-01 2.357700945711416196e-01 5.248401641824318453e-01 9.951435636222312198e-01 5.230281858662190198e-01 3.258281356044702148e-01 0.000000000000000000e+00 8.683213113390142457e-02 5.125888117037906699e-01 7.198246543905388872e-01 1.740605594934183653e-01 3.634426267834238722e-01 5.465132205891332084e-01 6.203539366864163629e-01 6.882108543594198657e-01 4.149184670158089783e-01 6.376381033123608155e-01 5.548950938470866845e-01 8.112489331967894790e-01 5.682827411149705688e-01 5.905732584015629394e-01 5.071501860645510895e-01 4.880169374582360442e-01 3.410702660685212551e-01 5.064451388395055931e-01 4.968014939281882314e-01 4.766147230031747006e-01 6.320432009440735133e-02 7.676652765574745185e-01 4.328568488183807128e-01
8.568867203362608986e-01 2.840850672948582734e-01 7.209230748935759880e-01 3.942017883916514309e-01 2.904897986053769365e-01 6.836542443147300974e-01 8.204322958254953724e-01 8.697133346714220892e-01 3.345510553494427941e-01 1.783723136904038498e-01 4.196232400386195049e-01 8.683213113390142457e-02 0.000000000000000000e+00 6.233654053306185716e-01 4.083050263124672896e-01 3.361851018194689233e-01 4.783725669870310115e-01 6.404049781322942447e-01 4.672063893357483177e-01 5.054644893204087719e-01 6.054596267867464743e-01 6.412665748684447387e-01 3.219756636498387059e-01 5.243439386986057382e-01 2.424793750377643997e-01 2.827540358622733230e-01 9.192182881461763433e-02 4.260488198563214812e-01 7.186912146877688645e-01 4.957615508464256471e-01 2.580936567281842953e-01 5.456112318135384331e-01 5.166096522269661984e-01 4.680955106499976592e-01 1.924383386955551556e-01
3.544574509790303085e-01 8.783953107133368743e-02 2.855204291614465983e-01 3.304395349130114790e-01 2.346211252780892043e-01 3.025110134764639191e-01 4.941522200760279926e-01 4.702626315686432301e-01 9.641520030997625668e-01 7.652870494292950410e-01 6.746217942186896188e-01 5.125888117037906699e-01 6.233654053306185716e-01 0.000000000000000000e+00 5.643424384748492173e-01 8.153309675685538327e-01 4.549512620225997783e-01 4.621157816433310583e-01 5.155385846044157061e-01 2.589110854271141626e-01 4.549818694913115857e-01 8.323326897518159573e-01 8.023167957660056748e-01 5.604975679955938039e-01 8.927757557327845594e-01 7.566587464192069401e-01 4.070734871045412206e-01 3.790764098553976447e-01 2.768055902436452609e-01 4.568147444507107968e-01 7.236310001988849328e-01 6.625279283935634478e-01 8.565329665028307282e-01 8.493587825729520535e-01 5.164009517661192206e-01
8.363257935616622563e-01 9.734505901658083715e-01 7.114781301871115904e-01 5.726593371651697018e-01 1.028010770300410437e-01 5.397942056728410876e-01 6.605791031600840579e-01 2.042297353174302721e-01 6.995851814580047456e-01 4.246649552458917620e-01 8.400078015734127046e-01 7.198246543905388872e-01 4.083050263124672896e-01 5.643424384748492173e-01 0.000000000000000000e+00 5.937830078822986524e-01 5.090113384163980070e-01 6.284439075896689486e-01 3.448017947574361086e-01 4.838441992356363741e-01 7.433495065039057437e-01 5.099870179633566591e-01 6.179673155799336737e-01 2.414335581589649449e-01 9.554977519368812455e-01 7.942246105059754813e-01 7.340943655371986454e-01 4.582416644922843174e-01 6.521555811711882145e-01 5.393282269729187117e-01 3.919788097309979680e-01 7.071486223285670114e-01 8.284409342456706682e-01 3.566846008983841632e-01 2.924153484958444404e-01
4.090149687872411954e-01 5.636195498254104042e-01 2.705765682717392595e-01 4.913966057481766736e-01 9.326899527352742192e-01 9.142292300986680775e-01 7.146050137659654133e-01 1.021975043811530481e-01 6.041618926030066783e-01 2.005201905769731230e-01 8.494093237712696531e-01 1.740605594934183653e-01 3.361851018194689233e-01 8.153309675685538327e-01 5.937830078822986524e-01 0.000000000000000000e+00 4.618325286209044034e-01 1.070111359059666700e-01 5.022526522712977837e-01 5.395729421551997973e-01 3.021547437418892201e-01 5.485658943499915896e-01 7.081083623839240504e-01 2.545533518630226366e-01 7.842489684552034213e-02 5.175391179454515989e-01 8.715629207871724571e-01 5.596358093392448385e-01 3.391140423021450356e-01 3.990527166937758441e-01 3.997075320196780690e-01 6.054188368707811296e-01 6.859417379727784647e-01 5.142229447019603938e-01 5.064985294203608879e-01
5.824429823454567723e-01 2.012894823180523263e-01 6.382614060297244762e-01 9.095387881143031095e-01 7.031696492944383703e-01 3.547942200123939127e-01 3.936833825752453775e-01 4.217278594588149687e-01 6.074624476195282785e-01 3.633099479504251494e-01 3.189616906919355843e-01 3.634426267834238722e-01 4.783725669870310115e-01 4.549512620225997783e-01 5.090113384163980070e-01 4.618325286209044034e-01 0.000000000000000000e+00 8.567861068361370958e-01 6.178368393795746760e-01 8.484312860080036600e-01 6.464954402951187395e-01 6.197008553135732178e-01 5.036831168600282016e-01 7.519032375636977017e-01 3.052634330628661852e-01 1.912898977720201010e-01 4.018111734703891380e-01 1.755916244000572668e-01 5.344743518322160325e-01 6.030111190195017734e-01 4.767769847318710230e-01 5.413105263818726032e-01 1.812447220287833893e-01 9.529691331391523246e-01 3.833133002637570952e-01
2.244774616502228648e-01 8.180708378718042351e-01 6.361284742050898888e-02 7.244986749302118056e-02 9.136955367528445393e-01 4.711291478973306246e-01 4.202874296961200407e-01 4.054812766261982060e-01 6.903433677594228435e-01 2.803069350312830110e-01 8.010352691169766448e-01 5.465132205891332084e-01 6.404049781322942447e-01 4.621157816433310583e-01 6.284439075896689486e-01 1.070111359059666700e-01 8.567861068361370958e-01 0.000000000000000000e+00 5.395988824979285337e-01 8.902912865591463554e-01 2.851132305941025402e-01 1.410737307839664556e-01 5.293908064270141933e-01 2.808932530066872157e-01 6.448650214591420404e-01 3.658847806179386652e-01 5.573148870299077240e-01 6.036721102913026327e-01 2.476995456495795223e-01 2.890719653404416611e-02 7.267803780565633698e-01 6.707920200906647423e-01 3.941312831976200304e-01 5.162873120593068910e-01 5.360704039295695056e-01
6.278142092315914802e-01 8.445161478240954533e-01 3.433331304699709929e-01 1.397686107661173516e-01 3.042822402052551278e-01 5.369204981966467782e-01 8.069599114102417037e-01 1.133163821964290330e-01 6.152626018252712603e-01 2.579461893008637707e-01 5.976100235781329761e-01 6.203539366864163629e-01 4.672063893357483177e-01 5.155385846044157061e-01 3.448017947574361086e-01 5.022526522712977837e-01 6.178368393795746760e-01 5.395988824979285337e-01 0.000000000000000000e+00 4.739856978987492253e-01 5.053006862890017103e-01 5.110239879806084407e-01 2.873984355460365014e-01 6.840109951968335045e-01 4.977942719363614987e-01 5.163670861486563401e-01 2.023383350234241318e-01 9.727152355177874909e-01 8.508670536502015436e-01 6.648271139584545075e-01 2.767426320024878317e-01 5.368110432246698815e-01 2.422309989393788277e-01 3.942225630754817578e-01 3.107202917759578353e-01
9.283692057805690290e-01 4.345855174367145302e-01 2.744524261412764066e-01 2.413514744102377430e-01 4.420084553426886220e-01 4.725894206656759966e-01 7.766772257411633795e-01 2.610070738058742901e-01 5.406420754969731846e-01 5.145860931827618279e-01 7.707282103210760793e-01 6.882108543594198657e-01 5.054644893204087719e-01 2.589110854271141626e-01 4.838441992356363741e-01 5.395729421551997973e-01 8.484312860080036600e-01 8.902912865591463554e-01 4.739856978987492253e-01 0.000000000000000000e+00 3.930350555431437742e-01 5.680282012881895382e-01 6.285473634726589376e-01 7.122144144402156041e-01 1.922194092652542707e-01 2.070885769765089535e-01 4.942022794432524568e-01 8.717618389281626134e-01 4.117185832160258352e-01 3.495923443730556412e-01 5.588696101159491558e-01 4.315655134570349771e-01 8.017355012643321288e-01 4.990331426458441411e-01 6.862044029910774334e-01
9.937611247291044947e-02 4.626063226732712308e-01 4.639149716493694009e-01 5.131564130948895741e-01 8.147823691498161658e-01 5.842235416064286424e-01 7.769848947806562434e-01 8.483984799375225982e-01 4.084813220245427923e-01 9.695859735245280220e-01 8.167732411199755127e-01 4.149184670158089783e-01 6.054596267867464743e-01 4.549818694913115857e-01 7.433495065039057437e-01 3.021547437418892201e-01 6.464954402951187395e-01 2.851132305941025402e-01 5.053006862890017103e-01 3.930350555431437742e-01 0.000000000000000000e+00 2.932742847190897839e-01 7.167761802982346442e-01 7.027369772558849093e-01 8.882932091706907674e-01 1.634542419306282968e-01 4.000764565628733282e-01 3.738385376280098371e-01 5.597610656522259420e-01 2.910632000392627816e-01 4.870434887817668423e-01 3.991714648233279927e-01 2.006454088751344900e-01 3.191889788986914112e-01 6.334462739041867296e-01
2.399027440006542555e-01 4.522845228085404234e-01 5.807741772358880894e-01 9.149136662673269527e-01 6.099824257041719378e-01 4.405380425460159732e-01 7.948086126238140814e-01 6.992041459155262650e-01 4.762127272813801437e-01 5.119797380744439685e-01 5.246649415093784796e-02 6.376381033123608155e-01 6.412665748684447387e-01 8.323326897518159573e-01 5.099870179633566591e-01 5.485658943499915896e-01 6.197008553135732178e-01 1.410737307839664556e-01 5.110239879806084407e-01 5.680282012881895382e-01 2.932742847190897839e-01 0.000000000000000000e+00 2.312610849105141142e-01 5.026641956618000950e-01 7.010343776598098042e-01 1.208004085798436433e-01 1.825916748245342003e-01 4.102686030928921479e-01 5.338010585323564872e-01 3.745389298935108968e-02 5.415378085367502647e-01 3.415995564800644591e-01 2.754644459666471534e-01 1.994217297915850118e-01 2.151047892539408313e-01
4.326773132403154976e-01 5.753778990992208797e-01 6.034210291872728060e-01 5.974832352577450489e-01 4.430351149289041279e-01 9.937212049942356629e-02 7.364632892712221768e-01 1.906730247488246377e-01 4.486538116742140869e-01 9.570548090724750878e-01 4.349914128387747381e-01 5.548950938470866845e-01 3.219756636498387059e-01 8.023167957660056748e-01 6.179673155799336737e-01 7.081083623839240504e-01 5.036831168600282016e-01 5.293908064270141933e-01 2.873984355460365014e-01 6.285473634726589376e-01 7.167761802982346442e-01 2.312610849105141142e-01 0.000000000000000000e+00 8.932775615774704026e-01 3.549243403079596626e-01 7.563010229121396311e-01 9.506043643059430837e-01 1.987071684833534579e-01 3.716583929012798326e-01 7.962870100518424366e-01 5.294056463677896396e-01 5.169364007605670164e-01 7.916706898655654356e-01 6.600958443121878183e-01 8.883126886039633963e-01
7.961091943758107359e-01 5.716789311104583104e-01 5.861303729852325173e-01 1.083563552185936585e-01 4.825796905722763430e-01 8.693992327651460794e-01 1.716112374729792389e-01 8.154951818477683689e-01 6.575428066587040155e-01 7.064789877943349339e-01 3.239560781166273551e-01 8.112489331967894790e-01 5.243439386986057382e-01 5.604975679955938039e-01 2.414335581589649449e-01 2.545533518630226366e-01 7.519032375636977017e-01 2.808932530066872157e-01 6.840109951968335045e-01 7.122144144402156041e-01 7.027369772558849093e-01 5.026641956618000950e-01 8.932775615774704026e-01 0.000000000000000000e+00 8.668559489134197715e-02 5.253690442327834109e-01 5.555079236333182457e-01 1.915590477060142849e-01 7.031338727291878143e-01 2.774424647657214305e-01 7.762385786014731615e-01 5.580174438192249120e-01 8.391206945323645972e-01 2.077082453022457975e-01 2.485990234179367153e-01
5.667305848824302217e-01 4.495003082435806707e-01 5.782712535212598537e-01 3.936081952486197300e-01 6.322286334482973835e-02 8.507578889959817037e-01 6.308053574595057222e-01 6.959440319842231659e-01 7.655681688516309258e-01 4.668058958824172766e-01 4.800883905193090717e-01 5.682827411149705688e-01 2.424793750377643997e-01 8.927757557327845594e-01 9.554977519368812455e-01 7.842489684552034213e-02 3.052634330628661852e-01 6.448650214591420404e-01 4.977942719363614987e-01 1.922194092652542707e-01 8.882932091706907674e-01 7.010343776598098042e-01 3.549243403079596626e-01 8.668559489134197715e-02 0.000000000000000000e+00 7.040651423515535967e-01 6.211436354106140145e-01 9.737089589342400320e-01 2.460272723281021201e-01 6.593310257886633163e-01 4.628270420172182487e-01 7.856927961790172166e-01 4.996142848741553788e-01 3.801837794266690884e-01 6.942148847010451984e-01
4.447081370194997385e-01 5.884740814376379081e-01 9.031186963639649123e-01 3.106716756621692443e-01 4.002821211889830977e-01 2.976459500198390673e-01 5.536264473463017310e-01 7.175211879489289402e-01 7.380754749281890348e-01 2.784799297207233293e-01 3.660013756654334482e-02 5.905732584015629394e-01 2.827540358622733230e-01 7.566587464192069401e-01 7.942246105059754813e-01 5.175391179454515989e-01 1.912898977720201010e-01 3.658847806179386652e-01 5.163670861486563401e-01 2.070885769765089535e-01 1.634542419306282968e-01 1.208004085798436433e-01 7.563010229121396311e-01 5.253690442327834109e-01 7.040651423515535967e-01 0.000000000000000000e+00 5.958516443910656379e-01 6.572952916100569531e-01 2.063904493535414497e-01 7.181334563713933639e-01 7.855658348995753215e-01 5.153640641698592484e-01 9.815124444607830068e-01 6.097654653081009402e-01 1.815694372990381833e-01
7.968215793300210681e-01 5.624061395001567210e-01 4.870558296256363717e-01 5.455137760894173127e-01 4.762693164712206162e-02 2.250937592817574551e-01 3.648993704587512044e-01 8.056661257124777542e-01 6.856319900816175705e-01 6.322440025796669527e-01 8.527260276677109951e-01 5.071501860645510895e-01 9.192182881461763433e-02 4.070734871045412206e-01 7.340943655371986454e-01 8.715629207871724571e-01 4.018111734703891380e-01 5.573148870299077240e-01 2.023383350234241318e-01 4.942022794432524568e-01 4.000764565628733282e-01 1.825916748245342003e-01 9.506043643059430837e-01 5.555079236333182457e-01 6.211436354106140145e-01 5.958516443910656379e-01 0.000000000000000000e+00 3.815918573947115755e-01 4.339954756151783166e-01 4.915818976599517498e-01 5.806291024511196497e-01 5.473764137991892209e-01 2.821593408741318587e-01 5.260299722471055706e-01 6.897074124101578718e-01
3.980559309381860311e-01 6.062505616803501862e-01 8.219320484641554625e-01 5.070955624838088260e-01 1.318229720555396112e-01 4.668675077288820252e-01 6.975919320750398889e-01 5.166081308669675520e-01 7.524038942207871283e-01 5.787301194443210672e-01 4.403215291033403256e-01 4.880169374582360442e-01 4.260488198563214812e-01 3.790764098553976447e-01 4.582416644922843174e-01 5.596358093392448385e-01 1.755916244000572668e-01 6.036721102913026327e-01 9.727152355177874909e-01 8.717618389281626134e-01 3.738385376280098371e-01 4.102686030928921479e-01 1.987071684833534579e-01 1.915590477060142849e-01 9.737089589342400320e-01 6.572952916100569531e-01 3.815918573947115755e-01 0.000000000000000000e+00 8.557132634393501691e-01 4.989355187375070777e-01 5.079186188818541892e-01 8.308746536998010690e-01 5.442835050231343841e-01 6.477832311744102789e-01 4.946868286921855540e-01
5.403297244016359580e-01 6.831898027433639387e-01 5.651584835528138395e-01 1.743354129266452834e-01 6.623605153160012637e-01 3.069965202242473934e-01 5.294207904548309251e-01 8.167246918412391921e-01 5.324490653594304845e-01 6.040446079087803399e-01 6.337406939348352308e-01 3.410702660685212551e-01 7.186912146877688645e-01 2.768055902436452609e-01 6.521555811711882145e-01 3.391140423021450356e-01 5.344743518322160325e-01 2.476995456495795223e-01 8.508670536502015436e-01 4.117185832160258352e-01 5.597610656522259420e-01 5.338010585323564872e-01 3.716583929012798326e-01 7.031338727291878143e-01 2.460272723281021201e-01 2.063904493535414497e-01 4.339954756151783166e-01 8.557132634393501691e-01 0.000000000000000000e+00 5.977657538833629491e-01 6.342881297259759243e-01 3.955154497196289309e-02 6.772112840814943358e-01 4.053884529450167418e-01 1.857432718292945095e-01
6.045001715519308094e-01 4.967824274080444025e-01 4.761580806378419850e-01 6.750309818904096648e-01 1.264971868894448903e-02 8.547669915567511767e-01 9.234718819280334223e-01 7.063898126245857778e-01 5.666863715823602377e-01 7.461874353537125693e-01 8.528045076921983991e-01 5.064451388395055931e-01 4.957615508464256471e-01 4.568147444507107968e-01 5.393282269729187117e-01 3.990527166937758441e-01 6.030111190195017734e-01 2.890719653404416611e-02 6.648271139584545075e-01 3.495923443730556412e-01 2.910632000392627816e-01 3.745389298935108968e-02 7.962870100518424366e-01 2.774424647657214305e-01 6.593310257886633163e-01 7.181334563713933639e-01 4.915818976599517498e-01 4.989355187375070777e-01 5.977657538833629491e-01 0.000000000000000000e+00 4.481099078935221192e-01 5.272761523376179316e-01 8.733071193808066290e-01 9.250613770251137069e-01 4.721620537426483022e-01
6.256909953484792730e-01 4.504501543095091876e-01 6.162786286877786068e-01 3.952640573377155242e-01 3.297897349352447716e-01 1.211380409437962102e-01 5.343208779489750926e-01 2.752874031480797568e-01 7.645713744280772106e-01 5.033683043744885399e-01 7.049090688789951820e-01 4.968014939281882314e-01 2.580936567281842953e-01 7.236310001988849328e-01 3.919788097309979680e-01 3.997075320196780690e-01 4.767769847318710230e-01 7.267803780565633698e-01 2.767426320024878317e-01 5.588696101159491558e-01 4.870434887817668423e-01 5.415378085367502647e-01 5.294056463677896396e-01 7.762385786014731615e-01 4.628270420172182487e-01 7.855658348995753215e-01 5.806291024511196497e-01 5.079186188818541892e-01 6.342881297259759243e-01 4.481099078935221192e-01 0.000000000000000000e+00 3.164612184548286633e-01 5.545922581340616553e-01 3.466543073058011015e-01 3.621562601468112375e-01
7.942145285426980283e-01 8.103034014156160758e-01 3.152643587292093819e-01 7.308555580768030246e-01 4.852906027062403593e-01 4.642393590463410602e-01 7.495276046933141423e-01 7.468524634528360684e-01 5.082637057479963971e-01 5.607000098231540441e-01 9.545456199048596435e-01 4.766147230031747006e-01 5.456112318135384331e-01 6.625279283935634478e-01 7.071486223285670114e-01 6.054188368707811296e-01 5.413105263818726032e-01 6.707920200906647423e-01 5.368110432246698815e-01 4.315655134570349771e-01 3.991714648233279927e-01 3.415995564800644591e-01 5.169364007605670164e-01 5.580174438192249120e-01 7.856927961790172166e-01 5.153640641698592484e-01 5.473764137991892209e-01 8.308746536998010690e-01 3.955154497196289309e-02 5.272761523376179316e-01 3.164612184548286633e-01 0.000000000000000000e+00 6.137298973662785873e-01 6.968061254057464904e-01 7.858509292948668845e-01
3.684574915789746163e-01 4.926333212987284993e-01 4.236056275802260740e-01 8.614734972463875540e-01 8.564662490856346233e-01 2.376864589796917615e-01 2.794607305383258744e-01 8.130920814080937475e-01 6.105672176429326470e-01 5.833980136865855037e-01 3.999484641603077151e-01 6.320432009440735133e-02 5.166096522269661984e-01 8.565329665028307282e-01 8.284409342456706682e-01 6.859417379727784647e-01 1.812447220287833893e-01 3.941312831976200304e-01 2.422309989393788277e-01 8.017355012643321288e-01 2.006454088751344900e-01 2.754644459666471534e-01 7.916706898655654356e-01 8.391206945323645972e-01 4.996142848741553788e-01 9.815124444607830068e-01 2.821593408741318587e-01 5.442835050231343841e-01 6.772112840814943358e-01 8.733071193808066290e-01 5.545922581340616553e-01 6.137298973662785873e-01 0.000000000000000000e+00 5.826088474706344611e-01 8.227266413397307243e-01
5.652189576382571357e-01 8.563902588345132516e-01 8.892831678248800387e-01 4.510644520451476125e-01 1.716514857360569302e-01 1.848498383955988200e-01 6.109128774464317457e-01 7.843055574870165803e-01 6.122518784928188129e-01 6.753471542436528807e-01 7.909022326723165186e-01 7.676652765574745185e-01 4.680955106499976592e-01 8.493587825729520535e-01 3.566846008983841632e-01 5.142229447019603938e-01 9.529691331391523246e-01 5.162873120593068910e-01 3.942225630754817578e-01 4.990331426458441411e-01 3.191889788986914112e-01 1.994217297915850118e-01 6.600958443121878183e-01 2.077082453022457975e-01 3.801837794266690884e-01 6.097654653081009402e-01 5.260299722471055706e-01 6.477832311744102789e-01 4.053884529450167418e-01 9.250613770251137069e-01 3.466543073058011015e-01 6.968061254057464904e-01 5.826088474706344611e-01 0.000000000000000000e+00 3.193210984532847130e-01
3.221997277941170412e-01 4.395019195997381667e-01 6.936923183517067493e-01 5.694162017084929417e-01 5.049234807578014683e-01 5.059467360361327160e-01 4.873880495007407165e-01 5.279031046557647322e-02 6.957577617228205558e-01 2.679874832932605533e-01 4.662594217671152119e-01 4.328568488183807128e-01 1.924383386955551556e-01 5.164009517661192206e-01 2.924153484958444404e-01 5.064985294203608879e-01 3.833133002637570952e-01 5.360704039295695056e-01 3.107202917759578353e-01 6.862044029910774334e-01 6.334462739041867296e-01 2.151047892539408313e-01 8.883126886039633963e-01 2.485990234179367153e-01 6.942148847010451984e-01 1.815694372990381833e-01 6.897074124101578718e-01 4.946868286921855540e-01 1.857432718292945095e-01 4.721620537426483022e-01 3.621562601468112375e-01 7.858509292948668845e-01 8.227266413397307243e-01 3.193210984532847130e-01 0.000000000000000000e+00
