0.000000000000000000e+00 5.933815837296682050e-01 6.663190507172361832e-01 4.993834179057977107e-01 9.208534219037516344e-01 3.468702931673846579e-01 7.496199973821286999e-01 4.845061169192663719e-01 5.955753284041043205e-01 3.796090560603688213e-01 6.903462306843407559e-01 4.552755258879894185e-01 4.824678900542269666e-01 3.925524672212336030e-01 8.008329825873885532e-01 1.550334334172021045e-01 2.284854469576919067e-01 4.460076835744448132e-01 2.919598461554496760e-01 1.868678815252498016e-01 5.261638110132537127e-01 4.958527276693392993e-01 3.358208498551571441e-01 3.628050174713328691e-01 4.137539320849303870e-01 4.418085761645885179e-01 3.429376229715374036e-01 5.629462395959032861e-01 3.908376099553101390e-01 4.583265142498470501e-01 6.608422231804185198e-01 3.422864270374724738e-01 7.386156266086938427e-01 4.646454559724310651e-01 5.214243442573640586e-01
5.933815837296682050e-01 0.000000000000000000e+00 5.896557186283256646e-01 4.076240449426830614e-01 2.103926331200476341e-01 4.059651956036725573e-01 1.220193548831267627e-01 5.549755554597520790e-01 7.097169526220610258e-01 3.431822259110463014e-01 4.574427220379332359e-01 3.869356571463230532e-01 2.610200546938842292e-01 3.928114416415465215e-01 8.094906292081769372e-01 6.429330254620087004e-01 6.269520914749981966e-01 5.164868728512630458e-01 5.604794696300712253e-01 4.106428678568167512e-01 6.033048105700866692e-01 8.666062587862216615e-01 7.655839098966683576e-01 5.465855836116545463e-01 4.724745982441954095e-01 4.780047952548922563e-01 4.629165528238605165e-01 7.791245721679092018e-01 3.666356566090004931e-01 7.529945510055354729e-01 5.971050963407642520e-01 4.512125791105584538e-01 7.725886497120120211e-01 4.803966281448697750e-01 8.224411485122933296e-01
6.663190507172361832e-01 5.896557186283256646e-01 0.000000000000000000e+00 8.012582228949034491e-01 5.040165502340882009e-01 7.506428310954980088e-01 5.008410497845110498e-01 4.369986834623346139e-01 7.549618578360350885e-01 4.294401274084254094e-01 4.700031990788929859e-01 6.021389201230781252e-01 4.316001879445653944e-01 7.511375426367146169e-01 5.077628189858591767e-01 7.903232647008548994e-01 5.061576538749636978e-01 3.841943395275227435e-01 8.041244777104127328e-01 5.147211580158684852e-01 6.919822837387485936e-01 3.859366114065728159e-01 8.987993532145177600e-02 2.543001623979175285e-01 5.586049063235194456e-01 9.581664448098607956e-01 6.330561428880514541e-01 4.486712583734168147e-01 4.679733477915012929e-01 7.488217266503680580e-01 7.827586496722731546e-01 4.180460978241559156e-01 8.918923380227852249e-01 8.753408091203890296e-01 5.327628617589335036e-01
4.993834179057977107e-01 4.076240449426830614e-01 8.012582228949034491e-01 0.000000000000000000e+00 4.740001367192786530e-01 4.190111083762619870e-01 5.616843413271943586e-01 2.308545451712728791e-01 3.091696627743880099e-01 5.385796569842959958e-01 2.739583814223065517e-01 4.985593344955739914e-01 2.166558301004352927e-01 5.507945065396993023e-01 4.045269339377407514e-01 8.930985400798419072e-01 2.713638133743528358e-01 8.707499870035959599e-01 9.314532345781558753e-01 3.796568750092353950e-01 8.516921984119267819e-01 8.443539933409704989e-01 4.521573128319733570e-01 7.754616001246263934e-01 7.294443237624066434e-01 1.442021467835419291e-01 5.193483272803406381e-01 4.286790961859493487e-01 5.237269074716106587e-01 5.585897584009739125e-01 3.612261684072112233e-01 9.181310538989014836e-01 5.100764077346349179e-01 6.561669280547710592e-01 4.375769507437629047e-01
9.208534219037516344e-01 2.103926331200476341e-01 5.040165502340882009e-01 4.740001367192786530e-01 0.000000000000000000e+00 9.400952737057125530e-01 4.297428668580475231e-01 3.904792480453934678e-01 6.018057067927253811e-01 6.226293776450733120e-01 3.691779883714134680e-01 8.314942580018118701e-01 7.334302161713841528e-01 4.687902099283346447e-01 1.036895522824902161e-01 9.607390117240528493e-01 3.881311598554219033e-01 1.446384923834604930e-01 9.407725131359012671e-02 4.457917290993758108e-01 5.932378782789698990e-01 3.403712432310439517e-01 2.217095250050548083e-01 4.911755308710465950e-01 6.632280764928659700e-01 9.434756831717678871e-01 4.666327808367316532e-01 2.502615220928958162e-01 7.042715302863178373e-01 4.488593686728531429e-01 1.908373563823619889e-01 4.710961914599648970e-01 5.787136212558148252e-01 9.315712051768365587e-02 8.882302544945426259e-01
3.468702931673846579e-01 4.059651956036725573e-01 7.506428310954980088e-01 4.190111083762619870e-01 9.400952737057125530e-01 0.000000000000000000e+00 8.057352843706488965e-01 5.480066484402944527e-01 9.372940931231217299e-01 6.696958084801245548e-01 6.464777767431193478e-01 4.810145658098973764e-01 7.211695659082083543e-01 9.150150331899206124e-01 8.538230706196290321e-01 8.448930948603317059e-02 6.552951683392311821e-01 6.971123574437556591e-01 7.428962535418287549e-02 7.969953953375557010e-01 5.251610838030333905e-01 7.617432708600997415e-01 5.369950397741185544e-01 8.146767556789921150e-01 4.745113087570816401e-01 2.244820978170608550e-01 5.212892079288944380e-01 7.717889881647833628e-01 9.320718608049938236e-02 6.134573020031270918e-01 7.269917006513068047e-01 3.016236825352813788e-02 3.343629931046493420e-01 7.440785390831714530e-01 4.697080353229224903e-01
7.496199973821286999e-01 1.220193548831267627e-01 5.008410497845110498e-01 5.616843413271943586e-01 4.297428668580475231e-01 8.057352843706488965e-01 0.000000000000000000e+00 6.599645444003119366e-01 7.904563711435516060e-01 4.220959388105186560e-01 4.794847729739132869e-01 7.349627718918065877e-01 6.875758908577925821e-01 7.843402744307549357e-01 6.661445122432456678e-01 7.194179554444490865e-01 5.159770472263572882e-01 9.026817083875144920e-01 1.658558902343479913e-01 2.259403173018654509e-01 4.559278315044874019e-01 4.809662163726129425e-01 8.729881295455208523e-01 8.222370670209131482e-01 6.816936712243903962e-02 5.770626761814794392e-01 5.313127166614877162e-01 9.686403849417192236e-01 4.039464876368273893e-01 7.187370668995699541e-01 7.421958825169361340e-01 5.263194982289192136e-01 3.879153507652681743e-01 1.325114660523341037e-01 4.907384484164755700e-01
4.845061169192663719e-01 5.549755554597520790e-01 4.369986834623346139e-01 2.308545451712728791e-01 3.904792480453934678e-01 5.480066484402944527e-01 6.599645444003119366e-01 0.000000000000000000e+00 9.417452730079628465e-01 5.803994965763431546e-01 5.706479653241935956e-01 7.342250755855478372e-01 1.474674273272674752e-01 7.390553360872256228e-01 8.937451802970487469e-01 6.768565742481198466e-01 3.712352680886623624e-01 2.688557061036014328e-01 1.865822692841102581e-01 7.889043321057116476e-01 8.748409622608380731e-01 7.268123573441878094e-01 9.504911451050441773e-01 7.780404032138061865e-01 4.884114150383883080e-01 3.449074748350481889e-01 5.271632193814590472e-01 1.529414619039147771e-01 5.337801785984028768e-01 1.512042545295745333e-01 2.291165877963309561e-01 8.115633378026030353e-01 4.232960856865261023e-01 3.787455570762320867e-01 6.633681993479690897e-01
5.955753284041043205e-01 7.097169526220610258e-01 7.549618578360350885e-01 3.091696627743880099e-01 6.018057067927253811e-01 9.372940931231217299e-01 7.904563711435516060e-01 9.417452730079628465e-01 0.000000000000000000e+00 4.608879044689356830e-01 7.687641204734207978e-01 2.450507797459164638e-01 8.799706338103958636e-01 4.482264056645783312e-01 7.552319946377723525e-01 8.576439564354616518e-01 5.772526629696083100e-01 8.405958872678604976e-01 9.797690765012887493e-01 5.858729605220658332e-01 6.063770295080503914e-01 3.836186495210636704e-01 5.795614322518652939e-01 2.379352275009378737e-01 7.224409842281095395e-01 3.839821099924600745e-01 8.769315045958794297e-01 3.381990747686859367e-01 6.045553400726219051e-01 2.518207943078235589e-01 5.101160349427309448e-01 6.969319884891904682e-01 9.755248354020387147e-01 5.955123579963268465e-01 4.660597732022481177e-01
3.796090560603688213e-01 3.431822259110463014e-01 4.294401274084254094e-01 5.385796569842959958e-01 6.226293776450733120e-01 6.696958084801245548e-01 4.220959388105186560e-01 5.803994965763431546e-01 4.608879044689356830e-01 0.000000000000000000e+00 5.788507730183483080e-01 3.436538191111655483e-01 8.216044352697098319e-01 3.164306768906971490e-01 7.546956284091141942e-01 9.285020527643852439e-01 8.399404208568832519e-01 9.641619959353244784e-01 7.085795300424135856e-01 2.378327379125183549e-01 9.728937248677314020e-01 4.782309248968421578e-01 1.216595208220889734e-01 6.049053361684149088e-01 4.732088044299302965e-01 6.480678236039248974e-01 8.446927739510766697e-01 5.901129586514368697e-01 3.500774750648718014e-01 9.139108390150780803e-01 5.202153681944614583e-01 7.556942451168546793e-01 6.821583937084239047e-01 4.729155638449541454e-01 4.420492409692903246e-01
6.903462306843407559e-01 4.574427220379332359e-01 4.700031990788929859e-01 2.739583814223065517e-01 3.691779883714134680e-01 6.464777767431193478e-01 4.794847729739132869e-01 5.706479653241935956e-01 7.687641204734207978e-01 5.788507730183483080e-01 0.000000000000000000e+00 4.297766010929376379e-01 5.754237705932091496e-01 2.027698796848256269e-01 7.238043715713919912e-01 4.293555305700849090e-01 4.055231348971429228e-01 5.177900401538175768e-01 3.826320978835595632e-01 9.264453859834285154e-01 8.914283769372051136e-01 4.564628465712514127e-01 8.167082494661268566e-01 5.417935409036451766e-01 9.225332863722726096e-01 5.008489769205847209e-01 8.278797046771807500e-01 6.182538194311486546e-01 9.041731375476687038e-01 9.216140731894031379e-01 2.858598114266970303e-01 9.119526598158479436e-01 7.412165141112285749e-01 9.582851484197137948e-01 6.659955310590583988e-01
4.552755258879894185e-01 3.869356571463230532e-01 6.021389201230781252e-01 4.985593344955739914e-01 8.314942580018118701e-01 4.810145658098973764e-01 7.349627718918065877e-01 7.342250755855478372e-01 2.450507797459164638e-01 3.436538191111655483e-01 4.297766010929376379e-01 0.000000000000000000e+00 4.136832094505259461e-01 9.168467742303576529e-01 7.504651822740637801e-02 3.370395563979888820e-01 2.251335915118875541e-01 8.107903370228253248e-01 8.085630836469426264e-01 6.625719245482495356e-01 4.568865127931828751e-01 2.598487468561092584e-01 6.508821234490548280e-01 5.694477747269485191e-01 5.574330567357574928e-01 3.086474142950412780e-01 8.756452239929766179e-01 2.445961917390101492e-01 6.540496285338999183e-01 3.259513626531562736e-01 3.252646700523729173e-01 8.181872167969785892e-01 6.803462940223885536e-01 7.018474243353600706e-01 7.021232492823519244e-01
4.824678900542269666e-01 2.610200546938842292e-01 4.316001879445653944e-01 2.166558301004352927e-01 7.334302161713841528e-01 7.211695659082083543e-01 6.875758908577925821e-01 1.474674273272674752e-01 8.799706338103958636e-01 8.216044352697098319e-01 5.754237705932091496e-01 4.136832094505259461e-01 0.000000000000000000e+00 2.600840482924856034e-01 9.367470336936079001e-02 7.809731237116284142e-01 5.760563166392667078e-01 5.337734954424735445e-01 3.550637792674370408e-01 7.488693609634312631e-01 6.704981614928312572e-01 6.438236651122423160e-01 4.651198805820977444e-02 2.995855254581001326e-01 8.066515555969040463e-01 8.840311882479439110e-01 7.102485053209705024e-01 5.232178519964860719e-01 5.176437922683267967e-01 7.896944774212812934e-01 5.392753644503800459e-01 3.624862964850406044e-01 7.419670273209284517e-01 5.331825083468352267e-01 5.781381809762744517e-01
3.925524672212336030e-01 3.928114416415465215e-01 7.511375426367146169e-01 5.507945065396993023e-01 4.687902099283346447e-01 9.150150331899206124e-01 7.843402744307549357e-01 7.390553360872256228e-01 4.482264056645783312e-01 3.164306768906971490e-01 2.027698796848256269e-01 9.168467742303576529e-01 2.600840482924856034e-01 0.000000000000000000e+00 9.184288263854905043e-01 1.029054440626733236e-01 5.676606796577572389e-01 4.894960135130626555e-01 3.342819731018353835e-01 4.157262515518547752e-01 4.484019298299367629e-01 3.995377720039250402e-01 8.907836823192468723e-01 4.818605249518471689e-01 8.511704353303626291e-01 8.456417095055037692e-01 3.974676864350693006e-01 8.592890105989636762e-01 7.749214116310207956e-01 9.751723518464361362e-02 8.021314661570115856e-01 3.306284528099326936e-01 2.962507211553057074e-01 2.623355370194052627e-01 5.309703719339542438e-01
8.008329825873885532e-01 8.094906292081769372e-01 5.077628189858591767e-01 4.045269339377407514e-01 1.036895522824902161e-01 8.538230706196290321e-01 6.661445122432456678e-01 8.937451802970487469e-01 7.552319946377723525e-01 7.546956284091141942e-01 7.238043715713919912e-01 7.504651822740637801e-02 9.367470336936079001e-02 9.184288263854905043e-01 0.000000000000000000e+00 4.955786432560734811e-01 6.261796423990911853e-01 5.063111867754279682e-01 4.748115886508384453e-01 3.611955984026430921e-01 8.165269332329032625e-01 8.871063015354956338e-01 7.273760847662951168e-01 5.162493812919034530e-01 1.481632662160845548e-01 8.229064308100764169e-01 7.935468800156976199e-01 3.455033294963223978e-01 6.099294122680403163e-01 6.846051331594038558e-01 6.308733389743499398e-01 5.499402585732513504e-01 4.384099757200636827e-01 3.849252293178751505e-01 4.942158364547547533e-01
1.550334334172021045e-01 6.429330254620087004e-01 7.903232647008548994e-01 8.930985400798419072e-01 9.607390117240528493e-01 8.448930948603317059e-02 7.194179554444490865e-01 6.768565742481198466e-01 8.576439564354616518e-01 9.285020527643852439e-01 4.293555305700849090e-01 3.370395563979888820e-01 7.809731237116284142e-01 1.029054440626733236e-01 4.955786432560734811e-01 0.000000000000000000e+00 4.572747944375686879e-01 8.380905525575164106e-01 1.142173102050600964e-01 8.936449103395820437e-01 6.481961706686405478e-01 6.873995235793171066e-01 6.885356108040842082e-01 4.809078776720537851e-01 8.061706338261656057e-01 5.018260005296710791e-01 7.129547110429818035e-01 1.669349273966814762e-01 4.910874825059687865e-01 5.785967795882427378e-01 6.918025263259980351e-01 3.371276480310099188e-01 1.130176649319731830e-01 2.907880736614910644e-01 8.853528302411681761e-01
2.284854469576919067e-01 6.269520914749981966e-01 5.061576538749636978e-01 2.713638133743528358e-01 3.881311598554219033e-01 6.552951683392311821e-01 5.159770472263572882e-01 3.712352680886623624e-01 5.772526629696083100e-01 8.399404208568832519e-01 4.055231348971429228e-01 2.251335915118875541e-01 5.760563166392667078e-01 5.676606796577572389e-01 6.261796423990911853e-01 4.572747944375686879e-01 0.000000000000000000e+00 5.798909661010709371e-03 6.971748464647773424e-01 1.405708984245578330e-01 3.723588015693565234e-01 8.842002856628095042e-01 5.278787193664105093e-01 2.105258323567205103e-02 7.807872873611620967e-01 4.013708822317873515e-01 6.628118950402401843e-01 7.827642754911630085e-01 7.909829320792105545e-01 4.392481431583501461e-01 6.449834234192219906e-01 9.232448412008849026e-01 7.467690122571590816e-01 5.380722975228928728e-01 6.622754094850044071e-01
4.460076835744448132e-01 5.164868728512630458e-01 3.841943395275227435e-01 8.707499870035959599e-01 1.446384923834604930e-01 6.971123574437556591e-01 9.026817083875144920e-01 2.688557061036014328e-01 8.405958872678604976e-01 9.641619959353244784e-01 5.177900401538175768e-01 8.107903370228253248e-01 5.337734954424735445e-01 4.894960135130626555e-01 5.063111867754279682e-01 8.380905525575164106e-01 5.798909661010709371e-03 0.000000000000000000e+00 2.049617847033529394e-01 4.006470371333100688e-01 7.271278881513696390e-01 8.023754717045668006e-01 7.329131314696738508e-01 5.937697671941570832e-01 3.621875761625830137e-01 6.386617183241489748e-01 3.800452601904301675e-01 4.541387603522337724e-01 2.805207784002974325e-01 7.941160416344316131e-01 8.366942425020764684e-01 2.821892476778728454e-01 4.405347085679768293e-01 3.326874745030947156e-01 8.949578402728171067e-01
2.919598461554496760e-01 5.604794696300712253e-01 8.041244777104127328e-01 9.314532345781558753e-01 9.407725131359012671e-02 7.428962535418287549e-02 1.658558902343479913e-01 1.865822692841102581e-01 9.797690765012887493e-01 7.085795300424135856e-01 3.826320978835595632e-01 8.085630836469426264e-01 3.550637792674370408e-01 3.342819731018353835e-01 4.748115886508384453e-01 1.142173102050600964e-01 6.971748464647773424e-01 2.049617847033529394e-01 0.000000000000000000e+00 7.262610208670112755e-01 6.801502319467611635e-01 5.895266974734004739e-01 1.585876196351356793e-01 1.723814564585796072e-01 5.932177407828861382e-01 8.868001332505262013e-01 5.893999938764588054e-01 9.291220509243196535e-01 1.520697647816900977e-01 4.585991025463267423e-01 5.968925489834900899e-01 4.663729221382099666e-01 5.444810632756005297e-01 9.182102312879061312e-01 4.942307895729350919e-01
1.868678815252498016e-01 4.106428678568167512e-01 5.147211580158684852e-01 3.796568750092353950e-01 4.457917290993758108e-01 7.969953953375557010e-01 2.259403173018654509e-01 7.889043321057116476e-01 5.858729605220658332e-01 2.378327379125183549e-01 9.264453859834285154e-01 6.625719245482495356e-01 7.488693609634312631e-01 4.157262515518547752e-01 3.611955984026430921e-01 8.936449103395820437e-01 1.405708984245578330e-01 4.006470371333100688e-01 7.262610208670112755e-01 0.000000000000000000e+00 5.918671211654396025e-01 6.025054891746345342e-01 4.869485626077354468e-01 5.399056967910175198e-01 8.268268601421773223e-01 5.122560919657377365e-01 7.648098391468791668e-01 3.418271835667525682e-01 8.803292032650711363e-01 4.096808422434229935e-01 5.201535352221814401e-01 7.361602506977195093e-01 6.056099324616677215e-01 6.873394297122578100e-01 6.175374899622290137e-01
5.261638110132537127e-01 6.033048105700866692e-01 6.919822837387485936e-01 8.516921984119267819e-01 5.932378782789698990e-01 5.251610838030333905e-01 4.559278315044874019e-01 8.748409622608380731e-01 6.063770295080503914e-01 9.728937248677314020e-01 8.914283769372051136e-01 4.568865127931828751e-01 6.704981614928312572e-01 4.484019298299367629e-01 8.165269332329032625e-01 6.481961706686405478e-01 3.723588015693565234e-01 7.271278881513696390e-01 6.801502319467611635e-01 5.918671211654396025e-01 0.000000000000000000e+00 7.874640400334882440e-01 4.199608592291187992e-01 9.508200550493879355e-01 7.243112086940249883e-01 4.927770325862262935e-01 5.239567873255741581e-01 6.010357016050437151e-01 5.414919192354963329e-01 4.826380848701671833e-01 6.317808883793410990e-01 6.619024042869607882e-01 8.365311885123266622e-01 8.575345734447693546e-01 7.383626001638929903e-01
4.958527276693392993e-01 8.666062587862216615e-01 3.859366114065728159e-01 8.443539933409704989e-01 3.403712432310439517e-01 7.617432708600997415e-01 4.809662163726129425e-01 7.268123573441878094e-01 3.836186495210636704e-01 4.782309248968421578e-01 4.564628465712514127e-01 2.598487468561092584e-01 6.438236651122423160e-01 3.995377720039250402e-01 8.871063015354956338e-01 6.873995235793171066e-01 8.842002856628095042e-01 8.023754717045668006e-01 5.895266974734004739e-01 6.025054891746345342e-01 7.874640400334882440e-01 0.000000000000000000e+00 8.748875741993689115e-01 4.860850705277099948e-01 6.310335630971295462e-01 8.224651800374536137e-01 2.601322419536445940e-01 8.089207896606078751e-01 4.701708337142085359e-02 3.522137928996724732e-01 8.207372678483026984e-02 4.323137759846353290e-01 7.601175117591175701e-01 9.300414033006680903e-01 6.459646401988128339e-01
3.358208498551571441e-01 7.655839098966683576e-01 8.987993532145177600e-02 4.521573128319733570e-01 2.217095250050548083e-01 5.369950397741185544e-01 8.729881295455208523e-01 9.504911451050441773e-01 5.795614322518652939e-01 1.216595208220889734e-01 8.167082494661268566e-01 6.508821234490548280e-01 4.651198805820977444e-02 8.907836823192468723e-01 7.273760847662951168e-01 6.885356108040842082e-01 5.278787193664105093e-01 7.329131314696738508e-01 1.585876196351356793e-01 4.869485626077354468e-01 4.199608592291187992e-01 8.748875741993689115e-01 0.000000000000000000e+00 1.811258933327059562e-01 3.737700615132166782e-01 6.517679918802166128e-01 4.863206165234328360e-01 8.004769703748670917e-01 4.942161430165930569e-01 7.064732120876027199e-01 8.104564857234897168e-01 5.137258947975255063e-01 8.224387459707570569e-01 9.039014788942456580e-01 4.945062612873600827e-01
3.628050174713328691e-01 5.465855836116545463e-01 2.543001623979175285e-01 7.754616001246263934e-01 4.911755308710465950e-01 8.146767556789921150e-01 8.222370670209131482e-01 7.780404032138061865e-01 2.379352275009378737e-01 6.049053361684149088e-01 5.417935409036451766e-01 5.694477747269485191e-01 2.995855254581001326e-01 4.818605249518471689e-01 5.162493812919034530e-01 4.809078776720537851e-01 2.105258323567205103e-02 5.937697671941570832e-01 1.723814564585796072e-01 5.399056967910175198e-01 9.508200550493879355e-01 4.860850705277099948e-01 1.811258933327059562e-01 0.000000000000000000e+00 1.659576787066917025e-01 7.187860319132585163e-01 4.252160257054001802e-01 6.270017116652564226e-01 4.694076975834752252e-01 7.880059526854257257e-01 4.375787150066670628e-01 4.273069215528481624e-01 7.553973839588938866e-01 1.879320138298542497e-01 4.302817244057599577e-02
4.137539320849303870e-01 4.724745982441954095e-01 5.586049063235194456e-01 7.294443237624066434e-01 6.632280764928659700e-01 4.745113087570816401e-01 6.816936712243903962e-02 4.884114150383883080e-01 7.224409842281095395e-01 4.732088044299302965e-01 9.225332863722726096e-01 5.574330567357574928e-01 8.066515555969040463e-01 8.511704353303626291e-01 1.481632662160845548e-01 8.061706338261656057e-01 7.807872873611620967e-01 3.621875761625830137e-01 5.932177407828861382e-01 8.268268601421773223e-01 7.243112086940249883e-01 6.310335630971295462e-01 3.737700615132166782e-01 1.659576787066917025e-01 0.000000000000000000e+00 8.335769364589813435e-01 5.028447019563416776e-01 2.757086731966525983e-01 5.028988361380566374e-01 8.321477074472254376e-01 3.784938259066291666e-01 3.418577981337161398e-01 2.376764078561544036e-02 6.860030488906194712e-01 3.006236593924624945e-01
4.418085761645885179e-01 4.780047952548922563e-01 9.581664448098607956e-01 1.442021467835419291e-01 9.434756831717678871e-01 2.244820978170608550e-01 5.770626761814794392e-01 3.449074748350481889e-01 3.839821099924600745e-01 6.480678236039248974e-01 5.008489769205847209e-01 3.086474142950412780e-01 8.840311882479439110e-01 8.456417095055037692e-01 8.229064308100764169e-01 5.018260005296710791e-01 4.013708822317873515e-01 6.386617183241489748e-01 8.868001332505262013e-01 5.122560919657377365e-01 4.927770325862262935e-01 8.224651800374536137e-01 6.517679918802166128e-01 7.187860319132585163e-01 8.335769364589813435e-01 0.000000000000000000e+00 5.588429173217216439e-01 1.562705937686125202e-01 5.051150489284901290e-01 4.690732079014662270e-01 6.253375164520612595e-01 5.144389096222095059e-01 6.668348964981751781e-01 7.883605010378160749e-01 5.866397846380492220e-01
3.429376229715374036e-01 4.629165528238605165e-01 6.330561428880514541e-01 5.193483272803406381e-01 4.666327808367316532e-01 5.212892079288944380e-01 5.313127166614877162e-01 5.271632193814590472e-01 8.769315045958794297e-01 8.446927739510766697e-01 8.278797046771807500e-01 8.756452239929766179e-01 7.102485053209705024e-01 3.974676864350693006e-01 7.935468800156976199e-01 7.129547110429818035e-01 6.628118950402401843e-01 3.800452601904301675e-01 5.893999938764588054e-01 7.648098391468791668e-01 5.239567873255741581e-01 2.601322419536445940e-01 4.863206165234328360e-01 4.252160257054001802e-01 5.028447019563416776e-01 5.588429173217216439e-01 0.000000000000000000e+00 5.337362773041848252e-01 8.516407106004046934e-01 5.354195533703396404e-01 8.215327103110234841e-01 7.818783897373928760e-01 8.741896174363976701e-01 1.252886074612907796e-01 4.238266772694179174e-01
5.629462395959032861e-01 7.791245721679092018e-01 4.486712583734168147e-01 4.286790961859493487e-01 2.502615220928958162e-01 7.717889881647833628e-01 9.686403849417192236e-01 1.529414619039147771e-01 3.381990747686859367e-01 5.901129586514368697e-01 6.182538194311486546e-01 2.445961917390101492e-01 5.232178519964860719e-01 8.592890105989636762e-01 3.455033294963223978e-01 1.669349273966814762e-01 7.827642754911630085e-01 4.541387603522337724e-01 9.291220509243196535e-01 3.418271835667525682e-01 6.010357016050437151e-01 8.089207896606078751e-01 8.004769703748670917e-01 6.270017116652564226e-01 2.757086731966525983e-01 1.562705937686125202e-01 5.337362773041848252e-01 0.000000000000000000e+00 7.691991518781176040e-01 8.079437425648234861e-01 6.678437359117297412e-01 5.335571098968054926e-01 6.949540670081835181e-01 6.352270491072737890e-01 6.987924684049755530e-01
3.908376099553101390e-01 3.666356566090004931e-01 4.679733477915012929e-01 5.237269074716106587e-01 7.042715302863178373e-01 9.320718608049938236e-02 4.039464876368273893e-01 5.337801785984028768e-01 6.045553400726219051e-01 3.500774750648718014e-01 9.041731375476687038e-01 6.540496285338999183e-01 5.176437922683267967e-01 7.749214116310207956e-01 6.099294122680403163e-01 4.910874825059687865e-01 7.909829320792105545e-01 2.805207784002974325e-01 1.520697647816900977e-01 8.803292032650711363e-01 5.414919192354963329e-01 4.701708337142085359e-02 4.942161430165930569e-01 4.694076975834752252e-01 5.028988361380566374e-01 5.051150489284901290e-01 8.516407106004046934e-01 7.691991518781176040e-01 0.000000000000000000e+00 8.503643813955232833e-01 2.949076174256395899e-01 5.459982441264115138e-01 4.317022997458871414e-01 2.238863901690791858e-01 8.827626237992104441e-01
4.583265142498470501e-01 7.529945510055354729e-01 7.488217266503680580e-01 5.585897584009739125e-01 4.488593686728531429e-01 6.134573020031270918e-01 7.187370668995699541e-01 1.512042545295745333e-01 2.518207943078235589e-01 9.139108390150780803e-01 9.216140731894031379e-01 3.259513626531562736e-01 7.896944774212812934e-01 9.751723518464361362e-02 6.846051331594038558e-01 5.785967795882427378e-01 4.392481431583501461e-01 7.941160416344316131e-01 4.585991025463267423e-01 4.096808422434229935e-01 4.826380848701671833e-01 3.522137928996724732e-01 7.064732120876027199e-01 7.880059526854257257e-01 8.321477074472254376e-01 4.690732079014662270e-01 5.354195533703396404e-01 8.079437425648234861e-01 8.503643813955232833e-01 0.000000000000000000e+00 4.008065970909796549e-01 1.992982919779627826e-01 5.977209451220022451e-01 8.860958176174418277e-01 7.137304830912167830e-01
6.608422231804185198e-01 5.971050963407642520e-01 7.827586496722731546e-01 3.612261684072112233e-01 1.908373563823619889e-01 7.269917006513068047e-01 7.421958825169361340e-01 2.291165877963309561e-01 5.101160349427309448e-01 5.202153681944614583e-01 2.858598114266970303e-01 3.252646700523729173e-01 5.392753644503800459e-01 8.021314661570115856e-01 6.308733389743499398e-01 6.918025263259980351e-01 6.449834234192219906e-01 8.366942425020764684e-01 5.968925489834900899e-01 5.201535352221814401e-01 6.317808883793410990e-01 8.207372678483026984e-02 8.104564857234897168e-01 4.375787150066670628e-01 3.784938259066291666e-01 6.253375164520612595e-01 8.215327103110234841e-01 6.678437359117297412e-01 2.949076174256395899e-01 4.008065970909796549e-01 0.000000000000000000e+00 9.949196910881936695e-01 3.203282607193784215e-01 8.464691503277044227e-01 6.320621599207431052e-01
3.422864270374724738e-01 4.512125791105584538e-01 4.180460978241559156e-01 9.181310538989014836e-01 4.710961914599648970e-01 3.016236825352813788e-02 5.263194982289192136e-01 8.115633378026030353e-01 6.969319884891904682e-01 7.556942451168546793e-01 9.119526598158479436e-01 8.181872167969785892e-01 3.624862964850406044e-01 3.306284528099326936e-01 5.499402585732513504e-01 3.371276480310099188e-01 9.232448412008849026e-01 2.821892476778728454e-01 4.663729221382099666e-01 7.361602506977195093e-01 6.619024042869607882e-01 4.323137759846353290e-01 5.137258947975255063e-01 4.273069215528481624e-01 3.418577981337161398e-01 5.144389096222095059e-01 7.818783897373928760e-01 5.335571098968054926e-01 5.459982441264115138e-01 1.992982919779627826e-01 9.949196910881936695e-01 0.000000000000000000e+00 4.004074572963203793e-01 5.961577780538851457e-02 9.460700140150457571e-02
7.386156266086938427e-01 7.725886497120120211e-01 8.918923380227852249e-01 5.100764077346349179e-01 5.787136212558148252e-01 3.343629931046493420e-01 3.879153507652681743e-01 4.232960856865261023e-01 9.755248354020387147e-01 6.821583937084239047e-01 7.412165141112285749e-01 6.803462940223885536e-01 7.419670273209284517e-01 2.962507211553057074e-01 4.384099757200636827e-01 1.130176649319731830e-01 7.467690122571590816e-01 4.405347085679768293e-01 5.444810632756005297e-01 6.056099324616677215e-01 8.365311885123266622e-01 7.601175117591175701e-01 8.224387459707570569e-01 7.553973839588938866e-01 2.376764078561544036e-02 6.668348964981751781e-01 8.741896174363976701e-01 6.949540670081835181e-01 4.317022997458871414e-01 5.977209451220022451e-01 3.203282607193784215e-01 4.004074572963203793e-01 0.000000000000000000e+00 5.013503822058316128e-01 6.273129402527380938e-01
4.646454559724310651e-01 4.803966281448697750e-01 8.753408091203890296e-01 6.561669280547710592e-01 9.315712051768365587e-02 7.440785390831714530e-01 1.325114660523341037e-01 3.787455570762320867e-01 5.955123579963268465e-01 4.729155638449541454e-01 9.582851484197137948e-01 7.018474243353600706e-01 5.331825083468352267e-01 2.623355370194052627e-01 3.849252293178751505e-01 2.907880736614910644e-01 5.380722975228928728e-01 3.326874745030947156e-01 9.182102312879061312e-01 6.873394297122578100e-01 8.575345734447693546e-01 9.300414033006680903e-01 9.039014788942456580e-01 1.879320138298542497e-01 6.860030488906194712e-01 7.883605010378160749e-01 1.252886074612907796e-01 6.352270491072737890e-01 2.238863901690791858e-01 8.860958176174418277e-01 8.464691503277044227e-01 5.961577780538851457e-02 5.013503822058316128e-01 0.000000000000000000e+00 8.797145333456397598e-01
5.214243442573640586e-01 8.224411485122933296e-01 5.327628617589335036e-01 4.375769507437629047e-01 8.882302544945426259e-01 4.697080353229224903e-01 4.907384484164755700e-01 6.633681993479690897e-01 4.660597732022481177e-01 4.420492409692903246e-01 6.659955310590583988e-01 7.021232492823519244e-01 5.781381809762744517e-01 5.309703719339542438e-01 4.942158364547547533e-01 8.853528302411681761e-01 6.622754094850044071e-01 8.949578402728171067e-01 4.942307895729350919e-01 6.175374899622290137e-01 7.383626001638929903e-01 6.459646401988128339e-01 4.945062612873600827e-01 4.302817244057599577e-02 3.006236593924624945e-01 5.866397846380492220e-01 4.238266772694179174e-01 6.987924684049755530e-01 8.827626237992104441e-01 7.137304830912167830e-01 6.320621599207431052e-01 9.460700140150457571e-02 6.273129402527380938e-01 8.797145333456397598e-01 0.000000000000000000e+00
