0.000000000000000000e+00 3.357571996947424364e-01 6.599250774383849105e-01 4.818520203597959073e-01 3.570471212995590671e-01 4.866093487230806480e-01 3.961224485918214411e-01 3.469051217645561236e-01 8.565674110257618379e-01 6.763034371418618074e-01 8.781207432339821484e-01 2.823958374905829460e-01 7.607043113974787385e-01 8.191704087978408655e-01 4.879354847016455499e-01 7.509357777384734201e-01 7.006108366642660457e-01 6.312301203101405855e-01 7.187936429382331127e-01 3.045889589147927623e-01 2.604202637443338020e-01 3.620568595925333644e-01 7.297505392376035793e-02 3.347533533572717990e-01 1.669215560344606830e-01 2.446642525495711373e-01 9.420789734183254716e-02 1.700036304625881511e-01 2.186915447822215253e-01 1.781060072453445886e-01 7.141037059658943420e-01 5.618269072989897639e-01 5.987663727554498605e-01 3.145957258961245007e-01 4.540061917743154485e-01
3.357571996947424364e-01 0.000000000000000000e+00 8.151638503649183409e-01 5.259747643566112796e-01 8.251540652679938415e-01 8.273636430220616678e-01 4.523292478176810238e-01 7.829143149834629778e-01 7.252200122170489038e-01 1.516688472602936155e-01 4.403963189176988702e-01 3.117460173632665699e-01 6.042544903030666603e-01 5.643408271673036047e-01 1.826820305240591802e-01 4.337542390243683821e-01 3.937246452888951698e-01 5.376616372086003848e-01 3.076388797931564056e-01 4.176216965109207369e-01 5.248952404775164560e-01 4.391746273360312980e-01 1.394970173692465232e-01 6.775122143279728171e-01 6.478866776227976132e-01 4.114683135492342436e-01 4.856586784191192496e-01 5.265149009380534206e-01 5.992026848292162367e-01 3.082694418447676776e-01 5.054499102011960066e-01 6.067997768608950349e-01 5.093263523998090569e-01 3.644431134610627288e-01 6.775071997279124014e-01
6.599250774383849105e-01 8.151638503649183409e-01 0.000000000000000000e+00 7.375768389208604559e-01 6.673333088022360693e-01 3.686765059989220994e-01 4.488197734001835304e-01 5.194405775369255185e-01 2.570833398378918888e-01 5.978049363017901019e-01 7.695306878556582575e-01 7.007623498715689347e-01 3.783204296630524599e-01 5.662452302352654065e-01 7.413544617523636360e-01 5.670695273159394034e-01 2.514103730032687389e-01 7.896987519495926033e-01 5.879787114276073812e-01 5.223054602472592123e-01 3.430067027413543634e-01 5.609249715718719331e-01 7.586598954090209013e-01 5.284224139832104372e-01 3.007464718646210566e-01 4.058395369786148565e-01 5.009361347589643687e-01 5.036843985097889664e-01 5.664531244680217625e-01 6.061394694579416154e-01 6.881474891706476082e-01 2.134881398761675486e-01 5.168880608188048953e-01 5.444337537175527597e-01 8.135313501059514563e-01
4.818520203597959073e-01 5.259747643566112796e-01 7.375768389208604559e-01 0.000000000000000000e+00 2.894823584245949100e-01 1.833818707577872242e-01 5.303209033392666250e-01 4.679946384308160123e-01 3.558723201226312582e-01 3.193207619695958011e-01 4.584070226909661150e-01 4.772850724205162654e-01 5.071721749011927072e-01 5.305734208232248950e-01 5.643604254476339843e-01 8.112900138267105099e-01 7.332709937811379142e-01 7.732320729374564383e-01 6.038985034432060583e-01 9.677384187220088307e-01 6.369515331312358697e-01 6.871915365632452755e-01 4.575226675420934197e-01 6.250576876656992464e-01 9.047901372443774015e-01 8.582279446016729541e-01 5.554410334966806140e-01 3.789909481510144729e-01 9.224789832604152195e-01 6.925505314395838941e-01 5.450131208796173965e-01 6.149285159383305333e-01 8.252965848863378362e-01 9.087259699458649642e-02 6.251267088562668661e-01
3.570471212995590671e-01 8.251540652679938415e-01 6.673333088022360693e-01 2.894823584245949100e-01 0.000000000000000000e+00 5.032475262939845040e-01 3.809087493481830844e-01 1.398140940772241159e-02 7.863962304408804727e-01 8.587618444475791923e-01 4.247990806492226712e-01 2.068702307462273460e-01 8.310460555928320669e-01 8.220430452469053018e-01 5.490870427634844120e-01 5.313663398550512174e-01 1.958584426204297291e-01 8.907505779460624940e-01 4.746996565705588478e-01 1.363961265964214742e-01 2.980443580363287825e-01 8.276705815456590898e-01 3.616755362372062743e-01 2.486015209925107050e-01 4.524514486133436875e-01 1.592737804973444748e-01 6.324105325387812115e-01 4.030524812924949352e-01 3.668117831877145685e-01 2.773931733832090130e-01 4.057502354750491813e-01 1.719700297352663165e-01 2.879886499004220557e-01 6.324867518460002280e-01 6.216990041401010414e-01
4.866093487230806480e-01 8.273636430220616678e-01 3.686765059989220994e-01 1.833818707577872242e-01 5.032475262939845040e-01 0.000000000000000000e+00 4.938635725098845519e-01 4.342185597412208664e-01 5.026963246930493678e-01 8.868384843184706767e-01 4.995531324611723889e-01 3.277842089073844112e-01 8.544205439143822689e-01 3.566158252258572747e-01 4.020499842938645707e-01 2.589691813630434769e-01 7.189449683889699294e-01 8.842870657232884124e-01 8.174155898571562329e-01 9.210098958683373693e-01 5.057341111357411823e-01 4.453470342468468512e-01 3.665779784602412050e-01 8.832585894286670847e-02 3.500875806177713434e-01 2.745194440591621765e-01 5.220709073796894195e-01 4.243348348493589661e-01 8.803209223531778260e-01 3.476591878369438282e-01 3.101999297285906732e-02 6.359306040260728210e-01 9.579483331432062654e-01 2.959066248694603996e-01 6.888924682447935544e-01
3.961224485918214411e-01 4.523292478176810238e-01 4.488197734001835304e-01 5.303209033392666250e-01 3.809087493481830844e-01 4.938635725098845519e-01 0.000000000000000000e+00 6.122968996008469889e-01 8.455343812333546705e-01 8.137566949106060932e-01 5.939942773185049596e-01 6.475704426108739309e-01 3.407484832267631547e-01 6.377000743762638590e-01 2.479187515717632406e-01 5.894879403283885821e-01 3.481582015811652830e-01 1.913735383953315550e-01 3.924361994655259922e-01 8.137362151687942413e-01 7.439995023466644541e-02 6.002835219464586203e-01 9.521405923534903559e-01 9.224702242052027490e-01 8.798389587299648706e-01 6.876469759078965849e-01 8.895107954952967688e-01 4.904122784864656248e-01 5.774907828530622123e-01 6.688406025032690438e-01 4.310717035881672099e-01 4.629533895370424590e-01 2.511706027985034506e-01 6.336655865832223622e-01 5.135411724856054905e-01
3.469051217645561236e-01 7.829143149834629778e-01 5.194405775369255185e-01 4.679946384308160123e-01 1.398140940772241159e-02 4.342185597412208664e-01 6.122968996008469889e-01 0.000000000000000000e+00 5.152919953632650873e-01 5.650145765061400649e-01 5.571694284430391830e-01 3.037051771098740471e-01 7.674468704614134662e-01 6.963506018218426075e-01 2.047580843777702109e-01 8.558631967663041795e-01 3.977870163444068297e-01 7.413472108114804726e-01 5.215468968844353403e-01 1.078838017479295530e-01 7.006537361624209925e-01 6.457525121557259329e-01 4.840889131321521877e-01 6.234626295499661186e-01 5.414935508375773310e-01 4.401357743897874597e-01 9.596929455656560970e-02 6.364190720443236859e-01 4.816209951567631542e-01 8.291672130835457954e-01 3.328272314234014262e-01 5.597196369696435525e-01 8.777490457729333340e-01 6.014125929000488924e-01 6.709101432175295088e-01
8.565674110257618379e-01 7.252200122170489038e-01 2.570833398378918888e-01 3.558723201226312582e-01 7.863962304408804727e-01 5.026963246930493678e-01 8.455343812333546705e-01 5.152919953632650873e-01 0.000000000000000000e+00 2.757852897228850741e-01 3.326944406692424749e-01 6.939385408193587956e-01 8.028118284644853997e-01 3.730875820218498840e-01 1.614995296400342228e-01 8.091968959888927726e-01 3.818400845773381458e-01 3.974224473197618956e-01 2.774585544959198291e-01 6.712345637235411777e-01 8.350364785219517305e-01 4.825139444235108654e-01 4.890246955660999539e-01 8.707546405894770469e-01 4.931252820961019578e-01 4.850215331570808530e-01 4.338475247096492682e-01 3.180787501674149365e-01 5.697002799045969290e-01 3.995359250718681365e-01 2.975721095856731502e-01 6.094991969724361525e-01 3.437444141891162763e-01 4.939543112394062518e-01 9.819117572950905037e-01
6.763034371418618074e-01 1.516688472602936155e-01 5.978049363017901019e-01 3.193207619695958011e-01 8.587618444475791923e-01 8.868384843184706767e-01 8.137566949106060932e-01 5.650145765061400649e-01 2.757852897228850741e-01 0.000000000000000000e+00 6.154887175519561104e-01 2.794385095108894435e-01 6.150152379800529756e-01 6.880985345602405046e-01 9.628858861951292702e-01 4.591606787489445063e-01 7.948554522019495305e-01 7.388677458679531185e-01 4.713755571922050303e-01 1.766746029996498768e-01 3.713506703313111945e-01 3.932464870116166300e-01 4.875660493096177772e-01 7.996434644743624087e-01 6.336168604426154483e-01 8.583200294394667251e-01 2.769657495756289167e-01 7.858559821600078488e-01 5.984820816911551322e-01 4.805655387558795955e-01 4.524099326842874191e-01 6.238161448439085710e-01 4.302246473875701582e-01 2.475323161020313023e-01 3.430493588013602824e-01
8.781207432339821484e-01 4.403963189176988702e-01 7.695306878556582575e-01 4.584070226909661150e-01 4.247990806492226712e-01 4.995531324611723889e-01 5.939942773185049596e-01 5.571694284430391830e-01 3.326944406692424749e-01 6.154887175519561104e-01 0.000000000000000000e+00 7.483349418640197204e-01 4.984842779936545787e-01 5.163969914957167173e-01 4.828789929374044942e-01 3.049153553253697857e-01 6.316020951569211173e-01 3.338794810518167511e-01 8.621315963173838970e-01 1.683388978241245892e-01 4.957299866901807017e-01 1.895805242101811228e-01 2.207321408761388493e-01 1.969539111067470927e-01 3.702738336955981868e-01 3.820474494480294858e-01 7.643597236366448389e-01 4.223097807366327228e-01 7.451164685242781527e-01 3.457257922765575309e-01 9.588094900184123137e-01 6.682013316251144142e-01 5.362078171152575568e-01 8.729299089648554499e-01 2.347644179486354510e-01
2.823958374905829460e-01 3.117460173632665699e-01 7.007623498715689347e-01 4.772850724205162654e-01 2.068702307462273460e-01 3.277842089073844112e-01 6.475704426108739309e-01 3.037051771098740471e-01 6.939385408193587956e-01 2.794385095108894435e-01 7.483349418640197204e-01 0.000000000000000000e+00 6.825801865396184942e-01 6.467432903204994865e-01 8.549769232748372083e-01 1.693781977675395956e-01 4.030675724421202144e-01 3.427098141435607204e-01 6.886224889207501754e-01 4.377739834840766453e-01 4.547490243160991485e-01 1.875674019472336473e-01 4.687053821818775723e-01 6.536265034035442234e-01 4.489177891610070525e-01 8.187775680700746239e-01 7.282352516121397557e-01 6.783685651038432463e-01 4.963740285452193368e-01 6.049222779453504728e-01 5.739825225521212326e-01 1.123803931628040709e-01 5.598495514317549659e-01 7.027829445113306095e-01 4.362830734038083413e-01
7.607043113974787385e-01 6.042544903030666603e-01 3.783204296630524599e-01 5.071721749011927072e-01 8.310460555928320669e-01 8.544205439143822689e-01 3.407484832267631547e-01 7.674468704614134662e-01 8.028118284644853997e-01 6.150152379800529756e-01 4.984842779936545787e-01 6.825801865396184942e-01 0.000000000000000000e+00 4.460362291442906968e-01 3.265672171881245922e-01 2.134013557398123373e-01 4.659939203294312660e-01 6.395979325969302076e-01 3.582898532606376696e-01 1.021910937480664527e-01 2.911147341351815188e-01 5.120561787012058996e-01 6.699758268300575192e-01 5.492020492616084271e-01 6.867550107699601503e-01 3.921705810850973917e-01 1.726897828216440445e-01 4.733998697017516299e-01 6.970918044720361140e-01 4.917140808551877518e-01 8.356622942144744659e-01 6.620999916592809065e-01 7.647857054084726824e-01 5.565714693260828128e-01 9.025658336501669599e-01
8.191704087978408655e-01 5.643408271673036047e-01 5.662452302352654065e-01 5.305734208232248950e-01 8.220430452469053018e-01 3.566158252258572747e-01 6.377000743762638590e-01 6.963506018218426075e-01 3.730875820218498840e-01 6.880985345602405046e-01 5.163969914957167173e-01 6.467432903204994865e-01 4.460362291442906968e-01 0.000000000000000000e+00 4.930667296753785678e-01 7.584944322786252302e-01 9.589399627692960504e-01 5.564582933463708692e-01 5.924674185323028919e-01 6.485868349213756989e-01 3.892500260854379057e-01 2.792814539912388261e-01 4.553054988909462364e-01 6.602630113946037493e-01 6.180861067843108625e-01 4.514503361226787082e-01 3.549143042398394954e-01 5.198507407069519193e-01 6.120355716002249258e-01 3.619697015266671314e-01 4.033362736436731377e-01 4.615713293528159733e-01 9.540369146799456690e-01 7.429074435853335601e-01 5.019997875800084053e-01
4.879354847016455499e-01 1.826820305240591802e-01 7.413544617523636360e-01 5.643604254476339843e-01 5.490870427634844120e-01 4.020499842938645707e-01 2.479187515717632406e-01 2.047580843777702109e-01 1.614995296400342228e-01 9.628858861951292702e-01 4.828789929374044942e-01 8.549769232748372083e-01 3.265672171881245922e-01 4.930667296753785678e-01 0.000000000000000000e+00 3.737815057335990843e-01 4.739944353839606883e-01 4.839384251316294350e-01 1.585213972652967929e-01 4.201282940941479249e-01 3.900116388245367105e-01 9.645155743909774593e-01 4.025060053064444254e-01 6.265500005388360272e-01 3.248975496901045368e-01 7.644610202027923851e-02 4.793903006307909109e-01 1.491855159968697997e-01 6.704080968833494580e-01 9.605249156785737874e-01 5.012335485779022548e-01 8.619125225090149556e-01 8.174108978032097461e-01 1.157495061509578593e-01 8.081060117791520891e-01
7.509357777384734201e-01 4.337542390243683821e-01 5.670695273159394034e-01 8.112900138267105099e-01 5.313663398550512174e-01 2.589691813630434769e-01 5.894879403283885821e-01 8.558631967663041795e-01 8.091968959888927726e-01 4.591606787489445063e-01 3.049153553253697857e-01 1.693781977675395956e-01 2.134013557398123373e-01 7.584944322786252302e-01 3.737815057335990843e-01 0.000000000000000000e+00 4.087005613965458695e-01 8.170894045170307152e-01 4.216039766265917144e-01 5.450474408988357222e-01 7.068965130855275891e-01 9.915144790758145810e-02 4.657838787812699222e-01 5.180137139421570058e-01 2.595112068324728627e-01 9.113089947911884314e-01 5.682076094752055440e-01 7.665209369435421749e-01 4.151956000464930852e-01 4.002662856209902031e-01 6.819617437824596617e-01 5.090813533407131386e-01 4.768429809013773890e-01 6.953888251766572326e-01 3.802421445708213388e-01
7.006108366642660457e-01 3.937246452888951698e-01 2.514103730032687389e-01 7.332709937811379142e-01 1.958584426204297291e-01 7.189449683889699294e-01 3.481582015811652830e-01 3.977870163444068297e-01 3.818400845773381458e-01 7.948554522019495305e-01 6.316020951569211173e-01 4.030675724421202144e-01 4.659939203294312660e-01 9.589399627692960504e-01 4.739944353839606883e-01 4.087005613965458695e-01 0.000000000000000000e+00 1.876578276977031168e-01 4.362291129876088025e-01 5.404368165154253001e-01 3.808302292118249666e-01 8.349574109255224474e-01 3.402293682368056071e-01 4.951667923539046501e-01 4.608146409851304193e-01 7.482304652945712675e-01 4.536857386492306743e-01 7.447565853812168069e-01 8.201569127038461637e-01 1.456156551393836818e-01 5.654795290048044709e-01 4.027046286541311471e-01 5.107743000670128541e-01 1.034984929337490756e-01 7.705065788868947774e-01
6.312301203101405855e-01 5.376616372086003848e-01 7.896987519495926033e-01 7.732320729374564383e-01 8.907505779460624940e-01 8.842870657232884124e-01 1.913735383953315550e-01 7.413472108114804726e-01 3.974224473197618956e-01 7.388677458679531185e-01 3.338794810518167511e-01 3.427098141435607204e-01 6.395979325969302076e-01 5.564582933463708692e-01 4.839384251316294350e-01 8.170894045170307152e-01 1.876578276977031168e-01 0.000000000000000000e+00 7.368506290455647534e-01 9.665565020368432902e-02 4.971355363288176843e-01 4.251902951698441901e-01 1.461844409067163397e-01 3.282761855643812066e-01 7.228389288869687679e-01 6.065298274167704173e-01 5.907500414222022211e-01 4.747056340578785227e-01 1.750798295247134595e-01 7.531372414380185232e-01 1.567690907649869070e-01 6.474568500828759010e-01 7.192409425122114897e-03 6.945722636998294952e-01 8.023225905044295558e-01
7.187936429382331127e-01 3.076388797931564056e-01 5.879787114276073812e-01 6.038985034432060583e-01 4.746996565705588478e-01 8.174155898571562329e-01 3.924361994655259922e-01 5.215468968844353403e-01 2.774585544959198291e-01 4.713755571922050303e-01 8.621315963173838970e-01 6.886224889207501754e-01 3.582898532606376696e-01 5.924674185323028919e-01 1.585213972652967929e-01 4.216039766265917144e-01 4.362291129876088025e-01 7.368506290455647534e-01 0.000000000000000000e+00 6.945926400819788515e-01 7.081507913958671185e-01 6.810453950591333072e-01 1.479131800420838694e-01 6.775031500885335678e-01 9.051715331572831591e-01 1.970537507770309116e-01 4.737506936619406139e-01 8.036752924329411130e-01 5.861412654410895762e-01 6.298522675781652591e-01 9.224509323259364457e-01 2.044234845998438299e-01 6.876132609161316189e-01 6.198049006567409869e-01 1.489285884067670374e-01
3.045889589147927623e-01 4.176216965109207369e-01 5.223054602472592123e-01 9.677384187220088307e-01 1.363961265964214742e-01 9.210098958683373693e-01 8.137362151687942413e-01 1.078838017479295530e-01 6.712345637235411777e-01 1.766746029996498768e-01 1.683388978241245892e-01 4.377739834840766453e-01 1.021910937480664527e-01 6.485868349213756989e-01 4.201282940941479249e-01 5.450474408988357222e-01 5.404368165154253001e-01 9.665565020368432902e-02 6.945926400819788515e-01 0.000000000000000000e+00 2.875768945356291240e-01 4.796862181604025221e-01 4.992457887019181029e-01 5.182649353894374089e-01 2.575021313788531940e-01 3.356148272926230969e-01 4.114860925072056919e-01 4.733985742150310649e-01 4.163592270815446028e-01 5.725895403690354213e-01 3.747336808690910903e-01 4.941310497555110315e-01 3.574888805176987816e-01 7.705185316937797069e-01 4.313792169905387164e-01
2.604202637443338020e-01 5.248952404775164560e-01 3.430067027413543634e-01 6.369515331312358697e-01 2.980443580363287825e-01 5.057341111357411823e-01 7.439995023466644541e-02 7.006537361624209925e-01 8.350364785219517305e-01 3.713506703313111945e-01 4.957299866901807017e-01 4.547490243160991485e-01 2.911147341351815188e-01 3.892500260854379057e-01 3.900116388245367105e-01 7.068965130855275891e-01 3.808302292118249666e-01 4.971355363288176843e-01 7.081507913958671185e-01 2.875768945356291240e-01 0.000000000000000000e+00 1.283064627052805662e-01 2.994290099787580983e-01 4.416457279420964444e-01 4.310774047586946600e-01 4.738261351923204190e-01 4.537857146474180148e-01 6.408217353488594448e-01 3.747860821987012425e-01 6.099774454747115549e-01 5.626043844888124479e-01 4.668821535463441585e-01 1.453877705719415769e-01 6.830607570586333388e-01 6.129742714680337379e-01
3.620568595925333644e-01 4.391746273360312980e-01 5.609249715718719331e-01 6.871915365632452755e-01 8.276705815456590898e-01 4.453470342468468512e-01 6.002835219464586203e-01 6.457525121557259329e-01 4.825139444235108654e-01 3.932464870116166300e-01 1.895805242101811228e-01 1.875674019472336473e-01 5.120561787012058996e-01 2.792814539912388261e-01 9.645155743909774593e-01 9.915144790758145810e-02 8.349574109255224474e-01 4.251902951698441901e-01 6.810453950591333072e-01 4.796862181604025221e-01 1.283064627052805662e-01 0.000000000000000000e+00 3.048311869542034147e-01 4.960925889872566663e-01 5.528078400451692520e-01 6.472809343555893102e-01 8.791905031700062434e-01 4.048249948838035239e-01 3.155103287166068360e-01 5.956104370794411684e-01 2.496185980904788992e-01 1.400272823753541673e-01 3.238321921372794843e-01 4.812155323351452463e-01 5.526724004588851047e-01
7.297505392376035793e-02 1.394970173692465232e-01 7.586598954090209013e-01 4.575226675420934197e-01 3.616755362372062743e-01 3.665779784602412050e-01 9.521405923534903559e-01 4.840889131321521877e-01 4.890246955660999539e-01 4.875660493096177772e-01 2.207321408761388493e-01 4.687053821818775723e-01 6.699758268300575192e-01 4.553054988909462364e-01 4.025060053064444254e-01 4.657838787812699222e-01 3.402293682368056071e-01 1.461844409067163397e-01 1.479131800420838694e-01 4.992457887019181029e-01 2.994290099787580983e-01 3.048311869542034147e-01 0.000000000000000000e+00 8.272648341757200541e-01 3.215515937361226873e-01 6.692360125249041669e-02 2.037501273163992987e-01 5.198941537212142805e-01 1.876532866716650316e-01 4.755474428189258029e-01 4.783089745914212987e-01 7.686031898460641276e-01 9.346135673289681645e-01 6.166785667853391661e-01 4.889381988144165803e-01
3.347533533572717990e-01 6.775122143279728171e-01 5.284224139832104372e-01 6.250576876656992464e-01 2.486015209925107050e-01 8.832585894286670847e-02 9.224702242052027490e-01 6.234626295499661186e-01 8.707546405894770469e-01 7.996434644743624087e-01 1.969539111067470927e-01 6.536265034035442234e-01 5.492020492616084271e-01 6.602630113946037493e-01 6.265500005388360272e-01 5.180137139421570058e-01 4.951667923539046501e-01 3.282761855643812066e-01 6.775031500885335678e-01 5.182649353894374089e-01 4.416457279420964444e-01 4.960925889872566663e-01 8.272648341757200541e-01 0.000000000000000000e+00 5.067910980361896023e-01 2.061401903846640238e-01 4.421278387183309455e-01 1.604458042460432110e-01 3.282644834274248691e-01 5.701192747944071604e-01 1.352660575565297618e-01 5.713755378830794873e-01 4.396771062639588390e-01 1.386592505684072218e-01 8.209637078052200998e-01
1.669215560344606830e-01 6.478866776227976132e-01 3.007464718646210566e-01 9.047901372443774015e-01 4.524514486133436875e-01 3.500875806177713434e-01 8.798389587299648706e-01 5.414935508375773310e-01 4.931252820961019578e-01 6.336168604426154483e-01 3.702738336955981868e-01 4.489177891610070525e-01 6.867550107699601503e-01 6.180861067843108625e-01 3.248975496901045368e-01 2.595112068324728627e-01 4.608146409851304193e-01 7.228389288869687679e-01 9.051715331572831591e-01 2.575021313788531940e-01 4.310774047586946600e-01 5.528078400451692520e-01 3.215515937361226873e-01 5.067910980361896023e-01 0.000000000000000000e+00 7.448978089106225164e-01 6.759856820608522998e-01 4.556604458585984396e-01 5.236033252290595019e-01 2.120318881280105483e-01 8.162813433953688413e-01 6.605585735922319124e-01 6.321594532504253294e-01 1.882528092289180721e-01 6.612196046937168781e-01
2.446642525495711373e-01 4.114683135492342436e-01 4.058395369786148565e-01 8.582279446016729541e-01 1.592737804973444748e-01 2.745194440591621765e-01 6.876469759078965849e-01 4.401357743897874597e-01 4.850215331570808530e-01 8.583200294394667251e-01 3.820474494480294858e-01 8.187775680700746239e-01 3.921705810850973917e-01 4.514503361226787082e-01 7.644610202027923851e-02 9.113089947911884314e-01 7.482304652945712675e-01 6.065298274167704173e-01 1.970537507770309116e-01 3.356148272926230969e-01 4.738261351923204190e-01 6.472809343555893102e-01 6.692360125249041669e-02 2.061401903846640238e-01 7.448978089106225164e-01 0.000000000000000000e+00 4.231116298600359205e-01 2.437773452544722552e-02 1.495038580502801584e-01 4.068499195812907421e-01 7.770091647200727536e-01 7.059382266298610542e-01 3.179456601294185503e-01 5.486499729296817618e-01 3.377856935500227475e-01
9.420789734183254716e-02 4.856586784191192496e-01 5.009361347589643687e-01 5.554410334966806140e-01 6.324105325387812115e-01 5.220709073796894195e-01 8.895107954952967688e-01 9.596929455656560970e-02 4.338475247096492682e-01 2.769657495756289167e-01 7.643597236366448389e-01 7.282352516121397557e-01 1.726897828216440445e-01 3.549143042398394954e-01 4.793903006307909109e-01 5.682076094752055440e-01 4.536857386492306743e-01 5.907500414222022211e-01 4.737506936619406139e-01 4.114860925072056919e-01 4.537857146474180148e-01 8.791905031700062434e-01 2.037501273163992987e-01 4.421278387183309455e-01 6.759856820608522998e-01 4.231116298600359205e-01 0.000000000000000000e+00 7.867314012351719343e-01 7.985331504776386202e-01 5.120950538726083412e-01 4.291854539695053594e-01 3.243288788562753711e-01 7.613288195762080157e-01 7.018482889840043093e-01 5.161362289063687880e-01
1.700036304625881511e-01 5.265149009380534206e-01 5.036843985097889664e-01 3.789909481510144729e-01 4.030524812924949352e-01 4.243348348493589661e-01 4.904122784864656248e-01 6.364190720443236859e-01 3.180787501674149365e-01 7.858559821600078488e-01 4.223097807366327228e-01 6.783685651038432463e-01 4.733998697017516299e-01 5.198507407069519193e-01 1.491855159968697997e-01 7.665209369435421749e-01 7.447565853812168069e-01 4.747056340578785227e-01 8.036752924329411130e-01 4.733985742150310649e-01 6.408217353488594448e-01 4.048249948838035239e-01 5.198941537212142805e-01 1.604458042460432110e-01 4.556604458585984396e-01 2.437773452544722552e-02 7.867314012351719343e-01 0.000000000000000000e+00 9.755993590732678911e-01 5.112547392565951476e-01 5.455268356788616213e-01 6.048185363516087598e-01 2.859458035619074634e-01 3.938476517170702573e-01 6.393529907630242093e-01
2.186915447822215253e-01 5.992026848292162367e-01 5.664531244680217625e-01 9.224789832604152195e-01 3.668117831877145685e-01 8.803209223531778260e-01 5.774907828530622123e-01 4.816209951567631542e-01 5.697002799045969290e-01 5.984820816911551322e-01 7.451164685242781527e-01 4.963740285452193368e-01 6.970918044720361140e-01 6.120355716002249258e-01 6.704080968833494580e-01 4.151956000464930852e-01 8.201569127038461637e-01 1.750798295247134595e-01 5.861412654410895762e-01 4.163592270815446028e-01 3.747860821987012425e-01 3.155103287166068360e-01 1.876532866716650316e-01 3.282644834274248691e-01 5.236033252290595019e-01 1.495038580502801584e-01 7.985331504776386202e-01 9.755993590732678911e-01 0.000000000000000000e+00 1.737356215608727439e-01 3.852140511416403124e-01 7.678375324311897954e-01 5.583217568253312502e-01 4.075271601124962895e-01 2.230934810300111426e-01
1.781060072453445886e-01 3.082694418447676776e-01 6.061394694579416154e-01 6.925505314395838941e-01 2.773931733832090130e-01 3.476591878369438282e-01 6.688406025032690438e-01 8.291672130835457954e-01 3.995359250718681365e-01 4.805655387558795955e-01 3.457257922765575309e-01 6.049222779453504728e-01 4.917140808551877518e-01 3.619697015266671314e-01 9.605249156785737874e-01 4.002662856209902031e-01 1.456156551393836818e-01 7.531372414380185232e-01 6.298522675781652591e-01 5.725895403690354213e-01 6.099774454747115549e-01 5.956104370794411684e-01 4.755474428189258029e-01 5.701192747944071604e-01 2.120318881280105483e-01 4.068499195812907421e-01 5.120950538726083412e-01 5.112547392565951476e-01 1.737356215608727439e-01 0.000000000000000000e+00 8.485153135168017613e-01 8.172312670421923997e-01 6.975299476406919830e-01 7.898957955763852290e-01 5.854856536223129737e-01
7.141037059658943420e-01 5.054499102011960066e-01 6.881474891706476082e-01 5.450131208796173965e-01 4.057502354750491813e-01 3.101999297285906732e-02 4.310717035881672099e-01 3.328272314234014262e-01 2.975721095856731502e-01 4.524099326842874191e-01 9.588094900184123137e-01 5.739825225521212326e-01 8.356622942144744659e-01 4.033362736436731377e-01 5.012335485779022548e-01 6.819617437824596617e-01 5.654795290048044709e-01 1.567690907649869070e-01 9.224509323259364457e-01 3.747336808690910903e-01 5.626043844888124479e-01 2.496185980904788992e-01 4.783089745914212987e-01 1.352660575565297618e-01 8.162813433953688413e-01 7.770091647200727536e-01 4.291854539695053594e-01 5.455268356788616213e-01 3.852140511416403124e-01 8.485153135168017613e-01 0.000000000000000000e+00 5.787071639834270309e-01 3.421577605982709658e-01 6.075248345427159968e-01 3.477635072765904445e-01
5.618269072989897639e-01 6.067997768608950349e-01 2.134881398761675486e-01 6.149285159383305333e-01 1.719700297352663165e-01 6.359306040260728210e-01 4.629533895370424590e-01 5.597196369696435525e-01 6.094991969724361525e-01 6.238161448439085710e-01 6.682013316251144142e-01 1.123803931628040709e-01 6.620999916592809065e-01 4.615713293528159733e-01 8.619125225090149556e-01 5.090813533407131386e-01 4.027046286541311471e-01 6.474568500828759010e-01 2.044234845998438299e-01 4.941310497555110315e-01 4.668821535463441585e-01 1.400272823753541673e-01 7.686031898460641276e-01 5.713755378830794873e-01 6.605585735922319124e-01 7.059382266298610542e-01 3.243288788562753711e-01 6.048185363516087598e-01 7.678375324311897954e-01 8.172312670421923997e-01 5.787071639834270309e-01 0.000000000000000000e+00 5.146858997436490890e-01 7.370095427251515119e-01 4.654528538813675898e-01
5.987663727554498605e-01 5.093263523998090569e-01 5.168880608188048953e-01 8.252965848863378362e-01 2.879886499004220557e-01 9.579483331432062654e-01 2.511706027985034506e-01 8.777490457729333340e-01 3.437444141891162763e-01 4.302246473875701582e-01 5.362078171152575568e-01 5.598495514317549659e-01 7.647857054084726824e-01 9.540369146799456690e-01 8.174108978032097461e-01 4.768429809013773890e-01 5.107743000670128541e-01 7.192409425122114897e-03 6.876132609161316189e-01 3.574888805176987816e-01 1.453877705719415769e-01 3.238321921372794843e-01 9.346135673289681645e-01 4.396771062639588390e-01 6.321594532504253294e-01 3.179456601294185503e-01 7.613288195762080157e-01 2.859458035619074634e-01 5.583217568253312502e-01 6.975299476406919830e-01 3.421577605982709658e-01 5.146858997436490890e-01 0.000000000000000000e+00 3.666135046456198143e-01 5.850429673699084621e-01
3.145957258961245007e-01 3.644431134610627288e-01 5.444337537175527597e-01 9.087259699458649642e-02 6.324867518460002280e-01 2.959066248694603996e-01 6.336655865832223622e-01 6.014125929000488924e-01 4.939543112394062518e-01 2.475323161020313023e-01 8.729299089648554499e-01 7.027829445113306095e-01 5.565714693260828128e-01 7.429074435853335601e-01 1.157495061509578593e-01 6.953888251766572326e-01 1.034984929337490756e-01 6.945722636998294952e-01 6.198049006567409869e-01 7.705185316937797069e-01 6.830607570586333388e-01 4.812155323351452463e-01 6.166785667853391661e-01 1.386592505684072218e-01 1.882528092289180721e-01 5.486499729296817618e-01 7.018482889840043093e-01 3.938476517170702573e-01 4.075271601124962895e-01 7.898957955763852290e-01 6.075248345427159968e-01 7.370095427251515119e-01 3.666135046456198143e-01 0.000000000000000000e+00 1.883635589849897984e-01
4.540061917743154485e-01 6.775071997279124014e-01 8.135313501059514563e-01 6.251267088562668661e-01 6.216990041401010414e-01 6.888924682447935544e-01 5.135411724856054905e-01 6.709101432175295088e-01 9.819117572950905037e-01 3.430493588013602824e-01 2.347644179486354510e-01 4.362830734038083413e-01 9.025658336501669599e-01 5.019997875800084053e-01 8.081060117791520891e-01 3.802421445708213388e-01 7.705065788868947774e-01 8.023225905044295558e-01 1.489285884067670374e-01 4.313792169905387164e-01 6.129742714680337379e-01 5.526724004588851047e-01 4.889381988144165803e-01 8.209637078052200998e-01 6.612196046937168781e-01 3.377856935500227475e-01 5.161362289063687880e-01 6.393529907630242093e-01 2.230934810300111426e-01 5.854856536223129737e-01 3.477635072765904445e-01 4.654528538813675898e-01 5.850429673699084621e-01 1.883635589849897984e-01 0.000000000000000000e+00
