0.000000000000000000e+00 3.285116379528661978e-01 3.398796281215587523e-01 3.362210051665778243e-01 7.652677954409357053e-01 5.238733601130941553e-01 2.314218744089476809e-01 7.626845547154015303e-02 2.449222678565918243e-01 1.471056552576497367e-01 6.717527936885911988e-01 4.492141564809400411e-01 4.288479462586669566e-01 2.527346599051009113e-01 5.078537989888023407e-01 2.799888324345318202e-01 7.128752576882362302e-01 6.001141489964054720e-01 3.111836662413079435e-01 6.451784390891124321e-01 4.252553562464148618e-01 6.855528570219098228e-01 1.776737456502635037e-01 4.753042925480344127e-01 4.109010197527104280e-01 6.258579974452873618e-01 3.004653633441374816e-01 2.447225160684498024e-01 8.192984751609128091e-01 4.814738990759566684e-01 7.671350208573035623e-01 6.297260625530995970e-01 8.246734986148951396e-01 8.169570351224509919e-01 4.312986091878350248e-01
3.285116379528661978e-01 0.000000000000000000e+00 6.231780306854115548e-01 6.274103740986021194e-01 5.177817002912712407e-01 5.387280074778524330e-01 5.847523382878623277e-01 4.301709973479392879e-01 1.268870164624910091e-01 3.801494218867680353e-01 6.775913773854070898e-01 8.855271878873427482e-02 5.263438319340241200e-01 9.574152237674466992e-01 2.448649347116433894e-01 5.866833390212711219e-01 3.850903292165165359e-01 3.590781142199886977e-01 2.496300191187689199e-01 7.152942798838594074e-01 3.960069618023827620e-01 8.664550538261701629e-01 4.988494146629091075e-01 5.643848288773759547e-01 3.905288238769690778e-01 1.918496955908190471e-01 6.842272254051428027e-01 5.971531204576050467e-01 4.409426468096989127e-01 6.930843241876325500e-01 4.363644250519889689e-01 5.823003744214128030e-01 2.791166062684509175e-01 2.461119253153967179e-01 9.532571905573302695e-01
3.398796281215587523e-01 6.231780306854115548e-01 0.000000000000000000e+00 2.166149883884883609e-01 5.154041686714121440e-01 8.844451302141767002e-01 3.850375449230322156e-01 6.991463050717132699e-01 4.059545722941671486e-01 2.203113193317493002e-01 3.647895153669544754e-02 6.212113474422746862e-01 5.376515214661683473e-01 4.009085401050533903e-01 7.386583549298322282e-01 3.531073176818054771e-01 6.458324819989296195e-01 4.244801615548482454e-01 1.384018706080987204e-01 7.511567521949638060e-01 7.932486917430552342e-01 4.922733563636501608e-01 5.068900788858383688e-01 3.677174642056760256e-01 6.975419960524213980e-01 2.324404170514023926e-01 8.871497731250592711e-01 1.918821000477890504e-01 8.238179835792176497e-01 6.158025504624869972e-01 3.722024980846085906e-01 5.354617482720057664e-01 9.362331770888832061e-02 6.785323605799594704e-01 7.656388540545505661e-01
3.362210051665778243e-01 6.274103740986021194e-01 2.166149883884883609e-01 0.000000000000000000e+00 6.077267497795417750e-01 8.067346502511084649e-01 6.063547146410959154e-01 6.061323846560968676e-01 3.718523227092150329e-01 3.745723589443005208e-01 2.281044946762753600e-01 6.505834093446510868e-01 5.999545952629868895e-01 6.531633596796202479e-01 3.752936149701266988e-01 6.024886023347431063e-01 1.430964074740505021e-01 5.673887737567245848e-01 5.170861422822436992e-02 5.933944874033025840e-01 4.199619042730643459e-01 9.140661539886993925e-01 4.553148653682498326e-01 5.896156225291567798e-01 1.615898382174836279e-01 7.499040894351162168e-01 5.444047686659734264e-01 5.168765534001595885e-01 3.875747397940051409e-01 6.941841364952529014e-01 8.130227440038819697e-01 8.187051516553254249e-01 3.702338539013607099e-01 6.000895831584835971e-01 7.992997874619411913e-01
7.652677954409357053e-01 5.177817002912712407e-01 5.154041686714121440e-01 6.077267497795417750e-01 0.000000000000000000e+00 7.002770818231212058e-01 1.768923380076081742e-01 5.278714268680561039e-01 6.740440279446484606e-01 5.189052325239282837e-01 1.230289401465194388e-01 5.340518233811870630e-01 4.762425707183605694e-01 3.336236110173823599e-02 4.046488039294785510e-01 6.728548475418207886e-01 2.275605934886288928e-01 1.239318087012692970e-01 6.073405749934160935e-01 4.624891284761115662e-01 1.493863476208169283e-01 4.799695312582588080e-01 4.382794065680580831e-01 3.267152527550057917e-01 5.363736825794702678e-01 6.394853691640300930e-01 3.949221243931688163e-01 8.885901955638708660e-01 4.335324042927840571e-01 7.852981064794081201e-01 5.167921808848121579e-01 6.869426853354111406e-01 5.916896355544383201e-01 4.950149189940621364e-01 2.976686915668029787e-01
5.238733601130941553e-01 5.387280074778524330e-01 8.844451302141767002e-01 8.067346502511084649e-01 7.002770818231212058e-01 0.000000000000000000e+00 3.855359757784554420e-01 7.711982899442422212e-01 7.679212742777775658e-01 4.203619542702001222e-01 2.137147620995429320e-01 4.981382427376757627e-01 1.843166668831331956e-01 8.175807305268616432e-01 9.503476926860028318e-01 6.323850847998284674e-01 1.374299115594763698e-01 4.142810983780721434e-01 8.127804194581347286e-01 6.503448940271818746e-01 7.680072996407545372e-01 6.964319919486106070e-02 6.264626883533159774e-01 1.663382275332622173e-01 3.901793574284133648e-01 9.351277782600814215e-02 2.870285576433366792e-01 6.233200526888136306e-01 6.953766140708577126e-01 5.542974367499715616e-01 3.607496006915849041e-01 4.491011858276545698e-01 5.870157676995514384e-01 2.027580688052834645e-01 8.255962598628829863e-01
2.314218744089476809e-01 5.847523382878623277e-01 3.850375449230322156e-01 6.063547146410959154e-01 1.768923380076081742e-01 3.855359757784554420e-01 0.000000000000000000e+00 6.848641476326368105e-01 7.670411395507413799e-01 8.619492750652795188e-01 5.527882797542764681e-01 2.073572099519501721e-01 4.196468043901446787e-01 3.258243862299118887e-01 8.638240941142372176e-01 5.058389738258478596e-01 4.533144254346975766e-01 9.728029798728792255e-01 9.028674501090363513e-01 6.363590096969425902e-01 4.726104638585048034e-01 6.600057365021492206e-01 3.566884680802220320e-01 8.507512691382472791e-01 1.556779837110556786e-01 7.703722114068445315e-02 2.328779462693845170e-01 4.132176226040461531e-01 5.621324850861417755e-01 4.836652753072560040e-01 8.949663793451716476e-01 3.171021957103122846e-01 1.902504772462820792e-01 5.251394562086020290e-01 7.115135775164969090e-01
7.626845547154015303e-02 4.301709973479392879e-01 6.991463050717132699e-01 6.061323846560968676e-01 5.278714268680561039e-01 7.711982899442422212e-01 6.848641476326368105e-01 0.000000000000000000e+00 3.334586436996483383e-01 7.038594039838654837e-01 7.959611738626219957e-01 7.341536762800769944e-01 1.709189055896306875e-01 4.515826394071185690e-01 7.725885104180441054e-01 4.404526728763195065e-01 8.636950784614878529e-01 1.394474844770009492e-01 5.073193884239531881e-01 9.305914158631949373e-01 8.403957463770028724e-02 7.800276964055758988e-01 4.053744947232285067e-02 5.681236301310457204e-01 5.335353944172329665e-01 5.924101284899735420e-01 3.321681620100046528e-01 5.028944579846718055e-01 3.458830665368641810e-01 3.509878706696423212e-01 6.084473075727989677e-01 8.691594238245641257e-01 7.173059622730626472e-01 6.584869107092378160e-01 5.338958936104026831e-01
2.449222678565918243e-01 1.268870164624910091e-01 4.059545722941671486e-01 3.718523227092150329e-01 6.740440279446484606e-01 7.679212742777775658e-01 7.670411395507413799e-01 3.334586436996483383e-01 0.000000000000000000e+00 1.017557963467490278e-01 3.810179595341015579e-01 1.463430178267857151e-01 3.980197288207100170e-01 7.111665047778745752e-01 7.775289334195887303e-01 2.635907755232363980e-01 6.006807148301958055e-01 4.580342175523182124e-01 9.195979326216741079e-01 2.277169782381905927e-01 2.484549315208910425e-01 2.533104234706192726e-01 2.140250627372767278e-01 1.155751385589270930e-01 9.355086914728514280e-01 5.909961872460529619e-01 4.191505866131439717e-01 7.555561028346293728e-01 7.322311381822490528e-01 3.923134351150204813e-01 8.857555828660363950e-01 4.084528837122745060e-01 7.391188897840210714e-01 2.327680184101301730e-01 4.600954767240056920e-01
1.471056552576497367e-01 3.801494218867680353e-01 2.203113193317493002e-01 3.745723589443005208e-01 5.189052325239282837e-01 4.203619542702001222e-01 8.619492750652795188e-01 7.038594039838654837e-01 1.017557963467490278e-01 0.000000000000000000e+00 4.655010392104941275e-02 8.341042754301716267e-01 4.714887527173188819e-01 4.759598637137242849e-01 8.803411655836832495e-01 6.402946789091357171e-01 3.129603199947462722e-01 6.775545744111903801e-01 1.738874915887578254e-01 4.298303090493964529e-01 5.757828520049836918e-01 8.097419449387506241e-01 5.185057200499012531e-01 8.074638134294860325e-01 3.334037553895778383e-01 2.199325402327889645e-01 6.905861357846834192e-01 8.342741963355169155e-01 5.668027369319650344e-01 5.654589322390755068e-01 8.850573143582693980e-01 5.532833882788521507e-01 7.045124577944955613e-01 8.770309838160008642e-01 1.245477192504882424e-01
6.717527936885911988e-01 6.775913773854070898e-01 3.647895153669544754e-02 2.281044946762753600e-01 1.230289401465194388e-01 2.137147620995429320e-01 5.527882797542764681e-01 7.959611738626219957e-01 3.810179595341015579e-01 4.655010392104941275e-02 0.000000000000000000e+00 7.471875770932163707e-01 5.247679824784258207e-01 8.694594877576482528e-01 2.261488757159347829e-01 5.212266483841438980e-01 5.471666400935564223e-01 7.564368024939644997e-01 1.100036072712228252e-01 5.547847052300856063e-01 6.449090776936725611e-01 5.107737086168058216e-01 6.083055337809530894e-01 1.989397573301079358e-01 2.700960429869956880e-01 3.715734810197274807e-01 1.764821131836555868e-01 6.412192168006281001e-02 2.853364220508228799e-01 7.746107212793982288e-01 4.473171056708926674e-01 4.731005785146674136e-01 4.653369670751030807e-01 7.976346978706161384e-01 5.074468485050618316e-01
4.492141564809400411e-01 8.855271878873427482e-02 6.212113474422746862e-01 6.505834093446510868e-01 5.340518233811870630e-01 4.981382427376757627e-01 2.073572099519501721e-01 7.341536762800769944e-01 1.463430178267857151e-01 8.341042754301716267e-01 7.471875770932163707e-01 0.000000000000000000e+00 5.566794150482490267e-01 4.918282066694387167e-01 2.256386029382797531e-01 6.709667105953820432e-01 1.453366470546164635e-01 4.431667003995545251e-01 7.882156143254785974e-01 9.701013323009166633e-02 3.782573615629453156e-01 4.396043585072814119e-01 5.074993036837993632e-01 6.098599862178797348e-01 4.848669740221973057e-01 3.382831279013662762e-01 1.749421124273841111e-01 4.745297291336788570e-01 4.710044009910865359e-01 4.716403810538225549e-01 5.167936288000027911e-01 4.751180937286072492e-01 4.044452984093045433e-01 7.969912475838702992e-02 6.917430176024279564e-01
4.288479462586669566e-01 5.263438319340241200e-01 5.376515214661683473e-01 5.999545952629868895e-01 4.762425707183605694e-01 1.843166668831331956e-01 4.196468043901446787e-01 1.709189055896306875e-01 3.980197288207100170e-01 4.714887527173188819e-01 5.247679824784258207e-01 5.566794150482490267e-01 0.000000000000000000e+00 7.844723296993575401e-01 7.245396792207253744e-01 4.126514113913241077e-01 5.025660716560951258e-01 9.263818564223758045e-01 7.920289895779605294e-01 3.895123012885841618e-01 8.895044258201740828e-01 2.791795240224157482e-01 8.313396693975889651e-01 6.294822173896460482e-01 4.315017008357501238e-01 8.363919746388855936e-01 1.071543451677616776e-01 1.186071388980288743e-01 2.864401234019091635e-01 7.890162585265458883e-01 1.440897719123152010e-01 8.404523162872927777e-01 8.741357644452041331e-02 9.830435101201769887e-01 8.476594769008987118e-01
2.527346599051009113e-01 9.574152237674466992e-01 4.009085401050533903e-01 6.531633596796202479e-01 3.336236110173823599e-02 8.175807305268616432e-01 3.258243862299118887e-01 4.515826394071185690e-01 7.111665047778745752e-01 4.759598637137242849e-01 8.694594877576482528e-01 4.918282066694387167e-01 7.844723296993575401e-01 0.000000000000000000e+00 1.621361843718166496e-01 4.003263193907372619e-01 4.897633264015345822e-01 3.690919635495487627e-01 7.417385546495014470e-02 3.547052366181071004e-01 1.557466637234011797e-01 5.715710357562082677e-01 7.443541344331313647e-01 4.460954193512265964e-01 6.549946854331213375e-01 5.080007400448137700e-01 3.821760242559646414e-01 2.933786012924425313e-01 5.720626353124900199e-01 4.912398989854071529e-01 4.076652600534530491e-01 7.780494181037669321e-01 6.306327480956779308e-01 6.653337860530252890e-01 4.190064105333435873e-01
5.078537989888023407e-01 2.448649347116433894e-01 7.386583549298322282e-01 3.752936149701266988e-01 4.046488039294785510e-01 9.503476926860028318e-01 8.638240941142372176e-01 7.725885104180441054e-01 7.775289334195887303e-01 8.803411655836832495e-01 2.261488757159347829e-01 2.256386029382797531e-01 7.245396792207253744e-01 1.621361843718166496e-01 0.000000000000000000e+00 7.310531692653148284e-01 4.877767148062113201e-01 8.172767085373815465e-01 7.803057844372853769e-01 3.545651193683325153e-01 4.883700079795482152e-01 4.665694225095453618e-01 3.937773800941859470e-01 6.445268425649379740e-01 7.464683193007393136e-01 4.856764883398372867e-01 1.490943190831239828e-01 8.414749706275668206e-01 7.994216296297316227e-01 5.962897609335167104e-01 6.121005122390281716e-01 3.939919198154347435e-01 7.201526838494466398e-01 5.175702912529756006e-01 4.622144474569884198e-01
2.799888324345318202e-01 5.866833390212711219e-01 3.531073176818054771e-01 6.024886023347431063e-01 6.728548475418207886e-01 6.323850847998284674e-01 5.058389738258478596e-01 4.404526728763195065e-01 2.635907755232363980e-01 6.402946789091357171e-01 5.212266483841438980e-01 6.709667105953820432e-01 4.126514113913241077e-01 4.003263193907372619e-01 7.310531692653148284e-01 0.000000000000000000e+00 9.385991588279145592e-01 3.770689318842088689e-01 5.879616986337260487e-01 7.332492366825004160e-01 7.631442637438619059e-01 4.334389747375130275e-01 6.828511054614299081e-01 8.543447800178380902e-01 8.465878879888000252e-02 4.670306770424081932e-01 6.410748332700326735e-01 6.970669923049055416e-02 2.155871064906981216e-01 5.435763902896233457e-01 4.929391577737253227e-01 1.150853786383456701e-01 7.648422709591673474e-02 4.277143418644673289e-01 1.533701259786937610e-01
7.128752576882362302e-01 3.850903292165165359e-01 6.458324819989296195e-01 1.430964074740505021e-01 2.275605934886288928e-01 1.374299115594763698e-01 4.533144254346975766e-01 8.636950784614878529e-01 6.006807148301958055e-01 3.129603199947462722e-01 5.471666400935564223e-01 1.453366470546164635e-01 5.025660716560951258e-01 4.897633264015345822e-01 4.877767148062113201e-01 9.385991588279145592e-01 0.000000000000000000e+00 7.027926210266337570e-01 5.325035858656699261e-01 3.905210250856850362e-01 7.496393927752109665e-01 7.483821036921216585e-01 6.610014204343694910e-01 8.068379588116367795e-01 4.464636859177871231e-01 1.416994428961646513e-01 4.233603692787273332e-01 5.207840465230935134e-01 4.270581214288140526e-01 5.630605754325327394e-01 2.908429022759090321e-01 8.523831250105986523e-01 5.222922950910444673e-01 3.624652662655477586e-01 1.730449054171988577e-01
6.001141489964054720e-01 3.590781142199886977e-01 4.244801615548482454e-01 5.673887737567245848e-01 1.239318087012692970e-01 4.142810983780721434e-01 9.728029798728792255e-01 1.394474844770009492e-01 4.580342175523182124e-01 6.775545744111903801e-01 7.564368024939644997e-01 4.431667003995545251e-01 9.263818564223758045e-01 3.690919635495487627e-01 8.172767085373815465e-01 3.770689318842088689e-01 7.027926210266337570e-01 0.000000000000000000e+00 6.824987311705327242e-01 3.563948125212521023e-01 3.382171289699102967e-01 2.107480121749478741e-01 5.898562233385273856e-01 7.873440281617495318e-01 5.293930711233024722e-01 6.631995954951550587e-01 6.764332431391316680e-01 3.934224949246815650e-01 2.921139872040821039e-01 1.528524028571887072e-01 3.874720269808194506e-01 5.936018243262455307e-01 4.776257903511343383e-01 4.989202668547492725e-01 4.044343817622819692e-01
3.111836662413079435e-01 2.496300191187689199e-01 1.384018706080987204e-01 5.170861422822436992e-02 6.073405749934160935e-01 8.127804194581347286e-01 9.028674501090363513e-01 5.073193884239531881e-01 9.195979326216741079e-01 1.738874915887578254e-01 1.100036072712228252e-01 7.882156143254785974e-01 7.920289895779605294e-01 7.417385546495014470e-02 7.803057844372853769e-01 5.879616986337260487e-01 5.325035858656699261e-01 6.824987311705327242e-01 0.000000000000000000e+00 5.042076031107600720e-02 5.195271231943210388e-01 5.355201842748262830e-01 4.514347682652973814e-01 8.904340036226421340e-02 8.006698526056525989e-01 7.331427444676943406e-01 7.405093920582124234e-01 7.762762411244830130e-01 2.835340216197130836e-01 4.105219077060492938e-01 8.928096961788994923e-01 4.340510135705889505e-01 7.256007383891561746e-01 4.979251108605168286e-01 6.097055982173110733e-01
6.451784390891124321e-01 7.152942798838594074e-01 7.511567521949638060e-01 5.933944874033025840e-01 4.624891284761115662e-01 6.503448940271818746e-01 6.363590096969425902e-01 9.305914158631949373e-01 2.277169782381905927e-01 4.298303090493964529e-01 5.547847052300856063e-01 9.701013323009166633e-02 3.895123012885841618e-01 3.547052366181071004e-01 3.545651193683325153e-01 7.332492366825004160e-01 3.905210250856850362e-01 3.563948125212521023e-01 5.042076031107600720e-02 0.000000000000000000e+00 7.689252733801336115e-01 5.383831019686204922e-01 6.356224762065021405e-01 3.959590876587820163e-01 7.252583983232556708e-01 6.358402447027153848e-01 4.443523531016931871e-01 6.941238314661343223e-01 9.344213509260764772e-01 5.940294335089407740e-01 4.356004440636319086e-01 8.375022873614341723e-01 2.225229299255076509e-01 5.750919970227065248e-01 5.647477853597304698e-01
4.252553562464148618e-01 3.960069618023827620e-01 7.932486917430552342e-01 4.199619042730643459e-01 1.493863476208169283e-01 7.680072996407545372e-01 4.726104638585048034e-01 8.403957463770028724e-02 2.484549315208910425e-01 5.757828520049836918e-01 6.449090776936725611e-01 3.782573615629453156e-01 8.895044258201740828e-01 1.557466637234011797e-01 4.883700079795482152e-01 7.631442637438619059e-01 7.496393927752109665e-01 3.382171289699102967e-01 5.195271231943210388e-01 7.689252733801336115e-01 0.000000000000000000e+00 1.795870460218242926e-01 4.316561012761610527e-01 4.870992781168673735e-01 8.916530038678215364e-01 5.923439096266049919e-01 4.338961482159199301e-01 4.431707529876091622e-01 4.722171179487366088e-01 6.167316577860388893e-01 7.274893561174650136e-01 3.508877569118991069e-01 8.065562498115748102e-01 4.132544111371316831e-01 9.527569475029784574e-01
6.855528570219098228e-01 8.664550538261701629e-01 4.922733563636501608e-01 9.140661539886993925e-01 4.799695312582588080e-01 6.964319919486106070e-02 6.600057365021492206e-01 7.800276964055758988e-01 2.533104234706192726e-01 8.097419449387506241e-01 5.107737086168058216e-01 4.396043585072814119e-01 2.791795240224157482e-01 5.715710357562082677e-01 4.665694225095453618e-01 4.334389747375130275e-01 7.483821036921216585e-01 2.107480121749478741e-01 5.355201842748262830e-01 5.383831019686204922e-01 1.795870460218242926e-01 0.000000000000000000e+00 2.931610402265388826e-01 4.361508246932727095e-01 2.983416449051055630e-01 7.919489851585920226e-01 5.686653977529014803e-01 7.179614986486414496e-01 3.746707581158125744e-01 5.140620352175812036e-01 4.826744034088897295e-01 3.983284791535899871e-01 4.165855393094084480e-01 7.474694290162413601e-01 4.300074987669682547e-01
1.776737456502635037e-01 4.988494146629091075e-01 5.068900788858383688e-01 4.553148653682498326e-01 4.382794065680580831e-01 6.264626883533159774e-01 3.566884680802220320e-01 4.053744947232285067e-02 2.140250627372767278e-01 5.185057200499012531e-01 6.083055337809530894e-01 5.074993036837993632e-01 8.313396693975889651e-01 7.443541344331313647e-01 3.937773800941859470e-01 6.828511054614299081e-01 6.610014204343694910e-01 5.898562233385273856e-01 4.514347682652973814e-01 6.356224762065021405e-01 4.316561012761610527e-01 2.931610402265388826e-01 0.000000000000000000e+00 7.311799394315918743e-01 2.374375493500371359e-01 3.584705935828425005e-01 7.459738057469169625e-01 5.311370246521099903e-01 4.510948388301649903e-01 4.418958585316942189e-01 7.511481303150435718e-01 1.777743669487205080e-01 2.515911266611104979e-01 5.713519760349172749e-02 1.622475556861335821e-02
4.753042925480344127e-01 5.643848288773759547e-01 3.677174642056760256e-01 5.896156225291567798e-01 3.267152527550057917e-01 1.663382275332622173e-01 8.507512691382472791e-01 5.681236301310457204e-01 1.155751385589270930e-01 8.074638134294860325e-01 1.989397573301079358e-01 6.098599862178797348e-01 6.294822173896460482e-01 4.460954193512265964e-01 6.445268425649379740e-01 8.543447800178380902e-01 8.068379588116367795e-01 7.873440281617495318e-01 8.904340036226421340e-02 3.959590876587820163e-01 4.870992781168673735e-01 4.361508246932727095e-01 7.311799394315918743e-01 0.000000000000000000e+00 9.086579177474309876e-01 3.511761644955632145e-01 7.680084286590775910e-01 7.033540562162881038e-01 4.932634469050098946e-01 2.667020222720606348e-01 3.063239161816899703e-01 8.451631326979414105e-01 5.557627041643939947e-01 3.424970873872801858e-01 6.440684033673638176e-01
4.109010197527104280e-01 3.905288238769690778e-01 6.975419960524213980e-01 1.615898382174836279e-01 5.363736825794702678e-01 3.901793574284133648e-01 1.556779837110556786e-01 5.335353944172329665e-01 9.355086914728514280e-01 3.334037553895778383e-01 2.700960429869956880e-01 4.848669740221973057e-01 4.315017008357501238e-01 6.549946854331213375e-01 7.464683193007393136e-01 8.465878879888000252e-02 4.464636859177871231e-01 5.293930711233024722e-01 8.006698526056525989e-01 7.252583983232556708e-01 8.916530038678215364e-01 2.983416449051055630e-01 2.374375493500371359e-01 9.086579177474309876e-01 0.000000000000000000e+00 8.165860846317338773e-01 1.675822991807005558e-01 5.330757420997433993e-02 4.341287516087002363e-01 2.325219603367841559e-01 5.259907674084471907e-01 4.776048646187217583e-01 4.662361455603445393e-01 6.011252545425191940e-01 8.446222897867325941e-01
6.258579974452873618e-01 1.918496955908190471e-01 2.324404170514023926e-01 7.499040894351162168e-01 6.394853691640300930e-01 9.351277782600814215e-02 7.703722114068445315e-02 5.924101284899735420e-01 5.909961872460529619e-01 2.199325402327889645e-01 3.715734810197274807e-01 3.382831279013662762e-01 8.363919746388855936e-01 5.080007400448137700e-01 4.856764883398372867e-01 4.670306770424081932e-01 1.416994428961646513e-01 6.631995954951550587e-01 7.331427444676943406e-01 6.358402447027153848e-01 5.923439096266049919e-01 7.919489851585920226e-01 3.584705935828425005e-01 3.511761644955632145e-01 8.165860846317338773e-01 0.000000000000000000e+00 4.169452912018717372e-01 8.086117083277426509e-01 4.612640199170497946e-01 8.751293847390779757e-01 5.114671025496153600e-01 7.317629889525172349e-01 7.897521187203664361e-01 3.065237399596603129e-01 8.094816022129869282e-01
3.004653633441374816e-01 6.842272254051428027e-01 8.871497731250592711e-01 5.444047686659734264e-01 3.949221243931688163e-01 2.870285576433366792e-01 2.328779462693845170e-01 3.321681620100046528e-01 4.191505866131439717e-01 6.905861357846834192e-01 1.764821131836555868e-01 1.749421124273841111e-01 1.071543451677616776e-01 3.821760242559646414e-01 1.490943190831239828e-01 6.410748332700326735e-01 4.233603692787273332e-01 6.764332431391316680e-01 7.405093920582124234e-01 4.443523531016931871e-01 4.338961482159199301e-01 5.686653977529014803e-01 7.459738057469169625e-01 7.680084286590775910e-01 1.675822991807005558e-01 4.169452912018717372e-01 0.000000000000000000e+00 4.546985789741556649e-01 8.688256823077480373e-01 6.716925896180323541e-01 5.870266015571538043e-01 6.350246324725996594e-01 6.773540465306526759e-01 7.642050926362111696e-01 2.182716139121492205e-01
2.447225160684498024e-01 5.971531204576050467e-01 1.918821000477890504e-01 5.168765534001595885e-01 8.885901955638708660e-01 6.233200526888136306e-01 4.132176226040461531e-01 5.028944579846718055e-01 7.555561028346293728e-01 8.342741963355169155e-01 6.412192168006281001e-02 4.745297291336788570e-01 1.186071388980288743e-01 2.933786012924425313e-01 8.414749706275668206e-01 6.970669923049055416e-02 5.207840465230935134e-01 3.934224949246815650e-01 7.762762411244830130e-01 6.941238314661343223e-01 4.431707529876091622e-01 7.179614986486414496e-01 5.311370246521099903e-01 7.033540562162881038e-01 5.330757420997433993e-02 8.086117083277426509e-01 4.546985789741556649e-01 0.000000000000000000e+00 1.640064672862598938e-01 2.392014174126582127e-01 6.560077782018638448e-01 7.666947159400903100e-01 4.372187540320309762e-01 4.651429373034240977e-01 3.630091748986052913e-01
8.192984751609128091e-01 4.409426468096989127e-01 8.238179835792176497e-01 3.875747397940051409e-01 4.335324042927840571e-01 6.953766140708577126e-01 5.621324850861417755e-01 3.458830665368641810e-01 7.322311381822490528e-01 5.668027369319650344e-01 2.853364220508228799e-01 4.710044009910865359e-01 2.864401234019091635e-01 5.720626353124900199e-01 7.994216296297316227e-01 2.155871064906981216e-01 4.270581214288140526e-01 2.921139872040821039e-01 2.835340216197130836e-01 9.344213509260764772e-01 4.722171179487366088e-01 3.746707581158125744e-01 4.510948388301649903e-01 4.932634469050098946e-01 4.341287516087002363e-01 4.612640199170497946e-01 8.688256823077480373e-01 1.640064672862598938e-01 0.000000000000000000e+00 5.049305562546186898e-01 4.381991334565031870e-01 2.825254960213713362e-01 3.883360738347105268e-01 4.549233160921569707e-01 3.811862897343309409e-01
4.814738990759566684e-01 6.930843241876325500e-01 6.158025504624869972e-01 6.941841364952529014e-01 7.852981064794081201e-01 5.542974367499715616e-01 4.836652753072560040e-01 3.509878706696423212e-01 3.923134351150204813e-01 5.654589322390755068e-01 7.746107212793982288e-01 4.716403810538225549e-01 7.890162585265458883e-01 4.912398989854071529e-01 5.962897609335167104e-01 5.435763902896233457e-01 5.630605754325327394e-01 1.528524028571887072e-01 4.105219077060492938e-01 5.940294335089407740e-01 6.167316577860388893e-01 5.140620352175812036e-01 4.418958585316942189e-01 2.667020222720606348e-01 2.325219603367841559e-01 8.751293847390779757e-01 6.716925896180323541e-01 2.392014174126582127e-01 5.049305562546186898e-01 0.000000000000000000e+00 5.966494638969255249e-01 4.750825134529489402e-01 8.141347594110629471e-01 5.291412356845417442e-01 6.758030124779055292e-01
7.671350208573035623e-01 4.363644250519889689e-01 3.722024980846085906e-01 8.130227440038819697e-01 5.167921808848121579e-01 3.607496006915849041e-01 8.949663793451716476e-01 6.084473075727989677e-01 8.857555828660363950e-01 8.850573143582693980e-01 4.473171056708926674e-01 5.167936288000027911e-01 1.440897719123152010e-01 4.076652600534530491e-01 6.121005122390281716e-01 4.929391577737253227e-01 2.908429022759090321e-01 3.874720269808194506e-01 8.928096961788994923e-01 4.356004440636319086e-01 7.274893561174650136e-01 4.826744034088897295e-01 7.511481303150435718e-01 3.063239161816899703e-01 5.259907674084471907e-01 5.114671025496153600e-01 5.870266015571538043e-01 6.560077782018638448e-01 4.381991334565031870e-01 5.966494638969255249e-01 0.000000000000000000e+00 4.581367140731805176e-01 6.497196628510780725e-01 2.145810722029341533e-01 8.226684086144430141e-01
6.297260625530995970e-01 5.823003744214128030e-01 5.354617482720057664e-01 8.187051516553254249e-01 6.869426853354111406e-01 4.491011858276545698e-01 3.171021957103122846e-01 8.691594238245641257e-01 4.084528837122745060e-01 5.532833882788521507e-01 4.731005785146674136e-01 4.751180937286072492e-01 8.404523162872927777e-01 7.780494181037669321e-01 3.939919198154347435e-01 1.150853786383456701e-01 8.523831250105986523e-01 5.936018243262455307e-01 4.340510135705889505e-01 8.375022873614341723e-01 3.508877569118991069e-01 3.983284791535899871e-01 1.777743669487205080e-01 8.451631326979414105e-01 4.776048646187217583e-01 7.317629889525172349e-01 6.350246324725996594e-01 7.666947159400903100e-01 2.825254960213713362e-01 4.750825134529489402e-01 4.581367140731805176e-01 0.000000000000000000e+00 2.919483021869240247e-01 4.768658307298639931e-01 2.567574496934448280e-01
8.246734986148951396e-01 2.791166062684509175e-01 9.362331770888832061e-02 3.702338539013607099e-01 5.916896355544383201e-01 5.870157676995514384e-01 1.902504772462820792e-01 7.173059622730626472e-01 7.391188897840210714e-01 7.045124577944955613e-01 4.653369670751030807e-01 4.044452984093045433e-01 8.741357644452041331e-02 6.306327480956779308e-01 7.201526838494466398e-01 7.648422709591673474e-02 5.222922950910444673e-01 4.776257903511343383e-01 7.256007383891561746e-01 2.225229299255076509e-01 8.065562498115748102e-01 4.165855393094084480e-01 2.515911266611104979e-01 5.557627041643939947e-01 4.662361455603445393e-01 7.897521187203664361e-01 6.773540465306526759e-01 4.372187540320309762e-01 3.883360738347105268e-01 8.141347594110629471e-01 6.497196628510780725e-01 2.919483021869240247e-01 0.000000000000000000e+00 5.894489837961698342e-01 5.758859852289193171e-01
8.169570351224509919e-01 2.461119253153967179e-01 6.785323605799594704e-01 6.000895831584835971e-01 4.950149189940621364e-01 2.027580688052834645e-01 5.251394562086020290e-01 6.584869107092378160e-01 2.327680184101301730e-01 8.770309838160008642e-01 7.976346978706161384e-01 7.969912475838702992e-02 9.830435101201769887e-01 6.653337860530252890e-01 5.175702912529756006e-01 4.277143418644673289e-01 3.624652662655477586e-01 4.989202668547492725e-01 4.979251108605168286e-01 5.750919970227065248e-01 4.132544111371316831e-01 7.474694290162413601e-01 5.713519760349172749e-02 3.424970873872801858e-01 6.011252545425191940e-01 3.065237399596603129e-01 7.642050926362111696e-01 4.651429373034240977e-01 4.549233160921569707e-01 5.291412356845417442e-01 2.145810722029341533e-01 4.768658307298639931e-01 5.894489837961698342e-01 0.000000000000000000e+00 1.595265044943545152e-01
4.312986091878350248e-01 9.532571905573302695e-01 7.656388540545505661e-01 7.992997874619411913e-01 2.976686915668029787e-01 8.255962598628829863e-01 7.115135775164969090e-01 5.338958936104026831e-01 4.600954767240056920e-01 1.245477192504882424e-01 5.074468485050618316e-01 6.917430176024279564e-01 8.476594769008987118e-01 4.190064105333435873e-01 4.622144474569884198e-01 1.533701259786937610e-01 1.730449054171988577e-01 4.044343817622819692e-01 6.097055982173110733e-01 5.647477853597304698e-01 9.527569475029784574e-01 4.300074987669682547e-01 1.622475556861335821e-02 6.440684033673638176e-01 8.446222897867325941e-01 8.094816022129869282e-01 2.182716139121492205e-01 3.630091748986052913e-01 3.811862897343309409e-01 6.758030124779055292e-01 8.226684086144430141e-01 2.567574496934448280e-01 5.758859852289193171e-01 1.595265044943545152e-01 0.000000000000000000e+00
