0.000000000000000000e+00 4.036395278292121414e-01 8.799392095680548254e-01 6.806688284204112094e-01 3.904033324032607499e-01 4.404279064798090060e-01 7.634897469504562384e-01 6.073790842560247150e-01 5.799879122776937512e-01 4.380303408391083564e-01 7.867606522068508745e-01 3.143487031290738143e-01 7.822392647702843815e-01 4.502906990472713145e-01 5.129266654957458371e-01 2.284985032924143900e-01 5.407773511184941206e-01 6.917073969600393557e-01 5.469755918937286854e-01 4.144217985677881022e-01 1.947343160650347738e-01 5.839347058297652548e-01 3.605959708597493707e-01 3.163501743338317240e-01 6.807623352591590793e-01 1.975230154217693102e-01 2.828716073459992542e-01 3.616372384899223524e-01 6.261593443414956717e-01 5.678572692858752102e-01 3.990306969675677662e-01 7.492599116375492363e-01 7.941317112627563901e-01 1.984802526938328482e-01 2.541656573517426243e-01
4.036395278292121414e-01 0.000000000000000000e+00 5.281175358146867893e-01 4.066720397053696923e-01 9.510648119314988325e-01 6.402082791398369110e-01 1.143656553922735575e-01 6.121777950397255808e-01 5.101278391945300861e-01 7.327270043564758639e-01 7.388806497225546277e-01 5.047976249157912765e-01 5.069978893414837096e-01 3.106557629500178441e-01 8.956001975769636303e-01 6.976022410592954692e-01 4.626397680611020191e-01 2.457215350150914190e-01 8.056262946329855179e-01 5.279454326047394730e-01 4.475964311095578241e-01 8.541723107328615949e-01 5.169640889685881424e-01 8.451517867794027250e-01 7.142799135023618629e-01 5.349692708234450311e-01 8.130288953114858108e-01 6.097887114190894131e-01 7.698667212458081277e-01 2.934318348877062999e-01 2.472590065315845576e-01 3.468006732175064610e-01 8.067931420542833187e-01 5.033430229480837514e-01 8.162889976633241895e-01
8.799392095680548254e-01 5.281175358146867893e-01 0.000000000000000000e+00 3.993566722569527050e-01 6.749763593311174370e-01 4.959016153174783392e-01 7.134757967078857455e-01 1.943089722092370408e-01 4.620198818371135663e-01 2.660134978340892853e-01 7.598873503024035081e-01 7.180222907610915861e-01 3.328043848340598299e-01 6.794650131536889015e-01 2.662376461237551672e-01 8.002121185953736671e-01 6.625366020002224632e-01 5.766514413800877259e-02 2.582052585775541087e-01 1.616675034070671479e-01 7.177869866577699653e-01 1.104948829028745694e-01 6.650738225261878522e-01 3.146349988717614399e-01 7.826107187579146585e-01 2.386433657296845590e-01 3.492388130618886422e-01 4.655832057987527306e-01 4.552777091105076890e-01 3.163116046837119444e-01 6.792760724001046801e-01 6.484757588080898305e-01 7.785194787837705910e-01 5.635414248545767002e-01 1.054631154184748620e-02
6.806688284204112094e-01 4.066720397053696923e-01 3.993566722569527050e-01 0.000000000000000000e+00 1.552696257861665430e-01 8.055803207984245651e-01 6.957871355088185439e-01 6.053038630804168374e-01 3.846221169391113026e-01 4.441230332099043165e-01 4.005315908277620740e-01 5.941444717493531424e-01 5.924483570237691898e-01 6.447162546017218832e-01 5.168047505988841994e-01 7.247048637224771106e-01 4.640063943399082014e-01 7.353594435480899083e-01 7.406609105571171359e-01 5.307000496248037713e-01 5.767756548820461848e-01 9.031708533295168539e-01 9.405030543904384643e-01 5.996728904144519312e-01 7.450648957954496554e-01 6.460108306323970595e-01 3.317716326850015385e-01 9.212563714885052546e-01 5.165709817671958470e-01 2.330503923072287931e-01 5.638041535293161211e-01 7.059532587583491337e-01 8.209234641716571801e-01 5.502693283276866021e-01 4.774378416644896594e-01
3.904033324032607499e-01 9.510648119314988325e-01 6.749763593311174370e-01 1.552696257861665430e-01 0.000000000000000000e+00 4.455076346968618317e-01 7.157032841199368889e-01 4.899796283029388966e-01 5.314614297252623354e-01 5.083248789256313849e-01 5.281447574766831021e-01 2.013979937414864807e-01 8.835041464563906377e-01 6.816002383017283339e-01 9.161194161467822727e-01 5.430739336509984305e-01 4.596079417859371130e-01 3.389269501063643109e-01 4.461042482657250341e-01 6.073215156881945909e-01 4.536319680703443380e-01 3.778327787412484318e-01 8.094261503005260039e-01 4.461336942179978671e-01 3.029555411883237959e-01 8.244493868097602096e-01 9.105412590301336095e-01 5.026281628737726548e-01 5.289928049887804296e-01 2.400294265313940301e-01 5.573047615290120937e-01 6.077019069095148662e-01 7.131390533546158039e-01 3.799425776491006657e-01 4.011582810138384914e-01
4.404279064798090060e-01 6.402082791398369110e-01 4.959016153174783392e-01 8.055803207984245651e-01 4.455076346968618317e-01 0.000000000000000000e+00 3.043024898569729464e-01 3.908398999740941293e-01 3.569227077499856904e-01 8.167973612694929830e-01 6.401646359445312129e-01 6.086431613963632081e-01 4.520159673786042775e-01 5.761027230051519732e-01 4.381502515387580843e-02 6.580937554911281406e-01 4.778229746625323737e-01 6.849389511769277128e-01 4.183280011849264124e-01 5.312984182205495731e-01 6.563056159308877646e-01 8.456001264373351756e-01 1.732864121279914515e-01 4.631749382523716596e-01 4.795865110379629037e-01 4.655672837892725902e-01 6.296181490059004071e-01 4.994551240733217101e-01 2.983926604544689942e-01 4.829317112997082440e-01 5.881166475884850309e-01 5.624749356894208629e-01 7.993832216432000815e-01 3.621078461517011071e-01 1.008199588805516189e-01
7.634897469504562384e-01 1.143656553922735575e-01 7.134757967078857455e-01 6.957871355088185439e-01 7.157032841199368889e-01 3.043024898569729464e-01 0.000000000000000000e+00 3.627721921797749105e-01 4.254566145670114485e-01 3.045824729854451629e-01 5.856993794961947719e-01 4.225987157696651231e-01 5.102659887617310153e-01 5.781024002101199377e-01 3.867018972662402687e-01 5.347314179542367318e-01 4.476336351265796099e-01 4.097988530211716940e-01 6.743417433029040842e-01 3.562852787609562810e-01 8.236159714502682139e-01 2.699189059213543684e-01 3.603215020748475883e-01 4.157408846914918410e-01 5.994107865056255147e-01 1.342506544331052432e-01 4.963264729338313086e-01 3.998746108072287475e-01 7.430979963647587061e-01 5.312471970611855054e-01 3.402163845561729238e-01 5.601174128866683866e-01 7.467835976726988623e-01 6.068981506263149139e-01 8.006638349764457763e-01
6.073790842560247150e-01 6.121777950397255808e-01 1.943089722092370408e-01 6.053038630804168374e-01 4.899796283029388966e-01 3.908398999740941293e-01 3.627721921797749105e-01 0.000000000000000000e+00 7.230636655689717252e-01 5.081153359709018602e-01 4.542971271677273548e-01 4.504372003607360897e-01 4.979804482275979605e-01 5.774365294775729573e-01 8.202533950069930135e-01 4.577325976880876057e-01 2.033097208503617526e-01 6.806011379149488061e-01 2.803896080132738389e-01 5.902206007486432426e-01 4.305674969655216011e-01 9.002234775336048767e-01 8.875245991925799771e-01 9.165229852770173657e-01 4.126341612184228902e-01 7.278024353287331216e-01 7.178943048216416267e-01 3.818069521501111785e-01 5.462371917845227909e-01 7.257276642041208259e-01 5.271973879910644145e-01 3.615917015378787847e-01 5.643465184338547491e-01 4.140725972664055510e-01 3.799065363775565030e-01
5.799879122776937512e-01 5.101278391945300861e-01 4.620198818371135663e-01 3.846221169391113026e-01 5.314614297252623354e-01 3.569227077499856904e-01 4.254566145670114485e-01 7.230636655689717252e-01 0.000000000000000000e+00 4.100906378645315931e-01 2.336595677901008583e-01 6.408304453600501827e-01 3.957596176305036573e-01 3.065012064382931500e-01 6.911351601733344285e-01 2.040068468483071662e-01 4.442870556353246680e-01 6.957665735877704982e-01 4.762580391921069634e-01 6.212285884319136420e-01 4.366152071174152494e-01 5.175536540399883201e-02 5.074414327655449863e-01 4.826069045175427341e-01 5.812644304397904804e-01 3.903401566606960471e-01 4.607245020253123435e-01 5.802900039822200817e-01 6.105820074171690592e-01 4.202184699727133932e-01 4.964774528404247711e-01 6.662569084684375476e-01 2.745306493695167660e-01 8.390787603467277922e-01 4.367174871928470870e-01
4.380303408391083564e-01 7.327270043564758639e-01 2.660134978340892853e-01 4.441230332099043165e-01 5.083248789256313849e-01 8.167973612694929830e-01 3.045824729854451629e-01 5.081153359709018602e-01 4.100906378645315931e-01 0.000000000000000000e+00 5.939547512137712815e-01 3.147676415157830698e-01 1.718618052204138325e-01 7.155441861872378073e-01 7.533701970887499710e-01 4.833957868192922391e-01 4.938219654726769270e-01 8.521682470950042720e-02 5.158237484405103768e-01 4.253320315703186250e-01 4.733731716352274632e-01 2.392091809367721256e-01 3.213264130049936496e-01 2.536704726146379318e-01 3.514162012282451841e-01 3.193214930020267239e-01 1.924325314863795100e-01 7.315883818479580469e-01 3.381277513248897026e-01 7.577231485711777292e-01 4.486830851341296333e-01 3.960818972154860340e-01 5.940231830807394253e-01 3.915157182866884078e-01 8.636560470329792683e-01
7.867606522068508745e-01 7.388806497225546277e-01 7.598873503024035081e-01 4.005315908277620740e-01 5.281447574766831021e-01 6.401646359445312129e-01 5.856993794961947719e-01 4.542971271677273548e-01 2.336595677901008583e-01 5.939547512137712815e-01 0.000000000000000000e+00 3.763511890585746755e-01 6.621681147209182994e-01 7.473345154189366957e-01 5.132030076227127591e-01 2.614234587619482242e-01 3.330619032522683653e-01 4.482779284572064871e-01 6.166162056466278907e-01 7.829020069794541126e-01 7.384360006637701312e-01 8.181220838102987170e-01 9.008868869835103821e-01 6.611625671115070046e-01 4.840725295490864166e-01 5.567660965006118179e-01 5.071887261837673133e-01 3.637450886611472978e-01 6.688246966762794177e-01 7.431188999309603638e-01 2.955155656180572521e-01 7.639625971492847167e-01 5.602238174590399300e-01 3.365678672811915906e-01 8.928368539641824420e-01
3.143487031290738143e-01 5.047976249157912765e-01 7.180222907610915861e-01 5.941444717493531424e-01 2.013979937414864807e-01 6.086431613963632081e-01 4.225987157696651231e-01 4.504372003607360897e-01 6.408304453600501827e-01 3.147676415157830698e-01 3.763511890585746755e-01 0.000000000000000000e+00 4.143897557973756918e-01 6.589485595563988607e-01 7.627838703431570888e-01 8.368780019334645104e-01 6.200694773330754916e-01 5.400527089042983508e-01 2.371242427924877827e-01 1.420179546041012708e-01 2.552451213165579658e-01 3.580102189204803498e-02 8.845932030055729811e-01 3.772782349200635155e-01 7.567033500861048978e-01 8.674381225358755998e-01 5.586935113539859277e-01 4.642905431168055652e-01 1.690712743593043577e-01 5.675737815074277659e-01 5.866257452443357501e-01 7.590765950245048632e-02 1.183843336692426140e-01 7.688797950245083168e-01 7.160743091651349257e-01
7.822392647702843815e-01 5.069978893414837096e-01 3.328043848340598299e-01 5.924483570237691898e-01 8.835041464563906377e-01 4.520159673786042775e-01 5.102659887617310153e-01 4.979804482275979605e-01 3.957596176305036573e-01 1.718618052204138325e-01 6.621681147209182994e-01 4.143897557973756918e-01 0.000000000000000000e+00 4.374377940529599607e-01 8.484741283803083345e-01 4.754365707437798183e-01 4.638733956036900641e-01 3.811754845466754915e-01 5.141049863185169766e-01 8.172477211677674491e-01 8.728764838508271673e-01 9.592410070978718561e-02 4.583917909185063477e-01 1.398013347558698660e-01 7.291605120589709221e-01 5.822000431305602852e-01 3.896445560502489469e-01 5.560474627979912210e-01 4.755763200230960774e-01 7.106589896224551062e-01 7.804246285834512964e-01 2.143815587203948825e-01 3.171840497800488823e-01 3.015057367735241023e-01 7.385836260992617586e-02
4.502906990472713145e-01 3.106557629500178441e-01 6.794650131536889015e-01 6.447162546017218832e-01 6.816002383017283339e-01 5.761027230051519732e-01 5.781024002101199377e-01 5.774365294775729573e-01 3.065012064382931500e-01 7.155441861872378073e-01 7.473345154189366957e-01 6.589485595563988607e-01 4.374377940529599607e-01 0.000000000000000000e+00 1.769795202620724206e-01 4.778738623182166023e-01 7.002586936629460190e-01 4.500448596461248396e-01 6.284481755832037608e-01 7.182935781840109613e-01 4.416186317556246577e-01 4.903290590425307682e-01 4.931365275468643783e-01 2.558816512028604384e-01 7.305142318672732671e-01 5.829407601131373351e-01 1.784466377136906257e-01 5.301428799938774361e-01 4.563796634318041945e-01 2.797835033191601317e-01 6.788544439194770241e-01 3.777631410647780963e-01 4.970928084487102883e-01 5.265542820182144146e-01 2.338978511074703004e-01
5.129266654957458371e-01 8.956001975769636303e-01 2.662376461237551672e-01 5.168047505988841994e-01 9.161194161467822727e-01 4.381502515387580843e-02 3.867018972662402687e-01 8.202533950069930135e-01 6.911351601733344285e-01 7.533701970887499710e-01 5.132030076227127591e-01 7.627838703431570888e-01 8.484741283803083345e-01 1.769795202620724206e-01 0.000000000000000000e+00 1.115989205200363932e-01 3.817713236632935825e-01 9.020161077247946801e-01 3.271908737509209297e-01 5.715980023783129305e-01 2.757473269507256797e-01 6.475674250289129574e-01 3.864643367001939778e-01 5.082544724721351770e-01 6.619992892151326247e-01 5.582474754235438041e-01 7.495037544798071050e-01 6.270468686318693141e-01 3.159945578298002378e-01 8.345551046176137300e-01 7.576291460954220902e-01 9.104520965557001411e-01 4.119176983811276838e-01 9.014650491868039239e-01 4.926161203454327842e-01
2.284985032924143900e-01 6.976022410592954692e-01 8.002121185953736671e-01 7.247048637224771106e-01 5.430739336509984305e-01 6.580937554911281406e-01 5.347314179542367318e-01 4.577325976880876057e-01 2.040068468483071662e-01 4.833957868192922391e-01 2.614234587619482242e-01 8.368780019334645104e-01 4.754365707437798183e-01 4.778738623182166023e-01 1.115989205200363932e-01 0.000000000000000000e+00 3.944856190290719766e-01 2.525059532826146036e-01 4.129070372045468007e-01 4.203459342032023760e-01 4.184768355512979987e-01 4.647826148284827652e-01 4.103785925153384806e-01 1.514709499816629945e-01 2.024644339850885100e-01 4.877178895432652816e-01 3.839284068508335701e-01 8.262791592108191807e-01 8.633893586982841484e-01 3.343561421418472790e-01 5.466971405731282374e-01 1.141248671015505645e-01 1.281968482081314864e-01 5.657353781749780985e-01 3.084634724032383479e-01
5.407773511184941206e-01 4.626397680611020191e-01 6.625366020002224632e-01 4.640063943399082014e-01 4.596079417859371130e-01 4.778229746625323737e-01 4.476336351265796099e-01 2.033097208503617526e-01 4.442870556353246680e-01 4.938219654726769270e-01 3.330619032522683653e-01 6.200694773330754916e-01 4.638733956036900641e-01 7.002586936629460190e-01 3.817713236632935825e-01 3.944856190290719766e-01 0.000000000000000000e+00 3.919371672849981114e-01 7.072638827625030711e-01 7.881349332215525916e-01 5.223921208427406704e-01 8.482492381275610338e-01 1.492040812282311446e-01 3.341784904308636728e-01 5.182515285808849681e-01 7.503907488572932882e-01 8.704931169799758894e-01 4.049701924532914110e-01 7.197312609087718194e-01 9.445958157687783796e-03 2.657656356565972766e-01 9.160476285595056112e-01 3.448162431945988038e-01 7.200084449178906221e-01 7.148422284884535793e-01
6.917073969600393557e-01 2.457215350150914190e-01 5.766514413800877259e-02 7.353594435480899083e-01 3.389269501063643109e-01 6.849389511769277128e-01 4.097988530211716940e-01 6.806011379149488061e-01 6.957665735877704982e-01 8.521682470950042720e-02 4.482779284572064871e-01 5.400527089042983508e-01 3.811754845466754915e-01 4.500448596461248396e-01 9.020161077247946801e-01 2.525059532826146036e-01 3.919371672849981114e-01 0.000000000000000000e+00 5.131325308180885170e-01 1.301841838850175126e-01 7.205370909411519253e-01 4.506405210042091491e-01 8.422323352842673305e-01 3.195498357425748948e-01 4.362293447754650999e-01 4.337552858848106041e-01 4.565316088547716200e-01 6.132292975821708181e-01 8.472432618917952185e-01 5.025025357153983796e-01 4.161119261073182307e-01 6.655352585487382955e-01 3.843590581297141595e-01 5.312435738133258756e-01 3.236943142296597742e-01
5.469755918937286854e-01 8.056262946329855179e-01 2.582052585775541087e-01 7.406609105571171359e-01 4.461042482657250341e-01 4.183280011849264124e-01 6.743417433029040842e-01 2.803896080132738389e-01 4.762580391921069634e-01 5.158237484405103768e-01 6.166162056466278907e-01 2.371242427924877827e-01 5.141049863185169766e-01 6.284481755832037608e-01 3.271908737509209297e-01 4.129070372045468007e-01 7.072638827625030711e-01 5.131325308180885170e-01 0.000000000000000000e+00 6.935297960160152764e-01 4.259794360982926409e-01 5.089638937383491601e-01 6.888729007218937772e-01 8.631737090284274938e-01 2.476944957523478930e-01 3.781035081894912331e-01 4.325291432314299911e-01 4.372800043576927642e-01 7.510972228240586634e-01 4.803356013482740772e-01 6.808856607307572917e-01 6.101817786639460728e-01 2.132248492443618026e-01 5.266941205494557465e-02 2.729136632491991898e-01
4.144217985677881022e-01 5.279454326047394730e-01 1.616675034070671479e-01 5.307000496248037713e-01 6.073215156881945909e-01 5.312984182205495731e-01 3.562852787609562810e-01 5.902206007486432426e-01 6.212285884319136420e-01 4.253320315703186250e-01 7.829020069794541126e-01 1.420179546041012708e-01 8.172477211677674491e-01 7.182935781840109613e-01 5.715980023783129305e-01 4.203459342032023760e-01 7.881349332215525916e-01 1.301841838850175126e-01 6.935297960160152764e-01 0.000000000000000000e+00 6.969727913644485628e-01 7.807931351295234190e-01 3.276777210255983896e-01 7.526959506043895409e-01 5.608204668555415440e-01 2.646188806815029659e-01 8.475750654140274953e-01 9.713180343186249566e-01 3.381002114466574726e-01 1.211696830315035500e-01 3.764408441782581827e-01 8.219997399153655682e-01 5.042341951414968104e-01 6.047027174638092140e-01 7.885056080285288704e-01
1.947343160650347738e-01 4.475964311095578241e-01 7.177869866577699653e-01 5.767756548820461848e-01 4.536319680703443380e-01 6.563056159308877646e-01 8.236159714502682139e-01 4.305674969655216011e-01 4.366152071174152494e-01 4.733731716352274632e-01 7.384360006637701312e-01 2.552451213165579658e-01 8.728764838508271673e-01 4.416186317556246577e-01 2.757473269507256797e-01 4.184768355512979987e-01 5.223921208427406704e-01 7.205370909411519253e-01 4.259794360982926409e-01 6.969727913644485628e-01 0.000000000000000000e+00 6.564502935136049544e-01 4.728200449118822313e-01 5.596141588151732904e-01 9.590438291735704501e-01 2.052560239729128710e-01 4.321668939665244125e-01 4.665959937709906469e-01 7.022292982509643622e-01 3.811676652044557745e-01 5.709921121489709428e-01 9.028284323083671792e-01 6.959147754371973749e-01 3.498127299582914906e-01 9.001662206155811585e-01
5.839347058297652548e-01 8.541723107328615949e-01 1.104948829028745694e-01 9.031708533295168539e-01 3.778327787412484318e-01 8.456001264373351756e-01 2.699189059213543684e-01 9.002234775336048767e-01 5.175536540399883201e-02 2.392091809367721256e-01 8.181220838102987170e-01 3.580102189204803498e-02 9.592410070978718561e-02 4.903290590425307682e-01 6.475674250289129574e-01 4.647826148284827652e-01 8.482492381275610338e-01 4.506405210042091491e-01 5.089638937383491601e-01 7.807931351295234190e-01 6.564502935136049544e-01 0.000000000000000000e+00 4.952678245650158906e-01 8.674663223676006840e-01 2.996622331521459071e-01 4.757893465146849077e-01 7.574909508561618043e-01 6.849284312399891439e-01 4.634685864109005515e-01 4.535299730227175807e-01 7.622115570844478771e-01 1.375311972986440479e-01 1.718494752731981601e-01 6.707805771933573746e-01 5.999555346478548934e-01
3.605959708597493707e-01 5.169640889685881424e-01 6.650738225261878522e-01 9.405030543904384643e-01 8.094261503005260039e-01 1.732864121279914515e-01 3.603215020748475883e-01 8.875245991925799771e-01 5.074414327655449863e-01 3.213264130049936496e-01 9.008868869835103821e-01 8.845932030055729811e-01 4.583917909185063477e-01 4.931365275468643783e-01 3.864643367001939778e-01 4.103785925153384806e-01 1.492040812282311446e-01 8.422323352842673305e-01 6.888729007218937772e-01 3.276777210255983896e-01 4.728200449118822313e-01 4.952678245650158906e-01 0.000000000000000000e+00 2.389354237514392798e-01 5.323837055635413096e-01 4.121522927553882831e-01 4.232600731259787419e-01 3.753246219732596645e-01 8.220116173975041685e-01 4.846655930301351223e-01 2.108831560317462328e-01 5.980108903835508194e-01 3.025787463964153545e-01 3.656084196910326378e-01 5.074395387272991886e-01
3.163501743338317240e-01 8.451517867794027250e-01 3.146349988717614399e-01 5.996728904144519312e-01 4.461336942179978671e-01 4.631749382523716596e-01 4.157408846914918410e-01 9.165229852770173657e-01 4.826069045175427341e-01 2.536704726146379318e-01 6.611625671115070046e-01 3.772782349200635155e-01 1.398013347558698660e-01 2.558816512028604384e-01 5.082544724721351770e-01 1.514709499816629945e-01 3.341784904308636728e-01 3.195498357425748948e-01 8.631737090284274938e-01 7.526959506043895409e-01 5.596141588151732904e-01 8.674663223676006840e-01 2.389354237514392798e-01 0.000000000000000000e+00 2.919527053217121360e-01 8.126036075208857845e-01 9.248632475774546391e-01 7.311986268947359147e-01 4.324908424472635460e-01 6.648483751749787452e-01 2.408580742231795080e-01 6.726799474373790222e-02 2.835750539959012162e-01 4.541016210187337476e-01 7.715055346828210148e-01
6.807623352591590793e-01 7.142799135023618629e-01 7.826107187579146585e-01 7.450648957954496554e-01 3.029555411883237959e-01 4.795865110379629037e-01 5.994107865056255147e-01 4.126341612184228902e-01 5.812644304397904804e-01 3.514162012282451841e-01 4.840725295490864166e-01 7.567033500861048978e-01 7.291605120589709221e-01 7.305142318672732671e-01 6.619992892151326247e-01 2.024644339850885100e-01 5.182515285808849681e-01 4.362293447754650999e-01 2.476944957523478930e-01 5.608204668555415440e-01 9.590438291735704501e-01 2.996622331521459071e-01 5.323837055635413096e-01 2.919527053217121360e-01 0.000000000000000000e+00 6.211437981313019385e-01 6.869656837449729103e-01 4.439036053500735601e-01 6.800299100835790478e-01 8.944609221367891827e-01 4.632732623544514317e-01 2.904112498139268528e-01 9.270038671430678168e-01 6.875576409751578133e-01 5.523496739352937723e-01
1.975230154217693102e-01 5.349692708234450311e-01 2.386433657296845590e-01 6.460108306323970595e-01 8.244493868097602096e-01 4.655672837892725902e-01 1.342506544331052432e-01 7.278024353287331216e-01 3.903401566606960471e-01 3.193214930020267239e-01 5.567660965006118179e-01 8.674381225358755998e-01 5.822000431305602852e-01 5.829407601131373351e-01 5.582474754235438041e-01 4.877178895432652816e-01 7.503907488572932882e-01 4.337552858848106041e-01 3.781035081894912331e-01 2.646188806815029659e-01 2.052560239729128710e-01 4.757893465146849077e-01 4.121522927553882831e-01 8.126036075208857845e-01 6.211437981313019385e-01 0.000000000000000000e+00 4.587640893453239777e-01 1.607671757983051286e-01 5.129791247752909511e-01 3.073458358366190080e-01 6.963932247480778548e-01 8.780422439195885165e-01 6.275709885656490794e-01 5.076444749512037946e-01 4.853457621289389845e-01
2.828716073459992542e-01 8.130288953114858108e-01 3.492388130618886422e-01 3.317716326850015385e-01 9.105412590301336095e-01 6.296181490059004071e-01 4.963264729338313086e-01 7.178943048216416267e-01 4.607245020253123435e-01 1.924325314863795100e-01 5.071887261837673133e-01 5.586935113539859277e-01 3.896445560502489469e-01 1.784466377136906257e-01 7.495037544798071050e-01 3.839284068508335701e-01 8.704931169799758894e-01 4.565316088547716200e-01 4.325291432314299911e-01 8.475750654140274953e-01 4.321668939665244125e-01 7.574909508561618043e-01 4.232600731259787419e-01 9.248632475774546391e-01 6.869656837449729103e-01 4.587640893453239777e-01 0.000000000000000000e+00 7.310809674019469462e-01 3.444968730317538030e-01 6.691647671999803038e-01 5.050916788350547915e-01 9.094482830110235394e-01 2.209812614999939751e-01 8.398335318093210766e-01 5.704026434375146781e-01
3.616372384899223524e-01 6.097887114190894131e-01 4.655832057987527306e-01 9.212563714885052546e-01 5.026281628737726548e-01 4.994551240733217101e-01 3.998746108072287475e-01 3.818069521501111785e-01 5.802900039822200817e-01 7.315883818479580469e-01 3.637450886611472978e-01 4.642905431168055652e-01 5.560474627979912210e-01 5.301428799938774361e-01 6.270468686318693141e-01 8.262791592108191807e-01 4.049701924532914110e-01 6.132292975821708181e-01 4.372800043576927642e-01 9.713180343186249566e-01 4.665959937709906469e-01 6.849284312399891439e-01 3.753246219732596645e-01 7.311986268947359147e-01 4.439036053500735601e-01 1.607671757983051286e-01 7.310809674019469462e-01 0.000000000000000000e+00 1.149444487437578655e-01 2.456068014660161003e-01 4.461892992530989144e-01 3.845770661790164358e-01 4.823876373898444148e-01 8.202748426227093326e-01 1.863931964685489606e-01
6.261593443414956717e-01 7.698667212458081277e-01 4.552777091105076890e-01 5.165709817671958470e-01 5.289928049887804296e-01 2.983926604544689942e-01 7.430979963647587061e-01 5.462371917845227909e-01 6.105820074171690592e-01 3.381277513248897026e-01 6.688246966762794177e-01 1.690712743593043577e-01 4.755763200230960774e-01 4.563796634318041945e-01 3.159945578298002378e-01 8.633893586982841484e-01 7.197312609087718194e-01 8.472432618917952185e-01 7.510972228240586634e-01 3.381002114466574726e-01 7.022292982509643622e-01 4.634685864109005515e-01 8.220116173975041685e-01 4.324908424472635460e-01 6.800299100835790478e-01 5.129791247752909511e-01 3.444968730317538030e-01 1.149444487437578655e-01 0.000000000000000000e+00 5.360663179356123242e-01 4.783776531358966411e-01 7.643939558266875656e-01 6.741734166990380750e-01 1.787610883141235174e-01 4.960620253016675418e-01
5.678572692858752102e-01 2.934318348877062999e-01 3.163116046837119444e-01 2.330503923072287931e-01 2.400294265313940301e-01 4.829317112997082440e-01 5.312471970611855054e-01 7.257276642041208259e-01 4.202184699727133932e-01 7.577231485711777292e-01 7.431188999309603638e-01 5.675737815074277659e-01 7.106589896224551062e-01 2.797835033191601317e-01 8.345551046176137300e-01 3.343561421418472790e-01 9.445958157687783796e-03 5.025025357153983796e-01 4.803356013482740772e-01 1.211696830315035500e-01 3.811676652044557745e-01 4.535299730227175807e-01 4.846655930301351223e-01 6.648483751749787452e-01 8.944609221367891827e-01 3.073458358366190080e-01 6.691647671999803038e-01 2.456068014660161003e-01 5.360663179356123242e-01 0.000000000000000000e+00 8.212678493521581302e-01 8.379221997537569244e-01 5.546104167094370041e-01 5.188344403497598956e-01 8.144523941358967623e-01
3.990306969675677662e-01 2.472590065315845576e-01 6.792760724001046801e-01 5.638041535293161211e-01 5.573047615290120937e-01 5.881166475884850309e-01 3.402163845561729238e-01 5.271973879910644145e-01 4.964774528404247711e-01 4.486830851341296333e-01 2.955155656180572521e-01 5.866257452443357501e-01 7.804246285834512964e-01 6.788544439194770241e-01 7.576291460954220902e-01 5.466971405731282374e-01 2.657656356565972766e-01 4.161119261073182307e-01 6.808856607307572917e-01 3.764408441782581827e-01 5.709921121489709428e-01 7.622115570844478771e-01 2.108831560317462328e-01 2.408580742231795080e-01 4.632732623544514317e-01 6.963932247480778548e-01 5.050916788350547915e-01 4.461892992530989144e-01 4.783776531358966411e-01 8.212678493521581302e-01 0.000000000000000000e+00 7.337571225473746850e-01 5.247649314814211152e-01 6.397809987961379230e-01 8.840042103320469025e-01
7.492599116375492363e-01 3.468006732175064610e-01 6.484757588080898305e-01 7.059532587583491337e-01 6.077019069095148662e-01 5.624749356894208629e-01 5.601174128866683866e-01 3.615917015378787847e-01 6.662569084684375476e-01 3.960818972154860340e-01 7.639625971492847167e-01 7.590765950245048632e-02 2.143815587203948825e-01 3.777631410647780963e-01 9.104520965557001411e-01 1.141248671015505645e-01 9.160476285595056112e-01 6.655352585487382955e-01 6.101817786639460728e-01 8.219997399153655682e-01 9.028284323083671792e-01 1.375311972986440479e-01 5.980108903835508194e-01 6.726799474373790222e-02 2.904112498139268528e-01 8.780422439195885165e-01 9.094482830110235394e-01 3.845770661790164358e-01 7.643939558266875656e-01 8.379221997537569244e-01 7.337571225473746850e-01 0.000000000000000000e+00 4.593117799176471561e-02 7.936131295496242632e-01 3.341652215392209024e-01
7.941317112627563901e-01 8.067931420542833187e-01 7.785194787837705910e-01 8.209234641716571801e-01 7.131390533546158039e-01 7.993832216432000815e-01 7.467835976726988623e-01 5.643465184338547491e-01 2.745306493695167660e-01 5.940231830807394253e-01 5.602238174590399300e-01 1.183843336692426140e-01 3.171840497800488823e-01 4.970928084487102883e-01 4.119176983811276838e-01 1.281968482081314864e-01 3.448162431945988038e-01 3.843590581297141595e-01 2.132248492443618026e-01 5.042341951414968104e-01 6.959147754371973749e-01 1.718494752731981601e-01 3.025787463964153545e-01 2.835750539959012162e-01 9.270038671430678168e-01 6.275709885656490794e-01 2.209812614999939751e-01 4.823876373898444148e-01 6.741734166990380750e-01 5.546104167094370041e-01 5.247649314814211152e-01 4.593117799176471561e-02 0.000000000000000000e+00 6.252557414084445320e-01 6.889330574766306947e-01
1.984802526938328482e-01 5.033430229480837514e-01 5.635414248545767002e-01 5.502693283276866021e-01 3.799425776491006657e-01 3.621078461517011071e-01 6.068981506263149139e-01 4.140725972664055510e-01 8.390787603467277922e-01 3.915157182866884078e-01 3.365678672811915906e-01 7.688797950245083168e-01 3.015057367735241023e-01 5.265542820182144146e-01 9.014650491868039239e-01 5.657353781749780985e-01 7.200084449178906221e-01 5.312435738133258756e-01 5.266941205494557465e-02 6.047027174638092140e-01 3.498127299582914906e-01 6.707805771933573746e-01 3.656084196910326378e-01 4.541016210187337476e-01 6.875576409751578133e-01 5.076444749512037946e-01 8.398335318093210766e-01 8.202748426227093326e-01 1.787610883141235174e-01 5.188344403497598956e-01 6.397809987961379230e-01 7.936131295496242632e-01 6.252557414084445320e-01 0.000000000000000000e+00 6.561143114273403354e-01
2.541656573517426243e-01 8.162889976633241895e-01 1.054631154184748620e-02 4.774378416644896594e-01 4.011582810138384914e-01 1.008199588805516189e-01 8.006638349764457763e-01 3.799065363775565030e-01 4.367174871928470870e-01 8.636560470329792683e-01 8.928368539641824420e-01 7.160743091651349257e-01 7.385836260992617586e-02 2.338978511074703004e-01 4.926161203454327842e-01 3.084634724032383479e-01 7.148422284884535793e-01 3.236943142296597742e-01 2.729136632491991898e-01 7.885056080285288704e-01 9.001662206155811585e-01 5.999555346478548934e-01 5.074395387272991886e-01 7.715055346828210148e-01 5.523496739352937723e-01 4.853457621289389845e-01 5.704026434375146781e-01 1.863931964685489606e-01 4.960620253016675418e-01 8.144523941358967623e-01 8.840042103320469025e-01 3.341652215392209024e-01 6.889330574766306947e-01 6.561143114273403354e-01 0.000000000000000000e+00
