0.000000000000000000e+00 7.475955704245619282e-01 9.555262884360942177e-01 4.119808846721501605e-01 4.304660136871344966e-01 5.346059322045314532e-01 3.983530209909078024e-01 9.065279899075981973e-01 8.346594816476737844e-01 8.273256053204802729e-01 3.709447648102471851e-01 1.467667941840452572e-01 5.530290881000989867e-01 4.161426552522096145e-01 5.001551652731037745e-01 4.986588862254108245e-01 6.813745305053114931e-01 3.574271099897011750e-01 1.947720555191650993e-01 4.437057134194309360e-01 4.332886150963000116e-01 5.083990992611032711e-01 5.282106445763710134e-01 6.773823638626006449e-01 3.174687581372022116e-01 6.235524698501638818e-01 9.368264874073317650e-02 9.306711194985528568e-02 3.404843619099204854e-01 4.674587761683598464e-01 7.050824885890084603e-01 4.428049708232206783e-01 7.710725365290356237e-01 5.134154246277327083e-01 4.885734312530482515e-01
7.475955704245619282e-01 0.000000000000000000e+00 8.535335885052187654e-01 6.499066968004172384e-01 3.011528091870974144e-02 5.443197534049213360e-01 5.978266136242709194e-01 1.877165765050379242e-01 5.194167253575554533e-01 1.192985704045499418e-01 3.287443682821996616e-01 9.286588524955814439e-01 6.039397620810218470e-01 1.216180278706402440e-01 4.442559670722083243e-01 1.422801893399077144e-01 9.558054930657235992e-01 4.673183664551783245e-01 2.209042676551525308e-01 5.697012054005057280e-01 3.726372306291838576e-01 7.626577530304637920e-01 6.622340790265226484e-01 3.887869527163066441e-01 7.308119338767709028e-01 8.311076764712715947e-01 5.164017656462337458e-01 3.293987453449787051e-02 5.511472641076762269e-01 6.869665156683402163e-01 7.486694820699757447e-01 7.808143586439189043e-01 6.835406159764025880e-01 4.957908372810825859e-01 6.774405263257842202e-01
9.555262884360942177e-01 8.535335885052187654e-01 0.000000000000000000e+00 9.048072373142660441e-01 2.608300244075143492e-01 7.331689978945404862e-01 5.733162887735534508e-01 4.075319294679048410e-01 4.450193676364621043e-01 3.583394505797323770e-01 2.384421265845353688e-01 7.960834983234905682e-01 7.229198540775123583e-01 8.514147011015075206e-01 8.570749043573382409e-01 8.554725550831304703e-01 6.368408582807394414e-01 4.894056719242659836e-01 4.594122798642738537e-01 4.291705111923801996e-01 8.429352960023102082e-01 7.400616357584901550e-01 7.389712045842384835e-01 4.542101568430140235e-01 7.303116290900879548e-02 6.426775152292703019e-01 7.655286462257469005e-01 5.237705862108875676e-01 9.009268113283626089e-01 7.060192340392769106e-01 3.362154501610233881e-01 5.484629335505564196e-01 4.057473547280234794e-01 1.072314301299039929e-01 5.574270716339317921e-01
4.119808846721501605e-01 6.499066968004172384e-01 9.048072373142660441e-01 0.000000000000000000e+00 4.085956597537557800e-01 9.232639489427452162e-01 7.320851248920985377e-01 7.714086779765918500e-01 8.296856433840356093e-01 6.724955286444338487e-01 7.153174641689240554e-01 6.529269781318474131e-01 7.675774507742065822e-01 6.973084620279192958e-01 4.407693830314706185e-01 4.739811475226319293e-01 2.472861346525483395e-01 7.844088169270186928e-01 2.835412097052318892e-01 3.905590925792938317e-01 7.431304827481438613e-01 6.016773162265263153e-01 4.149347232481643277e-01 5.586455765932356599e-01 4.962193965665269157e-01 7.883101896225648275e-01 1.814951714001586947e-01 5.314234947408047471e-01 8.663559463166532471e-01 5.714574035943527086e-01 6.636776835376907435e-01 6.733296899328340412e-01 4.845035726857944702e-01 4.513354133771896315e-01 7.745224533989987226e-01
4.304660136871344966e-01 3.011528091870974144e-02 2.608300244075143492e-01 4.085956597537557800e-01 0.000000000000000000e+00 5.760934737884392254e-01 7.162814604950368258e-01 7.129764049115253632e-01 7.641847167073939628e-01 5.250698947125527205e-01 3.566959938666682262e-01 2.392594780224167605e-01 6.339560044513895543e-01 5.054148793403633322e-01 7.451688559076672380e-01 1.604135587863562695e-01 5.736247298379214543e-01 7.362701921817640383e-01 5.887552524267125609e-01 7.387073414194993415e-01 9.045184050075827376e-02 1.509021963629464391e-02 7.367403768165532441e-01 6.217598193782930549e-01 6.687816884154266228e-01 4.506008132519683795e-01 6.167854485902208861e-01 3.602372247634709757e-01 6.123014323617675947e-01 7.704250729347805748e-01 4.074580135868396402e-01 5.089435320796638074e-01 3.977046778729143028e-01 5.019141501517686565e-01 1.785860226422799069e-01
5.346059322045314532e-01 5.443197534049213360e-01 7.331689978945404862e-01 9.232639489427452162e-01 5.760934737884392254e-01 0.000000000000000000e+00 3.402295675842131883e-01 6.221907893805491696e-01 8.166415868980081427e-01 5.227615250090784649e-01 6.979285767319671763e-01 1.226212008195209924e-01 5.085218952482321031e-01 4.060879114712062643e-01 8.352897195101489647e-01 4.647621709197438111e-01 5.156264242495958161e-01 5.258251972379737182e-01 3.297187980245201988e-01 4.437065303352337731e-01 5.980589683090500319e-01 3.051741013865399976e-01 3.830005971845706347e-01 6.565038223843664422e-01 3.902662220566756601e-01 9.456828613783729853e-02 4.326205712955165095e-01 3.030864260377418296e-01 7.118172468568342293e-01 3.612096910587229148e-01 4.288057844768216054e-01 6.706058722383354542e-01 7.527862150095717686e-01 5.888400219215019771e-01 7.203285468214024601e-01
3.983530209909078024e-01 5.978266136242709194e-01 5.733162887735534508e-01 7.320851248920985377e-01 7.162814604950368258e-01 3.402295675842131883e-01 0.000000000000000000e+00 1.585204046291851521e-01 5.858001064953481940e-01 5.317008475460501815e-01 6.680299725174942971e-01 1.602783383036971987e-01 6.482963541145756459e-01 5.297127180196569141e-01 4.278065539523001060e-01 5.220846473664464416e-01 6.591404401413161196e-01 4.301129288518262817e-01 7.278995175268959672e-01 2.276357070685417483e-01 8.069454874339510031e-01 9.250802383739038515e-01 9.833573543220410773e-01 8.262888801756378410e-01 4.238058158991869773e-01 8.905158665816630403e-01 2.151037890067548641e-01 7.066333442489706185e-01 2.823497619609097731e-01 3.796414676617131945e-01 4.228249319759101454e-01 4.829631865500484955e-01 1.436173542703029771e-01 6.918833063083789092e-01 3.817779981160973057e-01
9.065279899075981973e-01 1.877165765050379242e-01 4.075319294679048410e-01 7.714086779765918500e-01 7.129764049115253632e-01 6.221907893805491696e-01 1.585204046291851521e-01 0.000000000000000000e+00 4.229687256373673709e-01 4.867268955026800015e-01 3.116528792974138651e-01 6.086444663958703316e-01 2.663633948002309682e-01 7.116404131396676380e-01 8.130421666714960915e-01 8.120299813206500739e-01 7.854504470836867203e-01 4.614686908408179855e-01 5.072708219800431406e-01 2.457253747996632487e-01 4.782407121889140078e-01 4.156187634433392564e-01 9.046868511970527216e-01 6.794052679375874870e-01 8.929641491545694532e-01 4.457902701598718265e-01 6.246161082026904232e-01 9.391378911414922648e-01 2.596197268429270011e-01 6.649618803209152995e-01 4.252172632461972968e-01 8.760077522065381483e-01 5.464581399725052524e-01 8.127142749158121626e-01 7.911020336560403710e-02
8.346594816476737844e-01 5.194167253575554533e-01 4.450193676364621043e-01 8.296856433840356093e-01 7.641847167073939628e-01 8.166415868980081427e-01 5.858001064953481940e-01 4.229687256373673709e-01 0.000000000000000000e+00 1.388857971781751188e-01 3.219270089566594883e-01 5.087165971693381472e-01 5.714345094858825913e-01 6.825867204935514021e-01 6.409325919901428525e-01 4.648841527939043261e-01 6.981084516784085148e-01 2.741331220395141210e-01 3.921127913865124492e-01 5.286911463963437363e-01 2.718418667600541183e-01 9.186027545331385546e-01 5.003519947253427524e-01 5.265214563119866575e-01 1.837911392654323350e-01 8.726921949184507366e-01 2.401310163311594081e-01 7.163234140043841514e-01 8.122390863561215202e-01 5.488499518356846352e-01 5.190776790967908116e-01 1.756243124767582486e-01 4.118580175144515021e-01 8.226923472674143589e-01 5.319650866187286553e-01
8.273256053204802729e-01 1.192985704045499418e-01 3.583394505797323770e-01 6.724955286444338487e-01 5.250698947125527205e-01 5.227615250090784649e-01 5.317008475460501815e-01 4.867268955026800015e-01 1.388857971781751188e-01 0.000000000000000000e+00 8.407119199771397877e-01 6.553731948519572192e-01 2.797662149001787224e-01 5.006013841896437278e-01 8.403469209717782107e-01 6.006279086894872332e-02 5.347999879730741535e-01 7.557265599905764741e-01 8.620052145556622580e-01 8.771720046087045919e-01 3.468367895738222462e-02 4.106033857922569696e-01 4.089200414121211269e-01 6.410980377886300596e-01 4.419337113006432949e-01 6.316426907370907839e-01 8.983999474634434268e-01 6.403026154423783201e-01 3.254031147419885195e-01 4.201062737354210874e-02 5.732325701321470124e-01 6.455513397132126574e-01 4.628966265623672416e-01 4.060291553633166850e-01 9.189326094223262409e-01
3.709447648102471851e-01 3.287443682821996616e-01 2.384421265845353688e-01 7.153174641689240554e-01 3.566959938666682262e-01 6.979285767319671763e-01 6.680299725174942971e-01 3.116528792974138651e-01 3.219270089566594883e-01 8.407119199771397877e-01 0.000000000000000000e+00 2.212939080271367209e-01 5.137586308945665259e-01 1.199040256856700459e-01 6.608578842399688291e-01 4.388456623160875147e-01 6.037548454036898438e-01 4.433773139692689380e-01 8.518923355324619084e-01 4.946236654214716810e-01 3.620079567670482223e-01 8.575644893954549319e-01 9.447423922320052903e-02 8.862429946240957257e-02 6.723499871450162590e-01 5.286635004408433147e-01 7.179372449722879468e-01 9.653653118545000300e-01 3.425123215467298365e-01 3.876588516705610221e-01 6.259904561187102923e-01 7.374695736512520972e-01 6.979103445180920851e-01 8.560897491389455327e-01 7.030270035876484691e-01
1.467667941840452572e-01 9.286588524955814439e-01 7.960834983234905682e-01 6.529269781318474131e-01 2.392594780224167605e-01 1.226212008195209924e-01 1.602783383036971987e-01 6.086444663958703316e-01 5.087165971693381472e-01 6.553731948519572192e-01 2.212939080271367209e-01 0.000000000000000000e+00 6.656280599564342593e-01 2.390372669254619553e-01 4.551808376021402314e-01 7.523297232633942011e-01 8.325763285869669517e-01 3.543534287821031858e-01 8.574085322612821081e-01 4.660923358900615487e-01 8.141048225744955680e-01 4.997424942218026134e-01 3.644020800396166604e-01 7.848779905082021724e-01 8.343729674365518711e-01 4.032032198660948086e-01 3.892570378949976595e-01 4.174992947423200040e-01 1.475134216733665626e-01 5.568177265082321359e-01 5.737391587076696720e-01 2.177261986565101060e-01 4.963294187044131611e-02 5.890981289365297968e-01 7.827261504239826362e-01
5.530290881000989867e-01 6.039397620810218470e-01 7.229198540775123583e-01 7.675774507742065822e-01 6.339560044513895543e-01 5.085218952482321031e-01 6.482963541145756459e-01 2.663633948002309682e-01 5.714345094858825913e-01 2.797662149001787224e-01 5.137586308945665259e-01 6.656280599564342593e-01 0.000000000000000000e+00 3.187275537032220329e-01 5.084589216405519529e-01 5.764483170450631633e-01 8.139786234107351248e-01 3.858609074501949676e-01 5.303716034186121142e-01 6.655070314098749940e-01 4.909415643157860609e-01 4.286047894260164304e-01 7.038876480942346525e-01 3.728805057351847196e-01 5.333405416291698842e-01 8.837851467977164699e-02 6.600930475073077952e-01 4.648363050344894720e-01 4.979030036899995681e-01 2.912909123079534535e-01 5.825424460783278358e-01 3.014925505212531220e-01 4.705832812047386904e-01 7.594285401398559454e-01 6.892272587456199640e-01
4.161426552522096145e-01 1.216180278706402440e-01 8.514147011015075206e-01 6.973084620279192958e-01 5.054148793403633322e-01 4.060879114712062643e-01 5.297127180196569141e-01 7.116404131396676380e-01 6.825867204935514021e-01 5.006013841896437278e-01 1.199040256856700459e-01 2.390372669254619553e-01 3.187275537032220329e-01 0.000000000000000000e+00 1.998668805073121613e-01 4.319817739595014916e-01 5.291686330643832203e-01 7.697006232047839402e-01 1.171381439923774304e-01 7.621284597042345954e-01 8.958495336113875274e-01 5.046659080119485496e-01 4.049991758425393051e-01 5.916710494694678024e-01 7.011972421019360135e-01 2.161755956612176899e-01 3.259683665637427841e-01 1.792307609300929361e-01 7.318064422639540823e-01 9.228844511691591812e-01 8.447156528178474399e-01 9.482980458171019755e-01 5.016455903931573701e-01 5.352457643630000872e-01 8.125517411249467692e-01
5.001551652731037745e-01 4.442559670722083243e-01 8.570749043573382409e-01 4.407693830314706185e-01 7.451688559076672380e-01 8.352897195101489647e-01 4.278065539523001060e-01 8.130421666714960915e-01 6.409325919901428525e-01 8.403469209717782107e-01 6.608578842399688291e-01 4.551808376021402314e-01 5.084589216405519529e-01 1.998668805073121613e-01 0.000000000000000000e+00 5.618543729458331804e-01 8.396275402291537571e-01 8.387728599796497875e-01 6.803794413090304971e-01 7.715314934012023063e-01 6.161310891846814020e-01 2.622362274777704227e-01 6.609397385628554833e-01 3.674701571017107149e-01 7.740151057032587101e-01 9.439386006219365743e-01 3.613149559252850085e-01 3.855510589948488720e-01 4.767746730687680290e-01 9.122079395209334862e-01 4.998282780107788370e-01 7.422881205496090207e-01 9.507026899174009227e-02 6.839909485359578767e-01 4.183229274950899246e-01
4.986588862254108245e-01 1.422801893399077144e-01 8.554725550831304703e-01 4.739811475226319293e-01 1.604135587863562695e-01 4.647621709197438111e-01 5.220846473664464416e-01 8.120299813206500739e-01 4.648841527939043261e-01 6.006279086894872332e-02 4.388456623160875147e-01 7.523297232633942011e-01 5.764483170450631633e-01 4.319817739595014916e-01 5.618543729458331804e-01 0.000000000000000000e+00 8.559265225919303610e-01 4.605619214581788690e-01 3.726415443129794669e-01 5.085988698335998093e-01 8.984212647744442837e-01 7.808757876216523286e-01 1.912000358960350699e-01 8.706097057275480333e-01 4.492560187767650204e-01 4.989023613323592121e-01 5.843834709653425996e-01 7.580648881666112171e-01 5.321134361007511249e-01 4.832766546319882117e-01 2.481252097351772656e-01 8.714895697044204859e-01 6.358661542060367600e-01 9.396281237824499755e-02 1.409290615493585808e-01
6.813745305053114931e-01 9.558054930657235992e-01 6.368408582807394414e-01 2.472861346525483395e-01 5.736247298379214543e-01 5.156264242495958161e-01 6.591404401413161196e-01 7.854504470836867203e-01 6.981084516784085148e-01 5.347999879730741535e-01 6.037548454036898438e-01 8.325763285869669517e-01 8.139786234107351248e-01 5.291686330643832203e-01 8.396275402291537571e-01 8.559265225919303610e-01 0.000000000000000000e+00 4.784286171114254249e-01 2.398551177123762201e-01 9.418808319874996116e-01 3.087410321891447262e-01 5.631641419152724204e-01 6.753855578084837497e-01 7.493701909309079534e-01 3.436600813534238519e-01 3.484481061495425802e-01 5.398725734866194337e-01 1.914843089255228170e-01 4.047211390775184436e-01 3.983822458636325226e-01 5.000027561792645958e-01 8.055771445025492472e-01 5.892664181119640077e-01 5.540253686610595585e-01 8.271092815825600297e-01
3.574271099897011750e-01 4.673183664551783245e-01 4.894056719242659836e-01 7.844088169270186928e-01 7.362701921817640383e-01 5.258251972379737182e-01 4.301129288518262817e-01 4.614686908408179855e-01 2.741331220395141210e-01 7.557265599905764741e-01 4.433773139692689380e-01 3.543534287821031858e-01 3.858609074501949676e-01 7.697006232047839402e-01 8.387728599796497875e-01 4.605619214581788690e-01 4.784286171114254249e-01 0.000000000000000000e+00 8.506513102787469638e-01 7.227076069112357004e-01 6.664784194570116949e-02 5.025991337333097775e-01 8.032286581834815475e-01 4.791362352369427091e-01 4.218561738489951529e-01 6.110982493494242496e-01 6.374900447386723235e-01 4.814244234805760692e-01 7.439885401147028343e-01 8.695694583888090579e-01 4.686882625491505250e-01 4.993098609239080554e-01 6.784891881161270177e-02 6.472640616728411178e-01 4.594840343826118723e-01
1.947720555191650993e-01 2.209042676551525308e-01 4.594122798642738537e-01 2.835412097052318892e-01 5.887552524267125609e-01 3.297187980245201988e-01 7.278995175268959672e-01 5.072708219800431406e-01 3.921127913865124492e-01 8.620052145556622580e-01 8.518923355324619084e-01 8.574085322612821081e-01 5.303716034186121142e-01 1.171381439923774304e-01 6.803794413090304971e-01 3.726415443129794669e-01 2.398551177123762201e-01 8.506513102787469638e-01 0.000000000000000000e+00 3.440662562428884463e-01 9.643421368649562897e-01 4.618288250079080060e-01 3.445468056507938748e-01 2.600409686819231125e-01 8.370881910585592500e-01 7.416555825956300252e-01 3.073258522098354373e-01 6.302259920514647895e-01 5.623332984645001975e-01 4.871065903099662253e-01 9.098741497854572202e-01 6.897566390612898113e-01 3.118393728242975227e-01 6.985961762820294130e-01 2.061854393369844107e-02
4.437057134194309360e-01 5.697012054005057280e-01 4.291705111923801996e-01 3.905590925792938317e-01 7.387073414194993415e-01 4.437065303352337731e-01 2.276357070685417483e-01 2.457253747996632487e-01 5.286911463963437363e-01 8.771720046087045919e-01 4.946236654214716810e-01 4.660923358900615487e-01 6.655070314098749940e-01 7.621284597042345954e-01 7.715314934012023063e-01 5.085988698335998093e-01 9.418808319874996116e-01 7.227076069112357004e-01 3.440662562428884463e-01 0.000000000000000000e+00 2.098325204310202974e-01 7.709481970240363857e-01 9.204538744744186207e-01 2.970777115221538978e-01 9.426115544205124763e-01 2.285625392610100004e-01 4.336197511409952687e-01 4.329963843511253074e-01 8.025539190837607251e-01 1.233571477746636669e-01 9.533765586601473663e-01 6.437354056683006753e-01 6.579393317934389973e-02 5.559184771411831427e-01 5.372128928765014244e-01
4.332886150963000116e-01 3.726372306291838576e-01 8.429352960023102082e-01 7.431304827481438613e-01 9.045184050075827376e-02 5.980589683090500319e-01 8.069454874339510031e-01 4.782407121889140078e-01 2.718418667600541183e-01 3.468367895738222462e-02 3.620079567670482223e-01 8.141048225744955680e-01 4.909415643157860609e-01 8.958495336113875274e-01 6.161310891846814020e-01 8.984212647744442837e-01 3.087410321891447262e-01 6.664784194570116949e-02 9.643421368649562897e-01 2.098325204310202974e-01 0.000000000000000000e+00 7.685428142095946935e-01 6.009783064806692998e-01 4.991426441745920872e-01 5.049374380681683760e-01 6.243697887916339617e-01 6.379284171333674536e-01 8.163533362047104003e-01 8.094049153591780232e-01 3.300679383445999093e-01 6.643827110275468684e-01 7.702045775527759375e-01 6.667373619774836779e-01 8.089588177076775244e-01 4.861016244405320097e-01
5.083990992611032711e-01 7.626577530304637920e-01 7.400616357584901550e-01 6.016773162265263153e-01 1.509021963629464391e-02 3.051741013865399976e-01 9.250802383739038515e-01 4.156187634433392564e-01 9.186027545331385546e-01 4.106033857922569696e-01 8.575644893954549319e-01 4.997424942218026134e-01 4.286047894260164304e-01 5.046659080119485496e-01 2.622362274777704227e-01 7.808757876216523286e-01 5.631641419152724204e-01 5.025991337333097775e-01 4.618288250079080060e-01 7.709481970240363857e-01 7.685428142095946935e-01 0.000000000000000000e+00 4.906747634962479454e-01 8.603034098936181984e-01 5.397709448334335747e-01 5.157024142869568450e-01 3.779678341823344834e-01 3.650352202052840611e-01 6.883089500912520364e-01 6.657446051444595447e-01 7.923322403133004066e-01 7.630308979523880986e-01 8.443231575864503791e-01 1.350647763077886809e-01 6.030787482299559965e-01
5.282106445763710134e-01 6.622340790265226484e-01 7.389712045842384835e-01 4.149347232481643277e-01 7.367403768165532441e-01 3.830005971845706347e-01 9.833573543220410773e-01 9.046868511970527216e-01 5.003519947253427524e-01 4.089200414121211269e-01 9.447423922320052903e-02 3.644020800396166604e-01 7.038876480942346525e-01 4.049991758425393051e-01 6.609397385628554833e-01 1.912000358960350699e-01 6.753855578084837497e-01 8.032286581834815475e-01 3.445468056507938748e-01 9.204538744744186207e-01 6.009783064806692998e-01 4.906747634962479454e-01 0.000000000000000000e+00 4.492612753700763184e-01 5.344319035943314589e-01 6.875862184450733938e-01 4.943238227825535458e-01 5.416996180567028585e-01 3.099997274511426815e-01 5.138427926831355963e-01 8.470485467073238794e-01 5.340390657700002652e-01 8.147904347259629088e-01 3.770254965487691567e-01 7.201952391897825656e-01
6.773823638626006449e-01 3.887869527163066441e-01 4.542101568430140235e-01 5.586455765932356599e-01 6.217598193782930549e-01 6.565038223843664422e-01 8.262888801756378410e-01 6.794052679375874870e-01 5.265214563119866575e-01 6.410980377886300596e-01 8.862429946240957257e-02 7.848779905082021724e-01 3.728805057351847196e-01 5.916710494694678024e-01 3.674701571017107149e-01 8.706097057275480333e-01 7.493701909309079534e-01 4.791362352369427091e-01 2.600409686819231125e-01 2.970777115221538978e-01 4.991426441745920872e-01 8.603034098936181984e-01 4.492612753700763184e-01 0.000000000000000000e+00 2.302376294554305813e-01 6.489006980068372510e-01 4.157922377961650873e-01 8.205723413018910506e-01 5.179464293250919393e-01 7.722703926708659461e-01 9.106696986891471557e-01 7.361269526875759972e-01 5.223389612434687912e-01 7.215169086976180868e-02 2.392327864837860973e-01
3.174687581372022116e-01 7.308119338767709028e-01 7.303116290900879548e-02 4.962193965665269157e-01 6.687816884154266228e-01 3.902662220566756601e-01 4.238058158991869773e-01 8.929641491545694532e-01 1.837911392654323350e-01 4.419337113006432949e-01 6.723499871450162590e-01 8.343729674365518711e-01 5.333405416291698842e-01 7.011972421019360135e-01 7.740151057032587101e-01 4.492560187767650204e-01 3.436600813534238519e-01 4.218561738489951529e-01 8.370881910585592500e-01 9.426115544205124763e-01 5.049374380681683760e-01 5.397709448334335747e-01 5.344319035943314589e-01 2.302376294554305813e-01 0.000000000000000000e+00 5.321178419228116407e-01 3.365799527719199880e-01 9.658693883827231819e-01 5.766817486711791618e-01 4.711324503735809799e-01 6.895455702258397324e-01 4.787647842895669248e-01 2.462309836535682417e-01 5.748371382800384621e-01 4.796903579111361782e-01
6.235524698501638818e-01 8.311076764712715947e-01 6.426775152292703019e-01 7.883101896225648275e-01 4.506008132519683795e-01 9.456828613783729853e-02 8.905158665816630403e-01 4.457902701598718265e-01 8.726921949184507366e-01 6.316426907370907839e-01 5.286635004408433147e-01 4.032032198660948086e-01 8.837851467977164699e-02 2.161755956612176899e-01 9.439386006219365743e-01 4.989023613323592121e-01 3.484481061495425802e-01 6.110982493494242496e-01 7.416555825956300252e-01 2.285625392610100004e-01 6.243697887916339617e-01 5.157024142869568450e-01 6.875862184450733938e-01 6.489006980068372510e-01 5.321178419228116407e-01 0.000000000000000000e+00 6.790826160601224348e-01 4.738966529192216726e-01 4.927080160170302370e-01 5.920047193673496633e-01 7.163049770434248842e-01 4.462301301460812053e-01 2.925436318938032243e-01 5.484305933379634013e-01 8.071181140872533133e-01
9.368264874073317650e-02 5.164017656462337458e-01 7.655286462257469005e-01 1.814951714001586947e-01 6.167854485902208861e-01 4.326205712955165095e-01 2.151037890067548641e-01 6.246161082026904232e-01 2.401310163311594081e-01 8.983999474634434268e-01 7.179372449722879468e-01 3.892570378949976595e-01 6.600930475073077952e-01 3.259683665637427841e-01 3.613149559252850085e-01 5.843834709653425996e-01 5.398725734866194337e-01 6.374900447386723235e-01 3.073258522098354373e-01 4.336197511409952687e-01 6.379284171333674536e-01 3.779678341823344834e-01 4.943238227825535458e-01 4.157922377961650873e-01 3.365799527719199880e-01 6.790826160601224348e-01 0.000000000000000000e+00 5.695285250566370916e-01 6.345635126747218857e-01 9.415781480640705858e-01 5.725172409041199284e-01 3.991184041376209524e-01 4.588207253093017357e-01 5.830705144327892331e-01 9.252165101951026482e-02
9.306711194985528568e-02 3.293987453449787051e-02 5.237705862108875676e-01 5.314234947408047471e-01 3.602372247634709757e-01 3.030864260377418296e-01 7.066333442489706185e-01 9.391378911414922648e-01 7.163234140043841514e-01 6.403026154423783201e-01 9.653653118545000300e-01 4.174992947423200040e-01 4.648363050344894720e-01 1.792307609300929361e-01 3.855510589948488720e-01 7.580648881666112171e-01 1.914843089255228170e-01 4.814244234805760692e-01 6.302259920514647895e-01 4.329963843511253074e-01 8.163533362047104003e-01 3.650352202052840611e-01 5.416996180567028585e-01 8.205723413018910506e-01 9.658693883827231819e-01 4.738966529192216726e-01 5.695285250566370916e-01 0.000000000000000000e+00 4.784251165604865852e-01 5.134631749711617843e-01 1.115589811857393698e-01 8.845874847595960322e-01 2.571656271132888305e-01 1.353240888399568354e-01 5.748576052492322397e-01
3.404843619099204854e-01 5.511472641076762269e-01 9.009268113283626089e-01 8.663559463166532471e-01 6.123014323617675947e-01 7.118172468568342293e-01 2.823497619609097731e-01 2.596197268429270011e-01 8.122390863561215202e-01 3.254031147419885195e-01 3.425123215467298365e-01 1.475134216733665626e-01 4.979030036899995681e-01 7.318064422639540823e-01 4.767746730687680290e-01 5.321134361007511249e-01 4.047211390775184436e-01 7.439885401147028343e-01 5.623332984645001975e-01 8.025539190837607251e-01 8.094049153591780232e-01 6.883089500912520364e-01 3.099997274511426815e-01 5.179464293250919393e-01 5.766817486711791618e-01 4.927080160170302370e-01 6.345635126747218857e-01 4.784251165604865852e-01 0.000000000000000000e+00 8.801008458444536942e-01 6.747158399503558890e-01 3.825825039489927359e-02 1.283071191597952021e-01 9.099820994400700247e-01 8.629362857879356863e-01
4.674587761683598464e-01 6.869665156683402163e-01 7.060192340392769106e-01 5.714574035943527086e-01 7.704250729347805748e-01 3.612096910587229148e-01 3.796414676617131945e-01 6.649618803209152995e-01 5.488499518356846352e-01 4.201062737354210874e-02 3.876588516705610221e-01 5.568177265082321359e-01 2.912909123079534535e-01 9.228844511691591812e-01 9.122079395209334862e-01 4.832766546319882117e-01 3.983822458636325226e-01 8.695694583888090579e-01 4.871065903099662253e-01 1.233571477746636669e-01 3.300679383445999093e-01 6.657446051444595447e-01 5.138427926831355963e-01 7.722703926708659461e-01 4.711324503735809799e-01 5.920047193673496633e-01 9.415781480640705858e-01 5.134631749711617843e-01 8.801008458444536942e-01 0.000000000000000000e+00 3.952087740794025805e-01 6.859599372451093968e-01 4.629312878747451898e-01 5.005187990897093098e-01 6.390382373276018990e-01
7.050824885890084603e-01 7.486694820699757447e-01 3.362154501610233881e-01 6.636776835376907435e-01 4.074580135868396402e-01 4.288057844768216054e-01 4.228249319759101454e-01 4.252172632461972968e-01 5.190776790967908116e-01 5.732325701321470124e-01 6.259904561187102923e-01 5.737391587076696720e-01 5.825424460783278358e-01 8.447156528178474399e-01 4.998282780107788370e-01 2.481252097351772656e-01 5.000027561792645958e-01 4.686882625491505250e-01 9.098741497854572202e-01 9.533765586601473663e-01 6.643827110275468684e-01 7.923322403133004066e-01 8.470485467073238794e-01 9.106696986891471557e-01 6.895455702258397324e-01 7.163049770434248842e-01 5.725172409041199284e-01 1.115589811857393698e-01 6.747158399503558890e-01 3.952087740794025805e-01 0.000000000000000000e+00 4.631682424952199284e-01 2.916579021625076429e-01 6.922575475683514501e-01 7.833485940369598888e-01
4.428049708232206783e-01 7.808143586439189043e-01 5.484629335505564196e-01 6.733296899328340412e-01 5.089435320796638074e-01 6.706058722383354542e-01 4.829631865500484955e-01 8.760077522065381483e-01 1.756243124767582486e-01 6.455513397132126574e-01 7.374695736512520972e-01 2.177261986565101060e-01 3.014925505212531220e-01 9.482980458171019755e-01 7.422881205496090207e-01 8.714895697044204859e-01 8.055771445025492472e-01 4.993098609239080554e-01 6.897566390612898113e-01 6.437354056683006753e-01 7.702045775527759375e-01 7.630308979523880986e-01 5.340390657700002652e-01 7.361269526875759972e-01 4.787647842895669248e-01 4.462301301460812053e-01 3.991184041376209524e-01 8.845874847595960322e-01 3.825825039489927359e-02 6.859599372451093968e-01 4.631682424952199284e-01 0.000000000000000000e+00 7.586025595236962626e-01 1.972928055418441406e-01 4.762453620541711730e-01
7.710725365290356237e-01 6.835406159764025880e-01 4.057473547280234794e-01 4.845035726857944702e-01 3.977046778729143028e-01 7.527862150095717686e-01 1.436173542703029771e-01 5.464581399725052524e-01 4.118580175144515021e-01 4.628966265623672416e-01 6.979103445180920851e-01 4.963294187044131611e-02 4.705832812047386904e-01 5.016455903931573701e-01 9.507026899174009227e-02 6.358661542060367600e-01 5.892664181119640077e-01 6.784891881161270177e-02 3.118393728242975227e-01 6.579393317934389973e-02 6.667373619774836779e-01 8.443231575864503791e-01 8.147904347259629088e-01 5.223389612434687912e-01 2.462309836535682417e-01 2.925436318938032243e-01 4.588207253093017357e-01 2.571656271132888305e-01 1.283071191597952021e-01 4.629312878747451898e-01 2.916579021625076429e-01 7.586025595236962626e-01 0.000000000000000000e+00 3.347463193038410223e-01 5.794743949005900507e-01
5.134154246277327083e-01 4.957908372810825859e-01 1.072314301299039929e-01 4.513354133771896315e-01 5.019141501517686565e-01 5.888400219215019771e-01 6.918833063083789092e-01 8.127142749158121626e-01 8.226923472674143589e-01 4.060291553633166850e-01 8.560897491389455327e-01 5.890981289365297968e-01 7.594285401398559454e-01 5.352457643630000872e-01 6.839909485359578767e-01 9.396281237824499755e-02 5.540253686610595585e-01 6.472640616728411178e-01 6.985961762820294130e-01 5.559184771411831427e-01 8.089588177076775244e-01 1.350647763077886809e-01 3.770254965487691567e-01 7.215169086976180868e-02 5.748371382800384621e-01 5.484305933379634013e-01 5.830705144327892331e-01 1.353240888399568354e-01 9.099820994400700247e-01 5.005187990897093098e-01 6.922575475683514501e-01 1.972928055418441406e-01 3.347463193038410223e-01 0.000000000000000000e+00 5.400536054420437271e-01
4.885734312530482515e-01 6.774405263257842202e-01 5.574270716339317921e-01 7.745224533989987226e-01 1.785860226422799069e-01 7.203285468214024601e-01 3.817779981160973057e-01 7.911020336560403710e-02 5.319650866187286553e-01 9.189326094223262409e-01 7.030270035876484691e-01 7.827261504239826362e-01 6.892272587456199640e-01 8.125517411249467692e-01 4.183229274950899246e-01 1.409290615493585808e-01 8.271092815825600297e-01 4.594840343826118723e-01 2.061854393369844107e-02 5.372128928765014244e-01 4.861016244405320097e-01 6.030787482299559965e-01 7.201952391897825656e-01 2.392327864837860973e-01 4.796903579111361782e-01 8.071181140872533133e-01 9.252165101951026482e-02 5.748576052492322397e-01 8.629362857879356863e-01 6.390382373276018990e-01 7.833485940369598888e-01 4.762453620541711730e-01 5.794743949005900507e-01 5.400536054420437271e-01 0.000000000000000000e+00
