0.000000000000000000e+00 5.527571697805011564e-02 4.605457606127945636e-01 1.115252795825567578e-01 8.562356621899297471e-01 8.547139344121550408e-01 6.636433168373550018e-01 6.039372507854027239e-01 7.612669825715346894e-01 6.463311104281133090e-01 1.773862791754584611e-01 4.086533375834992543e-01 6.442086084165916660e-01 3.023749876115454649e-01 3.428910934217384021e-01 6.033396161867600194e-01 7.058822226499996688e-01 6.046453410694616615e-01 3.062154378488113338e-02 2.916207717955299206e-02 6.107053414330256835e-01 8.225935743633081554e-01 7.279853525265137515e-01 7.924089388357751229e-01 6.866711631924090620e-01 7.428281417381598084e-01 4.112710413579987456e-01 3.239398508957813672e-02 8.107116456519112280e-01 8.204968452273277979e-01 4.197660967301325430e-01 4.125451387947988158e-01 4.658526814842571251e-01 8.446827589329769514e-01 4.893827230154037533e-01
5.527571697805011564e-02 0.000000000000000000e+00 6.868804936014444307e-01 8.682368995369500464e-01 6.347083862489693029e-01 5.826617257539736805e-01 8.802233633504126242e-01 1.689845251164809881e-01 8.304170331415646755e-01 8.335433570223255151e-01 4.734795285511723684e-01 4.323465839105915531e-01 7.719686116681359067e-01 9.004513516499000891e-01 3.261573536552121455e-01 3.260116415369173071e-01 2.382418077372773224e-01 4.283308911054003465e-01 3.948422748664794923e-01 4.695212694364052086e-01 4.468214414466631368e-01 6.124759948383163843e-01 6.464354424008282862e-01 7.191570672500811057e-01 8.514054786842775169e-01 7.287071994845228939e-01 8.012555023488018291e-01 5.949228581284948802e-01 3.568711614084600914e-01 5.394741677407678404e-01 3.014938095040731181e-01 2.567839304476245976e-01 2.542010768934888088e-01 8.131674611794879048e-01 1.411516648865170920e-01
4.605457606127945636e-01 6.868804936014444307e-01 0.000000000000000000e+00 6.260042160340132389e-01 3.446309467293835471e-01 4.791844303443438258e-01 1.330000136680757894e-01 4.449933965593700913e-01 5.828565189223429144e-01 1.963464486740822967e-01 4.049302319441270837e-01 5.469823864605545261e-01 5.840679021746183475e-01 4.757150838631555301e-01 5.157307656498666404e-02 7.825543980927434085e-01 6.796518213871161063e-01 6.302785011070447529e-01 6.963523237105675445e-01 4.315838805191324346e-01 4.144286258142254598e-01 7.226824886084409760e-01 4.246253653540587591e-01 8.709512457669201790e-01 8.491818754821237603e-01 6.016108009361522679e-01 7.405089475852216774e-01 7.075348752140040443e-01 8.276385976541469347e-01 3.211250362597147245e-01 6.409334805953961212e-01 8.093230026212776540e-01 2.418191238829214829e-01 6.523571816296191983e-01 8.654653192716270649e-01
1.115252795825567578e-01 8.682368995369500464e-01 6.260042160340132389e-01 0.000000000000000000e+00 7.220409699638654644e-01 7.553732460075339716e-01 3.622922585796364836e-01 5.686823893662009688e-01 4.006100002861039400e-01 7.522112667739633274e-01 5.634941009435521231e-01 8.294639311227777201e-01 5.213143994387191560e-01 6.049608675899975641e-01 8.781602001799767576e-01 2.210881812092753140e-01 7.036093674397136954e-01 7.373368309271305376e-01 1.241889116214034416e-01 6.953951753545095649e-01 3.563243128773685431e-01 1.560578432943008353e-01 4.832948246287688265e-01 5.333838286112095872e-01 5.145427999283596066e-01 5.400707923473622163e-01 4.706429309146271112e-01 6.744066474889649498e-01 6.990535989567420172e-01 3.889079588649766994e-01 7.594814800727287540e-01 6.649926358217561617e-01 5.842361494684233936e-01 7.340824574130513369e-01 6.438224630111457625e-01
8.562356621899297471e-01 6.347083862489693029e-01 3.446309467293835471e-01 7.220409699638654644e-01 0.000000000000000000e+00 7.039241861010410162e-01 6.002508042671899080e-01 6.464557873929861476e-01 4.894250793367804775e-02 4.190826793893887015e-01 7.067874408647867313e-01 5.897519796076320375e-01 7.030137583779195731e-01 3.528560238990902653e-01 5.681265095976251178e-01 6.786188825177728035e-01 4.945717591501609389e-01 6.330153668613313078e-01 2.980602403388171728e-01 3.589067086172214593e-01 3.997571479025622265e-01 4.568948121708366061e-01 6.503427285532813462e-01 8.712611993432826107e-01 4.325960317110808528e-01 3.983338668296198537e-01 5.909715733261906578e-01 9.177676242217513991e-01 3.378315703017761296e-01 6.219316480732961505e-01 6.834204636477615447e-01 4.053214056300097901e-01 2.071827776878994998e-01 4.759577858226212710e-01 9.696760942561104546e-01
8.547139344121550408e-01 5.826617257539736805e-01 4.791844303443438258e-01 7.553732460075339716e-01 7.039241861010410162e-01 0.000000000000000000e+00 6.664602870708511428e-01 8.425660824422969153e-01 8.923692517519313805e-01 5.484953048777905238e-01 3.347062215034791732e-01 5.672702497464963134e-01 9.241904593088853259e-01 8.435414130176925873e-01 5.571387324665189045e-01 8.217262777767653237e-01 7.770225778483881296e-01 5.841118152198081503e-01 3.536929130877361493e-01 3.816521593989244399e-01 5.711057649614790233e-01 8.682505186703375344e-01 4.825377288683804222e-01 1.874185578516740502e-01 4.329594211867831555e-01 4.358769015084407727e-01 6.359717355470478894e-01 6.697210604449839177e-01 5.307134370244714905e-01 9.420186844224545109e-01 4.645030151464399348e-01 5.030050832061854216e-01 6.804854347690354466e-01 2.479407631038068605e-01 4.379269667663594490e-01
6.636433168373550018e-01 8.802233633504126242e-01 1.330000136680757894e-01 3.622922585796364836e-01 6.002508042671899080e-01 6.664602870708511428e-01 0.000000000000000000e+00 8.585806475362527390e-01 8.691884700372276562e-01 7.479349501702206027e-01 3.802269223200342441e-01 6.579951014479067384e-01 4.057221848675717224e-01 5.666247255000683714e-01 3.769338117016237666e-01 3.716923048319841216e-01 5.898412633955362194e-01 4.315763738325024690e-01 2.522429496005146321e-01 1.909728631727058978e-01 8.207014595791291001e-01 2.168037180074040005e-01 5.583344982681364144e-01 4.440899966621367212e-01 5.080131224385340261e-01 1.436940947020993731e-01 6.498744244537794090e-01 7.847820282164230665e-01 5.961207670445110018e-01 3.091755499720114653e-01 7.004445576341722379e-01 5.378503383223397494e-01 2.700296391069483271e-01 9.672698021776484634e-01 6.412381027968807601e-01
6.039372507854027239e-01 1.689845251164809881e-01 4.449933965593700913e-01 5.686823893662009688e-01 6.464557873929861476e-01 8.425660824422969153e-01 8.585806475362527390e-01 0.000000000000000000e+00 7.597019418771541188e-01 8.371561424928422035e-01 6.725844196665042851e-02 1.759891431542741635e-01 8.163666684535575424e-02 5.214223457263146289e-01 5.674908968711120938e-01 5.006043589444867381e-01 8.699913809213088989e-01 8.216465657249467647e-01 7.759675090902413697e-01 4.194978092991241136e-01 1.821711033317183759e-01 7.231517713435873240e-01 4.583780394228080257e-01 5.871139019495985600e-01 5.454896617012017224e-01 4.168992793657445572e-01 5.039992833803408345e-01 9.758543676902911024e-01 2.744548271925515426e-01 4.503920080406682569e-01 9.335957797631613264e-01 4.173971101943464990e-01 3.437020201344385129e-01 7.813609159049801356e-01 9.129044217868458322e-01
7.612669825715346894e-01 8.304170331415646755e-01 5.828565189223429144e-01 4.006100002861039400e-01 4.894250793367804775e-02 8.923692517519313805e-01 8.691884700372276562e-01 7.597019418771541188e-01 0.000000000000000000e+00 8.074402788705362655e-01 7.844712869663825749e-01 5.045316483666379970e-01 4.835835943437952755e-01 4.623991358190517875e-01 7.672037759574790172e-01 4.874534242869448253e-01 7.433795912830727382e-01 6.174164004096884817e-01 4.482199894123787276e-01 7.472953023058193089e-02 6.842243544453279203e-01 5.255828138019594808e-01 3.822685576408035857e-01 5.084695824531725306e-01 4.749409759583270163e-01 4.993836677707916838e-01 1.185373908162504764e-01 2.842845480756944210e-01 7.345834220877400789e-02 8.043881811459947517e-01 7.732858048955419950e-01 4.459113888533668413e-01 1.838323887393317757e-01 2.214626130766994550e-01 3.146276664214409102e-01
6.463311104281133090e-01 8.335433570223255151e-01 1.963464486740822967e-01 7.522112667739633274e-01 4.190826793893887015e-01 5.484953048777905238e-01 7.479349501702206027e-01 8.371561424928422035e-01 8.074402788705362655e-01 0.000000000000000000e+00 8.839076543923365392e-01 5.634719339850752240e-01 9.163014778476186173e-01 4.744718509656939420e-01 7.722333984661363671e-01 6.785205688531054102e-01 5.744566811503721837e-01 3.610134643165527901e-01 4.201308892007052931e-01 4.290594273090778121e-01 8.597362038726654720e-01 4.592892430383445079e-01 8.772458662235617100e-01 3.956405916893834807e-01 1.935634776525041456e-02 3.579475813158793374e-01 6.230058108458851329e-01 8.256116482292057412e-01 5.861441887304567055e-01 5.139880808361698694e-01 1.093343782588238611e-01 4.357127196971772864e-01 6.269284780554089664e-01 1.761394543050815997e-01 5.358884150579255046e-01
1.773862791754584611e-01 4.734795285511723684e-01 4.049302319441270837e-01 5.634941009435521231e-01 7.067874408647867313e-01 3.347062215034791732e-01 3.802269223200342441e-01 6.725844196665042851e-02 7.844712869663825749e-01 8.839076543923365392e-01 0.000000000000000000e+00 3.154776544466283417e-01 7.196969801910713116e-01 7.459278997551036516e-01 5.699425323914341091e-01 6.451642679876765651e-01 4.878198505727200929e-01 7.255730706212036862e-01 3.373958507924953443e-01 2.807777019723179945e-01 4.129493782674812374e-01 7.817544755119057998e-01 2.346464071069429558e-01 4.641699943318853827e-01 4.527353043575397806e-01 8.295878481850599284e-01 6.195680850639424531e-01 1.326571563625964512e-01 8.332223718779249166e-01 3.727188601208376584e-01 3.851113291481245149e-01 3.601439993420329500e-01 4.675113687150362907e-01 8.291901181254603959e-01 9.166172784169711596e-01
4.086533375834992543e-01 4.323465839105915531e-01 5.469823864605545261e-01 8.294639311227777201e-01 5.897519796076320375e-01 5.672702497464963134e-01 6.579951014479067384e-01 1.759891431542741635e-01 5.045316483666379970e-01 5.634719339850752240e-01 3.154776544466283417e-01 0.000000000000000000e+00 4.820733508061866845e-01 4.321354605985093800e-01 4.425287172679049363e-01 3.987674072956050586e-01 6.725042494596124021e-01 4.732092066154341969e-01 7.343264034005332341e-01 4.353948528730308687e-01 6.578446626959064680e-01 7.370583156334129526e-01 4.081730380065880515e-01 8.277037927107782078e-01 5.321990206628908204e-01 3.895256474021366322e-01 8.300319235138093887e-01 4.701216322207246723e-01 4.714025731185213508e-01 6.776457502976005465e-01 5.152457554754864555e-01 4.457475301203707718e-01 6.800110090983345623e-01 3.118291745265767689e-01 1.681609935488862506e-01
6.442086084165916660e-01 7.719686116681359067e-01 5.840679021746183475e-01 5.213143994387191560e-01 7.030137583779195731e-01 9.241904593088853259e-01 4.057221848675717224e-01 8.163666684535575424e-02 4.835835943437952755e-01 9.163014778476186173e-01 7.196969801910713116e-01 4.820733508061866845e-01 0.000000000000000000e+00 7.342541244721709770e-01 6.447795583365319994e-01 6.878972310249140687e-01 3.684845829715353016e-01 8.050176663420096634e-01 4.458344168386018658e-01 8.809528594105450194e-01 2.606134228548963594e-01 7.966636547053944639e-01 7.915587363000742283e-01 6.317054898465385149e-01 5.655754011858166175e-01 5.208147393749027465e-01 4.766522690924447914e-01 8.179202888398007243e-01 3.360473250851679916e-01 3.959031205254441299e-01 5.558196346614181493e-01 5.934784120370100169e-01 6.108510845590160443e-01 7.258114012285739047e-01 7.527497537291487628e-01
3.023749876115454649e-01 9.004513516499000891e-01 4.757150838631555301e-01 6.049608675899975641e-01 3.528560238990902653e-01 8.435414130176925873e-01 5.666247255000683714e-01 5.214223457263146289e-01 4.623991358190517875e-01 4.744718509656939420e-01 7.459278997551036516e-01 4.321354605985093800e-01 7.342541244721709770e-01 0.000000000000000000e+00 7.951402929336097714e-01 7.855547106127926948e-01 8.730086345736551845e-01 8.261145899336816978e-01 5.461050080039644428e-01 7.269067545929632779e-01 5.120186635849672818e-01 6.137530285986815271e-01 4.339259583335997039e-01 6.117749978867346172e-01 2.158684504424727146e-01 3.054984841281156438e-01 7.117334137759936397e-01 4.571437067097838813e-01 5.357814481205780410e-01 3.462615603887642113e-01 5.745590404473122081e-01 6.704951764977522544e-01 2.725297446053419059e-01 7.795919245157683086e-01 5.128397255938623722e-01
3.428910934217384021e-01 3.261573536552121455e-01 5.157307656498666404e-02 8.781602001799767576e-01 5.681265095976251178e-01 5.571387324665189045e-01 3.769338117016237666e-01 5.674908968711120938e-01 7.672037759574790172e-01 7.722333984661363671e-01 5.699425323914341091e-01 4.425287172679049363e-01 6.447795583365319994e-01 7.951402929336097714e-01 0.000000000000000000e+00 8.411265127786637930e-01 7.976834839318303061e-01 6.787418995494836071e-01 6.179970121566746855e-01 5.988584284412821201e-01 2.249944089665879554e-01 4.456505068861600360e-01 1.117514789324466351e-01 8.120440591683226739e-01 3.899548891548630936e-01 6.160736424086379337e-01 4.971525478907337647e-01 3.491462577045486571e-01 5.627764528532882560e-01 4.350001187478988451e-01 5.349751220417435782e-01 4.605568476676629164e-01 3.929076398264478853e-01 3.836476589021285410e-01 2.727656607520063670e-01
6.033396161867600194e-01 3.260116415369173071e-01 7.825543980927434085e-01 2.210881812092753140e-01 6.786188825177728035e-01 8.217262777767653237e-01 3.716923048319841216e-01 5.006043589444867381e-01 4.874534242869448253e-01 6.785205688531054102e-01 6.451642679876765651e-01 3.987674072956050586e-01 6.878972310249140687e-01 7.855547106127926948e-01 8.411265127786637930e-01 0.000000000000000000e+00 6.216862969435845709e-01 6.326263124798718884e-01 3.251739737601901381e-01 6.661321053172022388e-01 2.612543224398449215e-01 4.646785807913770827e-01 7.789956080324369481e-01 8.728644946684676054e-01 3.286460319055383161e-01 5.869521378797295519e-01 4.204532896953222521e-01 5.138794672023815346e-01 8.007908339183834601e-01 4.643495176981990435e-01 7.515638197094737238e-01 5.306264344275084532e-01 6.481543141540331288e-01 2.622556802978139867e-01 8.238028504382899353e-01
7.058822226499996688e-01 2.382418077372773224e-01 6.796518213871161063e-01 7.036093674397136954e-01 4.945717591501609389e-01 7.770225778483881296e-01 5.898412633955362194e-01 8.699913809213088989e-01 7.433795912830727382e-01 5.744566811503721837e-01 4.878198505727200929e-01 6.725042494596124021e-01 3.684845829715353016e-01 8.730086345736551845e-01 7.976834839318303061e-01 6.216862969435845709e-01 0.000000000000000000e+00 6.220298124768610659e-01 4.456269851968112095e-01 2.989594602897788778e-01 6.826555031602606904e-01 7.277323115269076492e-01 4.725371636778722406e-01 8.289807991330222503e-01 4.579321761888697218e-01 7.413935073531463527e-01 5.125837887585851238e-01 3.993399930676647669e-01 5.532638236329991965e-01 6.099226017220419349e-01 7.406447988448918718e-01 4.513303256921687989e-01 1.794822819767912803e-01 2.926004310227873217e-01 5.136444876647590085e-01
6.046453410694616615e-01 4.283308911054003465e-01 6.302785011070447529e-01 7.373368309271305376e-01 6.330153668613313078e-01 5.841118152198081503e-01 4.315763738325024690e-01 8.216465657249467647e-01 6.174164004096884817e-01 3.610134643165527901e-01 7.255730706212036862e-01 4.732092066154341969e-01 8.050176663420096634e-01 8.261145899336816978e-01 6.787418995494836071e-01 6.326263124798718884e-01 6.220298124768610659e-01 0.000000000000000000e+00 8.106122328927796161e-01 1.545471113624569126e-01 9.044421598769694093e-01 4.769107706233040589e-01 5.693249182419126697e-01 8.337389118813574029e-01 5.115638592528617412e-01 8.799832130264635399e-01 8.933720390414411350e-01 1.029139645720001939e-01 8.285789988344776091e-01 6.445937201996041477e-01 8.853813845960295525e-02 4.420801331222803943e-01 6.790060391426739894e-01 3.621781786231726419e-01 7.582241832273920457e-01
3.062154378488113338e-02 3.948422748664794923e-01 6.963523237105675445e-01 1.241889116214034416e-01 2.980602403388171728e-01 3.536929130877361493e-01 2.522429496005146321e-01 7.759675090902413697e-01 4.482199894123787276e-01 4.201308892007052931e-01 3.373958507924953443e-01 7.343264034005332341e-01 4.458344168386018658e-01 5.461050080039644428e-01 6.179970121566746855e-01 3.251739737601901381e-01 4.456269851968112095e-01 8.106122328927796161e-01 0.000000000000000000e+00 8.026336362853994100e-01 6.084803745303475342e-01 2.840694176378941171e-01 5.514154432261788585e-01 1.690165729415058493e-01 4.699456129853593067e-01 1.020866796678734367e-01 5.422280017356109205e-01 3.877309254222942037e-01 4.542209048300396290e-01 8.239219410017624146e-01 5.257242039308721582e-01 6.597421480911932479e-01 6.913103480627560415e-01 5.738039771237586351e-01 3.951593598702836108e-01
2.916207717955299206e-02 4.695212694364052086e-01 4.315838805191324346e-01 6.953951753545095649e-01 3.589067086172214593e-01 3.816521593989244399e-01 1.909728631727058978e-01 4.194978092991241136e-01 7.472953023058193089e-02 4.290594273090778121e-01 2.807777019723179945e-01 4.353948528730308687e-01 8.809528594105450194e-01 7.269067545929632779e-01 5.988584284412821201e-01 6.661321053172022388e-01 2.989594602897788778e-01 1.545471113624569126e-01 8.026336362853994100e-01 0.000000000000000000e+00 9.205865927346735811e-01 7.443110910448369477e-01 5.165257250462591543e-01 3.930699826911117634e-01 1.330790836364039720e-01 8.917389567162592456e-01 8.377086466698897560e-01 6.274701006642332546e-01 7.466299594311884835e-01 1.851010565683871567e-01 4.434038334880431309e-01 8.790269843315402509e-01 8.948256958260220051e-01 6.638237035419956023e-01 3.980044806270813251e-01
6.107053414330256835e-01 4.468214414466631368e-01 4.144286258142254598e-01 3.563243128773685431e-01 3.997571479025622265e-01 5.711057649614790233e-01 8.207014595791291001e-01 1.821711033317183759e-01 6.842243544453279203e-01 8.597362038726654720e-01 4.129493782674812374e-01 6.578446626959064680e-01 2.606134228548963594e-01 5.120186635849672818e-01 2.249944089665879554e-01 2.612543224398449215e-01 6.826555031602606904e-01 9.044421598769694093e-01 6.084803745303475342e-01 9.205865927346735811e-01 0.000000000000000000e+00 7.754410120131532969e-01 4.534959388226860177e-01 8.624732473500069663e-01 4.492559826726258976e-01 2.093603184996934430e-01 5.051138114507016663e-01 7.640367856456031781e-01 5.591022384936155110e-01 5.128662358448097258e-01 5.520892499135580112e-01 5.308779635687063125e-01 4.121789732371439197e-01 7.758824411457765358e-01 7.217906745870590335e-01
8.225935743633081554e-01 6.124759948383163843e-01 7.226824886084409760e-01 1.560578432943008353e-01 4.568948121708366061e-01 8.682505186703375344e-01 2.168037180074040005e-01 7.231517713435873240e-01 5.255828138019594808e-01 4.592892430383445079e-01 7.817544755119057998e-01 7.370583156334129526e-01 7.966636547053944639e-01 6.137530285986815271e-01 4.456505068861600360e-01 4.646785807913770827e-01 7.277323115269076492e-01 4.769107706233040589e-01 2.840694176378941171e-01 7.443110910448369477e-01 7.754410120131532969e-01 0.000000000000000000e+00 5.363778660062947790e-01 7.912529291220760097e-01 5.922925615257829124e-01 3.476152604132105584e-01 8.184058566644101251e-01 7.747318445415931620e-01 5.180855506143741129e-01 8.312209325003725446e-01 3.299611669323950780e-01 9.224746294879571096e-02 6.457304013599918235e-01 2.651941972647432477e-01 7.099233957562600672e-02
7.279853525265137515e-01 6.464354424008282862e-01 4.246253653540587591e-01 4.832948246287688265e-01 6.503427285532813462e-01 4.825377288683804222e-01 5.583344982681364144e-01 4.583780394228080257e-01 3.822685576408035857e-01 8.772458662235617100e-01 2.346464071069429558e-01 4.081730380065880515e-01 7.915587363000742283e-01 4.339259583335997039e-01 1.117514789324466351e-01 7.789956080324369481e-01 4.725371636778722406e-01 5.693249182419126697e-01 5.514154432261788585e-01 5.165257250462591543e-01 4.534959388226860177e-01 5.363778660062947790e-01 0.000000000000000000e+00 2.806213128385767197e-01 5.234482963804625300e-01 3.334917248781894550e-01 3.523704727706431505e-01 7.594984265950668334e-01 3.641247673841119248e-01 4.835792087269732420e-01 5.244604034646773716e-01 8.108751136069465293e-01 3.826493311519986174e-01 6.001475467934992425e-01 3.723373944167680527e-01
7.924089388357751229e-01 7.191570672500811057e-01 8.709512457669201790e-01 5.333838286112095872e-01 8.712611993432826107e-01 1.874185578516740502e-01 4.440899966621367212e-01 5.871139019495985600e-01 5.084695824531725306e-01 3.956405916893834807e-01 4.641699943318853827e-01 8.277037927107782078e-01 6.317054898465385149e-01 6.117749978867346172e-01 8.120440591683226739e-01 8.728644946684676054e-01 8.289807991330222503e-01 8.337389118813574029e-01 1.690165729415058493e-01 3.930699826911117634e-01 8.624732473500069663e-01 7.912529291220760097e-01 2.806213128385767197e-01 0.000000000000000000e+00 5.636841040732426533e-01 1.288249842186802718e-01 7.614504118457210424e-01 8.672781461258893820e-01 5.956467530801314858e-01 6.660501864798815674e-01 8.830690998323800223e-01 8.307857691800393241e-01 7.731683912852788110e-01 8.013374472355985212e-01 4.708996806811263092e-01
6.866711631924090620e-01 8.514054786842775169e-01 8.491818754821237603e-01 5.145427999283596066e-01 4.325960317110808528e-01 4.329594211867831555e-01 5.080131224385340261e-01 5.454896617012017224e-01 4.749409759583270163e-01 1.935634776525041456e-02 4.527353043575397806e-01 5.321990206628908204e-01 5.655754011858166175e-01 2.158684504424727146e-01 3.899548891548630936e-01 3.286460319055383161e-01 4.579321761888697218e-01 5.115638592528617412e-01 4.699456129853593067e-01 1.330790836364039720e-01 4.492559826726258976e-01 5.922925615257829124e-01 5.234482963804625300e-01 5.636841040732426533e-01 0.000000000000000000e+00 7.027668078674305097e-01 9.189524156296579038e-01 3.863301021222216303e-01 6.735292102742971299e-01 6.660055478908145643e-01 7.290206854542966575e-01 9.861150192933385572e-01 3.781736569418842064e-01 7.023569550043400334e-01 3.959145872681631428e-01
7.428281417381598084e-01 7.287071994845228939e-01 6.016108009361522679e-01 5.400707923473622163e-01 3.983338668296198537e-01 4.358769015084407727e-01 1.436940947020993731e-01 4.168992793657445572e-01 4.993836677707916838e-01 3.579475813158793374e-01 8.295878481850599284e-01 3.895256474021366322e-01 5.208147393749027465e-01 3.054984841281156438e-01 6.160736424086379337e-01 5.869521378797295519e-01 7.413935073531463527e-01 8.799832130264635399e-01 1.020866796678734367e-01 8.917389567162592456e-01 2.093603184996934430e-01 3.476152604132105584e-01 3.334917248781894550e-01 1.288249842186802718e-01 7.027668078674305097e-01 0.000000000000000000e+00 5.081827483315541905e-01 8.198123060971950204e-01 3.411947743324288962e-01 5.699025165916291602e-01 7.491469547060710665e-01 3.811822369955268908e-01 5.558196878513950168e-01 2.006893933752206260e-01 6.159004242637975413e-01
4.112710413579987456e-01 8.012555023488018291e-01 7.405089475852216774e-01 4.706429309146271112e-01 5.909715733261906578e-01 6.359717355470478894e-01 6.498744244537794090e-01 5.039992833803408345e-01 1.185373908162504764e-01 6.230058108458851329e-01 6.195680850639424531e-01 8.300319235138093887e-01 4.766522690924447914e-01 7.117334137759936397e-01 4.971525478907337647e-01 4.204532896953222521e-01 5.125837887585851238e-01 8.933720390414411350e-01 5.422280017356109205e-01 8.377086466698897560e-01 5.051138114507016663e-01 8.184058566644101251e-01 3.523704727706431505e-01 7.614504118457210424e-01 9.189524156296579038e-01 5.081827483315541905e-01 0.000000000000000000e+00 7.816317528122429525e-01 3.372534463989281805e-01 4.823046109828498795e-01 5.373450043740288784e-01 6.797687982244264848e-01 7.336367048912902922e-01 8.543444148766121682e-01 5.383317050335553189e-01
3.239398508957813672e-02 5.949228581284948802e-01 7.075348752140040443e-01 6.744066474889649498e-01 9.177676242217513991e-01 6.697210604449839177e-01 7.847820282164230665e-01 9.758543676902911024e-01 2.842845480756944210e-01 8.256116482292057412e-01 1.326571563625964512e-01 4.701216322207246723e-01 8.179202888398007243e-01 4.571437067097838813e-01 3.491462577045486571e-01 5.138794672023815346e-01 3.993399930676647669e-01 1.029139645720001939e-01 3.877309254222942037e-01 6.274701006642332546e-01 7.640367856456031781e-01 7.747318445415931620e-01 7.594984265950668334e-01 8.672781461258893820e-01 3.863301021222216303e-01 8.198123060971950204e-01 7.816317528122429525e-01 0.000000000000000000e+00 8.448375671740040449e-01 8.279290346679187840e-01 5.550812348160332199e-01 3.826830231868710852e-01 3.508245577842221685e-01 2.842851636188826747e-01 8.429086057741781435e-01
8.107116456519112280e-01 3.568711614084600914e-01 8.276385976541469347e-01 6.990535989567420172e-01 3.378315703017761296e-01 5.307134370244714905e-01 5.961207670445110018e-01 2.744548271925515426e-01 7.345834220877400789e-02 5.861441887304567055e-01 8.332223718779249166e-01 4.714025731185213508e-01 3.360473250851679916e-01 5.357814481205780410e-01 5.627764528532882560e-01 8.007908339183834601e-01 5.532638236329991965e-01 8.285789988344776091e-01 4.542209048300396290e-01 7.466299594311884835e-01 5.591022384936155110e-01 5.180855506143741129e-01 3.641247673841119248e-01 5.956467530801314858e-01 6.735292102742971299e-01 3.411947743324288962e-01 3.372534463989281805e-01 8.448375671740040449e-01 0.000000000000000000e+00 9.352667490574577691e-01 5.735873287095323292e-01 6.649375186957851014e-01 1.297976546393483366e-01 5.985044432567678818e-01 5.058001122754396395e-01
8.204968452273277979e-01 5.394741677407678404e-01 3.211250362597147245e-01 3.889079588649766994e-01 6.219316480732961505e-01 9.420186844224545109e-01 3.091755499720114653e-01 4.503920080406682569e-01 8.043881811459947517e-01 5.139880808361698694e-01 3.727188601208376584e-01 6.776457502976005465e-01 3.959031205254441299e-01 3.462615603887642113e-01 4.350001187478988451e-01 4.643495176981990435e-01 6.099226017220419349e-01 6.445937201996041477e-01 8.239219410017624146e-01 1.851010565683871567e-01 5.128662358448097258e-01 8.312209325003725446e-01 4.835792087269732420e-01 6.660501864798815674e-01 6.660055478908145643e-01 5.699025165916291602e-01 4.823046109828498795e-01 8.279290346679187840e-01 9.352667490574577691e-01 0.000000000000000000e+00 4.326833101319691455e-01 8.879933180195014319e-01 8.451125169158393291e-01 6.529128539174108292e-01 5.219368950344830393e-01
4.197660967301325430e-01 3.014938095040731181e-01 6.409334805953961212e-01 7.594814800727287540e-01 6.834204636477615447e-01 4.645030151464399348e-01 7.004445576341722379e-01 9.335957797631613264e-01 7.732858048955419950e-01 1.093343782588238611e-01 3.851113291481245149e-01 5.152457554754864555e-01 5.558196346614181493e-01 5.745590404473122081e-01 5.349751220417435782e-01 7.515638197094737238e-01 7.406447988448918718e-01 8.853813845960295525e-02 5.257242039308721582e-01 4.434038334880431309e-01 5.520892499135580112e-01 3.299611669323950780e-01 5.244604034646773716e-01 8.830690998323800223e-01 7.290206854542966575e-01 7.491469547060710665e-01 5.373450043740288784e-01 5.550812348160332199e-01 5.735873287095323292e-01 4.326833101319691455e-01 0.000000000000000000e+00 7.446456152476986778e-01 4.037517805760105771e-01 7.552716668314015669e-01 7.056404494203063482e-01
4.125451387947988158e-01 2.567839304476245976e-01 8.093230026212776540e-01 6.649926358217561617e-01 4.053214056300097901e-01 5.030050832061854216e-01 5.378503383223397494e-01 4.173971101943464990e-01 4.459113888533668413e-01 4.357127196971772864e-01 3.601439993420329500e-01 4.457475301203707718e-01 5.934784120370100169e-01 6.704951764977522544e-01 4.605568476676629164e-01 5.306264344275084532e-01 4.513303256921687989e-01 4.420801331222803943e-01 6.597421480911932479e-01 8.790269843315402509e-01 5.308779635687063125e-01 9.224746294879571096e-02 8.108751136069465293e-01 8.307857691800393241e-01 9.861150192933385572e-01 3.811822369955268908e-01 6.797687982244264848e-01 3.826830231868710852e-01 6.649375186957851014e-01 8.879933180195014319e-01 7.446456152476986778e-01 0.000000000000000000e+00 3.803845198185785148e-01 2.718489323135649394e-01 2.269450476630965052e-01
4.658526814842571251e-01 2.542010768934888088e-01 2.418191238829214829e-01 5.842361494684233936e-01 2.071827776878994998e-01 6.804854347690354466e-01 2.700296391069483271e-01 3.437020201344385129e-01 1.838323887393317757e-01 6.269284780554089664e-01 4.675113687150362907e-01 6.800110090983345623e-01 6.108510845590160443e-01 2.725297446053419059e-01 3.929076398264478853e-01 6.481543141540331288e-01 1.794822819767912803e-01 6.790060391426739894e-01 6.913103480627560415e-01 8.948256958260220051e-01 4.121789732371439197e-01 6.457304013599918235e-01 3.826493311519986174e-01 7.731683912852788110e-01 3.781736569418842064e-01 5.558196878513950168e-01 7.336367048912902922e-01 3.508245577842221685e-01 1.297976546393483366e-01 8.451125169158393291e-01 4.037517805760105771e-01 3.803845198185785148e-01 0.000000000000000000e+00 1.436462978437752502e-01 8.039807466741879516e-01
8.446827589329769514e-01 8.131674611794879048e-01 6.523571816296191983e-01 7.340824574130513369e-01 4.759577858226212710e-01 2.479407631038068605e-01 9.672698021776484634e-01 7.813609159049801356e-01 2.214626130766994550e-01 1.761394543050815997e-01 8.291901181254603959e-01 3.118291745265767689e-01 7.258114012285739047e-01 7.795919245157683086e-01 3.836476589021285410e-01 2.622556802978139867e-01 2.926004310227873217e-01 3.621781786231726419e-01 5.738039771237586351e-01 6.638237035419956023e-01 7.758824411457765358e-01 2.651941972647432477e-01 6.001475467934992425e-01 8.013374472355985212e-01 7.023569550043400334e-01 2.006893933752206260e-01 8.543444148766121682e-01 2.842851636188826747e-01 5.985044432567678818e-01 6.529128539174108292e-01 7.552716668314015669e-01 2.718489323135649394e-01 1.436462978437752502e-01 0.000000000000000000e+00 5.181976730585708957e-01
4.893827230154037533e-01 1.411516648865170920e-01 8.654653192716270649e-01 6.438224630111457625e-01 9.696760942561104546e-01 4.379269667663594490e-01 6.412381027968807601e-01 9.129044217868458322e-01 3.146276664214409102e-01 5.358884150579255046e-01 9.166172784169711596e-01 1.681609935488862506e-01 7.527497537291487628e-01 5.128397255938623722e-01 2.727656607520063670e-01 8.238028504382899353e-01 5.136444876647590085e-01 7.582241832273920457e-01 3.951593598702836108e-01 3.980044806270813251e-01 7.217906745870590335e-01 7.099233957562600672e-02 3.723373944167680527e-01 4.708996806811263092e-01 3.959145872681631428e-01 6.159004242637975413e-01 5.383317050335553189e-01 8.429086057741781435e-01 5.058001122754396395e-01 5.219368950344830393e-01 7.056404494203063482e-01 2.269450476630965052e-01 8.039807466741879516e-01 5.181976730585708957e-01 0.000000000000000000e+00
