0.000000000000000000e+00 8.138686229915148562e-01 7.649518963361174873e-01 6.098790722357170235e-01 6.527255614567840647e-01 8.211282705683469185e-01 6.247653476011263418e-01 7.700008312613823014e-01 7.098761267212446713e-01 6.606881285389865077e-02 3.518876744963114200e-01 7.145120857466595865e-01 9.146322911249427090e-01 4.692270027355576190e-01 2.855428533968030758e-01 2.294549904423479614e-01 3.941343175908894603e-01 9.137435184785375197e-01 8.460839925248515581e-01 2.529889210987157910e-01 5.402555385762825013e-01 5.355689781326287147e-01 2.822596233806133892e-01 5.161187088240182241e-02 2.525581239770500197e-01 9.181552573282460994e-01 7.976796911312433735e-01 3.931667559224018560e-01 7.335580719172112296e-01 7.283780957798053901e-01 1.801778222505644456e-01 2.902577193818486334e-01 1.910834728786111603e-01 2.756111758458623662e-01 7.257155222523079541e-01
8.138686229915148562e-01 0.000000000000000000e+00 4.174812409439335181e-01 9.171126525108749261e-01 4.364351753933077838e-01 7.531772186750766984e-01 5.911554299651275990e-01 5.682010549924576548e-01 8.769017689304174912e-01 2.895794379118399320e-01 6.821048619908557376e-01 4.016920643916572775e-01 7.167439778365785052e-01 7.761835490428043993e-01 6.874958830373095742e-01 5.132002470969883046e-01 9.148127672264549926e-02 7.468102996191765541e-01 5.670546463312476915e-01 4.121414868105983120e-01 5.210340780439504105e-01 3.329885698596568577e-01 4.813575700615292385e-01 8.457398271852478722e-01 3.606744671685518933e-01 1.801335236533677664e-01 6.804299137510720907e-01 3.653873066957155635e-01 2.917386610370221733e-01 8.723473422700758206e-01 2.157415884125121752e-01 5.773230036703467238e-01 6.574036770763180826e-01 8.798884258537513769e-01 4.922576458106384112e-01
7.649518963361174873e-01 4.174812409439335181e-01 0.000000000000000000e+00 3.560703143962775652e-01 5.566911825861702301e-01 3.763576310694324301e-01 7.547553275724193655e-01 7.591017192312654593e-01 9.014242375268597396e-01 2.031555083268738460e-01 7.449525895589528268e-01 7.178957790717936938e-01 3.891621028212632893e-01 6.732695132003501115e-01 5.926323401923643264e-01 3.434162080888769064e-01 6.631178165411699688e-01 5.383698358177758658e-01 3.239716093421820542e-01 5.551652261133050992e-01 7.005499824532478437e-01 6.891215234683507607e-01 7.805208292210157328e-01 7.504283701891882874e-01 5.603659655417778662e-01 3.274636714642105151e-01 4.338577835508828362e-01 4.691036758375981552e-01 1.857525587703664494e-01 3.204108130311972835e-01 6.172569999403691998e-01 5.945747965034777760e-01 8.966252790400768280e-01 5.096070657737428178e-01 6.773509358623266419e-01
6.098790722357170235e-01 9.171126525108749261e-01 3.560703143962775652e-01 0.000000000000000000e+00 5.888010088957464916e-01 8.894314980776494295e-01 3.811433598633046649e-01 6.573149336291090883e-01 3.019658773151956410e-01 8.541658958403142154e-01 4.152833913073242789e-01 2.987230146412314102e-01 3.528852524510971977e-01 8.121085389392470599e-01 8.807274902302304476e-01 3.528735417511055239e-01 3.967165008155124628e-01 6.063004908198172949e-01 4.377398866419741630e-01 6.616382068193586985e-01 4.093641426100739222e-01 5.480162369430874314e-01 5.021105246052957050e-01 5.106135870448823555e-01 4.614329400305850482e-01 6.368295935206564895e-01 2.184498171803261890e-02 4.675371094306933206e-01 7.081572747114717181e-01 8.675576028400444617e-01 3.758657188319562970e-01 5.797379436181805401e-01 8.036251802659447607e-01 7.115516550651301841e-01 5.920867889851830768e-01
6.527255614567840647e-01 4.364351753933077838e-01 5.566911825861702301e-01 5.888010088957464916e-01 0.000000000000000000e+00 3.203440098894677068e-01 2.489221455068568178e-01 3.312139524945781899e-01 8.758646256473311409e-01 2.764269599226910623e-01 7.305018815650332620e-01 4.743689658393878128e-01 3.691635839448439982e-01 9.659293546187972535e-01 7.345627092527178270e-01 8.181552442762345390e-01 5.339858137102053703e-01 4.682278759962905101e-01 5.975385177423829797e-01 8.713257081965630757e-01 4.600185798818903216e-01 7.201493155819688186e-01 7.442713620732310797e-01 7.849986073503466555e-01 4.266651838790582185e-01 3.230073262193227102e-01 8.862373166536623437e-01 3.970442956684836489e-01 4.916410115504758482e-01 8.892781472741431159e-01 7.211445534882288122e-02 2.375336016700057007e-01 7.612692647373078270e-01 3.385125372269351951e-01 5.748125068156275663e-01
8.211282705683469185e-01 7.531772186750766984e-01 3.763576310694324301e-01 8.894314980776494295e-01 3.203440098894677068e-01 0.000000000000000000e+00 8.178946865934104693e-01 5.965564682775659211e-01 5.310820168478460612e-01 4.562969845610924668e-01 5.063963964720192834e-01 6.422743741135432671e-01 6.428110987197511728e-01 4.125920004249776230e-01 2.670712297913973021e-01 6.097408770216827811e-01 7.488297844933813341e-01 4.899098063756907595e-01 8.202127540812531592e-01 4.912677079240271305e-01 7.649093668922969380e-01 8.196494061021698530e-01 5.245708828985753414e-01 4.575925048481618296e-01 4.902359994057812198e-01 3.814949802524323363e-01 7.587712442850715888e-01 2.226273150986050609e-01 5.933501639855089937e-01 2.102154862927829715e-01 1.750982881861751217e-01 3.990467882822066881e-01 4.221234264016508475e-01 7.416237206253177838e-01 1.112460653634417262e-01
6.247653476011263418e-01 5.911554299651275990e-01 7.547553275724193655e-01 3.811433598633046649e-01 2.489221455068568178e-01 8.178946865934104693e-01 0.000000000000000000e+00 8.201977530050053034e-01 5.107115941689093219e-01 9.188997626233663674e-01 4.059027544647335617e-01 9.001251817178353987e-01 4.651458472652933440e-01 8.328209736065486091e-01 6.063177844467795286e-01 5.839317700850186199e-01 6.677225002085213079e-01 8.685321389840776618e-01 2.387964484930756859e-01 3.976617748844444300e-01 8.020292323697790771e-01 3.603806839868617384e-02 9.631291967145412247e-01 3.044551537850022083e-01 8.689312449264328109e-01 9.144670083751237355e-01 7.095955148289632142e-01 7.935996135917048333e-01 5.610923398706832987e-01 4.525855748560662084e-01 4.309622876991228146e-01 2.854355743366125964e-01 4.149694332199524438e-01 8.584607332330855822e-01 7.156347057698573266e-01
7.700008312613823014e-01 5.682010549924576548e-01 7.591017192312654593e-01 6.573149336291090883e-01 3.312139524945781899e-01 5.965564682775659211e-01 8.201977530050053034e-01 0.000000000000000000e+00 4.980781285265001856e-01 6.478033075029230314e-01 8.208314344561253861e-01 6.242627499568925709e-01 5.660112683576454806e-01 6.892088674794252245e-01 6.865754443546123742e-01 6.919488593200437965e-01 4.219182188252875720e-01 3.609098033477906586e-01 1.955307977340676739e-01 6.340083109443466203e-01 3.492317546641443005e-01 4.958283796435356550e-01 2.790109431660557915e-01 7.672730464490098434e-01 6.819957531226154002e-01 8.778331182257115284e-01 6.181604452332870592e-01 3.790522556186597392e-01 1.465056016135646288e-02 7.644507267767688408e-01 7.484312924947986723e-01 4.572919644652495563e-01 8.263969072260186621e-01 6.232969237115548733e-01 6.590564887055180288e-01
7.098761267212446713e-01 8.769017689304174912e-01 9.014242375268597396e-01 3.019658773151956410e-01 8.758646256473311409e-01 5.310820168478460612e-01 5.107115941689093219e-01 4.980781285265001856e-01 0.000000000000000000e+00 2.600631652555540629e-01 3.417069903098215455e-01 1.971581264196323735e-01 7.617625923789381748e-01 8.450827939206224659e-01 7.469348030588131016e-01 2.961690778494133758e-01 6.239514844167237673e-01 6.584332397679582005e-02 2.790838806685749240e-01 6.595875108957851563e-01 3.895955927892994497e-01 3.199926056990418655e-01 7.984029304384792081e-01 4.125618232204533165e-01 8.105705941416075921e-01 6.656636809320741754e-01 7.393912477970523422e-01 8.497680272246237454e-01 6.105273555786279172e-01 1.364919634048148422e-01 1.065786349749019424e-01 9.311784009712581467e-01 7.072551044545812848e-01 7.046974311719594875e-01 5.339008432252203562e-01
6.606881285389865077e-02 2.895794379118399320e-01 2.031555083268738460e-01 8.541658958403142154e-01 2.764269599226910623e-01 4.562969845610924668e-01 9.188997626233663674e-01 6.478033075029230314e-01 2.600631652555540629e-01 0.000000000000000000e+00 9.330043078083142261e-01 6.690689102486468975e-02 5.712059431832243739e-01 4.978908279538191151e-01 6.381424556619291755e-01 4.357116344741592817e-01 8.391950090743518498e-01 1.226088623924272980e-01 6.380498402869049235e-01 4.273266407703545933e-01 4.187833132602589714e-01 4.947018144116573368e-01 9.517592760427469045e-01 1.986140823619191309e-01 5.922528113511776882e-01 1.667623078950852822e-01 6.602362068570257758e-01 5.647374983837487594e-01 9.356358305085118454e-01 3.627494280883342137e-01 6.530176651747950922e-01 5.448879040045151445e-02 8.622016329244356347e-01 5.463610494477513235e-01 7.357174793922769407e-01
3.518876744963114200e-01 6.821048619908557376e-01 7.449525895589528268e-01 4.152833913073242789e-01 7.305018815650332620e-01 5.063963964720192834e-01 4.059027544647335617e-01 8.208314344561253861e-01 3.417069903098215455e-01 9.330043078083142261e-01 0.000000000000000000e+00 8.757972495365318188e-02 5.118782606515046574e-01 5.382523556746308113e-01 3.936163562390367909e-01 2.840516633295512294e-01 3.970823995325019062e-01 8.708244752721907567e-01 6.970802863566418761e-01 1.473892871792650272e-01 8.014391875289574863e-01 9.238351825988129207e-01 9.419442948629119794e-02 3.147959078608868477e-01 7.643837031178113417e-01 2.080193075561553862e-01 3.639510044295388158e-01 5.091983970529924131e-01 7.408217575920077458e-01 6.691576515926219715e-01 4.255984283284652836e-01 8.223076677570301252e-01 2.846031521786944740e-01 4.229325010226576143e-01 4.019896903381284803e-01
7.145120857466595865e-01 4.016920643916572775e-01 7.178957790717936938e-01 2.987230146412314102e-01 4.743689658393878128e-01 6.422743741135432671e-01 9.001251817178353987e-01 6.242627499568925709e-01 1.971581264196323735e-01 6.690689102486468975e-02 8.757972495365318188e-02 0.000000000000000000e+00 3.660798596594453391e-01 4.185865126934227298e-01 5.302459008686954967e-01 4.854871682240471942e-01 6.904771310480355417e-01 4.625289387832472454e-01 4.772523472709384595e-01 4.531230969722457869e-01 9.174013349227394531e-01 8.648740050802861123e-01 8.096073849535536660e-01 6.468788181420632721e-01 5.453384397744754919e-01 7.543862731917150288e-01 5.553180004491309329e-01 3.412853407545111128e-01 5.728445838751987651e-01 4.716121767110840191e-01 3.863598134982910715e-01 7.620768672934394861e-01 6.434852141670962533e-01 6.062141396088572831e-01 6.418510671277278812e-01
9.146322911249427090e-01 7.167439778365785052e-01 3.891621028212632893e-01 3.528852524510971977e-01 3.691635839448439982e-01 6.428110987197511728e-01 4.651458472652933440e-01 5.660112683576454806e-01 7.617625923789381748e-01 5.712059431832243739e-01 5.118782606515046574e-01 3.660798596594453391e-01 0.000000000000000000e+00 9.392183500666468898e-01 5.003187293136860392e-01 4.117667665665971644e-01 4.455678717505409114e-01 5.496904669499488305e-01 6.442348853935917496e-01 6.418325462527418868e-01 2.923085302397694374e-01 3.992880661017446098e-01 5.293908562564886289e-01 8.740484147396176962e-01 3.594766895871767121e-01 9.444679299870192279e-01 7.122575244822648699e-01 2.886381170585742284e-01 4.430028491774549160e-01 3.146012081009111894e-01 4.641360591503135291e-01 8.163557442508411199e-01 5.718911762414027322e-01 5.130335157553355119e-01 6.238422280504432038e-01
4.692270027355576190e-01 7.761835490428043993e-01 6.732695132003501115e-01 8.121085389392470599e-01 9.659293546187972535e-01 4.125920004249776230e-01 8.328209736065486091e-01 6.892088674794252245e-01 8.450827939206224659e-01 4.978908279538191151e-01 5.382523556746308113e-01 4.185865126934227298e-01 9.392183500666468898e-01 0.000000000000000000e+00 5.514420745306605198e-01 3.787992625826351878e-01 7.917379159432311742e-01 6.745337275045916181e-01 7.439340108019063535e-01 5.732629476088249021e-01 2.312948996452636463e-01 7.519531137022807954e-01 5.968443770025031458e-01 7.458358533450293315e-01 1.832386626204333679e-01 5.314677822386258965e-01 5.283571569661795753e-01 9.000042399770562529e-01 3.593984456476296274e-01 7.979525975193590970e-01 7.468516501098561022e-01 7.126369514149659690e-01 4.512365044346327014e-01 4.529918760600703531e-01 5.166101443231247980e-01
2.855428533968030758e-01 6.874958830373095742e-01 5.926323401923643264e-01 8.807274902302304476e-01 7.345627092527178270e-01 2.670712297913973021e-01 6.063177844467795286e-01 6.865754443546123742e-01 7.469348030588131016e-01 6.381424556619291755e-01 3.936163562390367909e-01 5.302459008686954967e-01 5.003187293136860392e-01 5.514420745306605198e-01 0.000000000000000000e+00 3.471884650176122467e-01 7.318381450369121355e-01 7.664604247761184208e-01 9.312212047871855081e-01 4.350719630839299246e-01 8.637810043144509287e-01 7.015571084901121024e-01 4.618254476842201806e-01 8.029912320481260579e-01 1.015931364870186204e-01 8.072384056698074239e-01 4.084257251546227208e-01 1.161949138016101779e-01 4.912739137639599574e-01 7.270579564014834073e-01 5.387011718224332668e-01 5.935431476407210249e-01 6.859783894898482393e-01 2.912833157870956535e-01 1.907559656162495232e-01
2.294549904423479614e-01 5.132002470969883046e-01 3.434162080888769064e-01 3.528735417511055239e-01 8.181552442762345390e-01 6.097408770216827811e-01 5.839317700850186199e-01 6.919488593200437965e-01 2.961690778494133758e-01 4.357116344741592817e-01 2.840516633295512294e-01 4.854871682240471942e-01 4.117667665665971644e-01 3.787992625826351878e-01 3.471884650176122467e-01 0.000000000000000000e+00 4.776001672699480283e-01 4.399742226305937143e-01 5.820884428569378377e-01 3.114680910293302629e-01 4.760757657690437572e-01 5.935534780242605057e-01 7.532671909482471229e-01 9.044347279673597972e-01 3.761104093719330743e-01 4.310393056042940985e-01 7.147529715375225967e-01 7.743198104926596326e-01 6.280284591904600200e-01 1.497806148454959851e-01 3.989187850975055571e-01 5.781338288003995407e-01 6.003755779275196103e-01 6.578537802968054127e-01 1.311527803667055236e-01
3.941343175908894603e-01 9.148127672264549926e-02 6.631178165411699688e-01 3.967165008155124628e-01 5.339858137102053703e-01 7.488297844933813341e-01 6.677225002085213079e-01 4.219182188252875720e-01 6.239514844167237673e-01 8.391950090743518498e-01 3.970823995325019062e-01 6.904771310480355417e-01 4.455678717505409114e-01 7.917379159432311742e-01 7.318381450369121355e-01 4.776001672699480283e-01 0.000000000000000000e+00 7.270480663520416664e-01 5.496536937776650422e-01 4.798549339177038409e-02 6.634473856414835335e-02 3.293332251109375997e-01 4.236392416724257259e-01 5.798317163776984806e-01 7.611437606994029270e-01 4.291957831300513559e-01 6.670267958876094916e-01 9.162090170358303531e-01 8.336676772271818248e-01 5.461473792033160191e-01 8.476030952315534162e-01 4.115264656394941323e-01 4.625255015278885162e-01 5.332916327956587210e-01 5.292448730310388427e-01
9.137435184785375197e-01 7.468102996191765541e-01 5.383698358177758658e-01 6.063004908198172949e-01 4.682278759962905101e-01 4.899098063756907595e-01 8.685321389840776618e-01 3.609098033477906586e-01 6.584332397679582005e-02 1.226088623924272980e-01 8.708244752721907567e-01 4.625289387832472454e-01 5.496904669499488305e-01 6.745337275045916181e-01 7.664604247761184208e-01 4.399742226305937143e-01 7.270480663520416664e-01 0.000000000000000000e+00 6.294273431733539148e-01 4.267531265314517541e-01 7.407258114512664804e-01 2.273802273262615081e-01 4.701352714211605166e-01 8.561335255595758920e-01 8.205498024991847439e-01 4.452147717755094991e-02 4.755449385651179806e-01 9.090306990700331990e-01 4.757362824544791868e-01 6.407435546097259849e-01 4.140984270672060097e-01 4.255975957874173488e-01 4.561144731177405598e-01 4.148519513095242361e-01 7.566896209644375926e-01
8.460839925248515581e-01 5.670546463312476915e-01 3.239716093421820542e-01 4.377398866419741630e-01 5.975385177423829797e-01 8.202127540812531592e-01 2.387964484930756859e-01 1.955307977340676739e-01 2.790838806685749240e-01 6.380498402869049235e-01 6.970802863566418761e-01 4.772523472709384595e-01 6.442348853935917496e-01 7.439340108019063535e-01 9.312212047871855081e-01 5.820884428569378377e-01 5.496536937776650422e-01 6.294273431733539148e-01 0.000000000000000000e+00 8.082940564181805287e-01 5.128548101239120971e-01 5.906263143798542448e-01 4.810537522661331167e-01 8.572714126762306375e-01 4.700457324224796007e-01 5.852805456332972334e-01 8.191583676690399329e-01 4.822829563735210323e-01 4.401084871479465921e-01 4.801017857064479033e-01 5.106697560210502473e-01 6.617038836386368583e-01 8.350624549128946583e-01 1.772780919718105475e-01 2.133090081285808903e-01
2.529889210987157910e-01 4.121414868105983120e-01 5.551652261133050992e-01 6.616382068193586985e-01 8.713257081965630757e-01 4.912677079240271305e-01 3.976617748844444300e-01 6.340083109443466203e-01 6.595875108957851563e-01 4.273266407703545933e-01 1.473892871792650272e-01 4.531230969722457869e-01 6.418325462527418868e-01 5.732629476088249021e-01 4.350719630839299246e-01 3.114680910293302629e-01 4.798549339177038409e-02 4.267531265314517541e-01 8.082940564181805287e-01 0.000000000000000000e+00 6.287979783729011896e-01 5.531991881461472138e-01 6.706587762289848431e-01 4.781471101275820423e-01 7.791959172452218585e-01 6.375359792579398110e-01 8.561831668967067044e-01 4.143273661131319230e-01 2.792542136978604095e-01 2.033433309160568303e-01 7.960156608342953133e-01 1.313035782246222416e-01 6.881667045390431614e-01 2.716975022134932027e-01 5.226694380972376486e-01
5.402555385762825013e-01 5.210340780439504105e-01 7.005499824532478437e-01 4.093641426100739222e-01 4.600185798818903216e-01 7.649093668922969380e-01 8.020292323697790771e-01 3.492317546641443005e-01 3.895955927892994497e-01 4.187833132602589714e-01 8.014391875289574863e-01 9.174013349227394531e-01 2.923085302397694374e-01 2.312948996452636463e-01 8.637810043144509287e-01 4.760757657690437572e-01 6.634473856414835335e-02 7.407258114512664804e-01 5.128548101239120971e-01 6.287979783729011896e-01 0.000000000000000000e+00 2.306970240988079901e-01 4.777365421260290068e-01 1.364742428747119929e-01 6.571184186054834786e-01 4.054830521383083752e-01 7.244940041149388055e-01 4.248254063205911812e-01 5.482549603040582920e-01 4.263593067314904728e-01 3.635730432233484910e-01 4.467746770263544276e-01 4.414598513122920953e-01 5.215538619455524216e-01 5.202112559699657579e-01
5.355689781326287147e-01 3.329885698596568577e-01 6.891215234683507607e-01 5.480162369430874314e-01 7.201493155819688186e-01 8.196494061021698530e-01 3.603806839868617384e-02 4.958283796435356550e-01 3.199926056990418655e-01 4.947018144116573368e-01 9.238351825988129207e-01 8.648740050802861123e-01 3.992880661017446098e-01 7.519531137022807954e-01 7.015571084901121024e-01 5.935534780242605057e-01 3.293332251109375997e-01 2.273802273262615081e-01 5.906263143798542448e-01 5.531991881461472138e-01 2.306970240988079901e-01 0.000000000000000000e+00 7.369040448928017017e-01 3.706039992375014802e-01 4.738450778500016281e-01 3.715384376835170199e-01 1.480557560592593580e-01 9.294404884571179082e-01 1.024221347252425307e-01 3.824832129539480485e-01 7.697153440721613560e-01 5.531323919058003247e-01 6.190378364347994822e-01 9.143111780104803410e-01 8.751401013327435585e-01
2.822596233806133892e-01 4.813575700615292385e-01 7.805208292210157328e-01 5.021105246052957050e-01 7.442713620732310797e-01 5.245708828985753414e-01 9.631291967145412247e-01 2.790109431660557915e-01 7.984029304384792081e-01 9.517592760427469045e-01 9.419442948629119794e-02 8.096073849535536660e-01 5.293908562564886289e-01 5.968443770025031458e-01 4.618254476842201806e-01 7.532671909482471229e-01 4.236392416724257259e-01 4.701352714211605166e-01 4.810537522661331167e-01 6.706587762289848431e-01 4.777365421260290068e-01 7.369040448928017017e-01 0.000000000000000000e+00 8.544432910737684850e-01 6.514565204994455794e-01 7.598762406571150096e-01 7.749618986627004880e-01 4.063166080020816917e-01 4.792062335588507249e-01 4.555884183070281201e-01 7.502532177978362693e-01 3.559538999078250554e-01 5.818401942003010863e-01 5.110391496575038550e-01 5.292322407337912704e-01
5.161187088240182241e-02 8.457398271852478722e-01 7.504283701891882874e-01 5.106135870448823555e-01 7.849986073503466555e-01 4.575925048481618296e-01 3.044551537850022083e-01 7.672730464490098434e-01 4.125618232204533165e-01 1.986140823619191309e-01 3.147959078608868477e-01 6.468788181420632721e-01 8.740484147396176962e-01 7.458358533450293315e-01 8.029912320481260579e-01 9.044347279673597972e-01 5.798317163776984806e-01 8.561335255595758920e-01 8.572714126762306375e-01 4.781471101275820423e-01 1.364742428747119929e-01 3.706039992375014802e-01 8.544432910737684850e-01 0.000000000000000000e+00 7.243687096191123720e-01 7.292506956577338162e-01 3.852984715519893189e-01 7.639265480377113171e-01 3.592454273684068111e-01 5.987661838118336632e-01 9.058913904924966731e-01 4.893550156101474924e-01 8.594256490347262911e-01 9.452002060145634488e-01 5.048758591372742854e-01
2.525581239770500197e-01 3.606744671685518933e-01 5.603659655417778662e-01 4.614329400305850482e-01 4.266651838790582185e-01 4.902359994057812198e-01 8.689312449264328109e-01 6.819957531226154002e-01 8.105705941416075921e-01 5.922528113511776882e-01 7.643837031178113417e-01 5.453384397744754919e-01 3.594766895871767121e-01 1.832386626204333679e-01 1.015931364870186204e-01 3.761104093719330743e-01 7.611437606994029270e-01 8.205498024991847439e-01 4.700457324224796007e-01 7.791959172452218585e-01 6.571184186054834786e-01 4.738450778500016281e-01 6.514565204994455794e-01 7.243687096191123720e-01 0.000000000000000000e+00 6.593166333700534176e-01 6.581326638208724322e-01 8.276322099807025268e-01 1.914948632265075501e-01 4.281773449237366025e-01 3.586679274700486086e-01 4.121768552380462025e-01 4.234016990180617945e-01 8.171761867197991913e-01 6.595532443599756434e-01
9.181552573282460994e-01 1.801335236533677664e-01 3.274636714642105151e-01 6.368295935206564895e-01 3.230073262193227102e-01 3.814949802524323363e-01 9.144670083751237355e-01 8.778331182257115284e-01 6.656636809320741754e-01 1.667623078950852822e-01 2.080193075561553862e-01 7.543862731917150288e-01 9.444679299870192279e-01 5.314677822386258965e-01 8.072384056698074239e-01 4.310393056042940985e-01 4.291957831300513559e-01 4.452147717755094991e-02 5.852805456332972334e-01 6.375359792579398110e-01 4.054830521383083752e-01 3.715384376835170199e-01 7.598762406571150096e-01 7.292506956577338162e-01 6.593166333700534176e-01 0.000000000000000000e+00 8.789895853008504734e-01 9.043309574816987828e-01 5.405719979054015578e-01 5.008601927656306518e-01 3.311765606977850052e-01 6.856049537566104579e-01 6.849062896009927570e-01 7.789045532119692750e-01 6.632841378738095761e-01
7.976796911312433735e-01 6.804299137510720907e-01 4.338577835508828362e-01 2.184498171803261890e-02 8.862373166536623437e-01 7.587712442850715888e-01 7.095955148289632142e-01 6.181604452332870592e-01 7.393912477970523422e-01 6.602362068570257758e-01 3.639510044295388158e-01 5.553180004491309329e-01 7.122575244822648699e-01 5.283571569661795753e-01 4.084257251546227208e-01 7.147529715375225967e-01 6.670267958876094916e-01 4.755449385651179806e-01 8.191583676690399329e-01 8.561831668967067044e-01 7.244940041149388055e-01 1.480557560592593580e-01 7.749618986627004880e-01 3.852984715519893189e-01 6.581326638208724322e-01 8.789895853008504734e-01 0.000000000000000000e+00 7.223743050638631313e-01 6.759048294679765867e-01 6.389259268540836700e-01 5.973970051364017042e-01 4.762864345731001037e-01 7.912611535099943749e-01 3.905589620998916600e-01 5.773559172014441909e-02
3.931667559224018560e-01 3.653873066957155635e-01 4.691036758375981552e-01 4.675371094306933206e-01 3.970442956684836489e-01 2.226273150986050609e-01 7.935996135917048333e-01 3.790522556186597392e-01 8.497680272246237454e-01 5.647374983837487594e-01 5.091983970529924131e-01 3.412853407545111128e-01 2.886381170585742284e-01 9.000042399770562529e-01 1.161949138016101779e-01 7.743198104926596326e-01 9.162090170358303531e-01 9.090306990700331990e-01 4.822829563735210323e-01 4.143273661131319230e-01 4.248254063205911812e-01 9.294404884571179082e-01 4.063166080020816917e-01 7.639265480377113171e-01 8.276322099807025268e-01 9.043309574816987828e-01 7.223743050638631313e-01 0.000000000000000000e+00 8.788560731623649147e-01 4.838205280322364632e-01 4.189248697593056514e-01 1.998018073711240739e-01 5.600901290702974267e-01 3.896264652995424793e-01 1.780899225666523478e-01
7.335580719172112296e-01 2.917386610370221733e-01 1.857525587703664494e-01 7.081572747114717181e-01 4.916410115504758482e-01 5.933501639855089937e-01 5.610923398706832987e-01 1.465056016135646288e-02 6.105273555786279172e-01 9.356358305085118454e-01 7.408217575920077458e-01 5.728445838751987651e-01 4.430028491774549160e-01 3.593984456476296274e-01 4.912739137639599574e-01 6.280284591904600200e-01 8.336676772271818248e-01 4.757362824544791868e-01 4.401084871479465921e-01 2.792542136978604095e-01 5.482549603040582920e-01 1.024221347252425307e-01 4.792062335588507249e-01 3.592454273684068111e-01 1.914948632265075501e-01 5.405719979054015578e-01 6.759048294679765867e-01 8.788560731623649147e-01 0.000000000000000000e+00 5.727987456213590178e-01 8.242783520314734824e-01 5.457129769322395241e-01 5.648787826345613716e-01 8.388577837578773400e-01 8.327959629150907261e-01
7.283780957798053901e-01 8.723473422700758206e-01 3.204108130311972835e-01 8.675576028400444617e-01 8.892781472741431159e-01 2.102154862927829715e-01 4.525855748560662084e-01 7.644507267767688408e-01 1.364919634048148422e-01 3.627494280883342137e-01 6.691576515926219715e-01 4.716121767110840191e-01 3.146012081009111894e-01 7.979525975193590970e-01 7.270579564014834073e-01 1.497806148454959851e-01 5.461473792033160191e-01 6.407435546097259849e-01 4.801017857064479033e-01 2.033433309160568303e-01 4.263593067314904728e-01 3.824832129539480485e-01 4.555884183070281201e-01 5.987661838118336632e-01 4.281773449237366025e-01 5.008601927656306518e-01 6.389259268540836700e-01 4.838205280322364632e-01 5.727987456213590178e-01 0.000000000000000000e+00 8.565495042806450243e-01 9.936995189634352244e-01 4.759665213371712666e-01 4.820311941243861642e-01 4.724862907747464091e-01
1.801778222505644456e-01 2.157415884125121752e-01 6.172569999403691998e-01 3.758657188319562970e-01 7.211445534882288122e-02 1.750982881861751217e-01 4.309622876991228146e-01 7.484312924947986723e-01 1.065786349749019424e-01 6.530176651747950922e-01 4.255984283284652836e-01 3.863598134982910715e-01 4.641360591503135291e-01 7.468516501098561022e-01 5.387011718224332668e-01 3.989187850975055571e-01 8.476030952315534162e-01 4.140984270672060097e-01 5.106697560210502473e-01 7.960156608342953133e-01 3.635730432233484910e-01 7.697153440721613560e-01 7.502532177978362693e-01 9.058913904924966731e-01 3.586679274700486086e-01 3.311765606977850052e-01 5.973970051364017042e-01 4.189248697593056514e-01 8.242783520314734824e-01 8.565495042806450243e-01 0.000000000000000000e+00 4.162145197960951393e-01 8.838183663583831784e-02 7.220176567753336938e-01 9.058733221680840275e-01
2.902577193818486334e-01 5.773230036703467238e-01 5.945747965034777760e-01 5.797379436181805401e-01 2.375336016700057007e-01 3.990467882822066881e-01 2.854355743366125964e-01 4.572919644652495563e-01 9.311784009712581467e-01 5.448879040045151445e-02 8.223076677570301252e-01 7.620768672934394861e-01 8.163557442508411199e-01 7.126369514149659690e-01 5.935431476407210249e-01 5.781338288003995407e-01 4.115264656394941323e-01 4.255975957874173488e-01 6.617038836386368583e-01 1.313035782246222416e-01 4.467746770263544276e-01 5.531323919058003247e-01 3.559538999078250554e-01 4.893550156101474924e-01 4.121768552380462025e-01 6.856049537566104579e-01 4.762864345731001037e-01 1.998018073711240739e-01 5.457129769322395241e-01 9.936995189634352244e-01 4.162145197960951393e-01 0.000000000000000000e+00 4.634389040499820589e-01 8.160079549284018352e-01 5.700829550384456379e-01
1.910834728786111603e-01 6.574036770763180826e-01 8.966252790400768280e-01 8.036251802659447607e-01 7.612692647373078270e-01 4.221234264016508475e-01 4.149694332199524438e-01 8.263969072260186621e-01 7.072551044545812848e-01 8.622016329244356347e-01 2.846031521786944740e-01 6.434852141670962533e-01 5.718911762414027322e-01 4.512365044346327014e-01 6.859783894898482393e-01 6.003755779275196103e-01 4.625255015278885162e-01 4.561144731177405598e-01 8.350624549128946583e-01 6.881667045390431614e-01 4.414598513122920953e-01 6.190378364347994822e-01 5.818401942003010863e-01 8.594256490347262911e-01 4.234016990180617945e-01 6.849062896009927570e-01 7.912611535099943749e-01 5.600901290702974267e-01 5.648787826345613716e-01 4.759665213371712666e-01 8.838183663583831784e-02 4.634389040499820589e-01 0.000000000000000000e+00 5.899057192484800094e-01 6.644456111473691085e-01
2.756111758458623662e-01 8.798884258537513769e-01 5.096070657737428178e-01 7.115516550651301841e-01 3.385125372269351951e-01 7.416237206253177838e-01 8.584607332330855822e-01 6.232969237115548733e-01 7.046974311719594875e-01 5.463610494477513235e-01 4.229325010226576143e-01 6.062141396088572831e-01 5.130335157553355119e-01 4.529918760600703531e-01 2.912833157870956535e-01 6.578537802968054127e-01 5.332916327956587210e-01 4.148519513095242361e-01 1.772780919718105475e-01 2.716975022134932027e-01 5.215538619455524216e-01 9.143111780104803410e-01 5.110391496575038550e-01 9.452002060145634488e-01 8.171761867197991913e-01 7.789045532119692750e-01 3.905589620998916600e-01 3.896264652995424793e-01 8.388577837578773400e-01 4.820311941243861642e-01 7.220176567753336938e-01 8.160079549284018352e-01 5.899057192484800094e-01 0.000000000000000000e+00 7.461303645531144335e-01
7.257155222523079541e-01 4.922576458106384112e-01 6.773509358623266419e-01 5.920867889851830768e-01 5.748125068156275663e-01 1.112460653634417262e-01 7.156347057698573266e-01 6.590564887055180288e-01 5.339008432252203562e-01 7.357174793922769407e-01 4.019896903381284803e-01 6.418510671277278812e-01 6.238422280504432038e-01 5.166101443231247980e-01 1.907559656162495232e-01 1.311527803667055236e-01 5.292448730310388427e-01 7.566896209644375926e-01 2.133090081285808903e-01 5.226694380972376486e-01 5.202112559699657579e-01 8.751401013327435585e-01 5.292322407337912704e-01 5.048758591372742854e-01 6.595532443599756434e-01 6.632841378738095761e-01 5.773559172014441909e-02 1.780899225666523478e-01 8.327959629150907261e-01 4.724862907747464091e-01 9.058733221680840275e-01 5.700829550384456379e-01 6.644456111473691085e-01 7.461303645531144335e-01 0.000000000000000000e+00
