0.000000000000000000e+00 4.562351593992741705e-01 2.403031760748786105e-01 5.133893528563326925e-01 6.896270659146982451e-01 5.304674762247103548e-01 3.417765909062964180e-01 8.050854931270312598e-01 7.232462941322728156e-01 4.626810805652059044e-01 3.668136866120257356e-01 3.518723053665036571e-01 1.375923263004899533e-01 7.435780911818157257e-01 5.273312609249420913e-01 6.765116078292725543e-01 2.495595170145701314e-01 4.810282376868645349e-01 3.172261090266940697e-01 3.088031643374067325e-02 7.316516580391148050e-01 7.775243862617245982e-01 7.425169494972702067e-01 1.893955384912915374e-01 1.327626563576161933e-01 2.474263541376788833e-01 4.928224326966424429e-01 6.812204930343445097e-01 4.500451825017713903e-01 7.245471404684888928e-01 4.710501199218978252e-01 6.032534000108258354e-02 1.777832073006908598e-01 1.142280299890473527e-01 2.946216312189583464e-01
4.562351593992741705e-01 0.000000000000000000e+00 3.802046366605346117e-01 4.273943758266637305e-01 6.594460938633477376e-01 5.115174230621737372e-01 1.819390553217520301e-01 6.123192708206811607e-01 7.955859250873447142e-01 7.083525635882130800e-01 5.039700642065160219e-01 5.522974564034861533e-01 8.366668868388582592e-01 3.217619447472448990e-01 1.907060895901272479e-01 3.853633068942124984e-01 3.638444272117429823e-01 4.638471473608963280e-01 6.810271397962587292e-01 6.242987014547600744e-01 5.192967362180146429e-01 9.439183101840870060e-02 8.903121549655408362e-01 5.653551205737151752e-01 4.943209481345468004e-01 4.436121493501890556e-01 5.600966295187825850e-01 6.241788139487929321e-01 2.547080069772242883e-01 6.005887829471499018e-01 6.521244452374967970e-01 7.332642055780786983e-01 7.694143506538326793e-01 4.665583767658256775e-01 4.626369745904306274e-01
2.403031760748786105e-01 3.802046366605346117e-01 0.000000000000000000e+00 7.141751074147697498e-01 5.089531013718497920e-01 9.136836576877009897e-01 6.939541547919159115e-01 1.747289120138869611e-01 6.567653422239010386e-01 5.080599593316366125e-01 5.087037552244111360e-01 2.115991812889134183e-01 5.163783170771951703e-01 9.876212978591877301e-01 5.221929021859479381e-01 6.222412145102089731e-01 9.554430820332052710e-01 7.503451556443546666e-01 5.874874875990077072e-01 3.375241916361104710e-01 3.263066994215515493e-01 6.013973838245719739e-01 4.303444823839565059e-01 7.624807989512982775e-01 6.594726938605119937e-01 4.163740322953947137e-01 7.025946695835250111e-02 5.266670083600694108e-01 4.609786344645019351e-01 5.569432016448592204e-01 4.773689774676923570e-01 7.269854846560683814e-01 3.576184037069597421e-01 3.903300452387732378e-01 4.492395447189574398e-01
5.133893528563326925e-01 4.273943758266637305e-01 7.141751074147697498e-01 0.000000000000000000e+00 6.495018560743008873e-01 7.731150715425282316e-01 2.294537081380341181e-01 1.297766578624517386e-01 4.937797837225283981e-01 4.478617132921564048e-01 6.904240150150700028e-01 2.617527644333465520e-01 4.623134500471290931e-01 4.986393761698831861e-01 6.952904713440990481e-01 7.817178631946637424e-01 5.480006742494327732e-01 6.279750847918900147e-01 1.430558529476867458e-01 4.320910345336132496e-01 5.533504423934157979e-01 2.936152776036947687e-01 3.950316277777015661e-01 6.610264914764027999e-01 9.669584534416381105e-01 6.535645165750326724e-01 5.086808435587979460e-01 5.553463937530949135e-01 4.403124756495359060e-01 3.173280696571649795e-01 2.609222366617777178e-01 4.325156451375840039e-01 4.193407688363035568e-01 6.267997119208542633e-01 1.314196934602379629e-01
6.896270659146982451e-01 6.594460938633477376e-01 5.089531013718497920e-01 6.495018560743008873e-01 0.000000000000000000e+00 6.337887280445482219e-01 4.839525184861191986e-01 7.973753631231716987e-01 3.253085206878984503e-01 9.255496910243177222e-02 4.487931690898201986e-01 3.961981907880076093e-01 1.409254540050306481e-01 2.483057363652554361e-01 3.207660402617025230e-01 3.832008445701067245e-01 6.016101804072508941e-01 7.398668503370906535e-01 7.471459367654289530e-01 4.085492141367048635e-01 3.860711820081657031e-01 7.756850961731299732e-01 4.357770252678460077e-01 6.927184283046724511e-01 5.569899823102044678e-01 3.885286822628313264e-01 1.839472241070791436e-01 6.668136327551068554e-01 6.362636521873517026e-01 2.766026304303993433e-01 3.626617458401137917e-01 8.778927303938978133e-01 1.354555575573377357e-01 1.155468511544621713e-01 7.394123314677338854e-01
5.304674762247103548e-01 5.115174230621737372e-01 9.136836576877009897e-01 7.731150715425282316e-01 6.337887280445482219e-01 0.000000000000000000e+00 2.971850515604392839e-01 4.063177413562360507e-01 8.563263222422810017e-01 5.886807945861118885e-01 6.151683635408837780e-01 4.701386155125832356e-01 6.678636531070114568e-02 7.179395386893470121e-01 4.193950196739826275e-01 5.883815534162709637e-01 7.488892591397172671e-01 3.953270116684095559e-01 5.707340715587344571e-01 5.500119107031611332e-01 6.494697324551320650e-01 4.817684702938317409e-01 7.767507576341030617e-01 4.675915213550516647e-01 8.794907951734018958e-01 2.504736281204692494e-01 4.748753931120478500e-01 2.219427676560518092e-01 8.435246570153356327e-01 8.013352076283164482e-01 6.675762022504021509e-01 6.307639208964710420e-01 6.155958635995218975e-01 2.737502870956461942e-01 5.676159117200498816e-01
3.417765909062964180e-01 1.819390553217520301e-01 6.939541547919159115e-01 2.294537081380341181e-01 4.839525184861191986e-01 2.971850515604392839e-01 0.000000000000000000e+00 4.427715165534774622e-01 4.474600804681339028e-01 8.220065979138174717e-02 9.419314923320845079e-01 4.651302261724926668e-01 2.739501209192641840e-01 6.112793147958150985e-02 7.946813884552292873e-01 6.325998779900079416e-01 5.081194330299608763e-01 4.304617353118942447e-01 4.341136323139119790e-01 6.755735037780978836e-01 4.786700723690870962e-01 3.055655687019916966e-01 8.273138573000065055e-01 4.161958855689973369e-01 5.912087081687558143e-01 5.862027451377738174e-01 5.639967694818365240e-01 3.892869029871203757e-01 1.642889773220121974e-01 5.944766247972925743e-01 6.612582498493859706e-01 4.820529941540308005e-01 3.667697712346066341e-01 4.766100136361535733e-01 4.241646048985838191e-01
8.050854931270312598e-01 6.123192708206811607e-01 1.747289120138869611e-01 1.297766578624517386e-01 7.973753631231716987e-01 4.063177413562360507e-01 4.427715165534774622e-01 0.000000000000000000e+00 3.285335650497825943e-01 2.783850463786531337e-01 4.671566164380007158e-01 3.818362524381517797e-01 5.166250350281752501e-01 2.461494509094639405e-01 4.921328184300203246e-01 5.961978593678586291e-01 4.381610531435866651e-01 6.967686771453952543e-01 1.707714836094230693e-01 2.340516197267207277e-01 3.440654340222071284e-01 6.709369090217469633e-01 6.983873219293956769e-01 5.234402856603408427e-01 8.910698152010697592e-01 1.665347290556512538e-01 2.800261417894182037e-01 6.995932899653187764e-01 5.087914392731516244e-01 3.945431095811361422e-01 5.506149546599814482e-01 4.972432828533668858e-01 1.210662412526426479e-01 2.694143548221025197e-01 4.980883982128136989e-01
7.232462941322728156e-01 7.955859250873447142e-01 6.567653422239010386e-01 4.937797837225283981e-01 3.253085206878984503e-01 8.563263222422810017e-01 4.474600804681339028e-01 3.285335650497825943e-01 0.000000000000000000e+00 1.579621626144777080e-01 4.768495155835617005e-01 8.525555367227491965e-01 8.012579821373133626e-02 8.837332550013533572e-01 2.368066782250813906e-01 6.440629557307536723e-01 5.211277081375240705e-01 3.389825062597889849e-01 3.928263671643741350e-01 7.893922816612943816e-01 2.860416622759504035e-01 1.940353481707156602e-01 7.859700544186274396e-01 3.874588568096777319e-01 8.404429941952518135e-01 3.011826048776989340e-01 8.404279123636784199e-01 1.080273871462307245e-01 5.547046619153064295e-01 6.183167774011153472e-01 5.074611355728688711e-01 7.935659961491745573e-01 5.936389717756657136e-01 4.258318834036124434e-01 5.943291570505162547e-01
4.626810805652059044e-01 7.083525635882130800e-01 5.080599593316366125e-01 4.478617132921564048e-01 9.255496910243177222e-02 5.886807945861118885e-01 8.220065979138174717e-02 2.783850463786531337e-01 1.579621626144777080e-01 0.000000000000000000e+00 3.791853282383111923e-01 6.631304446504717731e-01 6.555178695005923206e-01 4.830844743586052425e-01 2.354084328409677962e-01 5.863548243757442657e-01 3.647681962067024219e-01 6.393915401674585830e-01 5.594751189396598434e-01 4.897320677201969508e-01 6.631199858223010279e-01 3.420844976469762377e-01 3.055417158751915219e-01 8.133263154626676483e-01 5.602464135528423261e-01 3.885326176310560098e-01 8.730260064962236388e-01 7.583247615724215684e-01 7.646197280612806457e-01 2.475227120601460329e-01 2.611578689662300001e-01 9.686803581626828308e-01 4.889965404904403345e-01 2.316188904390862335e-01 5.290640989092876278e-01
3.668136866120257356e-01 5.039700642065160219e-01 5.087037552244111360e-01 6.904240150150700028e-01 4.487931690898201986e-01 6.151683635408837780e-01 9.419314923320845079e-01 4.671566164380007158e-01 4.768495155835617005e-01 3.791853282383111923e-01 0.000000000000000000e+00 4.617350965936944940e-01 2.207410359191941396e-01 7.804609004823532814e-01 6.534827840174449731e-01 5.048554201633428384e-01 3.330097681398476173e-01 2.518894835594498449e-01 4.728139988579627695e-01 8.582316656136046440e-02 3.219675706549127714e-01 4.225332022988507186e-01 4.216485926437594789e-01 6.837572855151226037e-01 4.152160741113927744e-01 1.711603063757449750e-02 3.042284332893909760e-01 5.553352051661057942e-01 4.269017430811274938e-01 8.906498732859480238e-01 4.796965958508488392e-01 3.887733105411182999e-01 1.287452730669471634e-01 4.135059517181148836e-01 5.824828729948614559e-01
3.518723053665036571e-01 5.522974564034861533e-01 2.115991812889134183e-01 2.617527644333465520e-01 3.961981907880076093e-01 4.701386155125832356e-01 4.651302261724926668e-01 3.818362524381517797e-01 8.525555367227491965e-01 6.631304446504717731e-01 4.617350965936944940e-01 0.000000000000000000e+00 2.841339441715674541e-01 6.270832764808997872e-01 6.274420848606303558e-01 5.944578314792781093e-01 7.077466183815559475e-01 4.654063645358718082e-01 8.041966119992414175e-01 1.887788542537302550e-01 3.871368046646216365e-01 3.933541738737966198e-01 8.654064698773364928e-01 5.911788840775608067e-01 7.930008074536505358e-01 4.113797783545595221e-01 6.879956935022261133e-01 3.623791805471176519e-01 2.825407310809696648e-01 8.763671124491205777e-01 2.260559137589474021e-01 6.991375406215216692e-01 5.115583294987362528e-01 5.711339751252207941e-01 9.425281704906065539e-01
1.375923263004899533e-01 8.366668868388582592e-01 5.163783170771951703e-01 4.623134500471290931e-01 1.409254540050306481e-01 6.678636531070114568e-02 2.739501209192641840e-01 5.166250350281752501e-01 8.012579821373133626e-02 6.555178695005923206e-01 2.207410359191941396e-01 2.841339441715674541e-01 0.000000000000000000e+00 6.538093942712035478e-01 8.171509557892322473e-01 3.320575150339818427e-01 5.710069977481464498e-01 5.134998686670715351e-01 6.809780347609982742e-01 3.775883324942884700e-01 8.633481586487512516e-01 5.937300410014589858e-01 4.391023630643777764e-01 6.192566120912375016e-01 6.425965675427591783e-02 8.284450279327664202e-01 8.936897964270555939e-01 3.829643107967272142e-01 8.037874661593913395e-01 6.215016848535489524e-01 4.764491708514622115e-01 7.244998363393700958e-01 5.204671133549658713e-01 7.480233020717677039e-01 6.383025607121554090e-01
7.435780911818157257e-01 3.217619447472448990e-01 9.876212978591877301e-01 4.986393761698831861e-01 2.483057363652554361e-01 7.179395386893470121e-01 6.112793147958150985e-02 2.461494509094639405e-01 8.837332550013533572e-01 4.830844743586052425e-01 7.804609004823532814e-01 6.270832764808997872e-01 6.538093942712035478e-01 0.000000000000000000e+00 5.143570029531796539e-02 5.660336134769233807e-01 3.248771633350545085e-01 6.121142148709123321e-01 8.635243941955352831e-01 3.072637883103421230e-01 5.079664005172298546e-01 7.233352161422784699e-01 2.806985907138054293e-01 4.285420060928483155e-01 3.510734191619968581e-01 7.898148556319048996e-01 2.310971451857662395e-01 7.731328408483150172e-01 4.788193154383106886e-01 1.443610011756265576e-01 8.140956802345454824e-01 8.422263023006413274e-01 5.019395338392929062e-01 7.564497998137950097e-01 3.436684201973645991e-01
5.273312609249420913e-01 1.907060895901272479e-01 5.221929021859479381e-01 6.952904713440990481e-01 3.207660402617025230e-01 4.193950196739826275e-01 7.946813884552292873e-01 4.921328184300203246e-01 2.368066782250813906e-01 2.354084328409677962e-01 6.534827840174449731e-01 6.274420848606303558e-01 8.171509557892322473e-01 5.143570029531796539e-02 0.000000000000000000e+00 2.793213189806985630e-01 6.701331988044826327e-01 4.694516613174593012e-01 2.628541398924686412e-01 3.456356777123050783e-01 3.800593043565635432e-01 5.171404953057634479e-01 3.937463815296509129e-01 5.081754910128325475e-01 5.630005479654129896e-01 8.587209465278389242e-01 5.495677550352445762e-01 3.342527373774962229e-01 6.339656574754958251e-01 6.554947176812712106e-01 2.262637974425504295e-01 6.000493263938972976e-01 1.448040307127761439e-01 4.351201223518232908e-01 1.952098480854653761e-01
6.765116078292725543e-01 3.853633068942124984e-01 6.222412145102089731e-01 7.817178631946637424e-01 3.832008445701067245e-01 5.883815534162709637e-01 6.325998779900079416e-01 5.961978593678586291e-01 6.440629557307536723e-01 5.863548243757442657e-01 5.048554201633428384e-01 5.944578314792781093e-01 3.320575150339818427e-01 5.660336134769233807e-01 2.793213189806985630e-01 0.000000000000000000e+00 7.283450640086129857e-01 8.060033455932388291e-01 5.993092740685355135e-01 4.459192381429420426e-01 3.053864995337490784e-01 4.913832059863505464e-01 6.497429857749834614e-01 7.355949518354407690e-01 2.850752818027048052e-01 1.486195088623600280e-01 7.103079041802234928e-01 3.507864693127135114e-01 8.308474265400260794e-01 3.562572677904868312e-01 3.281686151407459673e-01 3.426011522021252254e-01 1.809921029634583567e-01 5.891474820938279455e-01 4.795507305829009304e-01
2.495595170145701314e-01 3.638444272117429823e-01 9.554430820332052710e-01 5.480006742494327732e-01 6.016101804072508941e-01 7.488892591397172671e-01 5.081194330299608763e-01 4.381610531435866651e-01 5.211277081375240705e-01 3.647681962067024219e-01 3.330097681398476173e-01 7.077466183815559475e-01 5.710069977481464498e-01 3.248771633350545085e-01 6.701331988044826327e-01 7.283450640086129857e-01 0.000000000000000000e+00 7.223749513190476090e-01 5.081038161758594240e-01 2.129169693138759367e-01 6.384526279082912703e-01 1.839573696255805135e-01 6.932577248265325842e-01 7.140480033344270838e-01 6.127392368127494438e-01 5.183155164191262099e-01 1.827275584067446501e-01 7.772637569638515265e-01 3.208231209454589505e-01 5.101549383048344932e-01 6.012711178782220722e-01 5.083370830021909370e-01 5.131475410319590313e-01 8.783638217694684780e-01 7.213885818815981565e-01
4.810282376868645349e-01 4.638471473608963280e-01 7.503451556443546666e-01 6.279750847918900147e-01 7.398668503370906535e-01 3.953270116684095559e-01 4.304617353118942447e-01 6.967686771453952543e-01 3.389825062597889849e-01 6.393915401674585830e-01 2.518894835594498449e-01 4.654063645358718082e-01 5.134998686670715351e-01 6.121142148709123321e-01 4.694516613174593012e-01 8.060033455932388291e-01 7.223749513190476090e-01 0.000000000000000000e+00 2.429885618427755078e-01 3.466100672377964709e-01 1.213770629726429462e-01 5.662135598985330587e-01 6.861223141494416922e-01 2.457186977471075284e-01 6.876736176882307650e-01 3.823359814131319090e-01 8.127088053600022288e-01 3.167868763739186688e-01 7.780687218835036223e-01 5.733427758010289921e-01 6.431513370233050697e-01 7.483452814337792081e-01 3.763462626155730795e-01 4.847935687806104177e-01 5.045000013576914633e-01
3.172261090266940697e-01 6.810271397962587292e-01 5.874874875990077072e-01 1.430558529476867458e-01 7.471459367654289530e-01 5.707340715587344571e-01 4.341136323139119790e-01 1.707714836094230693e-01 3.928263671643741350e-01 5.594751189396598434e-01 4.728139988579627695e-01 8.041966119992414175e-01 6.809780347609982742e-01 8.635243941955352831e-01 2.628541398924686412e-01 5.993092740685355135e-01 5.081038161758594240e-01 2.429885618427755078e-01 0.000000000000000000e+00 3.204201417213681236e-02 3.876899021770795484e-01 4.908340658040520887e-01 3.565092418692362708e-01 5.675700935817367121e-01 9.498591768892906684e-01 7.928249560599485157e-01 6.706704663979290437e-01 4.295631606076152353e-01 7.317896112751200999e-01 8.149193020308085345e-01 4.086949562150229420e-01 5.272361038273860601e-01 8.394873754941567512e-02 7.525664335151434070e-01 6.441732991580216838e-01
3.088031643374067325e-02 6.242987014547600744e-01 3.375241916361104710e-01 4.320910345336132496e-01 4.085492141367048635e-01 5.500119107031611332e-01 6.755735037780978836e-01 2.340516197267207277e-01 7.893922816612943816e-01 4.897320677201969508e-01 8.582316656136046440e-02 1.887788542537302550e-01 3.775883324942884700e-01 3.072637883103421230e-01 3.456356777123050783e-01 4.459192381429420426e-01 2.129169693138759367e-01 3.466100672377964709e-01 3.204201417213681236e-02 0.000000000000000000e+00 8.436501690234041728e-01 3.869246465684205161e-01 7.829943468977165200e-01 8.431429968656396490e-01 5.334183526080977789e-01 7.386859888948962283e-01 3.019045568830381887e-01 2.585672158609695348e-01 6.615675831602216839e-01 4.054365077962858166e-01 3.758392473918389376e-01 1.895686832058128823e-01 6.146651670062236450e-01 3.993491895186843110e-01 8.543421793226915195e-01
7.316516580391148050e-01 5.192967362180146429e-01 3.263066994215515493e-01 5.533504423934157979e-01 3.860711820081657031e-01 6.494697324551320650e-01 4.786700723690870962e-01 3.440654340222071284e-01 2.860416622759504035e-01 6.631199858223010279e-01 3.219675706549127714e-01 3.871368046646216365e-01 8.633481586487512516e-01 5.079664005172298546e-01 3.800593043565635432e-01 3.053864995337490784e-01 6.384526279082912703e-01 1.213770629726429462e-01 3.876899021770795484e-01 8.436501690234041728e-01 0.000000000000000000e+00 5.112925393425276077e-01 5.259338899735066519e-01 3.587277893395537931e-01 4.422597552996803127e-01 5.195452417443819915e-01 5.643306468101013662e-01 1.368009612020043564e-01 1.660787448751406270e-01 5.834101684548445022e-01 5.494793492298273296e-01 3.670651879035270460e-01 1.488926604830036471e-01 1.702726069425499755e-01 5.200393320278769993e-01
7.775243862617245982e-01 9.439183101840870060e-02 6.013973838245719739e-01 2.936152776036947687e-01 7.756850961731299732e-01 4.817684702938317409e-01 3.055655687019916966e-01 6.709369090217469633e-01 1.940353481707156602e-01 3.420844976469762377e-01 4.225332022988507186e-01 3.933541738737966198e-01 5.937300410014589858e-01 7.233352161422784699e-01 5.171404953057634479e-01 4.913832059863505464e-01 1.839573696255805135e-01 5.662135598985330587e-01 4.908340658040520887e-01 3.869246465684205161e-01 5.112925393425276077e-01 0.000000000000000000e+00 5.719363747155735700e-01 1.228173992255678915e-01 7.704353897380835647e-01 3.308866702267483362e-01 7.405314936743666587e-01 6.760418533936847219e-01 4.527158305238410119e-01 5.117167575488403841e-01 4.849945240569902838e-01 7.683826721072325450e-01 5.554222733677023349e-01 7.594683621807767349e-01 1.409102974467443259e-01
7.425169494972702067e-01 8.903121549655408362e-01 4.303444823839565059e-01 3.950316277777015661e-01 4.357770252678460077e-01 7.767507576341030617e-01 8.273138573000065055e-01 6.983873219293956769e-01 7.859700544186274396e-01 3.055417158751915219e-01 4.216485926437594789e-01 8.654064698773364928e-01 4.391023630643777764e-01 2.806985907138054293e-01 3.937463815296509129e-01 6.497429857749834614e-01 6.932577248265325842e-01 6.861223141494416922e-01 3.565092418692362708e-01 7.829943468977165200e-01 5.259338899735066519e-01 5.719363747155735700e-01 0.000000000000000000e+00 5.071081329379738545e-01 6.118886573694675146e-01 7.124833554953509118e-01 2.134546108742376713e-01 6.822379127624811357e-01 3.578086766517824535e-01 4.925640701991140791e-01 4.920625041241374342e-01 5.004987724842892005e-01 7.739680113276026230e-01 7.924932833296445267e-01 4.013561991069873325e-01
1.893955384912915374e-01 5.653551205737151752e-01 7.624807989512982775e-01 6.610264914764027999e-01 6.927184283046724511e-01 4.675915213550516647e-01 4.161958855689973369e-01 5.234402856603408427e-01 3.874588568096777319e-01 8.133263154626676483e-01 6.837572855151226037e-01 5.911788840775608067e-01 6.192566120912375016e-01 4.285420060928483155e-01 5.081754910128325475e-01 7.355949518354407690e-01 7.140480033344270838e-01 2.457186977471075284e-01 5.675700935817367121e-01 8.431429968656396490e-01 3.587277893395537931e-01 1.228173992255678915e-01 5.071081329379738545e-01 0.000000000000000000e+00 3.908403214688683791e-01 1.245927249547152948e-01 6.280926819721066590e-01 2.101527767522095580e-01 5.665356212468355412e-01 6.791602329715669129e-01 1.324189484478546230e-01 3.756936360609358094e-01 6.087384342126302972e-01 9.083061069562952117e-01 6.117480499558936025e-01
1.327626563576161933e-01 4.943209481345468004e-01 6.594726938605119937e-01 9.669584534416381105e-01 5.569899823102044678e-01 8.794907951734018958e-01 5.912087081687558143e-01 8.910698152010697592e-01 8.404429941952518135e-01 5.602464135528423261e-01 4.152160741113927744e-01 7.930008074536505358e-01 6.425965675427591783e-02 3.510734191619968581e-01 5.630005479654129896e-01 2.850752818027048052e-01 6.127392368127494438e-01 6.876736176882307650e-01 9.498591768892906684e-01 5.334183526080977789e-01 4.422597552996803127e-01 7.704353897380835647e-01 6.118886573694675146e-01 3.908403214688683791e-01 0.000000000000000000e+00 4.973654976019172835e-01 8.751568942874111690e-01 4.804925065470196377e-01 3.961711595590268198e-01 4.755896605324073656e-01 6.646801663479144917e-01 4.563566360241740893e-01 1.435048540285835950e-01 9.315773836122798190e-02 4.003195885181106695e-01
2.474263541376788833e-01 4.436121493501890556e-01 4.163740322953947137e-01 6.535645165750326724e-01 3.885286822628313264e-01 2.504736281204692494e-01 5.862027451377738174e-01 1.665347290556512538e-01 3.011826048776989340e-01 3.885326176310560098e-01 1.711603063757449750e-02 4.113797783545595221e-01 8.284450279327664202e-01 7.898148556319048996e-01 8.587209465278389242e-01 1.486195088623600280e-01 5.183155164191262099e-01 3.823359814131319090e-01 7.928249560599485157e-01 7.386859888948962283e-01 5.195452417443819915e-01 3.308866702267483362e-01 7.124833554953509118e-01 1.245927249547152948e-01 4.973654976019172835e-01 0.000000000000000000e+00 6.156530127254716822e-01 3.204608855490737596e-01 6.048678171768395728e-02 4.125928894222460896e-01 4.153638534984370745e-01 2.478536502076729153e-01 8.959240312674494611e-01 3.670028982160775666e-01 4.302131213866182136e-01
4.928224326966424429e-01 5.600966295187825850e-01 7.025946695835250111e-02 5.086808435587979460e-01 1.839472241070791436e-01 4.748753931120478500e-01 5.639967694818365240e-01 2.800261417894182037e-01 8.404279123636784199e-01 8.730260064962236388e-01 3.042284332893909760e-01 6.879956935022261133e-01 8.936897964270555939e-01 2.310971451857662395e-01 5.495677550352445762e-01 7.103079041802234928e-01 1.827275584067446501e-01 8.127088053600022288e-01 6.706704663979290437e-01 3.019045568830381887e-01 5.643306468101013662e-01 7.405314936743666587e-01 2.134546108742376713e-01 6.280926819721066590e-01 8.751568942874111690e-01 6.156530127254716822e-01 0.000000000000000000e+00 5.216084855906987228e-01 4.999191838682017774e-01 1.509075786457343415e-01 7.789838213123922994e-02 3.714609140577931345e-01 2.801128230777230610e-01 9.731724805223995745e-01 7.459937197338826209e-01
6.812204930343445097e-01 6.241788139487929321e-01 5.266670083600694108e-01 5.553463937530949135e-01 6.668136327551068554e-01 2.219427676560518092e-01 3.892869029871203757e-01 6.995932899653187764e-01 1.080273871462307245e-01 7.583247615724215684e-01 5.553352051661057942e-01 3.623791805471176519e-01 3.829643107967272142e-01 7.731328408483150172e-01 3.342527373774962229e-01 3.507864693127135114e-01 7.772637569638515265e-01 3.167868763739186688e-01 4.295631606076152353e-01 2.585672158609695348e-01 1.368009612020043564e-01 6.760418533936847219e-01 6.822379127624811357e-01 2.101527767522095580e-01 4.804925065470196377e-01 3.204608855490737596e-01 5.216084855906987228e-01 0.000000000000000000e+00 6.512203718791425011e-01 4.380355606026767323e-01 4.891064752113464253e-01 7.723870610211402976e-01 7.945979717736699754e-01 5.439193227252088203e-01 4.564057829826259072e-01
4.500451825017713903e-01 2.547080069772242883e-01 4.609786344645019351e-01 4.403124756495359060e-01 6.362636521873517026e-01 8.435246570153356327e-01 1.642889773220121974e-01 5.087914392731516244e-01 5.547046619153064295e-01 7.646197280612806457e-01 4.269017430811274938e-01 2.825407310809696648e-01 8.037874661593913395e-01 4.788193154383106886e-01 6.339656574754958251e-01 8.308474265400260794e-01 3.208231209454589505e-01 7.780687218835036223e-01 7.317896112751200999e-01 6.615675831602216839e-01 1.660787448751406270e-01 4.527158305238410119e-01 3.578086766517824535e-01 5.665356212468355412e-01 3.961711595590268198e-01 6.048678171768395728e-02 4.999191838682017774e-01 6.512203718791425011e-01 0.000000000000000000e+00 3.275853922974586441e-01 9.080993494442199943e-01 6.358248626610574217e-01 6.546446621756054629e-01 5.927022647174309267e-01 6.851493867151914330e-01
7.245471404684888928e-01 6.005887829471499018e-01 5.569432016448592204e-01 3.173280696571649795e-01 2.766026304303993433e-01 8.013352076283164482e-01 5.944766247972925743e-01 3.945431095811361422e-01 6.183167774011153472e-01 2.475227120601460329e-01 8.906498732859480238e-01 8.763671124491205777e-01 6.215016848535489524e-01 1.443610011756265576e-01 6.554947176812712106e-01 3.562572677904868312e-01 5.101549383048344932e-01 5.733427758010289921e-01 8.149193020308085345e-01 4.054365077962858166e-01 5.834101684548445022e-01 5.117167575488403841e-01 4.925640701991140791e-01 6.791602329715669129e-01 4.755896605324073656e-01 4.125928894222460896e-01 1.509075786457343415e-01 4.380355606026767323e-01 3.275853922974586441e-01 0.000000000000000000e+00 7.361345160306977942e-01 6.402636379703907643e-01 4.677762313287377460e-01 6.419874190041534590e-01 8.345693028966350013e-02
4.710501199218978252e-01 6.521244452374967970e-01 4.773689774676923570e-01 2.609222366617777178e-01 3.626617458401137917e-01 6.675762022504021509e-01 6.612582498493859706e-01 5.506149546599814482e-01 5.074611355728688711e-01 2.611578689662300001e-01 4.796965958508488392e-01 2.260559137589474021e-01 4.764491708514622115e-01 8.140956802345454824e-01 2.262637974425504295e-01 3.281686151407459673e-01 6.012711178782220722e-01 6.431513370233050697e-01 4.086949562150229420e-01 3.758392473918389376e-01 5.494793492298273296e-01 4.849945240569902838e-01 4.920625041241374342e-01 1.324189484478546230e-01 6.646801663479144917e-01 4.153638534984370745e-01 7.789838213123922994e-02 4.891064752113464253e-01 9.080993494442199943e-01 7.361345160306977942e-01 0.000000000000000000e+00 8.305489680616094939e-01 2.100065697067381443e-01 8.190552223808280630e-01 4.247912162087590371e-01
6.032534000108258354e-02 7.332642055780786983e-01 7.269854846560683814e-01 4.325156451375840039e-01 8.778927303938978133e-01 6.307639208964710420e-01 4.820529941540308005e-01 4.972432828533668858e-01 7.935659961491745573e-01 9.686803581626828308e-01 3.887733105411182999e-01 6.991375406215216692e-01 7.244998363393700958e-01 8.422263023006413274e-01 6.000493263938972976e-01 3.426011522021252254e-01 5.083370830021909370e-01 7.483452814337792081e-01 5.272361038273860601e-01 1.895686832058128823e-01 3.670651879035270460e-01 7.683826721072325450e-01 5.004987724842892005e-01 3.756936360609358094e-01 4.563566360241740893e-01 2.478536502076729153e-01 3.714609140577931345e-01 7.723870610211402976e-01 6.358248626610574217e-01 6.402636379703907643e-01 8.305489680616094939e-01 0.000000000000000000e+00 1.909005338340898916e-01 2.533033271795873675e-01 9.176393576615882175e-02
1.777832073006908598e-01 7.694143506538326793e-01 3.576184037069597421e-01 4.193407688363035568e-01 1.354555575573377357e-01 6.155958635995218975e-01 3.667697712346066341e-01 1.210662412526426479e-01 5.936389717756657136e-01 4.889965404904403345e-01 1.287452730669471634e-01 5.115583294987362528e-01 5.204671133549658713e-01 5.019395338392929062e-01 1.448040307127761439e-01 1.809921029634583567e-01 5.131475410319590313e-01 3.763462626155730795e-01 8.394873754941567512e-02 6.146651670062236450e-01 1.488926604830036471e-01 5.554222733677023349e-01 7.739680113276026230e-01 6.087384342126302972e-01 1.435048540285835950e-01 8.959240312674494611e-01 2.801128230777230610e-01 7.945979717736699754e-01 6.546446621756054629e-01 4.677762313287377460e-01 2.100065697067381443e-01 1.909005338340898916e-01 0.000000000000000000e+00 5.193185061161097460e-01 1.689547073600666804e-01
1.142280299890473527e-01 4.665583767658256775e-01 3.903300452387732378e-01 6.267997119208542633e-01 1.155468511544621713e-01 2.737502870956461942e-01 4.766100136361535733e-01 2.694143548221025197e-01 4.258318834036124434e-01 2.316188904390862335e-01 4.135059517181148836e-01 5.711339751252207941e-01 7.480233020717677039e-01 7.564497998137950097e-01 4.351201223518232908e-01 5.891474820938279455e-01 8.783638217694684780e-01 4.847935687806104177e-01 7.525664335151434070e-01 3.993491895186843110e-01 1.702726069425499755e-01 7.594683621807767349e-01 7.924932833296445267e-01 9.083061069562952117e-01 9.315773836122798190e-02 3.670028982160775666e-01 9.731724805223995745e-01 5.439193227252088203e-01 5.927022647174309267e-01 6.419874190041534590e-01 8.190552223808280630e-01 2.533033271795873675e-01 5.193185061161097460e-01 0.000000000000000000e+00 4.220507579473832260e-01
2.946216312189583464e-01 4.626369745904306274e-01 4.492395447189574398e-01 1.314196934602379629e-01 7.394123314677338854e-01 5.676159117200498816e-01 4.241646048985838191e-01 4.980883982128136989e-01 5.943291570505162547e-01 5.290640989092876278e-01 5.824828729948614559e-01 9.425281704906065539e-01 6.383025607121554090e-01 3.436684201973645991e-01 1.952098480854653761e-01 4.795507305829009304e-01 7.213885818815981565e-01 5.045000013576914633e-01 6.441732991580216838e-01 8.543421793226915195e-01 5.200393320278769993e-01 1.409102974467443259e-01 4.013561991069873325e-01 6.117480499558936025e-01 4.003195885181106695e-01 4.302131213866182136e-01 7.459937197338826209e-01 4.564057829826259072e-01 6.851493867151914330e-01 8.345693028966350013e-02 4.247912162087590371e-01 9.176393576615882175e-02 1.689547073600666804e-01 4.220507579473832260e-01 0.000000000000000000e+00
