0.000000000000000000e+00 2.378831584029583723e-01 5.458734235358153608e-01 5.148526135579583052e-01 5.238359436275668024e-01 7.823501638939367453e-02 2.059192120275140647e-01 5.422532102657630082e-01 5.067960684613035394e-01 5.598862245410896055e-01 6.618391654197053331e-01 3.999906980640943743e-01 5.086133224568910594e-01 3.660058252487843888e-01 4.039096060017795531e-01 6.164963574210630126e-01 6.082634573018571578e-01 4.012112563324206072e-01 5.247531459028509371e-01 5.571037464850390197e-01 8.117482150487635995e-01 1.605823339981686804e-01 8.169121920066024778e-01 2.722583985051664213e-01 5.876292313462269101e-01 1.669954568309277576e-01 7.839828281555162315e-01 6.912034806052418379e-01 2.287395271072579783e-01 4.187233402984628095e-01 5.454935374807688975e-01 2.435306646680285292e-01 3.418981395422777125e-01 5.294244017880216369e-01 2.364868188925175474e-01
2.378831584029583723e-01 0.000000000000000000e+00 3.904651426072763831e-01 3.007453743832794180e-01 5.845886500246837425e-01 2.275795645909289844e-01 2.276881650535143020e-01 5.347994798164911190e-01 8.949997419869850646e-01 6.053699767905355023e-01 7.386241726695990106e-01 3.998935908359791958e-01 5.624922289234746131e-01 5.609775490119650598e-01 1.498322302430614705e-01 4.547381621447438294e-01 1.454042886714954630e-01 4.831346874775254707e-01 4.829876100077469814e-01 6.566347676028236879e-01 1.912971370331653098e-01 8.819928823166613974e-01 4.852337324721424094e-01 6.961409315639175421e-01 7.497584365792946404e-01 3.066677266397349610e-01 4.831800516534304757e-01 2.115262913481389395e-01 3.178632943767367713e-02 5.406999579731338601e-01 2.685682662740838111e-01 4.089694715590989071e-01 7.270993977032560451e-01 8.422169699279455912e-01 1.280703664310984813e-01
5.458734235358153608e-01 3.904651426072763831e-01 0.000000000000000000e+00 4.579283278226677911e-01 8.336473161715657332e-01 3.346099133048870966e-01 3.742167469681272340e-01 8.696344369868822533e-01 8.788667854265498347e-01 4.536966451884761886e-01 5.096013119799673863e-01 3.204257750627687029e-01 7.143947869444817744e-01 4.319341017584251152e-01 1.757634393169521525e-01 2.075952643243691997e-01 4.450544559739661454e-01 1.870535635768227345e-01 6.646964202068910144e-01 5.968232446965362481e-01 7.721415997397050868e-01 8.568632072434005931e-01 8.875992759113351394e-01 8.251419688178045497e-01 6.642245453791058019e-01 3.793369409356880384e-01 4.256552644438772459e-01 3.871606505616331240e-01 5.085097721275864124e-01 1.522588921596584877e-01 3.818993283293545815e-01 3.096995875916122576e-01 1.417127950847429929e-02 8.304121950414344866e-02 3.451138548941979911e-01
5.148526135579583052e-01 3.007453743832794180e-01 4.579283278226677911e-01 0.000000000000000000e+00 4.020509187173851862e-01 7.115015703056369878e-01 4.983897271598071166e-01 5.746785397495756120e-01 5.124821828428016701e-01 1.692991543172072122e-01 4.297709017164252909e-02 1.850423350710332926e-01 5.828648039863738584e-01 4.679730799296578647e-01 4.509103990510807125e-01 4.322235264063638005e-01 6.766078539544351234e-01 3.181283792475235184e-01 4.776204833590529386e-01 1.128849844480985798e-01 4.853974475908550690e-01 2.474622459656479756e-01 7.387041528681598246e-01 7.686297161840662806e-01 1.786051632311812520e-01 5.428289163502205694e-01 8.064183393570849567e-01 3.435771021089341071e-01 3.550622751025959145e-01 5.116188773204286555e-01 4.409116504734050257e-01 6.396552041670111599e-02 1.376935791065615478e-01 1.057413906869164588e-01 4.641578141236505917e-01
5.238359436275668024e-01 5.845886500246837425e-01 8.336473161715657332e-01 4.020509187173851862e-01 0.000000000000000000e+00 9.224466235763120192e-01 4.240431087763078533e-01 3.873902928640552412e-01 4.545813563830608528e-01 6.132574046358618691e-02 4.413295685561860471e-01 4.327103084460455218e-01 4.043442098100288318e-01 7.280872034924057434e-01 4.352424782814350301e-01 6.650151823537264750e-01 3.316354061454444557e-01 5.838789986150720868e-01 5.304110533000472305e-01 5.081405514088201958e-01 8.963045095939687901e-01 8.660428849836461218e-01 1.833415472815294045e-01 5.650422056742537835e-01 5.703687930478220647e-01 7.878286092524247053e-01 5.658810210809900321e-01 1.558334941462944379e-01 3.096458648784290446e-01 1.454830396924319258e-01 6.436084150916678848e-01 6.978593448315077996e-01 5.019628349322446947e-02 7.203609264577102156e-01 8.067650173579978823e-01
7.823501638939367453e-02 2.275795645909289844e-01 3.346099133048870966e-01 7.115015703056369878e-01 9.224466235763120192e-01 0.000000000000000000e+00 5.703171800312374362e-01 1.824403242005242509e-01 2.513527441117372474e-01 5.222567592934722613e-01 7.936933841777624732e-01 4.409965318396121270e-01 6.134929048398420903e-01 3.917352972755646090e-01 8.777281415784335961e-01 2.437559634630803718e-01 2.191066916603925385e-01 2.018323074438899134e-01 4.410793960379333356e-01 5.966251798154011965e-01 8.513347534211086476e-01 1.949655030948826973e-01 6.686967763671152198e-01 7.167178776086206016e-01 6.768876718201272125e-01 2.265560862509407580e-01 4.102498722106615037e-01 2.169148521559448595e-01 6.675531802465719533e-01 3.489149308840705510e-01 6.299309017139865796e-01 5.677527226929184323e-01 7.355747791082976050e-01 5.969107694834525635e-01 3.520509241282162027e-01
2.059192120275140647e-01 2.276881650535143020e-01 3.742167469681272340e-01 4.983897271598071166e-01 4.240431087763078533e-01 5.703171800312374362e-01 0.000000000000000000e+00 5.736626137446942941e-01 7.409504230510681744e-01 5.937351342811705290e-01 7.061596555782280182e-01 5.170780180566869610e-01 7.170968173794488587e-01 4.434788551194243089e-01 4.423567069625508608e-01 4.171965765823328343e-01 7.126564969774770164e-01 3.680725343251508019e-01 8.877498175341307363e-01 4.230163139523909210e-01 5.587543335413354129e-01 8.791213140410687465e-01 5.105063734532122588e-01 7.162905720653034436e-01 1.978700200815871058e-01 5.192228844301471913e-01 7.399467348774316777e-01 5.699511964293861865e-01 7.876247886497795836e-01 4.447608407165191680e-01 3.845483085772659626e-01 5.736034548471264927e-01 1.742540432897975444e-01 6.015633697022115811e-01 6.610193636474175349e-01
5.422532102657630082e-01 5.347994798164911190e-01 8.696344369868822533e-01 5.746785397495756120e-01 3.873902928640552412e-01 1.824403242005242509e-01 5.736626137446942941e-01 0.000000000000000000e+00 2.435122724486790124e-01 8.323275888386479915e-01 6.789375881974306637e-01 1.965205972161496728e-01 8.876168727531494884e-01 1.079904425852665772e-01 8.000727392484079381e-01 2.682541395576200083e-01 8.228692942335050775e-01 4.062959675979962437e-01 5.615093127423036456e-01 1.789952563156639309e-01 2.040827671376674868e-01 4.956037273115399544e-01 7.416764940103592885e-02 2.151243777988675054e-01 6.072734462719042714e-01 3.164958903355943320e-01 6.288090494826952259e-01 3.482262682923852326e-01 8.835675802163569514e-01 2.263708710131485669e-01 6.590569061179563093e-02 2.277862283133088583e-01 8.969886706721175162e-02 7.661455932281329151e-01 5.353503126224661290e-01
5.067960684613035394e-01 8.949997419869850646e-01 8.788667854265498347e-01 5.124821828428016701e-01 4.545813563830608528e-01 2.513527441117372474e-01 7.409504230510681744e-01 2.435122724486790124e-01 0.000000000000000000e+00 4.123521965527894295e-01 7.298708999200554937e-01 4.778149829802516013e-01 4.758312708454542905e-01 5.300534224004830319e-01 4.376052001369870603e-01 3.531985475763015359e-01 4.236852508973977249e-01 4.766117585793901434e-01 8.262582100720184952e-01 1.892131171365313835e-01 3.557067074983185639e-01 1.830439140139619170e-01 7.055483310575669798e-01 4.968781891858799482e-01 6.406780870926942484e-01 4.146413365989013444e-01 2.813054892890581860e-01 2.846178890258347360e-01 5.701631994014775273e-01 4.882504245181419344e-01 5.571382538074695079e-01 9.863967071823442900e-02 3.956732787027346099e-01 6.097795982543778859e-01 5.896724653858547160e-01
5.598862245410896055e-01 6.053699767905355023e-01 4.536966451884761886e-01 1.692991543172072122e-01 6.132574046358618691e-02 5.222567592934722613e-01 5.937351342811705290e-01 8.323275888386479915e-01 4.123521965527894295e-01 0.000000000000000000e+00 7.259151277769104738e-01 8.526827615219989553e-01 3.929636847000892441e-01 6.769044301639839389e-01 4.964151132462984450e-01 4.951776902935121072e-01 3.580562239703912741e-01 1.565389585796110872e-01 6.190289413197536117e-01 3.225233450077821251e-01 5.616114654743374901e-01 9.274368440960367721e-01 2.696483611544544523e-01 2.750662511516971387e-01 9.003857445832279538e-01 4.753326654003746099e-01 5.086202031739885943e-01 5.729826571615819208e-01 6.281465891211533981e-01 5.497954996893099633e-01 3.373222523039982601e-01 5.222019673971427522e-01 3.861435757800358859e-01 7.165708481951913456e-01 2.418489710531024350e-01
6.618391654197053331e-01 7.386241726695990106e-01 5.096013119799673863e-01 4.297709017164252909e-02 4.413295685561860471e-01 7.936933841777624732e-01 7.061596555782280182e-01 6.789375881974306637e-01 7.298708999200554937e-01 7.259151277769104738e-01 0.000000000000000000e+00 3.894035882959097639e-01 2.069986285761239442e-01 3.466667717876408261e-01 8.145574856850799073e-01 1.099454922752148844e-01 6.685402986830919492e-01 6.643495475966281205e-01 2.500344582831806051e-01 7.489931880088100957e-01 8.397896200028740488e-01 4.380967441306107268e-01 7.715514993841436908e-01 8.583074021003902487e-01 3.310393141553740204e-01 6.760767934968883175e-01 2.104796003161565343e-01 8.481369022182596584e-01 2.649535832680066649e-01 8.535554968887177907e-01 5.218982714074853480e-01 3.238364344575647702e-01 8.712174589567258653e-01 1.094827856478877148e-01 7.181174183057243976e-01
3.999906980640943743e-01 3.998935908359791958e-01 3.204257750627687029e-01 1.850423350710332926e-01 4.327103084460455218e-01 4.409965318396121270e-01 5.170780180566869610e-01 1.965205972161496728e-01 4.778149829802516013e-01 8.526827615219989553e-01 3.894035882959097639e-01 0.000000000000000000e+00 2.839260650609863879e-01 5.378742559488793873e-01 4.919244240093512133e-02 4.461910857765347682e-01 5.972466088004406704e-01 6.262458861410263866e-01 5.336430045036191228e-01 3.355714307745234493e-01 8.394093832566416058e-01 2.496671515295603161e-01 3.645582950475148021e-01 6.395080839767921521e-01 7.920933134865170144e-01 9.364978311182385884e-01 5.674185962266801164e-01 6.335634822946460964e-01 4.984942958853179618e-01 3.432658275944849846e-01 9.497926318917169208e-01 6.788270129820186405e-01 3.890496684421173024e-01 3.571269440275687268e-01 5.014904791561869413e-01
5.086133224568910594e-01 5.624922289234746131e-01 7.143947869444817744e-01 5.828648039863738584e-01 4.043442098100288318e-01 6.134929048398420903e-01 7.170968173794488587e-01 8.876168727531494884e-01 4.758312708454542905e-01 3.929636847000892441e-01 2.069986285761239442e-01 2.839260650609863879e-01 0.000000000000000000e+00 8.081574984065150735e-01 5.377852202793227399e-01 1.094417158648475219e-01 7.345767659417108408e-01 5.634153509893662370e-01 9.904813393118550024e-01 7.708833223101567711e-01 2.733407452278263094e-01 3.706535023597951617e-01 7.865771586393512926e-01 8.105206526580318593e-01 9.837550410800521838e-01 3.955027097344909759e-02 5.514074365888568252e-01 6.426068890518429333e-01 4.429004091319758141e-01 5.355161232757104095e-01 6.480924489945689704e-01 5.393642937698339690e-01 3.964634033197835805e-01 9.392358669322464770e-01 7.608345464201344832e-01
3.660058252487843888e-01 5.609775490119650598e-01 4.319341017584251152e-01 4.679730799296578647e-01 7.280872034924057434e-01 3.917352972755646090e-01 4.434788551194243089e-01 1.079904425852665772e-01 5.300534224004830319e-01 6.769044301639839389e-01 3.466667717876408261e-01 5.378742559488793873e-01 8.081574984065150735e-01 0.000000000000000000e+00 5.733656456467020046e-01 3.118213976988279956e-01 5.905620940888072212e-01 4.873287707057742391e-01 5.239986809160253056e-01 5.058302627375629301e-01 6.544485782171602928e-01 8.285876246115022603e-01 4.458364355306626559e-01 3.321314370632084678e-01 4.093369726795542674e-01 5.829742331891529794e-02 6.692005906603328835e-01 5.672612340618551352e-01 6.276332289868247205e-01 2.411320716918194385e-01 4.063650313372305645e-01 2.790476085926253957e-01 1.885470224347681190e-01 3.800444890608541959e-01 9.199474908482592195e-01
4.039096060017795531e-01 1.498322302430614705e-01 1.757634393169521525e-01 4.509103990510807125e-01 4.352424782814350301e-01 8.777281415784335961e-01 4.423567069625508608e-01 8.000727392484079381e-01 4.376052001369870603e-01 4.964151132462984450e-01 8.145574856850799073e-01 4.919244240093512133e-02 5.377852202793227399e-01 5.733656456467020046e-01 0.000000000000000000e+00 5.559156239309182013e-01 5.174993480259819645e-01 6.059460176404674048e-01 8.794095656182241427e-01 6.836274237962844946e-01 5.050708130375833882e-01 5.247519423575160991e-01 7.475693854051335130e-01 4.560169134891787213e-01 8.945297482201917116e-01 4.531405379973943437e-01 6.698647771588672750e-01 4.749423883734738561e-01 3.070299018692805859e-01 6.059798424440929754e-01 8.883295142045587456e-01 2.118520213069249314e-01 7.214009448866067764e-01 4.576421028408454994e-01 5.807344071519173756e-01
6.164963574210630126e-01 4.547381621447438294e-01 2.075952643243691997e-01 4.322235264063638005e-01 6.650151823537264750e-01 2.437559634630803718e-01 4.171965765823328343e-01 2.682541395576200083e-01 3.531985475763015359e-01 4.951776902935121072e-01 1.099454922752148844e-01 4.461910857765347682e-01 1.094417158648475219e-01 3.118213976988279956e-01 5.559156239309182013e-01 0.000000000000000000e+00 1.147358020361919362e-01 5.609317087948277880e-01 6.209401108736359864e-01 4.392358550162783204e-01 2.843618970176973182e-01 2.516640803171797947e-01 3.028551146259340632e-01 4.701946343012298746e-01 2.139676884047407857e-01 8.660257993240479957e-01 5.529702865701877634e-01 2.218829037823114581e-01 8.121106487976643695e-01 4.087510360752190097e-01 6.226961165324986780e-01 6.034973872766374869e-01 7.282043376468562146e-01 4.203375886048102417e-01 7.136457553659498743e-01
6.082634573018571578e-01 1.454042886714954630e-01 4.450544559739661454e-01 6.766078539544351234e-01 3.316354061454444557e-01 2.191066916603925385e-01 7.126564969774770164e-01 8.228692942335050775e-01 4.236852508973977249e-01 3.580562239703912741e-01 6.685402986830919492e-01 5.972466088004406704e-01 7.345767659417108408e-01 5.905620940888072212e-01 5.174993480259819645e-01 1.147358020361919362e-01 0.000000000000000000e+00 8.904723568031061021e-01 3.430256912711487916e-01 7.244882608458416140e-01 5.814757698638666206e-01 2.395412001202414931e-01 5.643765753118321626e-01 5.880526881330064848e-01 9.054771771335701214e-02 1.866584805429621907e-01 3.168962998424487143e-01 6.781088864199553701e-01 4.866816589079435706e-01 4.130839764318956497e-01 5.084706132959002645e-01 4.272579673308959936e-01 4.264968878017130760e-01 6.500157810200026809e-01 2.408613035728283114e-01
4.012112563324206072e-01 4.831346874775254707e-01 1.870535635768227345e-01 3.181283792475235184e-01 5.838789986150720868e-01 2.018323074438899134e-01 3.680725343251508019e-01 4.062959675979962437e-01 4.766117585793901434e-01 1.565389585796110872e-01 6.643495475966281205e-01 6.262458861410263866e-01 5.634153509893662370e-01 4.873287707057742391e-01 6.059460176404674048e-01 5.609317087948277880e-01 8.904723568031061021e-01 0.000000000000000000e+00 2.596069258204719565e-01 1.026154789219140273e-01 3.771990990006969802e-01 6.367764208261168513e-01 4.066927588036542973e-01 8.378939050803144717e-01 4.178153233855138038e-01 8.758923236869711193e-01 4.179208795622937345e-01 1.389921328745811202e-01 5.805151956801822832e-01 3.822267050480327999e-01 3.634705073303028389e-01 4.033816920749854762e-01 3.303048111425477273e-01 6.361216954030539661e-01 3.476451047410547002e-01
5.247531459028509371e-01 4.829876100077469814e-01 6.646964202068910144e-01 4.776204833590529386e-01 5.304110533000472305e-01 4.410793960379333356e-01 8.877498175341307363e-01 5.615093127423036456e-01 8.262582100720184952e-01 6.190289413197536117e-01 2.500344582831806051e-01 5.336430045036191228e-01 9.904813393118550024e-01 5.239986809160253056e-01 8.794095656182241427e-01 6.209401108736359864e-01 3.430256912711487916e-01 2.596069258204719565e-01 0.000000000000000000e+00 5.659281208502582317e-01 5.810348685357764609e-01 7.758534326169492790e-01 1.291584137687995515e-02 2.102535407048082283e-01 6.935390150773704798e-01 1.536472687935401815e-01 3.150941411235460565e-01 5.957139527615590291e-01 7.144596228506852054e-01 8.339329177547627481e-01 2.671764118013214562e-01 1.222309297905289638e-01 8.097718033828091855e-01 6.922246473606400441e-01 2.366180780058406707e-01
5.571037464850390197e-01 6.566347676028236879e-01 5.968232446965362481e-01 1.128849844480985798e-01 5.081405514088201958e-01 5.966251798154011965e-01 4.230163139523909210e-01 1.789952563156639309e-01 1.892131171365313835e-01 3.225233450077821251e-01 7.489931880088100957e-01 3.355714307745234493e-01 7.708833223101567711e-01 5.058302627375629301e-01 6.836274237962844946e-01 4.392358550162783204e-01 7.244882608458416140e-01 1.026154789219140273e-01 5.659281208502582317e-01 0.000000000000000000e+00 3.834627785669970645e-01 1.663788420145889679e-01 6.222825653777842581e-01 3.385483281564217739e-01 3.326252437304082488e-01 4.513686606814147906e-01 5.812858937045515262e-01 2.219479007046074592e-01 5.993281074005949449e-01 9.485464675792386613e-01 7.024736194229174169e-01 4.388276205424658793e-01 5.688739070519525098e-01 5.613982904870693513e-01 6.282242690341898195e-01
8.117482150487635995e-01 1.912971370331653098e-01 7.721415997397050868e-01 4.853974475908550690e-01 8.963045095939687901e-01 8.513347534211086476e-01 5.587543335413354129e-01 2.040827671376674868e-01 3.557067074983185639e-01 5.616114654743374901e-01 8.397896200028740488e-01 8.394093832566416058e-01 2.733407452278263094e-01 6.544485782171602928e-01 5.050708130375833882e-01 2.843618970176973182e-01 5.814757698638666206e-01 3.771990990006969802e-01 5.810348685357764609e-01 3.834627785669970645e-01 0.000000000000000000e+00 3.892442658860791882e-01 4.615624142296160803e-01 4.017126413460450629e-01 8.329998671169016600e-01 4.530665494083859768e-01 9.090332181472644546e-01 1.752957270072538765e-01 3.818913633494054882e-01 6.711013781583057280e-01 4.934377781432333632e-01 6.556317253703694004e-01 4.955666207504237364e-01 6.050787285457218667e-01 1.435966204213183772e-01
1.605823339981686804e-01 8.819928823166613974e-01 8.568632072434005931e-01 2.474622459656479756e-01 8.660428849836461218e-01 1.949655030948826973e-01 8.791213140410687465e-01 4.956037273115399544e-01 1.830439140139619170e-01 9.274368440960367721e-01 4.380967441306107268e-01 2.496671515295603161e-01 3.706535023597951617e-01 8.285876246115022603e-01 5.247519423575160991e-01 2.516640803171797947e-01 2.395412001202414931e-01 6.367764208261168513e-01 7.758534326169492790e-01 1.663788420145889679e-01 3.892442658860791882e-01 0.000000000000000000e+00 5.961781467778155541e-01 3.113867901088062107e-01 3.412405221606761296e-01 6.032454470651829048e-01 3.426725391565264012e-01 3.447453905188130330e-01 5.642109806554946871e-01 5.956576144388431304e-01 3.592616294221886442e-01 7.368122464561404072e-01 3.767423457933020137e-01 2.999750198314555805e-01 8.356215052301436685e-01
8.169121920066024778e-01 4.852337324721424094e-01 8.875992759113351394e-01 7.387041528681598246e-01 1.833415472815294045e-01 6.686967763671152198e-01 5.105063734532122588e-01 7.416764940103592885e-02 7.055483310575669798e-01 2.696483611544544523e-01 7.715514993841436908e-01 3.645582950475148021e-01 7.865771586393512926e-01 4.458364355306626559e-01 7.475693854051335130e-01 3.028551146259340632e-01 5.643765753118321626e-01 4.066927588036542973e-01 1.291584137687995515e-02 6.222825653777842581e-01 4.615624142296160803e-01 5.961781467778155541e-01 0.000000000000000000e+00 7.762487623731297859e-01 4.051828419128470915e-01 1.707668764249882232e-01 3.154224522206322545e-01 7.593669240071579951e-01 4.488160729674492977e-01 5.928118654507676943e-01 6.203808580322300870e-01 2.111454090792321270e-01 1.691952871082326171e-01 8.659223280206169715e-01 5.328700325360130607e-01
2.722583985051664213e-01 6.961409315639175421e-01 8.251419688178045497e-01 7.686297161840662806e-01 5.650422056742537835e-01 7.167178776086206016e-01 7.162905720653034436e-01 2.151243777988675054e-01 4.968781891858799482e-01 2.750662511516971387e-01 8.583074021003902487e-01 6.395080839767921521e-01 8.105206526580318593e-01 3.321314370632084678e-01 4.560169134891787213e-01 4.701946343012298746e-01 5.880526881330064848e-01 8.378939050803144717e-01 2.102535407048082283e-01 3.385483281564217739e-01 4.017126413460450629e-01 3.113867901088062107e-01 7.762487623731297859e-01 0.000000000000000000e+00 5.533230680333282026e-01 6.670540821369262963e-01 8.380804027974788628e-01 7.710351915229169961e-01 2.826932360456931859e-01 1.885467598219404683e-01 6.141947292292073701e-01 2.534083433354483716e-01 5.504145399088301582e-01 5.680233488680874743e-01 2.674151006619114312e-01
5.876292313462269101e-01 7.497584365792946404e-01 6.642245453791058019e-01 1.786051632311812520e-01 5.703687930478220647e-01 6.768876718201272125e-01 1.978700200815871058e-01 6.072734462719042714e-01 6.406780870926942484e-01 9.003857445832279538e-01 3.310393141553740204e-01 7.920933134865170144e-01 9.837550410800521838e-01 4.093369726795542674e-01 8.945297482201917116e-01 2.139676884047407857e-01 9.054771771335701214e-02 4.178153233855138038e-01 6.935390150773704798e-01 3.326252437304082488e-01 8.329998671169016600e-01 3.412405221606761296e-01 4.051828419128470915e-01 5.533230680333282026e-01 0.000000000000000000e+00 7.931100575597487268e-01 5.281640859528277110e-01 1.474479092799771962e-01 5.705610605621631581e-01 5.365751194914107902e-01 1.397863818550006965e-01 3.519113744759779783e-01 9.189906079374123848e-01 1.550592373798000967e-01 1.395102577031472890e-01
1.669954568309277576e-01 3.066677266397349610e-01 3.793369409356880384e-01 5.428289163502205694e-01 7.878286092524247053e-01 2.265560862509407580e-01 5.192228844301471913e-01 3.164958903355943320e-01 4.146413365989013444e-01 4.753326654003746099e-01 6.760767934968883175e-01 9.364978311182385884e-01 3.955027097344909759e-02 5.829742331891529794e-02 4.531405379973943437e-01 8.660257993240479957e-01 1.866584805429621907e-01 8.758923236869711193e-01 1.536472687935401815e-01 4.513686606814147906e-01 4.530665494083859768e-01 6.032454470651829048e-01 1.707668764249882232e-01 6.670540821369262963e-01 7.931100575597487268e-01 0.000000000000000000e+00 6.738348596673620072e-01 4.707672040843184913e-01 4.850011483150012959e-01 3.882127693821372239e-01 2.322464869183408220e-01 6.191029423612990357e-01 7.867833056827073790e-01 2.405556019815777713e-01 2.218523115580885996e-01
7.839828281555162315e-01 4.831800516534304757e-01 4.256552644438772459e-01 8.064183393570849567e-01 5.658810210809900321e-01 4.102498722106615037e-01 7.399467348774316777e-01 6.288090494826952259e-01 2.813054892890581860e-01 5.086202031739885943e-01 2.104796003161565343e-01 5.674185962266801164e-01 5.514074365888568252e-01 6.692005906603328835e-01 6.698647771588672750e-01 5.529702865701877634e-01 3.168962998424487143e-01 4.179208795622937345e-01 3.150941411235460565e-01 5.812858937045515262e-01 9.090332181472644546e-01 3.426725391565264012e-01 3.154224522206322545e-01 8.380804027974788628e-01 5.281640859528277110e-01 6.738348596673620072e-01 0.000000000000000000e+00 3.558378029479878357e-01 6.282443243673418998e-01 4.104232672742111898e-01 4.334285355768411341e-01 4.422640766829704639e-01 8.060387651394482766e-01 2.690864097391286180e-01 2.649749628745118879e-01
6.912034806052418379e-01 2.115262913481389395e-01 3.871606505616331240e-01 3.435771021089341071e-01 1.558334941462944379e-01 2.169148521559448595e-01 5.699511964293861865e-01 3.482262682923852326e-01 2.846178890258347360e-01 5.729826571615819208e-01 8.481369022182596584e-01 6.335634822946460964e-01 6.426068890518429333e-01 5.672612340618551352e-01 4.749423883734738561e-01 2.218829037823114581e-01 6.781088864199553701e-01 1.389921328745811202e-01 5.957139527615590291e-01 2.219479007046074592e-01 1.752957270072538765e-01 3.447453905188130330e-01 7.593669240071579951e-01 7.710351915229169961e-01 1.474479092799771962e-01 4.707672040843184913e-01 3.558378029479878357e-01 0.000000000000000000e+00 5.516971319157628617e-01 7.815540212944042109e-01 2.228471495580469641e-01 4.567171783971958332e-01 8.884785455906116791e-01 8.644482500255301627e-01 3.773874376157991262e-01
2.287395271072579783e-01 3.178632943767367713e-02 5.085097721275864124e-01 3.550622751025959145e-01 3.096458648784290446e-01 6.675531802465719533e-01 7.876247886497795836e-01 8.835675802163569514e-01 5.701631994014775273e-01 6.281465891211533981e-01 2.649535832680066649e-01 4.984942958853179618e-01 4.429004091319758141e-01 6.276332289868247205e-01 3.070299018692805859e-01 8.121106487976643695e-01 4.866816589079435706e-01 5.805151956801822832e-01 7.144596228506852054e-01 5.993281074005949449e-01 3.818913633494054882e-01 5.642109806554946871e-01 4.488160729674492977e-01 2.826932360456931859e-01 5.705610605621631581e-01 4.850011483150012959e-01 6.282443243673418998e-01 5.516971319157628617e-01 0.000000000000000000e+00 1.521870453701789083e-01 2.910928535139573059e-01 3.418474597594303166e-01 3.185209503929185004e-01 5.924693414147602644e-01 4.711192517676441316e-01
4.187233402984628095e-01 5.406999579731338601e-01 1.522588921596584877e-01 5.116188773204286555e-01 1.454830396924319258e-01 3.489149308840705510e-01 4.447608407165191680e-01 2.263708710131485669e-01 4.882504245181419344e-01 5.497954996893099633e-01 8.535554968887177907e-01 3.432658275944849846e-01 5.355161232757104095e-01 2.411320716918194385e-01 6.059798424440929754e-01 4.087510360752190097e-01 4.130839764318956497e-01 3.822267050480327999e-01 8.339329177547627481e-01 9.485464675792386613e-01 6.711013781583057280e-01 5.956576144388431304e-01 5.928118654507676943e-01 1.885467598219404683e-01 5.365751194914107902e-01 3.882127693821372239e-01 4.104232672742111898e-01 7.815540212944042109e-01 1.521870453701789083e-01 0.000000000000000000e+00 8.597761774996953710e-01 3.560564230577790146e-01 3.986821736872821487e-01 8.085746871474293052e-01 5.097341042498240160e-01
5.454935374807688975e-01 2.685682662740838111e-01 3.818993283293545815e-01 4.409116504734050257e-01 6.436084150916678848e-01 6.299309017139865796e-01 3.845483085772659626e-01 6.590569061179563093e-02 5.571382538074695079e-01 3.373222523039982601e-01 5.218982714074853480e-01 9.497926318917169208e-01 6.480924489945689704e-01 4.063650313372305645e-01 8.883295142045587456e-01 6.226961165324986780e-01 5.084706132959002645e-01 3.634705073303028389e-01 2.671764118013214562e-01 7.024736194229174169e-01 4.934377781432333632e-01 3.592616294221886442e-01 6.203808580322300870e-01 6.141947292292073701e-01 1.397863818550006965e-01 2.322464869183408220e-01 4.334285355768411341e-01 2.228471495580469641e-01 2.910928535139573059e-01 8.597761774996953710e-01 0.000000000000000000e+00 7.081045321590313524e-01 5.047426620990105306e-01 5.563642406676622132e-01 3.602826247774146839e-01
2.435306646680285292e-01 4.089694715590989071e-01 3.096995875916122576e-01 6.396552041670111599e-02 6.978593448315077996e-01 5.677527226929184323e-01 5.736034548471264927e-01 2.277862283133088583e-01 9.863967071823442900e-02 5.222019673971427522e-01 3.238364344575647702e-01 6.788270129820186405e-01 5.393642937698339690e-01 2.790476085926253957e-01 2.118520213069249314e-01 6.034973872766374869e-01 4.272579673308959936e-01 4.033816920749854762e-01 1.222309297905289638e-01 4.388276205424658793e-01 6.556317253703694004e-01 7.368122464561404072e-01 2.111454090792321270e-01 2.534083433354483716e-01 3.519113744759779783e-01 6.191029423612990357e-01 4.422640766829704639e-01 4.567171783971958332e-01 3.418474597594303166e-01 3.560564230577790146e-01 7.081045321590313524e-01 0.000000000000000000e+00 4.254442075818238300e-01 4.109480631158678454e-01 3.873265114951321419e-01
3.418981395422777125e-01 7.270993977032560451e-01 1.417127950847429929e-02 1.376935791065615478e-01 5.019628349322446947e-02 7.355747791082976050e-01 1.742540432897975444e-01 8.969886706721175162e-02 3.956732787027346099e-01 3.861435757800358859e-01 8.712174589567258653e-01 3.890496684421173024e-01 3.964634033197835805e-01 1.885470224347681190e-01 7.214009448866067764e-01 7.282043376468562146e-01 4.264968878017130760e-01 3.303048111425477273e-01 8.097718033828091855e-01 5.688739070519525098e-01 4.955666207504237364e-01 3.767423457933020137e-01 1.691952871082326171e-01 5.504145399088301582e-01 9.189906079374123848e-01 7.867833056827073790e-01 8.060387651394482766e-01 8.884785455906116791e-01 3.185209503929185004e-01 3.986821736872821487e-01 5.047426620990105306e-01 4.254442075818238300e-01 0.000000000000000000e+00 2.182426499179735968e-01 5.143291125395167418e-01
5.294244017880216369e-01 8.422169699279455912e-01 8.304121950414344866e-02 1.057413906869164588e-01 7.203609264577102156e-01 5.969107694834525635e-01 6.015633697022115811e-01 7.661455932281329151e-01 6.097795982543778859e-01 7.165708481951913456e-01 1.094827856478877148e-01 3.571269440275687268e-01 9.392358669322464770e-01 3.800444890608541959e-01 4.576421028408454994e-01 4.203375886048102417e-01 6.500157810200026809e-01 6.361216954030539661e-01 6.922246473606400441e-01 5.613982904870693513e-01 6.050787285457218667e-01 2.999750198314555805e-01 8.659223280206169715e-01 5.680233488680874743e-01 1.550592373798000967e-01 2.405556019815777713e-01 2.690864097391286180e-01 8.644482500255301627e-01 5.924693414147602644e-01 8.085746871474293052e-01 5.563642406676622132e-01 4.109480631158678454e-01 2.182426499179735968e-01 0.000000000000000000e+00 6.521279677857356738e-01
2.364868188925175474e-01 1.280703664310984813e-01 3.451138548941979911e-01 4.641578141236505917e-01 8.067650173579978823e-01 3.520509241282162027e-01 6.610193636474175349e-01 5.353503126224661290e-01 5.896724653858547160e-01 2.418489710531024350e-01 7.181174183057243976e-01 5.014904791561869413e-01 7.608345464201344832e-01 9.199474908482592195e-01 5.807344071519173756e-01 7.136457553659498743e-01 2.408613035728283114e-01 3.476451047410547002e-01 2.366180780058406707e-01 6.282242690341898195e-01 1.435966204213183772e-01 8.356215052301436685e-01 5.328700325360130607e-01 2.674151006619114312e-01 1.395102577031472890e-01 2.218523115580885996e-01 2.649749628745118879e-01 3.773874376157991262e-01 4.711192517676441316e-01 5.097341042498240160e-01 3.602826247774146839e-01 3.873265114951321419e-01 5.143291125395167418e-01 6.521279677857356738e-01 0.000000000000000000e+00
