0.000000000000000000e+00 7.417911002053729774e-01 8.422562619529883055e-01 6.854430785025076300e-01 5.011736680732973293e-01 6.138981538018689621e-01 4.404931703197825787e-01 4.955812610099304960e-01 4.970239937524840723e-01 8.891031486071769852e-01 5.421857017705730142e-01 5.727076950718733572e-01 5.112460727704851715e-01 9.688979552494387804e-01 8.183312619287440581e-01 6.665983716138835780e-01 7.026757804304484267e-01 5.635991973676377498e-01 7.955003441387913377e-01 6.481191300638380337e-01 1.809133779874652070e-01 6.938043380299472318e-01 6.372652512278691450e-01 4.675034008607530378e-01 9.038809275514547714e-01 4.475573342520601794e-01 5.568726551186410356e-01 4.944148746615391055e-01 8.426545661328368464e-01 3.639495261915491886e-01 5.367197372997136728e-01 8.161135471337579439e-01 7.449771078647189348e-01 6.832183068054540342e-01 8.947276104509060968e-01
7.417911002053729774e-01 0.000000000000000000e+00 5.492316130721818235e-01 1.338790975090212720e-01 4.387919341952016827e-01 4.119193466860218700e-01 2.132919772380421630e-01 5.816174441145847140e-01 5.599179935898732641e-01 7.295980571467498565e-01 6.039463170744258091e-01 4.006204577432390668e-01 9.023256683153577651e-01 6.908305130767363744e-01 1.683790257342265839e-01 6.471685347879905237e-01 4.418300684127152156e-01 5.732526703999375473e-01 7.358188486563650432e-01 4.490503798562843207e-01 9.260179804615389365e-01 7.279747685722068873e-01 4.401142325554699974e-01 5.627357529882470732e-01 4.678139761464829571e-01 6.493551072832510762e-01 3.594463658553070928e-02 5.721063267008035247e-01 5.572628836762705262e-01 7.502483656583421867e-01 2.137522614317745595e-01 6.049414624040814203e-01 7.059753084680426838e-01 4.065510685772200095e-01 4.244668120942174383e-01
8.422562619529883055e-01 5.492316130721818235e-01 0.000000000000000000e+00 5.508557674827212480e-01 5.120659100424647114e-01 7.140760128383178973e-01 8.086624510463833460e-01 2.760101911807067987e-01 5.873649474469626597e-01 8.514177857683991046e-01 3.701889581678584062e-01 6.708596949842758894e-01 6.625805462940410617e-01 5.975176328307063578e-01 7.463792820928583094e-01 3.201639978508957762e-01 5.288934449297950646e-01 4.396114661887784436e-02 7.484937521454626541e-02 3.427214862001380924e-01 6.893047109530807681e-01 3.981147822790563895e-01 2.103738771101896221e-01 1.147138319264154882e-01 7.959711922101203596e-01 4.112706924043307843e-01 1.671083014096659269e-01 2.577491170663636089e-01 5.840027319868228428e-01 8.225704287442754392e-01 5.272088546673484588e-01 5.933575136852753396e-01 3.524965979081380318e-01 4.651420585567039856e-01 8.689166032580153409e-02
6.854430785025076300e-01 1.338790975090212720e-01 5.508557674827212480e-01 0.000000000000000000e+00 7.689846578997063808e-01 4.944827116021260904e-01 2.957480940969686167e-01 4.086985314976843142e-01 3.749456584278885174e-01 6.836791822502785720e-01 8.747719221301230030e-01 6.557731708507623658e-01 5.109395064827729760e-01 8.278428526998498072e-01 4.558034666265916579e-01 1.783567085888313475e-01 7.399527012900897205e-01 7.612915814585523577e-01 3.446256948798729347e-01 5.338427828532766872e-01 3.755262661011807834e-01 3.499793135834453617e-01 3.002766518732817858e-01 7.910090453971392321e-01 7.050395769946604663e-02 8.602076105076346124e-01 4.150088949909656044e-01 4.041547038296444128e-01 7.972248455965262881e-01 4.370187048295620658e-01 4.418206720568140788e-01 6.630990313520361834e-01 4.708767661397629811e-01 3.992907216907825019e-01 7.951158277710858036e-01
5.011736680732973293e-01 4.387919341952016827e-01 5.120659100424647114e-01 7.689846578997063808e-01 0.000000000000000000e+00 1.461000809194435979e-01 4.842117973587998225e-01 6.710604698726593265e-01 7.420592450287928354e-01 7.902497592849231367e-01 8.752445420764385364e-01 6.670486212137786142e-01 6.924721679861671753e-01 6.867540507114332504e-01 1.788359847018043958e-01 5.416180495959029839e-01 5.258955462489705024e-01 5.278892627402822502e-01 5.059551524799722477e-01 5.372632820949130306e-02 5.113512635135460949e-01 3.050561983642509079e-01 2.950548263098752289e-01 8.746915663471073188e-01 4.352591180747312216e-01 6.987377025939673914e-01 5.427493000440861692e-01 2.313020704814501838e-01 7.264822078685609918e-01 5.860232124495056150e-01 5.962999244160661627e-01 7.994252670237196323e-01 6.135994772472195269e-01 4.159230134231908793e-01 5.846819177564597236e-01
6.138981538018689621e-01 4.119193466860218700e-01 7.140760128383178973e-01 4.944827116021260904e-01 1.461000809194435979e-01 0.000000000000000000e+00 3.265220632396492739e-02 6.693502549699804627e-01 8.138893707022978319e-01 8.559819355215966263e-01 6.311682662187640958e-01 9.289294918135202472e-01 4.643765393592286239e-01 2.404072102156105117e-01 3.432681376338260204e-01 4.114638140222843798e-01 1.108026727432309677e-01 8.415223741278319292e-01 5.592293635670593233e-01 5.711316214459699614e-01 8.303678521177628724e-01 3.707987938048962206e-01 4.959770908827741964e-01 6.299322854374538316e-01 4.752950098647356625e-01 4.401140234864116541e-01 5.438035069391051746e-01 7.944161737665424994e-01 3.410723118392534614e-01 5.179994804008709597e-01 5.557418786150953860e-01 3.494406131276426297e-01 8.201520507866072451e-01 4.841993753711042459e-01 8.685439374513290733e-01
4.404931703197825787e-01 2.132919772380421630e-01 8.086624510463833460e-01 2.957480940969686167e-01 4.842117973587998225e-01 3.265220632396492739e-02 0.000000000000000000e+00 5.149366417222892567e-01 6.945280999682170719e-01 3.957076452706554948e-01 6.106867788753522763e-01 2.931062865621386626e-01 3.289942998823233711e-01 3.111035693280261860e-01 6.077377396160805745e-01 2.079052398123460987e-01 6.398005653612861554e-01 2.954010396862174481e-01 6.494282006734337642e-01 4.930645184456984298e-01 6.057407090950747142e-01 1.855285970537825513e-01 6.675109940177031964e-01 3.852080498287262511e-01 5.469949828534456104e-01 3.176575029624920110e-01 4.173165952272426260e-01 5.461563545097587458e-01 8.538201284232398436e-01 3.301624949424043498e-01 6.770939215901099484e-01 9.746041744117002192e-01 8.950913196801537630e-01 3.366762540167900220e-01 8.003144120126536309e-01
4.955812610099304960e-01 5.816174441145847140e-01 2.760101911807067987e-01 4.086985314976843142e-01 6.710604698726593265e-01 6.693502549699804627e-01 5.149366417222892567e-01 0.000000000000000000e+00 6.872253301540979242e-01 8.160217822706947732e-01 6.203471605436021719e-01 6.677146725328415577e-01 5.727203522976298533e-01 6.465156732823196251e-01 3.293036332217771367e-01 2.188852380920349727e-01 7.939871792462450673e-01 4.900913401105976841e-01 4.934704338190216699e-01 6.332038292239935418e-01 6.264793876747543067e-01 5.272045791176311891e-01 5.612882913456378464e-01 4.072969825250781772e-01 4.882487560957317618e-01 7.678494624980607419e-01 5.330168721686292521e-01 8.639512965732503158e-01 6.529909258519568382e-01 7.173100542839430105e-01 9.555482858995412165e-01 6.795525119905116984e-01 7.752874863589709342e-01 4.184636115992791394e-01 9.134618611785780828e-01
4.970239937524840723e-01 5.599179935898732641e-01 5.873649474469626597e-01 3.749456584278885174e-01 7.420592450287928354e-01 8.138893707022978319e-01 6.945280999682170719e-01 6.872253301540979242e-01 0.000000000000000000e+00 3.652810829183268382e-01 4.864384634225147330e-01 6.570497528464307457e-01 3.769137946477341128e-01 5.504125064646091525e-01 4.828387871102725604e-01 7.998292651155565203e-01 9.018470060660612742e-01 3.923287183399048472e-01 5.224629979231958377e-01 7.639419089639791771e-01 4.298885264191919520e-01 8.679781287998526995e-01 5.487007646621568924e-01 5.421333886849685202e-01 3.291591353644507389e-02 6.568381409492592971e-01 8.740138597331702508e-01 8.989127301941484127e-01 5.502108541916399531e-01 4.785407639166135985e-01 8.100852639308501191e-01 9.724741259930291815e-02 5.592293835296162641e-01 5.098265250730638076e-01 6.021882684048358580e-01
8.891031486071769852e-01 7.295980571467498565e-01 8.514177857683991046e-01 6.836791822502785720e-01 7.902497592849231367e-01 8.559819355215966263e-01 3.957076452706554948e-01 8.160217822706947732e-01 3.652810829183268382e-01 0.000000000000000000e+00 3.856393846893736987e-01 5.273402332078398480e-01 8.686983812609710975e-01 7.953939586982829990e-01 5.271019167197277255e-02 4.364239760452122141e-01 9.307464195477879176e-01 6.177980640665193812e-01 4.767305426735762297e-01 9.632611989174477696e-01 6.030764926684433203e-01 4.146861242456455487e-01 6.260318418341672686e-01 5.356412778246899542e-01 5.494093187306967607e-01 5.850533397273661729e-01 6.819488821571052517e-01 6.970456066007038043e-01 5.984399886193841889e-01 4.754074618014320075e-01 9.195889588889921695e-01 1.713284869530595222e-01 4.624895792168084441e-01 7.486636019522310281e-01 1.733768378785720543e-01
5.421857017705730142e-01 6.039463170744258091e-01 3.701889581678584062e-01 8.747719221301230030e-01 8.752445420764385364e-01 6.311682662187640958e-01 6.106867788753522763e-01 6.203471605436021719e-01 4.864384634225147330e-01 3.856393846893736987e-01 0.000000000000000000e+00 8.204832208200524279e-01 4.857882647082730765e-01 6.669589424455775184e-01 7.835806891884290470e-01 4.985992504548311111e-01 3.343893570621709888e-01 3.909685419681968588e-01 7.055015954052611393e-01 6.871110465576897308e-01 4.432204049867410900e-01 4.588186186992921356e-01 6.297408593484855599e-01 4.584064391872330613e-01 8.416409707805205809e-02 5.793923536809585384e-01 5.566267830363146318e-01 6.525012785109036706e-01 3.614170973610959514e-01 3.832664534947665125e-01 3.093161269125812018e-01 8.477110515711490102e-01 7.927393068828867406e-01 6.491225061060336143e-01 3.909814805372905377e-01
5.727076950718733572e-01 4.006204577432390668e-01 6.708596949842758894e-01 6.557731708507623658e-01 6.670486212137786142e-01 9.289294918135202472e-01 2.931062865621386626e-01 6.677146725328415577e-01 6.570497528464307457e-01 5.273402332078398480e-01 8.204832208200524279e-01 0.000000000000000000e+00 7.788524169366852767e-01 6.820200543972366747e-01 8.177786284172434694e-01 5.620632904949851572e-01 3.349465871905333847e-01 5.597002228159292381e-01 8.317785728671251988e-01 8.469266312365619775e-01 5.447239242682242466e-01 5.728303966389162172e-01 5.042774593805910976e-01 3.674019528750503971e-01 6.857184375309781643e-01 6.774702897411359892e-01 7.797209606931641002e-01 4.412693436393171353e-01 7.429639742470055541e-01 4.612848876693998457e-01 3.912258098536200990e-01 8.627012062278622828e-01 5.789633189914910050e-01 3.309582026979223657e-01 3.254644276893023935e-01
5.112460727704851715e-01 9.023256683153577651e-01 6.625805462940410617e-01 5.109395064827729760e-01 6.924721679861671753e-01 4.643765393592286239e-01 3.289942998823233711e-01 5.727203522976298533e-01 3.769137946477341128e-01 8.686983812609710975e-01 4.857882647082730765e-01 7.788524169366852767e-01 0.000000000000000000e+00 3.887636074755507765e-01 9.610616462757125555e-01 2.826847021215047606e-01 8.183429076367918498e-01 8.295078006406724214e-01 7.460522125311314090e-01 7.358827126552789366e-01 4.715447157521726607e-01 5.528786706656543259e-01 5.609535385576376321e-01 4.286829227846610801e-01 9.444062938193554801e-01 5.722042019485691355e-01 7.155685295049188932e-01 4.705083274631834400e-01 6.680386834021452280e-01 3.395237970294525121e-01 2.816908814294281083e-01 3.556537407471720424e-01 4.337727305324612370e-01 6.243158051300570222e-01 2.008424474943057980e-01
9.688979552494387804e-01 6.908305130767363744e-01 5.975176328307063578e-01 8.278428526998498072e-01 6.867540507114332504e-01 2.404072102156105117e-01 3.111035693280261860e-01 6.465156732823196251e-01 5.504125064646091525e-01 7.953939586982829990e-01 6.669589424455775184e-01 6.820200543972366747e-01 3.887636074755507765e-01 0.000000000000000000e+00 5.628308543199602720e-01 8.181891690861349264e-01 5.646782804999561645e-01 4.926942954513831019e-01 1.626909738922320825e-01 4.968990155916407914e-01 4.219633859104362505e-01 3.542256757867650041e-01 8.069793768555366675e-01 5.729417298207807319e-01 7.182324737738678966e-01 1.236696910676393646e-01 9.435031803746755097e-01 4.098923358663263961e-01 7.250271818403630775e-01 8.932009588157596713e-01 1.678918490658890539e-01 8.140897501022175131e-01 7.264724524181604970e-01 6.828637465396931727e-01 5.337884717588174954e-01
8.183312619287440581e-01 1.683790257342265839e-01 7.463792820928583094e-01 4.558034666265916579e-01 1.788359847018043958e-01 3.432681376338260204e-01 6.077377396160805745e-01 3.293036332217771367e-01 4.828387871102725604e-01 5.271019167197277255e-02 7.835806891884290470e-01 8.177786284172434694e-01 9.610616462757125555e-01 5.628308543199602720e-01 0.000000000000000000e+00 2.788127320849360102e-01 3.056389612467430572e-01 5.161573957064898854e-01 4.964984257928571898e-01 5.000038790213114925e-01 3.197814177740980757e-01 2.791562689836720734e-01 6.613331845898551276e-01 6.363500521745932836e-01 8.067541067144823330e-01 4.461295942625699840e-01 5.577890708411596954e-01 6.280727475502840829e-01 5.024537629240442005e-01 4.643979615059489197e-01 7.938446221109298762e-01 3.833956161063383772e-01 6.848248990091206911e-01 6.766539126855439790e-01 6.347755308004494612e-01
6.665983716138835780e-01 6.471685347879905237e-01 3.201639978508957762e-01 1.783567085888313475e-01 5.416180495959029839e-01 4.114638140222843798e-01 2.079052398123460987e-01 2.188852380920349727e-01 7.998292651155565203e-01 4.364239760452122141e-01 4.985992504548311111e-01 5.620632904949851572e-01 2.826847021215047606e-01 8.181891690861349264e-01 2.788127320849360102e-01 0.000000000000000000e+00 8.829779140776490287e-01 4.561346094965116338e-01 8.074602744175627400e-01 3.964608511964590742e-01 3.956899186874505703e-01 7.876677632102179194e-01 5.206974394335885936e-01 4.850069349985648981e-01 4.654174599528456135e-01 1.204311623945684140e-01 2.055765446535924301e-01 8.390252096965659101e-01 8.698915492424043050e-01 4.816716471742868988e-01 6.064469173572374361e-01 5.571281706696451508e-01 3.699172455596989595e-01 5.057942736927912852e-01 2.097056923140690476e-01
7.026757804304484267e-01 4.418300684127152156e-01 5.288934449297950646e-01 7.399527012900897205e-01 5.258955462489705024e-01 1.108026727432309677e-01 6.398005653612861554e-01 7.939871792462450673e-01 9.018470060660612742e-01 9.307464195477879176e-01 3.343893570621709888e-01 3.349465871905333847e-01 8.183429076367918498e-01 5.646782804999561645e-01 3.056389612467430572e-01 8.829779140776490287e-01 0.000000000000000000e+00 5.643206696360255625e-01 4.708445379202949033e-01 5.375749380271312994e-01 6.207824426395500694e-01 6.247105075219266945e-01 9.748766229020635610e-01 1.773549094419019090e-01 3.606756180373712484e-01 6.847280407142657399e-01 8.550309867845802270e-01 7.433258401840517893e-01 9.181197877442615063e-02 5.373048675643925520e-01 3.912389637131172271e-01 4.971339422277475384e-01 8.271206343334750466e-01 5.888325218514514070e-01 3.290411976739467947e-01
5.635991973676377498e-01 5.732526703999375473e-01 4.396114661887784436e-02 7.612915814585523577e-01 5.278892627402822502e-01 8.415223741278319292e-01 2.954010396862174481e-01 4.900913401105976841e-01 3.923287183399048472e-01 6.177980640665193812e-01 3.909685419681968588e-01 5.597002228159292381e-01 8.295078006406724214e-01 4.926942954513831019e-01 5.161573957064898854e-01 4.561346094965116338e-01 5.643206696360255625e-01 0.000000000000000000e+00 4.408036769890653073e-01 3.185827909628556887e-01 1.999939129973147822e-01 2.986742433612664671e-01 5.997543169150456599e-01 8.500927757271175000e-01 5.568049639417894658e-01 6.091389925267671757e-01 4.152175489497310634e-01 6.469486321571443765e-01 3.304951847818572430e-01 1.746598229031431915e-01 4.243281796115358495e-01 7.474513028438436457e-01 5.260358937686033798e-01 2.168430283804753667e-01 8.179429969297516978e-01
7.955003441387913377e-01 7.358188486563650432e-01 7.484937521454626541e-02 3.446256948798729347e-01 5.059551524799722477e-01 5.592293635670593233e-01 6.494282006734337642e-01 4.934704338190216699e-01 5.224629979231958377e-01 4.767305426735762297e-01 7.055015954052611393e-01 8.317785728671251988e-01 7.460522125311314090e-01 1.626909738922320825e-01 4.964984257928571898e-01 8.074602744175627400e-01 4.708445379202949033e-01 4.408036769890653073e-01 0.000000000000000000e+00 6.898366066885376346e-01 5.056968135140715859e-01 6.350054050419451368e-01 3.458620849983191636e-01 5.441712164393506246e-01 8.515627340520851574e-01 4.584376373814398331e-01 5.341321342969393982e-01 5.372495757103047387e-01 1.862117655661355009e-01 7.457290358359344173e-01 2.473179191338070737e-02 6.260557771998568333e-01 6.184078452684094174e-01 6.589916936050040919e-01 6.199698386361194302e-01
6.481191300638380337e-01 4.490503798562843207e-01 3.427214862001380924e-01 5.338427828532766872e-01 5.372632820949130306e-02 5.711316214459699614e-01 4.930645184456984298e-01 6.332038292239935418e-01 7.639419089639791771e-01 9.632611989174477696e-01 6.871110465576897308e-01 8.469266312365619775e-01 7.358827126552789366e-01 4.968990155916407914e-01 5.000038790213114925e-01 3.964608511964590742e-01 5.375749380271312994e-01 3.185827909628556887e-01 6.898366066885376346e-01 0.000000000000000000e+00 8.880570944196043426e-01 2.272408919011628392e-01 3.869434250461633029e-01 7.157397964301088766e-01 4.679953290572551050e-01 2.586692409727340269e-01 5.017857954959448197e-01 5.857344396046233470e-01 5.607476078817206222e-01 6.669938207096077765e-01 5.458134398966045797e-01 4.312088206976386062e-01 1.848969498137094658e-01 8.608135184446625843e-01 4.295659370346696648e-01
1.809133779874652070e-01 9.260179804615389365e-01 6.893047109530807681e-01 3.755262661011807834e-01 5.113512635135460949e-01 8.303678521177628724e-01 6.057407090950747142e-01 6.264793876747543067e-01 4.298885264191919520e-01 6.030764926684433203e-01 4.432204049867410900e-01 5.447239242682242466e-01 4.715447157521726607e-01 4.219633859104362505e-01 3.197814177740980757e-01 3.956899186874505703e-01 6.207824426395500694e-01 1.999939129973147822e-01 5.056968135140715859e-01 8.880570944196043426e-01 0.000000000000000000e+00 6.061652368938829083e-01 7.976440589811835125e-01 8.503654841201896408e-01 6.482485672652564812e-01 4.341486577097369848e-01 2.814167557865268621e-01 7.898233930476341591e-01 7.230573667777863145e-01 4.719554711161431104e-01 1.110099274794490443e-01 1.714009846232080192e-01 2.694665164130498614e-01 2.674561159686015266e-01 4.671153799503574566e-01
6.938043380299472318e-01 7.279747685722068873e-01 3.981147822790563895e-01 3.499793135834453617e-01 3.050561983642509079e-01 3.707987938048962206e-01 1.855285970537825513e-01 5.272045791176311891e-01 8.679781287998526995e-01 4.146861242456455487e-01 4.588186186992921356e-01 5.728303966389162172e-01 5.528786706656543259e-01 3.542256757867650041e-01 2.791562689836720734e-01 7.876677632102179194e-01 6.247105075219266945e-01 2.986742433612664671e-01 6.350054050419451368e-01 2.272408919011628392e-01 6.061652368938829083e-01 0.000000000000000000e+00 3.635054393514670079e-01 4.649137927223639943e-01 8.767365421864861119e-01 6.395400880502954966e-01 6.737920490027842213e-01 8.643942703637162994e-01 5.790445025933570466e-01 7.497346021394483140e-01 1.228809365393466191e-01 9.022425849671731335e-01 3.423059416852057835e-01 7.594190627535930549e-01 8.935523756669894180e-02
6.372652512278691450e-01 4.401142325554699974e-01 2.103738771101896221e-01 3.002766518732817858e-01 2.950548263098752289e-01 4.959770908827741964e-01 6.675109940177031964e-01 5.612882913456378464e-01 5.487007646621568924e-01 6.260318418341672686e-01 6.297408593484855599e-01 5.042774593805910976e-01 5.609535385576376321e-01 8.069793768555366675e-01 6.613331845898551276e-01 5.206974394335885936e-01 9.748766229020635610e-01 5.997543169150456599e-01 3.458620849983191636e-01 3.869434250461633029e-01 7.976440589811835125e-01 3.635054393514670079e-01 0.000000000000000000e+00 7.834026119300008251e-01 5.902246942487481274e-01 1.302813122237894694e-01 7.894207549115852540e-01 7.267567269456274293e-01 4.870587800638576659e-01 8.304874384913755181e-01 4.247807555341284180e-01 2.836254513240795694e-01 8.194984717459761203e-01 7.771894859435433123e-01 7.954769090061553083e-01
4.675034008607530378e-01 5.627357529882470732e-01 1.147138319264154882e-01 7.910090453971392321e-01 8.746915663471073188e-01 6.299322854374538316e-01 3.852080498287262511e-01 4.072969825250781772e-01 5.421333886849685202e-01 5.356412778246899542e-01 4.584064391872330613e-01 3.674019528750503971e-01 4.286829227846610801e-01 5.729417298207807319e-01 6.363500521745932836e-01 4.850069349985648981e-01 1.773549094419019090e-01 8.500927757271175000e-01 5.441712164393506246e-01 7.157397964301088766e-01 8.503654841201896408e-01 4.649137927223639943e-01 7.834026119300008251e-01 0.000000000000000000e+00 6.099325809881234184e-01 4.653667747612406647e-01 7.075123997994006153e-01 8.694045871296766093e-01 3.059397666516000536e-01 6.667071165244258246e-01 6.050607680569080049e-01 5.312518602505036380e-01 3.395209511377997313e-01 7.305315638463175665e-01 5.484253396596623364e-01
9.038809275514547714e-01 4.678139761464829571e-01 7.959711922101203596e-01 7.050395769946604663e-02 4.352591180747312216e-01 4.752950098647356625e-01 5.469949828534456104e-01 4.882487560957317618e-01 3.291591353644507389e-02 5.494093187306967607e-01 8.416409707805205809e-02 6.857184375309781643e-01 9.444062938193554801e-01 7.182324737738678966e-01 8.067541067144823330e-01 4.654174599528456135e-01 3.606756180373712484e-01 5.568049639417894658e-01 8.515627340520851574e-01 4.679953290572551050e-01 6.482485672652564812e-01 8.767365421864861119e-01 5.902246942487481274e-01 6.099325809881234184e-01 0.000000000000000000e+00 3.336713744346448962e-01 6.018042177012762339e-01 8.882157996091044616e-01 6.448269878319392578e-01 1.794057052542168407e-01 6.059607234019823707e-01 6.170671053585032872e-01 1.566130218165137089e-01 5.972015057116236703e-01 2.865742585778229268e-01
4.475573342520601794e-01 6.493551072832510762e-01 4.112706924043307843e-01 8.602076105076346124e-01 6.987377025939673914e-01 4.401140234864116541e-01 3.176575029624920110e-01 7.678494624980607419e-01 6.568381409492592971e-01 5.850533397273661729e-01 5.793923536809585384e-01 6.774702897411359892e-01 5.722042019485691355e-01 1.236696910676393646e-01 4.461295942625699840e-01 1.204311623945684140e-01 6.847280407142657399e-01 6.091389925267671757e-01 4.584376373814398331e-01 2.586692409727340269e-01 4.341486577097369848e-01 6.395400880502954966e-01 1.302813122237894694e-01 4.653667747612406647e-01 3.336713744346448962e-01 0.000000000000000000e+00 5.325602612851779716e-01 5.229235153354392374e-01 2.068749009221419466e-01 3.863393454800040927e-01 8.034409835200337913e-01 7.922898603193772038e-01 8.080053513461235015e-01 9.261469504497124028e-01 5.805756887894319984e-01
5.568726551186410356e-01 3.594463658553070928e-02 1.671083014096659269e-01 4.150088949909656044e-01 5.427493000440861692e-01 5.438035069391051746e-01 4.173165952272426260e-01 5.330168721686292521e-01 8.740138597331702508e-01 6.819488821571052517e-01 5.566267830363146318e-01 7.797209606931641002e-01 7.155685295049188932e-01 9.435031803746755097e-01 5.577890708411596954e-01 2.055765446535924301e-01 8.550309867845802270e-01 4.152175489497310634e-01 5.341321342969393982e-01 5.017857954959448197e-01 2.814167557865268621e-01 6.737920490027842213e-01 7.894207549115852540e-01 7.075123997994006153e-01 6.018042177012762339e-01 5.325602612851779716e-01 0.000000000000000000e+00 3.564392554162624238e-01 4.249280248369091684e-01 3.638858190865671416e-01 7.585069031893496572e-01 3.704845187876530388e-01 5.292204111783402887e-01 5.151272871207864812e-01 8.292811685702854430e-01
4.944148746615391055e-01 5.721063267008035247e-01 2.577491170663636089e-01 4.041547038296444128e-01 2.313020704814501838e-01 7.944161737665424994e-01 5.461563545097587458e-01 8.639512965732503158e-01 8.989127301941484127e-01 6.970456066007038043e-01 6.525012785109036706e-01 4.412693436393171353e-01 4.705083274631834400e-01 4.098923358663263961e-01 6.280727475502840829e-01 8.390252096965659101e-01 7.433258401840517893e-01 6.469486321571443765e-01 5.372495757103047387e-01 5.857344396046233470e-01 7.898233930476341591e-01 8.643942703637162994e-01 7.267567269456274293e-01 8.694045871296766093e-01 8.882157996091044616e-01 5.229235153354392374e-01 3.564392554162624238e-01 0.000000000000000000e+00 1.152658102312803523e-01 5.828327501514118936e-02 4.716670526882015824e-01 6.451699371591685939e-01 5.688453291036910109e-01 1.268181327778458156e-01 8.931548298274116782e-01
8.426545661328368464e-01 5.572628836762705262e-01 5.840027319868228428e-01 7.972248455965262881e-01 7.264822078685609918e-01 3.410723118392534614e-01 8.538201284232398436e-01 6.529909258519568382e-01 5.502108541916399531e-01 5.984399886193841889e-01 3.614170973610959514e-01 7.429639742470055541e-01 6.680386834021452280e-01 7.250271818403630775e-01 5.024537629240442005e-01 8.698915492424043050e-01 9.181197877442615063e-02 3.304951847818572430e-01 1.862117655661355009e-01 5.607476078817206222e-01 7.230573667777863145e-01 5.790445025933570466e-01 4.870587800638576659e-01 3.059397666516000536e-01 6.448269878319392578e-01 2.068749009221419466e-01 4.249280248369091684e-01 1.152658102312803523e-01 0.000000000000000000e+00 2.051540016467696681e-01 2.339002290154910402e-01 7.080173868089567613e-01 5.265955829781556741e-01 8.301423821700903982e-01 6.197681393584901777e-01
3.639495261915491886e-01 7.502483656583421867e-01 8.225704287442754392e-01 4.370187048295620658e-01 5.860232124495056150e-01 5.179994804008709597e-01 3.301624949424043498e-01 7.173100542839430105e-01 4.785407639166135985e-01 4.754074618014320075e-01 3.832664534947665125e-01 4.612848876693998457e-01 3.395237970294525121e-01 8.932009588157596713e-01 4.643979615059489197e-01 4.816716471742868988e-01 5.373048675643925520e-01 1.746598229031431915e-01 7.457290358359344173e-01 6.669938207096077765e-01 4.719554711161431104e-01 7.497346021394483140e-01 8.304874384913755181e-01 6.667071165244258246e-01 1.794057052542168407e-01 3.863393454800040927e-01 3.638858190865671416e-01 5.828327501514118936e-02 2.051540016467696681e-01 0.000000000000000000e+00 7.668154384769634291e-01 6.915277978866538611e-01 4.878894900085097852e-01 6.402607964249873440e-01 4.554604535107524832e-01
5.367197372997136728e-01 2.137522614317745595e-01 5.272088546673484588e-01 4.418206720568140788e-01 5.962999244160661627e-01 5.557418786150953860e-01 6.770939215901099484e-01 9.555482858995412165e-01 8.100852639308501191e-01 9.195889588889921695e-01 3.093161269125812018e-01 3.912258098536200990e-01 2.816908814294281083e-01 1.678918490658890539e-01 7.938446221109298762e-01 6.064469173572374361e-01 3.912389637131172271e-01 4.243281796115358495e-01 2.473179191338070737e-02 5.458134398966045797e-01 1.110099274794490443e-01 1.228809365393466191e-01 4.247807555341284180e-01 6.050607680569080049e-01 6.059607234019823707e-01 8.034409835200337913e-01 7.585069031893496572e-01 4.716670526882015824e-01 2.339002290154910402e-01 7.668154384769634291e-01 0.000000000000000000e+00 3.576887843424567670e-01 7.050378924258244862e-01 1.114278011794123113e-01 5.977852000282759537e-01
8.161135471337579439e-01 6.049414624040814203e-01 5.933575136852753396e-01 6.630990313520361834e-01 7.994252670237196323e-01 3.494406131276426297e-01 9.746041744117002192e-01 6.795525119905116984e-01 9.724741259930291815e-02 1.713284869530595222e-01 8.477110515711490102e-01 8.627012062278622828e-01 3.556537407471720424e-01 8.140897501022175131e-01 3.833956161063383772e-01 5.571281706696451508e-01 4.971339422277475384e-01 7.474513028438436457e-01 6.260557771998568333e-01 4.312088206976386062e-01 1.714009846232080192e-01 9.022425849671731335e-01 2.836254513240795694e-01 5.312518602505036380e-01 6.170671053585032872e-01 7.922898603193772038e-01 3.704845187876530388e-01 6.451699371591685939e-01 7.080173868089567613e-01 6.915277978866538611e-01 3.576887843424567670e-01 0.000000000000000000e+00 2.923430553355528261e-01 3.206612927279841041e-01 5.604192395596119258e-01
7.449771078647189348e-01 7.059753084680426838e-01 3.524965979081380318e-01 4.708767661397629811e-01 6.135994772472195269e-01 8.201520507866072451e-01 8.950913196801537630e-01 7.752874863589709342e-01 5.592293835296162641e-01 4.624895792168084441e-01 7.927393068828867406e-01 5.789633189914910050e-01 4.337727305324612370e-01 7.264724524181604970e-01 6.848248990091206911e-01 3.699172455596989595e-01 8.271206343334750466e-01 5.260358937686033798e-01 6.184078452684094174e-01 1.848969498137094658e-01 2.694665164130498614e-01 3.423059416852057835e-01 8.194984717459761203e-01 3.395209511377997313e-01 1.566130218165137089e-01 8.080053513461235015e-01 5.292204111783402887e-01 5.688453291036910109e-01 5.265955829781556741e-01 4.878894900085097852e-01 7.050378924258244862e-01 2.923430553355528261e-01 0.000000000000000000e+00 5.836788677288553551e-01 5.192309818078603145e-01
6.832183068054540342e-01 4.065510685772200095e-01 4.651420585567039856e-01 3.992907216907825019e-01 4.159230134231908793e-01 4.841993753711042459e-01 3.366762540167900220e-01 4.184636115992791394e-01 5.098265250730638076e-01 7.486636019522310281e-01 6.491225061060336143e-01 3.309582026979223657e-01 6.243158051300570222e-01 6.828637465396931727e-01 6.766539126855439790e-01 5.057942736927912852e-01 5.888325218514514070e-01 2.168430283804753667e-01 6.589916936050040919e-01 8.608135184446625843e-01 2.674561159686015266e-01 7.594190627535930549e-01 7.771894859435433123e-01 7.305315638463175665e-01 5.972015057116236703e-01 9.261469504497124028e-01 5.151272871207864812e-01 1.268181327778458156e-01 8.301423821700903982e-01 6.402607964249873440e-01 1.114278011794123113e-01 3.206612927279841041e-01 5.836788677288553551e-01 0.000000000000000000e+00 4.383825802304354702e-01
8.947276104509060968e-01 4.244668120942174383e-01 8.689166032580153409e-02 7.951158277710858036e-01 5.846819177564597236e-01 8.685439374513290733e-01 8.003144120126536309e-01 9.134618611785780828e-01 6.021882684048358580e-01 1.733768378785720543e-01 3.909814805372905377e-01 3.254644276893023935e-01 2.008424474943057980e-01 5.337884717588174954e-01 6.347755308004494612e-01 2.097056923140690476e-01 3.290411976739467947e-01 8.179429969297516978e-01 6.199698386361194302e-01 4.295659370346696648e-01 4.671153799503574566e-01 8.935523756669894180e-02 7.954769090061553083e-01 5.484253396596623364e-01 2.865742585778229268e-01 5.805756887894319984e-01 8.292811685702854430e-01 8.931548298274116782e-01 6.197681393584901777e-01 4.554604535107524832e-01 5.977852000282759537e-01 5.604192395596119258e-01 5.192309818078603145e-01 4.383825802304354702e-01 0.000000000000000000e+00
