0.000000000000000000e+00 5.792533881149346531e-01 6.664614077960051564e-01 2.220350927927940976e-01 9.401623507758960496e-02 7.536862451045674982e-01 5.556577304184060484e-01 9.590673299347136638e-01 1.865126573280908584e-01 8.209881071988547330e-01 8.609949596794751470e-01 5.557373016129689702e-01 4.384533650156084428e-01 5.662095563486568839e-01 8.762734132145764132e-01 3.697404859383915943e-01 8.044083726730559825e-01 8.770211659690848593e-01 3.201303324513757875e-01 4.372665519171526904e-01 3.506309644419362548e-01 7.369610452191834860e-01 3.997887205543055877e-01 7.411500716458746529e-01 7.286102751934373511e-01 5.206164633651069185e-01 6.254848210136089159e-01 2.431731036979077887e-01 3.948219630623195364e-01 4.528680271600811214e-01 9.356381013186676476e-02 4.552004226170354162e-01 7.616448563418276585e-01 4.985278094276653915e-01 4.276136071456813625e-01
5.792533881149346531e-01 0.000000000000000000e+00 8.296972663405164372e-01 5.387480249279121836e-01 3.821917681387708154e-01 7.830080230610528824e-01 4.805456047355842197e-01 7.960388876253987611e-01 2.834920051714184264e-01 6.089050982616328600e-01 6.617502782455950694e-01 6.917223348131262828e-02 5.435622766658986249e-01 7.947777062333811759e-01 5.490390016274960816e-01 5.712885066395942957e-01 3.919220350505897565e-01 4.412385165358836403e-01 3.263002707227617982e-01 9.839558666605542347e-01 6.439783631164106570e-01 8.208689547652363583e-01 4.590658975267385977e-01 3.593918304086571869e-01 7.244813018047200348e-01 3.397094696035171113e-01 7.022027606128931065e-01 1.071855895025085603e-01 4.324972311267348823e-01 7.450681913776064924e-01 5.269957451616599231e-01 7.011146381151908136e-01 6.140507536686912182e-01 9.935031669917737673e-02 5.779261238284614244e-01
6.664614077960051564e-01 8.296972663405164372e-01 0.000000000000000000e+00 6.314699648762958084e-01 6.066803014082207124e-01 5.298926783041899569e-01 4.350370886539365878e-01 7.184880030365050629e-01 4.536763261600660346e-01 4.146375959326650817e-01 3.608375036362969634e-01 1.183678139005394092e-01 7.822029884386905163e-01 4.088088579854786686e-01 6.232093745536433360e-01 5.501385417966886404e-01 4.092045398875938655e-01 3.827411904829133293e-01 4.332019733607438416e-01 4.407102406501413050e-01 6.962047732584664139e-01 4.412735752016316848e-01 3.133294140471021838e-01 3.326462622403288938e-01 3.865886876594568644e-01 9.988972790366890120e-02 4.525400005141041460e-01 4.494528264524153549e-01 4.892899001448541840e-01 6.389246289085257491e-01 5.061602421336237612e-01 5.150402714225519318e-01 1.007288156659894574e-01 4.795868917912341489e-01 6.276329687136745772e-01
2.220350927927940976e-01 5.387480249279121836e-01 6.314699648762958084e-01 0.000000000000000000e+00 5.645297574507159855e-01 5.552860794556231383e-01 5.946885341230678801e-01 7.738800023362797376e-01 6.432420715351071516e-01 3.834266970181327006e-01 5.765597610378874194e-01 6.648333778028421293e-01 7.969389018184536155e-01 8.762481229708508623e-01 5.748279638013549242e-01 9.550056617363201772e-01 4.834404176592990154e-01 6.461733568947432005e-01 4.801391462615579586e-01 7.560141895063643425e-01 4.592792851098428941e-01 5.589843185675907877e-01 9.017435496923336125e-01 2.963327533886461751e-01 8.456963125085068533e-01 6.404182971650860257e-01 7.748702095631422315e-01 7.963948288173644530e-01 4.165076633611470847e-01 1.969458434949152292e-01 4.496024639505150633e-01 2.826167091287601352e-01 4.298775650180567398e-01 2.903674719301166940e-01 8.025228275024977043e-01
9.401623507758960496e-02 3.821917681387708154e-01 6.066803014082207124e-01 5.645297574507159855e-01 0.000000000000000000e+00 7.095804336095947740e-01 6.725441317302003341e-01 3.773759367003349796e-01 4.871804777698413025e-01 5.691147430280607544e-02 4.316922776034084475e-01 8.487736853120624314e-01 4.596140945490545526e-01 7.294353336346206529e-01 7.076120156406735529e-01 8.105216837387065887e-01 4.856863592286128628e-01 3.310977402742268927e-01 8.684068503374910986e-01 7.569752978893474760e-01 5.396969681573445810e-01 1.699619285262465862e-01 6.395118326038191636e-01 2.818474217632136458e-01 4.728775680235569601e-01 6.500447683137757782e-01 3.313703737471818678e-01 2.009375809327674789e-01 8.674797699629529513e-01 4.993503240248296504e-01 6.236445686536280508e-01 8.264379063972122630e-01 7.009383390832428784e-01 7.167768623613973711e-01 3.533950372626826208e-01
7.536862451045674982e-01 7.830080230610528824e-01 5.298926783041899569e-01 5.552860794556231383e-01 7.095804336095947740e-01 0.000000000000000000e+00 6.644113872858148362e-02 9.949255288097547112e-02 7.820021592415035139e-01 6.858760684424197729e-01 6.065027039888029048e-01 6.477060223250763471e-01 8.367269830479568959e-01 5.817554097670443181e-01 9.702519776419467057e-01 7.768981650739391620e-01 6.936718949160605163e-01 2.565377158907027333e-01 4.612542446365384130e-01 7.113897622962146450e-01 7.061482561566833072e-01 1.452879559097386419e-01 2.799883835941012200e-01 5.728344168372444534e-01 5.372731992404231605e-01 4.197289347675128846e-01 5.132295146539920250e-01 7.139299846639755032e-01 6.152917804972968252e-01 1.274463091931991032e-01 7.279516282923361725e-01 4.602102165854349836e-01 7.145150564325604137e-01 6.463778890597684512e-01 8.471282502928597635e-01
5.556577304184060484e-01 4.805456047355842197e-01 4.350370886539365878e-01 5.946885341230678801e-01 6.725441317302003341e-01 6.644113872858148362e-02 0.000000000000000000e+00 2.570865034783048619e-01 6.753209357695353354e-01 8.148291262891448339e-01 6.264261106927648814e-01 6.696727104493029881e-01 4.322057679840592970e-01 1.781456919063419964e-01 5.610567917736286603e-03 4.017318909189759868e-01 5.536320030017540805e-01 6.574923104759894388e-01 6.507686453797134618e-01 5.441033992045500867e-01 6.973206464423371553e-01 3.513287818097147186e-01 8.036371174805829742e-01 3.476916997359877914e-01 4.616904620901661205e-01 2.502732430581370293e-01 3.740883502287595808e-01 1.347578263465508686e-01 5.439033317022000658e-01 5.272936769925713474e-01 5.289818908299149802e-01 7.201440514773389534e-01 3.132063638058547594e-01 4.211830045073702289e-01 4.842028477211349213e-01
9.590673299347136638e-01 7.960388876253987611e-01 7.184880030365050629e-01 7.738800023362797376e-01 3.773759367003349796e-01 9.949255288097547112e-02 2.570865034783048619e-01 0.000000000000000000e+00 8.014538299597304682e-01 5.120792649727650137e-01 1.660982735758347317e-01 3.186606865321642834e-01 1.163532838306535200e-01 2.028397918446238624e-01 1.132755382285951518e-01 1.474230824304577636e-01 4.951010276503152174e-01 3.399917081778068839e-01 3.146651985856342426e-01 6.811854709628528681e-01 5.082996891130771022e-01 5.980927008589753680e-01 3.604376136451690193e-01 5.996779057355934306e-01 5.527608918347413081e-01 4.676734329334010232e-01 3.169738889500078316e-01 6.940512408774505149e-01 3.391395249902326992e-01 3.344624389313679558e-01 2.574286758998288738e-01 4.952344744563384471e-01 1.533931719202125121e-01 9.338270935421363328e-01 6.110439351443811562e-01
1.865126573280908584e-01 2.834920051714184264e-01 4.536763261600660346e-01 6.432420715351071516e-01 4.871804777698413025e-01 7.820021592415035139e-01 6.753209357695353354e-01 8.014538299597304682e-01 0.000000000000000000e+00 6.311886104015489440e-01 3.201435636050394273e-01 5.714130540916368961e-01 5.843546774181946901e-01 4.701361507612532020e-01 4.676221728929584320e-01 1.657058710160999038e-01 5.101385170586144602e-01 4.714996937039080960e-01 4.231858101959274920e-01 6.412627601125848731e-01 4.280261433038179408e-01 6.881813169010266851e-01 4.632283452345294927e-01 4.160165347398485647e-01 1.071172871743431010e-01 3.129601884152698466e-01 7.954682732650102395e-01 5.076341761229441474e-02 7.030365505154185790e-01 7.305863024456660249e-01 4.281546331693155683e-01 5.753695974902947041e-01 6.059544062585423552e-01 7.556511442094344666e-01 6.512031993928355522e-01
8.209881071988547330e-01 6.089050982616328600e-01 4.146375959326650817e-01 3.834266970181327006e-01 5.691147430280607544e-02 6.858760684424197729e-01 8.148291262891448339e-01 5.120792649727650137e-01 6.311886104015489440e-01 0.000000000000000000e+00 8.558403618686475367e-01 6.891172259581723747e-01 4.585311020249196456e-01 5.911360958158982104e-01 5.699288541800415775e-01 2.037453195798375472e-01 5.647009408533549824e-01 3.722666821232915035e-01 8.896240671743601558e-01 5.837928289966812789e-01 4.604381266717564869e-01 5.118632555195569145e-01 4.470746079072326351e-01 5.100736037124077304e-01 8.685553361208093737e-01 7.337620647476587044e-01 3.815279213653590129e-01 5.265775547065717488e-01 9.338723330492351149e-01 7.123223612458722265e-01 5.859895473865951443e-01 2.819160540001808268e-01 1.832751849451673687e-01 7.274801924997316149e-01 5.031476646534385200e-01
8.609949596794751470e-01 6.617502782455950694e-01 3.608375036362969634e-01 5.765597610378874194e-01 4.316922776034084475e-01 6.065027039888029048e-01 6.264261106927648814e-01 1.660982735758347317e-01 3.201435636050394273e-01 8.558403618686475367e-01 0.000000000000000000e+00 1.257337102752000835e-01 2.959762378760566470e-01 4.136120720950516860e-01 8.403093002948541779e-01 4.061552430456626395e-01 2.948076785338604733e-01 2.717916249400100792e-01 5.728926157161037258e-01 5.420116925285647369e-01 5.896351837402437068e-01 4.959489872383889275e-01 4.694553470526091066e-01 7.625874523745462819e-01 5.693522628877161207e-01 9.252889888066173629e-01 8.561773138427880570e-01 3.716175375984158147e-01 6.793212948682708641e-01 6.335049244933104173e-01 4.372995734245017641e-01 4.361592271077811001e-01 6.003997548443540389e-01 5.537042245309204969e-01 5.703051554443199223e-01
5.557373016129689702e-01 6.917223348131262828e-02 1.183678139005394092e-01 6.648333778028421293e-01 8.487736853120624314e-01 6.477060223250763471e-01 6.696727104493029881e-01 3.186606865321642834e-01 5.714130540916368961e-01 6.891172259581723747e-01 1.257337102752000835e-01 0.000000000000000000e+00 6.592794443652214564e-01 6.343697174441653708e-01 4.176437871125561196e-01 7.300352421452034335e-01 5.939673233906150873e-02 7.048123498558385158e-01 7.652143023269657451e-01 8.646053133329272278e-01 5.789465922959314836e-01 7.260966735827792951e-01 3.656946529846365479e-01 1.160861512639991266e-01 8.144585281672217514e-01 5.615545312160468150e-01 2.706369666702481691e-01 8.176662912231427160e-01 5.403774539855059622e-01 8.532776485628890129e-02 7.755410581838338979e-01 7.128786429009781322e-01 7.192800225611615250e-01 7.392030643026353820e-01 5.472875520568680763e-01
4.384533650156084428e-01 5.435622766658986249e-01 7.822029884386905163e-01 7.969389018184536155e-01 4.596140945490545526e-01 8.367269830479568959e-01 4.322057679840592970e-01 1.163532838306535200e-01 5.843546774181946901e-01 4.585311020249196456e-01 2.959762378760566470e-01 6.592794443652214564e-01 0.000000000000000000e+00 6.137793920092038391e-01 4.719021168600046057e-01 4.766940990965359837e-01 5.189038203729494647e-01 3.798516356773156133e-01 4.527461619623750488e-01 5.666390293826277791e-01 5.949442816175130044e-01 6.465796693161341979e-01 4.848547493114873097e-01 3.337439835101203567e-01 8.285932944684486490e-01 4.646863689712544265e-01 7.557057922496989155e-01 8.370759690669813402e-01 8.219790020101187533e-01 4.902161070531178555e-01 8.993088808058147254e-01 6.102566377904574679e-01 4.300751701023460827e-01 4.436682939733413988e-01 8.364029909059433887e-02
5.662095563486568839e-01 7.947777062333811759e-01 4.088088579854786686e-01 8.762481229708508623e-01 7.294353336346206529e-01 5.817554097670443181e-01 1.781456919063419964e-01 2.028397918446238624e-01 4.701361507612532020e-01 5.911360958158982104e-01 4.136120720950516860e-01 6.343697174441653708e-01 6.137793920092038391e-01 0.000000000000000000e+00 7.004033481910411085e-01 5.007802867105153322e-01 3.344689403307925524e-01 7.579093658496640629e-01 5.695965041854949007e-01 7.528550561779665529e-01 4.824388604640877931e-01 3.184334562500346077e-01 7.419352450157797874e-01 4.783428496916073414e-01 8.789901048346585588e-01 2.872745496707329593e-02 3.583228281115742320e-01 4.882940607190614513e-01 3.116497457274624017e-01 7.315383054572294208e-01 2.924520126429014377e-01 8.014415970333823580e-01 5.343245398393123846e-01 8.145832839532881620e-01 4.342370742209350487e-01
8.762734132145764132e-01 5.490390016274960816e-01 6.232093745536433360e-01 5.748279638013549242e-01 7.076120156406735529e-01 9.702519776419467057e-01 5.610567917736286603e-03 1.132755382285951518e-01 4.676221728929584320e-01 5.699288541800415775e-01 8.403093002948541779e-01 4.176437871125561196e-01 4.719021168600046057e-01 7.004033481910411085e-01 0.000000000000000000e+00 1.143391608566580731e-01 3.775303322067602441e-01 3.081324725448735258e-01 4.997577754945185524e-01 4.545800887405431201e-01 4.429566502040845899e-01 6.276131023698048317e-01 4.583389010840543953e-01 2.598579009028488818e-01 5.422872256993438445e-01 5.650179117392737371e-01 4.687774436711451553e-01 1.509048621998960726e-01 2.398699045950739572e-01 5.464859008858649059e-01 4.145571338269741224e-01 2.392788426008483071e-01 6.778087478326915161e-01 6.970611991301800536e-01 3.315870330734962401e-01
3.697404859383915943e-01 5.712885066395942957e-01 5.501385417966886404e-01 9.550056617363201772e-01 8.105216837387065887e-01 7.768981650739391620e-01 4.017318909189759868e-01 1.474230824304577636e-01 1.657058710160999038e-01 2.037453195798375472e-01 4.061552430456626395e-01 7.300352421452034335e-01 4.766940990965359837e-01 5.007802867105153322e-01 1.143391608566580731e-01 0.000000000000000000e+00 4.248476717228775179e-01 9.697732579006141940e-01 6.310280434330171051e-01 8.065444003655044547e-01 5.402975887084422446e-01 7.470351090407669759e-01 1.970777072862538448e-01 4.070272743655088954e-01 5.620947397310338545e-01 8.520308687742681464e-01 5.015772713987131093e-01 3.678731851583788570e-01 8.611765295994744385e-01 7.564124264022792365e-01 1.148857844882461565e-01 3.823972693543156165e-01 5.356307894077001475e-01 6.411369353875813193e-01 7.596644499418148122e-01
8.044083726730559825e-01 3.919220350505897565e-01 4.092045398875938655e-01 4.834404176592990154e-01 4.856863592286128628e-01 6.936718949160605163e-01 5.536320030017540805e-01 4.951010276503152174e-01 5.101385170586144602e-01 5.647009408533549824e-01 2.948076785338604733e-01 5.939673233906150873e-02 5.189038203729494647e-01 3.344689403307925524e-01 3.775303322067602441e-01 4.248476717228775179e-01 0.000000000000000000e+00 1.637543462927328886e-01 8.617727601947082761e-01 6.127947463296483654e-01 1.023138317550879028e-01 5.426136359685229671e-01 5.955946449091511496e-01 8.143994691668274832e-01 5.811638809325856414e-01 5.718188513604609557e-01 6.654642597638316115e-01 7.139295796773181824e-01 1.149788568667754474e-01 4.512383002873103233e-01 5.828879844249301723e-01 4.383959537412592256e-01 6.936852093081863346e-01 4.534079212284694016e-01 6.879742605819800794e-01
8.770211659690848593e-01 4.412385165358836403e-01 3.827411904829133293e-01 6.461733568947432005e-01 3.310977402742268927e-01 2.565377158907027333e-01 6.574923104759894388e-01 3.399917081778068839e-01 4.714996937039080960e-01 3.722666821232915035e-01 2.717916249400100792e-01 7.048123498558385158e-01 3.798516356773156133e-01 7.579093658496640629e-01 3.081324725448735258e-01 9.697732579006141940e-01 1.637543462927328886e-01 0.000000000000000000e+00 4.098279614456842856e-01 6.126896241151634781e-01 3.387782006756586695e-01 8.723349008811981387e-01 4.200060563979579609e-01 8.312935073033893563e-01 7.593078217810876884e-01 4.452067835182449973e-01 8.608543108457029636e-01 5.465226911117306852e-01 4.503470358401888696e-01 5.637329908805649437e-01 1.747242684976577642e-01 7.414753094159175495e-01 5.359659089625294914e-01 3.446784055665881308e-01 4.763660337154457802e-01
3.201303324513757875e-01 3.263002707227617982e-01 4.332019733607438416e-01 4.801391462615579586e-01 8.684068503374910986e-01 4.612542446365384130e-01 6.507686453797134618e-01 3.146651985856342426e-01 4.231858101959274920e-01 8.896240671743601558e-01 5.728926157161037258e-01 7.652143023269657451e-01 4.527461619623750488e-01 5.695965041854949007e-01 4.997577754945185524e-01 6.310280434330171051e-01 8.617727601947082761e-01 4.098279614456842856e-01 0.000000000000000000e+00 4.275612686114386718e-01 8.221877060139595184e-01 3.100454863849793075e-01 4.061506495808420159e-01 4.702345914154707485e-01 2.911911667716118313e-01 7.817791288320181664e-01 8.799184316190971078e-01 5.040401368976371588e-01 6.173380632359706244e-01 4.041199553374328901e-01 6.068787503839647712e-01 7.548742737989498908e-01 8.809872100968005881e-01 7.223448151858926636e-01 5.133500014444287718e-01
4.372665519171526904e-01 9.839558666605542347e-01 4.407102406501413050e-01 7.560141895063643425e-01 7.569752978893474760e-01 7.113897622962146450e-01 5.441033992045500867e-01 6.811854709628528681e-01 6.412627601125848731e-01 5.837928289966812789e-01 5.420116925285647369e-01 8.646053133329272278e-01 5.666390293826277791e-01 7.528550561779665529e-01 4.545800887405431201e-01 8.065444003655044547e-01 6.127947463296483654e-01 6.126896241151634781e-01 4.275612686114386718e-01 0.000000000000000000e+00 4.765966991048525836e-01 5.553618216826952114e-01 4.211077391509521206e-01 4.776995311717918136e-01 3.818802263963636534e-01 4.991257072201833456e-01 4.631164497845330352e-01 2.502492612730271571e-01 5.669798145443304405e-01 4.146136911610842635e-01 8.221692846598107618e-01 5.714149912448683866e-01 7.972668807475782327e-01 6.985475604261597304e-01 4.790494547475098175e-01
3.506309644419362548e-01 6.439783631164106570e-01 6.962047732584664139e-01 4.592792851098428941e-01 5.396969681573445810e-01 7.061482561566833072e-01 6.973206464423371553e-01 5.082996891130771022e-01 4.280261433038179408e-01 4.604381266717564869e-01 5.896351837402437068e-01 5.789465922959314836e-01 5.949442816175130044e-01 4.824388604640877931e-01 4.429566502040845899e-01 5.402975887084422446e-01 1.023138317550879028e-01 3.387782006756586695e-01 8.221877060139595184e-01 4.765966991048525836e-01 0.000000000000000000e+00 4.964423786831759222e-01 3.126990016991749721e-01 7.141483861132177369e-01 4.467280360241484560e-01 4.916516120435767134e-01 4.588282592505343871e-01 5.805984722152055522e-01 3.892805936748071627e-01 4.041563837157058359e-01 4.370605022016511576e-01 5.993595231819461855e-01 3.076421041114819621e-01 3.617143518697615301e-01 1.375893677068599219e-01
7.369610452191834860e-01 8.208689547652363583e-01 4.412735752016316848e-01 5.589843185675907877e-01 1.699619285262465862e-01 1.452879559097386419e-01 3.513287818097147186e-01 5.980927008589753680e-01 6.881813169010266851e-01 5.118632555195569145e-01 4.959489872383889275e-01 7.260966735827792951e-01 6.465796693161341979e-01 3.184334562500346077e-01 6.276131023698048317e-01 7.470351090407669759e-01 5.426136359685229671e-01 8.723349008811981387e-01 3.100454863849793075e-01 5.553618216826952114e-01 4.964423786831759222e-01 0.000000000000000000e+00 7.667066840023104568e-01 8.659491291121445000e-01 1.790631472323216400e-01 5.673513984752375228e-01 4.234341695312370257e-01 8.671235830185228810e-01 4.095744348696611081e-01 4.898890668415845084e-01 6.426178331552745426e-01 7.233020337719469062e-01 2.950773689155819501e-01 6.764063617286608654e-01 7.266864820128302593e-01
3.997887205543055877e-01 4.590658975267385977e-01 3.133294140471021838e-01 9.017435496923336125e-01 6.395118326038191636e-01 2.799883835941012200e-01 8.036371174805829742e-01 3.604376136451690193e-01 4.632283452345294927e-01 4.470746079072326351e-01 4.694553470526091066e-01 3.656946529846365479e-01 4.848547493114873097e-01 7.419352450157797874e-01 4.583389010840543953e-01 1.970777072862538448e-01 5.955946449091511496e-01 4.200060563979579609e-01 4.061506495808420159e-01 4.211077391509521206e-01 3.126990016991749721e-01 7.667066840023104568e-01 0.000000000000000000e+00 3.779098431915179357e-01 6.547387334917016410e-01 5.344435294166010042e-01 7.088394918802959355e-01 4.537847206355538621e-01 3.790786932502432371e-01 4.029526592699858578e-01 5.497341046753989602e-01 5.750899121376580325e-01 5.922793857841580634e-01 4.224538819487783092e-01 5.906793158781677988e-01
7.411500716458746529e-01 3.593918304086571869e-01 3.326462622403288938e-01 2.963327533886461751e-01 2.818474217632136458e-01 5.728344168372444534e-01 3.476916997359877914e-01 5.996779057355934306e-01 4.160165347398485647e-01 5.100736037124077304e-01 7.625874523745462819e-01 1.160861512639991266e-01 3.337439835101203567e-01 4.783428496916073414e-01 2.598579009028488818e-01 4.070272743655088954e-01 8.143994691668274832e-01 8.312935073033893563e-01 4.702345914154707485e-01 4.776995311717918136e-01 7.141483861132177369e-01 8.659491291121445000e-01 3.779098431915179357e-01 0.000000000000000000e+00 7.335591461282544579e-01 8.329676802064052143e-01 8.577584041396874026e-01 1.443249005197725365e-01 6.195155617708741902e-01 8.714851886688068650e-01 3.117651779608304197e-01 6.122273740999915059e-01 4.037534145722990186e-01 1.649920978801064919e-01 8.502613673980907727e-01
7.286102751934373511e-01 7.244813018047200348e-01 3.865886876594568644e-01 8.456963125085068533e-01 4.728775680235569601e-01 5.372731992404231605e-01 4.616904620901661205e-01 5.527608918347413081e-01 1.071172871743431010e-01 8.685553361208093737e-01 5.693522628877161207e-01 8.144585281672217514e-01 8.285932944684486490e-01 8.789901048346585588e-01 5.422872256993438445e-01 5.620947397310338545e-01 5.811638809325856414e-01 7.593078217810876884e-01 2.911911667716118313e-01 3.818802263963636534e-01 4.467280360241484560e-01 1.790631472323216400e-01 6.547387334917016410e-01 7.335591461282544579e-01 0.000000000000000000e+00 6.854850283736192429e-01 8.464936275866790094e-01 2.266848190937869045e-01 4.778003409292922998e-01 9.663198297157434835e-01 4.783552321121510853e-01 3.955416701500845678e-01 8.877897536919369115e-01 7.114598300864030112e-01 7.443168893014657783e-01
5.206164633651069185e-01 3.397094696035171113e-01 9.988972790366890120e-02 6.404182971650860257e-01 6.500447683137757782e-01 4.197289347675128846e-01 2.502732430581370293e-01 4.676734329334010232e-01 3.129601884152698466e-01 7.337620647476587044e-01 9.252889888066173629e-01 5.615545312160468150e-01 4.646863689712544265e-01 2.872745496707329593e-02 5.650179117392737371e-01 8.520308687742681464e-01 5.718188513604609557e-01 4.452067835182449973e-01 7.817791288320181664e-01 4.991257072201833456e-01 4.916516120435767134e-01 5.673513984752375228e-01 5.344435294166010042e-01 8.329676802064052143e-01 6.854850283736192429e-01 0.000000000000000000e+00 5.118537783182504075e-01 6.225213320220842617e-01 4.088887041405271372e-01 9.359076503807550740e-02 4.717546089310701296e-01 7.442275382582379528e-01 2.370548785845326689e-01 1.580757206673595316e-01 4.227837391905458486e-01
6.254848210136089159e-01 7.022027606128931065e-01 4.525400005141041460e-01 7.748702095631422315e-01 3.313703737471818678e-01 5.132295146539920250e-01 3.740883502287595808e-01 3.169738889500078316e-01 7.954682732650102395e-01 3.815279213653590129e-01 8.561773138427880570e-01 2.706369666702481691e-01 7.557057922496989155e-01 3.583228281115742320e-01 4.687774436711451553e-01 5.015772713987131093e-01 6.654642597638316115e-01 8.608543108457029636e-01 8.799184316190971078e-01 4.631164497845330352e-01 4.588282592505343871e-01 4.234341695312370257e-01 7.088394918802959355e-01 8.577584041396874026e-01 8.464936275866790094e-01 5.118537783182504075e-01 0.000000000000000000e+00 7.649614098829273789e-01 1.737752264614432773e-01 4.581311872307995414e-01 7.021228345765351264e-01 3.939872707926211914e-01 4.827701327791001362e-01 8.258224714611075434e-01 3.589288297776609404e-01
2.431731036979077887e-01 1.071855895025085603e-01 4.494528264524153549e-01 7.963948288173644530e-01 2.009375809327674789e-01 7.139299846639755032e-01 1.347578263465508686e-01 6.940512408774505149e-01 5.076341761229441474e-02 5.265775547065717488e-01 3.716175375984158147e-01 8.176662912231427160e-01 8.370759690669813402e-01 4.882940607190614513e-01 1.509048621998960726e-01 3.678731851583788570e-01 7.139295796773181824e-01 5.465226911117306852e-01 5.040401368976371588e-01 2.502492612730271571e-01 5.805984722152055522e-01 8.671235830185228810e-01 4.537847206355538621e-01 1.443249005197725365e-01 2.266848190937869045e-01 6.225213320220842617e-01 7.649614098829273789e-01 0.000000000000000000e+00 4.063945802899742166e-01 6.717423039726566625e-02 5.587969607077392098e-02 7.624235884765107052e-02 3.462433335996296657e-01 2.569443135213944629e-02 3.758435271313863568e-01
3.948219630623195364e-01 4.324972311267348823e-01 4.892899001448541840e-01 4.165076633611470847e-01 8.674797699629529513e-01 6.152917804972968252e-01 5.439033317022000658e-01 3.391395249902326992e-01 7.030365505154185790e-01 9.338723330492351149e-01 6.793212948682708641e-01 5.403774539855059622e-01 8.219790020101187533e-01 3.116497457274624017e-01 2.398699045950739572e-01 8.611765295994744385e-01 1.149788568667754474e-01 4.503470358401888696e-01 6.173380632359706244e-01 5.669798145443304405e-01 3.892805936748071627e-01 4.095744348696611081e-01 3.790786932502432371e-01 6.195155617708741902e-01 4.778003409292922998e-01 4.088887041405271372e-01 1.737752264614432773e-01 4.063945802899742166e-01 0.000000000000000000e+00 4.159100069405466948e-01 3.009405145864738618e-01 5.716921228588101034e-01 4.809514766433506949e-01 5.233351023648613598e-02 6.586226428137766931e-01
4.528680271600811214e-01 7.450681913776064924e-01 6.389246289085257491e-01 1.969458434949152292e-01 4.993503240248296504e-01 1.274463091931991032e-01 5.272936769925713474e-01 3.344624389313679558e-01 7.305863024456660249e-01 7.123223612458722265e-01 6.335049244933104173e-01 8.532776485628890129e-02 4.902161070531178555e-01 7.315383054572294208e-01 5.464859008858649059e-01 7.564124264022792365e-01 4.512383002873103233e-01 5.637329908805649437e-01 4.041199553374328901e-01 4.146136911610842635e-01 4.041563837157058359e-01 4.898890668415845084e-01 4.029526592699858578e-01 8.714851886688068650e-01 9.663198297157434835e-01 9.359076503807550740e-02 4.581311872307995414e-01 6.717423039726566625e-02 4.159100069405466948e-01 0.000000000000000000e+00 7.111238523315193127e-01 3.448952053676084817e-01 3.263269589794869363e-01 3.908026755681837106e-01 2.646821519275431855e-01
9.356381013186676476e-02 5.269957451616599231e-01 5.061602421336237612e-01 4.496024639505150633e-01 6.236445686536280508e-01 7.279516282923361725e-01 5.289818908299149802e-01 2.574286758998288738e-01 4.281546331693155683e-01 5.859895473865951443e-01 4.372995734245017641e-01 7.755410581838338979e-01 8.993088808058147254e-01 2.924520126429014377e-01 4.145571338269741224e-01 1.148857844882461565e-01 5.828879844249301723e-01 1.747242684976577642e-01 6.068787503839647712e-01 8.221692846598107618e-01 4.370605022016511576e-01 6.426178331552745426e-01 5.497341046753989602e-01 3.117651779608304197e-01 4.783552321121510853e-01 4.717546089310701296e-01 7.021228345765351264e-01 5.587969607077392098e-02 3.009405145864738618e-01 7.111238523315193127e-01 0.000000000000000000e+00 7.114302254207162113e-01 6.252817225802713708e-01 1.703265261214649273e-01 6.913324792160379095e-01
4.552004226170354162e-01 7.011146381151908136e-01 5.150402714225519318e-01 2.826167091287601352e-01 8.264379063972122630e-01 4.602102165854349836e-01 7.201440514773389534e-01 4.952344744563384471e-01 5.753695974902947041e-01 2.819160540001808268e-01 4.361592271077811001e-01 7.128786429009781322e-01 6.102566377904574679e-01 8.014415970333823580e-01 2.392788426008483071e-01 3.823972693543156165e-01 4.383959537412592256e-01 7.414753094159175495e-01 7.548742737989498908e-01 5.714149912448683866e-01 5.993595231819461855e-01 7.233020337719469062e-01 5.750899121376580325e-01 6.122273740999915059e-01 3.955416701500845678e-01 7.442275382582379528e-01 3.939872707926211914e-01 7.624235884765107052e-02 5.716921228588101034e-01 3.448952053676084817e-01 7.114302254207162113e-01 0.000000000000000000e+00 2.163162417284867356e-01 6.758237584607668103e-01 4.909303049449312839e-01
7.616448563418276585e-01 6.140507536686912182e-01 1.007288156659894574e-01 4.298775650180567398e-01 7.009383390832428784e-01 7.145150564325604137e-01 3.132063638058547594e-01 1.533931719202125121e-01 6.059544062585423552e-01 1.832751849451673687e-01 6.003997548443540389e-01 7.192800225611615250e-01 4.300751701023460827e-01 5.343245398393123846e-01 6.778087478326915161e-01 5.356307894077001475e-01 6.936852093081863346e-01 5.359659089625294914e-01 8.809872100968005881e-01 7.972668807475782327e-01 3.076421041114819621e-01 2.950773689155819501e-01 5.922793857841580634e-01 4.037534145722990186e-01 8.877897536919369115e-01 2.370548785845326689e-01 4.827701327791001362e-01 3.462433335996296657e-01 4.809514766433506949e-01 3.263269589794869363e-01 6.252817225802713708e-01 2.163162417284867356e-01 0.000000000000000000e+00 4.034308255436194757e-01 4.948317442825838075e-01
4.985278094276653915e-01 9.935031669917737673e-02 4.795868917912341489e-01 2.903674719301166940e-01 7.167768623613973711e-01 6.463778890597684512e-01 4.211830045073702289e-01 9.338270935421363328e-01 7.556511442094344666e-01 7.274801924997316149e-01 5.537042245309204969e-01 7.392030643026353820e-01 4.436682939733413988e-01 8.145832839532881620e-01 6.970611991301800536e-01 6.411369353875813193e-01 4.534079212284694016e-01 3.446784055665881308e-01 7.223448151858926636e-01 6.985475604261597304e-01 3.617143518697615301e-01 6.764063617286608654e-01 4.224538819487783092e-01 1.649920978801064919e-01 7.114598300864030112e-01 1.580757206673595316e-01 8.258224714611075434e-01 2.569443135213944629e-02 5.233351023648613598e-02 3.908026755681837106e-01 1.703265261214649273e-01 6.758237584607668103e-01 4.034308255436194757e-01 0.000000000000000000e+00 8.763533161488210599e-01
4.276136071456813625e-01 5.779261238284614244e-01 6.276329687136745772e-01 8.025228275024977043e-01 3.533950372626826208e-01 8.471282502928597635e-01 4.842028477211349213e-01 6.110439351443811562e-01 6.512031993928355522e-01 5.031476646534385200e-01 5.703051554443199223e-01 5.472875520568680763e-01 8.364029909059433887e-02 4.342370742209350487e-01 3.315870330734962401e-01 7.596644499418148122e-01 6.879742605819800794e-01 4.763660337154457802e-01 5.133500014444287718e-01 4.790494547475098175e-01 1.375893677068599219e-01 7.266864820128302593e-01 5.906793158781677988e-01 8.502613673980907727e-01 7.443168893014657783e-01 4.227837391905458486e-01 3.589288297776609404e-01 3.758435271313863568e-01 6.586226428137766931e-01 2.646821519275431855e-01 6.913324792160379095e-01 4.909303049449312839e-01 4.948317442825838075e-01 8.763533161488210599e-01 0.000000000000000000e+00
