0.000000000000000000e+00 2.835133311476545348e-01 1.234514242471497214e-01 9.065948713854510288e-02 3.539682774557044720e-01 1.024836894022567169e-01 9.116362524135459555e-01 8.341406960650838975e-01 3.782607654275782494e-01 4.614246753621738528e-01 6.183590415980564359e-01 1.059827443110851197e-01 7.365133250323337988e-01 1.830499667008745890e-01 5.828949425036747956e-01 8.847852235730374604e-01 3.773952311221041023e-01 1.236249125360829870e-01 5.756101680061505022e-01 7.196221420026727156e-01 6.183170986266981473e-01 5.063372796804612719e-01 6.727822852030362899e-02 4.407048824298361867e-01 6.910207523802220919e-01 9.839094784235977720e-01 7.007247681694277475e-01 3.465100805992387123e-01 5.767265154381078229e-01 2.613361747808429225e-02 4.105300461414884694e-01 3.796281852527848000e-01 1.851629795642659726e-01 9.391203021795206940e-01 4.860977140578290889e-01
2.835133311476545348e-01 0.000000000000000000e+00 2.743863744984956776e-01 1.871154474899878739e-01 3.464684224897913722e-01 7.765923122695930214e-01 1.403609255583782023e-01 2.893556274435958309e-01 7.468289622337676015e-02 5.605025553220298606e-01 5.367612118111896313e-01 5.173389984759437787e-01 1.697699728829861199e-01 8.561508379333628849e-01 3.570380105964091610e-01 6.203533888923511430e-01 2.863376534501532733e-01 1.202830013435145506e-01 6.113481777286112751e-01 5.214418376590910231e-01 4.595502986264625167e-01 6.539346246630236559e-01 3.533420775737777797e-01 8.394915013646033763e-01 6.212289995180586555e-01 5.797068971529780734e-01 8.451037057829691168e-01 3.188157182093593889e-01 2.142898617918161941e-01 9.153297682168151095e-01 4.361385317762839220e-01 2.143133164765299026e-01 7.618732400089258672e-01 4.746763799392905159e-01 7.647263173917400181e-01
1.234514242471497214e-01 2.743863744984956776e-01 0.000000000000000000e+00 3.452779496964735184e-01 9.031673042835136611e-01 8.840649106439018023e-01 3.507506227715856406e-01 2.917588595421499176e-01 4.418132690584230526e-01 1.043222929996778792e-01 5.597072461548943112e-01 8.546405830713144081e-01 7.857013630944349458e-01 4.828432101608128302e-01 3.316356162317107836e-01 3.444827401393658617e-01 2.080983991530689359e-01 3.428190587606674278e-01 6.369476473920397952e-01 3.232191193785229344e-01 1.934847439742176656e-01 6.468922541165413875e-01 8.304996427839648199e-01 3.934691977407533403e-01 4.639374073583607538e-01 7.376472696936182682e-01 3.605352900972045305e-01 6.057456661230836703e-01 7.798306097949156968e-01 3.956524038287965173e-01 1.576186821990808173e-01 5.351581559065594629e-01 6.706737140773963990e-01 9.743870740928772811e-01 2.096041612164626367e-01
9.065948713854510288e-02 1.871154474899878739e-01 3.452779496964735184e-01 0.000000000000000000e+00 5.137996363946792933e-01 4.229139890918237610e-01 6.471711947475756732e-01 6.664036282496926811e-01 4.807482532595324654e-01 5.143568866917044291e-01 8.002102781416393640e-01 7.489983227516197051e-01 8.605283725482182344e-02 8.428063956162890058e-01 2.989761312599831244e-01 5.772386831430462717e-01 4.784831546176849248e-01 5.757887998036835819e-01 5.528959051683186576e-01 4.618129755888444321e-01 3.170810545010047665e-01 4.893110517735227427e-01 6.897055996976316772e-01 4.485534022443620206e-01 7.292973322258082813e-01 1.967084393221060212e-01 9.657496992196191732e-01 7.499612873404326585e-01 1.563430801834401196e-01 4.838999990668812479e-01 6.667491581313413906e-01 2.474418941048734388e-01 5.127790073592009001e-01 8.267951921866157905e-01 4.967009482159390199e-01
3.539682774557044720e-01 3.464684224897913722e-01 9.031673042835136611e-01 5.137996363946792933e-01 0.000000000000000000e+00 5.134475248681513726e-01 8.395829393276261765e-01 6.593709593305560057e-01 4.191756835301994610e-01 4.691149996495965757e-01 4.953827075526127111e-01 7.783917446285310016e-01 6.300578848454491121e-01 7.051661813528684597e-01 5.284955845922640894e-01 6.764924655647235330e-01 1.954248830955378491e-01 9.101214951566796163e-01 2.992581027899505752e-01 5.244725908797365221e-01 2.146493420668214025e-01 7.994375885836264573e-01 4.416380312791271523e-01 9.414219760909376955e-01 7.771397516351363777e-01 8.982578509731331540e-02 8.498419694693296611e-01 3.474219552616807927e-01 9.413777140933645704e-01 4.888027852048197341e-01 9.101753221754135259e-01 1.854817766089124076e-01 1.116602159285222662e-01 4.821586325707540865e-01 3.926706829108353447e-01
1.024836894022567169e-01 7.765923122695930214e-01 8.840649106439018023e-01 4.229139890918237610e-01 5.134475248681513726e-01 0.000000000000000000e+00 3.847021392529751393e-01 9.287635026159035689e-01 2.396237909035470182e-01 4.291542232450039629e-01 1.181229998182627972e-01 5.689809326641288578e-01 5.470745549704237876e-01 8.495580547642133107e-01 2.867146062423469033e-01 3.951385939755546750e-01 5.503875134736454511e-01 4.343648919379486384e-01 6.815522914075012872e-01 4.774164503919947067e-01 8.099124214708501857e-01 6.689435230604803273e-01 3.206003834063967939e-01 9.326113705673837462e-01 5.972061596991360410e-01 8.369852905937963383e-01 8.605591536549430653e-01 5.973070425038564668e-01 6.082313542888551083e-02 6.718451934811524584e-01 5.651565516947347767e-01 4.169437620951743639e-02 4.185847048251068458e-01 3.613416887984950421e-01 7.712541656151401526e-01
9.116362524135459555e-01 1.403609255583782023e-01 3.507506227715856406e-01 6.471711947475756732e-01 8.395829393276261765e-01 3.847021392529751393e-01 0.000000000000000000e+00 6.174620722872647960e-01 5.375853709623819032e-01 6.203140813478140725e-01 5.670788424773267611e-01 7.522934498118222235e-01 5.653286175540024328e-01 8.987645532075727584e-02 5.082946522644422593e-01 8.110646816107083268e-01 4.932953008782499094e-01 4.406790391040698585e-01 7.888871088775524232e-01 6.293395521208269283e-01 1.186539685975657177e-01 3.674581284477543841e-01 9.217110187615003003e-01 6.840517191925905571e-01 4.015157311496317383e-01 3.730275585511440561e-01 8.971141328256349023e-01 8.700559326923114067e-01 5.111410200491977029e-01 5.221086588112024973e-01 8.496080211487049283e-01 6.294075014518293321e-01 4.257794372639022162e-01 1.562663753428743529e-01 5.452469504782374576e-01
8.341406960650838975e-01 2.893556274435958309e-01 2.917588595421499176e-01 6.664036282496926811e-01 6.593709593305560057e-01 9.287635026159035689e-01 6.174620722872647960e-01 0.000000000000000000e+00 8.623739652778386056e-01 6.678173734431178676e-01 8.325114613330991675e-01 5.467446002169042973e-01 6.839193363242415113e-01 5.628633169151496807e-01 9.292236272712951495e-01 7.048153317448755395e-01 7.157347421436935919e-01 2.079552987374461148e-01 5.396239617481410900e-01 7.594843842150114099e-01 8.302147768305210285e-01 2.634596290179927469e-01 2.262090282256979390e-01 8.530771882152841101e-01 5.644771512228285992e-01 2.448685890990520697e-02 1.524279006086419752e-01 4.952791914762598724e-01 7.590383288263236050e-02 3.335389952525373847e-01 2.952101371366268046e-01 8.320001217512582592e-01 4.992753330591349625e-01 7.985665920430444764e-01 7.199228629691560855e-01
3.782607654275782494e-01 7.468289622337676015e-02 4.418132690584230526e-01 4.807482532595324654e-01 4.191756835301994610e-01 2.396237909035470182e-01 5.375853709623819032e-01 8.623739652778386056e-01 0.000000000000000000e+00 4.282766922124798259e-01 6.107719263512184638e-01 5.067833200996405552e-01 7.689201318930438678e-01 2.184671513754976591e-02 2.608727098094348329e-01 8.907431782014207933e-02 4.555061233662608400e-01 4.342088433240872125e-01 2.146614912222195581e-01 7.601004294195958799e-01 9.086245956485075048e-01 5.824618843931828049e-01 4.689393058539510495e-01 2.463925470648911376e-01 6.509599984216112301e-01 9.360210994731454903e-01 2.664438484385353578e-01 3.389942557380537513e-01 5.852636521858524121e-01 1.150368796861985787e-01 6.462168390278186791e-01 8.429627314454538611e-01 5.317831349508052030e-01 7.953366565841055724e-01 3.866443629422453565e-01
4.614246753621738528e-01 5.605025553220298606e-01 1.043222929996778792e-01 5.143568866917044291e-01 4.691149996495965757e-01 4.291542232450039629e-01 6.203140813478140725e-01 6.678173734431178676e-01 4.282766922124798259e-01 0.000000000000000000e+00 8.673794051748531242e-01 7.553790462266383177e-01 5.463395324636723949e-01 3.372926552307300985e-01 8.566408024281692013e-01 1.729625616234442553e-01 6.840774629448964639e-01 6.260613290805689957e-01 3.269836704931837201e-01 3.963741699992672785e-01 7.255089786883945902e-01 9.614615045233212420e-01 7.841570558341324215e-01 8.528513025778885481e-01 5.469430029836532814e-01 4.475235672096278816e-01 4.587464643545122178e-01 2.696935312538142893e-01 9.211041073028656267e-01 6.027452093907837982e-01 4.039833862322709246e-01 4.743916063832893659e-01 8.808794790821586895e-01 3.886060413771380007e-01 7.473730277359569296e-01
6.183590415980564359e-01 5.367612118111896313e-01 5.597072461548943112e-01 8.002102781416393640e-01 4.953827075526127111e-01 1.181229998182627972e-01 5.670788424773267611e-01 8.325114613330991675e-01 6.107719263512184638e-01 8.673794051748531242e-01 0.000000000000000000e+00 7.720741841200395861e-02 8.118165152231450188e-01 5.064483601872622476e-01 2.003651812408732691e-01 6.897615204041308568e-01 7.136617763680397353e-01 4.690284919400924957e-01 5.594786486197813602e-01 6.730412611248297594e-01 4.441601675610855615e-01 6.082515359015372436e-02 6.808864092069932816e-01 4.823309169068237257e-01 5.182245861057153125e-01 6.529641922566971068e-01 5.076330202848871043e-01 8.082827635722396042e-01 8.901186960347650112e-01 9.125844912738569903e-01 5.107990568835497625e-01 6.824402663749686848e-01 8.617694236093600413e-01 5.858898196239008538e-01 8.579928755046303257e-01
1.059827443110851197e-01 5.173389984759437787e-01 8.546405830713144081e-01 7.489983227516197051e-01 7.783917446285310016e-01 5.689809326641288578e-01 7.522934498118222235e-01 5.467446002169042973e-01 5.067833200996405552e-01 7.553790462266383177e-01 7.720741841200395861e-02 0.000000000000000000e+00 5.178649296593271778e-01 8.702248340550567951e-01 8.131355409420142344e-01 4.708521768333556734e-01 8.322700858487908082e-01 8.208987614554139611e-01 6.385857876259305455e-01 7.990233434284597092e-01 3.599033734801653228e-01 2.443863066716986943e-01 2.741228492530089489e-01 7.624504513714720488e-01 4.558091169688889277e-01 4.677022019035835809e-01 9.213886262254187276e-01 8.249522895545935430e-01 4.180131868623956359e-01 8.322490652344582962e-01 4.621627744412414862e-01 5.715464316272280687e-01 6.600559014571494298e-01 8.286620104956452515e-01 4.739735012262549230e-01
7.365133250323337988e-01 1.697699728829861199e-01 7.857013630944349458e-01 8.605283725482182344e-02 6.300578848454491121e-01 5.470745549704237876e-01 5.653286175540024328e-01 6.839193363242415113e-01 7.689201318930438678e-01 5.463395324636723949e-01 8.118165152231450188e-01 5.178649296593271778e-01 0.000000000000000000e+00 7.698668843901053105e-01 7.191872293341636802e-01 8.962628025207883820e-01 7.505039370714727820e-02 4.007020327385987235e-01 1.508298711486391053e-01 4.483240010420572741e-01 7.292943634343924675e-01 2.212064362003206552e-01 7.311946057521107045e-01 7.219725211318233082e-01 5.440388717352494519e-01 6.799203106725015822e-01 7.693444529287922773e-01 4.493336416838548675e-01 4.462924168910033518e-01 7.665555045717822313e-01 3.496664061258767942e-01 4.103500743849997079e-01 3.303924056103102469e-01 4.749935538718002004e-01 7.555663802534878792e-01
1.830499667008745890e-01 8.561508379333628849e-01 4.828432101608128302e-01 8.428063956162890058e-01 7.051661813528684597e-01 8.495580547642133107e-01 8.987645532075727584e-02 5.628633169151496807e-01 2.184671513754976591e-02 3.372926552307300985e-01 5.064483601872622476e-01 8.702248340550567951e-01 7.698668843901053105e-01 0.000000000000000000e+00 7.394566405388449670e-01 6.485153743902153378e-01 4.891036282217142150e-01 3.049687876736848491e-01 6.176001165440312413e-01 6.131281542586910493e-01 8.070610469967840483e-01 8.646246903651393367e-01 1.576602878409205655e-01 1.468259060951201955e-01 8.767549989228888840e-01 1.324498014382088362e-01 2.312215158186348152e-01 4.201049984178049646e-01 2.390732090339139360e-01 5.288776429615624775e-01 7.416428474631340251e-01 5.284554532679131000e-01 9.742851970269541528e-01 4.262276633009715598e-01 3.401812018263213888e-01
5.828949425036747956e-01 3.570380105964091610e-01 3.316356162317107836e-01 2.989761312599831244e-01 5.284955845922640894e-01 2.867146062423469033e-01 5.082946522644422593e-01 9.292236272712951495e-01 2.608727098094348329e-01 8.566408024281692013e-01 2.003651812408732691e-01 8.131355409420142344e-01 7.191872293341636802e-01 7.394566405388449670e-01 0.000000000000000000e+00 3.254037451544228299e-01 7.928938328650410039e-01 1.954061809176238507e-01 3.609246849153614489e-01 8.227717980253737018e-01 2.065198657075205668e-01 2.778058618104742861e-01 3.178541143367077382e-01 5.557117111212012128e-01 1.177903180775237701e-01 3.072231038762385236e-01 5.950690526369866173e-01 7.699540891388214625e-01 8.190103712898156862e-01 9.619788279205112591e-01 6.716389940847450335e-01 2.568287558789146274e-01 2.419857672075324539e-01 4.370787383389900249e-01 2.372216692309753183e-01
8.847852235730374604e-01 6.203533888923511430e-01 3.444827401393658617e-01 5.772386831430462717e-01 6.764924655647235330e-01 3.951385939755546750e-01 8.110646816107083268e-01 7.048153317448755395e-01 8.907431782014207933e-02 1.729625616234442553e-01 6.897615204041308568e-01 4.708521768333556734e-01 8.962628025207883820e-01 6.485153743902153378e-01 3.254037451544228299e-01 0.000000000000000000e+00 4.291365851789004648e-01 1.852595760559216931e-01 3.883595106185491197e-01 5.612439874476975454e-01 4.030070015451158172e-01 9.442271520510645555e-01 7.062882198110764786e-02 7.577191518875445730e-01 1.985652515960248943e-01 7.904038709012248809e-01 7.424907379939567065e-01 5.360857398949467889e-01 4.853607879554419635e-01 3.172647417832249461e-01 9.469563550798724139e-01 4.489467719710109606e-01 3.672292851355932752e-01 4.813132657686908233e-01 6.030021764521893424e-01
3.773952311221041023e-01 2.863376534501532733e-01 2.080983991530689359e-01 4.784831546176849248e-01 1.954248830955378491e-01 5.503875134736454511e-01 4.932953008782499094e-01 7.157347421436935919e-01 4.555061233662608400e-01 6.840774629448964639e-01 7.136617763680397353e-01 8.322700858487908082e-01 7.505039370714727820e-02 4.891036282217142150e-01 7.928938328650410039e-01 4.291365851789004648e-01 0.000000000000000000e+00 5.400204324916355603e-01 7.427183046695062796e-01 3.014470988131110474e-01 8.112858594033286463e-01 4.906651080518824593e-01 7.610645899835248862e-01 4.363331192701458416e-01 3.723969386062110920e-01 4.913816570840977005e-01 4.751859433182895609e-01 8.442444331993648188e-02 5.347441748739220069e-01 7.299033647192936236e-01 5.678687762725315169e-01 8.252605248736215593e-01 4.647162352795346507e-01 5.349461323132307378e-01 9.113193253991543896e-01
1.236249125360829870e-01 1.202830013435145506e-01 3.428190587606674278e-01 5.757887998036835819e-01 9.101214951566796163e-01 4.343648919379486384e-01 4.406790391040698585e-01 2.079552987374461148e-01 4.342088433240872125e-01 6.260613290805689957e-01 4.690284919400924957e-01 8.208987614554139611e-01 4.007020327385987235e-01 3.049687876736848491e-01 1.954061809176238507e-01 1.852595760559216931e-01 5.400204324916355603e-01 0.000000000000000000e+00 6.174848160822941079e-01 7.331066151843823597e-01 4.834012557136573851e-01 4.109283345500671092e-01 5.851516734424857535e-01 5.480792691563239893e-01 7.669909263624854479e-01 5.713495059879558635e-01 2.263831271528327083e-01 6.326009379667787424e-01 4.725726062614669098e-01 5.647646810456364852e-01 2.567357030865717316e-01 7.436121184230206627e-01 5.960781729421172903e-01 8.867157689065404691e-01 5.707861633299510240e-01
5.756101680061505022e-01 6.113481777286112751e-01 6.369476473920397952e-01 5.528959051683186576e-01 2.992581027899505752e-01 6.815522914075012872e-01 7.888871088775524232e-01 5.396239617481410900e-01 2.146614912222195581e-01 3.269836704931837201e-01 5.594786486197813602e-01 6.385857876259305455e-01 1.508298711486391053e-01 6.176001165440312413e-01 3.609246849153614489e-01 3.883595106185491197e-01 7.427183046695062796e-01 6.174848160822941079e-01 0.000000000000000000e+00 6.105379626321505437e-01 2.586086458587192327e-01 6.567838025020714676e-01 2.873874263223695213e-01 6.240099163007339911e-02 2.026305647038813551e-01 9.802865487484644369e-01 6.232614737126624949e-01 3.070707994058632928e-01 5.380015187556230760e-01 2.841429845819422040e-01 9.269848292692739467e-02 1.114897021413556732e-01 6.997973327823399092e-01 1.063165916385264698e-01 4.570035453971858508e-01
7.196221420026727156e-01 5.214418376590910231e-01 3.232191193785229344e-01 4.618129755888444321e-01 5.244725908797365221e-01 4.774164503919947067e-01 6.293395521208269283e-01 7.594843842150114099e-01 7.601004294195958799e-01 3.963741699992672785e-01 6.730412611248297594e-01 7.990233434284597092e-01 4.483240010420572741e-01 6.131281542586910493e-01 8.227717980253737018e-01 5.612439874476975454e-01 3.014470988131110474e-01 7.331066151843823597e-01 6.105379626321505437e-01 0.000000000000000000e+00 5.883706154683466805e-01 5.546013875015627370e-01 6.463441868315211725e-01 2.045346727504380180e-01 1.914341054204604653e-01 5.029743290619324014e-01 5.390517168964334971e-01 2.884039144411277844e-01 6.138817627720714043e-01 2.492696601312143212e-01 8.679769647087431927e-01 7.090970293972000960e-01 7.873374332184972513e-01 3.720772443349392722e-01 8.305714894022242500e-01
6.183170986266981473e-01 4.595502986264625167e-01 1.934847439742176656e-01 3.170810545010047665e-01 2.146493420668214025e-01 8.099124214708501857e-01 1.186539685975657177e-01 8.302147768305210285e-01 9.086245956485075048e-01 7.255089786883945902e-01 4.441601675610855615e-01 3.599033734801653228e-01 7.292943634343924675e-01 8.070610469967840483e-01 2.065198657075205668e-01 4.030070015451158172e-01 8.112858594033286463e-01 4.834012557136573851e-01 2.586086458587192327e-01 5.883706154683466805e-01 0.000000000000000000e+00 8.945371312151263465e-01 4.556789370901510594e-01 9.530616065234953638e-02 5.728704800864843349e-01 4.837676046762395821e-01 4.850824846623481568e-01 8.604432482934166737e-01 8.066473189187506332e-01 5.752596827151843506e-01 6.485394759566980305e-01 3.619348337719953124e-01 5.302100690097293345e-01 3.389794604162618130e-01 8.930215431748700361e-01
5.063372796804612719e-01 6.539346246630236559e-01 6.468922541165413875e-01 4.893110517735227427e-01 7.994375885836264573e-01 6.689435230604803273e-01 3.674581284477543841e-01 2.634596290179927469e-01 5.824618843931828049e-01 9.614615045233212420e-01 6.082515359015372436e-02 2.443863066716986943e-01 2.212064362003206552e-01 8.646246903651393367e-01 2.778058618104742861e-01 9.442271520510645555e-01 4.906651080518824593e-01 4.109283345500671092e-01 6.567838025020714676e-01 5.546013875015627370e-01 8.945371312151263465e-01 0.000000000000000000e+00 6.331735872327147741e-01 6.616379557074516526e-01 4.340608735158004716e-01 6.496522394414496748e-01 7.072030024649973434e-01 8.305649516081905492e-01 5.473318093654302441e-01 6.003963829206551139e-01 7.200071816066599961e-02 6.273639235459249619e-01 4.891593699196177258e-01 3.827170038405358632e-01 5.574909932730769402e-01
6.727822852030362899e-02 3.533420775737777797e-01 8.304996427839648199e-01 6.897055996976316772e-01 4.416380312791271523e-01 3.206003834063967939e-01 9.217110187615003003e-01 2.262090282256979390e-01 4.689393058539510495e-01 7.841570558341324215e-01 6.808864092069932816e-01 2.741228492530089489e-01 7.311946057521107045e-01 1.576602878409205655e-01 3.178541143367077382e-01 7.062882198110764786e-02 7.610645899835248862e-01 5.851516734424857535e-01 2.873874263223695213e-01 6.463441868315211725e-01 4.556789370901510594e-01 6.331735872327147741e-01 0.000000000000000000e+00 7.941298654228059473e-01 4.953472022068482472e-01 4.104931227627177104e-01 6.476279644467881624e-01 5.173479258354292121e-01 5.587104534044093906e-01 4.456305478357950323e-01 5.974299893809384976e-01 6.457635709961562220e-01 5.598356093898240182e-01 6.576463411373931756e-01 6.354057586355883469e-01
4.407048824298361867e-01 8.394915013646033763e-01 3.934691977407533403e-01 4.485534022443620206e-01 9.414219760909376955e-01 9.326113705673837462e-01 6.840517191925905571e-01 8.530771882152841101e-01 2.463925470648911376e-01 8.528513025778885481e-01 4.823309169068237257e-01 7.624504513714720488e-01 7.219725211318233082e-01 1.468259060951201955e-01 5.557117111212012128e-01 7.577191518875445730e-01 4.363331192701458416e-01 5.480792691563239893e-01 6.240099163007339911e-02 2.045346727504380180e-01 9.530616065234953638e-02 6.616379557074516526e-01 7.941298654228059473e-01 0.000000000000000000e+00 3.835968530198859971e-01 7.698430297815289647e-01 7.882189197297140293e-02 3.925199441289409785e-01 5.452563301910966498e-01 7.150555910792701919e-01 8.744419348232453926e-01 4.766133659312604132e-01 4.082914693874831746e-01 4.659121469804798910e-01 5.787621333025450010e-01
6.910207523802220919e-01 6.212289995180586555e-01 4.639374073583607538e-01 7.292973322258082813e-01 7.771397516351363777e-01 5.972061596991360410e-01 4.015157311496317383e-01 5.644771512228285992e-01 6.509599984216112301e-01 5.469430029836532814e-01 5.182245861057153125e-01 4.558091169688889277e-01 5.440388717352494519e-01 8.767549989228888840e-01 1.177903180775237701e-01 1.985652515960248943e-01 3.723969386062110920e-01 7.669909263624854479e-01 2.026305647038813551e-01 1.914341054204604653e-01 5.728704800864843349e-01 4.340608735158004716e-01 4.953472022068482472e-01 3.835968530198859971e-01 0.000000000000000000e+00 7.427166251705840105e-01 4.521055128210726970e-01 3.865042748759462965e-01 6.927910040065132780e-01 7.478804424097891257e-01 5.766626667114200799e-01 9.042965332294643499e-01 8.193992859737857515e-01 3.782770610195074212e-01 7.840134734585799681e-01
9.839094784235977720e-01 5.797068971529780734e-01 7.376472696936182682e-01 1.967084393221060212e-01 8.982578509731331540e-02 8.369852905937963383e-01 3.730275585511440561e-01 2.448685890990520697e-02 9.360210994731454903e-01 4.475235672096278816e-01 6.529641922566971068e-01 4.677022019035835809e-01 6.799203106725015822e-01 1.324498014382088362e-01 3.072231038762385236e-01 7.904038709012248809e-01 4.913816570840977005e-01 5.713495059879558635e-01 9.802865487484644369e-01 5.029743290619324014e-01 4.837676046762395821e-01 6.496522394414496748e-01 4.104931227627177104e-01 7.698430297815289647e-01 7.427166251705840105e-01 0.000000000000000000e+00 4.254572274674063292e-01 8.415123431490323380e-01 7.657048438860870609e-01 4.970728235883052348e-01 8.736829225787094977e-01 9.606905304047353988e-01 5.121795780368234574e-01 4.963499613037715141e-01 3.821038023493628089e-01
7.007247681694277475e-01 8.451037057829691168e-01 3.605352900972045305e-01 9.657496992196191732e-01 8.498419694693296611e-01 8.605591536549430653e-01 8.971141328256349023e-01 1.524279006086419752e-01 2.664438484385353578e-01 4.587464643545122178e-01 5.076330202848871043e-01 9.213886262254187276e-01 7.693444529287922773e-01 2.312215158186348152e-01 5.950690526369866173e-01 7.424907379939567065e-01 4.751859433182895609e-01 2.263831271528327083e-01 6.232614737126624949e-01 5.390517168964334971e-01 4.850824846623481568e-01 7.072030024649973434e-01 6.476279644467881624e-01 7.882189197297140293e-02 4.521055128210726970e-01 4.254572274674063292e-01 0.000000000000000000e+00 7.330506687879059236e-01 6.406015363999799650e-01 7.718151786987254015e-01 2.970707952586569278e-01 7.781997588515252584e-01 2.913175052385215125e-01 9.742237110677685052e-01 6.155931533184104687e-01
3.465100805992387123e-01 3.188157182093593889e-01 6.057456661230836703e-01 7.499612873404326585e-01 3.474219552616807927e-01 5.973070425038564668e-01 8.700559326923114067e-01 4.952791914762598724e-01 3.389942557380537513e-01 2.696935312538142893e-01 8.082827635722396042e-01 8.249522895545935430e-01 4.493336416838548675e-01 4.201049984178049646e-01 7.699540891388214625e-01 5.360857398949467889e-01 8.442444331993648188e-02 6.326009379667787424e-01 3.070707994058632928e-01 2.884039144411277844e-01 8.604432482934166737e-01 8.305649516081905492e-01 5.173479258354292121e-01 3.925199441289409785e-01 3.865042748759462965e-01 8.415123431490323380e-01 7.330506687879059236e-01 0.000000000000000000e+00 6.636837131168673576e-01 4.640212689143533575e-01 5.084457646574507272e-01 8.769193370080855532e-01 8.427640123686743756e-01 1.694332121479473763e-01 7.930295174880547249e-01
5.767265154381078229e-01 2.142898617918161941e-01 7.798306097949156968e-01 1.563430801834401196e-01 9.413777140933645704e-01 6.082313542888551083e-02 5.111410200491977029e-01 7.590383288263236050e-02 5.852636521858524121e-01 9.211041073028656267e-01 8.901186960347650112e-01 4.180131868623956359e-01 4.462924168910033518e-01 2.390732090339139360e-01 8.190103712898156862e-01 4.853607879554419635e-01 5.347441748739220069e-01 4.725726062614669098e-01 5.380015187556230760e-01 6.138817627720714043e-01 8.066473189187506332e-01 5.473318093654302441e-01 5.587104534044093906e-01 5.452563301910966498e-01 6.927910040065132780e-01 7.657048438860870609e-01 6.406015363999799650e-01 6.636837131168673576e-01 0.000000000000000000e+00 6.419250971296308617e-01 8.557655368242279570e-01 6.021818746014266921e-01 2.702498477315439240e-01 3.277349232199244788e-01 6.932669535702359331e-01
2.613361747808429225e-02 9.153297682168151095e-01 3.956524038287965173e-01 4.838999990668812479e-01 4.888027852048197341e-01 6.718451934811524584e-01 5.221086588112024973e-01 3.335389952525373847e-01 1.150368796861985787e-01 6.027452093907837982e-01 9.125844912738569903e-01 8.322490652344582962e-01 7.665555045717822313e-01 5.288776429615624775e-01 9.619788279205112591e-01 3.172647417832249461e-01 7.299033647192936236e-01 5.647646810456364852e-01 2.841429845819422040e-01 2.492696601312143212e-01 5.752596827151843506e-01 6.003963829206551139e-01 4.456305478357950323e-01 7.150555910792701919e-01 7.478804424097891257e-01 4.970728235883052348e-01 7.718151786987254015e-01 4.640212689143533575e-01 6.419250971296308617e-01 0.000000000000000000e+00 7.354630337064927970e-01 5.001049569196660549e-01 1.859322600966903938e-01 5.859186697257119381e-01 3.112323050416302417e-01
4.105300461414884694e-01 4.361385317762839220e-01 1.576186821990808173e-01 6.667491581313413906e-01 9.101753221754135259e-01 5.651565516947347767e-01 8.496080211487049283e-01 2.952101371366268046e-01 6.462168390278186791e-01 4.039833862322709246e-01 5.107990568835497625e-01 4.621627744412414862e-01 3.496664061258767942e-01 7.416428474631340251e-01 6.716389940847450335e-01 9.469563550798724139e-01 5.678687762725315169e-01 2.567357030865717316e-01 9.269848292692739467e-02 8.679769647087431927e-01 6.485394759566980305e-01 7.200071816066599961e-02 5.974299893809384976e-01 8.744419348232453926e-01 5.766626667114200799e-01 8.736829225787094977e-01 2.970707952586569278e-01 5.084457646574507272e-01 8.557655368242279570e-01 7.354630337064927970e-01 0.000000000000000000e+00 6.759070827865567566e-01 5.803575507065685812e-01 6.156129738874711599e-01 1.677166624891623936e-01
3.796281852527848000e-01 2.143133164765299026e-01 5.351581559065594629e-01 2.474418941048734388e-01 1.854817766089124076e-01 4.169437620951743639e-02 6.294075014518293321e-01 8.320001217512582592e-01 8.429627314454538611e-01 4.743916063832893659e-01 6.824402663749686848e-01 5.715464316272280687e-01 4.103500743849997079e-01 5.284554532679131000e-01 2.568287558789146274e-01 4.489467719710109606e-01 8.252605248736215593e-01 7.436121184230206627e-01 1.114897021413556732e-01 7.090970293972000960e-01 3.619348337719953124e-01 6.273639235459249619e-01 6.457635709961562220e-01 4.766133659312604132e-01 9.042965332294643499e-01 9.606905304047353988e-01 7.781997588515252584e-01 8.769193370080855532e-01 6.021818746014266921e-01 5.001049569196660549e-01 6.759070827865567566e-01 0.000000000000000000e+00 7.852538858680347955e-01 7.470249775508810419e-01 7.645226072219306612e-01
1.851629795642659726e-01 7.618732400089258672e-01 6.706737140773963990e-01 5.127790073592009001e-01 1.116602159285222662e-01 4.185847048251068458e-01 4.257794372639022162e-01 4.992753330591349625e-01 5.317831349508052030e-01 8.808794790821586895e-01 8.617694236093600413e-01 6.600559014571494298e-01 3.303924056103102469e-01 9.742851970269541528e-01 2.419857672075324539e-01 3.672292851355932752e-01 4.647162352795346507e-01 5.960781729421172903e-01 6.997973327823399092e-01 7.873374332184972513e-01 5.302100690097293345e-01 4.891593699196177258e-01 5.598356093898240182e-01 4.082914693874831746e-01 8.193992859737857515e-01 5.121795780368234574e-01 2.913175052385215125e-01 8.427640123686743756e-01 2.702498477315439240e-01 1.859322600966903938e-01 5.803575507065685812e-01 7.852538858680347955e-01 0.000000000000000000e+00 4.571552362141074188e-01 2.713015371817411037e-01
9.391203021795206940e-01 4.746763799392905159e-01 9.743870740928772811e-01 8.267951921866157905e-01 4.821586325707540865e-01 3.613416887984950421e-01 1.562663753428743529e-01 7.985665920430444764e-01 7.953366565841055724e-01 3.886060413771380007e-01 5.858898196239008538e-01 8.286620104956452515e-01 4.749935538718002004e-01 4.262276633009715598e-01 4.370787383389900249e-01 4.813132657686908233e-01 5.349461323132307378e-01 8.867157689065404691e-01 1.063165916385264698e-01 3.720772443349392722e-01 3.389794604162618130e-01 3.827170038405358632e-01 6.576463411373931756e-01 4.659121469804798910e-01 3.782770610195074212e-01 4.963499613037715141e-01 9.742237110677685052e-01 1.694332121479473763e-01 3.277349232199244788e-01 5.859186697257119381e-01 6.156129738874711599e-01 7.470249775508810419e-01 4.571552362141074188e-01 0.000000000000000000e+00 2.179188829732524590e-01
4.860977140578290889e-01 7.647263173917400181e-01 2.096041612164626367e-01 4.967009482159390199e-01 3.926706829108353447e-01 7.712541656151401526e-01 5.452469504782374576e-01 7.199228629691560855e-01 3.866443629422453565e-01 7.473730277359569296e-01 8.579928755046303257e-01 4.739735012262549230e-01 7.555663802534878792e-01 3.401812018263213888e-01 2.372216692309753183e-01 6.030021764521893424e-01 9.113193253991543896e-01 5.707861633299510240e-01 4.570035453971858508e-01 8.305714894022242500e-01 8.930215431748700361e-01 5.574909932730769402e-01 6.354057586355883469e-01 5.787621333025450010e-01 7.840134734585799681e-01 3.821038023493628089e-01 6.155931533184104687e-01 7.930295174880547249e-01 6.932669535702359331e-01 3.112323050416302417e-01 1.677166624891623936e-01 7.645226072219306612e-01 2.713015371817411037e-01 2.179188829732524590e-01 0.000000000000000000e+00
