0.000000000000000000e+00 5.049857931299119862e-01 2.821524976050616695e-01 7.669301567824704513e-01 5.381804634936377951e-01 6.371193116998987716e-01 7.162344502370815436e-01 9.391581402694941794e-01 8.987696049108316876e-01 4.097659863175651118e-01 5.781012820784832140e-01 2.147149368233203237e-01 8.148494778413462036e-01 7.210658724773771899e-01 1.723531193551623986e-01 4.051893788646677708e-01 1.285415539792286177e-01 6.194205913872189440e-01 4.231473571606668704e-01 4.294383792542806888e-01 7.760159065476313067e-01 7.313878693450450719e-01 4.929166849397494388e-01 6.625831479315087424e-01 9.049524763911207526e-01 7.088305750742858180e-01 4.054858522934656762e-01 4.741231273864473517e-01 6.405936262562492711e-01 6.072165436021228491e-01 4.429289461881660284e-01 4.093176537634791168e-01 7.435831216015478251e-01 3.007094507152860974e-01 3.958439877298691734e-01
5.049857931299119862e-01 0.000000000000000000e+00 7.783068706851712371e-01 1.535877752211622926e-01 8.339590405776933224e-01 5.908188960301862247e-01 5.413395155749100018e-01 4.378372530891831982e-01 4.492767905485420266e-01 7.499431513763386015e-01 2.225188203202425052e-01 8.140122991149202347e-01 7.146631872887394543e-01 2.691629551504278739e-01 5.162370263989989327e-01 7.915146004227282539e-01 8.068020084641387424e-01 6.739520345203995344e-01 6.147255453098503519e-01 7.378002000935610649e-01 6.706315415844086303e-01 8.415420245663614018e-01 7.799161538313524877e-01 8.215244511536824445e-01 5.562490907639302540e-01 6.275811978842744665e-01 2.008450116024382837e-01 9.509859112351557453e-01 1.036508722466462085e-01 4.782333484688619518e-01 9.732519489899422727e-01 4.833389549318996559e-01 7.969571947337467099e-01 2.410842291027155415e-01 1.878040393850117229e-01
2.821524976050616695e-01 7.783068706851712371e-01 0.000000000000000000e+00 2.072122671503701108e-01 6.512214182984077393e-01 5.230457301061433029e-01 3.765206491271954059e-01 2.229538722356787517e-01 8.144697881948184115e-01 3.490717689261509937e-01 2.908982202727905531e-01 5.830818258511768493e-01 7.978263439705362003e-01 7.721730036507373773e-01 6.831220724904096819e-01 3.811895499381398045e-01 3.833921521210664762e-01 5.640294992122999451e-01 5.547122176943792837e-01 5.051555537251599670e-01 1.180740218069199488e-01 4.419218703585148234e-02 5.597747768679809388e-01 1.973393177334205051e-01 8.373026072472538051e-01 2.455245140839565909e-01 8.477702349539664173e-01 1.384400570409889952e-01 4.924171024429763177e-01 3.761750111333141966e-01 3.404609595348728757e-01 3.812370687470432729e-01 4.324471725553579171e-01 2.616986013535795852e-01 5.919598946494259994e-01
7.669301567824704513e-01 1.535877752211622926e-01 2.072122671503701108e-01 0.000000000000000000e+00 3.887708616539461981e-01 6.218213870146970246e-01 3.589451996709219772e-01 7.424738234864267650e-01 5.374842504939019161e-01 4.176111415793768988e-01 4.283944216045985076e-01 5.094763221080517157e-01 4.162788078355371124e-01 4.890524642525798660e-01 8.895273679723270099e-01 2.480913148008119240e-01 8.154872856698811567e-01 6.380462179181980442e-01 4.546559961214361456e-01 6.967065077315720556e-01 7.019030732297647512e-01 5.367121340185507794e-01 5.103521851553224353e-01 6.686948769076818122e-01 8.801972689638364322e-01 6.992619518443361493e-01 8.776443729055598553e-01 6.823422109426111604e-01 4.094915384017191462e-01 3.777680094567213986e-01 3.327215484353640562e-01 6.988985247514403198e-01 4.514898147173841414e-01 4.265924703092482395e-01 5.048218790140610590e-01
5.381804634936377951e-01 8.339590405776933224e-01 6.512214182984077393e-01 3.887708616539461981e-01 0.000000000000000000e+00 6.675513630161823420e-01 5.498630923511037549e-01 2.516693285631123045e-01 2.145508484459441867e-01 3.274489053246001369e-01 5.783549464498626280e-01 8.098420384272470018e-01 5.748899646993945733e-01 6.961554858637668541e-01 4.857932837938233606e-01 2.284269840743684554e-01 4.744089647160658618e-01 4.705173889759503014e-01 6.268814345349760231e-01 6.306651190773280291e-01 8.211468310775815738e-01 4.436591825838418490e-01 4.599303282419058836e-01 5.412657270692783351e-01 4.139035953473910734e-01 5.780977626594567820e-01 3.336549709635497352e-01 1.684302288189987173e-01 6.686545279910616202e-01 2.291431038364788453e-02 4.546274150516501078e-01 4.044173941627292046e-01 4.843858173855970506e-01 1.925662155331206993e-01 5.824948083909901042e-01
6.371193116998987716e-01 5.908188960301862247e-01 5.230457301061433029e-01 6.218213870146970246e-01 6.675513630161823420e-01 0.000000000000000000e+00 8.306208427146648532e-01 7.400803580812109761e-01 3.978928501642744475e-01 4.553617217529975503e-01 5.583139595472318417e-01 7.028719651469381713e-01 3.395869534276650947e-01 7.416090865158033729e-01 2.037266978678440310e-01 6.709446032592963904e-01 1.897679031610158273e-01 3.588620123140953688e-01 4.332923517803206614e-01 2.121786460526896567e-01 5.443552071780328738e-01 4.879039764552824954e-01 8.652820873158353354e-01 1.650562076546376877e-01 5.421729077470170965e-01 6.755045518586491049e-01 6.358680217764932641e-01 1.090435297440558449e-01 8.797742681710007950e-01 3.081713544450633835e-01 8.250054640766768532e-01 4.318793283410122807e-01 7.630019272070724945e-01 4.401565962857358350e-01 5.060750822262169990e-01
7.162344502370815436e-01 5.413395155749100018e-01 3.765206491271954059e-01 3.589451996709219772e-01 5.498630923511037549e-01 8.306208427146648532e-01 0.000000000000000000e+00 9.243712152968364126e-01 2.280663924282249067e-01 4.756759916958208656e-01 6.859300214288204245e-01 5.547813862212409575e-01 5.581801227856462155e-01 7.256137573003439423e-01 3.831432074812299859e-01 7.226811822310763578e-01 6.989869584864467633e-01 2.500500045402399563e-01 6.265463445914154494e-01 7.899891160845582405e-01 8.207046685229306693e-01 5.458399675656695482e-01 8.339248265965130136e-01 8.684320879275160276e-01 9.183195451527748077e-01 4.223574379699908121e-01 6.366631140397176480e-01 4.503528849877844187e-01 7.730523366341217617e-01 4.363810251132450024e-01 4.884223407354308932e-01 3.291889266387223456e-01 7.436508622167320448e-01 6.212738149153397282e-01 3.827502122339168089e-01
9.391581402694941794e-01 4.378372530891831982e-01 2.229538722356787517e-01 7.424738234864267650e-01 2.516693285631123045e-01 7.400803580812109761e-01 9.243712152968364126e-01 0.000000000000000000e+00 6.967782165564095909e-01 1.794650614099252417e-01 3.266713328652296466e-01 5.059621631026031130e-01 6.881144267673657833e-01 6.284809810476723602e-01 5.195891974005993896e-01 3.849613369236939975e-01 4.393611827085759924e-01 5.763036969636323725e-01 7.166132965172167246e-01 7.766218977049987870e-02 6.008938637545813144e-01 5.192860813622541816e-01 9.425308514230419377e-01 4.613608778254263409e-01 6.911856470088757476e-01 4.529270389543816333e-01 6.365859436631801094e-01 5.941526867986006710e-01 7.507106275816773922e-01 6.342576495257052915e-01 7.105172091146416680e-01 1.304278477003291137e-01 3.815018014174154093e-01 5.142135844771857922e-01 6.591619274861635347e-01
8.987696049108316876e-01 4.492767905485420266e-01 8.144697881948184115e-01 5.374842504939019161e-01 2.145508484459441867e-01 3.978928501642744475e-01 2.280663924282249067e-01 6.967782165564095909e-01 0.000000000000000000e+00 8.339107236192222494e-02 2.668435872881453896e-01 2.019901222059510282e-01 5.716172440464393212e-01 7.860037664956733838e-01 4.283859986567042366e-01 4.277183893893269917e-01 4.596867975610731127e-01 2.325202139391328027e-01 5.390449406877444449e-01 1.891389896197206433e-01 7.345794932678251232e-01 6.339761370092302784e-01 8.660657333539737435e-01 1.248702608632870081e-01 7.490219363639250005e-01 2.720048938136266914e-01 4.529694618144001761e-01 2.169954174900262656e-01 5.007018415743276218e-01 3.689456390066244151e-01 2.188327029577983307e-01 9.622538653175574108e-01 7.039043364782630041e-01 4.416532346558379452e-01 6.865934930468065023e-01
4.097659863175651118e-01 7.499431513763386015e-01 3.490717689261509937e-01 4.176111415793768988e-01 3.274489053246001369e-01 4.553617217529975503e-01 4.756759916958208656e-01 1.794650614099252417e-01 8.339107236192222494e-02 0.000000000000000000e+00 4.825966803559209040e-01 6.004951963901894452e-01 3.646464744849222672e-01 3.351637433473698136e-01 4.884030892937805679e-01 4.633214147362433311e-01 4.656878185340231346e-01 5.680233438648741862e-01 9.446573566484894879e-01 3.746965679078043676e-01 6.122560008862002467e-01 2.409989755535528744e-01 3.942510963598860330e-01 5.512432483903771940e-01 2.838656255687470598e-01 6.687753412658850038e-01 3.888795399740734293e-01 4.398536616900185492e-01 5.687319891744588851e-01 8.161089609067031514e-01 2.294411392867190536e-01 5.511123354927233153e-01 7.946192044586741776e-01 4.047717050906714520e-01 6.487559757258487547e-01
5.781012820784832140e-01 2.225188203202425052e-01 2.908982202727905531e-01 4.283944216045985076e-01 5.783549464498626280e-01 5.583139595472318417e-01 6.859300214288204245e-01 3.266713328652296466e-01 2.668435872881453896e-01 4.825966803559209040e-01 0.000000000000000000e+00 5.986810101102884030e-01 7.729792976132831006e-01 4.468215297620982129e-01 7.796158928536811583e-01 6.347405589543263504e-01 2.955567370629832435e-01 4.579836832455664308e-01 6.033103715541263679e-01 2.710386696086364289e-01 8.098010694028426881e-01 2.390394649935135840e-01 1.329096148414415923e-01 6.047894751566006422e-01 6.898516145207714834e-01 8.771839064482056525e-01 8.122821470375517494e-01 8.837322180433333507e-01 4.671868959920144615e-01 4.074043753641340415e-01 5.676757017173478248e-01 8.110610510126743389e-01 7.823796743773666629e-01 4.646876439786887802e-01 2.879717065390091646e-01
2.147149368233203237e-01 8.140122991149202347e-01 5.830818258511768493e-01 5.094763221080517157e-01 8.098420384272470018e-01 7.028719651469381713e-01 5.547813862212409575e-01 5.059621631026031130e-01 2.019901222059510282e-01 6.004951963901894452e-01 5.986810101102884030e-01 0.000000000000000000e+00 4.295137012265186072e-01 5.576076989387058758e-01 1.410597721179781550e-01 4.210788335986105357e-01 4.277263135652917825e-01 8.881284763395035364e-01 7.432624996418502050e-01 6.984472099119125588e-01 7.888357789383351193e-01 5.765030088959951504e-01 2.562821415787412405e-01 5.065165484584837063e-01 8.082978394142101841e-01 2.732698483091888786e-01 8.485952954782545188e-01 4.726349517894684604e-01 2.207910391533351446e-01 6.408256707554620402e-01 4.011396701723817793e-01 1.789833447943074418e-01 2.235405880089312847e-01 8.169595075640391224e-01 8.575151123191102620e-01
8.148494778413462036e-01 7.146631872887394543e-01 7.978263439705362003e-01 4.162788078355371124e-01 5.748899646993945733e-01 3.395869534276650947e-01 5.581801227856462155e-01 6.881144267673657833e-01 5.716172440464393212e-01 3.646464744849222672e-01 7.729792976132831006e-01 4.295137012265186072e-01 0.000000000000000000e+00 8.048337659726458870e-01 2.988033965266747582e-01 6.594370810552740991e-01 4.690742424357943197e-01 5.533058233325385267e-01 4.998314948189958029e-01 5.673090483813412188e-01 5.535175102704056327e-01 2.992534723959869303e-01 6.163483733276939880e-01 1.354462193301922968e-01 5.353089405095399211e-01 2.370428119611066586e-01 2.216972840300733827e-01 2.916395320241858546e-01 2.937193233399252312e-01 7.752633259065059290e-01 6.115727950889080500e-01 1.488854172773500517e-01 3.134627876199085339e-01 3.105434650000469254e-01 7.982294834077243717e-01
7.210658724773771899e-01 2.691629551504278739e-01 7.721730036507373773e-01 4.890524642525798660e-01 6.961554858637668541e-01 7.416090865158033729e-01 7.256137573003439423e-01 6.284809810476723602e-01 7.860037664956733838e-01 3.351637433473698136e-01 4.468215297620982129e-01 5.576076989387058758e-01 8.048337659726458870e-01 0.000000000000000000e+00 4.303334393607094466e-01 3.463472582116944309e-01 4.736880813626949127e-01 3.717767921573614243e-01 4.022757783741328641e-01 3.951404099175248597e-01 1.742795054322198167e-01 9.052273493382272385e-01 2.912142781745739040e-01 4.657818037619003149e-01 3.110898763701865910e-01 6.406331360278854081e-01 1.999763543353718642e-01 2.172779145446794291e-01 4.146753697384686910e-01 5.540471407373649404e-01 3.534166798486614303e-01 6.774558358324114238e-01 8.096403305888393298e-01 5.435619890987067881e-01 6.486525212487298520e-01
1.723531193551623986e-01 5.162370263989989327e-01 6.831220724904096819e-01 8.895273679723270099e-01 4.857932837938233606e-01 2.037266978678440310e-01 3.831432074812299859e-01 5.195891974005993896e-01 4.283859986567042366e-01 4.884030892937805679e-01 7.796158928536811583e-01 1.410597721179781550e-01 2.988033965266747582e-01 4.303334393607094466e-01 0.000000000000000000e+00 4.572225078311377144e-01 4.852398391734618066e-01 3.561553214144216883e-01 5.269349694475792267e-01 6.776028617278311295e-01 9.148261578185272747e-01 4.003038417545221606e-01 9.183621190888258123e-02 1.199518064541048035e-01 2.793777803881719590e-01 5.097378633947948767e-01 3.129148401203980523e-01 5.537916616584426244e-01 3.693776252622726908e-01 5.411760846544104719e-01 8.507505893114165607e-01 6.506523999562272564e-01 6.666023517876384918e-01 8.758393057437511287e-01 5.706980084824535560e-01
4.051893788646677708e-01 7.915146004227282539e-01 3.811895499381398045e-01 2.480913148008119240e-01 2.284269840743684554e-01 6.709446032592963904e-01 7.226811822310763578e-01 3.849613369236939975e-01 4.277183893893269917e-01 4.633214147362433311e-01 6.347405589543263504e-01 4.210788335986105357e-01 6.594370810552740991e-01 3.463472582116944309e-01 4.572225078311377144e-01 0.000000000000000000e+00 6.692088782286764737e-01 4.430250793458518910e-01 4.332290506777402017e-01 3.598695521272390341e-01 5.532157627364835406e-01 8.764445885507752276e-01 5.609658457110924257e-01 7.751824220283940470e-01 8.554805691050714200e-01 7.069586251913204666e-01 4.175160768900612607e-01 2.034473086689981280e-01 5.522482813883703434e-01 4.796705258850114673e-01 5.299869163493160507e-01 7.270306091568876639e-01 3.545057100364268354e-01 2.228406218509113579e-01 8.942819074840688831e-01
1.285415539792286177e-01 8.068020084641387424e-01 3.833921521210664762e-01 8.154872856698811567e-01 4.744089647160658618e-01 1.897679031610158273e-01 6.989869584864467633e-01 4.393611827085759924e-01 4.596867975610731127e-01 4.656878185340231346e-01 2.955567370629832435e-01 4.277263135652917825e-01 4.690742424357943197e-01 4.736880813626949127e-01 4.852398391734618066e-01 6.692088782286764737e-01 0.000000000000000000e+00 5.768272143798923723e-01 7.734182479989382131e-01 4.136024622123312677e-01 7.734602651057144174e-01 7.161457344688477722e-01 6.156812602068808538e-01 3.369902332102366893e-01 5.207381147812655264e-01 5.428046462490139223e-01 6.759309662470567304e-01 3.987607872089166117e-01 7.630125779976537626e-01 1.441374645599070581e-01 7.615597949142602907e-01 6.803286446941867460e-01 6.176755987267075199e-01 5.349282633849393731e-01 4.491941267527458370e-01
6.194205913872189440e-01 6.739520345203995344e-01 5.640294992122999451e-01 6.380462179181980442e-01 4.705173889759503014e-01 3.588620123140953688e-01 2.500500045402399563e-01 5.763036969636323725e-01 2.325202139391328027e-01 5.680233438648741862e-01 4.579836832455664308e-01 8.881284763395035364e-01 5.533058233325385267e-01 3.717767921573614243e-01 3.561553214144216883e-01 4.430250793458518910e-01 5.768272143798923723e-01 0.000000000000000000e+00 5.356551731930161431e-01 8.399538649180502414e-01 6.960737862146879618e-01 3.167662843778825121e-01 8.342101501211380832e-01 3.723821490294974002e-01 7.953756947573432656e-01 1.298704789668442272e-01 8.278561902707761710e-01 8.265671933827238860e-01 5.973908907419097636e-01 1.675403707249627505e-01 3.018239770017620005e-01 5.859771716244475126e-01 2.037478929347642520e-01 5.208534878509973876e-01 8.510528168494571055e-01
4.231473571606668704e-01 6.147255453098503519e-01 5.547122176943792837e-01 4.546559961214361456e-01 6.268814345349760231e-01 4.332923517803206614e-01 6.265463445914154494e-01 7.166132965172167246e-01 5.390449406877444449e-01 9.446573566484894879e-01 6.033103715541263679e-01 7.432624996418502050e-01 4.998314948189958029e-01 4.022757783741328641e-01 5.269349694475792267e-01 4.332290506777402017e-01 7.734182479989382131e-01 5.356551731930161431e-01 0.000000000000000000e+00 3.251553902103795357e-01 8.181475848343855439e-01 5.340351946495662805e-01 8.368561951411997990e-01 2.266591841062892132e-01 5.862912031962885795e-01 5.028524646925762731e-01 5.780720054528447616e-01 4.969852094883996929e-01 1.415314309332660336e-01 7.696295174009981643e-01 7.105683090035431748e-01 8.969890883346529620e-01 1.339300850505479312e-01 7.321359941230566326e-01 5.360610172246693672e-01
4.294383792542806888e-01 7.378002000935610649e-01 5.051555537251599670e-01 6.967065077315720556e-01 6.306651190773280291e-01 2.121786460526896567e-01 7.899891160845582405e-01 7.766218977049987870e-02 1.891389896197206433e-01 3.746965679078043676e-01 2.710386696086364289e-01 6.984472099119125588e-01 5.673090483813412188e-01 3.951404099175248597e-01 6.776028617278311295e-01 3.598695521272390341e-01 4.136024622123312677e-01 8.399538649180502414e-01 3.251553902103795357e-01 0.000000000000000000e+00 8.244848955578066851e-01 5.719185562883681850e-01 9.130617520709571888e-01 4.798591376416594390e-01 7.182170108145561338e-01 7.842696783677954864e-01 4.770220964825828691e-01 4.110769729366556824e-01 1.699212251035310262e-01 4.653606111382063704e-01 7.662254974485238623e-01 5.372031719330809807e-01 1.919132359680075783e-01 7.843048429766821261e-01 6.170136938947079486e-01
7.760159065476313067e-01 6.706315415844086303e-01 1.180740218069199488e-01 7.019030732297647512e-01 8.211468310775815738e-01 5.443552071780328738e-01 8.207046685229306693e-01 6.008938637545813144e-01 7.345794932678251232e-01 6.122560008862002467e-01 8.098010694028426881e-01 7.888357789383351193e-01 5.535175102704056327e-01 1.742795054322198167e-01 9.148261578185272747e-01 5.532157627364835406e-01 7.734602651057144174e-01 6.960737862146879618e-01 8.181475848343855439e-01 8.244848955578066851e-01 0.000000000000000000e+00 8.334736896874490597e-01 3.890232284834539978e-01 4.963226434330675341e-01 9.073081564581907399e-01 3.267417292473452362e-01 8.456331839276696183e-01 5.862094147616969675e-01 9.372640059552006520e-02 2.858592529011040329e-01 5.505757692241797230e-01 3.717815238685476253e-01 5.740368543655081091e-01 7.670914524115826083e-01 1.022058011717028592e-01
7.313878693450450719e-01 8.415420245663614018e-01 4.419218703585148234e-02 5.367121340185507794e-01 4.436591825838418490e-01 4.879039764552824954e-01 5.458399675656695482e-01 5.192860813622541816e-01 6.339761370092302784e-01 2.409989755535528744e-01 2.390394649935135840e-01 5.765030088959951504e-01 2.992534723959869303e-01 9.052273493382272385e-01 4.003038417545221606e-01 8.764445885507752276e-01 7.161457344688477722e-01 3.167662843778825121e-01 5.340351946495662805e-01 5.719185562883681850e-01 8.334736896874490597e-01 0.000000000000000000e+00 6.389506155761184303e-01 8.785904842869918241e-02 4.378964416798984960e-01 4.394867750086097757e-01 4.362452277045777427e-01 7.085624402137475908e-01 6.280414159017344566e-02 3.903136911320130298e-01 5.359595010943237758e-01 8.813151198419111321e-02 5.338660182210046568e-01 7.723590233279533646e-01 4.191983377238715502e-01
4.929166849397494388e-01 7.799161538313524877e-01 5.597747768679809388e-01 5.103521851553224353e-01 4.599303282419058836e-01 8.652820873158353354e-01 8.339248265965130136e-01 9.425308514230419377e-01 8.660657333539737435e-01 3.942510963598860330e-01 1.329096148414415923e-01 2.562821415787412405e-01 6.163483733276939880e-01 2.912142781745739040e-01 9.183621190888258123e-02 5.609658457110924257e-01 6.156812602068808538e-01 8.342101501211380832e-01 8.368561951411997990e-01 9.130617520709571888e-01 3.890232284834539978e-01 6.389506155761184303e-01 0.000000000000000000e+00 6.004510172642529842e-01 5.112265377868754346e-01 2.792238063782274127e-01 2.500073060055207907e-01 5.124740633215671970e-01 1.123628784114308887e-01 2.844058884376041707e-01 3.660653703878996024e-01 2.713625130797200358e-01 1.931997801177075536e-01 6.009511893788759274e-01 1.930477860680049895e-01
6.625831479315087424e-01 8.215244511536824445e-01 1.973393177334205051e-01 6.686948769076818122e-01 5.412657270692783351e-01 1.650562076546376877e-01 8.684320879275160276e-01 4.613608778254263409e-01 1.248702608632870081e-01 5.512432483903771940e-01 6.047894751566006422e-01 5.065165484584837063e-01 1.354462193301922968e-01 4.657818037619003149e-01 1.199518064541048035e-01 7.751824220283940470e-01 3.369902332102366893e-01 3.723821490294974002e-01 2.266591841062892132e-01 4.798591376416594390e-01 4.963226434330675341e-01 8.785904842869918241e-02 6.004510172642529842e-01 0.000000000000000000e+00 4.962809360429608074e-01 5.471450300446010218e-01 6.631001248782376623e-01 3.101146574048784244e-01 6.343158166402358411e-01 4.982155940997631260e-01 4.270717166274001775e-01 5.857589830585364643e-01 3.954087953767929098e-01 7.252029290394534922e-02 6.993157559427624070e-01
9.049524763911207526e-01 5.562490907639302540e-01 8.373026072472538051e-01 8.801972689638364322e-01 4.139035953473910734e-01 5.421729077470170965e-01 9.183195451527748077e-01 6.911856470088757476e-01 7.490219363639250005e-01 2.838656255687470598e-01 6.898516145207714834e-01 8.082978394142101841e-01 5.353089405095399211e-01 3.110898763701865910e-01 2.793777803881719590e-01 8.554805691050714200e-01 5.207381147812655264e-01 7.953756947573432656e-01 5.862912031962885795e-01 7.182170108145561338e-01 9.073081564581907399e-01 4.378964416798984960e-01 5.112265377868754346e-01 4.962809360429608074e-01 0.000000000000000000e+00 4.386330489686639522e-01 2.548782671093012264e-01 4.054659219492321443e-01 6.767894173036573813e-01 7.654229440329862744e-01 4.414747826197215619e-01 2.528517794515589556e-01 4.464232130046329461e-01 6.900829862839870099e-01 8.390073477683388514e-01
7.088305750742858180e-01 6.275811978842744665e-01 2.455245140839565909e-01 6.992619518443361493e-01 5.780977626594567820e-01 6.755045518586491049e-01 4.223574379699908121e-01 4.529270389543816333e-01 2.720048938136266914e-01 6.687753412658850038e-01 8.771839064482056525e-01 2.732698483091888786e-01 2.370428119611066586e-01 6.406331360278854081e-01 5.097378633947948767e-01 7.069586251913204666e-01 5.428046462490139223e-01 1.298704789668442272e-01 5.028524646925762731e-01 7.842696783677954864e-01 3.267417292473452362e-01 4.394867750086097757e-01 2.792238063782274127e-01 5.471450300446010218e-01 4.386330489686639522e-01 0.000000000000000000e+00 3.094734947241740697e-01 4.274607429760691746e-01 4.469001450949926513e-01 3.611366586158317737e-01 6.221873803576953854e-01 6.063045796513724106e-01 2.977335959770545104e-01 7.604263773646353641e-01 4.795347776565461184e-01
4.054858522934656762e-01 2.008450116024382837e-01 8.477702349539664173e-01 8.776443729055598553e-01 3.336549709635497352e-01 6.358680217764932641e-01 6.366631140397176480e-01 6.365859436631801094e-01 4.529694618144001761e-01 3.888795399740734293e-01 8.122821470375517494e-01 8.485952954782545188e-01 2.216972840300733827e-01 1.999763543353718642e-01 3.129148401203980523e-01 4.175160768900612607e-01 6.759309662470567304e-01 8.278561902707761710e-01 5.780720054528447616e-01 4.770220964825828691e-01 8.456331839276696183e-01 4.362452277045777427e-01 2.500073060055207907e-01 6.631001248782376623e-01 2.548782671093012264e-01 3.094734947241740697e-01 0.000000000000000000e+00 3.832596795772924003e-01 8.894159401052454950e-01 8.026716418451418367e-02 6.276121883281842173e-01 4.258829110046190580e-01 2.091077773162752784e-01 4.403693760943154789e-01 6.244789710394680338e-01
4.741231273864473517e-01 9.509859112351557453e-01 1.384400570409889952e-01 6.823422109426111604e-01 1.684302288189987173e-01 1.090435297440558449e-01 4.503528849877844187e-01 5.941526867986006710e-01 2.169954174900262656e-01 4.398536616900185492e-01 8.837322180433333507e-01 4.726349517894684604e-01 2.916395320241858546e-01 2.172779145446794291e-01 5.537916616584426244e-01 2.034473086689981280e-01 3.987607872089166117e-01 8.265671933827238860e-01 4.969852094883996929e-01 4.110769729366556824e-01 5.862094147616969675e-01 7.085624402137475908e-01 5.124740633215671970e-01 3.101146574048784244e-01 4.054659219492321443e-01 4.274607429760691746e-01 3.832596795772924003e-01 0.000000000000000000e+00 7.902582101473505372e-01 5.271101413772011357e-01 9.450276063163245421e-01 4.482130279716680099e-01 5.452172356267805942e-01 8.675684319818061097e-01 9.088310719124079728e-01
6.405936262562492711e-01 1.036508722466462085e-01 4.924171024429763177e-01 4.094915384017191462e-01 6.686545279910616202e-01 8.797742681710007950e-01 7.730523366341217617e-01 7.507106275816773922e-01 5.007018415743276218e-01 5.687319891744588851e-01 4.671868959920144615e-01 2.207910391533351446e-01 2.937193233399252312e-01 4.146753697384686910e-01 3.693776252622726908e-01 5.522482813883703434e-01 7.630125779976537626e-01 5.973908907419097636e-01 1.415314309332660336e-01 1.699212251035310262e-01 9.372640059552006520e-02 6.280414159017344566e-02 1.123628784114308887e-01 6.343158166402358411e-01 6.767894173036573813e-01 4.469001450949926513e-01 8.894159401052454950e-01 7.902582101473505372e-01 0.000000000000000000e+00 4.525953098173624012e-01 6.177392280857327833e-01 1.220819400715712488e-01 6.710640542467438685e-01 4.106389458898946354e-01 6.868346122316613123e-01
6.072165436021228491e-01 4.782333484688619518e-01 3.761750111333141966e-01 3.777680094567213986e-01 2.291431038364788453e-02 3.081713544450633835e-01 4.363810251132450024e-01 6.342576495257052915e-01 3.689456390066244151e-01 8.161089609067031514e-01 4.074043753641340415e-01 6.408256707554620402e-01 7.752633259065059290e-01 5.540471407373649404e-01 5.411760846544104719e-01 4.796705258850114673e-01 1.441374645599070581e-01 1.675403707249627505e-01 7.696295174009981643e-01 4.653606111382063704e-01 2.858592529011040329e-01 3.903136911320130298e-01 2.844058884376041707e-01 4.982155940997631260e-01 7.654229440329862744e-01 3.611366586158317737e-01 8.026716418451418367e-02 5.271101413772011357e-01 4.525953098173624012e-01 0.000000000000000000e+00 2.887983849167618522e-01 2.732520353899221544e-01 3.517835848403528254e-01 4.507243852851812727e-01 3.206280330406522383e-01
4.429289461881660284e-01 9.732519489899422727e-01 3.404609595348728757e-01 3.327215484353640562e-01 4.546274150516501078e-01 8.250054640766768532e-01 4.884223407354308932e-01 7.105172091146416680e-01 2.188327029577983307e-01 2.294411392867190536e-01 5.676757017173478248e-01 4.011396701723817793e-01 6.115727950889080500e-01 3.534166798486614303e-01 8.507505893114165607e-01 5.299869163493160507e-01 7.615597949142602907e-01 3.018239770017620005e-01 7.105683090035431748e-01 7.662254974485238623e-01 5.505757692241797230e-01 5.359595010943237758e-01 3.660653703878996024e-01 4.270717166274001775e-01 4.414747826197215619e-01 6.221873803576953854e-01 6.276121883281842173e-01 9.450276063163245421e-01 6.177392280857327833e-01 2.887983849167618522e-01 0.000000000000000000e+00 2.852757965936568718e-01 3.872354449216046657e-01 2.475670876555214894e-01 4.226548500234168504e-01
4.093176537634791168e-01 4.833389549318996559e-01 3.812370687470432729e-01 6.988985247514403198e-01 4.044173941627292046e-01 4.318793283410122807e-01 3.291889266387223456e-01 1.304278477003291137e-01 9.622538653175574108e-01 5.511123354927233153e-01 8.110610510126743389e-01 1.789833447943074418e-01 1.488854172773500517e-01 6.774558358324114238e-01 6.506523999562272564e-01 7.270306091568876639e-01 6.803286446941867460e-01 5.859771716244475126e-01 8.969890883346529620e-01 5.372031719330809807e-01 3.717815238685476253e-01 8.813151198419111321e-02 2.713625130797200358e-01 5.857589830585364643e-01 2.528517794515589556e-01 6.063045796513724106e-01 4.258829110046190580e-01 4.482130279716680099e-01 1.220819400715712488e-01 2.732520353899221544e-01 2.852757965936568718e-01 0.000000000000000000e+00 7.750646273660988239e-02 3.069510197155187470e-01 3.744696150359039244e-01
7.435831216015478251e-01 7.969571947337467099e-01 4.324471725553579171e-01 4.514898147173841414e-01 4.843858173855970506e-01 7.630019272070724945e-01 7.436508622167320448e-01 3.815018014174154093e-01 7.039043364782630041e-01 7.946192044586741776e-01 7.823796743773666629e-01 2.235405880089312847e-01 3.134627876199085339e-01 8.096403305888393298e-01 6.666023517876384918e-01 3.545057100364268354e-01 6.176755987267075199e-01 2.037478929347642520e-01 1.339300850505479312e-01 1.919132359680075783e-01 5.740368543655081091e-01 5.338660182210046568e-01 1.931997801177075536e-01 3.954087953767929098e-01 4.464232130046329461e-01 2.977335959770545104e-01 2.091077773162752784e-01 5.452172356267805942e-01 6.710640542467438685e-01 3.517835848403528254e-01 3.872354449216046657e-01 7.750646273660988239e-02 0.000000000000000000e+00 2.882246661080085648e-01 3.074001237814070198e-01
3.007094507152860974e-01 2.410842291027155415e-01 2.616986013535795852e-01 4.265924703092482395e-01 1.925662155331206993e-01 4.401565962857358350e-01 6.212738149153397282e-01 5.142135844771857922e-01 4.416532346558379452e-01 4.047717050906714520e-01 4.646876439786887802e-01 8.169595075640391224e-01 3.105434650000469254e-01 5.435619890987067881e-01 8.758393057437511287e-01 2.228406218509113579e-01 5.349282633849393731e-01 5.208534878509973876e-01 7.321359941230566326e-01 7.843048429766821261e-01 7.670914524115826083e-01 7.723590233279533646e-01 6.009511893788759274e-01 7.252029290394534922e-02 6.900829862839870099e-01 7.604263773646353641e-01 4.403693760943154789e-01 8.675684319818061097e-01 4.106389458898946354e-01 4.507243852851812727e-01 2.475670876555214894e-01 3.069510197155187470e-01 2.882246661080085648e-01 0.000000000000000000e+00 8.209911137107017698e-01
3.958439877298691734e-01 1.878040393850117229e-01 5.919598946494259994e-01 5.048218790140610590e-01 5.824948083909901042e-01 5.060750822262169990e-01 3.827502122339168089e-01 6.591619274861635347e-01 6.865934930468065023e-01 6.487559757258487547e-01 2.879717065390091646e-01 8.575151123191102620e-01 7.982294834077243717e-01 6.486525212487298520e-01 5.706980084824535560e-01 8.942819074840688831e-01 4.491941267527458370e-01 8.510528168494571055e-01 5.360610172246693672e-01 6.170136938947079486e-01 1.022058011717028592e-01 4.191983377238715502e-01 1.930477860680049895e-01 6.993157559427624070e-01 8.390073477683388514e-01 4.795347776565461184e-01 6.244789710394680338e-01 9.088310719124079728e-01 6.868346122316613123e-01 3.206280330406522383e-01 4.226548500234168504e-01 3.744696150359039244e-01 3.074001237814070198e-01 8.209911137107017698e-01 0.000000000000000000e+00
