0.000000000000000000e+00 7.120942355561434844e-01 3.263234512567130818e-01 8.139866196944272048e-01 4.681452671386866493e-01 4.279630274947680002e-01 4.943898838372917659e-01 7.986677527885654992e-01 3.624211403904878948e-01 2.437831374335091006e-01 4.947999279318325283e-01 5.416732465080962289e-01 6.168642172671527923e-01 4.685641818010478632e-01 4.464157303184067560e-01 4.488014802831855055e-01 6.456247533223919977e-01 7.498958612917228095e-01 8.518473447666186082e-01 6.295368454823907500e-01 1.224778214880595240e-01 5.526242904425378022e-01 7.325103130021999309e-01 3.435692187242323503e-01 5.344265103217669122e-01 3.758232082369429294e-01 7.390401688510743750e-01 2.648115400266203290e-01 4.586415947121842973e-01 5.215618410556546181e-01 7.805123111451012230e-01 3.889249439998593849e-01 3.288870595070373937e-01 4.164403669633311988e-01 2.554617382978442430e-01
7.120942355561434844e-01 0.000000000000000000e+00 8.541251072459230542e-01 7.234233355119166209e-01 3.592660356554693291e-01 4.335378497495437355e-01 9.433363777492655977e-01 5.865855410980398421e-01 6.961038854993852887e-01 5.331096059852690194e-01 4.663525883022989205e-01 7.484934975625281428e-01 5.449516402560743433e-01 7.724900483117033145e-01 9.657399300260930408e-01 5.485694884836754825e-01 9.378589421709893070e-02 6.680260577703889258e-01 4.606657986503994717e-01 4.982019572500581139e-01 7.407192008165202068e-01 8.784973879636326366e-01 5.370052828151441471e-01 3.726551649988854575e-01 7.362525555532906107e-01 4.461227502014400992e-01 4.344632847522880148e-01 1.444761755219452493e-01 8.307975320750831116e-01 5.206628507677356632e-01 1.797151048496143932e-01 5.168164822195222552e-01 4.737281914829604701e-01 2.803516465994683182e-01 6.485667382672876125e-01
3.263234512567130818e-01 8.541251072459230542e-01 0.000000000000000000e+00 7.379649553950753393e-01 8.032496844455233598e-01 6.620310745976586420e-01 8.659569321709973400e-01 4.960960874894113082e-01 4.883287131905865719e-01 8.184487284627164350e-01 8.686396848668539450e-01 8.396623706594621428e-01 7.227531385327141678e-01 5.653201871943155377e-01 1.201995532625459440e-01 4.326406488541328921e-01 8.525305127028208751e-01 5.179733907436608886e-01 7.426736676235139445e-01 5.748851921329809489e-01 7.384073512189097688e-01 4.664919070573813054e-01 4.685084776216911218e-01 7.972893570016738041e-01 8.024872284303912195e-01 3.180522728596274495e-01 5.277132784747817773e-01 8.730709492545523087e-01 5.812039438641523059e-01 1.998343828166399272e-01 5.740824726715678672e-01 4.220818620427211343e-01 5.134216732198874089e-01 7.220838914577849543e-01 3.578058983528345505e-01
8.139866196944272048e-01 7.234233355119166209e-01 7.379649553950753393e-01 0.000000000000000000e+00 7.544330836984796118e-01 4.419542637789674044e-01 3.615244662839731116e-01 2.232578913974963553e-01 8.124715340292556487e-01 4.386090391455300663e-01 4.004024518885299644e-01 6.568087807328584216e-01 7.832172605430438583e-01 5.776258899200019670e-01 8.526394661747698223e-01 1.755248623421834520e-01 8.448563096950778561e-01 4.759320735472282182e-01 3.261347368362683685e-01 3.363633783358158658e-01 8.155121451953186718e-01 8.476823037885170553e-01 2.353817315700782453e-01 7.636885728282262198e-01 5.404789398069920203e-01 5.197630060828091203e-01 5.961833096452308078e-01 4.876692247908020472e-01 3.407036114801168525e-01 7.032338966967368599e-01 4.725613137108813921e-01 5.336658260708463386e-01 3.913117158168147869e-01 3.540853850044763940e-01 1.427359259922035273e-01
4.681452671386866493e-01 3.592660356554693291e-01 8.032496844455233598e-01 7.544330836984796118e-01 0.000000000000000000e+00 7.396054024236231594e-01 5.840749808259483311e-01 4.945759066585136976e-01 5.201568122518978043e-01 3.799324389512552247e-01 4.477657871241771392e-01 7.179925734469947418e-01 5.526088960565267438e-01 3.398973398364661391e-01 4.613689553595236026e-01 3.287662181768368774e-01 3.803851161323765773e-01 6.900447430011762417e-01 5.112007250798427105e-01 8.735374617955714571e-01 6.068103005692158103e-01 8.487350440359768822e-01 7.201164461211129186e-01 4.425254412072616717e-01 2.987975872782211439e-01 6.589718956113022053e-01 6.372433295499713157e-01 7.193870177811523270e-01 3.252953190089146740e-01 4.915394988311341251e-01 8.132590944273918598e-01 7.372510526511877327e-01 5.355462046593091330e-01 8.955955583097374717e-01 6.174496505348574527e-01
4.279630274947680002e-01 4.335378497495437355e-01 6.620310745976586420e-01 4.419542637789674044e-01 7.396054024236231594e-01 0.000000000000000000e+00 4.773324538732103273e-01 7.762599107293296496e-01 7.777392281539786678e-01 6.991001453280136779e-01 6.789405011335450935e-01 5.231320293002483801e-01 6.871589652255429836e-01 2.601452044054818891e-01 8.821267421861255231e-01 8.643814258795909922e-01 9.240761624865767576e-01 6.786985531134348548e-01 3.434871448665742788e-01 7.564311491437586410e-01 9.099291013804028383e-01 7.256462554686153865e-01 7.418769788670684928e-01 5.299378090684521148e-01 3.026815189058043587e-01 6.090505250387600045e-01 9.775066407164472171e-01 7.467910907147456978e-01 4.284033716276892667e-01 9.153480844003045735e-01 1.775116943443252326e-01 3.585540513288417164e-01 6.034863390986371368e-01 4.240800408888619200e-01 3.277633567889814969e-01
4.943898838372917659e-01 9.433363777492655977e-01 8.659569321709973400e-01 3.615244662839731116e-01 5.840749808259483311e-01 4.773324538732103273e-01 0.000000000000000000e+00 9.161126324070238969e-01 5.986814661923958170e-01 3.680596679829691853e-01 7.678247840172165439e-01 8.026115299767051514e-01 9.241258637158640266e-01 6.594245976910305673e-01 3.933778725978717694e-01 5.612887665508607959e-01 8.584792805739864807e-01 4.693655268404444691e-01 3.189875499370231626e-01 6.481817513621114246e-01 3.164155163828764605e-01 5.864673856888141801e-01 6.448039887096894685e-01 9.238276015852553424e-01 8.370214607698878151e-01 5.420642982715997427e-01 6.075417716673694457e-01 4.399080623250595234e-02 7.194629149213080943e-01 8.550810339381879066e-01 6.522429289820876885e-01 5.096974701539728203e-01 8.168428091829280646e-01 9.213566766455945078e-01 9.166392023774641018e-01
7.986677527885654992e-01 5.865855410980398421e-01 4.960960874894113082e-01 2.232578913974963553e-01 4.945759066585136976e-01 7.762599107293296496e-01 9.161126324070238969e-01 0.000000000000000000e+00 4.268536551324003114e-01 4.598954800875353910e-01 5.523360016182623511e-01 4.135588343917062093e-01 4.034606119747398134e-01 4.194154982894270911e-01 1.297602138629110335e-01 8.739794998837142614e-01 4.408895808386646409e-01 7.485348511225687895e-01 9.319032444505126467e-02 3.332018942914094506e-01 4.082264806403073654e-01 4.640688019845843337e-01 2.548789638589664119e-01 5.720358440043882275e-01 5.584244141216407886e-01 9.996751552792049189e-02 8.641947940351263346e-01 1.367210523791911880e-01 3.662921933712789402e-01 7.980250806250226425e-01 2.971494287990136263e-01 4.920770944623182874e-01 4.911286414401458966e-01 5.480021674857751268e-01 9.028467890810049079e-01
3.624211403904878948e-01 6.961038854993852887e-01 4.883287131905865719e-01 8.124715340292556487e-01 5.201568122518978043e-01 7.777392281539786678e-01 5.986814661923958170e-01 4.268536551324003114e-01 0.000000000000000000e+00 3.316030355679479569e-01 4.304874893149488457e-01 7.957689408812429477e-01 5.048942907443986217e-01 4.895760025957470174e-01 7.956732692690486886e-01 8.981607730261182976e-01 5.529992067082791785e-01 8.953911072858030673e-01 3.756272926441817095e-01 5.786533212333995202e-01 4.422213329394003023e-01 7.264953679502047512e-01 2.100001029946028108e-01 5.602495286346717007e-01 2.517542624626475378e-01 7.399756983331262639e-01 7.118112972033294739e-01 5.120698127987330928e-01 3.499400634644242447e-01 6.146614577849384142e-01 2.073108382137526240e-01 8.092838860280781033e-01 3.326287019925586730e-01 4.785498099989302645e-01 5.241936108251707971e-01
2.437831374335091006e-01 5.331096059852690194e-01 8.184487284627164350e-01 4.386090391455300663e-01 3.799324389512552247e-01 6.991001453280136779e-01 3.680596679829691853e-01 4.598954800875353910e-01 3.316030355679479569e-01 0.000000000000000000e+00 7.847915095443234179e-01 9.182344038409625542e-01 4.986525955994735027e-01 9.164448614260887194e-01 3.991976187001618492e-01 9.350721868890723432e-01 6.912660450120897693e-01 3.917882218922937865e-01 3.777715841106430994e-01 9.388039993269281513e-01 7.518735298868958195e-01 5.453033448052387877e-01 4.285670302746736882e-01 8.532182332549573811e-01 4.870623144150360018e-01 5.327945702272640638e-01 6.342972636841066603e-01 6.979631358274438480e-01 5.759285514589469468e-01 4.947983262287222739e-01 7.359860857931357359e-01 3.951844393223417073e-01 7.071763981393446308e-01 3.111285164066427411e-01 7.841319614857218401e-01
4.947999279318325283e-01 4.663525883022989205e-01 8.686396848668539450e-01 4.004024518885299644e-01 4.477657871241771392e-01 6.789405011335450935e-01 7.678247840172165439e-01 5.523360016182623511e-01 4.304874893149488457e-01 7.847915095443234179e-01 0.000000000000000000e+00 7.557274537872915587e-01 3.858253375099821580e-01 5.401743511047540913e-02 4.414004465574028480e-02 4.210173308317426422e-01 9.106927266928631637e-01 5.961945772021011170e-01 3.666781247990147929e-01 7.288217204070021049e-01 7.315841224034300705e-01 3.936188801320379405e-01 3.028000568491536759e-01 9.171684910591557660e-01 5.189970807896440164e-01 6.872200643429241529e-01 5.059592996083412952e-01 7.203215776328115716e-01 8.483739526511618889e-01 6.331487464316858382e-01 4.612352264483099984e-01 8.368778015864997144e-01 7.148689669593843998e-01 8.519729511025340152e-01 4.712385612598365414e-01
5.416732465080962289e-01 7.484934975625281428e-01 8.396623706594621428e-01 6.568087807328584216e-01 7.179925734469947418e-01 5.231320293002483801e-01 8.026115299767051514e-01 4.135588343917062093e-01 7.957689408812429477e-01 9.182344038409625542e-01 7.557274537872915587e-01 0.000000000000000000e+00 5.109491422787504344e-01 5.695902558812606653e-01 4.256188093556792507e-01 7.791309386708435980e-01 4.169792068619508907e-01 8.618615365197500600e-01 7.350763670437331365e-01 7.393204052317471353e-01 4.956928096901696001e-01 5.698380891958954031e-01 4.725804189809620914e-01 3.496477699301260844e-01 6.749924442054709983e-01 1.937491818094203566e-01 5.832429072029154948e-01 9.312106028281168513e-01 9.770901955350186352e-01 8.816482865731034568e-01 8.677460636828462359e-01 7.649069862373747419e-01 7.340789384919528260e-01 4.392167847192511854e-01 7.434729372109822876e-01
6.168642172671527923e-01 5.449516402560743433e-01 7.227531385327141678e-01 7.832172605430438583e-01 5.526088960565267438e-01 6.871589652255429836e-01 9.241258637158640266e-01 4.034606119747398134e-01 5.048942907443986217e-01 4.986525955994735027e-01 3.858253375099821580e-01 5.109491422787504344e-01 0.000000000000000000e+00 3.058520457638664869e-01 5.193665535771041508e-01 4.569491927597742476e-01 2.317651363974611856e-01 7.843769673400413645e-01 5.096418687210946263e-01 7.103926108099100079e-01 5.827040096901957567e-01 1.247101722863506179e-01 8.363991740912446460e-01 4.233684042643555689e-01 2.549776927687010808e-01 3.821912401203791942e-01 4.788017119971771929e-01 4.867540985835556167e-01 8.417865461481333078e-01 4.960931460587886255e-01 5.174990211482120017e-01 7.406351336759218196e-01 5.237344602558118289e-01 6.503044520726328770e-01 3.439047184816130254e-01
4.685641818010478632e-01 7.724900483117033145e-01 5.653201871943155377e-01 5.776258899200019670e-01 3.398973398364661391e-01 2.601452044054818891e-01 6.594245976910305673e-01 4.194154982894270911e-01 4.895760025957470174e-01 9.164448614260887194e-01 5.401743511047540913e-02 5.695902558812606653e-01 3.058520457638664869e-01 0.000000000000000000e+00 3.810300788842349018e-01 5.916593906892406718e-01 8.819962536855361357e-01 3.832552054736108049e-01 4.435274150817098970e-01 7.040871692055959974e-01 3.116623172955674814e-01 5.722895593622565613e-01 7.730611361047112773e-01 3.745324148254126628e-01 5.361070059569970070e-01 9.030380559106105931e-01 3.950774557612932170e-01 8.121499312049083041e-01 7.089947762158668176e-01 4.163441356199521493e-01 4.925208298776284632e-02 8.959020687199770183e-01 6.357647175266681883e-01 3.412953152349915698e-01 7.646154328142198420e-01
4.464157303184067560e-01 9.657399300260930408e-01 1.201995532625459440e-01 8.526394661747698223e-01 4.613689553595236026e-01 8.821267421861255231e-01 3.933778725978717694e-01 1.297602138629110335e-01 7.956732692690486886e-01 3.991976187001618492e-01 4.414004465574028480e-02 4.256188093556792507e-01 5.193665535771041508e-01 3.810300788842349018e-01 0.000000000000000000e+00 8.398018257091544037e-01 8.129132810293000500e-01 9.065389964065966311e-01 5.864401035182920108e-01 1.295937563781587309e-01 7.188502311946969314e-01 9.015816332806840805e-01 3.058500760107718541e-02 8.108509763676772231e-01 5.833984570646819634e-01 6.612070721507390392e-01 5.547670563343954919e-01 8.198167511353576797e-01 8.271896058834875554e-01 5.945175589015941897e-01 1.020975172359221972e-01 2.345154956172866290e-01 3.315834702248601218e-01 6.076537417491311155e-01 3.824870832271252130e-01
4.488014802831855055e-01 5.485694884836754825e-01 4.326406488541328921e-01 1.755248623421834520e-01 3.287662181768368774e-01 8.643814258795909922e-01 5.612887665508607959e-01 8.739794998837142614e-01 8.981607730261182976e-01 9.350721868890723432e-01 4.210173308317426422e-01 7.791309386708435980e-01 4.569491927597742476e-01 5.916593906892406718e-01 8.398018257091544037e-01 0.000000000000000000e+00 2.996733213048480282e-01 6.183994095702078919e-01 8.029955375704641574e-01 1.828888866630200560e-01 3.626583299026996388e-01 6.193991085610234260e-01 5.614301020771963469e-01 6.925950883223346288e-01 4.746006099839460979e-01 2.173655424609254039e-01 7.542729801016914148e-01 2.728990775387780121e-01 5.107525626992150958e-01 6.406761122102890837e-01 6.847503249850934726e-01 7.616990755824263326e-01 4.644569867227162363e-01 5.643156699030712486e-01 6.871167422898900590e-01
6.456247533223919977e-01 9.378589421709893070e-02 8.525305127028208751e-01 8.448563096950778561e-01 3.803851161323765773e-01 9.240761624865767576e-01 8.584792805739864807e-01 4.408895808386646409e-01 5.529992067082791785e-01 6.912660450120897693e-01 9.106927266928631637e-01 4.169792068619508907e-01 2.317651363974611856e-01 8.819962536855361357e-01 8.129132810293000500e-01 2.996733213048480282e-01 0.000000000000000000e+00 4.356756615053083981e-01 6.338214350930646557e-01 3.779974794261137805e-01 7.147845274681188243e-01 1.917852140635197822e-01 7.917536843506076671e-01 5.010313537462826039e-01 4.460358744756956484e-01 6.967536635052757887e-01 5.135677628893162705e-01 5.206386052316827051e-01 8.401262938660072344e-01 4.533877561167534154e-01 5.018727708506999230e-01 5.554773085292512569e-01 7.423435609023183446e-01 5.482717017193179387e-01 4.071484215216638614e-01
7.498958612917228095e-01 6.680260577703889258e-01 5.179733907436608886e-01 4.759320735472282182e-01 6.900447430011762417e-01 6.786985531134348548e-01 4.693655268404444691e-01 7.485348511225687895e-01 8.953911072858030673e-01 3.917882218922937865e-01 5.961945772021011170e-01 8.618615365197500600e-01 7.843769673400413645e-01 3.832552054736108049e-01 9.065389964065966311e-01 6.183994095702078919e-01 4.356756615053083981e-01 0.000000000000000000e+00 6.947748616010652745e-01 4.383298906262197425e-01 5.102450305829844268e-01 5.792992736699806855e-01 7.679772167241252223e-01 8.977490596432498027e-01 4.063371563025076072e-01 1.383021633417031993e-01 3.587516072692988889e-01 7.174060024497520560e-01 5.516313639774552691e-01 6.197438072845879997e-01 6.990234428116586241e-01 4.776418512961435603e-01 4.452949529079047175e-01 5.640662589183915721e-01 5.980639787258568152e-02
8.518473447666186082e-01 4.606657986503994717e-01 7.426736676235139445e-01 3.261347368362683685e-01 5.112007250798427105e-01 3.434871448665742788e-01 3.189875499370231626e-01 9.319032444505126467e-02 3.756272926441817095e-01 3.777715841106430994e-01 3.666781247990147929e-01 7.350763670437331365e-01 5.096418687210946263e-01 4.435274150817098970e-01 5.864401035182920108e-01 8.029955375704641574e-01 6.338214350930646557e-01 6.947748616010652745e-01 0.000000000000000000e+00 5.485738220407729848e-01 4.059946818808635172e-01 2.095297484534759391e-01 6.277974862354857022e-01 6.518492257042360905e-01 3.462236261606121968e-01 6.705594522549536141e-01 5.233627036140360289e-01 6.691669690702815032e-01 6.395446677567087068e-01 7.696881510548494454e-01 4.624886677799673884e-01 2.959304195237268953e-01 4.156463347129649710e-01 3.023292993213846369e-01 2.234576869500726204e-01
6.295368454823907500e-01 4.982019572500581139e-01 5.748851921329809489e-01 3.363633783358158658e-01 8.735374617955714571e-01 7.564311491437586410e-01 6.481817513621114246e-01 3.332018942914094506e-01 5.786533212333995202e-01 9.388039993269281513e-01 7.288217204070021049e-01 7.393204052317471353e-01 7.103926108099100079e-01 7.040871692055959974e-01 1.295937563781587309e-01 1.828888866630200560e-01 3.779974794261137805e-01 4.383298906262197425e-01 5.485738220407729848e-01 0.000000000000000000e+00 1.361598833174700873e-01 6.222718231229356078e-01 7.991427856876804903e-01 3.150834608871228015e-01 5.593998799673540745e-01 5.845820162701635958e-01 1.246170601746895423e-01 3.316632770416393372e-01 8.625374648652602838e-01 3.399762381851724191e-01 8.857462904199945308e-01 7.337673798657934343e-01 4.413388588032512438e-01 7.586079928595474975e-01 7.324034737780805715e-01
1.224778214880595240e-01 7.407192008165202068e-01 7.384073512189097688e-01 8.155121451953186718e-01 6.068103005692158103e-01 9.099291013804028383e-01 3.164155163828764605e-01 4.082264806403073654e-01 4.422213329394003023e-01 7.518735298868958195e-01 7.315841224034300705e-01 4.956928096901696001e-01 5.827040096901957567e-01 3.116623172955674814e-01 7.188502311946969314e-01 3.626583299026996388e-01 7.147845274681188243e-01 5.102450305829844268e-01 4.059946818808635172e-01 1.361598833174700873e-01 0.000000000000000000e+00 9.027953994935919990e-01 2.055787503308437181e-01 4.747523625457185092e-01 4.023267607466776141e-01 7.537047778995733527e-01 7.550338636103576251e-01 4.711482872225131735e-01 6.415849371791548794e-01 3.936955239434319909e-01 3.422364933662028208e-01 2.508672444106431199e-01 9.220895895354066507e-01 4.176783396538492066e-01 6.477578318794829926e-01
5.526242904425378022e-01 8.784973879636326366e-01 4.664919070573813054e-01 8.476823037885170553e-01 8.487350440359768822e-01 7.256462554686153865e-01 5.864673856888141801e-01 4.640688019845843337e-01 7.264953679502047512e-01 5.453033448052387877e-01 3.936188801320379405e-01 5.698380891958954031e-01 1.247101722863506179e-01 5.722895593622565613e-01 9.015816332806840805e-01 6.193991085610234260e-01 1.917852140635197822e-01 5.792992736699806855e-01 2.095297484534759391e-01 6.222718231229356078e-01 9.027953994935919990e-01 0.000000000000000000e+00 3.447294141556612179e-01 1.877995282897627627e-01 4.885862012216055095e-01 8.999067205095606647e-01 4.918644447753834914e-01 5.906866990642469784e-01 8.974085398210251974e-01 6.451587732055303892e-01 6.842864071873029364e-01 3.149896341524314747e-01 9.536158689398572808e-01 6.842044863154163048e-01 3.160715371001628360e-01
7.325103130021999309e-01 5.370052828151441471e-01 4.685084776216911218e-01 2.353817315700782453e-01 7.201164461211129186e-01 7.418769788670684928e-01 6.448039887096894685e-01 2.548789638589664119e-01 2.100001029946028108e-01 4.285670302746736882e-01 3.028000568491536759e-01 4.725804189809620914e-01 8.363991740912446460e-01 7.730611361047112773e-01 3.058500760107718541e-02 5.614301020771963469e-01 7.917536843506076671e-01 7.679772167241252223e-01 6.277974862354857022e-01 7.991427856876804903e-01 2.055787503308437181e-01 3.447294141556612179e-01 0.000000000000000000e+00 8.524877849644501016e-01 2.198216702840544157e-01 4.695535330245094174e-01 2.687855201091999269e-01 5.255401922339485443e-01 6.892391850815198229e-01 6.346853174080051563e-01 6.842755061535932271e-01 7.094979243302543814e-01 7.338068208356693933e-01 8.439688228596839981e-01 6.971464386285483039e-01
3.435692187242323503e-01 3.726551649988854575e-01 7.972893570016738041e-01 7.636885728282262198e-01 4.425254412072616717e-01 5.299378090684521148e-01 9.238276015852553424e-01 5.720358440043882275e-01 5.602495286346717007e-01 8.532182332549573811e-01 9.171684910591557660e-01 3.496477699301260844e-01 4.233684042643555689e-01 3.745324148254126628e-01 8.108509763676772231e-01 6.925950883223346288e-01 5.010313537462826039e-01 8.977490596432498027e-01 6.518492257042360905e-01 3.150834608871228015e-01 4.747523625457185092e-01 1.877995282897627627e-01 8.524877849644501016e-01 0.000000000000000000e+00 4.509055407375273106e-01 4.426089867532370103e-01 7.432836225244781048e-01 4.990033039551697858e-01 8.421135675915825125e-02 7.638697033436673278e-01 5.455917409103976379e-01 3.901523203138725360e-01 7.449163485606598023e-01 6.965928581149845034e-01 6.236246822465556505e-01
5.344265103217669122e-01 7.362525555532906107e-01 8.024872284303912195e-01 5.404789398069920203e-01 2.987975872782211439e-01 3.026815189058043587e-01 8.370214607698878151e-01 5.584244141216407886e-01 2.517542624626475378e-01 4.870623144150360018e-01 5.189970807896440164e-01 6.749924442054709983e-01 2.549776927687010808e-01 5.361070059569970070e-01 5.833984570646819634e-01 4.746006099839460979e-01 4.460358744756956484e-01 4.063371563025076072e-01 3.462236261606121968e-01 5.593998799673540745e-01 4.023267607466776141e-01 4.885862012216055095e-01 2.198216702840544157e-01 4.509055407375273106e-01 0.000000000000000000e+00 8.950854368755991608e-01 5.074067441535248246e-01 4.448657335521640777e-01 4.563340171333669648e-01 6.409724883765427483e-01 4.317768280576910755e-01 3.637444607983573164e-01 4.485190962809063042e-01 4.371286792290790535e-01 5.274544566560011027e-01
3.758232082369429294e-01 4.461227502014400992e-01 3.180522728596274495e-01 5.197630060828091203e-01 6.589718956113022053e-01 6.090505250387600045e-01 5.420642982715997427e-01 9.996751552792049189e-02 7.399756983331262639e-01 5.327945702272640638e-01 6.872200643429241529e-01 1.937491818094203566e-01 3.821912401203791942e-01 9.030380559106105931e-01 6.612070721507390392e-01 2.173655424609254039e-01 6.967536635052757887e-01 1.383021633417031993e-01 6.705594522549536141e-01 5.845820162701635958e-01 7.537047778995733527e-01 8.999067205095606647e-01 4.695535330245094174e-01 4.426089867532370103e-01 8.950854368755991608e-01 0.000000000000000000e+00 8.723987203643337462e-01 6.218482587483757928e-01 2.914755031285487519e-01 2.536505464129010790e-01 5.637624065868731549e-01 5.688874115364864759e-01 4.750125246769395515e-01 8.073368971402131722e-01 3.082344626276342092e-01
7.390401688510743750e-01 4.344632847522880148e-01 5.277132784747817773e-01 5.961833096452308078e-01 6.372433295499713157e-01 9.775066407164472171e-01 6.075417716673694457e-01 8.641947940351263346e-01 7.118112972033294739e-01 6.342972636841066603e-01 5.059592996083412952e-01 5.832429072029154948e-01 4.788017119971771929e-01 3.950774557612932170e-01 5.547670563343954919e-01 7.542729801016914148e-01 5.135677628893162705e-01 3.587516072692988889e-01 5.233627036140360289e-01 1.246170601746895423e-01 7.550338636103576251e-01 4.918644447753834914e-01 2.687855201091999269e-01 7.432836225244781048e-01 5.074067441535248246e-01 8.723987203643337462e-01 0.000000000000000000e+00 7.597830485035970138e-01 3.166197467535947219e-01 6.877118772381731748e-01 6.284529509025733596e-01 5.000266990727909588e-01 1.219536376171290737e-01 6.903415479565055968e-01 7.277901306980969487e-01
2.648115400266203290e-01 1.444761755219452493e-01 8.730709492545523087e-01 4.876692247908020472e-01 7.193870177811523270e-01 7.467910907147456978e-01 4.399080623250595234e-02 1.367210523791911880e-01 5.120698127987330928e-01 6.979631358274438480e-01 7.203215776328115716e-01 9.312106028281168513e-01 4.867540985835556167e-01 8.121499312049083041e-01 8.198167511353576797e-01 2.728990775387780121e-01 5.206386052316827051e-01 7.174060024497520560e-01 6.691669690702815032e-01 3.316632770416393372e-01 4.711482872225131735e-01 5.906866990642469784e-01 5.255401922339485443e-01 4.990033039551697858e-01 4.448657335521640777e-01 6.218482587483757928e-01 7.597830485035970138e-01 0.000000000000000000e+00 3.865603846598552051e-01 5.052663175052367617e-01 6.487077921172420547e-01 3.571550518736163471e-01 7.026621098714034286e-01 4.917297099858338738e-01 7.861432789697258006e-01
4.586415947121842973e-01 8.307975320750831116e-01 5.812039438641523059e-01 3.407036114801168525e-01 3.252953190089146740e-01 4.284033716276892667e-01 7.194629149213080943e-01 3.662921933712789402e-01 3.499400634644242447e-01 5.759285514589469468e-01 8.483739526511618889e-01 9.770901955350186352e-01 8.417865461481333078e-01 7.089947762158668176e-01 8.271896058834875554e-01 5.107525626992150958e-01 8.401262938660072344e-01 5.516313639774552691e-01 6.395446677567087068e-01 8.625374648652602838e-01 6.415849371791548794e-01 8.974085398210251974e-01 6.892391850815198229e-01 8.421135675915825125e-02 4.563340171333669648e-01 2.914755031285487519e-01 3.166197467535947219e-01 3.865603846598552051e-01 0.000000000000000000e+00 2.907693536960240799e-01 8.942155256768657967e-02 6.360432065026664361e-01 6.309686802014264906e-01 6.479679247182781321e-01 4.653175896441064108e-01
5.215618410556546181e-01 5.206628507677356632e-01 1.998343828166399272e-01 7.032338966967368599e-01 4.915394988311341251e-01 9.153480844003045735e-01 8.550810339381879066e-01 7.980250806250226425e-01 6.146614577849384142e-01 4.947983262287222739e-01 6.331487464316858382e-01 8.816482865731034568e-01 4.960931460587886255e-01 4.163441356199521493e-01 5.945175589015941897e-01 6.406761122102890837e-01 4.533877561167534154e-01 6.197438072845879997e-01 7.696881510548494454e-01 3.399762381851724191e-01 3.936955239434319909e-01 6.451587732055303892e-01 6.346853174080051563e-01 7.638697033436673278e-01 6.409724883765427483e-01 2.536505464129010790e-01 6.877118772381731748e-01 5.052663175052367617e-01 2.907693536960240799e-01 0.000000000000000000e+00 4.402561565519861331e-01 2.031713476566593402e-01 6.090768419508503229e-01 4.651486177692491508e-01 7.428560968085061722e-01
7.805123111451012230e-01 1.797151048496143932e-01 5.740824726715678672e-01 4.725613137108813921e-01 8.132590944273918598e-01 1.775116943443252326e-01 6.522429289820876885e-01 2.971494287990136263e-01 2.073108382137526240e-01 7.359860857931357359e-01 4.612352264483099984e-01 8.677460636828462359e-01 5.174990211482120017e-01 4.925208298776284632e-02 1.020975172359221972e-01 6.847503249850934726e-01 5.018727708506999230e-01 6.990234428116586241e-01 4.624886677799673884e-01 8.857462904199945308e-01 3.422364933662028208e-01 6.842864071873029364e-01 6.842755061535932271e-01 5.455917409103976379e-01 4.317768280576910755e-01 5.637624065868731549e-01 6.284529509025733596e-01 6.487077921172420547e-01 8.942155256768657967e-02 4.402561565519861331e-01 0.000000000000000000e+00 5.980714303969982826e-01 6.741249913619786760e-01 8.288359228850310512e-01 2.543729674251949402e-01
3.889249439998593849e-01 5.168164822195222552e-01 4.220818620427211343e-01 5.336658260708463386e-01 7.372510526511877327e-01 3.585540513288417164e-01 5.096974701539728203e-01 4.920770944623182874e-01 8.092838860280781033e-01 3.951844393223417073e-01 8.368778015864997144e-01 7.649069862373747419e-01 7.406351336759218196e-01 8.959020687199770183e-01 2.345154956172866290e-01 7.616990755824263326e-01 5.554773085292512569e-01 4.776418512961435603e-01 2.959304195237268953e-01 7.337673798657934343e-01 2.508672444106431199e-01 3.149896341524314747e-01 7.094979243302543814e-01 3.901523203138725360e-01 3.637444607983573164e-01 5.688874115364864759e-01 5.000266990727909588e-01 3.571550518736163471e-01 6.360432065026664361e-01 2.031713476566593402e-01 5.980714303969982826e-01 0.000000000000000000e+00 8.791890171028253764e-01 8.728353120276786115e-01 8.327800660925064324e-01
3.288870595070373937e-01 4.737281914829604701e-01 5.134216732198874089e-01 3.913117158168147869e-01 5.355462046593091330e-01 6.034863390986371368e-01 8.168428091829280646e-01 4.911286414401458966e-01 3.326287019925586730e-01 7.071763981393446308e-01 7.148689669593843998e-01 7.340789384919528260e-01 5.237344602558118289e-01 6.357647175266681883e-01 3.315834702248601218e-01 4.644569867227162363e-01 7.423435609023183446e-01 4.452949529079047175e-01 4.156463347129649710e-01 4.413388588032512438e-01 9.220895895354066507e-01 9.536158689398572808e-01 7.338068208356693933e-01 7.449163485606598023e-01 4.485190962809063042e-01 4.750125246769395515e-01 1.219536376171290737e-01 7.026621098714034286e-01 6.309686802014264906e-01 6.090768419508503229e-01 6.741249913619786760e-01 8.791890171028253764e-01 0.000000000000000000e+00 7.066783091968533714e-01 8.202171386616630144e-01
4.164403669633311988e-01 2.803516465994683182e-01 7.220838914577849543e-01 3.540853850044763940e-01 8.955955583097374717e-01 4.240800408888619200e-01 9.213566766455945078e-01 5.480021674857751268e-01 4.785498099989302645e-01 3.111285164066427411e-01 8.519729511025340152e-01 4.392167847192511854e-01 6.503044520726328770e-01 3.412953152349915698e-01 6.076537417491311155e-01 5.643156699030712486e-01 5.482717017193179387e-01 5.640662589183915721e-01 3.023292993213846369e-01 7.586079928595474975e-01 4.176783396538492066e-01 6.842044863154163048e-01 8.439688228596839981e-01 6.965928581149845034e-01 4.371286792290790535e-01 8.073368971402131722e-01 6.903415479565055968e-01 4.917297099858338738e-01 6.479679247182781321e-01 4.651486177692491508e-01 8.288359228850310512e-01 8.728353120276786115e-01 7.066783091968533714e-01 0.000000000000000000e+00 3.675875999935261929e-01
2.554617382978442430e-01 6.485667382672876125e-01 3.578058983528345505e-01 1.427359259922035273e-01 6.174496505348574527e-01 3.277633567889814969e-01 9.166392023774641018e-01 9.028467890810049079e-01 5.241936108251707971e-01 7.841319614857218401e-01 4.712385612598365414e-01 7.434729372109822876e-01 3.439047184816130254e-01 7.646154328142198420e-01 3.824870832271252130e-01 6.871167422898900590e-01 4.071484215216638614e-01 5.980639787258568152e-02 2.234576869500726204e-01 7.324034737780805715e-01 6.477578318794829926e-01 3.160715371001628360e-01 6.971464386285483039e-01 6.236246822465556505e-01 5.274544566560011027e-01 3.082344626276342092e-01 7.277901306980969487e-01 7.861432789697258006e-01 4.653175896441064108e-01 7.428560968085061722e-01 2.543729674251949402e-01 8.327800660925064324e-01 8.202171386616630144e-01 3.675875999935261929e-01 0.000000000000000000e+00
