0.000000000000000000e+00 6.160924850679685427e-01 4.956132227828629055e-01 5.415531476608929085e-01 4.572796417204152974e-01 3.902335538138101967e-01 8.337935154872359034e-01 5.116445571200081144e-01 6.281322515615315183e-01 5.728041503416372304e-01 8.600842882852011151e-01 1.198835152728447984e-01 5.977820648755537425e-01 5.904393366758811101e-01 7.291680045777422237e-01 5.566013179290235646e-01 5.178645945373019366e-01 4.996246369205212812e-01 4.882741834417386739e-01 6.873004475763505594e-02 8.256789512878277559e-01 7.729285622358295083e-02 2.317962422263488698e-01 6.476927005937618276e-01 7.741338847455399019e-01 6.751515551111331170e-01 9.513747415491964343e-01 5.391966480094333436e-01 7.512330685942814057e-01 4.431721832477474310e-01 3.334619030578503951e-01 3.943946425740019190e-01 4.105631731112042715e-01 7.633301490937337563e-01 8.059410222331684359e-01
6.160924850679685427e-01 0.000000000000000000e+00 3.148186388752719500e-01 8.003510202409388485e-01 7.706797295895736477e-01 8.421935030331095806e-02 4.978836093913244776e-01 5.452295635366275484e-01 8.107396919886917797e-01 7.079402927244045074e-01 2.847956065359750766e-01 8.067949444521249625e-02 5.312611632362496117e-01 5.963822406279726263e-01 2.564537747213749830e-01 3.856297561591378043e-01 7.407202881582255483e-01 3.624217620728665823e-01 7.119071810554133961e-01 8.580748170458050161e-01 5.192653570357081971e-01 5.263523387986406288e-01 6.383458737811340544e-01 3.770718083615374194e-01 5.267644004043828820e-01 4.394026576564882269e-01 1.192944483535538502e-01 8.675959473844110370e-01 5.441868945655065071e-01 1.089535450020741036e-01 8.171816888632077447e-02 6.114900201675357305e-01 5.746803006979394057e-01 6.294114572758984227e-01 3.884044694163742983e-01
4.956132227828629055e-01 3.148186388752719500e-01 0.000000000000000000e+00 5.201838281853259360e-01 2.483894523734185289e-01 6.967087142662944377e-01 1.835560914471183747e-01 7.897738460525864923e-01 4.651295456764703573e-01 8.503044917376636480e-01 4.920904673829691878e-01 6.171338357364655192e-01 6.489936206344153469e-01 7.363006283977859834e-01 4.948058620258960483e-01 3.715757906074146355e-01 4.634993483832341998e-01 4.620133989067049529e-01 2.030878642393939559e-01 5.732334750354575181e-01 4.020771222066734651e-01 7.181425530755236597e-01 8.778768657653703844e-01 4.737664835148794884e-01 4.112136203732328354e-01 7.434097083868063116e-01 4.358390984328874840e-01 3.309597461917900274e-01 4.356662024039972825e-01 1.511905909247563407e-01 7.233470113778350807e-01 6.485182449546829098e-01 3.484659754947970756e-01 3.021443393673988176e-01 5.823051328007811112e-01
5.415531476608929085e-01 8.003510202409388485e-01 5.201838281853259360e-01 0.000000000000000000e+00 7.307361446476454692e-01 1.253703742754224693e-01 9.106486656343093511e-01 8.634068653727029474e-01 3.914403002774574647e-01 5.356343567189594257e-01 4.907043605463709546e-01 5.077907448495047049e-01 6.471211148611284436e-01 1.005553273954651328e-01 6.034813731405739290e-01 9.024994095370927338e-01 2.787722583883042171e-01 5.472407210065299843e-01 5.849388361899003907e-01 5.580975933276963730e-01 3.514660026200409071e-01 1.378359614003661360e-01 3.159552897820296913e-01 8.777906308727788653e-01 3.698972354315799294e-01 3.079944496937207510e-01 6.473915352605851270e-01 7.015728614077400005e-01 8.759049866720146627e-01 3.191260446601419387e-01 5.194671631050367111e-01 6.713040142769761687e-01 7.436694505994256854e-01 4.880634663013967423e-01 5.211928235533741516e-01
4.572796417204152974e-01 7.706797295895736477e-01 2.483894523734185289e-01 7.307361446476454692e-01 0.000000000000000000e+00 2.146626171620747980e-01 7.248749483211386346e-01 6.131559400439193785e-01 9.139833879752439216e-01 5.884651966296100545e-01 6.905384207741935843e-01 3.678410991581085310e-01 4.223684492624443232e-01 6.776567088246580051e-01 3.038000864090724673e-01 5.551293742743759196e-01 4.978013079762766413e-01 1.408425859205481023e-01 9.325746122445068842e-01 6.204846322791067736e-01 3.132366628147886800e-01 2.268125517980026373e-01 4.514934203905291432e-01 7.664173354762122692e-01 5.223011008639817376e-01 7.325906134358632915e-01 7.843520625094526633e-01 6.557817732186153048e-01 4.118043486318274660e-01 4.460643341586568722e-01 3.179307791205531197e-01 7.271464059687240411e-01 4.743668426256453241e-01 6.523809351752869468e-01 4.197150405004552720e-01
3.902335538138101967e-01 8.421935030331095806e-02 6.967087142662944377e-01 1.253703742754224693e-01 2.146626171620747980e-01 0.000000000000000000e+00 7.570618146798759884e-01 9.051167771852608457e-01 2.991190196241422239e-02 6.099023891672861186e-01 2.637131950401678804e-01 4.505221665609649984e-01 5.545033912517043362e-01 5.752439037078219686e-01 4.903236649172501016e-01 2.130060130161501863e-01 6.585803992982163235e-01 3.691053125182075512e-01 3.539602134710105874e-01 8.455347607740630878e-01 7.519422014101986296e-01 7.992676288731781487e-01 3.448416713491383456e-01 2.105549578183775195e-01 1.664136042066268750e-01 1.145546321153008695e-01 3.300924220314140900e-01 6.212854658595570179e-01 4.872003141575529384e-01 2.002417180334148394e-01 6.209176529593649629e-01 4.943667156020418174e-01 3.433181323734035839e-01 8.657156311633840140e-01 7.143378543456969654e-01
8.337935154872359034e-01 4.978836093913244776e-01 1.835560914471183747e-01 9.106486656343093511e-01 7.248749483211386346e-01 7.570618146798759884e-01 0.000000000000000000e+00 6.143520553220171987e-01 8.341552423946951844e-01 2.175709659540224772e-01 5.882442298520764723e-01 9.150852815897554393e-01 6.070226841850623334e-02 6.374787825120837859e-01 9.427854144515260826e-01 4.538199275854026271e-01 2.276981818570351923e-01 6.702743599811755715e-01 6.248248990751604781e-01 4.014049652733322482e-01 3.443034279459697422e-01 7.216737270952824357e-01 2.744698081318085459e-01 1.627962263342536131e-01 4.163023686041009697e-01 9.227093035065807580e-01 6.420494439876809345e-01 6.677134785075505841e-01 5.641001222499154588e-01 4.203796046893897853e-01 5.934905421367633327e-01 5.107431507415834959e-01 9.471684679255985007e-01 2.109338910541945777e-01 6.191828057160101428e-01
5.116445571200081144e-01 5.452295635366275484e-01 7.897738460525864923e-01 8.634068653727029474e-01 6.131559400439193785e-01 9.051167771852608457e-01 6.143520553220171987e-01 0.000000000000000000e+00 4.296516085063307733e-01 1.843686720662945921e-01 4.128203288458416331e-01 4.503808353306490431e-01 6.141100252417488470e-01 5.869193888309092166e-01 6.059831580998911171e-01 6.774805637132541580e-02 3.434974241682532403e-01 5.021572965579281789e-01 1.656945101164348788e-01 5.526950905638243761e-01 4.457264522541025675e-01 6.349988246329164587e-01 4.615053131483980997e-01 1.499824482577762907e-01 5.123008139455520471e-01 5.692091549114277615e-01 3.884523518485467619e-01 5.456255734696038306e-01 1.908805947061280595e-01 4.162400499108035445e-01 2.911995488738883253e-01 4.632483987215224586e-01 8.025509163756202602e-01 2.785638929956839038e-01 6.836711160673161203e-01
6.281322515615315183e-01 8.107396919886917797e-01 4.651295456764703573e-01 3.914403002774574647e-01 9.139833879752439216e-01 2.991190196241422239e-02 8.341552423946951844e-01 4.296516085063307733e-01 0.000000000000000000e+00 9.189425230360326324e-01 3.306267114630199178e-01 7.235443376789556513e-01 4.870977308909206771e-01 2.558090414374405430e-01 5.199213226723431447e-01 1.513406613262979761e-01 2.372811609197703620e-01 2.193932246760119109e-01 8.542110036755368174e-01 5.626316994223014012e-01 9.049472862569252207e-02 8.698154814863807704e-01 6.714977042622046755e-01 3.457818808191648330e-02 5.664490145378185959e-01 2.816298770402607676e-01 4.275428575318752089e-01 5.689567159662400897e-01 6.937139219841644833e-01 3.382336636365246285e-01 8.139669383994725393e-01 4.180522167659249666e-01 3.968878654675861983e-01 4.934940324048142646e-01 3.277775608981611799e-01
5.728041503416372304e-01 7.079402927244045074e-01 8.503044917376636480e-01 5.356343567189594257e-01 5.884651966296100545e-01 6.099023891672861186e-01 2.175709659540224772e-01 1.843686720662945921e-01 9.189425230360326324e-01 0.000000000000000000e+00 4.419789021456907996e-01 5.992375593472061279e-01 4.560556600712262210e-01 3.048490585654327623e-01 7.435805287420671483e-01 6.667912859079963006e-01 2.510426790733761848e-01 7.633906690359455460e-01 2.566072490119392091e-01 2.892546829231219530e-01 4.264117542115942738e-01 4.212722279763880806e-01 2.973857372736218863e-01 6.687679674287104747e-01 3.695041322717559917e-01 6.455424931481766881e-01 5.443239407644064887e-01 4.176540911381743104e-01 1.589308722613866909e-01 4.515904629844320062e-01 2.061040855430428254e-01 5.182757164116720272e-01 5.596201069766242320e-01 8.431367352048035890e-01 7.337418706400081758e-01
8.600842882852011151e-01 2.847956065359750766e-01 4.920904673829691878e-01 4.907043605463709546e-01 6.905384207741935843e-01 2.637131950401678804e-01 5.882442298520764723e-01 4.128203288458416331e-01 3.306267114630199178e-01 4.419789021456907996e-01 0.000000000000000000e+00 4.699006259809545005e-01 2.040120748060961775e-01 5.337786666964792204e-01 4.018544248843735067e-01 7.001435782961913379e-01 2.979229663649130555e-01 8.160724203002109878e-01 2.630759243913143308e-01 4.749743901873637597e-01 4.532225727315191133e-01 8.482489633158516451e-01 2.512730294644928142e-01 5.276828300094704716e-01 6.684118575943612806e-01 3.270256309199719436e-01 2.849235166619948911e-01 5.332165620329396560e-01 4.648435899538763683e-01 7.847391864262058814e-01 4.067138184121215638e-01 3.649873932835825396e-01 8.267824738557824071e-01 8.140333510744695023e-01 6.637003152179274945e-01
1.198835152728447984e-01 8.067949444521249625e-02 6.171338357364655192e-01 5.077907448495047049e-01 3.678410991581085310e-01 4.505221665609649984e-01 9.150852815897554393e-01 4.503808353306490431e-01 7.235443376789556513e-01 5.992375593472061279e-01 4.699006259809545005e-01 0.000000000000000000e+00 2.143651417060719044e-01 3.529063646217598937e-01 3.838732827132694259e-01 7.995929112665167704e-01 4.360676655370172572e-01 7.739329705558174455e-01 8.780308486942987045e-01 2.364224005474772072e-01 3.509242474067784667e-01 4.947251819652117577e-01 7.783550924863513742e-01 7.736031368915499140e-01 7.115997502249946649e-01 7.437725259918481768e-02 3.022731626330541488e-01 5.608447328187500247e-01 3.810866378552423273e-01 6.487968493138717152e-01 7.493582427677318858e-01 3.499640481371038558e-01 5.317435444441511727e-01 7.788099858519990093e-01 4.494251356272935261e-01
5.977820648755537425e-01 5.312611632362496117e-01 6.489936206344153469e-01 6.471211148611284436e-01 4.223684492624443232e-01 5.545033912517043362e-01 6.070226841850623334e-02 6.141100252417488470e-01 4.870977308909206771e-01 4.560556600712262210e-01 2.040120748060961775e-01 2.143651417060719044e-01 0.000000000000000000e+00 6.640135518372212164e-01 4.161304321663649164e-01 5.941843429139241906e-01 3.693232530718045248e-01 8.371171326327609963e-01 6.237493757010099671e-01 5.825238090194020391e-01 2.702762929477410259e-01 4.679158479248918256e-01 5.297773469317252903e-01 2.590915224919440041e-01 8.764975798799693463e-01 5.152198327779664577e-01 5.920684049178437380e-01 5.941173554024963277e-01 5.121277446341747641e-01 9.503011249464463628e-01 2.427145723008401479e-01 9.289368869894731873e-02 1.964210547039082488e-01 7.033638699576890696e-01 7.796291766835790060e-01
5.904393366758811101e-01 5.963822406279726263e-01 7.363006283977859834e-01 1.005553273954651328e-01 6.776567088246580051e-01 5.752439037078219686e-01 6.374787825120837859e-01 5.869193888309092166e-01 2.558090414374405430e-01 3.048490585654327623e-01 5.337786666964792204e-01 3.529063646217598937e-01 6.640135518372212164e-01 0.000000000000000000e+00 2.924574953931273757e-01 6.883958383524046987e-01 4.560751626180304386e-01 9.690286838393815660e-01 5.765009035020562944e-01 3.298766872344017775e-01 6.060467778931905025e-01 7.587620805033878923e-02 6.872835977163302967e-01 9.511438566246335213e-01 7.420457626363866632e-01 8.465715316392971035e-01 2.029135638879703274e-01 1.026284681684768163e-01 5.091161329728508544e-01 8.826585541732266949e-01 3.614418245673581831e-01 2.317205046306325400e-02 3.293797622655951773e-01 1.932404906290829949e-01 7.000011319124801457e-01
7.291680045777422237e-01 2.564537747213749830e-01 4.948058620258960483e-01 6.034813731405739290e-01 3.038000864090724673e-01 4.903236649172501016e-01 9.427854144515260826e-01 6.059831580998911171e-01 5.199213226723431447e-01 7.435805287420671483e-01 4.018544248843735067e-01 3.838732827132694259e-01 4.161304321663649164e-01 2.924574953931273757e-01 0.000000000000000000e+00 2.168429461904176625e-01 6.155260431376108343e-01 2.642296398043121330e-01 7.621352391889381073e-01 5.616967359029049200e-01 6.433511674586327445e-01 8.221185689094496762e-01 4.476890210088099176e-01 7.623117434873175613e-01 6.300904454220894735e-01 2.116226732349810735e-01 6.223149089299435666e-01 8.916200389164108397e-01 6.306038517567020829e-01 1.568243252775052277e-01 4.846874171511302287e-01 2.863055645997025778e-01 7.443999951472639598e-01 2.550300291751426696e-01 5.511035992680878293e-01
5.566013179290235646e-01 3.856297561591378043e-01 3.715757906074146355e-01 9.024994095370927338e-01 5.551293742743759196e-01 2.130060130161501863e-01 4.538199275854026271e-01 6.774805637132541580e-02 1.513406613262979761e-01 6.667912859079963006e-01 7.001435782961913379e-01 7.995929112665167704e-01 5.941843429139241906e-01 6.883958383524046987e-01 2.168429461904176625e-01 0.000000000000000000e+00 5.398971448960159236e-01 4.204252736419815117e-01 4.480596132871655368e-01 7.178882965504425062e-01 1.127658638192382545e-01 6.667517962051283664e-01 4.310618847428334122e-01 9.161837229587388443e-01 4.609090453106708396e-01 5.667597878229380104e-01 5.317964487045433453e-01 5.238031507099831785e-01 6.744067642308138044e-01 7.541168359423349177e-01 7.738078817626981021e-01 7.358736158660920124e-01 3.270107662753389821e-01 7.555192423253210832e-01 3.828179166573970060e-01
5.178645945373019366e-01 7.407202881582255483e-01 4.634993483832341998e-01 2.787722583883042171e-01 4.978013079762766413e-01 6.585803992982163235e-01 2.276981818570351923e-01 3.434974241682532403e-01 2.372811609197703620e-01 2.510426790733761848e-01 2.979229663649130555e-01 4.360676655370172572e-01 3.693232530718045248e-01 4.560751626180304386e-01 6.155260431376108343e-01 5.398971448960159236e-01 0.000000000000000000e+00 1.605377883752343027e-01 5.135084775348646158e-01 5.511070500719581489e-01 5.744237716625157919e-01 4.030517343524689933e-01 3.887911954609075682e-01 5.623088852205069266e-01 5.107454739124650533e-01 5.094164480981061560e-01 3.654610611840255485e-01 5.487331535299924123e-01 1.759432969001570868e-01 2.545753266072533494e-01 8.414155718013115459e-01 3.402820798879938602e-01 4.499662925612518127e-01 3.337250289893424204e-01 7.395978853170313005e-01
4.996246369205212812e-01 3.624217620728665823e-01 4.620133989067049529e-01 5.472407210065299843e-01 1.408425859205481023e-01 3.691053125182075512e-01 6.702743599811755715e-01 5.021572965579281789e-01 2.193932246760119109e-01 7.633906690359455460e-01 8.160724203002109878e-01 7.739329705558174455e-01 8.371171326327609963e-01 9.690286838393815660e-01 2.642296398043121330e-01 4.204252736419815117e-01 1.605377883752343027e-01 0.000000000000000000e+00 5.254278639937226547e-01 4.616123417555762498e-01 5.219915851385223959e-01 5.366669075980958770e-01 4.980266905446552039e-01 7.435113934545833914e-02 6.209135742607847508e-01 6.151938845091309283e-01 5.039535049148351487e-01 2.911794632338430278e-01 5.394422681747790271e-01 3.445435475087087474e-01 8.283966423172930416e-01 1.343627276471032195e-01 2.199000394991753593e-01 2.579463652331472900e-01 7.295290609795188619e-01
4.882741834417386739e-01 7.119071810554133961e-01 2.030878642393939559e-01 5.849388361899003907e-01 9.325746122445068842e-01 3.539602134710105874e-01 6.248248990751604781e-01 1.656945101164348788e-01 8.542110036755368174e-01 2.566072490119392091e-01 2.630759243913143308e-01 8.780308486942987045e-01 6.237493757010099671e-01 5.765009035020562944e-01 7.621352391889381073e-01 4.480596132871655368e-01 5.135084775348646158e-01 5.254278639937226547e-01 0.000000000000000000e+00 6.041826213155472303e-01 5.369746445838700089e-01 3.397426378307910610e-01 4.136403222686839687e-01 6.944350726562409371e-01 3.336180943403392885e-01 5.480516672104571718e-01 5.647122285355813398e-01 1.339464576041707877e-01 7.493296239441999962e-01 4.578177912263019511e-01 6.402196551219390130e-01 5.536253466924700994e-01 1.409594706738078740e-01 7.281066680342725972e-01 3.903695089027631182e-01
6.873004475763505594e-02 8.580748170458050161e-01 5.732334750354575181e-01 5.580975933276963730e-01 6.204846322791067736e-01 8.455347607740630878e-01 4.014049652733322482e-01 5.526950905638243761e-01 5.626316994223014012e-01 2.892546829231219530e-01 4.749743901873637597e-01 2.364224005474772072e-01 5.825238090194020391e-01 3.298766872344017775e-01 5.616967359029049200e-01 7.178882965504425062e-01 5.511070500719581489e-01 4.616123417555762498e-01 6.041826213155472303e-01 0.000000000000000000e+00 2.675155466901336654e-01 4.522685603744422966e-01 8.834889783176186340e-01 4.924933956162046433e-01 4.191978163052069162e-01 2.447218873207698264e-01 5.969964068651033573e-01 9.973203830114374391e-02 1.245833297038831944e-01 4.092581865442829203e-01 5.540910048988705316e-01 4.356639475604258127e-01 6.465365362899988533e-01 6.916919595641638496e-01 4.745532182780805575e-01
8.256789512878277559e-01 5.192653570357081971e-01 4.020771222066734651e-01 3.514660026200409071e-01 3.132366628147886800e-01 7.519422014101986296e-01 3.443034279459697422e-01 4.457264522541025675e-01 9.049472862569252207e-02 4.264117542115942738e-01 4.532225727315191133e-01 3.509242474067784667e-01 2.702762929477410259e-01 6.060467778931905025e-01 6.433511674586327445e-01 1.127658638192382545e-01 5.744237716625157919e-01 5.219915851385223959e-01 5.369746445838700089e-01 2.675155466901336654e-01 0.000000000000000000e+00 7.994824219412736133e-01 2.584131294790106836e-01 5.498438725782032188e-01 8.192244178921100906e-01 6.820284147335331504e-01 3.012330324574126195e-01 5.870308721597978785e-01 4.162407440400410774e-01 7.137602170627472820e-01 5.070431149920621161e-01 5.578924974591431551e-01 4.655944245701085227e-01 2.926746408672775135e-01 4.361255753998238283e-01
7.729285622358295083e-02 5.263523387986406288e-01 7.181425530755236597e-01 1.378359614003661360e-01 2.268125517980026373e-01 7.992676288731781487e-01 7.216737270952824357e-01 6.349988246329164587e-01 8.698154814863807704e-01 4.212722279763880806e-01 8.482489633158516451e-01 4.947251819652117577e-01 4.679158479248918256e-01 7.587620805033878923e-02 8.221185689094496762e-01 6.667517962051283664e-01 4.030517343524689933e-01 5.366669075980958770e-01 3.397426378307910610e-01 4.522685603744422966e-01 7.994824219412736133e-01 0.000000000000000000e+00 5.298361801740422150e-01 2.985580738149751223e-01 7.826353114212434292e-01 5.346380102109534738e-01 7.253339717420115296e-01 2.864962698705162403e-01 5.414476041058196021e-01 4.631194856023452822e-01 4.298694181866356545e-01 5.538465880804486208e-01 2.562909775806927470e-01 7.077075631782696608e-01 2.023310467013583747e-01
2.317962422263488698e-01 6.383458737811340544e-01 8.778768657653703844e-01 3.159552897820296913e-01 4.514934203905291432e-01 3.448416713491383456e-01 2.744698081318085459e-01 4.615053131483980997e-01 6.714977042622046755e-01 2.973857372736218863e-01 2.512730294644928142e-01 7.783550924863513742e-01 5.297773469317252903e-01 6.872835977163302967e-01 4.476890210088099176e-01 4.310618847428334122e-01 3.887911954609075682e-01 4.980266905446552039e-01 4.136403222686839687e-01 8.834889783176186340e-01 2.584131294790106836e-01 5.298361801740422150e-01 0.000000000000000000e+00 6.732253933539082968e-01 3.438863290791587257e-01 5.552828856618421405e-01 5.942530771768534947e-01 4.847652941342565081e-01 2.836734041700771369e-01 2.078637425337337419e-01 8.889612031278232296e-01 4.301062864819842346e-01 3.154247161213281636e-01 6.556078486731611310e-01 1.451509574932636770e-01
6.476927005937618276e-01 3.770718083615374194e-01 4.737664835148794884e-01 8.777906308727788653e-01 7.664173354762122692e-01 2.105549578183775195e-01 1.627962263342536131e-01 1.499824482577762907e-01 3.457818808191648330e-02 6.687679674287104747e-01 5.276828300094704716e-01 7.736031368915499140e-01 2.590915224919440041e-01 9.511438566246335213e-01 7.623117434873175613e-01 9.161837229587388443e-01 5.623088852205069266e-01 7.435113934545833914e-02 6.944350726562409371e-01 4.924933956162046433e-01 5.498438725782032188e-01 2.985580738149751223e-01 6.732253933539082968e-01 0.000000000000000000e+00 6.647083351223160852e-01 5.905660611893297496e-01 2.928888346935654141e-01 2.645636119109806561e-01 2.823901161695517859e-01 8.028473696873072996e-01 6.068655142094285804e-01 2.734108921713598317e-01 2.826809474382857568e-01 2.538998325999531902e-01 5.509041623871562265e-01
7.741338847455399019e-01 5.267644004043828820e-01 4.112136203732328354e-01 3.698972354315799294e-01 5.223011008639817376e-01 1.664136042066268750e-01 4.163023686041009697e-01 5.123008139455520471e-01 5.664490145378185959e-01 3.695041322717559917e-01 6.684118575943612806e-01 7.115997502249946649e-01 8.764975798799693463e-01 7.420457626363866632e-01 6.300904454220894735e-01 4.609090453106708396e-01 5.107454739124650533e-01 6.209135742607847508e-01 3.336180943403392885e-01 4.191978163052069162e-01 8.192244178921100906e-01 7.826353114212434292e-01 3.438863290791587257e-01 6.647083351223160852e-01 0.000000000000000000e+00 5.653541890223114930e-01 7.738487402832849860e-01 4.214074070527480398e-01 4.678703342062813797e-01 4.870627112028209083e-01 5.035582737036676804e-01 3.274189564216382076e-01 4.228785967573629456e-01 7.043353758232241413e-01 7.649907145480976389e-01
6.751515551111331170e-01 4.394026576564882269e-01 7.434097083868063116e-01 3.079944496937207510e-01 7.325906134358632915e-01 1.145546321153008695e-01 9.227093035065807580e-01 5.692091549114277615e-01 2.816298770402607676e-01 6.455424931481766881e-01 3.270256309199719436e-01 7.437725259918481768e-02 5.152198327779664577e-01 8.465715316392971035e-01 2.116226732349810735e-01 5.667597878229380104e-01 5.094164480981061560e-01 6.151938845091309283e-01 5.480516672104571718e-01 2.447218873207698264e-01 6.820284147335331504e-01 5.346380102109534738e-01 5.552828856618421405e-01 5.905660611893297496e-01 5.653541890223114930e-01 0.000000000000000000e+00 6.870080238413469598e-01 6.205694597831579173e-02 3.365339951795046636e-01 6.123809620821792921e-01 4.867227079353594332e-01 1.850028534240829026e-01 4.099900538177309040e-01 3.362743756522418304e-01 7.457316396610182974e-01
9.513747415491964343e-01 1.192944483535538502e-01 4.358390984328874840e-01 6.473915352605851270e-01 7.843520625094526633e-01 3.300924220314140900e-01 6.420494439876809345e-01 3.884523518485467619e-01 4.275428575318752089e-01 5.443239407644064887e-01 2.849235166619948911e-01 3.022731626330541488e-01 5.920684049178437380e-01 2.029135638879703274e-01 6.223149089299435666e-01 5.317964487045433453e-01 3.654610611840255485e-01 5.039535049148351487e-01 5.647122285355813398e-01 5.969964068651033573e-01 3.012330324574126195e-01 7.253339717420115296e-01 5.942530771768534947e-01 2.928888346935654141e-01 7.738487402832849860e-01 6.870080238413469598e-01 0.000000000000000000e+00 4.002007183504951993e-01 7.924118168895013525e-01 7.337881603088789451e-01 7.136036039103681450e-01 2.687821768057305771e-01 4.127186698970665701e-01 6.432105942186479020e-01 2.994045969009958563e-01
5.391966480094333436e-01 8.675959473844110370e-01 3.309597461917900274e-01 7.015728614077400005e-01 6.557817732186153048e-01 6.212854658595570179e-01 6.677134785075505841e-01 5.456255734696038306e-01 5.689567159662400897e-01 4.176540911381743104e-01 5.332165620329396560e-01 5.608447328187500247e-01 5.941173554024963277e-01 1.026284681684768163e-01 8.916200389164108397e-01 5.238031507099831785e-01 5.487331535299924123e-01 2.911794632338430278e-01 1.339464576041707877e-01 9.973203830114374391e-02 5.870308721597978785e-01 2.864962698705162403e-01 4.847652941342565081e-01 2.645636119109806561e-01 4.214074070527480398e-01 6.205694597831579173e-02 4.002007183504951993e-01 0.000000000000000000e+00 6.200563577697196793e-01 4.769740359638495741e-01 1.921895643375268747e-01 3.247355437175302173e-01 3.208697736632410979e-01 3.896581538568311687e-01 4.762010486652983876e-01
7.512330685942814057e-01 5.441868945655065071e-01 4.356662024039972825e-01 8.759049866720146627e-01 4.118043486318274660e-01 4.872003141575529384e-01 5.641001222499154588e-01 1.908805947061280595e-01 6.937139219841644833e-01 1.589308722613866909e-01 4.648435899538763683e-01 3.810866378552423273e-01 5.121277446341747641e-01 5.091161329728508544e-01 6.306038517567020829e-01 6.744067642308138044e-01 1.759432969001570868e-01 5.394422681747790271e-01 7.493296239441999962e-01 1.245833297038831944e-01 4.162407440400410774e-01 5.414476041058196021e-01 2.836734041700771369e-01 2.823901161695517859e-01 4.678703342062813797e-01 3.365339951795046636e-01 7.924118168895013525e-01 6.200563577697196793e-01 0.000000000000000000e+00 6.950443841669375900e-01 4.008813599573373132e-01 4.209289819219986239e-01 3.440266292395236514e-01 5.869011088331232973e-01 9.564923748529690073e-01
4.431721832477474310e-01 1.089535450020741036e-01 1.511905909247563407e-01 3.191260446601419387e-01 4.460643341586568722e-01 2.002417180334148394e-01 4.203796046893897853e-01 4.162400499108035445e-01 3.382336636365246285e-01 4.515904629844320062e-01 7.847391864262058814e-01 6.487968493138717152e-01 9.503011249464463628e-01 8.826585541732266949e-01 1.568243252775052277e-01 7.541168359423349177e-01 2.545753266072533494e-01 3.445435475087087474e-01 4.578177912263019511e-01 4.092581865442829203e-01 7.137602170627472820e-01 4.631194856023452822e-01 2.078637425337337419e-01 8.028473696873072996e-01 4.870627112028209083e-01 6.123809620821792921e-01 7.337881603088789451e-01 4.769740359638495741e-01 6.950443841669375900e-01 0.000000000000000000e+00 3.167760027378625498e-01 7.888065785245201855e-02 4.610605933164558801e-01 5.274987935376063142e-01 3.865671581335585749e-01
3.334619030578503951e-01 8.171816888632077447e-02 7.233470113778350807e-01 5.194671631050367111e-01 3.179307791205531197e-01 6.209176529593649629e-01 5.934905421367633327e-01 2.911995488738883253e-01 8.139669383994725393e-01 2.061040855430428254e-01 4.067138184121215638e-01 7.493582427677318858e-01 2.427145723008401479e-01 3.614418245673581831e-01 4.846874171511302287e-01 7.738078817626981021e-01 8.414155718013115459e-01 8.283966423172930416e-01 6.402196551219390130e-01 5.540910048988705316e-01 5.070431149920621161e-01 4.298694181866356545e-01 8.889612031278232296e-01 6.068655142094285804e-01 5.035582737036676804e-01 4.867227079353594332e-01 7.136036039103681450e-01 1.921895643375268747e-01 4.008813599573373132e-01 3.167760027378625498e-01 0.000000000000000000e+00 2.729885523971612438e-01 3.856397369453121726e-01 5.273522184503284249e-01 3.610679186976443189e-01
3.943946425740019190e-01 6.114900201675357305e-01 6.485182449546829098e-01 6.713040142769761687e-01 7.271464059687240411e-01 4.943667156020418174e-01 5.107431507415834959e-01 4.632483987215224586e-01 4.180522167659249666e-01 5.182757164116720272e-01 3.649873932835825396e-01 3.499640481371038558e-01 9.289368869894731873e-02 2.317205046306325400e-02 2.863055645997025778e-01 7.358736158660920124e-01 3.402820798879938602e-01 1.343627276471032195e-01 5.536253466924700994e-01 4.356639475604258127e-01 5.578924974591431551e-01 5.538465880804486208e-01 4.301062864819842346e-01 2.734108921713598317e-01 3.274189564216382076e-01 1.850028534240829026e-01 2.687821768057305771e-01 3.247355437175302173e-01 4.209289819219986239e-01 7.888065785245201855e-02 2.729885523971612438e-01 0.000000000000000000e+00 5.966511197814861056e-01 7.879151933906920480e-01 6.731304586961444070e-01
4.105631731112042715e-01 5.746803006979394057e-01 3.484659754947970756e-01 7.436694505994256854e-01 4.743668426256453241e-01 3.433181323734035839e-01 9.471684679255985007e-01 8.025509163756202602e-01 3.968878654675861983e-01 5.596201069766242320e-01 8.267824738557824071e-01 5.317435444441511727e-01 1.964210547039082488e-01 3.293797622655951773e-01 7.443999951472639598e-01 3.270107662753389821e-01 4.499662925612518127e-01 2.199000394991753593e-01 1.409594706738078740e-01 6.465365362899988533e-01 4.655944245701085227e-01 2.562909775806927470e-01 3.154247161213281636e-01 2.826809474382857568e-01 4.228785967573629456e-01 4.099900538177309040e-01 4.127186698970665701e-01 3.208697736632410979e-01 3.440266292395236514e-01 4.610605933164558801e-01 3.856397369453121726e-01 5.966511197814861056e-01 0.000000000000000000e+00 2.409307227333854495e-01 4.623444665329207726e-01
7.633301490937337563e-01 6.294114572758984227e-01 3.021443393673988176e-01 4.880634663013967423e-01 6.523809351752869468e-01 8.657156311633840140e-01 2.109338910541945777e-01 2.785638929956839038e-01 4.934940324048142646e-01 8.431367352048035890e-01 8.140333510744695023e-01 7.788099858519990093e-01 7.033638699576890696e-01 1.932404906290829949e-01 2.550300291751426696e-01 7.555192423253210832e-01 3.337250289893424204e-01 2.579463652331472900e-01 7.281066680342725972e-01 6.916919595641638496e-01 2.926746408672775135e-01 7.077075631782696608e-01 6.556078486731611310e-01 2.538998325999531902e-01 7.043353758232241413e-01 3.362743756522418304e-01 6.432105942186479020e-01 3.896581538568311687e-01 5.869011088331232973e-01 5.274987935376063142e-01 5.273522184503284249e-01 7.879151933906920480e-01 2.409307227333854495e-01 0.000000000000000000e+00 4.578066637349677004e-01
8.059410222331684359e-01 3.884044694163742983e-01 5.823051328007811112e-01 5.211928235533741516e-01 4.197150405004552720e-01 7.143378543456969654e-01 6.191828057160101428e-01 6.836711160673161203e-01 3.277775608981611799e-01 7.337418706400081758e-01 6.637003152179274945e-01 4.494251356272935261e-01 7.796291766835790060e-01 7.000011319124801457e-01 5.511035992680878293e-01 3.828179166573970060e-01 7.395978853170313005e-01 7.295290609795188619e-01 3.903695089027631182e-01 4.745532182780805575e-01 4.361255753998238283e-01 2.023310467013583747e-01 1.451509574932636770e-01 5.509041623871562265e-01 7.649907145480976389e-01 7.457316396610182974e-01 2.994045969009958563e-01 4.762010486652983876e-01 9.564923748529690073e-01 3.865671581335585749e-01 3.610679186976443189e-01 6.731304586961444070e-01 4.623444665329207726e-01 4.578066637349677004e-01 0.000000000000000000e+00
