0.000000000000000000e+00 5.195994274122146539e-01 7.937790787086820288e-01 6.094209661593398275e-01 5.453474119092804884e-01 8.903327310988253807e-01 1.623599627316718585e-01 8.127326751212007316e-01 4.901782831142557084e-01 5.310398125176341022e-01 3.246167109816422980e-01 1.654738710946613844e-01 7.483468148655624264e-01 5.343187375726032862e-01 6.214002021673776799e-01 4.143010233126368513e-01 6.862039930886461025e-01 4.701402189641042395e-01 8.267624881250720259e-01 3.405898183249789768e-01 6.481030186822045458e-01 6.581037555992710342e-01 1.535536471955821769e-01 7.544395229892069121e-01 6.500892084780401925e-01 5.677364138744338540e-01 5.352143651296162874e-01 3.320773985331966771e-01 5.692174658103383855e-01 3.581112891949238541e-01 4.516176423869724399e-01 3.578480233385741283e-01 4.600392337238748963e-01 6.237551315574898503e-01 1.103092334911035532e-01
5.195994274122146539e-01 0.000000000000000000e+00 3.663735570806878616e-01 5.603269342268702990e-01 2.545238108551801659e-01 6.252387543778652468e-01 2.446634884361788553e-01 1.270748930171016200e-01 4.159596482164635844e-01 4.071588627627535928e-01 5.384138057785599063e-01 8.019424244832211723e-01 5.374879760092885483e-01 5.019877383197528520e-01 2.266535776810976177e-01 6.112973353730510873e-01 3.379109350450733573e-01 5.693345433093306429e-01 4.769634118335269179e-01 4.279957280265801467e-01 1.395789874335380820e-01 7.299731873196811938e-01 8.246984185974288728e-01 7.605039026305842054e-01 5.012017948427935909e-01 8.719075077861093703e-02 5.298247470116675961e-01 2.713613470566827446e-01 9.265517090653750953e-01 5.778439701465729605e-01 8.431961366692686255e-01 2.418683101169374350e-01 7.593694567685993491e-02 3.113801152378880555e-01 3.865115616182913660e-01
7.937790787086820288e-01 3.663735570806878616e-01 0.000000000000000000e+00 5.353146250536513495e-01 5.400151028984001567e-01 1.788824140986764455e-01 4.234291908517631153e-01 3.806451955815661758e-01 6.376288179565094971e-01 4.134048628314856422e-01 6.231457534729538672e-01 9.145251071679252330e-01 8.863249348982462639e-01 6.969620259626517766e-01 6.062633048929459978e-01 4.973839811553220636e-01 6.409556294459304304e-01 5.032141121185120802e-01 5.123238926859770004e-01 2.663729831977562634e-01 4.798207476034070940e-01 6.561514854354999482e-01 8.138949387875860086e-02 4.242459271769385420e-01 3.255607657783978759e-01 4.122709572299089187e-01 2.092738655781379853e-01 3.560150224782436812e-01 6.653053158312227655e-01 1.488867177932768904e-01 4.440200220567523393e-01 5.385596436389123998e-01 3.764681100367009425e-01 3.387386216706693709e-01 2.271972334538616689e-01
6.094209661593398275e-01 5.603269342268702990e-01 5.353146250536513495e-01 0.000000000000000000e+00 4.544028405551900907e-01 2.951493824927113319e-01 5.584107839312890675e-01 7.040596681167312632e-01 6.071479762713278827e-01 7.537322206057242013e-01 7.392863548041235244e-01 6.783967219179816155e-01 8.732651665418826870e-01 3.991328484347935190e-01 9.224186027989169645e-01 3.814490149437016475e-01 5.512619081845181457e-01 3.057102598079106670e-01 4.156466415410988713e-01 5.523733713527393396e-01 2.845733069371756407e-01 3.388966246412156713e-01 3.878673104865817955e-01 3.260915292271765464e-01 4.721521173949589922e-01 9.504490379336447692e-01 6.445527389549337016e-01 1.592876189342712356e-01 6.590091565153451958e-01 6.511473131982239426e-01 7.819172981104670628e-01 2.060932431603050841e-01 1.207993626096205975e-01 1.956916301264267632e-01 4.367900109829622735e-01
5.453474119092804884e-01 2.545238108551801659e-01 5.400151028984001567e-01 4.544028405551900907e-01 0.000000000000000000e+00 2.100338260826939973e-01 6.073411020645280711e-01 4.443283814940138243e-01 7.347325696091902003e-01 7.332736807671182966e-01 6.141692230744721925e-01 1.960187237158880214e-01 3.166290147573501690e-01 2.687426156569555635e-01 4.851523036309544068e-01 7.636786499438701359e-01 4.839459201862672533e-02 4.311218812342165752e-01 9.334741561970639756e-01 5.936865438439159481e-01 2.065146477814684411e-01 5.297829510053455593e-01 3.391046084910647185e-01 6.194187611820687334e-01 5.277979146752932449e-01 2.847225442719386601e-01 2.467493640952477252e-01 3.703740490394967777e-01 4.542534675685416801e-02 4.029438748115660163e-01 5.674210690663594736e-01 4.026319202504630157e-01 5.520537213487703987e-01 3.949978662416896436e-01 8.268171796370669124e-01
8.903327310988253807e-01 6.252387543778652468e-01 1.788824140986764455e-01 2.951493824927113319e-01 2.100338260826939973e-01 0.000000000000000000e+00 2.620401680473181116e-01 4.662456999023200099e-01 4.801971786628688177e-01 8.262770690937667473e-01 6.321987521147470757e-01 8.503430703868666285e-01 6.322250363010604168e-01 5.421449104850680767e-01 6.564311740317345656e-01 8.024226081737710903e-01 8.165763341479403969e-01 7.405043589475892585e-01 7.750837261557161906e-01 7.971287111063435349e-02 3.554135966647729572e-01 3.910724920088121115e-01 3.801808563414355024e-01 7.137350355772142940e-02 6.486704188007282879e-01 5.401457985354998215e-01 4.380789669587517032e-01 2.981781555456420874e-01 2.925093404101180572e-01 4.757166119507100221e-01 2.589796197925839927e-01 6.822700672864149274e-01 7.270881549447301140e-01 4.314892899673224980e-01 8.525000860101844546e-01
1.623599627316718585e-01 2.446634884361788553e-01 4.234291908517631153e-01 5.584107839312890675e-01 6.073411020645280711e-01 2.620401680473181116e-01 0.000000000000000000e+00 3.013180914773186392e-01 6.692784330329650810e-01 7.057970547355236768e-01 8.176140200083945597e-01 6.199208458730525173e-01 7.280238741825346693e-01 4.231510427941497232e-01 4.699882863742295136e-01 5.456824943128562033e-01 4.126302877051608031e-01 4.197931677273818440e-01 4.305168826241635993e-01 3.740242209207790269e-01 4.873702158121329675e-01 8.266491043028683094e-01 5.056475883650650704e-01 9.015681017298620148e-01 4.074315226653894562e-01 3.244207080928281917e-01 6.537791651252835567e-01 4.853683128630858490e-01 4.064468457930391909e-01 9.056833187281764230e-01 4.856206084405995105e-01 8.481613223329926843e-01 5.218818897642428789e-01 2.030283086033342066e-01 7.744617062364600457e-01
8.127326751212007316e-01 1.270748930171016200e-01 3.806451955815661758e-01 7.040596681167312632e-01 4.443283814940138243e-01 4.662456999023200099e-01 3.013180914773186392e-01 0.000000000000000000e+00 3.561068147789986926e-01 1.922307304826911256e-01 8.974642603568264709e-01 3.708143872663374752e-01 7.831486766279914802e-01 4.531883125680697955e-01 3.322574801139862588e-01 3.381653803709183115e-01 4.875515066144915921e-01 7.874825088452239719e-01 8.148612874862883881e-01 1.562035365505460849e-01 6.867893695846032376e-01 7.772002672256719258e-01 5.891136216955363825e-01 7.544427972994136589e-01 5.293164423720764233e-01 2.661776956201775124e-01 6.909564050797767365e-01 4.430104224163365356e-01 8.589124027900243430e-01 2.666045956287145247e-01 2.071654938384527855e-01 5.025325731384507888e-01 4.512145261448922695e-01 7.872738195911677117e-01 4.999071461127203020e-01
4.901782831142557084e-01 4.159596482164635844e-01 6.376288179565094971e-01 6.071479762713278827e-01 7.347325696091902003e-01 4.801971786628688177e-01 6.692784330329650810e-01 3.561068147789986926e-01 0.000000000000000000e+00 2.316235306896158308e-01 6.836462515181102040e-01 1.469489699474370026e-01 4.060455420188801567e-01 2.866088345719297603e-02 4.085422844752814031e-01 1.714486618159037912e-01 5.838317501844877411e-01 1.285755015123200007e-01 2.784434066092500437e-01 6.345664138011902766e-01 4.337959171080464360e-01 6.734076135988691370e-01 5.163940655991462458e-01 5.928614751281990891e-01 6.935743223607396812e-01 8.087964967919607506e-01 3.242539882406519913e-01 1.568042306421254528e-01 4.044074569143490949e-01 7.683184406761438545e-01 6.834174334383276150e-01 5.090430895476196760e-01 7.032911936768059258e-01 5.513323077129831384e-01 3.329918782031796587e-01
5.310398125176341022e-01 4.071588627627535928e-01 4.134048628314856422e-01 7.537322206057242013e-01 7.332736807671182966e-01 8.262770690937667473e-01 7.057970547355236768e-01 1.922307304826911256e-01 2.316235306896158308e-01 0.000000000000000000e+00 7.200825729187441127e-01 6.828693403669866546e-01 4.288327909554932038e-01 4.911851472471510660e-01 5.758689554939013799e-01 3.912269754792264687e-01 4.553297096162521318e-01 6.674079487122448473e-01 5.014493403729435306e-01 5.575411432802768186e-01 3.859975166946092440e-01 8.900899666317279024e-01 4.595573525145522642e-01 3.940439498656237438e-01 5.507748799167047071e-01 4.925133188926310024e-01 1.624990469277831640e-01 3.977446354222079483e-01 9.237359192178096201e-01 3.267579766026391663e-01 4.108301767767664758e-01 2.045407399300853690e-01 6.721494567333731185e-01 8.408194259684977911e-01 3.399405430768481229e-01
3.246167109816422980e-01 5.384138057785599063e-01 6.231457534729538672e-01 7.392863548041235244e-01 6.141692230744721925e-01 6.321987521147470757e-01 8.176140200083945597e-01 8.974642603568264709e-01 6.836462515181102040e-01 7.200825729187441127e-01 0.000000000000000000e+00 7.226660223261892613e-01 2.408053797063338108e-01 2.413160827479541026e-01 4.587137035225751225e-01 5.224479575563584222e-01 5.077543095247871729e-01 7.618813216531384880e-01 5.520489596187796444e-01 2.951896289251377259e-01 3.690986659348035603e-01 6.812475635585368838e-01 5.134312330031817195e-01 4.335724538007700302e-01 3.778351870253722211e-01 3.276939262661205388e-01 7.983835288564287147e-01 3.603332848923869181e-01 9.127509360864682897e-02 5.742666742751367792e-01 4.403295204973735055e-01 6.838143444366977519e-01 8.114003404317691182e-01 4.056229369321350253e-01 4.860294168221546696e-01
1.654738710946613844e-01 8.019424244832211723e-01 9.145251071679252330e-01 6.783967219179816155e-01 1.960187237158880214e-01 8.503430703868666285e-01 6.199208458730525173e-01 3.708143872663374752e-01 1.469489699474370026e-01 6.828693403669866546e-01 7.226660223261892613e-01 0.000000000000000000e+00 8.383411592464439233e-01 5.247272615410853991e-01 6.104414740265594608e-01 6.505111233482687716e-01 3.845268978709617258e-01 8.486417345428041159e-01 9.547038738240506417e-01 5.540394857170296561e-01 7.767134761219245398e-01 3.960161602421928828e-01 3.466579301366337629e-01 3.919914503881885559e-01 6.176062400209050285e-01 2.948985650640611467e-01 6.093098053285501692e-01 6.348142745731124581e-01 7.161369093922677065e-01 8.425046424771424070e-01 5.996912098584211703e-01 4.780041246681559497e-01 2.626420110501455074e-01 6.916159947147694220e-01 5.468905292138668273e-01
7.483468148655624264e-01 5.374879760092885483e-01 8.863249348982462639e-01 8.732651665418826870e-01 3.166290147573501690e-01 6.322250363010604168e-01 7.280238741825346693e-01 7.831486766279914802e-01 4.060455420188801567e-01 4.288327909554932038e-01 2.408053797063338108e-01 8.383411592464439233e-01 0.000000000000000000e+00 5.133862524461225707e-01 4.701142963928134910e-01 5.425620919970488565e-01 5.435568024752286398e-01 5.167314243075126212e-01 1.167506847150259208e-01 8.104322552097033006e-01 6.928041841213018470e-01 3.085665607420282619e-01 6.416632268791877536e-01 7.512182912962770409e-01 1.164967773814843399e-01 8.153010463368732808e-01 5.161642324182155184e-01 4.155492792784271083e-01 2.922434380967110501e-01 2.959748314075397735e-01 2.757252835363487309e-01 1.900144707631269414e-01 7.986663031400895729e-01 4.471762205687577207e-01 3.176228585991334175e-01
5.343187375726032862e-01 5.019877383197528520e-01 6.969620259626517766e-01 3.991328484347935190e-01 2.687426156569555635e-01 5.421449104850680767e-01 4.231510427941497232e-01 4.531883125680697955e-01 2.866088345719297603e-02 4.911851472471510660e-01 2.413160827479541026e-01 5.247272615410853991e-01 5.133862524461225707e-01 0.000000000000000000e+00 7.779577678656155459e-01 8.499411977571162957e-01 7.846404444546530854e-01 8.245998927541156043e-01 7.791283752645068450e-01 5.762955985695920047e-01 4.615124264124103592e-01 4.132646934419096363e-01 2.083561008366104916e-01 6.398294281471671452e-01 4.458150722780124253e-01 6.378244313466794324e-01 5.414039178551832698e-01 1.951424944402164741e-01 5.763772116955785396e-01 1.665267650424100965e-01 7.049245980199775330e-02 5.314171687142352773e-01 7.594740809389426417e-01 2.232110724860015827e-01 4.484450618624427065e-01
6.214002021673776799e-01 2.266535776810976177e-01 6.062633048929459978e-01 9.224186027989169645e-01 4.851523036309544068e-01 6.564311740317345656e-01 4.699882863742295136e-01 3.322574801139862588e-01 4.085422844752814031e-01 5.758689554939013799e-01 4.587137035225751225e-01 6.104414740265594608e-01 4.701142963928134910e-01 7.779577678656155459e-01 0.000000000000000000e+00 4.599375099840459225e-01 8.930821402283433130e-01 8.050211288830102507e-01 6.681324869244831266e-01 1.803176905406043140e-01 2.935769499829469220e-01 4.017793046723193151e-01 3.690290901970270099e-01 1.918781981535133685e-01 8.397557778397628514e-01 8.875438978435712389e-01 6.579227832314005209e-01 7.660571500792886512e-01 4.516408540309784780e-01 7.666531074601019569e-01 4.412646813203944807e-01 5.007929315165142725e-01 1.205616097064798886e-02 8.216200987422244140e-01 5.219338112265750063e-01
4.143010233126368513e-01 6.112973353730510873e-01 4.973839811553220636e-01 3.814490149437016475e-01 7.636786499438701359e-01 8.024226081737710903e-01 5.456824943128562033e-01 3.381653803709183115e-01 1.714486618159037912e-01 3.912269754792264687e-01 5.224479575563584222e-01 6.505111233482687716e-01 5.425620919970488565e-01 8.499411977571162957e-01 4.599375099840459225e-01 0.000000000000000000e+00 6.298904445249443596e-01 4.562765272086176105e-01 2.817525438060802800e-01 7.664802958131239352e-02 7.310662258243787459e-01 5.696582038742935561e-01 2.620085679574373216e-01 4.436997968429364780e-01 6.236813296566581233e-01 6.199048661438895103e-01 3.953985716016884533e-01 2.185043406512934272e-01 4.417052630816081238e-01 8.508334258476490941e-01 5.964982624580746906e-01 6.028824235112791863e-01 2.684898641204708225e-01 2.557546694229833051e-01 3.401077261679664732e-01
6.862039930886461025e-01 3.379109350450733573e-01 6.409556294459304304e-01 5.512619081845181457e-01 4.839459201862672533e-02 8.165763341479403969e-01 4.126302877051608031e-01 4.875515066144915921e-01 5.838317501844877411e-01 4.553297096162521318e-01 5.077543095247871729e-01 3.845268978709617258e-01 5.435568024752286398e-01 7.846404444546530854e-01 8.930821402283433130e-01 6.298904445249443596e-01 0.000000000000000000e+00 5.171737271556751114e-01 5.707039346895518284e-01 1.244253961831353061e-01 4.907863956179878695e-01 4.095396141503570009e-01 5.294041828779185721e-01 2.720721611310844001e-01 8.664445845970892846e-01 5.948840651990916495e-01 5.502691479977064315e-01 2.125907577667067727e-01 5.111282163334214257e-01 4.196057491988335331e-01 4.098281848659970916e-01 6.327917005796367400e-01 1.314133151241441144e-01 5.099500393133062914e-01 3.410883848757368941e-01
4.701402189641042395e-01 5.693345433093306429e-01 5.032141121185120802e-01 3.057102598079106670e-01 4.311218812342165752e-01 7.405043589475892585e-01 4.197931677273818440e-01 7.874825088452239719e-01 1.285755015123200007e-01 6.674079487122448473e-01 7.618813216531384880e-01 8.486417345428041159e-01 5.167314243075126212e-01 8.245998927541156043e-01 8.050211288830102507e-01 4.562765272086176105e-01 5.171737271556751114e-01 0.000000000000000000e+00 7.216578071318080490e-01 5.849819033066032681e-01 3.669648057117484985e-01 6.941118720005132747e-01 3.049255902280613162e-01 5.064927740704326942e-01 3.514727888670903244e-01 1.182998031304633990e-01 4.138115559391130627e-01 5.987654105623256839e-01 1.734852570734243260e-01 7.180035460594227370e-01 6.878911493187465087e-01 6.097614967479420001e-01 6.725608017907975800e-01 5.481002263792695839e-01 3.481554931244925655e-01
8.267624881250720259e-01 4.769634118335269179e-01 5.123238926859770004e-01 4.156466415410988713e-01 9.334741561970639756e-01 7.750837261557161906e-01 4.305168826241635993e-01 8.148612874862883881e-01 2.784434066092500437e-01 5.014493403729435306e-01 5.520489596187796444e-01 9.547038738240506417e-01 1.167506847150259208e-01 7.791283752645068450e-01 6.681324869244831266e-01 2.817525438060802800e-01 5.707039346895518284e-01 7.216578071318080490e-01 0.000000000000000000e+00 6.857501863944557297e-01 8.438425740746678949e-01 7.547172571640217154e-01 8.418678727319124366e-01 2.642992400676488218e-01 9.401533179663323914e-02 4.777981987403618347e-01 3.567063443733462513e-01 3.414845307579328360e-01 9.286735057277426542e-01 3.480743590767934048e-01 6.429125617986251040e-01 5.616559682791799624e-01 6.610802979757397502e-01 7.400066233633945112e-01 2.165506218827022433e-01
3.405898183249789768e-01 4.279957280265801467e-01 2.663729831977562634e-01 5.523733713527393396e-01 5.936865438439159481e-01 7.971287111063435349e-02 3.740242209207790269e-01 1.562035365505460849e-01 6.345664138011902766e-01 5.575411432802768186e-01 2.951896289251377259e-01 5.540394857170296561e-01 8.104322552097033006e-01 5.762955985695920047e-01 1.803176905406043140e-01 7.664802958131239352e-02 1.244253961831353061e-01 5.849819033066032681e-01 6.857501863944557297e-01 0.000000000000000000e+00 7.378246360712303886e-01 7.810160417607143746e-01 5.350926374209896696e-01 6.672076241869666635e-01 4.887692618873999972e-01 6.881058939839241884e-01 6.564179857276979391e-01 5.564272127742619922e-01 8.713982039508070265e-01 8.497485685753772833e-01 2.576890757794172426e-01 4.849854066297127897e-01 2.772081400951783570e-01 6.213023470092249312e-01 9.161492106993736062e-01
6.481030186822045458e-01 1.395789874335380820e-01 4.798207476034070940e-01 2.845733069371756407e-01 2.065146477814684411e-01 3.554135966647729572e-01 4.873702158121329675e-01 6.867893695846032376e-01 4.337959171080464360e-01 3.859975166946092440e-01 3.690986659348035603e-01 7.767134761219245398e-01 6.928041841213018470e-01 4.615124264124103592e-01 2.935769499829469220e-01 7.310662258243787459e-01 4.907863956179878695e-01 3.669648057117484985e-01 8.438425740746678949e-01 7.378246360712303886e-01 0.000000000000000000e+00 7.816741156025597270e-01 3.784308759671907718e-01 4.074431144132562022e-01 6.209093285438234133e-01 2.562376368670747917e-01 4.320635610369738533e-02 4.291412770904431406e-01 2.972558929281454709e-01 8.497041712915043288e-01 5.195627824862695254e-01 4.026075861694659030e-01 6.323025812704813342e-01 9.509349872303423101e-01 7.919815731049340002e-01
6.581037555992710342e-01 7.299731873196811938e-01 6.561514854354999482e-01 3.388966246412156713e-01 5.297829510053455593e-01 3.910724920088121115e-01 8.266491043028683094e-01 7.772002672256719258e-01 6.734076135988691370e-01 8.900899666317279024e-01 6.812475635585368838e-01 3.960161602421928828e-01 3.085665607420282619e-01 4.132646934419096363e-01 4.017793046723193151e-01 5.696582038742935561e-01 4.095396141503570009e-01 6.941118720005132747e-01 7.547172571640217154e-01 7.810160417607143746e-01 7.816741156025597270e-01 0.000000000000000000e+00 5.464875451672904783e-01 1.909691394502540662e-01 6.309938006854707293e-01 1.226913895921027953e-01 3.524932358299793789e-01 4.720028752763385516e-01 1.408865226704864582e-01 3.297115676845677190e-01 5.634884196246252586e-01 7.243812494473198527e-01 8.217737248959902097e-01 6.914612215750893798e-01 2.476264552026738452e-01
1.535536471955821769e-01 8.246984185974288728e-01 8.138949387875860086e-02 3.878673104865817955e-01 3.391046084910647185e-01 3.801808563414355024e-01 5.056475883650650704e-01 5.891136216955363825e-01 5.163940655991462458e-01 4.595573525145522642e-01 5.134312330031817195e-01 3.466579301366337629e-01 6.416632268791877536e-01 2.083561008366104916e-01 3.690290901970270099e-01 2.620085679574373216e-01 5.294041828779185721e-01 3.049255902280613162e-01 8.418678727319124366e-01 5.350926374209896696e-01 3.784308759671907718e-01 5.464875451672904783e-01 0.000000000000000000e+00 2.051265195534351937e-01 3.230699777880418622e-01 7.661933210312537046e-01 6.725482100024237075e-01 5.052757486777740281e-01 4.778196978266519568e-01 7.808260100368570322e-01 4.025685049027268314e-01 3.773060755410407308e-01 4.378491034179676777e-01 5.138157834742832497e-01 5.955715871943458861e-01
7.544395229892069121e-01 7.605039026305842054e-01 4.242459271769385420e-01 3.260915292271765464e-01 6.194187611820687334e-01 7.137350355772142940e-02 9.015681017298620148e-01 7.544427972994136589e-01 5.928614751281990891e-01 3.940439498656237438e-01 4.335724538007700302e-01 3.919914503881885559e-01 7.512182912962770409e-01 6.398294281471671452e-01 1.918781981535133685e-01 4.436997968429364780e-01 2.720721611310844001e-01 5.064927740704326942e-01 2.642992400676488218e-01 6.672076241869666635e-01 4.074431144132562022e-01 1.909691394502540662e-01 2.051265195534351937e-01 0.000000000000000000e+00 7.795528558945710174e-01 8.577387373481669686e-01 8.728052962437835571e-01 4.967165675850114814e-01 2.616085308028308631e-01 5.510997507039038235e-01 4.707102128777187477e-01 9.087024779723393841e-01 1.398960251889963535e-01 3.486826712423291563e-01 3.506950054843248621e-01
6.500892084780401925e-01 5.012017948427935909e-01 3.255607657783978759e-01 4.721521173949589922e-01 5.277979146752932449e-01 6.486704188007282879e-01 4.074315226653894562e-01 5.293164423720764233e-01 6.935743223607396812e-01 5.507748799167047071e-01 3.778351870253722211e-01 6.176062400209050285e-01 1.164967773814843399e-01 4.458150722780124253e-01 8.397557778397628514e-01 6.236813296566581233e-01 8.664445845970892846e-01 3.514727888670903244e-01 9.401533179663323914e-02 4.887692618873999972e-01 6.209093285438234133e-01 6.309938006854707293e-01 3.230699777880418622e-01 7.795528558945710174e-01 0.000000000000000000e+00 9.329601274943370992e-01 3.447250929067223746e-01 8.304459151611494061e-01 2.100688553521201929e-01 2.813731650569414322e-01 5.028136955950093245e-01 6.779881681250317094e-01 6.755529831526476681e-01 6.884819489233555689e-01 6.305334748167805703e-01
5.677364138744338540e-01 8.719075077861093703e-02 4.122709572299089187e-01 9.504490379336447692e-01 2.847225442719386601e-01 5.401457985354998215e-01 3.244207080928281917e-01 2.661776956201775124e-01 8.087964967919607506e-01 4.925133188926310024e-01 3.276939262661205388e-01 2.948985650640611467e-01 8.153010463368732808e-01 6.378244313466794324e-01 8.875438978435712389e-01 6.199048661438895103e-01 5.948840651990916495e-01 1.182998031304633990e-01 4.777981987403618347e-01 6.881058939839241884e-01 2.562376368670747917e-01 1.226913895921027953e-01 7.661933210312537046e-01 8.577387373481669686e-01 9.329601274943370992e-01 0.000000000000000000e+00 1.982846756797691512e-01 9.295190851144832234e-01 4.256784349240141929e-01 7.714386453827409840e-01 8.573269344914125067e-02 1.910655360104333567e-01 7.732066488498904322e-01 5.378796061881999657e-01 3.717368175775342953e-01
5.352143651296162874e-01 5.298247470116675961e-01 2.092738655781379853e-01 6.445527389549337016e-01 2.467493640952477252e-01 4.380789669587517032e-01 6.537791651252835567e-01 6.909564050797767365e-01 3.242539882406519913e-01 1.624990469277831640e-01 7.983835288564287147e-01 6.093098053285501692e-01 5.161642324182155184e-01 5.414039178551832698e-01 6.579227832314005209e-01 3.953985716016884533e-01 5.502691479977064315e-01 4.138115559391130627e-01 3.567063443733462513e-01 6.564179857276979391e-01 4.320635610369738533e-02 3.524932358299793789e-01 6.725482100024237075e-01 8.728052962437835571e-01 3.447250929067223746e-01 1.982846756797691512e-01 0.000000000000000000e+00 4.377688363980438702e-01 7.217575546292991362e-01 5.225567279321481351e-01 4.080623766846327438e-01 2.563729321064870392e-01 4.755031996008820538e-01 8.436896980120390799e-01 4.806580926490350847e-01
3.320773985331966771e-01 2.713613470566827446e-01 3.560150224782436812e-01 1.592876189342712356e-01 3.703740490394967777e-01 2.981781555456420874e-01 4.853683128630858490e-01 4.430104224163365356e-01 1.568042306421254528e-01 3.977446354222079483e-01 3.603332848923869181e-01 6.348142745731124581e-01 4.155492792784271083e-01 1.951424944402164741e-01 7.660571500792886512e-01 2.185043406512934272e-01 2.125907577667067727e-01 5.987654105623256839e-01 3.414845307579328360e-01 5.564272127742619922e-01 4.291412770904431406e-01 4.720028752763385516e-01 5.052757486777740281e-01 4.967165675850114814e-01 8.304459151611494061e-01 9.295190851144832234e-01 4.377688363980438702e-01 0.000000000000000000e+00 7.226806995303403092e-01 5.090869483648829963e-01 9.133436571703124063e-01 4.974254112297631369e-01 4.793347967339062210e-01 5.150390944034044516e-01 3.555635689311140712e-01
5.692174658103383855e-01 9.265517090653750953e-01 6.653053158312227655e-01 6.590091565153451958e-01 4.542534675685416801e-02 2.925093404101180572e-01 4.064468457930391909e-01 8.589124027900243430e-01 4.044074569143490949e-01 9.237359192178096201e-01 9.127509360864682897e-02 7.161369093922677065e-01 2.922434380967110501e-01 5.763772116955785396e-01 4.516408540309784780e-01 4.417052630816081238e-01 5.111282163334214257e-01 1.734852570734243260e-01 9.286735057277426542e-01 8.713982039508070265e-01 2.972558929281454709e-01 1.408865226704864582e-01 4.778196978266519568e-01 2.616085308028308631e-01 2.100688553521201929e-01 4.256784349240141929e-01 7.217575546292991362e-01 7.226806995303403092e-01 0.000000000000000000e+00 6.110493848016016472e-01 2.512366422997270865e-01 7.544871386353537712e-01 6.956327837682048099e-01 2.859938458247961446e-01 6.758910233440055260e-01
3.581112891949238541e-01 5.778439701465729605e-01 1.488867177932768904e-01 6.511473131982239426e-01 4.029438748115660163e-01 4.757166119507100221e-01 9.056833187281764230e-01 2.666045956287145247e-01 7.683184406761438545e-01 3.267579766026391663e-01 5.742666742751367792e-01 8.425046424771424070e-01 2.959748314075397735e-01 1.665267650424100965e-01 7.666531074601019569e-01 8.508334258476490941e-01 4.196057491988335331e-01 7.180035460594227370e-01 3.480743590767934048e-01 8.497485685753772833e-01 8.497041712915043288e-01 3.297115676845677190e-01 7.808260100368570322e-01 5.510997507039038235e-01 2.813731650569414322e-01 7.714386453827409840e-01 5.225567279321481351e-01 5.090869483648829963e-01 6.110493848016016472e-01 0.000000000000000000e+00 4.155093480942945172e-01 4.938887397965853743e-01 2.403993911140889228e-01 4.708650297556482567e-01 4.213792788330154582e-01
4.516176423869724399e-01 8.431961366692686255e-01 4.440200220567523393e-01 7.819172981104670628e-01 5.674210690663594736e-01 2.589796197925839927e-01 4.856206084405995105e-01 2.071654938384527855e-01 6.834174334383276150e-01 4.108301767767664758e-01 4.403295204973735055e-01 5.996912098584211703e-01 2.757252835363487309e-01 7.049245980199775330e-02 4.412646813203944807e-01 5.964982624580746906e-01 4.098281848659970916e-01 6.878911493187465087e-01 6.429125617986251040e-01 2.576890757794172426e-01 5.195627824862695254e-01 5.634884196246252586e-01 4.025685049027268314e-01 4.707102128777187477e-01 5.028136955950093245e-01 8.573269344914125067e-02 4.080623766846327438e-01 9.133436571703124063e-01 2.512366422997270865e-01 4.155093480942945172e-01 0.000000000000000000e+00 5.100085103295235456e-01 4.712443711197352170e-01 7.018078216128350588e-01 6.313433580884042495e-01
3.578480233385741283e-01 2.418683101169374350e-01 5.385596436389123998e-01 2.060932431603050841e-01 4.026319202504630157e-01 6.822700672864149274e-01 8.481613223329926843e-01 5.025325731384507888e-01 5.090430895476196760e-01 2.045407399300853690e-01 6.838143444366977519e-01 4.780041246681559497e-01 1.900144707631269414e-01 5.314171687142352773e-01 5.007929315165142725e-01 6.028824235112791863e-01 6.327917005796367400e-01 6.097614967479420001e-01 5.616559682791799624e-01 4.849854066297127897e-01 4.026075861694659030e-01 7.243812494473198527e-01 3.773060755410407308e-01 9.087024779723393841e-01 6.779881681250317094e-01 1.910655360104333567e-01 2.563729321064870392e-01 4.974254112297631369e-01 7.544871386353537712e-01 4.938887397965853743e-01 5.100085103295235456e-01 0.000000000000000000e+00 7.060780285188121841e-01 2.373194313862195814e-01 2.094912705802993713e-01
4.600392337238748963e-01 7.593694567685993491e-02 3.764681100367009425e-01 1.207993626096205975e-01 5.520537213487703987e-01 7.270881549447301140e-01 5.218818897642428789e-01 4.512145261448922695e-01 7.032911936768059258e-01 6.721494567333731185e-01 8.114003404317691182e-01 2.626420110501455074e-01 7.986663031400895729e-01 7.594740809389426417e-01 1.205616097064798886e-02 2.684898641204708225e-01 1.314133151241441144e-01 6.725608017907975800e-01 6.610802979757397502e-01 2.772081400951783570e-01 6.323025812704813342e-01 8.217737248959902097e-01 4.378491034179676777e-01 1.398960251889963535e-01 6.755529831526476681e-01 7.732066488498904322e-01 4.755031996008820538e-01 4.793347967339062210e-01 6.956327837682048099e-01 2.403993911140889228e-01 4.712443711197352170e-01 7.060780285188121841e-01 0.000000000000000000e+00 5.873537772370820420e-01 2.699661157773028952e-01
6.237551315574898503e-01 3.113801152378880555e-01 3.387386216706693709e-01 1.956916301264267632e-01 3.949978662416896436e-01 4.314892899673224980e-01 2.030283086033342066e-01 7.872738195911677117e-01 5.513323077129831384e-01 8.408194259684977911e-01 4.056229369321350253e-01 6.916159947147694220e-01 4.471762205687577207e-01 2.232110724860015827e-01 8.216200987422244140e-01 2.557546694229833051e-01 5.099500393133062914e-01 5.481002263792695839e-01 7.400066233633945112e-01 6.213023470092249312e-01 9.509349872303423101e-01 6.914612215750893798e-01 5.138157834742832497e-01 3.486826712423291563e-01 6.884819489233555689e-01 5.378796061881999657e-01 8.436896980120390799e-01 5.150390944034044516e-01 2.859938458247961446e-01 4.708650297556482567e-01 7.018078216128350588e-01 2.373194313862195814e-01 5.873537772370820420e-01 0.000000000000000000e+00 7.710571856662151724e-01
1.103092334911035532e-01 3.865115616182913660e-01 2.271972334538616689e-01 4.367900109829622735e-01 8.268171796370669124e-01 8.525000860101844546e-01 7.744617062364600457e-01 4.999071461127203020e-01 3.329918782031796587e-01 3.399405430768481229e-01 4.860294168221546696e-01 5.468905292138668273e-01 3.176228585991334175e-01 4.484450618624427065e-01 5.219338112265750063e-01 3.401077261679664732e-01 3.410883848757368941e-01 3.481554931244925655e-01 2.165506218827022433e-01 9.161492106993736062e-01 7.919815731049340002e-01 2.476264552026738452e-01 5.955715871943458861e-01 3.506950054843248621e-01 6.305334748167805703e-01 3.717368175775342953e-01 4.806580926490350847e-01 3.555635689311140712e-01 6.758910233440055260e-01 4.213792788330154582e-01 6.313433580884042495e-01 2.094912705802993713e-01 2.699661157773028952e-01 7.710571856662151724e-01 0.000000000000000000e+00
