0.000000000000000000e+00 9.791928004764960392e-01 2.709790390034847452e-01 4.259848884387141266e-01 5.871580144973532756e-01 4.091603674620074016e-01 4.277241708508113804e-01 6.779602845215597640e-01 5.062613485625054865e-01 9.022461876860210506e-01 7.687568367052166618e-01 3.757961177010107345e-01 6.138017535318815998e-01 5.263217384185452374e-01 5.560653246172289066e-01 3.878625941840335156e-01 2.357301600462247682e-01 4.334080039517503868e-01 4.977653244138010580e-01 6.386076454312116235e-01 8.814710259368869760e-01 6.785150930249245205e-01 6.126185387325698839e-01 1.448513233308749149e-01 3.535352953677564636e-01 6.382185773855970634e-01 3.255225822794652890e-01 6.094011880141039228e-01 5.983206465897755733e-01 8.936203889251281840e-02 4.886817894548529662e-01 5.844104704078034729e-01 8.004970586512512032e-01 6.768302387960468680e-01 4.007249534507025812e-01
9.791928004764960392e-01 0.000000000000000000e+00 6.206317382008952332e-01 8.532090085429653303e-01 5.485419354738101383e-01 3.041031464179799748e-01 6.506610209685872448e-01 7.921824126557319712e-01 5.056657448337991134e-01 1.884008698523647052e-01 6.547577080620117229e-01 9.811597665354210296e-02 6.461911680001469760e-01 3.273665270728032262e-01 7.797255288106388349e-01 5.163395003124590099e-01 6.017066788042517711e-01 7.613624790902012718e-01 3.091793419245021379e-01 3.147844452311790997e-01 6.310854930511974326e-01 4.657504478767449108e-01 5.788848817403056124e-01 7.140324571143867871e-01 2.993828985588874447e-01 5.482809661152328040e-01 7.133609611122513350e-01 7.915261869061333000e-01 3.967300763767929728e-01 5.530072066588422874e-01 9.097197844914428622e-01 4.624840947718841799e-01 4.688273448802051102e-01 4.489804572464033972e-01 5.676516816715986291e-01
2.709790390034847452e-01 6.206317382008952332e-01 0.000000000000000000e+00 6.784320859568756523e-01 6.084599765846709918e-01 6.721539407960108736e-01 1.771560384826473822e-01 6.082462550193112882e-02 1.279749343298967057e-01 8.809748991565184983e-01 8.546821478162789365e-01 3.993820509304047417e-01 4.675407011771370858e-01 5.342254055881042740e-01 3.224127403768649591e-01 4.748413872543922332e-01 3.918105471551664998e-01 2.408584180963906363e-01 3.469516270796697555e-01 7.435680760943153000e-02 3.606902910623142611e-01 3.304203732216720590e-01 4.625810808390349305e-01 5.557728054800517015e-01 3.859122628762206575e-01 4.984356762057707835e-01 6.749893639288055969e-01 8.196255238149523503e-01 6.900308185722097143e-01 8.814449602366075665e-01 3.941413604503954393e-01 4.460932837846115495e-01 8.194791050374065078e-01 4.784274063317622838e-01 2.097141945187460665e-01
4.259848884387141266e-01 8.532090085429653303e-01 6.784320859568756523e-01 0.000000000000000000e+00 5.497744136037655549e-01 3.804407183511618884e-01 4.871669956136871482e-01 8.875248604647454354e-01 3.871404468329594506e-01 4.203031291003589409e-01 5.191405931281700692e-01 3.754325096286301733e-01 5.814715503988814316e-01 2.183982396857223618e-01 5.354911836650937396e-01 8.764912623442702166e-01 7.279319998821128790e-01 4.697354890471118760e-01 8.326349056648109093e-01 8.839154455754503203e-01 8.232912295663576963e-01 5.611880701005258487e-01 5.347443498192510081e-01 4.791360125922990432e-01 6.977931590825832142e-01 8.687321289765013166e-01 2.083256605286213370e-01 7.378391548202375416e-01 7.107906872825560107e-01 2.973722804909945117e-01 6.026444061520800366e-01 8.638594968137434105e-01 5.517000691023652426e-01 2.323385258229287986e-01 7.450100849844542017e-01
5.871580144973532756e-01 5.485419354738101383e-01 6.084599765846709918e-01 5.497744136037655549e-01 0.000000000000000000e+00 4.643106042869453165e-01 3.366692242501704291e-01 5.500493063457958520e-01 4.956798118935100139e-01 8.865541781939856314e-01 5.636676425880493557e-01 2.156250341811694060e-01 7.698767583181738150e-01 3.049756673489016912e-01 6.212993459363433946e-01 4.438866270625584365e-01 5.752589929237099664e-01 6.997652000825965724e-01 6.122480394269866899e-01 1.313760702200200692e-01 5.505924522277133581e-01 3.984082318916311038e-01 5.380542228690933237e-01 9.482336170236904671e-02 7.837014850637362695e-01 5.031735307065766660e-01 4.209384722723460426e-01 5.002820971508830095e-01 9.139482408630110744e-01 7.345407397281479289e-01 6.160942585336127708e-01 6.784237068691114647e-01 8.838360177320517819e-01 7.147624838714154993e-01 4.623591499355597101e-01
4.091603674620074016e-01 3.041031464179799748e-01 6.721539407960108736e-01 3.804407183511618884e-01 4.643106042869453165e-01 0.000000000000000000e+00 5.710689359024977430e-01 6.362494322659681956e-01 8.007961975768755902e-01 1.815122611422313459e-01 3.777437343452729746e-01 4.988857677786412981e-01 4.654791573262480608e-01 4.090504126972486221e-01 4.805553833636185823e-01 6.981155023421687922e-01 5.585405503850586761e-01 8.781355935011712077e-01 4.179198383678550122e-01 6.619041028415687533e-01 9.616515938637890670e-01 5.062569789596788050e-01 7.619708577770534230e-01 8.193337286469992709e-02 4.871535458835776211e-01 3.484030527951899048e-01 9.192842199388817637e-01 6.191073280922498867e-01 5.170230036429679377e-01 2.359884129072000181e-01 9.025249877563554790e-01 4.385492404781747844e-01 8.823358800481637676e-01 8.199363451099550559e-01 8.585951949851324816e-01
4.277241708508113804e-01 6.506610209685872448e-01 1.771560384826473822e-01 4.871669956136871482e-01 3.366692242501704291e-01 5.710689359024977430e-01 0.000000000000000000e+00 6.948865293752626293e-01 6.812244251810744000e-01 4.294363130706124743e-01 8.730824671278436533e-02 8.558134137373767381e-01 9.227533080668171017e-01 6.058180572687567045e-01 3.296373339888108989e-01 3.406857946674661242e-01 6.425129254480881347e-01 4.343622581813433858e-01 4.793571583928998292e-01 3.107739178166954996e-01 6.508612624858469697e-01 5.958886900058435465e-01 2.312280868144219736e-01 8.531451908386061822e-01 5.846168598548027173e-01 5.070622294687718856e-01 6.216819655269461009e-01 6.874965771959502536e-01 2.044008902978065034e-01 8.736328759423719337e-01 4.187104615757780701e-01 9.145265902700456806e-01 2.140015646430271090e-01 7.503946216622503496e-02 4.914722763718868404e-01
6.779602845215597640e-01 7.921824126557319712e-01 6.082462550193112882e-02 8.875248604647454354e-01 5.500493063457958520e-01 6.362494322659681956e-01 6.948865293752626293e-01 0.000000000000000000e+00 5.570822536933923708e-01 7.111756059829463794e-01 6.819059953114461337e-01 5.429502263016786623e-01 6.621363172088330362e-01 3.957587714279515168e-01 8.877627503274680976e-01 7.922123623775316759e-01 6.993823821358979842e-01 1.073171431217824212e-01 7.816616997596337324e-01 6.683809014408683691e-01 5.684814880615016719e-01 3.839870780461269728e-01 6.747001242827908030e-01 9.875763588003496629e-01 8.364764070284755881e-01 7.641080414466070447e-01 4.633505699679985046e-01 5.410738081084939255e-01 5.241886970179282512e-01 4.343338301411454605e-01 7.052147575525813394e-01 7.722575175917208989e-01 9.578390043124402897e-01 5.454360721745841190e-01 5.411839616127281927e-01
5.062613485625054865e-01 5.056657448337991134e-01 1.279749343298967057e-01 3.871404468329594506e-01 4.956798118935100139e-01 8.007961975768755902e-01 6.812244251810744000e-01 5.570822536933923708e-01 0.000000000000000000e+00 7.559089024563263592e-01 5.674548536613456262e-01 5.986092683873438514e-01 4.140341672526409722e-01 9.332245099846365743e-01 3.456750986300719530e-01 1.843611598809390406e-01 9.472914563048239200e-01 4.884831234381514786e-01 4.573364857655588533e-01 1.663134613355781166e-01 6.831768322435413099e-01 4.293761211330573979e-01 8.112983930641205488e-01 3.580568186263994868e-01 8.295642508067209153e-01 6.645770933704371330e-01 6.725917241325646279e-01 8.593414123155074247e-01 5.851834597257128401e-01 5.160419791201722450e-01 3.710943375800467292e-01 7.175577563439523576e-01 5.390943929517648670e-01 1.277911493834096301e-01 1.564550564276826483e-01
9.022461876860210506e-01 1.884008698523647052e-01 8.809748991565184983e-01 4.203031291003589409e-01 8.865541781939856314e-01 1.815122611422313459e-01 4.294363130706124743e-01 7.111756059829463794e-01 7.559089024563263592e-01 0.000000000000000000e+00 3.212606042458047151e-01 7.829475632051001721e-01 8.123048535549439730e-01 6.904764306165844800e-02 6.617298239493272227e-01 6.555452089424443907e-01 1.642162987339469415e-01 4.755619636838971931e-01 8.535850377957251434e-01 3.833406336950461180e-01 7.102732917571690230e-01 9.082564202912382090e-01 4.436939221607993922e-01 4.586053809793292357e-01 4.794368500207992212e-01 5.084379598012678247e-01 6.993251004136525895e-01 9.468822222976690517e-01 4.870243516743441581e-01 6.793411942858952335e-01 7.281704105182940090e-01 6.171496867202301839e-01 8.756299264539194604e-01 4.435938011476620035e-01 6.425242751545354736e-01
7.687568367052166618e-01 6.547577080620117229e-01 8.546821478162789365e-01 5.191405931281700692e-01 5.636676425880493557e-01 3.777437343452729746e-01 8.730824671278436533e-02 6.819059953114461337e-01 5.674548536613456262e-01 3.212606042458047151e-01 0.000000000000000000e+00 8.716352683516781497e-03 6.301733624230398956e-01 3.048033660938404554e-01 8.168257478752745104e-01 8.287943094109091469e-01 3.477477520958637824e-01 5.814046923888361862e-01 4.893874058403552829e-01 5.581987636659897500e-01 2.482477488616268713e-01 4.838218954444948872e-01 4.896736758952703883e-01 4.084015022480924628e-01 7.197044636538799667e-01 3.633680928195722748e-01 6.871513329172088680e-01 4.677410292164250749e-01 7.005086884983671158e-01 7.237688037677363351e-01 4.733949678989329835e-01 6.431812799529063041e-01 3.645951498119613388e-01 6.687269806717913712e-01 8.825242572871898616e-01
3.757961177010107345e-01 9.811597665354210296e-02 3.993820509304047417e-01 3.754325096286301733e-01 2.156250341811694060e-01 4.988857677786412981e-01 8.558134137373767381e-01 5.429502263016786623e-01 5.986092683873438514e-01 7.829475632051001721e-01 8.716352683516781497e-03 0.000000000000000000e+00 7.812880778750597166e-01 6.347370744958742428e-01 8.991902500463734293e-01 5.123324134740752100e-01 6.681900646897040996e-01 7.770342250664673545e-01 4.528819633740901462e-01 5.452073440344624711e-01 7.917849639648900650e-01 6.353747483084346559e-01 5.106928624487868662e-01 6.993462699248523817e-01 7.083970289677142818e-01 6.239728646672377810e-01 7.740623275378994972e-01 4.577210300036142487e-01 3.193560441778920955e-01 4.367083834237678319e-01 7.978079711656456130e-01 2.841784729649297625e-01 4.974542796434031078e-01 6.107021115921174026e-01 4.565153756166850929e-01
6.138017535318815998e-01 6.461911680001469760e-01 4.675407011771370858e-01 5.814715503988814316e-01 7.698767583181738150e-01 4.654791573262480608e-01 9.227533080668171017e-01 6.621363172088330362e-01 4.140341672526409722e-01 8.123048535549439730e-01 6.301733624230398956e-01 7.812880778750597166e-01 0.000000000000000000e+00 3.979606176895968961e-01 9.849829304588240131e-01 6.641520505335354319e-01 6.285157779827830193e-01 3.689299021010056800e-01 9.197991298629526469e-01 8.651112211301277277e-01 6.599888550789446695e-01 5.311989282020237457e-01 6.921653939618097606e-01 8.521900661601053972e-01 7.026533093557141285e-01 3.993112147159219028e-01 7.804917784549696425e-01 1.838863259303011866e-01 9.292834385117199059e-01 5.755827693870942952e-01 3.942594008436499098e-01 8.020948141914006069e-01 6.296082945026753031e-01 7.248726329718433448e-01 4.993987348288699835e-01
5.263217384185452374e-01 3.273665270728032262e-01 5.342254055881042740e-01 2.183982396857223618e-01 3.049756673489016912e-01 4.090504126972486221e-01 6.058180572687567045e-01 3.957587714279515168e-01 9.332245099846365743e-01 6.904764306165844800e-02 3.048033660938404554e-01 6.347370744958742428e-01 3.979606176895968961e-01 0.000000000000000000e+00 3.885454426752857349e-01 7.291000026350523688e-01 1.991804071432639045e-01 5.775130931099083931e-01 8.855845658652838903e-01 3.532554103572852489e-01 4.726252073115500552e-01 7.858880179229845719e-01 6.204476146490336408e-01 6.979983505650977360e-01 7.622372489750468549e-01 4.682524281424576551e-01 7.907313388310024393e-01 6.756723802114092958e-01 8.001353615606614511e-01 5.445701709331427498e-01 4.409072514972768309e-01 1.438523140016543245e-01 7.706372351985385505e-01 8.168710377063671535e-01 5.662528887468696315e-01
5.560653246172289066e-01 7.797255288106388349e-01 3.224127403768649591e-01 5.354911836650937396e-01 6.212993459363433946e-01 4.805553833636185823e-01 3.296373339888108989e-01 8.877627503274680976e-01 3.456750986300719530e-01 6.617298239493272227e-01 8.168257478752745104e-01 8.991902500463734293e-01 9.849829304588240131e-01 3.885454426752857349e-01 0.000000000000000000e+00 6.940546812524046594e-01 6.580592516275534098e-01 6.490267504748643557e-01 8.025804430716566573e-01 7.661574211492720998e-01 4.342930671289118028e-01 5.639224360008014969e-01 2.826256695871872671e-01 7.711339000096762986e-01 5.999993748989174147e-01 5.724258029290518746e-01 6.875031553430456244e-01 8.851916937307795497e-01 3.628580675264767574e-01 9.210135493954898500e-01 8.260913796043835022e-01 9.182614136044968678e-01 6.251089788675070480e-01 7.651300776789253799e-01 5.171452984815239073e-01
3.878625941840335156e-01 5.163395003124590099e-01 4.748413872543922332e-01 8.764912623442702166e-01 4.438866270625584365e-01 6.981155023421687922e-01 3.406857946674661242e-01 7.922123623775316759e-01 1.843611598809390406e-01 6.555452089424443907e-01 8.287943094109091469e-01 5.123324134740752100e-01 6.641520505335354319e-01 7.291000026350523688e-01 6.940546812524046594e-01 0.000000000000000000e+00 4.893888292392883366e-01 6.119606765327145759e-01 4.214657750616085385e-01 1.388449900559325378e-01 3.291647471194521501e-01 7.736468589295345533e-01 6.913025336701801304e-01 6.785296386537449376e-01 7.684641373379872409e-01 7.316728989435555830e-01 4.792220623108062738e-01 4.691189912668418671e-01 8.353751429321402133e-01 8.300557187797628078e-01 4.468233732882241904e-01 9.595957006598667682e-01 7.181286811683025295e-01 6.139068219212567845e-01 7.806323270377095724e-01
2.357301600462247682e-01 6.017066788042517711e-01 3.918105471551664998e-01 7.279319998821128790e-01 5.752589929237099664e-01 5.585405503850586761e-01 6.425129254480881347e-01 6.993823821358979842e-01 9.472914563048239200e-01 1.642162987339469415e-01 3.477477520958637824e-01 6.681900646897040996e-01 6.285157779827830193e-01 1.991804071432639045e-01 6.580592516275534098e-01 4.893888292392883366e-01 0.000000000000000000e+00 4.315063917550028827e-01 5.949001201827439633e-01 2.776674105754884381e-01 6.638755346882014852e-01 7.366375132720422991e-01 2.510157317461289561e-01 5.322153061195926682e-01 1.452270470057962504e-01 5.949681808875346700e-01 5.220106789155488647e-01 5.819034792822621593e-01 4.784212531879763475e-01 5.122542120575024338e-01 8.941069675647225212e-01 6.683346616205702029e-01 4.896202322441560728e-01 5.484872956334645444e-01 7.511303811452190171e-01
4.334080039517503868e-01 7.613624790902012718e-01 2.408584180963906363e-01 4.697354890471118760e-01 6.997652000825965724e-01 8.781355935011712077e-01 4.343622581813433858e-01 1.073171431217824212e-01 4.884831234381514786e-01 4.755619636838971931e-01 5.814046923888361862e-01 7.770342250664673545e-01 3.689299021010056800e-01 5.775130931099083931e-01 6.490267504748643557e-01 6.119606765327145759e-01 4.315063917550028827e-01 0.000000000000000000e+00 4.593854715947903733e-01 2.271380902528812584e-01 1.539751496317808277e-01 9.520901008889655071e-01 6.906812788557972205e-01 7.598441336129775348e-01 2.047854756061177617e-01 8.114684066764425996e-01 7.276879275074398246e-01 1.762050777754097242e-01 4.212409817872461715e-01 9.193245045246101199e-01 5.030352877460126937e-01 4.526614229651979016e-01 2.475505913821195170e-01 7.630438840831665903e-01 5.687221467966874222e-01
4.977653244138010580e-01 3.091793419245021379e-01 3.469516270796697555e-01 8.326349056648109093e-01 6.122480394269866899e-01 4.179198383678550122e-01 4.793571583928998292e-01 7.816616997596337324e-01 4.573364857655588533e-01 8.535850377957251434e-01 4.893874058403552829e-01 4.528819633740901462e-01 9.197991298629526469e-01 8.855845658652838903e-01 8.025804430716566573e-01 4.214657750616085385e-01 5.949001201827439633e-01 4.593854715947903733e-01 0.000000000000000000e+00 5.280423141888375138e-01 5.166052565509970940e-01 5.812380607713912850e-01 6.760888554364812286e-01 4.692152078421591432e-01 5.350565645856690811e-01 5.706663319556393166e-01 1.796119323762530584e-01 5.837529664853573497e-01 7.503403710132802162e-01 5.255778519707157148e-01 5.021322376806456322e-01 6.768017404801401904e-02 3.367486500975805930e-01 4.507177876301892150e-01 7.640253526566778142e-01
6.386076454312116235e-01 3.147844452311790997e-01 7.435680760943153000e-02 8.839154455754503203e-01 1.313760702200200692e-01 6.619041028415687533e-01 3.107739178166954996e-01 6.683809014408683691e-01 1.663134613355781166e-01 3.833406336950461180e-01 5.581987636659897500e-01 5.452073440344624711e-01 8.651112211301277277e-01 3.532554103572852489e-01 7.661574211492720998e-01 1.388449900559325378e-01 2.776674105754884381e-01 2.271380902528812584e-01 5.280423141888375138e-01 0.000000000000000000e+00 8.364515346026368814e-02 7.101175587950734336e-01 1.210249295327805452e-01 2.785439237626532449e-01 4.378515387265097814e-01 6.501778525017711807e-01 7.439767637498023722e-01 3.084708758556663488e-01 6.564015644801923788e-01 9.182956094609970865e-01 5.260891660103932388e-01 6.446683080226234264e-01 3.181769598224427620e-01 5.593982034152407135e-01 4.513611409486250614e-01
8.814710259368869760e-01 6.310854930511974326e-01 3.606902910623142611e-01 8.232912295663576963e-01 5.505924522277133581e-01 9.616515938637890670e-01 6.508612624858469697e-01 5.684814880615016719e-01 6.831768322435413099e-01 7.102732917571690230e-01 2.482477488616268713e-01 7.917849639648900650e-01 6.599888550789446695e-01 4.726252073115500552e-01 4.342930671289118028e-01 3.291647471194521501e-01 6.638755346882014852e-01 1.539751496317808277e-01 5.166052565509970940e-01 8.364515346026368814e-02 0.000000000000000000e+00 6.507492631835061214e-01 4.277718941869997904e-01 8.054691927741186586e-02 3.743855611430595420e-01 4.466064367844286842e-01 2.773515258213932189e-01 4.534338707733664986e-02 8.888818266058466921e-01 8.471535550710762585e-01 7.537779017632240119e-01 5.396371212030501852e-01 2.813621014572832424e-01 2.476416842402106022e-01 4.507193117495187362e-01
6.785150930249245205e-01 4.657504478767449108e-01 3.304203732216720590e-01 5.611880701005258487e-01 3.984082318916311038e-01 5.062569789596788050e-01 5.958886900058435465e-01 3.839870780461269728e-01 4.293761211330573979e-01 9.082564202912382090e-01 4.838218954444948872e-01 6.353747483084346559e-01 5.311989282020237457e-01 7.858880179229845719e-01 5.639224360008014969e-01 7.736468589295345533e-01 7.366375132720422991e-01 9.520901008889655071e-01 5.812380607713912850e-01 7.101175587950734336e-01 6.507492631835061214e-01 0.000000000000000000e+00 5.418281299204091850e-01 4.205038705555578238e-01 4.139353169575341607e-01 2.305924806110362657e-01 6.268347936209284210e-01 6.388979038923903175e-01 6.505609875718608714e-01 6.408236027441648330e-01 7.772784866241976287e-01 6.067365831666364784e-01 7.465636416020200450e-01 7.393409151875082186e-01 5.356763051272596110e-01
6.126185387325698839e-01 5.788848817403056124e-01 4.625810808390349305e-01 5.347443498192510081e-01 5.380542228690933237e-01 7.619708577770534230e-01 2.312280868144219736e-01 6.747001242827908030e-01 8.112983930641205488e-01 4.436939221607993922e-01 4.896736758952703883e-01 5.106928624487868662e-01 6.921653939618097606e-01 6.204476146490336408e-01 2.826256695871872671e-01 6.913025336701801304e-01 2.510157317461289561e-01 6.906812788557972205e-01 6.760888554364812286e-01 1.210249295327805452e-01 4.277718941869997904e-01 5.418281299204091850e-01 0.000000000000000000e+00 3.669859910131910707e-01 8.019592484651030251e-01 7.450677239419483122e-01 7.360218220939742650e-01 8.918654137350032762e-01 8.485220907605415253e-01 4.393458566922452957e-01 1.619019997458536197e-01 5.467970973119142819e-01 3.393496132786598674e-01 4.771867225090439812e-01 1.400457110373989345e-01
1.448513233308749149e-01 7.140324571143867871e-01 5.557728054800517015e-01 4.791360125922990432e-01 9.482336170236904671e-02 8.193337286469992709e-02 8.531451908386061822e-01 9.875763588003496629e-01 3.580568186263994868e-01 4.586053809793292357e-01 4.084015022480924628e-01 6.993462699248523817e-01 8.521900661601053972e-01 6.979983505650977360e-01 7.711339000096762986e-01 6.785296386537449376e-01 5.322153061195926682e-01 7.598441336129775348e-01 4.692152078421591432e-01 2.785439237626532449e-01 8.054691927741186586e-02 4.205038705555578238e-01 3.669859910131910707e-01 0.000000000000000000e+00 9.894536981637391815e-02 7.363529358662339597e-01 8.180490844951499030e-01 7.421470582545452999e-02 5.465969229068645685e-01 3.618622738284182905e-01 6.400515320353715731e-01 3.337835204721305571e-01 7.474091433726022249e-01 6.784662814111021012e-01 8.861632125844481900e-01
3.535352953677564636e-01 2.993828985588874447e-01 3.859122628762206575e-01 6.977931590825832142e-01 7.837014850637362695e-01 4.871535458835776211e-01 5.846168598548027173e-01 8.364764070284755881e-01 8.295642508067209153e-01 4.794368500207992212e-01 7.197044636538799667e-01 7.083970289677142818e-01 7.026533093557141285e-01 7.622372489750468549e-01 5.999993748989174147e-01 7.684641373379872409e-01 1.452270470057962504e-01 2.047854756061177617e-01 5.350565645856690811e-01 4.378515387265097814e-01 3.743855611430595420e-01 4.139353169575341607e-01 8.019592484651030251e-01 9.894536981637391815e-02 0.000000000000000000e+00 3.241195072879502481e-01 4.577383540303898157e-01 8.085623530160142014e-01 8.087409329208548048e-01 2.340438945904828039e-01 4.314263177046501196e-01 4.013558816564000153e-01 8.028549448004633771e-01 5.547017722181382116e-01 5.386306835717865615e-01
6.382185773855970634e-01 5.482809661152328040e-01 4.984356762057707835e-01 8.687321289765013166e-01 5.031735307065766660e-01 3.484030527951899048e-01 5.070622294687718856e-01 7.641080414466070447e-01 6.645770933704371330e-01 5.084379598012678247e-01 3.633680928195722748e-01 6.239728646672377810e-01 3.993112147159219028e-01 4.682524281424576551e-01 5.724258029290518746e-01 7.316728989435555830e-01 5.949681808875346700e-01 8.114684066764425996e-01 5.706663319556393166e-01 6.501778525017711807e-01 4.466064367844286842e-01 2.305924806110362657e-01 7.450677239419483122e-01 7.363529358662339597e-01 3.241195072879502481e-01 0.000000000000000000e+00 2.217325648272423511e-01 4.769576178637640607e-01 4.661460923599114459e-01 6.396161553822100609e-01 3.054097229538702551e-01 9.332738948373566767e-01 4.483545572552483094e-02 3.675537519511962170e-02 7.214165058185433299e-01
3.255225822794652890e-01 7.133609611122513350e-01 6.749893639288055969e-01 2.083256605286213370e-01 4.209384722723460426e-01 9.192842199388817637e-01 6.216819655269461009e-01 4.633505699679985046e-01 6.725917241325646279e-01 6.993251004136525895e-01 6.871513329172088680e-01 7.740623275378994972e-01 7.804917784549696425e-01 7.907313388310024393e-01 6.875031553430456244e-01 4.792220623108062738e-01 5.220106789155488647e-01 7.276879275074398246e-01 1.796119323762530584e-01 7.439767637498023722e-01 2.773515258213932189e-01 6.268347936209284210e-01 7.360218220939742650e-01 8.180490844951499030e-01 4.577383540303898157e-01 2.217325648272423511e-01 0.000000000000000000e+00 6.567031088589975196e-01 8.022951155331137230e-01 7.640262229957277551e-01 4.051642124564386327e-01 1.995189694290577798e-02 5.258711667788072974e-01 5.098816990042391861e-01 7.056773262448667872e-01
6.094011880141039228e-01 7.915261869061333000e-01 8.196255238149523503e-01 7.378391548202375416e-01 5.002820971508830095e-01 6.191073280922498867e-01 6.874965771959502536e-01 5.410738081084939255e-01 8.593414123155074247e-01 9.468822222976690517e-01 4.677410292164250749e-01 4.577210300036142487e-01 1.838863259303011866e-01 6.756723802114092958e-01 8.851916937307795497e-01 4.691189912668418671e-01 5.819034792822621593e-01 1.762050777754097242e-01 5.837529664853573497e-01 3.084708758556663488e-01 4.534338707733664986e-02 6.388979038923903175e-01 8.918654137350032762e-01 7.421470582545452999e-02 8.085623530160142014e-01 4.769576178637640607e-01 6.567031088589975196e-01 0.000000000000000000e+00 2.657878787646609231e-01 7.459449603249996841e-01 7.784236076966375428e-01 6.689648867176459790e-01 7.882223933110690250e-01 7.736191375715174567e-01 3.609495245812573971e-01
5.983206465897755733e-01 3.967300763767929728e-01 6.900308185722097143e-01 7.107906872825560107e-01 9.139482408630110744e-01 5.170230036429679377e-01 2.044008902978065034e-01 5.241886970179282512e-01 5.851834597257128401e-01 4.870243516743441581e-01 7.005086884983671158e-01 3.193560441778920955e-01 9.292834385117199059e-01 8.001353615606614511e-01 3.628580675264767574e-01 8.353751429321402133e-01 4.784212531879763475e-01 4.212409817872461715e-01 7.503403710132802162e-01 6.564015644801923788e-01 8.888818266058466921e-01 6.505609875718608714e-01 8.485220907605415253e-01 5.465969229068645685e-01 8.087409329208548048e-01 4.661460923599114459e-01 8.022951155331137230e-01 2.657878787646609231e-01 0.000000000000000000e+00 4.104577032817516846e-01 4.545689104985441986e-01 4.356971513677932450e-01 6.611134491286279058e-01 4.888422298794324328e-01 4.783084019324709280e-01
8.936203889251281840e-02 5.530072066588422874e-01 8.814449602366075665e-01 2.973722804909945117e-01 7.345407397281479289e-01 2.359884129072000181e-01 8.736328759423719337e-01 4.343338301411454605e-01 5.160419791201722450e-01 6.793411942858952335e-01 7.237688037677363351e-01 4.367083834237678319e-01 5.755827693870942952e-01 5.445701709331427498e-01 9.210135493954898500e-01 8.300557187797628078e-01 5.122542120575024338e-01 9.193245045246101199e-01 5.255778519707157148e-01 9.182956094609970865e-01 8.471535550710762585e-01 6.408236027441648330e-01 4.393458566922452957e-01 3.618622738284182905e-01 2.340438945904828039e-01 6.396161553822100609e-01 7.640262229957277551e-01 7.459449603249996841e-01 4.104577032817516846e-01 0.000000000000000000e+00 4.513747781109136992e-01 4.803105207810219324e-01 5.221023403804680996e-01 3.837696823956722181e-01 5.405332866052785512e-01
4.886817894548529662e-01 9.097197844914428622e-01 3.941413604503954393e-01 6.026444061520800366e-01 6.160942585336127708e-01 9.025249877563554790e-01 4.187104615757780701e-01 7.052147575525813394e-01 3.710943375800467292e-01 7.281704105182940090e-01 4.733949678989329835e-01 7.978079711656456130e-01 3.942594008436499098e-01 4.409072514972768309e-01 8.260913796043835022e-01 4.468233732882241904e-01 8.941069675647225212e-01 5.030352877460126937e-01 5.021322376806456322e-01 5.260891660103932388e-01 7.537779017632240119e-01 7.772784866241976287e-01 1.619019997458536197e-01 6.400515320353715731e-01 4.314263177046501196e-01 3.054097229538702551e-01 4.051642124564386327e-01 7.784236076966375428e-01 4.545689104985441986e-01 4.513747781109136992e-01 0.000000000000000000e+00 3.177287318239724878e-01 8.373958116051158918e-01 7.366285811591661847e-01 4.795858452448317211e-01
5.844104704078034729e-01 4.624840947718841799e-01 4.460932837846115495e-01 8.638594968137434105e-01 6.784237068691114647e-01 4.385492404781747844e-01 9.145265902700456806e-01 7.722575175917208989e-01 7.175577563439523576e-01 6.171496867202301839e-01 6.431812799529063041e-01 2.841784729649297625e-01 8.020948141914006069e-01 1.438523140016543245e-01 9.182614136044968678e-01 9.595957006598667682e-01 6.683346616205702029e-01 4.526614229651979016e-01 6.768017404801401904e-02 6.446683080226234264e-01 5.396371212030501852e-01 6.067365831666364784e-01 5.467970973119142819e-01 3.337835204721305571e-01 4.013558816564000153e-01 9.332738948373566767e-01 1.995189694290577798e-02 6.689648867176459790e-01 4.356971513677932450e-01 4.803105207810219324e-01 3.177287318239724878e-01 0.000000000000000000e+00 2.179047827079795274e-01 5.562579286678686064e-01 1.220735209485598327e-01
8.004970586512512032e-01 4.688273448802051102e-01 8.194791050374065078e-01 5.517000691023652426e-01 8.838360177320517819e-01 8.823358800481637676e-01 2.140015646430271090e-01 9.578390043124402897e-01 5.390943929517648670e-01 8.756299264539194604e-01 3.645951498119613388e-01 4.974542796434031078e-01 6.296082945026753031e-01 7.706372351985385505e-01 6.251089788675070480e-01 7.181286811683025295e-01 4.896202322441560728e-01 2.475505913821195170e-01 3.367486500975805930e-01 3.181769598224427620e-01 2.813621014572832424e-01 7.465636416020200450e-01 3.393496132786598674e-01 7.474091433726022249e-01 8.028549448004633771e-01 4.483545572552483094e-02 5.258711667788072974e-01 7.882223933110690250e-01 6.611134491286279058e-01 5.221023403804680996e-01 8.373958116051158918e-01 2.179047827079795274e-01 0.000000000000000000e+00 2.924712553677177307e-01 6.509454196626019984e-01
6.768302387960468680e-01 4.489804572464033972e-01 4.784274063317622838e-01 2.323385258229287986e-01 7.147624838714154993e-01 8.199363451099550559e-01 7.503946216622503496e-02 5.454360721745841190e-01 1.277911493834096301e-01 4.435938011476620035e-01 6.687269806717913712e-01 6.107021115921174026e-01 7.248726329718433448e-01 8.168710377063671535e-01 7.651300776789253799e-01 6.139068219212567845e-01 5.484872956334645444e-01 7.630438840831665903e-01 4.507177876301892150e-01 5.593982034152407135e-01 2.476416842402106022e-01 7.393409151875082186e-01 4.771867225090439812e-01 6.784662814111021012e-01 5.547017722181382116e-01 3.675537519511962170e-02 5.098816990042391861e-01 7.736191375715174567e-01 4.888422298794324328e-01 3.837696823956722181e-01 7.366285811591661847e-01 5.562579286678686064e-01 2.924712553677177307e-01 0.000000000000000000e+00 6.998461310537720248e-01
4.007249534507025812e-01 5.676516816715986291e-01 2.097141945187460665e-01 7.450100849844542017e-01 4.623591499355597101e-01 8.585951949851324816e-01 4.914722763718868404e-01 5.411839616127281927e-01 1.564550564276826483e-01 6.425242751545354736e-01 8.825242572871898616e-01 4.565153756166850929e-01 4.993987348288699835e-01 5.662528887468696315e-01 5.171452984815239073e-01 7.806323270377095724e-01 7.511303811452190171e-01 5.687221467966874222e-01 7.640253526566778142e-01 4.513611409486250614e-01 4.507193117495187362e-01 5.356763051272596110e-01 1.400457110373989345e-01 8.861632125844481900e-01 5.386306835717865615e-01 7.214165058185433299e-01 7.056773262448667872e-01 3.609495245812573971e-01 4.783084019324709280e-01 5.405332866052785512e-01 4.795858452448317211e-01 1.220735209485598327e-01 6.509454196626019984e-01 6.998461310537720248e-01 0.000000000000000000e+00
