0.000000000000000000e+00 4.713816133491544047e-01 7.800271818003365887e-01 9.026498066196584347e-01 8.078676334872132436e-01 5.711671070672749151e-01 4.994297742218101743e-01 2.465269302680302976e-01 3.831748829308008752e-01 3.929335411556138524e-01 5.017808458783533654e-01 7.516985986084512295e-01 8.752908047186940266e-01 7.118819706332639718e-01 7.524761962617668720e-01 9.171194778013336268e-02 6.026942571336995069e-01 6.063916132553819338e-01 3.487707716763730481e-01 8.621313129760656002e-01 8.248700290970859550e-01 7.073524282440035726e-01 7.818294680225474913e-01 6.896734609342149991e-01 6.106999519392772857e-01 3.226337054070395061e-01 8.862620452415506112e-01 6.949740800382112615e-01 7.860466647929634787e-01 7.443057704022444376e-01 2.017461959730901810e-01 5.042408255574544196e-01 7.473674569436007387e-01 4.369414030581393327e-01 7.476377768898705423e-01
4.713816133491544047e-01 0.000000000000000000e+00 3.894715825587985458e-01 5.898831006441156433e-01 7.894698000190765175e-01 4.056875827859485195e-01 5.133486444178554375e-01 8.689194219142711839e-01 6.676310632533579703e-01 4.080280777979839457e-01 5.376604032956671109e-01 5.554058917910074111e-01 7.887360278468626973e-01 1.527748914993747320e-01 7.879918997706121253e-01 4.832866162200115112e-01 2.777190768650042996e-01 4.702503003775855839e-01 2.142418810324362433e-01 1.280354705094650658e-01 6.707512501782115777e-01 8.328680670737470537e-01 2.461793780944784293e-01 5.876122337094504822e-01 4.084253860422685234e-01 8.066968571730591675e-01 1.877670436305765023e-01 5.366960737144204074e-01 8.183313864521193359e-01 7.750777765076994896e-01 6.759911993735761016e-01 8.508866079250798631e-01 3.691363144386463069e-01 5.044877290915048551e-01 7.354008411848143023e-01
7.800271818003365887e-01 3.894715825587985458e-01 0.000000000000000000e+00 9.928905962070433411e-02 3.157319190005942189e-01 4.671922906762523975e-01 4.668306072651686733e-01 5.294458375592330235e-01 4.074324079026056533e-01 7.891229389269653893e-01 6.931435113567527839e-01 4.710497898651427318e-01 3.414839835151806113e-01 3.963146139841962623e-01 4.259265971235909887e-01 6.632427892358858657e-01 3.748022461318595844e-01 6.499505212793164066e-01 6.975279301491883466e-01 6.041317528203183906e-01 7.530897840949030142e-02 8.158004367152942304e-01 5.001909388084222474e-01 3.515863727217866108e-01 8.603274585047534506e-01 4.236079167205168972e-01 4.674642909873042984e-01 5.695965627129651043e-02 8.046230156419149626e-01 6.869147688673782337e-01 3.804772288465648189e-01 4.339977696334041957e-01 3.430196916846610655e-01 8.747382571406385754e-01 6.634308577960883468e-01
9.026498066196584347e-01 5.898831006441156433e-01 9.928905962070433411e-02 0.000000000000000000e+00 4.525221532128896884e-01 6.812856682933182695e-01 4.167713713955943922e-01 4.530539915958197161e-01 5.459209962779997261e-01 8.397807330137068149e-01 6.935299627871734929e-01 5.739747211838589491e-01 9.284138230171097295e-01 7.759981110483250566e-01 5.835363507528568139e-01 9.777011977806293608e-02 5.682023658332208127e-01 4.720158224517171930e-01 5.155215853102347312e-01 5.858508720355066757e-01 8.496388806036836439e-01 2.701298846307736978e-01 4.586027677118138524e-01 5.693426657543093627e-01 2.290342072793444816e-01 2.646416430450616586e-01 2.200773352568285990e-01 6.770989941417582259e-01 4.025561289083660066e-01 3.920897763722381857e-01 7.999202009464907448e-01 7.211877430446819170e-01 7.722511912192624450e-01 6.886967815292811546e-01 8.213265291235765098e-01
8.078676334872132436e-01 7.894698000190765175e-01 3.157319190005942189e-01 4.525221532128896884e-01 0.000000000000000000e+00 4.256777471440165161e-01 4.056725449695234853e-01 5.255146372731119842e-01 8.110919806906480289e-01 5.193130739319746780e-01 5.646935559688340822e-01 8.961912994911911401e-01 4.445849168123355288e-01 7.404877455698279931e-01 5.471985761307252005e-01 4.572138893007210991e-01 5.508311955104605584e-01 3.774899121695056148e-01 8.266992670272381716e-01 5.687205462571898185e-01 1.273386124730289115e-01 1.809783156766787693e-01 3.350582277611581783e-01 5.912540079172300400e-01 4.160225984768154417e-01 4.781289109254279190e-01 3.238059299108060896e-01 2.070365565915912032e-01 8.818450211941969430e-01 1.987878514865748514e-02 5.857120570684793970e-01 6.939598245794634801e-01 3.666074464307187419e-01 9.578699924942073451e-01 6.546146638911365390e-01
5.711671070672749151e-01 4.056875827859485195e-01 4.671922906762523975e-01 6.812856682933182695e-01 4.256777471440165161e-01 0.000000000000000000e+00 5.014428778370731976e-01 9.695258400998356674e-01 7.263855557061854595e-01 2.091864092235510286e-01 6.140153778653875127e-01 7.744544033815299322e-01 6.752593408380636042e-01 4.418321303828274815e-01 6.015791867687423355e-01 3.990435976881517854e-01 7.731053559261151786e-01 5.412530951209899577e-01 1.237596367566369260e-01 3.559590330462642505e-01 5.924152161841418351e-01 8.653215616614244876e-01 1.025238258803358171e-01 2.950402173994094990e-01 6.439463676470668085e-01 5.519560921709432133e-01 3.784451436823094150e-01 5.220566168020732700e-01 7.525249341601356612e-01 2.753593756520212876e-01 7.199008402120786743e-01 2.636344887559792793e-01 7.959055171996034517e-01 5.093942797923551868e-01 2.295956709260848494e-01
4.994297742218101743e-01 5.133486444178554375e-01 4.668306072651686733e-01 4.167713713955943922e-01 4.056725449695234853e-01 5.014428778370731976e-01 0.000000000000000000e+00 2.208194881859555370e-01 8.071671348645521604e-01 5.802732089038326047e-01 6.054382784839693610e-01 2.657209207636288539e-01 4.076521346758125164e-01 6.810858632093028664e-01 3.337016649000290602e-01 2.631975226049835248e-01 8.066763360820379258e-01 3.385077755435312308e-01 4.591309012394745870e-01 4.924455243130839710e-01 8.132519007026839386e-01 1.295321376423841375e-01 8.881961486495916214e-01 4.246645956033577307e-01 4.739079662140210925e-01 1.033587516687751728e-01 9.333164551191216463e-01 5.477346045018568477e-01 8.183572058594138499e-01 5.709676952847757558e-01 3.959850475047022034e-01 8.325829371283339775e-01 8.119030760054333218e-01 8.134676590422891262e-01 6.967812676038661612e-01
2.465269302680302976e-01 8.689194219142711839e-01 5.294458375592330235e-01 4.530539915958197161e-01 5.255146372731119842e-01 9.695258400998356674e-01 2.208194881859555370e-01 0.000000000000000000e+00 5.426707455490391574e-01 6.701198080445454064e-01 6.440019654340272126e-01 4.323876240397784843e-01 9.414401245146948316e-01 5.405982032263437764e-01 7.354428038208138396e-01 6.434692896287463881e-01 6.743255311729726698e-01 9.400764776435704961e-01 8.040071018905292632e-01 6.741323520331372610e-01 8.457121628208392750e-01 6.895991577443527643e-01 2.794879594342756235e-01 4.618379376182494833e-01 7.445385484214199767e-01 7.071259162339035287e-01 7.287266177296080061e-01 5.012487258164857185e-01 6.896539223672082386e-01 1.228608670952353599e-01 7.355779937836919302e-01 4.165783986916236636e-01 3.499333649716336869e-01 7.885092876803108108e-01 7.639502820446246734e-01
3.831748829308008752e-01 6.676310632533579703e-01 4.074324079026056533e-01 5.459209962779997261e-01 8.110919806906480289e-01 7.263855557061854595e-01 8.071671348645521604e-01 5.426707455490391574e-01 0.000000000000000000e+00 9.937096505015441394e-02 4.063879750590261852e-01 4.927070604198781623e-01 5.363498814497571487e-01 4.880685199849703615e-01 8.920998671608104669e-01 3.563761995046320630e-01 3.684193466826086727e-01 5.802098618488887860e-02 5.727540727756137429e-01 1.288164226848913518e-01 4.094066862476576363e-01 7.426669481803249706e-01 2.227871902942213378e-02 8.239533541713555120e-01 5.218023616507516671e-01 5.325707779296464661e-01 4.858726291130672226e-01 7.877071972117868359e-01 6.195491328681472787e-01 5.563920448940847807e-01 4.246173431237446616e-01 8.233177291979212331e-01 6.089163969290725120e-01 9.143175590186980450e-02 6.329082270308840075e-01
3.929335411556138524e-01 4.080280777979839457e-01 7.891229389269653893e-01 8.397807330137068149e-01 5.193130739319746780e-01 2.091864092235510286e-01 5.802732089038326047e-01 6.701198080445454064e-01 9.937096505015441394e-02 0.000000000000000000e+00 2.152677306530795809e-01 4.868807281744295667e-01 5.824997943367951070e-01 1.963790754407707673e-01 7.275772516075875718e-01 7.227871751650685184e-01 2.422127754163037050e-01 4.094830310926534378e-01 1.689165990906127401e-01 6.273532023956276404e-01 5.676104475640567637e-01 5.742572641388115073e-01 6.776398073899236874e-01 8.349927900555623728e-01 4.539434564584851617e-01 7.816251303307123477e-01 4.780538085822137462e-01 9.560520292317797875e-02 3.287310442704329816e-01 5.124831472802426902e-01 5.555948094907379176e-01 1.550837805129313685e-01 7.310908361004475609e-02 9.436742238964770380e-01 9.232943085178977327e-01
5.017808458783533654e-01 5.376604032956671109e-01 6.931435113567527839e-01 6.935299627871734929e-01 5.646935559688340822e-01 6.140153778653875127e-01 6.054382784839693610e-01 6.440019654340272126e-01 4.063879750590261852e-01 2.152677306530795809e-01 0.000000000000000000e+00 4.137500516854689669e-01 4.362047851824106814e-01 8.329929309672279292e-01 3.617546530265546290e-01 4.745762584207145474e-01 3.184027365456744696e-01 5.911001219182001609e-01 8.637909027711720977e-02 2.477558193537377496e-01 4.752934739303605327e-01 2.779269977697835792e-01 6.397234355068702749e-01 9.604952808487203786e-01 6.565072037394923399e-01 4.384573383143324232e-01 5.238899256628235523e-01 2.625115655631976574e-01 6.743309492089093471e-01 6.585220650451325541e-01 3.529400440285694329e-01 6.801381708804072890e-01 4.046018318796319457e-01 3.713460053672961170e-01 8.208079315715034463e-01
7.516985986084512295e-01 5.554058917910074111e-01 4.710497898651427318e-01 5.739747211838589491e-01 8.961912994911911401e-01 7.744544033815299322e-01 2.657209207636288539e-01 4.323876240397784843e-01 4.927070604198781623e-01 4.868807281744295667e-01 4.137500516854689669e-01 0.000000000000000000e+00 7.497567856304363509e-01 5.634929738935829935e-01 3.244841671984612930e-01 7.909282118395286609e-01 4.815805382549713243e-01 5.935600099255113893e-01 4.821024114091633783e-01 4.640706799945885086e-01 2.757815785212895943e-01 4.177665095112517157e-01 4.903891025541325388e-01 1.879762282422957065e-01 3.921075079943118213e-01 8.952420844397179778e-02 4.677787720896929846e-01 4.223112139080104077e-01 4.137453666665373286e-01 5.672959500018041057e-01 8.057424460338928895e-01 8.905145050830511888e-01 7.065923299156464665e-01 5.086933393971522221e-01 9.210394187711717917e-01
8.752908047186940266e-01 7.887360278468626973e-01 3.414839835151806113e-01 9.284138230171097295e-01 4.445849168123355288e-01 6.752593408380636042e-01 4.076521346758125164e-01 9.414401245146948316e-01 5.363498814497571487e-01 5.824997943367951070e-01 4.362047851824106814e-01 7.497567856304363509e-01 0.000000000000000000e+00 3.103374280572799293e-01 2.237537697731463160e-01 5.910718799525964684e-01 5.085204831725914643e-01 9.002157264480019627e-01 4.059016393680580093e-01 1.858007042204788961e-01 2.614594590728799295e-01 8.784550047098336201e-01 4.175308119750491542e-01 4.832178658781934866e-01 3.120249019464993445e-02 4.080973857376492542e-01 6.119309292328104499e-01 6.715297065602365834e-01 9.320200478239161201e-01 7.338540463003978553e-01 5.549172045577284162e-01 7.285222728087018540e-01 7.264364161758936067e-01 3.186203092228970801e-01 1.155537749510486267e-01
7.118819706332639718e-01 1.527748914993747320e-01 3.963146139841962623e-01 7.759981110483250566e-01 7.404877455698279931e-01 4.418321303828274815e-01 6.810858632093028664e-01 5.405982032263437764e-01 4.880685199849703615e-01 1.963790754407707673e-01 8.329929309672279292e-01 5.634929738935829935e-01 3.103374280572799293e-01 0.000000000000000000e+00 7.121280343205609320e-01 2.284208487519097386e-01 7.771763843193950638e-01 3.382912570886071335e-01 3.858639289758580282e-01 5.606551622916544630e-01 5.555652359848051169e-01 4.940173142483588187e-01 6.960470132893494810e-01 4.973796324249538103e-01 4.737868026992566040e-01 1.667238618456634014e-01 9.067344127001215615e-01 6.276206689302835651e-01 4.238275866996175645e-01 8.426748340376968294e-01 1.872576707492447090e-01 2.690800037574558878e-01 7.790964759044576304e-01 6.090836713328090513e-01 3.162689730532830534e-02
7.524761962617668720e-01 7.879918997706121253e-01 4.259265971235909887e-01 5.835363507528568139e-01 5.471985761307252005e-01 6.015791867687423355e-01 3.337016649000290602e-01 7.354428038208138396e-01 8.920998671608104669e-01 7.275772516075875718e-01 3.617546530265546290e-01 3.244841671984612930e-01 2.237537697731463160e-01 7.121280343205609320e-01 0.000000000000000000e+00 5.231672190016840585e-01 4.505632164237657888e-01 4.385203492553906290e-01 3.617472360903370987e-01 4.901743314057274148e-01 6.570836715047676524e-01 9.477023210638888528e-01 4.831369907192213931e-01 1.524124454535558115e-01 4.230153183748440182e-01 4.927572545098232171e-01 5.894179791562053072e-01 4.219050460203856989e-01 4.539731823862049320e-01 2.822540985144925685e-01 9.039571956672619590e-01 6.336056597776418275e-01 3.906221930161949962e-01 9.798401358064872113e-01 5.399560826170798356e-01
9.171194778013336268e-02 4.832866162200115112e-01 6.632427892358858657e-01 9.777011977806293608e-02 4.572138893007210991e-01 3.990435976881517854e-01 2.631975226049835248e-01 6.434692896287463881e-01 3.563761995046320630e-01 7.227871751650685184e-01 4.745762584207145474e-01 7.909282118395286609e-01 5.910718799525964684e-01 2.284208487519097386e-01 5.231672190016840585e-01 0.000000000000000000e+00 8.987942669913219218e-01 4.090226243659210725e-01 7.182218949327308088e-01 4.875642157252639830e-01 3.761529059024968369e-01 4.263404963199329822e-01 9.327986631508908832e-01 2.749020868414673302e-01 6.620312169093818255e-01 7.217491500323151010e-01 7.904350076422276272e-01 5.168402856888681951e-01 6.758053473245229092e-01 7.811714813240984157e-01 6.493715841724327920e-01 4.098008750180804904e-01 2.325175958091409978e-01 4.111366392526550340e-01 9.116677877121788232e-01
6.026942571336995069e-01 2.777190768650042996e-01 3.748022461318595844e-01 5.682023658332208127e-01 5.508311955104605584e-01 7.731053559261151786e-01 8.066763360820379258e-01 6.743255311729726698e-01 3.684193466826086727e-01 2.422127754163037050e-01 3.184027365456744696e-01 4.815805382549713243e-01 5.085204831725914643e-01 7.771763843193950638e-01 4.505632164237657888e-01 8.987942669913219218e-01 0.000000000000000000e+00 8.006579692850588348e-01 4.860537894795226022e-01 6.786348309213553476e-01 4.035897459713144175e-01 7.432847285171129137e-02 9.615266475611343733e-01 7.435104998203160287e-01 4.160053205791607867e-01 8.823582501328353089e-01 6.238856037851907566e-01 4.866813937334006912e-01 4.078724573847381518e-01 5.205098581845943873e-01 6.246807322391270123e-01 1.371059343519765994e-01 5.042065984261981937e-01 5.481395468465652954e-01 9.117297655590849148e-01
6.063916132553819338e-01 4.702503003775855839e-01 6.499505212793164066e-01 4.720158224517171930e-01 3.774899121695056148e-01 5.412530951209899577e-01 3.385077755435312308e-01 9.400764776435704961e-01 5.802098618488887860e-02 4.094830310926534378e-01 5.911001219182001609e-01 5.935600099255113893e-01 9.002157264480019627e-01 3.382912570886071335e-01 4.385203492553906290e-01 4.090226243659210725e-01 8.006579692850588348e-01 0.000000000000000000e+00 1.874738351858593610e-01 5.226547298728155821e-01 5.301789517625469239e-01 5.166478149570912226e-01 4.464095983181434746e-01 8.418156365546334285e-01 1.522410393074818402e-01 5.594437177394782079e-01 6.258237109643745022e-01 2.019085043381945166e-01 4.201680062520827819e-01 6.339317132351198758e-01 6.277798421811484619e-01 8.160933125165052981e-01 6.635865769985044293e-01 7.099191199829926191e-01 4.355680491864463155e-01
3.487707716763730481e-01 2.142418810324362433e-01 6.975279301491883466e-01 5.155215853102347312e-01 8.266992670272381716e-01 1.237596367566369260e-01 4.591309012394745870e-01 8.040071018905292632e-01 5.727540727756137429e-01 1.689165990906127401e-01 8.637909027711720977e-02 4.821024114091633783e-01 4.059016393680580093e-01 3.858639289758580282e-01 3.617472360903370987e-01 7.182218949327308088e-01 4.860537894795226022e-01 1.874738351858593610e-01 0.000000000000000000e+00 4.115936195033055300e-01 8.579474752889508782e-01 7.940720982900375535e-01 3.438068948589825258e-01 3.192532161400868373e-01 9.249677741907318396e-01 4.623006738365064705e-01 3.286519853828829829e-01 2.280984839034284617e-01 7.005641123583867813e-01 7.472741517887324658e-01 9.298801500374334061e-01 3.742328325802397049e-01 7.474320063128492286e-01 4.695054704680316493e-01 1.793472673634602943e-01
8.621313129760656002e-01 1.280354705094650658e-01 6.041317528203183906e-01 5.858508720355066757e-01 5.687205462571898185e-01 3.559590330462642505e-01 4.924455243130839710e-01 6.741323520331372610e-01 1.288164226848913518e-01 6.273532023956276404e-01 2.477558193537377496e-01 4.640706799945885086e-01 1.858007042204788961e-01 5.606551622916544630e-01 4.901743314057274148e-01 4.875642157252639830e-01 6.786348309213553476e-01 5.226547298728155821e-01 4.115936195033055300e-01 0.000000000000000000e+00 3.018049607930284317e-01 6.633279689445898963e-01 7.046954310067656824e-01 2.319075299913470056e-01 8.251370617832586296e-01 7.866362910756552473e-01 1.395214433914648833e-01 9.453576927885243286e-02 6.381690043966756765e-01 5.580089061129965833e-01 4.190793421741182412e-01 3.021990510090119542e-01 5.103534215082679015e-01 5.847145531038355770e-02 6.842518243407589296e-01
8.248700290970859550e-01 6.707512501782115777e-01 7.530897840949030142e-02 8.496388806036836439e-01 1.273386124730289115e-01 5.924152161841418351e-01 8.132519007026839386e-01 8.457121628208392750e-01 4.094066862476576363e-01 5.676104475640567637e-01 4.752934739303605327e-01 2.757815785212895943e-01 2.614594590728799295e-01 5.555652359848051169e-01 6.570836715047676524e-01 3.761529059024968369e-01 4.035897459713144175e-01 5.301789517625469239e-01 8.579474752889508782e-01 3.018049607930284317e-01 0.000000000000000000e+00 4.987840804690000240e-01 2.681279025961385010e-01 7.323200170235640849e-01 8.905344888259653091e-01 3.133374059234969033e-01 3.668524455318138422e-01 8.143240780981406690e-01 7.029188875265288683e-01 7.685289383434497079e-01 2.821173868973895216e-01 6.974554769425025391e-01 6.160101537087643297e-01 3.116265682423048911e-01 4.529782355446406727e-01
7.073524282440035726e-01 8.328680670737470537e-01 8.158004367152942304e-01 2.701298846307736978e-01 1.809783156766787693e-01 8.653215616614244876e-01 1.295321376423841375e-01 6.895991577443527643e-01 7.426669481803249706e-01 5.742572641388115073e-01 2.779269977697835792e-01 4.177665095112517157e-01 8.784550047098336201e-01 4.940173142483588187e-01 9.477023210638888528e-01 4.263404963199329822e-01 7.432847285171129137e-02 5.166478149570912226e-01 7.940720982900375535e-01 6.633279689445898963e-01 4.987840804690000240e-01 0.000000000000000000e+00 8.811806174233858258e-01 4.533924797772719284e-01 9.757914028486778246e-01 6.222256264194465647e-01 8.049699495416716699e-01 7.407176198638767417e-01 5.559099825036259990e-01 4.321947508177446107e-01 4.690625665110940701e-01 5.024577471485451863e-01 6.456189878702731644e-01 8.760823105154834645e-01 4.549962804368922198e-01
7.818294680225474913e-01 2.461793780944784293e-01 5.001909388084222474e-01 4.586027677118138524e-01 3.350582277611581783e-01 1.025238258803358171e-01 8.881961486495916214e-01 2.794879594342756235e-01 2.227871902942213378e-02 6.776398073899236874e-01 6.397234355068702749e-01 4.903891025541325388e-01 4.175308119750491542e-01 6.960470132893494810e-01 4.831369907192213931e-01 9.327986631508908832e-01 9.615266475611343733e-01 4.464095983181434746e-01 3.438068948589825258e-01 7.046954310067656824e-01 2.681279025961385010e-01 8.811806174233858258e-01 0.000000000000000000e+00 7.516706372802979264e-01 4.572884573489407467e-01 3.830700767075586599e-01 5.667625943544473133e-01 8.140124740580998441e-01 7.986146087167236285e-01 8.684945357094815410e-01 7.018247420021802574e-01 6.406370617036089010e-01 8.475316391191541898e-01 5.879701309922709118e-01 6.810758385456590069e-01
6.896734609342149991e-01 5.876122337094504822e-01 3.515863727217866108e-01 5.693426657543093627e-01 5.912540079172300400e-01 2.950402173994094990e-01 4.246645956033577307e-01 4.618379376182494833e-01 8.239533541713555120e-01 8.349927900555623728e-01 9.604952808487203786e-01 1.879762282422957065e-01 4.832178658781934866e-01 4.973796324249538103e-01 1.524124454535558115e-01 2.749020868414673302e-01 7.435104998203160287e-01 8.418156365546334285e-01 3.192532161400868373e-01 2.319075299913470056e-01 7.323200170235640849e-01 4.533924797772719284e-01 7.516706372802979264e-01 0.000000000000000000e+00 9.193852324530880082e-01 8.278556786670153711e-01 5.660550941892750210e-01 8.993633494686116281e-01 1.917765986521063892e-01 7.557325876290477140e-01 4.919175046623459058e-01 6.577270070082880116e-01 5.241119871520620865e-01 5.436058647111969844e-01 8.706135845769705783e-01
6.106999519392772857e-01 4.084253860422685234e-01 8.603274585047534506e-01 2.290342072793444816e-01 4.160225984768154417e-01 6.439463676470668085e-01 4.739079662140210925e-01 7.445385484214199767e-01 5.218023616507516671e-01 4.539434564584851617e-01 6.565072037394923399e-01 3.921075079943118213e-01 3.120249019464993445e-02 4.737868026992566040e-01 4.230153183748440182e-01 6.620312169093818255e-01 4.160053205791607867e-01 1.522410393074818402e-01 9.249677741907318396e-01 8.251370617832586296e-01 8.905344888259653091e-01 9.757914028486778246e-01 4.572884573489407467e-01 9.193852324530880082e-01 0.000000000000000000e+00 4.663835815840533527e-01 9.000268415862027194e-01 5.969282746709279053e-01 8.855514382525471184e-01 7.783222275229549902e-01 4.445096507274545194e-01 3.850888341206670784e-01 1.713921515864307299e-01 7.780010245269337599e-01 4.942867714137213486e-01
3.226337054070395061e-01 8.066968571730591675e-01 4.236079167205168972e-01 2.646416430450616586e-01 4.781289109254279190e-01 5.519560921709432133e-01 1.033587516687751728e-01 7.071259162339035287e-01 5.325707779296464661e-01 7.816251303307123477e-01 4.384573383143324232e-01 8.952420844397179778e-02 4.080973857376492542e-01 1.667238618456634014e-01 4.927572545098232171e-01 7.217491500323151010e-01 8.823582501328353089e-01 5.594437177394782079e-01 4.623006738365064705e-01 7.866362910756552473e-01 3.133374059234969033e-01 6.222256264194465647e-01 3.830700767075586599e-01 8.278556786670153711e-01 4.663835815840533527e-01 0.000000000000000000e+00 5.237518810298218419e-01 4.883689202903893634e-01 3.433757065084018789e-01 1.238115983125002151e-01 7.602475141111211254e-01 6.761653241255121127e-01 6.544582614547589383e-01 5.168041917849295341e-01 7.575350663592914646e-01
8.862620452415506112e-01 1.877670436305765023e-01 4.674642909873042984e-01 2.200773352568285990e-01 3.238059299108060896e-01 3.784451436823094150e-01 9.333164551191216463e-01 7.287266177296080061e-01 4.858726291130672226e-01 4.780538085822137462e-01 5.238899256628235523e-01 4.677787720896929846e-01 6.119309292328104499e-01 9.067344127001215615e-01 5.894179791562053072e-01 7.904350076422276272e-01 6.238856037851907566e-01 6.258237109643745022e-01 3.286519853828829829e-01 1.395214433914648833e-01 3.668524455318138422e-01 8.049699495416716699e-01 5.667625943544473133e-01 5.660550941892750210e-01 9.000268415862027194e-01 5.237518810298218419e-01 0.000000000000000000e+00 9.447047502725314239e-02 7.860586144871952730e-01 7.946434085938242076e-01 4.376429475604918795e-01 6.294672790985988975e-01 5.792581565442183056e-01 7.067337710044963028e-01 5.402586898213403988e-01
6.949740800382112615e-01 5.366960737144204074e-01 5.695965627129651043e-02 6.770989941417582259e-01 2.070365565915912032e-01 5.220566168020732700e-01 5.477346045018568477e-01 5.012487258164857185e-01 7.877071972117868359e-01 9.560520292317797875e-02 2.625115655631976574e-01 4.223112139080104077e-01 6.715297065602365834e-01 6.276206689302835651e-01 4.219050460203856989e-01 5.168402856888681951e-01 4.866813937334006912e-01 2.019085043381945166e-01 2.280984839034284617e-01 9.453576927885243286e-02 8.143240780981406690e-01 7.407176198638767417e-01 8.140124740580998441e-01 8.993633494686116281e-01 5.969282746709279053e-01 4.883689202903893634e-01 9.447047502725314239e-02 0.000000000000000000e+00 9.825662451228569516e-01 8.147843257594414856e-01 6.047283232433777744e-01 7.019446500157701108e-01 7.965268125508143671e-01 6.242552281173260331e-01 4.123324919695280921e-01
7.860466647929634787e-01 8.183313864521193359e-01 8.046230156419149626e-01 4.025561289083660066e-01 8.818450211941969430e-01 7.525249341601356612e-01 8.183572058594138499e-01 6.896539223672082386e-01 6.195491328681472787e-01 3.287310442704329816e-01 6.743309492089093471e-01 4.137453666665373286e-01 9.320200478239161201e-01 4.238275866996175645e-01 4.539731823862049320e-01 6.758053473245229092e-01 4.078724573847381518e-01 4.201680062520827819e-01 7.005641123583867813e-01 6.381690043966756765e-01 7.029188875265288683e-01 5.559099825036259990e-01 7.986146087167236285e-01 1.917765986521063892e-01 8.855514382525471184e-01 3.433757065084018789e-01 7.860586144871952730e-01 9.825662451228569516e-01 0.000000000000000000e+00 5.185436092060046187e-01 2.276620110852347612e-01 9.239843517810483187e-01 7.875596142243616038e-01 9.764183493307124762e-01 5.454853155062141523e-01
7.443057704022444376e-01 7.750777765076994896e-01 6.869147688673782337e-01 3.920897763722381857e-01 1.987878514865748514e-02 2.753593756520212876e-01 5.709676952847757558e-01 1.228608670952353599e-01 5.563920448940847807e-01 5.124831472802426902e-01 6.585220650451325541e-01 5.672959500018041057e-01 7.338540463003978553e-01 8.426748340376968294e-01 2.822540985144925685e-01 7.811714813240984157e-01 5.205098581845943873e-01 6.339317132351198758e-01 7.472741517887324658e-01 5.580089061129965833e-01 7.685289383434497079e-01 4.321947508177446107e-01 8.684945357094815410e-01 7.557325876290477140e-01 7.783222275229549902e-01 1.238115983125002151e-01 7.946434085938242076e-01 8.147843257594414856e-01 5.185436092060046187e-01 0.000000000000000000e+00 1.733536322573906441e-01 5.390435642038584607e-01 5.466224081853596761e-01 5.756025798860736620e-01 6.434679185645730826e-01
2.017461959730901810e-01 6.759911993735761016e-01 3.804772288465648189e-01 7.999202009464907448e-01 5.857120570684793970e-01 7.199008402120786743e-01 3.959850475047022034e-01 7.355779937836919302e-01 4.246173431237446616e-01 5.555948094907379176e-01 3.529400440285694329e-01 8.057424460338928895e-01 5.549172045577284162e-01 1.872576707492447090e-01 9.039571956672619590e-01 6.493715841724327920e-01 6.246807322391270123e-01 6.277798421811484619e-01 9.298801500374334061e-01 4.190793421741182412e-01 2.821173868973895216e-01 4.690625665110940701e-01 7.018247420021802574e-01 4.919175046623459058e-01 4.445096507274545194e-01 7.602475141111211254e-01 4.376429475604918795e-01 6.047283232433777744e-01 2.276620110852347612e-01 1.733536322573906441e-01 0.000000000000000000e+00 5.901531217519125905e-01 5.062357106531683026e-01 9.264681304667230499e-01 8.576947304414477280e-01
5.042408255574544196e-01 8.508866079250798631e-01 4.339977696334041957e-01 7.211877430446819170e-01 6.939598245794634801e-01 2.636344887559792793e-01 8.325829371283339775e-01 4.165783986916236636e-01 8.233177291979212331e-01 1.550837805129313685e-01 6.801381708804072890e-01 8.905145050830511888e-01 7.285222728087018540e-01 2.690800037574558878e-01 6.336056597776418275e-01 4.098008750180804904e-01 1.371059343519765994e-01 8.160933125165052981e-01 3.742328325802397049e-01 3.021990510090119542e-01 6.974554769425025391e-01 5.024577471485451863e-01 6.406370617036089010e-01 6.577270070082880116e-01 3.850888341206670784e-01 6.761653241255121127e-01 6.294672790985988975e-01 7.019446500157701108e-01 9.239843517810483187e-01 5.390435642038584607e-01 5.901531217519125905e-01 0.000000000000000000e+00 6.109802148882403916e-01 8.818856785936164400e-01 8.979829221733903744e-01
7.473674569436007387e-01 3.691363144386463069e-01 3.430196916846610655e-01 7.722511912192624450e-01 3.666074464307187419e-01 7.959055171996034517e-01 8.119030760054333218e-01 3.499333649716336869e-01 6.089163969290725120e-01 7.310908361004475609e-02 4.046018318796319457e-01 7.065923299156464665e-01 7.264364161758936067e-01 7.790964759044576304e-01 3.906221930161949962e-01 2.325175958091409978e-01 5.042065984261981937e-01 6.635865769985044293e-01 7.474320063128492286e-01 5.103534215082679015e-01 6.160101537087643297e-01 6.456189878702731644e-01 8.475316391191541898e-01 5.241119871520620865e-01 1.713921515864307299e-01 6.544582614547589383e-01 5.792581565442183056e-01 7.965268125508143671e-01 7.875596142243616038e-01 5.466224081853596761e-01 5.062357106531683026e-01 6.109802148882403916e-01 0.000000000000000000e+00 7.138950077106942516e-01 5.749800129181242836e-01
4.369414030581393327e-01 5.044877290915048551e-01 8.747382571406385754e-01 6.886967815292811546e-01 9.578699924942073451e-01 5.093942797923551868e-01 8.134676590422891262e-01 7.885092876803108108e-01 9.143175590186980450e-02 9.436742238964770380e-01 3.713460053672961170e-01 5.086933393971522221e-01 3.186203092228970801e-01 6.090836713328090513e-01 9.798401358064872113e-01 4.111366392526550340e-01 5.481395468465652954e-01 7.099191199829926191e-01 4.695054704680316493e-01 5.847145531038355770e-02 3.116265682423048911e-01 8.760823105154834645e-01 5.879701309922709118e-01 5.436058647111969844e-01 7.780010245269337599e-01 5.168041917849295341e-01 7.067337710044963028e-01 6.242552281173260331e-01 9.764183493307124762e-01 5.756025798860736620e-01 9.264681304667230499e-01 8.818856785936164400e-01 7.138950077106942516e-01 0.000000000000000000e+00 5.806843843998070742e-01
7.476377768898705423e-01 7.354008411848143023e-01 6.634308577960883468e-01 8.213265291235765098e-01 6.546146638911365390e-01 2.295956709260848494e-01 6.967812676038661612e-01 7.639502820446246734e-01 6.329082270308840075e-01 9.232943085178977327e-01 8.208079315715034463e-01 9.210394187711717917e-01 1.155537749510486267e-01 3.162689730532830534e-02 5.399560826170798356e-01 9.116677877121788232e-01 9.117297655590849148e-01 4.355680491864463155e-01 1.793472673634602943e-01 6.842518243407589296e-01 4.529782355446406727e-01 4.549962804368922198e-01 6.810758385456590069e-01 8.706135845769705783e-01 4.942867714137213486e-01 7.575350663592914646e-01 5.402586898213403988e-01 4.123324919695280921e-01 5.454853155062141523e-01 6.434679185645730826e-01 8.576947304414477280e-01 8.979829221733903744e-01 5.749800129181242836e-01 5.806843843998070742e-01 0.000000000000000000e+00
