0.000000000000000000e+00 8.445868902479907181e-01 8.270831069180833994e-01 6.071906535714037823e-01 5.070092889340473974e-01 4.179830854575210530e-01 1.476288071746024722e-01 1.155625021610373615e-01 9.396705177182564928e-01 4.361873225895652739e-01 6.049066524746089524e-01 1.148505790285850869e-01 8.358226299956106331e-01 4.718130202585715804e-01 4.199428798183382772e-01 5.458968577120433263e-01 2.161980345540205350e-01 7.486419046987456971e-01 1.257764514138730028e-01 2.875000005660731661e-01 8.082976449111026751e-01 1.221795728190560038e-01 5.830082278727399814e-01 2.152404910696356088e-01 7.118927921839488526e-01 5.235158374479202958e-01 4.517810219044645637e-01 8.179285022167639418e-01 7.104074441453905875e-01 8.214342710638256051e-03 5.339611421760404042e-01 4.487185618774021112e-01 2.678270930840626063e-01 3.361605763894680576e-01 5.151151336643149392e-01
8.445868902479907181e-01 0.000000000000000000e+00 4.147347495820206120e-01 3.005767764808195963e-01 3.156982211624330681e-01 7.648987990975067985e-01 1.236579026358859412e-01 9.681244435727092146e-01 8.424329265752501517e-01 6.891619194860466591e-01 8.310097565767664562e-01 5.188305619960688064e-01 1.735226133380398661e-01 7.146942248436541911e-01 6.435289570511121271e-01 9.795144333431315964e-02 9.274250068924116963e-02 6.111656954647641804e-01 8.089027566565850647e-01 2.879259041766586424e-01 7.443763926567358302e-01 1.408864855790814552e-01 4.742870790861982710e-01 2.605056899972890694e-01 5.393769668455112853e-01 8.302220785094509559e-01 7.995555838320941300e-01 8.720873341719652672e-01 4.458265812285547858e-01 2.273869862667347030e-01 6.429199702258141524e-01 2.575319796046935394e-01 4.437230109891801555e-01 5.248048768227703276e-01 6.342876712607004031e-01
8.270831069180833994e-01 4.147347495820206120e-01 0.000000000000000000e+00 1.507476232232490831e-01 5.943796996980997838e-01 5.479535680769320738e-01 5.024952864971452549e-01 5.243965009671691657e-02 4.854885947688210024e-01 5.245986892214180575e-01 1.752391633833010332e-01 9.072622543246647853e-01 6.407656656332391121e-01 3.899881822081902039e-01 3.194714241357343720e-01 7.224523934856147411e-01 2.707764738497989709e-01 9.262539278292405420e-01 6.978582114513789403e-01 5.537873232018871716e-01 7.856498900697364007e-01 1.244615016691235088e-01 4.350873605897646601e-01 2.364370032498802621e-01 8.688458441366574414e-01 7.319475407284261603e-01 1.952481544380368916e-01 7.489129647118849542e-01 6.396932650933320197e-01 4.247227250697932499e-01 7.133018203206979990e-01 1.759901453371909286e-01 1.452180921642144407e-01 7.511812992361163177e-01 4.917210360134245395e-01
6.071906535714037823e-01 3.005767764808195963e-01 1.507476232232490831e-01 0.000000000000000000e+00 4.271915035943139594e-01 5.866920074534183183e-01 9.069849680352422006e-01 5.008540959407468129e-01 8.543710760623317579e-01 9.068500469695368604e-01 7.004095673044424819e-01 5.398849997439606474e-01 7.697571692820885936e-01 4.067427322066809459e-01 8.378913216396008945e-01 5.539271099326104064e-01 9.538263926890291344e-01 5.700682742098168720e-01 6.473733211748493588e-01 2.431870578722739595e-01 9.269978677215354734e-01 4.830700606746395342e-01 5.015177562202635109e-01 2.112186825474496876e-01 5.459250325026541173e-01 7.826193162884076404e-01 5.916471343810165706e-01 5.815796646858928387e-01 4.504050166639631536e-01 5.342638782188058322e-01 4.192326675133319358e-01 1.879263612724472177e-01 7.894666355279977843e-01 1.821680449376451572e-01 5.284403441645790789e-01
5.070092889340473974e-01 3.156982211624330681e-01 5.943796996980997838e-01 4.271915035943139594e-01 0.000000000000000000e+00 4.421711158452763524e-01 3.681534711124393455e-01 4.058827604030417202e-01 3.965711659400387168e-01 4.512778987338336711e-01 3.834858432234863890e-01 6.531710541486106525e-01 3.978053748725174921e-01 8.654886495015323700e-01 1.575528348616788143e-01 9.627172538689771075e-01 4.408784954047667570e-01 5.831690401335740681e-01 5.002086855688399059e-01 7.191192753121502523e-01 3.724431610557725203e-01 7.762678138791863081e-01 8.146371001323826633e-01 5.704122564953282293e-01 5.982964042948658578e-01 1.216625118065292055e-01 6.180411570979005287e-01 7.072395773208527414e-01 8.792797389909228212e-01 7.922343923640150498e-01 2.025098728717111829e-01 9.081892330028622506e-01 8.545116352715833585e-01 8.329901682058673540e-01 4.922823865742685934e-01
4.179830854575210530e-01 7.648987990975067985e-01 5.479535680769320738e-01 5.866920074534183183e-01 4.421711158452763524e-01 0.000000000000000000e+00 3.532582841848205257e-01 5.013090415029687330e-01 2.265351172999620077e-01 5.125401431348659553e-01 4.537128692328094015e-01 4.730819134758971201e-01 6.581318049797648673e-01 9.379097561930271887e-02 7.905955551518936142e-01 6.248933717626319329e-01 4.750236223486757337e-01 7.634163802173914437e-01 4.149548794159838572e-01 9.179221238256458637e-01 5.773736566053704333e-01 6.014270239862310463e-01 5.718237800952723493e-01 7.063232501009255593e-01 7.493730471203836618e-01 7.521902950332299831e-01 7.223202781017610263e-01 2.009987818817287053e-01 4.736440262850413752e-01 4.445259561805256499e-01 8.587914257584715605e-01 4.219218028568789136e-01 7.490509637120221775e-01 3.962315313281322693e-01 4.194640584631238456e-01
1.476288071746024722e-01 1.236579026358859412e-01 5.024952864971452549e-01 9.069849680352422006e-01 3.681534711124393455e-01 3.532582841848205257e-01 0.000000000000000000e+00 5.151795293462597680e-01 6.008815438789951724e-01 8.226862864609154613e-01 7.066358358448511234e-01 9.444745528109799171e-02 4.922729326271616523e-01 3.493222848644835787e-01 5.826266141595687342e-01 3.266802289964676476e-01 5.624008197483887361e-01 1.223705427580622507e-01 4.566945813254876252e-01 8.459900145778194158e-01 6.504306114217028867e-01 9.060295049126981803e-01 3.770388497648322623e-01 1.300499137551199835e-01 5.117068483745056406e-01 5.451803125648126969e-01 6.001271972439600200e-01 5.142331364196044419e-01 4.664969782573024082e-01 5.079821522618870322e-01 3.973832752806935042e-01 5.796380126671238919e-01 7.763403869819497372e-01 6.998735307257050176e-01 4.269099275649879122e-02
1.155625021610373615e-01 9.681244435727092146e-01 5.243965009671691657e-02 5.008540959407468129e-01 4.058827604030417202e-01 5.013090415029687330e-01 5.151795293462597680e-01 0.000000000000000000e+00 5.144808027656833094e-01 3.961564840886420136e-01 5.186163575312423557e-01 8.863500781534534578e-01 3.815668008561469704e-01 6.212092640904394170e-01 5.223420424298241826e-01 5.068386961900955834e-01 5.487831277847134981e-01 5.885398826125766147e-01 4.220718654262399228e-01 6.471016470782269270e-01 2.145878226698049174e-01 2.076629960769010852e-01 5.466488280717827219e-01 1.354960961855695700e-01 2.484638175103774937e-01 3.947598126778033012e-01 8.684325785686561883e-01 9.463647085435260564e-01 2.363459456654450896e-01 5.822249642168975114e-01 4.597429281847166815e-01 7.975460684000392764e-01 6.059435852865338035e-01 8.464165941918400105e-01 3.918649018253878014e-01
9.396705177182564928e-01 8.424329265752501517e-01 4.854885947688210024e-01 8.543710760623317579e-01 3.965711659400387168e-01 2.265351172999620077e-01 6.008815438789951724e-01 5.144808027656833094e-01 0.000000000000000000e+00 8.367328357145331630e-01 4.446290766170474251e-01 1.664205688199246191e-01 6.275051367815022152e-01 4.310418082123418926e-01 7.442462196439589839e-01 4.363657483885349242e-01 1.340236390665708877e-01 3.092302718134749551e-01 7.087851392348042401e-01 6.628802402527400606e-01 5.291812094991987792e-02 7.702764226160725425e-01 3.748713137123793615e-02 5.886624858067220911e-01 1.777232602229089631e-01 4.567192554614647459e-01 7.859556724679193085e-01 8.046554250107813555e-01 2.953701252427820556e-02 2.362628038695696042e-01 7.763601592590896328e-02 2.328661055182258410e-01 7.937966261782500865e-01 4.875510317216220080e-01 5.822844969613942823e-01
4.361873225895652739e-01 6.891619194860466591e-01 5.245986892214180575e-01 9.068500469695368604e-01 4.512778987338336711e-01 5.125401431348659553e-01 8.226862864609154613e-01 3.961564840886420136e-01 8.367328357145331630e-01 0.000000000000000000e+00 4.515446791765423962e-01 4.812262494289933357e-01 3.039078787106251345e-01 4.857683179105087845e-01 7.048893137200156200e-01 6.727779251509815595e-01 8.545052113723574649e-01 2.913458333223575281e-01 5.190341083357626895e-01 2.588391358192175251e-01 5.016445065030998851e-01 2.871363939281665889e-01 3.137032425874702879e-01 5.808627798570488165e-01 5.344116542014665239e-01 7.290467197535215327e-01 8.011570937813021764e-01 5.137510901530795149e-02 4.965253650454503065e-01 4.285171348658516344e-01 5.530610590698292750e-01 6.402251762308683869e-01 8.228042727582050020e-01 9.636466022306675594e-01 7.322677380327402563e-02
6.049066524746089524e-01 8.310097565767664562e-01 1.752391633833010332e-01 7.004095673044424819e-01 3.834858432234863890e-01 4.537128692328094015e-01 7.066358358448511234e-01 5.186163575312423557e-01 4.446290766170474251e-01 4.515446791765423962e-01 0.000000000000000000e+00 6.432755161129291022e-01 3.265257148811214205e-01 9.249304060535619154e-01 5.140107355307494963e-01 8.763993482836907045e-01 4.558005317240836352e-01 6.940926971875849283e-01 1.651144018691186321e-01 4.271647657187099822e-01 5.997807435184523417e-01 3.416599803627552445e-01 4.849821882849228993e-01 4.547907086338887073e-01 9.219566410991969496e-01 5.205915505966226542e-01 4.243094187799525963e-01 7.389776944191470687e-01 4.769632242559120883e-01 9.020717049144255650e-01 3.538514125052690806e-01 3.758777647571903691e-01 5.961816325437738762e-01 5.594584852623458726e-01 4.401316018534270902e-01
1.148505790285850869e-01 5.188305619960688064e-01 9.072622543246647853e-01 5.398849997439606474e-01 6.531710541486106525e-01 4.730819134758971201e-01 9.444745528109799171e-02 8.863500781534534578e-01 1.664205688199246191e-01 4.812262494289933357e-01 6.432755161129291022e-01 0.000000000000000000e+00 2.651809634620679867e-01 3.408029246037838633e-01 4.737783127553384377e-01 4.157133382409761158e-01 5.590192034426775258e-01 7.236826202269437402e-01 3.775480713646972575e-01 5.606750208213024944e-01 2.814933911381455323e-01 6.553492208915561168e-01 4.438215124479713558e-01 3.817823774892763478e-01 9.260190263460255089e-01 6.911203072928789881e-01 1.783572149004175600e-01 5.002506451633739193e-01 8.730721244053776253e-01 5.420566443236657372e-01 5.226915488168553114e-01 5.733624706319371267e-01 5.113414846345741838e-01 4.900363769738578235e-01 2.756889060502923927e-01
8.358226299956106331e-01 1.735226133380398661e-01 6.407656656332391121e-01 7.697571692820885936e-01 3.978053748725174921e-01 6.581318049797648673e-01 4.922729326271616523e-01 3.815668008561469704e-01 6.275051367815022152e-01 3.039078787106251345e-01 3.265257148811214205e-01 2.651809634620679867e-01 0.000000000000000000e+00 8.249506472085031961e-01 7.870019827038368110e-01 4.928610232263217483e-01 7.623810622953579585e-01 4.079175563423709239e-01 8.270585380178541168e-02 7.724422675737399047e-01 8.145665019501653337e-01 4.395913472199552974e-01 2.879004845774677523e-01 3.586038390648018104e-01 7.903780412166609981e-01 5.461195021167809527e-01 6.498123390212060535e-01 7.298358842963279525e-01 6.073158441326769186e-01 8.593326490496422387e-02 3.614902834620595806e-01 5.049312382217568951e-01 6.134165310245840441e-01 4.569068067073249195e-01 4.804403183815836309e-01
4.718130202585715804e-01 7.146942248436541911e-01 3.899881822081902039e-01 4.067427322066809459e-01 8.654886495015323700e-01 9.379097561930271887e-02 3.493222848644835787e-01 6.212092640904394170e-01 4.310418082123418926e-01 4.857683179105087845e-01 9.249304060535619154e-01 3.408029246037838633e-01 8.249506472085031961e-01 0.000000000000000000e+00 6.963320946881217388e-01 5.870867868081894869e-01 5.541085676764203605e-01 7.324569519462786893e-01 1.858585956990683741e-01 2.375711187502241861e-01 2.163756727960782777e-01 7.628886764124001019e-01 9.510733729405073111e-01 5.197939581204538140e-01 9.290266786168916990e-01 5.225647152291402753e-01 4.141450732294437165e-01 5.366888498901387639e-01 4.913001598846530316e-01 3.680186442237128874e-01 4.879486325991208018e-01 5.409270759803596063e-01 4.180832340407483194e-01 4.686786329103223014e-01 4.129163547317749039e-01
4.199428798183382772e-01 6.435289570511121271e-01 3.194714241357343720e-01 8.378913216396008945e-01 1.575528348616788143e-01 7.905955551518936142e-01 5.826266141595687342e-01 5.223420424298241826e-01 7.442462196439589839e-01 7.048893137200156200e-01 5.140107355307494963e-01 4.737783127553384377e-01 7.870019827038368110e-01 6.963320946881217388e-01 0.000000000000000000e+00 5.497837008232737688e-01 3.283437188808888685e-01 3.872029225523195839e-01 4.135941511343775856e-01 3.889094082994004609e-02 8.083674806423204462e-01 5.518153946861206194e-01 7.654806673972953668e-01 2.652894178832968519e-01 6.000670134161634195e-01 5.376700675434579191e-01 5.860368894071945611e-01 6.028406307690821198e-01 9.089531802109578340e-01 1.424529204871470833e-01 5.681803397391838040e-01 2.690990313630398090e-01 2.298239853739970640e-01 6.778925683002576807e-01 3.786117457046229151e-01
5.458968577120433263e-01 9.795144333431315964e-02 7.224523934856147411e-01 5.539271099326104064e-01 9.627172538689771075e-01 6.248933717626319329e-01 3.266802289964676476e-01 5.068386961900955834e-01 4.363657483885349242e-01 6.727779251509815595e-01 8.763993482836907045e-01 4.157133382409761158e-01 4.928610232263217483e-01 5.870867868081894869e-01 5.497837008232737688e-01 0.000000000000000000e+00 3.892907291620727461e-01 1.701815616905463235e-01 5.320077464026153891e-01 7.845147110751089503e-01 7.243848340849408096e-01 5.818477272926418919e-01 6.949833412749333306e-01 2.779086934403577347e-01 5.267299477656994799e-01 5.474042125397990954e-01 3.406415346361191254e-01 7.872390429033179204e-01 3.014968000313105190e-01 6.218044288510035100e-01 8.994046513704988532e-01 2.726875902129333173e-01 5.396459324856943685e-01 3.866995714369335646e-01 5.969446333406079885e-01
2.161980345540205350e-01 9.274250068924116963e-02 2.707764738497989709e-01 9.538263926890291344e-01 4.408784954047667570e-01 4.750236223486757337e-01 5.624008197483887361e-01 5.487831277847134981e-01 1.340236390665708877e-01 8.545052113723574649e-01 4.558005317240836352e-01 5.590192034426775258e-01 7.623810622953579585e-01 5.541085676764203605e-01 3.283437188808888685e-01 3.892907291620727461e-01 0.000000000000000000e+00 9.513529617011673434e-01 6.345717364685743433e-01 1.737207708675334583e-01 2.032347317247721330e-01 2.124200388241043180e-01 6.081030339422772713e-01 3.920028521389547493e-01 4.894897935226517061e-01 8.099314749102384248e-01 1.063504754966384525e-01 5.502053046595807295e-01 6.358643744408469800e-01 7.069169024517361066e-01 4.104582293968993545e-01 5.906357430562405586e-01 4.177993785242952174e-01 9.090034428155102653e-02 2.197164667434241547e-01
7.486419046987456971e-01 6.111656954647641804e-01 9.262539278292405420e-01 5.700682742098168720e-01 5.831690401335740681e-01 7.634163802173914437e-01 1.223705427580622507e-01 5.885398826125766147e-01 3.092302718134749551e-01 2.913458333223575281e-01 6.940926971875849283e-01 7.236826202269437402e-01 4.079175563423709239e-01 7.324569519462786893e-01 3.872029225523195839e-01 1.701815616905463235e-01 9.513529617011673434e-01 0.000000000000000000e+00 5.339809692704559074e-01 1.888633455500836611e-01 1.232357862217974276e-01 4.921975656518826070e-01 2.991560864961909649e-01 4.500954392498261458e-01 5.460395091191073691e-01 4.906638354604671015e-01 8.646632028153573568e-01 5.006208608811806293e-01 6.402318394050769967e-01 6.835219406906403172e-01 5.212237244208498543e-01 1.424420066023119880e-01 5.600990451800045289e-01 8.137477644317869796e-02 7.894600478104473185e-01
1.257764514138730028e-01 8.089027566565850647e-01 6.978582114513789403e-01 6.473733211748493588e-01 5.002086855688399059e-01 4.149548794159838572e-01 4.566945813254876252e-01 4.220718654262399228e-01 7.087851392348042401e-01 5.190341083357626895e-01 1.651144018691186321e-01 3.775480713646972575e-01 8.270585380178541168e-02 1.858585956990683741e-01 4.135941511343775856e-01 5.320077464026153891e-01 6.345717364685743433e-01 5.339809692704559074e-01 0.000000000000000000e+00 6.446549259881414473e-01 4.202872823975993821e-01 6.793824728842441374e-01 3.076114203255301272e-01 6.092681009925766666e-01 4.630036417638435653e-01 3.989518816870731843e-01 2.705049871284856966e-01 4.165138850314366037e-01 8.650006090056246988e-01 7.674600055060700754e-01 4.484132251944683567e-01 7.269398882358311109e-01 2.746455998533111620e-01 6.445295930218797320e-01 8.527632942399947513e-01
2.875000005660731661e-01 2.879259041766586424e-01 5.537873232018871716e-01 2.431870578722739595e-01 7.191192753121502523e-01 9.179221238256458637e-01 8.459900145778194158e-01 6.471016470782269270e-01 6.628802402527400606e-01 2.588391358192175251e-01 4.271647657187099822e-01 5.606750208213024944e-01 7.724422675737399047e-01 2.375711187502241861e-01 3.889094082994004609e-02 7.845147110751089503e-01 1.737207708675334583e-01 1.888633455500836611e-01 6.446549259881414473e-01 0.000000000000000000e+00 3.665945653157058337e-01 3.811851024819327138e-01 6.602948763614785443e-01 2.010824482887665354e-01 9.081506135049020045e-01 2.334772054779473693e-01 8.230005162229536708e-01 8.523199769076936771e-01 4.618132377584918680e-01 9.416572744585099963e-01 9.572342789000592989e-01 1.878582986224387463e-01 6.227608419590302535e-01 1.488335593771140664e-01 2.851303584364435206e-01
8.082976449111026751e-01 7.443763926567358302e-01 7.856498900697364007e-01 9.269978677215354734e-01 3.724431610557725203e-01 5.773736566053704333e-01 6.504306114217028867e-01 2.145878226698049174e-01 5.291812094991987792e-02 5.016445065030998851e-01 5.997807435184523417e-01 2.814933911381455323e-01 8.145665019501653337e-01 2.163756727960782777e-01 8.083674806423204462e-01 7.243848340849408096e-01 2.032347317247721330e-01 1.232357862217974276e-01 4.202872823975993821e-01 3.665945653157058337e-01 0.000000000000000000e+00 4.079981324778618745e-01 1.929149115960132610e-01 3.753791011876337902e-01 6.366182947600859121e-01 8.936339995298179240e-01 3.955924617236328267e-01 6.657037826656606594e-01 8.410786294077801095e-01 4.495727171921156673e-01 5.512968267737108352e-01 8.778483829557016671e-01 2.654786823409076568e-01 5.509622310357809027e-01 8.478214501235563638e-01
1.221795728190560038e-01 1.408864855790814552e-01 1.244615016691235088e-01 4.830700606746395342e-01 7.762678138791863081e-01 6.014270239862310463e-01 9.060295049126981803e-01 2.076629960769010852e-01 7.702764226160725425e-01 2.871363939281665889e-01 3.416599803627552445e-01 6.553492208915561168e-01 4.395913472199552974e-01 7.628886764124001019e-01 5.518153946861206194e-01 5.818477272926418919e-01 2.124200388241043180e-01 4.921975656518826070e-01 6.793824728842441374e-01 3.811851024819327138e-01 4.079981324778618745e-01 0.000000000000000000e+00 6.711801403642113639e-01 5.762003220040988749e-01 2.389582136755264985e-01 3.280744586498679505e-01 5.534231581390084420e-01 5.738635192374021976e-01 5.794374405102766801e-01 7.590028705294327160e-01 4.012221068427400672e-01 4.608692265813164601e-01 5.316098563238524921e-01 7.762802036281341023e-01 2.993679154727461045e-01
5.830082278727399814e-01 4.742870790861982710e-01 4.350873605897646601e-01 5.015177562202635109e-01 8.146371001323826633e-01 5.718237800952723493e-01 3.770388497648322623e-01 5.466488280717827219e-01 3.748713137123793615e-02 3.137032425874702879e-01 4.849821882849228993e-01 4.438215124479713558e-01 2.879004845774677523e-01 9.510733729405073111e-01 7.654806673972953668e-01 6.949833412749333306e-01 6.081030339422772713e-01 2.991560864961909649e-01 3.076114203255301272e-01 6.602948763614785443e-01 1.929149115960132610e-01 6.711801403642113639e-01 0.000000000000000000e+00 6.643356267410897020e-01 4.932651849135524791e-01 9.090495698030086613e-01 1.364013651297106833e-01 3.739189684982664463e-01 8.563696781520069301e-01 4.671250502275097194e-01 6.764665431362388848e-01 6.204012007659489569e-01 2.508628226634157521e-01 8.410466183426072995e-01 4.167691710567049124e-01
2.152404910696356088e-01 2.605056899972890694e-01 2.364370032498802621e-01 2.112186825474496876e-01 5.704122564953282293e-01 7.063232501009255593e-01 1.300499137551199835e-01 1.354960961855695700e-01 5.886624858067220911e-01 5.808627798570488165e-01 4.547907086338887073e-01 3.817823774892763478e-01 3.586038390648018104e-01 5.197939581204538140e-01 2.652894178832968519e-01 2.779086934403577347e-01 3.920028521389547493e-01 4.500954392498261458e-01 6.092681009925766666e-01 2.010824482887665354e-01 3.753791011876337902e-01 5.762003220040988749e-01 6.643356267410897020e-01 0.000000000000000000e+00 3.149446291430899603e-01 2.747139524721208259e-01 5.543983079814560622e-01 7.344478569362633547e-02 6.341184676041355939e-02 3.608229242580052176e-01 9.189640519909012539e-01 4.218167519630195983e-01 5.273623423781491626e-01 8.383850249941342536e-01 4.992876177071933763e-01
7.118927921839488526e-01 5.393769668455112853e-01 8.688458441366574414e-01 5.459250325026541173e-01 5.982964042948658578e-01 7.493730471203836618e-01 5.117068483745056406e-01 2.484638175103774937e-01 1.777232602229089631e-01 5.344116542014665239e-01 9.219566410991969496e-01 9.260190263460255089e-01 7.903780412166609981e-01 9.290266786168916990e-01 6.000670134161634195e-01 5.267299477656994799e-01 4.894897935226517061e-01 5.460395091191073691e-01 4.630036417638435653e-01 9.081506135049020045e-01 6.366182947600859121e-01 2.389582136755264985e-01 4.932651849135524791e-01 3.149446291430899603e-01 0.000000000000000000e+00 8.680732946101944458e-01 8.102921622177637895e-01 7.158997381759890644e-01 3.933685620686360185e-01 9.392990712574577072e-01 6.737523596099624923e-01 6.271929065451937735e-01 2.728042175607672259e-01 1.115524022817346861e-01 8.098943872630494090e-01
5.235158374479202958e-01 8.302220785094509559e-01 7.319475407284261603e-01 7.826193162884076404e-01 1.216625118065292055e-01 7.521902950332299831e-01 5.451803125648126969e-01 3.947598126778033012e-01 4.567192554614647459e-01 7.290467197535215327e-01 5.205915505966226542e-01 6.911203072928789881e-01 5.461195021167809527e-01 5.225647152291402753e-01 5.376700675434579191e-01 5.474042125397990954e-01 8.099314749102384248e-01 4.906638354604671015e-01 3.989518816870731843e-01 2.334772054779473693e-01 8.936339995298179240e-01 3.280744586498679505e-01 9.090495698030086613e-01 2.747139524721208259e-01 8.680732946101944458e-01 0.000000000000000000e+00 6.173421301925622329e-01 9.239345416783256715e-01 3.219613282555867650e-01 2.411014365321513253e-01 3.887168297515604110e-01 4.658908501331142094e-01 4.582061153515833984e-01 4.532901799399555731e-01 2.786155549754845140e-01
4.517810219044645637e-01 7.995555838320941300e-01 1.952481544380368916e-01 5.916471343810165706e-01 6.180411570979005287e-01 7.223202781017610263e-01 6.001271972439600200e-01 8.684325785686561883e-01 7.859556724679193085e-01 8.011570937813021764e-01 4.243094187799525963e-01 1.783572149004175600e-01 6.498123390212060535e-01 4.141450732294437165e-01 5.860368894071945611e-01 3.406415346361191254e-01 1.063504754966384525e-01 8.646632028153573568e-01 2.705049871284856966e-01 8.230005162229536708e-01 3.955924617236328267e-01 5.534231581390084420e-01 1.364013651297106833e-01 5.543983079814560622e-01 8.102921622177637895e-01 6.173421301925622329e-01 0.000000000000000000e+00 8.838652120606755869e-01 7.125274769825636900e-01 7.274073562546777838e-01 5.311658890464735494e-01 3.704848761267691692e-01 1.098563511413667149e-01 8.290272271616241362e-01 8.739309011737657062e-01
8.179285022167639418e-01 8.720873341719652672e-01 7.489129647118849542e-01 5.815796646858928387e-01 7.072395773208527414e-01 2.009987818817287053e-01 5.142331364196044419e-01 9.463647085435260564e-01 8.046554250107813555e-01 5.137510901530795149e-02 7.389776944191470687e-01 5.002506451633739193e-01 7.298358842963279525e-01 5.366888498901387639e-01 6.028406307690821198e-01 7.872390429033179204e-01 5.502053046595807295e-01 5.006208608811806293e-01 4.165138850314366037e-01 8.523199769076936771e-01 6.657037826656606594e-01 5.738635192374021976e-01 3.739189684982664463e-01 7.344478569362633547e-02 7.158997381759890644e-01 9.239345416783256715e-01 8.838652120606755869e-01 0.000000000000000000e+00 8.318617540318536951e-01 2.191764762623933382e-01 9.399434018310536265e-01 6.298984634911836133e-01 5.945592102421433101e-01 4.079961341195046387e-01 8.157357847865542855e-01
7.104074441453905875e-01 4.458265812285547858e-01 6.396932650933320197e-01 4.504050166639631536e-01 8.792797389909228212e-01 4.736440262850413752e-01 4.664969782573024082e-01 2.363459456654450896e-01 2.953701252427820556e-02 4.965253650454503065e-01 4.769632242559120883e-01 8.730721244053776253e-01 6.073158441326769186e-01 4.913001598846530316e-01 9.089531802109578340e-01 3.014968000313105190e-01 6.358643744408469800e-01 6.402318394050769967e-01 8.650006090056246988e-01 4.618132377584918680e-01 8.410786294077801095e-01 5.794374405102766801e-01 8.563696781520069301e-01 6.341184676041355939e-02 3.933685620686360185e-01 3.219613282555867650e-01 7.125274769825636900e-01 8.318617540318536951e-01 0.000000000000000000e+00 5.670375096707696017e-01 4.972636117349638618e-01 2.924756713360276983e-01 6.164600491870952936e-02 4.158401465615320092e-01 2.263196064874312130e-01
8.214342710638256051e-03 2.273869862667347030e-01 4.247227250697932499e-01 5.342638782188058322e-01 7.922343923640150498e-01 4.445259561805256499e-01 5.079821522618870322e-01 5.822249642168975114e-01 2.362628038695696042e-01 4.285171348658516344e-01 9.020717049144255650e-01 5.420566443236657372e-01 8.593326490496422387e-02 3.680186442237128874e-01 1.424529204871470833e-01 6.218044288510035100e-01 7.069169024517361066e-01 6.835219406906403172e-01 7.674600055060700754e-01 9.416572744585099963e-01 4.495727171921156673e-01 7.590028705294327160e-01 4.671250502275097194e-01 3.608229242580052176e-01 9.392990712574577072e-01 2.411014365321513253e-01 7.274073562546777838e-01 2.191764762623933382e-01 5.670375096707696017e-01 0.000000000000000000e+00 8.694396010439894296e-01 7.680088699282634490e-01 3.057795119637328751e-01 8.234677509199807011e-01 1.646112393305493304e-01
5.339611421760404042e-01 6.429199702258141524e-01 7.133018203206979990e-01 4.192326675133319358e-01 2.025098728717111829e-01 8.587914257584715605e-01 3.973832752806935042e-01 4.597429281847166815e-01 7.763601592590896328e-02 5.530610590698292750e-01 3.538514125052690806e-01 5.226915488168553114e-01 3.614902834620595806e-01 4.879486325991208018e-01 5.681803397391838040e-01 8.994046513704988532e-01 4.104582293968993545e-01 5.212237244208498543e-01 4.484132251944683567e-01 9.572342789000592989e-01 5.512968267737108352e-01 4.012221068427400672e-01 6.764665431362388848e-01 9.189640519909012539e-01 6.737523596099624923e-01 3.887168297515604110e-01 5.311658890464735494e-01 9.399434018310536265e-01 4.972636117349638618e-01 8.694396010439894296e-01 0.000000000000000000e+00 4.403859855789846733e-01 6.081173597289523114e-01 4.812839284907275417e-01 7.185063936352689140e-01
4.487185618774021112e-01 2.575319796046935394e-01 1.759901453371909286e-01 1.879263612724472177e-01 9.081892330028622506e-01 4.219218028568789136e-01 5.796380126671238919e-01 7.975460684000392764e-01 2.328661055182258410e-01 6.402251762308683869e-01 3.758777647571903691e-01 5.733624706319371267e-01 5.049312382217568951e-01 5.409270759803596063e-01 2.690990313630398090e-01 2.726875902129333173e-01 5.906357430562405586e-01 1.424420066023119880e-01 7.269398882358311109e-01 1.878582986224387463e-01 8.778483829557016671e-01 4.608692265813164601e-01 6.204012007659489569e-01 4.218167519630195983e-01 6.271929065451937735e-01 4.658908501331142094e-01 3.704848761267691692e-01 6.298984634911836133e-01 2.924756713360276983e-01 7.680088699282634490e-01 4.403859855789846733e-01 0.000000000000000000e+00 8.979516567900615032e-01 2.583714885805872274e-01 2.147230956372867539e-01
2.678270930840626063e-01 4.437230109891801555e-01 1.452180921642144407e-01 7.894666355279977843e-01 8.545116352715833585e-01 7.490509637120221775e-01 7.763403869819497372e-01 6.059435852865338035e-01 7.937966261782500865e-01 8.228042727582050020e-01 5.961816325437738762e-01 5.113414846345741838e-01 6.134165310245840441e-01 4.180832340407483194e-01 2.298239853739970640e-01 5.396459324856943685e-01 4.177993785242952174e-01 5.600990451800045289e-01 2.746455998533111620e-01 6.227608419590302535e-01 2.654786823409076568e-01 5.316098563238524921e-01 2.508628226634157521e-01 5.273623423781491626e-01 2.728042175607672259e-01 4.582061153515833984e-01 1.098563511413667149e-01 5.945592102421433101e-01 6.164600491870952936e-02 3.057795119637328751e-01 6.081173597289523114e-01 8.979516567900615032e-01 0.000000000000000000e+00 9.633703948236831405e-01 2.400408041231552048e-01
3.361605763894680576e-01 5.248048768227703276e-01 7.511812992361163177e-01 1.821680449376451572e-01 8.329901682058673540e-01 3.962315313281322693e-01 6.998735307257050176e-01 8.464165941918400105e-01 4.875510317216220080e-01 9.636466022306675594e-01 5.594584852623458726e-01 4.900363769738578235e-01 4.569068067073249195e-01 4.686786329103223014e-01 6.778925683002576807e-01 3.866995714369335646e-01 9.090034428155102653e-02 8.137477644317869796e-02 6.445295930218797320e-01 1.488335593771140664e-01 5.509622310357809027e-01 7.762802036281341023e-01 8.410466183426072995e-01 8.383850249941342536e-01 1.115524022817346861e-01 4.532901799399555731e-01 8.290272271616241362e-01 4.079961341195046387e-01 4.158401465615320092e-01 8.234677509199807011e-01 4.812839284907275417e-01 2.583714885805872274e-01 9.633703948236831405e-01 0.000000000000000000e+00 7.973245427483680592e-01
5.151151336643149392e-01 6.342876712607004031e-01 4.917210360134245395e-01 5.284403441645790789e-01 4.922823865742685934e-01 4.194640584631238456e-01 4.269099275649879122e-02 3.918649018253878014e-01 5.822844969613942823e-01 7.322677380327402563e-02 4.401316018534270902e-01 2.756889060502923927e-01 4.804403183815836309e-01 4.129163547317749039e-01 3.786117457046229151e-01 5.969446333406079885e-01 2.197164667434241547e-01 7.894600478104473185e-01 8.527632942399947513e-01 2.851303584364435206e-01 8.478214501235563638e-01 2.993679154727461045e-01 4.167691710567049124e-01 4.992876177071933763e-01 8.098943872630494090e-01 2.786155549754845140e-01 8.739309011737657062e-01 8.157357847865542855e-01 2.263196064874312130e-01 1.646112393305493304e-01 7.185063936352689140e-01 2.147230956372867539e-01 2.400408041231552048e-01 7.973245427483680592e-01 0.000000000000000000e+00
