0.000000000000000000e+00 1.446600860814646339e-01 8.873417943606696223e-01 5.147475455469627814e-01 8.214965220940160240e-01 6.585232042898785387e-01 2.769726990045184856e-01 6.954694268786467681e-01 6.880910544998051215e-01 6.642928515279937773e-01 7.942066943982415417e-01 4.407977027529338399e-01 4.284860776931678217e-01 4.764740966365396124e-01 1.808705535382180152e-01 3.437628511242080132e-01 6.371186934072589070e-01 3.651237284830657903e-01 4.088300291149123966e-01 7.064101682063810284e-01 8.089387021694265378e-01 5.076252261397955490e-01 1.733035784498919707e-01 6.141705306636018324e-01 5.536983875425421919e-01 7.509018565620685370e-01 1.296808918089995544e-01 5.429582250451803205e-01 4.233609959853282811e-01 3.459471988653957109e-01 8.625842565878301116e-01 6.985623310860613611e-01 4.733981848981752005e-01 4.272572003021203324e-01 4.884810276440583188e-01
1.446600860814646339e-01 0.000000000000000000e+00 8.231854303540214746e-01 6.484450515096094048e-01 3.985435663837516018e-01 9.101453411919016023e-01 6.358051208325313786e-01 8.591056278998535634e-01 6.706875492667097038e-01 9.308856912610488088e-01 4.146748924957784355e-01 8.496344769442807365e-01 6.977483953460191790e-01 6.681157547128201424e-01 3.810537008900375389e-01 7.470327319348477602e-01 3.876933513633662454e-01 1.581913647974247938e-01 7.505235726281469510e-01 6.464401472075826938e-01 8.015767963197966139e-01 4.846974943463858709e-01 7.037499346919455778e-01 5.335511043535834386e-01 7.774372333085841635e-01 2.847291999270837315e-01 3.974754415482562586e-01 6.820355712951622351e-01 4.345854615616396299e-01 1.993414508534602225e-01 7.645134480766873075e-01 4.216765474275543379e-01 3.793160571402087733e-01 9.274143524662741278e-01 7.075056717830456865e-01
8.873417943606696223e-01 8.231854303540214746e-01 0.000000000000000000e+00 1.372029018825853264e-01 8.819600690048980951e-01 4.876998356847078164e-01 7.814443086368633162e-01 1.770511561212810836e-01 5.857316789500608412e-01 6.639290060281028971e-01 5.811465218086626638e-01 4.060824964791269198e-01 5.298083152022881048e-01 5.173743647204700480e-01 3.336769622516477796e-01 5.518274358364074761e-01 5.599682486879611343e-01 7.832625897023712813e-01 4.565057330456984697e-01 6.126203643980379088e-01 3.212059095255355157e-01 5.646120608464468837e-01 8.992791591785489480e-01 6.586286492173215601e-01 1.984511645361113907e-01 7.815030085887486599e-01 3.753238888200795542e-01 3.620602743653902889e-01 3.269835174482680351e-01 3.400679639507975804e-01 5.144741710149928204e-01 6.594486470896159247e-01 7.798821241463116394e-01 5.057642462231890512e-01 6.110470085768762161e-01
5.147475455469627814e-01 6.484450515096094048e-01 1.372029018825853264e-01 0.000000000000000000e+00 3.930534559356040902e-01 3.994839361135612554e-01 4.393219594720861321e-01 9.356496024230018804e-01 3.391325855006616097e-01 6.647494823500161854e-01 4.709012152038492549e-01 4.077015746844628308e-01 1.388856707734361651e-01 7.530512143375065470e-01 6.677256161128614087e-01 3.886593088194319479e-01 8.434963732418828686e-01 4.638905597770738853e-01 5.286124590111166421e-01 2.804572045401558800e-01 5.354943043417847992e-01 8.140504224995575022e-01 6.511179984776913621e-01 5.692798293915408703e-01 3.250446569700943811e-01 7.284270101333563119e-01 4.396439161304261378e-01 1.677233556481837473e-01 6.558571690426372447e-01 3.293701421139589858e-01 3.792505931549597920e-01 4.390060571073030049e-01 1.619660911098296796e-01 7.823066606244066801e-02 6.498221493585315534e-01
8.214965220940160240e-01 3.985435663837516018e-01 8.819600690048980951e-01 3.930534559356040902e-01 0.000000000000000000e+00 4.233146152023430364e-01 7.744335535826882833e-01 6.951941356785151793e-01 6.425947320308207367e-01 7.871365799856013812e-01 2.035345817004641233e-01 4.326460368272151413e-01 6.823471466007529074e-01 8.271044560884186492e-01 6.515890061945532885e-01 4.563868535290021011e-01 3.894612361374092946e-01 5.403542414012644235e-01 6.910976953042788917e-01 8.969285544174616653e-01 2.875559339235355671e-01 3.380809061756961942e-02 2.147633011299732164e-01 3.697044810864850151e-01 5.994099124183629446e-01 2.294639889317163228e-01 7.821919338953653433e-01 4.596504781151003471e-01 6.688648663471272737e-01 6.375862513451748814e-01 3.507434202385200095e-01 6.573347598410865800e-01 7.819698631416748258e-01 2.960362572053883978e-01 4.654965255672207092e-01
6.585232042898785387e-01 9.101453411919016023e-01 4.876998356847078164e-01 3.994839361135612554e-01 4.233146152023430364e-01 0.000000000000000000e+00 6.359841882064003471e-01 2.591287862194490144e-01 8.181566332188239254e-01 7.891468721318348756e-01 6.576144661978879924e-01 1.601564279080817110e-01 8.466362071052381255e-01 3.872992378830113491e-01 6.918214618436645535e-01 8.197450149298746158e-01 7.435149474973190564e-01 7.591324607356662035e-01 5.692038363241644916e-01 3.422090154661608929e-01 6.118331274982253820e-01 2.452400334180453445e-01 8.816262530373142337e-01 8.080987798762732099e-01 4.064597763177210110e-01 3.571108679904555494e-01 4.531938742315092528e-01 5.103290699048905754e-01 7.502172354333758175e-01 4.497340886984603214e-01 5.488739506317674710e-01 3.001035701293437441e-01 5.894346045754237373e-01 3.323800404170274558e-01 6.920077923853474866e-01
2.769726990045184856e-01 6.358051208325313786e-01 7.814443086368633162e-01 4.393219594720861321e-01 7.744335535826882833e-01 6.359841882064003471e-01 0.000000000000000000e+00 7.591716383603839269e-01 2.066504279749004913e-01 8.648639513320239836e-01 8.578165700563897822e-01 4.585939482455735350e-01 7.149278918745640699e-01 2.375694587575688521e-01 4.928240648806243573e-01 6.543760971872762955e-01 2.494940491541366712e-01 2.880789840943993596e-01 5.125621906601887101e-01 6.904604772543031510e-01 7.201839326769012839e-01 4.498176408821157324e-01 8.288094902317570956e-01 2.712297064907216448e-01 2.363996180248971180e-01 7.100095530745651473e-01 6.982392524660200328e-01 5.098125704928953006e-01 6.714447178968125929e-01 3.099752449060335091e-01 6.779086986462701248e-01 1.190087293774233501e-01 5.656195665938096306e-01 2.856178564631617345e-01 9.737988254878593430e-02
6.954694268786467681e-01 8.591056278998535634e-01 1.770511561212810836e-01 9.356496024230018804e-01 6.951941356785151793e-01 2.591287862194490144e-01 7.591716383603839269e-01 0.000000000000000000e+00 4.251287368091534180e-01 3.327544192858303829e-01 2.430873378140234187e-01 6.230441355577351903e-01 8.282734813304883925e-01 5.229677933287022462e-01 1.388649027987438611e-01 3.796542660574055983e-01 5.539111328930467204e-01 7.084491843584962423e-01 3.628191717782910386e-01 7.569857612935437796e-02 8.442384251484821300e-01 4.885189574152137282e-01 5.798938480590891675e-01 1.744458345957857759e-01 4.265098333704418487e-01 7.669699877129760868e-01 6.782263271028778906e-01 5.721723227588906280e-01 9.360337124457014379e-01 2.811875295523319496e-01 8.141572407000622347e-01 9.090155653538252167e-01 9.301966344630516748e-01 4.512070697576764933e-01 8.059787213583645693e-01
6.880910544998051215e-01 6.706875492667097038e-01 5.857316789500608412e-01 3.391325855006616097e-01 6.425947320308207367e-01 8.181566332188239254e-01 2.066504279749004913e-01 4.251287368091534180e-01 0.000000000000000000e+00 8.709825657416956357e-01 1.544739061359405863e-01 8.130049545287532098e-01 4.194201195852915731e-01 9.307927018588951773e-01 5.011799292660237271e-01 6.540058823555311429e-01 4.619343553703649796e-01 8.610450124141875161e-01 6.154191602814852446e-01 3.081685865806392810e-01 8.367299542338952900e-01 5.142639967650259880e-01 5.210011642709724278e-01 5.909773041166710428e-01 8.214420228044126970e-01 4.141056826882140718e-01 1.314563198987536152e-01 6.496472889702542552e-01 4.117713412512297722e-01 6.388109029372579517e-01 5.152522737663349783e-01 5.300666072802191486e-01 7.754458705486173553e-01 2.977924130354270837e-01 5.260738866620140453e-01
6.642928515279937773e-01 9.308856912610488088e-01 6.639290060281028971e-01 6.647494823500161854e-01 7.871365799856013812e-01 7.891468721318348756e-01 8.648639513320239836e-01 3.327544192858303829e-01 8.709825657416956357e-01 0.000000000000000000e+00 8.242574468942713839e-01 7.630676998000971434e-01 8.162597293872557724e-01 8.041314225212319311e-01 1.995897671419927244e-01 8.778330322949381426e-01 3.816586376326830399e-01 5.620001501566729285e-01 6.449912584485872902e-01 6.935498579332965985e-02 8.090402232625417689e-01 6.407288122979298839e-01 9.337826702087184128e-01 7.764080189522649667e-01 2.850506516797746692e-01 1.624324044463761885e-01 1.925795175965340222e-01 7.043220341881718527e-01 6.072186526320311195e-01 4.537726427442480004e-01 4.373932622541990556e-01 2.580829425897709362e-01 5.143508498453526201e-01 6.352619622056236981e-01 5.826442224678595183e-01
7.942066943982415417e-01 4.146748924957784355e-01 5.811465218086626638e-01 4.709012152038492549e-01 2.035345817004641233e-01 6.576144661978879924e-01 8.578165700563897822e-01 2.430873378140234187e-01 1.544739061359405863e-01 8.242574468942713839e-01 0.000000000000000000e+00 8.772565210796088309e-01 6.762076875830576039e-01 6.250822139956513368e-01 3.966734909154733812e-01 2.559911608357332558e-01 1.103346880603112146e-01 4.378820428260454811e-01 6.622867915634451652e-01 5.505573292554255538e-01 3.715682328132323131e-01 7.687130679759989205e-01 9.066190214539389114e-01 4.397428254406199333e-01 5.968785800985363377e-01 8.152499484058897128e-01 4.992300075033396789e-01 5.366817670657759720e-01 6.955211822474302030e-01 4.677050888652591887e-01 5.837339954101010697e-01 7.173150671035044557e-01 3.458513104724096898e-01 7.947627145827703687e-01 8.767350386754613201e-02
4.407977027529338399e-01 8.496344769442807365e-01 4.060824964791269198e-01 4.077015746844628308e-01 4.326460368272151413e-01 1.601564279080817110e-01 4.585939482455735350e-01 6.230441355577351903e-01 8.130049545287532098e-01 7.630676998000971434e-01 8.772565210796088309e-01 0.000000000000000000e+00 4.609782991387322282e-01 8.562698880824595182e-01 1.965800674674076376e-01 5.399127188844190517e-01 5.063151384473767447e-01 6.736282961653268231e-01 2.929395095978893915e-01 3.528913760229659413e-01 9.012492024934569690e-01 9.647974397439129657e-01 2.585961915538188549e-01 6.857462527462618862e-01 6.873214955827178230e-02 7.741347986670350512e-01 6.682019162133352452e-01 5.742237704734520776e-01 5.558851021845334639e-01 2.785132349407339891e-01 4.991173526925513082e-01 7.144487279731612794e-01 4.506718123268207421e-01 5.823758785641670599e-01 3.066809135023791377e-01
4.284860776931678217e-01 6.977483953460191790e-01 5.298083152022881048e-01 1.388856707734361651e-01 6.823471466007529074e-01 8.466362071052381255e-01 7.149278918745640699e-01 8.282734813304883925e-01 4.194201195852915731e-01 8.162597293872557724e-01 6.762076875830576039e-01 4.609782991387322282e-01 0.000000000000000000e+00 6.323136237069818533e-01 5.031629068302823082e-01 6.094766834186833293e-01 8.667419734565642297e-01 6.991621248711212822e-01 6.671314447589838936e-01 8.351953019480048424e-01 5.301138473767896819e-01 4.919531268275306179e-01 3.407785873310288927e-01 6.930605443044607350e-01 6.502434539149077874e-01 5.102315656124242205e-01 5.024909910042226757e-01 1.070662122052121745e-01 6.555566382727644470e-01 5.292350066096914718e-01 3.685140017292843351e-01 1.801336231379374597e-01 9.738746176671093657e-01 6.638502634038194739e-01 7.831388922330179136e-01
4.764740966365396124e-01 6.681157547128201424e-01 5.173743647204700480e-01 7.530512143375065470e-01 8.271044560884186492e-01 3.872992378830113491e-01 2.375694587575688521e-01 5.229677933287022462e-01 9.307927018588951773e-01 8.041314225212319311e-01 6.250822139956513368e-01 8.562698880824595182e-01 6.323136237069818533e-01 0.000000000000000000e+00 7.373251589380329651e-01 8.639278712329225840e-01 6.442517949538257849e-01 2.633728926353071098e-01 4.610498261085397287e-01 8.742246464077941814e-01 5.283220859578486861e-01 5.379893521660865652e-01 1.871874598392082589e-01 6.551926837187046493e-01 1.795686371920662827e-01 4.105536354483745320e-01 3.712959147573460239e-01 4.005768597911820716e-01 6.217991573666041827e-01 7.741071309942015866e-01 3.845463696207404025e-01 7.516178339417260990e-01 2.663230478761020037e-01 8.550800172502130980e-01 7.948913529703124370e-01
1.808705535382180152e-01 3.810537008900375389e-01 3.336769622516477796e-01 6.677256161128614087e-01 6.515890061945532885e-01 6.918214618436645535e-01 4.928240648806243573e-01 1.388649027987438611e-01 5.011799292660237271e-01 1.995897671419927244e-01 3.966734909154733812e-01 1.965800674674076376e-01 5.031629068302823082e-01 7.373251589380329651e-01 0.000000000000000000e+00 7.944202180240209632e-01 4.486630382341836865e-01 4.109297870795443064e-01 7.312939360118558829e-01 7.098646867484762479e-01 4.556241293704276218e-01 3.353446681213148595e-01 1.469016572135155019e-01 7.154519852008265346e-01 6.369573520320787052e-01 5.781059165020802082e-01 2.776666602002415551e-01 9.661459997104138164e-02 4.169501268274721784e-01 6.200140008555468096e-01 6.321453448650353746e-01 6.037417383055470044e-01 3.088982480872135561e-01 3.956063027735062798e-01 5.008666954590612619e-01
3.437628511242080132e-01 7.470327319348477602e-01 5.518274358364074761e-01 3.886593088194319479e-01 4.563868535290021011e-01 8.197450149298746158e-01 6.543760971872762955e-01 3.796542660574055983e-01 6.540058823555311429e-01 8.778330322949381426e-01 2.559911608357332558e-01 5.399127188844190517e-01 6.094766834186833293e-01 8.639278712329225840e-01 7.944202180240209632e-01 0.000000000000000000e+00 6.230093345846894337e-01 3.336401058603279957e-01 3.732936012867885123e-01 7.528455707033259170e-01 7.210590455045567948e-01 8.250945387705657108e-01 5.130606939444859460e-01 2.590946796518509565e-01 4.941187397611037646e-01 5.010408432732973427e-01 4.862512156912945915e-01 4.836981980567521822e-01 6.835493158509036160e-01 7.889853086177454067e-01 7.637930643524359908e-01 8.904293646610623725e-01 5.096257215970485532e-01 7.873781351996391731e-01 6.239807066942015812e-01
6.371186934072589070e-01 3.876933513633662454e-01 5.599682486879611343e-01 8.434963732418828686e-01 3.894612361374092946e-01 7.435149474973190564e-01 2.494940491541366712e-01 5.539111328930467204e-01 4.619343553703649796e-01 3.816586376326830399e-01 1.103346880603112146e-01 5.063151384473767447e-01 8.667419734565642297e-01 6.442517949538257849e-01 4.486630382341836865e-01 6.230093345846894337e-01 0.000000000000000000e+00 7.537873291942779330e-01 3.092854862372228508e-01 3.399340308071985284e-01 6.604043843268343483e-01 4.981013883323901492e-01 3.588823948766602934e-01 5.668640555835562367e-01 3.713931412898746620e-01 4.692442409456205610e-01 6.384041808519091976e-01 8.785967772637315321e-01 3.860528876244805341e-01 5.164186798436930514e-01 6.499165085610494330e-01 4.623786193918311693e-01 4.510499749916191403e-01 4.898830463201386820e-01 5.426714557861898047e-01
3.651237284830657903e-01 1.581913647974247938e-01 7.832625897023712813e-01 4.638905597770738853e-01 5.403542414012644235e-01 7.591324607356662035e-01 2.880789840943993596e-01 7.084491843584962423e-01 8.610450124141875161e-01 5.620001501566729285e-01 4.378820428260454811e-01 6.736282961653268231e-01 6.991621248711212822e-01 2.633728926353071098e-01 4.109297870795443064e-01 3.336401058603279957e-01 7.537873291942779330e-01 0.000000000000000000e+00 3.849891291938880578e-01 4.354526322171853314e-01 5.225335087723081973e-01 6.139820652308602966e-01 6.258944265637368387e-01 6.867478372010161758e-01 9.320570663770888498e-02 6.777455305490707183e-01 6.209846273253174509e-01 2.785175615288960627e-01 6.562742999503461405e-01 2.984579001421594491e-01 3.871815662758936183e-01 3.822337002734257361e-01 3.736599865374415352e-01 7.822037379074401331e-01 5.587717905812388253e-01
4.088300291149123966e-01 7.505235726281469510e-01 4.565057330456984697e-01 5.286124590111166421e-01 6.910976953042788917e-01 5.692038363241644916e-01 5.125621906601887101e-01 3.628191717782910386e-01 6.154191602814852446e-01 6.449912584485872902e-01 6.622867915634451652e-01 2.929395095978893915e-01 6.671314447589838936e-01 4.610498261085397287e-01 7.312939360118558829e-01 3.732936012867885123e-01 3.092854862372228508e-01 3.849891291938880578e-01 0.000000000000000000e+00 1.259634212584858082e-01 2.490468991824512646e-02 1.033004097266964072e-01 8.197148431869745178e-01 8.928226813369506409e-01 6.801664588532014832e-01 3.145557014846052657e-01 4.683792033122545773e-01 2.001666483982063038e-01 6.163373750023707354e-01 2.987706063010281410e-01 6.275923390647093481e-01 5.625715000681400513e-01 8.685194618039846493e-01 4.923279850254274614e-01 7.720861854134947189e-01
7.064101682063810284e-01 6.464401472075826938e-01 6.126203643980379088e-01 2.804572045401558800e-01 8.969285544174616653e-01 3.422090154661608929e-01 6.904604772543031510e-01 7.569857612935437796e-02 3.081685865806392810e-01 6.935498579332965985e-02 5.505573292554255538e-01 3.528913760229659413e-01 8.351953019480048424e-01 8.742246464077941814e-01 7.098646867484762479e-01 7.528455707033259170e-01 3.399340308071985284e-01 4.354526322171853314e-01 1.259634212584858082e-01 0.000000000000000000e+00 6.190098255219924628e-01 2.457988746782220901e-01 3.008091563869672580e-01 6.006184262712832567e-01 9.417208315140486174e-01 6.347774643370793779e-01 8.734170310510956936e-01 9.097601505957567669e-01 1.883451988566716695e-01 3.650989368700493509e-01 4.109509840322550511e-01 7.579617996337154606e-01 8.188531003357638616e-01 7.242883065841820844e-01 3.349195705020729941e-01
8.089387021694265378e-01 8.015767963197966139e-01 3.212059095255355157e-01 5.354943043417847992e-01 2.875559339235355671e-01 6.118331274982253820e-01 7.201839326769012839e-01 8.442384251484821300e-01 8.367299542338952900e-01 8.090402232625417689e-01 3.715682328132323131e-01 9.012492024934569690e-01 5.301138473767896819e-01 5.283220859578486861e-01 4.556241293704276218e-01 7.210590455045567948e-01 6.604043843268343483e-01 5.225335087723081973e-01 2.490468991824512646e-02 6.190098255219924628e-01 0.000000000000000000e+00 4.785585122529723567e-01 5.178777461921120207e-01 7.321563139873338288e-01 3.122926824562367587e-01 6.432394672859029772e-01 7.683638606794517267e-01 2.816365467376247267e-01 2.301073054782000193e-01 4.038047873070905180e-01 6.130372553358268695e-01 6.771806012687950904e-01 4.335238977812332362e-01 4.615454415158000145e-01 4.675953359025872835e-01
5.076252261397955490e-01 4.846974943463858709e-01 5.646120608464468837e-01 8.140504224995575022e-01 3.380809061756961942e-02 2.452400334180453445e-01 4.498176408821157324e-01 4.885189574152137282e-01 5.142639967650259880e-01 6.407288122979298839e-01 7.687130679759989205e-01 9.647974397439129657e-01 4.919531268275306179e-01 5.379893521660865652e-01 3.353446681213148595e-01 8.250945387705657108e-01 4.981013883323901492e-01 6.139820652308602966e-01 1.033004097266964072e-01 2.457988746782220901e-01 4.785585122529723567e-01 0.000000000000000000e+00 3.334533514465632953e-01 5.222665545020491740e-01 7.119664065025841371e-01 7.643029287903497782e-01 4.849058982853340360e-01 7.946439690399784705e-01 3.876561032271662599e-01 6.639599675684333402e-01 5.264978903354123885e-01 5.541202260056186102e-01 6.049076673288216188e-01 3.139331440103623194e-01 5.518882817773927973e-01
1.733035784498919707e-01 7.037499346919455778e-01 8.992791591785489480e-01 6.511179984776913621e-01 2.147633011299732164e-01 8.816262530373142337e-01 8.288094902317570956e-01 5.798938480590891675e-01 5.210011642709724278e-01 9.337826702087184128e-01 9.066190214539389114e-01 2.585961915538188549e-01 3.407785873310288927e-01 1.871874598392082589e-01 1.469016572135155019e-01 5.130606939444859460e-01 3.588823948766602934e-01 6.258944265637368387e-01 8.197148431869745178e-01 3.008091563869672580e-01 5.178777461921120207e-01 3.334533514465632953e-01 0.000000000000000000e+00 4.698975233051678746e-01 7.037532867187719088e-01 3.058068521354303515e-01 8.665929262822997803e-01 9.170061923007444271e-01 7.800777001082033202e-01 3.838256453145283409e-01 4.715926651991149132e-01 5.864154564944463743e-01 5.028946454650089493e-01 8.465146376787526794e-01 4.684651488456945123e-01
6.141705306636018324e-01 5.335511043535834386e-01 6.586286492173215601e-01 5.692798293915408703e-01 3.697044810864850151e-01 8.080987798762732099e-01 2.712297064907216448e-01 1.744458345957857759e-01 5.909773041166710428e-01 7.764080189522649667e-01 4.397428254406199333e-01 6.857462527462618862e-01 6.930605443044607350e-01 6.551926837187046493e-01 7.154519852008265346e-01 2.590946796518509565e-01 5.668640555835562367e-01 6.867478372010161758e-01 8.928226813369506409e-01 6.006184262712832567e-01 7.321563139873338288e-01 5.222665545020491740e-01 4.698975233051678746e-01 0.000000000000000000e+00 3.780172305693050294e-01 6.169000223535969774e-01 3.225823576365892675e-01 8.479298527573266853e-01 1.455235574884670147e-01 5.100626792711405733e-01 7.003510740748586372e-01 6.675583936720692613e-01 4.687112759540076889e-01 5.714642977042125871e-01 4.649878651414193764e-01
5.536983875425421919e-01 7.774372333085841635e-01 1.984511645361113907e-01 3.250446569700943811e-01 5.994099124183629446e-01 4.064597763177210110e-01 2.363996180248971180e-01 4.265098333704418487e-01 8.214420228044126970e-01 2.850506516797746692e-01 5.968785800985363377e-01 6.873214955827178230e-02 6.502434539149077874e-01 1.795686371920662827e-01 6.369573520320787052e-01 4.941187397611037646e-01 3.713931412898746620e-01 9.320570663770888498e-02 6.801664588532014832e-01 9.417208315140486174e-01 3.122926824562367587e-01 7.119664065025841371e-01 7.037532867187719088e-01 3.780172305693050294e-01 0.000000000000000000e+00 6.175440195012418254e-01 1.444671444772622770e-01 5.157200460523929664e-01 3.309577690001831440e-01 5.028673164614325675e-01 6.114879867578889572e-01 7.934691367508548421e-01 8.736124958033728571e-01 7.930729646890837259e-01 6.734655902952588757e-01
7.509018565620685370e-01 2.847291999270837315e-01 7.815030085887486599e-01 7.284270101333563119e-01 2.294639889317163228e-01 3.571108679904555494e-01 7.100095530745651473e-01 7.669699877129760868e-01 4.141056826882140718e-01 1.624324044463761885e-01 8.152499484058897128e-01 7.741347986670350512e-01 5.102315656124242205e-01 4.105536354483745320e-01 5.781059165020802082e-01 5.010408432732973427e-01 4.692442409456205610e-01 6.777455305490707183e-01 3.145557014846052657e-01 6.347774643370793779e-01 6.432394672859029772e-01 7.643029287903497782e-01 3.058068521354303515e-01 6.169000223535969774e-01 6.175440195012418254e-01 0.000000000000000000e+00 8.490352496293469553e-01 4.414616408371682121e-01 5.601007023451921585e-01 1.255614751743489022e-01 6.311788310579276029e-01 8.076029177146514249e-01 9.651182660712891437e-01 1.344580425986029448e-01 8.682441441784365388e-01
1.296808918089995544e-01 3.974754415482562586e-01 3.753238888200795542e-01 4.396439161304261378e-01 7.821919338953653433e-01 4.531938742315092528e-01 6.982392524660200328e-01 6.782263271028778906e-01 1.314563198987536152e-01 1.925795175965340222e-01 4.992300075033396789e-01 6.682019162133352452e-01 5.024909910042226757e-01 3.712959147573460239e-01 2.776666602002415551e-01 4.862512156912945915e-01 6.384041808519091976e-01 6.209846273253174509e-01 4.683792033122545773e-01 8.734170310510956936e-01 7.683638606794517267e-01 4.849058982853340360e-01 8.665929262822997803e-01 3.225823576365892675e-01 1.444671444772622770e-01 8.490352496293469553e-01 0.000000000000000000e+00 1.034977510947242552e-01 4.145989959082782561e-01 4.392697604614109741e-01 2.515059539453233795e-01 7.003440251790129523e-01 3.693677710585362428e-01 5.565072072514329893e-01 5.619545397293825850e-01
5.429582250451803205e-01 6.820355712951622351e-01 3.620602743653902889e-01 1.677233556481837473e-01 4.596504781151003471e-01 5.103290699048905754e-01 5.098125704928953006e-01 5.721723227588906280e-01 6.496472889702542552e-01 7.043220341881718527e-01 5.366817670657759720e-01 5.742237704734520776e-01 1.070662122052121745e-01 4.005768597911820716e-01 9.661459997104138164e-02 4.836981980567521822e-01 8.785967772637315321e-01 2.785175615288960627e-01 2.001666483982063038e-01 9.097601505957567669e-01 2.816365467376247267e-01 7.946439690399784705e-01 9.170061923007444271e-01 8.479298527573266853e-01 5.157200460523929664e-01 4.414616408371682121e-01 1.034977510947242552e-01 0.000000000000000000e+00 2.701303306960369799e-01 6.290950964737251905e-01 7.317751695501202303e-01 2.121269449161286014e-01 4.624598900034551097e-01 6.776996232704683987e-01 3.979163578117253519e-01
4.233609959853282811e-01 4.345854615616396299e-01 3.269835174482680351e-01 6.558571690426372447e-01 6.688648663471272737e-01 7.502172354333758175e-01 6.714447178968125929e-01 9.360337124457014379e-01 4.117713412512297722e-01 6.072186526320311195e-01 6.955211822474302030e-01 5.558851021845334639e-01 6.555566382727644470e-01 6.217991573666041827e-01 4.169501268274721784e-01 6.835493158509036160e-01 3.860528876244805341e-01 6.562742999503461405e-01 6.163373750023707354e-01 1.883451988566716695e-01 2.301073054782000193e-01 3.876561032271662599e-01 7.800777001082033202e-01 1.455235574884670147e-01 3.309577690001831440e-01 5.601007023451921585e-01 4.145989959082782561e-01 2.701303306960369799e-01 0.000000000000000000e+00 7.797724629365817561e-01 6.533643841594243273e-01 7.294418286176813648e-01 6.538647489865963003e-01 7.998881096863410534e-01 8.060681507419371616e-01
3.459471988653957109e-01 1.993414508534602225e-01 3.400679639507975804e-01 3.293701421139589858e-01 6.375862513451748814e-01 4.497340886984603214e-01 3.099752449060335091e-01 2.811875295523319496e-01 6.388109029372579517e-01 4.537726427442480004e-01 4.677050888652591887e-01 2.785132349407339891e-01 5.292350066096914718e-01 7.741071309942015866e-01 6.200140008555468096e-01 7.889853086177454067e-01 5.164186798436930514e-01 2.984579001421594491e-01 2.987706063010281410e-01 3.650989368700493509e-01 4.038047873070905180e-01 6.639599675684333402e-01 3.838256453145283409e-01 5.100626792711405733e-01 5.028673164614325675e-01 1.255614751743489022e-01 4.392697604614109741e-01 6.290950964737251905e-01 7.797724629365817561e-01 0.000000000000000000e+00 8.591156774118420270e-01 7.310354131389207311e-01 3.322585104430192948e-01 5.205322577338522549e-02 4.297940628138859354e-01
8.625842565878301116e-01 7.645134480766873075e-01 5.144741710149928204e-01 3.792505931549597920e-01 3.507434202385200095e-01 5.488739506317674710e-01 6.779086986462701248e-01 8.141572407000622347e-01 5.152522737663349783e-01 4.373932622541990556e-01 5.837339954101010697e-01 4.991173526925513082e-01 3.685140017292843351e-01 3.845463696207404025e-01 6.321453448650353746e-01 7.637930643524359908e-01 6.499165085610494330e-01 3.871815662758936183e-01 6.275923390647093481e-01 4.109509840322550511e-01 6.130372553358268695e-01 5.264978903354123885e-01 4.715926651991149132e-01 7.003510740748586372e-01 6.114879867578889572e-01 6.311788310579276029e-01 2.515059539453233795e-01 7.317751695501202303e-01 6.533643841594243273e-01 8.591156774118420270e-01 0.000000000000000000e+00 5.219386263060559195e-01 9.261183190448218916e-01 5.060884930116822389e-01 9.193691790356595117e-02
6.985623310860613611e-01 4.216765474275543379e-01 6.594486470896159247e-01 4.390060571073030049e-01 6.573347598410865800e-01 3.001035701293437441e-01 1.190087293774233501e-01 9.090155653538252167e-01 5.300666072802191486e-01 2.580829425897709362e-01 7.173150671035044557e-01 7.144487279731612794e-01 1.801336231379374597e-01 7.516178339417260990e-01 6.037417383055470044e-01 8.904293646610623725e-01 4.623786193918311693e-01 3.822337002734257361e-01 5.625715000681400513e-01 7.579617996337154606e-01 6.771806012687950904e-01 5.541202260056186102e-01 5.864154564944463743e-01 6.675583936720692613e-01 7.934691367508548421e-01 8.076029177146514249e-01 7.003440251790129523e-01 2.121269449161286014e-01 7.294418286176813648e-01 7.310354131389207311e-01 5.219386263060559195e-01 0.000000000000000000e+00 6.270869894736498251e-01 8.311186489010167211e-01 8.761107637110160384e-01
4.733981848981752005e-01 3.793160571402087733e-01 7.798821241463116394e-01 1.619660911098296796e-01 7.819698631416748258e-01 5.894346045754237373e-01 5.656195665938096306e-01 9.301966344630516748e-01 7.754458705486173553e-01 5.143508498453526201e-01 3.458513104724096898e-01 4.506718123268207421e-01 9.738746176671093657e-01 2.663230478761020037e-01 3.088982480872135561e-01 5.096257215970485532e-01 4.510499749916191403e-01 3.736599865374415352e-01 8.685194618039846493e-01 8.188531003357638616e-01 4.335238977812332362e-01 6.049076673288216188e-01 5.028946454650089493e-01 4.687112759540076889e-01 8.736124958033728571e-01 9.651182660712891437e-01 3.693677710585362428e-01 4.624598900034551097e-01 6.538647489865963003e-01 3.322585104430192948e-01 9.261183190448218916e-01 6.270869894736498251e-01 0.000000000000000000e+00 2.699517277532373916e-01 6.692642015865057914e-02
4.272572003021203324e-01 9.274143524662741278e-01 5.057642462231890512e-01 7.823066606244066801e-02 2.960362572053883978e-01 3.323800404170274558e-01 2.856178564631617345e-01 4.512070697576764933e-01 2.977924130354270837e-01 6.352619622056236981e-01 7.947627145827703687e-01 5.823758785641670599e-01 6.638502634038194739e-01 8.550800172502130980e-01 3.956063027735062798e-01 7.873781351996391731e-01 4.898830463201386820e-01 7.822037379074401331e-01 4.923279850254274614e-01 7.242883065841820844e-01 4.615454415158000145e-01 3.139331440103623194e-01 8.465146376787526794e-01 5.714642977042125871e-01 7.930729646890837259e-01 1.344580425986029448e-01 5.565072072514329893e-01 6.776996232704683987e-01 7.998881096863410534e-01 5.205322577338522549e-02 5.060884930116822389e-01 8.311186489010167211e-01 2.699517277532373916e-01 0.000000000000000000e+00 8.257803982559515088e-01
4.884810276440583188e-01 7.075056717830456865e-01 6.110470085768762161e-01 6.498221493585315534e-01 4.654965255672207092e-01 6.920077923853474866e-01 9.737988254878593430e-02 8.059787213583645693e-01 5.260738866620140453e-01 5.826442224678595183e-01 8.767350386754613201e-02 3.066809135023791377e-01 7.831388922330179136e-01 7.948913529703124370e-01 5.008666954590612619e-01 6.239807066942015812e-01 5.426714557861898047e-01 5.587717905812388253e-01 7.720861854134947189e-01 3.349195705020729941e-01 4.675953359025872835e-01 5.518882817773927973e-01 4.684651488456945123e-01 4.649878651414193764e-01 6.734655902952588757e-01 8.682441441784365388e-01 5.619545397293825850e-01 3.979163578117253519e-01 8.060681507419371616e-01 4.297940628138859354e-01 9.193691790356595117e-02 8.761107637110160384e-01 6.692642015865057914e-02 8.257803982559515088e-01 0.000000000000000000e+00
