0.000000000000000000e+00 7.963165306639667929e-01 5.377011228757642147e-01 5.535669905501461319e-01 3.670228830939199494e-01 4.958583532059214205e-01 8.572982027186832887e-01 5.076926408841346827e-01 7.139722980130904784e-01 1.743693241576028674e-01 5.652900938724334523e-01 4.604319454825442914e-01 8.740599002058545564e-01 8.075168665389427236e-01 1.067799042576077495e-01 4.652108941534406905e-01 8.962686133526445165e-01 6.045914019458686894e-01 5.132920233078708261e-01 3.723924184782115843e-01 8.133603455664435433e-01 6.776572285398763107e-01 4.399084795175756679e-01 4.408387245105262475e-01 9.572548489789998172e-01 5.034132934010193683e-01 6.042766179525825843e-01 6.811497071510689283e-01 7.244123721056097143e-01 3.687780093257180258e-01 5.641769948941759427e-01 6.001185778491551215e-01 8.895308846314143869e-01 9.287316203147688576e-01 5.330385034234134123e-01
7.963165306639667929e-01 0.000000000000000000e+00 8.819823525147112431e-01 5.968640221461531947e-01 6.520948057905913142e-01 9.174010553724587513e-01 1.002656594575314086e-01 8.494165327987719394e-01 5.058674095464148479e-01 6.515382076350055840e-01 2.109649048565209739e-01 2.826100777607068459e-01 4.069422511269912834e-01 6.094386881896882713e-01 3.275154652747379047e-01 5.116241421529139632e-01 5.587824063884031522e-01 8.821523855196167219e-01 4.382457185598148119e-01 7.181021045265614244e-01 6.454776919810587543e-01 7.108115911646089025e-01 2.256786444787106660e-01 8.034116190058433471e-01 5.720292046451472823e-01 3.389295473597645492e-01 5.769605768171321980e-01 1.549218054997689720e-01 3.732319032194660879e-01 5.093310559139031524e-01 1.231211659165404315e-01 7.562718026725494536e-01 6.746437401153371205e-01 3.523756534654335359e-01 3.108838626932318716e-01
5.377011228757642147e-01 8.819823525147112431e-01 0.000000000000000000e+00 3.758563173690585013e-01 2.750468374337935451e-01 8.590315375793962094e-01 3.810073543349957736e-01 5.335547208790729634e-01 4.816819838327072723e-01 3.510735175451630274e-01 5.104095287207236487e-01 2.245470029100411768e-01 3.236318831206118629e-01 6.283504556251934270e-01 8.936580562676244011e-01 9.073350734198496470e-01 5.164626175155133669e-01 5.008636070934002760e-01 3.202750813185739620e-02 6.024938252520725124e-01 1.683072974754145079e-01 1.646642616807447723e-01 5.412392333330324767e-01 4.524477289073035036e-01 7.831833054554329099e-01 7.007866323293905353e-01 4.006346296998465895e-01 1.734185836331268993e-01 3.853587399799033864e-01 7.097027621752644011e-01 7.478935161263045028e-01 5.028076257689915174e-01 4.834681902405187914e-01 4.728523186441354054e-01 5.284394951313866606e-01
5.535669905501461319e-01 5.968640221461531947e-01 3.758563173690585013e-01 0.000000000000000000e+00 4.272553706224064829e-01 5.715392519301895069e-01 4.880660836535347658e-01 7.765807960279345057e-01 5.227674459815048191e-01 3.690738438959039192e-01 7.059839673505499125e-01 6.794501820545369997e-01 8.952588155759927391e-01 1.996430780511934122e-01 6.779860074241643719e-01 4.161136280559653566e-01 4.192987969663841130e-01 7.397785863396806327e-01 4.387699152812098990e-01 8.929478402387643898e-01 5.099141765364737511e-01 8.190894858327693040e-01 6.676606782869817236e-01 1.278537466625707664e-01 4.201004429792828399e-01 3.770302931193202367e-01 3.638466509571329777e-01 8.219805261834216559e-01 8.159470417683900578e-01 1.586085687891406470e-01 8.465950013635373805e-01 4.861955131852357948e-01 5.538944635163443042e-01 3.540918980169359687e-01 6.972522771241138617e-01
3.670228830939199494e-01 6.520948057905913142e-01 2.750468374337935451e-01 4.272553706224064829e-01 0.000000000000000000e+00 3.244544774501614270e-01 4.032630759383675767e-01 5.485808400260273610e-01 3.647844296783617768e-01 4.956724871925881626e-01 7.963794309619026679e-01 5.745354609732558071e-01 4.878749293478001903e-02 8.033696450668086353e-01 7.274980643978931072e-01 1.848318228284372977e-01 7.105620132393373201e-01 7.878332753497294672e-01 3.843198295601392145e-01 6.359170401222773439e-01 5.169722069626793148e-01 4.400183034845092100e-01 3.091489336065923466e-01 4.705405070612583840e-01 7.076762123386496350e-01 4.467945991710420284e-01 4.617596155667346158e-01 7.727213166600345184e-01 8.144801929501158666e-01 6.504666853904175206e-01 3.312616101961762816e-01 4.863650424665840188e-01 8.066737854116949880e-01 7.698831256881313312e-01 4.486467423625726259e-01
4.958583532059214205e-01 9.174010553724587513e-01 8.590315375793962094e-01 5.715392519301895069e-01 3.244544774501614270e-01 0.000000000000000000e+00 6.548107230976740745e-02 8.828225811116776622e-01 7.938822788450323742e-01 6.041025137485498409e-01 6.245967567661188102e-01 4.723982889616637482e-01 4.799552829604969428e-01 7.856513524732450238e-01 8.282826808258660911e-01 6.537334467577399222e-01 5.775071355286246488e-01 7.362711358359643743e-01 5.181263633667753110e-01 7.467572520686837079e-01 5.041429455427968165e-01 4.986897613026116116e-01 8.061904355266014122e-01 3.583928417006836953e-01 1.673781422262826668e-01 4.552875801524713939e-01 6.974812246765531576e-01 7.980148746185720121e-01 7.826381513266678080e-02 3.887279146897912874e-01 4.497569854307456039e-01 1.546690925831055718e-01 5.454433706130232817e-01 8.599536406472088057e-01 4.828927183513190280e-01
8.572982027186832887e-01 1.002656594575314086e-01 3.810073543349957736e-01 4.880660836535347658e-01 4.032630759383675767e-01 6.548107230976740745e-02 0.000000000000000000e+00 7.951846743244073146e-02 2.399176225545646135e-01 7.480052913525706559e-01 6.208407727975743251e-01 7.799758249282835454e-01 3.445521308102376112e-01 5.143877289534816155e-01 1.235753250172088036e-01 5.208652245202511910e-01 4.913053209907010110e-01 4.690337426339916127e-01 5.462144830080478686e-01 5.572810030745638521e-01 4.673144891903507903e-01 3.761064013304404319e-01 7.412104156162790947e-01 3.220347791431716900e-01 9.032516035214470662e-01 9.685155744749438522e-01 3.579617515581158260e-01 7.052391287565239475e-01 6.532172478497858537e-01 8.013147666482811626e-01 8.531302494680004234e-01 3.012983907010321483e-01 6.445890947612934463e-01 5.690069349633188889e-01 3.175846165402077537e-01
5.076926408841346827e-01 8.494165327987719394e-01 5.335547208790729634e-01 7.765807960279345057e-01 5.485808400260273610e-01 8.828225811116776622e-01 7.951846743244073146e-02 0.000000000000000000e+00 7.212679076989880755e-02 9.907975358874381300e-01 3.913629770250408035e-01 8.459906776186405519e-01 7.940012050906266605e-01 4.911051597403037206e-01 3.947343767813601412e-01 3.426307170225830756e-01 4.455176072840728030e-01 9.633446144877644279e-02 7.040399069478709970e-01 4.402265798787700080e-01 7.310715062467252334e-01 7.376897943196867313e-01 9.114357771472996195e-01 3.293358646205652995e-01 7.987670433240816603e-01 4.670453398017125890e-01 7.146915362882344525e-01 4.988106224711880143e-01 8.472810006769407876e-01 6.851471904638726240e-01 3.567746218468341168e-01 9.059265921958525869e-01 3.734315622132234891e-01 3.912778820389627432e-01 4.572195323811565904e-01
7.139722980130904784e-01 5.058674095464148479e-01 4.816819838327072723e-01 5.227674459815048191e-01 3.647844296783617768e-01 7.938822788450323742e-01 2.399176225545646135e-01 7.212679076989880755e-02 0.000000000000000000e+00 9.032397116510386681e-01 7.647313478221967609e-01 4.094553604664410429e-01 4.408801765151709184e-01 4.890501931407154612e-01 8.638292045354718507e-01 3.105594019132557060e-01 6.761433434535921716e-01 3.588509713319562033e-01 8.325112388025861510e-01 9.422516005593257749e-01 6.023404647348513663e-01 3.148896212941588724e-01 7.143384112749144865e-01 5.062890411301257387e-01 5.733928609354087547e-01 2.612533419656720701e-01 5.013148367079216516e-01 5.588865991979183878e-01 1.263490127983121214e-01 5.605140460198003716e-01 3.345400793727975608e-01 5.585817334123359679e-01 7.979975820397240405e-01 7.153023499010180419e-01 4.929104686078049080e-01
1.743693241576028674e-01 6.515382076350055840e-01 3.510735175451630274e-01 3.690738438959039192e-01 4.956724871925881626e-01 6.041025137485498409e-01 7.480052913525706559e-01 9.907975358874381300e-01 9.032397116510386681e-01 0.000000000000000000e+00 8.429660756992308768e-01 2.762269887111452049e-01 4.382786454299822387e-01 4.768852276978950977e-01 6.604856108658876401e-01 5.495549043692848912e-01 4.794465127994971820e-01 5.270333769394643930e-01 8.647876167238806033e-01 8.337261459549838438e-02 6.523468919064622229e-01 7.665907786074808161e-01 9.444670000122565856e-01 5.374899416505770633e-01 8.781776193166408451e-01 4.883881358454727484e-01 5.158291413740994091e-01 5.512651671972912393e-01 1.325317872722112655e-01 7.475138977385329397e-01 7.873994198762103158e-01 5.401222972318435733e-01 2.603775965708284290e-01 4.080815297577438105e-01 4.009054495166028409e-01
5.652900938724334523e-01 2.109649048565209739e-01 5.104095287207236487e-01 7.059839673505499125e-01 7.963794309619026679e-01 6.245967567661188102e-01 6.208407727975743251e-01 3.913629770250408035e-01 7.647313478221967609e-01 8.429660756992308768e-01 0.000000000000000000e+00 8.325811111410006404e-01 5.181851915040062151e-01 5.125656632902894083e-01 8.871768679281945014e-01 4.355341037002424809e-01 4.113454034351509137e-01 7.658007616692703579e-01 6.786735785232499429e-01 6.826737111712869455e-01 4.572854980946892134e-01 7.985954844623338600e-01 8.493618507565087183e-01 4.722740023807589504e-01 7.828110103238664630e-01 5.313643733623203413e-01 8.824219397689300193e-01 8.868426515727377835e-01 4.006087784044771727e-01 9.254682251337429388e-01 7.676328602827238168e-01 8.362582848187355422e-01 5.437617324865027246e-01 8.653855843459662411e-01 6.420754856315888937e-01
4.604319454825442914e-01 2.826100777607068459e-01 2.245470029100411768e-01 6.794501820545369997e-01 5.745354609732558071e-01 4.723982889616637482e-01 7.799758249282835454e-01 8.459906776186405519e-01 4.094553604664410429e-01 2.762269887111452049e-01 8.325811111410006404e-01 0.000000000000000000e+00 2.487082978303482850e-01 7.366944541506469379e-01 3.040835569102214309e-01 6.994283795194644604e-01 5.426968714579687436e-01 6.981840917125221591e-01 5.288309902783320249e-01 5.572752995290919387e-01 1.345324479190307398e-01 4.780731823794404090e-01 5.757495442842237576e-01 3.544362948351176268e-01 5.888282462158096475e-01 6.957029465397981394e-01 5.183054973602198023e-01 9.871900768745678345e-02 4.555180222641042609e-01 5.290941058450585599e-01 2.867195896029980373e-01 5.314531443173184933e-01 4.199549686891265177e-01 5.863745750962058301e-01 4.238755494275981417e-01
8.740599002058545564e-01 4.069422511269912834e-01 3.236318831206118629e-01 8.952588155759927391e-01 4.878749293478001903e-02 4.799552829604969428e-01 3.445521308102376112e-01 7.940012050906266605e-01 4.408801765151709184e-01 4.382786454299822387e-01 5.181851915040062151e-01 2.487082978303482850e-01 0.000000000000000000e+00 6.960285641882668628e-02 4.505384276562698354e-01 8.455997212108328220e-01 6.828506466109133255e-01 4.862722480654975699e-01 6.092716291575432930e-01 3.078299961883973479e-01 8.168193063635579287e-01 5.682722478542147071e-01 1.848175635793859461e-01 4.993892340769050531e-01 9.186117093599399652e-01 4.942815221063312503e-01 1.844006020881319152e-01 5.695465827813444015e-01 8.161038322945203261e-01 6.703135518433352980e-01 6.362910763759328514e-01 5.320815819708359928e-01 2.272739275194797237e-01 4.089443436920417452e-01 7.507526345737014495e-01
8.075168665389427236e-01 6.094386881896882713e-01 6.283504556251934270e-01 1.996430780511934122e-01 8.033696450668086353e-01 7.856513524732450238e-01 5.143877289534816155e-01 4.911051597403037206e-01 4.890501931407154612e-01 4.768852276978950977e-01 5.125656632902894083e-01 7.366944541506469379e-01 6.960285641882668628e-02 0.000000000000000000e+00 5.975045731538564109e-01 7.481875022239099504e-01 7.175312106644986532e-01 1.004294183844706145e-01 7.280794947968201036e-01 5.409712450444918996e-01 8.003665147349925402e-01 3.847440062951106854e-01 4.660226667023451563e-01 7.218207289171385543e-01 4.518161066547328186e-01 5.302847420015531776e-01 5.680441415475387945e-01 5.710675798378116452e-01 2.097935011185072529e-01 9.197740267922114299e-01 5.478541332896562643e-01 5.928060181274968921e-01 6.193498753010036051e-01 4.751772830072564235e-01 4.832722307452805843e-01
1.067799042576077495e-01 3.275154652747379047e-01 8.936580562676244011e-01 6.779860074241643719e-01 7.274980643978931072e-01 8.282826808258660911e-01 1.235753250172088036e-01 3.947343767813601412e-01 8.638292045354718507e-01 6.604856108658876401e-01 8.871768679281945014e-01 3.040835569102214309e-01 4.505384276562698354e-01 5.975045731538564109e-01 0.000000000000000000e+00 3.530950335357168068e-01 6.889766696007911806e-01 2.767872401181712405e-01 4.795630039531409428e-01 8.054477747280639477e-01 6.949082148915453061e-02 3.757914247333162261e-01 1.418246557893954041e-01 8.950298509592566898e-01 6.865839099601032114e-01 5.613069823170373507e-01 4.094594255863473475e-01 4.740356998266415101e-01 9.123082761165288712e-01 4.626090234718129302e-01 5.901958323053078104e-01 6.592627151134082819e-01 5.118366113125940586e-01 4.874033949644169805e-01 4.386415028530757376e-01
4.652108941534406905e-01 5.116241421529139632e-01 9.073350734198496470e-01 4.161136280559653566e-01 1.848318228284372977e-01 6.537334467577399222e-01 5.208652245202511910e-01 3.426307170225830756e-01 3.105594019132557060e-01 5.495549043692848912e-01 4.355341037002424809e-01 6.994283795194644604e-01 8.455997212108328220e-01 7.481875022239099504e-01 3.530950335357168068e-01 0.000000000000000000e+00 1.722422019515624791e-01 8.033879847629672444e-01 4.011836398751043586e-01 6.443263074241162292e-01 6.168199325873859884e-01 5.219129390357153397e-01 1.950538733143274417e-01 4.753623319286358062e-01 6.589406083906562683e-01 3.603358962143332622e-01 5.674491951494997632e-01 9.025117163531459763e-02 6.659315678616054557e-01 9.323137014779963039e-01 5.987863793665288981e-01 9.648698211208456277e-01 3.474273231432402076e-01 5.058528371601505036e-01 7.481092661049257853e-01
8.962686133526445165e-01 5.587824063884031522e-01 5.164626175155133669e-01 4.192987969663841130e-01 7.105620132393373201e-01 5.775071355286246488e-01 4.913053209907010110e-01 4.455176072840728030e-01 6.761433434535921716e-01 4.794465127994971820e-01 4.113454034351509137e-01 5.426968714579687436e-01 6.828506466109133255e-01 7.175312106644986532e-01 6.889766696007911806e-01 1.722422019515624791e-01 0.000000000000000000e+00 7.692064434304408671e-01 4.387771797329230172e-01 7.441795856175539292e-01 8.696131958238213500e-01 6.458729780016592148e-01 5.856439895139178287e-01 7.499666179560739998e-01 5.556566759968599722e-01 6.014793924850163620e-01 7.273639513865198802e-01 5.658377118628222791e-01 1.233078094749837650e-01 4.632042025418753872e-01 6.451204527699083702e-01 6.779532212846800521e-01 4.240216599070171788e-01 3.498027977173593928e-01 9.637403692019702595e-01
6.045914019458686894e-01 8.821523855196167219e-01 5.008636070934002760e-01 7.397785863396806327e-01 7.878332753497294672e-01 7.362711358359643743e-01 4.690337426339916127e-01 9.633446144877644279e-02 3.588509713319562033e-01 5.270333769394643930e-01 7.658007616692703579e-01 6.981840917125221591e-01 4.862722480654975699e-01 1.004294183844706145e-01 2.767872401181712405e-01 8.033879847629672444e-01 7.692064434304408671e-01 0.000000000000000000e+00 2.689968414831420684e-01 8.703899407152254630e-01 8.831264610929889791e-01 9.218574480828818363e-01 8.854671642573230805e-01 8.936931466203952290e-01 5.041934752203809378e-01 3.709203976829748006e-01 7.169930797724068938e-01 4.825039445747186795e-01 8.675207184197295529e-01 7.422476530740218514e-02 3.439745820456566183e-01 7.937219263526171797e-01 7.904290117930352633e-01 9.712507423589691324e-01 4.629075794505750907e-01
5.132920233078708261e-01 4.382457185598148119e-01 3.202750813185739620e-02 4.387699152812098990e-01 3.843198295601392145e-01 5.181263633667753110e-01 5.462144830080478686e-01 7.040399069478709970e-01 8.325112388025861510e-01 8.647876167238806033e-01 6.786735785232499429e-01 5.288309902783320249e-01 6.092716291575432930e-01 7.280794947968201036e-01 4.795630039531409428e-01 4.011836398751043586e-01 4.387771797329230172e-01 2.689968414831420684e-01 0.000000000000000000e+00 3.829077841989637077e-01 8.360532269097515901e-01 6.813065262501077912e-01 4.631515253062407078e-01 7.431127682120688416e-01 6.953285895901641922e-01 4.422286748375349186e-01 7.011409997800936988e-01 4.473606580764861729e-01 8.511507718268018774e-02 3.659456646107757116e-01 7.906623013971909586e-01 6.257785610808288546e-01 6.335633498491456406e-01 3.961467277424738365e-01 6.734241335004211848e-01
3.723924184782115843e-01 7.181021045265614244e-01 6.024938252520725124e-01 8.929478402387643898e-01 6.359170401222773439e-01 7.467572520686837079e-01 5.572810030745638521e-01 4.402265798787700080e-01 9.422516005593257749e-01 8.337261459549838438e-02 6.826737111712869455e-01 5.572752995290919387e-01 3.078299961883973479e-01 5.409712450444918996e-01 8.054477747280639477e-01 6.443263074241162292e-01 7.441795856175539292e-01 8.703899407152254630e-01 3.829077841989637077e-01 0.000000000000000000e+00 8.569923693447549784e-01 5.241305466425777437e-01 7.978522539640751088e-01 9.582552801537647102e-02 4.270515615753160965e-01 5.091708867322140009e-01 3.447119360807130439e-01 7.772904046321819083e-01 4.803639103341221794e-01 3.094533700655350827e-01 1.796749727056728418e-01 4.272545068241473953e-01 3.995742079100275679e-01 5.228049680328583637e-02 3.363740896284896920e-01
8.133603455664435433e-01 6.454776919810587543e-01 1.683072974754145079e-01 5.099141765364737511e-01 5.169722069626793148e-01 5.041429455427968165e-01 4.673144891903507903e-01 7.310715062467252334e-01 6.023404647348513663e-01 6.523468919064622229e-01 4.572854980946892134e-01 1.345324479190307398e-01 8.168193063635579287e-01 8.003665147349925402e-01 6.949082148915453061e-02 6.168199325873859884e-01 8.696131958238213500e-01 8.831264610929889791e-01 8.360532269097515901e-01 8.569923693447549784e-01 0.000000000000000000e+00 3.985366160107568501e-01 4.376766910494459539e-01 4.776626727212909818e-01 7.434426813992268679e-01 8.518225602401325869e-01 2.060083828528121719e-01 6.343636434976462901e-01 9.521845980268319742e-01 1.234511215438093279e-01 5.266329021615907546e-01 7.487844561094834095e-01 3.767591959198579588e-02 6.571810376004658671e-01 7.047777011300440098e-01
6.776572285398763107e-01 7.108115911646089025e-01 1.646642616807447723e-01 8.190894858327693040e-01 4.400183034845092100e-01 4.986897613026116116e-01 3.761064013304404319e-01 7.376897943196867313e-01 3.148896212941588724e-01 7.665907786074808161e-01 7.985954844623338600e-01 4.780731823794404090e-01 5.682722478542147071e-01 3.847440062951106854e-01 3.757914247333162261e-01 5.219129390357153397e-01 6.458729780016592148e-01 9.218574480828818363e-01 6.813065262501077912e-01 5.241305466425777437e-01 3.985366160107568501e-01 0.000000000000000000e+00 5.367629355500280752e-02 4.895426636988199354e-01 5.385121160870771639e-01 4.701817002088909403e-01 7.848747766064434472e-01 1.269041850574480490e-01 8.491421472490678912e-02 5.920116429372013211e-03 6.573943665247692358e-01 4.730821336143809508e-01 6.227244241470576425e-01 5.157036676688657728e-01 9.591619189485148800e-01
4.399084795175756679e-01 2.256786444787106660e-01 5.412392333330324767e-01 6.676606782869817236e-01 3.091489336065923466e-01 8.061904355266014122e-01 7.412104156162790947e-01 9.114357771472996195e-01 7.143384112749144865e-01 9.444670000122565856e-01 8.493618507565087183e-01 5.757495442842237576e-01 1.848175635793859461e-01 4.660226667023451563e-01 1.418246557893954041e-01 1.950538733143274417e-01 5.856439895139178287e-01 8.854671642573230805e-01 4.631515253062407078e-01 7.978522539640751088e-01 4.376766910494459539e-01 5.367629355500280752e-02 0.000000000000000000e+00 6.935055110860124383e-01 1.039822099647197406e-01 5.257574617203828460e-01 6.536540721436627788e-01 2.033822411372959715e-01 7.341999735870086141e-01 4.682538867381259573e-01 7.059472598442935176e-01 1.873888418504053854e-01 1.321251025137374357e-01 4.213512455137161661e-01 6.461940266015466783e-01
4.408387245105262475e-01 8.034116190058433471e-01 4.524477289073035036e-01 1.278537466625707664e-01 4.705405070612583840e-01 3.583928417006836953e-01 3.220347791431716900e-01 3.293358646205652995e-01 5.062890411301257387e-01 5.374899416505770633e-01 4.722740023807589504e-01 3.544362948351176268e-01 4.993892340769050531e-01 7.218207289171385543e-01 8.950298509592566898e-01 4.753623319286358062e-01 7.499666179560739998e-01 8.936931466203952290e-01 7.431127682120688416e-01 9.582552801537647102e-02 4.776626727212909818e-01 4.895426636988199354e-01 6.935055110860124383e-01 0.000000000000000000e+00 4.999343848698248882e-01 9.005408074057956735e-01 7.336182166234032076e-01 5.238542837932490537e-01 5.336725124499327455e-01 7.099997996443874193e-01 6.539822001587602962e-01 7.468889252906786291e-01 7.352780811569209485e-01 4.487059501454696009e-01 5.031105845703934820e-01
9.572548489789998172e-01 5.720292046451472823e-01 7.831833054554329099e-01 4.201004429792828399e-01 7.076762123386496350e-01 1.673781422262826668e-01 9.032516035214470662e-01 7.987670433240816603e-01 5.733928609354087547e-01 8.781776193166408451e-01 7.828110103238664630e-01 5.888282462158096475e-01 9.186117093599399652e-01 4.518161066547328186e-01 6.865839099601032114e-01 6.589406083906562683e-01 5.556566759968599722e-01 5.041934752203809378e-01 6.953285895901641922e-01 4.270515615753160965e-01 7.434426813992268679e-01 5.385121160870771639e-01 1.039822099647197406e-01 4.999343848698248882e-01 0.000000000000000000e+00 3.895775447064942498e-01 4.914838580198132023e-01 7.968286034128653217e-01 6.276859435643468155e-01 4.282841331797469508e-01 5.211450255756091554e-01 6.287261327239725972e-01 1.232152274235244205e-01 8.574174694063505520e-01 8.309039518066894114e-01
5.034132934010193683e-01 3.389295473597645492e-01 7.007866323293905353e-01 3.770302931193202367e-01 4.467945991710420284e-01 4.552875801524713939e-01 9.685155744749438522e-01 4.670453398017125890e-01 2.612533419656720701e-01 4.883881358454727484e-01 5.313643733623203413e-01 6.957029465397981394e-01 4.942815221063312503e-01 5.302847420015531776e-01 5.613069823170373507e-01 3.603358962143332622e-01 6.014793924850163620e-01 3.709203976829748006e-01 4.422286748375349186e-01 5.091708867322140009e-01 8.518225602401325869e-01 4.701817002088909403e-01 5.257574617203828460e-01 9.005408074057956735e-01 3.895775447064942498e-01 0.000000000000000000e+00 7.578159871994001318e-01 8.221403133334872493e-01 3.142214467966596425e-01 9.080822972888936695e-01 3.928075588746480773e-01 8.081621641455986049e-01 4.131367021047823718e-01 6.004953317026615611e-01 4.633100566380881080e-01
6.042766179525825843e-01 5.769605768171321980e-01 4.006346296998465895e-01 3.638466509571329777e-01 4.617596155667346158e-01 6.974812246765531576e-01 3.579617515581158260e-01 7.146915362882344525e-01 5.013148367079216516e-01 5.158291413740994091e-01 8.824219397689300193e-01 5.183054973602198023e-01 1.844006020881319152e-01 5.680441415475387945e-01 4.094594255863473475e-01 5.674491951494997632e-01 7.273639513865198802e-01 7.169930797724068938e-01 7.011409997800936988e-01 3.447119360807130439e-01 2.060083828528121719e-01 7.848747766064434472e-01 6.536540721436627788e-01 7.336182166234032076e-01 4.914838580198132023e-01 7.578159871994001318e-01 0.000000000000000000e+00 8.825035951019145619e-01 4.710027181012532704e-01 7.606589822882467988e-01 8.579426985736609002e-01 8.437354480204084517e-01 4.635863389806955670e-01 4.669740745365572043e-01 4.818142784994987049e-01
6.811497071510689283e-01 1.549218054997689720e-01 1.734185836331268993e-01 8.219805261834216559e-01 7.727213166600345184e-01 7.980148746185720121e-01 7.052391287565239475e-01 4.988106224711880143e-01 5.588865991979183878e-01 5.512651671972912393e-01 8.868426515727377835e-01 9.871900768745678345e-02 5.695465827813444015e-01 5.710675798378116452e-01 4.740356998266415101e-01 9.025117163531459763e-02 5.658377118628222791e-01 4.825039445747186795e-01 4.473606580764861729e-01 7.772904046321819083e-01 6.343636434976462901e-01 1.269041850574480490e-01 2.033822411372959715e-01 5.238542837932490537e-01 7.968286034128653217e-01 8.221403133334872493e-01 8.825035951019145619e-01 0.000000000000000000e+00 7.185281967727370489e-01 1.142784785503890843e-01 8.109503027031512712e-01 5.652434137024220373e-01 4.777050221230823013e-01 5.403725489382500413e-01 2.280910049350682312e-01
7.244123721056097143e-01 3.732319032194660879e-01 3.853587399799033864e-01 8.159470417683900578e-01 8.144801929501158666e-01 7.826381513266678080e-02 6.532172478497858537e-01 8.472810006769407876e-01 1.263490127983121214e-01 1.325317872722112655e-01 4.006087784044771727e-01 4.555180222641042609e-01 8.161038322945203261e-01 2.097935011185072529e-01 9.123082761165288712e-01 6.659315678616054557e-01 1.233078094749837650e-01 8.675207184197295529e-01 8.511507718268018774e-02 4.803639103341221794e-01 9.521845980268319742e-01 8.491421472490678912e-02 7.341999735870086141e-01 5.336725124499327455e-01 6.276859435643468155e-01 3.142214467966596425e-01 4.710027181012532704e-01 7.185281967727370489e-01 0.000000000000000000e+00 3.387461311726531754e-01 7.941518560153029149e-01 2.287764020400506748e-02 6.431198514106089004e-01 5.136326931889947378e-01 3.127912491860456723e-01
3.687780093257180258e-01 5.093310559139031524e-01 7.097027621752644011e-01 1.586085687891406470e-01 6.504666853904175206e-01 3.887279146897912874e-01 8.013147666482811626e-01 6.851471904638726240e-01 5.605140460198003716e-01 7.475138977385329397e-01 9.254682251337429388e-01 5.290941058450585599e-01 6.703135518433352980e-01 9.197740267922114299e-01 4.626090234718129302e-01 9.323137014779963039e-01 4.632042025418753872e-01 7.422476530740218514e-02 3.659456646107757116e-01 3.094533700655350827e-01 1.234511215438093279e-01 5.920116429372013211e-03 4.682538867381259573e-01 7.099997996443874193e-01 4.282841331797469508e-01 9.080822972888936695e-01 7.606589822882467988e-01 1.142784785503890843e-01 3.387461311726531754e-01 0.000000000000000000e+00 6.474474353091724810e-01 5.500664564420052471e-01 3.924037165755922540e-01 3.785783663803224952e-01 2.688494233569622693e-01
5.641769948941759427e-01 1.231211659165404315e-01 7.478935161263045028e-01 8.465950013635373805e-01 3.312616101961762816e-01 4.497569854307456039e-01 8.531302494680004234e-01 3.567746218468341168e-01 3.345400793727975608e-01 7.873994198762103158e-01 7.676328602827238168e-01 2.867195896029980373e-01 6.362910763759328514e-01 5.478541332896562643e-01 5.901958323053078104e-01 5.987863793665288981e-01 6.451204527699083702e-01 3.439745820456566183e-01 7.906623013971909586e-01 1.796749727056728418e-01 5.266329021615907546e-01 6.573943665247692358e-01 7.059472598442935176e-01 6.539822001587602962e-01 5.211450255756091554e-01 3.928075588746480773e-01 8.579426985736609002e-01 8.109503027031512712e-01 7.941518560153029149e-01 6.474474353091724810e-01 0.000000000000000000e+00 2.330687425875166696e-01 1.943687941783128204e-01 6.567038576173352959e-01 7.960504567833348588e-01
6.001185778491551215e-01 7.562718026725494536e-01 5.028076257689915174e-01 4.861955131852357948e-01 4.863650424665840188e-01 1.546690925831055718e-01 3.012983907010321483e-01 9.059265921958525869e-01 5.585817334123359679e-01 5.401222972318435733e-01 8.362582848187355422e-01 5.314531443173184933e-01 5.320815819708359928e-01 5.928060181274968921e-01 6.592627151134082819e-01 9.648698211208456277e-01 6.779532212846800521e-01 7.937219263526171797e-01 6.257785610808288546e-01 4.272545068241473953e-01 7.487844561094834095e-01 4.730821336143809508e-01 1.873888418504053854e-01 7.468889252906786291e-01 6.287261327239725972e-01 8.081621641455986049e-01 8.437354480204084517e-01 5.652434137024220373e-01 2.287764020400506748e-02 5.500664564420052471e-01 2.330687425875166696e-01 0.000000000000000000e+00 5.274360633153087896e-01 4.076993758219424890e-01 4.876865740155787443e-01
8.895308846314143869e-01 6.746437401153371205e-01 4.834681902405187914e-01 5.538944635163443042e-01 8.066737854116949880e-01 5.454433706130232817e-01 6.445890947612934463e-01 3.734315622132234891e-01 7.979975820397240405e-01 2.603775965708284290e-01 5.437617324865027246e-01 4.199549686891265177e-01 2.272739275194797237e-01 6.193498753010036051e-01 5.118366113125940586e-01 3.474273231432402076e-01 4.240216599070171788e-01 7.904290117930352633e-01 6.335633498491456406e-01 3.995742079100275679e-01 3.767591959198579588e-02 6.227244241470576425e-01 1.321251025137374357e-01 7.352780811569209485e-01 1.232152274235244205e-01 4.131367021047823718e-01 4.635863389806955670e-01 4.777050221230823013e-01 6.431198514106089004e-01 3.924037165755922540e-01 1.943687941783128204e-01 5.274360633153087896e-01 0.000000000000000000e+00 8.103162511131649648e-01 7.461798147316145435e-01
9.287316203147688576e-01 3.523756534654335359e-01 4.728523186441354054e-01 3.540918980169359687e-01 7.698831256881313312e-01 8.599536406472088057e-01 5.690069349633188889e-01 3.912778820389627432e-01 7.153023499010180419e-01 4.080815297577438105e-01 8.653855843459662411e-01 5.863745750962058301e-01 4.089443436920417452e-01 4.751772830072564235e-01 4.874033949644169805e-01 5.058528371601505036e-01 3.498027977173593928e-01 9.712507423589691324e-01 3.961467277424738365e-01 5.228049680328583637e-02 6.571810376004658671e-01 5.157036676688657728e-01 4.213512455137161661e-01 4.487059501454696009e-01 8.574174694063505520e-01 6.004953317026615611e-01 4.669740745365572043e-01 5.403725489382500413e-01 5.136326931889947378e-01 3.785783663803224952e-01 6.567038576173352959e-01 4.076993758219424890e-01 8.103162511131649648e-01 0.000000000000000000e+00 3.595681116747723727e-01
5.330385034234134123e-01 3.108838626932318716e-01 5.284394951313866606e-01 6.972522771241138617e-01 4.486467423625726259e-01 4.828927183513190280e-01 3.175846165402077537e-01 4.572195323811565904e-01 4.929104686078049080e-01 4.009054495166028409e-01 6.420754856315888937e-01 4.238755494275981417e-01 7.507526345737014495e-01 4.832722307452805843e-01 4.386415028530757376e-01 7.481092661049257853e-01 9.637403692019702595e-01 4.629075794505750907e-01 6.734241335004211848e-01 3.363740896284896920e-01 7.047777011300440098e-01 9.591619189485148800e-01 6.461940266015466783e-01 5.031105845703934820e-01 8.309039518066894114e-01 4.633100566380881080e-01 4.818142784994987049e-01 2.280910049350682312e-01 3.127912491860456723e-01 2.688494233569622693e-01 7.960504567833348588e-01 4.876865740155787443e-01 7.461798147316145435e-01 3.595681116747723727e-01 0.000000000000000000e+00
