0.000000000000000000e+00 3.399101576681558545e-01 5.278874509722757402e-01 5.630300093185302002e-01 8.696959048756567334e-01 5.144021830796146055e-01 8.247107403098288270e-01 2.584149309261540850e-01 7.631642110239328369e-01 5.325257096048037209e-01 5.684720852631546251e-01 4.728924324313277805e-01 8.320286639674416840e-01 6.064784758588117608e-01 6.933051736416082633e-01 6.498604232430927885e-01 5.336815982913248879e-01 3.230577635854254837e-01 4.869192208274332190e-01 7.110977749257805236e-01 1.679443171153295888e-01 8.961433443997883774e-01 3.564898263657225730e-01 7.589981563274394993e-01 4.326027677246445657e-01 5.421473493473711880e-01 4.024718949962468595e-01 1.900045724098547995e-01 6.342058317063865580e-01 6.051161115771044319e-01 7.658227936515149548e-02 3.214639144383937275e-01 8.576817718922378209e-01 8.294234413952550344e-01 1.278140652644533803e-01
3.399101576681558545e-01 0.000000000000000000e+00 5.488984155848324331e-01 5.490087999853884293e-01 6.834464216062599018e-01 4.983404478343950172e-02 4.224660110621506481e-01 4.472929547295548813e-01 7.116387242340240782e-01 6.913180037015811408e-01 2.047613518391833143e-01 6.896936814381564584e-01 4.248311528601772524e-01 6.943848956745602985e-01 7.174130778660585683e-01 2.183888157930918561e-01 3.102491513558082170e-01 3.205508689057685601e-01 8.843320142237445225e-01 7.293165430613290923e-02 4.592194944898390641e-01 7.924427214639429007e-02 5.529070520010798129e-01 7.709723171781924789e-01 6.807163487298233395e-01 4.935041240705109189e-01 9.364348286124442033e-01 5.100769003491045783e-01 8.216982730449978733e-01 3.965404939197804124e-01 5.943900528751353551e-01 7.457126437252408202e-01 3.350901931079486307e-01 4.873304764534314160e-02 4.014179870554978602e-01
5.278874509722757402e-01 5.488984155848324331e-01 0.000000000000000000e+00 6.020869765351857250e-01 1.413568177990458530e-01 8.261031729317189765e-01 1.027558821302706482e-01 7.258035447917324801e-01 6.653442670329987596e-01 2.712227136254803384e-01 5.986498193688316594e-01 5.690062156054275233e-01 4.459024261997541205e-01 6.695793744881857190e-01 5.500117919206786166e-01 6.075626589641106579e-01 3.000546752235182524e-01 2.314906439787726145e-01 7.967928524995675499e-01 7.317451493559650189e-01 3.916282895250084439e-01 3.553603086345831774e-01 4.703152916274435102e-01 7.168772463263732853e-01 8.513153126781003444e-02 6.853293938435454091e-01 8.151819114791392096e-01 2.717201674800673317e-01 7.480457143572802892e-01 7.324803284899130684e-01 9.118960431715352755e-01 6.251506578503973621e-01 7.955016519529237717e-01 5.406896718332927509e-01 6.652558584597157987e-01
5.630300093185302002e-01 5.490087999853884293e-01 6.020869765351857250e-01 0.000000000000000000e+00 8.604301412717478836e-01 4.957417284850048622e-01 7.269063838991833837e-01 3.592793221018557581e-01 5.576548937737486611e-01 6.338378160882659484e-01 6.951026356361551528e-01 5.818098051382876168e-01 4.091244546248977709e-01 6.439115344944108532e-01 5.791856306104485874e-01 3.023024595858778696e-01 4.951158546037783825e-01 4.651641124696147545e-01 7.365527819234928275e-01 6.468321610312592895e-01 5.173983715279691920e-01 4.587777198312408267e-01 5.610525295514809940e-01 5.401319685719361274e-01 7.113642059950630037e-01 3.064564138301077434e-01 4.086609245167648341e-01 6.332818961113561018e-01 3.781553206815365664e-01 5.941090334674201667e-01 6.044295135348434211e-01 8.106252621015195281e-01 4.435175902039824591e-01 4.853327016063899713e-01 9.082716293093775484e-01
8.696959048756567334e-01 6.834464216062599018e-01 1.413568177990458530e-01 8.604301412717478836e-01 0.000000000000000000e+00 6.965129075905927003e-01 8.895927323617883742e-01 4.888560408990854089e-01 2.830520368255939889e-01 4.272185355032540044e-01 6.702717049172512986e-01 9.315423117967593925e-01 4.015336330211997096e-01 4.628334921320928497e-01 4.425372044312613218e-01 6.097717168821656930e-01 2.629915679969078157e-01 7.190693265299079595e-01 8.074313911393435905e-01 1.628983841156598222e-01 4.650242785777294885e-01 7.026602328502757899e-01 5.645049295841463310e-01 7.476595538718850964e-01 7.995764948014676410e-01 5.151784399853603924e-01 4.992033213583593199e-01 7.571415472734392971e-01 7.969684251550039900e-01 6.879005230207450028e-01 2.925132024162849786e-01 3.851704164836848299e-01 5.138401919835123843e-01 4.459815663404311792e-01 6.727611430719371288e-01
5.144021830796146055e-01 4.983404478343950172e-02 8.261031729317189765e-01 4.957417284850048622e-01 6.965129075905927003e-01 0.000000000000000000e+00 6.914866081030114353e-01 5.159004957557182802e-01 4.110335486127524307e-01 4.036685097070648598e-01 5.472279224039175993e-01 3.571418825932174967e-01 8.023619557367558386e-01 6.873481788302704398e-01 1.481132146762412782e-01 7.561400147265651128e-01 4.230378145976710358e-01 6.923345557705385955e-01 5.589515554981578926e-01 7.244054199722528287e-01 6.541505217309621090e-01 4.610955261383065662e-01 7.680489612188092785e-01 5.404826119034373821e-01 7.886955972761302558e-01 7.899270651108549757e-01 4.423368469126119917e-01 6.697595015872893631e-01 8.722268257731407015e-01 2.569148327655593755e-01 7.702356673197718884e-01 3.641256920727794499e-01 6.789541422033651408e-01 7.977236192156317296e-01 3.926246934725255988e-01
8.247107403098288270e-01 4.224660110621506481e-01 1.027558821302706482e-01 7.269063838991833837e-01 8.895927323617883742e-01 6.914866081030114353e-01 0.000000000000000000e+00 8.630652575505627366e-01 5.350101688909021380e-01 4.191845526346187345e-01 1.071307821234285251e-01 5.438704823079754114e-01 3.501293882397817359e-01 6.041582251727353192e-01 3.124702450507574891e-01 8.655181089561936325e-02 3.946736487002489024e-01 7.236061343696882364e-01 8.000420002537417252e-01 4.196533792822176867e-02 6.005472555545339208e-01 4.869232091460300449e-01 1.683297237904736177e-01 5.406457507923043693e-01 3.594609662608507228e-01 2.242967613165450791e-01 5.580617835089773937e-01 8.926902965867562489e-01 8.265439125815886579e-01 9.676102858186357292e-01 6.331753078914094113e-01 6.443442551468454571e-01 5.579173741194605185e-01 2.995838372305853481e-01 6.095969973300121580e-01
2.584149309261540850e-01 4.472929547295548813e-01 7.258035447917324801e-01 3.592793221018557581e-01 4.888560408990854089e-01 5.159004957557182802e-01 8.630652575505627366e-01 0.000000000000000000e+00 2.402843661436289135e-01 4.212688617061195462e-01 4.353293389628605237e-01 5.668432370060809689e-01 3.062617513563124505e-01 4.453895784370104916e-01 3.892012214101590040e-01 5.100634392150378282e-01 2.551512575585599962e-01 4.420346052368054890e-01 4.518288196165693993e-01 7.993664765741401723e-01 1.641765737723749341e-01 3.936384648526957131e-01 4.016721468090377334e-01 5.272625102050891854e-01 5.076187765301833910e-01 4.932809982798701531e-01 7.560016772387010420e-01 5.476619555298471997e-01 5.496927010781904599e-01 4.046583379415809589e-01 5.212381499749800806e-01 4.671520146204641288e-01 4.174298854831667294e-01 5.344510881857725826e-01 4.744781265642499801e-01
7.631642110239328369e-01 7.116387242340240782e-01 6.653442670329987596e-01 5.576548937737486611e-01 2.830520368255939889e-01 4.110335486127524307e-01 5.350101688909021380e-01 2.402843661436289135e-01 0.000000000000000000e+00 6.517447016066009180e-01 4.519617986667331389e-01 2.675775778071159960e-01 9.243220813620102172e-01 1.725589761662447152e-01 3.075919634645323253e-01 5.472073956047589505e-01 8.254283749366859713e-01 6.157774689107693433e-01 7.463227117533253185e-01 3.671595366492811374e-01 6.254275804145124074e-01 6.561317605891314741e-01 7.626427540428133423e-01 5.271888032133722479e-01 9.448978570030430735e-01 9.230483407271412588e-01 5.449020236040471588e-01 5.572352177854890121e-01 4.461428919600666232e-01 6.643319918846292138e-01 3.811209049481848465e-01 7.247514006321993385e-01 8.523509601954528669e-01 7.283265011531059319e-01 3.910822265106586038e-01
5.325257096048037209e-01 6.913180037015811408e-01 2.712227136254803384e-01 6.338378160882659484e-01 4.272185355032540044e-01 4.036685097070648598e-01 4.191845526346187345e-01 4.212688617061195462e-01 6.517447016066009180e-01 0.000000000000000000e+00 3.927808676887639683e-01 8.250414945711075365e-01 3.238486955862351913e-01 8.073717463096088398e-01 2.322697388196326429e-01 4.322876276213067359e-01 9.523386799292392624e-01 7.819850394574765495e-01 7.281834533727973291e-01 7.545868017069591316e-01 7.993554622861678283e-01 5.198537638148710283e-01 8.290587980136943091e-01 3.231466947677932300e-01 6.789551249296497115e-01 8.705748616309301191e-01 5.509460547096245442e-01 8.473147562418654744e-01 6.447383404119615413e-01 4.434779373180579576e-01 3.851908616305576016e-01 9.762920300956401398e-02 2.299791528427916898e-01 6.018120332809521189e-01 2.875413814970531057e-01
5.684720852631546251e-01 2.047613518391833143e-01 5.986498193688316594e-01 6.951026356361551528e-01 6.702717049172512986e-01 5.472279224039175993e-01 1.071307821234285251e-01 4.353293389628605237e-01 4.519617986667331389e-01 3.927808676887639683e-01 0.000000000000000000e+00 9.439900542468825373e-01 7.937536183465023765e-01 8.305600378879867129e-01 3.299602499523724419e-01 9.558691192582249307e-01 2.123899592095399580e-01 6.600364554350024449e-01 1.843892937789353148e-01 5.879611596027813913e-01 7.909349969966952276e-01 7.955033119453034374e-01 2.212440865168500137e-01 7.193647261917374136e-01 4.502842312371928557e-01 3.966663083855892502e-02 5.719639133060059333e-01 5.328735309669112574e-01 4.433635779485055606e-01 7.463408181515704953e-01 8.939760145998438823e-01 7.921076323937146224e-01 7.690692847831890333e-01 7.073621896236976792e-01 5.607256921265283411e-01
4.728924324313277805e-01 6.896936814381564584e-01 5.690062156054275233e-01 5.818098051382876168e-01 9.315423117967593925e-01 3.571418825932174967e-01 5.438704823079754114e-01 5.668432370060809689e-01 2.675775778071159960e-01 8.250414945711075365e-01 9.439900542468825373e-01 0.000000000000000000e+00 4.170765597989093409e-01 4.932434850649534130e-01 3.775439946463778895e-01 7.043658440860836034e-01 8.877618178872582755e-01 4.371011846836743708e-01 9.027417256653841315e-01 6.299242303622171191e-01 5.572354640898677935e-01 2.122444858101239507e-01 1.876582884413872110e-01 7.559571738207591096e-01 3.186583206854460837e-01 7.013170253321935332e-01 7.958076223674228622e-01 3.518804018197632111e-01 3.441119536224965803e-01 5.957878825408272627e-01 5.013623006242122759e-01 8.572473312380866073e-01 7.529043155684198574e-01 1.168875031619892590e-01 8.019345083529292317e-01
8.320286639674416840e-01 4.248311528601772524e-01 4.459024261997541205e-01 4.091244546248977709e-01 4.015336330211997096e-01 8.023619557367558386e-01 3.501293882397817359e-01 3.062617513563124505e-01 9.243220813620102172e-01 3.238486955862351913e-01 7.937536183465023765e-01 4.170765597989093409e-01 0.000000000000000000e+00 5.448784031982343290e-01 9.508601035261506906e-01 4.832910487702517521e-01 6.682778754517019193e-01 9.173097088679595945e-01 4.542163733492957656e-01 5.650531476753684057e-01 6.316735648735425368e-01 4.140719583056019504e-01 4.985915002331781642e-01 7.165795996004989954e-01 5.040577879480828694e-01 7.740150333491024881e-01 5.764648459398875602e-01 5.165641655845023550e-01 4.256971385015680398e-01 4.601173308504941661e-01 3.782058608996395899e-01 8.980939946761761217e-01 5.113669987193559807e-01 6.400038309823874449e-01 4.523366003175408046e-01
6.064784758588117608e-01 6.943848956745602985e-01 6.695793744881857190e-01 6.439115344944108532e-01 4.628334921320928497e-01 6.873481788302704398e-01 6.041582251727353192e-01 4.453895784370104916e-01 1.725589761662447152e-01 8.073717463096088398e-01 8.305600378879867129e-01 4.932434850649534130e-01 5.448784031982343290e-01 0.000000000000000000e+00 5.160200611967256101e-01 4.754419784511183522e-01 8.951416757828247750e-01 8.567035013248416320e-01 5.280915752589927514e-01 8.854247732787778880e-01 7.167035908795673649e-01 4.027296546015955991e-01 9.034436822713646231e-01 2.945332355360241738e-01 6.172492929204331791e-01 3.150073207461682179e-01 3.081980322992403654e-01 5.103808543227551509e-01 5.026512797876590000e-01 8.109828942984980138e-01 6.688376500223418564e-01 8.673289264603036841e-01 8.306122344984814276e-01 5.934415242962463033e-01 5.064909276753458700e-01
6.933051736416082633e-01 7.174130778660585683e-01 5.500117919206786166e-01 5.791856306104485874e-01 4.425372044312613218e-01 1.481132146762412782e-01 3.124702450507574891e-01 3.892012214101590040e-01 3.075919634645323253e-01 2.322697388196326429e-01 3.299602499523724419e-01 3.775439946463778895e-01 9.508601035261506906e-01 5.160200611967256101e-01 0.000000000000000000e+00 4.172041276614553706e-01 6.361565506732622666e-01 6.288949360343574213e-01 4.806204623264575537e-01 5.130597208966169998e-01 5.786138491310179877e-01 6.991545512716333954e-01 4.170748869612817544e-01 5.782863432374028001e-01 4.941443412838721905e-01 6.614720903746322822e-01 6.668554395817183345e-01 5.241137374007545091e-01 5.026816973720651394e-01 5.377499460383419194e-01 3.541682673267560477e-01 9.632661590577151767e-01 5.945368129729270423e-01 7.290686033583304582e-01 6.463401502800031340e-01
6.498604232430927885e-01 2.183888157930918561e-01 6.075626589641106579e-01 3.023024595858778696e-01 6.097717168821656930e-01 7.561400147265651128e-01 8.655181089561936325e-02 5.100634392150378282e-01 5.472073956047589505e-01 4.322876276213067359e-01 9.558691192582249307e-01 7.043658440860836034e-01 4.832910487702517521e-01 4.754419784511183522e-01 4.172041276614553706e-01 0.000000000000000000e+00 3.631456941386411730e-01 7.686049277660425005e-01 7.151784702507237856e-01 4.549128898344362848e-01 1.484575193763363887e-01 6.620738627006914623e-01 2.026513291547589191e-01 6.273393386445650366e-01 3.430690369752082969e-01 5.136405256148941501e-01 4.609728870423563385e-01 7.545078770671378443e-01 4.351294877821139107e-01 8.093257719254958182e-01 8.793490679553284117e-01 7.895239185553815098e-01 2.467156901843970962e-01 6.370209197258419609e-01 3.513501485699320193e-01
5.336815982913248879e-01 3.102491513558082170e-01 3.000546752235182524e-01 4.951158546037783825e-01 2.629915679969078157e-01 4.230378145976710358e-01 3.946736487002489024e-01 2.551512575585599962e-01 8.254283749366859713e-01 9.523386799292392624e-01 2.123899592095399580e-01 8.877618178872582755e-01 6.682778754517019193e-01 8.951416757828247750e-01 6.361565506732622666e-01 3.631456941386411730e-01 0.000000000000000000e+00 2.125285583673728329e-01 7.481841064414447295e-01 5.214768429593571453e-01 8.992986407218330758e-01 8.503207160296523126e-01 6.880720687496866272e-01 8.981426930562392830e-01 8.656290596099547319e-01 6.354063788747049690e-01 5.760842331953092144e-01 7.775383095352487173e-01 6.272141323397094625e-01 3.800377965169925432e-01 5.477948399764215326e-01 3.431268548295881571e-01 7.565560360973861975e-01 2.544456434540705025e-01 8.091987190324396728e-01
3.230577635854254837e-01 3.205508689057685601e-01 2.314906439787726145e-01 4.651641124696147545e-01 7.190693265299079595e-01 6.923345557705385955e-01 7.236061343696882364e-01 4.420346052368054890e-01 6.157774689107693433e-01 7.819850394574765495e-01 6.600364554350024449e-01 4.371011846836743708e-01 9.173097088679595945e-01 8.567035013248416320e-01 6.288949360343574213e-01 7.686049277660425005e-01 2.125285583673728329e-01 0.000000000000000000e+00 8.680560808638887460e-01 8.307191650240733916e-01 5.257862461551640054e-01 5.389517434687949304e-01 8.479875391784792438e-01 5.029346964054479674e-01 2.936943107499357941e-01 1.827104047250228680e-01 7.609519536114724980e-01 6.447822200881316856e-01 4.719717402309452359e-01 6.019833521718496172e-01 9.419883371317390175e-01 7.278373571504666018e-01 3.971870165565116184e-01 3.775806719103901310e-01 8.381844405221965388e-01
4.869192208274332190e-01 8.843320142237445225e-01 7.967928524995675499e-01 7.365527819234928275e-01 8.074313911393435905e-01 5.589515554981578926e-01 8.000420002537417252e-01 4.518288196165693993e-01 7.463227117533253185e-01 7.281834533727973291e-01 1.843892937789353148e-01 9.027417256653841315e-01 4.542163733492957656e-01 5.280915752589927514e-01 4.806204623264575537e-01 7.151784702507237856e-01 7.481841064414447295e-01 8.680560808638887460e-01 0.000000000000000000e+00 3.836026445320640521e-01 2.129148262104232359e-01 4.483256229333014153e-01 6.592115313749832284e-01 7.568332277144259601e-01 4.759320251521457767e-01 7.334941429676291591e-01 2.622749239889722306e-01 7.181716866022330725e-01 1.560702456472723432e-01 3.129732869875118118e-01 4.189871458204673660e-01 3.970027363271983467e-01 7.248806338034283758e-01 5.229400797554907276e-01 3.992113703536884217e-01
7.110977749257805236e-01 7.293165430613290923e-02 7.317451493559650189e-01 6.468321610312592895e-01 1.628983841156598222e-01 7.244054199722528287e-01 4.196533792822176867e-02 7.993664765741401723e-01 3.671595366492811374e-01 7.545868017069591316e-01 5.879611596027813913e-01 6.299242303622171191e-01 5.650531476753684057e-01 8.854247732787778880e-01 5.130597208966169998e-01 4.549128898344362848e-01 5.214768429593571453e-01 8.307191650240733916e-01 3.836026445320640521e-01 0.000000000000000000e+00 6.286815039730233590e-01 7.772865504067468789e-01 4.348441724932539110e-01 6.484991154784212064e-01 1.031888008706233206e-01 8.406789422164904213e-01 8.394793914278670943e-01 8.623681590960202703e-01 5.089492263081967227e-01 8.331799347815445067e-01 3.544486529147411469e-01 8.149200380471190996e-01 4.913285031585335472e-01 1.104569022914404508e-01 3.590809715289751125e-01
1.679443171153295888e-01 4.592194944898390641e-01 3.916282895250084439e-01 5.173983715279691920e-01 4.650242785777294885e-01 6.541505217309621090e-01 6.005472555545339208e-01 1.641765737723749341e-01 6.254275804145124074e-01 7.993554622861678283e-01 7.909349969966952276e-01 5.572354640898677935e-01 6.316735648735425368e-01 7.167035908795673649e-01 5.786138491310179877e-01 1.484575193763363887e-01 8.992986407218330758e-01 5.257862461551640054e-01 2.129148262104232359e-01 6.286815039730233590e-01 0.000000000000000000e+00 7.602593911745102462e-01 8.765822065908153160e-01 3.191693894499876838e-01 2.457184116741476521e-01 5.741161034373103433e-01 3.470517666182016958e-01 7.350633051123438566e-01 7.739126613704517821e-01 7.922973001414728156e-01 4.074072849377469163e-01 6.294887870194880719e-01 1.582942622130031340e-01 3.836301211294600444e-01 8.318824228412149413e-01
8.961433443997883774e-01 7.924427214639429007e-02 3.553603086345831774e-01 4.587777198312408267e-01 7.026602328502757899e-01 4.610955261383065662e-01 4.869232091460300449e-01 3.936384648526957131e-01 6.561317605891314741e-01 5.198537638148710283e-01 7.955033119453034374e-01 2.122444858101239507e-01 4.140719583056019504e-01 4.027296546015955991e-01 6.991545512716333954e-01 6.620738627006914623e-01 8.503207160296523126e-01 5.389517434687949304e-01 4.483256229333014153e-01 7.772865504067468789e-01 7.602593911745102462e-01 0.000000000000000000e+00 4.126651291964981150e-01 1.333050214433246783e-01 7.911203040157660515e-01 7.019973323316341940e-01 9.133487095939245570e-01 4.145070673247924220e-01 5.777913292210217211e-01 2.128724185207309105e-02 6.566217263399465320e-01 5.196115556358107401e-01 2.856492765466596140e-01 1.908355866838201131e-01 1.564779217750481566e-01
3.564898263657225730e-01 5.529070520010798129e-01 4.703152916274435102e-01 5.610525295514809940e-01 5.645049295841463310e-01 7.680489612188092785e-01 1.683297237904736177e-01 4.016721468090377334e-01 7.626427540428133423e-01 8.290587980136943091e-01 2.212440865168500137e-01 1.876582884413872110e-01 4.985915002331781642e-01 9.034436822713646231e-01 4.170748869612817544e-01 2.026513291547589191e-01 6.880720687496866272e-01 8.479875391784792438e-01 6.592115313749832284e-01 4.348441724932539110e-01 8.765822065908153160e-01 4.126651291964981150e-01 0.000000000000000000e+00 6.874479244813365142e-01 7.013078644935211159e-01 4.125498902475039920e-01 7.363974134744804001e-01 8.918814172460162171e-01 8.701254206923132450e-01 4.010157622743905637e-01 4.162027735815796436e-01 5.754159003474547118e-01 8.207880782627797744e-01 5.773469400796614748e-01 4.597866962909382682e-01
7.589981563274394993e-01 7.709723171781924789e-01 7.168772463263732853e-01 5.401319685719361274e-01 7.476595538718850964e-01 5.404826119034373821e-01 5.406457507923043693e-01 5.272625102050891854e-01 5.271888032133722479e-01 3.231466947677932300e-01 7.193647261917374136e-01 7.559571738207591096e-01 7.165795996004989954e-01 2.945332355360241738e-01 5.782863432374028001e-01 6.273393386445650366e-01 8.981426930562392830e-01 5.029346964054479674e-01 7.568332277144259601e-01 6.484991154784212064e-01 3.191693894499876838e-01 1.333050214433246783e-01 6.874479244813365142e-01 0.000000000000000000e+00 5.659370721468148790e-01 5.681185400480381897e-01 6.380838004294222543e-01 5.187361575293389926e-01 4.269752166938023952e-01 4.587798345140562395e-01 7.587787204880023229e-01 8.224512715031135901e-01 3.559804148229048781e-01 8.066337311432355550e-01 8.677525581122977894e-01
4.326027677246445657e-01 6.807163487298233395e-01 8.513153126781003444e-02 7.113642059950630037e-01 7.995764948014676410e-01 7.886955972761302558e-01 3.594609662608507228e-01 5.076187765301833910e-01 9.448978570030430735e-01 6.789551249296497115e-01 4.502842312371928557e-01 3.186583206854460837e-01 5.040577879480828694e-01 6.172492929204331791e-01 4.941443412838721905e-01 3.430690369752082969e-01 8.656290596099547319e-01 2.936943107499357941e-01 4.759320251521457767e-01 1.031888008706233206e-01 2.457184116741476521e-01 7.911203040157660515e-01 7.013078644935211159e-01 5.659370721468148790e-01 0.000000000000000000e+00 4.323908400163215537e-01 8.062782878296906874e-01 5.895900828416976713e-01 7.393931393223831527e-01 4.969937449692961029e-01 4.262352322356649514e-01 7.562920947636746494e-01 4.327558000500597024e-01 8.012985419079079463e-01 7.497876154934398629e-01
5.421473493473711880e-01 4.935041240705109189e-01 6.853293938435454091e-01 3.064564138301077434e-01 5.151784399853603924e-01 7.899270651108549757e-01 2.242967613165450791e-01 4.932809982798701531e-01 9.230483407271412588e-01 8.705748616309301191e-01 3.966663083855892502e-02 7.013170253321935332e-01 7.740150333491024881e-01 3.150073207461682179e-01 6.614720903746322822e-01 5.136405256148941501e-01 6.354063788747049690e-01 1.827104047250228680e-01 7.334941429676291591e-01 8.406789422164904213e-01 5.741161034373103433e-01 7.019973323316341940e-01 4.125498902475039920e-01 5.681185400480381897e-01 4.323908400163215537e-01 0.000000000000000000e+00 5.121130378967669872e-01 4.669684035057687366e-01 8.677828095484053650e-01 6.011991408440102713e-01 4.638721148180132703e-01 4.868726227280406049e-01 3.698207785830016081e-01 7.066131159500679271e-01 4.363747731270566921e-01
4.024718949962468595e-01 9.364348286124442033e-01 8.151819114791392096e-01 4.086609245167648341e-01 4.992033213583593199e-01 4.423368469126119917e-01 5.580617835089773937e-01 7.560016772387010420e-01 5.449020236040471588e-01 5.509460547096245442e-01 5.719639133060059333e-01 7.958076223674228622e-01 5.764648459398875602e-01 3.081980322992403654e-01 6.668554395817183345e-01 4.609728870423563385e-01 5.760842331953092144e-01 7.609519536114724980e-01 2.622749239889722306e-01 8.394793914278670943e-01 3.470517666182016958e-01 9.133487095939245570e-01 7.363974134744804001e-01 6.380838004294222543e-01 8.062782878296906874e-01 5.121130378967669872e-01 0.000000000000000000e+00 7.808459365612610004e-01 9.654302891529921160e-01 7.808648347365981790e-01 8.350158268950242935e-01 8.165063154720300087e-01 8.140520809868825314e-01 3.216962766063585777e-01 8.309374246930705254e-01
1.900045724098547995e-01 5.100769003491045783e-01 2.717201674800673317e-01 6.332818961113561018e-01 7.571415472734392971e-01 6.697595015872893631e-01 8.926902965867562489e-01 5.476619555298471997e-01 5.572352177854890121e-01 8.473147562418654744e-01 5.328735309669112574e-01 3.518804018197632111e-01 5.165641655845023550e-01 5.103808543227551509e-01 5.241137374007545091e-01 7.545078770671378443e-01 7.775383095352487173e-01 6.447822200881316856e-01 7.181716866022330725e-01 8.623681590960202703e-01 7.350633051123438566e-01 4.145070673247924220e-01 8.918814172460162171e-01 5.187361575293389926e-01 5.895900828416976713e-01 4.669684035057687366e-01 7.808459365612610004e-01 0.000000000000000000e+00 2.920268215496327757e-01 2.822458398579824057e-01 5.301504691641573119e-01 4.372620154330290054e-01 3.144536132700177511e-01 8.185597948231009280e-01 6.821675785310288287e-01
6.342058317063865580e-01 8.216982730449978733e-01 7.480457143572802892e-01 3.781553206815365664e-01 7.969684251550039900e-01 8.722268257731407015e-01 8.265439125815886579e-01 5.496927010781904599e-01 4.461428919600666232e-01 6.447383404119615413e-01 4.433635779485055606e-01 3.441119536224965803e-01 4.256971385015680398e-01 5.026512797876590000e-01 5.026816973720651394e-01 4.351294877821139107e-01 6.272141323397094625e-01 4.719717402309452359e-01 1.560702456472723432e-01 5.089492263081967227e-01 7.739126613704517821e-01 5.777913292210217211e-01 8.701254206923132450e-01 4.269752166938023952e-01 7.393931393223831527e-01 8.677828095484053650e-01 9.654302891529921160e-01 2.920268215496327757e-01 0.000000000000000000e+00 4.945893713278944337e-01 8.407622663696595611e-01 2.881967053374172583e-01 2.843482480258306966e-01 7.695837591832535018e-01 4.019659199766160151e-01
6.051161115771044319e-01 3.965404939197804124e-01 7.324803284899130684e-01 5.941090334674201667e-01 6.879005230207450028e-01 2.569148327655593755e-01 9.676102858186357292e-01 4.046583379415809589e-01 6.643319918846292138e-01 4.434779373180579576e-01 7.463408181515704953e-01 5.957878825408272627e-01 4.601173308504941661e-01 8.109828942984980138e-01 5.377499460383419194e-01 8.093257719254958182e-01 3.800377965169925432e-01 6.019833521718496172e-01 3.129732869875118118e-01 8.331799347815445067e-01 7.922973001414728156e-01 2.128724185207309105e-02 4.010157622743905637e-01 4.587798345140562395e-01 4.969937449692961029e-01 6.011991408440102713e-01 7.808648347365981790e-01 2.822458398579824057e-01 4.945893713278944337e-01 0.000000000000000000e+00 2.059767261616169409e-01 5.900916864674141671e-01 7.309507001908703838e-01 6.114543302783603806e-01 4.624918782004869833e-01
7.658227936515149548e-02 5.943900528751353551e-01 9.118960431715352755e-01 6.044295135348434211e-01 2.925132024162849786e-01 7.702356673197718884e-01 6.331753078914094113e-01 5.212381499749800806e-01 3.811209049481848465e-01 3.851908616305576016e-01 8.939760145998438823e-01 5.013623006242122759e-01 3.782058608996395899e-01 6.688376500223418564e-01 3.541682673267560477e-01 8.793490679553284117e-01 5.477948399764215326e-01 9.419883371317390175e-01 4.189871458204673660e-01 3.544486529147411469e-01 4.074072849377469163e-01 6.566217263399465320e-01 4.162027735815796436e-01 7.587787204880023229e-01 4.262352322356649514e-01 4.638721148180132703e-01 8.350158268950242935e-01 5.301504691641573119e-01 8.407622663696595611e-01 2.059767261616169409e-01 0.000000000000000000e+00 3.362681281369804820e-01 5.535475837596517401e-01 8.198194490451866656e-01 8.284967717290065981e-01
3.214639144383937275e-01 7.457126437252408202e-01 6.251506578503973621e-01 8.106252621015195281e-01 3.851704164836848299e-01 3.641256920727794499e-01 6.443442551468454571e-01 4.671520146204641288e-01 7.247514006321993385e-01 9.762920300956401398e-02 7.921076323937146224e-01 8.572473312380866073e-01 8.980939946761761217e-01 8.673289264603036841e-01 9.632661590577151767e-01 7.895239185553815098e-01 3.431268548295881571e-01 7.278373571504666018e-01 3.970027363271983467e-01 8.149200380471190996e-01 6.294887870194880719e-01 5.196115556358107401e-01 5.754159003474547118e-01 8.224512715031135901e-01 7.562920947636746494e-01 4.868726227280406049e-01 8.165063154720300087e-01 4.372620154330290054e-01 2.881967053374172583e-01 5.900916864674141671e-01 3.362681281369804820e-01 0.000000000000000000e+00 7.962591771548170883e-01 4.696806626289208864e-01 6.474225569219167475e-01
8.576817718922378209e-01 3.350901931079486307e-01 7.955016519529237717e-01 4.435175902039824591e-01 5.138401919835123843e-01 6.789541422033651408e-01 5.579173741194605185e-01 4.174298854831667294e-01 8.523509601954528669e-01 2.299791528427916898e-01 7.690692847831890333e-01 7.529043155684198574e-01 5.113669987193559807e-01 8.306122344984814276e-01 5.945368129729270423e-01 2.467156901843970962e-01 7.565560360973861975e-01 3.971870165565116184e-01 7.248806338034283758e-01 4.913285031585335472e-01 1.582942622130031340e-01 2.856492765466596140e-01 8.207880782627797744e-01 3.559804148229048781e-01 4.327558000500597024e-01 3.698207785830016081e-01 8.140520809868825314e-01 3.144536132700177511e-01 2.843482480258306966e-01 7.309507001908703838e-01 5.535475837596517401e-01 7.962591771548170883e-01 0.000000000000000000e+00 4.551974321022316250e-01 6.496916645449231087e-01
8.294234413952550344e-01 4.873304764534314160e-02 5.406896718332927509e-01 4.853327016063899713e-01 4.459815663404311792e-01 7.977236192156317296e-01 2.995838372305853481e-01 5.344510881857725826e-01 7.283265011531059319e-01 6.018120332809521189e-01 7.073621896236976792e-01 1.168875031619892590e-01 6.400038309823874449e-01 5.934415242962463033e-01 7.290686033583304582e-01 6.370209197258419609e-01 2.544456434540705025e-01 3.775806719103901310e-01 5.229400797554907276e-01 1.104569022914404508e-01 3.836301211294600444e-01 1.908355866838201131e-01 5.773469400796614748e-01 8.066337311432355550e-01 8.012985419079079463e-01 7.066131159500679271e-01 3.216962766063585777e-01 8.185597948231009280e-01 7.695837591832535018e-01 6.114543302783603806e-01 8.198194490451866656e-01 4.696806626289208864e-01 4.551974321022316250e-01 0.000000000000000000e+00 7.909562968586643095e-01
1.278140652644533803e-01 4.014179870554978602e-01 6.652558584597157987e-01 9.082716293093775484e-01 6.727611430719371288e-01 3.926246934725255988e-01 6.095969973300121580e-01 4.744781265642499801e-01 3.910822265106586038e-01 2.875413814970531057e-01 5.607256921265283411e-01 8.019345083529292317e-01 4.523366003175408046e-01 5.064909276753458700e-01 6.463401502800031340e-01 3.513501485699320193e-01 8.091987190324396728e-01 8.381844405221965388e-01 3.992113703536884217e-01 3.590809715289751125e-01 8.318824228412149413e-01 1.564779217750481566e-01 4.597866962909382682e-01 8.677525581122977894e-01 7.497876154934398629e-01 4.363747731270566921e-01 8.309374246930705254e-01 6.821675785310288287e-01 4.019659199766160151e-01 4.624918782004869833e-01 8.284967717290065981e-01 6.474225569219167475e-01 6.496916645449231087e-01 7.909562968586643095e-01 0.000000000000000000e+00
