0.000000000000000000e+00 3.587128123022447768e-01 3.892212043068823402e-01 2.483544142495880402e-01 6.549431001270842323e-01 7.304307193068413362e-01 4.862279594447410092e-01 5.086982377511906073e-01 8.431099520424467642e-02 3.630752189917084705e-01 4.954768831727283107e-01 7.773328542911643879e-01 3.592631660283417405e-01 7.627902987536300250e-01 6.636555939502971624e-01 2.005793580119074049e-01 4.934695254881664161e-01 5.733288932186306752e-01 2.662262135750581571e-01 5.157811127145943697e-01 7.033427502309507195e-01 2.874650116551174528e-01 5.034024011888535988e-01 9.169197894310405772e-01 4.165955190501181016e-01 7.759575746702040977e-02 2.979536129647910592e-01 5.380445933234456746e-01 5.631605083243028664e-01 6.604896272760873988e-01 8.731819935838962543e-01 6.198474714279497144e-01 6.723278692901372144e-01 2.087511929940297217e-01 4.780380167342150877e-01
3.587128123022447768e-01 0.000000000000000000e+00 5.411498519642308214e-01 5.278420355557835730e-01 5.483222064640008719e-01 6.567416612713645740e-01 2.817831172916009930e-01 1.895148979997378635e-01 4.525987978264747191e-01 5.612607944742225019e-01 5.805415994677958214e-01 3.029450188992101056e-01 3.198911390906073460e-01 7.851830255476111020e-01 2.754844863939570621e-01 6.890025308003532301e-01 5.442296116327143274e-01 4.123587385484794865e-01 8.519825820681794504e-01 9.126015749741318572e-01 6.911170367220385025e-01 4.396862199412487904e-01 4.110188463536019743e-01 4.424405163087142268e-01 6.468379067306859742e-01 3.338886314713032655e-01 6.175208136670333747e-01 8.959671151651207310e-01 5.235466985270458284e-01 5.511074667752579037e-01 9.867304206282803136e-01 3.872138003664225003e-01 7.721364735694344894e-01 6.522904076331321743e-01 8.046306790990387370e-01
3.892212043068823402e-01 5.411498519642308214e-01 0.000000000000000000e+00 1.701957555855054816e-01 3.760364526764933268e-01 9.562955358224756175e-02 6.726729951266504637e-01 4.019434517832185527e-01 3.885059354734263781e-01 3.798409350165599108e-01 2.881470600227324930e-01 1.410074094241600129e-01 8.855417207201794483e-01 7.005731919467829139e-01 6.521148269285621524e-01 8.625246002941469037e-01 4.910729444266330734e-01 4.187441898936939966e-01 7.774481793399183882e-01 3.347835091995673418e-01 6.786076118438113536e-01 4.534927601709733969e-01 5.965608851789470091e-01 4.089399962194165683e-01 4.856399088937992103e-01 5.153507231673193356e-01 8.800000852259475259e-01 6.296738242077650760e-01 4.699367921627198852e-01 6.026619111820840091e-01 3.922278065901319000e-01 9.485783355554389118e-01 4.570577216440930846e-01 9.983835248214156799e-02 5.657583096714569049e-01
2.483544142495880402e-01 5.278420355557835730e-01 1.701957555855054816e-01 0.000000000000000000e+00 2.247986343215575555e-01 6.332894072470867108e-01 1.714902195229575099e-01 4.408661862430767187e-01 5.126223024106526527e-01 2.603013448734953772e-01 2.543147507436384069e-01 8.890229723930660466e-01 5.273760708771135786e-01 5.830221632401212384e-01 5.119504806155420473e-01 6.541089392064507457e-01 7.728159582549992690e-01 5.842777498875313391e-01 5.570183048827129779e-01 1.354606318306466051e-01 4.499444608087728170e-01 2.506690969273537850e-01 9.177421715861979745e-01 7.480186300605966565e-01 1.666964169823570430e-01 5.799026046043298521e-01 7.510790064989436576e-01 2.182559390641258257e-01 4.735071794311331295e-01 4.698075336793199885e-01 6.674338619973225750e-01 4.424406632643622661e-01 6.749027499710456013e-01 4.020732436138435562e-01 9.283195992483741499e-01
6.549431001270842323e-01 5.483222064640008719e-01 3.760364526764933268e-01 2.247986343215575555e-01 0.000000000000000000e+00 5.157520388479984730e-01 1.813924701694253905e-01 8.000464841689036710e-01 2.833516731450842485e-01 2.768769894199553105e-01 6.597330083446206750e-01 2.891182005652502829e-01 2.391654397172164881e-01 8.423987213470315316e-01 4.442716579666856624e-01 8.760579562851499302e-01 9.558623879674070789e-01 3.674594701524136475e-01 5.341327195618954526e-01 5.853785150450623309e-01 5.068032083917195507e-01 2.302027945926667929e-01 5.903056615039059540e-02 7.163521288185703551e-01 4.242230467109959213e-01 3.926638066394889659e-01 6.182237456415129451e-01 7.373987165985860237e-01 9.278374851754900288e-01 6.168174051050246964e-01 4.206965215020020965e-01 7.283195142248646281e-01 5.477500496289382514e-01 4.021254787233993211e-01 1.978028635557020354e-01
7.304307193068413362e-01 6.567416612713645740e-01 9.562955358224756175e-02 6.332894072470867108e-01 5.157520388479984730e-01 0.000000000000000000e+00 6.392211373498180027e-01 8.877859110743691051e-01 7.748706634282844785e-01 3.897098080962678179e-01 5.019360874762359703e-01 5.081376423699239808e-01 4.575495647331166982e-01 4.912477473383761173e-01 3.278484434391653046e-01 3.264054726228079462e-01 2.484841337203916867e-01 7.608916485680655706e-01 4.788956480834603568e-01 1.977628596528904215e-01 6.800528916507591060e-01 9.416464492473475278e-01 2.169530657696328024e-01 4.059772857164770099e-01 5.722307368598473776e-01 3.317509842149813371e-01 6.268504287934301145e-01 8.210911430087799445e-01 4.642968793606158662e-01 5.351707684232905882e-01 3.971798477250589876e-01 5.494408400333943288e-01 9.195525831820408058e-01 3.259458431368286169e-01 5.018575316534275021e-01
4.862279594447410092e-01 2.817831172916009930e-01 6.726729951266504637e-01 1.714902195229575099e-01 1.813924701694253905e-01 6.392211373498180027e-01 0.000000000000000000e+00 5.059464029294102883e-01 4.800212361702249075e-01 8.035147912459281727e-01 2.897653647547078215e-01 5.009101778491915624e-01 5.844132760784774838e-01 8.131749135587249544e-01 5.641790742120769142e-01 6.258367889153457764e-01 8.325249670100547394e-01 5.377251361961068454e-01 8.533442587559101344e-01 5.471169572427027061e-01 4.237593420386693843e-01 7.491966094511648411e-01 3.995620321937565222e-02 5.278673408384273458e-01 5.270684394632840775e-01 7.774392921692773184e-01 6.541863803882549400e-01 6.389551668276325369e-01 4.247571251833093253e-01 1.925144732784263013e-01 4.135380755873834246e-01 4.481191360296796211e-01 3.515099021111737221e-01 1.412600930222200901e-01 5.200128564564981959e-01
5.086982377511906073e-01 1.895148979997378635e-01 4.019434517832185527e-01 4.408661862430767187e-01 8.000464841689036710e-01 8.877859110743691051e-01 5.059464029294102883e-01 0.000000000000000000e+00 4.965857962443514517e-01 3.455434213652641695e-02 7.665334488131306800e-01 5.180259712307262454e-01 4.544487679162978466e-02 5.010353641006792813e-01 7.885152945048377049e-01 6.858997575132970148e-01 6.590279093796913568e-01 3.624177067489519066e-01 7.288321357341528417e-01 1.759119635381510838e-01 5.786686191187505601e-01 3.628290164747121627e-01 6.835905394651127231e-01 9.741267136252069747e-01 4.810328022984568519e-01 4.943063630626299831e-01 6.610095844520975650e-01 2.638697047502504001e-01 4.523372132057947304e-01 3.724646163354570771e-01 3.992119667829892582e-01 3.407964491874564406e-01 3.753173102434893549e-01 7.195002093765814344e-01 6.357670554568649601e-01
8.431099520424467642e-02 4.525987978264747191e-01 3.885059354734263781e-01 5.126223024106526527e-01 2.833516731450842485e-01 7.748706634282844785e-01 4.800212361702249075e-01 4.965857962443514517e-01 0.000000000000000000e+00 7.475316062945709383e-01 6.532911746676925979e-01 7.251586006938941509e-01 5.385862197740569624e-01 3.449879329044108767e-01 1.578933390492288646e-01 2.983739439946236915e-01 4.234231650063826624e-01 5.851225212765979178e-01 5.987700106057121108e-01 5.403401434001475767e-01 8.040256133319674259e-01 7.001267916065490038e-02 5.156596158353385917e-01 3.203104974212941936e-01 5.158847691865385832e-01 3.493109888134237062e-01 2.800875017549049328e-01 5.741162541565050237e-01 4.821407458705715410e-01 7.676315561442996760e-01 8.637718470343664912e-01 1.077761696109774681e-01 7.805681840597766818e-02 5.036789494384843469e-01 4.713807604969578180e-01
3.630752189917084705e-01 5.612607944742225019e-01 3.798409350165599108e-01 2.603013448734953772e-01 2.768769894199553105e-01 3.897098080962678179e-01 8.035147912459281727e-01 3.455434213652641695e-02 7.475316062945709383e-01 0.000000000000000000e+00 5.521066335678384007e-01 2.469914357768989710e-01 7.574770002760708998e-01 7.381057260452081881e-01 2.976301998049938335e-01 6.371661830217535405e-01 5.332370099893223303e-01 8.034809772320359311e-01 3.861676080229013985e-01 6.858700370908943356e-02 6.043662781180911825e-01 5.859553496951090956e-01 6.000851446201131978e-01 2.851613851325274229e-01 8.769075405662825062e-01 2.892473273312570203e-01 4.051409073405984884e-01 6.939509182905472251e-01 7.632726686383988213e-01 3.967394453942189037e-01 1.337839260179278789e-01 2.174939351023484901e-01 4.692819644790621747e-01 5.784325806227808009e-02 3.444658289237597648e-01
4.954768831727283107e-01 5.805415994677958214e-01 2.881470600227324930e-01 2.543147507436384069e-01 6.597330083446206750e-01 5.019360874762359703e-01 2.897653647547078215e-01 7.665334488131306800e-01 6.532911746676925979e-01 5.521066335678384007e-01 0.000000000000000000e+00 7.394980562654525080e-01 2.520126437991760948e-01 6.777587118757337770e-01 5.931223736703030713e-01 6.842821414068930297e-01 4.219358232839262035e-01 5.869199313859343459e-01 4.699736159031994154e-01 1.865241843325780025e-01 4.392725923504448016e-02 2.367424948044109523e-01 2.915986159522806487e-01 5.499150770436389557e-02 4.257983319422700696e-01 6.879624514029250015e-01 8.796872496128250729e-01 3.624818388555587911e-01 4.680901419176349276e-01 5.931662057132187638e-01 3.730138323330895456e-01 3.814010561365221985e-02 4.926931829998333345e-01 8.182194333712636825e-01 3.870948778297232939e-01
7.773328542911643879e-01 3.029450188992101056e-01 1.410074094241600129e-01 8.890229723930660466e-01 2.891182005652502829e-01 5.081376423699239808e-01 5.009101778491915624e-01 5.180259712307262454e-01 7.251586006938941509e-01 2.469914357768989710e-01 7.394980562654525080e-01 0.000000000000000000e+00 2.408869548045001752e-01 4.654440831009554191e-01 2.335843494075969806e-01 3.722332089990627590e-01 3.548915248601040573e-01 4.402788392146622098e-01 3.347867846683690307e-01 5.463105578679932073e-01 7.141633509381857259e-01 2.202964513011123060e-01 4.754469644882245438e-01 7.781286364837229907e-01 7.978717967550206236e-01 1.176584724513892732e-01 9.430625725082304456e-01 6.592289697205948595e-01 3.109770674693305148e-01 8.472651965699005139e-01 5.878971410687885424e-01 7.703238759919104339e-01 2.829699803239343892e-01 2.709516324984563296e-01 5.694490291190060782e-01
3.592631660283417405e-01 3.198911390906073460e-01 8.855417207201794483e-01 5.273760708771135786e-01 2.391654397172164881e-01 4.575495647331166982e-01 5.844132760784774838e-01 4.544487679162978466e-02 5.385862197740569624e-01 7.574770002760708998e-01 2.520126437991760948e-01 2.408869548045001752e-01 0.000000000000000000e+00 9.199110622460089370e-01 6.026710315715926303e-01 8.630876588564050378e-01 4.273095975074209241e-01 6.387604389874035338e-01 2.769432023933096620e-01 3.582237580872781324e-01 5.029213213360520518e-01 6.935014974573396884e-01 1.009832813664062190e-01 6.028805019346392680e-01 5.917404400424125521e-01 6.292248183647033422e-01 5.601251462279643878e-01 5.359362736404468253e-01 3.268248521621610614e-01 6.016828101184348299e-01 7.347497859071652204e-01 4.610581468127219473e-01 4.928295203843316430e-01 9.488574210140703347e-01 7.295881120228437933e-01
7.627902987536300250e-01 7.851830255476111020e-01 7.005731919467829139e-01 5.830221632401212384e-01 8.423987213470315316e-01 4.912477473383761173e-01 8.131749135587249544e-01 5.010353641006792813e-01 3.449879329044108767e-01 7.381057260452081881e-01 6.777587118757337770e-01 4.654440831009554191e-01 9.199110622460089370e-01 0.000000000000000000e+00 5.063050661365264826e-01 1.953562336373567132e-01 5.826393401259523097e-01 9.067729067427915401e-01 2.848540654417288653e-01 3.896291592308135376e-01 8.157405696940809303e-01 7.746316748297552568e-01 2.585912142371748490e-01 5.375900542235370061e-01 5.814555409952659737e-01 6.438305544984288531e-01 5.217190143965553251e-01 4.277645244286783499e-01 2.647664164074226001e-01 5.478654960071922542e-01 7.693145437653418073e-01 3.953705543874752593e-02 8.018833164380940737e-01 3.271066323325766412e-01 5.567320391544546831e-01
6.636555939502971624e-01 2.754844863939570621e-01 6.521148269285621524e-01 5.119504806155420473e-01 4.442716579666856624e-01 3.278484434391653046e-01 5.641790742120769142e-01 7.885152945048377049e-01 1.578933390492288646e-01 2.976301998049938335e-01 5.931223736703030713e-01 2.335843494075969806e-01 6.026710315715926303e-01 5.063050661365264826e-01 0.000000000000000000e+00 5.645326494673453821e-01 7.379769639878004384e-01 3.381784862404025316e-01 3.778591533850529371e-01 5.525762445209781992e-01 3.979273462317315935e-01 2.705954797405811796e-01 6.747939851526065791e-01 3.485165752112376891e-01 6.664712789651071612e-01 6.853880396299177891e-01 7.889234919780309108e-01 2.011105982362048072e-01 8.005905307665652781e-01 5.481324527470324837e-01 8.151523692399580412e-01 1.235694430301477187e-01 7.273102343350192900e-01 2.762521149481552141e-01 6.162316960630429552e-01
2.005793580119074049e-01 6.890025308003532301e-01 8.625246002941469037e-01 6.541089392064507457e-01 8.760579562851499302e-01 3.264054726228079462e-01 6.258367889153457764e-01 6.858997575132970148e-01 2.983739439946236915e-01 6.371661830217535405e-01 6.842821414068930297e-01 3.722332089990627590e-01 8.630876588564050378e-01 1.953562336373567132e-01 5.645326494673453821e-01 0.000000000000000000e+00 8.124563154603087201e-01 3.823589369982550168e-01 2.529796409150717462e-01 8.059985894408792095e-01 3.133250935236403523e-01 6.327871218246908791e-01 8.973873548835126224e-01 4.766602552719255148e-01 4.998083416575665461e-01 6.416173930088026056e-01 4.012183499809688358e-01 4.542002542553915667e-01 3.946609503179941969e-01 6.595391934022701852e-01 7.029707499085314781e-01 4.055803701249208193e-01 6.304648616470938105e-01 8.975818718353137937e-01 1.691641988248925310e-01
4.934695254881664161e-01 5.442296116327143274e-01 4.910729444266330734e-01 7.728159582549992690e-01 9.558623879674070789e-01 2.484841337203916867e-01 8.325249670100547394e-01 6.590279093796913568e-01 4.234231650063826624e-01 5.332370099893223303e-01 4.219358232839262035e-01 3.548915248601040573e-01 4.273095975074209241e-01 5.826393401259523097e-01 7.379769639878004384e-01 8.124563154603087201e-01 0.000000000000000000e+00 2.521720488731165055e-01 3.502619272240348192e-01 1.289329980493890693e-01 5.361215382852961842e-01 1.544170684415225869e-01 8.025406573394396892e-01 4.434354102565977174e-01 4.977929843718520986e-01 3.817259572716690252e-01 6.693963372039083426e-01 2.709820543180530006e-02 6.250189519692157525e-01 2.019998684271657741e-01 3.841789006924479777e-01 8.287474573863000682e-01 5.831803376859708843e-01 8.611976360328730262e-01 2.820715110851539364e-01
5.733288932186306752e-01 4.123587385484794865e-01 4.187441898936939966e-01 5.842777498875313391e-01 3.674594701524136475e-01 7.608916485680655706e-01 5.377251361961068454e-01 3.624177067489519066e-01 5.851225212765979178e-01 8.034809772320359311e-01 5.869199313859343459e-01 4.402788392146622098e-01 6.387604389874035338e-01 9.067729067427915401e-01 3.381784862404025316e-01 3.823589369982550168e-01 2.521720488731165055e-01 0.000000000000000000e+00 7.789930406960667852e-01 6.575107041040850753e-01 4.461491145863996088e-01 5.884463493981677562e-01 6.295538625538900090e-01 3.269028587969264321e-01 7.637666888818968047e-01 6.229317719317567503e-01 4.364898895872200701e-01 6.376751820741213272e-01 4.883937932921749159e-01 5.933811733662796017e-01 4.590976468533868871e-01 1.911345928980427988e-01 9.099992343084972735e-01 4.157906882363348045e-01 7.737315248959450997e-01
2.662262135750581571e-01 8.519825820681794504e-01 7.774481793399183882e-01 5.570183048827129779e-01 5.341327195618954526e-01 4.788956480834603568e-01 8.533442587559101344e-01 7.288321357341528417e-01 5.987700106057121108e-01 3.861676080229013985e-01 4.699736159031994154e-01 3.347867846683690307e-01 2.769432023933096620e-01 2.848540654417288653e-01 3.778591533850529371e-01 2.529796409150717462e-01 3.502619272240348192e-01 7.789930406960667852e-01 0.000000000000000000e+00 7.399865262543092737e-01 4.027149202413352613e-01 4.596120263315606191e-01 5.558154812544895407e-01 5.655015786116369680e-01 7.448996936530327684e-01 5.476475788665033928e-01 2.424207057133777043e-01 3.271548271886588477e-01 5.728725330639232727e-01 6.397001098729244717e-01 3.448525587661370739e-01 7.415605505609362824e-01 6.928935364699375654e-01 2.123388742675231811e-01 4.914405137320429495e-01
5.157811127145943697e-01 9.126015749741318572e-01 3.347835091995673418e-01 1.354606318306466051e-01 5.853785150450623309e-01 1.977628596528904215e-01 5.471169572427027061e-01 1.759119635381510838e-01 5.403401434001475767e-01 6.858700370908943356e-02 1.865241843325780025e-01 5.463105578679932073e-01 3.582237580872781324e-01 3.896291592308135376e-01 5.525762445209781992e-01 8.059985894408792095e-01 1.289329980493890693e-01 6.575107041040850753e-01 7.399865262543092737e-01 0.000000000000000000e+00 6.610142958632577725e-01 5.483075502026570902e-01 5.304713235946261207e-01 7.387112236711075308e-01 1.435678888340726211e-01 7.332888608474228409e-01 7.699562128169417097e-01 5.832357728550922049e-01 5.040369094770270619e-01 7.339595500303011111e-01 3.656243711417279108e-01 5.225213694863237723e-01 3.806825585599198369e-01 8.474998205296033760e-01 6.896531735777461369e-01
7.033427502309507195e-01 6.911170367220385025e-01 6.786076118438113536e-01 4.499444608087728170e-01 5.068032083917195507e-01 6.800528916507591060e-01 4.237593420386693843e-01 5.786686191187505601e-01 8.040256133319674259e-01 6.043662781180911825e-01 4.392725923504448016e-02 7.141633509381857259e-01 5.029213213360520518e-01 8.157405696940809303e-01 3.979273462317315935e-01 3.133250935236403523e-01 5.361215382852961842e-01 4.461491145863996088e-01 4.027149202413352613e-01 6.610142958632577725e-01 0.000000000000000000e+00 4.946240602748417370e-01 2.464520936799328155e-01 2.570267060667982273e-01 5.825361607287062871e-01 7.725145386682520376e-01 7.078849472086902184e-01 5.122226081462151193e-01 5.447100549042976914e-01 4.128994527520414848e-01 2.646907328078523802e-01 8.999928135114085848e-01 7.244781021418118527e-01 7.342170231910918332e-01 6.063797596416429236e-01
2.874650116551174528e-01 4.396862199412487904e-01 4.534927601709733969e-01 2.506690969273537850e-01 2.302027945926667929e-01 9.416464492473475278e-01 7.491966094511648411e-01 3.628290164747121627e-01 7.001267916065490038e-02 5.859553496951090956e-01 2.367424948044109523e-01 2.202964513011123060e-01 6.935014974573396884e-01 7.746316748297552568e-01 2.705954797405811796e-01 6.327871218246908791e-01 1.544170684415225869e-01 5.884463493981677562e-01 4.596120263315606191e-01 5.483075502026570902e-01 4.946240602748417370e-01 0.000000000000000000e+00 6.882607279599799455e-01 2.773115365910745478e-01 5.123896404794562320e-01 7.971607228040689108e-01 3.784178845261332302e-01 4.694445366852273427e-02 9.495463978065579180e-01 5.501864077038025602e-01 8.752781247752738913e-01 4.509104030618320547e-01 7.583515131509696028e-01 4.508380115704708757e-01 3.644308343013049067e-01
5.034024011888535988e-01 4.110188463536019743e-01 5.965608851789470091e-01 9.177421715861979745e-01 5.903056615039059540e-02 2.169530657696328024e-01 3.995620321937565222e-02 6.835905394651127231e-01 5.156596158353385917e-01 6.000851446201131978e-01 2.915986159522806487e-01 4.754469644882245438e-01 1.009832813664062190e-01 2.585912142371748490e-01 6.747939851526065791e-01 8.973873548835126224e-01 8.025406573394396892e-01 6.295538625538900090e-01 5.558154812544895407e-01 5.304713235946261207e-01 2.464520936799328155e-01 6.882607279599799455e-01 0.000000000000000000e+00 4.875545554411597760e-01 3.467587384370103276e-01 7.157691565685355695e-01 4.737400106859600557e-01 4.035492560468548762e-01 3.622289048700429448e-01 9.208698325305579857e-01 6.933728480274465866e-01 3.167240375120354834e-01 3.085162358535033511e-01 5.683381172044352780e-01 4.531267634230911612e-01
9.169197894310405772e-01 4.424405163087142268e-01 4.089399962194165683e-01 7.480186300605966565e-01 7.163521288185703551e-01 4.059772857164770099e-01 5.278673408384273458e-01 9.741267136252069747e-01 3.203104974212941936e-01 2.851613851325274229e-01 5.499150770436389557e-02 7.781286364837229907e-01 6.028805019346392680e-01 5.375900542235370061e-01 3.485165752112376891e-01 4.766602552719255148e-01 4.434354102565977174e-01 3.269028587969264321e-01 5.655015786116369680e-01 7.387112236711075308e-01 2.570267060667982273e-01 2.773115365910745478e-01 4.875545554411597760e-01 0.000000000000000000e+00 7.627298026920523721e-01 4.290313948131855293e-01 6.851729992041477590e-01 4.415049653203265700e-01 3.936021800016036298e-01 9.250697553140510010e-01 9.145114891967747184e-01 4.869281804842296446e-01 6.756915661032498743e-01 7.960548514783711838e-01 4.897154559261825968e-01
4.165955190501181016e-01 6.468379067306859742e-01 4.856399088937992103e-01 1.666964169823570430e-01 4.242230467109959213e-01 5.722307368598473776e-01 5.270684394632840775e-01 4.810328022984568519e-01 5.158847691865385832e-01 8.769075405662825062e-01 4.257983319422700696e-01 7.978717967550206236e-01 5.917404400424125521e-01 5.814555409952659737e-01 6.664712789651071612e-01 4.998083416575665461e-01 4.977929843718520986e-01 7.637666888818968047e-01 7.448996936530327684e-01 1.435678888340726211e-01 5.825361607287062871e-01 5.123896404794562320e-01 3.467587384370103276e-01 7.627298026920523721e-01 0.000000000000000000e+00 8.499657024448881160e-01 5.406889883518268825e-01 8.554436014587554205e-01 4.266170480183795743e-01 3.277125355458289646e-01 4.244122794733684034e-01 5.021396170772183254e-01 5.124265024099420307e-01 5.108258968049688153e-01 6.170654025315127633e-01
7.759575746702040977e-02 3.338886314713032655e-01 5.153507231673193356e-01 5.799026046043298521e-01 3.926638066394889659e-01 3.317509842149813371e-01 7.774392921692773184e-01 4.943063630626299831e-01 3.493109888134237062e-01 2.892473273312570203e-01 6.879624514029250015e-01 1.176584724513892732e-01 6.292248183647033422e-01 6.438305544984288531e-01 6.853880396299177891e-01 6.416173930088026056e-01 3.817259572716690252e-01 6.229317719317567503e-01 5.476475788665033928e-01 7.332888608474228409e-01 7.725145386682520376e-01 7.971607228040689108e-01 7.157691565685355695e-01 4.290313948131855293e-01 8.499657024448881160e-01 0.000000000000000000e+00 4.492344370046463808e-01 3.464161242527802331e-01 6.767306642775668957e-01 5.304517036943662278e-01 8.081265138653401792e-01 1.620082098245645419e-01 7.974503650468176552e-01 4.404120072206714753e-01 5.327405435670488076e-01
2.979536129647910592e-01 6.175208136670333747e-01 8.800000852259475259e-01 7.510790064989436576e-01 6.182237456415129451e-01 6.268504287934301145e-01 6.541863803882549400e-01 6.610095844520975650e-01 2.800875017549049328e-01 4.051409073405984884e-01 8.796872496128250729e-01 9.430625725082304456e-01 5.601251462279643878e-01 5.217190143965553251e-01 7.889234919780309108e-01 4.012183499809688358e-01 6.693963372039083426e-01 4.364898895872200701e-01 2.424207057133777043e-01 7.699562128169417097e-01 7.078849472086902184e-01 3.784178845261332302e-01 4.737400106859600557e-01 6.851729992041477590e-01 5.406889883518268825e-01 4.492344370046463808e-01 0.000000000000000000e+00 7.169370856260244285e-01 8.745936117907140428e-01 8.306121628658302836e-01 4.828354697278982588e-01 7.732011995889809253e-01 7.995768909583580442e-01 6.117626268147331459e-01 9.124897770413389342e-01
5.380445933234456746e-01 8.959671151651207310e-01 6.296738242077650760e-01 2.182559390641258257e-01 7.373987165985860237e-01 8.210911430087799445e-01 6.389551668276325369e-01 2.638697047502504001e-01 5.741162541565050237e-01 6.939509182905472251e-01 3.624818388555587911e-01 6.592289697205948595e-01 5.359362736404468253e-01 4.277645244286783499e-01 2.011105982362048072e-01 4.542002542553915667e-01 2.709820543180530006e-02 6.376751820741213272e-01 3.271548271886588477e-01 5.832357728550922049e-01 5.122226081462151193e-01 4.694445366852273427e-02 4.035492560468548762e-01 4.415049653203265700e-01 8.554436014587554205e-01 3.464161242527802331e-01 7.169370856260244285e-01 0.000000000000000000e+00 7.937350520043648938e-01 3.276612226501506298e-01 4.359155921648876220e-01 7.862429318196482164e-01 5.161888360113394691e-01 4.983659998204851282e-01 4.405999603649880525e-01
5.631605083243028664e-01 5.235466985270458284e-01 4.699367921627198852e-01 4.735071794311331295e-01 9.278374851754900288e-01 4.642968793606158662e-01 4.247571251833093253e-01 4.523372132057947304e-01 4.821407458705715410e-01 7.632726686383988213e-01 4.680901419176349276e-01 3.109770674693305148e-01 3.268248521621610614e-01 2.647664164074226001e-01 8.005905307665652781e-01 3.946609503179941969e-01 6.250189519692157525e-01 4.883937932921749159e-01 5.728725330639232727e-01 5.040369094770270619e-01 5.447100549042976914e-01 9.495463978065579180e-01 3.622289048700429448e-01 3.936021800016036298e-01 4.266170480183795743e-01 6.767306642775668957e-01 8.745936117907140428e-01 7.937350520043648938e-01 0.000000000000000000e+00 7.728936074946466395e-01 5.287492544833991559e-01 4.207716339355161428e-01 4.277648940208415573e-01 4.974420148161724509e-01 5.427699978741017395e-01
6.604896272760873988e-01 5.511074667752579037e-01 6.026619111820840091e-01 4.698075336793199885e-01 6.168174051050246964e-01 5.351707684232905882e-01 1.925144732784263013e-01 3.724646163354570771e-01 7.676315561442996760e-01 3.967394453942189037e-01 5.931662057132187638e-01 8.472651965699005139e-01 6.016828101184348299e-01 5.478654960071922542e-01 5.481324527470324837e-01 6.595391934022701852e-01 2.019998684271657741e-01 5.933811733662796017e-01 6.397001098729244717e-01 7.339595500303011111e-01 4.128994527520414848e-01 5.501864077038025602e-01 9.208698325305579857e-01 9.250697553140510010e-01 3.277125355458289646e-01 5.304517036943662278e-01 8.306121628658302836e-01 3.276612226501506298e-01 7.728936074946466395e-01 0.000000000000000000e+00 6.172486643026828812e-01 3.278470332763819828e-01 9.506400902477907255e-02 9.422499946654809833e-01 6.239475955347471015e-01
8.731819935838962543e-01 9.867304206282803136e-01 3.922278065901319000e-01 6.674338619973225750e-01 4.206965215020020965e-01 3.971798477250589876e-01 4.135380755873834246e-01 3.992119667829892582e-01 8.637718470343664912e-01 1.337839260179278789e-01 3.730138323330895456e-01 5.878971410687885424e-01 7.347497859071652204e-01 7.693145437653418073e-01 8.151523692399580412e-01 7.029707499085314781e-01 3.841789006924479777e-01 4.590976468533868871e-01 3.448525587661370739e-01 3.656243711417279108e-01 2.646907328078523802e-01 8.752781247752738913e-01 6.933728480274465866e-01 9.145114891967747184e-01 4.244122794733684034e-01 8.081265138653401792e-01 4.828354697278982588e-01 4.359155921648876220e-01 5.287492544833991559e-01 6.172486643026828812e-01 0.000000000000000000e+00 8.157123898973758225e-01 8.501872071958180843e-01 4.068627692284855768e-01 4.916353674540017149e-01
6.198474714279497144e-01 3.872138003664225003e-01 9.485783355554389118e-01 4.424406632643622661e-01 7.283195142248646281e-01 5.494408400333943288e-01 4.481191360296796211e-01 3.407964491874564406e-01 1.077761696109774681e-01 2.174939351023484901e-01 3.814010561365221985e-02 7.703238759919104339e-01 4.610581468127219473e-01 3.953705543874752593e-02 1.235694430301477187e-01 4.055803701249208193e-01 8.287474573863000682e-01 1.911345928980427988e-01 7.415605505609362824e-01 5.225213694863237723e-01 8.999928135114085848e-01 4.509104030618320547e-01 3.167240375120354834e-01 4.869281804842296446e-01 5.021396170772183254e-01 1.620082098245645419e-01 7.732011995889809253e-01 7.862429318196482164e-01 4.207716339355161428e-01 3.278470332763819828e-01 8.157123898973758225e-01 0.000000000000000000e+00 2.971493912932965387e-01 6.440382218432555428e-01 7.463214083323079784e-01
6.723278692901372144e-01 7.721364735694344894e-01 4.570577216440930846e-01 6.749027499710456013e-01 5.477500496289382514e-01 9.195525831820408058e-01 3.515099021111737221e-01 3.753173102434893549e-01 7.805681840597766818e-02 4.692819644790621747e-01 4.926931829998333345e-01 2.829699803239343892e-01 4.928295203843316430e-01 8.018833164380940737e-01 7.273102343350192900e-01 6.304648616470938105e-01 5.831803376859708843e-01 9.099992343084972735e-01 6.928935364699375654e-01 3.806825585599198369e-01 7.244781021418118527e-01 7.583515131509696028e-01 3.085162358535033511e-01 6.756915661032498743e-01 5.124265024099420307e-01 7.974503650468176552e-01 7.995768909583580442e-01 5.161888360113394691e-01 4.277648940208415573e-01 9.506400902477907255e-02 8.501872071958180843e-01 2.971493912932965387e-01 0.000000000000000000e+00 9.530918543977644486e-01 2.459940051759264001e-01
2.087511929940297217e-01 6.522904076331321743e-01 9.983835248214156799e-02 4.020732436138435562e-01 4.021254787233993211e-01 3.259458431368286169e-01 1.412600930222200901e-01 7.195002093765814344e-01 5.036789494384843469e-01 5.784325806227808009e-02 8.182194333712636825e-01 2.709516324984563296e-01 9.488574210140703347e-01 3.271066323325766412e-01 2.762521149481552141e-01 8.975818718353137937e-01 8.611976360328730262e-01 4.157906882363348045e-01 2.123388742675231811e-01 8.474998205296033760e-01 7.342170231910918332e-01 4.508380115704708757e-01 5.683381172044352780e-01 7.960548514783711838e-01 5.108258968049688153e-01 4.404120072206714753e-01 6.117626268147331459e-01 4.983659998204851282e-01 4.974420148161724509e-01 9.422499946654809833e-01 4.068627692284855768e-01 6.440382218432555428e-01 9.530918543977644486e-01 0.000000000000000000e+00 6.596720265763276192e-01
4.780380167342150877e-01 8.046306790990387370e-01 5.657583096714569049e-01 9.283195992483741499e-01 1.978028635557020354e-01 5.018575316534275021e-01 5.200128564564981959e-01 6.357670554568649601e-01 4.713807604969578180e-01 3.444658289237597648e-01 3.870948778297232939e-01 5.694490291190060782e-01 7.295881120228437933e-01 5.567320391544546831e-01 6.162316960630429552e-01 1.691641988248925310e-01 2.820715110851539364e-01 7.737315248959450997e-01 4.914405137320429495e-01 6.896531735777461369e-01 6.063797596416429236e-01 3.644308343013049067e-01 4.531267634230911612e-01 4.897154559261825968e-01 6.170654025315127633e-01 5.327405435670488076e-01 9.124897770413389342e-01 4.405999603649880525e-01 5.427699978741017395e-01 6.239475955347471015e-01 4.916353674540017149e-01 7.463214083323079784e-01 2.459940051759264001e-01 6.596720265763276192e-01 0.000000000000000000e+00
