0.000000000000000000e+00 8.742684366748043612e-02 3.880898858772978688e-01 4.620139832446001349e-01 7.834834698432597833e-01 8.467443826276697116e-01 1.627615672396971469e-01 4.559702809288582182e-01 4.652637639925177870e-01 7.472941656520306619e-01 5.488866093623494535e-01 8.623800524384921395e-01 4.122994506537888126e-01 1.887634532120920916e-01 4.136061900949981052e-01 4.845303523720210781e-01 7.867973929993232751e-01 6.798497776702966400e-01 5.493906011725969707e-01 7.304118708281153172e-01 7.683906389639871826e-01 4.798503507675496715e-01 5.731689358520801747e-01 5.322193970932271867e-01 5.637504126094787793e-01 7.222032848449323472e-01 8.005773245339866673e-01 4.160949878237849564e-01 6.413599287653517500e-01 8.723932909971332528e-01 6.767009079434368468e-01 3.609790954521474582e-01 7.065864839638726913e-01 7.177411910682852669e-01 8.861869724308570895e-01
8.742684366748043612e-02 0.000000000000000000e+00 7.412474060439888657e-01 4.820497258999274504e-01 3.323374331980951668e-01 7.149889872336601115e-02 5.271018079441301962e-01 1.804501117384576525e-01 5.704196774773238054e-01 4.447057725855346755e-01 8.687424988329507380e-01 5.475898591789183367e-01 2.787341044679686464e-01 6.428859462416511850e-01 7.749941068907235664e-01 4.713366896025986685e-01 4.204682139946148700e-01 7.654396947272064100e-01 4.710356143871106127e-01 6.753435281766038134e-01 4.510172617652848381e-01 6.385275601294353454e-01 4.626330135957205103e-01 4.768706322511970797e-01 2.047320000800545436e-01 6.038953939083706590e-01 4.969243717520161474e-01 4.030006752829984329e-01 3.912071995318178730e-01 4.440946976149643954e-01 4.017155066156652410e-01 3.875087891417408059e-01 9.331975477694589571e-01 4.342687699979662086e-01 5.977761884069113796e-01
3.880898858772978688e-01 7.412474060439888657e-01 0.000000000000000000e+00 9.937722238029940147e-01 8.985910584693623804e-01 3.857306532171210778e-01 8.059488427841415836e-01 6.708035714957856221e-01 4.271163938157765960e-01 3.139825066148140831e-01 8.880468382541371053e-01 7.854070343109839092e-01 6.066969987819148535e-01 3.707944793347881518e-01 7.759597241792234312e-01 3.050515087181469576e-01 6.569837233729015624e-01 9.703267848616874414e-01 5.597849989974745810e-01 8.243380190129790952e-01 5.005345443736686217e-01 3.406599547375408488e-01 8.061339198028506514e-01 4.694858182211365527e-01 4.327111230793273533e-01 3.584666171469894635e-01 4.858868668790993217e-01 5.216003363297965212e-01 5.567712735903700416e-01 3.767221294498394601e-01 7.719473821202800234e-01 7.367086102958941840e-02 3.265265220737807450e-01 7.544591432842979728e-01 6.932620696701571328e-01
4.620139832446001349e-01 4.820497258999274504e-01 9.937722238029940147e-01 0.000000000000000000e+00 7.499116215176970801e-01 6.284246715353124513e-01 7.165385227177908378e-01 6.085382895426311167e-01 8.989701810133809978e-01 3.965214868119593117e-01 7.811528686246631548e-01 3.849622007370421817e-01 5.873435943708917861e-01 5.929890401302887470e-01 2.964850124485887140e-01 3.565812317208958415e-01 6.578848389739746505e-01 7.057619285859726421e-01 7.821098157166845866e-01 4.336746647065972127e-01 1.437610966452866901e-01 7.256910445489368477e-01 8.546547333438850869e-01 7.831350020950531565e-01 3.868768202992245442e-01 8.584959307207138401e-01 5.555052142838460272e-01 8.433325997202514301e-01 4.279548903141193184e-01 7.769799471329166263e-01 2.527930226652446155e-01 4.414757521857852751e-01 3.539343932720916408e-01 4.582972500173093655e-01 8.605971674988152076e-01
7.834834698432597833e-01 3.323374331980951668e-01 8.985910584693623804e-01 7.499116215176970801e-01 0.000000000000000000e+00 8.597404557650831780e-01 8.340960000025752219e-01 4.851978994083358532e-01 8.734438738378453859e-01 2.805852817653666231e-01 6.404839768795836941e-01 4.422581966763941552e-01 8.477434141494627484e-01 9.140800488344790198e-01 7.924552580979686844e-01 5.868396152555678258e-01 6.332426494967933195e-01 8.089659682842401667e-01 3.594078000733442746e-01 4.636328754679166497e-01 1.178618210998768623e-01 7.702558794193731240e-01 7.736602471972781059e-01 6.696845277365064408e-01 6.123987657288483266e-01 4.431019989574796480e-01 7.061017694202846862e-01 2.680480199350398496e-01 5.838412864565780680e-01 6.232889272848329831e-01 6.128660406174231134e-01 7.897943262955533505e-01 7.040242000460943395e-01 4.791145425189791140e-01 2.608412713175790043e-01
8.467443826276697116e-01 7.149889872336601115e-02 3.857306532171210778e-01 6.284246715353124513e-01 8.597404557650831780e-01 0.000000000000000000e+00 4.715269124026340575e-01 6.598851188922512101e-01 9.248227100332184758e-01 8.901510593484807110e-02 2.412297890146443691e-01 6.748715807792784460e-01 7.527145506835037914e-01 8.548618134984964367e-01 3.295897900269392222e-01 7.736788590686609624e-01 3.931996502901665691e-01 7.156460595735538721e-01 6.874635792030607817e-01 4.712582948943673800e-01 3.467418708785430237e-01 8.841487218901326051e-01 3.898385164930202595e-01 5.469320419702456970e-01 7.385472025881034686e-01 5.821408045516069940e-01 3.638649460886912990e-01 8.183534302781199088e-01 6.476091538519117563e-01 8.471303043150721912e-01 6.917384612182171377e-01 5.153492923505399448e-01 4.014779019077678313e-01 1.585686564584710689e-01 5.560189471390031279e-01
1.627615672396971469e-01 5.271018079441301962e-01 8.059488427841415836e-01 7.165385227177908378e-01 8.340960000025752219e-01 4.715269124026340575e-01 0.000000000000000000e+00 5.915169961189372660e-01 6.278390719406502507e-01 7.460367162230451266e-01 2.939888692911160062e-01 4.070107413115088835e-01 7.307919044460926550e-01 1.846941456475580945e-01 4.633456743134405365e-01 5.103351284975721214e-01 7.100213004637490055e-01 4.598710255203754538e-01 7.927807959468721188e-01 6.055521274344919380e-01 7.727608038282691716e-01 8.407120793928732905e-01 8.337133213916168017e-01 7.831030832624348292e-01 2.979920967532840859e-01 6.157781019003517597e-01 1.788213919278493491e-01 7.507839843143682135e-01 7.125443571259952869e-01 6.839595229938062459e-01 6.947707218722682931e-01 4.353859617812120275e-01 6.096582320188266291e-01 5.075510470058741674e-01 6.536333460695631370e-01
4.559702809288582182e-01 1.804501117384576525e-01 6.708035714957856221e-01 6.085382895426311167e-01 4.851978994083358532e-01 6.598851188922512101e-01 5.915169961189372660e-01 0.000000000000000000e+00 8.448611375419732283e-01 2.957030813026896299e-01 5.133435892784024013e-01 8.540331990252372218e-01 4.765590476894551175e-01 8.444356307335429968e-01 3.500378431528606282e-01 2.884746855749634187e-01 5.528390603194297537e-01 7.360547783276593092e-01 6.952178010699259225e-01 6.819319859664959571e-01 9.141422189174622792e-01 1.611884090557391680e-01 9.007311921048304360e-01 5.234848902041153718e-01 5.147833026024191128e-01 7.409616035099642062e-02 5.039692110624736099e-01 6.642138623316444779e-01 4.482701414533695750e-01 6.512184841582356887e-01 1.585288417402788141e-01 8.082769887556344734e-01 4.077422040111824963e-01 7.587818413976610277e-01 5.481498143052412342e-01
4.652637639925177870e-01 5.704196774773238054e-01 4.271163938157765960e-01 8.989701810133809978e-01 8.734438738378453859e-01 9.248227100332184758e-01 6.278390719406502507e-01 8.448611375419732283e-01 0.000000000000000000e+00 4.626271430705186649e-02 7.440138630041974732e-01 8.153957063799988081e-02 1.772288154915317437e-01 9.777482579910574678e-01 6.109412541041590039e-01 2.528066965133347610e-01 5.010152270121239759e-01 3.682892690425565441e-01 6.152115439943546260e-01 4.205352892485872962e-01 3.959435649953224612e-02 6.362659885012589278e-01 5.905809873317131586e-01 6.126634441115945684e-01 2.151276103445464161e-01 4.868493140254591678e-01 7.644036783261283219e-01 6.579530085869711442e-01 5.200071523574996135e-01 8.453597607510663359e-01 2.940255346742202125e-01 7.167582399529506265e-01 1.600216395467026764e-01 8.940147167122608485e-02 4.508224628124557487e-01
7.472941656520306619e-01 4.447057725855346755e-01 3.139825066148140831e-01 3.965214868119593117e-01 2.805852817653666231e-01 8.901510593484807110e-02 7.460367162230451266e-01 2.957030813026896299e-01 4.626271430705186649e-02 0.000000000000000000e+00 7.845220559166381502e-01 6.868133376740228613e-01 6.363134007081003851e-01 4.664079494649416291e-01 5.189882623754821234e-01 6.731840613825145203e-01 5.462630195336215522e-02 4.859014910553896005e-01 5.168353385665368505e-01 5.948171497591603352e-01 2.962242775178116627e-01 4.988777069874146819e-01 9.441736755454998020e-01 4.014631091901333382e-01 7.679896444081906193e-01 9.343637876850992008e-01 3.129930209969385979e-01 1.053075197794595130e-01 1.571465484074470176e-01 4.092317346087422925e-01 2.038225409804884647e-01 5.589682067039514202e-01 3.432173179779842154e-01 3.895726231722926869e-01 9.247785313404602858e-01
5.488866093623494535e-01 8.687424988329507380e-01 8.880468382541371053e-01 7.811528686246631548e-01 6.404839768795836941e-01 2.412297890146443691e-01 2.939888692911160062e-01 5.133435892784024013e-01 7.440138630041974732e-01 7.845220559166381502e-01 0.000000000000000000e+00 4.296010043338342466e-01 5.104481206045061725e-01 6.024950748513969723e-01 7.696407559878299942e-01 1.925830033182259760e-01 1.988195723583109364e-01 7.514783825060991074e-01 6.786868426312048230e-01 3.025886035567075805e-01 3.811357060111574269e-01 2.511374573712951142e-01 4.540098401741122780e-01 5.861336069148639361e-01 8.080539568886717650e-01 4.893898114101662977e-01 8.286262469716740853e-01 6.662878675777168525e-01 4.438887938230724473e-01 1.977225059871017265e-01 8.505714191134119417e-01 7.430259406258286070e-01 4.817265048332605160e-01 7.902078566664301196e-01 3.010495292407781021e-01
8.623800524384921395e-01 5.475898591789183367e-01 7.854070343109839092e-01 3.849622007370421817e-01 4.422581966763941552e-01 6.748715807792784460e-01 4.070107413115088835e-01 8.540331990252372218e-01 8.153957063799988081e-02 6.868133376740228613e-01 4.296010043338342466e-01 0.000000000000000000e+00 2.674456956155225607e-01 3.982283379372534293e-01 6.742110775708667347e-01 9.094804132005689379e-01 8.414399872750710774e-01 6.289931326273324741e-01 9.335605579057103531e-01 4.168861076254820608e-01 5.300051762942830091e-01 7.060810374846085979e-01 4.458442921242040669e-01 4.071112893928370835e-01 6.190592383973281265e-01 7.060466463564198936e-01 8.147773492180054866e-01 5.815150175812220379e-01 2.511756331392425157e-01 6.000433643630530556e-01 5.516827561462376295e-01 7.926004131035799816e-01 7.239501629510067815e-01 9.355791554463234183e-01 4.148829568704159865e-01
4.122994506537888126e-01 2.787341044679686464e-01 6.066969987819148535e-01 5.873435943708917861e-01 8.477434141494627484e-01 7.527145506835037914e-01 7.307919044460926550e-01 4.765590476894551175e-01 1.772288154915317437e-01 6.363134007081003851e-01 5.104481206045061725e-01 2.674456956155225607e-01 0.000000000000000000e+00 5.639105867946935247e-01 5.018733909527953729e-01 5.553385008834791359e-01 8.066156478035143573e-01 1.409687666670141892e-01 3.706044050632771314e-01 8.253824233222051276e-01 6.617799837491165071e-01 4.466069437338707759e-01 2.737753679246652805e-01 7.181459773190450591e-01 3.730881531588097766e-01 3.749665940428116295e-01 6.220831905888082325e-01 6.608055032348384428e-01 7.399582649460193506e-01 7.647000178014004002e-01 5.376527083745565871e-01 7.100103255322024465e-01 4.753923959461990312e-01 4.867359076291574160e-01 9.531463134678741511e-01
1.887634532120920916e-01 6.428859462416511850e-01 3.707944793347881518e-01 5.929890401302887470e-01 9.140800488344790198e-01 8.548618134984964367e-01 1.846941456475580945e-01 8.444356307335429968e-01 9.777482579910574678e-01 4.664079494649416291e-01 6.024950748513969723e-01 3.982283379372534293e-01 5.639105867946935247e-01 0.000000000000000000e+00 3.791834988183375721e-01 8.462118774664560972e-01 7.955066963788365308e-01 4.329098992537539492e-01 7.461845837332896636e-01 7.285110631555971050e-01 4.850160298016374938e-01 1.387014339480538982e-01 4.562127449913001564e-01 2.589342512963073162e-01 3.947795338287780620e-01 7.366401079942981323e-01 4.702914115606853795e-01 2.264788955848937579e-01 5.269296537485486098e-01 1.933102934403040929e-01 4.546317949529506963e-01 5.177313708869840658e-01 7.988673545380363672e-01 9.510804174003273381e-01 9.630002865146014557e-02
4.136061900949981052e-01 7.749941068907235664e-01 7.759597241792234312e-01 2.964850124485887140e-01 7.924552580979686844e-01 3.295897900269392222e-01 4.633456743134405365e-01 3.500378431528606282e-01 6.109412541041590039e-01 5.189882623754821234e-01 7.696407559878299942e-01 6.742110775708667347e-01 5.018733909527953729e-01 3.791834988183375721e-01 0.000000000000000000e+00 8.102452796078591923e-01 7.714360786182232754e-01 6.883339525606706477e-01 8.197709424075345641e-01 7.378534973483233950e-01 6.472843200666369423e-01 8.519209892168495557e-01 6.470245259086342404e-01 8.332393290538704367e-01 6.606843647424842647e-01 3.343022969281579937e-01 7.904284714653577737e-01 5.926775820725197486e-01 3.364791537894759599e-01 5.550032488123930463e-01 1.918138626703304039e-01 5.635587079333387317e-01 8.914285697198509606e-01 5.584039294079526927e-01 2.271883630277242716e-01
4.845303523720210781e-01 4.713366896025986685e-01 3.050515087181469576e-01 3.565812317208958415e-01 5.868396152555678258e-01 7.736788590686609624e-01 5.103351284975721214e-01 2.884746855749634187e-01 2.528066965133347610e-01 6.731840613825145203e-01 1.925830033182259760e-01 9.094804132005689379e-01 5.553385008834791359e-01 8.462118774664560972e-01 8.102452796078591923e-01 0.000000000000000000e+00 6.506299281771721343e-01 3.960734405973477257e-01 5.301813544300868486e-01 5.410234931319064522e-01 9.120191956008065759e-01 3.289504481528988666e-01 4.823924465825824015e-02 4.914931511416032461e-01 8.073647730336852568e-02 9.466132682373723517e-01 4.865306863464177733e-01 4.000659518609706033e-01 1.830563116543367785e-01 7.640867127987858165e-01 4.431213564463071797e-01 6.876839146931431612e-01 8.048687218788017628e-01 6.158592982489443646e-01 5.740690508876107323e-01
7.867973929993232751e-01 4.204682139946148700e-01 6.569837233729015624e-01 6.578848389739746505e-01 6.332426494967933195e-01 3.931996502901665691e-01 7.100213004637490055e-01 5.528390603194297537e-01 5.010152270121239759e-01 5.462630195336215522e-02 1.988195723583109364e-01 8.414399872750710774e-01 8.066156478035143573e-01 7.955066963788365308e-01 7.714360786182232754e-01 6.506299281771721343e-01 0.000000000000000000e+00 1.656894337300061082e-01 2.340231651712416927e-01 4.701319871344849521e-01 3.686357153706730783e-01 7.235968248848885231e-01 4.684269201515454673e-01 2.931376362152809389e-01 5.789577058279923305e-01 5.252274301536343781e-01 7.543095740052581100e-01 6.993032557708779295e-01 5.162409905849882907e-01 7.623095970385088682e-01 7.292457961543692413e-01 4.950586190692909394e-01 9.216471243007939851e-02 7.037300642478301338e-01 7.934435928391962989e-01
6.798497776702966400e-01 7.654396947272064100e-01 9.703267848616874414e-01 7.057619285859726421e-01 8.089659682842401667e-01 7.156460595735538721e-01 4.598710255203754538e-01 7.360547783276593092e-01 3.682892690425565441e-01 4.859014910553896005e-01 7.514783825060991074e-01 6.289931326273324741e-01 1.409687666670141892e-01 4.329098992537539492e-01 6.883339525606706477e-01 3.960734405973477257e-01 1.656894337300061082e-01 0.000000000000000000e+00 5.190468414350555282e-01 4.441655395383846128e-01 7.965353904068329660e-01 1.363720496963738427e-02 6.366532259047157360e-01 3.056970835689092891e-01 5.591393949023377719e-01 4.360486782755261248e-01 7.540480310546175957e-01 7.821325690899346705e-01 4.869730853146688188e-01 8.540983367769654500e-01 3.044201099917737130e-01 5.321550446557572478e-01 2.651392403066020198e-01 5.422216782370041788e-01 6.883846134644008297e-01
5.493906011725969707e-01 4.710356143871106127e-01 5.597849989974745810e-01 7.821098157166845866e-01 3.594078000733442746e-01 6.874635792030607817e-01 7.927807959468721188e-01 6.952178010699259225e-01 6.152115439943546260e-01 5.168353385665368505e-01 6.786868426312048230e-01 9.335605579057103531e-01 3.706044050632771314e-01 7.461845837332896636e-01 8.197709424075345641e-01 5.301813544300868486e-01 2.340231651712416927e-01 5.190468414350555282e-01 0.000000000000000000e+00 7.013046821807784603e-01 4.557634055063016221e-01 2.989643827690781630e-01 4.708843027202047615e-01 1.465130019390347149e-01 4.747129743872781638e-01 5.189936716456282628e-01 7.878957962990262853e-01 2.085600775244078608e-01 8.566572803440688499e-01 8.571259828813604376e-01 7.793152003246082149e-01 6.386274472361044285e-01 9.011963049770128631e-01 8.605624690333423255e-01 5.913587176706395221e-01
7.304118708281153172e-01 6.753435281766038134e-01 8.243380190129790952e-01 4.336746647065972127e-01 4.636328754679166497e-01 4.712582948943673800e-01 6.055521274344919380e-01 6.819319859664959571e-01 4.205352892485872962e-01 5.948171497591603352e-01 3.025886035567075805e-01 4.168861076254820608e-01 8.253824233222051276e-01 7.285110631555971050e-01 7.378534973483233950e-01 5.410234931319064522e-01 4.701319871344849521e-01 4.441655395383846128e-01 7.013046821807784603e-01 0.000000000000000000e+00 5.826115830137705842e-01 9.110519618920751572e-01 5.322260801569245192e-02 9.542060765543262102e-01 5.430811325942397350e-01 5.072300988282822942e-01 8.815423482221513840e-01 3.350502722457626703e-01 4.853145055799848451e-01 6.834841672984310890e-01 6.354445300117919082e-01 5.899583041370587422e-01 4.637297930715003624e-01 8.100089454467662708e-01 5.786295016055909013e-02
7.683906389639871826e-01 4.510172617652848381e-01 5.005345443736686217e-01 1.437610966452866901e-01 1.178618210998768623e-01 3.467418708785430237e-01 7.727608038282691716e-01 9.141422189174622792e-01 3.959435649953224612e-02 2.962242775178116627e-01 3.811357060111574269e-01 5.300051762942830091e-01 6.617799837491165071e-01 4.850160298016374938e-01 6.472843200666369423e-01 9.120191956008065759e-01 3.686357153706730783e-01 7.965353904068329660e-01 4.557634055063016221e-01 5.826115830137705842e-01 0.000000000000000000e+00 4.052413476255434244e-01 4.947651996277133701e-01 2.195723108070484209e-01 6.252568530283070247e-01 8.749934330708946106e-01 3.306571898716954561e-01 7.639209901172147044e-01 8.906296700481137751e-01 4.517619041352483600e-01 7.159284819608222605e-01 8.069660592410847766e-01 4.728349273108114481e-01 8.161736593774947535e-01 6.252238379361191312e-01
4.798503507675496715e-01 6.385275601294353454e-01 3.406599547375408488e-01 7.256910445489368477e-01 7.702558794193731240e-01 8.841487218901326051e-01 8.407120793928732905e-01 1.611884090557391680e-01 6.362659885012589278e-01 4.988777069874146819e-01 2.511374573712951142e-01 7.060810374846085979e-01 4.466069437338707759e-01 1.387014339480538982e-01 8.519209892168495557e-01 3.289504481528988666e-01 7.235968248848885231e-01 1.363720496963738427e-02 2.989643827690781630e-01 9.110519618920751572e-01 4.052413476255434244e-01 0.000000000000000000e+00 5.186641451139252235e-01 8.391365305543883046e-01 7.306533807518662549e-01 6.109665860571626972e-01 6.416775169018328340e-01 6.396366706047771356e-01 4.829950519025470457e-01 4.857806957745269272e-01 4.750182012600802639e-01 3.370123778335805675e-01 4.223825258699596685e-01 6.328342557697147486e-01 8.976379062573294210e-01
5.731689358520801747e-01 4.626330135957205103e-01 8.061339198028506514e-01 8.546547333438850869e-01 7.736602471972781059e-01 3.898385164930202595e-01 8.337133213916168017e-01 9.007311921048304360e-01 5.905809873317131586e-01 9.441736755454998020e-01 4.540098401741122780e-01 4.458442921242040669e-01 2.737753679246652805e-01 4.562127449913001564e-01 6.470245259086342404e-01 4.823924465825824015e-02 4.684269201515454673e-01 6.366532259047157360e-01 4.708843027202047615e-01 5.322260801569245192e-02 4.947651996277133701e-01 5.186641451139252235e-01 0.000000000000000000e+00 8.594932629380453992e-01 6.411973726261895878e-01 2.171435640400130040e-01 7.730085020747995417e-01 6.089431350496699036e-01 4.284039105404868208e-01 2.170457094105909812e-01 8.798234135238247600e-02 7.224660005527699935e-01 7.249358467475527368e-01 3.996562689565366644e-01 4.328303089996173303e-01
5.322193970932271867e-01 4.768706322511970797e-01 4.694858182211365527e-01 7.831350020950531565e-01 6.696845277365064408e-01 5.469320419702456970e-01 7.831030832624348292e-01 5.234848902041153718e-01 6.126634441115945684e-01 4.014631091901333382e-01 5.861336069148639361e-01 4.071112893928370835e-01 7.181459773190450591e-01 2.589342512963073162e-01 8.332393290538704367e-01 4.914931511416032461e-01 2.931376362152809389e-01 3.056970835689092891e-01 1.465130019390347149e-01 9.542060765543262102e-01 2.195723108070484209e-01 8.391365305543883046e-01 8.594932629380453992e-01 0.000000000000000000e+00 6.084805645353734693e-01 7.164261589434974820e-01 6.270677209721052803e-01 8.717913388119130635e-01 2.775869001450965712e-01 8.259630767578244326e-01 8.282960947780831917e-01 6.292000814901378414e-01 2.282647100664086937e-01 5.472659245304744013e-01 6.918762558616231573e-01
5.637504126094787793e-01 2.047320000800545436e-01 4.327111230793273533e-01 3.868768202992245442e-01 6.123987657288483266e-01 7.385472025881034686e-01 2.979920967532840859e-01 5.147833026024191128e-01 2.151276103445464161e-01 7.679896444081906193e-01 8.080539568886717650e-01 6.190592383973281265e-01 3.730881531588097766e-01 3.947795338287780620e-01 6.606843647424842647e-01 8.073647730336852568e-02 5.789577058279923305e-01 5.591393949023377719e-01 4.747129743872781638e-01 5.430811325942397350e-01 6.252568530283070247e-01 7.306533807518662549e-01 6.411973726261895878e-01 6.084805645353734693e-01 0.000000000000000000e+00 9.274160107279689758e-01 3.505934636539569382e-01 3.330294082607811457e-01 4.753356099874249119e-01 3.130602212960333919e-01 4.632956361614158913e-01 4.638586130334472202e-01 5.448952751079561008e-01 3.222244330536416235e-01 4.240131417296293392e-01
7.222032848449323472e-01 6.038953939083706590e-01 3.584666171469894635e-01 8.584959307207138401e-01 4.431019989574796480e-01 5.821408045516069940e-01 6.157781019003517597e-01 7.409616035099642062e-02 4.868493140254591678e-01 9.343637876850992008e-01 4.893898114101662977e-01 7.060466463564198936e-01 3.749665940428116295e-01 7.366401079942981323e-01 3.343022969281579937e-01 9.466132682373723517e-01 5.252274301536343781e-01 4.360486782755261248e-01 5.189936716456282628e-01 5.072300988282822942e-01 8.749934330708946106e-01 6.109665860571626972e-01 2.171435640400130040e-01 7.164261589434974820e-01 9.274160107279689758e-01 0.000000000000000000e+00 5.632601327576172157e-01 6.250364509736809904e-01 3.761393112912888581e-01 8.535091177134563889e-01 5.776398383990709595e-01 3.082090358399050545e-01 9.329865979040397050e-02 4.812363119732385175e-01 5.340008710367896150e-01
8.005773245339866673e-01 4.969243717520161474e-01 4.858868668790993217e-01 5.555052142838460272e-01 7.061017694202846862e-01 3.638649460886912990e-01 1.788213919278493491e-01 5.039692110624736099e-01 7.644036783261283219e-01 3.129930209969385979e-01 8.286262469716740853e-01 8.147773492180054866e-01 6.220831905888082325e-01 4.702914115606853795e-01 7.904284714653577737e-01 4.865306863464177733e-01 7.543095740052581100e-01 7.540480310546175957e-01 7.878957962990262853e-01 8.815423482221513840e-01 3.306571898716954561e-01 6.416775169018328340e-01 7.730085020747995417e-01 6.270677209721052803e-01 3.505934636539569382e-01 5.632601327576172157e-01 0.000000000000000000e+00 6.765532895562658133e-01 3.819176821213966511e-01 3.804766713300772318e-01 4.628738266624071729e-01 4.497500724534611027e-01 4.722697394030698215e-01 5.016351941069627784e-01 7.021559465905893305e-01
4.160949878237849564e-01 4.030006752829984329e-01 5.216003363297965212e-01 8.433325997202514301e-01 2.680480199350398496e-01 8.183534302781199088e-01 7.507839843143682135e-01 6.642138623316444779e-01 6.579530085869711442e-01 1.053075197794595130e-01 6.662878675777168525e-01 5.815150175812220379e-01 6.608055032348384428e-01 2.264788955848937579e-01 5.926775820725197486e-01 4.000659518609706033e-01 6.993032557708779295e-01 7.821325690899346705e-01 2.085600775244078608e-01 3.350502722457626703e-01 7.639209901172147044e-01 6.396366706047771356e-01 6.089431350496699036e-01 8.717913388119130635e-01 3.330294082607811457e-01 6.250364509736809904e-01 6.765532895562658133e-01 0.000000000000000000e+00 8.855921768049594966e-01 4.067399732800878742e-01 1.383221243136972811e-01 2.958432557653704609e-01 5.504483715927299681e-01 8.391813085048902554e-01 8.143964435574579941e-01
6.413599287653517500e-01 3.912071995318178730e-01 5.567712735903700416e-01 4.279548903141193184e-01 5.838412864565780680e-01 6.476091538519117563e-01 7.125443571259952869e-01 4.482701414533695750e-01 5.200071523574996135e-01 1.571465484074470176e-01 4.438887938230724473e-01 2.511756331392425157e-01 7.399582649460193506e-01 5.269296537485486098e-01 3.364791537894759599e-01 1.830563116543367785e-01 5.162409905849882907e-01 4.869730853146688188e-01 8.566572803440688499e-01 4.853145055799848451e-01 8.906296700481137751e-01 4.829950519025470457e-01 4.284039105404868208e-01 2.775869001450965712e-01 4.753356099874249119e-01 3.761393112912888581e-01 3.819176821213966511e-01 8.855921768049594966e-01 0.000000000000000000e+00 9.873171677312022609e-01 7.574493697183137808e-01 4.785656591651893388e-01 6.656536859306418918e-01 3.584839769292561540e-01 1.645777786434990397e-01
8.723932909971332528e-01 4.440946976149643954e-01 3.767221294498394601e-01 7.769799471329166263e-01 6.232889272848329831e-01 8.471303043150721912e-01 6.839595229938062459e-01 6.512184841582356887e-01 8.453597607510663359e-01 4.092317346087422925e-01 1.977225059871017265e-01 6.000433643630530556e-01 7.647000178014004002e-01 1.933102934403040929e-01 5.550032488123930463e-01 7.640867127987858165e-01 7.623095970385088682e-01 8.540983367769654500e-01 8.571259828813604376e-01 6.834841672984310890e-01 4.517619041352483600e-01 4.857806957745269272e-01 2.170457094105909812e-01 8.259630767578244326e-01 3.130602212960333919e-01 8.535091177134563889e-01 3.804766713300772318e-01 4.067399732800878742e-01 9.873171677312022609e-01 0.000000000000000000e+00 6.964201514059789044e-01 4.715556152578371241e-01 7.406639009080990821e-01 7.994642003598844138e-01 4.423977826475499753e-01
6.767009079434368468e-01 4.017155066156652410e-01 7.719473821202800234e-01 2.527930226652446155e-01 6.128660406174231134e-01 6.917384612182171377e-01 6.947707218722682931e-01 1.585288417402788141e-01 2.940255346742202125e-01 2.038225409804884647e-01 8.505714191134119417e-01 5.516827561462376295e-01 5.376527083745565871e-01 4.546317949529506963e-01 1.918138626703304039e-01 4.431213564463071797e-01 7.292457961543692413e-01 3.044201099917737130e-01 7.793152003246082149e-01 6.354445300117919082e-01 7.159284819608222605e-01 4.750182012600802639e-01 8.798234135238247600e-02 8.282960947780831917e-01 4.632956361614158913e-01 5.776398383990709595e-01 4.628738266624071729e-01 1.383221243136972811e-01 7.574493697183137808e-01 6.964201514059789044e-01 0.000000000000000000e+00 6.614774062877950556e-01 5.844470088812931952e-01 8.619552983896234810e-01 9.199528701377746032e-01
3.609790954521474582e-01 3.875087891417408059e-01 7.367086102958941840e-02 4.414757521857852751e-01 7.897943262955533505e-01 5.153492923505399448e-01 4.353859617812120275e-01 8.082769887556344734e-01 7.167582399529506265e-01 5.589682067039514202e-01 7.430259406258286070e-01 7.926004131035799816e-01 7.100103255322024465e-01 5.177313708869840658e-01 5.635587079333387317e-01 6.876839146931431612e-01 4.950586190692909394e-01 5.321550446557572478e-01 6.386274472361044285e-01 5.899583041370587422e-01 8.069660592410847766e-01 3.370123778335805675e-01 7.224660005527699935e-01 6.292000814901378414e-01 4.638586130334472202e-01 3.082090358399050545e-01 4.497500724534611027e-01 2.958432557653704609e-01 4.785656591651893388e-01 4.715556152578371241e-01 6.614774062877950556e-01 0.000000000000000000e+00 8.491138654800043373e-01 7.127467893800586429e-01 6.855655912613405345e-01
7.065864839638726913e-01 9.331975477694589571e-01 3.265265220737807450e-01 3.539343932720916408e-01 7.040242000460943395e-01 4.014779019077678313e-01 6.096582320188266291e-01 4.077422040111824963e-01 1.600216395467026764e-01 3.432173179779842154e-01 4.817265048332605160e-01 7.239501629510067815e-01 4.753923959461990312e-01 7.988673545380363672e-01 8.914285697198509606e-01 8.048687218788017628e-01 9.216471243007939851e-02 2.651392403066020198e-01 9.011963049770128631e-01 4.637297930715003624e-01 4.728349273108114481e-01 4.223825258699596685e-01 7.249358467475527368e-01 2.282647100664086937e-01 5.448952751079561008e-01 9.329865979040397050e-02 4.722697394030698215e-01 5.504483715927299681e-01 6.656536859306418918e-01 7.406639009080990821e-01 5.844470088812931952e-01 8.491138654800043373e-01 0.000000000000000000e+00 7.518492510945058438e-01 7.734587212281012203e-01
7.177411910682852669e-01 4.342687699979662086e-01 7.544591432842979728e-01 4.582972500173093655e-01 4.791145425189791140e-01 1.585686564584710689e-01 5.075510470058741674e-01 7.587818413976610277e-01 8.940147167122608485e-02 3.895726231722926869e-01 7.902078566664301196e-01 9.355791554463234183e-01 4.867359076291574160e-01 9.510804174003273381e-01 5.584039294079526927e-01 6.158592982489443646e-01 7.037300642478301338e-01 5.422216782370041788e-01 8.605624690333423255e-01 8.100089454467662708e-01 8.161736593774947535e-01 6.328342557697147486e-01 3.996562689565366644e-01 5.472659245304744013e-01 3.222244330536416235e-01 4.812363119732385175e-01 5.016351941069627784e-01 8.391813085048902554e-01 3.584839769292561540e-01 7.994642003598844138e-01 8.619552983896234810e-01 7.127467893800586429e-01 7.518492510945058438e-01 0.000000000000000000e+00 3.251341826578317828e-01
8.861869724308570895e-01 5.977761884069113796e-01 6.932620696701571328e-01 8.605971674988152076e-01 2.608412713175790043e-01 5.560189471390031279e-01 6.536333460695631370e-01 5.481498143052412342e-01 4.508224628124557487e-01 9.247785313404602858e-01 3.010495292407781021e-01 4.148829568704159865e-01 9.531463134678741511e-01 9.630002865146014557e-02 2.271883630277242716e-01 5.740690508876107323e-01 7.934435928391962989e-01 6.883846134644008297e-01 5.913587176706395221e-01 5.786295016055909013e-02 6.252238379361191312e-01 8.976379062573294210e-01 4.328303089996173303e-01 6.918762558616231573e-01 4.240131417296293392e-01 5.340008710367896150e-01 7.021559465905893305e-01 8.143964435574579941e-01 1.645777786434990397e-01 4.423977826475499753e-01 9.199528701377746032e-01 6.855655912613405345e-01 7.734587212281012203e-01 3.251341826578317828e-01 0.000000000000000000e+00
