0.000000000000000000e+00 6.849581110007747498e-01 3.687584050100298771e-01 5.255568573945166300e-01 5.302105392084786040e-01 4.996510489712038261e-01 7.068627423693396583e-01 2.759330396952550668e-01 6.388990593561768572e-01 7.616756170294116668e-01 5.102515174293049682e-01 1.498879644450205051e-01 5.834234408589764609e-01 2.978074479233394634e-01 2.368248120940916746e-01 5.273841472573557176e-01 6.579925606638228341e-01 8.356419157812744469e-02 1.686195358986904980e-01 4.732308318282056336e-01 7.747992844903541787e-01 3.862720971229971489e-03 7.137740180480964813e-01 5.325227904548797131e-01 4.659844352954207736e-01 3.365211330998154615e-01 6.178126868827701346e-01 2.033005352357486473e-01 8.588782256006902704e-01 7.286586816505924435e-01 3.342208294834840832e-01 5.485894986671505658e-01 8.241715781028258192e-02 4.253235205664394614e-01 3.870573849767023344e-01
6.849581110007747498e-01 0.000000000000000000e+00 5.702110927088086534e-01 6.650048875989105213e-01 1.141953078507884634e-01 4.727001427489548879e-01 6.860542840816197252e-01 4.881929618532991344e-01 3.305400920202065662e-01 6.259987228835488526e-01 3.792516843896909240e-02 5.006726337584354036e-01 5.616442387203111064e-01 1.736218409571676502e-01 5.492612851898641679e-01 6.164361148119799072e-01 6.143368718740667145e-01 5.826365870730783048e-01 5.880584741750947142e-01 8.031070907030120054e-01 2.606507570900314930e-01 4.424019498297301900e-01 4.080159443974086253e-01 5.669676530140133064e-01 5.550354221394742105e-01 4.455887016558444103e-01 3.814990609352462148e-01 6.355665893141347889e-01 7.502628009163883060e-01 3.379282079714927001e-01 5.920929527811810145e-01 8.209079553194318368e-01 5.519743473143805534e-01 8.811676302379432002e-01 4.735460829249745762e-01
3.687584050100298771e-01 5.702110927088086534e-01 0.000000000000000000e+00 5.805503437764663044e-01 5.625050689680270999e-01 4.230669287936739131e-01 3.099665459874647588e-01 8.250704002911930512e-01 3.392675524994092640e-01 7.148359937566473032e-01 2.716854807720148202e-01 7.588614284835935031e-01 2.258752727014720074e-01 9.841345034674319203e-01 3.847600193531504620e-01 5.666084871754000218e-01 7.178934419120596155e-01 4.728056222155486155e-01 6.555123452632660719e-02 4.031357369103746313e-01 5.635716111984314658e-01 7.821521764517305186e-01 3.653934289936058288e-01 8.833319697563719597e-01 4.081470183574891775e-01 3.229567600455330867e-01 7.521501508084816878e-01 9.299670032184226276e-01 5.325339326766728165e-01 1.278218898449530183e-01 1.459316593065997925e-01 2.494774118295215171e-01 4.407833500123539139e-01 7.222468869157643301e-01 8.407475519602241043e-01
5.255568573945166300e-01 6.650048875989105213e-01 5.805503437764663044e-01 0.000000000000000000e+00 5.786569539818824381e-01 7.949615366003460748e-01 5.637357519976590181e-01 6.216570313227913758e-01 9.047721066489736730e-01 1.103653088688514305e-01 7.768286444486347531e-01 4.667961615786093144e-01 5.280078296179160358e-01 9.446554984674391253e-01 3.982312949914071920e-01 4.947218450525280309e-01 6.233355060195487907e-01 1.118346206520939301e-01 3.829032426750139662e-01 3.884033692011079064e-01 8.311748511477302648e-01 4.476729460305303165e-01 3.617394260321861177e-01 5.286270435417730340e-01 1.851846560437044875e-01 7.071201123827789425e-01 3.705587328857258833e-01 6.780512734266179731e-01 5.076498596207614789e-01 4.349758834745928171e-01 7.959383869146545720e-01 3.809239073233944839e-01 6.060382195732288979e-01 5.420360488072015759e-01 4.953935869157831684e-01
5.302105392084786040e-01 1.141953078507884634e-01 5.625050689680270999e-01 5.786569539818824381e-01 0.000000000000000000e+00 1.447497888052434178e-01 4.983930685435995489e-01 5.629526072186874508e-01 8.526927463522633310e-01 7.089756714619918077e-01 6.201990723592540888e-01 5.424971852034654596e-02 1.296547810637824760e-01 1.227710385458055109e-01 2.010875428114356489e-01 2.501716145347569475e-01 5.459844195711625048e-01 7.487511325392682826e-01 7.477297996084402154e-01 4.654412807963766996e-01 1.465519359537641453e-01 4.985053477806251077e-01 5.815274126651004405e-01 3.948317696265435384e-02 9.663776580627523316e-01 4.940649306913578176e-01 4.356714663792380371e-01 5.141783441877292304e-01 7.771704186701851036e-01 4.993155441273479100e-01 7.840608493244467514e-01 5.023516289113811872e-01 8.557430756431331220e-01 4.918986463404663168e-01 8.135834050465216016e-01
4.996510489712038261e-01 4.727001427489548879e-01 4.230669287936739131e-01 7.949615366003460748e-01 1.447497888052434178e-01 0.000000000000000000e+00 4.758553901698924227e-01 1.550040572491837576e-01 7.543241086480590996e-01 5.640285029247997794e-01 2.634585170451699820e-01 9.078291777470826052e-01 2.968634652010773145e-01 4.471701410989828984e-01 4.488098564728783546e-01 1.636270218607760452e-02 3.416007173238364558e-01 4.278751734161322928e-01 5.077262439012513173e-01 1.454192654376414984e-01 3.924859279219384822e-01 4.032961229903107570e-01 3.904303899268185551e-01 7.958644329839841269e-01 3.313331659610689872e-01 4.644054336936459526e-01 4.220784827139496542e-01 8.778808121172942958e-01 5.338844943253031605e-01 2.114489544981045521e-01 7.550851780399054913e-01 7.317208028186092950e-01 5.524150550160218387e-01 7.586111338341142707e-01 5.514270493986426214e-01
7.068627423693396583e-01 6.860542840816197252e-01 3.099665459874647588e-01 5.637357519976590181e-01 4.983930685435995489e-01 4.758553901698924227e-01 0.000000000000000000e+00 3.984259996692617323e-01 7.716173941129560454e-01 5.762051156519940598e-01 8.045724999364032293e-01 8.288874922173864457e-01 5.133819711936269403e-01 8.604261953127623208e-01 6.676162191839547511e-01 2.965577556768159706e-01 5.568700991477211204e-01 8.010979522104854089e-01 7.120031568404593392e-01 9.344485461018759986e-01 1.142339264309452096e-01 5.698513593960351509e-01 4.188463381129131635e-01 7.020094764032145385e-01 8.832262260756063021e-01 5.568593634250372792e-01 4.919083661679015118e-01 5.163757249456705223e-01 7.033329947842977825e-01 5.159887720357093643e-01 8.153955917288262523e-01 4.438214351472820063e-01 5.366469799526681905e-01 3.716922722986611416e-01 6.162189715933901191e-01
2.759330396952550668e-01 4.881929618532991344e-01 8.250704002911930512e-01 6.216570313227913758e-01 5.629526072186874508e-01 1.550040572491837576e-01 3.984259996692617323e-01 0.000000000000000000e+00 1.877266823832727249e-01 8.900372328045604853e-01 5.104508271474370584e-01 3.869038541262612152e-01 1.737362510455431330e-01 5.538810705592490669e-01 3.262873344133697673e-01 6.875477425117623165e-01 5.188538681630254779e-01 1.761351655325541499e-01 2.854792143383890757e-01 4.260644989850428388e-01 1.257852792809749376e-01 6.171119953122472523e-01 4.203656152357032605e-01 7.462622988596822049e-01 1.412685961488501785e-01 9.201510295401289508e-01 3.650972904132296359e-01 8.299944141791688601e-01 4.251712600944493881e-01 7.316284971603603804e-01 7.143327540790626040e-01 6.045287310338266495e-01 1.535995755718637668e-01 2.329401273863447308e-01 2.911900900272348380e-01
6.388990593561768572e-01 3.305400920202065662e-01 3.392675524994092640e-01 9.047721066489736730e-01 8.526927463522633310e-01 7.543241086480590996e-01 7.716173941129560454e-01 1.877266823832727249e-01 0.000000000000000000e+00 6.150676591785025904e-01 2.475997585011550650e-01 6.386235611390796985e-01 4.022938773844860760e-01 3.730856128882956702e-01 9.154349842625097988e-01 9.614887398262548235e-01 9.477270935874465563e-01 2.451162198601319897e-02 7.576072718236710468e-01 1.450700964014721706e-01 8.357785628652516507e-01 2.558534328705205363e-01 8.718645117605994255e-01 2.770969928198336873e-01 7.309051313388020832e-01 5.136147651331661734e-01 4.939437087757062583e-01 9.732788820882302128e-01 9.004483631087898399e-01 4.538680254209561116e-01 7.916555176266439897e-01 7.008619468226763294e-01 3.769653412636552181e-01 2.289808689250494300e-02 4.662620355185219667e-01
7.616756170294116668e-01 6.259987228835488526e-01 7.148359937566473032e-01 1.103653088688514305e-01 7.089756714619918077e-01 5.640285029247997794e-01 5.762051156519940598e-01 8.900372328045604853e-01 6.150676591785025904e-01 0.000000000000000000e+00 8.955354553190065792e-01 7.339289089488176820e-01 8.509459851501431915e-01 4.329091668017069905e-01 5.461927423423265093e-01 5.819442437872653917e-01 1.095390177205131099e-01 3.042919665915302385e-01 6.696467094046619772e-01 3.199604463894525908e-01 7.652119696102361868e-01 4.427188341380587921e-01 6.821090874684540006e-01 5.324308753883857381e-01 3.694466483745283414e-01 1.319247877904419219e-01 5.725023276257674709e-01 5.320167830454356483e-01 4.742290030764436115e-01 3.451343945097059551e-01 8.701258316550013472e-01 7.816032654068614249e-01 4.302249416181880837e-01 3.377931143477729270e-01 6.344464228467816547e-02
5.102515174293049682e-01 3.792516843896909240e-02 2.716854807720148202e-01 7.768286444486347531e-01 6.201990723592540888e-01 2.634585170451699820e-01 8.045724999364032293e-01 5.104508271474370584e-01 2.475997585011550650e-01 8.955354553190065792e-01 0.000000000000000000e+00 7.087108276620195380e-01 3.000153372503246985e-01 6.692921014378112599e-01 6.464375631524642563e-01 4.585526523614478211e-01 5.006159254241497880e-01 6.590898128910915865e-01 7.604635293186626788e-01 3.851391040402489252e-01 6.286274258016262273e-01 6.626707914818164014e-02 6.132719076878442310e-01 9.619237828587676731e-01 2.931359079159964187e-01 3.552226518380924292e-01 4.935687602341405356e-01 8.049452806328577514e-01 5.068306894102856397e-01 4.618530254368969357e-01 2.886995990721346605e-01 4.826275516343123129e-01 7.857053672478062634e-01 1.583396950357243149e-01 8.115258418657753658e-01
1.498879644450205051e-01 5.006726337584354036e-01 7.588614284835935031e-01 4.667961615786093144e-01 5.424971852034654596e-02 9.078291777470826052e-01 8.288874922173864457e-01 3.869038541262612152e-01 6.386235611390796985e-01 7.339289089488176820e-01 7.087108276620195380e-01 0.000000000000000000e+00 8.458675891620577314e-01 8.622385775815976094e-01 4.129674745345660591e-01 5.698462271386488531e-01 5.289542045425547068e-01 5.423455455691967853e-01 6.198175417520950248e-01 6.290255342175458120e-01 5.020329608780966790e-01 1.256903841348711026e-01 7.753932010128581354e-01 4.498877330870927338e-01 4.762328489423074407e-01 7.287759766211147072e-01 5.202032392304958286e-01 5.095846146103049090e-01 5.066723028183697242e-01 5.028824920075820604e-01 5.421052016481028302e-01 5.607712178644447265e-01 1.781936645811824649e-01 5.392726530759237580e-01 3.895162379809205544e-01
5.834234408589764609e-01 5.616442387203111064e-01 2.258752727014720074e-01 5.280078296179160358e-01 1.296547810637824760e-01 2.968634652010773145e-01 5.133819711936269403e-01 1.737362510455431330e-01 4.022938773844860760e-01 8.509459851501431915e-01 3.000153372503246985e-01 8.458675891620577314e-01 0.000000000000000000e+00 4.620870713870948721e-01 6.771143488185475956e-01 8.443414483155733397e-01 8.264884894688340200e-02 8.287349394217696785e-01 7.122849430886590838e-01 4.944957966580164066e-01 5.282180471485434792e-01 5.195610988218757331e-01 7.772649865892697907e-01 5.429281325322959928e-01 8.865531811040909815e-01 5.660822447224289622e-01 3.842667857696861478e-01 4.454026445296297987e-01 2.537215943711761401e-01 5.892373671105568533e-01 6.388542210333506555e-01 4.753408816752294763e-01 4.248699359690430999e-01 4.934043939829214076e-01 6.266384908632787187e-01
2.978074479233394634e-01 1.736218409571676502e-01 9.841345034674319203e-01 9.446554984674391253e-01 1.227710385458055109e-01 4.471701410989828984e-01 8.604261953127623208e-01 5.538810705592490669e-01 3.730856128882956702e-01 4.329091668017069905e-01 6.692921014378112599e-01 8.622385775815976094e-01 4.620870713870948721e-01 0.000000000000000000e+00 5.041081286405095785e-01 3.529873746331557705e-01 7.042497613702477510e-01 7.030494745805963008e-01 5.640171512798171083e-01 4.201667151039277237e-01 3.059962293346241147e-01 8.440116474798785573e-01 6.144901320161153535e-01 8.076394046103043678e-01 3.128337221881900554e-01 8.778323105198759801e-01 8.122186921144025629e-01 4.463953949002834598e-01 8.848949508039068990e-01 3.158265437152688593e-01 6.282315464347509870e-01 5.402343386095345146e-01 5.080622044052829356e-01 7.643516272079666773e-01 5.898132144161316592e-01
2.368248120940916746e-01 5.492612851898641679e-01 3.847600193531504620e-01 3.982312949914071920e-01 2.010875428114356489e-01 4.488098564728783546e-01 6.676162191839547511e-01 3.262873344133697673e-01 9.154349842625097988e-01 5.461927423423265093e-01 6.464375631524642563e-01 4.129674745345660591e-01 6.771143488185475956e-01 5.041081286405095785e-01 0.000000000000000000e+00 4.935381255901203357e-01 5.804036927578963834e-01 1.268753138483267318e-01 6.822705480857997884e-01 8.475275738642304990e-01 5.804944849339865875e-01 5.865756276978288941e-01 1.047254819927692648e-01 2.300785216091824625e-01 6.299258125181961265e-01 9.075381290848130167e-01 9.169164247511940591e-01 6.320697307771501183e-01 4.629575145871279718e-01 3.746488583738063483e-01 7.443785024136541084e-01 3.774852371001276019e-01 2.900847162589367256e-01 2.729239630276858453e-01 7.386281464223021231e-01
5.273841472573557176e-01 6.164361148119799072e-01 5.666084871754000218e-01 4.947218450525280309e-01 2.501716145347569475e-01 1.636270218607760452e-02 2.965577556768159706e-01 6.875477425117623165e-01 9.614887398262548235e-01 5.819442437872653917e-01 4.585526523614478211e-01 5.698462271386488531e-01 8.443414483155733397e-01 3.529873746331557705e-01 4.935381255901203357e-01 0.000000000000000000e+00 2.905981181830236126e-01 5.605589626730168584e-01 8.579637510020021729e-02 8.115022067116414162e-01 5.932679667520041056e-01 4.034485525792491645e-01 5.768984736673717917e-01 4.777682675996072770e-01 3.765380589025992819e-01 7.726916962232666108e-01 7.358545538134975139e-01 3.844856732140037314e-01 6.389976406295403422e-01 6.753324884964155839e-01 7.542006272627955754e-01 4.547591070063911056e-01 3.591005787875186650e-01 1.224397003875634660e-01 8.702814670066956193e-01
6.579925606638228341e-01 6.143368718740667145e-01 7.178934419120596155e-01 6.233355060195487907e-01 5.459844195711625048e-01 3.416007173238364558e-01 5.568700991477211204e-01 5.188538681630254779e-01 9.477270935874465563e-01 1.095390177205131099e-01 5.006159254241497880e-01 5.289542045425547068e-01 8.264884894688340200e-02 7.042497613702477510e-01 5.804036927578963834e-01 2.905981181830236126e-01 0.000000000000000000e+00 6.353977486973760858e-01 4.212960190602236255e-01 7.387347965590796983e-01 4.042387479392559047e-01 7.609413920118284214e-01 6.194602112308194020e-01 5.802747096718523512e-01 1.137897981585693774e-01 6.255637362160328951e-01 5.109403145882311925e-01 9.135979111662426710e-01 8.490038283295615607e-01 3.706356612348929991e-01 7.749756544094990041e-01 6.231986400995028763e-01 3.188919586246202753e-01 6.279388551005721242e-01 5.951770554677775493e-01
8.356419157812744469e-02 5.826365870730783048e-01 4.728056222155486155e-01 1.118346206520939301e-01 7.487511325392682826e-01 4.278751734161322928e-01 8.010979522104854089e-01 1.761351655325541499e-01 2.451162198601319897e-02 3.042919665915302385e-01 6.590898128910915865e-01 5.423455455691967853e-01 8.287349394217696785e-01 7.030494745805963008e-01 1.268753138483267318e-01 5.605589626730168584e-01 6.353977486973760858e-01 0.000000000000000000e+00 7.290453324567662818e-01 8.509338390839527033e-01 5.006072837374988538e-01 8.908644862800403352e-01 2.154411639829545977e-01 7.362484126509836191e-01 4.051022162169837793e-01 4.722879938804173672e-01 5.431726907792018277e-01 7.592896758787099909e-01 5.612110530928906549e-01 4.109885136496567726e-01 8.472779145816744517e-01 5.095033087395404170e-01 7.983032427096510286e-01 5.843678610027840392e-01 6.332091723428215913e-01
1.686195358986904980e-01 5.880584741750947142e-01 6.555123452632660719e-02 3.829032426750139662e-01 7.477297996084402154e-01 5.077262439012513173e-01 7.120031568404593392e-01 2.854792143383890757e-01 7.576072718236710468e-01 6.696467094046619772e-01 7.604635293186626788e-01 6.198175417520950248e-01 7.122849430886590838e-01 5.640171512798171083e-01 6.822705480857997884e-01 8.579637510020021729e-02 4.212960190602236255e-01 7.290453324567662818e-01 0.000000000000000000e+00 3.629581722738040028e-01 5.735740560699333912e-01 4.571952070978291260e-01 5.997885996685331511e-01 8.710256642137567118e-01 4.229280979318144063e-01 5.681821741646738699e-01 2.094279488286573399e-01 7.711413891411046384e-01 1.948529690619038579e-01 5.908141411825296174e-01 3.312671374283464587e-01 8.919155558586717714e-01 6.780093289704789417e-01 4.300025614687950082e-01 6.763744708417718243e-02
4.732308318282056336e-01 8.031070907030120054e-01 4.031357369103746313e-01 3.884033692011079064e-01 4.654412807963766996e-01 1.454192654376414984e-01 9.344485461018759986e-01 4.260644989850428388e-01 1.450700964014721706e-01 3.199604463894525908e-01 3.851391040402489252e-01 6.290255342175458120e-01 4.944957966580164066e-01 4.201667151039277237e-01 8.475275738642304990e-01 8.115022067116414162e-01 7.387347965590796983e-01 8.509338390839527033e-01 3.629581722738040028e-01 0.000000000000000000e+00 6.359285212197540726e-01 1.161015255027889603e-01 8.218066534275478840e-01 6.716443488832493092e-01 1.054495116916112085e-01 8.516850306837833173e-01 1.079145098603825348e-01 6.516874270834626115e-01 8.497656548940690779e-02 7.246423432450073143e-01 7.007009781861781583e-01 8.071380442263672572e-01 3.497363130908959228e-01 1.851646162684162933e-01 8.335160827912719839e-01
7.747992844903541787e-01 2.606507570900314930e-01 5.635716111984314658e-01 8.311748511477302648e-01 1.465519359537641453e-01 3.924859279219384822e-01 1.142339264309452096e-01 1.257852792809749376e-01 8.357785628652516507e-01 7.652119696102361868e-01 6.286274258016262273e-01 5.020329608780966790e-01 5.282180471485434792e-01 3.059962293346241147e-01 5.804944849339865875e-01 5.932679667520041056e-01 4.042387479392559047e-01 5.006072837374988538e-01 5.735740560699333912e-01 6.359285212197540726e-01 0.000000000000000000e+00 2.239882056361430229e-01 1.275866679650233815e-01 3.795647402273856219e-01 7.602725893593523798e-01 4.995537306310786629e-01 9.324517427531986424e-02 8.520075619091662666e-01 5.597584698346327325e-01 8.528901524380005927e-01 5.480775793029813991e-01 4.811926360953941995e-01 9.372625726590714246e-01 4.706108326073397130e-01 7.117483931735020253e-01
3.862720971229971489e-03 4.424019498297301900e-01 7.821521764517305186e-01 4.476729460305303165e-01 4.985053477806251077e-01 4.032961229903107570e-01 5.698513593960351509e-01 6.171119953122472523e-01 2.558534328705205363e-01 4.427188341380587921e-01 6.626707914818164014e-02 1.256903841348711026e-01 5.195610988218757331e-01 8.440116474798785573e-01 5.865756276978288941e-01 4.034485525792491645e-01 7.609413920118284214e-01 8.908644862800403352e-01 4.571952070978291260e-01 1.161015255027889603e-01 2.239882056361430229e-01 0.000000000000000000e+00 7.341295614400367153e-01 3.187335453495213633e-01 8.236015255741577779e-01 7.111645441427788539e-01 4.229091473985960303e-01 4.542023993571909224e-01 5.688426299323861013e-01 6.086561503600557144e-01 1.050773691603688609e-01 6.995677702110412177e-01 9.410895628242469391e-01 6.234084251861142789e-01 4.143216660932715345e-01
7.137740180480964813e-01 4.080159443974086253e-01 3.653934289936058288e-01 3.617394260321861177e-01 5.815274126651004405e-01 3.904303899268185551e-01 4.188463381129131635e-01 4.203656152357032605e-01 8.718645117605994255e-01 6.821090874684540006e-01 6.132719076878442310e-01 7.753932010128581354e-01 7.772649865892697907e-01 6.144901320161153535e-01 1.047254819927692648e-01 5.768984736673717917e-01 6.194602112308194020e-01 2.154411639829545977e-01 5.997885996685331511e-01 8.218066534275478840e-01 1.275866679650233815e-01 7.341295614400367153e-01 0.000000000000000000e+00 5.330435605538474952e-01 1.491944384534144019e-01 2.276891844907685813e-01 5.128965663059413815e-01 5.072940147080678974e-01 6.213871895549049063e-01 5.566639817202929663e-01 8.595561818767107898e-01 6.174538234464761466e-01 4.264142531475589304e-01 1.259413978137580159e-01 3.340645594428817144e-01
5.325227904548797131e-01 5.669676530140133064e-01 8.833319697563719597e-01 5.286270435417730340e-01 3.948317696265435384e-02 7.958644329839841269e-01 7.020094764032145385e-01 7.462622988596822049e-01 2.770969928198336873e-01 5.324308753883857381e-01 9.619237828587676731e-01 4.498877330870927338e-01 5.429281325322959928e-01 8.076394046103043678e-01 2.300785216091824625e-01 4.777682675996072770e-01 5.802747096718523512e-01 7.362484126509836191e-01 8.710256642137567118e-01 6.716443488832493092e-01 3.795647402273856219e-01 3.187335453495213633e-01 5.330435605538474952e-01 0.000000000000000000e+00 4.489222907664905948e-01 5.016891624395084515e-01 5.558683999981040014e-01 7.018254613900520855e-02 4.941663192042820563e-01 8.630868579267627627e-01 2.446303423398709931e-01 6.559204154981990165e-02 5.681016888479304416e-01 4.716077331112684679e-01 3.838484455703567444e-01
4.659844352954207736e-01 5.550354221394742105e-01 4.081470183574891775e-01 1.851846560437044875e-01 9.663776580627523316e-01 3.313331659610689872e-01 8.832262260756063021e-01 1.412685961488501785e-01 7.309051313388020832e-01 3.694466483745283414e-01 2.931359079159964187e-01 4.762328489423074407e-01 8.865531811040909815e-01 3.128337221881900554e-01 6.299258125181961265e-01 3.765380589025992819e-01 1.137897981585693774e-01 4.051022162169837793e-01 4.229280979318144063e-01 1.054495116916112085e-01 7.602725893593523798e-01 8.236015255741577779e-01 1.491944384534144019e-01 4.489222907664905948e-01 0.000000000000000000e+00 3.156793296756374434e-01 2.289115472762166537e-01 4.883093278321655739e-01 5.209420417640682199e-01 1.772265308663766303e-01 4.456388518321369174e-01 5.904453188132179342e-01 4.688370947228876484e-01 5.817389039374061266e-01 3.742115399012159171e-01
3.365211330998154615e-01 4.455887016558444103e-01 3.229567600455330867e-01 7.071201123827789425e-01 4.940649306913578176e-01 4.644054336936459526e-01 5.568593634250372792e-01 9.201510295401289508e-01 5.136147651331661734e-01 1.319247877904419219e-01 3.552226518380924292e-01 7.287759766211147072e-01 5.660822447224289622e-01 8.778323105198759801e-01 9.075381290848130167e-01 7.726916962232666108e-01 6.255637362160328951e-01 4.722879938804173672e-01 5.681821741646738699e-01 8.516850306837833173e-01 4.995537306310786629e-01 7.111645441427788539e-01 2.276891844907685813e-01 5.016891624395084515e-01 3.156793296756374434e-01 0.000000000000000000e+00 4.126415693543896701e-01 6.781128193175575136e-01 9.143627430836039904e-01 5.448852269394843795e-01 4.017659360323240225e-01 4.405175633041463201e-01 6.548749761489311982e-01 2.249806196012312798e-01 4.986995034545300687e-01
6.178126868827701346e-01 3.814990609352462148e-01 7.521501508084816878e-01 3.705587328857258833e-01 4.356714663792380371e-01 4.220784827139496542e-01 4.919083661679015118e-01 3.650972904132296359e-01 4.939437087757062583e-01 5.725023276257674709e-01 4.935687602341405356e-01 5.202032392304958286e-01 3.842667857696861478e-01 8.122186921144025629e-01 9.169164247511940591e-01 7.358545538134975139e-01 5.109403145882311925e-01 5.431726907792018277e-01 2.094279488286573399e-01 1.079145098603825348e-01 9.324517427531986424e-02 4.229091473985960303e-01 5.128965663059413815e-01 5.558683999981040014e-01 2.289115472762166537e-01 4.126415693543896701e-01 0.000000000000000000e+00 5.450547085686582305e-01 8.838893227973154687e-01 5.542770298503360005e-01 2.133349092665920432e-01 2.523713638172284668e-01 6.671247360047940500e-01 4.072287641254553892e-01 5.758751967383586301e-01
2.033005352357486473e-01 6.355665893141347889e-01 9.299670032184226276e-01 6.780512734266179731e-01 5.141783441877292304e-01 8.778808121172942958e-01 5.163757249456705223e-01 8.299944141791688601e-01 9.732788820882302128e-01 5.320167830454356483e-01 8.049452806328577514e-01 5.095846146103049090e-01 4.454026445296297987e-01 4.463953949002834598e-01 6.320697307771501183e-01 3.844856732140037314e-01 9.135979111662426710e-01 7.592896758787099909e-01 7.711413891411046384e-01 6.516874270834626115e-01 8.520075619091662666e-01 4.542023993571909224e-01 5.072940147080678974e-01 7.018254613900520855e-02 4.883093278321655739e-01 6.781128193175575136e-01 5.450547085686582305e-01 0.000000000000000000e+00 3.868953853506299501e-01 3.855121579006222099e-01 4.986945696955409901e-01 2.676004401465720273e-01 3.707088515852897670e-01 7.699995660389051810e-01 8.218017353068522990e-01
8.588782256006902704e-01 7.502628009163883060e-01 5.325339326766728165e-01 5.076498596207614789e-01 7.771704186701851036e-01 5.338844943253031605e-01 7.033329947842977825e-01 4.251712600944493881e-01 9.004483631087898399e-01 4.742290030764436115e-01 5.068306894102856397e-01 5.066723028183697242e-01 2.537215943711761401e-01 8.848949508039068990e-01 4.629575145871279718e-01 6.389976406295403422e-01 8.490038283295615607e-01 5.612110530928906549e-01 1.948529690619038579e-01 8.497656548940690779e-02 5.597584698346327325e-01 5.688426299323861013e-01 6.213871895549049063e-01 4.941663192042820563e-01 5.209420417640682199e-01 9.143627430836039904e-01 8.838893227973154687e-01 3.868953853506299501e-01 0.000000000000000000e+00 4.801285926919245384e-01 4.933032840111316597e-01 5.262799766257779677e-01 7.204591591280617990e-01 4.616244812359400762e-01 3.447504799878744475e-01
7.286586816505924435e-01 3.379282079714927001e-01 1.278218898449530183e-01 4.349758834745928171e-01 4.993155441273479100e-01 2.114489544981045521e-01 5.159887720357093643e-01 7.316284971603603804e-01 4.538680254209561116e-01 3.451343945097059551e-01 4.618530254368969357e-01 5.028824920075820604e-01 5.892373671105568533e-01 3.158265437152688593e-01 3.746488583738063483e-01 6.753324884964155839e-01 3.706356612348929991e-01 4.109885136496567726e-01 5.908141411825296174e-01 7.246423432450073143e-01 8.528901524380005927e-01 6.086561503600557144e-01 5.566639817202929663e-01 8.630868579267627627e-01 1.772265308663766303e-01 5.448852269394843795e-01 5.542770298503360005e-01 3.855121579006222099e-01 4.801285926919245384e-01 0.000000000000000000e+00 4.976678274754256504e-01 6.856111166728421358e-01 8.634993922853136938e-01 6.382604635551312189e-01 5.884373393694962706e-01
3.342208294834840832e-01 5.920929527811810145e-01 1.459316593065997925e-01 7.959383869146545720e-01 7.840608493244467514e-01 7.550851780399054913e-01 8.153955917288262523e-01 7.143327540790626040e-01 7.916555176266439897e-01 8.701258316550013472e-01 2.886995990721346605e-01 5.421052016481028302e-01 6.388542210333506555e-01 6.282315464347509870e-01 7.443785024136541084e-01 7.542006272627955754e-01 7.749756544094990041e-01 8.472779145816744517e-01 3.312671374283464587e-01 7.007009781861781583e-01 5.480775793029813991e-01 1.050773691603688609e-01 8.595561818767107898e-01 2.446303423398709931e-01 4.456388518321369174e-01 4.017659360323240225e-01 2.133349092665920432e-01 4.986945696955409901e-01 4.933032840111316597e-01 4.976678274754256504e-01 0.000000000000000000e+00 5.285241345890872022e-01 3.956963208071277993e-01 7.690234827376312143e-01 4.919455694699444992e-01
5.485894986671505658e-01 8.209079553194318368e-01 2.494774118295215171e-01 3.809239073233944839e-01 5.023516289113811872e-01 7.317208028186092950e-01 4.438214351472820063e-01 6.045287310338266495e-01 7.008619468226763294e-01 7.816032654068614249e-01 4.826275516343123129e-01 5.607712178644447265e-01 4.753408816752294763e-01 5.402343386095345146e-01 3.774852371001276019e-01 4.547591070063911056e-01 6.231986400995028763e-01 5.095033087395404170e-01 8.919155558586717714e-01 8.071380442263672572e-01 4.811926360953941995e-01 6.995677702110412177e-01 6.174538234464761466e-01 6.559204154981990165e-02 5.904453188132179342e-01 4.405175633041463201e-01 2.523713638172284668e-01 2.676004401465720273e-01 5.262799766257779677e-01 6.856111166728421358e-01 5.285241345890872022e-01 0.000000000000000000e+00 1.076730913181499494e-01 3.989045730476811769e-01 3.977680594439780837e-01
8.241715781028258192e-02 5.519743473143805534e-01 4.407833500123539139e-01 6.060382195732288979e-01 8.557430756431331220e-01 5.524150550160218387e-01 5.366469799526681905e-01 1.535995755718637668e-01 3.769653412636552181e-01 4.302249416181880837e-01 7.857053672478062634e-01 1.781936645811824649e-01 4.248699359690430999e-01 5.080622044052829356e-01 2.900847162589367256e-01 3.591005787875186650e-01 3.188919586246202753e-01 7.983032427096510286e-01 6.780093289704789417e-01 3.497363130908959228e-01 9.372625726590714246e-01 9.410895628242469391e-01 4.264142531475589304e-01 5.681016888479304416e-01 4.688370947228876484e-01 6.548749761489311982e-01 6.671247360047940500e-01 3.707088515852897670e-01 7.204591591280617990e-01 8.634993922853136938e-01 3.956963208071277993e-01 1.076730913181499494e-01 0.000000000000000000e+00 4.066690596454051732e-01 8.895954974329186582e-01
4.253235205664394614e-01 8.811676302379432002e-01 7.222468869157643301e-01 5.420360488072015759e-01 4.918986463404663168e-01 7.586111338341142707e-01 3.716922722986611416e-01 2.329401273863447308e-01 2.289808689250494300e-02 3.377931143477729270e-01 1.583396950357243149e-01 5.392726530759237580e-01 4.934043939829214076e-01 7.643516272079666773e-01 2.729239630276858453e-01 1.224397003875634660e-01 6.279388551005721242e-01 5.843678610027840392e-01 4.300025614687950082e-01 1.851646162684162933e-01 4.706108326073397130e-01 6.234084251861142789e-01 1.259413978137580159e-01 4.716077331112684679e-01 5.817389039374061266e-01 2.249806196012312798e-01 4.072287641254553892e-01 7.699995660389051810e-01 4.616244812359400762e-01 6.382604635551312189e-01 7.690234827376312143e-01 3.989045730476811769e-01 4.066690596454051732e-01 0.000000000000000000e+00 6.943450669151380872e-01
3.870573849767023344e-01 4.735460829249745762e-01 8.407475519602241043e-01 4.953935869157831684e-01 8.135834050465216016e-01 5.514270493986426214e-01 6.162189715933901191e-01 2.911900900272348380e-01 4.662620355185219667e-01 6.344464228467816547e-02 8.115258418657753658e-01 3.895162379809205544e-01 6.266384908632787187e-01 5.898132144161316592e-01 7.386281464223021231e-01 8.702814670066956193e-01 5.951770554677775493e-01 6.332091723428215913e-01 6.763744708417718243e-02 8.335160827912719839e-01 7.117483931735020253e-01 4.143216660932715345e-01 3.340645594428817144e-01 3.838484455703567444e-01 3.742115399012159171e-01 4.986995034545300687e-01 5.758751967383586301e-01 8.218017353068522990e-01 3.447504799878744475e-01 5.884373393694962706e-01 4.919455694699444992e-01 3.977680594439780837e-01 8.895954974329186582e-01 6.943450669151380872e-01 0.000000000000000000e+00
