0.000000000000000000e+00 6.904199144563252233e-01 6.404374953617870680e-01 2.627868203926021495e-01 3.946366461134503401e-01 5.888973615189183608e-01 6.557092848189923773e-01 7.761706336912159720e-01 7.985609840617613475e-01 3.669470303447808224e-01 5.159093216676136073e-01 4.613435220011523619e-01 6.880078349532889881e-01 3.518043465745654963e-01 7.675864234368494632e-01 4.849179552390309178e-01 7.676065716915930759e-01 3.869166862284182384e-01 9.186205068823600772e-01 5.812390774705324947e-01 5.226888154461140079e-01 5.502351031894280320e-01 6.314041355869990380e-01 2.631413166477577503e-01 6.617972223650856467e-01 6.006196015945554079e-01 7.946582584319277220e-01 5.209142179135504147e-01 4.496515208186847579e-01 2.626250649634471745e-01 3.458737090283851012e-01 5.245835564727964195e-01 6.130480171465728656e-01 3.281178902919179019e-01 5.432271032366845498e-01
6.904199144563252233e-01 0.000000000000000000e+00 6.094788805687134658e-01 4.127220288439459872e-01 5.131049073886739809e-01 6.130763603937385842e-01 4.805104619315458403e-01 5.948293742790968786e-01 1.129222798767760549e-01 9.560471366041123353e-02 3.214099457102145285e-01 8.664236904930725514e-01 7.199284505760215058e-01 7.474152022190234668e-01 3.176501685719751444e-01 5.292227398525165549e-01 4.929874299737190824e-01 2.913100488433943980e-01 6.871281812166811775e-01 1.546849809973448453e-01 5.237229333415961419e-01 8.260533376114246318e-01 4.026602703429795760e-01 6.888459159626965089e-01 5.984468094433932350e-01 7.703677626655953681e-01 7.170901355410164157e-01 6.461808335016523408e-01 5.032970729633010620e-01 4.473499408975187830e-01 4.375922520811760252e-01 2.111687614923171141e-01 3.489976579143210245e-01 5.009284234739626029e-01 4.642176874511365070e-01
6.404374953617870680e-01 6.094788805687134658e-01 0.000000000000000000e+00 6.405955658241910822e-01 2.293638963874939929e-01 1.836245258591273632e-01 1.309208898453158021e-01 6.799783058216279930e-02 4.929171314799207781e-01 7.297447493348818703e-01 4.184318170839981255e-01 5.974717711484405225e-01 8.520844821586989193e-01 6.662893026472117564e-01 4.200821854944011280e-01 2.762792672054727450e-01 6.714809091162525778e-01 4.624754717412896676e-01 4.734726251240796158e-01 5.785466472814201344e-01 6.678011156342877896e-01 2.659369895306052944e-01 5.062291162730088168e-01 2.222222257318258176e-01 5.870423829506246083e-01 1.825300735401308438e-01 6.566235341685723315e-01 1.678361275474508085e-01 3.379185888109174085e-01 7.417350304785869097e-01 7.403603633892543723e-01 4.009398527449933303e-01 7.153938290427126478e-01 2.571016231607451408e-01 4.091543410990314822e-01
2.627868203926021495e-01 4.127220288439459872e-01 6.405955658241910822e-01 0.000000000000000000e+00 2.849918643480464642e-01 4.428288116703603117e-01 3.818073872374382338e-01 5.388414787624670188e-01 6.925522810921158623e-01 4.014121245330196652e-01 1.387300513940132873e-01 3.780379826332150861e-01 2.390456313003834765e-01 4.290684583006700858e-01 6.393695905212161135e-01 8.716641768548198943e-01 3.775178083448347266e-01 7.405158944591276882e-01 5.504249319773985016e-01 7.768696636208245465e-01 6.131668606261013732e-01 4.898498614768969084e-01 7.125482677255804420e-01 2.865184812112739898e-01 8.216010984355646141e-01 2.147016454079224146e-01 6.519830790260138231e-01 8.749148499185821493e-02 6.785321847924568051e-01 7.022975178227210957e-01 2.223578969439019004e-01 2.668564898086606130e-01 1.340144886839231830e-01 2.397824209312812149e-01 6.787177903422656478e-01
3.946366461134503401e-01 5.131049073886739809e-01 2.293638963874939929e-01 2.849918643480464642e-01 0.000000000000000000e+00 4.833278420124683672e-01 6.271079256640637034e-01 5.448350003719197865e-01 5.310558511183682828e-01 5.404156770252042108e-01 6.946093316043198129e-01 1.623708187146215565e-01 4.948216963980233141e-01 2.799543277511814532e-01 2.509739868190719037e-01 8.158218237845431542e-01 1.263355534986665418e-01 5.770631997471162844e-01 4.876486685956004652e-01 6.208625170042771924e-01 4.320412878037238613e-01 4.709769079923397106e-01 6.907884639172523489e-02 8.550188294187631710e-01 4.549890673722564727e-01 3.070200965098822676e-01 2.963489285660381167e-01 4.057465481472766755e-01 7.664134623297473858e-01 4.869187290322808948e-01 7.296605122645196673e-01 7.297794772800701990e-01 3.944191389859170727e-01 7.235125187917733625e-01 2.886816035129667890e-01
5.888973615189183608e-01 6.130763603937385842e-01 1.836245258591273632e-01 4.428288116703603117e-01 4.833278420124683672e-01 0.000000000000000000e+00 8.414516836466054972e-01 5.165441577136287155e-01 4.353463168134230621e-02 2.623643977431060481e-01 5.064593135847330618e-01 4.042182862157358558e-01 7.824383407976849281e-01 4.849186044685527275e-01 6.164625915671275713e-01 3.679050944462650685e-01 2.795125487630537586e-01 2.187709712465267797e-01 5.051813349529874486e-01 7.091491392596995791e-01 5.476167244037825066e-01 6.379545080997942597e-01 6.965290084261496206e-01 4.055324309543315575e-01 8.277020053705388403e-01 8.437258443924984253e-01 6.274011155929538619e-01 4.504834102091676007e-01 3.901125351161019439e-01 3.082902327227764472e-01 2.469605614503633251e-01 3.235132862932457165e-01 4.182438803712195119e-01 5.069379988444879803e-01 3.024328349394226345e-01
6.557092848189923773e-01 4.805104619315458403e-01 1.309208898453158021e-01 3.818073872374382338e-01 6.271079256640637034e-01 8.414516836466054972e-01 0.000000000000000000e+00 7.775997272115536818e-01 8.039043530299960771e-01 5.654630543836383083e-01 4.398709372336164769e-01 5.092614285929991658e-01 7.227325266696511541e-01 3.307840502253533987e-01 3.268257347077851982e-01 6.716561163371730370e-01 4.643881353100343112e-01 5.171866563322783383e-01 4.936867114685933311e-01 6.732516227981485413e-01 7.153709312718822266e-01 2.928051848255078249e-01 2.488652762812524899e-01 3.961031987117403230e-01 7.114606122927172871e-01 5.961171262284603589e-01 4.674831058423307151e-01 5.663207326138079978e-01 6.217794856655900482e-01 3.564822858340156997e-01 6.060696816507996632e-01 8.566616326230340750e-01 6.235892040537929226e-01 5.357139370579480087e-01 6.872659018610598469e-01
7.761706336912159720e-01 5.948293742790968786e-01 6.799783058216279930e-02 5.388414787624670188e-01 5.448350003719197865e-01 5.165441577136287155e-01 7.775997272115536818e-01 0.000000000000000000e+00 5.857299258288162225e-01 4.535445316208406297e-01 5.108560362566629820e-01 6.315567398412457178e-01 7.329881847333883371e-01 3.453460293680383764e-01 8.385863705341485286e-01 3.126435345040831093e-01 5.165900171023101173e-01 7.702943347624940928e-01 6.570075864615416705e-01 4.024750678326055042e-01 4.672526274703459048e-01 2.949574573274371669e-02 1.804583250143839690e-01 5.439777962460250471e-01 5.523053978472651782e-01 5.444064889302915322e-01 4.338589020762312343e-01 5.183889339881306846e-01 5.587696649252600345e-01 6.034661888686241316e-01 1.514745683061111681e-01 7.461834535765637932e-01 7.106911442508949683e-01 3.514022718868963779e-01 2.569106566283005932e-01
7.985609840617613475e-01 1.129222798767760549e-01 4.929171314799207781e-01 6.925522810921158623e-01 5.310558511183682828e-01 4.353463168134230621e-02 8.039043530299960771e-01 5.857299258288162225e-01 0.000000000000000000e+00 4.267546205748433685e-01 8.535262762060458197e-01 6.694903748733278537e-01 5.426102733794393451e-01 3.596037280560057114e-01 2.445247273436317592e-01 7.564983488622738506e-01 7.731480602193083751e-01 5.630447741617792268e-01 7.691904056206676499e-01 5.385210259391042253e-01 6.465227201537396828e-01 8.170805438833794732e-01 2.267777566657031008e-01 3.179705874034375324e-01 2.821889016283386509e-01 1.835268462239545428e-01 9.072837430644600243e-01 7.487875780823571858e-01 9.136295576005231123e-01 4.699196920579868375e-01 5.271859602846475923e-01 8.058881304770911802e-01 4.346266323714081392e-01 1.512204809377846182e-01 2.943867890202876980e-01
3.669470303447808224e-01 9.560471366041123353e-02 7.297447493348818703e-01 4.014121245330196652e-01 5.404156770252042108e-01 2.623643977431060481e-01 5.654630543836383083e-01 4.535445316208406297e-01 4.267546205748433685e-01 0.000000000000000000e+00 1.736074773635145618e-01 7.238658035200622454e-01 4.115635823627625811e-01 7.641319924858072099e-01 5.267778938023330859e-01 9.153541862525522710e-01 5.416878210009075101e-01 5.729617321201558866e-01 4.193909020549214106e-01 4.609134340032899901e-01 5.148557329714903430e-01 3.997083064951449383e-01 3.227555707794660389e-01 9.068808294711858675e-01 4.473953373859093086e-01 2.164909677736567284e-01 3.895754455962528451e-01 8.707000918601291994e-01 2.885902313681104614e-01 4.030809609254127346e-01 4.078677039296413342e-01 4.427059096581910103e-01 6.129688993907641548e-01 6.890120058096376177e-01 6.212963147990596680e-01
5.159093216676136073e-01 3.214099457102145285e-01 4.184318170839981255e-01 1.387300513940132873e-01 6.946093316043198129e-01 5.064593135847330618e-01 4.398709372336164769e-01 5.108560362566629820e-01 8.535262762060458197e-01 1.736074773635145618e-01 0.000000000000000000e+00 3.586424318336539629e-01 7.552424747186767817e-01 5.506942842884620104e-01 7.327419496642222363e-01 7.783313689104001121e-01 5.431602638985216780e-01 4.157262621174942496e-01 3.907267166604927455e-01 4.896074039342248607e-01 4.137629703106524559e-01 5.237077044391413860e-01 5.640099931266472355e-01 5.994580245524262496e-01 3.933026622712734732e-01 2.402601941048015388e-01 3.906958143724154064e-01 4.547193464327569101e-01 7.461355766314357041e-01 4.873689335804919920e-01 8.023350810455478488e-01 3.073362112119273903e-01 2.624109055068521434e-01 4.432130077566650561e-01 4.439310322550481525e-01
4.613435220011523619e-01 8.664236904930725514e-01 5.974717711484405225e-01 3.780379826332150861e-01 1.623708187146215565e-01 4.042182862157358558e-01 5.092614285929991658e-01 6.315567398412457178e-01 6.694903748733278537e-01 7.238658035200622454e-01 3.586424318336539629e-01 0.000000000000000000e+00 3.006023345913857447e-01 3.552170941226358014e-01 5.645931472056400224e-01 6.161692608102053992e-01 4.037813502399492105e-01 6.763071958905169101e-01 2.931372340118824082e-01 8.178416713025090656e-01 3.099945055764180557e-01 5.550548849260000805e-01 3.217033529695410010e-01 5.938847121324521972e-01 2.193564240679858890e-01 4.296282694406062252e-01 3.110625465086630514e-01 2.240356955124221949e-01 2.922974535158939791e-01 5.341706363845261096e-01 6.686319405101734947e-01 6.907757570268913128e-01 5.405577335405771233e-01 7.592170596623666334e-01 4.812881926442162950e-01
6.880078349532889881e-01 7.199284505760215058e-01 8.520844821586989193e-01 2.390456313003834765e-01 4.948216963980233141e-01 7.824383407976849281e-01 7.227325266696511541e-01 7.329881847333883371e-01 5.426102733794393451e-01 4.115635823627625811e-01 7.552424747186767817e-01 3.006023345913857447e-01 0.000000000000000000e+00 4.531814906884220617e-01 6.383579726281927158e-01 8.926722652048521001e-01 3.544586305977801555e-01 4.951357348530568414e-01 6.136987957116080139e-01 3.195648005640311928e-01 3.902816873797551045e-01 3.783196230545300409e-01 6.635831340427356118e-01 5.472105247465730571e-01 2.812112565276029263e-01 3.582549008479293806e-01 6.923366380259166064e-01 4.469785715882949040e-01 7.965114017945928993e-01 4.483671018587504498e-01 1.045026795219480276e-01 3.730604523806614892e-01 3.624077768314486470e-01 1.937242267241524596e-01 7.355546024284369544e-01
3.518043465745654963e-01 7.474152022190234668e-01 6.662893026472117564e-01 4.290684583006700858e-01 2.799543277511814532e-01 4.849186044685527275e-01 3.307840502253533987e-01 3.453460293680383764e-01 3.596037280560057114e-01 7.641319924858072099e-01 5.506942842884620104e-01 3.552170941226358014e-01 4.531814906884220617e-01 0.000000000000000000e+00 2.909132031808788765e-01 2.774789606470192682e-01 6.745523905176558088e-01 2.929926736016233435e-01 2.348945115525414851e-01 4.651492228478303903e-01 3.666810260273205557e-01 1.252163064667389802e-01 4.405645623711670900e-01 5.550231380184211805e-01 8.456764525779161268e-01 6.801249546894313491e-01 2.212723699112131293e-01 7.858658327264808063e-01 2.148402324916441342e-01 6.794992140897715416e-02 4.347740789062817246e-01 3.679889535714762072e-01 4.440641834477044858e-01 4.764599792745539131e-01 4.872124423032024310e-01
7.675864234368494632e-01 3.176501685719751444e-01 4.200821854944011280e-01 6.393695905212161135e-01 2.509739868190719037e-01 6.164625915671275713e-01 3.268257347077851982e-01 8.385863705341485286e-01 2.445247273436317592e-01 5.267778938023330859e-01 7.327419496642222363e-01 5.645931472056400224e-01 6.383579726281927158e-01 2.909132031808788765e-01 0.000000000000000000e+00 6.925027145711397658e-01 7.842805126579679431e-01 4.688626452414574874e-01 5.712926955195166689e-01 3.939866303603398734e-01 5.829781070143926769e-01 8.051296335772373247e-01 6.856579916020144605e-01 5.591028725186075743e-01 6.322063385660899870e-01 1.822334027853304006e-01 4.116320652698965965e-01 9.427815227784106522e-01 7.705303706488958460e-01 4.747425981551178786e-01 6.727236782929688630e-01 4.407750656802223999e-01 4.640161947474958359e-01 7.118232552790315637e-01 1.358516511740138766e-01
4.849179552390309178e-01 5.292227398525165549e-01 2.762792672054727450e-01 8.716641768548198943e-01 8.158218237845431542e-01 3.679050944462650685e-01 6.716561163371730370e-01 3.126435345040831093e-01 7.564983488622738506e-01 9.153541862525522710e-01 7.783313689104001121e-01 6.161692608102053992e-01 8.926722652048521001e-01 2.774789606470192682e-01 6.925027145711397658e-01 0.000000000000000000e+00 7.411611181093227252e-01 7.903093214353029694e-01 2.118384979376740640e-01 4.895209841733549339e-01 9.583149728032029913e-01 3.766021188975879896e-01 4.002148693359676157e-01 5.174739491581786810e-01 4.540045111326044824e-01 5.050634784003218414e-01 1.349567485051180737e-01 5.797592290724229436e-01 5.562634827676398164e-01 5.781862462760889443e-01 5.698374041169826931e-01 3.585359010728287332e-01 1.261067480830901366e-01 1.849238778032213926e-01 4.024567771465850097e-01
7.676065716915930759e-01 4.929874299737190824e-01 6.714809091162525778e-01 3.775178083448347266e-01 1.263355534986665418e-01 2.795125487630537586e-01 4.643881353100343112e-01 5.165900171023101173e-01 7.731480602193083751e-01 5.416878210009075101e-01 5.431602638985216780e-01 4.037813502399492105e-01 3.544586305977801555e-01 6.745523905176558088e-01 7.842805126579679431e-01 7.411611181093227252e-01 0.000000000000000000e+00 4.137780733669637612e-01 6.716592949503390475e-01 4.029197867767320695e-01 5.032713588197260668e-01 4.167137393208064644e-02 7.747313305343821455e-01 4.624874437316252029e-01 5.980246245729454735e-01 4.684956896639266288e-01 6.686110460013013901e-01 3.079795363353525772e-01 5.033536528672684085e-01 4.088704830166209891e-01 3.121597538867828536e-01 5.188253198503661734e-01 4.814094932615030631e-01 1.795005210341209523e-01 6.327470119161024975e-01
3.869166862284182384e-01 2.913100488433943980e-01 4.624754717412896676e-01 7.405158944591276882e-01 5.770631997471162844e-01 2.187709712465267797e-01 5.171866563322783383e-01 7.702943347624940928e-01 5.630447741617792268e-01 5.729617321201558866e-01 4.157262621174942496e-01 6.763071958905169101e-01 4.951357348530568414e-01 2.929926736016233435e-01 4.688626452414574874e-01 7.903093214353029694e-01 4.137780733669637612e-01 0.000000000000000000e+00 4.096675099262221398e-01 3.887263505631091132e-01 4.323840159692688978e-01 8.000142974200784574e-01 5.783456186877085070e-01 5.337610080638061083e-01 3.649370805018175012e-01 8.767686295357460802e-01 4.943309948836450696e-01 9.615972100277005996e-01 5.946534193463857143e-01 5.679532671975346947e-01 3.644912338331828261e-01 1.620997613137377114e-01 6.001571185221203919e-01 5.172475338304707293e-01 2.726745424442413301e-01
9.186205068823600772e-01 6.871281812166811775e-01 4.734726251240796158e-01 5.504249319773985016e-01 4.876486685956004652e-01 5.051813349529874486e-01 4.936867114685933311e-01 6.570075864615416705e-01 7.691904056206676499e-01 4.193909020549214106e-01 3.907267166604927455e-01 2.931372340118824082e-01 6.136987957116080139e-01 2.348945115525414851e-01 5.712926955195166689e-01 2.118384979376740640e-01 6.716592949503390475e-01 4.096675099262221398e-01 0.000000000000000000e+00 3.024418071641852279e-01 5.734507884138649869e-01 4.865219399575787529e-01 3.371135218940689571e-01 7.615317294214676291e-01 2.074894931990811098e-01 6.240810230885917020e-01 1.980828481483533077e-01 4.908869250343543822e-01 1.818883516625386942e-01 8.377951580473294024e-01 3.738611614337046252e-01 7.143570670787451338e-01 7.286399801355945005e-01 5.178890186910565241e-01 8.325148034698230948e-01
5.812390774705324947e-01 1.546849809973448453e-01 5.785466472814201344e-01 7.768696636208245465e-01 6.208625170042771924e-01 7.091491392596995791e-01 6.732516227981485413e-01 4.024750678326055042e-01 5.385210259391042253e-01 4.609134340032899901e-01 4.896074039342248607e-01 8.178416713025090656e-01 3.195648005640311928e-01 4.651492228478303903e-01 3.939866303603398734e-01 4.895209841733549339e-01 4.029197867767320695e-01 3.887263505631091132e-01 3.024418071641852279e-01 0.000000000000000000e+00 1.575339240423115905e-01 3.197483215693751046e-01 3.815300900744672541e-01 4.023123976102628285e-01 4.315063930367240008e-01 6.829311887446091189e-01 8.521996856025417788e-01 8.316132866705412408e-01 7.121536823566594343e-01 5.548252793135769467e-01 4.865593040574085482e-01 6.121532217208751625e-01 2.411354173289327329e-01 5.460401684770161967e-01 4.891668142740123182e-01
5.226888154461140079e-01 5.237229333415961419e-01 6.678011156342877896e-01 6.131668606261013732e-01 4.320412878037238613e-01 5.476167244037825066e-01 7.153709312718822266e-01 4.672526274703459048e-01 6.465227201537396828e-01 5.148557329714903430e-01 4.137629703106524559e-01 3.099945055764180557e-01 3.902816873797551045e-01 3.666810260273205557e-01 5.829781070143926769e-01 9.583149728032029913e-01 5.032713588197260668e-01 4.323840159692688978e-01 5.734507884138649869e-01 1.575339240423115905e-01 0.000000000000000000e+00 4.732686080392365935e-01 3.210908047836541490e-01 3.266901782557822265e-01 8.556523629037284806e-01 5.435988099744381019e-01 2.999157314974225663e-01 4.786399595044719124e-01 4.910387510164790359e-01 6.861681083411038662e-01 5.003971061547910493e-01 1.780314281977126711e-01 4.508358795488794368e-01 5.724460906632740098e-01 8.390780404917330682e-02
5.502351031894280320e-01 8.260533376114246318e-01 2.659369895306052944e-01 4.898498614768969084e-01 4.709769079923397106e-01 6.379545080997942597e-01 2.928051848255078249e-01 2.949574573274371669e-02 8.170805438833794732e-01 3.997083064951449383e-01 5.237077044391413860e-01 5.550548849260000805e-01 3.783196230545300409e-01 1.252163064667389802e-01 8.051296335772373247e-01 3.766021188975879896e-01 4.167137393208064644e-02 8.000142974200784574e-01 4.865219399575787529e-01 3.197483215693751046e-01 4.732686080392365935e-01 0.000000000000000000e+00 4.949723367015609887e-01 9.682603246697860655e-01 4.638119385862189969e-01 5.472871305322825064e-01 7.746491880285889531e-01 7.691786019191915180e-02 3.354268035307215734e-01 3.431821101473649938e-01 7.390446240406545186e-02 1.663692117502826306e-01 6.344282775532308349e-01 2.903985121296027705e-01 9.510138477449368022e-01
6.314041355869990380e-01 4.026602703429795760e-01 5.062291162730088168e-01 7.125482677255804420e-01 6.907884639172523489e-02 6.965290084261496206e-01 2.488652762812524899e-01 1.804583250143839690e-01 2.267777566657031008e-01 3.227555707794660389e-01 5.640099931266472355e-01 3.217033529695410010e-01 6.635831340427356118e-01 4.405645623711670900e-01 6.856579916020144605e-01 4.002148693359676157e-01 7.747313305343821455e-01 5.783456186877085070e-01 3.371135218940689571e-01 3.815300900744672541e-01 3.210908047836541490e-01 4.949723367015609887e-01 0.000000000000000000e+00 6.450174054706830917e-01 3.529757980571025522e-01 2.900896285136713715e-01 5.505978584393481645e-01 3.379074466795071174e-01 7.831444152424804628e-01 3.458074526618822309e-01 7.518763685109410844e-01 7.975449824728477743e-01 4.751764828764772353e-01 6.286075118515015436e-01 6.825779320368441372e-01
2.631413166477577503e-01 6.888459159626965089e-01 2.222222257318258176e-01 2.865184812112739898e-01 8.550188294187631710e-01 4.055324309543315575e-01 3.961031987117403230e-01 5.439777962460250471e-01 3.179705874034375324e-01 9.068808294711858675e-01 5.994580245524262496e-01 5.938847121324521972e-01 5.472105247465730571e-01 5.550231380184211805e-01 5.591028725186075743e-01 5.174739491581786810e-01 4.624874437316252029e-01 5.337610080638061083e-01 7.615317294214676291e-01 4.023123976102628285e-01 3.266901782557822265e-01 9.682603246697860655e-01 6.450174054706830917e-01 0.000000000000000000e+00 5.230841969827546567e-01 9.218428672110190458e-01 7.415775665433042008e-01 5.946353031208178042e-01 5.590985272612356560e-01 7.551004930217659616e-01 2.270349985296272743e-01 7.635699749708286799e-01 4.319368020483737025e-01 5.696348260231272054e-01 5.698868226547766369e-01
6.617972223650856467e-01 5.984468094433932350e-01 5.870423829506246083e-01 8.216010984355646141e-01 4.549890673722564727e-01 8.277020053705388403e-01 7.114606122927172871e-01 5.523053978472651782e-01 2.821889016283386509e-01 4.473953373859093086e-01 3.933026622712734732e-01 2.193564240679858890e-01 2.812112565276029263e-01 8.456764525779161268e-01 6.322063385660899870e-01 4.540045111326044824e-01 5.980246245729454735e-01 3.649370805018175012e-01 2.074894931990811098e-01 4.315063930367240008e-01 8.556523629037284806e-01 4.638119385862189969e-01 3.529757980571025522e-01 5.230841969827546567e-01 0.000000000000000000e+00 3.724546053321349248e-01 4.838451096894708647e-01 7.690224144529187456e-01 3.957924896203856568e-01 6.789083071444297346e-01 8.114134653831079902e-01 4.896527590724986112e-01 8.811046314217343411e-01 6.847065902097568824e-01 6.033162435676340252e-01
6.006196015945554079e-01 7.703677626655953681e-01 1.825300735401308438e-01 2.147016454079224146e-01 3.070200965098822676e-01 8.437258443924984253e-01 5.961171262284603589e-01 5.444064889302915322e-01 1.835268462239545428e-01 2.164909677736567284e-01 2.402601941048015388e-01 4.296282694406062252e-01 3.582549008479293806e-01 6.801249546894313491e-01 1.822334027853304006e-01 5.050634784003218414e-01 4.684956896639266288e-01 8.767686295357460802e-01 6.240810230885917020e-01 6.829311887446091189e-01 5.435988099744381019e-01 5.472871305322825064e-01 2.900896285136713715e-01 9.218428672110190458e-01 3.724546053321349248e-01 0.000000000000000000e+00 6.055522642841050240e-01 3.788100912355063521e-01 6.516678460209588408e-01 5.767358025143867195e-01 5.016640029012211510e-01 2.855111938592262977e-01 1.191572615313003514e-01 4.412828444349503609e-01 4.206660247457569834e-01
7.946582584319277220e-01 7.170901355410164157e-01 6.566235341685723315e-01 6.519830790260138231e-01 2.963489285660381167e-01 6.274011155929538619e-01 4.674831058423307151e-01 4.338589020762312343e-01 9.072837430644600243e-01 3.895754455962528451e-01 3.906958143724154064e-01 3.110625465086630514e-01 6.923366380259166064e-01 2.212723699112131293e-01 4.116320652698965965e-01 1.349567485051180737e-01 6.686110460013013901e-01 4.943309948836450696e-01 1.980828481483533077e-01 8.521996856025417788e-01 2.999157314974225663e-01 7.746491880285889531e-01 5.505978584393481645e-01 7.415775665433042008e-01 4.838451096894708647e-01 6.055522642841050240e-01 0.000000000000000000e+00 3.306760867710084595e-01 6.937035048569821782e-01 4.954273684962308688e-01 5.908850203031659198e-01 4.308776355067074348e-01 4.472291076486209493e-01 8.284054270232570349e-01 1.597605558872943199e-01
5.209142179135504147e-01 6.461808335016523408e-01 1.678361275474508085e-01 8.749148499185821493e-02 4.057465481472766755e-01 4.504834102091676007e-01 5.663207326138079978e-01 5.183889339881306846e-01 7.487875780823571858e-01 8.707000918601291994e-01 4.547193464327569101e-01 2.240356955124221949e-01 4.469785715882949040e-01 7.858658327264808063e-01 9.427815227784106522e-01 5.797592290724229436e-01 3.079795363353525772e-01 9.615972100277005996e-01 4.908869250343543822e-01 8.316132866705412408e-01 4.786399595044719124e-01 7.691786019191915180e-02 3.379074466795071174e-01 5.946353031208178042e-01 7.690224144529187456e-01 3.788100912355063521e-01 3.306760867710084595e-01 0.000000000000000000e+00 3.371845179158267092e-01 5.387129561292018920e-01 5.838537585781127248e-01 4.043924523431555174e-01 3.260529776476248642e-01 4.985380779801791840e-01 5.913123156746649123e-01
4.496515208186847579e-01 5.032970729633010620e-01 3.379185888109174085e-01 6.785321847924568051e-01 7.664134623297473858e-01 3.901125351161019439e-01 6.217794856655900482e-01 5.587696649252600345e-01 9.136295576005231123e-01 2.885902313681104614e-01 7.461355766314357041e-01 2.922974535158939791e-01 7.965114017945928993e-01 2.148402324916441342e-01 7.705303706488958460e-01 5.562634827676398164e-01 5.033536528672684085e-01 5.946534193463857143e-01 1.818883516625386942e-01 7.121536823566594343e-01 4.910387510164790359e-01 3.354268035307215734e-01 7.831444152424804628e-01 5.590985272612356560e-01 3.957924896203856568e-01 6.516678460209588408e-01 6.937035048569821782e-01 3.371845179158267092e-01 0.000000000000000000e+00 4.903848119939871464e-01 7.288305426573264967e-01 5.321835176288636227e-01 3.065261081690379141e-01 4.059974344050940043e-01 3.756381592440397599e-01
2.626250649634471745e-01 4.473499408975187830e-01 7.417350304785869097e-01 7.022975178227210957e-01 4.869187290322808948e-01 3.082902327227764472e-01 3.564822858340156997e-01 6.034661888686241316e-01 4.699196920579868375e-01 4.030809609254127346e-01 4.873689335804919920e-01 5.341706363845261096e-01 4.483671018587504498e-01 6.794992140897715416e-02 4.747425981551178786e-01 5.781862462760889443e-01 4.088704830166209891e-01 5.679532671975346947e-01 8.377951580473294024e-01 5.548252793135769467e-01 6.861681083411038662e-01 3.431821101473649938e-01 3.458074526618822309e-01 7.551004930217659616e-01 6.789083071444297346e-01 5.767358025143867195e-01 4.954273684962308688e-01 5.387129561292018920e-01 4.903848119939871464e-01 0.000000000000000000e+00 6.954352479789205344e-01 7.303426577697942346e-01 7.354741614627222646e-01 8.857394712755435329e-01 2.505434120105071716e-01
3.458737090283851012e-01 4.375922520811760252e-01 7.403603633892543723e-01 2.223578969439019004e-01 7.296605122645196673e-01 2.469605614503633251e-01 6.060696816507996632e-01 1.514745683061111681e-01 5.271859602846475923e-01 4.078677039296413342e-01 8.023350810455478488e-01 6.686319405101734947e-01 1.045026795219480276e-01 4.347740789062817246e-01 6.727236782929688630e-01 5.698374041169826931e-01 3.121597538867828536e-01 3.644912338331828261e-01 3.738611614337046252e-01 4.865593040574085482e-01 5.003971061547910493e-01 7.390446240406545186e-02 7.518763685109410844e-01 2.270349985296272743e-01 8.114134653831079902e-01 5.016640029012211510e-01 5.908850203031659198e-01 5.838537585781127248e-01 7.288305426573264967e-01 6.954352479789205344e-01 0.000000000000000000e+00 4.169261568840278431e-01 4.325231491906709191e-01 1.419762465348782809e-01 4.789891964896347831e-01
5.245835564727964195e-01 2.111687614923171141e-01 4.009398527449933303e-01 2.668564898086606130e-01 7.297794772800701990e-01 3.235132862932457165e-01 8.566616326230340750e-01 7.461834535765637932e-01 8.058881304770911802e-01 4.427059096581910103e-01 3.073362112119273903e-01 6.907757570268913128e-01 3.730604523806614892e-01 3.679889535714762072e-01 4.407750656802223999e-01 3.585359010728287332e-01 5.188253198503661734e-01 1.620997613137377114e-01 7.143570670787451338e-01 6.121532217208751625e-01 1.780314281977126711e-01 1.663692117502826306e-01 7.975449824728477743e-01 7.635699749708286799e-01 4.896527590724986112e-01 2.855111938592262977e-01 4.308776355067074348e-01 4.043924523431555174e-01 5.321835176288636227e-01 7.303426577697942346e-01 4.169261568840278431e-01 0.000000000000000000e+00 2.689338044925730364e-01 5.992936623678770669e-01 3.691266836549084718e-01
6.130480171465728656e-01 3.489976579143210245e-01 7.153938290427126478e-01 1.340144886839231830e-01 3.944191389859170727e-01 4.182438803712195119e-01 6.235892040537929226e-01 7.106911442508949683e-01 4.346266323714081392e-01 6.129688993907641548e-01 2.624109055068521434e-01 5.405577335405771233e-01 3.624077768314486470e-01 4.440641834477044858e-01 4.640161947474958359e-01 1.261067480830901366e-01 4.814094932615030631e-01 6.001571185221203919e-01 7.286399801355945005e-01 2.411354173289327329e-01 4.508358795488794368e-01 6.344282775532308349e-01 4.751764828764772353e-01 4.319368020483737025e-01 8.811046314217343411e-01 1.191572615313003514e-01 4.472291076486209493e-01 3.260529776476248642e-01 3.065261081690379141e-01 7.354741614627222646e-01 4.325231491906709191e-01 2.689338044925730364e-01 0.000000000000000000e+00 9.157892644516955061e-01 7.353586327820930135e-01
3.281178902919179019e-01 5.009284234739626029e-01 2.571016231607451408e-01 2.397824209312812149e-01 7.235125187917733625e-01 5.069379988444879803e-01 5.357139370579480087e-01 3.514022718868963779e-01 1.512204809377846182e-01 6.890120058096376177e-01 4.432130077566650561e-01 7.592170596623666334e-01 1.937242267241524596e-01 4.764599792745539131e-01 7.118232552790315637e-01 1.849238778032213926e-01 1.795005210341209523e-01 5.172475338304707293e-01 5.178890186910565241e-01 5.460401684770161967e-01 5.724460906632740098e-01 2.903985121296027705e-01 6.286075118515015436e-01 5.696348260231272054e-01 6.847065902097568824e-01 4.412828444349503609e-01 8.284054270232570349e-01 4.985380779801791840e-01 4.059974344050940043e-01 8.857394712755435329e-01 1.419762465348782809e-01 5.992936623678770669e-01 9.157892644516955061e-01 0.000000000000000000e+00 5.242317431888181556e-01
5.432271032366845498e-01 4.642176874511365070e-01 4.091543410990314822e-01 6.787177903422656478e-01 2.886816035129667890e-01 3.024328349394226345e-01 6.872659018610598469e-01 2.569106566283005932e-01 2.943867890202876980e-01 6.212963147990596680e-01 4.439310322550481525e-01 4.812881926442162950e-01 7.355546024284369544e-01 4.872124423032024310e-01 1.358516511740138766e-01 4.024567771465850097e-01 6.327470119161024975e-01 2.726745424442413301e-01 8.325148034698230948e-01 4.891668142740123182e-01 8.390780404917330682e-02 9.510138477449368022e-01 6.825779320368441372e-01 5.698868226547766369e-01 6.033162435676340252e-01 4.206660247457569834e-01 1.597605558872943199e-01 5.913123156746649123e-01 3.756381592440397599e-01 2.505434120105071716e-01 4.789891964896347831e-01 3.691266836549084718e-01 7.353586327820930135e-01 5.242317431888181556e-01 0.000000000000000000e+00
