0.000000000000000000e+00 8.015900332835893538e-01 3.994855736486604414e-01 5.795061077089982415e-01 8.745564270049108746e-01 3.089549606139905258e-01 3.225390009045149831e-01 5.531013312224660750e-01 4.923243816130623007e-01 7.389008139685946386e-01 4.751320829385846101e-01 5.664064788417996210e-01 6.259883319657844059e-01 4.017302242927899281e-01 8.645553427504351074e-01 8.585584406642761124e-01 1.532285098510088872e-01 7.858713105412993283e-01 4.412609595306571375e-01 5.776661522161141704e-02 5.155286613670881923e-01 6.409423946349808165e-01 5.601182338817698447e-01 5.190312930714927608e-01 7.550351744950526411e-01 9.766956014435014266e-01 7.646939243909534056e-01 5.959502706130253014e-01 3.145185730768350618e-01 6.379626316134390240e-01 9.785000911695213022e-01 8.627656104426779660e-01 7.946849484702380728e-01 5.845916614066120065e-01 5.388949607890145543e-01
8.015900332835893538e-01 0.000000000000000000e+00 9.539136365044498245e-01 3.070682164828215654e-01 8.758168871204168315e-01 8.891810775194055605e-01 3.532753107379129620e-01 8.562438089794477403e-01 8.570228064196825368e-01 3.482510601820341112e-01 9.606293937017864604e-01 4.670416762256025534e-01 4.643930520799923745e-01 2.764004745890210057e-01 1.028707474260918131e-01 8.684533529510813921e-01 4.537990470196342496e-01 3.494153864972125434e-01 3.403842827746083599e-01 9.078270918298455561e-01 6.962315062420575407e-01 3.997716904223551082e-01 2.082473063848174766e-01 3.956517594315794861e-01 5.490396137747655114e-01 4.263829361751665381e-01 6.590950957252290632e-01 8.240750391599277469e-01 6.818356847174524837e-01 4.838397742695020876e-01 8.927018199805307752e-01 5.126765051011157315e-01 7.527275528745965838e-01 6.652391040662574140e-01 3.342683580344700811e-01
3.994855736486604414e-01 9.539136365044498245e-01 0.000000000000000000e+00 3.585432030375584889e-01 5.089205594105378205e-01 2.936013253184206473e-01 6.860697829509222467e-01 5.963972218669231218e-01 4.882389604286104801e-01 2.973695575665101787e-01 8.314852612461429704e-01 8.320520820366918979e-01 8.538015177355600116e-01 7.447657968742960044e-01 5.942770646080541841e-01 5.267966000957435835e-01 5.909515080389360353e-01 5.223302317887276169e-01 6.604172469399055556e-01 6.104696504383553268e-01 6.476662495550291609e-01 5.132946808073794998e-01 5.249026549761811600e-01 4.274269590732672763e-01 4.226145442755133708e-01 5.087087094019850930e-01 5.013382456549910771e-01 2.539068093938369186e-01 3.896134964260276612e-01 6.125088319070913778e-01 8.249528885775193610e-01 5.677688117116641564e-01 5.201028452541869296e-01 6.236068846830380430e-01 3.627358501476426467e-01
5.795061077089982415e-01 3.070682164828215654e-01 3.585432030375584889e-01 0.000000000000000000e+00 4.320593950517915283e-01 6.304738929942265147e-01 6.373811414244742179e-01 7.818001589341425639e-01 7.621071585362904077e-01 3.873082880446798715e-01 6.591303562498966873e-01 3.134384196077499851e-01 9.391545576195722278e-01 3.118303850541422895e-01 6.900944463220045622e-01 1.018859517092495226e-01 8.311528893859219114e-01 5.512190911929850667e-01 2.226972067416432832e-01 4.885924215602024390e-01 6.138743786284619475e-01 1.363111579259644879e-01 8.161392032712310174e-01 4.908110365976797729e-01 3.788471828220316695e-01 4.458788697736777995e-01 6.332626822353765172e-01 6.502182972407017925e-01 7.589375241080338341e-01 4.756710489809622966e-01 7.497901200853399617e-01 4.497569848088116551e-01 7.519396243563818416e-01 5.283101533682221795e-01 6.035564699747256734e-01
8.745564270049108746e-01 8.758168871204168315e-01 5.089205594105378205e-01 4.320593950517915283e-01 0.000000000000000000e+00 3.930063896552327130e-01 8.315751692936197426e-01 5.594551484622035664e-01 6.733312449041525261e-01 6.673161942981092887e-01 7.799714187103199414e-01 6.721395749905655359e-01 9.515413977451059324e-01 5.874451261136953706e-01 4.557495487346203134e-01 5.656140304798380480e-01 6.391109480465151371e-01 5.947176467065015126e-01 3.914431644280504941e-01 7.160930319964802226e-01 5.740492530346325006e-01 7.448999118934949148e-01 1.019043041479339440e-02 7.691107823642281405e-01 2.764824748108799524e-01 2.185171806828802854e-01 2.804747864054730755e-01 8.858452192696271155e-01 8.590740144405211165e-01 2.868113816364595836e-01 7.191715791639878841e-01 8.890560452703353267e-01 5.473982299625281822e-01 6.763308780861420066e-01 1.828745379917611213e-01
3.089549606139905258e-01 8.891810775194055605e-01 2.936013253184206473e-01 6.304738929942265147e-01 3.930063896552327130e-01 0.000000000000000000e+00 5.223022697543654447e-01 6.893063190096024861e-01 7.650441028865268001e-01 6.958695685936026054e-01 5.636783187795797456e-01 8.435461062490350326e-01 1.098040802072534627e-01 5.637782026945307168e-01 2.915830879691589383e-01 7.796595125443974705e-01 3.251343171249112540e-01 7.130354878264508756e-01 2.685376463169875660e-01 5.551923892253328718e-01 2.692681447387373916e-01 4.995495471487758077e-01 8.973493981286000398e-01 7.614982578378310940e-01 5.052863767744240064e-01 5.196489902121566029e-01 7.727090760282078197e-01 4.128306515163190360e-01 3.718005862479279444e-01 3.272171057232374780e-01 5.747897642598281953e-01 6.763061922454951524e-01 5.250228087761322771e-01 6.506916551817909511e-01 3.160731935370295620e-01
3.225390009045149831e-01 3.532753107379129620e-01 6.860697829509222467e-01 6.373811414244742179e-01 8.315751692936197426e-01 5.223022697543654447e-01 0.000000000000000000e+00 4.730721707003400778e-01 2.084594142091986679e-01 8.771201682535147981e-01 4.854652593461275534e-01 3.599672491716809919e-01 7.880047961203521245e-01 4.579930295274862173e-01 7.147705418602868788e-01 6.709043173143462990e-01 7.408151134050522391e-02 7.806561261459386003e-01 6.393035510497295792e-01 7.856392171297489346e-01 8.900838538497031216e-01 4.636433519313111207e-01 8.196722900629354047e-01 1.388473326484351844e-01 6.614767432238390921e-01 7.385653205591133919e-01 3.542179080921171730e-01 2.148486858733511529e-01 7.521051969647402080e-01 8.040451828726105088e-01 6.083787290643833945e-01 3.814984354722511517e-01 4.675869153752963414e-01 4.792548152038876297e-01 4.923469033651747817e-01
5.531013312224660750e-01 8.562438089794477403e-01 5.963972218669231218e-01 7.818001589341425639e-01 5.594551484622035664e-01 6.893063190096024861e-01 4.730721707003400778e-01 0.000000000000000000e+00 8.752698152335105508e-01 2.506340200894915937e-01 4.570292632171080172e-01 5.975170994731527907e-01 4.646698378248337313e-01 4.168939261324628442e-01 1.849168653965832521e-01 8.969282497640851393e-01 3.315305831647594736e-01 6.446081591400876221e-01 6.064365425849238544e-01 6.947397040534519785e-01 1.873651833828294255e-01 4.194915431444212750e-02 6.109594693161284340e-01 7.166202639944082575e-01 7.820861736583676338e-01 9.055554839250067323e-01 4.939025532627197013e-01 4.221431470325099355e-01 6.245274357656982467e-01 4.659749262087464206e-01 6.134887140808491512e-01 6.930046251048327388e-01 2.087074692949012489e-01 3.816809594461479938e-01 1.223224094713122323e-01
4.923243816130623007e-01 8.570228064196825368e-01 4.882389604286104801e-01 7.621071585362904077e-01 6.733312449041525261e-01 7.650441028865268001e-01 2.084594142091986679e-01 8.752698152335105508e-01 0.000000000000000000e+00 6.607981396331624735e-01 2.836640702178397921e-01 4.741668026997354346e-01 7.523439083676455308e-01 4.974275146533735370e-02 7.805984809497152899e-01 5.217185448461361119e-01 5.271871721077752149e-01 5.568786863937520426e-01 8.445538041034184040e-01 4.904453044383707550e-01 3.125905700615896343e-01 3.157685289690864705e-01 8.015961237611803902e-01 7.567834093007128615e-01 3.079197255939639111e-01 7.772152628644772854e-01 6.909323318747071507e-01 2.611725905391977243e-01 3.634955329932679224e-01 2.276914628156229969e-01 5.639805351561644198e-01 3.340248290184401614e-01 8.088971630083463538e-01 7.547413646387965969e-01 5.600805306752472124e-01
7.389008139685946386e-01 3.482510601820341112e-01 2.973695575665101787e-01 3.873082880446798715e-01 6.673161942981092887e-01 6.958695685936026054e-01 8.771201682535147981e-01 2.506340200894915937e-01 6.607981396331624735e-01 0.000000000000000000e+00 9.431516353817954723e-01 9.113749274964281222e-01 5.390647007087716602e-01 9.739238941609835720e-01 2.950379770737970864e-01 4.006033114147657948e-01 4.792979520151828265e-01 5.100013503135156778e-01 5.504129154492258813e-01 9.464556894813974663e-01 8.060674011487350965e-01 4.851900889987855736e-01 1.583618747617039357e-01 3.166251933353144699e-01 6.137986000350413862e-01 3.886773035211449900e-01 2.008601692377177672e-01 7.959486295706640346e-01 5.046725860225051985e-01 6.038211643355892999e-01 6.264452191776263001e-01 3.111821655444123036e-01 7.976933857646157922e-01 5.667906640140785157e-01 1.141639238783801469e-01
4.751320829385846101e-01 9.606293937017864604e-01 8.314852612461429704e-01 6.591303562498966873e-01 7.799714187103199414e-01 5.636783187795797456e-01 4.854652593461275534e-01 4.570292632171080172e-01 2.836640702178397921e-01 9.431516353817954723e-01 0.000000000000000000e+00 4.627020244084054101e-01 6.625554773296806754e-01 4.014754454823533658e-01 4.727231459331556751e-01 5.857608127759537098e-01 9.540060844037601129e-02 2.970638307194533589e-01 6.650789133452056356e-01 7.698838678323400853e-01 4.644751640461213804e-01 6.879988301806916340e-01 4.879845967653496652e-01 5.482475608677612744e-01 2.626489256251134941e-01 2.104241848458429098e-01 3.439807677624648341e-01 8.451043838022908039e-01 7.342832134448675774e-01 1.893705002312091601e-01 7.562136379754262894e-01 3.144331693225412838e-01 8.302029740250735923e-01 5.305313920164137498e-01 3.561416742042261552e-01
5.664064788417996210e-01 4.670416762256025534e-01 8.320520820366918979e-01 3.134384196077499851e-01 6.721395749905655359e-01 8.435461062490350326e-01 3.599672491716809919e-01 5.975170994731527907e-01 4.741668026997354346e-01 9.113749274964281222e-01 4.627020244084054101e-01 0.000000000000000000e+00 5.255000188962792862e-01 5.263023004187625808e-01 9.255323078355186528e-01 7.691493932142194900e-01 6.251867875925396500e-01 9.600790751917007704e-01 8.556454908369408585e-01 1.028126967183891072e-01 1.110488771802982111e-01 8.433656325204513804e-01 4.990738259569734159e-01 4.510561745989332127e-01 9.643351175047600865e-01 7.805811209834048192e-01 7.123481882444687718e-01 4.157279455015569503e-01 4.819856288496334185e-01 1.882988268900145923e-01 1.856075138379778000e-01 5.099850101851901574e-01 6.026244462571761495e-01 4.370541752225488574e-01 9.428838226393700950e-01
6.259883319657844059e-01 4.643930520799923745e-01 8.538015177355600116e-01 9.391545576195722278e-01 9.515413977451059324e-01 1.098040802072534627e-01 7.880047961203521245e-01 4.646698378248337313e-01 7.523439083676455308e-01 5.390647007087716602e-01 6.625554773296806754e-01 5.255000188962792862e-01 0.000000000000000000e+00 4.453550958078397737e-01 4.403562146725212845e-01 6.893836283036944845e-01 7.040759720431446489e-01 9.124104557650283276e-01 3.783508442368761493e-01 7.180495752452300540e-01 6.830663264910765697e-01 1.204687283960711452e-01 7.925790110145781719e-01 7.087445481030487660e-01 6.736647607096006851e-01 8.104052393581222535e-01 4.659106625389935474e-01 9.496519351923364827e-01 4.220058535424946466e-01 5.815490774044815847e-01 3.111381231954460924e-01 8.155613792055229627e-01 2.858207633551529958e-01 3.112762894745184639e-01 4.977719196401321211e-01
4.017302242927899281e-01 2.764004745890210057e-01 7.447657968742960044e-01 3.118303850541422895e-01 5.874451261136953706e-01 5.637782026945307168e-01 4.579930295274862173e-01 4.168939261324628442e-01 4.974275146533735370e-02 9.739238941609835720e-01 4.014754454823533658e-01 5.263023004187625808e-01 4.453550958078397737e-01 0.000000000000000000e+00 7.363451591663007223e-01 8.102600552265865064e-01 9.172299314137810633e-01 5.831339730292047774e-01 3.613619019311825609e-01 4.628696956345740299e-01 7.845983906967706201e-01 9.001202691233672892e-01 7.064930957688850821e-01 6.913043256657158686e-02 3.532790667183473010e-01 7.846225420780054138e-01 4.175479280435804852e-01 5.395305383215646122e-01 6.769230277137081586e-01 3.615721494826173443e-01 5.249799882568161324e-01 4.968850006590457835e-01 6.788928543454759712e-01 3.775040369042588217e-01 4.526431253880013883e-01
8.645553427504351074e-01 1.028707474260918131e-01 5.942770646080541841e-01 6.900944463220045622e-01 4.557495487346203134e-01 2.915830879691589383e-01 7.147705418602868788e-01 1.849168653965832521e-01 7.805984809497152899e-01 2.950379770737970864e-01 4.727231459331556751e-01 9.255323078355186528e-01 4.403562146725212845e-01 7.363451591663007223e-01 0.000000000000000000e+00 4.757533232025472070e-01 9.060914008523189844e-01 3.935349767551797884e-01 3.101671838980452067e-01 8.740730499916484764e-01 6.334525107444212155e-01 7.910930732979923885e-01 6.412635238136012994e-01 5.776397089043472377e-02 5.543153493467853909e-01 3.495448729566577040e-01 8.347131765260751290e-01 9.067951253771855402e-01 1.330628003015553729e-01 4.871769324365093912e-01 2.953129265260638903e-01 7.156539375031025774e-01 5.121215246753101358e-01 8.855702790112396361e-01 9.067710672888613654e-01
8.585584406642761124e-01 8.684533529510813921e-01 5.267966000957435835e-01 1.018859517092495226e-01 5.656140304798380480e-01 7.796595125443974705e-01 6.709043173143462990e-01 8.969282497640851393e-01 5.217185448461361119e-01 4.006033114147657948e-01 5.857608127759537098e-01 7.691493932142194900e-01 6.893836283036944845e-01 8.102600552265865064e-01 4.757533232025472070e-01 0.000000000000000000e+00 3.699530771753283265e-01 9.068545223317985293e-01 4.959158330795366276e-01 4.046788504473792791e-01 1.946325539460740384e-01 5.750083261014127256e-01 5.634879575162606846e-01 3.588595375063688975e-01 7.983060475704715220e-01 3.605844335539979406e-01 7.967302184065678805e-01 5.439401451961853873e-01 7.345107155509833508e-01 7.419448643724753101e-01 3.822785407686870585e-01 8.536528479008073100e-01 4.060236117067470563e-01 6.451701266115631439e-01 8.145155796508477541e-01
1.532285098510088872e-01 4.537990470196342496e-01 5.909515080389360353e-01 8.311528893859219114e-01 6.391109480465151371e-01 3.251343171249112540e-01 7.408151134050522391e-02 3.315305831647594736e-01 5.271871721077752149e-01 4.792979520151828265e-01 9.540060844037601129e-02 6.251867875925396500e-01 7.040759720431446489e-01 9.172299314137810633e-01 9.060914008523189844e-01 3.699530771753283265e-01 0.000000000000000000e+00 8.035278774785512557e-01 6.244969658863794848e-01 5.273974702835488859e-01 4.620708752582655121e-01 3.422295964297225601e-01 3.256583153396719332e-03 8.833828888209437347e-01 2.489103585621159631e-01 7.148114781366535775e-01 7.243144376691107444e-01 6.715223823390741309e-01 7.402854945403025688e-01 9.569325992652715218e-01 4.957613284390598452e-01 8.814618320762779291e-01 4.426238454398236932e-01 6.076037618658858275e-01 1.496892126445781290e-01
7.858713105412993283e-01 3.494153864972125434e-01 5.223302317887276169e-01 5.512190911929850667e-01 5.947176467065015126e-01 7.130354878264508756e-01 7.806561261459386003e-01 6.446081591400876221e-01 5.568786863937520426e-01 5.100013503135156778e-01 2.970638307194533589e-01 9.600790751917007704e-01 9.124104557650283276e-01 5.831339730292047774e-01 3.935349767551797884e-01 9.068545223317985293e-01 8.035278774785512557e-01 0.000000000000000000e+00 8.126978408670194609e-01 7.754326766030696927e-01 6.948981327571370770e-01 4.759626950994435557e-01 8.626516462548949882e-01 4.478859163935712262e-01 4.848269628920552354e-01 3.867781586742486399e-01 1.007367205538421961e-01 7.361508437066788257e-01 3.208971652166842103e-01 4.690435214064071490e-01 3.972848342581404846e-01 8.100960984498207784e-01 8.420239248488985417e-01 2.777024951550872145e-01 4.095369223283847893e-01
4.412609595306571375e-01 3.403842827746083599e-01 6.604172469399055556e-01 2.226972067416432832e-01 3.914431644280504941e-01 2.685376463169875660e-01 6.393035510497295792e-01 6.064365425849238544e-01 8.445538041034184040e-01 5.504129154492258813e-01 6.650789133452056356e-01 8.556454908369408585e-01 3.783508442368761493e-01 3.613619019311825609e-01 3.101671838980452067e-01 4.959158330795366276e-01 6.244969658863794848e-01 8.126978408670194609e-01 0.000000000000000000e+00 3.515767563863946288e-01 4.744554478069142878e-01 8.400435406963859819e-01 6.206305614776445045e-01 4.552329222453613267e-01 4.037295864298504622e-01 4.601951477615872643e-01 4.509914670401661829e-01 8.753267931459218776e-01 5.349290395013317490e-01 6.289736962567313849e-01 8.476868447751098046e-01 4.627265329710593678e-01 6.952825411481147189e-01 7.057601868396288225e-01 5.417047629722744340e-01
5.776661522161141704e-02 9.078270918298455561e-01 6.104696504383553268e-01 4.885924215602024390e-01 7.160930319964802226e-01 5.551923892253328718e-01 7.856392171297489346e-01 6.947397040534519785e-01 4.904453044383707550e-01 9.464556894813974663e-01 7.698838678323400853e-01 1.028126967183891072e-01 7.180495752452300540e-01 4.628696956345740299e-01 8.740730499916484764e-01 4.046788504473792791e-01 5.273974702835488859e-01 7.754326766030696927e-01 3.515767563863946288e-01 0.000000000000000000e+00 6.237699301086199188e-01 8.333409348998330746e-01 2.980542581783847123e-01 4.518941656780988136e-01 4.170929476632008193e-01 8.376256810017066456e-01 5.626008233112621548e-01 5.417005268400316709e-01 6.818732169524465148e-01 5.268334098035208912e-01 5.776726325918211113e-01 9.726432706087027036e-01 4.536198570448615186e-01 5.049592840149801365e-01 1.258619144438151150e-01
5.155286613670881923e-01 6.962315062420575407e-01 6.476662495550291609e-01 6.138743786284619475e-01 5.740492530346325006e-01 2.692681447387373916e-01 8.900838538497031216e-01 1.873651833828294255e-01 3.125905700615896343e-01 8.060674011487350965e-01 4.644751640461213804e-01 1.110488771802982111e-01 6.830663264910765697e-01 7.845983906967706201e-01 6.334525107444212155e-01 1.946325539460740384e-01 4.620708752582655121e-01 6.948981327571370770e-01 4.744554478069142878e-01 6.237699301086199188e-01 0.000000000000000000e+00 1.053315719714333909e-01 5.230277754490628705e-01 8.569235205711354109e-01 5.265887340121171434e-01 6.680859397375056297e-01 1.697086124912364213e-01 4.909261052137421921e-01 3.396589987276361078e-01 8.243570498960806070e-01 4.116009759222801767e-01 2.637812134915643592e-01 4.597225772971906821e-01 8.485236139049980864e-01 7.235676091705868229e-01
6.409423946349808165e-01 3.997716904223551082e-01 5.132946808073794998e-01 1.363111579259644879e-01 7.448999118934949148e-01 4.995495471487758077e-01 4.636433519313111207e-01 4.194915431444212750e-02 3.157685289690864705e-01 4.851900889987855736e-01 6.879988301806916340e-01 8.433656325204513804e-01 1.204687283960711452e-01 9.001202691233672892e-01 7.910930732979923885e-01 5.750083261014127256e-01 3.422295964297225601e-01 4.759626950994435557e-01 8.400435406963859819e-01 8.333409348998330746e-01 1.053315719714333909e-01 0.000000000000000000e+00 4.811195131031141825e-01 3.678065825114029685e-01 5.403119221488366097e-01 2.029848526349209981e-01 5.981191208794821579e-01 6.683514199555786739e-01 5.009940572734218334e-01 3.260115010317591322e-01 4.713736457732520257e-01 5.553538391715597822e-01 8.411469125907715672e-01 7.276662243834272070e-01 2.909999935262874704e-01
5.601182338817698447e-01 2.082473063848174766e-01 5.249026549761811600e-01 8.161392032712310174e-01 1.019043041479339440e-02 8.973493981286000398e-01 8.196722900629354047e-01 6.109594693161284340e-01 8.015961237611803902e-01 1.583618747617039357e-01 4.879845967653496652e-01 4.990738259569734159e-01 7.925790110145781719e-01 7.064930957688850821e-01 6.412635238136012994e-01 5.634879575162606846e-01 3.256583153396719332e-03 8.626516462548949882e-01 6.206305614776445045e-01 2.980542581783847123e-01 5.230277754490628705e-01 4.811195131031141825e-01 0.000000000000000000e+00 6.815873451705967145e-01 5.743997401138112302e-01 7.537617826525231379e-01 6.379587810042623985e-01 4.589539103930735942e-01 9.939401077815579466e-01 3.985121088171453274e-01 3.937520953253034750e-01 5.706979888128524969e-01 6.026608278441349942e-01 8.383361108849894938e-01 3.258332708548770107e-01
5.190312930714927608e-01 3.956517594315794861e-01 4.274269590732672763e-01 4.908110365976797729e-01 7.691107823642281405e-01 7.614982578378310940e-01 1.388473326484351844e-01 7.166202639944082575e-01 7.567834093007128615e-01 3.166251933353144699e-01 5.482475608677612744e-01 4.510561745989332127e-01 7.087445481030487660e-01 6.913043256657158686e-02 5.776397089043472377e-02 3.588595375063688975e-01 8.833828888209437347e-01 4.478859163935712262e-01 4.552329222453613267e-01 4.518941656780988136e-01 8.569235205711354109e-01 3.678065825114029685e-01 6.815873451705967145e-01 0.000000000000000000e+00 1.731087680977069221e-01 3.645993158765179487e-01 4.620974933939115958e-01 4.166438939952857856e-01 3.048211874623086848e-01 5.491206423736727515e-01 6.641228039705515673e-02 5.256739690170622037e-01 5.210600514114377413e-01 3.592782116724221320e-01 9.165685827480609671e-01
7.550351744950526411e-01 5.490396137747655114e-01 4.226145442755133708e-01 3.788471828220316695e-01 2.764824748108799524e-01 5.052863767744240064e-01 6.614767432238390921e-01 7.820861736583676338e-01 3.079197255939639111e-01 6.137986000350413862e-01 2.626489256251134941e-01 9.643351175047600865e-01 6.736647607096006851e-01 3.532790667183473010e-01 5.543153493467853909e-01 7.983060475704715220e-01 2.489103585621159631e-01 4.848269628920552354e-01 4.037295864298504622e-01 4.170929476632008193e-01 5.265887340121171434e-01 5.403119221488366097e-01 5.743997401138112302e-01 1.731087680977069221e-01 0.000000000000000000e+00 7.626001731968776731e-01 7.881552617461606847e-01 5.281190770722150596e-01 6.832358729250675999e-01 6.896480457724734059e-01 8.163673429689730643e-01 7.026388788062192248e-01 5.210186382867176835e-02 3.430200181897109513e-01 7.521120735902595555e-01
9.766956014435014266e-01 4.263829361751665381e-01 5.087087094019850930e-01 4.458788697736777995e-01 2.185171806828802854e-01 5.196489902121566029e-01 7.385653205591133919e-01 9.055554839250067323e-01 7.772152628644772854e-01 3.886773035211449900e-01 2.104241848458429098e-01 7.805811209834048192e-01 8.104052393581222535e-01 7.846225420780054138e-01 3.495448729566577040e-01 3.605844335539979406e-01 7.148114781366535775e-01 3.867781586742486399e-01 4.601951477615872643e-01 8.376256810017066456e-01 6.680859397375056297e-01 2.029848526349209981e-01 7.537617826525231379e-01 3.645993158765179487e-01 7.626001731968776731e-01 0.000000000000000000e+00 2.052093226691911187e-01 8.168020015809371870e-01 8.554456338330195253e-01 9.735465225051510574e-01 3.118455908565720969e-01 4.397315574429567775e-01 2.996033615397978855e-01 3.574056171378021673e-01 2.716736345047904289e-01
7.646939243909534056e-01 6.590950957252290632e-01 5.013382456549910771e-01 6.332626822353765172e-01 2.804747864054730755e-01 7.727090760282078197e-01 3.542179080921171730e-01 4.939025532627197013e-01 6.909323318747071507e-01 2.008601692377177672e-01 3.439807677624648341e-01 7.123481882444687718e-01 4.659106625389935474e-01 4.175479280435804852e-01 8.347131765260751290e-01 7.967302184065678805e-01 7.243144376691107444e-01 1.007367205538421961e-01 4.509914670401661829e-01 5.626008233112621548e-01 1.697086124912364213e-01 5.981191208794821579e-01 6.379587810042623985e-01 4.620974933939115958e-01 7.881552617461606847e-01 2.052093226691911187e-01 0.000000000000000000e+00 5.513295161813995815e-01 6.552039401524047957e-01 1.703033009192842506e-01 4.663987442447062315e-01 6.574258588838601813e-01 6.776257995642160914e-01 9.696968797635642234e-01 5.110622609682806683e-01
5.959502706130253014e-01 8.240750391599277469e-01 2.539068093938369186e-01 6.502182972407017925e-01 8.858452192696271155e-01 4.128306515163190360e-01 2.148486858733511529e-01 4.221431470325099355e-01 2.611725905391977243e-01 7.959486295706640346e-01 8.451043838022908039e-01 4.157279455015569503e-01 9.496519351923364827e-01 5.395305383215646122e-01 9.067951253771855402e-01 5.439401451961853873e-01 6.715223823390741309e-01 7.361508437066788257e-01 8.753267931459218776e-01 5.417005268400316709e-01 4.909261052137421921e-01 6.683514199555786739e-01 4.589539103930735942e-01 4.166438939952857856e-01 5.281190770722150596e-01 8.168020015809371870e-01 5.513295161813995815e-01 0.000000000000000000e+00 3.631674398018680527e-01 8.508682835986016713e-01 6.158044378808380515e-01 7.519712953078585560e-01 7.949200255862451936e-01 9.215926220417124393e-01 8.029995390985122938e-01
3.145185730768350618e-01 6.818356847174524837e-01 3.896134964260276612e-01 7.589375241080338341e-01 8.590740144405211165e-01 3.718005862479279444e-01 7.521051969647402080e-01 6.245274357656982467e-01 3.634955329932679224e-01 5.046725860225051985e-01 7.342832134448675774e-01 4.819856288496334185e-01 4.220058535424946466e-01 6.769230277137081586e-01 1.330628003015553729e-01 7.345107155509833508e-01 7.402854945403025688e-01 3.208971652166842103e-01 5.349290395013317490e-01 6.818732169524465148e-01 3.396589987276361078e-01 5.009940572734218334e-01 9.939401077815579466e-01 3.048211874623086848e-01 6.832358729250675999e-01 8.554456338330195253e-01 6.552039401524047957e-01 3.631674398018680527e-01 0.000000000000000000e+00 2.436207903366404137e-01 6.640282396716037372e-01 4.901642243935991350e-01 6.971456637014730173e-01 7.847640973894896010e-01 5.904509700022106955e-01
6.379626316134390240e-01 4.838397742695020876e-01 6.125088319070913778e-01 4.756710489809622966e-01 2.868113816364595836e-01 3.272171057232374780e-01 8.040451828726105088e-01 4.659749262087464206e-01 2.276914628156229969e-01 6.038211643355892999e-01 1.893705002312091601e-01 1.882988268900145923e-01 5.815490774044815847e-01 3.615721494826173443e-01 4.871769324365093912e-01 7.419448643724753101e-01 9.569325992652715218e-01 4.690435214064071490e-01 6.289736962567313849e-01 5.268334098035208912e-01 8.243570498960806070e-01 3.260115010317591322e-01 3.985121088171453274e-01 5.491206423736727515e-01 6.896480457724734059e-01 9.735465225051510574e-01 1.703033009192842506e-01 8.508682835986016713e-01 2.436207903366404137e-01 0.000000000000000000e+00 9.129797735950263560e-01 6.910427994582826194e-01 4.719865579215858920e-01 1.119902996968835662e-01 4.646243081461515767e-01
9.785000911695213022e-01 8.927018199805307752e-01 8.249528885775193610e-01 7.497901200853399617e-01 7.191715791639878841e-01 5.747897642598281953e-01 6.083787290643833945e-01 6.134887140808491512e-01 5.639805351561644198e-01 6.264452191776263001e-01 7.562136379754262894e-01 1.856075138379778000e-01 3.111381231954460924e-01 5.249799882568161324e-01 2.953129265260638903e-01 3.822785407686870585e-01 4.957613284390598452e-01 3.972848342581404846e-01 8.476868447751098046e-01 5.776726325918211113e-01 4.116009759222801767e-01 4.713736457732520257e-01 3.937520953253034750e-01 6.641228039705515673e-02 8.163673429689730643e-01 3.118455908565720969e-01 4.663987442447062315e-01 6.158044378808380515e-01 6.640282396716037372e-01 9.129797735950263560e-01 0.000000000000000000e+00 3.785482622204781600e-01 5.075072245013678707e-01 5.573194302948309975e-01 4.193587216377466786e-01
8.627656104426779660e-01 5.126765051011157315e-01 5.677688117116641564e-01 4.497569848088116551e-01 8.890560452703353267e-01 6.763061922454951524e-01 3.814984354722511517e-01 6.930046251048327388e-01 3.340248290184401614e-01 3.111821655444123036e-01 3.144331693225412838e-01 5.099850101851901574e-01 8.155613792055229627e-01 4.968850006590457835e-01 7.156539375031025774e-01 8.536528479008073100e-01 8.814618320762779291e-01 8.100960984498207784e-01 4.627265329710593678e-01 9.726432706087027036e-01 2.637812134915643592e-01 5.553538391715597822e-01 5.706979888128524969e-01 5.256739690170622037e-01 7.026388788062192248e-01 4.397315574429567775e-01 6.574258588838601813e-01 7.519712953078585560e-01 4.901642243935991350e-01 6.910427994582826194e-01 3.785482622204781600e-01 0.000000000000000000e+00 9.328382091564892953e-01 7.778029748951686972e-01 2.002036471822601360e-01
7.946849484702380728e-01 7.527275528745965838e-01 5.201028452541869296e-01 7.519396243563818416e-01 5.473982299625281822e-01 5.250228087761322771e-01 4.675869153752963414e-01 2.087074692949012489e-01 8.088971630083463538e-01 7.976933857646157922e-01 8.302029740250735923e-01 6.026244462571761495e-01 2.858207633551529958e-01 6.788928543454759712e-01 5.121215246753101358e-01 4.060236117067470563e-01 4.426238454398236932e-01 8.420239248488985417e-01 6.952825411481147189e-01 4.536198570448615186e-01 4.597225772971906821e-01 8.411469125907715672e-01 6.026608278441349942e-01 5.210600514114377413e-01 5.210186382867176835e-02 2.996033615397978855e-01 6.776257995642160914e-01 7.949200255862451936e-01 6.971456637014730173e-01 4.719865579215858920e-01 5.075072245013678707e-01 9.328382091564892953e-01 0.000000000000000000e+00 7.662963713473306404e-01 6.256614355232259506e-01
5.845916614066120065e-01 6.652391040662574140e-01 6.236068846830380430e-01 5.283101533682221795e-01 6.763308780861420066e-01 6.506916551817909511e-01 4.792548152038876297e-01 3.816809594461479938e-01 7.547413646387965969e-01 5.667906640140785157e-01 5.305313920164137498e-01 4.370541752225488574e-01 3.112762894745184639e-01 3.775040369042588217e-01 8.855702790112396361e-01 6.451701266115631439e-01 6.076037618658858275e-01 2.777024951550872145e-01 7.057601868396288225e-01 5.049592840149801365e-01 8.485236139049980864e-01 7.276662243834272070e-01 8.383361108849894938e-01 3.592782116724221320e-01 3.430200181897109513e-01 3.574056171378021673e-01 9.696968797635642234e-01 9.215926220417124393e-01 7.847640973894896010e-01 1.119902996968835662e-01 5.573194302948309975e-01 7.778029748951686972e-01 7.662963713473306404e-01 0.000000000000000000e+00 7.266655559371674178e-01
5.388949607890145543e-01 3.342683580344700811e-01 3.627358501476426467e-01 6.035564699747256734e-01 1.828745379917611213e-01 3.160731935370295620e-01 4.923469033651747817e-01 1.223224094713122323e-01 5.600805306752472124e-01 1.141639238783801469e-01 3.561416742042261552e-01 9.428838226393700950e-01 4.977719196401321211e-01 4.526431253880013883e-01 9.067710672888613654e-01 8.145155796508477541e-01 1.496892126445781290e-01 4.095369223283847893e-01 5.417047629722744340e-01 1.258619144438151150e-01 7.235676091705868229e-01 2.909999935262874704e-01 3.258332708548770107e-01 9.165685827480609671e-01 7.521120735902595555e-01 2.716736345047904289e-01 5.110622609682806683e-01 8.029995390985122938e-01 5.904509700022106955e-01 4.646243081461515767e-01 4.193587216377466786e-01 2.002036471822601360e-01 6.256614355232259506e-01 7.266655559371674178e-01 0.000000000000000000e+00
