0.000000000000000000e+00 4.818101650749113118e-01 3.983125237108118277e-01 3.255922279586185297e-01 1.362956877747099060e-01 3.950341834309465394e-01 4.562545735813612890e-01 3.977231109498986505e-01 5.871331254150842227e-01 4.133312465105590250e-01 7.157627996861996023e-01 1.619640394399517458e-01 4.394686798644767967e-01 5.115690941761130706e-01 2.312233798788624894e-01 5.628149993000844953e-01 5.280022817822778158e-01 3.531325693584452252e-01 3.494486023355481974e-01 2.561881051723259306e-01 2.030214381535224155e-01 3.263058620683725319e-01 4.547778369650818941e-01 7.200577487261403675e-01 2.429503952383452736e-01 4.619478421315809102e-01 5.032251031242664929e-01 6.253347022273411104e-01 9.198988233656688607e-01 2.342446245393847160e-01 6.540955131187838889e-01 8.806299693963461905e-01 1.105414636091865965e-01 7.597073261474476258e-01 4.035820970969645205e-01
4.818101650749113118e-01 0.000000000000000000e+00 2.749016478339362246e-01 4.251083758073384011e-01 7.147356534265243422e-01 3.851198240060421663e-01 1.725867741828150947e-01 2.970565970265821032e-01 1.596401124752927503e-01 8.106274683890933863e-01 6.347023427448451605e-01 5.668152086543536416e-01 2.976842820737732875e-01 7.244239284105136178e-01 7.857222462766415561e-01 6.851105310240150903e-01 4.270681198967464232e-01 1.605420742591625594e-01 3.191613754090926180e-01 7.399074122275427490e-01 4.527035267797226425e-01 8.881384095840278992e-01 1.114711098899280328e-01 2.953619470563991767e-01 4.338107469364504976e-02 8.086774061191943641e-01 7.292193172246702604e-01 4.441550835655139751e-01 4.077144993882275692e-02 4.851793504412810210e-01 3.223322270504792031e-01 5.798055712332039757e-01 5.693978271760828935e-01 3.704055561938720542e-01 7.981452559612565167e-01
3.983125237108118277e-01 2.749016478339362246e-01 0.000000000000000000e+00 3.308408593677786280e-01 5.292994582289851646e-01 7.523526432998065561e-01 3.104363699192358439e-01 4.497084337498742923e-01 4.797320932757426215e-01 2.782863916284433747e-01 3.507363003491853481e-01 7.548086903767097233e-01 3.253901321024353921e-01 1.261826837727356709e-01 7.989289217146089417e-01 4.282180983653778306e-01 3.942840260260803698e-01 4.207282535132291779e-01 3.333846171346463994e-01 5.960911080736296386e-01 2.891212465904573481e-01 2.808506547093116978e-01 7.612839389762795506e-01 3.744839756117506191e-01 2.766772012816076654e-02 2.842377760433802969e-01 4.625691697808131386e-01 5.941321139902662196e-01 4.188473443154573372e-01 2.195459075040205876e-01 1.859016553214367651e-01 4.772430031945884554e-01 4.467273672391247064e-01 5.419897782259159857e-01 3.641479383375865186e-01
3.255922279586185297e-01 4.251083758073384011e-01 3.308408593677786280e-01 0.000000000000000000e+00 7.253761507775042805e-01 2.423416636738812135e-01 3.793776866953781357e-01 5.752697973492371109e-01 6.476621822586247079e-01 8.514964396986525186e-01 5.288965800017795260e-01 3.817272250600813877e-01 3.993315837162672022e-01 5.294506336525465207e-01 2.000588307842371405e-01 6.696632379910578692e-01 5.685841680764416317e-01 5.816682769881453829e-01 3.053820178794978135e-01 2.229604349047553669e-01 5.423525658352674750e-01 3.499855784379952151e-01 8.281449859548928316e-01 7.933315632464437162e-01 4.248689785743962055e-01 3.815286797422794973e-01 8.484436680709721568e-01 7.776477179117997629e-01 1.972709699519548665e-01 5.145166588381899775e-01 4.229208489031487939e-01 5.947751173402857638e-01 8.618572836018782990e-01 6.848476095309081746e-01 4.066535410776844217e-01
1.362956877747099060e-01 7.147356534265243422e-01 5.292994582289851646e-01 7.253761507775042805e-01 0.000000000000000000e+00 3.226890562824905606e-01 7.710039137232396200e-01 4.382110344181959771e-01 4.176455631953237546e-01 2.895836790298851326e-01 8.058974109479892789e-01 4.858916653489369075e-01 5.158041464680336308e-01 5.351784702426335416e-01 6.398394527006379118e-01 8.920113068038861837e-01 3.489522858038942577e-01 5.541429868023224348e-01 3.924278368802109340e-01 1.476916441954034820e-01 7.993378355779984235e-01 3.481865441347384849e-01 2.818826966501921660e-01 1.528956264146773547e-01 4.985051384130418928e-01 4.638001022745083524e-01 2.746621786397072662e-01 1.926237424237194906e-01 7.419001959147566438e-01 5.365308663990422389e-01 2.370065627528872287e-01 5.891096055386420005e-01 7.051615790401890571e-01 6.127593227840868462e-01 8.034245314991605991e-01
3.950341834309465394e-01 3.851198240060421663e-01 7.523526432998065561e-01 2.423416636738812135e-01 3.226890562824905606e-01 0.000000000000000000e+00 6.449044843034408281e-01 4.529835541572813096e-01 1.515530743773457201e-01 3.903127651834253364e-01 5.717636433577599764e-01 6.243790488175794406e-01 7.052067670952206768e-01 3.969112140680419176e-01 6.324375450458695758e-01 4.311335342106177859e-01 2.563542512715473731e-01 6.749987620502027053e-01 9.462574460388486486e-01 5.413308162386929467e-01 4.985764566835668710e-01 4.942277423343370280e-01 7.586863764804927523e-01 7.793368745892670368e-01 1.818946898924655997e-01 5.042045722457925150e-01 3.239777563384944603e-01 3.369198767039507381e-01 5.107865573399883452e-01 4.976958691840540627e-01 6.975907989267940978e-01 7.066946289597423325e-01 6.060247976565964478e-01 8.508639253260573687e-01 7.529226042703771604e-01
4.562545735813612890e-01 1.725867741828150947e-01 3.104363699192358439e-01 3.793776866953781357e-01 7.710039137232396200e-01 6.449044843034408281e-01 0.000000000000000000e+00 5.654258210259515138e-01 3.161080513055856134e-01 7.563439059500471906e-01 5.003019542767945804e-01 6.949691372970451253e-01 6.408777351983876436e-01 6.570910435129395655e-01 4.298693884750329763e-01 5.865358240314966221e-01 5.400392124269938199e-01 6.478395215333967450e-01 7.877931395868627007e-01 4.153890609517528754e-01 3.486957768026071602e-01 5.943264263552705540e-01 4.948499527117437014e-01 7.696584148924991986e-01 9.277529176303520586e-01 4.473198750308920446e-01 4.538558184390416028e-01 2.657373648595164894e-01 6.308887385059183117e-01 3.044615290463084101e-01 4.291476613074587942e-01 2.620134463793910573e-01 1.436449238032946329e-01 8.110739844201689808e-01 1.531506765085335897e-01
3.977231109498986505e-01 2.970565970265821032e-01 4.497084337498742923e-01 5.752697973492371109e-01 4.382110344181959771e-01 4.529835541572813096e-01 5.654258210259515138e-01 0.000000000000000000e+00 6.130769160650231253e-01 4.373146418094279175e-01 6.226877504835071075e-02 6.407276092960634273e-01 4.719565576113217698e-01 1.913285344287107836e-01 4.202928961878709679e-01 2.505449133145102314e-01 9.591063791165652663e-01 1.358058865783939861e-01 8.274814113889245037e-01 4.335758241221731590e-01 5.389049986857952224e-01 2.951337166008342061e-01 3.588987255934802389e-01 5.709037034577512104e-01 3.004433036386570111e-01 3.078275989969340154e-01 4.858897458713920536e-01 6.444682769880070161e-01 3.104058042782968374e-01 4.124407518703838704e-01 2.939852156532220540e-01 8.958523789062221576e-01 2.029136886879779889e-01 6.556294680081229398e-01 3.255344109036585332e-01
5.871331254150842227e-01 1.596401124752927503e-01 4.797320932757426215e-01 6.476621822586247079e-01 4.176455631953237546e-01 1.515530743773457201e-01 3.161080513055856134e-01 6.130769160650231253e-01 0.000000000000000000e+00 1.096558951323303166e-01 6.383517452117968283e-01 6.266346871256383011e-01 5.756855217620153731e-01 2.845654415758512856e-01 8.079319577977748246e-01 3.384123430756467710e-01 6.061803931794912392e-01 5.895109595949620251e-01 5.400245660386265856e-01 2.399655787348299874e-01 1.756003324197249471e-01 3.324245882631773341e-01 2.791403577624034793e-01 3.714404218389272816e-01 4.110660084321894892e-01 7.375395237748110233e-01 3.811999272539486894e-01 5.930579899123106236e-01 7.740252228486182995e-01 4.775841247645358778e-01 2.056460880918761780e-01 3.826173732112506665e-01 2.606903636102829713e-01 4.859173510214607750e-01 3.196203873900130832e-01
4.133312465105590250e-01 8.106274683890933863e-01 2.782863916284433747e-01 8.514964396986525186e-01 2.895836790298851326e-01 3.903127651834253364e-01 7.563439059500471906e-01 4.373146418094279175e-01 1.096558951323303166e-01 0.000000000000000000e+00 8.781172196125348606e-01 5.336141669673997168e-01 7.009923692854294064e-01 8.022944279180285188e-01 3.901110801994850941e-01 6.487832215333609875e-01 5.408389302530469678e-02 6.810662183554898608e-01 1.944890225961387609e-01 4.835063767679422808e-01 5.178514514739567254e-01 8.709964831483341108e-01 6.275039991923642146e-01 5.790237088512671937e-01 3.721609868289960654e-01 5.088387312915358951e-01 6.775145964671521748e-01 4.476144899199271388e-01 6.012634120897855095e-01 4.259112625265046859e-01 6.301217162401040461e-01 5.612353947466216519e-01 5.976329678183058824e-01 1.510759003356447749e-01 9.389318099826438058e-01
7.157627996861996023e-01 6.347023427448451605e-01 3.507363003491853481e-01 5.288965800017795260e-01 8.058974109479892789e-01 5.717636433577599764e-01 5.003019542767945804e-01 6.226877504835071075e-02 6.383517452117968283e-01 8.781172196125348606e-01 0.000000000000000000e+00 4.413570274824401007e-01 3.324027281692648605e-01 5.775602361513036964e-01 5.935850155388999738e-01 2.170789480452974818e-01 4.992618670953484217e-01 3.087989853896556114e-01 4.817902216637516277e-01 4.980805585846086458e-01 3.236126807400682148e-01 4.667386147184053868e-01 3.019675079160918374e-01 1.990681547701323995e-01 8.844446567827335404e-01 2.355241445718962989e-01 6.741267007418658697e-01 7.561553071079335497e-02 7.234116511622677992e-01 5.120776662214515662e-01 7.152590717828238853e-01 5.386162377394438927e-01 5.857179762587733096e-01 4.880755922213657616e-01 3.080544568810915651e-01
1.619640394399517458e-01 5.668152086543536416e-01 7.548086903767097233e-01 3.817272250600813877e-01 4.858916653489369075e-01 6.243790488175794406e-01 6.949691372970451253e-01 6.407276092960634273e-01 6.266346871256383011e-01 5.336141669673997168e-01 4.413570274824401007e-01 0.000000000000000000e+00 7.680320880409122752e-01 5.432857703749782718e-01 2.445620156627416053e-01 7.990104037832961303e-01 1.064545018095661710e-01 5.740464814027909091e-01 5.588623742489335910e-01 2.392317028644809773e-01 7.528755404281772812e-03 6.798895049246949096e-01 4.905784487068212130e-01 2.543551749867016820e-01 1.684272574128556355e-01 4.393338748118721382e-01 3.520110794328505932e-01 4.864826610835145115e-01 4.924961478688552052e-01 4.379641623036047982e-01 2.508368537204860860e-01 5.608781739419729240e-01 2.914371788857046397e-01 6.158151156707439844e-01 6.470978543876767519e-01
4.394686798644767967e-01 2.976842820737732875e-01 3.253901321024353921e-01 3.993315837162672022e-01 5.158041464680336308e-01 7.052067670952206768e-01 6.408777351983876436e-01 4.719565576113217698e-01 5.756855217620153731e-01 7.009923692854294064e-01 3.324027281692648605e-01 7.680320880409122752e-01 0.000000000000000000e+00 5.830884998996468394e-01 7.718154204519978023e-02 3.509258703512632138e-01 6.634534195316506011e-01 7.647809675430903287e-01 7.113565558383637688e-01 4.453031458194712799e-01 1.142046647468309972e-01 1.666956915260719985e-01 6.479896903707583755e-01 2.553554734386720426e-01 6.613417282321301105e-01 2.732620220112043086e-01 3.439058026057610906e-01 5.514015993552937589e-01 3.905202142461774995e-01 9.454448173409299994e-01 5.719132297293707534e-01 3.573919874925994833e-01 1.811594634577757823e-01 1.380889657909205592e-01 4.735770689324075300e-01
5.115690941761130706e-01 7.244239284105136178e-01 1.261826837727356709e-01 5.294506336525465207e-01 5.351784702426335416e-01 3.969112140680419176e-01 6.570910435129395655e-01 1.913285344287107836e-01 2.845654415758512856e-01 8.022944279180285188e-01 5.775602361513036964e-01 5.432857703749782718e-01 5.830884998996468394e-01 0.000000000000000000e+00 4.969891698337883801e-01 4.711356849293946158e-01 6.704976094116001928e-01 5.366079550308968660e-01 7.879705345384026005e-01 8.305023794564740935e-01 3.824299394372728811e-01 4.838673908174167537e-01 8.005355802062341652e-01 3.875792277010148279e-01 9.392561397486955954e-01 4.690614574546423388e-01 2.757871439033456329e-01 4.148277274621953170e-01 8.188696383515454702e-01 3.990061205570565317e-01 4.233998928221246461e-01 2.301224903198217930e-01 7.430496397923745944e-01 6.461885109058896903e-01 7.990588039346975258e-01
2.312233798788624894e-01 7.857222462766415561e-01 7.989289217146089417e-01 2.000588307842371405e-01 6.398394527006379118e-01 6.324375450458695758e-01 4.298693884750329763e-01 4.202928961878709679e-01 8.079319577977748246e-01 3.901110801994850941e-01 5.935850155388999738e-01 2.445620156627416053e-01 7.718154204519978023e-02 4.969891698337883801e-01 0.000000000000000000e+00 5.257207485192316732e-01 5.598865398005881122e-01 5.014123043013499759e-01 5.319276210452001941e-01 7.398580682782968099e-01 4.231368889211830076e-01 5.180793425601114555e-01 4.891679526492059837e-01 8.537033343238209504e-01 2.017855387070466300e-01 4.523051562978197548e-01 1.402033597819421495e-01 8.145568398529412502e-01 6.140819681480895742e-01 6.772659274814218922e-01 4.610220961034546816e-01 2.129517354494864234e-01 3.734264248521759200e-01 6.104581676166349613e-01 7.325611396736312342e-01
5.628149993000844953e-01 6.851105310240150903e-01 4.282180983653778306e-01 6.696632379910578692e-01 8.920113068038861837e-01 4.311335342106177859e-01 5.865358240314966221e-01 2.505449133145102314e-01 3.384123430756467710e-01 6.487832215333609875e-01 2.170789480452974818e-01 7.990104037832961303e-01 3.509258703512632138e-01 4.711356849293946158e-01 5.257207485192316732e-01 0.000000000000000000e+00 7.756940154426434919e-01 5.505384445829364370e-01 4.909591339131994525e-01 9.132416530288494094e-01 6.022036278843843071e-01 2.350832092046731825e-01 4.951712093252071401e-01 4.203671951494865056e-01 2.570536182115614743e-01 6.143389447130491732e-01 4.935158419109517691e-01 1.527788492285310218e-01 4.161766539715188173e-01 6.598267503070232021e-01 7.442241796502153672e-01 8.606509347065509630e-01 8.263546996505861664e-01 4.873999580928631836e-01 4.499239046234022044e-01
5.280022817822778158e-01 4.270681198967464232e-01 3.942840260260803698e-01 5.685841680764416317e-01 3.489522858038942577e-01 2.563542512715473731e-01 5.400392124269938199e-01 9.591063791165652663e-01 6.061803931794912392e-01 5.408389302530469678e-02 4.992618670953484217e-01 1.064545018095661710e-01 6.634534195316506011e-01 6.704976094116001928e-01 5.598865398005881122e-01 7.756940154426434919e-01 0.000000000000000000e+00 5.276592658113890000e-01 1.379082384139516115e-01 2.619872050589772128e-01 5.084357980264395671e-01 7.210222219893157591e-01 6.669479457909670561e-01 4.419819286817248116e-01 8.002286863325140942e-01 7.355164040756190236e-01 7.927959725274872360e-01 7.965298588463567420e-01 3.143885298434386799e-01 4.571225649804184776e-01 6.972527410948934357e-01 1.766453449425292588e-01 8.776302346911095675e-01 2.720753332568492944e-01 9.893584462281734826e-02
3.531325693584452252e-01 1.605420742591625594e-01 4.207282535132291779e-01 5.816682769881453829e-01 5.541429868023224348e-01 6.749987620502027053e-01 6.478395215333967450e-01 1.358058865783939861e-01 5.895109595949620251e-01 6.810662183554898608e-01 3.087989853896556114e-01 5.740464814027909091e-01 7.647809675430903287e-01 5.366079550308968660e-01 5.014123043013499759e-01 5.505384445829364370e-01 5.276592658113890000e-01 0.000000000000000000e+00 5.416470672968851652e-01 5.151846807390836336e-01 7.546227609929525570e-01 7.767823274457521521e-01 8.593410270256478523e-01 5.556971087183595337e-01 5.685138432268261877e-01 5.736194762667565783e-01 5.227647236131683917e-01 1.297260294998179297e-01 4.762844059355040849e-01 2.664185330314663425e-01 4.512642610258316145e-01 6.112884821179453976e-01 8.983521368957332331e-01 5.573730350995345084e-01 1.640469668064056252e-01
3.494486023355481974e-01 3.191613754090926180e-01 3.333846171346463994e-01 3.053820178794978135e-01 3.924278368802109340e-01 9.462574460388486486e-01 7.877931395868627007e-01 8.274814113889245037e-01 5.400245660386265856e-01 1.944890225961387609e-01 4.817902216637516277e-01 5.588623742489335910e-01 7.113565558383637688e-01 7.879705345384026005e-01 5.319276210452001941e-01 4.909591339131994525e-01 1.379082384139516115e-01 5.416470672968851652e-01 0.000000000000000000e+00 3.378554425159605579e-01 7.981496704942430132e-01 5.349642429004421995e-01 9.207075559903792339e-01 2.565814291096945032e-01 7.220233744334918491e-01 5.358786784268083636e-01 4.953307256244506851e-01 2.773470932707213787e-01 7.026795981852924644e-01 1.283086081529870581e-01 8.157517200928476875e-01 4.608378743828097646e-01 6.466410929512881323e-01 4.819934595347767914e-01 5.161466913385607258e-01
2.561881051723259306e-01 7.399074122275427490e-01 5.960911080736296386e-01 2.229604349047553669e-01 1.476916441954034820e-01 5.413308162386929467e-01 4.153890609517528754e-01 4.335758241221731590e-01 2.399655787348299874e-01 4.835063767679422808e-01 4.980805585846086458e-01 2.392317028644809773e-01 4.453031458194712799e-01 8.305023794564740935e-01 7.398580682782968099e-01 9.132416530288494094e-01 2.619872050589772128e-01 5.151846807390836336e-01 3.378554425159605579e-01 0.000000000000000000e+00 1.940989621195735593e-01 7.537357991178346150e-01 3.403701530073537374e-01 4.975886953654595213e-01 5.659756078328703754e-02 7.093371980815097455e-01 4.446975643174538306e-01 3.923326831096746736e-01 3.015555219792566133e-01 4.145528874145286147e-01 3.278429316217978950e-01 6.853709591657135558e-01 3.880375822188133483e-01 1.301518833919271256e-01 5.003000497802171376e-01
2.030214381535224155e-01 4.527035267797226425e-01 2.891212465904573481e-01 5.423525658352674750e-01 7.993378355779984235e-01 4.985764566835668710e-01 3.486957768026071602e-01 5.389049986857952224e-01 1.756003324197249471e-01 5.178514514739567254e-01 3.236126807400682148e-01 7.528755404281772812e-03 1.142046647468309972e-01 3.824299394372728811e-01 4.231368889211830076e-01 6.022036278843843071e-01 5.084357980264395671e-01 7.546227609929525570e-01 7.981496704942430132e-01 1.940989621195735593e-01 0.000000000000000000e+00 7.145924914174094367e-01 4.753219894358204911e-01 4.121364996189177399e-01 5.625674323362568341e-01 7.764948203399067994e-01 1.563161930053851290e-01 5.320751513466523974e-01 6.404799484613228344e-01 9.152289722808640837e-01 5.469629092707219975e-01 4.595402229295265650e-01 4.479585573893367645e-01 5.592111321465327300e-01 7.821173357402424475e-01
3.263058620683725319e-01 8.881384095840278992e-01 2.808506547093116978e-01 3.499855784379952151e-01 3.481865441347384849e-01 4.942277423343370280e-01 5.943264263552705540e-01 2.951337166008342061e-01 3.324245882631773341e-01 8.709964831483341108e-01 4.667386147184053868e-01 6.798895049246949096e-01 1.666956915260719985e-01 4.838673908174167537e-01 5.180793425601114555e-01 2.350832092046731825e-01 7.210222219893157591e-01 7.767823274457521521e-01 5.349642429004421995e-01 7.537357991178346150e-01 7.145924914174094367e-01 0.000000000000000000e+00 5.370978747541022003e-01 6.624731880169414389e-01 3.769161575755838878e-01 9.676616953376571129e-02 4.801081711580801326e-01 3.110071141664664252e-01 8.015993359311907041e-01 8.129788632198686749e-01 4.799714366484681971e-01 4.538288893345202024e-01 7.144666396435099820e-01 5.403125641667311241e-01 3.252273387569930563e-01
4.547778369650818941e-01 1.114711098899280328e-01 7.612839389762795506e-01 8.281449859548928316e-01 2.818826966501921660e-01 7.586863764804927523e-01 4.948499527117437014e-01 3.588987255934802389e-01 2.791403577624034793e-01 6.275039991923642146e-01 3.019675079160918374e-01 4.905784487068212130e-01 6.479896903707583755e-01 8.005355802062341652e-01 4.891679526492059837e-01 4.951712093252071401e-01 6.669479457909670561e-01 8.593410270256478523e-01 9.207075559903792339e-01 3.403701530073537374e-01 4.753219894358204911e-01 5.370978747541022003e-01 0.000000000000000000e+00 5.361187160260777462e-01 5.559605028350966816e-02 6.511147369371197424e-01 3.662265030120080977e-01 3.311732156138360028e-01 8.811084196238125887e-01 6.991173503603494988e-01 2.420246469064420980e-01 7.165333994003242335e-01 2.911103898233100562e-01 7.911769936188302044e-01 5.847566103954094929e-01
7.200577487261403675e-01 2.953619470563991767e-01 3.744839756117506191e-01 7.933315632464437162e-01 1.528956264146773547e-01 7.793368745892670368e-01 7.696584148924991986e-01 5.709037034577512104e-01 3.714404218389272816e-01 5.790237088512671937e-01 1.990681547701323995e-01 2.543551749867016820e-01 2.553554734386720426e-01 3.875792277010148279e-01 8.537033343238209504e-01 4.203671951494865056e-01 4.419819286817248116e-01 5.556971087183595337e-01 2.565814291096945032e-01 4.975886953654595213e-01 4.121364996189177399e-01 6.624731880169414389e-01 5.361187160260777462e-01 0.000000000000000000e+00 6.391881309193601091e-01 5.408082759525548733e-01 4.645874518017137911e-01 6.500250305036912035e-01 2.552667991529948277e-01 3.403049366761404237e-01 2.167269904439064199e-01 7.327802728542891497e-01 3.238302142285545138e-01 6.665403615773473067e-01 7.661624350725787513e-01
2.429503952383452736e-01 4.338107469364504976e-02 2.766772012816076654e-02 4.248689785743962055e-01 4.985051384130418928e-01 1.818946898924655997e-01 9.277529176303520586e-01 3.004433036386570111e-01 4.110660084321894892e-01 3.721609868289960654e-01 8.844446567827335404e-01 1.684272574128556355e-01 6.613417282321301105e-01 9.392561397486955954e-01 2.017855387070466300e-01 2.570536182115614743e-01 8.002286863325140942e-01 5.685138432268261877e-01 7.220233744334918491e-01 5.659756078328703754e-02 5.625674323362568341e-01 3.769161575755838878e-01 5.559605028350966816e-02 6.391881309193601091e-01 0.000000000000000000e+00 7.522855979808802385e-01 3.271536598373512295e-01 5.321280276668496345e-01 2.194618756643862412e-01 3.331384031424083902e-01 5.717647562608559886e-01 8.006602575556183155e-01 3.455694198435992348e-01 5.344781782789580493e-01 3.719094009267188694e-01
4.619478421315809102e-01 8.086774061191943641e-01 2.842377760433802969e-01 3.815286797422794973e-01 4.638001022745083524e-01 5.042045722457925150e-01 4.473198750308920446e-01 3.078275989969340154e-01 7.375395237748110233e-01 5.088387312915358951e-01 2.355241445718962989e-01 4.393338748118721382e-01 2.732620220112043086e-01 4.690614574546423388e-01 4.523051562978197548e-01 6.143389447130491732e-01 7.355164040756190236e-01 5.736194762667565783e-01 5.358786784268083636e-01 7.093371980815097455e-01 7.764948203399067994e-01 9.676616953376571129e-02 6.511147369371197424e-01 5.408082759525548733e-01 7.522855979808802385e-01 0.000000000000000000e+00 6.694718396365204605e-01 1.275451472053686919e-01 2.995003686229438244e-01 1.778577278818298524e-01 7.810108164901643502e-01 4.671672179433012939e-01 5.768749867978300028e-01 2.250311421269082235e-01 5.632776581513820879e-01
5.032251031242664929e-01 7.292193172246702604e-01 4.625691697808131386e-01 8.484436680709721568e-01 2.746621786397072662e-01 3.239777563384944603e-01 4.538558184390416028e-01 4.858897458713920536e-01 3.811999272539486894e-01 6.775145964671521748e-01 6.741267007418658697e-01 3.520110794328505932e-01 3.439058026057610906e-01 2.757871439033456329e-01 1.402033597819421495e-01 4.935158419109517691e-01 7.927959725274872360e-01 5.227647236131683917e-01 4.953307256244506851e-01 4.446975643174538306e-01 1.563161930053851290e-01 4.801081711580801326e-01 3.662265030120080977e-01 4.645874518017137911e-01 3.271536598373512295e-01 6.694718396365204605e-01 0.000000000000000000e+00 4.946219379100405544e-01 8.475481787067554729e-01 1.510328634202373621e-01 7.428193386579762247e-01 2.254362685880773598e-01 7.436513832674851443e-01 4.878415542126820492e-01 4.004507201772306568e-01
6.253347022273411104e-01 4.441550835655139751e-01 5.941321139902662196e-01 7.776477179117997629e-01 1.926237424237194906e-01 3.369198767039507381e-01 2.657373648595164894e-01 6.444682769880070161e-01 5.930579899123106236e-01 4.476144899199271388e-01 7.561553071079335497e-02 4.864826610835145115e-01 5.514015993552937589e-01 4.148277274621953170e-01 8.145568398529412502e-01 1.527788492285310218e-01 7.965298588463567420e-01 1.297260294998179297e-01 2.773470932707213787e-01 3.923326831096746736e-01 5.320751513466523974e-01 3.110071141664664252e-01 3.311732156138360028e-01 6.500250305036912035e-01 5.321280276668496345e-01 1.275451472053686919e-01 4.946219379100405544e-01 0.000000000000000000e+00 5.856884314527783797e-01 7.218716717728006493e-01 9.229923266208313049e-01 2.137220450783244852e-01 5.054081428997896364e-01 5.151889765006463229e-01 7.309106896513690721e-01
9.198988233656688607e-01 4.077144993882275692e-02 4.188473443154573372e-01 1.972709699519548665e-01 7.419001959147566438e-01 5.107865573399883452e-01 6.308887385059183117e-01 3.104058042782968374e-01 7.740252228486182995e-01 6.012634120897855095e-01 7.234116511622677992e-01 4.924961478688552052e-01 3.905202142461774995e-01 8.188696383515454702e-01 6.140819681480895742e-01 4.161766539715188173e-01 3.143885298434386799e-01 4.762844059355040849e-01 7.026795981852924644e-01 3.015555219792566133e-01 6.404799484613228344e-01 8.015993359311907041e-01 8.811084196238125887e-01 2.552667991529948277e-01 2.194618756643862412e-01 2.995003686229438244e-01 8.475481787067554729e-01 5.856884314527783797e-01 0.000000000000000000e+00 4.888560228901929205e-01 2.689679245516409245e-01 1.881325751745775432e-01 5.292716489914435218e-01 8.447444122413538814e-01 7.112077846916033952e-01
2.342446245393847160e-01 4.851793504412810210e-01 2.195459075040205876e-01 5.145166588381899775e-01 5.365308663990422389e-01 4.976958691840540627e-01 3.044615290463084101e-01 4.124407518703838704e-01 4.775841247645358778e-01 4.259112625265046859e-01 5.120776662214515662e-01 4.379641623036047982e-01 9.454448173409299994e-01 3.990061205570565317e-01 6.772659274814218922e-01 6.598267503070232021e-01 4.571225649804184776e-01 2.664185330314663425e-01 1.283086081529870581e-01 4.145528874145286147e-01 9.152289722808640837e-01 8.129788632198686749e-01 6.991173503603494988e-01 3.403049366761404237e-01 3.331384031424083902e-01 1.778577278818298524e-01 1.510328634202373621e-01 7.218716717728006493e-01 4.888560228901929205e-01 0.000000000000000000e+00 5.372831204968498975e-01 1.818080827559248602e-01 3.218675750766470944e-01 3.293905511794685825e-01 4.504426866771576998e-01
6.540955131187838889e-01 3.223322270504792031e-01 1.859016553214367651e-01 4.229208489031487939e-01 2.370065627528872287e-01 6.975907989267940978e-01 4.291476613074587942e-01 2.939852156532220540e-01 2.056460880918761780e-01 6.301217162401040461e-01 7.152590717828238853e-01 2.508368537204860860e-01 5.719132297293707534e-01 4.233998928221246461e-01 4.610220961034546816e-01 7.442241796502153672e-01 6.972527410948934357e-01 4.512642610258316145e-01 8.157517200928476875e-01 3.278429316217978950e-01 5.469629092707219975e-01 4.799714366484681971e-01 2.420246469064420980e-01 2.167269904439064199e-01 5.717647562608559886e-01 7.810108164901643502e-01 7.428193386579762247e-01 9.229923266208313049e-01 2.689679245516409245e-01 5.372831204968498975e-01 0.000000000000000000e+00 4.355821883881779155e-01 1.756831605540377650e-01 2.958898707839890951e-01 5.622282994258881450e-01
8.806299693963461905e-01 5.798055712332039757e-01 4.772430031945884554e-01 5.947751173402857638e-01 5.891096055386420005e-01 7.066946289597423325e-01 2.620134463793910573e-01 8.958523789062221576e-01 3.826173732112506665e-01 5.612353947466216519e-01 5.386162377394438927e-01 5.608781739419729240e-01 3.573919874925994833e-01 2.301224903198217930e-01 2.129517354494864234e-01 8.606509347065509630e-01 1.766453449425292588e-01 6.112884821179453976e-01 4.608378743828097646e-01 6.853709591657135558e-01 4.595402229295265650e-01 4.538288893345202024e-01 7.165333994003242335e-01 7.327802728542891497e-01 8.006602575556183155e-01 4.671672179433012939e-01 2.254362685880773598e-01 2.137220450783244852e-01 1.881325751745775432e-01 1.818080827559248602e-01 4.355821883881779155e-01 0.000000000000000000e+00 3.631625540942189367e-01 7.537690501982079461e-01 1.096797008020178321e-01
1.105414636091865965e-01 5.693978271760828935e-01 4.467273672391247064e-01 8.618572836018782990e-01 7.051615790401890571e-01 6.060247976565964478e-01 1.436449238032946329e-01 2.029136886879779889e-01 2.606903636102829713e-01 5.976329678183058824e-01 5.857179762587733096e-01 2.914371788857046397e-01 1.811594634577757823e-01 7.430496397923745944e-01 3.734264248521759200e-01 8.263546996505861664e-01 8.776302346911095675e-01 8.983521368957332331e-01 6.466410929512881323e-01 3.880375822188133483e-01 4.479585573893367645e-01 7.144666396435099820e-01 2.911103898233100562e-01 3.238302142285545138e-01 3.455694198435992348e-01 5.768749867978300028e-01 7.436513832674851443e-01 5.054081428997896364e-01 5.292716489914435218e-01 3.218675750766470944e-01 1.756831605540377650e-01 3.631625540942189367e-01 0.000000000000000000e+00 7.281555021355186064e-01 2.023885536430715115e-01
7.597073261474476258e-01 3.704055561938720542e-01 5.419897782259159857e-01 6.848476095309081746e-01 6.127593227840868462e-01 8.508639253260573687e-01 8.110739844201689808e-01 6.556294680081229398e-01 4.859173510214607750e-01 1.510759003356447749e-01 4.880755922213657616e-01 6.158151156707439844e-01 1.380889657909205592e-01 6.461885109058896903e-01 6.104581676166349613e-01 4.873999580928631836e-01 2.720753332568492944e-01 5.573730350995345084e-01 4.819934595347767914e-01 1.301518833919271256e-01 5.592111321465327300e-01 5.403125641667311241e-01 7.911769936188302044e-01 6.665403615773473067e-01 5.344781782789580493e-01 2.250311421269082235e-01 4.878415542126820492e-01 5.151889765006463229e-01 8.447444122413538814e-01 3.293905511794685825e-01 2.958898707839890951e-01 7.537690501982079461e-01 7.281555021355186064e-01 0.000000000000000000e+00 7.279305538518454632e-01
4.035820970969645205e-01 7.981452559612565167e-01 3.641479383375865186e-01 4.066535410776844217e-01 8.034245314991605991e-01 7.529226042703771604e-01 1.531506765085335897e-01 3.255344109036585332e-01 3.196203873900130832e-01 9.389318099826438058e-01 3.080544568810915651e-01 6.470978543876767519e-01 4.735770689324075300e-01 7.990588039346975258e-01 7.325611396736312342e-01 4.499239046234022044e-01 9.893584462281734826e-02 1.640469668064056252e-01 5.161466913385607258e-01 5.003000497802171376e-01 7.821173357402424475e-01 3.252273387569930563e-01 5.847566103954094929e-01 7.661624350725787513e-01 3.719094009267188694e-01 5.632776581513820879e-01 4.004507201772306568e-01 7.309106896513690721e-01 7.112077846916033952e-01 4.504426866771576998e-01 5.622282994258881450e-01 1.096797008020178321e-01 2.023885536430715115e-01 7.279305538518454632e-01 0.000000000000000000e+00
