0.000000000000000000e+00 8.442224120567308754e-01 6.640661686177118384e-01 3.825323638496896939e-01 4.401999227508244239e-01 1.568507952154268859e-01 9.009327247666537586e-02 4.064065969899179898e-01 7.857799670313991847e-01 1.849214780719872220e-01 1.932383357871725327e-01 5.375188236066494873e-01 4.854951018082316327e-01 6.945435600998743908e-01 5.236891237130820720e-01 4.055643423269967851e-01 4.407139324091722266e-01 6.794057596527669496e-02 8.126898949556260465e-02 4.817149299749838298e-01 6.298207438517009482e-01 7.702694902471609595e-01 1.209817452281807260e-01 6.417995934238511779e-01 1.591804648777328524e-01 3.822824931835993034e-01 7.311937013693579068e-01 3.693261952324419783e-01 3.890790444173892748e-01 7.786040354757354232e-01 1.516574840866840024e-01 4.602925660769424110e-01 6.061777302093713793e-01 6.572370386458676883e-01 4.822680654961324920e-01
8.442224120567308754e-01 0.000000000000000000e+00 6.010461294697945211e-01 6.139574233298514816e-01 3.892479086584593739e-01 6.711699483639579356e-01 6.835035960872589689e-01 7.587881342014657360e-02 7.077914128803808325e-01 4.503212924178964238e-01 8.624841431422805016e-01 2.743670101043286236e-01 7.948066349218132487e-01 4.670256839344327227e-01 4.394181992605636911e-01 7.064461191277304764e-01 8.301739366765601424e-01 4.952357596983030241e-01 4.699644485374284697e-01 4.132794063654896544e-01 6.101278679386257231e-01 5.672517181176421897e-01 2.283923816055576372e-01 5.125802932772324239e-01 4.372356416183829642e-01 7.747902678752869310e-01 5.160110722468400635e-01 4.756239951707173508e-01 4.240116858913993703e-01 6.056152890016556212e-01 8.461898721633553944e-02 8.689884544650089415e-01 4.212920479420489972e-01 8.111481865082644793e-01 5.574546221165391779e-01
6.640661686177118384e-01 6.010461294697945211e-01 0.000000000000000000e+00 3.971720741303764735e-01 5.399965035925263779e-01 4.137719775742538242e-01 5.146448011144749701e-01 5.435657947720811123e-01 6.703521460781648456e-01 7.301355582191872973e-01 8.165349376073822718e-01 3.446646100724016781e-01 1.372015541630782209e-01 4.198636279031361385e-01 4.595810197681576836e-01 4.349630269873503430e-01 3.568795525596639706e-01 2.571259234194032683e-01 4.891323982664131376e-01 5.372023787108740622e-01 5.862205352303968553e-01 6.034668059015014796e-01 8.743109089535030520e-01 3.247980245122921161e-01 2.935457402210944755e-01 6.154279369129775912e-01 3.440319178278186119e-01 3.751471749304268188e-01 5.495455792754387891e-01 3.516519425827422385e-01 8.557487462772459530e-01 4.464926800434083631e-01 7.636730771080283420e-01 7.475917585458591308e-02 6.393678853449724642e-01
3.825323638496896939e-01 6.139574233298514816e-01 3.971720741303764735e-01 0.000000000000000000e+00 8.092761111568252952e-01 5.764678265204434826e-01 4.187417850429022703e-01 3.782701187243632246e-01 7.278384929206925813e-01 7.494542114428284219e-01 2.343230183617547313e-01 5.958222960995616102e-01 3.031380366431584150e-01 4.865801992944150389e-01 6.443157166015914816e-01 2.745526465638499225e-01 8.009447846931743165e-01 4.372143587380656893e-01 5.685601598827741965e-01 1.283063250691486301e-01 2.325461594007064425e-01 5.401845765197317295e-01 5.425911031433932052e-01 1.945813339067695713e-01 2.597608566099111616e-01 7.459921002942244694e-01 9.477437009035939441e-01 4.509624767968885006e-01 6.336631859832094760e-01 5.032720444001554938e-01 5.843424094479475750e-01 3.817947884990496865e-01 3.058972143579253844e-01 5.844969004932153434e-01 2.841665771954000608e-01
4.401999227508244239e-01 3.892479086584593739e-01 5.399965035925263779e-01 8.092761111568252952e-01 0.000000000000000000e+00 4.539006650224230444e-01 1.475469159306241895e-01 4.093694073530483868e-01 2.017343786868536215e-01 3.536862602209597251e-01 6.636438200273324650e-01 3.593290820779836414e-01 2.996886444517832260e-01 2.725153314404512583e-01 2.701169098111976807e-01 5.213136275580415591e-01 7.225984777932250580e-01 1.722046061154886010e-01 8.131649218388143918e-01 2.820359216268515934e-01 3.625787680842011973e-01 6.722806897220607869e-01 3.014900201197147633e-01 4.921339336338052539e-01 1.609597221579889270e-01 2.428397967031176163e-01 3.190829467084422832e-01 1.976516857607740763e-01 2.294217394074672400e-01 8.396620408388525414e-01 3.216854839645565400e-01 3.991191441822294905e-01 4.435889260925692246e-01 6.720080800694201439e-01 5.047971581173588129e-01
1.568507952154268859e-01 6.711699483639579356e-01 4.137719775742538242e-01 5.764678265204434826e-01 4.539006650224230444e-01 0.000000000000000000e+00 5.189939520401626316e-01 5.866129478615034198e-01 4.876276388563322017e-01 6.849152693810546255e-01 5.639568955559721708e-01 2.458440300202533457e-01 5.733663637456811735e-01 2.885524474453425303e-01 6.414641463478860661e-01 1.049469983835212838e-01 5.551265882109344130e-01 1.457488417987717333e-01 4.623079305838242448e-01 1.903947694917246802e-01 5.694169654422360782e-01 4.779480990810826002e-01 8.741401066554281840e-01 6.532605907179598326e-01 8.055712161152062123e-01 3.774275285925973722e-01 7.858811095346829312e-01 7.357880137666563680e-01 3.397944884100344565e-01 2.266000658332247841e-01 4.568188430834522751e-01 7.377638242697566184e-01 3.778176594557265400e-01 5.237571947394571437e-01 2.767248916726198771e-01
9.009327247666537586e-02 6.835035960872589689e-01 5.146448011144749701e-01 4.187417850429022703e-01 1.475469159306241895e-01 5.189939520401626316e-01 0.000000000000000000e+00 3.397632476003819013e-01 1.869642021221187278e-01 5.916214760447987553e-01 5.340727555209794364e-01 1.136550511552490983e-01 6.923336053213712260e-01 7.639208252353948403e-01 7.064909980981922688e-01 5.191892527236015020e-01 3.065562006548819829e-01 4.893128955513407763e-01 5.183389366154138589e-01 1.674075053474185504e-01 7.914274363204634177e-01 5.855082641026106982e-01 7.945530073046396247e-01 7.138908117440798673e-01 6.976480350679856723e-01 4.180055602239701740e-01 4.967730706600828050e-01 3.976804962692497281e-01 3.674748409021014184e-01 2.482536503261862926e-01 4.582380714404674094e-01 5.039533110496559054e-01 4.645630679243500372e-01 2.992337182076528768e-01 4.097483372186156991e-01
4.064065969899179898e-01 7.587881342014657360e-02 5.435657947720811123e-01 3.782701187243632246e-01 4.093694073530483868e-01 5.866129478615034198e-01 3.397632476003819013e-01 0.000000000000000000e+00 4.371115619427286547e-01 7.598075855639058185e-01 8.153292946730159585e-01 4.350892024545087722e-01 5.119912627107725545e-01 5.766757792859475984e-01 4.847859834209544694e-01 3.021495375179680254e-01 4.719824836828181436e-01 9.285912016526651769e-01 5.744992942698801119e-01 5.112331899476505459e-01 7.849699205558000603e-01 5.125983154328507263e-01 1.392253709135257145e-01 2.118270453670764164e-01 6.168105499178844209e-01 7.872938588685793881e-01 1.962275918641384065e-01 6.808321123419136534e-01 4.192077906148530264e-01 4.788808597165321590e-01 6.055075564735479254e-02 5.589624966567841025e-01 6.927813827937658875e-01 3.892948260699573559e-01 4.286518119384227221e-01
7.857799670313991847e-01 7.077914128803808325e-01 6.703521460781648456e-01 7.278384929206925813e-01 2.017343786868536215e-01 4.876276388563322017e-01 1.869642021221187278e-01 4.371115619427286547e-01 0.000000000000000000e+00 4.002662662913931135e-01 6.186303236415984230e-01 4.939576262664477913e-01 5.901990735837679969e-01 4.636879741934960553e-01 4.954429772296862211e-01 2.470095780847345046e-01 7.011253025800407990e-01 1.618826740124579278e-02 4.722395072790362969e-01 4.457846478121382794e-01 7.698400172808306241e-01 8.892284707115947207e-01 8.536400424891894545e-01 6.309410775238815106e-01 2.083206318580446137e-01 2.839538091578346357e-01 9.041095757743922157e-02 5.564832155097222399e-01 1.828975855940142003e-01 5.202876162169105534e-01 5.309603108235829705e-01 3.822624374270632286e-01 7.886926112934278255e-01 7.438196213934652468e-01 8.878761474467036230e-01
1.849214780719872220e-01 4.503212924178964238e-01 7.301355582191872973e-01 7.494542114428284219e-01 3.536862602209597251e-01 6.849152693810546255e-01 5.916214760447987553e-01 7.598075855639058185e-01 4.002662662913931135e-01 0.000000000000000000e+00 4.481106960404401818e-01 5.713295321734563892e-01 7.018026131052170768e-01 5.326650042385016048e-01 5.301842932957443466e-01 7.119212010278093139e-01 5.028331104157170994e-01 1.560768092347497582e-01 4.680963372647883314e-01 4.593902221993267920e-01 6.115047991066587807e-01 6.657443436687098259e-01 5.193211522872320796e-01 5.863469433767680705e-01 8.214869297738788267e-01 6.514938574387250103e-01 4.052246081428615976e-01 6.706094766236074811e-01 9.371359952055713372e-02 7.817966497963424466e-01 6.389386075939476051e-01 3.597186670300063227e-01 4.981219157098717987e-01 3.936045246167296785e-01 7.277354247022687073e-01
1.932383357871725327e-01 8.624841431422805016e-01 8.165349376073822718e-01 2.343230183617547313e-01 6.636438200273324650e-01 5.639568955559721708e-01 5.340727555209794364e-01 8.153292946730159585e-01 6.186303236415984230e-01 4.481106960404401818e-01 0.000000000000000000e+00 1.433291933524384332e-01 4.962039982220650125e-01 8.659884186202831957e-01 4.070142306269667332e-01 4.910294461650878128e-01 6.238052642757032640e-01 6.012174092458492103e-01 6.893329935272675124e-01 6.022047708213749129e-01 2.945501872496294471e-01 1.830780523066600773e-01 7.311054319715304395e-01 6.976967373054111521e-01 1.694040271507576412e-01 1.530359458764036784e-01 9.175196543031457486e-01 9.436122227326591005e-01 3.472551152955976050e-01 4.425482647222794830e-01 2.561026591815288578e-01 4.748048215783945980e-01 7.635008737731119322e-01 4.135070440185883434e-01 8.041728306211795019e-01
5.375188236066494873e-01 2.743670101043286236e-01 3.446646100724016781e-01 5.958222960995616102e-01 3.593290820779836414e-01 2.458440300202533457e-01 1.136550511552490983e-01 4.350892024545087722e-01 4.939576262664477913e-01 5.713295321734563892e-01 1.433291933524384332e-01 0.000000000000000000e+00 2.626733251708649464e-01 5.832060795447951973e-01 6.688402214369720822e-01 2.893920252739586862e-01 3.983365368358042224e-01 8.625749678198928461e-01 1.662846198907740325e-01 8.842484125068954537e-01 5.892705950140081361e-01 9.117071799731342185e-01 7.122769714169630006e-01 5.656435539248474420e-01 1.849997061983936764e-01 2.681744686617890672e-01 2.154132389446714591e-01 7.397456335697467633e-01 5.266050956158131457e-01 3.247251191081493293e-01 5.788608931592874596e-01 7.962431306664932151e-01 4.319056813572018649e-01 7.647636807922053581e-02 3.675662229990219743e-01
4.854951018082316327e-01 7.948066349218132487e-01 1.372015541630782209e-01 3.031380366431584150e-01 2.996886444517832260e-01 5.733663637456811735e-01 6.923336053213712260e-01 5.119912627107725545e-01 5.901990735837679969e-01 7.018026131052170768e-01 4.962039982220650125e-01 2.626733251708649464e-01 0.000000000000000000e+00 4.454672915643247966e-01 1.922599477110435995e-01 5.346857133371788473e-01 4.092474995936000726e-01 6.131242388857629511e-01 4.793515106976610207e-01 1.060093741832224268e-01 5.940273121228996089e-01 3.738553486977768681e-01 4.749866855083846318e-01 5.005787155999898985e-01 5.922956812666468895e-01 5.932978037848184449e-01 3.524001507105353759e-01 7.113783736688150672e-02 3.004446951770582963e-01 4.078605072040910606e-01 1.916258438808342568e-01 5.926691249268036810e-01 2.754208927011211339e-01 5.110691347586393540e-02 8.059889956883204976e-01
6.945435600998743908e-01 4.670256839344327227e-01 4.198636279031361385e-01 4.865801992944150389e-01 2.725153314404512583e-01 2.885524474453425303e-01 7.639208252353948403e-01 5.766757792859475984e-01 4.636879741934960553e-01 5.326650042385016048e-01 8.659884186202831957e-01 5.832060795447951973e-01 4.454672915643247966e-01 0.000000000000000000e+00 8.718926135326003912e-01 8.123438850003410483e-01 4.517038948105787655e-01 6.358472527168780308e-01 2.469692839704022980e-01 5.606738881767665550e-01 7.942917110869158748e-01 6.183910135323222867e-02 1.762403518286502768e-01 4.912100580629437108e-01 6.194520921401032165e-01 4.569980752272468916e-01 8.530830816886885160e-01 5.841618823895119439e-01 4.019645842896826249e-01 9.638979988638933794e-01 6.970974767044175735e-01 9.376648388719681648e-01 3.250669393652864114e-01 1.252035292296760915e-01 8.533754838250908747e-01
5.236891237130820720e-01 4.394181992605636911e-01 4.595810197681576836e-01 6.443157166015914816e-01 2.701169098111976807e-01 6.414641463478860661e-01 7.064909980981922688e-01 4.847859834209544694e-01 4.954429772296862211e-01 5.301842932957443466e-01 4.070142306269667332e-01 6.688402214369720822e-01 1.922599477110435995e-01 8.718926135326003912e-01 0.000000000000000000e+00 5.343673519247522652e-01 5.117644096651584595e-01 4.974860699192705793e-01 3.165029855316372487e-01 2.646882692675500692e-01 3.530646976805930648e-01 2.085533566669034444e-01 5.534888225607519363e-01 7.016134923449786065e-01 4.594768297846963945e-01 3.469580570530589325e-01 5.295764570599326149e-01 1.570165922858778318e-01 5.082244533318808211e-01 3.312338513903274606e-01 7.997747437054605335e-01 4.620706068031880664e-01 2.458180441349656076e-01 8.380511484137234124e-01 3.314630797726383915e-01
4.055643423269967851e-01 7.064461191277304764e-01 4.349630269873503430e-01 2.745526465638499225e-01 5.213136275580415591e-01 1.049469983835212838e-01 5.191892527236015020e-01 3.021495375179680254e-01 2.470095780847345046e-01 7.119212010278093139e-01 4.910294461650878128e-01 2.893920252739586862e-01 5.346857133371788473e-01 8.123438850003410483e-01 5.343673519247522652e-01 0.000000000000000000e+00 4.655732063637743612e-01 7.812348279089932346e-01 6.093956709480151668e-01 7.223191866617205692e-01 2.828945862385199295e-01 7.194838204841376150e-01 6.247231065458295207e-01 6.913472713258439484e-01 2.820068668388528987e-01 4.260130065224124740e-01 3.391527120884829660e-01 3.328265912691263928e-01 7.321012248315305060e-01 6.308720209158382719e-01 8.917344529368804729e-01 6.196959046103754920e-01 5.769406419176492662e-02 7.483065955527447022e-01 7.291512281564145326e-01
4.407139324091722266e-01 8.301739366765601424e-01 3.568795525596639706e-01 8.009447846931743165e-01 7.225984777932250580e-01 5.551265882109344130e-01 3.065562006548819829e-01 4.719824836828181436e-01 7.011253025800407990e-01 5.028331104157170994e-01 6.238052642757032640e-01 3.983365368358042224e-01 4.092474995936000726e-01 4.517038948105787655e-01 5.117644096651584595e-01 4.655732063637743612e-01 0.000000000000000000e+00 4.284635295852052828e-01 1.664741469620214520e-01 6.125034065404536543e-01 4.758640172125008783e-01 2.975427384967966882e-01 3.540556158110388374e-01 4.593460503492946545e-01 2.324461218929888551e-01 6.034703257397062703e-01 4.914353004233896760e-01 5.771027541112365711e-01 2.906129030832682592e-01 2.685373121122484052e-01 6.246606979312760988e-01 5.125400334852103779e-01 5.709913872132601487e-01 1.710236526843194049e-01 7.115415616192546366e-01
6.794057596527669496e-02 4.952357596983030241e-01 2.571259234194032683e-01 4.372143587380656893e-01 1.722046061154886010e-01 1.457488417987717333e-01 4.893128955513407763e-01 9.285912016526651769e-01 1.618826740124579278e-02 1.560768092347497582e-01 6.012174092458492103e-01 8.625749678198928461e-01 6.131242388857629511e-01 6.358472527168780308e-01 4.974860699192705793e-01 7.812348279089932346e-01 4.284635295852052828e-01 0.000000000000000000e+00 4.486441066455552629e-01 3.075302011773473065e-01 2.612438104105944681e-01 3.032108094287127020e-01 3.609487239519073576e-01 8.680183852458571714e-01 2.852025625339260628e-01 4.396660566609940091e-01 6.212793137400640653e-01 6.857389643739524310e-01 9.247930994782651570e-01 2.294506680325127945e-01 7.634273785949134972e-01 8.494531607909201476e-01 8.577768374684010544e-01 4.350530853838677769e-01 7.177701302153592922e-01
8.126898949556260465e-02 4.699644485374284697e-01 4.891323982664131376e-01 5.685601598827741965e-01 8.131649218388143918e-01 4.623079305838242448e-01 5.183389366154138589e-01 5.744992942698801119e-01 4.722395072790362969e-01 4.680963372647883314e-01 6.893329935272675124e-01 1.662846198907740325e-01 4.793515106976610207e-01 2.469692839704022980e-01 3.165029855316372487e-01 6.093956709480151668e-01 1.664741469620214520e-01 4.486441066455552629e-01 0.000000000000000000e+00 3.965296885806794958e-01 6.280135588454682782e-01 4.481030584160228258e-01 8.905912906304283005e-01 4.561679555364770433e-01 3.965400115788721980e-01 5.678659429347518994e-01 6.548176622447843265e-02 7.357416784700840928e-01 1.915312970196334508e-01 6.250778528714266979e-01 4.798292013741178863e-01 5.301482872278466818e-01 2.116088047813744488e-01 7.735805924413243773e-01 6.483137700194735453e-01
4.817149299749838298e-01 4.132794063654896544e-01 5.372023787108740622e-01 1.283063250691486301e-01 2.820359216268515934e-01 1.903947694917246802e-01 1.674075053474185504e-01 5.112331899476505459e-01 4.457846478121382794e-01 4.593902221993267920e-01 6.022047708213749129e-01 8.842484125068954537e-01 1.060093741832224268e-01 5.606738881767665550e-01 2.646882692675500692e-01 7.223191866617205692e-01 6.125034065404536543e-01 3.075302011773473065e-01 3.965296885806794958e-01 0.000000000000000000e+00 7.967360427637428799e-01 4.790315186902505129e-01 2.969551865192546214e-01 4.300739316240307919e-01 5.723632042676007892e-01 4.953132046691260948e-01 3.642129635003920618e-01 5.653383312286993645e-01 3.954800547554974122e-01 8.836540397811185610e-01 2.912705553236771827e-01 5.825570210099365598e-01 5.013489592822455432e-01 2.978647188004428514e-01 3.338763738896637356e-01
6.298207438517009482e-01 6.101278679386257231e-01 5.862205352303968553e-01 2.325461594007064425e-01 3.625787680842011973e-01 5.694169654422360782e-01 7.914274363204634177e-01 7.849699205558000603e-01 7.698400172808306241e-01 6.115047991066587807e-01 2.945501872496294471e-01 5.892705950140081361e-01 5.940273121228996089e-01 7.942917110869158748e-01 3.530646976805930648e-01 2.828945862385199295e-01 4.758640172125008783e-01 2.612438104105944681e-01 6.280135588454682782e-01 7.967360427637428799e-01 0.000000000000000000e+00 4.819398453053393427e-01 3.910955465489766025e-01 2.747056711806952212e-01 8.008331306809347572e-01 4.208051975508993459e-01 8.290843472656203028e-01 6.388475611469466298e-01 5.038071781570798713e-01 6.819256534083045773e-01 5.199671970630187490e-01 9.073820325402217613e-01 5.110539932861468682e-01 4.862920655337590325e-01 6.787246974487548545e-02
7.702694902471609595e-01 5.672517181176421897e-01 6.034668059015014796e-01 5.401845765197317295e-01 6.722806897220607869e-01 4.779480990810826002e-01 5.855082641026106982e-01 5.125983154328507263e-01 8.892284707115947207e-01 6.657443436687098259e-01 1.830780523066600773e-01 9.117071799731342185e-01 3.738553486977768681e-01 6.183910135323222867e-02 2.085533566669034444e-01 7.194838204841376150e-01 2.975427384967966882e-01 3.032108094287127020e-01 4.481030584160228258e-01 4.790315186902505129e-01 4.819398453053393427e-01 0.000000000000000000e+00 1.604173795351762077e-01 5.198503862064614012e-01 1.881652484216839172e-01 4.894192952358514814e-01 8.235237724457546982e-01 5.566419082865675660e-01 4.425026134519197685e-01 6.707044355931903734e-01 2.225155996718255480e-01 4.541936710021833301e-01 4.683907325093527030e-01 8.433294478222730373e-01 3.205583156828832880e-01
1.209817452281807260e-01 2.283923816055576372e-01 8.743109089535030520e-01 5.425911031433932052e-01 3.014900201197147633e-01 8.741401066554281840e-01 7.945530073046396247e-01 1.392253709135257145e-01 8.536400424891894545e-01 5.193211522872320796e-01 7.311054319715304395e-01 7.122769714169630006e-01 4.749866855083846318e-01 1.762403518286502768e-01 5.534888225607519363e-01 6.247231065458295207e-01 3.540556158110388374e-01 3.609487239519073576e-01 8.905912906304283005e-01 2.969551865192546214e-01 3.910955465489766025e-01 1.604173795351762077e-01 0.000000000000000000e+00 8.162744673471292733e-01 1.977342350430861262e-01 4.394589053125234068e-01 2.869832229581456562e-01 1.823701699307106461e-01 5.111911877819500516e-01 7.532881322717122075e-01 4.190532049854638341e-01 4.498594582254707985e-01 3.932656053391515583e-01 6.127696200352655831e-01 3.696648316726545147e-01
6.417995934238511779e-01 5.125802932772324239e-01 3.247980245122921161e-01 1.945813339067695713e-01 4.921339336338052539e-01 6.532605907179598326e-01 7.138908117440798673e-01 2.118270453670764164e-01 6.309410775238815106e-01 5.863469433767680705e-01 6.976967373054111521e-01 5.656435539248474420e-01 5.005787155999898985e-01 4.912100580629437108e-01 7.016134923449786065e-01 6.913472713258439484e-01 4.593460503492946545e-01 8.680183852458571714e-01 4.561679555364770433e-01 4.300739316240307919e-01 2.747056711806952212e-01 5.198503862064614012e-01 8.162744673471292733e-01 0.000000000000000000e+00 4.662646855788866729e-01 5.963008545990475806e-01 7.842870558706342976e-01 3.988243730331830772e-01 2.059851064196251413e-01 5.955947323544512617e-01 8.120041340795349782e-01 5.187498713513941651e-01 5.170939437771896463e-01 8.669283574075650201e-01 1.000857446360340908e-01
1.591804648777328524e-01 4.372356416183829642e-01 2.935457402210944755e-01 2.597608566099111616e-01 1.609597221579889270e-01 8.055712161152062123e-01 6.976480350679856723e-01 6.168105499178844209e-01 2.083206318580446137e-01 8.214869297738788267e-01 1.694040271507576412e-01 1.849997061983936764e-01 5.922956812666468895e-01 6.194520921401032165e-01 4.594768297846963945e-01 2.820068668388528987e-01 2.324461218929888551e-01 2.852025625339260628e-01 3.965400115788721980e-01 5.723632042676007892e-01 8.008331306809347572e-01 1.881652484216839172e-01 1.977342350430861262e-01 4.662646855788866729e-01 0.000000000000000000e+00 4.227501209584215713e-01 4.086118329860344289e-01 6.589149605957046463e-01 5.388189963189193854e-01 1.901929834918479889e-01 4.041858989372847377e-01 4.888283011517721155e-01 7.109619038363965693e-01 3.690858123219753484e-01 4.954538784836617360e-01
3.822824931835993034e-01 7.747902678752869310e-01 6.154279369129775912e-01 7.459921002942244694e-01 2.428397967031176163e-01 3.774275285925973722e-01 4.180055602239701740e-01 7.872938588685793881e-01 2.839538091578346357e-01 6.514938574387250103e-01 1.530359458764036784e-01 2.681744686617890672e-01 5.932978037848184449e-01 4.569980752272468916e-01 3.469580570530589325e-01 4.260130065224124740e-01 6.034703257397062703e-01 4.396660566609940091e-01 5.678659429347518994e-01 4.953132046691260948e-01 4.208051975508993459e-01 4.894192952358514814e-01 4.394589053125234068e-01 5.963008545990475806e-01 4.227501209584215713e-01 0.000000000000000000e+00 4.701800806415968870e-01 1.435884143050932815e-01 4.628226524075410575e-01 3.417033511778292398e-01 2.641922227050861327e-01 6.355063452062055251e-01 1.722282702849851077e-01 4.412825439428477159e-01 8.738045566484540227e-01
7.311937013693579068e-01 5.160110722468400635e-01 3.440319178278186119e-01 9.477437009035939441e-01 3.190829467084422832e-01 7.858811095346829312e-01 4.967730706600828050e-01 1.962275918641384065e-01 9.041095757743922157e-02 4.052246081428615976e-01 9.175196543031457486e-01 2.154132389446714591e-01 3.524001507105353759e-01 8.530830816886885160e-01 5.295764570599326149e-01 3.391527120884829660e-01 4.914353004233896760e-01 6.212793137400640653e-01 6.548176622447843265e-02 3.642129635003920618e-01 8.290843472656203028e-01 8.235237724457546982e-01 2.869832229581456562e-01 7.842870558706342976e-01 4.086118329860344289e-01 4.701800806415968870e-01 0.000000000000000000e+00 8.094228379861606593e-01 5.410537729628517312e-01 5.900925556800273863e-01 8.259748698117790333e-01 5.030464889163183129e-01 6.807767748399845553e-01 8.495193804299254747e-01 4.829690209353105779e-01
3.693261952324419783e-01 4.756239951707173508e-01 3.751471749304268188e-01 4.509624767968885006e-01 1.976516857607740763e-01 7.357880137666563680e-01 3.976804962692497281e-01 6.808321123419136534e-01 5.564832155097222399e-01 6.706094766236074811e-01 9.436122227326591005e-01 7.397456335697467633e-01 7.113783736688150672e-02 5.841618823895119439e-01 1.570165922858778318e-01 3.328265912691263928e-01 5.771027541112365711e-01 6.857389643739524310e-01 7.357416784700840928e-01 5.653383312286993645e-01 6.388475611469466298e-01 5.566419082865675660e-01 1.823701699307106461e-01 3.988243730331830772e-01 6.589149605957046463e-01 1.435884143050932815e-01 8.094228379861606593e-01 0.000000000000000000e+00 7.120840422559839844e-01 5.104273817068143426e-01 5.426728379515446399e-01 8.744154181441522455e-01 9.641370765823276123e-01 4.563993751062899173e-01 5.309881364847170993e-01
3.890790444173892748e-01 4.240116858913993703e-01 5.495455792754387891e-01 6.336631859832094760e-01 2.294217394074672400e-01 3.397944884100344565e-01 3.674748409021014184e-01 4.192077906148530264e-01 1.828975855940142003e-01 9.371359952055713372e-02 3.472551152955976050e-01 5.266050956158131457e-01 3.004446951770582963e-01 4.019645842896826249e-01 5.082244533318808211e-01 7.321012248315305060e-01 2.906129030832682592e-01 9.247930994782651570e-01 1.915312970196334508e-01 3.954800547554974122e-01 5.038071781570798713e-01 4.425026134519197685e-01 5.111911877819500516e-01 2.059851064196251413e-01 5.388189963189193854e-01 4.628226524075410575e-01 5.410537729628517312e-01 7.120840422559839844e-01 0.000000000000000000e+00 3.159056391469361458e-01 3.319917044084419455e-01 3.739537725658915734e-01 7.799462789077207248e-01 9.032189884595438478e-01 2.332449482715878153e-01
7.786040354757354232e-01 6.056152890016556212e-01 3.516519425827422385e-01 5.032720444001554938e-01 8.396620408388525414e-01 2.266000658332247841e-01 2.482536503261862926e-01 4.788808597165321590e-01 5.202876162169105534e-01 7.817966497963424466e-01 4.425482647222794830e-01 3.247251191081493293e-01 4.078605072040910606e-01 9.638979988638933794e-01 3.312338513903274606e-01 6.308720209158382719e-01 2.685373121122484052e-01 2.294506680325127945e-01 6.250778528714266979e-01 8.836540397811185610e-01 6.819256534083045773e-01 6.707044355931903734e-01 7.532881322717122075e-01 5.955947323544512617e-01 1.901929834918479889e-01 3.417033511778292398e-01 5.900925556800273863e-01 5.104273817068143426e-01 3.159056391469361458e-01 0.000000000000000000e+00 6.614744562640777481e-01 7.444292963412920683e-01 3.789013600790991365e-02 4.506885659471306926e-01 7.067896357974549071e-01
1.516574840866840024e-01 8.461898721633553944e-02 8.557487462772459530e-01 5.843424094479475750e-01 3.216854839645565400e-01 4.568188430834522751e-01 4.582380714404674094e-01 6.055075564735479254e-02 5.309603108235829705e-01 6.389386075939476051e-01 2.561026591815288578e-01 5.788608931592874596e-01 1.916258438808342568e-01 6.970974767044175735e-01 7.997747437054605335e-01 8.917344529368804729e-01 6.246606979312760988e-01 7.634273785949134972e-01 4.798292013741178863e-01 2.912705553236771827e-01 5.199671970630187490e-01 2.225155996718255480e-01 4.190532049854638341e-01 8.120041340795349782e-01 4.041858989372847377e-01 2.641922227050861327e-01 8.259748698117790333e-01 5.426728379515446399e-01 3.319917044084419455e-01 6.614744562640777481e-01 0.000000000000000000e+00 5.740884873116491871e-01 7.246138236266361776e-01 3.341740135546520385e-01 4.234480617616896425e-01
4.602925660769424110e-01 8.689884544650089415e-01 4.464926800434083631e-01 3.817947884990496865e-01 3.991191441822294905e-01 7.377638242697566184e-01 5.039533110496559054e-01 5.589624966567841025e-01 3.822624374270632286e-01 3.597186670300063227e-01 4.748048215783945980e-01 7.962431306664932151e-01 5.926691249268036810e-01 9.376648388719681648e-01 4.620706068031880664e-01 6.196959046103754920e-01 5.125400334852103779e-01 8.494531607909201476e-01 5.301482872278466818e-01 5.825570210099365598e-01 9.073820325402217613e-01 4.541936710021833301e-01 4.498594582254707985e-01 5.187498713513941651e-01 4.888283011517721155e-01 6.355063452062055251e-01 5.030464889163183129e-01 8.744154181441522455e-01 3.739537725658915734e-01 7.444292963412920683e-01 5.740884873116491871e-01 0.000000000000000000e+00 3.801939915565096806e-01 3.460566331248293714e-01 8.446792399552689456e-01
6.061777302093713793e-01 4.212920479420489972e-01 7.636730771080283420e-01 3.058972143579253844e-01 4.435889260925692246e-01 3.778176594557265400e-01 4.645630679243500372e-01 6.927813827937658875e-01 7.886926112934278255e-01 4.981219157098717987e-01 7.635008737731119322e-01 4.319056813572018649e-01 2.754208927011211339e-01 3.250669393652864114e-01 2.458180441349656076e-01 5.769406419176492662e-02 5.709913872132601487e-01 8.577768374684010544e-01 2.116088047813744488e-01 5.013489592822455432e-01 5.110539932861468682e-01 4.683907325093527030e-01 3.932656053391515583e-01 5.170939437771896463e-01 7.109619038363965693e-01 1.722282702849851077e-01 6.807767748399845553e-01 9.641370765823276123e-01 7.799462789077207248e-01 3.789013600790991365e-02 7.246138236266361776e-01 3.801939915565096806e-01 0.000000000000000000e+00 2.657543655434378982e-01 3.532965208504463828e-01
6.572370386458676883e-01 8.111481865082644793e-01 7.475917585458591308e-02 5.844969004932153434e-01 6.720080800694201439e-01 5.237571947394571437e-01 2.992337182076528768e-01 3.892948260699573559e-01 7.438196213934652468e-01 3.936045246167296785e-01 4.135070440185883434e-01 7.647636807922053581e-02 5.110691347586393540e-02 1.252035292296760915e-01 8.380511484137234124e-01 7.483065955527447022e-01 1.710236526843194049e-01 4.350530853838677769e-01 7.735805924413243773e-01 2.978647188004428514e-01 4.862920655337590325e-01 8.433294478222730373e-01 6.127696200352655831e-01 8.669283574075650201e-01 3.690858123219753484e-01 4.412825439428477159e-01 8.495193804299254747e-01 4.563993751062899173e-01 9.032189884595438478e-01 4.506885659471306926e-01 3.341740135546520385e-01 3.460566331248293714e-01 2.657543655434378982e-01 0.000000000000000000e+00 2.224407174113514074e-01
4.822680654961324920e-01 5.574546221165391779e-01 6.393678853449724642e-01 2.841665771954000608e-01 5.047971581173588129e-01 2.767248916726198771e-01 4.097483372186156991e-01 4.286518119384227221e-01 8.878761474467036230e-01 7.277354247022687073e-01 8.041728306211795019e-01 3.675662229990219743e-01 8.059889956883204976e-01 8.533754838250908747e-01 3.314630797726383915e-01 7.291512281564145326e-01 7.115415616192546366e-01 7.177701302153592922e-01 6.483137700194735453e-01 3.338763738896637356e-01 6.787246974487548545e-02 3.205583156828832880e-01 3.696648316726545147e-01 1.000857446360340908e-01 4.954538784836617360e-01 8.738045566484540227e-01 4.829690209353105779e-01 5.309881364847170993e-01 2.332449482715878153e-01 7.067896357974549071e-01 4.234480617616896425e-01 8.446792399552689456e-01 3.532965208504463828e-01 2.224407174113514074e-01 0.000000000000000000e+00
