0.000000000000000000e+00 2.613813538940602532e-01 4.980558488706330889e-01 2.674719874867407254e-01 9.769793172170928575e-01 2.258885575786479527e-01 1.728190930637094613e-01 5.560735103675069624e-01 3.108612023676852187e-01 7.529374657984919672e-01 8.398263421836487108e-01 5.847125147491765151e-01 9.393101433884143425e-01 7.049668723949105154e-01 4.445350032094788628e-01 7.677419694754578083e-01 4.372791112921935452e-01 5.642963399207152619e-01 2.877591462124223787e-01 8.919328234707565306e-01 6.197912305433830316e-01 4.797169787035741595e-01 8.468366353971886751e-01 4.879552654305562842e-01 2.981983362492782730e-01 7.736098877617869629e-01 5.051110828186433643e-01 4.754725336590058249e-01 4.182269779236145180e-01 3.729630680908001539e-01 7.778806886595817094e-01 7.792633144441334370e-01 8.743679605139424993e-01 5.935369529135074984e-01 4.469887450698967202e-01
2.613813538940602532e-01 0.000000000000000000e+00 1.190171570813967072e-01 3.376903548083155515e-01 3.977270426776802204e-01 9.450725010019784822e-01 8.682672466714176363e-01 5.472600924212840390e-01 4.215227200604130808e-01 2.690540525437552510e-01 2.030092790202542297e-01 6.735729801611682888e-01 5.279691546164160254e-01 4.892959420599788389e-01 7.544932079648704049e-01 3.712692361684944986e-01 3.580957964481645828e-02 7.439110912955091415e-01 6.024795585272664233e-01 7.153384072281676609e-01 2.786344317236142398e-01 4.971445932627908681e-01 4.435692436552014506e-01 4.599646880344747113e-01 3.932858567484764922e-01 4.206998035041713546e-01 3.650356858181280084e-01 7.870665903097321392e-01 7.067654829952447759e-01 6.031219807627896667e-01 4.613844549411222351e-01 4.634172234174983029e-01 4.279886888216682950e-01 8.987125548289507382e-01 7.757848175476176333e-01
4.980558488706330889e-01 1.190171570813967072e-01 0.000000000000000000e+00 3.535135877158482320e-01 4.076857816981815930e-01 4.367847382152203473e-01 4.410959860018591194e-01 3.233529495137178467e-01 4.511374907077419505e-01 7.723963049197011266e-01 6.539857012340615228e-01 7.083051586064691429e-01 4.970723147450883950e-01 8.915976081656031837e-01 2.445741560220217048e-01 1.336777764531286161e-01 5.754473693837254267e-01 3.454522300010670621e-01 8.314528035059471911e-01 1.500392228978540965e-01 5.796715612374001569e-01 5.578627135324201181e-01 5.739963217186003774e-01 7.010996942690943534e-01 6.098089907266459608e-01 7.686989010961872149e-01 5.464916539552835406e-01 2.545254041610154339e-01 5.382034386845246932e-01 4.143450478670642201e-01 5.693705752047706348e-01 4.454434564624247805e-01 7.154584668721115648e-01 2.109212899882031422e-01 4.784570981213330798e-01
2.674719874867407254e-01 3.376903548083155515e-01 3.535135877158482320e-01 0.000000000000000000e+00 2.245869176627072195e-01 3.639964945425853138e-01 8.442186834190190670e-01 5.036696499006574346e-01 5.616381780426568104e-01 4.477958590114876625e-01 7.059201497101827982e-01 4.728627857851762095e-01 8.290319014902991501e-01 8.106262836035316166e-02 4.194968376457683945e-01 5.774080271666963693e-01 7.762839964348601240e-01 8.960550128275774906e-01 7.308557594842109983e-01 4.436619275114164207e-01 5.098485199175092353e-01 7.719467265985270332e-01 9.214270906610777523e-01 7.859039425854630334e-01 8.076030493361809892e-01 4.727431928872016242e-01 2.107027045142851329e-01 6.484775250650420819e-01 2.394692334471646977e-01 4.793872375755574566e-01 5.619696387842159080e-01 4.158832510231255108e-01 9.197991311882760535e-01 5.712346466526860844e-01 8.799871933073268870e-01
9.769793172170928575e-01 3.977270426776802204e-01 4.076857816981815930e-01 2.245869176627072195e-01 0.000000000000000000e+00 2.202054124904178067e-01 5.379260815479320890e-01 7.471898056896295603e-01 6.940036062129750771e-01 7.536722975855704165e-01 7.011124252468687867e-01 5.359864121623814093e-01 4.483733497450849148e-01 6.033196775505422771e-01 4.198340791825098117e-01 6.360515462112852347e-01 3.804625912080492056e-01 9.243281146126008929e-01 5.384666103329205367e-02 6.465569110994004998e-01 5.978599945769460522e-01 5.943913792085433467e-01 7.943200696122167948e-01 5.287957059517336411e-01 8.315128873961861178e-01 8.810305360634713701e-01 2.697650656900569821e-01 8.628286499578532442e-01 3.872132713427545170e-02 4.522696385758386284e-01 9.393705261762343994e-01 6.717018853444711723e-01 3.795848983310838864e-01 4.610214588102614641e-01 7.034135219736152855e-01
2.258885575786479527e-01 9.450725010019784822e-01 4.367847382152203473e-01 3.639964945425853138e-01 2.202054124904178067e-01 0.000000000000000000e+00 6.252926043186393112e-01 3.832087992849073643e-01 4.077347592428515188e-01 4.218234765895446103e-01 2.257167736575355077e-01 8.503868484174108566e-01 7.577759539460093841e-01 5.492545157966719493e-01 5.692681503372962748e-01 5.747854007762907003e-01 5.434677960776751471e-01 1.382628887997431333e-01 8.752801577912531217e-01 6.939537997953801884e-01 4.301990250655127190e-01 3.652234328248427642e-01 4.315681895121530331e-01 4.004077933799848887e-01 6.309835673671209122e-01 6.214775243011139150e-01 5.172530570957297735e-01 5.914445069779208364e-01 5.276330621352939287e-01 3.232214124343941730e-01 7.887621111433897880e-01 8.045198966383828587e-01 3.560629894849532961e-01 4.238351921805807443e-01 5.651700945586949354e-01
1.728190930637094613e-01 8.682672466714176363e-01 4.410959860018591194e-01 8.442186834190190670e-01 5.379260815479320890e-01 6.252926043186393112e-01 0.000000000000000000e+00 1.059338121491910645e-01 5.483104375385482454e-01 7.745816752176148956e-01 3.965139421346794979e-01 7.110449768135767012e-01 5.160126931767740066e-01 4.805891457900787755e-01 8.740653405400011788e-01 5.695440050626345840e-01 5.014173900788252425e-01 7.931546395292408125e-01 5.955847689614373053e-01 8.900085244610107527e-01 3.093393760296710981e-01 5.167870516987032037e-01 4.239922652592095220e-01 7.299272348204881578e-01 4.831981970685131911e-01 3.981763334749555128e-01 6.316918248364283839e-01 5.605660769138667288e-01 2.482760724194993385e-01 7.056312692743453852e-01 2.632653921962018195e-01 8.290947163504762685e-01 8.223869205977535346e-01 2.452076064300555691e-01 9.498647873957533072e-02
5.560735103675069624e-01 5.472600924212840390e-01 3.233529495137178467e-01 5.036696499006574346e-01 7.471898056896295603e-01 3.832087992849073643e-01 1.059338121491910645e-01 0.000000000000000000e+00 4.962815040282773094e-01 7.496196440502815861e-01 3.141396790474787482e-01 3.686729600024516440e-01 7.541465950274803820e-01 8.616656940865521364e-01 8.508927185464815190e-01 6.448854546489055650e-01 8.975920504078790385e-01 5.252815083506414684e-01 4.187718069266075371e-01 6.528666336813467863e-01 7.507849201369166670e-01 5.148505527266787896e-01 2.307235831782324942e-01 3.438008699599907625e-01 8.916615485372292316e-01 4.426617375895660622e-01 6.009813168259532379e-01 7.746973898524016633e-01 8.111703048294185425e-01 6.831617401890136554e-01 4.704730796658365688e-01 5.388220362921041229e-01 5.424262221460309785e-01 5.257331536060038113e-01 8.056102553059665272e-01
3.108612023676852187e-01 4.215227200604130808e-01 4.511374907077419505e-01 5.616381780426568104e-01 6.940036062129750771e-01 4.077347592428515188e-01 5.483104375385482454e-01 4.962815040282773094e-01 0.000000000000000000e+00 5.136397291889800432e-01 3.931405208171834254e-01 5.395667188906296818e-01 5.564298243025276314e-01 3.885148326046806710e-01 2.920394700907294472e-01 7.881347754412884044e-01 5.987862954225833256e-01 4.188327297500715751e-01 6.253314049868882174e-01 9.134341034275011983e-01 1.661268081067867608e-01 3.815989652113551678e-01 3.976752043726606289e-01 2.910711363331812129e-01 7.687759368761690748e-01 8.042704937439434376e-01 7.708821119705335789e-01 1.258756976458986765e-01 4.164437661741819952e-01 5.831443544415562119e-01 7.165733713993588383e-01 5.029815143177985837e-01 4.195769626393075491e-01 5.487254392124961688e-01 3.175552527050393703e-01
7.529374657984919672e-01 2.690540525437552510e-01 7.723963049197011266e-01 4.477958590114876625e-01 7.536722975855704165e-01 4.218234765895446103e-01 7.745816752176148956e-01 7.496196440502815861e-01 5.136397291889800432e-01 0.000000000000000000e+00 6.320763945640321957e-01 3.868306478398517156e-01 8.415659649115185825e-01 7.445345035104347087e-01 7.270723455535473834e-01 8.168788470820456116e-01 6.556694317588589449e-01 1.847571494033034556e-01 6.096353768043596411e-01 6.442085195538834741e-01 4.658075451964935332e-01 5.048528510839547234e-01 4.415401725627808860e-01 3.166779344912165062e-01 5.133721888160514002e-01 8.503787947881192855e-01 7.511281185154492501e-01 4.725063723452827547e-01 7.664188894683316988e-01 7.331755612247643494e-01 8.016782086316577294e-01 6.602600909656640704e-01 5.517582429335090577e-01 4.077617716704407536e-01 5.427459547559351227e-01
8.398263421836487108e-01 2.030092790202542297e-01 6.539857012340615228e-01 7.059201497101827982e-01 7.011124252468687867e-01 2.257167736575355077e-01 3.965139421346794979e-01 3.141396790474787482e-01 3.931405208171834254e-01 6.320763945640321957e-01 0.000000000000000000e+00 5.913437722416248210e-01 1.762282477625285448e-01 8.569715571122950015e-01 3.954732340231513765e-01 4.050657118971168202e-01 8.825820331123427342e-01 6.280841567683858040e-01 6.780423077706159152e-01 2.862468531458040588e-01 9.371687122148287807e-01 5.630810118568461142e-01 3.853004430390314372e-01 3.757550767251969792e-01 5.170292817195095703e-01 3.696958947598071310e-01 7.256237441709245672e-01 2.193545369789322574e-01 6.603574238227770676e-01 5.578549728383166428e-01 7.085306144771765791e-01 3.721636598425752673e-01 6.501134559081902520e-01 1.826961969650802153e-01 6.229504118005058100e-01
5.847125147491765151e-01 6.735729801611682888e-01 7.083051586064691429e-01 4.728627857851762095e-01 5.359864121623814093e-01 8.503868484174108566e-01 7.110449768135767012e-01 3.686729600024516440e-01 5.395667188906296818e-01 3.868306478398517156e-01 5.913437722416248210e-01 0.000000000000000000e+00 2.046449204886138240e-01 8.022225602587499393e-01 1.564201326866407893e-01 4.917116034738362451e-01 5.540511960464560293e-01 3.163400926001725955e-01 9.025333512665721925e-01 8.531243400610710736e-01 4.762871083794341098e-01 9.364035865533956171e-01 3.127878295589900937e-01 5.193630006638043639e-01 3.813541385193879862e-01 5.133009123320251277e-01 8.038753081894232100e-01 3.009268992923835873e-01 6.635986669467934806e-01 7.603118716064523053e-01 9.088733712002762255e-01 7.180409886343686043e-01 8.680979938555186681e-01 5.738981958735501765e-01 7.484075068529046915e-01
9.393101433884143425e-01 5.279691546164160254e-01 4.970723147450883950e-01 8.290319014902991501e-01 4.483733497450849148e-01 7.577759539460093841e-01 5.160126931767740066e-01 7.541465950274803820e-01 5.564298243025276314e-01 8.415659649115185825e-01 1.762282477625285448e-01 2.046449204886138240e-01 0.000000000000000000e+00 5.228048011656176719e-01 3.472823793060372255e-01 5.116060273799486469e-01 2.809743411159592585e-01 3.258229696192234681e-01 6.448863485099963766e-01 6.417026506741294600e-01 7.148450684770633057e-01 6.490253117776139113e-01 6.420724545190419352e-01 7.738021094137188527e-01 3.312139469710788653e-01 6.975942218826094443e-01 3.039601267241287541e-01 4.382702517398259223e-01 8.934074027577522115e-01 6.506038640232050252e-01 3.837048195150928320e-01 5.458249721752890249e-01 7.805945055956601264e-01 8.929947205156579804e-01 8.502679666241892420e-01
7.049668723949105154e-01 4.892959420599788389e-01 8.915976081656031837e-01 8.106262836035316166e-02 6.033196775505422771e-01 5.492545157966719493e-01 4.805891457900787755e-01 8.616656940865521364e-01 3.885148326046806710e-01 7.445345035104347087e-01 8.569715571122950015e-01 8.022225602587499393e-01 5.228048011656176719e-01 0.000000000000000000e+00 3.248952411051214684e-01 2.843967448433429301e-01 7.437438370243178998e-01 8.808109966074977315e-01 8.551209143845728278e-01 4.984482758218036769e-01 5.375483859089525973e-01 9.570669868100922795e-01 4.616870229495255717e-01 7.156133470630041682e-01 5.017249544477290213e-01 6.874564301888411721e-01 4.792322316855431863e-01 7.653305768779317120e-02 2.663270798497996417e-01 8.016548427110560260e-01 8.820030226324161449e-01 1.568135214149656287e-01 8.527666551424730734e-01 5.627879401730448983e-01 2.620162737700907352e-01
4.445350032094788628e-01 7.544932079648704049e-01 2.445741560220217048e-01 4.194968376457683945e-01 4.198340791825098117e-01 5.692681503372962748e-01 8.740653405400011788e-01 8.508927185464815190e-01 2.920394700907294472e-01 7.270723455535473834e-01 3.954732340231513765e-01 1.564201326866407893e-01 3.472823793060372255e-01 3.248952411051214684e-01 0.000000000000000000e+00 9.377882151259993027e-01 2.359264241456209277e-01 5.341913135474610774e-01 6.267392050766220635e-01 6.630560321234698629e-01 8.778438838881705841e-01 4.362644764693764388e-01 5.835725135839173738e-01 5.391337117135791557e-01 7.405145070287189046e-01 7.917358318901863701e-01 6.828310559611191488e-01 6.991597065563104341e-01 4.445633422671212420e-01 4.666048901708926278e-01 5.496949647043207765e-01 9.454666436681036235e-01 7.204608431694334847e-01 3.060564863815528058e-01 8.815194401498527288e-01
7.677419694754578083e-01 3.712692361684944986e-01 1.336777764531286161e-01 5.774080271666963693e-01 6.360515462112852347e-01 5.747854007762907003e-01 5.695440050626345840e-01 6.448854546489055650e-01 7.881347754412884044e-01 8.168788470820456116e-01 4.050657118971168202e-01 4.917116034738362451e-01 5.116060273799486469e-01 2.843967448433429301e-01 9.377882151259993027e-01 0.000000000000000000e+00 6.344426565633476400e-01 5.395682232809773105e-01 5.733735069010785779e-01 1.459040734392267336e-01 4.909921290499664193e-01 3.412342825868311946e-01 5.648523717562823343e-01 2.600483837599467662e-01 1.559817128218849991e-01 4.668327298503428535e-01 7.108648689734116122e-01 6.430840068903340701e-01 6.811325618633172763e-01 7.033013511044292621e-01 2.525026451335312672e-01 4.732522777920581403e-01 5.226746165123626886e-01 3.269298695955264455e-01 1.996788881378885883e-02
4.372791112921935452e-01 3.580957964481645828e-02 5.754473693837254267e-01 7.762839964348601240e-01 3.804625912080492056e-01 5.434677960776751471e-01 5.014173900788252425e-01 8.975920504078790385e-01 5.987862954225833256e-01 6.556694317588589449e-01 8.825820331123427342e-01 5.540511960464560293e-01 2.809743411159592585e-01 7.437438370243178998e-01 2.359264241456209277e-01 6.344426565633476400e-01 0.000000000000000000e+00 6.712747071421384382e-01 8.300382837275868120e-01 3.880437309177555694e-01 3.855105108069186159e-01 8.168590768998944540e-01 7.423624936263000240e-01 7.408956871537286659e-01 5.464111467849339654e-01 5.728158677945844879e-01 6.432466382863771814e-01 3.753267552403763974e-01 7.352341253448100300e-01 3.545073273212148712e-01 8.001867285601659274e-01 8.784908195186278412e-01 5.755407595159038880e-01 7.367618144128726954e-01 2.751077136101897080e-01
5.642963399207152619e-01 7.439110912955091415e-01 3.454522300010670621e-01 8.960550128275774906e-01 9.243281146126008929e-01 1.382628887997431333e-01 7.931546395292408125e-01 5.252815083506414684e-01 4.188327297500715751e-01 1.847571494033034556e-01 6.280841567683858040e-01 3.163400926001725955e-01 3.258229696192234681e-01 8.808109966074977315e-01 5.341913135474610774e-01 5.395682232809773105e-01 6.712747071421384382e-01 0.000000000000000000e+00 3.830798543199296913e-01 2.510639595898041532e-01 5.249836273457008096e-01 1.790993182908241499e-01 7.142287948229717465e-01 1.039290851206716715e-01 7.927996601079914107e-01 5.525034064285372359e-01 4.676313176567030716e-01 7.302322551060287381e-01 5.492799559653056551e-01 4.691075643350707258e-01 5.712838514826384939e-01 6.620611187225466931e-02 7.139094001680488244e-01 9.011105948243085528e-01 6.202639695524641006e-01
2.877591462124223787e-01 6.024795585272664233e-01 8.314528035059471911e-01 7.308557594842109983e-01 5.384666103329205367e-02 8.752801577912531217e-01 5.955847689614373053e-01 4.187718069266075371e-01 6.253314049868882174e-01 6.096353768043596411e-01 6.780423077706159152e-01 9.025333512665721925e-01 6.448863485099963766e-01 8.551209143845728278e-01 6.267392050766220635e-01 5.733735069010785779e-01 8.300382837275868120e-01 3.830798543199296913e-01 0.000000000000000000e+00 3.541842758497926180e-01 6.011932359675833393e-01 4.389381214600338033e-01 4.326527787158019889e-01 4.668018582729556165e-01 2.103266050722767400e-01 8.756515105375151098e-01 4.148731816745743206e-01 8.178683654291958316e-01 4.191723969948575323e-01 6.511359109970114023e-01 4.199658220593920355e-01 6.222498214284033491e-01 7.578250870695031338e-01 1.072113130028288230e-01 5.241425707678903922e-01
8.919328234707565306e-01 7.153384072281676609e-01 1.500392228978540965e-01 4.436619275114164207e-01 6.465569110994004998e-01 6.939537997953801884e-01 8.900085244610107527e-01 6.528666336813467863e-01 9.134341034275011983e-01 6.442085195538834741e-01 2.862468531458040588e-01 8.531243400610710736e-01 6.417026506741294600e-01 4.984482758218036769e-01 6.630560321234698629e-01 1.459040734392267336e-01 3.880437309177555694e-01 2.510639595898041532e-01 3.541842758497926180e-01 0.000000000000000000e+00 7.042894357960352014e-01 5.147326845204973633e-01 4.925448980373124952e-01 8.240296633140751226e-01 6.270284762900190101e-01 6.108060202629242985e-01 6.206797307053039114e-01 2.048443713074483696e-01 7.488611736788459705e-01 4.672550230954782835e-01 7.875650828595006647e-01 7.654410086865324203e-01 6.257619049401719202e-01 7.273058298224505114e-01 3.767492205462356636e-01
6.197912305433830316e-01 2.786344317236142398e-01 5.796715612374001569e-01 5.098485199175092353e-01 5.978599945769460522e-01 4.301990250655127190e-01 3.093393760296710981e-01 7.507849201369166670e-01 1.661268081067867608e-01 4.658075451964935332e-01 9.371687122148287807e-01 4.762871083794341098e-01 7.148450684770633057e-01 5.375483859089525973e-01 8.778438838881705841e-01 4.909921290499664193e-01 3.855105108069186159e-01 5.249836273457008096e-01 6.011932359675833393e-01 7.042894357960352014e-01 0.000000000000000000e+00 3.834000508849442213e-01 4.817303994600228845e-01 6.818597873451295310e-01 4.923417097005260978e-01 4.901472605737484112e-01 7.594935026169030712e-01 9.678676312193785769e-01 4.894301547111498119e-01 8.192832314825593265e-01 4.314376215823289562e-01 4.479421527357700938e-01 5.318166976999938456e-01 6.134663967311291266e-01 3.969526299652483825e-01
4.797169787035741595e-01 4.971445932627908681e-01 5.578627135324201181e-01 7.719467265985270332e-01 5.943913792085433467e-01 3.652234328248427642e-01 5.167870516987032037e-01 5.148505527266787896e-01 3.815989652113551678e-01 5.048528510839547234e-01 5.630810118568461142e-01 9.364035865533956171e-01 6.490253117776139113e-01 9.570669868100922795e-01 4.362644764693764388e-01 3.412342825868311946e-01 8.168590768998944540e-01 1.790993182908241499e-01 4.389381214600338033e-01 5.147326845204973633e-01 3.834000508849442213e-01 0.000000000000000000e+00 6.896194412812348684e-01 3.910917910447934132e-01 5.365181736130001378e-01 6.536798822537243092e-01 4.579659279691062346e-01 9.331350736162062898e-01 5.499164609980311536e-01 3.685941908691198199e-01 8.773223426720284657e-01 4.701671542279237115e-01 3.580410207040999326e-01 9.574170842204648979e-01 8.183997043405717431e-01
8.468366353971886751e-01 4.435692436552014506e-01 5.739963217186003774e-01 9.214270906610777523e-01 7.943200696122167948e-01 4.315681895121530331e-01 4.239922652592095220e-01 2.307235831782324942e-01 3.976752043726606289e-01 4.415401725627808860e-01 3.853004430390314372e-01 3.127878295589900937e-01 6.420724545190419352e-01 4.616870229495255717e-01 5.835725135839173738e-01 5.648523717562823343e-01 7.423624936263000240e-01 7.142287948229717465e-01 4.326527787158019889e-01 4.925448980373124952e-01 4.817303994600228845e-01 6.896194412812348684e-01 0.000000000000000000e+00 7.373191397909490963e-01 7.285299645903917654e-01 1.373687293178328384e-01 4.148276981741231273e-01 4.597798389721118317e-01 2.190863340675863746e-01 3.946189739185091416e-01 3.252171641496147125e-01 4.867614970952638953e-01 8.143199910178130496e-01 4.246425884345080837e-01 2.862001736582733269e-01
4.879552654305562842e-01 4.599646880344747113e-01 7.010996942690943534e-01 7.859039425854630334e-01 5.287957059517336411e-01 4.004077933799848887e-01 7.299272348204881578e-01 3.438008699599907625e-01 2.910711363331812129e-01 3.166779344912165062e-01 3.757550767251969792e-01 5.193630006638043639e-01 7.738021094137188527e-01 7.156133470630041682e-01 5.391337117135791557e-01 2.600483837599467662e-01 7.408956871537286659e-01 1.039290851206716715e-01 4.668018582729556165e-01 8.240296633140751226e-01 6.818597873451295310e-01 3.910917910447934132e-01 7.373191397909490963e-01 0.000000000000000000e+00 6.141794767092098040e-01 1.516876475855041262e-01 4.734908868879998955e-01 5.970753089193722163e-01 3.463893563695621403e-01 6.617006277399848369e-01 5.406880613020828008e-01 4.239413795388440875e-01 7.327241037224359044e-01 7.976991852635209046e-01 4.696587071725291662e-01
2.981983362492782730e-01 3.932858567484764922e-01 6.098089907266459608e-01 8.076030493361809892e-01 8.315128873961861178e-01 6.309835673671209122e-01 4.831981970685131911e-01 8.916615485372292316e-01 7.687759368761690748e-01 5.133721888160514002e-01 5.170292817195095703e-01 3.813541385193879862e-01 3.312139469710788653e-01 5.017249544477290213e-01 7.405145070287189046e-01 1.559817128218849991e-01 5.464111467849339654e-01 7.927996601079914107e-01 2.103266050722767400e-01 6.270284762900190101e-01 4.923417097005260978e-01 5.365181736130001378e-01 7.285299645903917654e-01 6.141794767092098040e-01 0.000000000000000000e+00 8.068060752582393302e-01 6.910418282255383904e-01 5.465874765595021278e-01 6.174323340141908423e-01 4.432874725869142551e-01 5.165426320267717530e-01 7.387892631504401342e-01 5.450214806509060539e-01 6.341683652111852476e-01 1.437479808203453446e-01
7.736098877617869629e-01 4.206998035041713546e-01 7.686989010961872149e-01 4.727431928872016242e-01 8.810305360634713701e-01 6.214775243011139150e-01 3.981763334749555128e-01 4.426617375895660622e-01 8.042704937439434376e-01 8.503787947881192855e-01 3.696958947598071310e-01 5.133009123320251277e-01 6.975942218826094443e-01 6.874564301888411721e-01 7.917358318901863701e-01 4.668327298503428535e-01 5.728158677945844879e-01 5.525034064285372359e-01 8.756515105375151098e-01 6.108060202629242985e-01 4.901472605737484112e-01 6.536798822537243092e-01 1.373687293178328384e-01 1.516876475855041262e-01 8.068060752582393302e-01 0.000000000000000000e+00 8.320732075626491309e-01 5.529766102292046348e-01 4.906159294089615375e-01 5.245108933765514347e-01 1.152552008697743657e-01 7.683679778606240518e-01 1.395629768151916972e-01 7.784212576789724114e-01 7.026813454547311544e-01
5.051110828186433643e-01 3.650356858181280084e-01 5.464916539552835406e-01 2.107027045142851329e-01 2.697650656900569821e-01 5.172530570957297735e-01 6.316918248364283839e-01 6.009813168259532379e-01 7.708821119705335789e-01 7.511281185154492501e-01 7.256237441709245672e-01 8.038753081894232100e-01 3.039601267241287541e-01 4.792322316855431863e-01 6.828310559611191488e-01 7.108648689734116122e-01 6.432466382863771814e-01 4.676313176567030716e-01 4.148731816745743206e-01 6.206797307053039114e-01 7.594935026169030712e-01 4.579659279691062346e-01 4.148276981741231273e-01 4.734908868879998955e-01 6.910418282255383904e-01 8.320732075626491309e-01 0.000000000000000000e+00 5.000815273927456950e-01 7.878034216257004951e-01 7.788910061178657696e-01 6.667837073867972641e-01 8.076276218628405390e-01 4.702380647900069599e-01 7.449942866088078430e-01 3.910857417933261693e-01
4.754725336590058249e-01 7.870665903097321392e-01 2.545254041610154339e-01 6.484775250650420819e-01 8.628286499578532442e-01 5.914445069779208364e-01 5.605660769138667288e-01 7.746973898524016633e-01 1.258756976458986765e-01 4.725063723452827547e-01 2.193545369789322574e-01 3.009268992923835873e-01 4.382702517398259223e-01 7.653305768779317120e-02 6.991597065563104341e-01 6.430840068903340701e-01 3.753267552403763974e-01 7.302322551060287381e-01 8.178683654291958316e-01 2.048443713074483696e-01 9.678676312193785769e-01 9.331350736162062898e-01 4.597798389721118317e-01 5.970753089193722163e-01 5.465874765595021278e-01 5.529766102292046348e-01 5.000815273927456950e-01 0.000000000000000000e+00 8.614490249992934334e-01 1.155187811538621045e-01 3.891483617315053545e-01 6.852342452978933407e-01 7.470541194011308672e-01 7.201817711103860598e-01 8.112340591863298478e-01
4.182269779236145180e-01 7.067654829952447759e-01 5.382034386845246932e-01 2.394692334471646977e-01 3.872132713427545170e-02 5.276330621352939287e-01 2.482760724194993385e-01 8.111703048294185425e-01 4.164437661741819952e-01 7.664188894683316988e-01 6.603574238227770676e-01 6.635986669467934806e-01 8.934074027577522115e-01 2.663270798497996417e-01 4.445633422671212420e-01 6.811325618633172763e-01 7.352341253448100300e-01 5.492799559653056551e-01 4.191723969948575323e-01 7.488611736788459705e-01 4.894301547111498119e-01 5.499164609980311536e-01 2.190863340675863746e-01 3.463893563695621403e-01 6.174323340141908423e-01 4.906159294089615375e-01 7.878034216257004951e-01 8.614490249992934334e-01 0.000000000000000000e+00 7.031531640676973449e-01 8.108052765675797247e-01 9.319207563427710506e-01 7.715228899097841264e-01 6.409379680691824621e-01 2.703148973911296826e-01
3.729630680908001539e-01 6.031219807627896667e-01 4.143450478670642201e-01 4.793872375755574566e-01 4.522696385758386284e-01 3.232214124343941730e-01 7.056312692743453852e-01 6.831617401890136554e-01 5.831443544415562119e-01 7.331755612247643494e-01 5.578549728383166428e-01 7.603118716064523053e-01 6.506038640232050252e-01 8.016548427110560260e-01 4.666048901708926278e-01 7.033013511044292621e-01 3.545073273212148712e-01 4.691075643350707258e-01 6.511359109970114023e-01 4.672550230954782835e-01 8.192832314825593265e-01 3.685941908691198199e-01 3.946189739185091416e-01 6.617006277399848369e-01 4.432874725869142551e-01 5.245108933765514347e-01 7.788910061178657696e-01 1.155187811538621045e-01 7.031531640676973449e-01 0.000000000000000000e+00 3.414848028488660647e-01 2.688717759016167053e-01 6.416792570958567143e-01 5.122001105654317987e-01 3.343659913146335150e-01
7.778806886595817094e-01 4.613844549411222351e-01 5.693705752047706348e-01 5.619696387842159080e-01 9.393705261762343994e-01 7.887621111433897880e-01 2.632653921962018195e-01 4.704730796658365688e-01 7.165733713993588383e-01 8.016782086316577294e-01 7.085306144771765791e-01 9.088733712002762255e-01 3.837048195150928320e-01 8.820030226324161449e-01 5.496949647043207765e-01 2.525026451335312672e-01 8.001867285601659274e-01 5.712838514826384939e-01 4.199658220593920355e-01 7.875650828595006647e-01 4.314376215823289562e-01 8.773223426720284657e-01 3.252171641496147125e-01 5.406880613020828008e-01 5.165426320267717530e-01 1.152552008697743657e-01 6.667837073867972641e-01 3.891483617315053545e-01 8.108052765675797247e-01 3.414848028488660647e-01 0.000000000000000000e+00 4.908624646859425233e-01 8.747516223423292825e-01 8.737965297543841547e-01 7.878161274507833323e-02
7.792633144441334370e-01 4.634172234174983029e-01 4.454434564624247805e-01 4.158832510231255108e-01 6.717018853444711723e-01 8.045198966383828587e-01 8.290947163504762685e-01 5.388220362921041229e-01 5.029815143177985837e-01 6.602600909656640704e-01 3.721636598425752673e-01 7.180409886343686043e-01 5.458249721752890249e-01 1.568135214149656287e-01 9.454666436681036235e-01 4.732522777920581403e-01 8.784908195186278412e-01 6.620611187225466931e-02 6.222498214284033491e-01 7.654410086865324203e-01 4.479421527357700938e-01 4.701671542279237115e-01 4.867614970952638953e-01 4.239413795388440875e-01 7.387892631504401342e-01 7.683679778606240518e-01 8.076276218628405390e-01 6.852342452978933407e-01 9.319207563427710506e-01 2.688717759016167053e-01 4.908624646859425233e-01 0.000000000000000000e+00 7.960384016607824353e-01 4.542047361944343553e-01 6.317430235402621275e-01
8.743679605139424993e-01 4.279886888216682950e-01 7.154584668721115648e-01 9.197991311882760535e-01 3.795848983310838864e-01 3.560629894849532961e-01 8.223869205977535346e-01 5.424262221460309785e-01 4.195769626393075491e-01 5.517582429335090577e-01 6.501134559081902520e-01 8.680979938555186681e-01 7.805945055956601264e-01 8.527666551424730734e-01 7.204608431694334847e-01 5.226746165123626886e-01 5.755407595159038880e-01 7.139094001680488244e-01 7.578250870695031338e-01 6.257619049401719202e-01 5.318166976999938456e-01 3.580410207040999326e-01 8.143199910178130496e-01 7.327241037224359044e-01 5.450214806509060539e-01 1.395629768151916972e-01 4.702380647900069599e-01 7.470541194011308672e-01 7.715228899097841264e-01 6.416792570958567143e-01 8.747516223423292825e-01 7.960384016607824353e-01 0.000000000000000000e+00 5.068266755485681951e-01 1.321839552022998632e-01
5.935369529135074984e-01 8.987125548289507382e-01 2.109212899882031422e-01 5.712346466526860844e-01 4.610214588102614641e-01 4.238351921805807443e-01 2.452076064300555691e-01 5.257331536060038113e-01 5.487254392124961688e-01 4.077617716704407536e-01 1.826961969650802153e-01 5.738981958735501765e-01 8.929947205156579804e-01 5.627879401730448983e-01 3.060564863815528058e-01 3.269298695955264455e-01 7.367618144128726954e-01 9.011105948243085528e-01 1.072113130028288230e-01 7.273058298224505114e-01 6.134663967311291266e-01 9.574170842204648979e-01 4.246425884345080837e-01 7.976991852635209046e-01 6.341683652111852476e-01 7.784212576789724114e-01 7.449942866088078430e-01 7.201817711103860598e-01 6.409379680691824621e-01 5.122001105654317987e-01 8.737965297543841547e-01 4.542047361944343553e-01 5.068266755485681951e-01 0.000000000000000000e+00 5.629212731795678604e-01
4.469887450698967202e-01 7.757848175476176333e-01 4.784570981213330798e-01 8.799871933073268870e-01 7.034135219736152855e-01 5.651700945586949354e-01 9.498647873957533072e-02 8.056102553059665272e-01 3.175552527050393703e-01 5.427459547559351227e-01 6.229504118005058100e-01 7.484075068529046915e-01 8.502679666241892420e-01 2.620162737700907352e-01 8.815194401498527288e-01 1.996788881378885883e-02 2.751077136101897080e-01 6.202639695524641006e-01 5.241425707678903922e-01 3.767492205462356636e-01 3.969526299652483825e-01 8.183997043405717431e-01 2.862001736582733269e-01 4.696587071725291662e-01 1.437479808203453446e-01 7.026813454547311544e-01 3.910857417933261693e-01 8.112340591863298478e-01 2.703148973911296826e-01 3.343659913146335150e-01 7.878161274507833323e-02 6.317430235402621275e-01 1.321839552022998632e-01 5.629212731795678604e-01 0.000000000000000000e+00
