0.000000000000000000e+00 5.712337656184613977e-01 8.936492866097820453e-01 4.694324013368357806e-01 8.339239166716759799e-01 4.905396189421549202e-01 6.383078103071364584e-01 4.805923579642401022e-01 4.922653959124205225e-01 3.971379067911573468e-01 1.547684995491780402e-01 7.071736763939240333e-01 9.725757747174068601e-01 2.131069235122051708e-01 8.840911337051069463e-01 8.558252490879472152e-01 7.499763312285829819e-01 3.117335471992612739e-01 4.898689141393369195e-01 5.285676074501713950e-01 5.243676058730847300e-01 4.409094206998805943e-01 9.672995842302503089e-01 8.793803674572913120e-01 6.046368734253492194e-01 6.253651792391590192e-01 5.931881096803552911e-01 1.002211111449912151e-01 4.006833198638537485e-01 4.884432497319168842e-01 2.636751912084478455e-02 9.053108154411668718e-01 6.921986135247468752e-01 1.947326793383292176e-01 4.327337094077756130e-01
5.712337656184613977e-01 0.000000000000000000e+00 3.875602077859091610e-01 1.137942720755416026e-01 1.034265836769834301e-01 2.499059632649481832e-01 7.193281510897738817e-01 9.469731037408246621e-02 2.483816556664306674e-01 4.040802451188529876e-01 5.191178306169083045e-01 3.167926749845499934e-01 8.826873449295915552e-01 2.347480438217468546e-01 8.392961280611882513e-01 7.730215763245513738e-01 3.244875270656108479e-01 8.010633062818517391e-02 4.251409876732016313e-01 2.141003409328481322e-01 4.279915250410573635e-01 3.790990669574402228e-01 2.994969410809558696e-01 8.417309433876878355e-01 4.281894091007966141e-01 2.544195839996421515e-01 4.463157108149058971e-01 1.765401514709695752e-01 1.569326053376500774e-01 7.471113930079312793e-01 4.342928246867327480e-01 5.957746509200669838e-01 6.550480091920616310e-01 3.794069214167229975e-01 4.446866415400774208e-02
8.936492866097820453e-01 3.875602077859091610e-01 0.000000000000000000e+00 4.472134684642405933e-01 5.343068791947099827e-01 5.080298742293816172e-01 5.171856380216650617e-01 7.542199559856106461e-01 4.338774747517118446e-01 4.967185490552117333e-01 9.766517906831801987e-01 6.425878388160763954e-01 6.536717449770462762e-01 5.751050083754241093e-01 5.833258315818133921e-01 4.864362347776308160e-01 5.239103925108479221e-01 3.106923336372685585e-01 2.281975722768182502e-01 7.083795003552239011e-01 5.402027452733411117e-01 8.109760292984192764e-01 6.528264454428052144e-01 2.928425117826041202e-01 6.632044774881188376e-01 2.187247611056597485e-01 3.390551520333814906e-01 2.313196325697109978e-01 5.211126323756894996e-01 2.155420878144640451e-01 4.513706109843301784e-01 5.112622428142574726e-01 6.585968606209957610e-01 8.291494125681332372e-01 5.312109515643194113e-01
4.694324013368357806e-01 1.137942720755416026e-01 4.472134684642405933e-01 0.000000000000000000e+00 2.081686791206073806e-01 7.864479174346211687e-01 4.232435277103573368e-01 8.120464890831640137e-01 1.698797284366237448e-01 4.980062984655891922e-01 7.669923622924347262e-01 6.360173590872044702e-01 3.252610895957319670e-01 4.528447105978133935e-01 6.637614180512619866e-01 5.065948522931726927e-01 1.696846054848368812e-01 3.229958941709007991e-01 3.857962159944091640e-01 7.264376309741658044e-01 3.149774334003756504e-01 8.975644557810655844e-01 6.207686173820744502e-01 4.722693569504060607e-01 3.011864050024815054e-01 5.642084065629462408e-01 8.170388338566422215e-01 6.297695794680144843e-01 4.945057171252347783e-01 7.745530879591291384e-01 1.662478551189831011e-01 2.617092343895922602e-01 4.793403896743625436e-01 5.189777275495245368e-01 8.401793721936818837e-01
8.339239166716759799e-01 1.034265836769834301e-01 5.343068791947099827e-01 2.081686791206073806e-01 0.000000000000000000e+00 1.157471323419776432e-01 3.111498939838939215e-01 2.717616832405219673e-01 4.083080253572217710e-01 5.383558617432617766e-01 4.229064670256240110e-01 4.920302306192856356e-01 4.860431910421504353e-01 5.753767360462436198e-01 4.043565337938021531e-01 8.099419947069451675e-01 5.109649189530816038e-01 3.149424495243292599e-01 5.142493198532465115e-01 7.988324674021786143e-01 1.151981911132597958e-01 8.217596280225932803e-01 6.710672372109272033e-01 3.273764774134371169e-01 6.651611201835287979e-01 4.877828853528034525e-01 8.659027355960045025e-01 8.701465570822404239e-01 7.115552018212839558e-01 4.794905707451556087e-01 6.809200481372786884e-01 1.972702186005660940e-01 5.073619608439683404e-02 8.371914982271395633e-01 6.135585425189460373e-01
4.905396189421549202e-01 2.499059632649481832e-01 5.080298742293816172e-01 7.864479174346211687e-01 1.157471323419776432e-01 0.000000000000000000e+00 3.164738482538845821e-01 3.556131906948504229e-01 5.320655362367242569e-01 3.515361326951659815e-01 2.019962688483979418e-01 3.059531563368934615e-01 1.769808215154178299e-01 6.378432289090936180e-01 4.777944040285878602e-01 4.551867373550826379e-01 6.378842862322928742e-01 5.042965433390771413e-01 6.862836345053521248e-01 3.441891821537355067e-01 1.858072852353384596e-01 6.105426848909011328e-01 5.695345556059219216e-01 7.242402848581108721e-01 7.665097242846683478e-01 6.621625895005779361e-01 2.479861807300020038e-01 6.455282699379800704e-01 1.180243989940108484e-01 5.119079801201888991e-01 6.401010695227794534e-01 3.939493859283559885e-01 5.751025681146159085e-01 4.614858581471678600e-01 2.366877152416351215e-01
6.383078103071364584e-01 7.193281510897738817e-01 5.171856380216650617e-01 4.232435277103573368e-01 3.111498939838939215e-01 3.164738482538845821e-01 0.000000000000000000e+00 7.642353553778372666e-01 5.136362366083533360e-01 8.291222172860457373e-02 5.488487235009650300e-01 1.300217828173018120e-01 4.562249843480660760e-01 3.486885870004048371e-01 4.049131289564881220e-01 3.398348314620204258e-01 2.474521614950372372e-01 4.171521776064158749e-01 6.985579628238569594e-01 6.045874186578017451e-01 4.497648873052811358e-01 9.109269087555496025e-01 8.198118343269400476e-01 5.211938678213789977e-01 4.562624062886310727e-01 4.396404899415817802e-02 2.847684506383170167e-01 7.146778368806001591e-01 5.898299267061717366e-01 5.967670527875559294e-01 4.362814801703702727e-01 5.120738738110244270e-01 7.612984031983984767e-01 2.186988332654350442e-01 6.574862843963620307e-01
4.805923579642401022e-01 9.469731037408246621e-02 7.542199559856106461e-01 8.120464890831640137e-01 2.717616832405219673e-01 3.556131906948504229e-01 7.642353553778372666e-01 0.000000000000000000e+00 4.998063090099267858e-01 4.146384469519835414e-01 6.233992155706018501e-01 5.278455601724222346e-01 1.527680734061406254e-01 1.956629309675822492e-01 5.658971057669166527e-01 7.235636526001658630e-01 4.747368036694536997e-01 3.132726655710350583e-01 6.552153110002764125e-01 4.126166440447127659e-01 9.462532713411875296e-02 6.068763168659649931e-01 4.399736854405160713e-01 4.515252460661526857e-01 7.457892172072517756e-01 3.848978752320078578e-01 4.706161398231820669e-01 4.663995482945227367e-01 1.346985727107551378e-01 4.996405075843886046e-01 5.163352586679497147e-01 7.831468447206446637e-01 5.892276954109572085e-01 4.949345238901758925e-01 9.169847556868098160e-01
4.922653959124205225e-01 2.483816556664306674e-01 4.338774747517118446e-01 1.698797284366237448e-01 4.083080253572217710e-01 5.320655362367242569e-01 5.136362366083533360e-01 4.998063090099267858e-01 0.000000000000000000e+00 4.723738403666017938e-01 4.539626539957960505e-01 6.119106337500728188e-01 3.416449807765215008e-01 6.304313573262123604e-01 2.113151590739548724e-01 6.641101901740762425e-01 7.631159291888782725e-01 3.721525455227465695e-01 2.164272688474294659e-01 7.577349318323205463e-01 4.388006107655744725e-01 7.344312045054410820e-01 5.270511373883675077e-01 5.181791529819097519e-01 3.999878286903395530e-01 3.486564216404348104e-01 8.169340564793425852e-01 9.810675476661900873e-02 7.243166310241377914e-01 4.648447283657197726e-02 7.110644626595810092e-01 4.970750804538702772e-01 4.054925712367326573e-01 4.845946850455600252e-01 3.685753631257835394e-01
3.971379067911573468e-01 4.040802451188529876e-01 4.967185490552117333e-01 4.980062984655891922e-01 5.383558617432617766e-01 3.515361326951659815e-01 8.291222172860457373e-02 4.146384469519835414e-01 4.723738403666017938e-01 0.000000000000000000e+00 6.226709569691197821e-01 2.624766322017825226e-01 4.297385264205331734e-01 8.120177146987477279e-01 2.093984266893801349e-01 3.775822103000476826e-01 4.492237020343717857e-01 4.299071895747881289e-01 8.048754807914351161e-01 3.826946004859940187e-01 8.067533574045095968e-01 2.717115574858863791e-01 5.128468792518531272e-01 5.295037529575413737e-01 3.797608590609160562e-01 9.204951125848592763e-01 2.934887543939548316e-01 7.231011633215713719e-01 7.360795582941197512e-01 4.885410494391727587e-01 6.742769786602222926e-01 5.456444419111499133e-01 4.676716820271621389e-01 4.753971910176447713e-01 6.292838046158857335e-01
1.547684995491780402e-01 5.191178306169083045e-01 9.766517906831801987e-01 7.669923622924347262e-01 4.229064670256240110e-01 2.019962688483979418e-01 5.488487235009650300e-01 6.233992155706018501e-01 4.539626539957960505e-01 6.226709569691197821e-01 0.000000000000000000e+00 7.684952846940500404e-01 4.095883325223331761e-01 6.330652828931653264e-01 6.520328932269630062e-01 4.312212195528331016e-01 4.465488108734719241e-01 7.255546932293397422e-01 8.264730814492002864e-01 5.551903021909494473e-01 6.260083995907643750e-01 3.996965332208515242e-01 5.253543231363694277e-01 5.618264807221968749e-01 4.693027183018129156e-01 4.801665584923796026e-01 3.188470277621621163e-01 3.657698347037779962e-01 3.580096203455124249e-01 5.265786200025073249e-01 5.571354585468527576e-01 6.249391987953594185e-01 8.019559948313498277e-01 4.714498804702209056e-01 5.263525099279172670e-01
7.071736763939240333e-01 3.167926749845499934e-01 6.425878388160763954e-01 6.360173590872044702e-01 4.920302306192856356e-01 3.059531563368934615e-01 1.300217828173018120e-01 5.278455601724222346e-01 6.119106337500728188e-01 2.624766322017825226e-01 7.684952846940500404e-01 0.000000000000000000e+00 2.438843591541100531e-01 8.750017500790356895e-01 5.980650622100340819e-01 2.638027726716622445e-01 8.394652575622965074e-01 8.357476594702375472e-01 8.463765366353070974e-01 7.191403995032630281e-01 8.580456225050293595e-01 2.694848023756047928e-01 3.681182073965191259e-01 2.819402459113336534e-01 3.455815393168331084e-01 6.343991817369414310e-01 7.288114491240096360e-01 5.038543793779282076e-01 9.221088218240751644e-01 6.995953766578931754e-01 5.623003193938622690e-01 4.165146728686136557e-01 6.226539579127585711e-01 9.083979580524415010e-01 3.551234410238261474e-01
9.725757747174068601e-01 8.826873449295915552e-01 6.536717449770462762e-01 3.252610895957319670e-01 4.860431910421504353e-01 1.769808215154178299e-01 4.562249843480660760e-01 1.527680734061406254e-01 3.416449807765215008e-01 4.297385264205331734e-01 4.095883325223331761e-01 2.438843591541100531e-01 0.000000000000000000e+00 3.903209170809018302e-01 5.935547885267414836e-01 7.959266865764591525e-01 1.254389103186259735e-01 8.447015580937803358e-01 2.049586954653459525e-01 5.234838323177417596e-01 8.957013618391591603e-01 5.456835891761807611e-01 7.239387719565768542e-01 7.667870904754514605e-01 3.275796441722081398e-01 5.078745584064435770e-01 2.765005232476294150e-01 4.925183870468411440e-01 7.854261506397566261e-01 5.321586790525062449e-01 5.003425252607356377e-01 8.282408480551108898e-01 7.245178660045995533e-01 1.164621136636233012e-01 8.663225449389804211e-01
2.131069235122051708e-01 2.347480438217468546e-01 5.751050083754241093e-01 4.528447105978133935e-01 5.753767360462436198e-01 6.378432289090936180e-01 3.486885870004048371e-01 1.956629309675822492e-01 6.304313573262123604e-01 8.120177146987477279e-01 6.330652828931653264e-01 8.750017500790356895e-01 3.903209170809018302e-01 0.000000000000000000e+00 3.086149402507851192e-01 8.403783190108702339e-01 1.532851022833352506e-01 3.377542938740221157e-01 2.959149388195146946e-01 8.888755762538761429e-01 3.174764147453876251e-01 1.951003983200023661e-01 4.507250690193937981e-01 9.262005944189344309e-02 3.681426226496492538e-01 9.139622595897958224e-01 2.928448603171819875e-01 4.670968251309257635e-01 2.778551104643384173e-01 3.250605887452086007e-01 2.014479703666722799e-01 5.620070903343054036e-01 1.218408418535045223e-01 5.622139617860644201e-01 3.504544196199716466e-01
8.840911337051069463e-01 8.392961280611882513e-01 5.833258315818133921e-01 6.637614180512619866e-01 4.043565337938021531e-01 4.777944040285878602e-01 4.049131289564881220e-01 5.658971057669166527e-01 2.113151590739548724e-01 2.093984266893801349e-01 6.520328932269630062e-01 5.980650622100340819e-01 5.935547885267414836e-01 3.086149402507851192e-01 0.000000000000000000e+00 8.037222685981544323e-01 3.998318857156213380e-01 5.956172545088975756e-01 5.649787350429096300e-01 1.324561641052779404e-01 5.285181021527138867e-01 1.942413780568960080e-01 3.670193279662942176e-01 1.878629669501363786e-01 3.176538472884332109e-01 7.820225725202474276e-01 5.377351870440263415e-01 3.981447589974631551e-01 5.519785180450931250e-01 5.873956671089970438e-01 3.439839124220044897e-01 4.443758295852594520e-01 9.807315012766435469e-01 5.849739996598845027e-01 5.983713353471413754e-01
8.558252490879472152e-01 7.730215763245513738e-01 4.864362347776308160e-01 5.065948522931726927e-01 8.099419947069451675e-01 4.551867373550826379e-01 3.398348314620204258e-01 7.235636526001658630e-01 6.641101901740762425e-01 3.775822103000476826e-01 4.312212195528331016e-01 2.638027726716622445e-01 7.959266865764591525e-01 8.403783190108702339e-01 8.037222685981544323e-01 0.000000000000000000e+00 4.225706633694324421e-01 7.039455529600018302e-01 7.484257950543202753e-01 6.160578907544999039e-01 4.494634498488487284e-01 6.840042740488370132e-01 4.033362271886404837e-01 5.301612999240683521e-01 4.525487804370084133e-01 5.177130974906255512e-01 1.736860086443516860e-01 4.762762846359578361e-01 6.074008161903242664e-01 6.543969177714663576e-01 8.216447507122177640e-01 7.770034998014541117e-01 4.899242773501439885e-01 7.020656576865993426e-01 2.592127676281205106e-01
7.499763312285829819e-01 3.244875270656108479e-01 5.239103925108479221e-01 1.696846054848368812e-01 5.109649189530816038e-01 6.378842862322928742e-01 2.474521614950372372e-01 4.747368036694536997e-01 7.631159291888782725e-01 4.492237020343717857e-01 4.465488108734719241e-01 8.394652575622965074e-01 1.254389103186259735e-01 1.532851022833352506e-01 3.998318857156213380e-01 4.225706633694324421e-01 0.000000000000000000e+00 4.902876245842842096e-01 5.189357997499098873e-01 1.547307191085535161e-01 2.957112567518956903e-01 4.545802955483657648e-01 9.276503867992706986e-01 5.956671976582468275e-01 1.826406500507888886e-01 2.511304141015797686e-01 5.929688525164240609e-01 4.281223588142155645e-01 6.055465126119251584e-01 3.819686673256674769e-01 4.658673691141818618e-01 3.370935299763523352e-01 5.487371284245572411e-01 8.944732837084405919e-01 6.287867151847110758e-01
3.117335471992612739e-01 8.010633062818517391e-02 3.106923336372685585e-01 3.229958941709007991e-01 3.149424495243292599e-01 5.042965433390771413e-01 4.171521776064158749e-01 3.132726655710350583e-01 3.721525455227465695e-01 4.299071895747881289e-01 7.255546932293397422e-01 8.357476594702375472e-01 8.447015580937803358e-01 3.377542938740221157e-01 5.956172545088975756e-01 7.039455529600018302e-01 4.902876245842842096e-01 0.000000000000000000e+00 4.874044199274197853e-01 6.540798300952486155e-01 4.154104351730151246e-01 5.803305338679896064e-01 2.446610973300735736e-01 2.900496150765862202e-01 3.453000741237930993e-01 2.790278641746073429e-01 2.741773707371014113e-01 3.129162011720837411e-01 2.820888424625136448e-01 3.176448866533854165e-01 6.107915058027806321e-01 1.723870851956580408e-01 5.548452460803434683e-01 4.658140254848285311e-01 6.138368271930980669e-01
4.898689141393369195e-01 4.251409876732016313e-01 2.281975722768182502e-01 3.857962159944091640e-01 5.142493198532465115e-01 6.862836345053521248e-01 6.985579628238569594e-01 6.552153110002764125e-01 2.164272688474294659e-01 8.048754807914351161e-01 8.264730814492002864e-01 8.463765366353070974e-01 2.049586954653459525e-01 2.959149388195146946e-01 5.649787350429096300e-01 7.484257950543202753e-01 5.189357997499098873e-01 4.874044199274197853e-01 0.000000000000000000e+00 8.737599001430209622e-01 5.379344113003116101e-01 8.700912807325951182e-01 4.304836926400368302e-01 5.241368857246515578e-01 2.997749629736202737e-01 7.705683747143332596e-01 4.180094649850552013e-02 1.282180757151906159e-01 7.153425296643940445e-01 3.550291836030667891e-01 4.129443048152947604e-01 6.402407583988243278e-01 7.562979241212073322e-01 2.312415700059796686e-01 7.250205323278954284e-01
5.285676074501713950e-01 2.141003409328481322e-01 7.083795003552239011e-01 7.264376309741658044e-01 7.988324674021786143e-01 3.441891821537355067e-01 6.045874186578017451e-01 4.126166440447127659e-01 7.577349318323205463e-01 3.826946004859940187e-01 5.551903021909494473e-01 7.191403995032630281e-01 5.234838323177417596e-01 8.888755762538761429e-01 1.324561641052779404e-01 6.160578907544999039e-01 1.547307191085535161e-01 6.540798300952486155e-01 8.737599001430209622e-01 0.000000000000000000e+00 4.696463423707128992e-01 7.000376116394202430e-01 2.556279137575340199e-01 6.152423829090249985e-01 7.397322029031441204e-01 8.539046544558679397e-01 3.979075235768585461e-01 6.984477924555091422e-01 7.229440999628822251e-01 8.349082140978496547e-01 6.046982023219080737e-01 3.027323601910468787e-01 5.262711969151467883e-01 1.957620094643517383e-01 1.622496296784113889e-01
5.243676058730847300e-01 4.279915250410573635e-01 5.402027452733411117e-01 3.149774334003756504e-01 1.151981911132597958e-01 1.858072852353384596e-01 4.497648873052811358e-01 9.462532713411875296e-02 4.388006107655744725e-01 8.067533574045095968e-01 6.260083995907643750e-01 8.580456225050293595e-01 8.957013618391591603e-01 3.174764147453876251e-01 5.285181021527138867e-01 4.494634498488487284e-01 2.957112567518956903e-01 4.154104351730151246e-01 5.379344113003116101e-01 4.696463423707128992e-01 0.000000000000000000e+00 5.053138222589694806e-01 3.650399546434305309e-01 5.022017541439116606e-01 3.481458878532984746e-01 1.493842787047361953e-01 6.870669378770937197e-01 8.168886268946086160e-01 6.330093620043579783e-01 2.788580939776532652e-01 3.409281347114583305e-01 5.834772573887064828e-01 5.070309848420500032e-01 3.117863467009821532e-01 5.020266563121932313e-01
4.409094206998805943e-01 3.790990669574402228e-01 8.109760292984192764e-01 8.975644557810655844e-01 8.217596280225932803e-01 6.105426848909011328e-01 9.109269087555496025e-01 6.068763168659649931e-01 7.344312045054410820e-01 2.717115574858863791e-01 3.996965332208515242e-01 2.694848023756047928e-01 5.456835891761807611e-01 1.951003983200023661e-01 1.942413780568960080e-01 6.840042740488370132e-01 4.545802955483657648e-01 5.803305338679896064e-01 8.700912807325951182e-01 7.000376116394202430e-01 5.053138222589694806e-01 0.000000000000000000e+00 8.021887896408915752e-01 6.041073063456077197e-01 4.379223922434333227e-01 5.035960079922977561e-01 5.867558950015128172e-01 7.219764927594636283e-01 1.802785716439483377e-01 4.676634701368316827e-01 5.173563364736759596e-01 6.960820453744485103e-01 6.425187535386853721e-01 5.391946627032752071e-01 5.772811174178369420e-01
9.672995842302503089e-01 2.994969410809558696e-01 6.528264454428052144e-01 6.207686173820744502e-01 6.710672372109272033e-01 5.695345556059219216e-01 8.198118343269400476e-01 4.399736854405160713e-01 5.270511373883675077e-01 5.128468792518531272e-01 5.253543231363694277e-01 3.681182073965191259e-01 7.239387719565768542e-01 4.507250690193937981e-01 3.670193279662942176e-01 4.033362271886404837e-01 9.276503867992706986e-01 2.446610973300735736e-01 4.304836926400368302e-01 2.556279137575340199e-01 3.650399546434305309e-01 8.021887896408915752e-01 0.000000000000000000e+00 3.942896090038873202e-01 5.810688346700449980e-01 4.515846701917551886e-01 5.792451586505722450e-01 5.603568551153392807e-01 2.061634112714217926e-01 2.744762688549953200e-01 5.970698438433006405e-01 3.456870542788992307e-01 4.941595117916097735e-01 1.129388682823013745e-01 5.036272377157411384e-01
8.793803674572913120e-01 8.417309433876878355e-01 2.928425117826041202e-01 4.722693569504060607e-01 3.273764774134371169e-01 7.242402848581108721e-01 5.211938678213789977e-01 4.515252460661526857e-01 5.181791529819097519e-01 5.295037529575413737e-01 5.618264807221968749e-01 2.819402459113336534e-01 7.667870904754514605e-01 9.262005944189344309e-02 1.878629669501363786e-01 5.301612999240683521e-01 5.956671976582468275e-01 2.900496150765862202e-01 5.241368857246515578e-01 6.152423829090249985e-01 5.022017541439116606e-01 6.041073063456077197e-01 3.942896090038873202e-01 0.000000000000000000e+00 5.360934016568325022e-01 5.492960730692520999e-01 4.010996452660732237e-01 2.903500478888221270e-01 7.503646831422795538e-01 4.054421982110684164e-01 2.788174917638581718e-01 5.825277116330167537e-01 2.060562641582312504e-01 5.402063249643375142e-01 1.152039551953272234e-01
6.046368734253492194e-01 4.281894091007966141e-01 6.632044774881188376e-01 3.011864050024815054e-01 6.651611201835287979e-01 7.665097242846683478e-01 4.562624062886310727e-01 7.457892172072517756e-01 3.999878286903395530e-01 3.797608590609160562e-01 4.693027183018129156e-01 3.455815393168331084e-01 3.275796441722081398e-01 3.681426226496492538e-01 3.176538472884332109e-01 4.525487804370084133e-01 1.826406500507888886e-01 3.453000741237930993e-01 2.997749629736202737e-01 7.397322029031441204e-01 3.481458878532984746e-01 4.379223922434333227e-01 5.810688346700449980e-01 5.360934016568325022e-01 0.000000000000000000e+00 4.091138676154503218e-01 3.770648959249019994e-01 7.846474972808910042e-01 5.846812919450606882e-01 6.957946417137881312e-01 8.973387710061628830e-01 4.380396311545510790e-01 8.125102024736619022e-01 6.741801201856798542e-01 5.061925877968773690e-01
6.253651792391590192e-01 2.544195839996421515e-01 2.187247611056597485e-01 5.642084065629462408e-01 4.877828853528034525e-01 6.621625895005779361e-01 4.396404899415817802e-02 3.848978752320078578e-01 3.486564216404348104e-01 9.204951125848592763e-01 4.801665584923796026e-01 6.343991817369414310e-01 5.078745584064435770e-01 9.139622595897958224e-01 7.820225725202474276e-01 5.177130974906255512e-01 2.511304141015797686e-01 2.790278641746073429e-01 7.705683747143332596e-01 8.539046544558679397e-01 1.493842787047361953e-01 5.035960079922977561e-01 4.515846701917551886e-01 5.492960730692520999e-01 4.091138676154503218e-01 0.000000000000000000e+00 8.922461567903354762e-01 3.789652864051665793e-01 5.114319046147344228e-01 4.543186630567849216e-01 2.123911544479515356e-01 2.841851612073872380e-01 4.819785444593715495e-01 4.215233200021478721e-01 6.340033486030447474e-01
5.931881096803552911e-01 4.463157108149058971e-01 3.390551520333814906e-01 8.170388338566422215e-01 8.659027355960045025e-01 2.479861807300020038e-01 2.847684506383170167e-01 4.706161398231820669e-01 8.169340564793425852e-01 2.934887543939548316e-01 3.188470277621621163e-01 7.288114491240096360e-01 2.765005232476294150e-01 2.928448603171819875e-01 5.377351870440263415e-01 1.736860086443516860e-01 5.929688525164240609e-01 2.741773707371014113e-01 4.180094649850552013e-02 3.979075235768585461e-01 6.870669378770937197e-01 5.867558950015128172e-01 5.792451586505722450e-01 4.010996452660732237e-01 3.770648959249019994e-01 8.922461567903354762e-01 0.000000000000000000e+00 5.072314223042818648e-01 6.889385010870109349e-01 3.588271631356934055e-01 7.220002761818312687e-01 2.375951420571649764e-01 5.068150268197875175e-01 4.453946072606329576e-01 4.425757360742866853e-01
1.002211111449912151e-01 1.765401514709695752e-01 2.313196325697109978e-01 6.297695794680144843e-01 8.701465570822404239e-01 6.455282699379800704e-01 7.146778368806001591e-01 4.663995482945227367e-01 9.810675476661900873e-02 7.231011633215713719e-01 3.657698347037779962e-01 5.038543793779282076e-01 4.925183870468411440e-01 4.670968251309257635e-01 3.981447589974631551e-01 4.762762846359578361e-01 4.281223588142155645e-01 3.129162011720837411e-01 1.282180757151906159e-01 6.984477924555091422e-01 8.168886268946086160e-01 7.219764927594636283e-01 5.603568551153392807e-01 2.903500478888221270e-01 7.846474972808910042e-01 3.789652864051665793e-01 5.072314223042818648e-01 0.000000000000000000e+00 4.059659167834028803e-01 5.091558819002672820e-01 4.859266639052207681e-01 4.548665403802113483e-01 4.624087695626113437e-01 3.675301325051892887e-01 6.870313588323004872e-01
4.006833198638537485e-01 1.569326053376500774e-01 5.211126323756894996e-01 4.945057171252347783e-01 7.115552018212839558e-01 1.180243989940108484e-01 5.898299267061717366e-01 1.346985727107551378e-01 7.243166310241377914e-01 7.360795582941197512e-01 3.580096203455124249e-01 9.221088218240751644e-01 7.854261506397566261e-01 2.778551104643384173e-01 5.519785180450931250e-01 6.074008161903242664e-01 6.055465126119251584e-01 2.820888424625136448e-01 7.153425296643940445e-01 7.229440999628822251e-01 6.330093620043579783e-01 1.802785716439483377e-01 2.061634112714217926e-01 7.503646831422795538e-01 5.846812919450606882e-01 5.114319046147344228e-01 6.889385010870109349e-01 4.059659167834028803e-01 0.000000000000000000e+00 6.074587244359583860e-01 4.544467877721877214e-01 2.472876020660740304e-01 7.819700256360941903e-01 2.327437227364729244e-01 5.184015116435883863e-01
4.884432497319168842e-01 7.471113930079312793e-01 2.155420878144640451e-01 7.745530879591291384e-01 4.794905707451556087e-01 5.119079801201888991e-01 5.967670527875559294e-01 4.996405075843886046e-01 4.648447283657197726e-02 4.885410494391727587e-01 5.265786200025073249e-01 6.995953766578931754e-01 5.321586790525062449e-01 3.250605887452086007e-01 5.873956671089970438e-01 6.543969177714663576e-01 3.819686673256674769e-01 3.176448866533854165e-01 3.550291836030667891e-01 8.349082140978496547e-01 2.788580939776532652e-01 4.676634701368316827e-01 2.744762688549953200e-01 4.054421982110684164e-01 6.957946417137881312e-01 4.543186630567849216e-01 3.588271631356934055e-01 5.091558819002672820e-01 6.074587244359583860e-01 0.000000000000000000e+00 6.010006821811134659e-01 3.411696012030185909e-01 3.810963990685047875e-01 3.581344297990328718e-01 2.276509648828174415e-01
2.636751912084478455e-02 4.342928246867327480e-01 4.513706109843301784e-01 1.662478551189831011e-01 6.809200481372786884e-01 6.401010695227794534e-01 4.362814801703702727e-01 5.163352586679497147e-01 7.110644626595810092e-01 6.742769786602222926e-01 5.571354585468527576e-01 5.623003193938622690e-01 5.003425252607356377e-01 2.014479703666722799e-01 3.439839124220044897e-01 8.216447507122177640e-01 4.658673691141818618e-01 6.107915058027806321e-01 4.129443048152947604e-01 6.046982023219080737e-01 3.409281347114583305e-01 5.173563364736759596e-01 5.970698438433006405e-01 2.788174917638581718e-01 8.973387710061628830e-01 2.123911544479515356e-01 7.220002761818312687e-01 4.859266639052207681e-01 4.544467877721877214e-01 6.010006821811134659e-01 0.000000000000000000e+00 1.983825572009604299e-01 3.929599969160074702e-01 4.707241770426926486e-01 8.968628458122179792e-01
9.053108154411668718e-01 5.957746509200669838e-01 5.112622428142574726e-01 2.617092343895922602e-01 1.972702186005660940e-01 3.939493859283559885e-01 5.120738738110244270e-01 7.831468447206446637e-01 4.970750804538702772e-01 5.456444419111499133e-01 6.249391987953594185e-01 4.165146728686136557e-01 8.282408480551108898e-01 5.620070903343054036e-01 4.443758295852594520e-01 7.770034998014541117e-01 3.370935299763523352e-01 1.723870851956580408e-01 6.402407583988243278e-01 3.027323601910468787e-01 5.834772573887064828e-01 6.960820453744485103e-01 3.456870542788992307e-01 5.825277116330167537e-01 4.380396311545510790e-01 2.841851612073872380e-01 2.375951420571649764e-01 4.548665403802113483e-01 2.472876020660740304e-01 3.411696012030185909e-01 1.983825572009604299e-01 0.000000000000000000e+00 8.491013570084684492e-01 6.560326234548399249e-01 3.840672276502782867e-01
6.921986135247468752e-01 6.550480091920616310e-01 6.585968606209957610e-01 4.793403896743625436e-01 5.073619608439683404e-02 5.751025681146159085e-01 7.612984031983984767e-01 5.892276954109572085e-01 4.054925712367326573e-01 4.676716820271621389e-01 8.019559948313498277e-01 6.226539579127585711e-01 7.245178660045995533e-01 1.218408418535045223e-01 9.807315012766435469e-01 4.899242773501439885e-01 5.487371284245572411e-01 5.548452460803434683e-01 7.562979241212073322e-01 5.262711969151467883e-01 5.070309848420500032e-01 6.425187535386853721e-01 4.941595117916097735e-01 2.060562641582312504e-01 8.125102024736619022e-01 4.819785444593715495e-01 5.068150268197875175e-01 4.624087695626113437e-01 7.819700256360941903e-01 3.810963990685047875e-01 3.929599969160074702e-01 8.491013570084684492e-01 0.000000000000000000e+00 8.816561091396937222e-01 4.308880384505386352e-01
1.947326793383292176e-01 3.794069214167229975e-01 8.291494125681332372e-01 5.189777275495245368e-01 8.371914982271395633e-01 4.614858581471678600e-01 2.186988332654350442e-01 4.949345238901758925e-01 4.845946850455600252e-01 4.753971910176447713e-01 4.714498804702209056e-01 9.083979580524415010e-01 1.164621136636233012e-01 5.622139617860644201e-01 5.849739996598845027e-01 7.020656576865993426e-01 8.944732837084405919e-01 4.658140254848285311e-01 2.312415700059796686e-01 1.957620094643517383e-01 3.117863467009821532e-01 5.391946627032752071e-01 1.129388682823013745e-01 5.402063249643375142e-01 6.741801201856798542e-01 4.215233200021478721e-01 4.453946072606329576e-01 3.675301325051892887e-01 2.327437227364729244e-01 3.581344297990328718e-01 4.707241770426926486e-01 6.560326234548399249e-01 8.816561091396937222e-01 0.000000000000000000e+00 1.121541203664292441e-01
4.327337094077756130e-01 4.446866415400774208e-02 5.312109515643194113e-01 8.401793721936818837e-01 6.135585425189460373e-01 2.366877152416351215e-01 6.574862843963620307e-01 9.169847556868098160e-01 3.685753631257835394e-01 6.292838046158857335e-01 5.263525099279172670e-01 3.551234410238261474e-01 8.663225449389804211e-01 3.504544196199716466e-01 5.983713353471413754e-01 2.592127676281205106e-01 6.287867151847110758e-01 6.138368271930980669e-01 7.250205323278954284e-01 1.622496296784113889e-01 5.020266563121932313e-01 5.772811174178369420e-01 5.036272377157411384e-01 1.152039551953272234e-01 5.061925877968773690e-01 6.340033486030447474e-01 4.425757360742866853e-01 6.870313588323004872e-01 5.184015116435883863e-01 2.276509648828174415e-01 8.968628458122179792e-01 3.840672276502782867e-01 4.308880384505386352e-01 1.121541203664292441e-01 0.000000000000000000e+00
