0.000000000000000000e+00 5.687333016936613195e-01 6.847802766547292919e-01 5.211055558184474190e-01 7.668812562536194699e-01 3.884241422069040217e-01 5.234862542861669077e-01 2.345964530961763828e-01 6.843505160998186732e-01 6.170119409314087644e-01 4.017987254508771366e-01 3.812519556992698400e-01 6.363644542522067793e-01 7.960211210870939968e-01 6.333798818669114095e-01 2.061260457061637186e-01 4.149740236948425420e-01 6.583498058432991629e-01 2.587083060137819190e-01 5.814050092738709541e-01 1.959029868783953021e-01 5.474431534106842800e-01 2.889380291719350069e-01 4.998804986952620211e-01 6.485448416387253889e-01 2.780950409969602521e-01 2.756110633567210311e-01 7.685184055143021720e-01 8.985769236107210567e-01 3.282916361011287698e-01 3.870830762344884546e-01 7.651356134134211784e-01 1.355455742545861320e-01 5.845555049759620925e-01 3.872441057014321952e-01
5.687333016936613195e-01 0.000000000000000000e+00 2.644985123869065258e-01 6.413439528017171876e-01 6.420689025672836614e-01 7.977820601411671486e-01 8.569723262056812008e-01 8.269926077537561593e-01 5.097202195382263268e-01 9.291129375571337556e-01 5.611784528864404153e-01 6.414981923255592688e-01 5.093300605786055257e-01 3.034319361405835025e-01 5.343754859083996722e-01 5.446988080727276360e-01 3.244797724826636864e-01 9.454072816775286325e-01 7.055872938598135580e-01 3.159714027007313186e-01 4.842048945830972340e-01 7.676952463156494488e-01 5.453621209035826034e-01 6.975589492373496237e-01 5.041852675628670788e-01 5.782767680067613103e-01 4.652334654709830986e-01 6.596484949210734694e-01 4.611237822011614029e-01 6.176905377320374146e-01 5.180322316540021399e-01 4.407192376159211888e-01 4.751237325084023411e-01 5.816328859610516711e-01 5.102726358242650750e-01
6.847802766547292919e-01 2.644985123869065258e-01 0.000000000000000000e+00 2.089553212632548895e-01 6.874731162047622579e-01 3.797612374748293718e-01 3.312097480521567494e-01 2.292899757278369366e-01 5.123167341780306971e-01 5.518967279344424437e-01 5.065611164774952435e-02 2.989430393865006863e-01 8.448403931951347090e-01 4.087990236054273030e-01 7.868581976196123984e-01 2.506550707579160431e-01 5.350516082503775639e-01 1.755715729744544706e-02 7.688485060025338491e-01 4.745678390804413116e-01 7.679302973391710641e-01 3.074673344890828108e-01 4.352243485804933587e-01 4.872471375991096476e-01 6.337756390409443608e-01 5.248550010078867345e-01 4.333995808005366435e-01 5.065569197176789107e-01 8.024140124479064440e-01 4.655392200370729316e-01 7.284050256883984886e-01 6.029434140915810314e-01 6.797135029019945041e-01 5.169497526592295999e-01 5.740087652280652097e-01
5.211055558184474190e-01 6.413439528017171876e-01 2.089553212632548895e-01 0.000000000000000000e+00 4.306220352458392520e-01 1.230332009241133506e-01 5.695731162533232972e-01 4.714724848219098430e-01 6.871411348443826617e-01 5.221019704347311663e-01 8.934846876663771198e-01 1.415774975871371133e-01 7.912977285099928038e-01 4.502466025232848001e-01 6.942042947566563482e-01 4.210452636731496501e-01 2.526591738494931016e-01 7.682931149398588566e-01 6.014383930688071977e-01 5.130916561323042302e-01 3.228703995659996107e-01 6.676605475324499661e-01 4.386178251325900668e-01 5.780078959416712348e-01 5.408655772039372422e-01 3.914230010164481133e-01 5.037215808556039232e-01 7.297100080714367110e-01 5.189717384344678663e-01 8.117712673645585131e-01 5.802353806566717953e-01 9.164291399887138923e-01 6.294930170596475527e-01 7.140915611556015730e-01 4.898193111352642792e-01
7.668812562536194699e-01 6.420689025672836614e-01 6.874731162047622579e-01 4.306220352458392520e-01 0.000000000000000000e+00 3.600089896635125797e-01 4.399538489780898121e-01 2.926547541863038226e-01 4.885918411756661195e-01 5.251247323002481426e-01 1.761495595183476537e-01 4.776769262263210747e-01 5.867502449643242635e-01 5.188089113232643435e-01 6.557704799193651013e-01 2.322280556689914066e-01 2.962029045840803843e-01 6.795032683587676203e-02 8.865250391358691084e-01 7.029302034314215408e-01 2.665152144436186976e-01 5.951995506778681166e-01 9.570513053632581091e-01 7.468688899815101312e-01 7.768731486301934108e-01 4.045076474629186736e-01 6.405701442054148043e-01 3.904624843229748676e-01 7.821021909253530469e-01 3.580565528796231245e-01 5.898832069442276893e-01 9.712433159836955099e-01 5.668105303294113106e-01 6.903723698002691700e-01 9.452115777204663782e-01
3.884241422069040217e-01 7.977820601411671486e-01 3.797612374748293718e-01 1.230332009241133506e-01 3.600089896635125797e-01 0.000000000000000000e+00 5.622291697652668230e-01 4.659894914695518198e-01 5.089129867008712615e-01 4.781979006344805883e-01 7.244336648389482214e-01 5.484611888332582286e-01 4.416627826039756233e-01 3.911909351395471135e-01 3.200882208913020666e-01 5.425883432672127249e-01 3.919624302068377419e-01 2.057270041127990945e-01 5.106032890010667735e-01 6.309425642048578364e-01 4.068565046817196884e-01 1.859777090324199467e-01 3.196292735637776827e-01 7.594681372298572875e-01 2.479427389610509014e-01 6.983436034983867557e-01 6.614391824336598447e-01 2.629319157867547885e-01 4.845164166015681895e-01 3.885875409353659604e-01 6.172154516628050036e-01 8.903768883986566962e-01 6.904135847985807262e-01 8.847575045634505919e-01 7.777842720791932063e-01
5.234862542861669077e-01 8.569723262056812008e-01 3.312097480521567494e-01 5.695731162533232972e-01 4.399538489780898121e-01 5.622291697652668230e-01 0.000000000000000000e+00 6.230853485908436351e-01 5.674688506597940219e-01 7.305434800519802208e-01 7.042389037370911931e-01 4.858629601530882192e-01 3.035925323815366061e-01 2.031598965466272499e-01 6.013990422320262264e-01 6.518503326667477449e-01 1.380620914943675448e-02 4.623680062031337301e-01 6.155623798374768585e-01 4.000607512309520830e-01 3.122890337966369723e-01 2.839768099158254122e-01 3.708334936187904773e-01 7.435525320339018140e-01 4.952111125287473881e-01 1.758515624163712321e-01 2.861451827542380588e-01 9.147446243538330801e-01 5.931351095128774009e-01 8.011670805826609509e-01 5.355499592783354856e-01 2.708099531439168706e-01 2.835801822332265631e-01 1.722047967737486696e-01 4.408495240324876718e-01
2.345964530961763828e-01 8.269926077537561593e-01 2.292899757278369366e-01 4.714724848219098430e-01 2.926547541863038226e-01 4.659894914695518198e-01 6.230853485908436351e-01 0.000000000000000000e+00 2.670969356947783258e-02 3.334191562888163540e-01 4.360919570500618736e-01 5.064944358348804077e-01 3.618622808698994664e-01 6.384000879922038241e-01 8.482401507063893620e-01 2.292716420514100406e-01 1.085245451174154940e-01 5.603563307332136700e-01 7.524544632889164086e-01 6.430818895751129194e-01 6.957666528397055128e-01 2.290244314466862718e-01 3.720013149729459734e-01 7.651906352866817418e-01 5.559333911100763359e-01 6.006559286554440380e-01 6.295812049160909307e-01 3.152102100272462515e-01 9.130739156866642947e-01 8.677546559791519121e-01 5.135632179248798002e-01 2.684535624923833907e-01 4.339938248686836531e-01 3.820314398892924457e-01 7.415702383158103705e-01
6.843505160998186732e-01 5.097202195382263268e-01 5.123167341780306971e-01 6.871411348443826617e-01 4.885918411756661195e-01 5.089129867008712615e-01 5.674688506597940219e-01 2.670969356947783258e-02 0.000000000000000000e+00 6.520195028172253160e-01 2.290978134314817782e-01 8.651144827952845784e-01 4.860325221187587474e-01 4.285069645307146291e-01 6.246991852039649462e-01 8.435830072841237204e-01 3.765612019049220383e-01 7.489731380817090667e-01 4.835846252081644758e-01 4.949184197167966204e-01 6.787467819899191124e-01 3.977158814086623750e-01 5.594845036888087542e-01 4.885188204489623875e-01 3.495975218284603780e-01 4.411814823028917254e-01 4.602587121366811251e-01 4.721149309920789072e-01 7.273280838060020015e-01 4.943458475116103146e-01 6.578756775245544475e-01 5.315550702761902002e-01 2.816403176729195268e-01 3.603700021613762128e-01 3.760560894012325850e-01
6.170119409314087644e-01 9.291129375571337556e-01 5.518967279344424437e-01 5.221019704347311663e-01 5.251247323002481426e-01 4.781979006344805883e-01 7.305434800519802208e-01 3.334191562888163540e-01 6.520195028172253160e-01 0.000000000000000000e+00 6.392240016088720500e-01 4.990058403409777243e-01 2.623631901341360040e-01 5.060902939364644304e-01 5.601952241217047490e-01 3.221720317363199193e-01 1.233343943494996653e-01 2.609630351157449235e-01 6.996983457370428150e-01 6.919972472184650059e-01 5.667525610583544760e-01 3.992590164543421416e-01 5.930714934333470856e-01 4.870488972564555596e-01 7.009354587497134137e-01 4.055992596508117276e-01 4.362974597414390754e-01 5.531744249290979631e-01 3.474337074963032013e-01 5.976578172250018861e-01 6.523361596988954680e-01 7.736584175630234483e-02 6.774806941781841285e-01 6.363329093833933747e-01 7.166024221402725880e-01
4.017987254508771366e-01 5.611784528864404153e-01 5.065611164774952435e-02 8.934846876663771198e-01 1.761495595183476537e-01 7.244336648389482214e-01 7.042389037370911931e-01 4.360919570500618736e-01 2.290978134314817782e-01 6.392240016088720500e-01 0.000000000000000000e+00 8.022957809690227649e-01 4.917053320022655716e-01 6.790472165279629602e-01 5.906560637304476558e-01 5.843906197574355588e-02 4.255639766267932389e-01 5.950703690792562561e-01 4.646417811616496696e-01 8.336519386389584785e-01 4.297120191192163596e-01 7.011487575163894981e-01 5.009808635107046992e-01 3.826554474484580304e-01 2.249038421061582138e-01 6.619318979447903484e-01 4.913825583268319197e-01 4.374929976601619197e-01 6.370355216132110865e-01 4.444356033062909495e-01 5.244893326895728736e-01 4.021315186918996143e-01 6.189684048541148620e-01 2.177088345381844592e-01 4.520929179494500016e-01
3.812519556992698400e-01 6.414981923255592688e-01 2.989430393865006863e-01 1.415774975871371133e-01 4.776769262263210747e-01 5.484611888332582286e-01 4.858629601530882192e-01 5.064944358348804077e-01 8.651144827952845784e-01 4.990058403409777243e-01 8.022957809690227649e-01 0.000000000000000000e+00 6.036911877149384598e-01 3.815284943856294131e-01 4.126204429711975430e-01 3.565529665562589545e-01 3.870272998822145150e-01 6.071045430927628495e-01 4.790671181246444199e-01 6.216013082750324603e-01 7.133453101000128971e-01 3.795489738122187484e-01 4.043082624242628764e-01 1.289241802147464977e-01 4.658441691985877320e-01 8.382979000242404277e-01 8.881072584581436447e-01 1.655646522233942264e-01 4.588173271095379313e-01 6.015314703369187832e-01 7.705586377615630811e-01 5.317683410899938234e-01 3.555902868715095089e-01 7.975352178792778357e-01 1.879617895578795661e-01
6.363644542522067793e-01 5.093300605786055257e-01 8.448403931951347090e-01 7.912977285099928038e-01 5.867502449643242635e-01 4.416627826039756233e-01 3.035925323815366061e-01 3.618622808698994664e-01 4.860325221187587474e-01 2.623631901341360040e-01 4.917053320022655716e-01 6.036911877149384598e-01 0.000000000000000000e+00 8.559998335557461591e-01 6.778759490346655259e-01 6.844635397607041760e-01 4.761353924524344139e-01 4.643040575864387787e-01 6.041917403315029134e-01 5.493522682958721370e-01 7.998325233880287932e-01 5.087018636630578072e-01 4.837925547176550878e-01 7.332778237333428262e-01 3.445531183575485379e-01 5.409234096593495966e-01 3.327309976369559608e-01 7.077166311339757598e-01 6.667911056595551278e-01 3.758202061615442124e-01 2.724676092816161743e-01 1.120333564320783459e-01 5.961587914643742270e-01 4.826464067254147006e-01 6.399493994286626908e-01
7.960211210870939968e-01 3.034319361405835025e-01 4.087990236054273030e-01 4.502466025232848001e-01 5.188089113232643435e-01 3.911909351395471135e-01 2.031598965466272499e-01 6.384000879922038241e-01 4.285069645307146291e-01 5.060902939364644304e-01 6.790472165279629602e-01 3.815284943856294131e-01 8.559998335557461591e-01 0.000000000000000000e+00 6.634636608681423464e-01 6.376472738692797737e-01 6.599785467979165654e-01 1.338305539591141957e-01 3.426350649578089880e-01 6.191115367307440387e-01 5.028336394201156079e-01 5.895838001732014444e-01 5.242830948722696505e-01 7.011770477679588609e-01 5.065558467085542471e-01 4.874043367170188823e-01 2.392486696340649921e-01 6.541193186660763104e-01 4.963906095086305648e-01 2.459599769288351445e-01 7.471400808271768668e-01 5.081831947747539324e-01 8.043907544148987121e-02 7.416339815948131964e-01 7.561267654565988483e-01
6.333798818669114095e-01 5.343754859083996722e-01 7.868581976196123984e-01 6.942042947566563482e-01 6.557704799193651013e-01 3.200882208913020666e-01 6.013990422320262264e-01 8.482401507063893620e-01 6.246991852039649462e-01 5.601952241217047490e-01 5.906560637304476558e-01 4.126204429711975430e-01 6.778759490346655259e-01 6.634636608681423464e-01 0.000000000000000000e+00 1.569808334929863047e-01 4.981836271175951181e-01 2.977126148049908938e-01 1.516206673489858270e-01 5.693348339447480422e-01 7.084246545108086046e-01 3.275716616518427049e-01 6.647856112354088021e-01 7.763104773876539078e-02 4.676829034017123132e-01 3.929699182166452864e-01 2.789371133525178625e-01 8.154050563700471210e-01 6.891475925454879636e-01 8.719432617448991119e-01 5.845145009627659149e-01 2.049985996845633540e-01 4.057283797960470340e-01 6.487361870632954997e-01 1.647258923698458055e-01
2.061260457061637186e-01 5.446988080727276360e-01 2.506550707579160431e-01 4.210452636731496501e-01 2.322280556689914066e-01 5.425883432672127249e-01 6.518503326667477449e-01 2.292716420514100406e-01 8.435830072841237204e-01 3.221720317363199193e-01 5.843906197574355588e-02 3.565529665562589545e-01 6.844635397607041760e-01 6.376472738692797737e-01 1.569808334929863047e-01 0.000000000000000000e+00 5.612479866779217508e-01 5.050864715841230090e-01 9.849676306520662727e-01 6.510232355347334021e-01 5.735829860804870783e-01 4.008749647743686251e-01 1.472384271553610624e-01 4.507808807149896180e-01 1.257256706172285021e-01 5.291589757063250854e-01 6.229090877496132883e-01 4.173327148782413065e-02 1.704831481585332709e-01 5.704970628464698379e-01 8.046152882540433815e-01 6.939732946557339854e-01 1.146267090806143973e-01 4.325137583478833592e-01 1.397524678588909497e-01
4.149740236948425420e-01 3.244797724826636864e-01 5.350516082503775639e-01 2.526591738494931016e-01 2.962029045840803843e-01 3.919624302068377419e-01 1.380620914943675448e-02 1.085245451174154940e-01 3.765612019049220383e-01 1.233343943494996653e-01 4.255639766267932389e-01 3.870272998822145150e-01 4.761353924524344139e-01 6.599785467979165654e-01 4.981836271175951181e-01 5.612479866779217508e-01 0.000000000000000000e+00 3.144542393871418984e-01 4.845836464992036574e-01 1.829109774257913212e-01 3.272589118976141354e-01 6.684149904782679119e-01 3.295546217366571717e-01 4.755520831765310263e-01 2.424471842844559966e-01 3.335941718134050604e-01 4.754618011136846900e-01 3.013634173402157113e-01 8.664948309536157911e-02 3.102148261297578147e-01 1.631037457127773038e-01 3.081416030567197262e-01 8.035345578968202673e-01 3.993074596079728700e-01 5.422818616084844612e-01
6.583498058432991629e-01 9.454072816775286325e-01 1.755715729744544706e-02 7.682931149398588566e-01 6.795032683587676203e-02 2.057270041127990945e-01 4.623680062031337301e-01 5.603563307332136700e-01 7.489731380817090667e-01 2.609630351157449235e-01 5.950703690792562561e-01 6.071045430927628495e-01 4.643040575864387787e-01 1.338305539591141957e-01 2.977126148049908938e-01 5.050864715841230090e-01 3.144542393871418984e-01 0.000000000000000000e+00 2.809974321220325977e-01 8.794588565373582245e-01 4.882439130733684518e-01 3.604863466659466997e-01 7.809279018725487909e-01 7.577897332419428755e-01 4.736672027257562423e-01 2.829030234420785161e-01 3.538143308239886098e-01 4.878256044928494517e-01 4.201818591269338432e-01 2.848501409630902481e-01 6.755426279706986392e-01 4.198351603730939852e-01 5.908892684878491730e-01 5.258337764733839181e-01 9.371653371990051884e-01
2.587083060137819190e-01 7.055872938598135580e-01 7.688485060025338491e-01 6.014383930688071977e-01 8.865250391358691084e-01 5.106032890010667735e-01 6.155623798374768585e-01 7.524544632889164086e-01 4.835846252081644758e-01 6.996983457370428150e-01 4.646417811616496696e-01 4.790671181246444199e-01 6.041917403315029134e-01 3.426350649578089880e-01 1.516206673489858270e-01 9.849676306520662727e-01 4.845836464992036574e-01 2.809974321220325977e-01 0.000000000000000000e+00 4.618283197825523989e-01 6.527474254899406914e-01 5.581522040121458250e-01 7.852945857163564636e-01 3.707599966701560223e-01 7.344426295117468806e-01 6.413124358148176718e-01 5.935879451275888341e-01 4.032486005927767847e-01 7.213723500631035179e-01 5.975192908575037709e-01 8.884955436047674571e-01 9.304916761348541732e-01 2.991962417335743973e-01 3.252622635173286758e-01 4.676753904329703504e-01
5.814050092738709541e-01 3.159714027007313186e-01 4.745678390804413116e-01 5.130916561323042302e-01 7.029302034314215408e-01 6.309425642048578364e-01 4.000607512309520830e-01 6.430818895751129194e-01 4.949184197167966204e-01 6.919972472184650059e-01 8.336519386389584785e-01 6.216013082750324603e-01 5.493522682958721370e-01 6.191115367307440387e-01 5.693348339447480422e-01 6.510232355347334021e-01 1.829109774257913212e-01 8.794588565373582245e-01 4.618283197825523989e-01 0.000000000000000000e+00 6.164355547061578511e-01 6.060447843904142040e-01 1.489357952605574464e-01 6.249863708563596632e-01 6.986247363639045416e-01 2.838123983865900035e-01 5.547893386235833724e-01 1.876924920020395238e-01 7.971010763038981484e-01 5.088822973701825347e-01 4.703462836625442178e-01 2.968039719455784486e-01 1.941188058858874799e-01 4.937451245284383838e-01 5.531205100220661919e-01
1.959029868783953021e-01 4.842048945830972340e-01 7.679302973391710641e-01 3.228703995659996107e-01 2.665152144436186976e-01 4.068565046817196884e-01 3.122890337966369723e-01 6.957666528397055128e-01 6.787467819899191124e-01 5.667525610583544760e-01 4.297120191192163596e-01 7.133453101000128971e-01 7.998325233880287932e-01 5.028336394201156079e-01 7.084246545108086046e-01 5.735829860804870783e-01 3.272589118976141354e-01 4.882439130733684518e-01 6.527474254899406914e-01 6.164355547061578511e-01 0.000000000000000000e+00 2.861455492630051722e-01 8.721649873506096551e-01 5.799021415073942753e-01 8.398645025419058108e-01 8.709714733407614151e-01 2.795566040320208723e-01 7.718232645623452903e-01 3.895439393438886455e-01 1.842925731567519598e-01 4.136760667497855204e-01 6.698630480317004920e-01 4.001697167391337073e-01 4.336594267701622263e-01 3.867857399658568007e-01
5.474431534106842800e-01 7.676952463156494488e-01 3.074673344890828108e-01 6.676605475324499661e-01 5.951995506778681166e-01 1.859777090324199467e-01 2.839768099158254122e-01 2.290244314466862718e-01 3.977158814086623750e-01 3.992590164543421416e-01 7.011487575163894981e-01 3.795489738122187484e-01 5.087018636630578072e-01 5.895838001732014444e-01 3.275716616518427049e-01 4.008749647743686251e-01 6.684149904782679119e-01 3.604863466659466997e-01 5.581522040121458250e-01 6.060447843904142040e-01 2.861455492630051722e-01 0.000000000000000000e+00 8.069865668080828947e-01 5.504589399807047201e-01 2.629704693379825153e-01 5.485764376371704554e-01 1.257010294760343427e-01 6.425325276585293066e-01 7.236529691077856485e-01 7.814643648223330574e-01 3.435834444563343748e-01 2.364322639315546981e-01 7.455049177001522587e-01 5.868086171731826672e-01 8.000046215660667759e-01
2.889380291719350069e-01 5.453621209035826034e-01 4.352243485804933587e-01 4.386178251325900668e-01 9.570513053632581091e-01 3.196292735637776827e-01 3.708334936187904773e-01 3.720013149729459734e-01 5.594845036888087542e-01 5.930714934333470856e-01 5.009808635107046992e-01 4.043082624242628764e-01 4.837925547176550878e-01 5.242830948722696505e-01 6.647856112354088021e-01 1.472384271553610624e-01 3.295546217366571717e-01 7.809279018725487909e-01 7.852945857163564636e-01 1.489357952605574464e-01 8.721649873506096551e-01 8.069865668080828947e-01 0.000000000000000000e+00 6.870686941353985056e-01 3.244102850503544078e-01 8.587064730261295686e-01 4.887351770049463418e-01 4.346023115719600538e-01 5.838458582630453586e-01 7.944570402068815707e-01 8.110509022078482566e-01 2.590157669098259174e-01 4.867922475628926327e-01 7.474544947090195901e-01 1.953674251377164328e-01
4.998804986952620211e-01 6.975589492373496237e-01 4.872471375991096476e-01 5.780078959416712348e-01 7.468688899815101312e-01 7.594681372298572875e-01 7.435525320339018140e-01 7.651906352866817418e-01 4.885188204489623875e-01 4.870488972564555596e-01 3.826554474484580304e-01 1.289241802147464977e-01 7.332778237333428262e-01 7.011770477679588609e-01 7.763104773876539078e-02 4.507808807149896180e-01 4.755520831765310263e-01 7.577897332419428755e-01 3.707599966701560223e-01 6.249863708563596632e-01 5.799021415073942753e-01 5.504589399807047201e-01 6.870686941353985056e-01 0.000000000000000000e+00 9.641575214981823461e-02 6.243823543614593907e-01 1.827844269962804469e-01 1.835114996354250128e-01 4.457543268685604798e-01 8.526698306821518525e-01 7.862828995196243786e-01 8.290857994298228562e-01 2.110719828670450937e-01 2.540479015984981603e-01 4.002510878160313590e-01
6.485448416387253889e-01 5.041852675628670788e-01 6.337756390409443608e-01 5.408655772039372422e-01 7.768731486301934108e-01 2.479427389610509014e-01 4.952111125287473881e-01 5.559333911100763359e-01 3.495975218284603780e-01 7.009354587497134137e-01 2.249038421061582138e-01 4.658441691985877320e-01 3.445531183575485379e-01 5.065558467085542471e-01 4.676829034017123132e-01 1.257256706172285021e-01 2.424471842844559966e-01 4.736672027257562423e-01 7.344426295117468806e-01 6.986247363639045416e-01 8.398645025419058108e-01 2.629704693379825153e-01 3.244102850503544078e-01 9.641575214981823461e-02 0.000000000000000000e+00 7.072950144951941631e-01 7.157982564136795567e-01 4.127218736629774121e-01 6.651500521993147785e-01 3.974103032902144284e-01 5.761751484819849223e-01 4.558549497757752311e-01 1.615812315657253473e-01 5.349311207153422121e-01 6.798790832482429769e-01
2.780950409969602521e-01 5.782767680067613103e-01 5.248550010078867345e-01 3.914230010164481133e-01 4.045076474629186736e-01 6.983436034983867557e-01 1.758515624163712321e-01 6.006559286554440380e-01 4.411814823028917254e-01 4.055992596508117276e-01 6.619318979447903484e-01 8.382979000242404277e-01 5.409234096593495966e-01 4.874043367170188823e-01 3.929699182166452864e-01 5.291589757063250854e-01 3.335941718134050604e-01 2.829030234420785161e-01 6.413124358148176718e-01 2.838123983865900035e-01 8.709714733407614151e-01 5.485764376371704554e-01 8.587064730261295686e-01 6.243823543614593907e-01 7.072950144951941631e-01 0.000000000000000000e+00 5.586622222725328157e-01 6.152449584577051045e-01 4.107420984200053637e-01 5.150497993293960963e-01 9.176160274676642414e-01 4.624070953174611032e-01 7.133227861330557751e-01 5.123172905975973412e-01 4.733608654687627704e-01
2.756110633567210311e-01 4.652334654709830986e-01 4.333995808005366435e-01 5.037215808556039232e-01 6.405701442054148043e-01 6.614391824336598447e-01 2.861451827542380588e-01 6.295812049160909307e-01 4.602587121366811251e-01 4.362974597414390754e-01 4.913825583268319197e-01 8.881072584581436447e-01 3.327309976369559608e-01 2.392486696340649921e-01 2.789371133525178625e-01 6.229090877496132883e-01 4.754618011136846900e-01 3.538143308239886098e-01 5.935879451275888341e-01 5.547893386235833724e-01 2.795566040320208723e-01 1.257010294760343427e-01 4.887351770049463418e-01 1.827844269962804469e-01 7.157982564136795567e-01 5.586622222725328157e-01 0.000000000000000000e+00 9.067138255965518923e-01 7.094223192119812893e-01 6.442686030851676460e-01 7.436124374301977813e-02 3.062108911655490040e-01 4.453899108788721417e-01 5.226698493796861911e-01 7.142056517720298814e-01
7.685184055143021720e-01 6.596484949210734694e-01 5.065569197176789107e-01 7.297100080714367110e-01 3.904624843229748676e-01 2.629319157867547885e-01 9.147446243538330801e-01 3.152102100272462515e-01 4.721149309920789072e-01 5.531744249290979631e-01 4.374929976601619197e-01 1.655646522233942264e-01 7.077166311339757598e-01 6.541193186660763104e-01 8.154050563700471210e-01 4.173327148782413065e-02 3.013634173402157113e-01 4.878256044928494517e-01 4.032486005927767847e-01 1.876924920020395238e-01 7.718232645623452903e-01 6.425325276585293066e-01 4.346023115719600538e-01 1.835114996354250128e-01 4.127218736629774121e-01 6.152449584577051045e-01 9.067138255965518923e-01 0.000000000000000000e+00 9.872271530499932002e-02 6.112767418617176540e-01 3.118688671095335430e-01 6.870218110320456262e-01 8.070449212258807847e-01 8.042781453202740849e-01 5.164944641040607465e-01
8.985769236107210567e-01 4.611237822011614029e-01 8.024140124479064440e-01 5.189717384344678663e-01 7.821021909253530469e-01 4.845164166015681895e-01 5.931351095128774009e-01 9.130739156866642947e-01 7.273280838060020015e-01 3.474337074963032013e-01 6.370355216132110865e-01 4.588173271095379313e-01 6.667911056595551278e-01 4.963906095086305648e-01 6.891475925454879636e-01 1.704831481585332709e-01 8.664948309536157911e-02 4.201818591269338432e-01 7.213723500631035179e-01 7.971010763038981484e-01 3.895439393438886455e-01 7.236529691077856485e-01 5.838458582630453586e-01 4.457543268685604798e-01 6.651500521993147785e-01 4.107420984200053637e-01 7.094223192119812893e-01 9.872271530499932002e-02 0.000000000000000000e+00 4.486689973568520617e-01 5.847411437884433294e-01 3.386532599961857848e-01 2.347331420318790052e-01 1.867951081520936585e-01 6.642975663465633396e-01
3.282916361011287698e-01 6.176905377320374146e-01 4.655392200370729316e-01 8.117712673645585131e-01 3.580565528796231245e-01 3.885875409353659604e-01 8.011670805826609509e-01 8.677546559791519121e-01 4.943458475116103146e-01 5.976578172250018861e-01 4.444356033062909495e-01 6.015314703369187832e-01 3.758202061615442124e-01 2.459599769288351445e-01 8.719432617448991119e-01 5.704970628464698379e-01 3.102148261297578147e-01 2.848501409630902481e-01 5.975192908575037709e-01 5.088822973701825347e-01 1.842925731567519598e-01 7.814643648223330574e-01 7.944570402068815707e-01 8.526698306821518525e-01 3.974103032902144284e-01 5.150497993293960963e-01 6.442686030851676460e-01 6.112767418617176540e-01 4.486689973568520617e-01 0.000000000000000000e+00 6.046377429917821900e-01 8.701912898259263063e-01 7.496563557449402726e-01 3.384888676710789968e-01 8.292457761634677293e-01
3.870830762344884546e-01 5.180322316540021399e-01 7.284050256883984886e-01 5.802353806566717953e-01 5.898832069442276893e-01 6.172154516628050036e-01 5.355499592783354856e-01 5.135632179248798002e-01 6.578756775245544475e-01 6.523361596988954680e-01 5.244893326895728736e-01 7.705586377615630811e-01 2.724676092816161743e-01 7.471400808271768668e-01 5.845145009627659149e-01 8.046152882540433815e-01 1.631037457127773038e-01 6.755426279706986392e-01 8.884955436047674571e-01 4.703462836625442178e-01 4.136760667497855204e-01 3.435834444563343748e-01 8.110509022078482566e-01 7.862828995196243786e-01 5.761751484819849223e-01 9.176160274676642414e-01 7.436124374301977813e-02 3.118688671095335430e-01 5.847411437884433294e-01 6.046377429917821900e-01 0.000000000000000000e+00 1.421233540222963665e-01 7.847093020285996756e-01 2.646840322378135602e-01 6.779390011066444011e-01
7.651356134134211784e-01 4.407192376159211888e-01 6.029434140915810314e-01 9.164291399887138923e-01 9.712433159836955099e-01 8.903768883986566962e-01 2.708099531439168706e-01 2.684535624923833907e-01 5.315550702761902002e-01 7.736584175630234483e-02 4.021315186918996143e-01 5.317683410899938234e-01 1.120333564320783459e-01 5.081831947747539324e-01 2.049985996845633540e-01 6.939732946557339854e-01 3.081416030567197262e-01 4.198351603730939852e-01 9.304916761348541732e-01 2.968039719455784486e-01 6.698630480317004920e-01 2.364322639315546981e-01 2.590157669098259174e-01 8.290857994298228562e-01 4.558549497757752311e-01 4.624070953174611032e-01 3.062108911655490040e-01 6.870218110320456262e-01 3.386532599961857848e-01 8.701912898259263063e-01 1.421233540222963665e-01 0.000000000000000000e+00 1.968070626325629791e-01 5.245648020467288397e-01 6.127765542562328971e-01
1.355455742545861320e-01 4.751237325084023411e-01 6.797135029019945041e-01 6.294930170596475527e-01 5.668105303294113106e-01 6.904135847985807262e-01 2.835801822332265631e-01 4.339938248686836531e-01 2.816403176729195268e-01 6.774806941781841285e-01 6.189684048541148620e-01 3.555902868715095089e-01 5.961587914643742270e-01 8.043907544148987121e-02 4.057283797960470340e-01 1.146267090806143973e-01 8.035345578968202673e-01 5.908892684878491730e-01 2.991962417335743973e-01 1.941188058858874799e-01 4.001697167391337073e-01 7.455049177001522587e-01 4.867922475628926327e-01 2.110719828670450937e-01 1.615812315657253473e-01 7.133227861330557751e-01 4.453899108788721417e-01 8.070449212258807847e-01 2.347331420318790052e-01 7.496563557449402726e-01 7.847093020285996756e-01 1.968070626325629791e-01 0.000000000000000000e+00 7.306006673555190956e-01 4.044507220533491987e-01
5.845555049759620925e-01 5.816328859610516711e-01 5.169497526592295999e-01 7.140915611556015730e-01 6.903723698002691700e-01 8.847575045634505919e-01 1.722047967737486696e-01 3.820314398892924457e-01 3.603700021613762128e-01 6.363329093833933747e-01 2.177088345381844592e-01 7.975352178792778357e-01 4.826464067254147006e-01 7.416339815948131964e-01 6.487361870632954997e-01 4.325137583478833592e-01 3.993074596079728700e-01 5.258337764733839181e-01 3.252622635173286758e-01 4.937451245284383838e-01 4.336594267701622263e-01 5.868086171731826672e-01 7.474544947090195901e-01 2.540479015984981603e-01 5.349311207153422121e-01 5.123172905975973412e-01 5.226698493796861911e-01 8.042781453202740849e-01 1.867951081520936585e-01 3.384888676710789968e-01 2.646840322378135602e-01 5.245648020467288397e-01 7.306006673555190956e-01 0.000000000000000000e+00 6.441858850955241023e-01
3.872441057014321952e-01 5.102726358242650750e-01 5.740087652280652097e-01 4.898193111352642792e-01 9.452115777204663782e-01 7.777842720791932063e-01 4.408495240324876718e-01 7.415702383158103705e-01 3.760560894012325850e-01 7.166024221402725880e-01 4.520929179494500016e-01 1.879617895578795661e-01 6.399493994286626908e-01 7.561267654565988483e-01 1.647258923698458055e-01 1.397524678588909497e-01 5.422818616084844612e-01 9.371653371990051884e-01 4.676753904329703504e-01 5.531205100220661919e-01 3.867857399658568007e-01 8.000046215660667759e-01 1.953674251377164328e-01 4.002510878160313590e-01 6.798790832482429769e-01 4.733608654687627704e-01 7.142056517720298814e-01 5.164944641040607465e-01 6.642975663465633396e-01 8.292457761634677293e-01 6.779390011066444011e-01 6.127765542562328971e-01 4.044507220533491987e-01 6.441858850955241023e-01 0.000000000000000000e+00
