0.000000000000000000e+00 6.429369683249321898e-01 1.214270166916737725e-01 4.297912033334662651e-01 3.482931298198629344e-01 2.767473430873510498e-01 8.031178137551189256e-01 3.732283372268154764e-01 3.274839883420551656e-01 2.396439672875909643e-01 4.671780746078670332e-01 4.138358989621491735e-01 5.610103546236822059e-01 4.558019828414717201e-01 1.082412368769175570e-01 6.854531756484669724e-01 7.211042362299202590e-01 5.497470093667256030e-01 6.028377479486457524e-01 3.798413717361525110e-01 6.369115179139483995e-01 3.762293764671131857e-01 8.326936160510510776e-01 7.293025004256601385e-01 4.370523748106508455e-01 4.091306352478871755e-01 3.446321069507567447e-01 1.477202228711558263e-01 2.246087295125716032e-01 3.233307531555841274e-01 4.599903018313360459e-01 3.732850079700976709e-01 4.143713929443986199e-01 5.133329622712710094e-01 5.497815059488236900e-01
6.429369683249321898e-01 0.000000000000000000e+00 8.221832267698585550e-01 3.019314362878680047e-01 2.832537429317313338e-01 5.555120030415010568e-01 1.863038875624560831e-01 4.757644924309124557e-01 6.790500499704552606e-01 3.373582045835857857e-01 8.905360100176284988e-01 6.948690814862428233e-01 6.719374298688089997e-01 5.633354562735102267e-01 2.885889348437927771e-01 3.464078070515787533e-01 4.828347753905877782e-01 4.449892996881573137e-01 3.216104604115191945e-01 6.535594995157569809e-01 6.517766290692619258e-01 6.308722719335020379e-01 1.524579508824426277e-01 5.893828052458461864e-01 3.010345840667107975e-01 5.296595964612326179e-01 6.290775941979322994e-01 2.618743900828313653e-01 3.506131339819150705e-01 5.224594965629021370e-01 5.489982997866871273e-01 4.519512970706897059e-01 4.228550906552467348e-01 2.273252638520267821e-01 7.828912728768090412e-01
1.214270166916737725e-01 8.221832267698585550e-01 0.000000000000000000e+00 9.129093361694828879e-01 3.745267166522707747e-01 9.161509804239531540e-01 8.387807903377078045e-01 5.880505745245412363e-02 6.422201386278200141e-01 6.302518538331174369e-01 3.564320974255491548e-01 6.280479305110178156e-01 5.058681062488550317e-01 1.195721797360334016e-01 2.086208128053659849e-01 6.292254811036261941e-01 7.434089270914961967e-01 5.980487704332061449e-01 5.388850780952996189e-01 7.264468924324702925e-01 7.471473446442228328e-01 5.214779777295140972e-01 6.180698108887288100e-01 4.877378708818524977e-02 3.895445370589525336e-01 5.089627429570666717e-01 2.908707635502636446e-01 8.800228179190716649e-01 4.779469233539270223e-01 6.796004122263462621e-01 4.983818611281176647e-01 3.163453743986218147e-01 3.045456656594634492e-01 4.548951822159768565e-01 3.413102668863910449e-01
4.297912033334662651e-01 3.019314362878680047e-01 9.129093361694828879e-01 0.000000000000000000e+00 8.985502016499538058e-01 4.901601453624533922e-01 3.427905642564343935e-01 4.917945742700051692e-01 2.761451287420405576e-01 7.326224210672114268e-01 9.339850801529023805e-01 6.660866594958244624e-01 4.664488719641869396e-01 8.326336782060010933e-01 9.059910864233067240e-01 5.347027295192413598e-01 8.281539506957346086e-01 5.623938755548868462e-01 3.121382633900210424e-01 3.907010768294327807e-01 7.862236686923593787e-01 8.065836880168262280e-01 2.856894056018055017e-01 2.494456482952173426e-01 4.778848947687167059e-01 6.096144525082985988e-01 7.419104788971868647e-01 3.192428616242984352e-01 6.130213096124647043e-01 7.575541709347745067e-01 8.381693744831627546e-01 5.720506512916851971e-01 5.019086425700362009e-01 5.987181477943201990e-01 5.922723923278743197e-01
3.482931298198629344e-01 2.832537429317313338e-01 3.745267166522707747e-01 8.985502016499538058e-01 0.000000000000000000e+00 3.984891526794163696e-01 1.639400935224327727e-01 4.024455333227420217e-01 2.979438027204961426e-01 1.022170493905329436e-01 7.244353468005286789e-01 6.354043200520489432e-01 3.501308175406498968e-01 5.564443287414109207e-01 6.032095544123867725e-01 4.025419292542755101e-01 5.404677467982018646e-01 5.758524255300445649e-01 5.553026902321307468e-01 5.225038734015654551e-01 4.385987200340367709e-01 6.350569441950923988e-01 6.371067092344103733e-01 3.447407442601886363e-01 4.441718064671468236e-01 5.561645880674644937e-01 8.191949926858296260e-01 8.433270441066238465e-01 7.661120090412304462e-01 1.878088694879210818e-01 7.303379204790734214e-01 2.311276831629247575e-01 6.700856406052666525e-01 5.466257666777598612e-01 2.732723681352378087e-01
2.767473430873510498e-01 5.555120030415010568e-01 9.161509804239531540e-01 4.901601453624533922e-01 3.984891526794163696e-01 0.000000000000000000e+00 6.039342541889659577e-01 2.244050733023409405e-01 4.418329202847798287e-01 4.745356612991785683e-01 6.517240137232229724e-01 5.152016606552152211e-01 4.777165271751616094e-01 4.161410280249104865e-01 3.079679566083020070e-01 3.648068368523966765e-01 6.473134038333627771e-01 2.922557385483617876e-01 5.517690045806701304e-01 6.026760245949025485e-01 3.284916775192503469e-01 7.467887530987763478e-01 6.474113218162100836e-01 6.839806733330298094e-01 8.741441475836426722e-01 4.534175773124357045e-01 6.589933637029683489e-01 2.659922179607698278e-01 6.330917179078365820e-01 3.611404069213250967e-01 8.085862736470061929e-02 3.145324209695222750e-01 7.451171151632998146e-01 4.700103635363191978e-01 3.693283596129907087e-01
8.031178137551189256e-01 1.863038875624560831e-01 8.387807903377078045e-01 3.427905642564343935e-01 1.639400935224327727e-01 6.039342541889659577e-01 0.000000000000000000e+00 3.035989396431423848e-01 6.377454167396694462e-01 4.803512841411344825e-01 4.944269588747918220e-01 4.045994911507129199e-01 5.582285615745354868e-01 2.010006861002732181e-01 7.869391356220971634e-01 8.335488880190398131e-01 7.443868385460967740e-01 6.420750032653146366e-01 8.222348617224037870e-01 6.412788533798645663e-01 6.097110050016902871e-01 8.739283336668102198e-01 4.251190502141987126e-01 5.668571492293992264e-01 4.498364218312533858e-01 1.753651407182958977e-01 6.380840612315483718e-01 3.387556890704790380e-01 2.753525228860937979e-01 5.412028514264856094e-01 6.853800722907692489e-01 3.913441482945300143e-01 5.184451316231184492e-01 1.060752871803364306e-01 4.616444878986640243e-01
3.732283372268154764e-01 4.757644924309124557e-01 5.880505745245412363e-02 4.917945742700051692e-01 4.024455333227420217e-01 2.244050733023409405e-01 3.035989396431423848e-01 0.000000000000000000e+00 8.892797957697096134e-01 6.110025640856339146e-01 4.026152491449423998e-01 5.266699079579835185e-01 2.783832693393136770e-01 5.137221470830781733e-01 7.566176616028967850e-01 3.253320168804675339e-01 4.286761715968426256e-01 2.576272131877621052e-01 5.520029353511606285e-01 5.944026608484576091e-01 4.103739362295872328e-01 5.297990793984402869e-01 3.288538879326469710e-01 5.565373297268341179e-01 5.317947068342093742e-01 4.804942867263314321e-01 6.632913385106399273e-01 2.241973139673448800e-01 6.408977780277642644e-01 3.282624582089885279e-01 6.134019677945914406e-01 6.848550226622882597e-01 8.497549040276981547e-01 4.661921342515509270e-01 2.517825217418105943e-01
3.274839883420551656e-01 6.790500499704552606e-01 6.422201386278200141e-01 2.761451287420405576e-01 2.979438027204961426e-01 4.418329202847798287e-01 6.377454167396694462e-01 8.892797957697096134e-01 0.000000000000000000e+00 5.689630403044817486e-01 4.556095893588552048e-01 1.152785387262353911e-01 5.973418231854618066e-01 2.551346002099845744e-01 7.981265503526412397e-01 6.895752707357913902e-01 4.881446724675467252e-01 9.147419278542051613e-01 5.140934221121644665e-01 7.080460307901987882e-01 6.755687693376516423e-01 8.746625535735472745e-01 6.122994477048503414e-01 3.560240857689026539e-01 1.578432533901124035e-01 3.007578217147185429e-01 6.681402676016603426e-01 8.581036615115950061e-01 4.837713499742091194e-01 2.330718525582196332e-01 4.135674660387545498e-01 3.972415822622161197e-01 3.007581209902975838e-01 2.044855361100057500e-01 9.327792766198204077e-01
2.396439672875909643e-01 3.373582045835857857e-01 6.302518538331174369e-01 7.326224210672114268e-01 1.022170493905329436e-01 4.745356612991785683e-01 4.803512841411344825e-01 6.110025640856339146e-01 5.689630403044817486e-01 0.000000000000000000e+00 1.654663120489681116e-01 6.963035005868469796e-01 8.799710896661873116e-01 4.302394601304446176e-01 7.384722019635148182e-02 6.442375042617662917e-01 5.680129030913768640e-01 2.020047479569613280e-01 4.010354644102246402e-01 5.649187185470796457e-01 6.579346065955677947e-01 7.356579404444403281e-01 4.472227353607663436e-01 5.644426665886126404e-01 7.354929636301459350e-01 5.396117172661761829e-01 4.650096702459163289e-01 4.601281121635786842e-01 5.547532409875928217e-01 5.552351703970859198e-01 5.970420658991213436e-01 6.442455245349298920e-01 1.281442716406106519e-01 5.817006481009456831e-01 3.351147136432838236e-01
4.671780746078670332e-01 8.905360100176284988e-01 3.564320974255491548e-01 9.339850801529023805e-01 7.244353468005286789e-01 6.517240137232229724e-01 4.944269588747918220e-01 4.026152491449423998e-01 4.556095893588552048e-01 1.654663120489681116e-01 0.000000000000000000e+00 4.375662235140177492e-01 1.897285865102659175e-01 7.370912090673581440e-01 6.568740537632627996e-01 3.614040854634750222e-01 3.206069986396226090e-01 2.310023591998691117e-01 7.529944058354984815e-01 3.820653232931442433e-01 5.333639595489410024e-01 1.146167463044408530e-01 6.814384404726701039e-01 2.117255427149788982e-02 4.206352907526176854e-01 7.401791845612269993e-01 8.681540111828701667e-01 7.710598112800239878e-01 6.052474993298385675e-01 2.527450553210229822e-01 5.096761205685174101e-02 4.658120299627959149e-01 4.366993774494614122e-01 6.098803997495534368e-01 4.112837991403718862e-01
4.138358989621491735e-01 6.948690814862428233e-01 6.280479305110178156e-01 6.660866594958244624e-01 6.354043200520489432e-01 5.152016606552152211e-01 4.045994911507129199e-01 5.266699079579835185e-01 1.152785387262353911e-01 6.963035005868469796e-01 4.375662235140177492e-01 0.000000000000000000e+00 4.933062458340512491e-01 4.665298009707134486e-01 4.746276987716563367e-01 1.411404107274333297e-01 5.889179802789732410e-01 1.240293560278137308e-01 4.456631259967931413e-01 6.742640349257097432e-01 8.506813222033615673e-01 4.449539345247986444e-01 6.979385280044136941e-02 4.848086919656509619e-01 8.908224745215456153e-01 8.709735053408342864e-01 2.450247889266836676e-01 5.846491339159342049e-01 5.266026775071757093e-01 3.432117450212524012e-01 7.235841025554443640e-01 7.970163325731346449e-01 9.217226824456126177e-02 6.746592417661178009e-01 6.338755818497472383e-01
5.610103546236822059e-01 6.719374298688089997e-01 5.058681062488550317e-01 4.664488719641869396e-01 3.501308175406498968e-01 4.777165271751616094e-01 5.582285615745354868e-01 2.783832693393136770e-01 5.973418231854618066e-01 8.799710896661873116e-01 1.897285865102659175e-01 4.933062458340512491e-01 0.000000000000000000e+00 1.601113410049697094e-01 9.022629591655952908e-01 5.345314946891310814e-01 1.873489641301676611e-01 4.426009247002088975e-01 6.937207214492131513e-01 4.898851721069806819e-01 1.147992294780456612e-01 4.525195341519911429e-01 4.997813281858476953e-01 4.838701654717905143e-01 5.326148173305080835e-01 5.034896797189853945e-01 4.632339588639639016e-01 3.816320274825604209e-01 6.481350681214760323e-01 3.620157441334492798e-02 6.398092606766214718e-01 7.553425419301582622e-01 2.900882983239698731e-01 7.338505552476973781e-01 2.891515187040520907e-01
4.558019828414717201e-01 5.633354562735102267e-01 1.195721797360334016e-01 8.326336782060010933e-01 5.564443287414109207e-01 4.161410280249104865e-01 2.010006861002732181e-01 5.137221470830781733e-01 2.551346002099845744e-01 4.302394601304446176e-01 7.370912090673581440e-01 4.665298009707134486e-01 1.601113410049697094e-01 0.000000000000000000e+00 7.138317497489260477e-01 6.474471525766535285e-01 4.353751519829824335e-01 5.264078457246230691e-01 4.459327312255009224e-01 7.889975183701585237e-01 6.000345169013401314e-01 7.257359757415456913e-01 4.603684991212257382e-01 6.449834576267557962e-01 7.456295593460320337e-01 1.530528990115083143e-01 3.683082278914182606e-01 4.123965832222467043e-01 2.806913488253529598e-01 7.393293320581120209e-01 7.269735857988128824e-01 9.075213661912531204e-01 7.713443523382053080e-01 2.368705800210719747e-01 3.648648281482113065e-01
1.082412368769175570e-01 2.885889348437927771e-01 2.086208128053659849e-01 9.059910864233067240e-01 6.032095544123867725e-01 3.079679566083020070e-01 7.869391356220971634e-01 7.566176616028967850e-01 7.981265503526412397e-01 7.384722019635148182e-02 6.568740537632627996e-01 4.746276987716563367e-01 9.022629591655952908e-01 7.138317497489260477e-01 0.000000000000000000e+00 5.407811078443234276e-01 4.630323696432623315e-01 8.083614233788187775e-01 8.240969767096044674e-01 6.331808503031026714e-01 6.451732427028200600e-01 6.969417501324131070e-01 4.122638220278383447e-01 5.914100668438559971e-01 4.303146213409573262e-01 5.564386496160130813e-01 8.994826234498132234e-01 1.368038463837800145e-01 6.700934420785464862e-01 2.536492284702369648e-01 6.538196307318699940e-01 8.791633324723678866e-01 5.107006664599539336e-01 5.126996091738874606e-01 7.768916204528077962e-01
6.854531756484669724e-01 3.464078070515787533e-01 6.292254811036261941e-01 5.347027295192413598e-01 4.025419292542755101e-01 3.648068368523966765e-01 8.335488880190398131e-01 3.253320168804675339e-01 6.895752707357913902e-01 6.442375042617662917e-01 3.614040854634750222e-01 1.411404107274333297e-01 5.345314946891310814e-01 6.474471525766535285e-01 5.407811078443234276e-01 0.000000000000000000e+00 8.829516184233596743e-01 3.699167578215497576e-01 6.279353451143785403e-01 6.286419347800059620e-01 5.491419199421714303e-01 8.470359313067861162e-01 2.304206049309304727e-01 9.519133917756061880e-01 3.130115612302858952e-01 1.639413915955439949e-01 6.814531640833052517e-01 3.918868603825956254e-01 9.826896798516399079e-01 3.664458593052877244e-01 3.611805686881064403e-01 5.828859960495167414e-01 4.684731001208892742e-01 7.672696082249600424e-01 5.076439156868935987e-01
7.211042362299202590e-01 4.828347753905877782e-01 7.434089270914961967e-01 8.281539506957346086e-01 5.404677467982018646e-01 6.473134038333627771e-01 7.443868385460967740e-01 4.286761715968426256e-01 4.881446724675467252e-01 5.680129030913768640e-01 3.206069986396226090e-01 5.889179802789732410e-01 1.873489641301676611e-01 4.353751519829824335e-01 4.630323696432623315e-01 8.829516184233596743e-01 0.000000000000000000e+00 9.293344555591012135e-01 5.582140442877495667e-01 6.070757636458841144e-01 1.687366823148678252e-01 2.954865896341121179e-01 5.901030790444155016e-01 3.952854304320337908e-01 4.678131212219763801e-01 3.729876299896101588e-01 1.795842219269390139e-01 4.851708576799061978e-01 5.094229324584206298e-01 2.618146443723733396e-01 7.766601363603610197e-01 4.719291454224159299e-01 1.982257480363379676e-01 5.977683231951689269e-01 6.436773894262646234e-01
5.497470093667256030e-01 4.449892996881573137e-01 5.980487704332061449e-01 5.623938755548868462e-01 5.758524255300445649e-01 2.922557385483617876e-01 6.420750032653146366e-01 2.576272131877621052e-01 9.147419278542051613e-01 2.020047479569613280e-01 2.310023591998691117e-01 1.240293560278137308e-01 4.426009247002088975e-01 5.264078457246230691e-01 8.083614233788187775e-01 3.699167578215497576e-01 9.293344555591012135e-01 0.000000000000000000e+00 5.898592402339979390e-01 2.894974073750689048e-02 5.609304359986906352e-01 4.477801504203735572e-01 8.814261337789532913e-01 6.658114966921322431e-01 7.974789222150502344e-01 8.280596042919077249e-01 3.267129765598163482e-01 1.770341294289646816e-01 5.032602533116269372e-01 3.059680425479427424e-01 5.857102756403111954e-01 2.688011961433667274e-01 3.473406534139990010e-01 5.128311958009749150e-01 5.228426742301484076e-01
6.028377479486457524e-01 3.216104604115191945e-01 5.388850780952996189e-01 3.121382633900210424e-01 5.553026902321307468e-01 5.517690045806701304e-01 8.222348617224037870e-01 5.520029353511606285e-01 5.140934221121644665e-01 4.010354644102246402e-01 7.529944058354984815e-01 4.456631259967931413e-01 6.937207214492131513e-01 4.459327312255009224e-01 8.240969767096044674e-01 6.279353451143785403e-01 5.582140442877495667e-01 5.898592402339979390e-01 0.000000000000000000e+00 5.472791854792258270e-01 1.184982846468897177e-01 7.144275226477327934e-01 2.860698003294794844e-01 5.565879728688398753e-01 7.548734660222184978e-01 6.198738958671199395e-01 2.324513722957440298e-01 5.691773706504503760e-01 7.409345354559879748e-01 4.883554095294127539e-01 4.865793652244447265e-01 7.120271721302627865e-01 6.899014756376242730e-02 6.732776047100139660e-01 5.130962310281913519e-01
3.798413717361525110e-01 6.535594995157569809e-01 7.264468924324702925e-01 3.907010768294327807e-01 5.225038734015654551e-01 6.026760245949025485e-01 6.412788533798645663e-01 5.944026608484576091e-01 7.080460307901987882e-01 5.649187185470796457e-01 3.820653232931442433e-01 6.742640349257097432e-01 4.898851721069806819e-01 7.889975183701585237e-01 6.331808503031026714e-01 6.286419347800059620e-01 6.070757636458841144e-01 2.894974073750689048e-02 5.472791854792258270e-01 0.000000000000000000e+00 6.405334169172205439e-01 4.722828045657579965e-01 6.634204564197730969e-01 2.400661867466123700e-01 3.962474787305160229e-01 7.641467109492593446e-01 3.798155041813557897e-01 7.394740666234365101e-01 6.465272669653544524e-01 7.331352562729797073e-01 6.800401112973459838e-01 1.542017637100058236e-01 6.069803423116592045e-01 1.410636387973829287e-02 4.591998533073877731e-01
6.369115179139483995e-01 6.517766290692619258e-01 7.471473446442228328e-01 7.862236686923593787e-01 4.385987200340367709e-01 3.284916775192503469e-01 6.097110050016902871e-01 4.103739362295872328e-01 6.755687693376516423e-01 6.579346065955677947e-01 5.333639595489410024e-01 8.506813222033615673e-01 1.147992294780456612e-01 6.000345169013401314e-01 6.451732427028200600e-01 5.491419199421714303e-01 1.687366823148678252e-01 5.609304359986906352e-01 1.184982846468897177e-01 6.405334169172205439e-01 0.000000000000000000e+00 4.486736115803882097e-01 4.014420692334020879e-01 5.444949238435083938e-01 1.677529869553389674e-01 8.190380391607334776e-01 1.207688952257373050e-01 1.178922572069351915e-01 4.985813886850763987e-01 7.046061314104278273e-01 6.624385007022863814e-01 4.808978164233406183e-01 5.614244230983100881e-01 5.688551853791048440e-01 7.269279065166256437e-01
3.762293764671131857e-01 6.308722719335020379e-01 5.214779777295140972e-01 8.065836880168262280e-01 6.350569441950923988e-01 7.467887530987763478e-01 8.739283336668102198e-01 5.297990793984402869e-01 8.746625535735472745e-01 7.356579404444403281e-01 1.146167463044408530e-01 4.449539345247986444e-01 4.525195341519911429e-01 7.257359757415456913e-01 6.969417501324131070e-01 8.470359313067861162e-01 2.954865896341121179e-01 4.477801504203735572e-01 7.144275226477327934e-01 4.722828045657579965e-01 4.486736115803882097e-01 0.000000000000000000e+00 3.725178278540235977e-01 1.386953687337258989e-01 5.291909835808055185e-01 1.479830521192396775e-01 5.927997839472476382e-01 6.064554333485370208e-01 6.904317215954776099e-01 5.121998720148708273e-01 1.165780813903345425e-01 7.433260576572684464e-01 7.036964587916575420e-01 6.393989222676202955e-01 5.178752393427168421e-01
8.326936160510510776e-01 1.524579508824426277e-01 6.180698108887288100e-01 2.856894056018055017e-01 6.371067092344103733e-01 6.474113218162100836e-01 4.251190502141987126e-01 3.288538879326469710e-01 6.122994477048503414e-01 4.472227353607663436e-01 6.814384404726701039e-01 6.979385280044136941e-02 4.997813281858476953e-01 4.603684991212257382e-01 4.122638220278383447e-01 2.304206049309304727e-01 5.901030790444155016e-01 8.814261337789532913e-01 2.860698003294794844e-01 6.634204564197730969e-01 4.014420692334020879e-01 3.725178278540235977e-01 0.000000000000000000e+00 4.970499641189130569e-01 7.668900324990598483e-01 5.690847131328204966e-01 5.353460266455070116e-01 2.379128234331365221e-01 1.061579860776709072e-01 6.157376927887771023e-01 5.472832529678055558e-01 3.357868141489389058e-01 5.156202031803823749e-01 5.663798245556502797e-01 5.066482192217116598e-01
7.293025004256601385e-01 5.893828052458461864e-01 4.877378708818524977e-02 2.494456482952173426e-01 3.447407442601886363e-01 6.839806733330298094e-01 5.668571492293992264e-01 5.565373297268341179e-01 3.560240857689026539e-01 5.644426665886126404e-01 2.117255427149788982e-02 4.848086919656509619e-01 4.838701654717905143e-01 6.449834576267557962e-01 5.914100668438559971e-01 9.519133917756061880e-01 3.952854304320337908e-01 6.658114966921322431e-01 5.565879728688398753e-01 2.400661867466123700e-01 5.444949238435083938e-01 1.386953687337258989e-01 4.970499641189130569e-01 0.000000000000000000e+00 1.637646000849635186e-01 6.206812742416442097e-01 4.353564345497561994e-01 2.527338772660593369e-01 3.546684255041270273e-01 7.882983091405197928e-01 5.745006342620571083e-01 3.614487100873806646e-01 4.633645146547895610e-01 5.458149380552330676e-01 5.218395310759944561e-01
4.370523748106508455e-01 3.010345840667107975e-01 3.895445370589525336e-01 4.778848947687167059e-01 4.441718064671468236e-01 8.741441475836426722e-01 4.498364218312533858e-01 5.317947068342093742e-01 1.578432533901124035e-01 7.354929636301459350e-01 4.206352907526176854e-01 8.908224745215456153e-01 5.326148173305080835e-01 7.456295593460320337e-01 4.303146213409573262e-01 3.130115612302858952e-01 4.678131212219763801e-01 7.974789222150502344e-01 7.548734660222184978e-01 3.962474787305160229e-01 1.677529869553389674e-01 5.291909835808055185e-01 7.668900324990598483e-01 1.637646000849635186e-01 0.000000000000000000e+00 3.989524189469486060e-01 4.357944326036803928e-01 5.353349884607137010e-01 7.914505439154191357e-01 3.985598982969938975e-01 7.250793714552381530e-01 5.554478219599841005e-01 7.691501833355797180e-01 3.691790931167122647e-01 5.024476109694406833e-01
4.091306352478871755e-01 5.296595964612326179e-01 5.089627429570666717e-01 6.096144525082985988e-01 5.561645880674644937e-01 4.534175773124357045e-01 1.753651407182958977e-01 4.804942867263314321e-01 3.007578217147185429e-01 5.396117172661761829e-01 7.401791845612269993e-01 8.709735053408342864e-01 5.034896797189853945e-01 1.530528990115083143e-01 5.564386496160130813e-01 1.639413915955439949e-01 3.729876299896101588e-01 8.280596042919077249e-01 6.198738958671199395e-01 7.641467109492593446e-01 8.190380391607334776e-01 1.479830521192396775e-01 5.690847131328204966e-01 6.206812742416442097e-01 3.989524189469486060e-01 0.000000000000000000e+00 7.416370484201900704e-01 8.097686511426475109e-01 3.427093028212931380e-01 9.030769692612156119e-01 5.091162940839903950e-01 2.248135364418553106e-01 6.482292785305278082e-01 5.373428402063025189e-01 5.110714820422437299e-01
3.446321069507567447e-01 6.290775941979322994e-01 2.908707635502636446e-01 7.419104788971868647e-01 8.191949926858296260e-01 6.589933637029683489e-01 6.380840612315483718e-01 6.632913385106399273e-01 6.681402676016603426e-01 4.650096702459163289e-01 8.681540111828701667e-01 2.450247889266836676e-01 4.632339588639639016e-01 3.683082278914182606e-01 8.994826234498132234e-01 6.814531640833052517e-01 1.795842219269390139e-01 3.267129765598163482e-01 2.324513722957440298e-01 3.798155041813557897e-01 1.207688952257373050e-01 5.927997839472476382e-01 5.353460266455070116e-01 4.353564345497561994e-01 4.357944326036803928e-01 7.416370484201900704e-01 0.000000000000000000e+00 5.703976387534384074e-01 2.247231485665852624e-01 4.396031410274575668e-01 3.795631084120038023e-01 7.905616020090662222e-01 1.766474903031074462e-01 6.191878679783199280e-01 3.194209605219504033e-01
1.477202228711558263e-01 2.618743900828313653e-01 8.800228179190716649e-01 3.192428616242984352e-01 8.433270441066238465e-01 2.659922179607698278e-01 3.387556890704790380e-01 2.241973139673448800e-01 8.581036615115950061e-01 4.601281121635786842e-01 7.710598112800239878e-01 5.846491339159342049e-01 3.816320274825604209e-01 4.123965832222467043e-01 1.368038463837800145e-01 3.918868603825956254e-01 4.851708576799061978e-01 1.770341294289646816e-01 5.691773706504503760e-01 7.394740666234365101e-01 1.178922572069351915e-01 6.064554333485370208e-01 2.379128234331365221e-01 2.527338772660593369e-01 5.353349884607137010e-01 8.097686511426475109e-01 5.703976387534384074e-01 0.000000000000000000e+00 5.052673717342940352e-01 3.110248396289153616e-01 4.036718680375144808e-01 5.564119887100186235e-01 8.918626009207790695e-01 3.407575680197342805e-01 4.682022326887769204e-02
2.246087295125716032e-01 3.506131339819150705e-01 4.779469233539270223e-01 6.130213096124647043e-01 7.661120090412304462e-01 6.330917179078365820e-01 2.753525228860937979e-01 6.408977780277642644e-01 4.837713499742091194e-01 5.547532409875928217e-01 6.052474993298385675e-01 5.266026775071757093e-01 6.481350681214760323e-01 2.806913488253529598e-01 6.700934420785464862e-01 9.826896798516399079e-01 5.094229324584206298e-01 5.032602533116269372e-01 7.409345354559879748e-01 6.465272669653544524e-01 4.985813886850763987e-01 6.904317215954776099e-01 1.061579860776709072e-01 3.546684255041270273e-01 7.914505439154191357e-01 3.427093028212931380e-01 2.247231485665852624e-01 5.052673717342940352e-01 0.000000000000000000e+00 4.995978074372355304e-01 7.892217063000339650e-01 1.353114873971126286e-01 4.494455379338774259e-01 3.060517701396123780e-01 7.903504226927560161e-01
3.233307531555841274e-01 5.224594965629021370e-01 6.796004122263462621e-01 7.575541709347745067e-01 1.878088694879210818e-01 3.611404069213250967e-01 5.412028514264856094e-01 3.282624582089885279e-01 2.330718525582196332e-01 5.552351703970859198e-01 2.527450553210229822e-01 3.432117450212524012e-01 3.620157441334492798e-02 7.393293320581120209e-01 2.536492284702369648e-01 3.664458593052877244e-01 2.618146443723733396e-01 3.059680425479427424e-01 4.883554095294127539e-01 7.331352562729797073e-01 7.046061314104278273e-01 5.121998720148708273e-01 6.157376927887771023e-01 7.882983091405197928e-01 3.985598982969938975e-01 9.030769692612156119e-01 4.396031410274575668e-01 3.110248396289153616e-01 4.995978074372355304e-01 0.000000000000000000e+00 6.081908343583926069e-01 2.811979964663760545e-01 4.029813611035152343e-01 2.219345834991028887e-01 1.355196408229137339e-01
4.599903018313360459e-01 5.489982997866871273e-01 4.983818611281176647e-01 8.381693744831627546e-01 7.303379204790734214e-01 8.085862736470061929e-02 6.853800722907692489e-01 6.134019677945914406e-01 4.135674660387545498e-01 5.970420658991213436e-01 5.096761205685174101e-02 7.235841025554443640e-01 6.398092606766214718e-01 7.269735857988128824e-01 6.538196307318699940e-01 3.611805686881064403e-01 7.766601363603610197e-01 5.857102756403111954e-01 4.865793652244447265e-01 6.800401112973459838e-01 6.624385007022863814e-01 1.165780813903345425e-01 5.472832529678055558e-01 5.745006342620571083e-01 7.250793714552381530e-01 5.091162940839903950e-01 3.795631084120038023e-01 4.036718680375144808e-01 7.892217063000339650e-01 6.081908343583926069e-01 0.000000000000000000e+00 2.888366758340191742e-01 9.799789272404035856e-01 4.497642871508418794e-01 2.298303993816546154e-01
3.732850079700976709e-01 4.519512970706897059e-01 3.163453743986218147e-01 5.720506512916851971e-01 2.311276831629247575e-01 3.145324209695222750e-01 3.913441482945300143e-01 6.848550226622882597e-01 3.972415822622161197e-01 6.442455245349298920e-01 4.658120299627959149e-01 7.970163325731346449e-01 7.553425419301582622e-01 9.075213661912531204e-01 8.791633324723678866e-01 5.828859960495167414e-01 4.719291454224159299e-01 2.688011961433667274e-01 7.120271721302627865e-01 1.542017637100058236e-01 4.808978164233406183e-01 7.433260576572684464e-01 3.357868141489389058e-01 3.614487100873806646e-01 5.554478219599841005e-01 2.248135364418553106e-01 7.905616020090662222e-01 5.564119887100186235e-01 1.353114873971126286e-01 2.811979964663760545e-01 2.888366758340191742e-01 0.000000000000000000e+00 4.877033594105442127e-01 5.596582578575239886e-01 4.625984159438670806e-01
4.143713929443986199e-01 4.228550906552467348e-01 3.045456656594634492e-01 5.019086425700362009e-01 6.700856406052666525e-01 7.451171151632998146e-01 5.184451316231184492e-01 8.497549040276981547e-01 3.007581209902975838e-01 1.281442716406106519e-01 4.366993774494614122e-01 9.217226824456126177e-02 2.900882983239698731e-01 7.713443523382053080e-01 5.107006664599539336e-01 4.684731001208892742e-01 1.982257480363379676e-01 3.473406534139990010e-01 6.899014756376242730e-02 6.069803423116592045e-01 5.614244230983100881e-01 7.036964587916575420e-01 5.156202031803823749e-01 4.633645146547895610e-01 7.691501833355797180e-01 6.482292785305278082e-01 1.766474903031074462e-01 8.918626009207790695e-01 4.494455379338774259e-01 4.029813611035152343e-01 9.799789272404035856e-01 4.877033594105442127e-01 0.000000000000000000e+00 5.086726252269337945e-01 2.143881456990086587e-01
5.133329622712710094e-01 2.273252638520267821e-01 4.548951822159768565e-01 5.987181477943201990e-01 5.466257666777598612e-01 4.700103635363191978e-01 1.060752871803364306e-01 4.661921342515509270e-01 2.044855361100057500e-01 5.817006481009456831e-01 6.098803997495534368e-01 6.746592417661178009e-01 7.338505552476973781e-01 2.368705800210719747e-01 5.126996091738874606e-01 7.672696082249600424e-01 5.977683231951689269e-01 5.128311958009749150e-01 6.732776047100139660e-01 1.410636387973829287e-02 5.688551853791048440e-01 6.393989222676202955e-01 5.663798245556502797e-01 5.458149380552330676e-01 3.691790931167122647e-01 5.373428402063025189e-01 6.191878679783199280e-01 3.407575680197342805e-01 3.060517701396123780e-01 2.219345834991028887e-01 4.497642871508418794e-01 5.596582578575239886e-01 5.086726252269337945e-01 0.000000000000000000e+00 7.963120187698371488e-01
5.497815059488236900e-01 7.828912728768090412e-01 3.413102668863910449e-01 5.922723923278743197e-01 2.732723681352378087e-01 3.693283596129907087e-01 4.616444878986640243e-01 2.517825217418105943e-01 9.327792766198204077e-01 3.351147136432838236e-01 4.112837991403718862e-01 6.338755818497472383e-01 2.891515187040520907e-01 3.648648281482113065e-01 7.768916204528077962e-01 5.076439156868935987e-01 6.436773894262646234e-01 5.228426742301484076e-01 5.130962310281913519e-01 4.591998533073877731e-01 7.269279065166256437e-01 5.178752393427168421e-01 5.066482192217116598e-01 5.218395310759944561e-01 5.024476109694406833e-01 5.110714820422437299e-01 3.194209605219504033e-01 4.682022326887769204e-02 7.903504226927560161e-01 1.355196408229137339e-01 2.298303993816546154e-01 4.625984159438670806e-01 2.143881456990086587e-01 7.963120187698371488e-01 0.000000000000000000e+00
