0.000000000000000000e+00 8.118954533707956056e-01 7.753988778838416529e-02 3.433243265160170754e-01 9.014366772462323318e-01 6.229590513701177557e-01 7.838652288605052476e-01 7.788549321849115303e-01 4.484205746503334700e-01 6.556469837259975009e-01 7.746293667533092897e-01 6.592480649313883223e-01 5.857133832196681489e-01 4.480372686423306217e-01 4.122667869521061679e-01 8.287431058620614577e-01 8.644638459167426348e-01 5.019196237853034148e-01 8.266628353025817777e-02 6.867811436556982008e-01 8.439805759121137285e-01 5.525474580221809706e-01 7.738301026775670222e-01 8.333372262462535041e-02 9.529572521239793037e-01 4.999766996152039678e-01 1.575072555563908905e-01 7.112901264832349746e-01 5.303663128723318243e-01 7.311092044020764957e-01 1.625008959330865865e-01 2.777470516584701343e-02 7.126813160929674762e-01 7.494794434918352621e-01 1.292179963380464258e-01
8.118954533707956056e-01 0.000000000000000000e+00 3.452234632365049349e-01 4.057834635439940829e-01 8.789656486115329237e-01 5.910348333992178071e-01 4.766175370449022286e-01 8.138482684955039570e-01 5.192046567974051285e-01 7.209238068142946876e-01 4.524808273842946260e-01 9.400119602240299965e-01 8.265195156893347939e-01 2.614141247545986868e-01 8.709049780784324790e-01 7.025424891359732804e-01 6.721201895542595617e-01 4.728050171048543415e-01 5.174355580363858564e-01 7.751515484617774732e-01 6.158760814474106837e-01 8.200736975968958564e-01 2.733602017886251900e-01 6.204368637743415960e-01 3.087994252165414122e-01 9.783384174406961620e-02 5.378186756078189301e-01 7.157877992690915292e-01 7.867234830782551258e-01 8.508563142294411907e-02 3.928944860890400403e-01 7.544280579638229511e-01 4.967158439848595175e-01 9.471562843388972031e-01 9.022955194984074723e-01
7.753988778838416529e-02 3.452234632365049349e-01 0.000000000000000000e+00 4.166148560044428129e-01 8.341841520274563271e-01 8.737352068544751438e-01 4.976279725575233348e-01 4.042697748010400383e-01 4.316319313122287116e-01 6.941266107125700913e-01 6.549343209186589965e-01 5.097867365114661098e-01 5.165748780124495010e-01 7.095954611033729043e-01 8.104950943785877993e-01 4.191605342100435116e-01 1.859501998029721159e-01 8.346184920902782745e-01 4.453673251528426080e-01 3.232439888136300343e-01 1.985566918211696397e-01 8.081065367169562030e-01 6.532735950828303384e-01 3.791121859767133673e-01 6.349655355833873083e-01 7.719621741881010912e-02 2.809327729091297687e-01 5.696239010279409154e-01 5.131217120711013546e-01 5.976532386992445822e-01 7.556476896963140177e-01 6.956290778622591375e-01 6.009198550042514908e-01 1.088963155118017889e-01 5.477716912051847631e-01
3.433243265160170754e-01 4.057834635439940829e-01 4.166148560044428129e-01 0.000000000000000000e+00 8.759125954579897178e-01 6.728810768991451141e-01 3.495795099837423203e-01 3.076199758046310184e-01 6.497355228452419418e-01 5.251050169971137604e-01 4.750602653558132493e-01 8.194783593080916528e-01 5.118543279512730582e-01 2.090887868179890363e-01 6.435038515686992699e-01 6.707015151937925079e-01 3.959210489814564138e-01 3.984913639194583856e-01 5.220835088807553870e-01 4.701523539815885555e-01 1.932481758043671505e-01 5.344463007851438796e-01 3.705629254913685999e-01 4.485387313992090785e-01 5.313182682692272341e-01 1.054876744778001640e-01 7.973561657893808441e-01 7.289483492419801536e-01 7.182634982557440928e-01 4.098059068753169276e-01 5.636169970594184786e-02 4.555379488890117234e-01 4.779034949258919585e-01 5.931251136887827347e-02 4.248147817607593191e-01
9.014366772462323318e-01 8.789656486115329237e-01 8.341841520274563271e-01 8.759125954579897178e-01 0.000000000000000000e+00 4.427638659996732673e-01 7.503368741917137985e-01 4.960341348116038551e-01 9.062709763619473113e-01 3.636195450246584859e-01 8.195863197897977903e-01 3.637206597452352641e-01 7.016141845790613285e-01 2.421875161294285705e-01 5.228128894317989328e-01 3.494398132157467973e-01 4.263329072872572012e-01 3.394772774526603198e-01 3.494645307423155378e-01 7.193636756636545559e-01 4.084215860555773236e-01 6.116655612184302981e-01 5.462321174025689396e-01 9.016178947088064888e-01 3.819216815035684220e-01 4.235794608240391335e-01 8.919418577275534110e-01 6.420219720658926210e-01 6.789122694978899641e-01 6.654392611198782781e-01 5.466061900416999686e-01 5.722553966441168427e-01 8.168529432578559568e-01 7.856015135622496093e-01 6.040066121985705472e-01
6.229590513701177557e-01 5.910348333992178071e-01 8.737352068544751438e-01 6.728810768991451141e-01 4.427638659996732673e-01 0.000000000000000000e+00 5.908787472053442791e-01 5.279384927290068363e-01 8.670513983823961990e-01 4.996518644906749462e-01 6.737807627033527424e-01 2.067966685934842785e-01 6.081603542157164588e-01 2.463899027420807519e-01 8.310847842315818301e-01 7.739193168892595232e-01 3.765739513342351019e-01 4.545700270022607348e-01 5.861292566353222266e-01 3.446097961231061046e-01 8.753458030777838683e-01 8.217433105930622705e-01 4.487895826662328669e-01 2.596309566481672659e-01 4.894278648550355326e-01 8.057319054884024556e-01 7.806509097264713315e-01 3.213666249749360659e-01 5.148107780568459413e-01 6.083875983386344277e-02 3.534856648589760342e-01 4.922447662064034501e-01 4.164843192792799798e-01 7.518462701688077843e-01 5.481399370759887368e-01
7.838652288605052476e-01 4.766175370449022286e-01 4.976279725575233348e-01 3.495795099837423203e-01 7.503368741917137985e-01 5.908787472053442791e-01 0.000000000000000000e+00 9.002768399733829252e-01 7.347875900299731811e-01 8.223928129217237259e-01 7.781556211851519134e-01 5.504775995534620936e-01 8.063493198591316080e-01 7.361558668801780891e-01 5.448634084457183446e-01 3.212158444575035632e-01 5.113042444977974332e-01 3.723377520914784577e-01 4.808602276661804176e-01 5.217426005319980575e-02 4.153345355983354414e-01 2.062054556564797414e-01 6.964640070562392316e-01 4.101938284901165965e-01 5.084335945593601025e-01 4.742020425985039034e-01 4.673542435793153205e-01 4.301785310366651460e-01 7.152803355966086407e-01 8.228204555378193508e-01 5.318352202064756673e-01 1.820069190407238580e-01 1.460772294972449981e-01 7.448405856933425495e-01 7.518961077603191212e-01
7.788549321849115303e-01 8.138482684955039570e-01 4.042697748010400383e-01 3.076199758046310184e-01 4.960341348116038551e-01 5.279384927290068363e-01 9.002768399733829252e-01 0.000000000000000000e+00 4.492976852585445768e-01 2.383408117069262255e-01 4.150379743617496064e-01 5.015474089547296010e-01 2.335834104034170133e-01 3.073387370502250193e-01 3.732780600023491990e-01 6.979419683634197069e-01 4.569337734976561261e-01 9.135001652242091819e-01 3.474725145938523108e-01 4.840060291065632625e-01 8.185566256932113038e-01 2.605024993743340067e-01 5.281480523854762410e-01 5.864397721972262056e-01 6.607120580899199513e-01 8.875418605319584930e-02 5.623592830347812210e-01 3.773846028885416981e-01 1.764343048759718924e-01 6.477828483270364757e-01 2.735284223906984113e-01 5.194425976545590240e-01 3.025225373598938727e-02 6.700278322808501663e-01 9.081097141416334395e-01
4.484205746503334700e-01 5.192046567974051285e-01 4.316319313122287116e-01 6.497355228452419418e-01 9.062709763619473113e-01 8.670513983823961990e-01 7.347875900299731811e-01 4.492976852585445768e-01 0.000000000000000000e+00 5.377158411265224869e-01 5.481423244934080508e-01 4.974168376855410134e-01 8.461432349609029346e-01 4.206120571467172886e-01 7.413052840651788156e-01 8.438905057289418643e-01 8.260399363146844198e-01 8.657858815651983120e-01 5.285976844758999427e-02 5.117544573868417768e-01 8.531311529343457156e-01 3.012172234166512474e-01 4.253640352181634610e-01 6.507277727184440641e-01 6.020466803030425362e-01 3.205318557577246930e-01 9.103188046876560247e-01 3.802888233542172092e-01 5.675605824040947933e-01 3.797770980959848108e-01 6.323347808147068427e-01 1.190468709390906099e-01 4.707400366577626505e-01 7.354517376772202741e-01 7.129476310131233063e-02
6.556469837259975009e-01 7.209238068142946876e-01 6.941266107125700913e-01 5.251050169971137604e-01 3.636195450246584859e-01 4.996518644906749462e-01 8.223928129217237259e-01 2.383408117069262255e-01 5.377158411265224869e-01 0.000000000000000000e+00 6.858472363040579722e-01 9.388900404040807501e-01 2.930406878236987422e-01 3.731830384099498743e-01 5.807128624864874578e-01 8.137266852901464675e-01 7.774130126817180297e-01 5.659820923414575766e-01 8.847946204079480959e-01 7.708677529648970683e-01 6.795340307749874187e-01 7.406214080846694747e-01 4.601927867942717243e-01 7.437310867076607490e-01 8.707059264135310617e-01 5.918561468476206677e-01 6.400126489382199635e-01 5.050777720907748680e-01 5.045545225245401388e-01 4.393695373963794060e-01 3.865868029555064034e-02 1.802174635485044307e-01 7.043494970615619133e-01 4.502247337318774356e-01 6.057518176897160878e-01
7.746293667533092897e-01 4.524808273842946260e-01 6.549343209186589965e-01 4.750602653558132493e-01 8.195863197897977903e-01 6.737807627033527424e-01 7.781556211851519134e-01 4.150379743617496064e-01 5.481423244934080508e-01 6.858472363040579722e-01 0.000000000000000000e+00 2.120320348066174754e-01 8.151810305692750447e-01 3.408730436104699946e-01 8.985546695557833363e-01 8.072689789628495483e-01 4.001613045387306666e-01 6.472887056271717787e-01 7.448591660318468755e-01 5.494968298950178021e-01 1.833455908065212414e-01 4.902640893830851887e-01 3.720773198784791402e-01 5.430679290712088214e-01 4.907704993841390806e-01 7.232774087473708979e-01 6.778346672961695907e-01 4.801015050749948831e-01 4.623420640131791770e-01 7.577128429950132915e-01 5.826016743605705317e-01 3.377633084684739107e-02 4.695150343397254122e-01 8.015018847448559525e-01 4.612105434641148305e-01
6.592480649313883223e-01 9.400119602240299965e-01 5.097867365114661098e-01 8.194783593080916528e-01 3.637206597452352641e-01 2.067966685934842785e-01 5.504775995534620936e-01 5.015474089547296010e-01 4.974168376855410134e-01 9.388900404040807501e-01 2.120320348066174754e-01 0.000000000000000000e+00 2.405361084552392892e-01 7.130453833605729930e-01 8.839510356921463918e-01 5.502503482981515592e-01 8.680626357436054263e-01 4.152263612449736963e-01 7.979189515431561741e-02 4.131208789101307732e-01 2.906791259337873079e-01 7.517935974161739088e-01 7.010413368601846607e-01 1.585508064590754884e-01 3.808203442697399854e-01 3.389194300296100026e-01 5.179585773677073401e-01 7.017425868350558593e-01 4.837573367676630265e-01 2.823643615540121776e-01 4.663776391366634133e-01 6.804797093662864338e-01 4.934413115490373647e-01 5.382935406757911601e-01 3.131600064304785325e-01
5.857133832196681489e-01 8.265195156893347939e-01 5.165748780124495010e-01 5.118543279512730582e-01 7.016141845790613285e-01 6.081603542157164588e-01 8.063493198591316080e-01 2.335834104034170133e-01 8.461432349609029346e-01 2.930406878236987422e-01 8.151810305692750447e-01 2.405361084552392892e-01 0.000000000000000000e+00 5.753448005506673901e-01 1.780760817176315625e-01 4.101621324753486064e-01 5.454773824530491089e-01 6.552636545095706921e-01 4.579956653375930609e-01 4.749459826424267117e-01 5.413149492818253306e-01 3.132532501959715554e-01 6.011027560857633567e-01 9.614272851438341316e-01 3.717934749747226486e-01 5.436619960014752451e-01 8.302751732485007530e-01 8.341953114196150043e-01 4.765867933399033363e-01 3.722201336961430407e-01 4.525376476440912676e-01 6.309545007485614088e-01 2.037358501885788986e-01 7.393977857591442771e-01 5.691305981756145105e-01
4.480372686423306217e-01 2.614141247545986868e-01 7.095954611033729043e-01 2.090887868179890363e-01 2.421875161294285705e-01 2.463899027420807519e-01 7.361558668801780891e-01 3.073387370502250193e-01 4.206120571467172886e-01 3.731830384099498743e-01 3.408730436104699946e-01 7.130453833605729930e-01 5.753448005506673901e-01 0.000000000000000000e+00 5.522499965124514354e-01 5.517738125142973571e-01 5.641487128740702017e-01 4.412850231242058108e-01 8.591283069336235201e-01 5.880190421040064619e-01 5.902375423445865854e-01 3.426095830568715583e-01 3.930245469693940952e-01 6.972655454574658851e-01 2.858060510798018927e-01 6.677644538623448422e-01 3.101918059626415092e-01 3.736955824319588837e-01 4.372811992880235588e-01 5.126665812294985969e-01 4.538344773175508329e-01 4.777545106611561510e-01 9.022754635774823395e-01 7.087813476566412474e-01 1.766584841390013150e-01
4.122667869521061679e-01 8.709049780784324790e-01 8.104950943785877993e-01 6.435038515686992699e-01 5.228128894317989328e-01 8.310847842315818301e-01 5.448634084457183446e-01 3.732780600023491990e-01 7.413052840651788156e-01 5.807128624864874578e-01 8.985546695557833363e-01 8.839510356921463918e-01 1.780760817176315625e-01 5.522499965124514354e-01 0.000000000000000000e+00 6.743584628587837582e-01 7.397084459036943338e-01 1.331976815025505134e-01 4.313339833387747624e-01 4.670649404940976357e-01 5.368001233483895573e-01 3.259865249407363219e-01 8.251272105706001225e-01 6.676813388184630327e-01 2.725730810833921769e-01 2.959031969022228314e-01 6.104785863827821846e-01 2.619659445209662207e-01 4.618394045260550418e-01 4.708052530216428888e-01 9.988093101207211610e-01 8.066109188488649329e-01 9.103047199465119643e-02 6.909779224932857122e-01 3.168044932383631274e-01
8.287431058620614577e-01 7.025424891359732804e-01 4.191605342100435116e-01 6.707015151937925079e-01 3.494398132157467973e-01 7.739193168892595232e-01 3.212158444575035632e-01 6.979419683634197069e-01 8.438905057289418643e-01 8.137266852901464675e-01 8.072689789628495483e-01 5.502503482981515592e-01 4.101621324753486064e-01 5.517738125142973571e-01 6.743584628587837582e-01 0.000000000000000000e+00 3.643944699166019596e-01 7.666269366321489809e-01 7.146413269848939098e-02 4.219506539801630152e-01 5.218571050877008899e-01 5.225367221612875479e-01 4.726592482051273914e-01 6.274734832083224134e-01 9.394441318020629872e-02 8.497977359600539238e-01 4.016648682124816516e-01 6.210789395213949238e-01 7.860212693369681425e-01 6.594593366224980047e-01 6.278009100253099106e-01 3.734213203185844376e-01 5.085621077042515870e-01 8.647444503302667007e-01 5.881444707859070364e-01
8.644638459167426348e-01 6.721201895542595617e-01 1.859501998029721159e-01 3.959210489814564138e-01 4.263329072872572012e-01 3.765739513342351019e-01 5.113042444977974332e-01 4.569337734976561261e-01 8.260399363146844198e-01 7.774130126817180297e-01 4.001613045387306666e-01 8.680626357436054263e-01 5.454773824530491089e-01 5.641487128740702017e-01 7.397084459036943338e-01 3.643944699166019596e-01 0.000000000000000000e+00 9.082455246141027949e-01 3.838432558021786511e-01 3.045662597210044842e-01 1.922587821397391261e-01 3.937415562842396799e-01 9.360821992012964277e-01 6.647824018862533713e-01 8.765735977942038515e-01 8.920160138698555174e-01 4.569382338139318378e-01 8.570282499647436936e-01 3.642527021421638755e-01 4.325690833640823962e-01 5.343801259887375199e-01 3.890597080727225543e-01 7.645925474558212809e-01 3.280834665928780147e-01 6.502078304023628519e-01
5.019196237853034148e-01 4.728050171048543415e-01 8.346184920902782745e-01 3.984913639194583856e-01 3.394772774526603198e-01 4.545700270022607348e-01 3.723377520914784577e-01 9.135001652242091819e-01 8.657858815651983120e-01 5.659820923414575766e-01 6.472887056271717787e-01 4.152263612449736963e-01 6.552636545095706921e-01 4.412850231242058108e-01 1.331976815025505134e-01 7.666269366321489809e-01 9.082455246141027949e-01 0.000000000000000000e+00 3.388606910152044405e-01 8.198098938788049850e-01 5.110098268466936045e-01 3.780559370670498187e-01 6.525487713360847986e-01 7.644290492735890119e-01 1.794616234783611430e-01 7.011189850346681851e-01 6.662548843584337188e-01 2.326050600144097535e-01 8.154901341553624228e-01 6.203864531796990933e-01 5.981021734362119702e-01 5.784019200367677138e-01 8.934398350800032418e-02 4.970329205585070631e-01 3.514963550082687016e-01
8.266628353025817777e-02 5.174355580363858564e-01 4.453673251528426080e-01 5.220835088807553870e-01 3.494645307423155378e-01 5.861292566353222266e-01 4.808602276661804176e-01 3.474725145938523108e-01 5.285976844758999427e-02 8.847946204079480959e-01 7.448591660318468755e-01 7.979189515431561741e-02 4.579956653375930609e-01 8.591283069336235201e-01 4.313339833387747624e-01 7.146413269848939098e-02 3.838432558021786511e-01 3.388606910152044405e-01 0.000000000000000000e+00 8.516454636191179706e-01 4.391598102643694546e-01 1.530571605963670923e-02 6.012857900590465876e-01 6.035751723497846388e-01 7.616290878384697205e-01 7.813939804329637084e-01 7.965244151289103680e-01 7.786604859622554553e-01 3.590424428748588137e-01 4.010758482854940299e-01 6.796431083280320973e-01 6.342319181228165403e-01 5.159145330493312143e-01 4.104497039243699685e-01 6.859896206573952160e-01
6.867811436556982008e-01 7.751515484617774732e-01 3.232439888136300343e-01 4.701523539815885555e-01 7.193636756636545559e-01 3.446097961231061046e-01 5.217426005319980575e-02 4.840060291065632625e-01 5.117544573868417768e-01 7.708677529648970683e-01 5.494968298950178021e-01 4.131208789101307732e-01 4.749459826424267117e-01 5.880190421040064619e-01 4.670649404940976357e-01 4.219506539801630152e-01 3.045662597210044842e-01 8.198098938788049850e-01 8.516454636191179706e-01 0.000000000000000000e+00 8.444538157211876062e-01 2.791116102766610929e-01 5.754467029319108029e-01 5.466256399879529937e-01 8.197362669406260682e-01 2.036858835817726421e-01 5.237883604784652203e-01 4.795410623737910161e-01 7.069289176464432778e-03 4.522318781803462695e-01 6.518344022873516774e-01 3.718393062661650150e-01 8.603561114191011772e-01 7.126977867703296887e-01 8.390792542189771108e-01
8.439805759121137285e-01 6.158760814474106837e-01 1.985566918211696397e-01 1.932481758043671505e-01 4.084215860555773236e-01 8.753458030777838683e-01 4.153345355983354414e-01 8.185566256932113038e-01 8.531311529343457156e-01 6.795340307749874187e-01 1.833455908065212414e-01 2.906791259337873079e-01 5.413149492818253306e-01 5.902375423445865854e-01 5.368001233483895573e-01 5.218571050877008899e-01 1.922587821397391261e-01 5.110098268466936045e-01 4.391598102643694546e-01 8.444538157211876062e-01 0.000000000000000000e+00 7.769046271666320003e-01 3.498951024930772036e-01 6.881976578872934791e-01 8.200304609275743672e-01 3.011398843023238570e-01 3.068329010273926905e-01 6.525014547419704103e-01 3.171017739163169424e-01 8.423486552934627003e-01 6.426488563506566054e-01 2.131590416223932971e-01 3.310200608171769421e-01 5.067243421403154757e-01 1.527785556490909302e-01
5.525474580221809706e-01 8.200736975968958564e-01 8.081065367169562030e-01 5.344463007851438796e-01 6.116655612184302981e-01 8.217433105930622705e-01 2.062054556564797414e-01 2.605024993743340067e-01 3.012172234166512474e-01 7.406214080846694747e-01 4.902640893830851887e-01 7.517935974161739088e-01 3.132532501959715554e-01 3.426095830568715583e-01 3.259865249407363219e-01 5.225367221612875479e-01 3.937415562842396799e-01 3.780559370670498187e-01 1.530571605963670923e-02 2.791116102766610929e-01 7.769046271666320003e-01 0.000000000000000000e+00 5.777519530198804709e-01 4.670290333693057905e-01 4.477261852235175921e-01 8.672692853816701408e-01 5.611547642768923705e-01 5.073811085485535610e-01 5.221105734675067778e-01 8.754201013732417769e-01 5.750930617229044195e-01 8.190397953028938360e-01 2.981784916059085910e-01 4.826853863553478563e-01 6.239517672736942799e-01
7.738301026775670222e-01 2.733602017886251900e-01 6.532735950828303384e-01 3.705629254913685999e-01 5.462321174025689396e-01 4.487895826662328669e-01 6.964640070562392316e-01 5.281480523854762410e-01 4.253640352181634610e-01 4.601927867942717243e-01 3.720773198784791402e-01 7.010413368601846607e-01 6.011027560857633567e-01 3.930245469693940952e-01 8.251272105706001225e-01 4.726592482051273914e-01 9.360821992012964277e-01 6.525487713360847986e-01 6.012857900590465876e-01 5.754467029319108029e-01 3.498951024930772036e-01 5.777519530198804709e-01 0.000000000000000000e+00 7.843918705157305604e-01 1.457209881109940985e-01 2.985441709132341526e-01 4.266556397887895091e-01 6.943676333195704098e-01 8.543842077279462099e-01 4.907230387597630861e-01 7.048799175704298925e-01 5.888082447071556480e-01 7.078287934338787224e-01 8.763705054172188369e-01 6.429585324816700087e-01
8.333372262462535041e-02 6.204368637743415960e-01 3.791121859767133673e-01 4.485387313992090785e-01 9.016178947088064888e-01 2.596309566481672659e-01 4.101938284901165965e-01 5.864397721972262056e-01 6.507277727184440641e-01 7.437310867076607490e-01 5.430679290712088214e-01 1.585508064590754884e-01 9.614272851438341316e-01 6.972655454574658851e-01 6.676813388184630327e-01 6.274734832083224134e-01 6.647824018862533713e-01 7.644290492735890119e-01 6.035751723497846388e-01 5.466256399879529937e-01 6.881976578872934791e-01 4.670290333693057905e-01 7.843918705157305604e-01 0.000000000000000000e+00 5.937213392638773790e-01 1.676306631736190211e-01 2.845610294505293569e-01 4.585209977611841015e-01 8.313024483854167812e-01 4.543057122292946115e-01 4.975586735333004107e-02 3.465038035491351254e-01 2.653659924169657902e-01 6.935225467722194725e-01 7.892263332424720446e-01
9.529572521239793037e-01 3.087994252165414122e-01 6.349655355833873083e-01 5.313182682692272341e-01 3.819216815035684220e-01 4.894278648550355326e-01 5.084335945593601025e-01 6.607120580899199513e-01 6.020466803030425362e-01 8.707059264135310617e-01 4.907704993841390806e-01 3.808203442697399854e-01 3.717934749747226486e-01 2.858060510798018927e-01 2.725730810833921769e-01 9.394441318020629872e-02 8.765735977942038515e-01 1.794616234783611430e-01 7.616290878384697205e-01 8.197362669406260682e-01 8.200304609275743672e-01 4.477261852235175921e-01 1.457209881109940985e-01 5.937213392638773790e-01 0.000000000000000000e+00 5.759529871366418918e-01 2.776664995243176559e-01 1.546044707397240536e-01 5.549114811058033503e-01 9.082372330720858145e-01 3.602074033431570954e-01 7.979226921666879857e-01 3.613516389556444830e-01 6.028237414021566654e-01 4.715374320263351904e-01
4.999766996152039678e-01 9.783384174406961620e-02 7.719621741881010912e-02 1.054876744778001640e-01 4.235794608240391335e-01 8.057319054884024556e-01 4.742020425985039034e-01 8.875418605319584930e-02 3.205318557577246930e-01 5.918561468476206677e-01 7.232774087473708979e-01 3.389194300296100026e-01 5.436619960014752451e-01 6.677644538623448422e-01 2.959031969022228314e-01 8.497977359600539238e-01 8.920160138698555174e-01 7.011189850346681851e-01 7.813939804329637084e-01 2.036858835817726421e-01 3.011398843023238570e-01 8.672692853816701408e-01 2.985441709132341526e-01 1.676306631736190211e-01 5.759529871366418918e-01 0.000000000000000000e+00 2.924188070728680477e-01 9.066663956063123475e-01 9.456821197462426110e-01 3.333835398095393310e-01 2.310284709730985320e-01 8.306812148369728810e-01 2.879805275543556031e-01 3.431963071758092898e-01 6.801819919444029861e-01
1.575072555563908905e-01 5.378186756078189301e-01 2.809327729091297687e-01 7.973561657893808441e-01 8.919418577275534110e-01 7.806509097264713315e-01 4.673542435793153205e-01 5.623592830347812210e-01 9.103188046876560247e-01 6.400126489382199635e-01 6.778346672961695907e-01 5.179585773677073401e-01 8.302751732485007530e-01 3.101918059626415092e-01 6.104785863827821846e-01 4.016648682124816516e-01 4.569382338139318378e-01 6.662548843584337188e-01 7.965244151289103680e-01 5.237883604784652203e-01 3.068329010273926905e-01 5.611547642768923705e-01 4.266556397887895091e-01 2.845610294505293569e-01 2.776664995243176559e-01 2.924188070728680477e-01 0.000000000000000000e+00 2.622488271759020328e-01 5.878532437186766435e-01 5.691695963033653882e-01 7.138245537136249652e-01 4.458610776000915821e-01 8.531139632646629334e-01 8.264301523762138668e-01 5.103346481111225019e-01
7.112901264832349746e-01 7.157877992690915292e-01 5.696239010279409154e-01 7.289483492419801536e-01 6.420219720658926210e-01 3.213666249749360659e-01 4.301785310366651460e-01 3.773846028885416981e-01 3.802888233542172092e-01 5.050777720907748680e-01 4.801015050749948831e-01 7.017425868350558593e-01 8.341953114196150043e-01 3.736955824319588837e-01 2.619659445209662207e-01 6.210789395213949238e-01 8.570282499647436936e-01 2.326050600144097535e-01 7.786604859622554553e-01 4.795410623737910161e-01 6.525014547419704103e-01 5.073811085485535610e-01 6.943676333195704098e-01 4.585209977611841015e-01 1.546044707397240536e-01 9.066663956063123475e-01 2.622488271759020328e-01 0.000000000000000000e+00 8.124619827151835505e-01 8.452571893361950917e-01 9.040873894177560155e-01 7.887987474654553077e-01 9.255396885851121525e-01 2.713115174326221624e-01 8.568559480010087270e-01
5.303663128723318243e-01 7.867234830782551258e-01 5.131217120711013546e-01 7.182634982557440928e-01 6.789122694978899641e-01 5.148107780568459413e-01 7.152803355966086407e-01 1.764343048759718924e-01 5.675605824040947933e-01 5.045545225245401388e-01 4.623420640131791770e-01 4.837573367676630265e-01 4.765867933399033363e-01 4.372811992880235588e-01 4.618394045260550418e-01 7.860212693369681425e-01 3.642527021421638755e-01 8.154901341553624228e-01 3.590424428748588137e-01 7.069289176464432778e-03 3.171017739163169424e-01 5.221105734675067778e-01 8.543842077279462099e-01 8.313024483854167812e-01 5.549114811058033503e-01 9.456821197462426110e-01 5.878532437186766435e-01 8.124619827151835505e-01 0.000000000000000000e+00 4.813901169895374865e-01 2.422631002642554598e-01 9.354923414488416356e-01 7.352886076915819968e-01 5.911104750475412173e-01 4.018545808864107394e-01
7.311092044020764957e-01 8.508563142294411907e-02 5.976532386992445822e-01 4.098059068753169276e-01 6.654392611198782781e-01 6.083875983386344277e-02 8.228204555378193508e-01 6.477828483270364757e-01 3.797770980959848108e-01 4.393695373963794060e-01 7.577128429950132915e-01 2.823643615540121776e-01 3.722201336961430407e-01 5.126665812294985969e-01 4.708052530216428888e-01 6.594593366224980047e-01 4.325690833640823962e-01 6.203864531796990933e-01 4.010758482854940299e-01 4.522318781803462695e-01 8.423486552934627003e-01 8.754201013732417769e-01 4.907230387597630861e-01 4.543057122292946115e-01 9.082372330720858145e-01 3.333835398095393310e-01 5.691695963033653882e-01 8.452571893361950917e-01 4.813901169895374865e-01 0.000000000000000000e+00 4.517583533899127146e-01 4.179446627374794332e-01 5.590114230910228077e-01 4.731369955601406052e-01 7.319790986356939921e-01
1.625008959330865865e-01 3.928944860890400403e-01 7.556476896963140177e-01 5.636169970594184786e-02 5.466061900416999686e-01 3.534856648589760342e-01 5.318352202064756673e-01 2.735284223906984113e-01 6.323347808147068427e-01 3.865868029555064034e-02 5.826016743605705317e-01 4.663776391366634133e-01 4.525376476440912676e-01 4.538344773175508329e-01 9.988093101207211610e-01 6.278009100253099106e-01 5.343801259887375199e-01 5.981021734362119702e-01 6.796431083280320973e-01 6.518344022873516774e-01 6.426488563506566054e-01 5.750930617229044195e-01 7.048799175704298925e-01 4.975586735333004107e-02 3.602074033431570954e-01 2.310284709730985320e-01 7.138245537136249652e-01 9.040873894177560155e-01 2.422631002642554598e-01 4.517583533899127146e-01 0.000000000000000000e+00 7.901411406871898802e-01 5.174733127132125077e-01 2.742322352257022255e-01 5.727725066674558274e-01
2.777470516584701343e-02 7.544280579638229511e-01 6.956290778622591375e-01 4.555379488890117234e-01 5.722553966441168427e-01 4.922447662064034501e-01 1.820069190407238580e-01 5.194425976545590240e-01 1.190468709390906099e-01 1.802174635485044307e-01 3.377633084684739107e-02 6.804797093662864338e-01 6.309545007485614088e-01 4.777545106611561510e-01 8.066109188488649329e-01 3.734213203185844376e-01 3.890597080727225543e-01 5.784019200367677138e-01 6.342319181228165403e-01 3.718393062661650150e-01 2.131590416223932971e-01 8.190397953028938360e-01 5.888082447071556480e-01 3.465038035491351254e-01 7.979226921666879857e-01 8.306812148369728810e-01 4.458610776000915821e-01 7.887987474654553077e-01 9.354923414488416356e-01 4.179446627374794332e-01 7.901411406871898802e-01 0.000000000000000000e+00 7.670040983859049977e-01 4.178293933139127780e-01 5.861766899592748548e-01
7.126813160929674762e-01 4.967158439848595175e-01 6.009198550042514908e-01 4.779034949258919585e-01 8.168529432578559568e-01 4.164843192792799798e-01 1.460772294972449981e-01 3.025225373598938727e-02 4.707400366577626505e-01 7.043494970615619133e-01 4.695150343397254122e-01 4.934413115490373647e-01 2.037358501885788986e-01 9.022754635774823395e-01 9.103047199465119643e-02 5.085621077042515870e-01 7.645925474558212809e-01 8.934398350800032418e-02 5.159145330493312143e-01 8.603561114191011772e-01 3.310200608171769421e-01 2.981784916059085910e-01 7.078287934338787224e-01 2.653659924169657902e-01 3.613516389556444830e-01 2.879805275543556031e-01 8.531139632646629334e-01 9.255396885851121525e-01 7.352886076915819968e-01 5.590114230910228077e-01 5.174733127132125077e-01 7.670040983859049977e-01 0.000000000000000000e+00 9.723482329440999994e-01 5.399327722775505434e-01
7.494794434918352621e-01 9.471562843388972031e-01 1.088963155118017889e-01 5.931251136887827347e-02 7.856015135622496093e-01 7.518462701688077843e-01 7.448405856933425495e-01 6.700278322808501663e-01 7.354517376772202741e-01 4.502247337318774356e-01 8.015018847448559525e-01 5.382935406757911601e-01 7.393977857591442771e-01 7.087813476566412474e-01 6.909779224932857122e-01 8.647444503302667007e-01 3.280834665928780147e-01 4.970329205585070631e-01 4.104497039243699685e-01 7.126977867703296887e-01 5.067243421403154757e-01 4.826853863553478563e-01 8.763705054172188369e-01 6.935225467722194725e-01 6.028237414021566654e-01 3.431963071758092898e-01 8.264301523762138668e-01 2.713115174326221624e-01 5.911104750475412173e-01 4.731369955601406052e-01 2.742322352257022255e-01 4.178293933139127780e-01 9.723482329440999994e-01 0.000000000000000000e+00 5.414767034432219628e-01
1.292179963380464258e-01 9.022955194984074723e-01 5.477716912051847631e-01 4.248147817607593191e-01 6.040066121985705472e-01 5.481399370759887368e-01 7.518961077603191212e-01 9.081097141416334395e-01 7.129476310131233063e-02 6.057518176897160878e-01 4.612105434641148305e-01 3.131600064304785325e-01 5.691305981756145105e-01 1.766584841390013150e-01 3.168044932383631274e-01 5.881444707859070364e-01 6.502078304023628519e-01 3.514963550082687016e-01 6.859896206573952160e-01 8.390792542189771108e-01 1.527785556490909302e-01 6.239517672736942799e-01 6.429585324816700087e-01 7.892263332424720446e-01 4.715374320263351904e-01 6.801819919444029861e-01 5.103346481111225019e-01 8.568559480010087270e-01 4.018545808864107394e-01 7.319790986356939921e-01 5.727725066674558274e-01 5.861766899592748548e-01 5.399327722775505434e-01 5.414767034432219628e-01 0.000000000000000000e+00
