0.000000000000000000e+00 8.680911656272392030e-01 4.527433430497396771e-01 3.990557826525517049e-01 8.160833565501591780e-01 7.397969240708062166e-01 7.350249912225079729e-01 7.659766212803211793e-01 7.580491684377443917e-01 5.328279327426029832e-01 2.031946736814251864e-01 8.541644798212504330e-01 3.567796008994753576e-01 4.905817690143022825e-01 4.483300228799270704e-01 1.591073895213500622e-01 9.886819155322079666e-01 5.912710606940180247e-01 7.707173339164284931e-01 5.202052833515133923e-01 5.668813471636694468e-01 3.477242299976699424e-01 3.209068252885960426e-01 2.541389157296587986e-01 3.441340226744767916e-01 3.727768713471755202e-01 3.874507686681863960e-01 5.567645750908152280e-01 2.359521123266709597e-01 3.774421812976445079e-01 3.204301694157022373e-01 5.116098372171421493e-01 5.180764329638092303e-01 2.931986789060918586e-01 6.678164091489298126e-01
8.680911656272392030e-01 0.000000000000000000e+00 7.721045565424264900e-01 6.488448311144598968e-01 2.281041008571030870e-01 5.877448845035225800e-01 9.309338493342487197e-01 8.310542333102044488e-01 4.366053460922628138e-01 8.378221054236101306e-01 8.288776791562590951e-01 6.836360472776435993e-01 4.953093801934901896e-01 7.358442148916629622e-01 3.122067776499235503e-01 4.164557224063366037e-01 2.746452456229185324e-01 5.569237430702269620e-01 3.459124367721289617e-01 5.284600119130652418e-01 1.396721389309608652e-01 8.958472250260209879e-01 7.093317048292262506e-01 6.792820803771104643e-01 7.274821034835015077e-01 5.635158864312097560e-01 8.736877052026714718e-01 9.167035651140647001e-01 3.826242781608923393e-01 4.411950992129654581e-01 4.667899893411274204e-01 8.390094595885608797e-01 6.738785326300016365e-01 1.299359927212162535e-01 4.659270233097343450e-01
4.527433430497396771e-01 7.721045565424264900e-01 0.000000000000000000e+00 2.769070609762549484e-01 2.811893133950796320e-01 3.575099936545953483e-01 3.435587845509056049e-01 6.058913528229746825e-01 3.335016441119961206e-01 5.055993706973365143e-01 7.165120576723005286e-01 6.972209166987185514e-01 9.039032924510982392e-01 7.006448885900323775e-01 8.827506150099935223e-01 4.307210111024054600e-01 5.521050410951916509e-01 7.778484340007079112e-01 9.048099036647214710e-01 5.002354262305745980e-01 1.567152310026377338e-01 6.155004316360709327e-01 6.260294554834924252e-01 7.606643747925476706e-01 7.352958432627564322e-01 9.564033206947355481e-01 5.961743801936540965e-01 8.607090296656749739e-01 3.451396894340825749e-01 5.039716449899934725e-01 5.188959988375769772e-01 4.198191489257074305e-01 7.977053908633759960e-01 6.779151415603308362e-01 4.576712842300377782e-01
3.990557826525517049e-01 6.488448311144598968e-01 2.769070609762549484e-01 0.000000000000000000e+00 4.798910139788424289e-01 5.813182432656737175e-01 4.541548033595917411e-01 7.560456739224621359e-01 3.146999888563086767e-01 8.234192262058507294e-01 7.071048456262027937e-01 4.337135395472581090e-01 6.723215317314155115e-01 7.358824459071318103e-01 6.010905336607748062e-01 7.406630819194186532e-01 6.356456745255777419e-01 7.959797209469063883e-01 8.204106084260756049e-01 4.152267269923441972e-01 6.119807068861997656e-01 3.928369680605651171e-01 8.341398533806929638e-01 6.919920935605037293e-01 2.460771257870625339e-01 4.234544406909700465e-01 6.924065038372972936e-01 5.524913515938318920e-01 7.753199605544511819e-01 5.486847133058716519e-01 4.834682185656031250e-01 6.978783391980440953e-01 5.894137981431538664e-01 4.880482816234451571e-01 2.671304270354390997e-01
8.160833565501591780e-01 2.281041008571030870e-01 2.811893133950796320e-01 4.798910139788424289e-01 0.000000000000000000e+00 4.826142263020168910e-01 1.655013015562738499e-01 7.771920159636922509e-01 1.889988265644513277e-01 2.016329934289287085e-01 4.709925689866700238e-01 6.971579852767328944e-01 3.108891814129809972e-01 4.110718309607475640e-01 3.170719815900336913e-01 3.152265581614217549e-01 4.396037817765303668e-01 3.921010532371849155e-01 4.981648545631011671e-01 7.007027301042876299e-01 8.040590760336028264e-01 5.069987675143073913e-01 8.410651032963997187e-01 2.663818644766119403e-01 4.667182232486302706e-01 5.331990640673767157e-01 9.709884401226842598e-02 7.979686540204810052e-01 6.902677120579974179e-01 5.331011224423876094e-01 7.006985685033326750e-01 9.850044360423931833e-01 5.553474684838466402e-01 4.084095076480820374e-01 8.035318632359365054e-01
7.397969240708062166e-01 5.877448845035225800e-01 3.575099936545953483e-01 5.813182432656737175e-01 4.826142263020168910e-01 0.000000000000000000e+00 7.228061644263422680e-01 8.514067704216776722e-01 8.055179066830135959e-01 9.618012333230328004e-01 4.741682102109874841e-01 4.552587833677279039e-01 2.919826513798721157e-01 7.129972478363393318e-01 7.737398815802213337e-01 4.605267174109820560e-01 4.136891538429187665e-01 5.420801388052041148e-01 2.460057074608287819e-01 2.702387470238036826e-01 6.158334096696853610e-01 7.646929455387069252e-01 7.968203494647292384e-01 6.305180805134816824e-01 1.809342339988279091e-01 7.184863699141870175e-01 4.707188897841131370e-01 3.990810119712207005e-01 3.224949268772254740e-01 6.613549204873835352e-01 3.277659985872388160e-01 1.647371614133726903e-01 6.169711725721562789e-01 6.479571540493185289e-01 4.226797766487754293e-01
7.350249912225079729e-01 9.309338493342487197e-01 3.435587845509056049e-01 4.541548033595917411e-01 1.655013015562738499e-01 7.228061644263422680e-01 0.000000000000000000e+00 7.155206694095874731e-01 8.639851543581489324e-02 4.783095413098715776e-01 6.241647101453881019e-01 6.799044339127295888e-01 4.537361238361495852e-01 4.486064107536249512e-01 3.160473542125328827e-01 1.279216342792115491e-01 5.123909666838323274e-01 5.747804523444211000e-01 6.789570355276850488e-01 8.247903732884493966e-01 3.187750653881830099e-01 1.489120987967129661e-01 4.444457548282748638e-01 7.136576068607720646e-01 7.337419270154923456e-01 4.162267261530605555e-01 8.146131771717635139e-01 2.121161967746226784e-01 7.722950509622605875e-01 8.337575796488410074e-01 8.350107869079363976e-01 1.130796535399647418e-01 5.177957204255235757e-01 1.114199724031224026e-01 7.018655039504153592e-01
7.659766212803211793e-01 8.310542333102044488e-01 6.058913528229746825e-01 7.560456739224621359e-01 7.771920159636922509e-01 8.514067704216776722e-01 7.155206694095874731e-01 0.000000000000000000e+00 6.849591885124635127e-01 4.093689654226690955e-01 4.507007703979888369e-01 4.410456654809986055e-01 3.886336653699102306e-01 4.885853031584803663e-01 5.036662814191883442e-01 8.693399592161221712e-01 7.288719258527693867e-01 6.035547452670808610e-01 4.195748649541309883e-01 7.963915930475263805e-01 6.218285359537136792e-01 5.714661463690777765e-01 4.162818644344944419e-01 5.089721903893666966e-01 5.212721600118495058e-01 8.321093662458380891e-01 8.546252458956562492e-01 5.342240494319004940e-01 4.995493542341153947e-01 5.263312904516617152e-01 7.948661801964220786e-01 3.969454925102012810e-01 4.442917852447455518e-01 5.446512684582716091e-01 1.057510368499046116e-01
7.580491684377443917e-01 4.366053460922628138e-01 3.335016441119961206e-01 3.146999888563086767e-01 1.889988265644513277e-01 8.055179066830135959e-01 8.639851543581489324e-02 6.849591885124635127e-01 0.000000000000000000e+00 7.895807035153390441e-01 8.527947020538197975e-01 1.641366228982686915e-01 4.317796643705105186e-01 4.024540947011694958e-01 5.626966714047957341e-01 4.485789912180995209e-01 4.898906067605998671e-01 1.751811728873786667e-01 3.694617111084173011e-01 2.436427768912240166e-01 6.408297971425350736e-01 6.087781857199222602e-01 6.915223900049440875e-01 1.875814580845638346e-01 5.617135520142217953e-01 6.675805715047989919e-01 9.125664076194386354e-01 4.242582077795118978e-01 4.563220568095628371e-01 7.141435093868467865e-01 5.996388171069957362e-01 7.997144030588423380e-01 7.347204864384730971e-01 2.644087674603490257e-01 9.462314477267379509e-01
5.328279327426029832e-01 8.378221054236101306e-01 5.055993706973365143e-01 8.234192262058507294e-01 2.016329934289287085e-01 9.618012333230328004e-01 4.783095413098715776e-01 4.093689654226690955e-01 7.895807035153390441e-01 0.000000000000000000e+00 1.560348359041508481e-01 7.625271226329577434e-01 1.921481951829596690e-01 4.627845160901064570e-01 3.042473459998937813e-01 2.910822660308073351e-01 5.084689646832729615e-01 6.873802772927901650e-01 9.654494125173254115e-01 6.337238851507005499e-01 8.158477508377746101e-01 4.791074735225977488e-01 5.992936022995447587e-01 4.762298650435299319e-01 4.915698773469180938e-01 7.793914713289455953e-01 5.739638603230270419e-01 3.187577365996331347e-01 4.608627546748451098e-01 6.213404953770302885e-01 3.973121203432461446e-02 5.517373934929427071e-01 6.821715100438938695e-01 3.446559736437349031e-02 2.571936286222711310e-01
2.031946736814251864e-01 8.288776791562590951e-01 7.165120576723005286e-01 7.071048456262027937e-01 4.709925689866700238e-01 4.741682102109874841e-01 6.241647101453881019e-01 4.507007703979888369e-01 8.527947020538197975e-01 1.560348359041508481e-01 0.000000000000000000e+00 4.633002459993573741e-01 3.982609541571482392e-01 4.970509703278156999e-01 2.043261680680894532e-01 3.769046981500390192e-01 4.851417181113308885e-01 1.681254104515321757e-01 8.786600537014328527e-01 6.136763785739054455e-01 7.480691334062483655e-01 8.397286228181811696e-01 3.097845355987514093e-01 6.801285970816126625e-01 5.344382464287509293e-01 3.314460797297069661e-01 8.327940049284743296e-02 6.422596329743983645e-01 3.844221076737480702e-01 8.780405469703294052e-01 7.018769752622310287e-01 6.226949666470851241e-01 5.834732829593665127e-01 6.106103119868637741e-01 7.733630905208600526e-01
8.541644798212504330e-01 6.836360472776435993e-01 6.972209166987185514e-01 4.337135395472581090e-01 6.971579852767328944e-01 4.552587833677279039e-01 6.799044339127295888e-01 4.410456654809986055e-01 1.641366228982686915e-01 7.625271226329577434e-01 4.633002459993573741e-01 0.000000000000000000e+00 6.577809501198741415e-01 4.894303164677363815e-01 2.833000875094375814e-01 6.979128107576023643e-01 7.339435722285634345e-01 6.109111599530407943e-01 7.627050809949371679e-01 4.070961197434679324e-01 7.881425386054903282e-01 6.634209642670103602e-01 5.680621633038069884e-01 3.390135470062798917e-01 6.288205682608800640e-01 4.561444156674099304e-02 3.795155515524046286e-01 4.500740114898049704e-01 3.903803613966067010e-01 4.653769791632256791e-01 5.207042283073509692e-01 4.974968903571120316e-01 1.710248856989990962e-01 8.308643932734930404e-01 4.536686990297313371e-01
3.567796008994753576e-01 4.953093801934901896e-01 9.039032924510982392e-01 6.723215317314155115e-01 3.108891814129809972e-01 2.919826513798721157e-01 4.537361238361495852e-01 3.886336653699102306e-01 4.317796643705105186e-01 1.921481951829596690e-01 3.982609541571482392e-01 6.577809501198741415e-01 0.000000000000000000e+00 8.153159781354391011e-01 3.785739604224017119e-01 4.460349713521948867e-01 7.201937240686087094e-01 5.310353897547583912e-01 8.506617328402468203e-01 9.720050035190839210e-01 4.166140334397415712e-01 4.270150844955321601e-01 8.383953289881878046e-01 6.631491593587445221e-01 6.564543959793741612e-01 5.621756014248400213e-01 6.235974696182677857e-01 7.974917087426939277e-01 4.862310399886954904e-01 5.337085848933481591e-01 4.846417978595496390e-01 6.689859391801746824e-01 4.225272735537893287e-01 5.618081911566730202e-01 4.052081806744565196e-01
4.905817690143022825e-01 7.358442148916629622e-01 7.006448885900323775e-01 7.358824459071318103e-01 4.110718309607475640e-01 7.129972478363393318e-01 4.486064107536249512e-01 4.885853031584803663e-01 4.024540947011694958e-01 4.627845160901064570e-01 4.970509703278156999e-01 4.894303164677363815e-01 8.153159781354391011e-01 0.000000000000000000e+00 5.338492653860893444e-01 5.934865500887589462e-01 6.775765165124600919e-01 6.081109850735980649e-01 4.632554983417466188e-01 6.020641203285852505e-01 7.779217064250133484e-01 2.875216070322018647e-01 1.715714859200059283e-01 7.094410215931588048e-01 5.032514090742833401e-01 5.684708841544574565e-01 4.524346458445934749e-01 8.195929602760287924e-01 7.046107131733573281e-01 3.226778352240602388e-01 4.690649853761639787e-01 5.326989884109736284e-01 4.959912283702827551e-01 8.801023499497230285e-01 4.779163111502964245e-01
4.483300228799270704e-01 3.122067776499235503e-01 8.827506150099935223e-01 6.010905336607748062e-01 3.170719815900336913e-01 7.737398815802213337e-01 3.160473542125328827e-01 5.036662814191883442e-01 5.626966714047957341e-01 3.042473459998937813e-01 2.043261680680894532e-01 2.833000875094375814e-01 3.785739604224017119e-01 5.338492653860893444e-01 0.000000000000000000e+00 7.849068988280252235e-01 1.519739149525756172e-01 7.545059055399283565e-01 6.468729764670508864e-01 3.101195172724047211e-02 3.560324215359935707e-01 1.905628495050069038e-01 8.028397535091489345e-01 1.049964942980048388e-01 5.412940082226629368e-01 3.750902168578741369e-01 3.366689759859968767e-01 5.092217743478584246e-01 5.246771257871232219e-01 4.544221738609338646e-01 6.607045313180219814e-01 7.518768541469668110e-01 7.392632021633918082e-01 5.076308251316861142e-01 6.095044961428495167e-01
1.591073895213500622e-01 4.164557224063366037e-01 4.307210111024054600e-01 7.406630819194186532e-01 3.152265581614217549e-01 4.605267174109820560e-01 1.279216342792115491e-01 8.693399592161221712e-01 4.485789912180995209e-01 2.910822660308073351e-01 3.769046981500390192e-01 6.979128107576023643e-01 4.460349713521948867e-01 5.934865500887589462e-01 7.849068988280252235e-01 0.000000000000000000e+00 5.303532013961382852e-01 3.350670508875675524e-01 4.095550233592346601e-01 5.743871558163449187e-01 6.376403289802257124e-02 3.901742006810147156e-01 6.278132629594657121e-01 5.288787853777097148e-01 5.185206229126302357e-01 4.727055261583008594e-01 4.171468472700290420e-01 5.016696880650373114e-01 6.623541351283975809e-01 6.090566617627291013e-01 5.072622846627010684e-01 7.774208975122707255e-01 5.520083925611591891e-01 3.809023736254080195e-01 9.254456908548103211e-01
9.886819155322079666e-01 2.746452456229185324e-01 5.521050410951916509e-01 6.356456745255777419e-01 4.396037817765303668e-01 4.136891538429187665e-01 5.123909666838323274e-01 7.288719258527693867e-01 4.898906067605998671e-01 5.084689646832729615e-01 4.851417181113308885e-01 7.339435722285634345e-01 7.201937240686087094e-01 6.775765165124600919e-01 1.519739149525756172e-01 5.303532013961382852e-01 0.000000000000000000e+00 3.306275590504503814e-01 4.689223980938319603e-01 1.173092251910673456e-01 6.038532060027321791e-01 1.684008356867123801e-01 1.460337580250501421e-01 5.305190953770735351e-01 5.507745483037858047e-01 3.016737778818515681e-01 2.932226681871548113e-01 9.247630905875670049e-01 4.262238400564462570e-01 5.199481277217434805e-01 9.292664916769235450e-01 3.505729283101333138e-01 7.146900507877235187e-01 4.937854691306404198e-01 7.520495771883379810e-01
5.912710606940180247e-01 5.569237430702269620e-01 7.778484340007079112e-01 7.959797209469063883e-01 3.921010532371849155e-01 5.420801388052041148e-01 5.747804523444211000e-01 6.035547452670808610e-01 1.751811728873786667e-01 6.873802772927901650e-01 1.681254104515321757e-01 6.109111599530407943e-01 5.310353897547583912e-01 6.081109850735980649e-01 7.545059055399283565e-01 3.350670508875675524e-01 3.306275590504503814e-01 0.000000000000000000e+00 3.593965439928085148e-01 7.414130635038511663e-01 7.799298113796524490e-01 6.324335234410586315e-01 7.816159190588529704e-01 5.927821649626393574e-01 6.876472810615437137e-01 6.154386837393756027e-01 4.157237787910406102e-01 8.883550465058327461e-01 5.369042039856672943e-01 9.366760128263562635e-01 4.678643036934514998e-01 7.264003757429942087e-01 4.922507939980417246e-01 4.402863647807891967e-01 7.943841780601326175e-01
7.707173339164284931e-01 3.459124367721289617e-01 9.048099036647214710e-01 8.204106084260756049e-01 4.981648545631011671e-01 2.460057074608287819e-01 6.789570355276850488e-01 4.195748649541309883e-01 3.694617111084173011e-01 9.654494125173254115e-01 8.786600537014328527e-01 7.627050809949371679e-01 8.506617328402468203e-01 4.632554983417466188e-01 6.468729764670508864e-01 4.095550233592346601e-01 4.689223980938319603e-01 3.593965439928085148e-01 0.000000000000000000e+00 7.687377381402626941e-01 1.696713791162371976e-01 1.687908752529518885e-01 6.338532102983610583e-01 3.988087298201703490e-02 5.604312859192660534e-01 5.297967537083780876e-01 2.176442344093321157e-01 3.355153021629286858e-01 5.899965530599899921e-01 4.874486145090549116e-01 2.302197470615991448e-01 4.072931587635403861e-01 2.344415879886643239e-01 7.809682770831838372e-01 1.091446195953854614e-01
5.202052833515133923e-01 5.284600119130652418e-01 5.002354262305745980e-01 4.152267269923441972e-01 7.007027301042876299e-01 2.702387470238036826e-01 8.247903732884493966e-01 7.963915930475263805e-01 2.436427768912240166e-01 6.337238851507005499e-01 6.136763785739054455e-01 4.070961197434679324e-01 9.720050035190839210e-01 6.020641203285852505e-01 3.101195172724047211e-02 5.743871558163449187e-01 1.173092251910673456e-01 7.414130635038511663e-01 7.687377381402626941e-01 0.000000000000000000e+00 2.924098421415207705e-01 4.118309192147599496e-01 6.026424373932288692e-01 8.495089281984974372e-02 3.167562354376320943e-01 5.191174229737096635e-01 6.662996568036838596e-01 8.358588564430291523e-01 4.282602076543700620e-01 6.040917297585608470e-01 3.597028625785094191e-01 7.768118940891813873e-01 7.732246317457256435e-01 7.831950493720694073e-01 4.658370491144547820e-01
5.668813471636694468e-01 1.396721389309608652e-01 1.567152310026377338e-01 6.119807068861997656e-01 8.040590760336028264e-01 6.158334096696853610e-01 3.187750653881830099e-01 6.218285359537136792e-01 6.408297971425350736e-01 8.158477508377746101e-01 7.480691334062483655e-01 7.881425386054903282e-01 4.166140334397415712e-01 7.779217064250133484e-01 3.560324215359935707e-01 6.376403289802257124e-02 6.038532060027321791e-01 7.799298113796524490e-01 1.696713791162371976e-01 2.924098421415207705e-01 0.000000000000000000e+00 1.224819852041419965e-02 3.215752848853717927e-01 5.222789266835475841e-01 7.177996549747036603e-01 2.558273273779110291e-01 4.592063215901477369e-01 5.033023832763785510e-01 2.151687451573631726e-01 1.689610945516982765e-01 5.446395530493871595e-01 1.335267082547612061e-01 5.995476361744052074e-01 6.490567178909186774e-01 2.822251232567015156e-01
3.477242299976699424e-01 8.958472250260209879e-01 6.155004316360709327e-01 3.928369680605651171e-01 5.069987675143073913e-01 7.646929455387069252e-01 1.489120987967129661e-01 5.714661463690777765e-01 6.087781857199222602e-01 4.791074735225977488e-01 8.397286228181811696e-01 6.634209642670103602e-01 4.270150844955321601e-01 2.875216070322018647e-01 1.905628495050069038e-01 3.901742006810147156e-01 1.684008356867123801e-01 6.324335234410586315e-01 1.687908752529518885e-01 4.118309192147599496e-01 1.224819852041419965e-02 0.000000000000000000e+00 3.337386796465653394e-01 6.323190722126172947e-01 5.744801231581320167e-01 8.787045178314630833e-01 7.567187087394573464e-01 2.228561892011457490e-01 4.226573046222130703e-01 7.365053838314816748e-01 3.881059632170886231e-01 7.795141631160333873e-01 8.537988177514082011e-01 7.114716164969439038e-01 4.410874005666042263e-01
3.209068252885960426e-01 7.093317048292262506e-01 6.260294554834924252e-01 8.341398533806929638e-01 8.410651032963997187e-01 7.968203494647292384e-01 4.444457548282748638e-01 4.162818644344944419e-01 6.915223900049440875e-01 5.992936022995447587e-01 3.097845355987514093e-01 5.680621633038069884e-01 8.383953289881878046e-01 1.715714859200059283e-01 8.028397535091489345e-01 6.278132629594657121e-01 1.460337580250501421e-01 7.816159190588529704e-01 6.338532102983610583e-01 6.026424373932288692e-01 3.215752848853717927e-01 3.337386796465653394e-01 0.000000000000000000e+00 5.048223215472225078e-01 3.447495772489516108e-01 5.712873707647201371e-01 7.802924281013390306e-01 2.306922868202554433e-01 3.576701547032589135e-01 9.362460789398197036e-02 6.411077814615013803e-01 1.831652946976914942e-01 3.905190268839354717e-01 2.594201151734191746e-01 5.395987767590314510e-01
2.541389157296587986e-01 6.792820803771104643e-01 7.606643747925476706e-01 6.919920935605037293e-01 2.663818644766119403e-01 6.305180805134816824e-01 7.136576068607720646e-01 5.089721903893666966e-01 1.875814580845638346e-01 4.762298650435299319e-01 6.801285970816126625e-01 3.390135470062798917e-01 6.631491593587445221e-01 7.094410215931588048e-01 1.049964942980048388e-01 5.288787853777097148e-01 5.305190953770735351e-01 5.927821649626393574e-01 3.988087298201703490e-02 8.495089281984974372e-02 5.222789266835475841e-01 6.323190722126172947e-01 5.048223215472225078e-01 0.000000000000000000e+00 5.355192885437420891e-01 6.728492566596027125e-01 4.995974770641167795e-01 3.285936566447479890e-01 3.855729320736640542e-01 7.427006529956881042e-02 6.510090294775781050e-01 4.609314601503777253e-01 5.993450584452254537e-01 6.317961185809157776e-01 6.965126079226735545e-01
3.441340226744767916e-01 7.274821034835015077e-01 7.352958432627564322e-01 2.460771257870625339e-01 4.667182232486302706e-01 1.809342339988279091e-01 7.337419270154923456e-01 5.212721600118495058e-01 5.617135520142217953e-01 4.915698773469180938e-01 5.344382464287509293e-01 6.288205682608800640e-01 6.564543959793741612e-01 5.032514090742833401e-01 5.412940082226629368e-01 5.185206229126302357e-01 5.507745483037858047e-01 6.876472810615437137e-01 5.604312859192660534e-01 3.167562354376320943e-01 7.177996549747036603e-01 5.744801231581320167e-01 3.447495772489516108e-01 5.355192885437420891e-01 0.000000000000000000e+00 4.508487592149503231e-01 3.809910237438500769e-01 4.910899407497291702e-01 5.691256026073088226e-01 4.199567197226153348e-01 5.593855902922162393e-01 3.885970125672206787e-01 5.615676354742257237e-01 4.885900118902776201e-01 3.874564205669526196e-01
3.727768713471755202e-01 5.635158864312097560e-01 9.564033206947355481e-01 4.234544406909700465e-01 5.331990640673767157e-01 7.184863699141870175e-01 4.162267261530605555e-01 8.321093662458380891e-01 6.675805715047989919e-01 7.793914713289455953e-01 3.314460797297069661e-01 4.561444156674099304e-02 5.621756014248400213e-01 5.684708841544574565e-01 3.750902168578741369e-01 4.727055261583008594e-01 3.016737778818515681e-01 6.154386837393756027e-01 5.297967537083780876e-01 5.191174229737096635e-01 2.558273273779110291e-01 8.787045178314630833e-01 5.712873707647201371e-01 6.728492566596027125e-01 4.508487592149503231e-01 0.000000000000000000e+00 4.737323581239367143e-01 3.233132292123525042e-01 3.699624274866079032e-01 7.749312122430134231e-01 6.812354739096824208e-01 4.866214178409062341e-01 8.427541678789416402e-01 4.785242129779589404e-01 2.592300758979285691e-01
3.874507686681863960e-01 8.736877052026714718e-01 5.961743801936540965e-01 6.924065038372972936e-01 9.709884401226842598e-02 4.707188897841131370e-01 8.146131771717635139e-01 8.546252458956562492e-01 9.125664076194386354e-01 5.739638603230270419e-01 8.327940049284743296e-02 3.795155515524046286e-01 6.235974696182677857e-01 4.524346458445934749e-01 3.366689759859968767e-01 4.171468472700290420e-01 2.932226681871548113e-01 4.157237787910406102e-01 2.176442344093321157e-01 6.662996568036838596e-01 4.592063215901477369e-01 7.567187087394573464e-01 7.802924281013390306e-01 4.995974770641167795e-01 3.809910237438500769e-01 4.737323581239367143e-01 0.000000000000000000e+00 4.285322919526027285e-01 4.296100524377516328e-01 4.987100626343589638e-01 6.290531439125881530e-01 6.094279934754105454e-01 8.123283589752881007e-01 3.788831558096520391e-01 7.833358283871366678e-01
5.567645750908152280e-01 9.167035651140647001e-01 8.607090296656749739e-01 5.524913515938318920e-01 7.979686540204810052e-01 3.990810119712207005e-01 2.121161967746226784e-01 5.342240494319004940e-01 4.242582077795118978e-01 3.187577365996331347e-01 6.422596329743983645e-01 4.500740114898049704e-01 7.974917087426939277e-01 8.195929602760287924e-01 5.092217743478584246e-01 5.016696880650373114e-01 9.247630905875670049e-01 8.883550465058327461e-01 3.355153021629286858e-01 8.358588564430291523e-01 5.033023832763785510e-01 2.228561892011457490e-01 2.306922868202554433e-01 3.285936566447479890e-01 4.910899407497291702e-01 3.233132292123525042e-01 4.285322919526027285e-01 0.000000000000000000e+00 1.214333847352417894e-01 4.414109032305548741e-01 3.164687184870409453e-01 3.941378281560942165e-01 7.555414143706501440e-01 5.358219127076508936e-01 4.558684896270268627e-01
2.359521123266709597e-01 3.826242781608923393e-01 3.451396894340825749e-01 7.753199605544511819e-01 6.902677120579974179e-01 3.224949268772254740e-01 7.722950509622605875e-01 4.995493542341153947e-01 4.563220568095628371e-01 4.608627546748451098e-01 3.844221076737480702e-01 3.903803613966067010e-01 4.862310399886954904e-01 7.046107131733573281e-01 5.246771257871232219e-01 6.623541351283975809e-01 4.262238400564462570e-01 5.369042039856672943e-01 5.899965530599899921e-01 4.282602076543700620e-01 2.151687451573631726e-01 4.226573046222130703e-01 3.576701547032589135e-01 3.855729320736640542e-01 5.691256026073088226e-01 3.699624274866079032e-01 4.296100524377516328e-01 1.214333847352417894e-01 0.000000000000000000e+00 2.437501314202640268e-01 2.362093596694389008e-01 1.047433663509198531e-01 4.563322712444334295e-01 5.701521867254004672e-01 5.186557268240485907e-01
3.774421812976445079e-01 4.411950992129654581e-01 5.039716449899934725e-01 5.486847133058716519e-01 5.331011224423876094e-01 6.613549204873835352e-01 8.337575796488410074e-01 5.263312904516617152e-01 7.141435093868467865e-01 6.213404953770302885e-01 8.780405469703294052e-01 4.653769791632256791e-01 5.337085848933481591e-01 3.226778352240602388e-01 4.544221738609338646e-01 6.090566617627291013e-01 5.199481277217434805e-01 9.366760128263562635e-01 4.874486145090549116e-01 6.040917297585608470e-01 1.689610945516982765e-01 7.365053838314816748e-01 9.362460789398197036e-02 7.427006529956881042e-02 4.199567197226153348e-01 7.749312122430134231e-01 4.987100626343589638e-01 4.414109032305548741e-01 2.437501314202640268e-01 0.000000000000000000e+00 3.189663486755234256e-01 1.658162056724356015e-01 4.292332467933561158e-01 5.521976431216455428e-01 3.927861950284516346e-01
3.204301694157022373e-01 4.667899893411274204e-01 5.188959988375769772e-01 4.834682185656031250e-01 7.006985685033326750e-01 3.277659985872388160e-01 8.350107869079363976e-01 7.948661801964220786e-01 5.996388171069957362e-01 3.973121203432461446e-02 7.018769752622310287e-01 5.207042283073509692e-01 4.846417978595496390e-01 4.690649853761639787e-01 6.607045313180219814e-01 5.072622846627010684e-01 9.292664916769235450e-01 4.678643036934514998e-01 2.302197470615991448e-01 3.597028625785094191e-01 5.446395530493871595e-01 3.881059632170886231e-01 6.411077814615013803e-01 6.510090294775781050e-01 5.593855902922162393e-01 6.812354739096824208e-01 6.290531439125881530e-01 3.164687184870409453e-01 2.362093596694389008e-01 3.189663486755234256e-01 0.000000000000000000e+00 9.526092321486001602e-01 3.826715185220398441e-01 2.161980781006406782e-01 7.728242711561097433e-01
5.116098372171421493e-01 8.390094595885608797e-01 4.198191489257074305e-01 6.978783391980440953e-01 9.850044360423931833e-01 1.647371614133726903e-01 1.130796535399647418e-01 3.969454925102012810e-01 7.997144030588423380e-01 5.517373934929427071e-01 6.226949666470851241e-01 4.974968903571120316e-01 6.689859391801746824e-01 5.326989884109736284e-01 7.518768541469668110e-01 7.774208975122707255e-01 3.505729283101333138e-01 7.264003757429942087e-01 4.072931587635403861e-01 7.768118940891813873e-01 1.335267082547612061e-01 7.795141631160333873e-01 1.831652946976914942e-01 4.609314601503777253e-01 3.885970125672206787e-01 4.866214178409062341e-01 6.094279934754105454e-01 3.941378281560942165e-01 1.047433663509198531e-01 1.658162056724356015e-01 9.526092321486001602e-01 0.000000000000000000e+00 6.742778096506440999e-01 7.900865731071270437e-01 6.209124420246863174e-01
5.180764329638092303e-01 6.738785326300016365e-01 7.977053908633759960e-01 5.894137981431538664e-01 5.553474684838466402e-01 6.169711725721562789e-01 5.177957204255235757e-01 4.442917852447455518e-01 7.347204864384730971e-01 6.821715100438938695e-01 5.834732829593665127e-01 1.710248856989990962e-01 4.225272735537893287e-01 4.959912283702827551e-01 7.392632021633918082e-01 5.520083925611591891e-01 7.146900507877235187e-01 4.922507939980417246e-01 2.344415879886643239e-01 7.732246317457256435e-01 5.995476361744052074e-01 8.537988177514082011e-01 3.905190268839354717e-01 5.993450584452254537e-01 5.615676354742257237e-01 8.427541678789416402e-01 8.123283589752881007e-01 7.555414143706501440e-01 4.563322712444334295e-01 4.292332467933561158e-01 3.826715185220398441e-01 6.742778096506440999e-01 0.000000000000000000e+00 9.939817654793481339e-02 8.596879976952698232e-01
2.931986789060918586e-01 1.299359927212162535e-01 6.779151415603308362e-01 4.880482816234451571e-01 4.084095076480820374e-01 6.479571540493185289e-01 1.114199724031224026e-01 5.446512684582716091e-01 2.644087674603490257e-01 3.446559736437349031e-02 6.106103119868637741e-01 8.308643932734930404e-01 5.618081911566730202e-01 8.801023499497230285e-01 5.076308251316861142e-01 3.809023736254080195e-01 4.937854691306404198e-01 4.402863647807891967e-01 7.809682770831838372e-01 7.831950493720694073e-01 6.490567178909186774e-01 7.114716164969439038e-01 2.594201151734191746e-01 6.317961185809157776e-01 4.885900118902776201e-01 4.785242129779589404e-01 3.788831558096520391e-01 5.358219127076508936e-01 5.701521867254004672e-01 5.521976431216455428e-01 2.161980781006406782e-01 7.900865731071270437e-01 9.939817654793481339e-02 0.000000000000000000e+00 2.367658557888355775e-01
6.678164091489298126e-01 4.659270233097343450e-01 4.576712842300377782e-01 2.671304270354390997e-01 8.035318632359365054e-01 4.226797766487754293e-01 7.018655039504153592e-01 1.057510368499046116e-01 9.462314477267379509e-01 2.571936286222711310e-01 7.733630905208600526e-01 4.536686990297313371e-01 4.052081806744565196e-01 4.779163111502964245e-01 6.095044961428495167e-01 9.254456908548103211e-01 7.520495771883379810e-01 7.943841780601326175e-01 1.091446195953854614e-01 4.658370491144547820e-01 2.822251232567015156e-01 4.410874005666042263e-01 5.395987767590314510e-01 6.965126079226735545e-01 3.874564205669526196e-01 2.592300758979285691e-01 7.833358283871366678e-01 4.558684896270268627e-01 5.186557268240485907e-01 3.927861950284516346e-01 7.728242711561097433e-01 6.209124420246863174e-01 8.596879976952698232e-01 2.367658557888355775e-01 0.000000000000000000e+00
