0.000000000000000000e+00 1.469468128073438962e-01 4.834081399575831939e-01 6.660348117644774302e-01 4.134198644429466496e-01 5.017526037801465222e-01 1.657565825802525539e-01 6.145375544618818520e-01 9.280894395212883063e-01 4.152779605354123271e-01 5.012369060785206720e-01 5.814226203165582252e-01 4.490721944638262908e-01 5.300518747654263674e-01 4.910166680823898067e-01 5.227704307337376344e-01 5.097985772987798647e-01 7.452816147058650698e-01 5.388194681401561326e-01 8.146858578960978203e-01 5.032384412582183719e-01 5.941881063650799044e-01 6.243570668757473241e-01 8.789847188517008192e-02 9.171770802707126524e-01 8.466602279989696722e-01 4.523405963951546704e-01 8.792471676276344406e-01 7.471230468688746518e-01 5.384195654368306716e-01 5.168346821123223078e-01 7.044177466058307857e-01 6.187032293550176476e-01 5.629055352763353559e-01 8.161112891165445138e-01
1.469468128073438962e-01 0.000000000000000000e+00 5.119856071674795395e-01 5.882073809837120582e-01 7.521147539491800371e-01 5.619051604990059623e-01 5.837948398359821267e-01 5.343254669537260693e-01 6.837758750929557872e-01 9.174178378475557061e-01 2.851568511395087824e-01 1.937797876875554381e-01 3.181018128719071969e-01 2.877508501191315959e-01 9.665126845577975967e-02 8.585544742014243891e-01 5.185901073207958012e-01 5.068127362781740253e-01 8.079773601914894687e-01 4.315879603236403295e-01 5.617989102296585546e-01 2.040481086001803002e-01 4.751500714008998205e-01 4.626061911603219778e-01 8.790306328104370293e-01 5.411547770323479334e-01 3.268943878739096753e-01 2.720570758483971119e-01 9.002742980429629949e-01 3.564624650572402742e-01 3.792637424531346557e-01 4.128073870291246728e-01 7.429330178830645393e-01 4.797136474258723582e-01 8.562211712354383941e-01
4.834081399575831939e-01 5.119856071674795395e-01 0.000000000000000000e+00 3.343318175782272195e-01 6.626350046769496904e-01 4.509696371085037403e-01 7.907789811892398379e-01 7.709850334956001028e-01 8.977738398010148835e-01 3.741525407697932626e-01 8.040118069863262384e-01 5.251161764645688734e-01 6.506599818694840387e-01 2.495315094210113216e-01 2.897482959671136005e-01 8.791617714162625052e-02 7.299479695772834731e-01 3.421690007878521178e-01 1.728690783596226188e-01 4.363993054834134910e-01 3.056247484048392193e-01 6.126267560741642804e-01 5.293671136724357185e-01 4.337464229919399950e-01 7.655238577790313137e-01 5.518562064576009174e-01 3.608862605114757094e-01 7.827545583665654894e-01 3.002232463844166643e-01 2.809080988485752606e-01 4.986111024539110481e-01 6.635810548301384060e-01 6.775403149462226882e-01 2.929079132179922551e-01 6.322481903572694240e-01
6.660348117644774302e-01 5.882073809837120582e-01 3.343318175782272195e-01 0.000000000000000000e+00 8.335094567456243775e-01 9.041024996531644708e-01 1.260036162072089017e-01 7.544760865471555888e-02 5.014878028605229687e-01 3.806261815087169653e-01 9.340369851138063950e-01 3.907916466944036382e-01 4.377277531729432125e-01 6.164326134089301856e-01 6.838101810880916620e-01 1.942687468657874339e-01 3.671719228777911570e-01 4.775694283717085709e-01 1.243858702675094685e-01 5.056335462861147878e-01 6.760685341593475339e-01 1.717128833416935452e-01 6.964784298898279991e-01 3.222842003986420290e-01 4.696436741530564118e-01 6.154242425395235472e-01 4.722261669836231857e-01 8.348699384348210462e-01 3.788047062507173823e-01 5.146865987603934656e-01 1.910343112739185667e-01 8.751185358843533990e-01 9.226360243199849265e-01 7.267936428523523729e-01 5.445170467305060491e-01
4.134198644429466496e-01 7.521147539491800371e-01 6.626350046769496904e-01 8.335094567456243775e-01 0.000000000000000000e+00 6.347417312747656304e-01 8.268258979935269037e-01 4.356095804143230166e-01 8.189637983464822524e-01 7.066936389135097807e-01 5.788039147035841658e-01 3.519206010503264648e-01 6.030451670703308453e-01 6.483292391298238755e-01 8.565899053913088590e-01 3.145003421674775757e-01 7.649107426294814438e-01 5.593628736988865979e-01 4.314377914102300871e-01 6.739111132193790210e-01 3.417300506957436923e-01 4.555306574514949580e-01 3.947349583648652183e-01 3.351242632817872935e-01 7.827814699612618554e-01 5.043984063398180284e-01 3.703440749295819900e-01 6.366217361986130641e-01 4.447112337431313178e-01 3.897322577508419705e-01 6.648400044154212374e-01 8.526269728792352787e-01 8.333959553512828577e-01 4.585281996953119443e-01 3.202577209251779022e-01
5.017526037801465222e-01 5.619051604990059623e-01 4.509696371085037403e-01 9.041024996531644708e-01 6.347417312747656304e-01 0.000000000000000000e+00 4.953012107453971247e-01 7.066417954855601646e-01 5.762333334316560585e-01 8.551295604095514591e-01 3.818744990136989648e-01 7.825255189294146874e-01 1.630976717372585316e-01 4.887373603665982058e-01 7.470361540907946019e-01 5.138079954510744729e-01 4.666623649656986839e-01 3.045299959163638714e-01 7.246230348831212975e-01 6.129637541861934213e-01 6.337936510702042447e-01 7.064760534793654845e-01 9.329950245608991111e-01 2.492652579730601503e-01 4.925989377204540998e-01 8.425889249247805468e-01 4.976949512738689796e-01 4.767209539022359555e-01 6.960249000399258978e-01 6.305346131362412621e-01 4.261480954717916658e-01 7.457364909779801154e-01 8.041221475502839944e-01 5.207157854475635839e-01 8.329936514831550731e-01
1.657565825802525539e-01 5.837948398359821267e-01 7.907789811892398379e-01 1.260036162072089017e-01 8.268258979935269037e-01 4.953012107453971247e-01 0.000000000000000000e+00 9.369527863989797201e-01 3.583669000718079367e-01 6.365826168920452055e-01 7.412211993178843272e-01 6.745527298289619722e-01 7.521206774696527209e-01 7.377465607174424900e-01 5.039103332426226878e-01 7.018068396216246008e-01 5.418437275509209172e-01 4.683285626107111521e-01 6.793699714963608027e-01 1.341734550796462866e-01 6.759065656149079171e-01 9.654533277606354158e-01 5.603512729365748291e-01 5.826671180402605010e-01 3.243334818513081697e-01 7.582039462155424348e-01 8.536330301416572564e-01 2.496154054144871237e-01 5.337215095167437973e-01 9.741941578139940994e-01 2.066382947598188746e-01 6.222045205033163162e-01 7.054873241157473274e-01 3.968328258126094799e-01 8.450179545292144656e-01
6.145375544618818520e-01 5.343254669537260693e-01 7.709850334956001028e-01 7.544760865471555888e-02 4.356095804143230166e-01 7.066417954855601646e-01 9.369527863989797201e-01 0.000000000000000000e+00 8.368777940111886693e-01 7.523290881350244153e-01 6.906937421236121200e-01 4.282042442563350759e-01 3.513368136827512700e-01 3.766743388015775795e-01 8.306438453103868191e-01 9.131297407518066400e-01 7.525460270209249902e-01 1.578255651846270924e-01 5.155032220069092341e-01 6.738701309458139388e-01 4.726248994819931548e-01 9.144112733640529234e-01 4.799690020518739275e-01 6.737578797228378491e-01 4.267484789629000241e-01 3.534339809647429886e-01 4.509053326006224327e-01 6.521129386809941808e-01 6.011733806255139534e-01 8.532825459133657198e-01 7.347027551479173857e-01 3.886314889631814484e-01 9.640296761183830831e-01 8.540353319783235975e-01 7.583048753734485947e-01
9.280894395212883063e-01 6.837758750929557872e-01 8.977738398010148835e-01 5.014878028605229687e-01 8.189637983464822524e-01 5.762333334316560585e-01 3.583669000718079367e-01 8.368777940111886693e-01 0.000000000000000000e+00 5.919434736677653408e-02 6.023855945649523314e-01 7.636377174483020003e-01 7.332416167844281185e-01 5.183900728204016151e-01 2.867445343758771026e-01 1.034998283392305485e-01 6.322660916443478829e-01 5.360868461127619167e-01 5.859829465907636648e-01 5.175987646220032712e-01 4.034969760714775533e-01 8.788012196073740068e-01 4.932683097610376377e-01 1.744626390168730889e-01 4.211112229700701981e-01 6.922542671742761833e-01 8.263565658777584089e-01 7.145075027034870629e-01 4.870377990596812534e-01 5.176290102467109300e-01 3.727898544004758508e-01 4.141444598938300303e-01 6.756763365148783507e-01 4.216573043837311685e-01 8.371815999255525220e-01
4.152779605354123271e-01 9.174178378475557061e-01 3.741525407697932626e-01 3.806261815087169653e-01 7.066936389135097807e-01 8.551295604095514591e-01 6.365826168920452055e-01 7.523290881350244153e-01 5.919434736677653408e-02 0.000000000000000000e+00 5.017569861309920665e-01 1.326500026643365193e-01 3.720118676524168944e-01 4.445866493729325741e-01 8.343954274417041406e-01 3.196583949748456055e-01 5.029966776459044997e-01 8.384717009725142223e-01 3.811517421087461388e-01 4.464860403281882273e-01 6.519500986332372738e-01 2.331681889616243897e-02 5.850796990575207746e-01 7.961798840505595054e-01 5.247512443924340353e-01 7.590368718283199145e-01 1.677683239042063734e-01 3.634771547751162180e-01 4.633625076956509048e-01 3.263629743529101734e-01 7.813237326177748798e-01 5.398993397573901287e-01 8.795781091375503014e-01 4.514443640687805792e-01 5.912591102473307991e-02
5.012369060785206720e-01 2.851568511395087824e-01 8.040118069863262384e-01 9.340369851138063950e-01 5.788039147035841658e-01 3.818744990136989648e-01 7.412211993178843272e-01 6.906937421236121200e-01 6.023855945649523314e-01 5.017569861309920665e-01 0.000000000000000000e+00 7.896625947154288783e-01 4.433017570532972185e-01 4.222636675286322028e-01 5.727318277548261172e-01 3.695526898324913989e-01 3.624367804221921840e-01 5.089807339789692575e-01 7.195044457374555336e-01 5.600494284107696563e-01 6.620658528877783056e-01 6.826048456183753110e-01 4.671938349692331682e-01 4.238106276898024327e-01 3.042009638970699092e-01 8.384723281617977308e-01 3.725657886527985463e-01 7.816395431378578840e-01 6.416078750407234743e-01 3.917395804943864523e-01 1.072328860497000491e-01 7.356554091181752852e-01 8.596121861894896465e-01 8.326374837524975758e-01 4.308030442302884788e-01
5.814226203165582252e-01 1.937797876875554381e-01 5.251161764645688734e-01 3.907916466944036382e-01 3.519206010503264648e-01 7.825255189294146874e-01 6.745527298289619722e-01 4.282042442563350759e-01 7.636377174483020003e-01 1.326500026643365193e-01 7.896625947154288783e-01 0.000000000000000000e+00 3.908632179462816492e-01 8.416719188743053692e-01 5.619610842151757657e-01 1.805432790619150296e-01 8.455916117423504241e-01 3.617436831508217265e-01 8.065890907556849676e-02 1.939112532687251589e-01 2.249329041292305043e-01 3.447509707569202941e-01 2.930374219037434891e-01 5.839936109149754806e-01 4.145697967982771015e-01 3.236207383812486071e-01 5.031048050102304714e-02 4.771938238135823296e-01 7.767644536029729707e-01 1.467786705589719243e-01 8.020409016931413504e-01 2.145669538980601587e-01 4.076832931913250690e-01 2.168503286338907543e-02 6.009066033480277014e-01
4.490721944638262908e-01 3.181018128719071969e-01 6.506599818694840387e-01 4.377277531729432125e-01 6.030451670703308453e-01 1.630976717372585316e-01 7.521206774696527209e-01 3.513368136827512700e-01 7.332416167844281185e-01 3.720118676524168944e-01 4.433017570532972185e-01 3.908632179462816492e-01 0.000000000000000000e+00 4.926822476731449463e-01 4.185375819310630519e-01 4.371210402922786620e-01 9.005021193965865312e-01 6.648520537688196175e-01 3.920737603280548544e-01 5.829495327879536948e-01 3.970763427707739157e-01 6.141337695324513568e-01 7.956098975855265820e-01 3.595538472621529480e-01 4.391129785372790417e-01 5.692899453865678527e-01 7.432123022954468805e-01 4.199798191416618254e-01 4.605141919201024558e-01 5.095132113585563172e-01 6.664365333879028741e-01 4.407759045543017118e-01 4.303392352723128256e-01 4.112445265162292252e-01 6.422042740132731797e-01
5.300518747654263674e-01 2.877508501191315959e-01 2.495315094210113216e-01 6.164326134089301856e-01 6.483292391298238755e-01 4.887373603665982058e-01 7.377465607174424900e-01 3.766743388015775795e-01 5.183900728204016151e-01 4.445866493729325741e-01 4.222636675286322028e-01 8.416719188743053692e-01 4.926822476731449463e-01 0.000000000000000000e+00 8.211515139088252369e-01 5.571955661765470857e-01 9.677557855956941957e-01 9.509459983047241494e-02 4.338719159789320434e-01 3.296183700396232430e-01 7.667585035886126388e-01 7.680291409616579745e-01 7.289626264646116294e-01 4.588287640694147518e-01 4.557266317413808387e-01 3.812727318207191907e-01 5.712821289075920017e-01 3.881228573240593782e-01 6.870903318427845630e-02 3.954056990683112449e-01 1.972838554723866933e-01 6.935051136509429170e-01 5.549353437660924371e-01 5.055551858916018659e-01 8.262824485170332522e-01
4.910166680823898067e-01 9.665126845577975967e-02 2.897482959671136005e-01 6.838101810880916620e-01 8.565899053913088590e-01 7.470361540907946019e-01 5.039103332426226878e-01 8.306438453103868191e-01 2.867445343758771026e-01 8.343954274417041406e-01 5.727318277548261172e-01 5.619610842151757657e-01 4.185375819310630519e-01 8.211515139088252369e-01 0.000000000000000000e+00 8.197232123112989655e-01 5.908180930513139417e-01 2.804169417696470434e-01 7.358090114127577852e-01 3.522550215427675546e-01 4.250592531975671551e-01 4.363231234638713096e-01 7.406907217644242980e-01 2.532117499589383591e-01 9.254880309852859810e-01 8.462278275882073597e-01 4.451786416063469032e-01 8.700726783500689621e-01 1.189547183035492006e-01 4.927556825113957317e-01 7.539406578126983671e-01 6.857268933588718252e-01 5.765997229120667367e-01 8.806319429154816358e-01 7.868678791680572271e-01
5.227704307337376344e-01 8.585544742014243891e-01 8.791617714162625052e-02 1.942687468657874339e-01 3.145003421674775757e-01 5.138079954510744729e-01 7.018068396216246008e-01 9.131297407518066400e-01 1.034998283392305485e-01 3.196583949748456055e-01 3.695526898324913989e-01 1.805432790619150296e-01 4.371210402922786620e-01 5.571955661765470857e-01 8.197232123112989655e-01 0.000000000000000000e+00 7.876401970303130717e-01 4.898489004494004373e-01 5.114904484921819483e-01 5.115858267946291615e-01 5.618218221940102231e-01 7.703312011021393735e-01 5.170169908470318987e-01 4.773906380071926692e-01 8.348141085903600933e-01 6.714839176626590245e-01 5.087985284882129422e-01 7.013637780992244553e-01 2.016393403535278184e-01 5.654981634396210044e-01 6.162973714158070937e-02 7.235861870648536698e-01 1.592980571241719434e-01 4.128331759613153018e-01 8.001755559557606201e-01
5.097985772987798647e-01 5.185901073207958012e-01 7.299479695772834731e-01 3.671719228777911570e-01 7.649107426294814438e-01 4.666623649656986839e-01 5.418437275509209172e-01 7.525460270209249902e-01 6.322660916443478829e-01 5.029966776459044997e-01 3.624367804221921840e-01 8.455916117423504241e-01 9.005021193965865312e-01 9.677557855956941957e-01 5.908180930513139417e-01 7.876401970303130717e-01 0.000000000000000000e+00 4.725197388213797089e-01 2.315611969761224298e-01 6.286370287736654516e-01 4.954000062902716439e-01 1.086976418684885148e-01 2.950997038367307868e-01 6.533408784258080138e-01 3.600481315740945987e-01 6.967746115103636839e-01 9.282429005659054155e-01 4.133503806498202704e-01 4.742952039008809795e-01 5.435740557418414776e-01 5.629885387280347819e-01 8.962254471780961573e-01 7.884683067541633505e-01 2.076484053721761036e-01 5.802977024517679272e-01
7.452816147058650698e-01 5.068127362781740253e-01 3.421690007878521178e-01 4.775694283717085709e-01 5.593628736988865979e-01 3.045299959163638714e-01 4.683285626107111521e-01 1.578255651846270924e-01 5.360868461127619167e-01 8.384717009725142223e-01 5.089807339789692575e-01 3.617436831508217265e-01 6.648520537688196175e-01 9.509459983047241494e-02 2.804169417696470434e-01 4.898489004494004373e-01 4.725197388213797089e-01 0.000000000000000000e+00 8.764939945878883476e-01 3.541695628844562793e-01 1.949986287482590175e-01 4.901406310962097002e-01 6.522090830697713226e-01 6.233705470182269170e-01 1.779610923023696722e-01 8.752370892473744224e-01 6.806451152530379467e-02 5.519166412906554298e-01 2.705035211379579474e-01 4.817424198065305418e-01 5.522611208861434307e-01 2.443269346829956001e-01 5.534669727432424136e-01 6.741348816247915154e-01 6.918694303486927488e-01
5.388194681401561326e-01 8.079773601914894687e-01 1.728690783596226188e-01 1.243858702675094685e-01 4.314377914102300871e-01 7.246230348831212975e-01 6.793699714963608027e-01 5.155032220069092341e-01 5.859829465907636648e-01 3.811517421087461388e-01 7.195044457374555336e-01 8.065890907556849676e-02 3.920737603280548544e-01 4.338719159789320434e-01 7.358090114127577852e-01 5.114904484921819483e-01 2.315611969761224298e-01 8.764939945878883476e-01 0.000000000000000000e+00 6.352204286967291225e-01 5.481216050834112341e-01 8.477435159556692135e-01 5.849050306476948347e-01 3.204343043976048966e-01 5.693903876837113076e-01 3.959738000644966727e-01 8.687665048343763408e-01 3.042103995671973093e-01 3.174862468030606455e-01 4.284511396649950399e-01 7.264186764626925363e-01 8.449553019122568731e-01 4.478632088930257216e-01 3.919928534894516758e-01 7.679635748172043419e-01
8.146858578960978203e-01 4.315879603236403295e-01 4.363993054834134910e-01 5.056335462861147878e-01 6.739111132193790210e-01 6.129637541861934213e-01 1.341734550796462866e-01 6.738701309458139388e-01 5.175987646220032712e-01 4.464860403281882273e-01 5.600494284107696563e-01 1.939112532687251589e-01 5.829495327879536948e-01 3.296183700396232430e-01 3.522550215427675546e-01 5.115858267946291615e-01 6.286370287736654516e-01 3.541695628844562793e-01 6.352204286967291225e-01 0.000000000000000000e+00 7.253225445488664658e-01 6.326462953000466793e-01 3.308630471757116887e-01 9.436606137016794182e-01 5.664792575012567166e-01 7.976976968505326004e-01 5.655359727515738566e-01 8.921138029152451132e-01 4.466640191681132688e-01 8.865557173684766035e-01 7.434548245524492671e-01 5.152108648866156049e-01 8.842301175050266693e-01 5.949272969155366964e-01 6.977539970162092153e-01
5.032384412582183719e-01 5.617989102296585546e-01 3.056247484048392193e-01 6.760685341593475339e-01 3.417300506957436923e-01 6.337936510702042447e-01 6.759065656149079171e-01 4.726248994819931548e-01 4.034969760714775533e-01 6.519500986332372738e-01 6.620658528877783056e-01 2.249329041292305043e-01 3.970763427707739157e-01 7.667585035886126388e-01 4.250592531975671551e-01 5.618218221940102231e-01 4.954000062902716439e-01 1.949986287482590175e-01 5.481216050834112341e-01 7.253225445488664658e-01 0.000000000000000000e+00 2.524539838163919470e-02 5.788292538394939069e-01 6.100598607502779602e-01 4.505369019672905706e-01 2.759834282550697182e-01 3.800857012738434459e-02 6.571126475250125276e-01 6.753866573006872542e-01 5.787212044424523416e-01 9.706605777545325164e-01 5.808883117717147382e-01 2.402932398622104060e-02 8.598134847101071010e-01 7.305988306564300538e-01
5.941881063650799044e-01 2.040481086001803002e-01 6.126267560741642804e-01 1.717128833416935452e-01 4.555306574514949580e-01 7.064760534793654845e-01 9.654533277606354158e-01 9.144112733640529234e-01 8.788012196073740068e-01 2.331681889616243897e-02 6.826048456183753110e-01 3.447509707569202941e-01 6.141337695324513568e-01 7.680291409616579745e-01 4.363231234638713096e-01 7.703312011021393735e-01 1.086976418684885148e-01 4.901406310962097002e-01 8.477435159556692135e-01 6.326462953000466793e-01 2.524539838163919470e-02 0.000000000000000000e+00 7.168804483877021516e-01 5.659927105002277026e-01 7.838851272913499590e-01 6.817898854547902454e-01 7.519805835385100501e-01 6.582872387927092284e-01 4.893376128034169215e-01 8.286242200907165678e-01 3.784340462980656516e-01 1.525040146265430607e-01 3.379611154538463280e-01 5.633917881555660090e-01 3.385159872458691765e-01
6.243570668757473241e-01 4.751500714008998205e-01 5.293671136724357185e-01 6.964784298898279991e-01 3.947349583648652183e-01 9.329950245608991111e-01 5.603512729365748291e-01 4.799690020518739275e-01 4.932683097610376377e-01 5.850796990575207746e-01 4.671938349692331682e-01 2.930374219037434891e-01 7.956098975855265820e-01 7.289626264646116294e-01 7.406907217644242980e-01 5.170169908470318987e-01 2.950997038367307868e-01 6.522090830697713226e-01 5.849050306476948347e-01 3.308630471757116887e-01 5.788292538394939069e-01 7.168804483877021516e-01 0.000000000000000000e+00 1.137676824662366970e-01 4.471426540393674820e-01 7.148861405176503148e-01 6.911378104769902997e-01 7.886506198572968973e-01 1.238817366853905977e-01 6.353125061575493060e-01 3.814915035429776169e-01 8.518548893825996782e-01 6.975832362870761916e-01 5.355173975362708116e-01 5.147638510788002941e-01
8.789847188517008192e-02 4.626061911603219778e-01 4.337464229919399950e-01 3.222842003986420290e-01 3.351242632817872935e-01 2.492652579730601503e-01 5.826671180402605010e-01 6.737578797228378491e-01 1.744626390168730889e-01 7.961798840505595054e-01 4.238106276898024327e-01 5.839936109149754806e-01 3.595538472621529480e-01 4.588287640694147518e-01 2.532117499589383591e-01 4.773906380071926692e-01 6.533408784258080138e-01 6.233705470182269170e-01 3.204343043976048966e-01 9.436606137016794182e-01 6.100598607502779602e-01 5.659927105002277026e-01 1.137676824662366970e-01 0.000000000000000000e+00 5.322196196712010163e-01 4.955710936881118078e-01 7.344110433134006799e-01 1.032659621780751547e-01 8.078590775656535605e-01 1.844114324703106100e-01 6.710742440287603694e-01 7.763236565795479383e-01 4.376188635145946693e-01 8.065107456324547286e-01 3.338420223773977957e-01
9.171770802707126524e-01 8.790306328104370293e-01 7.655238577790313137e-01 4.696436741530564118e-01 7.827814699612618554e-01 4.925989377204540998e-01 3.243334818513081697e-01 4.267484789629000241e-01 4.211112229700701981e-01 5.247512443924340353e-01 3.042009638970699092e-01 4.145697967982771015e-01 4.391129785372790417e-01 4.557266317413808387e-01 9.254880309852859810e-01 8.348141085903600933e-01 3.600481315740945987e-01 1.779610923023696722e-01 5.693903876837113076e-01 5.664792575012567166e-01 4.505369019672905706e-01 7.838851272913499590e-01 4.471426540393674820e-01 5.322196196712010163e-01 0.000000000000000000e+00 7.974392645959040848e-01 6.995735663045372643e-01 2.024562327091803393e-01 6.479066909821493692e-01 6.725823764547518291e-01 5.385227797764984281e-01 5.519443297129486004e-01 3.327676018395477886e-01 8.359781854463657069e-01 4.298520199415962195e-01
8.466602279989696722e-01 5.411547770323479334e-01 5.518562064576009174e-01 6.154242425395235472e-01 5.043984063398180284e-01 8.425889249247805468e-01 7.582039462155424348e-01 3.534339809647429886e-01 6.922542671742761833e-01 7.590368718283199145e-01 8.384723281617977308e-01 3.236207383812486071e-01 5.692899453865678527e-01 3.812727318207191907e-01 8.462278275882073597e-01 6.714839176626590245e-01 6.967746115103636839e-01 8.752370892473744224e-01 3.959738000644966727e-01 7.976976968505326004e-01 2.759834282550697182e-01 6.817898854547902454e-01 7.148861405176503148e-01 4.955710936881118078e-01 7.974392645959040848e-01 0.000000000000000000e+00 7.428007481284286673e-01 6.221195607133653827e-01 6.354052585206872994e-01 8.805229033198092026e-01 7.233107335549791017e-01 5.798269916696661141e-01 1.114168903802431609e-01 6.496955561694977010e-01 8.691362553687383974e-01
4.523405963951546704e-01 3.268943878739096753e-01 3.608862605114757094e-01 4.722261669836231857e-01 3.703440749295819900e-01 4.976949512738689796e-01 8.536330301416572564e-01 4.509053326006224327e-01 8.263565658777584089e-01 1.677683239042063734e-01 3.725657886527985463e-01 5.031048050102304714e-02 7.432123022954468805e-01 5.712821289075920017e-01 4.451786416063469032e-01 5.087985284882129422e-01 9.282429005659054155e-01 6.806451152530379467e-02 8.687665048343763408e-01 5.655359727515738566e-01 3.800857012738434459e-02 7.519805835385100501e-01 6.911378104769902997e-01 7.344110433134006799e-01 6.995735663045372643e-01 7.428007481284286673e-01 0.000000000000000000e+00 3.573355418820465257e-01 7.330777215425077209e-01 7.974686574627902758e-01 6.690440931446661743e-01 5.961134061584092425e-01 1.558479697158965394e-01 5.427932793855314575e-01 3.307841186732152217e-01
8.792471676276344406e-01 2.720570758483971119e-01 7.827545583665654894e-01 8.348699384348210462e-01 6.366217361986130641e-01 4.767209539022359555e-01 2.496154054144871237e-01 6.521129386809941808e-01 7.145075027034870629e-01 3.634771547751162180e-01 7.816395431378578840e-01 4.771938238135823296e-01 4.199798191416618254e-01 3.881228573240593782e-01 8.700726783500689621e-01 7.013637780992244553e-01 4.133503806498202704e-01 5.519166412906554298e-01 3.042103995671973093e-01 8.921138029152451132e-01 6.571126475250125276e-01 6.582872387927092284e-01 7.886506198572968973e-01 1.032659621780751547e-01 2.024562327091803393e-01 6.221195607133653827e-01 3.573355418820465257e-01 0.000000000000000000e+00 9.390549167519546270e-01 7.282079222645208016e-01 8.816598933232797641e-01 9.062705466573887092e-01 5.391460475955026643e-01 3.662093542511217770e-01 1.866330042689511304e-01
7.471230468688746518e-01 9.002742980429629949e-01 3.002232463844166643e-01 3.788047062507173823e-01 4.447112337431313178e-01 6.960249000399258978e-01 5.337215095167437973e-01 6.011733806255139534e-01 4.870377990596812534e-01 4.633625076956509048e-01 6.416078750407234743e-01 7.767644536029729707e-01 4.605141919201024558e-01 6.870903318427845630e-02 1.189547183035492006e-01 2.016393403535278184e-01 4.742952039008809795e-01 2.705035211379579474e-01 3.174862468030606455e-01 4.466640191681132688e-01 6.753866573006872542e-01 4.893376128034169215e-01 1.238817366853905977e-01 8.078590775656535605e-01 6.479066909821493692e-01 6.354052585206872994e-01 7.330777215425077209e-01 9.390549167519546270e-01 0.000000000000000000e+00 9.748815152994234623e-01 3.890024020761633783e-01 7.357033686881800927e-01 7.075002616868121263e-01 8.220983793970437770e-01 7.592907399402673008e-01
5.384195654368306716e-01 3.564624650572402742e-01 2.809080988485752606e-01 5.146865987603934656e-01 3.897322577508419705e-01 6.305346131362412621e-01 9.741941578139940994e-01 8.532825459133657198e-01 5.176290102467109300e-01 3.263629743529101734e-01 3.917395804943864523e-01 1.467786705589719243e-01 5.095132113585563172e-01 3.954056990683112449e-01 4.927556825113957317e-01 5.654981634396210044e-01 5.435740557418414776e-01 4.817424198065305418e-01 4.284511396649950399e-01 8.865557173684766035e-01 5.787212044424523416e-01 8.286242200907165678e-01 6.353125061575493060e-01 1.844114324703106100e-01 6.725823764547518291e-01 8.805229033198092026e-01 7.974686574627902758e-01 7.282079222645208016e-01 9.748815152994234623e-01 0.000000000000000000e+00 1.984561470248423776e-01 4.163587857776549495e-01 7.661435160141583101e-01 4.637768700029126778e-01 2.477346123582268855e-01
5.168346821123223078e-01 3.792637424531346557e-01 4.986111024539110481e-01 1.910343112739185667e-01 6.648400044154212374e-01 4.261480954717916658e-01 2.066382947598188746e-01 7.347027551479173857e-01 3.727898544004758508e-01 7.813237326177748798e-01 1.072328860497000491e-01 8.020409016931413504e-01 6.664365333879028741e-01 1.972838554723866933e-01 7.539406578126983671e-01 6.162973714158070937e-02 5.629885387280347819e-01 5.522611208861434307e-01 7.264186764626925363e-01 7.434548245524492671e-01 9.706605777545325164e-01 3.784340462980656516e-01 3.814915035429776169e-01 6.710742440287603694e-01 5.385227797764984281e-01 7.233107335549791017e-01 6.690440931446661743e-01 8.816598933232797641e-01 3.890024020761633783e-01 1.984561470248423776e-01 0.000000000000000000e+00 3.129892400701810296e-01 7.456237069680469176e-01 4.709932719604821294e-01 6.570895857537213391e-01
7.044177466058307857e-01 4.128073870291246728e-01 6.635810548301384060e-01 8.751185358843533990e-01 8.526269728792352787e-01 7.457364909779801154e-01 6.222045205033163162e-01 3.886314889631814484e-01 4.141444598938300303e-01 5.398993397573901287e-01 7.356554091181752852e-01 2.145669538980601587e-01 4.407759045543017118e-01 6.935051136509429170e-01 6.857268933588718252e-01 7.235861870648536698e-01 8.962254471780961573e-01 2.443269346829956001e-01 8.449553019122568731e-01 5.152108648866156049e-01 5.808883117717147382e-01 1.525040146265430607e-01 8.518548893825996782e-01 7.763236565795479383e-01 5.519443297129486004e-01 5.798269916696661141e-01 5.961134061584092425e-01 9.062705466573887092e-01 7.357033686881800927e-01 4.163587857776549495e-01 3.129892400701810296e-01 0.000000000000000000e+00 8.204125188733477625e-01 2.984715900941969924e-01 5.451220866934025633e-01
6.187032293550176476e-01 7.429330178830645393e-01 6.775403149462226882e-01 9.226360243199849265e-01 8.333959553512828577e-01 8.041221475502839944e-01 7.054873241157473274e-01 9.640296761183830831e-01 6.756763365148783507e-01 8.795781091375503014e-01 8.596121861894896465e-01 4.076832931913250690e-01 4.303392352723128256e-01 5.549353437660924371e-01 5.765997229120667367e-01 1.592980571241719434e-01 7.884683067541633505e-01 5.534669727432424136e-01 4.478632088930257216e-01 8.842301175050266693e-01 2.402932398622104060e-02 3.379611154538463280e-01 6.975832362870761916e-01 4.376188635145946693e-01 3.327676018395477886e-01 1.114168903802431609e-01 1.558479697158965394e-01 5.391460475955026643e-01 7.075002616868121263e-01 7.661435160141583101e-01 7.456237069680469176e-01 8.204125188733477625e-01 0.000000000000000000e+00 8.189851123506185493e-01 5.927688905702437339e-01
5.629055352763353559e-01 4.797136474258723582e-01 2.929079132179922551e-01 7.267936428523523729e-01 4.585281996953119443e-01 5.207157854475635839e-01 3.968328258126094799e-01 8.540353319783235975e-01 4.216573043837311685e-01 4.514443640687805792e-01 8.326374837524975758e-01 2.168503286338907543e-02 4.112445265162292252e-01 5.055551858916018659e-01 8.806319429154816358e-01 4.128331759613153018e-01 2.076484053721761036e-01 6.741348816247915154e-01 3.919928534894516758e-01 5.949272969155366964e-01 8.598134847101071010e-01 5.633917881555660090e-01 5.355173975362708116e-01 8.065107456324547286e-01 8.359781854463657069e-01 6.496955561694977010e-01 5.427932793855314575e-01 3.662093542511217770e-01 8.220983793970437770e-01 4.637768700029126778e-01 4.709932719604821294e-01 2.984715900941969924e-01 8.189851123506185493e-01 0.000000000000000000e+00 7.894688436948015253e-01
8.161112891165445138e-01 8.562211712354383941e-01 6.322481903572694240e-01 5.445170467305060491e-01 3.202577209251779022e-01 8.329936514831550731e-01 8.450179545292144656e-01 7.583048753734485947e-01 8.371815999255525220e-01 5.912591102473307991e-02 4.308030442302884788e-01 6.009066033480277014e-01 6.422042740132731797e-01 8.262824485170332522e-01 7.868678791680572271e-01 8.001755559557606201e-01 5.802977024517679272e-01 6.918694303486927488e-01 7.679635748172043419e-01 6.977539970162092153e-01 7.305988306564300538e-01 3.385159872458691765e-01 5.147638510788002941e-01 3.338420223773977957e-01 4.298520199415962195e-01 8.691362553687383974e-01 3.307841186732152217e-01 1.866330042689511304e-01 7.592907399402673008e-01 2.477346123582268855e-01 6.570895857537213391e-01 5.451220866934025633e-01 5.927688905702437339e-01 7.894688436948015253e-01 0.000000000000000000e+00
