0.000000000000000000e+00 2.997735541686785687e-01 9.834827897208142655e-02 6.425855243354452462e-01 8.039336280725207784e-01 7.969574986781196024e-01 3.726237949080132283e-01 6.555121630418032641e-01 4.548599072534071919e-01 8.316555040807094290e-01 3.251666190333927231e-01 4.100632807829324156e-01 6.936432297040056039e-01 2.736886049073536942e-01 5.232012842287092624e-01 2.905341605050176801e-01 5.494243432683090234e-01 8.981667083648638972e-01 6.419869534177711223e-01 1.670495764428664431e-01 5.400048294573982499e-01 8.458162602044604350e-01 3.962751275152952557e-01 5.161419590138359714e-01 1.535093269428144946e-02 4.367551902870814295e-01 8.202480496145935218e-01 4.040950245821484099e-01 5.804878977646481530e-01 8.933460369542736146e-01 5.326144283240701327e-01 9.734530799272234081e-02 4.388012576063469727e-01 6.924794509213743066e-01 3.323102631433211274e-01
2.997735541686785687e-01 0.000000000000000000e+00 4.036763660145433197e-01 6.457918081336340155e-01 8.174132639396934907e-01 1.215049087659839655e-01 2.966834061069137940e-01 8.743359549582485624e-01 8.452390013689953241e-01 5.296209968392835421e-01 2.647322132322444954e-01 2.469869531906285776e-01 7.744558410202442289e-01 7.471045051763774980e-01 3.326536628259384454e-01 3.066393551996330347e-01 7.897978248288909375e-01 3.486669867782754562e-01 3.794133778905901533e-01 5.301633761367541275e-01 6.332271825320580083e-01 5.416024180929581711e-01 7.562177828673739555e-01 7.243137439024144308e-01 6.099100131291215199e-01 6.963990964133096595e-01 5.886908885676291892e-01 3.961960717056937087e-01 8.768513971336011625e-01 4.845612707838573008e-01 8.897797286387862936e-01 8.499989919349779655e-01 8.462430947921580904e-01 4.959521586903344881e-01 7.146780703128212675e-01
9.834827897208142655e-02 4.036763660145433197e-01 0.000000000000000000e+00 6.169295473772866689e-01 4.962433036605650716e-01 4.669045322486697347e-01 4.300098549715858920e-01 2.074664640918706393e-01 9.724216294399337102e-01 4.831774851308738294e-01 3.076265062782312931e-01 8.005135532959913869e-01 5.555526012006797298e-01 6.474037384926631944e-01 2.378337101911077722e-01 7.068793285641037372e-01 6.773068134967471510e-01 4.636021966463928501e-01 7.393485687252333571e-01 8.947441344326114709e-01 2.499060679639205640e-01 3.076376036927386259e-01 6.888415396749405506e-01 4.782247277408530062e-01 1.202146821073498684e-01 4.469087009801375743e-01 5.007584057289878876e-01 4.905071965224786501e-01 4.827780835916908320e-01 6.797515432868137530e-01 5.453859073682676417e-01 2.827293429454817431e-01 8.061152735885795950e-01 7.399752827521778320e-01 4.824258440741365783e-01
6.425855243354452462e-01 6.457918081336340155e-01 6.169295473772866689e-01 0.000000000000000000e+00 7.895561479529156212e-02 5.745871437275855698e-01 5.066608506031009540e-01 2.767523387955526659e-01 9.899137584159863890e-01 7.099506724498058086e-01 4.149631812996384950e-01 5.120809132235594197e-01 1.347497997491494681e-01 4.430281228893273582e-01 8.222308238749439502e-01 3.023019005006422621e-01 4.362253039234320617e-01 6.258743881445871793e-01 1.114826373167570051e-01 4.762121752211720960e-01 7.943898427608384605e-01 3.953899897598338042e-01 3.120683722345011235e-01 5.357780281094818298e-01 2.849688055336700443e-01 9.167852542507204383e-02 7.314890089346419710e-01 2.093082948975857338e-01 7.306724549323293516e-01 5.100480158221801785e-01 5.259198222150373025e-01 1.944565896870016353e-01 7.772009525185266110e-01 5.537924758825594207e-01 5.566869737124193751e-01
8.039336280725207784e-01 8.174132639396934907e-01 4.962433036605650716e-01 7.895561479529156212e-02 0.000000000000000000e+00 6.215017458242866333e-01 5.324325473156679145e-01 9.314077267937640459e-01 7.128545146819581513e-01 5.218119965181400310e-01 3.305653047760140906e-01 2.919136763460195017e-02 5.078669638137265352e-01 6.938911197310630996e-01 8.475420887012624638e-01 6.182816779449672451e-01 8.202764894426489706e-01 3.888627772660872006e-01 9.013941970458201336e-01 5.862687383276588005e-01 1.404749850811700673e-01 8.865592997509723627e-01 8.534326541275080169e-01 3.801754887478406841e-01 6.507666434153747126e-01 2.360098019060727359e-01 5.780228785790020307e-01 6.113159520002409142e-01 2.431866254720509990e-01 5.253952788107431049e-01 5.057052176594325488e-01 3.901996716453700609e-01 6.944596156262822229e-01 3.736062977400842477e-01 3.525909204867674895e-01
7.969574986781196024e-01 1.215049087659839655e-01 4.669045322486697347e-01 5.745871437275855698e-01 6.215017458242866333e-01 0.000000000000000000e+00 2.945464541319140483e-01 8.441676875884962516e-01 3.228677570620476223e-01 4.190773964966930665e-01 8.034103451405263385e-01 1.176189097574851239e-01 7.559088827823461365e-01 5.757125048629596620e-01 3.060158013126276222e-01 3.360062942041153744e-01 7.375378929788346527e-01 5.093492968796030640e-01 1.178306428863542532e-01 4.134430678522056368e-01 3.988047707354971383e-01 4.354227558606342252e-01 8.252927123430777723e-01 2.790632940029504905e-01 4.368576055576540162e-01 5.774497961831281945e-01 5.285198818656005049e-01 4.100452050725083564e-01 1.412474794805191891e-01 7.507373468797818861e-01 4.320446997765515773e-01 9.038783623277458767e-01 4.979108627115700347e-01 6.337257082962277632e-01 9.534874584543884257e-01
3.726237949080132283e-01 2.966834061069137940e-01 4.300098549715858920e-01 5.066608506031009540e-01 5.324325473156679145e-01 2.945464541319140483e-01 0.000000000000000000e+00 5.134187192676606948e-01 6.677170116355555241e-01 6.503779616922205076e-01 9.623633960582069768e-01 4.761434711732701053e-01 7.858527970392595874e-01 6.242344862578130815e-01 5.096827279581970238e-01 8.102329924051669963e-01 4.333513567193214011e-01 7.996287124794758672e-01 3.726036852262261112e-01 4.700466152082118931e-01 4.498432668032205095e-01 5.585654048946864236e-01 7.222751440810539769e-01 8.819709940146469584e-03 6.588137289777709071e-01 9.186408344898273626e-01 8.301871516380534555e-01 8.114373019233651618e-01 1.137176093838730973e-01 9.534708858273654997e-02 2.270769636112602852e-01 4.943927286193154913e-01 8.316256934052066452e-01 4.985090974440093414e-01 8.716459575041370922e-01
6.555121630418032641e-01 8.743359549582485624e-01 2.074664640918706393e-01 2.767523387955526659e-01 9.314077267937640459e-01 8.441676875884962516e-01 5.134187192676606948e-01 0.000000000000000000e+00 9.171884920355428683e-01 5.280417619173709554e-01 8.136559930899617266e-01 2.420140037066712546e-01 3.299842642718663344e-01 4.317775606172131742e-01 5.059638057253095234e-01 2.152573360814716286e-01 4.615244970787223955e-01 4.509332132122249037e-01 7.204739020546752082e-01 7.336579085400006806e-01 5.565151833112684798e-01 2.729726645003707208e-01 6.776545735410527405e-01 5.878790019261201927e-01 5.784304869806524696e-01 9.123149879714005372e-01 5.017461459138616853e-01 9.213473221679585601e-01 5.126384053361976445e-01 7.970421526299397152e-01 5.014943586146161092e-01 7.771652128151620431e-01 6.282465581708478464e-01 2.341595162930883989e-01 4.405420971210057268e-01
4.548599072534071919e-01 8.452390013689953241e-01 9.724216294399337102e-01 9.899137584159863890e-01 7.128545146819581513e-01 3.228677570620476223e-01 6.677170116355555241e-01 9.171884920355428683e-01 0.000000000000000000e+00 3.160893925467389565e-01 3.341003182626191004e-01 9.198371767767595797e-01 4.300071750808305282e-01 4.996282543535788823e-01 5.591889759841401908e-01 1.150043957562126851e-01 9.222065039233146022e-01 2.737944622940088335e-01 6.749742489909553722e-01 8.515122661156149242e-01 5.922198126672554297e-01 5.011876115939912779e-01 3.645042556866974204e-01 7.595720942227592865e-01 1.194525081686685919e-01 7.723979581348432433e-01 8.380411755156516040e-01 6.083372748349302750e-01 2.498966303972751379e-01 4.753412773611915276e-01 9.128491474655009430e-01 5.861483470582197208e-01 5.866455152534755246e-01 1.516913781415613061e-01 5.013640177792501040e-01
8.316555040807094290e-01 5.296209968392835421e-01 4.831774851308738294e-01 7.099506724498058086e-01 5.218119965181400310e-01 4.190773964966930665e-01 6.503779616922205076e-01 5.280417619173709554e-01 3.160893925467389565e-01 0.000000000000000000e+00 8.629033632193876535e-01 1.070336847107468126e-01 8.372125181165037677e-01 5.253144412398289553e-01 9.007869051404471250e-01 6.997417497877841397e-01 8.713374954995367627e-02 8.740069042578469949e-01 7.090413518349617528e-01 4.580432572742444974e-01 5.050138815370686096e-01 5.771743063993330924e-01 5.630215462705338014e-01 4.990667595067017070e-01 7.657348009552271684e-01 4.564768299664709872e-01 4.257742843134233457e-01 6.488161303491933873e-01 7.184098201267077322e-01 7.027042478860796582e-01 5.706921778506535148e-01 3.643480283103152084e-01 5.298695886542743594e-01 6.840606643184211633e-01 4.028819170282027518e-01
3.251666190333927231e-01 2.647322132322444954e-01 3.076265062782312931e-01 4.149631812996384950e-01 3.305653047760140906e-01 8.034103451405263385e-01 9.623633960582069768e-01 8.136559930899617266e-01 3.341003182626191004e-01 8.629033632193876535e-01 0.000000000000000000e+00 9.260565255873662860e-01 4.013142198925685467e-01 5.158189803451755928e-01 4.346399199589539575e-01 4.582930766706364567e-01 6.361070262836675537e-01 5.070955916739058322e-01 2.986136145651151486e-01 8.335387352614698209e-01 5.219776450117357136e-01 9.152444722765422647e-01 8.942010032902618644e-01 5.975145712517127006e-01 5.886562569912059395e-01 6.369655120896822176e-01 4.874981187519614734e-01 7.425826611206118866e-01 5.641793311883700479e-01 5.411840648911689922e-01 4.351903611820217010e-01 1.666358770073743667e-01 8.407077836619047950e-01 3.222886193815162059e-01 9.694690296918377914e-01
4.100632807829324156e-01 2.469869531906285776e-01 8.005135532959913869e-01 5.120809132235594197e-01 2.919136763460195017e-02 1.176189097574851239e-01 4.761434711732701053e-01 2.420140037066712546e-01 9.198371767767595797e-01 1.070336847107468126e-01 9.260565255873662860e-01 0.000000000000000000e+00 6.649674112009013038e-01 7.671631627405939291e-02 6.584419862197312678e-01 5.838021207073963437e-01 5.990644645694165327e-02 5.373906327709077058e-01 3.212630095031595023e-01 3.666814189730359663e-01 3.412229295231943293e-01 4.851324877564949789e-01 5.570828832279483001e-01 1.628396094908535208e-01 6.843199585006010111e-01 1.946472180541272134e-01 3.827753065598816784e-01 6.444478651683533954e-01 5.946865709924805676e-01 4.630025761245659677e-01 4.149413325010439801e-01 7.551873841350207339e-01 7.479760434002338254e-01 5.768665437932625206e-01 7.131197086623148884e-01
6.936432297040056039e-01 7.744558410202442289e-01 5.555526012006797298e-01 1.347497997491494681e-01 5.078669638137265352e-01 7.559088827823461365e-01 7.858527970392595874e-01 3.299842642718663344e-01 4.300071750808305282e-01 8.372125181165037677e-01 4.013142198925685467e-01 6.649674112009013038e-01 0.000000000000000000e+00 2.848701470057684038e-01 5.567176016632654489e-01 8.913598001194196208e-01 6.135012094427692020e-01 4.570509252288099677e-01 8.027568789984099729e-01 3.430202801375085153e-01 1.809368069480833396e-01 5.492484050277057772e-01 7.273234017441728705e-01 4.150152225052069488e-01 6.322850416994381106e-01 4.585375386738943515e-02 1.943797527982628059e-01 5.329746785282897248e-01 7.141633321515790112e-01 6.996572419862010506e-01 2.525992251580677639e-01 5.123663884151035131e-01 9.023712384651846330e-01 1.806356361044585412e-01 5.325771803803200921e-01
2.736886049073536942e-01 7.471045051763774980e-01 6.474037384926631944e-01 4.430281228893273582e-01 6.938911197310630996e-01 5.757125048629596620e-01 6.242344862578130815e-01 4.317775606172131742e-01 4.996282543535788823e-01 5.253144412398289553e-01 5.158189803451755928e-01 7.671631627405939291e-02 2.848701470057684038e-01 0.000000000000000000e+00 3.157673804152186792e-01 4.728854839496354212e-01 7.191912646856229996e-01 2.662042454850184203e-01 5.408172507291295616e-01 3.377469587001110662e-01 4.732318889095687431e-01 5.910474305622952507e-01 4.026842380659151899e-01 5.835627193733350371e-01 4.544441885520514868e-01 2.672453283097220300e-01 1.969349004260235736e-01 4.483139908224110237e-01 1.972127803775488575e-01 1.249688818400966905e-01 4.159671994820488550e-01 4.304406271600160205e-01 1.494741673807933324e-01 3.816363101658731827e-01 6.927993933909113444e-01
5.232012842287092624e-01 3.326536628259384454e-01 2.378337101911077722e-01 8.222308238749439502e-01 8.475420887012624638e-01 3.060158013126276222e-01 5.096827279581970238e-01 5.059638057253095234e-01 5.591889759841401908e-01 9.007869051404471250e-01 4.346399199589539575e-01 6.584419862197312678e-01 5.567176016632654489e-01 3.157673804152186792e-01 0.000000000000000000e+00 7.900422989884674507e-01 4.685252498657568321e-01 4.750190948112169576e-01 8.621639882399950716e-01 5.901984982135404234e-01 3.248390676078325434e-01 5.207916202331052125e-01 5.034396148367308310e-01 5.146006907418863019e-01 8.704887610376559337e-01 7.475832977174412530e-01 7.272442419174955930e-01 7.364384141014781449e-01 6.598216189204887394e-01 8.629555989283177464e-01 3.463387494673549893e-01 8.151838301810168108e-01 1.956976983991752794e-01 7.747645728013808908e-01 7.176852478907289612e-01
2.905341605050176801e-01 3.066393551996330347e-01 7.068793285641037372e-01 3.023019005006422621e-01 6.182816779449672451e-01 3.360062942041153744e-01 8.102329924051669963e-01 2.152573360814716286e-01 1.150043957562126851e-01 6.997417497877841397e-01 4.582930766706364567e-01 5.838021207073963437e-01 8.913598001194196208e-01 4.728854839496354212e-01 7.900422989884674507e-01 0.000000000000000000e+00 1.505639869817771981e-01 3.299119239925796809e-01 3.810748513634326651e-01 5.807814581007579857e-01 5.514594660518498115e-01 6.752323691458553823e-01 9.316962776636433796e-01 4.343562300032701162e-01 3.653153766307866701e-01 1.629047675996945221e-01 5.642333257627500931e-01 6.630112653080405538e-01 7.774470912413053991e-01 1.545060333648059503e-01 5.089705808492379635e-01 6.815890364276721014e-01 3.975627381409955197e-01 9.793282971385737223e-01 4.992573614682149774e-02
5.494243432683090234e-01 7.897978248288909375e-01 6.773068134967471510e-01 4.362253039234320617e-01 8.202764894426489706e-01 7.375378929788346527e-01 4.333513567193214011e-01 4.615244970787223955e-01 9.222065039233146022e-01 8.713374954995367627e-02 6.361070262836675537e-01 5.990644645694165327e-02 6.135012094427692020e-01 7.191912646856229996e-01 4.685252498657568321e-01 1.505639869817771981e-01 0.000000000000000000e+00 4.116880453977891929e-01 8.174531056680226504e-01 4.551084111462204151e-01 5.383670146465606710e-01 8.687098824543516562e-01 2.319969918110168505e-01 4.294476395269890556e-01 7.904797853243842320e-01 4.185045854743316696e-01 3.624185729877859030e-01 5.571970618481677517e-01 4.704143857402270923e-01 3.917323410844180120e-01 2.142162077870920500e-01 4.505469249131602849e-01 1.521491196082327413e-01 1.373506164085601666e-01 9.332024669080669632e-01
8.981667083648638972e-01 3.486669867782754562e-01 4.636021966463928501e-01 6.258743881445871793e-01 3.888627772660872006e-01 5.093492968796030640e-01 7.996287124794758672e-01 4.509332132122249037e-01 2.737944622940088335e-01 8.740069042578469949e-01 5.070955916739058322e-01 5.373906327709077058e-01 4.570509252288099677e-01 2.662042454850184203e-01 4.750190948112169576e-01 3.299119239925796809e-01 4.116880453977891929e-01 0.000000000000000000e+00 4.675423179752415392e-01 6.430240069433886818e-01 2.874762008927599921e-01 7.891355242060507091e-01 9.810351468094271610e-01 4.690550666774179756e-01 6.606853773717060729e-01 5.393781522412802731e-01 5.665667732811801027e-01 7.983811585760722807e-01 7.210010645328992496e-01 7.965669276933975418e-01 2.446980400257419141e-01 1.516962680591660284e-02 2.027918609295685792e-01 2.454984868439101520e-01 9.362430810238054901e-01
6.419869534177711223e-01 3.794133778905901533e-01 7.393485687252333571e-01 1.114826373167570051e-01 9.013941970458201336e-01 1.178306428863542532e-01 3.726036852262261112e-01 7.204739020546752082e-01 6.749742489909553722e-01 7.090413518349617528e-01 2.986136145651151486e-01 3.212630095031595023e-01 8.027568789984099729e-01 5.408172507291295616e-01 8.621639882399950716e-01 3.810748513634326651e-01 8.174531056680226504e-01 4.675423179752415392e-01 0.000000000000000000e+00 7.828648464253338268e-01 8.702926663827319498e-01 1.405775770249897416e-01 5.777057832627670031e-01 6.546052667432512573e-01 8.328070397801792257e-01 2.486023750302769342e-01 5.008015480292319355e-01 7.542603942543876228e-01 4.687775516189802705e-01 2.802083442492707133e-01 6.097821657873995216e-01 2.493655320349025539e-01 3.225615948929726473e-01 4.533763320938699604e-01 8.512365975782836269e-01
1.670495764428664431e-01 5.301633761367541275e-01 8.947441344326114709e-01 4.762121752211720960e-01 5.862687383276588005e-01 4.134430678522056368e-01 4.700466152082118931e-01 7.336579085400006806e-01 8.515122661156149242e-01 4.580432572742444974e-01 8.335387352614698209e-01 3.666814189730359663e-01 3.430202801375085153e-01 3.377469587001110662e-01 5.901984982135404234e-01 5.807814581007579857e-01 4.551084111462204151e-01 6.430240069433886818e-01 7.828648464253338268e-01 0.000000000000000000e+00 9.255598460953236017e-01 3.683759638681117776e-01 1.242680691898514489e-01 6.818368335015501103e-02 1.037583573648281909e-01 5.282952158989566716e-01 5.218933657381117364e-01 3.374862161443769049e-01 6.934364329913449421e-01 8.382221785294865501e-01 5.310245666101660600e-01 4.067305910130212254e-01 6.078204785435621371e-01 8.931967448498646656e-01 9.078180286900221496e-01
5.400048294573982499e-01 6.332271825320580083e-01 2.499060679639205640e-01 7.943898427608384605e-01 1.404749850811700673e-01 3.988047707354971383e-01 4.498432668032205095e-01 5.565151833112684798e-01 5.922198126672554297e-01 5.050138815370686096e-01 5.219776450117357136e-01 3.412229295231943293e-01 1.809368069480833396e-01 4.732318889095687431e-01 3.248390676078325434e-01 5.514594660518498115e-01 5.383670146465606710e-01 2.874762008927599921e-01 8.702926663827319498e-01 9.255598460953236017e-01 0.000000000000000000e+00 5.353866108645291000e-01 5.244058223330522184e-01 7.594723374661289661e-01 3.741675025227050311e-01 4.219280855236355876e-01 8.990414488760900547e-02 5.921036663310368375e-01 5.617680493581862500e-01 4.290562933882607344e-01 7.325649740344958305e-01 1.956629140269336986e-01 3.786705386398306894e-01 7.319378592574538045e-01 2.028608099435327272e-01
8.458162602044604350e-01 5.416024180929581711e-01 3.076376036927386259e-01 3.953899897598338042e-01 8.865592997509723627e-01 4.354227558606342252e-01 5.585654048946864236e-01 2.729726645003707208e-01 5.011876115939912779e-01 5.771743063993330924e-01 9.152444722765422647e-01 4.851324877564949789e-01 5.492484050277057772e-01 5.910474305622952507e-01 5.207916202331052125e-01 6.752323691458553823e-01 8.687098824543516562e-01 7.891355242060507091e-01 1.405775770249897416e-01 3.683759638681117776e-01 5.353866108645291000e-01 0.000000000000000000e+00 7.362356503894047499e-01 7.895270105417488971e-01 9.121582568702009119e-01 2.566977955219569840e-01 3.158379214445600214e-01 3.980025149410562069e-01 8.543988713730501505e-01 4.769080825584904870e-01 3.180911202757552569e-01 1.208066780278108654e-01 3.316938928127192709e-01 3.634023249366999941e-01 5.614676703681861225e-01
3.962751275152952557e-01 7.562177828673739555e-01 6.888415396749405506e-01 3.120683722345011235e-01 8.534326541275080169e-01 8.252927123430777723e-01 7.222751440810539769e-01 6.776545735410527405e-01 3.645042556866974204e-01 5.630215462705338014e-01 8.942010032902618644e-01 5.570828832279483001e-01 7.273234017441728705e-01 4.026842380659151899e-01 5.034396148367308310e-01 9.316962776636433796e-01 2.319969918110168505e-01 9.810351468094271610e-01 5.777057832627670031e-01 1.242680691898514489e-01 5.244058223330522184e-01 7.362356503894047499e-01 0.000000000000000000e+00 4.992242113976588236e-01 4.736918171897178675e-01 1.793602993947017721e-01 4.902544520859161703e-01 2.489657566810721812e-01 6.618726406840864662e-01 4.721767946698706142e-01 8.975585467923197225e-01 6.058221862160384497e-01 2.084894778195076626e-01 1.741674637585387542e-01 3.534909308998956945e-01
5.161419590138359714e-01 7.243137439024144308e-01 4.782247277408530062e-01 5.357780281094818298e-01 3.801754887478406841e-01 2.790632940029504905e-01 8.819709940146469584e-03 5.878790019261201927e-01 7.595720942227592865e-01 4.990667595067017070e-01 5.975145712517127006e-01 1.628396094908535208e-01 4.150152225052069488e-01 5.835627193733350371e-01 5.146006907418863019e-01 4.343562300032701162e-01 4.294476395269890556e-01 4.690550666774179756e-01 6.546052667432512573e-01 6.818368335015501103e-02 7.594723374661289661e-01 7.895270105417488971e-01 4.992242113976588236e-01 0.000000000000000000e+00 6.055894850273582097e-01 2.804811250994942995e-02 6.259231025262567139e-01 4.945748724555951159e-01 2.338965866919604508e-01 8.827267826154607810e-01 4.945722445228655229e-01 8.219366378318665456e-01 2.670551018604060411e-01 8.088379176376218060e-01 2.451418466773694904e-01
1.535093269428144946e-02 6.099100131291215199e-01 1.202146821073498684e-01 2.849688055336700443e-01 6.507666434153747126e-01 4.368576055576540162e-01 6.588137289777709071e-01 5.784304869806524696e-01 1.194525081686685919e-01 7.657348009552271684e-01 5.886562569912059395e-01 6.843199585006010111e-01 6.322850416994381106e-01 4.544441885520514868e-01 8.704887610376559337e-01 3.653153766307866701e-01 7.904797853243842320e-01 6.606853773717060729e-01 8.328070397801792257e-01 1.037583573648281909e-01 3.741675025227050311e-01 9.121582568702009119e-01 4.736918171897178675e-01 6.055894850273582097e-01 0.000000000000000000e+00 9.277654796505727663e-01 6.130948828569939835e-01 7.470107450953904493e-01 5.491825369605549678e-01 7.235745829267857809e-01 5.207368555890288242e-01 5.267620956661178688e-01 5.397246093960854640e-01 6.629814090966821283e-01 3.703723997751591224e-01
4.367551902870814295e-01 6.963990964133096595e-01 4.469087009801375743e-01 9.167852542507204383e-02 2.360098019060727359e-01 5.774497961831281945e-01 9.186408344898273626e-01 9.123149879714005372e-01 7.723979581348432433e-01 4.564768299664709872e-01 6.369655120896822176e-01 1.946472180541272134e-01 4.585375386738943515e-02 2.672453283097220300e-01 7.475832977174412530e-01 1.629047675996945221e-01 4.185045854743316696e-01 5.393781522412802731e-01 2.486023750302769342e-01 5.282952158989566716e-01 4.219280855236355876e-01 2.566977955219569840e-01 1.793602993947017721e-01 2.804811250994942995e-02 9.277654796505727663e-01 0.000000000000000000e+00 8.274572424131075854e-01 3.672234397384181448e-01 4.188469769502800588e-01 6.818952735806016463e-02 1.463331821390382315e-01 7.951318172520736027e-01 4.334891104948874196e-01 8.337123430720942974e-01 4.974345964971876866e-01
8.202480496145935218e-01 5.886908885676291892e-01 5.007584057289878876e-01 7.314890089346419710e-01 5.780228785790020307e-01 5.285198818656005049e-01 8.301871516380534555e-01 5.017461459138616853e-01 8.380411755156516040e-01 4.257742843134233457e-01 4.874981187519614734e-01 3.827753065598816784e-01 1.943797527982628059e-01 1.969349004260235736e-01 7.272442419174955930e-01 5.642333257627500931e-01 3.624185729877859030e-01 5.665667732811801027e-01 5.008015480292319355e-01 5.218933657381117364e-01 8.990414488760900547e-02 3.158379214445600214e-01 4.902544520859161703e-01 6.259231025262567139e-01 6.130948828569939835e-01 8.274572424131075854e-01 0.000000000000000000e+00 5.877852709618230920e-01 6.097227563129395955e-01 4.350878210127403500e-01 2.205216865442134466e-01 5.801456149631789572e-01 4.692196357263175854e-01 6.820355224980286790e-01 7.192204530906883830e-01
4.040950245821484099e-01 3.961960717056937087e-01 4.905071965224786501e-01 2.093082948975857338e-01 6.113159520002409142e-01 4.100452050725083564e-01 8.114373019233651618e-01 9.213473221679585601e-01 6.083372748349302750e-01 6.488161303491933873e-01 7.425826611206118866e-01 6.444478651683533954e-01 5.329746785282897248e-01 4.483139908224110237e-01 7.364384141014781449e-01 6.630112653080405538e-01 5.571970618481677517e-01 7.983811585760722807e-01 7.542603942543876228e-01 3.374862161443769049e-01 5.921036663310368375e-01 3.980025149410562069e-01 2.489657566810721812e-01 4.945748724555951159e-01 7.470107450953904493e-01 3.672234397384181448e-01 5.877852709618230920e-01 0.000000000000000000e+00 8.504951972296650453e-01 5.597783671696066055e-01 4.294317634741655065e-01 3.191583088529854617e-01 2.024400068614535808e-01 6.823728209237462927e-01 7.702956169746402182e-01
5.804878977646481530e-01 8.768513971336011625e-01 4.827780835916908320e-01 7.306724549323293516e-01 2.431866254720509990e-01 1.412474794805191891e-01 1.137176093838730973e-01 5.126384053361976445e-01 2.498966303972751379e-01 7.184098201267077322e-01 5.641793311883700479e-01 5.946865709924805676e-01 7.141633321515790112e-01 1.972127803775488575e-01 6.598216189204887394e-01 7.774470912413053991e-01 4.704143857402270923e-01 7.210010645328992496e-01 4.687775516189802705e-01 6.934364329913449421e-01 5.617680493581862500e-01 8.543988713730501505e-01 6.618726406840864662e-01 2.338965866919604508e-01 5.491825369605549678e-01 4.188469769502800588e-01 6.097227563129395955e-01 8.504951972296650453e-01 0.000000000000000000e+00 5.116479734011736280e-01 4.561899226976249833e-01 8.609496420458259136e-01 2.732845850590527315e-01 4.658971498751079965e-01 2.231261014946390731e-01
8.933460369542736146e-01 4.845612707838573008e-01 6.797515432868137530e-01 5.100480158221801785e-01 5.253952788107431049e-01 7.507373468797818861e-01 9.534708858273654997e-02 7.970421526299397152e-01 4.753412773611915276e-01 7.027042478860796582e-01 5.411840648911689922e-01 4.630025761245659677e-01 6.996572419862010506e-01 1.249688818400966905e-01 8.629555989283177464e-01 1.545060333648059503e-01 3.917323410844180120e-01 7.965669276933975418e-01 2.802083442492707133e-01 8.382221785294865501e-01 4.290562933882607344e-01 4.769080825584904870e-01 4.721767946698706142e-01 8.827267826154607810e-01 7.235745829267857809e-01 6.818952735806016463e-02 4.350878210127403500e-01 5.597783671696066055e-01 5.116479734011736280e-01 0.000000000000000000e+00 6.201543109910394591e-01 7.167549322150826852e-01 1.385904390135349606e-01 5.930542650350598688e-01 7.452430007335841822e-01
5.326144283240701327e-01 8.897797286387862936e-01 5.453859073682676417e-01 5.259198222150373025e-01 5.057052176594325488e-01 4.320446997765515773e-01 2.270769636112602852e-01 5.014943586146161092e-01 9.128491474655009430e-01 5.706921778506535148e-01 4.351903611820217010e-01 4.149413325010439801e-01 2.525992251580677639e-01 4.159671994820488550e-01 3.463387494673549893e-01 5.089705808492379635e-01 2.142162077870920500e-01 2.446980400257419141e-01 6.097821657873995216e-01 5.310245666101660600e-01 7.325649740344958305e-01 3.180911202757552569e-01 8.975585467923197225e-01 4.945722445228655229e-01 5.207368555890288242e-01 1.463331821390382315e-01 2.205216865442134466e-01 4.294317634741655065e-01 4.561899226976249833e-01 6.201543109910394591e-01 0.000000000000000000e+00 3.625198185515212668e-01 4.783429000174648227e-01 5.602017791267948077e-01 6.490478704777316032e-01
9.734530799272234081e-02 8.499989919349779655e-01 2.827293429454817431e-01 1.944565896870016353e-01 3.901996716453700609e-01 9.038783623277458767e-01 4.943927286193154913e-01 7.771652128151620431e-01 5.861483470582197208e-01 3.643480283103152084e-01 1.666358770073743667e-01 7.551873841350207339e-01 5.123663884151035131e-01 4.304406271600160205e-01 8.151838301810168108e-01 6.815890364276721014e-01 4.505469249131602849e-01 1.516962680591660284e-02 2.493655320349025539e-01 4.067305910130212254e-01 1.956629140269336986e-01 1.208066780278108654e-01 6.058221862160384497e-01 8.219366378318665456e-01 5.267620956661178688e-01 7.951318172520736027e-01 5.801456149631789572e-01 3.191583088529854617e-01 8.609496420458259136e-01 7.167549322150826852e-01 3.625198185515212668e-01 0.000000000000000000e+00 7.190301246476347163e-01 5.359764320577289354e-01 2.814260351634554347e-01
4.388012576063469727e-01 8.462430947921580904e-01 8.061152735885795950e-01 7.772009525185266110e-01 6.944596156262822229e-01 4.979108627115700347e-01 8.316256934052066452e-01 6.282465581708478464e-01 5.866455152534755246e-01 5.298695886542743594e-01 8.407077836619047950e-01 7.479760434002338254e-01 9.023712384651846330e-01 1.494741673807933324e-01 1.956976983991752794e-01 3.975627381409955197e-01 1.521491196082327413e-01 2.027918609295685792e-01 3.225615948929726473e-01 6.078204785435621371e-01 3.786705386398306894e-01 3.316938928127192709e-01 2.084894778195076626e-01 2.670551018604060411e-01 5.397246093960854640e-01 4.334891104948874196e-01 4.692196357263175854e-01 2.024400068614535808e-01 2.732845850590527315e-01 1.385904390135349606e-01 4.783429000174648227e-01 7.190301246476347163e-01 0.000000000000000000e+00 8.566202124572595000e-01 5.031262219761596377e-01
6.924794509213743066e-01 4.959521586903344881e-01 7.399752827521778320e-01 5.537924758825594207e-01 3.736062977400842477e-01 6.337257082962277632e-01 4.985090974440093414e-01 2.341595162930883989e-01 1.516913781415613061e-01 6.840606643184211633e-01 3.222886193815162059e-01 5.768665437932625206e-01 1.806356361044585412e-01 3.816363101658731827e-01 7.747645728013808908e-01 9.793282971385737223e-01 1.373506164085601666e-01 2.454984868439101520e-01 4.533763320938699604e-01 8.931967448498646656e-01 7.319378592574538045e-01 3.634023249366999941e-01 1.741674637585387542e-01 8.088379176376218060e-01 6.629814090966821283e-01 8.337123430720942974e-01 6.820355224980286790e-01 6.823728209237462927e-01 4.658971498751079965e-01 5.930542650350598688e-01 5.602017791267948077e-01 5.359764320577289354e-01 8.566202124572595000e-01 0.000000000000000000e+00 8.251011130246355130e-02
3.323102631433211274e-01 7.146780703128212675e-01 4.824258440741365783e-01 5.566869737124193751e-01 3.525909204867674895e-01 9.534874584543884257e-01 8.716459575041370922e-01 4.405420971210057268e-01 5.013640177792501040e-01 4.028819170282027518e-01 9.694690296918377914e-01 7.131197086623148884e-01 5.325771803803200921e-01 6.927993933909113444e-01 7.176852478907289612e-01 4.992573614682149774e-02 9.332024669080669632e-01 9.362430810238054901e-01 8.512365975782836269e-01 9.078180286900221496e-01 2.028608099435327272e-01 5.614676703681861225e-01 3.534909308998956945e-01 2.451418466773694904e-01 3.703723997751591224e-01 4.974345964971876866e-01 7.192204530906883830e-01 7.702956169746402182e-01 2.231261014946390731e-01 7.452430007335841822e-01 6.490478704777316032e-01 2.814260351634554347e-01 5.031262219761596377e-01 8.251011130246355130e-02 0.000000000000000000e+00
