0.000000000000000000e+00 5.726806802175234967e-01 7.459501627636575538e-01 7.845943441998246559e-01 4.579806631517751025e-01 5.140355651221606426e-02 4.127515114252330308e-01 2.167933556066459211e-01 6.504920674236580602e-01 4.188616167823285275e-01 8.981908836815847286e-01 5.059861533573495329e-01 6.278870505062543739e-01 2.730044072659209009e-01 7.527466860061364784e-01 6.428235485397586491e-01 9.068712095453823618e-01 3.807076465306786783e-01 4.682195916526317170e-01 6.624650798269331453e-01 4.737703559734228742e-01 6.272187339521545502e-01 6.575683743693119254e-01 4.683828460395685900e-01 7.040297073090551194e-01 4.306851327559670928e-01 4.127896618471251777e-01 6.106957232546946779e-01 2.965733699962997960e-01 5.919468864403589770e-01 4.100599842382783300e-01 6.049527794513693824e-01 7.569673932153351270e-01 8.332752151922576678e-01 5.721862816065335089e-01
5.726806802175234967e-01 0.000000000000000000e+00 8.745215153448642198e-01 7.225821634666866888e-01 4.977594397876858867e-01 6.183442143703423710e-01 7.982487943214598980e-01 8.094853022188764902e-01 5.070832014411988942e-01 9.214153146081140999e-01 1.805143458262810641e-01 3.518827332611398351e-01 3.504146606605555991e-01 6.461212789809877011e-01 4.841444671231299735e-01 6.674940406589606745e-01 1.861789825646024132e-01 6.886800946558687686e-01 4.919108217337894162e-01 3.957127315239412635e-01 6.079594760957651722e-01 5.354931641535611853e-01 1.064483664573896982e-01 7.894688361275689070e-01 5.593530456769728598e-01 7.298543305734964681e-01 5.830352158667795326e-01 4.858268305224222039e-01 1.463761587498626504e-01 6.737858697416612141e-01 2.479153962023248337e-01 3.511457571003424594e-01 7.685586807744150262e-01 1.035868818565524041e-01 8.252804537754345748e-01
7.459501627636575538e-01 8.745215153448642198e-01 0.000000000000000000e+00 9.585298295406787794e-01 8.105741135825904609e-01 1.209860851904630552e-01 5.950182217105766114e-01 7.976615286715214026e-01 6.106096179761550946e-01 5.866820964151953088e-01 9.528400963175973626e-01 3.640832556732752634e-01 2.808633243227317000e-01 1.170806424244724697e-01 7.276811016382210839e-01 3.318707741277118206e-01 5.736429164995280328e-01 7.130504633340658538e-01 5.343902245529696948e-01 8.701172439431905659e-01 7.023368020037377146e-01 3.712393567622311874e-01 8.676722863788675078e-01 6.180749192406853609e-01 5.657087164678991087e-01 4.738711086691318464e-01 1.682196368395497688e-01 4.704448828829697615e-01 3.373506334516823690e-01 5.053486765522006152e-01 1.229635464725800098e-01 4.083180061149678797e-01 5.173466621683889821e-01 5.746971562621956409e-01 2.418804871317485339e-01
7.845943441998246559e-01 7.225821634666866888e-01 9.585298295406787794e-01 0.000000000000000000e+00 6.677969814859596731e-01 7.852303005393738156e-01 7.658670254530768329e-01 3.378763110690652383e-01 4.167027501942124346e-01 3.271953038996579521e-01 6.971914090324864421e-01 2.511994645782403834e-01 9.170251025081065377e-01 6.320037833883079825e-01 7.490387043710970971e-01 4.933716311283208866e-01 4.866069045201825150e-01 5.419034180835191616e-01 7.048402938171025589e-01 5.822057297394203079e-01 4.099798530050403067e-01 4.679780011063814915e-01 2.158208460509458138e-01 5.062496086103139836e-01 3.902445035419583874e-01 5.521292690524458591e-01 4.151853713582731586e-02 3.744842302950264767e-01 8.836768063725379818e-01 5.700382396533265617e-01 7.994120872263676958e-01 7.286217611997765076e-01 7.307138502714320971e-01 4.606461644028881364e-01 7.777957662432555264e-02
4.579806631517751025e-01 4.977594397876858867e-01 8.105741135825904609e-01 6.677969814859596731e-01 0.000000000000000000e+00 4.472248792826957198e-01 2.458782967402892705e-01 6.450845202345272256e-01 5.757827146429927989e-01 4.559448157660257461e-01 8.558928732949042661e-01 2.996005431003362918e-01 1.282834302018531769e-02 1.232714530617882165e-01 5.896782558474089608e-01 6.670702459391741890e-01 4.812646402057693673e-01 6.412845170801888539e-01 5.932626836395318293e-01 7.170327503003619540e-01 9.259098315699905157e-01 4.669109586215117735e-01 6.685754960709021644e-01 5.136890115228506248e-01 5.014441764791769396e-01 7.900360876003458266e-01 4.772742250750073856e-01 7.300655409825782538e-01 4.318360736762181240e-01 9.096960263124529433e-01 2.310706386549925551e-01 6.955408863577244860e-01 5.497106972938933245e-01 5.506977855442561909e-01 5.035482243717988027e-01
5.140355651221606426e-02 6.183442143703423710e-01 1.209860851904630552e-01 7.852303005393738156e-01 4.472248792826957198e-01 0.000000000000000000e+00 6.563911204098642482e-01 4.246785974388057605e-01 5.743172507572794627e-01 1.700266250368455134e-01 6.262166051368394104e-01 6.306356641667522078e-01 8.951564620345805467e-01 2.968932777964260472e-01 4.112110869509089106e-01 8.261313448157603379e-02 3.326548353694858129e-01 2.062825912402022066e-01 3.968124936894012467e-01 7.049655080527702511e-01 6.626223123547090310e-01 1.111238541317431938e-01 4.332813425875140512e-01 9.071569078097563299e-01 6.068591894237345130e-01 3.968373253938541900e-01 5.580659459767012276e-01 5.105920945498519936e-01 5.306408487763449866e-01 3.349379763464021553e-01 3.566437060069039822e-01 3.259687932707594493e-01 3.214188325811080382e-01 2.730143173776077292e-01 8.167332141085549280e-01
4.127515114252330308e-01 7.982487943214598980e-01 5.950182217105766114e-01 7.658670254530768329e-01 2.458782967402892705e-01 6.563911204098642482e-01 0.000000000000000000e+00 1.254865279047158166e-01 1.138814512838116633e-01 2.603993604629770142e-01 6.343969740082715525e-01 2.578218634944519083e-01 9.311645901242793233e-01 1.740652058850955530e-02 8.008951073755348204e-01 5.909483668602618645e-01 8.232089209781464634e-01 4.676289793931192040e-01 1.884572557924364400e-01 6.981873563151088646e-01 5.652845673354445211e-01 4.995888579469648372e-01 4.730377393813748332e-01 1.717509392161413739e-01 4.402522647263476530e-01 5.381114028715578979e-01 5.129915014694076403e-01 1.455158408564394268e-02 2.842741561932924377e-01 5.472124549659134196e-01 5.251005187699987475e-01 6.376725591678532590e-01 7.505431378942558629e-01 2.050073843167173893e-01 4.257946000237592954e-01
2.167933556066459211e-01 8.094853022188764902e-01 7.976615286715214026e-01 3.378763110690652383e-01 6.450845202345272256e-01 4.246785974388057605e-01 1.254865279047158166e-01 0.000000000000000000e+00 4.345121234380702191e-01 8.247238023596017431e-01 4.974981403240766320e-01 4.822500010980685925e-01 6.510944769438022917e-01 4.929653993806663581e-01 8.871276845166471414e-01 8.630074559660405598e-01 2.346959535713798728e-01 5.517754235154231912e-01 4.042742249313526770e-01 2.249958425608765689e-01 8.245466827460196102e-01 7.875736247638753795e-01 3.190204029006608044e-01 7.018687383731641027e-01 5.462875189074674065e-01 3.616321778747746407e-01 2.873946074046556665e-01 6.831225988104987490e-01 5.533685922254292233e-01 7.043172904637065024e-01 5.413714444389784441e-01 4.233270994154266775e-01 6.340638526323625346e-01 4.559127579532997743e-01 9.040984255085749988e-01
6.504920674236580602e-01 5.070832014411988942e-01 6.106096179761550946e-01 4.167027501942124346e-01 5.757827146429927989e-01 5.743172507572794627e-01 1.138814512838116633e-01 4.345121234380702191e-01 0.000000000000000000e+00 8.701796450119803072e-01 6.131081032894494243e-01 6.527798010518370830e-01 4.473074566061774338e-01 5.371560657900329439e-01 4.370640486924439738e-01 5.430817250520070250e-01 6.196548405524319181e-01 6.869945275228174220e-01 2.384869232975994624e-01 4.362832064156185186e-01 6.799170979824966654e-01 6.440190042968114703e-01 6.019839260041690565e-01 4.218172889492655675e-01 4.933335735534820077e-01 9.222164990372270221e-01 8.824887464805311055e-01 7.609550688095085835e-01 6.928397618724130291e-01 1.910435632738897160e-01 1.787099077694405125e-01 8.115262308094784993e-01 9.292582687473693870e-01 8.783489587083187500e-01 6.730036694531373875e-01
4.188616167823285275e-01 9.214153146081140999e-01 5.866820964151953088e-01 3.271953038996579521e-01 4.559448157660257461e-01 1.700266250368455134e-01 2.603993604629770142e-01 8.247238023596017431e-01 8.701796450119803072e-01 0.000000000000000000e+00 6.806435033345192842e-01 6.421200477494114489e-01 8.366793094432836142e-01 8.289532087292824647e-01 5.133868962381360479e-01 4.838741218974222380e-01 6.184772101678200906e-01 6.097071153969266799e-01 2.318493374562968778e-01 8.066212280673490387e-01 1.231165106272722465e-01 7.724846242111262917e-01 7.323247902186111880e-01 5.069089174577807722e-01 4.830087316561197941e-01 5.232871132690524174e-01 7.237225036199170791e-01 4.137342242953139793e-01 7.751971219645510391e-01 3.321659561866041610e-01 3.714114972032855899e-01 3.934064462146495966e-01 5.044662359737610569e-01 7.114722409665719116e-02 4.045625488422762150e-01
8.981908836815847286e-01 1.805143458262810641e-01 9.528400963175973626e-01 6.971914090324864421e-01 8.558928732949042661e-01 6.262166051368394104e-01 6.343969740082715525e-01 4.974981403240766320e-01 6.131081032894494243e-01 6.806435033345192842e-01 0.000000000000000000e+00 4.733754137018206798e-01 2.577549882988665053e-01 3.600613893090511830e-01 8.469861191050551685e-01 4.563441839724385884e-01 4.445424196495604274e-01 6.258197854401892357e-01 6.584453337372281334e-01 1.988352734746063888e-01 3.643982600116034698e-01 7.636469838215453887e-01 3.607651447090600150e-01 6.689190845054086010e-01 7.575815965954084685e-01 2.067637870248506538e-02 3.626426987265067847e-01 5.542957719944496819e-01 5.689589753554564755e-01 5.946020325662126904e-01 8.427823144962769408e-01 4.258218100260435790e-01 2.747696053098481750e-01 3.963386951104368450e-01 4.580170082157939415e-01
5.059861533573495329e-01 3.518827332611398351e-01 3.640832556732752634e-01 2.511994645782403834e-01 2.996005431003362918e-01 6.306356641667522078e-01 2.578218634944519083e-01 4.822500010980685925e-01 6.527798010518370830e-01 6.421200477494114489e-01 4.733754137018206798e-01 0.000000000000000000e+00 8.129596917497026176e-01 6.657919623255184050e-01 6.790880964746210946e-01 2.893490485293819248e-01 6.027359012450292930e-01 3.936609226214307089e-01 8.390414763033439138e-01 7.848611992855178965e-01 2.099475552714596960e-01 9.140465622121107803e-01 9.418033762080613158e-01 4.266491672015447212e-01 5.737545715659888579e-01 3.299314893547614091e-01 5.600022178546389950e-01 3.565518256335097336e-01 7.430242001345455094e-01 7.825203985903814718e-01 3.021835687294056605e-01 4.090412522138301421e-01 6.827676541880427497e-01 4.913089356488098414e-01 3.822472339187942825e-01
6.278870505062543739e-01 3.504146606605555991e-01 2.808633243227317000e-01 9.170251025081065377e-01 1.282834302018531769e-02 8.951564620345805467e-01 9.311645901242793233e-01 6.510944769438022917e-01 4.473074566061774338e-01 8.366793094432836142e-01 2.577549882988665053e-01 8.129596917497026176e-01 0.000000000000000000e+00 3.267081229667112563e-01 5.103414858092190087e-01 6.212948214062418151e-01 6.093214065852001760e-01 7.525361386431370647e-01 8.927798289009081234e-01 8.138872177248184236e-01 1.157216152159203926e-01 5.726509775361605659e-01 5.800399010151857659e-01 6.890673112408601808e-01 5.468418623840087811e-02 7.641584451550066381e-01 5.890054197166657568e-01 6.906239856115659048e-01 5.383369794384842422e-01 3.942265016479528095e-01 5.346452337867135807e-02 4.977099948361670689e-01 5.880743849236675924e-01 4.490596349020387623e-01 5.765330974601206027e-01
2.730044072659209009e-01 6.461212789809877011e-01 1.170806424244724697e-01 6.320037833883079825e-01 1.232714530617882165e-01 2.968932777964260472e-01 1.740652058850955530e-02 4.929653993806663581e-01 5.371560657900329439e-01 8.289532087292824647e-01 3.600613893090511830e-01 6.657919623255184050e-01 3.267081229667112563e-01 0.000000000000000000e+00 3.100276218628498226e-01 1.638206037309725138e-01 5.819137645069962783e-01 3.442288281112536596e-01 7.666149881885543360e-01 2.226140241579671608e-01 2.810117633399538128e-01 5.760909901738024974e-01 5.270554020410570528e-01 6.771969792649505937e-01 4.930874005515806791e-01 4.596144568617632764e-02 5.575888344223801640e-01 6.132860802369135556e-01 5.755898888418440329e-01 1.909408545411498404e-01 4.389688787317103102e-02 6.866559637936003879e-01 7.906723315868481317e-01 1.555559363993445077e-01 5.187827499051492763e-01
7.527466860061364784e-01 4.841444671231299735e-01 7.276811016382210839e-01 7.490387043710970971e-01 5.896782558474089608e-01 4.112110869509089106e-01 8.008951073755348204e-01 8.871276845166471414e-01 4.370640486924439738e-01 5.133868962381360479e-01 8.469861191050551685e-01 6.790880964746210946e-01 5.103414858092190087e-01 3.100276218628498226e-01 0.000000000000000000e+00 2.313541774823121289e-01 6.356049352079078396e-01 4.302677689507227177e-01 6.728066754506384362e-01 5.350416455319839670e-01 6.545119894247747316e-01 4.643987873639244257e-01 1.913828536211669706e-01 6.996249358969210963e-01 5.791032874066147640e-01 5.911959999969904622e-01 4.934410628189079828e-01 4.561863801943216723e-01 7.937526117535468329e-01 3.975513587909989544e-01 3.958253446625103478e-01 2.420096907719176960e-01 5.021798809401518682e-01 7.722654682879256383e-01 8.995253070578523857e-02
6.428235485397586491e-01 6.674940406589606745e-01 3.318707741277118206e-01 4.933716311283208866e-01 6.670702459391741890e-01 8.261313448157603379e-02 5.909483668602618645e-01 8.630074559660405598e-01 5.430817250520070250e-01 4.838741218974222380e-01 4.563441839724385884e-01 2.893490485293819248e-01 6.212948214062418151e-01 1.638206037309725138e-01 2.313541774823121289e-01 0.000000000000000000e+00 1.180031614024106279e-01 8.876123420415205079e-01 8.678739202956455845e-01 1.799614943490097652e-01 4.321387753541234278e-01 7.318308199779610668e-01 7.916004126971393218e-01 6.469841214915701411e-01 3.638152854294511851e-01 8.951960002801992999e-01 3.967218487821342343e-01 4.718540052174697852e-01 3.737024411970513160e-01 2.582227933204390702e-01 6.292198183470942841e-01 5.681598044112405876e-01 6.077737377726953882e-01 4.018111068316475021e-01 4.795738839806584775e-02
9.068712095453823618e-01 1.861789825646024132e-01 5.736429164995280328e-01 4.866069045201825150e-01 4.812646402057693673e-01 3.326548353694858129e-01 8.232089209781464634e-01 2.346959535713798728e-01 6.196548405524319181e-01 6.184772101678200906e-01 4.445424196495604274e-01 6.027359012450292930e-01 6.093214065852001760e-01 5.819137645069962783e-01 6.356049352079078396e-01 1.180031614024106279e-01 0.000000000000000000e+00 7.460696967884072883e-01 9.129010233669456742e-01 4.722578147048569486e-01 2.545083404193057008e-01 2.293313715013686194e-01 8.881490202303133907e-01 2.892075825324352811e-01 4.832810491999312008e-01 8.103504332365023544e-01 7.790232402844504689e-01 3.637030961319956957e-01 3.701377262468988349e-01 6.426897151776915784e-01 4.412807989323346836e-01 7.267422460371455450e-01 4.270032422519834947e-01 6.500384140807454747e-01 9.367117066356952515e-01
3.807076465306786783e-01 6.886800946558687686e-01 7.130504633340658538e-01 5.419034180835191616e-01 6.412845170801888539e-01 2.062825912402022066e-01 4.676289793931192040e-01 5.517754235154231912e-01 6.869945275228174220e-01 6.097071153969266799e-01 6.258197854401892357e-01 3.936609226214307089e-01 7.525361386431370647e-01 3.442288281112536596e-01 4.302677689507227177e-01 8.876123420415205079e-01 7.460696967884072883e-01 0.000000000000000000e+00 7.920050913583963625e-01 3.111133286267033782e-01 5.896488305432949772e-01 5.742727312811839457e-01 2.703501554756412295e-01 4.365646074810304311e-01 4.888627284938321660e-01 2.639623988413157818e-01 4.066708400564031933e-01 8.217356910925539548e-01 6.331569677331775337e-01 4.823245940814677724e-01 2.016104360976851417e-01 7.962069147043249195e-01 1.136380627847770608e-01 7.669928805391901250e-01 4.402744722674584721e-01
4.682195916526317170e-01 4.919108217337894162e-01 5.343902245529696948e-01 7.048402938171025589e-01 5.932626836395318293e-01 3.968124936894012467e-01 1.884572557924364400e-01 4.042742249313526770e-01 2.384869232975994624e-01 2.318493374562968778e-01 6.584453337372281334e-01 8.390414763033439138e-01 8.927798289009081234e-01 7.666149881885543360e-01 6.728066754506384362e-01 8.678739202956455845e-01 9.129010233669456742e-01 7.920050913583963625e-01 0.000000000000000000e+00 4.421959405104550211e-01 7.815941674032171882e-01 5.623241635148428230e-01 8.747522704271488703e-01 7.971078249925442893e-01 3.692336055144131990e-01 7.174869216963911667e-01 7.027068450144078327e-01 7.848023450281355062e-01 2.014378449054198272e-01 5.193281336217114852e-01 3.514871727629360620e-01 3.381415801125554621e-01 7.998066257670692902e-01 2.500325940986594109e-01 7.400836691107379739e-01
6.624650798269331453e-01 3.957127315239412635e-01 8.701172439431905659e-01 5.822057297394203079e-01 7.170327503003619540e-01 7.049655080527702511e-01 6.981873563151088646e-01 2.249958425608765689e-01 4.362832064156185186e-01 8.066212280673490387e-01 1.988352734746063888e-01 7.848611992855178965e-01 8.138872177248184236e-01 2.226140241579671608e-01 5.350416455319839670e-01 1.799614943490097652e-01 4.722578147048569486e-01 3.111133286267033782e-01 4.421959405104550211e-01 0.000000000000000000e+00 5.333993188022287946e-01 3.618864821826817124e-01 7.133206168280382675e-01 5.131058242792476687e-01 7.512788978677701346e-01 4.161989581282131700e-01 1.103173823998279124e-01 8.088873485895868853e-01 6.291863030882161034e-01 4.840982430808646875e-01 3.954511506663259679e-01 5.038956087776120807e-01 4.452053546991449062e-01 6.521929815632767635e-01 5.127637703174485750e-01
4.737703559734228742e-01 6.079594760957651722e-01 7.023368020037377146e-01 4.099798530050403067e-01 9.259098315699905157e-01 6.626223123547090310e-01 5.652845673354445211e-01 8.245466827460196102e-01 6.799170979824966654e-01 1.231165106272722465e-01 3.643982600116034698e-01 2.099475552714596960e-01 1.157216152159203926e-01 2.810117633399538128e-01 6.545119894247747316e-01 4.321387753541234278e-01 2.545083404193057008e-01 5.896488305432949772e-01 7.815941674032171882e-01 5.333993188022287946e-01 0.000000000000000000e+00 4.445626591252980209e-01 9.203343073592538115e-01 3.575047020055144853e-01 4.947859100200757698e-01 4.199149377646540504e-01 7.870095986667570154e-01 8.691887840209255867e-02 8.004470820810209997e-01 6.335649505228905243e-01 8.745723738509301182e-01 4.765475352586491242e-01 5.383531583135939824e-01 8.488212984376699577e-01 3.407335873845922514e-01
6.272187339521545502e-01 5.354931641535611853e-01 3.712393567622311874e-01 4.679780011063814915e-01 4.669109586215117735e-01 1.111238541317431938e-01 4.995888579469648372e-01 7.875736247638753795e-01 6.440190042968114703e-01 7.724846242111262917e-01 7.636469838215453887e-01 9.140465622121107803e-01 5.726509775361605659e-01 5.760909901738024974e-01 4.643987873639244257e-01 7.318308199779610668e-01 2.293313715013686194e-01 5.742727312811839457e-01 5.623241635148428230e-01 3.618864821826817124e-01 4.445626591252980209e-01 0.000000000000000000e+00 6.792363346751227882e-01 6.739516195823336275e-02 9.049499947390996502e-01 5.932694655691996832e-01 5.679448651895828704e-01 6.952112437045254723e-01 5.093190190048338950e-01 4.563870958254083732e-01 2.909906413390160318e-01 3.147349697268891910e-01 2.474360540194742164e-01 5.281847241290000827e-01 3.594984887945986141e-01
6.575683743693119254e-01 1.064483664573896982e-01 8.676722863788675078e-01 2.158208460509458138e-01 6.685754960709021644e-01 4.332813425875140512e-01 4.730377393813748332e-01 3.190204029006608044e-01 6.019839260041690565e-01 7.323247902186111880e-01 3.607651447090600150e-01 9.418033762080613158e-01 5.800399010151857659e-01 5.270554020410570528e-01 1.913828536211669706e-01 7.916004126971393218e-01 8.881490202303133907e-01 2.703501554756412295e-01 8.747522704271488703e-01 7.133206168280382675e-01 9.203343073592538115e-01 6.792363346751227882e-01 0.000000000000000000e+00 4.237670458620850233e-01 7.614630231177865749e-01 7.329732505120818420e-01 7.606956204241166475e-01 5.449120141168388720e-01 4.724187238732924232e-01 2.587527617282016079e-01 9.150914541602772623e-01 2.814001757880080223e-01 8.020435857811337721e-01 8.010345595198475888e-01 4.579041858867437531e-01
4.683828460395685900e-01 7.894688361275689070e-01 6.180749192406853609e-01 5.062496086103139836e-01 5.136890115228506248e-01 9.071569078097563299e-01 1.717509392161413739e-01 7.018687383731641027e-01 4.218172889492655675e-01 5.069089174577807722e-01 6.689190845054086010e-01 4.266491672015447212e-01 6.890673112408601808e-01 6.771969792649505937e-01 6.996249358969210963e-01 6.469841214915701411e-01 2.892075825324352811e-01 4.365646074810304311e-01 7.971078249925442893e-01 5.131058242792476687e-01 3.575047020055144853e-01 6.739516195823336275e-02 4.237670458620850233e-01 0.000000000000000000e+00 5.066835009395104228e-01 9.237862881008335192e-01 6.766628988523306631e-01 8.338946426731546069e-01 4.135152735248709965e-01 3.242023752549723081e-01 7.215713835654233854e-01 8.425771189426864982e-01 7.547178439744360867e-01 2.805683804759973032e-01 6.776184642482290243e-01
7.040297073090551194e-01 5.593530456769728598e-01 5.657087164678991087e-01 3.902445035419583874e-01 5.014441764791769396e-01 6.068591894237345130e-01 4.402522647263476530e-01 5.462875189074674065e-01 4.933335735534820077e-01 4.830087316561197941e-01 7.575815965954084685e-01 5.737545715659888579e-01 5.468418623840087811e-02 4.930874005515806791e-01 5.791032874066147640e-01 3.638152854294511851e-01 4.832810491999312008e-01 4.888627284938321660e-01 3.692336055144131990e-01 7.512788978677701346e-01 4.947859100200757698e-01 9.049499947390996502e-01 7.614630231177865749e-01 5.066835009395104228e-01 0.000000000000000000e+00 3.512815793505699724e-01 5.004012313075623108e-01 4.419322829239614725e-01 5.511237533106312370e-01 6.093290354921774288e-01 4.024834655950597639e-01 6.423933132829531267e-01 4.092189109818997750e-01 4.499036138359631676e-01 5.985579627851014273e-01
4.306851327559670928e-01 7.298543305734964681e-01 4.738711086691318464e-01 5.521292690524458591e-01 7.900360876003458266e-01 3.968373253938541900e-01 5.381114028715578979e-01 3.616321778747746407e-01 9.222164990372270221e-01 5.232871132690524174e-01 2.067637870248506538e-02 3.299314893547614091e-01 7.641584451550066381e-01 4.596144568617632764e-02 5.911959999969904622e-01 8.951960002801992999e-01 8.103504332365023544e-01 2.639623988413157818e-01 7.174869216963911667e-01 4.161989581282131700e-01 4.199149377646540504e-01 5.932694655691996832e-01 7.329732505120818420e-01 9.237862881008335192e-01 3.512815793505699724e-01 0.000000000000000000e+00 7.713027723340342146e-01 4.885998273835185923e-01 4.965155235523371346e-01 6.712724621273384873e-01 5.302644339071992396e-01 5.512121625918222634e-01 9.062478782587031212e-01 7.735122231591142761e-01 7.000380273276853860e-01
4.127896618471251777e-01 5.830352158667795326e-01 1.682196368395497688e-01 4.151853713582731586e-02 4.772742250750073856e-01 5.580659459767012276e-01 5.129915014694076403e-01 2.873946074046556665e-01 8.824887464805311055e-01 7.237225036199170791e-01 3.626426987265067847e-01 5.600022178546389950e-01 5.890054197166657568e-01 5.575888344223801640e-01 4.934410628189079828e-01 3.967218487821342343e-01 7.790232402844504689e-01 4.066708400564031933e-01 7.027068450144078327e-01 1.103173823998279124e-01 7.870095986667570154e-01 5.679448651895828704e-01 7.606956204241166475e-01 6.766628988523306631e-01 5.004012313075623108e-01 7.713027723340342146e-01 0.000000000000000000e+00 4.861845582162631074e-01 1.971413183059530505e-01 5.154175099321505193e-01 7.089507185291932245e-01 6.604632941094252807e-01 2.909622495595545755e-01 4.440863637439343425e-01 5.335421969529862141e-01
6.106957232546946779e-01 4.858268305224222039e-01 4.704448828829697615e-01 3.744842302950264767e-01 7.300655409825782538e-01 5.105920945498519936e-01 1.455158408564394268e-02 6.831225988104987490e-01 7.609550688095085835e-01 4.137342242953139793e-01 5.542957719944496819e-01 3.565518256335097336e-01 6.906239856115659048e-01 6.132860802369135556e-01 4.561863801943216723e-01 4.718540052174697852e-01 3.637030961319956957e-01 8.217356910925539548e-01 7.848023450281355062e-01 8.088873485895868853e-01 8.691887840209255867e-02 6.952112437045254723e-01 5.449120141168388720e-01 8.338946426731546069e-01 4.419322829239614725e-01 4.885998273835185923e-01 4.861845582162631074e-01 0.000000000000000000e+00 4.463061606100103273e-01 2.130237800084451294e-01 5.414543896172103743e-01 6.275181331121290063e-01 3.413550176246057388e-01 8.462603020886765304e-01 6.055840015853848346e-01
2.965733699962997960e-01 1.463761587498626504e-01 3.373506334516823690e-01 8.836768063725379818e-01 4.318360736762181240e-01 5.306408487763449866e-01 2.842741561932924377e-01 5.533685922254292233e-01 6.928397618724130291e-01 7.751971219645510391e-01 5.689589753554564755e-01 7.430242001345455094e-01 5.383369794384842422e-01 5.755898888418440329e-01 7.937526117535468329e-01 3.737024411970513160e-01 3.701377262468988349e-01 6.331569677331775337e-01 2.014378449054198272e-01 6.291863030882161034e-01 8.004470820810209997e-01 5.093190190048338950e-01 4.724187238732924232e-01 4.135152735248709965e-01 5.511237533106312370e-01 4.965155235523371346e-01 1.971413183059530505e-01 4.463061606100103273e-01 0.000000000000000000e+00 7.895136186731771533e-01 4.617438455338460090e-01 5.176376083777056714e-01 3.007144461218196341e-01 3.330756959781101534e-01 8.028715371827788161e-01
5.919468864403589770e-01 6.737858697416612141e-01 5.053486765522006152e-01 5.700382396533265617e-01 9.096960263124529433e-01 3.349379763464021553e-01 5.472124549659134196e-01 7.043172904637065024e-01 1.910435632738897160e-01 3.321659561866041610e-01 5.946020325662126904e-01 7.825203985903814718e-01 3.942265016479528095e-01 1.909408545411498404e-01 3.975513587909989544e-01 2.582227933204390702e-01 6.426897151776915784e-01 4.823245940814677724e-01 5.193281336217114852e-01 4.840982430808646875e-01 6.335649505228905243e-01 4.563870958254083732e-01 2.587527617282016079e-01 3.242023752549723081e-01 6.093290354921774288e-01 6.712724621273384873e-01 5.154175099321505193e-01 2.130237800084451294e-01 7.895136186731771533e-01 0.000000000000000000e+00 6.731593768689186907e-01 8.677232938413215191e-01 5.759897277963428319e-01 9.214953982478775174e-01 2.242373058182217660e-01
4.100599842382783300e-01 2.479153962023248337e-01 1.229635464725800098e-01 7.994120872263676958e-01 2.310706386549925551e-01 3.566437060069039822e-01 5.251005187699987475e-01 5.413714444389784441e-01 1.787099077694405125e-01 3.714114972032855899e-01 8.427823144962769408e-01 3.021835687294056605e-01 5.346452337867135807e-02 4.389688787317103102e-02 3.958253446625103478e-01 6.292198183470942841e-01 4.412807989323346836e-01 2.016104360976851417e-01 3.514871727629360620e-01 3.954511506663259679e-01 8.745723738509301182e-01 2.909906413390160318e-01 9.150914541602772623e-01 7.215713835654233854e-01 4.024834655950597639e-01 5.302644339071992396e-01 7.089507185291932245e-01 5.414543896172103743e-01 4.617438455338460090e-01 6.731593768689186907e-01 0.000000000000000000e+00 8.610823261508369075e-01 4.428892990831926335e-01 4.636013143010205284e-01 6.065735360850179614e-01
6.049527794513693824e-01 3.511457571003424594e-01 4.083180061149678797e-01 7.286217611997765076e-01 6.955408863577244860e-01 3.259687932707594493e-01 6.376725591678532590e-01 4.233270994154266775e-01 8.115262308094784993e-01 3.934064462146495966e-01 4.258218100260435790e-01 4.090412522138301421e-01 4.977099948361670689e-01 6.866559637936003879e-01 2.420096907719176960e-01 5.681598044112405876e-01 7.267422460371455450e-01 7.962069147043249195e-01 3.381415801125554621e-01 5.038956087776120807e-01 4.765475352586491242e-01 3.147349697268891910e-01 2.814001757880080223e-01 8.425771189426864982e-01 6.423933132829531267e-01 5.512121625918222634e-01 6.604632941094252807e-01 6.275181331121290063e-01 5.176376083777056714e-01 8.677232938413215191e-01 8.610823261508369075e-01 0.000000000000000000e+00 5.421806101064046146e-01 1.998700012502832024e-01 7.566735038217422549e-01
7.569673932153351270e-01 7.685586807744150262e-01 5.173466621683889821e-01 7.307138502714320971e-01 5.497106972938933245e-01 3.214188325811080382e-01 7.505431378942558629e-01 6.340638526323625346e-01 9.292582687473693870e-01 5.044662359737610569e-01 2.747696053098481750e-01 6.827676541880427497e-01 5.880743849236675924e-01 7.906723315868481317e-01 5.021798809401518682e-01 6.077737377726953882e-01 4.270032422519834947e-01 1.136380627847770608e-01 7.998066257670692902e-01 4.452053546991449062e-01 5.383531583135939824e-01 2.474360540194742164e-01 8.020435857811337721e-01 7.547178439744360867e-01 4.092189109818997750e-01 9.062478782587031212e-01 2.909622495595545755e-01 3.413550176246057388e-01 3.007144461218196341e-01 5.759897277963428319e-01 4.428892990831926335e-01 5.421806101064046146e-01 0.000000000000000000e+00 3.438879747151074029e-01 2.733676200644802323e-01
8.332752151922576678e-01 1.035868818565524041e-01 5.746971562621956409e-01 4.606461644028881364e-01 5.506977855442561909e-01 2.730143173776077292e-01 2.050073843167173893e-01 4.559127579532997743e-01 8.783489587083187500e-01 7.114722409665719116e-02 3.963386951104368450e-01 4.913089356488098414e-01 4.490596349020387623e-01 1.555559363993445077e-01 7.722654682879256383e-01 4.018111068316475021e-01 6.500384140807454747e-01 7.669928805391901250e-01 2.500325940986594109e-01 6.521929815632767635e-01 8.488212984376699577e-01 5.281847241290000827e-01 8.010345595198475888e-01 2.805683804759973032e-01 4.499036138359631676e-01 7.735122231591142761e-01 4.440863637439343425e-01 8.462603020886765304e-01 3.330756959781101534e-01 9.214953982478775174e-01 4.636013143010205284e-01 1.998700012502832024e-01 3.438879747151074029e-01 0.000000000000000000e+00 6.017807467902760443e-01
5.721862816065335089e-01 8.252804537754345748e-01 2.418804871317485339e-01 7.777957662432555264e-02 5.035482243717988027e-01 8.167332141085549280e-01 4.257946000237592954e-01 9.040984255085749988e-01 6.730036694531373875e-01 4.045625488422762150e-01 4.580170082157939415e-01 3.822472339187942825e-01 5.765330974601206027e-01 5.187827499051492763e-01 8.995253070578523857e-02 4.795738839806584775e-02 9.367117066356952515e-01 4.402744722674584721e-01 7.400836691107379739e-01 5.127637703174485750e-01 3.407335873845922514e-01 3.594984887945986141e-01 4.579041858867437531e-01 6.776184642482290243e-01 5.985579627851014273e-01 7.000380273276853860e-01 5.335421969529862141e-01 6.055840015853848346e-01 8.028715371827788161e-01 2.242373058182217660e-01 6.065735360850179614e-01 7.566735038217422549e-01 2.733676200644802323e-01 6.017807467902760443e-01 0.000000000000000000e+00
