0.000000000000000000e+00 3.519147112377143394e-01 8.465226263835923248e-01 5.559684465467535919e-01 6.712363667872401907e-01 4.923502952293379309e-01 5.280134520512496099e-01 5.736730278256901849e-01 6.513249578607918089e-01 4.635591272825915210e-01 2.462546422443349925e-01 3.456985777003417915e-01 1.443941254712283184e-01 3.456588493037529020e-01 4.492246111136158904e-01 5.999204556995327842e-01 6.077114330716603119e-01 6.882930956044794879e-01 6.036503673622382049e-01 5.015204178048418004e-01 6.902060611075568897e-01 4.174010399716642228e-01 8.250171098872841613e-01 8.657257071828861061e-01 4.410503261092205696e-01 8.240020547645456883e-01 5.416349533975238772e-01 9.433807532945726049e-02 7.695607475372623352e-01 7.002413124609130346e-01 5.926614717310602076e-01 4.737339954887909155e-02 5.647311685575798768e-01 3.055744840508418658e-01 4.894488345134772600e-01
3.519147112377143394e-01 0.000000000000000000e+00 8.649890221453817585e-01 9.270896511144803842e-01 6.980264552618209439e-01 4.210093040934236863e-01 6.194719863024539253e-01 4.271256184622119756e-01 4.642663379870765050e-01 5.011182369106710333e-01 4.936233944445310717e-01 4.062846755602157467e-01 3.686462341861671543e-01 3.317447178643452288e-01 5.161703927296140693e-01 4.996808135345855995e-01 1.736875577745218280e-01 6.537881270016970836e-01 9.039683934874733762e-01 9.426483960690907882e-01 7.208540782926127211e-01 7.814549299328807930e-01 6.944945060514080559e-01 8.631828713822058408e-01 6.707710119473822008e-01 7.902076538750120172e-01 1.026045695758291965e-01 6.563682826042507301e-01 8.248252384927794445e-01 4.531309345508602870e-01 8.653884376432430248e-01 7.943357831339963315e-01 7.318011428774547911e-01 4.313772360681253359e-01 5.757702213381759027e-01
8.465226263835923248e-01 8.649890221453817585e-01 0.000000000000000000e+00 5.130025958612204340e-01 4.670529052986298613e-01 3.767934570904625247e-01 4.715251264339351267e-01 2.212874163321733034e-01 5.017993366897486318e-01 8.481534348814829816e-01 7.325446792522292139e-01 7.744340353345358086e-01 7.028002329396596526e-01 4.898224080945409731e-01 3.557665266351819344e-01 4.352321643040106269e-01 4.085602519315509329e-01 4.768865708758877053e-01 6.214097080233365045e-01 9.585709973605112122e-01 1.921176604367100804e-01 5.643050167503605996e-01 2.102325689563030453e-01 5.480822282038104731e-01 6.559077766597042336e-01 9.769817794810924383e-01 7.242906914720186329e-01 4.489403258876799030e-01 7.679635555355994736e-01 7.779019760191028254e-01 7.514691631157333074e-01 8.700881161337001846e-01 7.395415159860819765e-01 6.050450687001787120e-01 5.907813106525112712e-01
5.559684465467535919e-01 9.270896511144803842e-01 5.130025958612204340e-01 0.000000000000000000e+00 3.670598996379513812e-01 6.410691747520494976e-01 7.738664701716293504e-01 7.600791141166738374e-01 7.175065591914500107e-01 7.244923648376886405e-01 5.852068411952131566e-01 3.986185562422209783e-01 3.992569695336077862e-01 5.949092910511255550e-01 6.721033961751516905e-01 5.430871057683821501e-01 4.655401888395006571e-01 5.077399222136840251e-01 5.921078021365817623e-01 3.150028984447048597e-01 5.685494324601667593e-01 9.631781553315413857e-01 8.072920911596755955e-01 5.048232350513546240e-01 3.156937899651386381e-01 3.660802323313272488e-02 5.045233553276047278e-01 4.338312439804656861e-01 1.466385010882822471e-01 7.508845269726381888e-01 4.469961395017614247e-01 6.542313649578214152e-01 4.835588530175617406e-01 3.705306263327514671e-01 8.718666961842569396e-01
6.712363667872401907e-01 6.980264552618209439e-01 4.670529052986298613e-01 3.670598996379513812e-01 0.000000000000000000e+00 2.113191780709334777e-01 4.833190683733663007e-01 4.731542353105031018e-01 6.167974236740947358e-01 5.253122582418252584e-01 8.323215692849095237e-01 8.628568851243627602e-01 2.607051788740643028e-01 7.743057164800490888e-01 6.822735468135885384e-01 5.275146090587556902e-01 6.179345704694689800e-01 4.278404653737982177e-01 6.926410717561393149e-01 5.553391432594494415e-01 6.117535592300927805e-01 6.310724172328417980e-01 6.294694515762575548e-01 7.716331508271506712e-01 5.404110788750937644e-01 7.010439818807570056e-01 9.101162118737906592e-01 5.237183973989134600e-01 4.328290084526798531e-01 6.810111034438065536e-01 4.223528448316473671e-01 7.069892039935471439e-01 8.072027639439789404e-01 5.802990104551941641e-01 7.463384686849692251e-01
4.923502952293379309e-01 4.210093040934236863e-01 3.767934570904625247e-01 6.410691747520494976e-01 2.113191780709334777e-01 0.000000000000000000e+00 4.924078326471778566e-01 8.809540885398894350e-01 7.989114799607617279e-01 4.897352908170360397e-01 4.441656854039980895e-01 5.232708172006067526e-01 4.686130585925699643e-01 7.977376379930718464e-01 6.799597221683765236e-01 6.894488970887538981e-01 3.302102113600541844e-01 5.261192339263003337e-01 3.822673380460905879e-01 5.801744417317966640e-01 5.656751015496176427e-01 4.758236367181006843e-01 5.993848500911485022e-01 4.736248826687904923e-01 8.681503361250162421e-01 4.357026623634167595e-01 5.254263574767399358e-01 1.763102007776875535e-01 3.568122518390137721e-01 5.154686766962199851e-01 5.486593760359697036e-01 6.521493906862818601e-01 6.747987012484162328e-01 3.935719905718612077e-01 5.118962322818070287e-01
5.280134520512496099e-01 6.194719863024539253e-01 4.715251264339351267e-01 7.738664701716293504e-01 4.833190683733663007e-01 4.924078326471778566e-01 0.000000000000000000e+00 6.449895656851815096e-01 7.062737675431285389e-01 8.537072985925637791e-01 8.511610514512032433e-01 1.773782365507196035e-01 7.075597879577417704e-01 6.156764349182763940e-01 6.282106550076766993e-01 4.221569477987214269e-01 7.165201307973781963e-01 5.313568903923902020e-01 5.443572131246170454e-01 4.395168605981786270e-01 5.286841871895351375e-01 4.559799960153586573e-01 7.072788585001890116e-01 9.357812115041909129e-01 5.566661356303972408e-01 4.495077623804955014e-01 5.910846149328288224e-01 1.894058963364649850e-01 7.727311672152968880e-01 5.246683106419198772e-01 6.815675241606817814e-01 3.606062303537013736e-01 5.749472238751563991e-01 6.683133002378884857e-01 4.944803303086827695e-01
5.736730278256901849e-01 4.271256184622119756e-01 2.212874163321733034e-01 7.600791141166738374e-01 4.731542353105031018e-01 8.809540885398894350e-01 6.449895656851815096e-01 0.000000000000000000e+00 7.761295040201812157e-01 8.402412534346255235e-01 9.013210810917473559e-01 4.928408136671177942e-01 9.156023256157335144e-01 5.841059464649682731e-01 3.210482000410097569e-01 7.034131805231340628e-01 8.035994950820528615e-01 4.536984158422013302e-01 8.613371353424068566e-01 6.289891510609060266e-01 4.841280454844134606e-01 6.026983999772049794e-01 8.291320116203733104e-01 3.888988253068934586e-01 7.182660797905362493e-01 6.812468210885829212e-01 6.420820710522067154e-01 4.196081328986734915e-01 6.310810418233196994e-01 2.503623680945235019e-01 6.300691801230093869e-01 4.839397603527244573e-01 4.443638043298860363e-01 3.810961324792134230e-01 6.096132145633432753e-01
6.513249578607918089e-01 4.642663379870765050e-01 5.017993366897486318e-01 7.175065591914500107e-01 6.167974236740947358e-01 7.989114799607617279e-01 7.062737675431285389e-01 7.761295040201812157e-01 0.000000000000000000e+00 8.529449521777581200e-01 2.360588317575545991e-01 2.827729192016460447e-01 7.522007810594050214e-01 8.061717047007281867e-01 7.410544500812135116e-01 1.663791736088572892e-01 5.723403755670537496e-01 4.622164228146836140e-01 8.278117444498922506e-01 6.209789522273849727e-01 9.891559935824363325e-01 6.521508337547669010e-01 7.460419287300701363e-01 7.938172682185589135e-01 4.182378904587885082e-01 8.470973879016439056e-01 3.725877692228065641e-01 4.377715833533915024e-01 1.509314206135485281e-01 7.700835791300726374e-01 5.687033250962587605e-01 5.043748325338744953e-01 4.251048784779045686e-01 3.879917934587162609e-01 5.434099177855171714e-01
4.635591272825915210e-01 5.011182369106710333e-01 8.481534348814829816e-01 7.244923648376886405e-01 5.253122582418252584e-01 4.897352908170360397e-01 8.537072985925637791e-01 8.402412534346255235e-01 8.529449521777581200e-01 0.000000000000000000e+00 7.042534649348508591e-01 4.692427217081066027e-01 7.454386188974280181e-01 2.543193684951085554e-01 2.730082908567379452e-01 7.872652351667974724e-01 4.761519281645463786e-01 5.492889933301330352e-01 7.756180987849825570e-01 5.532919140609537934e-01 5.686769421520655454e-01 9.108238273822655273e-01 7.107102491012747825e-01 4.913106799307657147e-01 7.453074681887050801e-01 5.500736514180606385e-01 3.772877812559172206e-01 4.749464396678040878e-01 5.215329993616528714e-01 5.367659569491396443e-01 6.280506238210564751e-01 4.892016630797418886e-01 8.339269790272169081e-01 2.597186852264067314e-01 6.587917729496921559e-01
2.462546422443349925e-01 4.936233944445310717e-01 7.325446792522292139e-01 5.852068411952131566e-01 8.323215692849095237e-01 4.441656854039980895e-01 8.511610514512032433e-01 9.013210810917473559e-01 2.360588317575545991e-01 7.042534649348508591e-01 0.000000000000000000e+00 7.379124398581633493e-01 6.811608757033769113e-01 6.144934696995687506e-01 3.964351056023674991e-01 5.742030768332713198e-01 8.502347622826509355e-01 2.900452264548174508e-01 4.523500239329140693e-01 4.288414678579448580e-01 1.455576567684871425e-01 5.139335154482536083e-01 4.787213683140760789e-01 7.212658897263755087e-01 6.642176973288842490e-01 1.837554548437852486e-01 7.097805755376562775e-01 9.163845985117139437e-01 4.650061225195275538e-01 4.007001081891681804e-01 9.231999952007183818e-01 3.144458742525696460e-01 5.797443454035415833e-01 4.100809772934682629e-01 5.586830074807884738e-01
3.456985777003417915e-01 4.062846755602157467e-01 7.744340353345358086e-01 3.986185562422209783e-01 8.628568851243627602e-01 5.232708172006067526e-01 1.773782365507196035e-01 4.928408136671177942e-01 2.827729192016460447e-01 4.692427217081066027e-01 7.379124398581633493e-01 0.000000000000000000e+00 4.221223320136503476e-01 8.616167966465311245e-01 4.505128368301394848e-01 3.014520098749831067e-01 4.994969467388684081e-01 5.210460265402179214e-01 9.289149952360570284e-01 3.008135368759994877e-01 7.181295561579308373e-01 9.435832816979419224e-01 5.190053744491524013e-01 4.806590872603662690e-01 6.416001312184498317e-01 4.376652485435547080e-01 4.699349504255617704e-01 8.374202100072312138e-01 2.184572498513628336e-01 3.229636499778932857e-01 6.381190861152461480e-01 5.089481002876862226e-01 4.793212972131801752e-01 5.669365145356981550e-01 4.275327757969992204e-01
1.443941254712283184e-01 3.686462341861671543e-01 7.028002329396596526e-01 3.992569695336077862e-01 2.607051788740643028e-01 4.686130585925699643e-01 7.075597879577417704e-01 9.156023256157335144e-01 7.522007810594050214e-01 7.454386188974280181e-01 6.811608757033769113e-01 4.221223320136503476e-01 0.000000000000000000e+00 7.315685090450477768e-01 5.563053584939575691e-01 8.824169436908124720e-01 4.339908325251650711e-01 4.512941366592239101e-01 8.648264119676285500e-01 7.635077681790334303e-01 7.953226655047667126e-01 6.671513107161899381e-01 4.127543089386155328e-01 9.354441816575301827e-01 7.344598486978863860e-01 7.401053314610031020e-01 1.653204623846200594e-01 4.599289579279363660e-01 4.058829449166945214e-01 4.718985698657223171e-01 8.724625013711941879e-01 4.927792160034303315e-01 7.192560294246107544e-01 4.534931157522978928e-01 5.495607299633167298e-01
3.456588493037529020e-01 3.317447178643452288e-01 4.898224080945409731e-01 5.949092910511255550e-01 7.743057164800490888e-01 7.977376379930718464e-01 6.156764349182763940e-01 5.841059464649682731e-01 8.061717047007281867e-01 2.543193684951085554e-01 6.144934696995687506e-01 8.616167966465311245e-01 7.315685090450477768e-01 0.000000000000000000e+00 7.551134640583850866e-01 5.148546157224879183e-01 5.295067581888035502e-01 8.351026003989392432e-01 2.937456069642958023e-01 8.081449444115114122e-01 7.136160681726828603e-01 5.574608853523442820e-01 1.748675263381036515e-01 1.927500968606183918e-01 3.280899400118011400e-01 6.539275891276097319e-01 5.436181498587289163e-01 7.514591276906711359e-01 3.203791088749516902e-01 6.654176098027959618e-01 7.405918555589673380e-01 9.174168794025427953e-01 7.480378764127113556e-01 2.805158172095590929e-01 2.752095394222852653e-01
4.492246111136158904e-01 5.161703927296140693e-01 3.557665266351819344e-01 6.721033961751516905e-01 6.822735468135885384e-01 6.799597221683765236e-01 6.282106550076766993e-01 3.210482000410097569e-01 7.410544500812135116e-01 2.730082908567379452e-01 3.964351056023674991e-01 4.505128368301394848e-01 5.563053584939575691e-01 7.551134640583850866e-01 0.000000000000000000e+00 6.494091085551654263e-01 7.005073150525302772e-01 5.923682317651981499e-01 4.764074660763668589e-01 2.727715672860575591e-01 4.773434917110471187e-01 4.570171303334363833e-01 5.591101063685020023e-01 3.832436814903351641e-01 6.368469866316623929e-01 7.734713128114835134e-01 4.212259049115589793e-01 3.091826469941559297e-01 5.457661732700933577e-01 8.045605656037035924e-01 4.502048069528484242e-01 4.009890852447355325e-01 7.897912297606938248e-01 2.558470641166392667e-01 5.642724639488259086e-01
5.999204556995327842e-01 4.996808135345855995e-01 4.352321643040106269e-01 5.430871057683821501e-01 5.275146090587556902e-01 6.894488970887538981e-01 4.221569477987214269e-01 7.034131805231340628e-01 1.663791736088572892e-01 7.872652351667974724e-01 5.742030768332713198e-01 3.014520098749831067e-01 8.824169436908124720e-01 5.148546157224879183e-01 6.494091085551654263e-01 0.000000000000000000e+00 4.948269765538864662e-01 7.572339594108914440e-01 1.566835926848826333e-01 7.996872574449187532e-02 8.586629541538697286e-01 7.869665494382656057e-01 4.685847912234639145e-01 2.277617548380278245e-01 3.064973866975020389e-01 7.626944900910375136e-01 4.422260834897416837e-01 5.723758356350255871e-01 8.207976286249376585e-01 6.724550574346636056e-01 5.381171319691380184e-01 1.783036556162291841e-01 2.725903808770921977e-01 4.451659506402672051e-02 6.163223443400949186e-01
6.077114330716603119e-01 1.736875577745218280e-01 4.085602519315509329e-01 4.655401888395006571e-01 6.179345704694689800e-01 3.302102113600541844e-01 7.165201307973781963e-01 8.035994950820528615e-01 5.723403755670537496e-01 4.761519281645463786e-01 8.502347622826509355e-01 4.994969467388684081e-01 4.339908325251650711e-01 5.295067581888035502e-01 7.005073150525302772e-01 4.948269765538864662e-01 0.000000000000000000e+00 4.006521623565970636e-01 4.657382821766594683e-01 2.614207693179415593e-01 4.225005271368458826e-01 5.492583451885811874e-01 8.152376616491119332e-01 3.214872463135929337e-01 6.333695749570236178e-01 5.042392893500639017e-01 8.268554584959686427e-02 9.034521229360876760e-01 7.650772604253792686e-01 3.107398262711700831e-01 7.010239094995234232e-01 9.141998720043837956e-01 8.150143186157712272e-01 6.680604206190918770e-01 1.376726856622537687e-01
6.882930956044794879e-01 6.537881270016970836e-01 4.768865708758877053e-01 5.077399222136840251e-01 4.278404653737982177e-01 5.261192339263003337e-01 5.313568903923902020e-01 4.536984158422013302e-01 4.622164228146836140e-01 5.492889933301330352e-01 2.900452264548174508e-01 5.210460265402179214e-01 4.512941366592239101e-01 8.351026003989392432e-01 5.923682317651981499e-01 7.572339594108914440e-01 4.006521623565970636e-01 0.000000000000000000e+00 5.695322721100002372e-01 7.568303473276576376e-01 4.501460475103118419e-01 7.427066402683071278e-01 6.312306932004210225e-01 8.389962484243729257e-01 6.051807614428389437e-01 5.648601571426254964e-01 6.625987339323062830e-01 6.437076040537915711e-01 8.036055041022760470e-01 7.319911589631061810e-01 8.959231634643756159e-01 6.713935861835185204e-01 5.470545963282189561e-01 5.298794923085670128e-01 7.862674652191712354e-01
6.036503673622382049e-01 9.039683934874733762e-01 6.214097080233365045e-01 5.921078021365817623e-01 6.926410717561393149e-01 3.822673380460905879e-01 5.443572131246170454e-01 8.613371353424068566e-01 8.278117444498922506e-01 7.756180987849825570e-01 4.523500239329140693e-01 9.289149952360570284e-01 8.648264119676285500e-01 2.937456069642958023e-01 4.764074660763668589e-01 1.566835926848826333e-01 4.657382821766594683e-01 5.695322721100002372e-01 0.000000000000000000e+00 1.685533496811421061e-01 7.364972546116321794e-01 8.684769774944534060e-02 1.992748472783960612e-01 4.944222391534756067e-01 1.551522722844689284e-02 5.299330363601023608e-01 3.134476596189667008e-01 9.266425862524516610e-01 3.460312633030197538e-01 4.139254227083327131e-01 3.340982751749576041e-01 6.604411319188774332e-01 6.814102940169426414e-01 5.754678074950397848e-01 4.932075669861942235e-01
5.015204178048418004e-01 9.426483960690907882e-01 9.585709973605112122e-01 3.150028984447048597e-01 5.553391432594494415e-01 5.801744417317966640e-01 4.395168605981786270e-01 6.289891510609060266e-01 6.209789522273849727e-01 5.532919140609537934e-01 4.288414678579448580e-01 3.008135368759994877e-01 7.635077681790334303e-01 8.081449444115114122e-01 2.727715672860575591e-01 7.996872574449187532e-02 2.614207693179415593e-01 7.568303473276576376e-01 1.685533496811421061e-01 0.000000000000000000e+00 6.870391876065280456e-01 7.009668404682561915e-01 1.879641217767915595e-01 6.288468729756666598e-01 9.368582576748003543e-01 8.648051467089967748e-01 5.037427269639438432e-01 5.368416314898215580e-01 7.616903953103169034e-01 6.057239054031583469e-01 5.961321199575871921e-01 2.901440931403864720e-01 4.710629702987330081e-01 8.008190036940183720e-01 5.857902987831963282e-01
6.902060611075568897e-01 7.208540782926127211e-01 1.921176604367100804e-01 5.685494324601667593e-01 6.117535592300927805e-01 5.656751015496176427e-01 5.286841871895351375e-01 4.841280454844134606e-01 9.891559935824363325e-01 5.686769421520655454e-01 1.455576567684871425e-01 7.181295561579308373e-01 7.953226655047667126e-01 7.136160681726828603e-01 4.773434917110471187e-01 8.586629541538697286e-01 4.225005271368458826e-01 4.501460475103118419e-01 7.364972546116321794e-01 6.870391876065280456e-01 0.000000000000000000e+00 5.480705965679688596e-02 6.709015573306889024e-01 4.652249047888398215e-01 5.648385750016895468e-01 5.186770289291562364e-01 4.206974294759867616e-01 5.084201781934616360e-01 8.016606988472604334e-01 4.784526690283827932e-01 7.296869574077584630e-01 4.831988009153583841e-01 3.629267188285050239e-01 9.093388432056894732e-01 6.083276586061781011e-01
4.174010399716642228e-01 7.814549299328807930e-01 5.643050167503605996e-01 9.631781553315413857e-01 6.310724172328417980e-01 4.758236367181006843e-01 4.559799960153586573e-01 6.026983999772049794e-01 6.521508337547669010e-01 9.108238273822655273e-01 5.139335154482536083e-01 9.435832816979419224e-01 6.671513107161899381e-01 5.574608853523442820e-01 4.570171303334363833e-01 7.869665494382656057e-01 5.492583451885811874e-01 7.427066402683071278e-01 8.684769774944534060e-02 7.009668404682561915e-01 5.480705965679688596e-02 0.000000000000000000e+00 6.629862152933794217e-01 5.139950822725700696e-01 4.470889111728343912e-01 7.331543747080881968e-02 5.428916745770109298e-01 6.378549022208274133e-01 5.601469201417158539e-01 5.531238826464474068e-01 4.853273163028701265e-01 5.542500414441072776e-01 6.837590612915488419e-01 4.194251184768330587e-01 4.674181253582538331e-01
8.250171098872841613e-01 6.944945060514080559e-01 2.102325689563030453e-01 8.072920911596755955e-01 6.294694515762575548e-01 5.993848500911485022e-01 7.072788585001890116e-01 8.291320116203733104e-01 7.460419287300701363e-01 7.107102491012747825e-01 4.787213683140760789e-01 5.190053744491524013e-01 4.127543089386155328e-01 1.748675263381036515e-01 5.591101063685020023e-01 4.685847912234639145e-01 8.152376616491119332e-01 6.312306932004210225e-01 1.992748472783960612e-01 1.879641217767915595e-01 6.709015573306889024e-01 6.629862152933794217e-01 0.000000000000000000e+00 6.368014079010286821e-01 4.398317401848332864e-01 8.792659562963109909e-01 2.445907480577155235e-01 3.238678974647012376e-01 8.596691897491697265e-01 7.048080959794033040e-01 5.166759088607439931e-01 4.970531657339534171e-01 5.635190869936246294e-02 5.827075010138806910e-01 6.361915635895267762e-01
8.657257071828861061e-01 8.631828713822058408e-01 5.480822282038104731e-01 5.048232350513546240e-01 7.716331508271506712e-01 4.736248826687904923e-01 9.357812115041909129e-01 3.888988253068934586e-01 7.938172682185589135e-01 4.913106799307657147e-01 7.212658897263755087e-01 4.806590872603662690e-01 9.354441816575301827e-01 1.927500968606183918e-01 3.832436814903351641e-01 2.277617548380278245e-01 3.214872463135929337e-01 8.389962484243729257e-01 4.944222391534756067e-01 6.288468729756666598e-01 4.652249047888398215e-01 5.139950822725700696e-01 6.368014079010286821e-01 0.000000000000000000e+00 5.763780170606999098e-01 6.370334007948066368e-01 5.789290086052873985e-01 4.898706872706315441e-01 1.939709959193520739e-01 5.659390010544811389e-01 1.660984928675186545e-01 5.657938034876524025e-01 4.850808922622986130e-01 8.632744482718007761e-01 6.040424662076389062e-01
4.410503261092205696e-01 6.707710119473822008e-01 6.559077766597042336e-01 3.156937899651386381e-01 5.404110788750937644e-01 8.681503361250162421e-01 5.566661356303972408e-01 7.182660797905362493e-01 4.182378904587885082e-01 7.453074681887050801e-01 6.642176973288842490e-01 6.416001312184498317e-01 7.344598486978863860e-01 3.280899400118011400e-01 6.368469866316623929e-01 3.064973866975020389e-01 6.333695749570236178e-01 6.051807614428389437e-01 1.551522722844689284e-02 9.368582576748003543e-01 5.648385750016895468e-01 4.470889111728343912e-01 4.398317401848332864e-01 5.763780170606999098e-01 0.000000000000000000e+00 7.335922463996991105e-01 7.277977558687778181e-01 6.332152085916098461e-02 2.655447301880001776e-01 4.817350764478498526e-01 9.522892523703905265e-01 1.448920820586208080e-01 3.646426486681856316e-01 4.656065069324853978e-01 5.284526771897901654e-02
8.240020547645456883e-01 7.902076538750120172e-01 9.769817794810924383e-01 3.660802323313272488e-02 7.010439818807570056e-01 4.357026623634167595e-01 4.495077623804955014e-01 6.812468210885829212e-01 8.470973879016439056e-01 5.500736514180606385e-01 1.837554548437852486e-01 4.376652485435547080e-01 7.401053314610031020e-01 6.539275891276097319e-01 7.734713128114835134e-01 7.626944900910375136e-01 5.042392893500639017e-01 5.648601571426254964e-01 5.299330363601023608e-01 8.648051467089967748e-01 5.186770289291562364e-01 7.331543747080881968e-02 8.792659562963109909e-01 6.370334007948066368e-01 7.335922463996991105e-01 0.000000000000000000e+00 8.280206291436800203e-01 8.086452337413545521e-01 7.045799198644370209e-01 4.454944204133267638e-01 7.507581668964975474e-01 3.679040494481492507e-01 6.299687776669518069e-01 6.649609931575275468e-01 5.921726875177499849e-01
5.416349533975238772e-01 1.026045695758291965e-01 7.242906914720186329e-01 5.045233553276047278e-01 9.101162118737906592e-01 5.254263574767399358e-01 5.910846149328288224e-01 6.420820710522067154e-01 3.725877692228065641e-01 3.772877812559172206e-01 7.097805755376562775e-01 4.699349504255617704e-01 1.653204623846200594e-01 5.436181498587289163e-01 4.212259049115589793e-01 4.422260834897416837e-01 8.268554584959686427e-02 6.625987339323062830e-01 3.134476596189667008e-01 5.037427269639438432e-01 4.206974294759867616e-01 5.428916745770109298e-01 2.445907480577155235e-01 5.789290086052873985e-01 7.277977558687778181e-01 8.280206291436800203e-01 0.000000000000000000e+00 8.652290652106406910e-01 3.123198338964647824e-01 5.340103702450091916e-01 6.260092881597270065e-01 7.822623630489633495e-01 5.771024575035829107e-01 5.799181478688981706e-01 7.470960047004790994e-01
9.433807532945726049e-02 6.563682826042507301e-01 4.489403258876799030e-01 4.338312439804656861e-01 5.237183973989134600e-01 1.763102007776875535e-01 1.894058963364649850e-01 4.196081328986734915e-01 4.377715833533915024e-01 4.749464396678040878e-01 9.163845985117139437e-01 8.374202100072312138e-01 4.599289579279363660e-01 7.514591276906711359e-01 3.091826469941559297e-01 5.723758356350255871e-01 9.034521229360876760e-01 6.437076040537915711e-01 9.266425862524516610e-01 5.368416314898215580e-01 5.084201781934616360e-01 6.378549022208274133e-01 3.238678974647012376e-01 4.898706872706315441e-01 6.332152085916098461e-02 8.086452337413545521e-01 8.652290652106406910e-01 0.000000000000000000e+00 6.189687341038150326e-01 1.490973183929058532e-01 8.875094383322796876e-01 7.636898543390329142e-01 4.517532646335287172e-02 7.317718811112730037e-01 7.346569132567399851e-01
7.695607475372623352e-01 8.248252384927794445e-01 7.679635555355994736e-01 1.466385010882822471e-01 4.328290084526798531e-01 3.568122518390137721e-01 7.727311672152968880e-01 6.310810418233196994e-01 1.509314206135485281e-01 5.215329993616528714e-01 4.650061225195275538e-01 2.184572498513628336e-01 4.058829449166945214e-01 3.203791088749516902e-01 5.457661732700933577e-01 8.207976286249376585e-01 7.650772604253792686e-01 8.036055041022760470e-01 3.460312633030197538e-01 7.616903953103169034e-01 8.016606988472604334e-01 5.601469201417158539e-01 8.596691897491697265e-01 1.939709959193520739e-01 2.655447301880001776e-01 7.045799198644370209e-01 3.123198338964647824e-01 6.189687341038150326e-01 0.000000000000000000e+00 4.108306496801997776e-01 5.438352809140108990e-01 7.832889372460472011e-02 4.817655185640809523e-01 4.531039452159894565e-01 5.258366557807394592e-01
7.002413124609130346e-01 4.531309345508602870e-01 7.779019760191028254e-01 7.508845269726381888e-01 6.810111034438065536e-01 5.154686766962199851e-01 5.246683106419198772e-01 2.503623680945235019e-01 7.700835791300726374e-01 5.367659569491396443e-01 4.007001081891681804e-01 3.229636499778932857e-01 4.718985698657223171e-01 6.654176098027959618e-01 8.045605656037035924e-01 6.724550574346636056e-01 3.107398262711700831e-01 7.319911589631061810e-01 4.139254227083327131e-01 6.057239054031583469e-01 4.784526690283827932e-01 5.531238826464474068e-01 7.048080959794033040e-01 5.659390010544811389e-01 4.817350764478498526e-01 4.454944204133267638e-01 5.340103702450091916e-01 1.490973183929058532e-01 4.108306496801997776e-01 0.000000000000000000e+00 5.336934135986959316e-01 4.495261943242661040e-01 1.375724688255277606e-01 7.355088256405077907e-01 9.126277551947648004e-01
5.926614717310602076e-01 8.653884376432430248e-01 7.514691631157333074e-01 4.469961395017614247e-01 4.223528448316473671e-01 5.486593760359697036e-01 6.815675241606817814e-01 6.300691801230093869e-01 5.687033250962587605e-01 6.280506238210564751e-01 9.231999952007183818e-01 6.381190861152461480e-01 8.724625013711941879e-01 7.405918555589673380e-01 4.502048069528484242e-01 5.381171319691380184e-01 7.010239094995234232e-01 8.959231634643756159e-01 3.340982751749576041e-01 5.961321199575871921e-01 7.296869574077584630e-01 4.853273163028701265e-01 5.166759088607439931e-01 1.660984928675186545e-01 9.522892523703905265e-01 7.507581668964975474e-01 6.260092881597270065e-01 8.875094383322796876e-01 5.438352809140108990e-01 5.336934135986959316e-01 0.000000000000000000e+00 6.228525313525609119e-01 3.420597805684194581e-01 3.020540996967271408e-01 4.419330196263167032e-01
4.737339954887909155e-02 7.943357831339963315e-01 8.700881161337001846e-01 6.542313649578214152e-01 7.069892039935471439e-01 6.521493906862818601e-01 3.606062303537013736e-01 4.839397603527244573e-01 5.043748325338744953e-01 4.892016630797418886e-01 3.144458742525696460e-01 5.089481002876862226e-01 4.927792160034303315e-01 9.174168794025427953e-01 4.009890852447355325e-01 1.783036556162291841e-01 9.141998720043837956e-01 6.713935861835185204e-01 6.604411319188774332e-01 2.901440931403864720e-01 4.831988009153583841e-01 5.542500414441072776e-01 4.970531657339534171e-01 5.657938034876524025e-01 1.448920820586208080e-01 3.679040494481492507e-01 7.822623630489633495e-01 7.636898543390329142e-01 7.832889372460472011e-02 4.495261943242661040e-01 6.228525313525609119e-01 0.000000000000000000e+00 6.989365106836942232e-02 6.257277023730372090e-01 8.698635205697222705e-01
5.647311685575798768e-01 7.318011428774547911e-01 7.395415159860819765e-01 4.835588530175617406e-01 8.072027639439789404e-01 6.747987012484162328e-01 5.749472238751563991e-01 4.443638043298860363e-01 4.251048784779045686e-01 8.339269790272169081e-01 5.797443454035415833e-01 4.793212972131801752e-01 7.192560294246107544e-01 7.480378764127113556e-01 7.897912297606938248e-01 2.725903808770921977e-01 8.150143186157712272e-01 5.470545963282189561e-01 6.814102940169426414e-01 4.710629702987330081e-01 3.629267188285050239e-01 6.837590612915488419e-01 5.635190869936246294e-02 4.850808922622986130e-01 3.646426486681856316e-01 6.299687776669518069e-01 5.771024575035829107e-01 4.517532646335287172e-02 4.817655185640809523e-01 1.375724688255277606e-01 3.420597805684194581e-01 6.989365106836942232e-02 0.000000000000000000e+00 5.756142441061247172e-01 6.834460726772575434e-01
3.055744840508418658e-01 4.313772360681253359e-01 6.050450687001787120e-01 3.705306263327514671e-01 5.802990104551941641e-01 3.935719905718612077e-01 6.683133002378884857e-01 3.810961324792134230e-01 3.879917934587162609e-01 2.597186852264067314e-01 4.100809772934682629e-01 5.669365145356981550e-01 4.534931157522978928e-01 2.805158172095590929e-01 2.558470641166392667e-01 4.451659506402672051e-02 6.680604206190918770e-01 5.298794923085670128e-01 5.754678074950397848e-01 8.008190036940183720e-01 9.093388432056894732e-01 4.194251184768330587e-01 5.827075010138806910e-01 8.632744482718007761e-01 4.656065069324853978e-01 6.649609931575275468e-01 5.799181478688981706e-01 7.317718811112730037e-01 4.531039452159894565e-01 7.355088256405077907e-01 3.020540996967271408e-01 6.257277023730372090e-01 5.756142441061247172e-01 0.000000000000000000e+00 8.454931040688120625e-01
4.894488345134772600e-01 5.757702213381759027e-01 5.907813106525112712e-01 8.718666961842569396e-01 7.463384686849692251e-01 5.118962322818070287e-01 4.944803303086827695e-01 6.096132145633432753e-01 5.434099177855171714e-01 6.587917729496921559e-01 5.586830074807884738e-01 4.275327757969992204e-01 5.495607299633167298e-01 2.752095394222852653e-01 5.642724639488259086e-01 6.163223443400949186e-01 1.376726856622537687e-01 7.862674652191712354e-01 4.932075669861942235e-01 5.857902987831963282e-01 6.083276586061781011e-01 4.674181253582538331e-01 6.361915635895267762e-01 6.040424662076389062e-01 5.284526771897901654e-02 5.921726875177499849e-01 7.470960047004790994e-01 7.346569132567399851e-01 5.258366557807394592e-01 9.126277551947648004e-01 4.419330196263167032e-01 8.698635205697222705e-01 6.834460726772575434e-01 8.454931040688120625e-01 0.000000000000000000e+00
