0.000000000000000000e+00 1.160911331244914857e-01 5.794392245014197140e-01 7.103715230746998621e-01 8.799755798076174251e-01 1.598283413840723699e-01 9.415177816152398016e-01 8.572558434731158972e-02 9.139529817041518456e-01 5.211860265712220386e-01 6.760284114775583220e-02 9.655641892601255494e-01 6.676899291468596509e-02 9.005586871088160361e-01 6.084314809150916936e-01 8.741523247300068133e-01 4.829091723379211887e-01 5.435655807255822536e-01 3.547252444951386474e-01 7.779413197785949308e-01 4.480891105844573286e-01 7.058416580720757727e-01 5.440331243849499954e-01 4.832319131499541731e-01 8.824541268466468136e-02 5.125731725482065571e-01 4.107117997462929604e-01 8.216219713331471830e-01 5.087263835582049865e-01 1.859426727779122102e-01 5.932284184788239045e-01 4.231892990678753907e-02 7.063602499798872225e-01 4.011813799025367722e-01 7.573618768936022372e-01
1.160911331244914857e-01 0.000000000000000000e+00 2.413313050884466904e-01 4.395432848431637396e-01 4.083752514448394932e-01 9.820008594960838444e-02 8.310831666390043893e-01 5.673045486303643914e-01 1.308235540908421202e-01 8.220181621388872317e-01 3.709488371061742118e-01 4.353924057120969193e-01 9.286949332492737685e-01 6.966650074972070561e-01 8.841899173989606897e-01 7.878081146714426275e-01 6.924558871503555535e-01 5.749521046971630689e-01 4.201743652214121605e-01 5.387659944528895295e-01 3.031969450246484454e-01 2.812765546735905842e-01 4.683215416139238640e-01 6.635504610609898046e-01 7.410565220026656963e-01 5.993511185455120405e-01 4.064405019880512615e-01 7.636063299479322053e-01 7.399288624160780259e-01 4.662568813644152321e-01 7.225673887121103478e-01 8.968008839027593604e-01 9.617473273649435050e-01 5.006710880874782887e-01 7.578360578523271052e-01
5.794392245014197140e-01 2.413313050884466904e-01 0.000000000000000000e+00 5.232837641307512833e-01 3.676381623244124319e-01 4.995654367114129579e-01 4.074281061159193973e-01 3.969530656692921156e-01 8.635365684591731483e-01 4.797914366303279721e-02 5.394427710539320131e-01 8.221150597000842497e-01 1.257742683815404883e-01 7.111880094921376738e-01 7.927529191264296449e-01 6.208807071996058635e-01 4.174116607534679169e-01 5.182579157280514659e-01 2.320732352982013413e-01 8.337861790196408052e-01 5.714025742779631489e-01 4.000374409398561593e-01 5.253801362926920904e-01 7.340206477296484788e-01 7.230757113477812581e-01 5.664967047351538998e-01 5.018346581672719076e-01 4.877199164080343041e-01 5.181195352139951193e-01 3.881286758090028988e-01 7.076816662636914446e-01 8.124888211471910093e-01 8.901692013091280220e-01 4.436076153588500159e-01 5.394841749375420825e-01
7.103715230746998621e-01 4.395432848431637396e-01 5.232837641307512833e-01 0.000000000000000000e+00 6.393176921597339968e-01 8.612316218930637923e-01 3.627453681744423619e-01 2.928468773172896444e-01 5.087823851317352375e-01 9.191381135072969055e-01 6.513232438731000329e-01 8.024169656300577103e-01 3.983444621356268533e-01 3.926314957716899867e-01 5.705450166816814495e-01 6.213075580971280099e-01 5.654187039935365533e-01 6.878331095812804108e-01 5.016333440849383152e-01 6.195833191108613969e-01 9.012922017698221655e-01 9.629510980511929441e-01 7.706180923203327371e-01 1.724018139802977467e-01 3.933424394121933787e-01 9.201564837311289047e-01 8.157551633671764613e-01 9.970582752252221681e-02 8.097601517257375647e-01 8.061658941941896028e-01 5.546038505451048595e-01 4.164124546130378857e-01 1.949766842402648193e-01 2.848288520051290851e-01 7.647930924269645825e-01
8.799755798076174251e-01 4.083752514448394932e-01 3.676381623244124319e-01 6.393176921597339968e-01 0.000000000000000000e+00 6.421725467754640926e-01 7.330206931506955126e-01 3.407056859177367558e-01 8.768735842986665752e-01 7.784076174393742553e-01 3.602663783104075312e-01 6.253711428371926395e-01 8.805397427191132831e-01 3.301867376598592307e-01 6.758728923122715448e-01 6.752130545693016961e-01 2.702003193513035639e-01 7.760789274052357634e-01 7.070744222142624213e-01 5.035683326732198761e-01 5.520480359031387785e-01 9.231589603557157631e-01 6.745575845049057717e-01 1.657340678004725065e-01 1.865215851960253524e-01 8.741718785967844685e-01 1.662883345630643550e-01 7.792138618012908191e-01 3.856910326542155598e-01 4.817950784120178520e-01 1.760387244242530569e-01 5.383105816098386898e-01 7.439517571506584215e-01 1.196266579168530075e-01 6.940024237491259074e-01
1.598283413840723699e-01 9.820008594960838444e-02 4.995654367114129579e-01 8.612316218930637923e-01 6.421725467754640926e-01 0.000000000000000000e+00 6.370131451771042785e-01 5.929508410919004380e-01 4.550960855695314056e-01 1.402343643861488909e-01 5.700674713137097172e-01 7.589239758418994120e-01 1.182895870617083345e-01 4.817796834492386604e-01 8.720376174104926825e-01 4.589736825690658995e-01 1.649015620166257579e-01 7.644963635380741529e-01 9.105154727317841257e-01 8.046157121233573628e-01 5.508519701690779424e-01 9.152692968872295776e-01 3.640519918117272047e-01 9.263746548205544773e-01 3.042247844560693748e-01 4.973587069537663830e-01 4.427284060345905159e-01 6.863088011330522598e-01 8.064450019120690261e-01 2.052978633012800258e-01 5.200722523025420596e-01 1.382440039968928502e-01 3.415159584432750917e-01 6.086321310562973208e-01 4.802041955533177808e-01
9.415177816152398016e-01 8.310831666390043893e-01 4.074281061159193973e-01 3.627453681744423619e-01 7.330206931506955126e-01 6.370131451771042785e-01 0.000000000000000000e+00 1.380922862496222203e-01 6.312307274560569059e-01 6.414872540807434742e-01 8.998841207812182663e-01 4.941715544210916189e-01 7.135514900908883629e-01 7.501553509934730801e-01 7.023193068732133115e-01 7.049686436758939578e-01 3.774506863403596091e-01 4.371049598343577092e-01 7.119922789326119661e-01 8.741264193790418968e-01 5.611117862014005642e-01 5.579164067294142271e-01 4.593042354772047808e-01 7.192067277431350991e-01 8.562993545292396647e-01 4.093863516408592362e-01 3.855344662963799962e-02 3.328795887940992904e-01 4.535371940941809732e-01 6.687237575243931698e-01 4.587475154676625144e-01 3.914284928805446540e-01 9.453845264493463407e-01 4.839050585531535220e-01 5.372662357226065666e-01
8.572558434731158972e-02 5.673045486303643914e-01 3.969530656692921156e-01 2.928468773172896444e-01 3.407056859177367558e-01 5.929508410919004380e-01 1.380922862496222203e-01 0.000000000000000000e+00 4.003505821390861419e-01 5.116676573687359841e-01 2.282424882646654218e-01 4.337876347911872599e-01 9.353698106131529411e-01 7.749824878570736875e-01 8.902487136457106764e-01 3.847190621966374291e-01 4.545624065568457661e-01 4.617902583055117915e-01 3.668488318817518246e-01 3.376960374387840691e-01 3.934167437185833727e-01 4.919921957882074093e-01 8.647511081766134922e-02 4.780458870933522730e-01 2.266966902359974501e-01 1.983218035263867862e-01 5.921424305616233008e-01 1.768991014305890674e-01 5.469835550650354872e-01 9.084835820855353683e-01 6.904393374054952348e-01 8.236057286588437387e-01 8.188619291181122861e-01 6.934599933592224819e-01 3.151371178499281500e-01
9.139529817041518456e-01 1.308235540908421202e-01 8.635365684591731483e-01 5.087823851317352375e-01 8.768735842986665752e-01 4.550960855695314056e-01 6.312307274560569059e-01 4.003505821390861419e-01 0.000000000000000000e+00 6.952948134258543078e-01 7.616456800631481450e-01 2.784162560148346621e-01 3.918747776731179577e-01 8.592198808361575235e-01 5.529870870934486815e-01 8.442810290577513754e-01 1.539833729181642186e-01 5.317945490478885873e-01 5.010208543388250391e-01 8.166724691974465156e-01 6.575308801294952321e-01 7.094027672729112943e-01 9.590732859660782150e-01 5.517859422752999787e-01 5.355067312652308509e-01 4.865146122764957282e-01 8.085365606767247471e-01 6.977394118467945550e-01 7.884051526057431758e-01 5.603840999584381866e-01 7.560120373975196539e-01 7.238603377886823065e-01 8.771775712645309975e-01 4.280905660743934416e-01 5.596632526825499054e-01
5.211860265712220386e-01 8.220181621388872317e-01 4.797914366303279721e-02 9.191381135072969055e-01 7.784076174393742553e-01 1.402343643861488909e-01 6.414872540807434742e-01 5.116676573687359841e-01 6.952948134258543078e-01 0.000000000000000000e+00 9.441418699045911467e-02 5.620099361947890060e-01 2.438081280086001890e-02 8.463002771706880090e-01 6.686990657756468615e-01 1.647769417196599528e-01 3.553800237942539297e-01 6.904973400832257191e-01 8.967001458785428536e-01 6.111658387734328901e-01 7.456515693749663498e-01 3.861583193565355510e-01 7.335005573325588113e-01 6.570257557406947724e-01 1.493406069043179407e-01 4.393031229847387253e-01 7.156011970343592044e-01 7.463516087261046206e-01 7.967061440948572937e-01 1.388099550274207727e-01 6.090446427270779228e-01 3.906461503998042151e-01 6.688061478238584989e-01 8.541959627173019154e-01 7.274493763941429769e-01
6.760284114775583220e-02 3.709488371061742118e-01 5.394427710539320131e-01 6.513232438731000329e-01 3.602663783104075312e-01 5.700674713137097172e-01 8.998841207812182663e-01 2.282424882646654218e-01 7.616456800631481450e-01 9.441418699045911467e-02 0.000000000000000000e+00 3.439684631796610104e-01 8.696600880783378340e-01 5.575701690457335324e-01 6.963204980595726346e-01 6.162634379170154331e-01 2.304422903294062186e-01 6.319734282329760866e-01 2.857490519971567222e-01 7.755907403932731370e-01 8.341022429744391342e-01 9.545286272896763569e-01 4.684109598964394383e-01 7.842699862189801419e-01 8.812365974419952286e-01 7.494113040908099155e-01 4.834284754059604006e-01 8.000528779082891617e-01 4.756251663841849497e-01 7.461160006496330155e-01 5.123934530117684183e-01 2.195440217412887307e-01 4.022423950089797917e-01 8.743763908741675195e-01 6.740897734664320629e-01
9.655641892601255494e-01 4.353924057120969193e-01 8.221150597000842497e-01 8.024169656300577103e-01 6.253711428371926395e-01 7.589239758418994120e-01 4.941715544210916189e-01 4.337876347911872599e-01 2.784162560148346621e-01 5.620099361947890060e-01 3.439684631796610104e-01 0.000000000000000000e+00 9.647594342012026924e-01 2.661816166952717388e-01 6.781528679076904709e-01 7.416512821708224346e-01 7.578952309554621847e-01 2.462811948626573433e-01 4.798912688891006084e-01 5.880427191797709119e-01 7.349701639334769165e-01 7.658071861074329245e-01 5.681943348058157151e-01 4.789323172199242418e-01 1.797714250591758711e-01 8.017812253237610598e-01 8.158797961896937512e-01 7.550621606008538489e-01 3.019832891241182038e-01 7.144030525616482663e-01 5.873358584793865189e-01 8.809139440820005218e-01 8.123001130188074459e-01 7.197239377003326055e-01 5.460028644086427629e-01
6.676899291468596509e-02 9.286949332492737685e-01 1.257742683815404883e-01 3.983444621356268533e-01 8.805397427191132831e-01 1.182895870617083345e-01 7.135514900908883629e-01 9.353698106131529411e-01 3.918747776731179577e-01 2.438081280086001890e-02 8.696600880783378340e-01 9.647594342012026924e-01 0.000000000000000000e+00 8.462703238837001596e-01 5.663489814864517413e-01 4.272194928056090024e-01 8.586214299016883267e-01 4.185602671277401376e-01 8.793475454929505775e-01 4.328189619606526151e-01 9.442346457623692624e-01 1.325136537385231961e-01 3.252741922664905694e-01 4.620258255665561364e-01 8.188778895793369372e-01 5.637516772804109788e-01 8.035390733923779560e-01 2.514590608197215804e-01 3.715688751142221524e-01 7.524268168358763109e-01 4.386580451438271133e-01 4.492249600723289271e-01 7.638314894271763800e-01 6.144737713855499273e-01 5.187298537853451963e-01
9.005586871088160361e-01 6.966650074972070561e-01 7.111880094921376738e-01 3.926314957716899867e-01 3.301867376598592307e-01 4.817796834492386604e-01 7.501553509934730801e-01 7.749824878570736875e-01 8.592198808361575235e-01 8.463002771706880090e-01 5.575701690457335324e-01 2.661816166952717388e-01 8.462703238837001596e-01 0.000000000000000000e+00 6.527708147058486343e-01 9.465986553463194841e-01 7.542569552193234550e-01 7.391938655526111290e-01 3.847036226016115057e-01 3.834202270175750549e-01 8.661323791934372185e-01 2.051230948669761633e-01 7.593108038906792867e-01 6.795000227928622571e-01 2.251835648723332639e-01 3.960072499213302399e-01 6.151582275891397389e-01 8.227787674742703672e-01 5.254348897992857648e-01 6.773438386330912220e-01 5.659812259635033094e-01 6.145907395312137922e-01 1.271104563302816182e-01 6.714913024294658639e-01 3.432873305440101164e-01
6.084314809150916936e-01 8.841899173989606897e-01 7.927529191264296449e-01 5.705450166816814495e-01 6.758728923122715448e-01 8.720376174104926825e-01 7.023193068732133115e-01 8.902487136457106764e-01 5.529870870934486815e-01 6.686990657756468615e-01 6.963204980595726346e-01 6.781528679076904709e-01 5.663489814864517413e-01 6.527708147058486343e-01 0.000000000000000000e+00 7.622958101898711369e-01 5.329246617109514306e-01 1.400313722697243968e-02 7.155176540196481749e-01 8.419406121745010019e-01 6.803635319369776280e-01 3.800125630665424081e-01 5.660504549967344534e-01 6.805317220681414980e-01 7.403317902296477904e-01 5.060430427245570240e-01 5.439569652183275927e-01 8.024756832174724241e-01 1.902586544722123518e-01 7.104908842545391012e-01 6.577455963540915773e-01 1.973511252567656804e-01 5.428636404179754127e-01 6.013597906739354126e-01 3.391759893765192713e-01
8.741523247300068133e-01 7.878081146714426275e-01 6.208807071996058635e-01 6.213075580971280099e-01 6.752130545693016961e-01 4.589736825690658995e-01 7.049686436758939578e-01 3.847190621966374291e-01 8.442810290577513754e-01 1.647769417196599528e-01 6.162634379170154331e-01 7.416512821708224346e-01 4.272194928056090024e-01 9.465986553463194841e-01 7.622958101898711369e-01 0.000000000000000000e+00 9.200664930435609179e-01 8.155707538577408044e-01 4.106258682672192517e-01 6.085732543902708791e-01 6.159041739341513111e-01 7.772362881987133765e-01 6.018006686846338882e-01 5.941613168728816508e-01 9.212095096711719888e-01 6.665966335101517481e-01 3.829516781400081893e-01 2.529258316153376041e-01 6.418758124403710630e-01 3.003003547210323365e-01 6.322214192594044491e-02 3.799316719681339327e-01 8.639686921146843002e-01 5.157972005964274187e-01 6.827923207401229710e-01
4.829091723379211887e-01 6.924558871503555535e-01 4.174116607534679169e-01 5.654187039935365533e-01 2.702003193513035639e-01 1.649015620166257579e-01 3.774506863403596091e-01 4.545624065568457661e-01 1.539833729181642186e-01 3.553800237942539297e-01 2.304422903294062186e-01 7.578952309554621847e-01 8.586214299016883267e-01 7.542569552193234550e-01 5.329246617109514306e-01 9.200664930435609179e-01 0.000000000000000000e+00 4.377407167346567540e-01 5.412277656383648328e-01 7.978438536515788382e-01 4.931410370299663115e-01 5.169536736744794192e-01 6.261187417635223351e-01 9.149411989084592634e-01 4.000924967071635696e-01 4.671298589880378826e-01 8.666497352963603573e-01 3.199921309955924276e-01 3.769900585746712718e-01 7.539809951377924868e-01 6.584934588829832736e-01 2.946250428195763549e-01 5.157500342956201633e-01 7.853836435639526270e-01 3.940376626002844995e-01
5.435655807255822536e-01 5.749521046971630689e-01 5.182579157280514659e-01 6.878331095812804108e-01 7.760789274052357634e-01 7.644963635380741529e-01 4.371049598343577092e-01 4.617902583055117915e-01 5.317945490478885873e-01 6.904973400832257191e-01 6.319734282329760866e-01 2.462811948626573433e-01 4.185602671277401376e-01 7.391938655526111290e-01 1.400313722697243968e-02 8.155707538577408044e-01 4.377407167346567540e-01 0.000000000000000000e+00 3.700370220706875046e-01 4.639727546826045712e-01 5.239873003527725226e-01 7.669450275590863342e-01 5.701634672823382433e-01 3.957570138335875232e-01 6.680652465262468809e-01 3.287670631457723092e-01 6.689214175297588660e-01 6.753233092730537290e-01 6.673395288092229816e-01 4.591819072164115001e-01 1.190067156262548664e-01 7.157327934899487820e-01 5.014163030453892000e-01 8.368515382662898849e-01 5.488120745095785846e-01
3.547252444951386474e-01 4.201743652214121605e-01 2.320732352982013413e-01 5.016333440849383152e-01 7.070744222142624213e-01 9.105154727317841257e-01 7.119922789326119661e-01 3.668488318817518246e-01 5.010208543388250391e-01 8.967001458785428536e-01 2.857490519971567222e-01 4.798912688891006084e-01 8.793475454929505775e-01 3.847036226016115057e-01 7.155176540196481749e-01 4.106258682672192517e-01 5.412277656383648328e-01 3.700370220706875046e-01 0.000000000000000000e+00 2.656239567869110862e-01 3.391660283923497721e-01 5.247082633767266024e-01 8.010837980388685331e-01 8.233580739449528618e-01 5.160831848311233649e-01 6.943945034224671131e-01 5.100214812236423256e-01 3.266127437556288204e-01 3.031297611762828748e-01 4.495658595141491798e-01 7.108509411664263311e-01 3.430298950106520639e-01 3.965581906714028548e-01 5.187062550249155191e-01 6.274492608578812192e-01
7.779413197785949308e-01 5.387659944528895295e-01 8.337861790196408052e-01 6.195833191108613969e-01 5.035683326732198761e-01 8.046157121233573628e-01 8.741264193790418968e-01 3.376960374387840691e-01 8.166724691974465156e-01 6.111658387734328901e-01 7.755907403932731370e-01 5.880427191797709119e-01 4.328189619606526151e-01 3.834202270175750549e-01 8.419406121745010019e-01 6.085732543902708791e-01 7.978438536515788382e-01 4.639727546826045712e-01 2.656239567869110862e-01 0.000000000000000000e+00 5.180101930686284994e-01 8.804990668140644239e-01 4.860409805758925672e-01 5.491255679520103961e-01 8.686125180819563862e-01 5.363980767574518804e-01 6.448780491281818072e-01 3.504366208215504708e-01 5.150031554446286020e-01 9.399583231513226611e-01 2.330623484458549388e-01 5.873610087601981444e-01 4.563575527692038669e-01 5.035324218969472465e-01 3.622615955244142816e-01
4.480891105844573286e-01 3.031969450246484454e-01 5.714025742779631489e-01 9.012922017698221655e-01 5.520480359031387785e-01 5.508519701690779424e-01 5.611117862014005642e-01 3.934167437185833727e-01 6.575308801294952321e-01 7.456515693749663498e-01 8.341022429744391342e-01 7.349701639334769165e-01 9.442346457623692624e-01 8.661323791934372185e-01 6.803635319369776280e-01 6.159041739341513111e-01 4.931410370299663115e-01 5.239873003527725226e-01 3.391660283923497721e-01 5.180101930686284994e-01 0.000000000000000000e+00 7.761355889403930286e-01 9.418538023672704540e-01 8.996576672512985873e-01 2.381358232488724747e-01 6.979893648722523825e-01 5.005976223724812879e-01 3.246725211638998299e-01 5.664998057300001388e-01 4.565593737820195508e-01 6.097637709459267086e-01 6.740014053147875828e-01 6.317072300283029795e-01 5.276162520774867470e-01 6.019782173837973094e-01
7.058416580720757727e-01 2.812765546735905842e-01 4.000374409398561593e-01 9.629510980511929441e-01 9.231589603557157631e-01 9.152692968872295776e-01 5.579164067294142271e-01 4.919921957882074093e-01 7.094027672729112943e-01 3.861583193565355510e-01 9.545286272896763569e-01 7.658071861074329245e-01 1.325136537385231961e-01 2.051230948669761633e-01 3.800125630665424081e-01 7.772362881987133765e-01 5.169536736744794192e-01 7.669450275590863342e-01 5.247082633767266024e-01 8.804990668140644239e-01 7.761355889403930286e-01 0.000000000000000000e+00 8.153486705218824238e-01 3.856756632618033032e-01 9.167788961825127370e-01 2.707859996581551409e-01 4.302585878277236930e-01 6.895788970239610238e-01 4.007170073412554268e-01 5.369333488323155823e-01 4.828992470467771692e-01 4.806292011680236564e-01 3.542301344464613422e-01 6.511066597273189593e-01 3.860766386434367758e-01
5.440331243849499954e-01 4.683215416139238640e-01 5.253801362926920904e-01 7.706180923203327371e-01 6.745575845049057717e-01 3.640519918117272047e-01 4.593042354772047808e-01 8.647511081766134922e-02 9.590732859660782150e-01 7.335005573325588113e-01 4.684109598964394383e-01 5.681943348058157151e-01 3.252741922664905694e-01 7.593108038906792867e-01 5.660504549967344534e-01 6.018006686846338882e-01 6.261187417635223351e-01 5.701634672823382433e-01 8.010837980388685331e-01 4.860409805758925672e-01 9.418538023672704540e-01 8.153486705218824238e-01 0.000000000000000000e+00 6.879424104076534707e-01 2.093594387406845225e-01 5.278729972947882043e-01 9.616379620720960641e-02 5.860474911136551723e-01 4.216233200202638698e-01 8.132269625334422880e-01 7.879420786341182481e-01 6.878267513829634527e-01 4.473023481929956358e-01 4.389604053724565635e-01 6.729106664148722938e-01
4.832319131499541731e-01 6.635504610609898046e-01 7.340206477296484788e-01 1.724018139802977467e-01 1.657340678004725065e-01 9.263746548205544773e-01 7.192067277431350991e-01 4.780458870933522730e-01 5.517859422752999787e-01 6.570257557406947724e-01 7.842699862189801419e-01 4.789323172199242418e-01 4.620258255665561364e-01 6.795000227928622571e-01 6.805317220681414980e-01 5.941613168728816508e-01 9.149411989084592634e-01 3.957570138335875232e-01 8.233580739449528618e-01 5.491255679520103961e-01 8.996576672512985873e-01 3.856756632618033032e-01 6.879424104076534707e-01 0.000000000000000000e+00 4.175324010129399799e-01 8.199713656866165490e-01 8.450812290962165241e-01 6.532348516277836081e-01 6.589394114607247666e-01 5.293007200826771452e-01 7.851097437377820842e-01 3.156121216818985609e-02 7.997097183501380435e-01 9.640127314290805050e-01 5.565257099311253786e-01
8.824541268466468136e-02 7.410565220026656963e-01 7.230757113477812581e-01 3.933424394121933787e-01 1.865215851960253524e-01 3.042247844560693748e-01 8.562993545292396647e-01 2.266966902359974501e-01 5.355067312652308509e-01 1.493406069043179407e-01 8.812365974419952286e-01 1.797714250591758711e-01 8.188778895793369372e-01 2.251835648723332639e-01 7.403317902296477904e-01 9.212095096711719888e-01 4.000924967071635696e-01 6.680652465262468809e-01 5.160831848311233649e-01 8.686125180819563862e-01 2.381358232488724747e-01 9.167788961825127370e-01 2.093594387406845225e-01 4.175324010129399799e-01 0.000000000000000000e+00 5.012505699740030796e-01 9.271271327311956245e-01 3.699112285891874574e-01 5.563048392239740014e-01 7.165563473268832251e-01 4.786356691915424344e-01 6.664087277570273082e-01 2.455501886363101183e-01 5.095312396419667822e-01 8.265034345150430450e-01
5.125731725482065571e-01 5.993511185455120405e-01 5.664967047351538998e-01 9.201564837311289047e-01 8.741718785967844685e-01 4.973587069537663830e-01 4.093863516408592362e-01 1.983218035263867862e-01 4.865146122764957282e-01 4.393031229847387253e-01 7.494113040908099155e-01 8.017812253237610598e-01 5.637516772804109788e-01 3.960072499213302399e-01 5.060430427245570240e-01 6.665966335101517481e-01 4.671298589880378826e-01 3.287670631457723092e-01 6.943945034224671131e-01 5.363980767574518804e-01 6.979893648722523825e-01 2.707859996581551409e-01 5.278729972947882043e-01 8.199713656866165490e-01 5.012505699740030796e-01 0.000000000000000000e+00 4.987870161819284442e-01 6.838648885905810326e-01 6.699366460414342139e-01 3.101787807229764438e-01 5.116363223115523162e-01 5.907827679184071146e-01 5.603754082006411341e-01 7.142330961258904765e-01 2.742795536496710485e-01
4.107117997462929604e-01 4.064405019880512615e-01 5.018346581672719076e-01 8.157551633671764613e-01 1.662883345630643550e-01 4.427284060345905159e-01 3.855344662963799962e-02 5.921424305616233008e-01 8.085365606767247471e-01 7.156011970343592044e-01 4.834284754059604006e-01 8.158797961896937512e-01 8.035390733923779560e-01 6.151582275891397389e-01 5.439569652183275927e-01 3.829516781400081893e-01 8.666497352963603573e-01 6.689214175297588660e-01 5.100214812236423256e-01 6.448780491281818072e-01 5.005976223724812879e-01 4.302585878277236930e-01 9.616379620720960641e-02 8.450812290962165241e-01 9.271271327311956245e-01 4.987870161819284442e-01 0.000000000000000000e+00 5.704530672453300699e-01 6.305355243240837737e-01 5.580859440180190312e-01 6.696480612543649347e-01 5.698610526298070189e-01 5.798650056411159825e-01 3.809346596541013930e-01 7.526618834900269395e-01
8.216219713331471830e-01 7.636063299479322053e-01 4.877199164080343041e-01 9.970582752252221681e-02 7.792138618012908191e-01 6.863088011330522598e-01 3.328795887940992904e-01 1.768991014305890674e-01 6.977394118467945550e-01 7.463516087261046206e-01 8.000528779082891617e-01 7.550621606008538489e-01 2.514590608197215804e-01 8.227787674742703672e-01 8.024756832174724241e-01 2.529258316153376041e-01 3.199921309955924276e-01 6.753233092730537290e-01 3.266127437556288204e-01 3.504366208215504708e-01 3.246725211638998299e-01 6.895788970239610238e-01 5.860474911136551723e-01 6.532348516277836081e-01 3.699112285891874574e-01 6.838648885905810326e-01 5.704530672453300699e-01 0.000000000000000000e+00 6.417110870991289406e-01 6.345748985299438649e-01 4.918017789455658151e-01 6.547564618089150024e-01 9.222398154421529437e-02 4.959640690212617220e-01 7.505987326465726195e-01
5.087263835582049865e-01 7.399288624160780259e-01 5.181195352139951193e-01 8.097601517257375647e-01 3.856910326542155598e-01 8.064450019120690261e-01 4.535371940941809732e-01 5.469835550650354872e-01 7.884051526057431758e-01 7.967061440948572937e-01 4.756251663841849497e-01 3.019832891241182038e-01 3.715688751142221524e-01 5.254348897992857648e-01 1.902586544722123518e-01 6.418758124403710630e-01 3.769900585746712718e-01 6.673395288092229816e-01 3.031297611762828748e-01 5.150031554446286020e-01 5.664998057300001388e-01 4.007170073412554268e-01 4.216233200202638698e-01 6.589394114607247666e-01 5.563048392239740014e-01 6.699366460414342139e-01 6.305355243240837737e-01 6.417110870991289406e-01 0.000000000000000000e+00 7.161087174267727340e-01 8.207052609523566300e-01 5.958017703989442193e-01 7.960500724973914588e-01 9.646346876136102644e-01 4.847445059577330517e-01
1.859426727779122102e-01 4.662568813644152321e-01 3.881286758090028988e-01 8.061658941941896028e-01 4.817950784120178520e-01 2.052978633012800258e-01 6.687237575243931698e-01 9.084835820855353683e-01 5.603840999584381866e-01 1.388099550274207727e-01 7.461160006496330155e-01 7.144030525616482663e-01 7.524268168358763109e-01 6.773438386330912220e-01 7.104908842545391012e-01 3.003003547210323365e-01 7.539809951377924868e-01 4.591819072164115001e-01 4.495658595141491798e-01 9.399583231513226611e-01 4.565593737820195508e-01 5.369333488323155823e-01 8.132269625334422880e-01 5.293007200826771452e-01 7.165563473268832251e-01 3.101787807229764438e-01 5.580859440180190312e-01 6.345748985299438649e-01 7.161087174267727340e-01 0.000000000000000000e+00 7.168038791318850356e-01 7.938610839932058738e-01 3.366995303888508095e-01 4.885008538844420878e-01 7.553521764983139875e-01
5.932284184788239045e-01 7.225673887121103478e-01 7.076816662636914446e-01 5.546038505451048595e-01 1.760387244242530569e-01 5.200722523025420596e-01 4.587475154676625144e-01 6.904393374054952348e-01 7.560120373975196539e-01 6.090446427270779228e-01 5.123934530117684183e-01 5.873358584793865189e-01 4.386580451438271133e-01 5.659812259635033094e-01 6.577455963540915773e-01 6.322214192594044491e-02 6.584934588829832736e-01 1.190067156262548664e-01 7.108509411664263311e-01 2.330623484458549388e-01 6.097637709459267086e-01 4.828992470467771692e-01 7.879420786341182481e-01 7.851097437377820842e-01 4.786356691915424344e-01 5.116363223115523162e-01 6.696480612543649347e-01 4.918017789455658151e-01 8.207052609523566300e-01 7.168038791318850356e-01 0.000000000000000000e+00 5.674857589727830831e-01 8.721999106213584874e-01 8.269020885480307115e-01 4.564126640802623758e-01
4.231892990678753907e-02 8.968008839027593604e-01 8.124888211471910093e-01 4.164124546130378857e-01 5.383105816098386898e-01 1.382440039968928502e-01 3.914284928805446540e-01 8.236057286588437387e-01 7.238603377886823065e-01 3.906461503998042151e-01 2.195440217412887307e-01 8.809139440820005218e-01 4.492249600723289271e-01 6.145907395312137922e-01 1.973511252567656804e-01 3.799316719681339327e-01 2.946250428195763549e-01 7.157327934899487820e-01 3.430298950106520639e-01 5.873610087601981444e-01 6.740014053147875828e-01 4.806292011680236564e-01 6.878267513829634527e-01 3.156121216818985609e-02 6.664087277570273082e-01 5.907827679184071146e-01 5.698610526298070189e-01 6.547564618089150024e-01 5.958017703989442193e-01 7.938610839932058738e-01 5.674857589727830831e-01 0.000000000000000000e+00 7.262336337298558320e-02 2.859373807273666301e-01 4.628574085794984749e-01
7.063602499798872225e-01 9.617473273649435050e-01 8.901692013091280220e-01 1.949766842402648193e-01 7.439517571506584215e-01 3.415159584432750917e-01 9.453845264493463407e-01 8.188619291181122861e-01 8.771775712645309975e-01 6.688061478238584989e-01 4.022423950089797917e-01 8.123001130188074459e-01 7.638314894271763800e-01 1.271104563302816182e-01 5.428636404179754127e-01 8.639686921146843002e-01 5.157500342956201633e-01 5.014163030453892000e-01 3.965581906714028548e-01 4.563575527692038669e-01 6.317072300283029795e-01 3.542301344464613422e-01 4.473023481929956358e-01 7.997097183501380435e-01 2.455501886363101183e-01 5.603754082006411341e-01 5.798650056411159825e-01 9.222398154421529437e-02 7.960500724973914588e-01 3.366995303888508095e-01 8.721999106213584874e-01 7.262336337298558320e-02 0.000000000000000000e+00 4.414115147621940349e-01 9.143726831101536279e-01
4.011813799025367722e-01 5.006710880874782887e-01 4.436076153588500159e-01 2.848288520051290851e-01 1.196266579168530075e-01 6.086321310562973208e-01 4.839050585531535220e-01 6.934599933592224819e-01 4.280905660743934416e-01 8.541959627173019154e-01 8.743763908741675195e-01 7.197239377003326055e-01 6.144737713855499273e-01 6.714913024294658639e-01 6.013597906739354126e-01 5.157972005964274187e-01 7.853836435639526270e-01 8.368515382662898849e-01 5.187062550249155191e-01 5.035324218969472465e-01 5.276162520774867470e-01 6.511066597273189593e-01 4.389604053724565635e-01 9.640127314290805050e-01 5.095312396419667822e-01 7.142330961258904765e-01 3.809346596541013930e-01 4.959640690212617220e-01 9.646346876136102644e-01 4.885008538844420878e-01 8.269020885480307115e-01 2.859373807273666301e-01 4.414115147621940349e-01 0.000000000000000000e+00 7.198549343896177843e-01
7.573618768936022372e-01 7.578360578523271052e-01 5.394841749375420825e-01 7.647930924269645825e-01 6.940024237491259074e-01 4.802041955533177808e-01 5.372662357226065666e-01 3.151371178499281500e-01 5.596632526825499054e-01 7.274493763941429769e-01 6.740897734664320629e-01 5.460028644086427629e-01 5.187298537853451963e-01 3.432873305440101164e-01 3.391759893765192713e-01 6.827923207401229710e-01 3.940376626002844995e-01 5.488120745095785846e-01 6.274492608578812192e-01 3.622615955244142816e-01 6.019782173837973094e-01 3.860766386434367758e-01 6.729106664148722938e-01 5.565257099311253786e-01 8.265034345150430450e-01 2.742795536496710485e-01 7.526618834900269395e-01 7.505987326465726195e-01 4.847445059577330517e-01 7.553521764983139875e-01 4.564126640802623758e-01 4.628574085794984749e-01 9.143726831101536279e-01 7.198549343896177843e-01 0.000000000000000000e+00
