0.000000000000000000e+00 5.690575803527483378e-01 8.714723635936691970e-01 3.927683767467605169e-01 6.448743265310754591e-01 5.497561311020346952e-01 7.733682054751941370e-01 1.556227634354683254e-01 1.323711734359945824e-01 4.841965419413346017e-01 5.608352763307835609e-01 3.039612654662762203e-01 7.854973181505895408e-01 8.242196757117403738e-01 5.066244743622990709e-01 4.150966852027717646e-01 5.831116312153070691e-01 7.804015489220115231e-01 8.554855734783333165e-01 4.280401194295414546e-01 5.901960510276003102e-01 5.152306696086952353e-01 7.854869865459377376e-01 8.213611316291218323e-01 4.867777418331838968e-01 4.915706286430608363e-01 2.390798254342691997e-01 5.854367423342854426e-01 5.198058370591942534e-01 7.396452587150113001e-01 7.613283477978798341e-01 5.403233512126432991e-01 3.842110700868865414e-01 5.527703002306804114e-01 4.245914023912064628e-01
5.690575803527483378e-01 0.000000000000000000e+00 7.825914187645954812e-02 4.725083561964199541e-01 7.446745576084170537e-01 5.078433080792528198e-01 6.189589967886519606e-01 8.843255377360859093e-02 2.994370570719969704e-01 8.838331012764814032e-01 3.327793049347951282e-01 2.083322019595562624e-01 2.412268055570795933e-01 3.422759134595398933e-01 8.291661560170273670e-01 7.154569097584833059e-01 5.667387641434948886e-01 7.809123159343781539e-01 4.826245097406284268e-01 6.358697880447289341e-01 5.046667552644963362e-01 4.745752670178877697e-01 7.165250481437441810e-01 5.605124123713387529e-01 6.070367352963836893e-01 4.912730722477708367e-01 3.365244627038799230e-02 1.830005257400791896e-01 3.049335646146755785e-02 3.834100393690103581e-01 6.867301142240453959e-01 1.885969618958084348e-01 6.036096598112855593e-01 5.184658542977047535e-01 4.368777743138709813e-01
8.714723635936691970e-01 7.825914187645954812e-02 0.000000000000000000e+00 7.148518037789748369e-01 6.297360815785173482e-01 3.701928584922731802e-01 7.639850693801137904e-01 8.191817868255899526e-01 3.779979621507975618e-01 5.013063823738357350e-01 7.585885917159526093e-01 1.881682539652215214e-01 7.948845522870333635e-01 4.380059712631867441e-01 1.342271270452134457e-01 5.909559618785994450e-01 7.381918523057967585e-01 2.413174651056774200e-01 2.246555142385783799e-01 5.704537028728791093e-01 5.324545475458528632e-01 6.118517082565442244e-01 1.392306656762253292e-01 7.546475343793316304e-01 6.010999013660309753e-01 5.486324585150001987e-01 4.227814761079811134e-01 7.697134789446336001e-01 4.607772919570746195e-01 7.011511995989037072e-01 1.085518102582231359e-01 4.744972650717018681e-01 5.802172588564986633e-01 2.492219125559727022e-01 9.420217120686302792e-02
3.927683767467605169e-01 4.725083561964199541e-01 7.148518037789748369e-01 0.000000000000000000e+00 4.661109783056845424e-01 2.067734500974049983e-01 2.662788238121677198e-01 8.927797697692745338e-01 9.347924019120458228e-01 2.208036461813160933e-01 7.539860798091078120e-01 7.545162418287203465e-01 2.045000331853767950e-01 5.275991064664025121e-01 6.548030448603893161e-01 2.844311856750147971e-01 8.184023989093872631e-01 2.840167552208059387e-01 2.455501574077835758e-01 6.523715776382372766e-01 4.998464663803171559e-01 6.313261947466684010e-01 8.402615671471767023e-01 1.006305088901465750e-01 5.366564452086304282e-01 5.733313189731823467e-01 6.998737999581503555e-01 3.982483525307977668e-01 7.027951544671708906e-01 9.120101176614638927e-01 7.009057763294945786e-02 8.820013655208618353e-01 7.965264092706230148e-01 2.366352949808966100e-01 5.923234608239182908e-01
6.448743265310754591e-01 7.446745576084170537e-01 6.297360815785173482e-01 4.661109783056845424e-01 0.000000000000000000e+00 7.315551216886644337e-01 4.598149161791609263e-02 7.106614016245558219e-01 3.000329496226032955e-01 3.935632161799752504e-01 3.352137722625952998e-01 4.312756776666011316e-01 2.251138159157239915e-01 4.904086058675218296e-01 6.731630960361201232e-01 3.597655094204521564e-01 7.289856377658918696e-01 4.841768514682435742e-01 4.418396045291764773e-01 6.038706530353066260e-02 1.561696453652631211e-01 7.629055738925539787e-01 7.650585753823706536e-01 3.953880840759173010e-01 7.122137086398661054e-01 5.320463231130907467e-01 1.939678539716528372e-01 3.659269660928287093e-01 5.270624664475220822e-01 6.378773188078137313e-01 5.022767474296628842e-01 5.136345486251576720e-01 3.278028756656661269e-01 5.349409851849571407e-01 3.466025558046966770e-01
5.497561311020346952e-01 5.078433080792528198e-01 3.701928584922731802e-01 2.067734500974049983e-01 7.315551216886644337e-01 0.000000000000000000e+00 2.690751329049045348e-01 4.925627059393486995e-01 5.090431156641002097e-01 4.761904864340187893e-01 1.054429288457582325e-01 4.587934404190549542e-01 4.362843946545561513e-01 7.672876324319741759e-01 3.421291327932081128e-01 4.204806712699583060e-01 5.572048997447058838e-01 3.268242817086360330e-01 6.535351613369690948e-01 8.309829788247702353e-01 4.996832961284901065e-01 1.850717657427166096e-01 5.455600712245392003e-01 6.858688344816994409e-01 5.895307626909805920e-01 4.346269819090734510e-01 8.069451263039044697e-01 5.546298334186132717e-01 2.355968692184176039e-01 2.781455328957044282e-01 3.522041395281101384e-01 5.171041456679283943e-01 6.080550378616503826e-01 1.769135261306997720e-02 5.171168618189809774e-01
7.733682054751941370e-01 6.189589967886519606e-01 7.639850693801137904e-01 2.662788238121677198e-01 4.598149161791609263e-02 2.690751329049045348e-01 0.000000000000000000e+00 6.109042860948216136e-01 5.014599587253147916e-01 8.670739700525091909e-01 3.325898915620683627e-01 2.636612762818732469e-01 4.806746700164483688e-01 2.142865733632600966e-01 7.776276008219817903e-01 7.724481618568028729e-01 8.280146993608378247e-01 7.638356500573765251e-01 7.464332046490564920e-01 4.359705461670008719e-01 8.548887872784272091e-01 4.082768639808120881e-01 3.995734947221553646e-01 8.708907483484932266e-01 8.330242066437553161e-01 6.902751771382804602e-01 7.131960559947942979e-01 3.381974972329509499e-01 7.954157099246805807e-01 1.830790612680652241e-01 7.504638157918637198e-01 1.643385932761901591e-01 9.779728172018951060e-01 8.710534513809156110e-01 6.084808681900345517e-01
1.556227634354683254e-01 8.843255377360859093e-02 8.191817868255899526e-01 8.927797697692745338e-01 7.106614016245558219e-01 4.925627059393486995e-01 6.109042860948216136e-01 0.000000000000000000e+00 6.710239770442875118e-01 4.516149640953544542e-01 5.167865470225450064e-01 5.362904836879849313e-01 7.086969714091064798e-01 7.013038732136722686e-01 7.427876837751814509e-01 7.516453605177271236e-01 6.144742451301101749e-01 4.906033001531812099e-01 7.442358641827074850e-01 8.294351350871409512e-02 3.074288993857078878e-01 4.833038960994226474e-01 7.036947440164241785e-01 3.603773136232059082e-01 4.688150779662448309e-01 7.880450133012928404e-01 4.911709707740445352e-01 8.063516713875821251e-01 6.931108616766006314e-01 2.807346786466543009e-01 2.073349250839824354e-01 6.085735628469244318e-01 1.415956524957480145e-01 5.028022282648283436e-01 6.503664397221387006e-02
1.323711734359945824e-01 2.994370570719969704e-01 3.779979621507975618e-01 9.347924019120458228e-01 3.000329496226032955e-01 5.090431156641002097e-01 5.014599587253147916e-01 6.710239770442875118e-01 0.000000000000000000e+00 6.000591560801604718e-02 6.174824067473965172e-01 7.875970354119871120e-01 7.962920740377015250e-01 4.124614686788429241e-01 8.501118632417492549e-01 3.425848621001404415e-01 7.294707411396509356e-01 2.859796459136602076e-01 2.107952311336339646e-01 7.296445936323394665e-01 8.093597327085405579e-01 4.681834044772371084e-01 8.042888471641767012e-01 5.514208776873552598e-01 8.677989685183851165e-01 8.942945231306174136e-01 4.406057212485936514e-01 4.318452817453344861e-01 5.116918139406557708e-01 4.533269549523755160e-01 3.181747869768853931e-01 8.003434714876167533e-01 7.792500737959487944e-01 7.537555918139273725e-01 7.461222795366225791e-01
4.841965419413346017e-01 8.838331012764814032e-01 5.013063823738357350e-01 2.208036461813160933e-01 3.935632161799752504e-01 4.761904864340187893e-01 8.670739700525091909e-01 4.516149640953544542e-01 6.000591560801604718e-02 0.000000000000000000e+00 9.422601514213678753e-01 5.007326731167208722e-01 3.840669350767703105e-01 8.342556737233697284e-01 5.396818973248551643e-02 5.148936927645662021e-01 8.339865233266958722e-01 5.463291778573537982e-01 5.188905212786181220e-01 1.562220167878809463e-01 2.812681994255672446e-01 5.866081650122435542e-01 4.521946358456678805e-01 5.511732522327301709e-01 3.619765195301453131e-01 6.042190261339097646e-01 8.523473357038668929e-01 7.760896293900243492e-01 6.467621743223870290e-01 7.476629885422105826e-01 7.081402095963151844e-01 7.720512513968962320e-01 5.986533331132846136e-01 7.697314625538721478e-01 4.468689841740129398e-01
5.608352763307835609e-01 3.327793049347951282e-01 7.585885917159526093e-01 7.539860798091078120e-01 3.352137722625952998e-01 1.054429288457582325e-01 3.325898915620683627e-01 5.167865470225450064e-01 6.174824067473965172e-01 9.422601514213678753e-01 0.000000000000000000e+00 7.681671254011979144e-01 5.896321415065934879e-01 6.959892061441212974e-01 7.235033104495802725e-01 1.220908549945810551e-01 9.844581209981542180e-01 4.723367527583316461e-01 6.667512440078596780e-01 5.422411465488359283e-01 5.555267844998936777e-01 7.876048325328797173e-01 5.759182391877930574e-01 4.707447284718394576e-01 5.046487353666004871e-01 3.406924570595850632e-01 7.977187356345105673e-01 6.061086001973220450e-01 4.135937555408354949e-01 2.206215127107024054e-01 6.903030052388450244e-01 1.708612324429223950e-01 4.105942441845586988e-01 5.399838633062655768e-01 5.325546506389853274e-01
3.039612654662762203e-01 2.083322019595562624e-01 1.881682539652215214e-01 7.545162418287203465e-01 4.312756776666011316e-01 4.587934404190549542e-01 2.636612762818732469e-01 5.362904836879849313e-01 7.875970354119871120e-01 5.007326731167208722e-01 7.681671254011979144e-01 0.000000000000000000e+00 9.123824587764804983e-01 5.558579464629209710e-01 8.184575687334834093e-01 5.022104201220530806e-01 3.401332134983174882e-01 2.282894581335073447e-01 7.141265437079857836e-01 3.990917306542875465e-01 6.168402387840234979e-01 1.257238895233325771e-01 6.415190460536993600e-01 7.788036348407056941e-01 7.099159360335234314e-01 8.303005239113216973e-01 2.559292030492038017e-01 3.185312755407496699e-01 7.130106796016784099e-01 7.147302977405671776e-01 6.575183871391070412e-01 5.215153442654854032e-01 7.297849505136456694e-01 6.769766645735229016e-01 7.474717627061790992e-01
7.854973181505895408e-01 2.412268055570795933e-01 7.948845522870333635e-01 2.045000331853767950e-01 2.251138159157239915e-01 4.362843946545561513e-01 4.806746700164483688e-01 7.086969714091064798e-01 7.962920740377015250e-01 3.840669350767703105e-01 5.896321415065934879e-01 9.123824587764804983e-01 0.000000000000000000e+00 6.579439446533978941e-01 6.343538264293147044e-01 4.556839196241110890e-01 7.777516495319815037e-01 6.507523695797494678e-01 8.687001836061759574e-01 6.194699431742672902e-01 4.419673035793941218e-01 5.395871677236008246e-02 8.777909812859454597e-01 6.347130197874230051e-01 3.638524787049599585e-01 8.155356043305541647e-01 4.217163267392168846e-01 4.757377373956815370e-01 5.838653499862282992e-01 8.150500621721790129e-02 4.045022406417376759e-01 5.250051740756034313e-01 7.551840886303007316e-01 6.071033220849726408e-01 3.481836844471335457e-01
8.242196757117403738e-01 3.422759134595398933e-01 4.380059712631867441e-01 5.275991064664025121e-01 4.904086058675218296e-01 7.672876324319741759e-01 2.142865733632600966e-01 7.013038732136722686e-01 4.124614686788429241e-01 8.342556737233697284e-01 6.959892061441212974e-01 5.558579464629209710e-01 6.579439446533978941e-01 0.000000000000000000e+00 7.621780908778391650e-01 8.163833269029072692e-01 4.807011848231145801e-01 8.155217762603615972e-01 5.114835372216639531e-01 5.616032375853100556e-01 5.929337121890555506e-01 4.200108525669741799e-01 4.775251282577061551e-01 5.100614896654163122e-01 5.285611387493047708e-01 4.053547883960268994e-01 3.944788601683735241e-02 9.884723852365695507e-01 4.456532815433432715e-01 4.014949992918618316e-01 4.978453089582990931e-01 6.488157314448368407e-01 4.804062693958842112e-01 3.154812642528155853e-01 4.440780162886745486e-01
5.066244743622990709e-01 8.291661560170273670e-01 1.342271270452134457e-01 6.548030448603893161e-01 6.731630960361201232e-01 3.421291327932081128e-01 7.776276008219817903e-01 7.427876837751814509e-01 8.501118632417492549e-01 5.396818973248551643e-02 7.235033104495802725e-01 8.184575687334834093e-01 6.343538264293147044e-01 7.621780908778391650e-01 0.000000000000000000e+00 4.641756281096145464e-01 3.483403261781297111e-01 5.629232242792434615e-01 2.481125625837972137e-01 5.670685974672158292e-01 3.815187971636954667e-01 6.589088912812319787e-01 7.292425766649772712e-01 8.834440392607227910e-01 4.590771026811276134e-01 9.062451069839646545e-01 2.894512836155359592e-01 5.960985630489219478e-01 3.208686080935751472e-01 6.754142365292706840e-01 2.783253000485597650e-01 7.228085575166079968e-01 5.804391219248529188e-01 6.640100996676694400e-01 3.843975852097095691e-01
4.150966852027717646e-01 7.154569097584833059e-01 5.909559618785994450e-01 2.844311856750147971e-01 3.597655094204521564e-01 4.204806712699583060e-01 7.724481618568028729e-01 7.516453605177271236e-01 3.425848621001404415e-01 5.148936927645662021e-01 1.220908549945810551e-01 5.022104201220530806e-01 4.556839196241110890e-01 8.163833269029072692e-01 4.641756281096145464e-01 0.000000000000000000e+00 5.039471877604019268e-01 1.095901143103888975e-01 6.299854942902016752e-01 4.646622112129159543e-01 8.207757621303424234e-01 4.367003512964820477e-01 4.301544679438221719e-01 9.075208800119343167e-01 7.256121634924045383e-01 5.515377105447887285e-01 8.842831291929680315e-01 6.188871636400714582e-01 8.338993347059686645e-01 9.104287366206945675e-01 5.221230296067835841e-01 6.405154011542175674e-01 2.153860092624745315e-01 9.220802013746676185e-02 2.265015218391862040e-01
5.831116312153070691e-01 5.667387641434948886e-01 7.381918523057967585e-01 8.184023989093872631e-01 7.289856377658918696e-01 5.572048997447058838e-01 8.280146993608378247e-01 6.144742451301101749e-01 7.294707411396509356e-01 8.339865233266958722e-01 9.844581209981542180e-01 3.401332134983174882e-01 7.777516495319815037e-01 4.807011848231145801e-01 3.483403261781297111e-01 5.039471877604019268e-01 0.000000000000000000e+00 7.630508788969923017e-01 5.348753290110903613e-01 8.177133785448387204e-01 3.757685871150071022e-01 7.754427844891060850e-01 9.331175268161107095e-02 4.067125733757649408e-01 4.087393468782608563e-01 5.118788577592010558e-01 5.027804268963538270e-01 6.814740913447612236e-01 7.160820482548927446e-01 7.208109540036544693e-01 4.511536424866004480e-01 2.071205663252432272e-01 5.216891524655512535e-01 3.963382752970608935e-01 5.298310926211331484e-01
7.804015489220115231e-01 7.809123159343781539e-01 2.413174651056774200e-01 2.840167552208059387e-01 4.841768514682435742e-01 3.268242817086360330e-01 7.638356500573765251e-01 4.906033001531812099e-01 2.859796459136602076e-01 5.463291778573537982e-01 4.723367527583316461e-01 2.282894581335073447e-01 6.507523695797494678e-01 8.155217762603615972e-01 5.629232242792434615e-01 1.095901143103888975e-01 7.630508788969923017e-01 0.000000000000000000e+00 8.427414258111159961e-01 7.386355905445317616e-01 4.466824415735751730e-01 1.661578272421254665e-01 4.800319768857700953e-01 8.518105497287711270e-01 8.121212854317120255e-01 2.220866221392897299e-01 5.431777508346857797e-01 6.924512653634637971e-01 4.913800768612927583e-01 5.889844577162849371e-01 4.654746628333638614e-01 7.232073575200982374e-01 8.165981690374776170e-01 4.541800139225812272e-01 8.737317882906219246e-01
8.554855734783333165e-01 4.826245097406284268e-01 2.246555142385783799e-01 2.455501574077835758e-01 4.418396045291764773e-01 6.535351613369690948e-01 7.464332046490564920e-01 7.442358641827074850e-01 2.107952311336339646e-01 5.188905212786181220e-01 6.667512440078596780e-01 7.141265437079857836e-01 8.687001836061759574e-01 5.114835372216639531e-01 2.481125625837972137e-01 6.299854942902016752e-01 5.348753290110903613e-01 8.427414258111159961e-01 0.000000000000000000e+00 3.786480924092783251e-01 4.514439865757060022e-01 4.838404182114977026e-01 1.702063184247223360e-01 5.925210187148719498e-01 4.341766085203127012e-01 3.823661823803209403e-01 3.945539179277642861e-01 5.101670803745543825e-01 3.584206920311792111e-01 3.985451533738443852e-01 8.868876305650381653e-01 7.622436568976420634e-01 4.465781125967167586e-01 8.294839371774552772e-01 8.775811624108831310e-01
4.280401194295414546e-01 6.358697880447289341e-01 5.704537028728791093e-01 6.523715776382372766e-01 6.038706530353066260e-02 8.309829788247702353e-01 4.359705461670008719e-01 8.294351350871409512e-02 7.296445936323394665e-01 1.562220167878809463e-01 5.422411465488359283e-01 3.990917306542875465e-01 6.194699431742672902e-01 5.616032375853100556e-01 5.670685974672158292e-01 4.646622112129159543e-01 8.177133785448387204e-01 7.386355905445317616e-01 3.786480924092783251e-01 0.000000000000000000e+00 2.209178221626287852e-01 9.552650465559175963e-01 7.005843941544296349e-01 8.685565299736499600e-01 3.891948286933492041e-01 7.338316918112541831e-01 4.277062735821698380e-01 7.766260690431348035e-01 5.739560215510834951e-01 7.033286121656151524e-01 5.355777099752012660e-01 4.379218910394702124e-01 8.277625582658443282e-01 4.033168779537712467e-01 6.380175318061673817e-01
5.901960510276003102e-01 5.046667552644963362e-01 5.324545475458528632e-01 4.998464663803171559e-01 1.561696453652631211e-01 4.996832961284901065e-01 8.548887872784272091e-01 3.074288993857078878e-01 8.093597327085405579e-01 2.812681994255672446e-01 5.555267844998936777e-01 6.168402387840234979e-01 4.419673035793941218e-01 5.929337121890555506e-01 3.815187971636954667e-01 8.207757621303424234e-01 3.757685871150071022e-01 4.466824415735751730e-01 4.514439865757060022e-01 2.209178221626287852e-01 0.000000000000000000e+00 5.132406421906616778e-01 2.171021127121406380e-01 6.084999545152061096e-01 7.239155168774247251e-02 3.736901871400279407e-01 6.036757687150366980e-01 7.923566414957635695e-01 5.007576288139726772e-01 8.088062249781371449e-01 7.477625992249685716e-01 5.271111113404780557e-01 3.173371082383013020e-01 6.818735292276982829e-01 4.073346377781487671e-01
5.152306696086952353e-01 4.745752670178877697e-01 6.118517082565442244e-01 6.313261947466684010e-01 7.629055738925539787e-01 1.850717657427166096e-01 4.082768639808120881e-01 4.833038960994226474e-01 4.681834044772371084e-01 5.866081650122435542e-01 7.876048325328797173e-01 1.257238895233325771e-01 5.395871677236008246e-02 4.200108525669741799e-01 6.589088912812319787e-01 4.367003512964820477e-01 7.754427844891060850e-01 1.661578272421254665e-01 4.838404182114977026e-01 9.552650465559175963e-01 5.132406421906616778e-01 0.000000000000000000e+00 3.086745992050099474e-01 5.825215344178806820e-01 6.514259411561147406e-01 7.445192504098534503e-01 4.154564981561728598e-01 8.535207702324754120e-01 5.616160582304652316e-01 3.809256972451577905e-01 6.709194670921222459e-01 5.382653021832699558e-01 7.253031558128538725e-01 4.803780699259935227e-01 8.173949728432590156e-01
7.854869865459377376e-01 7.165250481437441810e-01 1.392306656762253292e-01 8.402615671471767023e-01 7.650585753823706536e-01 5.455600712245392003e-01 3.995734947221553646e-01 7.036947440164241785e-01 8.042888471641767012e-01 4.521946358456678805e-01 5.759182391877930574e-01 6.415190460536993600e-01 8.777909812859454597e-01 4.775251282577061551e-01 7.292425766649772712e-01 4.301544679438221719e-01 9.331175268161107095e-02 4.800319768857700953e-01 1.702063184247223360e-01 7.005843941544296349e-01 2.171021127121406380e-01 3.086745992050099474e-01 0.000000000000000000e+00 6.718967324052875778e-01 5.820517844912866945e-01 6.908746068678344177e-01 7.184036928780779263e-01 9.142040720504724938e-01 6.051145527411811997e-01 8.686022143444180887e-01 3.492480102230839378e-01 4.140298605424246325e-01 4.722954089015684032e-01 5.407241355551255513e-01 4.007190844482616532e-01
8.213611316291218323e-01 5.605124123713387529e-01 7.546475343793316304e-01 1.006305088901465750e-01 3.953880840759173010e-01 6.858688344816994409e-01 8.708907483484932266e-01 3.603773136232059082e-01 5.514208776873552598e-01 5.511732522327301709e-01 4.707447284718394576e-01 7.788036348407056941e-01 6.347130197874230051e-01 5.100614896654163122e-01 8.834440392607227910e-01 9.075208800119343167e-01 4.067125733757649408e-01 8.518105497287711270e-01 5.925210187148719498e-01 8.685565299736499600e-01 6.084999545152061096e-01 5.825215344178806820e-01 6.718967324052875778e-01 0.000000000000000000e+00 5.378737367788881674e-01 8.289090456897265646e-01 9.865703507408540851e-02 6.903882124616669280e-01 3.452221711889126854e-01 4.883094940423403085e-01 2.349131686606288349e-01 7.209604597186147767e-02 4.967649318553377102e-01 4.507042048932666800e-01 2.677564834432945018e-01
4.867777418331838968e-01 6.070367352963836893e-01 6.010999013660309753e-01 5.366564452086304282e-01 7.122137086398661054e-01 5.895307626909805920e-01 8.330242066437553161e-01 4.688150779662448309e-01 8.677989685183851165e-01 3.619765195301453131e-01 5.046487353666004871e-01 7.099159360335234314e-01 3.638524787049599585e-01 5.285611387493047708e-01 4.590771026811276134e-01 7.256121634924045383e-01 4.087393468782608563e-01 8.121212854317120255e-01 4.341766085203127012e-01 3.891948286933492041e-01 7.239155168774247251e-02 6.514259411561147406e-01 5.820517844912866945e-01 5.378737367788881674e-01 0.000000000000000000e+00 8.906860402631637808e-01 5.049157763949946309e-01 2.639618215614385477e-01 8.436970333119515608e-01 5.474878920415375827e-01 7.930886021675936925e-01 8.237066163763467896e-01 6.109332842101362626e-01 6.825989843594646445e-01 5.771923409952010031e-01
4.915706286430608363e-01 4.912730722477708367e-01 5.486324585150001987e-01 5.733313189731823467e-01 5.320463231130907467e-01 4.346269819090734510e-01 6.902751771382804602e-01 7.880450133012928404e-01 8.942945231306174136e-01 6.042190261339097646e-01 3.406924570595850632e-01 8.303005239113216973e-01 8.155356043305541647e-01 4.053547883960268994e-01 9.062451069839646545e-01 5.515377105447887285e-01 5.118788577592010558e-01 2.220866221392897299e-01 3.823661823803209403e-01 7.338316918112541831e-01 3.736901871400279407e-01 7.445192504098534503e-01 6.908746068678344177e-01 8.289090456897265646e-01 8.906860402631637808e-01 0.000000000000000000e+00 8.356421755997016643e-01 4.664829375629002683e-01 4.062756319814270212e-01 8.454562648154536619e-01 5.279988003890375703e-01 2.985427592943239450e-01 9.750755390725505123e-01 8.364900599764550915e-01 4.536415586183124571e-01
2.390798254342691997e-01 3.365244627038799230e-02 4.227814761079811134e-01 6.998737999581503555e-01 1.939678539716528372e-01 8.069451263039044697e-01 7.131960559947942979e-01 4.911709707740445352e-01 4.406057212485936514e-01 8.523473357038668929e-01 7.977187356345105673e-01 2.559292030492038017e-01 4.217163267392168846e-01 3.944788601683735241e-02 2.894512836155359592e-01 8.842831291929680315e-01 5.027804268963538270e-01 5.431777508346857797e-01 3.945539179277642861e-01 4.277062735821698380e-01 6.036757687150366980e-01 4.154564981561728598e-01 7.184036928780779263e-01 9.865703507408540851e-02 5.049157763949946309e-01 8.356421755997016643e-01 0.000000000000000000e+00 4.010629827547616544e-01 5.366504382558423547e-01 1.828075390054142435e-01 7.472146065964011541e-01 6.791051526293523377e-02 2.646929723096205778e-01 6.883947099745819642e-01 2.830574635658362759e-01
5.854367423342854426e-01 1.830005257400791896e-01 7.697134789446336001e-01 3.982483525307977668e-01 3.659269660928287093e-01 5.546298334186132717e-01 3.381974972329509499e-01 8.063516713875821251e-01 4.318452817453344861e-01 7.760896293900243492e-01 6.061086001973220450e-01 3.185312755407496699e-01 4.757377373956815370e-01 9.884723852365695507e-01 5.960985630489219478e-01 6.188871636400714582e-01 6.814740913447612236e-01 6.924512653634637971e-01 5.101670803745543825e-01 7.766260690431348035e-01 7.923566414957635695e-01 8.535207702324754120e-01 9.142040720504724938e-01 6.903882124616669280e-01 2.639618215614385477e-01 4.664829375629002683e-01 4.010629827547616544e-01 0.000000000000000000e+00 2.118060525340060285e-01 4.340424469575439592e-01 7.279639365493457692e-01 5.365755669369183245e-01 9.096417653795929592e-01 3.512880140698690923e-01 5.390769088968216938e-01
5.198058370591942534e-01 3.049335646146755785e-02 4.607772919570746195e-01 7.027951544671708906e-01 5.270624664475220822e-01 2.355968692184176039e-01 7.954157099246805807e-01 6.931108616766006314e-01 5.116918139406557708e-01 6.467621743223870290e-01 4.135937555408354949e-01 7.130106796016784099e-01 5.838653499862282992e-01 4.456532815433432715e-01 3.208686080935751472e-01 8.338993347059686645e-01 7.160820482548927446e-01 4.913800768612927583e-01 3.584206920311792111e-01 5.739560215510834951e-01 5.007576288139726772e-01 5.616160582304652316e-01 6.051145527411811997e-01 3.452221711889126854e-01 8.436970333119515608e-01 4.062756319814270212e-01 5.366504382558423547e-01 2.118060525340060285e-01 0.000000000000000000e+00 6.125411182412253686e-01 5.690974755630476833e-01 6.593977240739804513e-01 7.669675823967674333e-01 4.663363892894736296e-01 8.402999034077937024e-01
7.396452587150113001e-01 3.834100393690103581e-01 7.011511995989037072e-01 9.120101176614638927e-01 6.378773188078137313e-01 2.781455328957044282e-01 1.830790612680652241e-01 2.807346786466543009e-01 4.533269549523755160e-01 7.476629885422105826e-01 2.206215127107024054e-01 7.147302977405671776e-01 8.150500621721790129e-02 4.014949992918618316e-01 6.754142365292706840e-01 9.104287366206945675e-01 7.208109540036544693e-01 5.889844577162849371e-01 3.985451533738443852e-01 7.033286121656151524e-01 8.088062249781371449e-01 3.809256972451577905e-01 8.686022143444180887e-01 4.883094940423403085e-01 5.474878920415375827e-01 8.454562648154536619e-01 1.828075390054142435e-01 4.340424469575439592e-01 6.125411182412253686e-01 0.000000000000000000e+00 7.279907539062187016e-01 9.602398356879986441e-01 8.854361310216709580e-01 6.923851032422070340e-01 5.283785111176665383e-01
7.613283477978798341e-01 6.867301142240453959e-01 1.085518102582231359e-01 7.009057763294945786e-02 5.022767474296628842e-01 3.522041395281101384e-01 7.504638157918637198e-01 2.073349250839824354e-01 3.181747869768853931e-01 7.081402095963151844e-01 6.903030052388450244e-01 6.575183871391070412e-01 4.045022406417376759e-01 4.978453089582990931e-01 2.783253000485597650e-01 5.221230296067835841e-01 4.511536424866004480e-01 4.654746628333638614e-01 8.868876305650381653e-01 5.355777099752012660e-01 7.477625992249685716e-01 6.709194670921222459e-01 3.492480102230839378e-01 2.349131686606288349e-01 7.930886021675936925e-01 5.279988003890375703e-01 7.472146065964011541e-01 7.279639365493457692e-01 5.690974755630476833e-01 7.279907539062187016e-01 0.000000000000000000e+00 5.645348453280020218e-01 5.825623903563356132e-01 7.804906641231370568e-01 5.731093329617735765e-01
5.403233512126432991e-01 1.885969618958084348e-01 4.744972650717018681e-01 8.820013655208618353e-01 5.136345486251576720e-01 5.171041456679283943e-01 1.643385932761901591e-01 6.085735628469244318e-01 8.003434714876167533e-01 7.720512513968962320e-01 1.708612324429223950e-01 5.215153442654854032e-01 5.250051740756034313e-01 6.488157314448368407e-01 7.228085575166079968e-01 6.405154011542175674e-01 2.071205663252432272e-01 7.232073575200982374e-01 7.622436568976420634e-01 4.379218910394702124e-01 5.271111113404780557e-01 5.382653021832699558e-01 4.140298605424246325e-01 7.209604597186147767e-02 8.237066163763467896e-01 2.985427592943239450e-01 6.791051526293523377e-02 5.365755669369183245e-01 6.593977240739804513e-01 9.602398356879986441e-01 5.645348453280020218e-01 0.000000000000000000e+00 8.356090332121648423e-01 4.159529730598826580e-01 3.689566768750400239e-01
3.842110700868865414e-01 6.036096598112855593e-01 5.802172588564986633e-01 7.965264092706230148e-01 3.278028756656661269e-01 6.080550378616503826e-01 9.779728172018951060e-01 1.415956524957480145e-01 7.792500737959487944e-01 5.986533331132846136e-01 4.105942441845586988e-01 7.297849505136456694e-01 7.551840886303007316e-01 4.804062693958842112e-01 5.804391219248529188e-01 2.153860092624745315e-01 5.216891524655512535e-01 8.165981690374776170e-01 4.465781125967167586e-01 8.277625582658443282e-01 3.173371082383013020e-01 7.253031558128538725e-01 4.722954089015684032e-01 4.967649318553377102e-01 6.109332842101362626e-01 9.750755390725505123e-01 2.646929723096205778e-01 9.096417653795929592e-01 7.669675823967674333e-01 8.854361310216709580e-01 5.825623903563356132e-01 8.356090332121648423e-01 0.000000000000000000e+00 5.869509514778317172e-01 4.921369830639195642e-01
5.527703002306804114e-01 5.184658542977047535e-01 2.492219125559727022e-01 2.366352949808966100e-01 5.349409851849571407e-01 1.769135261306997720e-02 8.710534513809156110e-01 5.028022282648283436e-01 7.537555918139273725e-01 7.697314625538721478e-01 5.399838633062655768e-01 6.769766645735229016e-01 6.071033220849726408e-01 3.154812642528155853e-01 6.640100996676694400e-01 9.220802013746676185e-02 3.963382752970608935e-01 4.541800139225812272e-01 8.294839371774552772e-01 4.033168779537712467e-01 6.818735292276982829e-01 4.803780699259935227e-01 5.407241355551255513e-01 4.507042048932666800e-01 6.825989843594646445e-01 8.364900599764550915e-01 6.883947099745819642e-01 3.512880140698690923e-01 4.663363892894736296e-01 6.923851032422070340e-01 7.804906641231370568e-01 4.159529730598826580e-01 5.869509514778317172e-01 0.000000000000000000e+00 4.360247839703120798e-01
4.245914023912064628e-01 4.368777743138709813e-01 9.420217120686302792e-02 5.923234608239182908e-01 3.466025558046966770e-01 5.171168618189809774e-01 6.084808681900345517e-01 6.503664397221387006e-02 7.461222795366225791e-01 4.468689841740129398e-01 5.325546506389853274e-01 7.474717627061790992e-01 3.481836844471335457e-01 4.440780162886745486e-01 3.843975852097095691e-01 2.265015218391862040e-01 5.298310926211331484e-01 8.737317882906219246e-01 8.775811624108831310e-01 6.380175318061673817e-01 4.073346377781487671e-01 8.173949728432590156e-01 4.007190844482616532e-01 2.677564834432945018e-01 5.771923409952010031e-01 4.536415586183124571e-01 2.830574635658362759e-01 5.390769088968216938e-01 8.402999034077937024e-01 5.283785111176665383e-01 5.731093329617735765e-01 3.689566768750400239e-01 4.921369830639195642e-01 4.360247839703120798e-01 0.000000000000000000e+00
