0.000000000000000000e+00 8.528954209534239661e-01 7.795942683102612403e-01 4.766803570216072705e-01 4.551225701784140654e-01 5.200850847024606205e-01 4.991266078058516631e-01 6.234850615134681640e-01 1.371731829344684517e-01 9.678065840249976404e-01 2.917494261612113560e-01 4.310456972878206061e-01 8.058304221120585753e-01 3.522946888734032056e-01 7.661784870422362337e-01 7.173726437894898389e-01 7.053549970308730099e-01 4.757706100689728657e-01 5.342368917977553533e-01 1.668641606331580651e-01 5.851258763533079277e-01 3.466307268290858556e-01 3.908446067068305219e-01 4.374977754937434127e-01 3.917473086909479263e-01 8.526907115122239755e-01 5.319369874247960039e-01 4.852467347883615556e-01 4.878525824016778367e-01 5.468375297580763128e-01 5.913732789859944550e-01 6.388223151695603397e-01 4.929579299900495037e-01 5.823542178632081789e-01 5.661142978876496645e-01
8.528954209534239661e-01 0.000000000000000000e+00 4.710853969904772454e-01 8.527865373028478135e-01 9.001908613274367532e-02 4.901970817669493163e-01 1.933215636480356547e-01 4.143820133537690076e-02 3.919814034295922567e-01 4.208020770853903025e-01 6.800271329845848367e-01 4.907800543763593537e-01 6.964168662179934799e-01 1.975373846542491929e-01 3.099548238954112911e-01 4.598143027365912960e-01 4.906354123390321842e-01 5.396953168041510596e-01 1.045103595930626517e-01 8.399144639266786783e-01 2.151236439193006666e-01 6.716357151586085372e-01 9.309435239124919104e-01 4.252353233053821069e-01 9.115295779103940177e-01 3.336971962265417591e-01 2.761092222259365903e-01 4.666056174887176500e-01 5.053025428315609524e-01 1.398914448361952001e-01 2.253152199423155144e-01 6.482813846112844836e-01 3.930263651595115038e-01 6.995732970532227979e-01 1.768952424390765055e-01
7.795942683102612403e-01 4.710853969904772454e-01 0.000000000000000000e+00 6.593644768914265208e-01 7.506298784607816632e-01 4.208834192880273051e-01 4.667356940986757685e-01 7.495547192408624770e-01 5.601209383118935792e-01 5.451695063413847242e-01 8.642501546623634345e-01 7.991403821092215587e-01 5.626932594385327668e-01 3.954181435158673485e-01 4.548544943117883155e-01 3.619626508975841706e-01 5.063905433442653647e-01 8.515768226028215260e-01 5.593712363335521243e-01 8.440092792677353906e-01 3.539782386527580149e-01 7.677832292587760676e-01 2.914345041851276741e-01 3.609614640475375391e-01 8.877292933548861509e-01 3.873405765270366841e-01 4.239932457922450104e-01 6.787910262211129808e-01 6.254588255708350975e-01 3.799907952162018265e-01 8.849313127852860283e-01 6.941992878545120149e-01 8.542300619383363935e-01 7.371834539942399012e-01 2.165936982320562088e-01
4.766803570216072705e-01 8.527865373028478135e-01 6.593644768914265208e-01 0.000000000000000000e+00 1.738780251032374657e-01 5.856587291861157230e-01 6.828189530072984459e-01 2.687958252504046852e-01 3.970771569561329928e-01 4.894459452610863681e-01 6.819467828212126825e-01 4.750530670805102051e-01 6.602257014733741158e-01 7.764428372274326806e-01 3.327842447220661914e-01 6.161420422105723382e-01 4.307563067478699104e-01 4.227904716890306114e-01 8.566150329596249335e-01 1.517968285933128936e-01 9.179701118588934339e-01 2.413758188571931140e-01 2.603205433861213169e-01 7.710925845959564207e-01 2.757942294557098606e-01 7.531655188403969525e-01 1.679401147164177321e-01 6.386936341624589453e-01 1.766260402361581328e-01 1.237680668379991245e-01 2.179663340849942177e-01 7.052626517397391215e-01 1.079150792907599410e-01 4.668205351239184120e-01 7.244642918282286903e-01
4.551225701784140654e-01 9.001908613274367532e-02 7.506298784607816632e-01 1.738780251032374657e-01 0.000000000000000000e+00 7.387279011013357932e-01 4.530700995482846438e-01 5.795447262029286284e-01 4.719155409994896244e-01 4.960753896947132646e-01 4.142159633155911846e-01 2.456892124567032765e-01 3.325124834474468272e-01 5.835028002159492466e-01 4.456381230186515219e-01 3.425881623661355402e-01 3.667776607875360417e-01 3.052978654282586524e-01 1.342394046430763765e-01 2.290198519368621954e-01 6.071870179736513773e-01 5.629751378120790850e-01 7.499194932551435100e-01 8.123361073302003410e-01 4.028079936846964970e-01 7.974211117145095784e-01 6.986862842867122003e-01 6.369374149841913191e-01 8.711853156263366094e-01 5.715928853806151455e-01 4.681769226508902260e-01 9.015443031157428511e-01 4.905408006012696442e-01 2.773515539563127241e-01 3.286500502133467005e-01
5.200850847024606205e-01 4.901970817669493163e-01 4.208834192880273051e-01 5.856587291861157230e-01 7.387279011013357932e-01 0.000000000000000000e+00 7.756779469426355877e-01 4.364231064814250716e-01 4.833881258266551351e-01 3.695884358166698913e-01 8.910483113105185371e-01 2.515469638102615368e-01 4.237273835337042605e-01 8.131913760324438467e-01 6.272727108258669970e-01 2.381724316276747633e-01 9.446179517834543127e-01 4.911081700070893952e-01 6.078277917295242805e-01 5.272592002427709534e-01 8.415660780257929741e-01 3.236822324141653828e-01 9.464239623926482547e-01 3.048215288290108127e-01 5.835011192574445227e-01 4.856648190063522774e-01 8.754039332360008530e-01 6.280563210333800495e-01 8.204933803624923083e-01 2.847767610387383908e-01 5.926722676366040776e-01 4.421058100898010990e-01 5.267518830970221444e-01 2.861134819320585443e-01 3.670217547421241733e-01
4.991266078058516631e-01 1.933215636480356547e-01 4.667356940986757685e-01 6.828189530072984459e-01 4.530700995482846438e-01 7.756779469426355877e-01 0.000000000000000000e+00 8.712544604536953674e-01 3.832990884663640685e-01 4.665998685781825306e-01 5.093132981371967238e-01 7.781064025375460380e-01 3.712489650958730181e-01 7.951689218065709497e-01 6.611346523269039377e-01 5.905870663072477766e-01 9.042261685041206309e-01 7.473041056534920346e-01 6.240142855193562266e-01 4.058330009970648744e-01 9.127742208400290158e-01 8.697404008951351573e-01 3.843348683402788568e-01 2.640246548043795882e-01 1.294447830675153899e-01 4.371383743725206772e-01 5.577257527998449316e-01 8.630757737740636371e-01 2.744349931640132079e-01 7.765221797270562831e-01 4.683859033237884884e-01 5.035548111434866581e-01 2.501804319282187050e-01 8.299514922343136369e-01 7.408572763790417515e-01
6.234850615134681640e-01 4.143820133537690076e-02 7.495547192408624770e-01 2.687958252504046852e-01 5.795447262029286284e-01 4.364231064814250716e-01 8.712544604536953674e-01 0.000000000000000000e+00 5.036476224389795364e-01 3.825032620573672881e-01 1.676716457391839166e-01 5.296041352541983604e-01 7.640075659761139670e-01 5.146402841913927384e-01 6.302773261616636535e-01 7.764410122342311205e-01 5.852656436346725943e-01 9.237592566338772571e-01 4.855681474693401833e-01 5.847465268876164135e-01 7.237231904337730892e-01 6.048069167356064924e-01 4.867580459793213743e-01 5.846818439109471299e-01 7.214547588801427658e-01 4.118600552494046108e-01 4.320107781281639081e-01 2.241221305792405749e-01 9.036851082813928127e-01 7.558547944282540954e-01 5.266036815828438744e-01 8.652672434636513588e-01 9.460852568813660213e-01 9.274822969500582381e-01 9.019171619881261037e-02
1.371731829344684517e-01 3.919814034295922567e-01 5.601209383118935792e-01 3.970771569561329928e-01 4.719155409994896244e-01 4.833881258266551351e-01 3.832990884663640685e-01 5.036476224389795364e-01 0.000000000000000000e+00 6.156403198883160233e-01 8.067745653783220394e-01 5.820037652689225016e-01 3.868182083163240192e-01 4.056923678889886586e-01 7.129147069971267792e-01 7.412778598423662713e-01 3.328241694464598721e-01 5.110856153602567620e-01 7.444146767470474213e-01 8.098060187869058346e-01 9.768603726030137269e-01 4.797745569402115384e-01 4.157306611060562762e-01 6.373814958079170312e-01 4.937845825550147838e-01 9.134316513788156566e-01 6.973917878010662541e-01 1.795687303468672669e-01 6.589320821134247996e-01 4.814558451815104667e-01 5.715290201098883749e-01 3.196331110670161957e-01 5.137559153008814938e-01 3.365512850050226268e-01 4.988135349450001366e-01
9.678065840249976404e-01 4.208020770853903025e-01 5.451695063413847242e-01 4.894459452610863681e-01 4.960753896947132646e-01 3.695884358166698913e-01 4.665998685781825306e-01 3.825032620573672881e-01 6.156403198883160233e-01 0.000000000000000000e+00 4.420464562861841085e-01 9.352536205371245748e-01 2.456865740857945291e-01 9.309220055814959593e-02 5.738490067198158684e-01 3.114151034518805594e-01 8.838663508684765358e-01 4.660862891377866579e-01 5.408488683567636013e-01 4.363519306658033003e-01 6.782541901291188058e-01 1.587677177519749572e-01 9.616985464780853921e-01 6.163170610915829073e-01 4.749455043397234344e-01 2.144722746530171031e-01 6.372014802007121004e-01 6.817552787295809713e-01 6.299349634496893557e-01 6.613336612489222333e-01 6.173787551713394439e-01 5.092025747423404303e-01 5.577521569667982515e-01 4.325579332604199134e-01 7.917958338347328429e-01
2.917494261612113560e-01 6.800271329845848367e-01 8.642501546623634345e-01 6.819467828212126825e-01 4.142159633155911846e-01 8.910483113105185371e-01 5.093132981371967238e-01 1.676716457391839166e-01 8.067745653783220394e-01 4.420464562861841085e-01 0.000000000000000000e+00 5.682590123779598379e-01 1.076957931791853174e-01 2.531515657091260030e-01 5.968965480277973468e-01 5.225739274468952367e-01 5.308381170418370321e-01 6.611527839005518770e-01 4.171780655916440539e-02 5.813824366703421731e-01 7.865504267491758572e-01 4.327292262050351779e-01 2.160317949593947295e-01 4.664549262365030313e-01 6.406528205017469890e-01 8.859281616528612568e-01 5.683063219998720772e-01 6.017113780824082658e-01 4.744255326393157501e-01 7.569973188030664213e-01 3.244316075552117207e-01 8.507215598151551816e-01 5.355983950903369095e-01 4.760625859648949243e-01 5.588406518268551615e-01
4.310456972878206061e-01 4.907800543763593537e-01 7.991403821092215587e-01 4.750530670805102051e-01 2.456892124567032765e-01 2.515469638102615368e-01 7.781064025375460380e-01 5.296041352541983604e-01 5.820037652689225016e-01 9.352536205371245748e-01 5.682590123779598379e-01 0.000000000000000000e+00 5.420195931454492300e-01 6.571551086426901112e-01 7.592735202121988491e-01 4.735402739043452769e-01 3.469176515631927638e-01 3.428600488844602556e-01 4.929051578217344964e-01 1.699645936141162550e-01 4.640923712586152994e-01 4.881633133788788603e-01 8.368466250326149769e-01 5.606652918524874796e-01 8.848140515028286579e-01 2.448769894085779386e-01 5.336198874276052440e-01 4.528439206004252759e-01 1.552870619759321169e-01 5.220820512867068164e-01 8.053739759718591129e-01 4.670088067398929232e-01 4.100428484363460857e-01 4.998612346881218249e-01 3.275670032583332114e-01
8.058304221120585753e-01 6.964168662179934799e-01 5.626932594385327668e-01 6.602257014733741158e-01 3.325124834474468272e-01 4.237273835337042605e-01 3.712489650958730181e-01 7.640075659761139670e-01 3.868182083163240192e-01 2.456865740857945291e-01 1.076957931791853174e-01 5.420195931454492300e-01 0.000000000000000000e+00 5.845979620029118085e-01 5.835020045665986199e-01 5.713077836988847968e-01 3.648438603927938728e-01 4.027652819632000503e-01 6.326697382106800660e-01 4.291207402283775951e-01 4.490581179605971918e-01 4.530498660625119078e-01 5.891608915641537436e-01 5.690475766927506340e-01 6.217213938186147981e-01 6.421516760865886297e-02 4.151434240456728930e-01 5.907215306398614363e-01 2.651274807988863724e-01 2.191454795676824885e-01 7.082202283892480299e-01 8.683591881268137858e-02 1.893458610382465768e-01 4.722327942194326500e-01 6.728738318853124678e-01
3.522946888734032056e-01 1.975373846542491929e-01 3.954181435158673485e-01 7.764428372274326806e-01 5.835028002159492466e-01 8.131913760324438467e-01 7.951689218065709497e-01 5.146402841913927384e-01 4.056923678889886586e-01 9.309220055814959593e-02 2.531515657091260030e-01 6.571551086426901112e-01 5.845979620029118085e-01 0.000000000000000000e+00 4.250969583022563558e-01 5.210275675185052080e-01 3.908928644757287962e-01 3.410717134751198865e-01 3.490865667438373676e-01 5.259999044384404687e-01 6.180861116676454881e-01 1.234995915865579885e-01 6.734894339456081180e-01 5.541467931962262838e-01 7.302665720736253308e-01 5.231665103470460876e-01 6.430431723267255872e-01 7.731898506538652516e-01 6.580853600390701441e-01 6.558039928632007909e-01 1.356598210010089289e-01 6.454193290359173663e-01 7.363903182870323860e-01 3.309473273348645384e-01 5.967360859901451597e-01
7.661784870422362337e-01 3.099548238954112911e-01 4.548544943117883155e-01 3.327842447220661914e-01 4.456381230186515219e-01 6.272727108258669970e-01 6.611346523269039377e-01 6.302773261616636535e-01 7.129147069971267792e-01 5.738490067198158684e-01 5.968965480277973468e-01 7.592735202121988491e-01 5.835020045665986199e-01 4.250969583022563558e-01 0.000000000000000000e+00 6.480561232584187703e-01 1.604103097927603860e-01 4.241986619123497282e-01 3.017305422770817924e-01 7.899994918269065414e-01 2.819498379840218449e-01 7.158655495418153603e-01 6.193770801693037065e-01 9.074016334338396161e-01 6.234931389901212651e-01 3.798955935593284483e-02 1.125763867570578336e-01 7.116008951854884135e-01 8.629880194107478752e-01 4.785789779346132922e-01 6.970320218749870289e-02 5.041823039888941871e-01 8.745847056364051131e-01 7.204917609263576939e-01 2.739406733767662527e-01
7.173726437894898389e-01 4.598143027365912960e-01 3.619626508975841706e-01 6.161420422105723382e-01 3.425881623661355402e-01 2.381724316276747633e-01 5.905870663072477766e-01 7.764410122342311205e-01 7.412778598423662713e-01 3.114151034518805594e-01 5.225739274468952367e-01 4.735402739043452769e-01 5.713077836988847968e-01 5.210275675185052080e-01 6.480561232584187703e-01 0.000000000000000000e+00 4.489922167633351724e-01 6.173471033870323588e-01 9.545916120432516028e-01 5.146228359777536010e-01 4.246711144512977931e-01 6.262934867742311340e-01 5.362027920724226071e-01 5.946201090208185214e-01 7.632001809178663443e-01 4.265828682670983474e-01 8.336121107902138005e-01 7.784822934182982213e-01 5.816145687255345198e-01 2.317246089154500477e-01 4.157375166069493533e-01 6.580273546122883399e-01 7.588536639590091060e-01 9.364220925351696145e-01 2.551973533866984112e-01
7.053549970308730099e-01 4.906354123390321842e-01 5.063905433442653647e-01 4.307563067478699104e-01 3.667776607875360417e-01 9.446179517834543127e-01 9.042261685041206309e-01 5.852656436346725943e-01 3.328241694464598721e-01 8.838663508684765358e-01 5.308381170418370321e-01 3.469176515631927638e-01 3.648438603927938728e-01 3.908928644757287962e-01 1.604103097927603860e-01 4.489922167633351724e-01 0.000000000000000000e+00 6.874660442919863224e-01 4.786607829742655085e-01 4.074653734870526955e-01 4.431778764635901924e-01 7.338627233446818332e-01 4.476573500428972507e-01 5.794365009922078924e-01 5.996791382475894494e-01 5.469665070369267301e-01 6.236517288310283735e-02 1.914579214233815829e-01 4.763494575262531283e-01 6.331757400875310804e-01 3.332916900265941451e-01 3.381854358760305601e-01 5.813034791882565333e-01 2.835767928160912721e-01 5.223266670338196915e-01
4.757706100689728657e-01 5.396953168041510596e-01 8.515768226028215260e-01 4.227904716890306114e-01 3.052978654282586524e-01 4.911081700070893952e-01 7.473041056534920346e-01 9.237592566338772571e-01 5.110856153602567620e-01 4.660862891377866579e-01 6.611527839005518770e-01 3.428600488844602556e-01 4.027652819632000503e-01 3.410717134751198865e-01 4.241986619123497282e-01 6.173471033870323588e-01 6.874660442919863224e-01 0.000000000000000000e+00 5.980366378730181953e-01 4.836471213273071945e-01 5.609864333314555918e-01 6.248464368955787274e-01 3.404484102286172709e-01 5.126592447491427063e-01 5.927669808725006817e-01 5.327694333724591891e-01 6.057340894597014191e-01 7.843474795961327128e-01 4.660410279557118951e-01 4.699375906490546040e-01 2.616083216927771460e-01 8.335276065926502387e-01 8.292280916899446019e-01 2.654960381162507765e-01 8.769616427824911131e-01
5.342368917977553533e-01 1.045103595930626517e-01 5.593712363335521243e-01 8.566150329596249335e-01 1.342394046430763765e-01 6.078277917295242805e-01 6.240142855193562266e-01 4.855681474693401833e-01 7.444146767470474213e-01 5.408488683567636013e-01 4.171780655916440539e-02 4.929051578217344964e-01 6.326697382106800660e-01 3.490865667438373676e-01 3.017305422770817924e-01 9.545916120432516028e-01 4.786607829742655085e-01 5.980366378730181953e-01 0.000000000000000000e+00 8.610711944019910913e-01 7.651713728012099480e-02 1.981833646259242299e-01 6.631355257678283044e-01 2.112633248821962906e-01 9.194984773367320674e-02 5.740386577080995867e-01 3.943987944096375431e-01 6.834490306220126765e-01 6.911381664251158297e-01 6.738365041824246893e-01 7.846515213056758364e-01 6.193705736712229459e-01 4.620153539314632574e-01 6.585444237258863964e-01 2.462201846243800007e-01
1.668641606331580651e-01 8.399144639266786783e-01 8.440092792677353906e-01 1.517968285933128936e-01 2.290198519368621954e-01 5.272592002427709534e-01 4.058330009970648744e-01 5.847465268876164135e-01 8.098060187869058346e-01 4.363519306658033003e-01 5.813824366703421731e-01 1.699645936141162550e-01 4.291207402283775951e-01 5.259999044384404687e-01 7.899994918269065414e-01 5.146228359777536010e-01 4.074653734870526955e-01 4.836471213273071945e-01 8.610711944019910913e-01 0.000000000000000000e+00 1.816346490359954657e-01 6.791438490290251373e-01 6.821347819046329475e-01 1.769164484340258747e-01 6.031573355280706039e-01 5.165545023157597226e-01 5.373513553262193598e-01 3.666328836373015099e-01 4.443436052697653516e-01 2.942457671471424563e-01 4.170782043155749630e-01 7.678872708502277877e-01 7.106281002420128390e-01 4.864227602250956739e-01 6.298695692145105385e-01
5.851258763533079277e-01 2.151236439193006666e-01 3.539782386527580149e-01 9.179701118588934339e-01 6.071870179736513773e-01 8.415660780257929741e-01 9.127742208400290158e-01 7.237231904337730892e-01 9.768603726030137269e-01 6.782541901291188058e-01 7.865504267491758572e-01 4.640923712586152994e-01 4.490581179605971918e-01 6.180861116676454881e-01 2.819498379840218449e-01 4.246711144512977931e-01 4.431778764635901924e-01 5.609864333314555918e-01 7.651713728012099480e-02 1.816346490359954657e-01 0.000000000000000000e+00 5.493790181920109594e-01 5.146342176000308077e-01 8.443480868177051235e-01 7.332934881285333439e-01 9.066595444689562466e-01 4.734081538724510541e-01 1.462700180009879891e-01 5.115815382523027921e-01 4.815692593588027370e-01 5.422795158513937785e-01 3.277631823474267403e-01 1.156976054496712258e-01 7.203593978117905916e-02 3.231964971180039115e-01
3.466307268290858556e-01 6.716357151586085372e-01 7.677832292587760676e-01 2.413758188571931140e-01 5.629751378120790850e-01 3.236822324141653828e-01 8.697404008951351573e-01 6.048069167356064924e-01 4.797745569402115384e-01 1.587677177519749572e-01 4.327292262050351779e-01 4.881633133788788603e-01 4.530498660625119078e-01 1.234995915865579885e-01 7.158655495418153603e-01 6.262934867742311340e-01 7.338627233446818332e-01 6.248464368955787274e-01 1.981833646259242299e-01 6.791438490290251373e-01 5.493790181920109594e-01 0.000000000000000000e+00 2.749328116987346249e-01 5.182648627838569722e-01 4.667967108657154474e-01 1.601116235429664858e-01 4.565795502627530977e-01 2.357927020238607119e-01 9.061425774114982845e-01 6.082880285819471933e-01 9.074633801685106915e-01 4.907844398856983092e-01 6.897039264035651485e-01 8.946807990569591862e-01 5.111491020777567673e-01
3.908446067068305219e-01 9.309435239124919104e-01 2.914345041851276741e-01 2.603205433861213169e-01 7.499194932551435100e-01 9.464239623926482547e-01 3.843348683402788568e-01 4.867580459793213743e-01 4.157306611060562762e-01 9.616985464780853921e-01 2.160317949593947295e-01 8.368466250326149769e-01 5.891608915641537436e-01 6.734894339456081180e-01 6.193770801693037065e-01 5.362027920724226071e-01 4.476573500428972507e-01 3.404484102286172709e-01 6.631355257678283044e-01 6.821347819046329475e-01 5.146342176000308077e-01 2.749328116987346249e-01 0.000000000000000000e+00 3.077928682101891411e-01 4.955640768767821669e-01 5.235715966228777773e-01 5.834012304574879293e-01 8.034013729484561495e-01 2.849727302496428694e-01 5.041856976796120771e-01 6.786870980855714830e-01 4.362473189017314068e-01 3.879339478348430292e-01 4.392712310173848000e-01 6.594576646456886682e-01
4.374977754937434127e-01 4.252353233053821069e-01 3.609614640475375391e-01 7.710925845959564207e-01 8.123361073302003410e-01 3.048215288290108127e-01 2.640246548043795882e-01 5.846818439109471299e-01 6.373814958079170312e-01 6.163170610915829073e-01 4.664549262365030313e-01 5.606652918524874796e-01 5.690475766927506340e-01 5.541467931962262838e-01 9.074016334338396161e-01 5.946201090208185214e-01 5.794365009922078924e-01 5.126592447491427063e-01 2.112633248821962906e-01 1.769164484340258747e-01 8.443480868177051235e-01 5.182648627838569722e-01 3.077928682101891411e-01 0.000000000000000000e+00 4.834029613288796101e-01 2.065376459881566595e-01 7.829977955386155930e-01 3.905067250381704658e-01 5.974998333589010002e-01 5.476507679751176916e-01 3.927629911480060576e-01 5.306304693745370615e-01 9.263330879372766447e-01 8.557311659523827441e-01 1.834113922171466404e-01
3.917473086909479263e-01 9.115295779103940177e-01 8.877292933548861509e-01 2.757942294557098606e-01 4.028079936846964970e-01 5.835011192574445227e-01 1.294447830675153899e-01 7.214547588801427658e-01 4.937845825550147838e-01 4.749455043397234344e-01 6.406528205017469890e-01 8.848140515028286579e-01 6.217213938186147981e-01 7.302665720736253308e-01 6.234931389901212651e-01 7.632001809178663443e-01 5.996791382475894494e-01 5.927669808725006817e-01 9.194984773367320674e-02 6.031573355280706039e-01 7.332934881285333439e-01 4.667967108657154474e-01 4.955640768767821669e-01 4.834029613288796101e-01 0.000000000000000000e+00 7.590094615331295369e-01 5.697238376235053137e-01 4.235535140781274133e-01 2.067059223343125640e-01 2.960719211242361926e-01 4.186342401725317020e-01 6.872481142806060594e-01 4.700638766423670956e-01 1.746716826362451069e-01 6.438416460888801707e-01
8.526907115122239755e-01 3.336971962265417591e-01 3.873405765270366841e-01 7.531655188403969525e-01 7.974211117145095784e-01 4.856648190063522774e-01 4.371383743725206772e-01 4.118600552494046108e-01 9.134316513788156566e-01 2.144722746530171031e-01 8.859281616528612568e-01 2.448769894085779386e-01 6.421516760865886297e-02 5.231665103470460876e-01 3.798955935593284483e-02 4.265828682670983474e-01 5.469665070369267301e-01 5.327694333724591891e-01 5.740386577080995867e-01 5.165545023157597226e-01 9.066595444689562466e-01 1.601116235429664858e-01 5.235715966228777773e-01 2.065376459881566595e-01 7.590094615331295369e-01 0.000000000000000000e+00 3.631467039403076802e-01 7.917654338128873315e-01 5.908559335574516957e-01 2.764043598146013192e-01 9.195093539605423416e-01 5.896634312199615646e-01 8.461568401877481715e-01 3.999580441570526057e-01 8.611781806518079563e-01
5.319369874247960039e-01 2.761092222259365903e-01 4.239932457922450104e-01 1.679401147164177321e-01 6.986862842867122003e-01 8.754039332360008530e-01 5.577257527998449316e-01 4.320107781281639081e-01 6.973917878010662541e-01 6.372014802007121004e-01 5.683063219998720772e-01 5.336198874276052440e-01 4.151434240456728930e-01 6.430431723267255872e-01 1.125763867570578336e-01 8.336121107902138005e-01 6.236517288310283735e-02 6.057340894597014191e-01 3.943987944096375431e-01 5.373513553262193598e-01 4.734081538724510541e-01 4.565795502627530977e-01 5.834012304574879293e-01 7.829977955386155930e-01 5.697238376235053137e-01 3.631467039403076802e-01 0.000000000000000000e+00 8.772702853395564215e-02 3.064198363452985685e-01 4.396639360881986480e-01 8.081750232135160861e-01 6.672110876832048065e-01 5.131477494127167915e-01 6.799364662968219175e-01 4.008871611756033015e-01
4.852467347883615556e-01 4.666056174887176500e-01 6.787910262211129808e-01 6.386936341624589453e-01 6.369374149841913191e-01 6.280563210333800495e-01 8.630757737740636371e-01 2.241221305792405749e-01 1.795687303468672669e-01 6.817552787295809713e-01 6.017113780824082658e-01 4.528439206004252759e-01 5.907215306398614363e-01 7.731898506538652516e-01 7.116008951854884135e-01 7.784822934182982213e-01 1.914579214233815829e-01 7.843474795961327128e-01 6.834490306220126765e-01 3.666328836373015099e-01 1.462700180009879891e-01 2.357927020238607119e-01 8.034013729484561495e-01 3.905067250381704658e-01 4.235535140781274133e-01 7.917654338128873315e-01 8.772702853395564215e-02 0.000000000000000000e+00 5.259339909916564970e-01 6.754389694370563912e-01 8.580264491702751517e-01 2.308568152435087617e-01 6.116178917387411484e-01 4.320879045730905421e-01 2.946730031546894724e-01
4.878525824016778367e-01 5.053025428315609524e-01 6.254588255708350975e-01 1.766260402361581328e-01 8.711853156263366094e-01 8.204933803624923083e-01 2.744349931640132079e-01 9.036851082813928127e-01 6.589320821134247996e-01 6.299349634496893557e-01 4.744255326393157501e-01 1.552870619759321169e-01 2.651274807988863724e-01 6.580853600390701441e-01 8.629880194107478752e-01 5.816145687255345198e-01 4.763494575262531283e-01 4.660410279557118951e-01 6.911381664251158297e-01 4.443436052697653516e-01 5.115815382523027921e-01 9.061425774114982845e-01 2.849727302496428694e-01 5.974998333589010002e-01 2.067059223343125640e-01 5.908559335574516957e-01 3.064198363452985685e-01 5.259339909916564970e-01 0.000000000000000000e+00 8.704684054899128887e-01 5.496539132831655960e-01 6.704870699940450596e-01 7.795432015040503204e-01 5.632795120486995266e-01 4.500718525507283463e-01
5.468375297580763128e-01 1.398914448361952001e-01 3.799907952162018265e-01 1.237680668379991245e-01 5.715928853806151455e-01 2.847767610387383908e-01 7.765221797270562831e-01 7.558547944282540954e-01 4.814558451815104667e-01 6.613336612489222333e-01 7.569973188030664213e-01 5.220820512867068164e-01 2.191454795676824885e-01 6.558039928632007909e-01 4.785789779346132922e-01 2.317246089154500477e-01 6.331757400875310804e-01 4.699375906490546040e-01 6.738365041824246893e-01 2.942457671471424563e-01 4.815692593588027370e-01 6.082880285819471933e-01 5.041856976796120771e-01 5.476507679751176916e-01 2.960719211242361926e-01 2.764043598146013192e-01 4.396639360881986480e-01 6.754389694370563912e-01 8.704684054899128887e-01 0.000000000000000000e+00 2.228463567704404014e-01 5.432981632437483555e-01 1.690071245998936433e-01 6.553781503468443237e-01 6.352036468803051728e-01
5.913732789859944550e-01 2.253152199423155144e-01 8.849313127852860283e-01 2.179663340849942177e-01 4.681769226508902260e-01 5.926722676366040776e-01 4.683859033237884884e-01 5.266036815828438744e-01 5.715290201098883749e-01 6.173787551713394439e-01 3.244316075552117207e-01 8.053739759718591129e-01 7.082202283892480299e-01 1.356598210010089289e-01 6.970320218749870289e-02 4.157375166069493533e-01 3.332916900265941451e-01 2.616083216927771460e-01 7.846515213056758364e-01 4.170782043155749630e-01 5.422795158513937785e-01 9.074633801685106915e-01 6.786870980855714830e-01 3.927629911480060576e-01 4.186342401725317020e-01 9.195093539605423416e-01 8.081750232135160861e-01 8.580264491702751517e-01 5.496539132831655960e-01 2.228463567704404014e-01 0.000000000000000000e+00 1.096031113023127057e-01 4.648927906845604641e-01 6.453873909597731551e-01 1.979345986270916735e-01
6.388223151695603397e-01 6.482813846112844836e-01 6.941992878545120149e-01 7.052626517397391215e-01 9.015443031157428511e-01 4.421058100898010990e-01 5.035548111434866581e-01 8.652672434636513588e-01 3.196331110670161957e-01 5.092025747423404303e-01 8.507215598151551816e-01 4.670088067398929232e-01 8.683591881268137858e-02 6.454193290359173663e-01 5.041823039888941871e-01 6.580273546122883399e-01 3.381854358760305601e-01 8.335276065926502387e-01 6.193705736712229459e-01 7.678872708502277877e-01 3.277631823474267403e-01 4.907844398856983092e-01 4.362473189017314068e-01 5.306304693745370615e-01 6.872481142806060594e-01 5.896634312199615646e-01 6.672110876832048065e-01 2.308568152435087617e-01 6.704870699940450596e-01 5.432981632437483555e-01 1.096031113023127057e-01 0.000000000000000000e+00 4.523123971494883433e-01 7.500637394867685215e-01 9.196711495936726877e-01
4.929579299900495037e-01 3.930263651595115038e-01 8.542300619383363935e-01 1.079150792907599410e-01 4.905408006012696442e-01 5.267518830970221444e-01 2.501804319282187050e-01 9.460852568813660213e-01 5.137559153008814938e-01 5.577521569667982515e-01 5.355983950903369095e-01 4.100428484363460857e-01 1.893458610382465768e-01 7.363903182870323860e-01 8.745847056364051131e-01 7.588536639590091060e-01 5.813034791882565333e-01 8.292280916899446019e-01 4.620153539314632574e-01 7.106281002420128390e-01 1.156976054496712258e-01 6.897039264035651485e-01 3.879339478348430292e-01 9.263330879372766447e-01 4.700638766423670956e-01 8.461568401877481715e-01 5.131477494127167915e-01 6.116178917387411484e-01 7.795432015040503204e-01 1.690071245998936433e-01 4.648927906845604641e-01 4.523123971494883433e-01 0.000000000000000000e+00 2.264382329784428993e-01 5.071118850483156137e-01
5.823542178632081789e-01 6.995732970532227979e-01 7.371834539942399012e-01 4.668205351239184120e-01 2.773515539563127241e-01 2.861134819320585443e-01 8.299514922343136369e-01 9.274822969500582381e-01 3.365512850050226268e-01 4.325579332604199134e-01 4.760625859648949243e-01 4.998612346881218249e-01 4.722327942194326500e-01 3.309473273348645384e-01 7.204917609263576939e-01 9.364220925351696145e-01 2.835767928160912721e-01 2.654960381162507765e-01 6.585444237258863964e-01 4.864227602250956739e-01 7.203593978117905916e-02 8.946807990569591862e-01 4.392712310173848000e-01 8.557311659523827441e-01 1.746716826362451069e-01 3.999580441570526057e-01 6.799364662968219175e-01 4.320879045730905421e-01 5.632795120486995266e-01 6.553781503468443237e-01 6.453873909597731551e-01 7.500637394867685215e-01 2.264382329784428993e-01 0.000000000000000000e+00 2.356733582019564510e-01
5.661142978876496645e-01 1.768952424390765055e-01 2.165936982320562088e-01 7.244642918282286903e-01 3.286500502133467005e-01 3.670217547421241733e-01 7.408572763790417515e-01 9.019171619881261037e-02 4.988135349450001366e-01 7.917958338347328429e-01 5.588406518268551615e-01 3.275670032583332114e-01 6.728738318853124678e-01 5.967360859901451597e-01 2.739406733767662527e-01 2.551973533866984112e-01 5.223266670338196915e-01 8.769616427824911131e-01 2.462201846243800007e-01 6.298695692145105385e-01 3.231964971180039115e-01 5.111491020777567673e-01 6.594576646456886682e-01 1.834113922171466404e-01 6.438416460888801707e-01 8.611781806518079563e-01 4.008871611756033015e-01 2.946730031546894724e-01 4.500718525507283463e-01 6.352036468803051728e-01 1.979345986270916735e-01 9.196711495936726877e-01 5.071118850483156137e-01 2.356733582019564510e-01 0.000000000000000000e+00
