0.000000000000000000e+00 5.222473398817857326e-01 5.541727778222558243e-01 2.937721063916805542e-01 2.800002597222566170e-01 4.578105631793900621e-01 7.617474334473861575e-01 6.920671609282129655e-01 5.234542141712982266e-01 9.625316466718325525e-02 1.988951773797831835e-01 6.096065497868751182e-01 6.745461211547596481e-01 3.498238492105298358e-01 4.450875784263507717e-01 7.659030848958627846e-01 4.860195425462437990e-01 5.165444397454020953e-01 7.519307668039776349e-01 9.433708151650759266e-01 9.032050170808818557e-01 5.778000283670465809e-01 4.306639069764963135e-01 7.801397256958009230e-01 4.397789653514027064e-01 3.032246863560161820e-01 1.791573580213730033e-01 2.624447173335986427e-02 5.316608966639880807e-01 3.847016711653640231e-01 4.804286145033684896e-01 1.978540202268062043e-01 4.975664185187314015e-01 2.057399038136885627e-01 1.923297328327726596e-01
5.222473398817857326e-01 0.000000000000000000e+00 1.746126499215717720e-01 6.580976771855222562e-01 6.603364232404096423e-01 5.060686735723521901e-01 2.246864467312570390e-01 1.397985301251204460e-01 2.718937149284524901e-01 6.561020705908844342e-01 3.276122227234678497e-01 2.620401495091555510e-01 7.561658396372026303e-01 5.076437123809985907e-01 5.917973831027351084e-01 4.349333477265667769e-01 5.447299789499175926e-01 7.518263447014983392e-01 2.458777544141214078e-01 8.659021204652830317e-01 4.957908268192415258e-01 8.641915447226899971e-01 3.141466429751595957e-01 4.760327981254714458e-01 5.787641185032688096e-01 9.401771013577886471e-01 4.813967385449929859e-01 5.050796115533309205e-01 4.646476444665423311e-01 3.189300531170483066e-01 9.078024121644463484e-01 3.747353790843986898e-01 5.426257900850928184e-01 7.297850791660618341e-01 6.018467501995341529e-01
5.541727778222558243e-01 1.746126499215717720e-01 0.000000000000000000e+00 8.873710432927358616e-01 5.175687605491189336e-01 9.244741965316325416e-01 6.360069788526678813e-01 4.141237814404523099e-01 7.528611979570380974e-01 7.044356203797147442e-01 4.849645486116321846e-01 3.297016911713031018e-01 2.482080838023024150e-01 4.471573673231087342e-01 8.618846887767888099e-01 8.340395488237415389e-01 5.922662987579492277e-01 5.600835003465609585e-01 8.805358269926100157e-01 9.751665498152001232e-01 5.412841119951932178e-01 8.094252907508525663e-01 3.272327880295419211e-01 4.689134959350879650e-01 2.400553840670389683e-01 5.706295110797945380e-01 1.772470691045556768e-01 6.401359031196474092e-01 1.035616072014078348e-01 2.757182735136832208e-01 3.915209150449558972e-01 6.744507632234211236e-01 9.312086503766192624e-02 4.234786071391539730e-01 2.224307029275496284e-02
2.937721063916805542e-01 6.580976771855222562e-01 8.873710432927358616e-01 0.000000000000000000e+00 4.800766930171295743e-01 5.072379199142809103e-01 5.327199680288361439e-01 9.625575946315398923e-01 7.242034954764534627e-01 5.806171319972359690e-01 1.542271421442142909e-01 3.214554398674527858e-01 3.736694653568136126e-01 2.618111526186953641e-01 2.737942785756787289e-01 3.555667202307213337e-01 2.220814090000400309e-01 4.733066813006256979e-01 4.821227241161082366e-01 7.640295861377444098e-01 5.076371810337445556e-01 4.543357986298292017e-01 7.508798079040432949e-01 3.602396417640003068e-01 7.310200244094198219e-01 4.889451770675301012e-01 2.720622869314648362e-01 1.454759185298403201e-01 5.504381750867500811e-01 5.421292167420714847e-01 9.244310819902972209e-01 7.508209217442499694e-01 4.655877430125018313e-01 5.028768299992099067e-01 2.997148450698735589e-01
2.800002597222566170e-01 6.603364232404096423e-01 5.175687605491189336e-01 4.800766930171295743e-01 0.000000000000000000e+00 4.077546066752026910e-01 4.105658407941025212e-01 8.129377549954384108e-01 5.092738478699444515e-01 2.688831697142625154e-01 2.356658205194556155e-01 8.884744771002720531e-01 3.496223567979568347e-01 1.407914386085185043e-01 7.009932879691546104e-01 8.190502683286078334e-01 9.605979551390657623e-01 2.605419364127435911e-01 3.816586702970723444e-01 3.504601246950419524e-01 5.046855269313077486e-01 2.312408297401180590e-01 9.454477509418497405e-01 4.412241449273693883e-01 7.675527658538394693e-01 8.360042667874989508e-02 6.221633776776871461e-01 8.585518896692256874e-01 6.082872770852805200e-01 6.805111534320128497e-01 1.573896177812148522e-01 6.176191917404039167e-01 9.540921280835001905e-02 5.402550818986262549e-01 6.024405060434516734e-01
4.578105631793900621e-01 5.060686735723521901e-01 9.244741965316325416e-01 5.072379199142809103e-01 4.077546066752026910e-01 0.000000000000000000e+00 4.812844719303813745e-01 5.461079707046788689e-01 4.462814793430688876e-01 6.504200445187009461e-01 6.627091738709225410e-01 8.118343010975573870e-01 7.832412033456023215e-01 6.442730857175302805e-01 1.801264099410883057e-01 1.846048559618795881e-01 8.947971403517712696e-01 2.200746058490549162e-01 5.679564309391418320e-01 4.357865758077462681e-01 9.000756458396205195e-01 6.991363137783820347e-01 3.321973110001431584e-01 1.575668827352987855e-01 8.293143373322079404e-01 8.483349302776435064e-01 3.766610435176132032e-01 1.948378401875324739e-01 4.239021522510275641e-01 7.294992240326489963e-01 3.675078797805759745e-01 7.870278977592222169e-01 7.507396262720458235e-01 1.554327184316569577e-01 8.302118019433735174e-01
7.617474334473861575e-01 2.246864467312570390e-01 6.360069788526678813e-01 5.327199680288361439e-01 4.105658407941025212e-01 4.812844719303813745e-01 0.000000000000000000e+00 3.232893885415325519e-01 7.870046356148323596e-01 3.555353136395742464e-01 3.812587184262022921e-01 6.993737100939534379e-01 2.719708144150905227e-01 5.643040410639958981e-01 5.481522845301145530e-01 1.808455232066286111e-01 4.627704648291671718e-01 3.027166918796053707e-01 3.891700117422549621e-01 2.498135545593327400e-02 2.677700938432581168e-01 6.774606076838287638e-01 8.918909006896933445e-01 3.794635042774108236e-01 1.996788089069660987e-01 4.505558742266272398e-01 5.665712850582724780e-01 7.357253129871266228e-01 2.315329475655653058e-01 4.994823844840802773e-01 4.023188451787942377e-01 5.360949710280372704e-01 9.405525471730504794e-01 5.293959050863326077e-01 5.618432149640166795e-01
6.920671609282129655e-01 1.397985301251204460e-01 4.141237814404523099e-01 9.625575946315398923e-01 8.129377549954384108e-01 5.461079707046788689e-01 3.232893885415325519e-01 0.000000000000000000e+00 1.451816398699111721e-01 2.796248916704684451e-01 6.657294077087825279e-01 8.235485975869606401e-01 9.962075958763301209e-01 9.656302369143345832e-01 4.601431229389777999e-01 9.110156380862364234e-01 5.526522137735235818e-01 4.810032455405565677e-01 2.620335600125809350e-01 5.208273182053111405e-01 5.403395432473396820e-01 6.296965676796095757e-01 1.518441108078522062e-01 1.391116305729517277e-01 7.927583370607245161e-01 5.552755299894968077e-01 8.364760039941235847e-01 5.638325187611133993e-01 6.098133568141359540e-01 6.828020951670187300e-01 6.689261269588080427e-01 6.739392535245019022e-01 7.387651993929360561e-01 8.879368394197604264e-01 5.876183881560853584e-01
5.234542141712982266e-01 2.718937149284524901e-01 7.528611979570380974e-01 7.242034954764534627e-01 5.092738478699444515e-01 4.462814793430688876e-01 7.870046356148323596e-01 1.451816398699111721e-01 0.000000000000000000e+00 3.937554957696699498e-01 5.884995743313630179e-01 6.624890413455974958e-01 4.035571450958155282e-01 8.429954848379539456e-01 4.950823448583236419e-01 6.045906183843430259e-01 8.792955522141363556e-01 6.115870461191892371e-01 6.081508640673456423e-01 6.253845067922645384e-01 2.684604468792854970e-01 4.628172783862488648e-01 7.832606173736429422e-01 8.289441391864993403e-02 4.871738028417493815e-01 4.949505293399804606e-01 8.659571026549810480e-01 5.312975780489169741e-01 5.341759325181056894e-01 4.078225236631097816e-01 4.593433436356427757e-01 6.200263641575740614e-01 7.601692423855608283e-01 5.783528322627082829e-01 8.320666339767599506e-01
9.625316466718325525e-02 6.561020705908844342e-01 7.044356203797147442e-01 5.806171319972359690e-01 2.688831697142625154e-01 6.504200445187009461e-01 3.555353136395742464e-01 2.796248916704684451e-01 3.937554957696699498e-01 0.000000000000000000e+00 4.190300181611399943e-01 8.473750366577295079e-01 7.356113050120653973e-01 6.029703603500932152e-01 8.409442659688834976e-01 7.731343324365393954e-01 4.226876888106755326e-01 4.903515078501300417e-01 5.864135416388658317e-01 4.841034521770898880e-01 6.630198049460694909e-01 8.669409838807804469e-01 3.048950692182139655e-01 7.934898919725886790e-01 6.986457560877439299e-01 5.371665883675756925e-01 8.306722793454170972e-01 5.587946892010227096e-01 6.554033330397535106e-01 5.299785315722365109e-01 3.644353106160856948e-01 5.487810975681387538e-01 1.382393850354182163e-01 5.608589897875450037e-01 4.875765715238344900e-01
1.988951773797831835e-01 3.276122227234678497e-01 4.849645486116321846e-01 1.542271421442142909e-01 2.356658205194556155e-01 6.627091738709225410e-01 3.812587184262022921e-01 6.657294077087825279e-01 5.884995743313630179e-01 4.190300181611399943e-01 0.000000000000000000e+00 3.979012825450058410e-01 5.449534169616825352e-01 6.021910835665358341e-01 8.555075395254492232e-01 9.518667838421551730e-01 5.629047582631693247e-01 2.763335882745904248e-01 4.827220482585196093e-01 5.328745856005956405e-01 1.245890633380619672e-01 4.617545479591255719e-01 5.538499396363318894e-01 3.624695577482797137e-01 2.064863194905753874e-01 3.540878598604108030e-01 8.169631936199365230e-01 7.408151131496110153e-01 5.029377499551606068e-01 6.013306330314048820e-01 9.722163423447998110e-01 2.479714251614506537e-01 5.552154227824703803e-01 7.415050791503440264e-01 7.347524979135164891e-01
6.096065497868751182e-01 2.620401495091555510e-01 3.297016911713031018e-01 3.214554398674527858e-01 8.884744771002720531e-01 8.118343010975573870e-01 6.993737100939534379e-01 8.235485975869606401e-01 6.624890413455974958e-01 8.473750366577295079e-01 3.979012825450058410e-01 0.000000000000000000e+00 3.683426052371292503e-01 1.733766147410833458e-01 4.701356493404914016e-01 4.390408717281176210e-01 6.731014074777302847e-01 6.994761747832818344e-01 7.300343529761914585e-01 4.316241836055632608e-01 3.780307990092660608e-01 6.256487929722607255e-01 4.663454861289168529e-01 8.547038672924803793e-01 4.112005132124878504e-01 5.702901219300683389e-01 5.919477916185482691e-01 2.961861475202293703e-01 5.923092444411475199e-01 3.958892650151886183e-01 5.013989205464991494e-01 2.778905619842705343e-01 7.358456949021485727e-01 5.368687119046722245e-01 3.135876800814604293e-01
6.745461211547596481e-01 7.561658396372026303e-01 2.482080838023024150e-01 3.736694653568136126e-01 3.496223567979568347e-01 7.832412033456023215e-01 2.719708144150905227e-01 9.962075958763301209e-01 4.035571450958155282e-01 7.356113050120653973e-01 5.449534169616825352e-01 3.683426052371292503e-01 0.000000000000000000e+00 9.115491294100530606e-02 5.705442354844747488e-01 6.559359074226569497e-01 3.557821366863120893e-01 8.365450585534501826e-01 1.920151785028456626e-01 8.248516213029501998e-01 7.640422898840486532e-01 1.153578425108470196e-01 7.823190155487451669e-01 6.278438376248215436e-01 2.218530600633559224e-01 5.239570071458874434e-01 3.543116270759435471e-01 6.165815292524358116e-01 6.473548697608501046e-01 6.444915757484215302e-01 2.706221885044958197e-01 5.620817329233178672e-01 3.100183731156519462e-01 7.850829713565659063e-01 9.317334881520810130e-01
3.498238492105298358e-01 5.076437123809985907e-01 4.471573673231087342e-01 2.618111526186953641e-01 1.407914386085185043e-01 6.442730857175302805e-01 5.643040410639958981e-01 9.656302369143345832e-01 8.429954848379539456e-01 6.029703603500932152e-01 6.021910835665358341e-01 1.733766147410833458e-01 9.115491294100530606e-02 0.000000000000000000e+00 4.914458798845998677e-01 2.356538523315412359e-01 3.154423605748973292e-01 4.938291734928252352e-01 9.051626223466602283e-01 1.866889966860364458e-01 7.055298817991382254e-01 7.671586808599246687e-01 9.659845982308534751e-01 7.232061716332980339e-01 3.408828084239498568e-01 5.622139944103443643e-01 3.997390668307431172e-01 3.553429006814087243e-01 4.350701782793812145e-01 7.502223378046835034e-01 2.704867125168741726e-01 6.936967637209903170e-01 1.641112493615876633e-01 5.894959651528203226e-01 5.072403718941759232e-01
4.450875784263507717e-01 5.917973831027351084e-01 8.618846887767888099e-01 2.737942785756787289e-01 7.009932879691546104e-01 1.801264099410883057e-01 5.481522845301145530e-01 4.601431229389777999e-01 4.950823448583236419e-01 8.409442659688834976e-01 8.555075395254492232e-01 4.701356493404914016e-01 5.705442354844747488e-01 4.914458798845998677e-01 0.000000000000000000e+00 3.638155814005025190e-01 2.557186834435870582e-01 3.853336999779923278e-01 9.455907958103159094e-01 7.725823135278362397e-01 6.388539401422828057e-01 8.211119182946879924e-01 7.093273557420309849e-01 6.519685673726408615e-01 2.164624630717997267e-01 4.008625499326487485e-01 4.509510894307399154e-01 3.843890184660047060e-01 6.709351007105852638e-01 2.122882647753973062e-01 1.675564235367088539e-01 3.708498181229659130e-01 3.418724197742555315e-01 4.547783456829533888e-01 5.184120148891653290e-01
7.659030848958627846e-01 4.349333477265667769e-01 8.340395488237415389e-01 3.555667202307213337e-01 8.190502683286078334e-01 1.846048559618795881e-01 1.808455232066286111e-01 9.110156380862364234e-01 6.045906183843430259e-01 7.731343324365393954e-01 9.518667838421551730e-01 4.390408717281176210e-01 6.559359074226569497e-01 2.356538523315412359e-01 3.638155814005025190e-01 0.000000000000000000e+00 4.084108173429224498e-01 4.392513055289207213e-01 1.531493611527011689e-01 4.570975504921774291e-01 3.599896691292128192e-01 5.216452865120058124e-01 5.169234880123416698e-01 6.209027362917529658e-01 2.450905638974640866e-01 3.360854361009087965e-01 1.942578951494011719e-01 5.048234861834973719e-01 4.539857878932118673e-01 3.493020122260367399e-01 5.914044435002738798e-01 3.747544454665068248e-01 5.348999150128601610e-01 4.720652641394333937e-01 4.718448454047079466e-01
4.860195425462437990e-01 5.447299789499175926e-01 5.922662987579492277e-01 2.220814090000400309e-01 9.605979551390657623e-01 8.947971403517712696e-01 4.627704648291671718e-01 5.526522137735235818e-01 8.792955522141363556e-01 4.226876888106755326e-01 5.629047582631693247e-01 6.731014074777302847e-01 3.557821366863120893e-01 3.154423605748973292e-01 2.557186834435870582e-01 4.084108173429224498e-01 0.000000000000000000e+00 7.867397549517938238e-01 4.496778474350732191e-01 6.254881174423354562e-01 5.620302697966103045e-01 3.016421227911534886e-01 5.484355419276799593e-01 4.210272247035629078e-01 5.307678127176469474e-01 9.861711362937120029e-02 1.283431813582949221e-01 3.958994588997188924e-02 4.870184210892714027e-01 4.267937990106871471e-01 6.581971067435430367e-01 2.600430549655315948e-01 7.626570556675129620e-01 2.224795997721188412e-01 4.908483551271066725e-01
5.165444397454020953e-01 7.518263447014983392e-01 5.600835003465609585e-01 4.733066813006256979e-01 2.605419364127435911e-01 2.200746058490549162e-01 3.027166918796053707e-01 4.810032455405565677e-01 6.115870461191892371e-01 4.903515078501300417e-01 2.763335882745904248e-01 6.994761747832818344e-01 8.365450585534501826e-01 4.938291734928252352e-01 3.853336999779923278e-01 4.392513055289207213e-01 7.867397549517938238e-01 0.000000000000000000e+00 5.152678219459978504e-01 7.807385970258968744e-01 5.304419626565786139e-01 6.120401777730415382e-01 6.444102165934271209e-01 6.283118079480733975e-01 3.908148820607084684e-01 4.773850257766264482e-01 4.809708272858772560e-01 1.316302127323601967e-01 9.819786376620720514e-02 8.249512518460151433e-01 2.594011901972888001e-01 5.112348734453805443e-01 1.846211291618562456e-01 1.107795949840965077e-01 3.581788628919104212e-01
7.519307668039776349e-01 2.458777544141214078e-01 8.805358269926100157e-01 4.821227241161082366e-01 3.816586702970723444e-01 5.679564309391418320e-01 3.891700117422549621e-01 2.620335600125809350e-01 6.081508640673456423e-01 5.864135416388658317e-01 4.827220482585196093e-01 7.300343529761914585e-01 1.920151785028456626e-01 9.051626223466602283e-01 9.455907958103159094e-01 1.531493611527011689e-01 4.496778474350732191e-01 5.152678219459978504e-01 0.000000000000000000e+00 4.523110381481811326e-01 2.159414281958526027e-01 6.895732769370943593e-01 6.801057020783290996e-01 4.065248979341138935e-01 9.326580468557150727e-01 6.875963437411850565e-01 6.627960617137371724e-01 5.837728004877302812e-01 5.146071915234606831e-01 5.786821629723682969e-01 8.456712864365407700e-01 8.116598166337866127e-01 4.308589235721602129e-01 6.156884148764889542e-01 4.890446328572293222e-01
9.433708151650759266e-01 8.659021204652830317e-01 9.751665498152001232e-01 7.640295861377444098e-01 3.504601246950419524e-01 4.357865758077462681e-01 2.498135545593327400e-02 5.208273182053111405e-01 6.253845067922645384e-01 4.841034521770898880e-01 5.328745856005956405e-01 4.316241836055632608e-01 8.248516213029501998e-01 1.866889966860364458e-01 7.725823135278362397e-01 4.570975504921774291e-01 6.254881174423354562e-01 7.807385970258968744e-01 4.523110381481811326e-01 0.000000000000000000e+00 5.890862828584774169e-01 6.310800685197821558e-01 5.368034039091869047e-01 7.754298454607533309e-01 5.273839390175678599e-01 5.567559579322856056e-01 9.153607573795417007e-01 5.634020383668452148e-01 7.267124870077691368e-01 6.340660206652120046e-01 1.073106256805342329e-01 5.427175127576626679e-01 6.070849003355891504e-01 4.545233597063366160e-01 3.787962642607578534e-01
9.032050170808818557e-01 4.957908268192415258e-01 5.412841119951932178e-01 5.076371810337445556e-01 5.046855269313077486e-01 9.000756458396205195e-01 2.677700938432581168e-01 5.403395432473396820e-01 2.684604468792854970e-01 6.630198049460694909e-01 1.245890633380619672e-01 3.780307990092660608e-01 7.640422898840486532e-01 7.055298817991382254e-01 6.388539401422828057e-01 3.599896691292128192e-01 5.620302697966103045e-01 5.304419626565786139e-01 2.159414281958526027e-01 5.890862828584774169e-01 0.000000000000000000e+00 6.049229952349868267e-01 4.997903559750181413e-01 3.384922157909319163e-01 5.930364303360934342e-01 6.686006745131320983e-01 7.597420059404782489e-01 4.682516265231502217e-01 8.342883808312666627e-01 3.576800123117562791e-01 8.279575041004884062e-01 1.836843788914532816e-01 3.455644362354445831e-01 2.160132485242604039e-01 5.358968488947181141e-01
5.778000283670465809e-01 8.641915447226899971e-01 8.094252907508525663e-01 4.543357986298292017e-01 2.312408297401180590e-01 6.991363137783820347e-01 6.774606076838287638e-01 6.296965676796095757e-01 4.628172783862488648e-01 8.669409838807804469e-01 4.617545479591255719e-01 6.256487929722607255e-01 1.153578425108470196e-01 7.671586808599246687e-01 8.211119182946879924e-01 5.216452865120058124e-01 3.016421227911534886e-01 6.120401777730415382e-01 6.895732769370943593e-01 6.310800685197821558e-01 6.049229952349868267e-01 0.000000000000000000e+00 2.402823938466368547e-01 4.364881350639298052e-01 5.124501761536501832e-01 5.929224575227194372e-01 4.281357963404604505e-01 5.290687701131185916e-01 3.731983355444884465e-01 8.433043512746914994e-01 6.586141606423181472e-01 1.930345042120851229e-01 4.757204615196145014e-01 8.729645386929321127e-01 4.777914790192384076e-01
4.306639069764963135e-01 3.141466429751595957e-01 3.272327880295419211e-01 7.508798079040432949e-01 9.454477509418497405e-01 3.321973110001431584e-01 8.918909006896933445e-01 1.518441108078522062e-01 7.832606173736429422e-01 3.048950692182139655e-01 5.538499396363318894e-01 4.663454861289168529e-01 7.823190155487451669e-01 9.659845982308534751e-01 7.093273557420309849e-01 5.169234880123416698e-01 5.484355419276799593e-01 6.444102165934271209e-01 6.801057020783290996e-01 5.368034039091869047e-01 4.997903559750181413e-01 2.402823938466368547e-01 0.000000000000000000e+00 4.682727779016622183e-01 6.028490969646982389e-01 5.487447293309939411e-01 6.610975127861073997e-01 5.859577034441609822e-01 7.634402097908243867e-01 5.725919679306774590e-01 3.812579314001938169e-01 6.721333982497481596e-01 5.753515747134539948e-01 4.755550762598114711e-01 5.876470020482026380e-01
7.801397256958009230e-01 4.760327981254714458e-01 4.689134959350879650e-01 3.602396417640003068e-01 4.412241449273693883e-01 1.575668827352987855e-01 3.794635042774108236e-01 1.391116305729517277e-01 8.289441391864993403e-02 7.934898919725886790e-01 3.624695577482797137e-01 8.547038672924803793e-01 6.278438376248215436e-01 7.232061716332980339e-01 6.519685673726408615e-01 6.209027362917529658e-01 4.210272247035629078e-01 6.283118079480733975e-01 4.065248979341138935e-01 7.754298454607533309e-01 3.384922157909319163e-01 4.364881350639298052e-01 4.682727779016622183e-01 0.000000000000000000e+00 6.277200145373253992e-01 8.224433171671485798e-01 6.444361307131110106e-01 4.784505265437066779e-01 2.049714763421476293e-01 4.544399858463754605e-02 5.153709794598595462e-01 2.802678384182376581e-01 6.225733157043501498e-01 6.506375721772907905e-01 1.687463436094033264e-01
4.397789653514027064e-01 5.787641185032688096e-01 2.400553840670389683e-01 7.310200244094198219e-01 7.675527658538394693e-01 8.293143373322079404e-01 1.996788089069660987e-01 7.927583370607245161e-01 4.871738028417493815e-01 6.986457560877439299e-01 2.064863194905753874e-01 4.112005132124878504e-01 2.218530600633559224e-01 3.408828084239498568e-01 2.164624630717997267e-01 2.450905638974640866e-01 5.307678127176469474e-01 3.908148820607084684e-01 9.326580468557150727e-01 5.273839390175678599e-01 5.930364303360934342e-01 5.124501761536501832e-01 6.028490969646982389e-01 6.277200145373253992e-01 0.000000000000000000e+00 4.983139139259866734e-01 4.305861005142319620e-01 3.297812912782129291e-01 2.955011424636614370e-01 7.927081654592629256e-01 1.019088944917504458e-01 2.500829677261645623e-01 1.437370165031482960e-01 5.477206793315300137e-01 2.498722174706969890e-01
3.032246863560161820e-01 9.401771013577886471e-01 5.706295110797945380e-01 4.889451770675301012e-01 8.360042667874989508e-02 8.483349302776435064e-01 4.505558742266272398e-01 5.552755299894968077e-01 4.949505293399804606e-01 5.371665883675756925e-01 3.540878598604108030e-01 5.702901219300683389e-01 5.239570071458874434e-01 5.622139944103443643e-01 4.008625499326487485e-01 3.360854361009087965e-01 9.861711362937120029e-02 4.773850257766264482e-01 6.875963437411850565e-01 5.567559579322856056e-01 6.686006745131320983e-01 5.929224575227194372e-01 5.487447293309939411e-01 8.224433171671485798e-01 4.983139139259866734e-01 0.000000000000000000e+00 7.117796042528067302e-01 2.666872872201156985e-01 2.414075433400425519e-01 8.422562522631864557e-01 3.170969869231419214e-01 9.452695429996427201e-01 3.682493688654592257e-01 4.523808890650336534e-01 6.046808386160973381e-01
1.791573580213730033e-01 4.813967385449929859e-01 1.772470691045556768e-01 2.720622869314648362e-01 6.221633776776871461e-01 3.766610435176132032e-01 5.665712850582724780e-01 8.364760039941235847e-01 8.659571026549810480e-01 8.306722793454170972e-01 8.169631936199365230e-01 5.919477916185482691e-01 3.543116270759435471e-01 3.997390668307431172e-01 4.509510894307399154e-01 1.942578951494011719e-01 1.283431813582949221e-01 4.809708272858772560e-01 6.627960617137371724e-01 9.153607573795417007e-01 7.597420059404782489e-01 4.281357963404604505e-01 6.610975127861073997e-01 6.444361307131110106e-01 4.305861005142319620e-01 7.117796042528067302e-01 0.000000000000000000e+00 5.890193919819157742e-01 3.579199599870639403e-01 1.133733940892551750e-01 5.052755266751370877e-01 3.545281706437851676e-01 3.538514417297851100e-01 7.898439579194443949e-01 7.360424540673276006e-01
2.624447173335986427e-02 5.050796115533309205e-01 6.401359031196474092e-01 1.454759185298403201e-01 8.585518896692256874e-01 1.948378401875324739e-01 7.357253129871266228e-01 5.638325187611133993e-01 5.312975780489169741e-01 5.587946892010227096e-01 7.408151131496110153e-01 2.961861475202293703e-01 6.165815292524358116e-01 3.553429006814087243e-01 3.843890184660047060e-01 5.048234861834973719e-01 3.958994588997188924e-02 1.316302127323601967e-01 5.837728004877302812e-01 5.634020383668452148e-01 4.682516265231502217e-01 5.290687701131185916e-01 5.859577034441609822e-01 4.784505265437066779e-01 3.297812912782129291e-01 2.666872872201156985e-01 5.890193919819157742e-01 0.000000000000000000e+00 4.419243982411023008e-01 3.791405028991026160e-01 8.673538610914766078e-01 8.295847826106054201e-01 8.272005043653931633e-01 5.445152716563150808e-01 6.421879739498879136e-01
5.316608966639880807e-01 4.646476444665423311e-01 1.035616072014078348e-01 5.504381750867500811e-01 6.082872770852805200e-01 4.239021522510275641e-01 2.315329475655653058e-01 6.098133568141359540e-01 5.341759325181056894e-01 6.554033330397535106e-01 5.029377499551606068e-01 5.923092444411475199e-01 6.473548697608501046e-01 4.350701782793812145e-01 6.709351007105852638e-01 4.539857878932118673e-01 4.870184210892714027e-01 9.819786376620720514e-02 5.146071915234606831e-01 7.267124870077691368e-01 8.342883808312666627e-01 3.731983355444884465e-01 7.634402097908243867e-01 2.049714763421476293e-01 2.955011424636614370e-01 2.414075433400425519e-01 3.579199599870639403e-01 4.419243982411023008e-01 0.000000000000000000e+00 7.269305057646913149e-01 2.927600928042607964e-01 3.456166847202227776e-01 7.571071835593590205e-01 1.458778470490157408e-01 8.074657422852241639e-01
3.847016711653640231e-01 3.189300531170483066e-01 2.757182735136832208e-01 5.421292167420714847e-01 6.805111534320128497e-01 7.294992240326489963e-01 4.994823844840802773e-01 6.828020951670187300e-01 4.078225236631097816e-01 5.299785315722365109e-01 6.013306330314048820e-01 3.958892650151886183e-01 6.444915757484215302e-01 7.502223378046835034e-01 2.122882647753973062e-01 3.493020122260367399e-01 4.267937990106871471e-01 8.249512518460151433e-01 5.786821629723682969e-01 6.340660206652120046e-01 3.576800123117562791e-01 8.433043512746914994e-01 5.725919679306774590e-01 4.544399858463754605e-02 7.927081654592629256e-01 8.422562522631864557e-01 1.133733940892551750e-01 3.791405028991026160e-01 7.269305057646913149e-01 0.000000000000000000e+00 1.195237935977706556e-01 8.013925407946957957e-01 4.610680250867952301e-01 4.960311533918214666e-01 5.226348671457943240e-01
4.804286145033684896e-01 9.078024121644463484e-01 3.915209150449558972e-01 9.244310819902972209e-01 1.573896177812148522e-01 3.675078797805759745e-01 4.023188451787942377e-01 6.689261269588080427e-01 4.593433436356427757e-01 3.644353106160856948e-01 9.722163423447998110e-01 5.013989205464991494e-01 2.706221885044958197e-01 2.704867125168741726e-01 1.675564235367088539e-01 5.914044435002738798e-01 6.581971067435430367e-01 2.594011901972888001e-01 8.456712864365407700e-01 1.073106256805342329e-01 8.279575041004884062e-01 6.586141606423181472e-01 3.812579314001938169e-01 5.153709794598595462e-01 1.019088944917504458e-01 3.170969869231419214e-01 5.052755266751370877e-01 8.673538610914766078e-01 2.927600928042607964e-01 1.195237935977706556e-01 0.000000000000000000e+00 1.952234455435218896e-01 9.111654153646706611e-01 4.951728238250253100e-01 7.807909076463483977e-01
1.978540202268062043e-01 3.747353790843986898e-01 6.744507632234211236e-01 7.508209217442499694e-01 6.176191917404039167e-01 7.870278977592222169e-01 5.360949710280372704e-01 6.739392535245019022e-01 6.200263641575740614e-01 5.487810975681387538e-01 2.479714251614506537e-01 2.778905619842705343e-01 5.620817329233178672e-01 6.936967637209903170e-01 3.708498181229659130e-01 3.747544454665068248e-01 2.600430549655315948e-01 5.112348734453805443e-01 8.116598166337866127e-01 5.427175127576626679e-01 1.836843788914532816e-01 1.930345042120851229e-01 6.721333982497481596e-01 2.802678384182376581e-01 2.500829677261645623e-01 9.452695429996427201e-01 3.545281706437851676e-01 8.295847826106054201e-01 3.456166847202227776e-01 8.013925407946957957e-01 1.952234455435218896e-01 0.000000000000000000e+00 7.503382876488772224e-01 6.078462603543965947e-01 6.011191383289598011e-01
4.975664185187314015e-01 5.426257900850928184e-01 9.312086503766192624e-02 4.655877430125018313e-01 9.540921280835001905e-02 7.507396262720458235e-01 9.405525471730504794e-01 7.387651993929360561e-01 7.601692423855608283e-01 1.382393850354182163e-01 5.552154227824703803e-01 7.358456949021485727e-01 3.100183731156519462e-01 1.641112493615876633e-01 3.418724197742555315e-01 5.348999150128601610e-01 7.626570556675129620e-01 1.846211291618562456e-01 4.308589235721602129e-01 6.070849003355891504e-01 3.455644362354445831e-01 4.757204615196145014e-01 5.753515747134539948e-01 6.225733157043501498e-01 1.437370165031482960e-01 3.682493688654592257e-01 3.538514417297851100e-01 8.272005043653931633e-01 7.571071835593590205e-01 4.610680250867952301e-01 9.111654153646706611e-01 7.503382876488772224e-01 0.000000000000000000e+00 5.475821262191372663e-01 2.581990687159041453e-01
2.057399038136885627e-01 7.297850791660618341e-01 4.234786071391539730e-01 5.028768299992099067e-01 5.402550818986262549e-01 1.554327184316569577e-01 5.293959050863326077e-01 8.879368394197604264e-01 5.783528322627082829e-01 5.608589897875450037e-01 7.415050791503440264e-01 5.368687119046722245e-01 7.850829713565659063e-01 5.894959651528203226e-01 4.547783456829533888e-01 4.720652641394333937e-01 2.224795997721188412e-01 1.107795949840965077e-01 6.156884148764889542e-01 4.545233597063366160e-01 2.160132485242604039e-01 8.729645386929321127e-01 4.755550762598114711e-01 6.506375721772907905e-01 5.477206793315300137e-01 4.523808890650336534e-01 7.898439579194443949e-01 5.445152716563150808e-01 1.458778470490157408e-01 4.960311533918214666e-01 4.951728238250253100e-01 6.078462603543965947e-01 5.475821262191372663e-01 0.000000000000000000e+00 4.101667329964666653e-01
1.923297328327726596e-01 6.018467501995341529e-01 2.224307029275496284e-02 2.997148450698735589e-01 6.024405060434516734e-01 8.302118019433735174e-01 5.618432149640166795e-01 5.876183881560853584e-01 8.320666339767599506e-01 4.875765715238344900e-01 7.347524979135164891e-01 3.135876800814604293e-01 9.317334881520810130e-01 5.072403718941759232e-01 5.184120148891653290e-01 4.718448454047079466e-01 4.908483551271066725e-01 3.581788628919104212e-01 4.890446328572293222e-01 3.787962642607578534e-01 5.358968488947181141e-01 4.777914790192384076e-01 5.876470020482026380e-01 1.687463436094033264e-01 2.498722174706969890e-01 6.046808386160973381e-01 7.360424540673276006e-01 6.421879739498879136e-01 8.074657422852241639e-01 5.226348671457943240e-01 7.807909076463483977e-01 6.011191383289598011e-01 2.581990687159041453e-01 4.101667329964666653e-01 0.000000000000000000e+00
