0.000000000000000000e+00 8.243911152816371102e-01 5.885958641956341442e-01 4.317501700356594641e-01 1.157829343759676499e-01 4.559547551962034317e-01 4.106473871511120977e-01 2.244577570712538162e-01 4.723550753869902863e-01 3.197100161917209027e-01 7.117898800246266200e-01 4.990224375922463484e-01 6.051838204737500782e-01 7.620387375520387696e-01 8.791968421211846518e-01 6.755765061539167338e-01 6.298455492907472086e-01 7.726364504601264116e-01 4.216992021663039658e-01 6.978158088052250907e-01 4.886604101242227882e-01 8.566236860451794666e-01 5.968608905643609797e-01 3.780439899638201595e-01 4.787772009016549313e-01 4.207156403958062230e-01 7.686018921603415821e-01 6.142724523770357603e-01 7.395000208013697840e-01 7.698401077621709332e-01 3.514073304390484820e-01 1.580692961266683128e-01 8.975965244822220468e-01 6.050544473876084961e-01 3.320796426237069277e-01
8.243911152816371102e-01 0.000000000000000000e+00 8.581905371127400706e-01 2.816985424820592776e-01 5.208006028000409238e-01 6.798217756972781967e-01 5.632277680913746476e-01 4.414725732309804362e-01 8.458006258966190849e-01 6.199830725381276775e-01 3.095379682348601835e-01 1.452948295885433394e-01 8.719018958872994940e-01 4.511611362700232997e-01 8.493629888286113871e-01 4.341037686349165092e-01 7.590167707218669069e-01 4.813841120686380703e-01 4.597800547018208173e-01 2.451965790703621306e-01 1.675128146638001359e-01 2.882797441524924675e-01 2.478858881712289186e-01 1.685495936599082922e-01 8.510766872040900211e-01 8.394983644746250029e-01 5.336298640666322646e-01 5.428388151615934909e-01 5.901098188974100989e-01 7.445952984174093459e-01 6.828947963902360918e-01 8.659995603701242661e-01 4.774165478098433280e-01 4.085051949511011582e-01 4.814039715194636249e-01
5.885958641956341442e-01 8.581905371127400706e-01 0.000000000000000000e+00 7.869770851570976333e-01 6.555326461842406749e-01 7.740871914102771534e-01 1.677917847108295613e-01 7.156270493981533587e-01 7.706072817510043471e-01 6.654386941067620409e-01 5.596136873250203703e-01 8.772869698777308045e-01 1.920057751192386641e-01 6.888066349365447039e-01 5.485914306731507484e-01 8.127170126203435707e-01 5.372645905409889622e-01 4.424732495664800425e-01 4.242769581785517108e-01 9.128027612030316096e-01 6.353730377586681577e-01 3.548951001902342917e-01 5.707882874243138671e-01 4.493074432592409906e-01 2.298951789690862890e-01 9.604639305824982376e-01 5.310367515388223492e-01 7.515126089402952569e-01 7.888775546666795258e-01 1.713532442100652586e-01 7.658845293640954566e-01 8.221577838461617826e-01 5.309281683808384500e-01 8.826461038632515965e-01 1.676423465625537235e-01
4.317501700356594641e-01 2.816985424820592776e-01 7.869770851570976333e-01 0.000000000000000000e+00 9.375539769396958878e-01 8.511028595800851360e-01 4.527117243154903936e-01 2.440279937502344287e-01 4.104127983002807678e-01 5.814556973111698612e-01 4.070018693470803806e-01 8.652583021565275478e-01 7.125656229384526030e-01 8.666497672069457536e-01 9.469525945856118732e-01 1.732229066954924512e-01 4.621172833569804905e-01 4.018934311619925537e-01 5.444906591414319097e-01 8.685589958540484989e-01 2.601016135185150180e-01 4.363475314512904046e-01 7.602152380294024958e-01 8.140786678446003677e-01 7.259796687400963400e-01 6.625265318615239929e-01 7.846064892084179121e-01 8.332915635493173268e-01 2.670147281215898838e-01 2.730018540458697407e-01 6.155266845728618597e-01 5.147480002785369546e-01 5.225333398883160729e-01 4.466414633646964560e-01 4.518033532153825083e-01
1.157829343759676499e-01 5.208006028000409238e-01 6.555326461842406749e-01 9.375539769396958878e-01 0.000000000000000000e+00 2.239031033300697415e-01 8.426694299775286945e-01 4.544546397532127635e-01 4.565496461283891083e-01 2.585541317628745062e-01 3.595043117087686202e-01 7.371362791348223809e-01 4.441427237607276646e-01 2.780490111101825423e-01 1.419374558194057556e-01 7.384722547010136307e-01 3.138085083292178057e-01 5.400191826362740199e-01 6.427940409537262756e-01 6.945525925874894702e-01 7.753420258005681021e-01 5.875248290684396135e-01 5.169365388956497220e-01 4.597372249845407266e-01 3.220335057962108172e-01 4.998379211942731715e-01 4.918765144265497824e-01 4.161675149128132856e-01 8.482920945289992298e-01 8.416766886270199421e-01 5.127798607246931706e-01 2.987908807933702393e-01 4.696372913813230410e-01 8.460867703075147794e-01 7.908995696615497284e-01
4.559547551962034317e-01 6.798217756972781967e-01 7.740871914102771534e-01 8.511028595800851360e-01 2.239031033300697415e-01 0.000000000000000000e+00 2.417605345213235113e-01 4.112622076166623231e-01 8.000855324956590575e-02 7.524054718758061977e-01 7.488332948897422625e-01 6.015073458940285445e-01 7.123948230230867651e-01 6.887921823119307341e-01 3.994013458169990982e-01 6.541558981934847417e-01 5.942692855363898019e-01 5.246741413675768406e-01 9.248954493354961670e-01 8.345474369562349004e-01 5.129116932755680702e-01 6.974435902477699178e-01 4.645580245909091133e-01 3.918900866065562205e-01 5.135117515158293955e-01 6.470255875078460006e-01 4.043474621221415100e-01 3.088355043525390364e-01 8.087344127050046794e-01 3.666791888910049257e-01 4.742490000035696207e-01 7.116466425364527115e-01 2.733839501613681833e-01 8.968988854702715230e-01 6.836740266226328799e-01
4.106473871511120977e-01 5.632277680913746476e-01 1.677917847108295613e-01 4.527117243154903936e-01 8.426694299775286945e-01 2.417605345213235113e-01 0.000000000000000000e+00 7.989708154473602608e-01 6.262412447668896931e-01 4.805667413897448670e-01 9.056768063751188258e-01 2.148687528451302398e-01 8.010815026523456783e-01 6.657952710215110370e-01 3.625006994899517276e-01 4.128714077003051708e-01 5.731663672983688951e-01 6.579559407663427839e-01 8.186609429591380493e-01 5.023050297305124978e-01 4.975934965928542897e-01 4.269343146509990139e-01 2.769261889701386536e-01 5.734687675055654132e-01 7.711522047508002631e-01 1.685965965921896181e-01 4.243232508649400492e-01 2.016038049440556090e-01 1.416306754799666612e-01 5.319148493070092742e-01 6.671239119226843872e-01 8.225489268319265967e-01 3.638262797513227564e-01 6.693500307161757146e-01 7.008405128708594667e-01
2.244577570712538162e-01 4.414725732309804362e-01 7.156270493981533587e-01 2.440279937502344287e-01 4.544546397532127635e-01 4.112622076166623231e-01 7.989708154473602608e-01 0.000000000000000000e+00 6.052611867431594295e-01 9.581278874541632185e-01 1.260038763882300739e-01 5.516527655866569901e-01 1.509589399560443690e-01 7.110818381439307778e-01 7.712978919832762514e-01 3.869648200748352362e-01 4.211105845023287997e-01 7.297615475641245908e-01 4.384849576733300114e-01 8.072590287571572709e-01 6.231879485004925279e-01 1.913617219996397445e-01 9.814349262783517158e-02 4.226158796144052765e-01 3.378090861462325067e-01 3.401469413720433765e-01 4.436981490373994585e-01 7.984173959944005361e-01 8.435539556236959502e-01 5.486472675580176261e-01 5.812859444232918449e-01 7.500487439063305839e-01 1.874543844505735524e-01 5.161028485331580207e-01 2.005911780910407671e-01
4.723550753869902863e-01 8.458006258966190849e-01 7.706072817510043471e-01 4.104127983002807678e-01 4.565496461283891083e-01 8.000855324956590575e-02 6.262412447668896931e-01 6.052611867431594295e-01 0.000000000000000000e+00 2.082305253004027579e-01 5.151080160656215101e-01 2.570064585525112522e-01 4.998047810978455963e-01 8.254292073916912331e-01 6.870376921638505774e-01 1.111168768775123716e-01 5.110700148535988196e-01 6.063955930405544592e-01 1.875543862520779315e-01 7.453709792436471471e-01 3.825374763081813567e-01 4.917854333087839924e-01 7.824457424462749611e-01 5.068346927451357065e-01 6.120586427523511119e-01 3.632632676339931921e-01 6.468363273181689799e-01 2.081237502276176432e-01 5.864016872822297444e-01 5.407479779446062729e-01 9.738493311989653289e-01 7.847856648917702627e-01 2.467424830365567701e-01 4.245319296983317559e-01 1.599651619293348537e-01
3.197100161917209027e-01 6.199830725381276775e-01 6.654386941067620409e-01 5.814556973111698612e-01 2.585541317628745062e-01 7.524054718758061977e-01 4.805667413897448670e-01 9.581278874541632185e-01 2.082305253004027579e-01 0.000000000000000000e+00 6.349499768037512037e-01 3.091380670191268276e-02 6.052658149215237593e-01 7.186601809776530514e-01 6.489353367491277336e-01 3.733288645848703569e-01 7.818683263256231974e-01 7.466381533682199256e-01 4.303734129249421336e-01 4.213404360624028455e-01 4.179958719721978966e-01 8.013511170072200596e-01 6.780916305901989460e-01 4.378039833477249676e-01 5.474868691358321104e-01 5.536827464693148126e-01 2.368528396129638836e-01 7.978321512151587136e-01 2.055431994997610201e-01 1.233850292055007625e-01 9.785750393776417866e-01 4.598747137706641896e-01 7.899186135856565150e-01 4.588077276525881487e-01 4.303079012389109392e-01
7.117898800246266200e-01 3.095379682348601835e-01 5.596136873250203703e-01 4.070018693470803806e-01 3.595043117087686202e-01 7.488332948897422625e-01 9.056768063751188258e-01 1.260038763882300739e-01 5.151080160656215101e-01 6.349499768037512037e-01 0.000000000000000000e+00 3.641853990613672654e-01 8.438685093665945214e-01 8.845475053962017498e-01 5.454739467216909166e-01 4.756625992281153792e-01 8.717550905740645284e-01 5.636098043198799479e-01 6.694097090244979231e-01 3.239774383008093839e-01 8.342168125377897869e-01 4.285864789054690260e-01 5.342711922190617191e-01 9.009360888054998018e-01 7.503986869963906736e-01 7.105315025712415355e-01 9.581347053122513113e-01 2.074601280516761848e-01 6.577160511882348404e-01 4.844923839194832382e-01 1.687858519402001267e-01 4.624009403976517274e-01 5.384974725026232534e-01 6.088096777082522282e-01 5.044934610245264128e-01
4.990224375922463484e-01 1.452948295885433394e-01 8.772869698777308045e-01 8.652583021565275478e-01 7.371362791348223809e-01 6.015073458940285445e-01 2.148687528451302398e-01 5.516527655866569901e-01 2.570064585525112522e-01 3.091380670191268276e-02 3.641853990613672654e-01 0.000000000000000000e+00 2.856784501676157273e-01 5.610341474514632942e-01 6.679782450238922475e-01 1.502852549871617205e-01 8.797624254913335440e-01 2.639468293994114423e-01 3.928301695083046829e-01 2.559502582051188524e-01 7.503053104057865186e-01 4.625372232043621912e-01 5.855759469583372567e-01 2.248992666306707244e-01 2.928220464278177282e-01 4.717272438577999050e-01 1.048222228191849625e-01 5.658658446881271731e-01 5.659783488187386524e-01 5.759578598168088037e-01 7.894581422862800846e-01 3.900213643627405968e-01 1.954178687255077040e-01 9.098979818289236743e-01 4.643623286953421081e-01
6.051838204737500782e-01 8.719018958872994940e-01 1.920057751192386641e-01 7.125656229384526030e-01 4.441427237607276646e-01 7.123948230230867651e-01 8.010815026523456783e-01 1.509589399560443690e-01 4.998047810978455963e-01 6.052658149215237593e-01 8.438685093665945214e-01 2.856784501676157273e-01 0.000000000000000000e+00 3.641878757445843884e-01 5.319014594517068595e-01 7.402787579941950691e-01 5.724932824671467024e-01 7.733593893452850310e-01 4.719789798134111924e-01 9.210299963079799923e-01 1.071673143022179309e-01 6.143043344485543678e-01 4.544243617015697456e-01 4.253610491992556031e-01 7.735974393281012107e-01 7.943489860700049254e-01 4.680389433682963785e-01 1.159030437379539036e-01 7.933111056996879906e-01 9.732756798699040424e-01 6.669193783371496487e-01 1.191067262004711358e-01 1.241060288578863524e-01 3.370234760316255240e-01 9.215207261074549461e-01
7.620387375520387696e-01 4.511611362700232997e-01 6.888066349365447039e-01 8.666497672069457536e-01 2.780490111101825423e-01 6.887921823119307341e-01 6.657952710215110370e-01 7.110818381439307778e-01 8.254292073916912331e-01 7.186601809776530514e-01 8.845475053962017498e-01 5.610341474514632942e-01 3.641878757445843884e-01 0.000000000000000000e+00 4.689123941627480474e-01 7.015521805552640267e-01 6.931959955516175942e-01 7.601967256943565898e-01 7.352936389623372371e-01 5.141379062991100479e-01 2.334738631954446642e-01 3.544452313830298018e-01 2.121187900844010432e-01 5.514676973339613930e-01 7.333161620190269403e-01 4.910067577996014010e-01 8.788081107731990915e-01 6.436718731575672425e-01 5.168661827162031042e-01 5.200438138899690088e-01 5.178132534900030670e-01 8.496433169624788562e-01 5.391044919791094792e-01 8.339248340187964681e-01 4.828988481757799378e-01
8.791968421211846518e-01 8.493629888286113871e-01 5.485914306731507484e-01 9.469525945856118732e-01 1.419374558194057556e-01 3.994013458169990982e-01 3.625006994899517276e-01 7.712978919832762514e-01 6.870376921638505774e-01 6.489353367491277336e-01 5.454739467216909166e-01 6.679782450238922475e-01 5.319014594517068595e-01 4.689123941627480474e-01 0.000000000000000000e+00 6.314799175021779121e-01 5.968873447851827940e-01 6.721077433800790590e-01 7.472342514315244433e-01 2.651978086287676284e-01 7.701803753039973000e-01 6.139783065441042353e-01 5.100006883054122309e-01 7.128101479891563175e-01 5.490034222838580114e-01 6.148301522785173390e-01 1.758584345383078507e-01 2.337329630804036440e-01 3.718652908282107372e-01 7.309146957393655164e-01 4.135008574959908589e-01 7.210771730274859737e-01 6.267803727585369300e-01 3.345099180967678887e-01 2.643783226930603858e-01
6.755765061539167338e-01 4.341037686349165092e-01 8.127170126203435707e-01 1.732229066954924512e-01 7.384722547010136307e-01 6.541558981934847417e-01 4.128714077003051708e-01 3.869648200748352362e-01 1.111168768775123716e-01 3.733288645848703569e-01 4.756625992281153792e-01 1.502852549871617205e-01 7.402787579941950691e-01 7.015521805552640267e-01 6.314799175021779121e-01 0.000000000000000000e+00 9.363075888048402184e-01 8.548239020239378760e-01 4.894424285060451907e-01 3.979785603532199345e-01 6.455486884740562203e-01 6.053313844705248137e-01 4.192658790792394008e-01 6.513953347984868802e-01 1.702131832412563384e-01 7.373646867120799975e-01 5.861518092350028741e-01 5.075782344877574070e-01 9.039813075280798138e-01 9.785803711237534008e-02 9.191074484686403423e-01 6.757602985304400622e-01 7.100425072294995754e-01 2.217596709535428756e-01 7.018856724559157101e-01
6.298455492907472086e-01 7.590167707218669069e-01 5.372645905409889622e-01 4.621172833569804905e-01 3.138085083292178057e-01 5.942692855363898019e-01 5.731663672983688951e-01 4.211105845023287997e-01 5.110700148535988196e-01 7.818683263256231974e-01 8.717550905740645284e-01 8.797624254913335440e-01 5.724932824671467024e-01 6.931959955516175942e-01 5.968873447851827940e-01 9.363075888048402184e-01 0.000000000000000000e+00 7.018314232902447269e-01 7.916442954599194337e-01 4.856567543893461347e-01 5.862336899928375367e-01 8.092352732469475507e-01 3.084406740669445313e-01 5.043030320250472265e-01 4.592179665433745450e-01 2.722513385441900358e-01 6.655972874519120452e-01 7.756326219419048540e-01 9.210865946491458844e-02 6.938218523558723483e-01 9.944059634772972611e-02 3.286426961554202997e-01 2.385951860970347838e-02 6.404356041875192140e-01 3.527081331831434241e-01
7.726364504601264116e-01 4.813841120686380703e-01 4.424732495664800425e-01 4.018934311619925537e-01 5.400191826362740199e-01 5.246741413675768406e-01 6.579559407663427839e-01 7.297615475641245908e-01 6.063955930405544592e-01 7.466381533682199256e-01 5.636098043198799479e-01 2.639468293994114423e-01 7.733593893452850310e-01 7.601967256943565898e-01 6.721077433800790590e-01 8.548239020239378760e-01 7.018314232902447269e-01 0.000000000000000000e+00 8.707770536913974624e-01 4.497306681203769307e-01 3.730545304079524449e-01 6.266075755954130244e-01 3.836217862675850299e-01 5.390732709230537933e-01 3.178846213967859713e-01 7.650467045309095049e-01 5.799477942596029667e-01 3.779543759194576857e-01 2.367262904779882104e-01 3.520999703293168359e-01 7.898290247433297218e-01 4.725407168827909787e-01 5.196998866360942326e-01 6.354123737806671723e-01 5.444206127033424103e-02
4.216992021663039658e-01 4.597800547018208173e-01 4.242769581785517108e-01 5.444906591414319097e-01 6.427940409537262756e-01 9.248954493354961670e-01 8.186609429591380493e-01 4.384849576733300114e-01 1.875543862520779315e-01 4.303734129249421336e-01 6.694097090244979231e-01 3.928301695083046829e-01 4.719789798134111924e-01 7.352936389623372371e-01 7.472342514315244433e-01 4.894424285060451907e-01 7.916442954599194337e-01 8.707770536913974624e-01 0.000000000000000000e+00 7.117056902518641426e-01 6.454176795568028480e-01 3.259559324908253286e-01 5.192583163080027875e-01 2.834390088841683975e-01 4.650055323334248425e-01 2.136025907359797582e-01 3.068613448187685888e-01 4.858058605308313016e-02 5.022252108832199191e-01 1.704420359179490418e-01 4.057521887990397369e-01 7.738697807325947142e-01 6.723839323944871271e-01 4.437216813891728950e-01 8.328281110993247527e-01
6.978158088052250907e-01 2.451965790703621306e-01 9.128027612030316096e-01 8.685589958540484989e-01 6.945525925874894702e-01 8.345474369562349004e-01 5.023050297305124978e-01 8.072590287571572709e-01 7.453709792436471471e-01 4.213404360624028455e-01 3.239774383008093839e-01 2.559502582051188524e-01 9.210299963079799923e-01 5.141379062991100479e-01 2.651978086287676284e-01 3.979785603532199345e-01 4.856567543893461347e-01 4.497306681203769307e-01 7.117056902518641426e-01 0.000000000000000000e+00 4.316585234096573798e-01 4.893546830720701402e-01 8.632638443979725462e-01 7.321926385325113751e-01 4.172064522734725833e-01 5.139080591618978566e-01 5.719738488843315594e-01 3.420153613907578327e-01 1.063615448323916857e-01 8.145376933427084243e-01 5.737128544830194521e-02 5.430654500321298039e-01 6.607185595483181517e-01 9.112292055882069697e-01 4.259596225422702664e-01
4.886604101242227882e-01 1.675128146638001359e-01 6.353730377586681577e-01 2.601016135185150180e-01 7.753420258005681021e-01 5.129116932755680702e-01 4.975934965928542897e-01 6.231879485004925279e-01 3.825374763081813567e-01 4.179958719721978966e-01 8.342168125377897869e-01 7.503053104057865186e-01 1.071673143022179309e-01 2.334738631954446642e-01 7.701803753039973000e-01 6.455486884740562203e-01 5.862336899928375367e-01 3.730545304079524449e-01 6.454176795568028480e-01 4.316585234096573798e-01 0.000000000000000000e+00 8.697145809100677027e-01 5.390996374845058448e-01 5.811017876864226217e-01 7.847164405641702256e-01 7.387997214654951073e-02 6.246913765805757190e-01 5.842545687163636092e-01 7.198694573493485960e-01 1.427332593107161207e-01 5.557316538688032992e-01 4.132661715567103045e-01 5.527890271981432679e-01 2.187733505894280395e-01 8.068316560382193803e-01
8.566236860451794666e-01 2.882797441524924675e-01 3.548951001902342917e-01 4.363475314512904046e-01 5.875248290684396135e-01 6.974435902477699178e-01 4.269343146509990139e-01 1.913617219996397445e-01 4.917854333087839924e-01 8.013511170072200596e-01 4.285864789054690260e-01 4.625372232043621912e-01 6.143043344485543678e-01 3.544452313830298018e-01 6.139783065441042353e-01 6.053313844705248137e-01 8.092352732469475507e-01 6.266075755954130244e-01 3.259559324908253286e-01 4.893546830720701402e-01 8.697145809100677027e-01 0.000000000000000000e+00 7.256887733117978190e-01 2.819705536703597248e-01 5.906623640193149338e-01 1.793289743039065964e-01 5.565098759713276166e-01 5.109990535937418699e-01 3.168693810563277813e-01 5.809341881256875340e-01 8.519479414037420817e-01 3.809042570996938881e-01 4.554901304529280770e-01 1.688240801171614347e-01 7.674052058360590900e-01
5.968608905643609797e-01 2.478858881712289186e-01 5.707882874243138671e-01 7.602152380294024958e-01 5.169365388956497220e-01 4.645580245909091133e-01 2.769261889701386536e-01 9.814349262783517158e-02 7.824457424462749611e-01 6.780916305901989460e-01 5.342711922190617191e-01 5.855759469583372567e-01 4.544243617015697456e-01 2.121187900844010432e-01 5.100006883054122309e-01 4.192658790792394008e-01 3.084406740669445313e-01 3.836217862675850299e-01 5.192583163080027875e-01 8.632638443979725462e-01 5.390996374845058448e-01 7.256887733117978190e-01 0.000000000000000000e+00 7.544788941223843359e-01 9.016397792394654775e-01 8.710664136322185946e-01 4.872974337986387683e-01 2.929413605332118475e-01 4.888155990587764732e-01 2.706934293030236471e-01 5.551612370813329145e-01 5.411994741079313442e-01 1.318120708308150313e-01 5.125193297262907732e-01 5.818813889983509569e-01
3.780439899638201595e-01 1.685495936599082922e-01 4.493074432592409906e-01 8.140786678446003677e-01 4.597372249845407266e-01 3.918900866065562205e-01 5.734687675055654132e-01 4.226158796144052765e-01 5.068346927451357065e-01 4.378039833477249676e-01 9.009360888054998018e-01 2.248992666306707244e-01 4.253610491992556031e-01 5.514676973339613930e-01 7.128101479891563175e-01 6.513953347984868802e-01 5.043030320250472265e-01 5.390732709230537933e-01 2.834390088841683975e-01 7.321926385325113751e-01 5.811017876864226217e-01 2.819705536703597248e-01 7.544788941223843359e-01 0.000000000000000000e+00 4.571439864630603700e-01 7.535134352945807024e-01 4.170926877817469069e-01 1.678294291952771022e-01 5.465482964576604541e-01 5.153878547478287775e-01 7.182329172177512877e-01 5.958945863442371982e-01 3.981081165907380814e-01 3.281642590442895302e-01 2.328211535022908230e-01
4.787772009016549313e-01 8.510766872040900211e-01 2.298951789690862890e-01 7.259796687400963400e-01 3.220335057962108172e-01 5.135117515158293955e-01 7.711522047508002631e-01 3.378090861462325067e-01 6.120586427523511119e-01 5.474868691358321104e-01 7.503986869963906736e-01 2.928220464278177282e-01 7.735974393281012107e-01 7.333161620190269403e-01 5.490034222838580114e-01 1.702131832412563384e-01 4.592179665433745450e-01 3.178846213967859713e-01 4.650055323334248425e-01 4.172064522734725833e-01 7.847164405641702256e-01 5.906623640193149338e-01 9.016397792394654775e-01 4.571439864630603700e-01 0.000000000000000000e+00 7.528588542472072209e-01 4.296365928881308305e-01 4.309510472816323601e-01 1.792900122794978124e-01 2.849452686524794887e-01 2.391009300445577912e-01 3.165928784108791305e-01 3.522003603609726308e-01 1.200018069676185295e-01 2.304324771830695839e-01
4.207156403958062230e-01 8.394983644746250029e-01 9.604639305824982376e-01 6.625265318615239929e-01 4.998379211942731715e-01 6.470255875078460006e-01 1.685965965921896181e-01 3.401469413720433765e-01 3.632632676339931921e-01 5.536827464693148126e-01 7.105315025712415355e-01 4.717272438577999050e-01 7.943489860700049254e-01 4.910067577996014010e-01 6.148301522785173390e-01 7.373646867120799975e-01 2.722513385441900358e-01 7.650467045309095049e-01 2.136025907359797582e-01 5.139080591618978566e-01 7.387997214654951073e-02 1.793289743039065964e-01 8.710664136322185946e-01 7.535134352945807024e-01 7.528588542472072209e-01 0.000000000000000000e+00 5.987502215560233099e-01 7.341619597115661700e-01 4.522305469804106526e-01 6.352942059224937488e-01 4.053250814344830921e-01 8.001481878836336215e-01 6.715564193791827563e-01 6.451865972633668012e-01 7.411860842773824176e-01
7.686018921603415821e-01 5.336298640666322646e-01 5.310367515388223492e-01 7.846064892084179121e-01 4.918765144265497824e-01 4.043474621221415100e-01 4.243232508649400492e-01 4.436981490373994585e-01 6.468363273181689799e-01 2.368528396129638836e-01 9.581347053122513113e-01 1.048222228191849625e-01 4.680389433682963785e-01 8.788081107731990915e-01 1.758584345383078507e-01 5.861518092350028741e-01 6.655972874519120452e-01 5.799477942596029667e-01 3.068613448187685888e-01 5.719738488843315594e-01 6.246913765805757190e-01 5.565098759713276166e-01 4.872974337986387683e-01 4.170926877817469069e-01 4.296365928881308305e-01 5.987502215560233099e-01 0.000000000000000000e+00 1.504808952431100355e-01 5.374346301878497600e-01 7.130477561991954705e-01 4.897398367054827673e-01 3.946656461764949109e-01 3.311452195975629342e-01 1.053881139113302945e-01 3.112709053589068353e-01
6.142724523770357603e-01 5.428388151615934909e-01 7.515126089402952569e-01 8.332915635493173268e-01 4.161675149128132856e-01 3.088355043525390364e-01 2.016038049440556090e-01 7.984173959944005361e-01 2.081237502276176432e-01 7.978321512151587136e-01 2.074601280516761848e-01 5.658658446881271731e-01 1.159030437379539036e-01 6.436718731575672425e-01 2.337329630804036440e-01 5.075782344877574070e-01 7.756326219419048540e-01 3.779543759194576857e-01 4.858058605308313016e-02 3.420153613907578327e-01 5.842545687163636092e-01 5.109990535937418699e-01 2.929413605332118475e-01 1.678294291952771022e-01 4.309510472816323601e-01 7.341619597115661700e-01 1.504808952431100355e-01 0.000000000000000000e+00 6.255506525847136512e-01 4.009423248222039882e-01 6.491889955447438521e-01 9.253775735295299842e-01 4.519074743291988661e-01 6.260535239663015394e-01 7.208212839537810890e-01
7.395000208013697840e-01 5.901098188974100989e-01 7.888775546666795258e-01 2.670147281215898838e-01 8.482920945289992298e-01 8.087344127050046794e-01 1.416306754799666612e-01 8.435539556236959502e-01 5.864016872822297444e-01 2.055431994997610201e-01 6.577160511882348404e-01 5.659783488187386524e-01 7.933111056996879906e-01 5.168661827162031042e-01 3.718652908282107372e-01 9.039813075280798138e-01 9.210865946491458844e-02 2.367262904779882104e-01 5.022252108832199191e-01 1.063615448323916857e-01 7.198694573493485960e-01 3.168693810563277813e-01 4.888155990587764732e-01 5.465482964576604541e-01 1.792900122794978124e-01 4.522305469804106526e-01 5.374346301878497600e-01 6.255506525847136512e-01 0.000000000000000000e+00 4.878745309093330818e-01 4.656815678157741334e-01 5.046693484174873401e-01 6.543268956268382119e-01 3.177338437537468030e-01 5.709764952195364174e-01
7.698401077621709332e-01 7.445952984174093459e-01 1.713532442100652586e-01 2.730018540458697407e-01 8.416766886270199421e-01 3.666791888910049257e-01 5.319148493070092742e-01 5.486472675580176261e-01 5.407479779446062729e-01 1.233850292055007625e-01 4.844923839194832382e-01 5.759578598168088037e-01 9.732756798699040424e-01 5.200438138899690088e-01 7.309146957393655164e-01 9.785803711237534008e-02 6.938218523558723483e-01 3.520999703293168359e-01 1.704420359179490418e-01 8.145376933427084243e-01 1.427332593107161207e-01 5.809341881256875340e-01 2.706934293030236471e-01 5.153878547478287775e-01 2.849452686524794887e-01 6.352942059224937488e-01 7.130477561991954705e-01 4.009423248222039882e-01 4.878745309093330818e-01 0.000000000000000000e+00 7.594349462768926751e-01 4.357298861276776014e-01 6.721978510630628456e-01 6.847928466930938152e-01 5.214387323152538389e-01
3.514073304390484820e-01 6.828947963902360918e-01 7.658845293640954566e-01 6.155266845728618597e-01 5.127798607246931706e-01 4.742490000035696207e-01 6.671239119226843872e-01 5.812859444232918449e-01 9.738493311989653289e-01 9.785750393776417866e-01 1.687858519402001267e-01 7.894581422862800846e-01 6.669193783371496487e-01 5.178132534900030670e-01 4.135008574959908589e-01 9.191074484686403423e-01 9.944059634772972611e-02 7.898290247433297218e-01 4.057521887990397369e-01 5.737128544830194521e-02 5.557316538688032992e-01 8.519479414037420817e-01 5.551612370813329145e-01 7.182329172177512877e-01 2.391009300445577912e-01 4.053250814344830921e-01 4.897398367054827673e-01 6.491889955447438521e-01 4.656815678157741334e-01 7.594349462768926751e-01 0.000000000000000000e+00 6.191564798730002650e-01 5.296489822975928297e-01 1.152300587150766331e-01 2.761031231077498149e-01
1.580692961266683128e-01 8.659995603701242661e-01 8.221577838461617826e-01 5.147480002785369546e-01 2.987908807933702393e-01 7.116466425364527115e-01 8.225489268319265967e-01 7.500487439063305839e-01 7.847856648917702627e-01 4.598747137706641896e-01 4.624009403976517274e-01 3.900213643627405968e-01 1.191067262004711358e-01 8.496433169624788562e-01 7.210771730274859737e-01 6.757602985304400622e-01 3.286426961554202997e-01 4.725407168827909787e-01 7.738697807325947142e-01 5.430654500321298039e-01 4.132661715567103045e-01 3.809042570996938881e-01 5.411994741079313442e-01 5.958945863442371982e-01 3.165928784108791305e-01 8.001481878836336215e-01 3.946656461764949109e-01 9.253775735295299842e-01 5.046693484174873401e-01 4.357298861276776014e-01 6.191564798730002650e-01 0.000000000000000000e+00 2.914710907915272209e-01 5.087692935305367925e-01 8.161961141331014469e-01
8.975965244822220468e-01 4.774165478098433280e-01 5.309281683808384500e-01 5.225333398883160729e-01 4.696372913813230410e-01 2.733839501613681833e-01 3.638262797513227564e-01 1.874543844505735524e-01 2.467424830365567701e-01 7.899186135856565150e-01 5.384974725026232534e-01 1.954178687255077040e-01 1.241060288578863524e-01 5.391044919791094792e-01 6.267803727585369300e-01 7.100425072294995754e-01 2.385951860970347838e-02 5.196998866360942326e-01 6.723839323944871271e-01 6.607185595483181517e-01 5.527890271981432679e-01 4.554901304529280770e-01 1.318120708308150313e-01 3.981081165907380814e-01 3.522003603609726308e-01 6.715564193791827563e-01 3.311452195975629342e-01 4.519074743291988661e-01 6.543268956268382119e-01 6.721978510630628456e-01 5.296489822975928297e-01 2.914710907915272209e-01 0.000000000000000000e+00 8.480774004994244830e-01 4.022140172234667244e-02
6.050544473876084961e-01 4.085051949511011582e-01 8.826461038632515965e-01 4.466414633646964560e-01 8.460867703075147794e-01 8.968988854702715230e-01 6.693500307161757146e-01 5.161028485331580207e-01 4.245319296983317559e-01 4.588077276525881487e-01 6.088096777082522282e-01 9.098979818289236743e-01 3.370234760316255240e-01 8.339248340187964681e-01 3.345099180967678887e-01 2.217596709535428756e-01 6.404356041875192140e-01 6.354123737806671723e-01 4.437216813891728950e-01 9.112292055882069697e-01 2.187733505894280395e-01 1.688240801171614347e-01 5.125193297262907732e-01 3.281642590442895302e-01 1.200018069676185295e-01 6.451865972633668012e-01 1.053881139113302945e-01 6.260535239663015394e-01 3.177338437537468030e-01 6.847928466930938152e-01 1.152300587150766331e-01 5.087692935305367925e-01 8.480774004994244830e-01 0.000000000000000000e+00 8.446550773423455727e-01
3.320796426237069277e-01 4.814039715194636249e-01 1.676423465625537235e-01 4.518033532153825083e-01 7.908995696615497284e-01 6.836740266226328799e-01 7.008405128708594667e-01 2.005911780910407671e-01 1.599651619293348537e-01 4.303079012389109392e-01 5.044934610245264128e-01 4.643623286953421081e-01 9.215207261074549461e-01 4.828988481757799378e-01 2.643783226930603858e-01 7.018856724559157101e-01 3.527081331831434241e-01 5.444206127033424103e-02 8.328281110993247527e-01 4.259596225422702664e-01 8.068316560382193803e-01 7.674052058360590900e-01 5.818813889983509569e-01 2.328211535022908230e-01 2.304324771830695839e-01 7.411860842773824176e-01 3.112709053589068353e-01 7.208212839537810890e-01 5.709764952195364174e-01 5.214387323152538389e-01 2.761031231077498149e-01 8.161961141331014469e-01 4.022140172234667244e-02 8.446550773423455727e-01 0.000000000000000000e+00
