0.000000000000000000e+00 2.291293799368975259e-01 2.135348421259549712e-01 1.326223850019149220e-01 1.073969076350758112e-01 8.813505678127988574e-01 4.929655353318603273e-01 7.789838187467325037e-01 6.850724648911360459e-01 3.078673073750123335e-01 3.539222868305291758e-01 1.387330836321567507e-01 2.990949226658004001e-01 5.273105111380327337e-01 8.982581901984003636e-01 6.284172004576548121e-01 4.010358052580677013e-01 6.256919605633788350e-01 3.827262277118268496e-01 2.044391425993952183e-01 3.276707781039787104e-01 1.190376401760846470e-01 2.018363096684703262e-01 5.571758828915249762e-01 5.329994631917671644e-01 2.331564422111872537e-01 6.094876639295335741e-01 6.465167723312860160e-01 8.448557449105709161e-02 4.600461090045182555e-01 7.146662747193694987e-01 3.671829556175261189e-01 6.089639790318156498e-01 5.505397678984802479e-01 8.228729676727515319e-01
2.291293799368975259e-01 0.000000000000000000e+00 4.332684598805049969e-01 6.075928864459436696e-01 8.312343655438805268e-01 7.315178359222290760e-01 7.801306842639762484e-01 3.762898778383795828e-01 1.567707101355744204e-01 6.711669080927804565e-01 4.757746987823526230e-01 7.985652845897321939e-01 6.046532068123753323e-01 9.558326551328084619e-01 7.643515867388045448e-01 8.396027752121348886e-01 5.200975488270997982e-01 5.594773829213273153e-01 5.140523337522260316e-01 8.221175756590848316e-02 1.664187050341051632e-01 7.274373896105511550e-01 2.181572931591080344e-01 5.607209737923457560e-01 4.408513653835403057e-01 4.304378811287539741e-01 3.253957484038992876e-01 9.571968839749614988e-01 4.927549270252329916e-01 9.126934965536268596e-01 3.518236906936346164e-01 1.314178721987775411e-01 4.457364036331734058e-01 5.530515678461094264e-01 6.805361539841863205e-01
2.135348421259549712e-01 4.332684598805049969e-01 0.000000000000000000e+00 5.137650909582007763e-01 5.327309267910151913e-01 6.264109047329418090e-01 8.263646561981440319e-01 7.409972841065495253e-01 6.289457831278929545e-01 8.045863466376075301e-01 4.890096913602469675e-01 5.976473239716147967e-01 4.934762808024644176e-01 6.116684462129547972e-01 7.576595001238835003e-01 7.710327277978534788e-01 4.912090982198090150e-01 7.153048518739636430e-01 4.518167278349102811e-01 4.708712050547860795e-01 5.181941612803362407e-01 6.846392509443317564e-01 3.634304353004539356e-01 9.365570431144571995e-01 5.659788988863605486e-01 4.651703967809539542e-01 7.249690718033330317e-01 4.871894298442775995e-01 8.095627092455748297e-01 8.322178941303542965e-01 8.901213336715594338e-01 6.404632491750656964e-01 4.123137122261196774e-01 2.370772466725542538e-01 5.160783591791799907e-01
1.326223850019149220e-01 6.075928864459436696e-01 5.137650909582007763e-01 0.000000000000000000e+00 7.745562060163976303e-01 2.701376310487566546e-01 5.605015213659276796e-01 9.679075662504164068e-01 8.214195576722026493e-01 4.928036663161350361e-02 5.034434854424555406e-01 2.420538366510887052e-01 6.030621113621197349e-01 7.498034088236644745e-01 7.114281068725212265e-01 5.963692773716573470e-01 6.858162263925426938e-01 8.621125167108050213e-01 4.404610061183822367e-01 5.371305445873149065e-01 4.472595666297729533e-01 5.930236925661876990e-01 3.651964834146981809e-01 8.891115396909022861e-01 8.386547289330916755e-01 2.851003778815558998e-01 9.304563377103418631e-01 4.417413763342126209e-01 7.873091105479499419e-01 4.021832668817242329e-01 3.252040589366927970e-01 4.660038744646492481e-01 8.602224669014243430e-01 6.341276758553990867e-01 4.915119600777926867e-01
1.073969076350758112e-01 8.312343655438805268e-01 5.327309267910151913e-01 7.745562060163976303e-01 0.000000000000000000e+00 1.397480469900426181e-01 9.495736599630577590e-02 9.037964126241819773e-01 3.041772383311997507e-01 8.573838718749517973e-01 2.409055892728464432e-01 5.491885401660369093e-01 8.301776765638780864e-01 7.606109188951248878e-01 8.048118522124675378e-01 5.637363461530966458e-01 3.988751994400284162e-01 8.288517041267067231e-01 1.933539285615896164e-01 3.462737013977056355e-01 2.607761686798225620e-01 4.297801208875953183e-01 7.187792240261029475e-01 1.154863933688555777e-01 6.121408527234970531e-01 8.565572789728215231e-01 5.699525622583399009e-01 6.790321853156722209e-01 7.458111089224153112e-01 6.678437244135777551e-01 6.181553779834246809e-01 6.882249104690070229e-01 5.300329107382220073e-01 5.471179087034814259e-01 4.392500837770100253e-01
8.813505678127988574e-01 7.315178359222290760e-01 6.264109047329418090e-01 2.701376310487566546e-01 1.397480469900426181e-01 0.000000000000000000e+00 5.196421100387589309e-01 8.116490710141727183e-01 3.063654462329535311e-01 7.859587395350626782e-01 6.116611645915503992e-01 5.403012238303130932e-01 5.089169463657193804e-01 3.617822042852856246e-01 1.280554976625800645e-01 7.761966295711180130e-01 8.313890790724249857e-01 4.821544192273696239e-01 5.759858427318464980e-01 9.029286501655300334e-01 2.235311495745226917e-01 7.708824474327768961e-02 3.941053536410156211e-01 1.223070786252846709e-01 8.257075914186247090e-01 4.693771675667505194e-01 5.017632651851666736e-01 7.622711924113030335e-01 4.671185114100755431e-01 1.827097437880349506e-01 6.877275637852885426e-01 8.072140427077090230e-02 5.413146412613050185e-01 7.262683818856305873e-01 4.381671550411754268e-01
4.929655353318603273e-01 7.801306842639762484e-01 8.263646561981440319e-01 5.605015213659276796e-01 9.495736599630577590e-02 5.196421100387589309e-01 0.000000000000000000e+00 4.946652058035110877e-01 7.563831117505159796e-01 4.983081827894938476e-01 9.618562148663298839e-01 5.867216495501245133e-01 8.691244826621223885e-01 4.932579224328885736e-01 3.416953537709447319e-01 5.378514305695607511e-01 2.286438665899448441e-01 5.492584086455716275e-01 7.545687081786623951e-01 4.274889531075989346e-01 1.962138396895833914e-01 7.401326159510976943e-01 5.925689734902415129e-01 5.872861448987445332e-01 2.100120302329333000e-01 2.227887721950143618e-01 7.548736291548860944e-01 6.097375583845578983e-01 1.116358809040816080e-01 4.809414503852622591e-01 1.028168849756824210e-01 6.506234518081768226e-01 4.866369575706521733e-01 4.804118127929399851e-01 6.914821146862051293e-01
7.789838187467325037e-01 3.762898778383795828e-01 7.409972841065495253e-01 9.679075662504164068e-01 9.037964126241819773e-01 8.116490710141727183e-01 4.946652058035110877e-01 0.000000000000000000e+00 4.483947055095677259e-01 7.545763559676283982e-01 2.102834377433104862e-01 7.028459083873717095e-02 6.196965831809506664e-01 5.235217550008678389e-01 9.940798952429299451e-01 8.059955843399060349e-01 4.780449889078690617e-01 3.264026091311681421e-01 2.379876378983339924e-01 8.217041311513200164e-01 4.881279333018442856e-01 4.640776234777812537e-01 1.749124478856851628e-01 4.864540811214700389e-01 5.477362049708011105e-01 7.149123268330513925e-01 8.930235947469382651e-01 3.508626465392002958e-01 3.725182884652033510e-01 5.896423211367208816e-01 4.802041081033587289e-01 1.264178722011963796e-01 7.451363939594306540e-01 8.240930843662211958e-01 8.731664691679363877e-01
6.850724648911360459e-01 1.567707101355744204e-01 6.289457831278929545e-01 8.214195576722026493e-01 3.041772383311997507e-01 3.063654462329535311e-01 7.563831117505159796e-01 4.483947055095677259e-01 0.000000000000000000e+00 6.511646382092722840e-01 4.286077205688996195e-01 3.601428947118484603e-01 7.241547982054055144e-01 4.464820692618110543e-01 8.717441729254624683e-01 5.880840763595160947e-01 6.112963177397748860e-01 7.994820818940439056e-01 5.107990333305574282e-01 6.607667239487909905e-01 7.788734245355636299e-01 6.455376739125768815e-01 9.171837075763065172e-01 3.380876220033229851e-01 5.458893521335574928e-01 6.412205118128331272e-01 3.608108145061169614e-01 4.127891095678872801e-01 7.714787986012414667e-01 2.051845686096778199e-01 4.032113006209175898e-01 6.903809533999917258e-01 5.547880783472874944e-01 3.381477297540446680e-01 2.192120093704682526e-01
3.078673073750123335e-01 6.711669080927804565e-01 8.045863466376075301e-01 4.928036663161350361e-02 8.573838718749517973e-01 7.859587395350626782e-01 4.983081827894938476e-01 7.545763559676283982e-01 6.511646382092722840e-01 0.000000000000000000e+00 5.081492731140359043e-01 6.783626852744786273e-01 4.300228026952941929e-01 4.696730281312561095e-01 5.463705698381147169e-01 5.462528497749741252e-01 5.171809501964936828e-01 1.653380668815770393e-01 7.243175769767093986e-01 2.708365912812076282e-01 6.970892569204309996e-01 1.780953449585777060e-01 4.640959245516410037e-01 5.933747434944027788e-01 6.010096025719292578e-01 4.280550617228572330e-01 7.910350211157066713e-01 7.515288630838219408e-01 5.487405390323560894e-01 8.191359841764320748e-01 6.736047117682042451e-02 5.100219866728468165e-01 8.443298321024018671e-01 7.229533858572186888e-01 8.723109201163390392e-01
3.539222868305291758e-01 4.757746987823526230e-01 4.890096913602469675e-01 5.034434854424555406e-01 2.409055892728464432e-01 6.116611645915503992e-01 9.618562148663298839e-01 2.102834377433104862e-01 4.286077205688996195e-01 5.081492731140359043e-01 0.000000000000000000e+00 9.148700541611916037e-01 3.763405768517485983e-01 4.299659807532723588e-01 2.631062302774178630e-02 7.367427461487883189e-01 4.883097582699487127e-01 4.715775230731741874e-01 5.107803109562748523e-01 4.798211600282755729e-01 1.804692200480946251e-01 3.261115047321810900e-01 8.833339711193177735e-01 4.368641982081594710e-01 3.055035451777942113e-01 4.530847144879431854e-01 3.495326767675642765e-01 5.951425686920832625e-01 3.152175410640004616e-01 3.032305890475080479e-01 4.220287765570897021e-01 4.421167356469750676e-01 2.990488750738568013e-01 3.937803008618167011e-01 6.855623085804286587e-01
1.387330836321567507e-01 7.985652845897321939e-01 5.976473239716147967e-01 2.420538366510887052e-01 5.491885401660369093e-01 5.403012238303130932e-01 5.867216495501245133e-01 7.028459083873717095e-02 3.601428947118484603e-01 6.783626852744786273e-01 9.148700541611916037e-01 0.000000000000000000e+00 4.969499176910128768e-01 5.354091492589708734e-01 9.094919798374611064e-01 3.507539466323442157e-01 5.231971883087630504e-01 4.385527590762283157e-01 5.636433805617672155e-01 3.614512746458356518e-01 7.153629699354733251e-01 7.527255304435138683e-01 4.655434956325291695e-01 5.578487322911063195e-02 9.606324909271763968e-01 3.637509920528482210e-01 4.994864020062743659e-01 8.715346854173532387e-01 6.742668227278404425e-01 4.328745312918098054e-01 4.754425170951723234e-01 2.497957627981685080e-01 8.025142860121625699e-01 1.707108248388592431e-01 5.458151698209922076e-01
2.990949226658004001e-01 6.046532068123753323e-01 4.934762808024644176e-01 6.030621113621197349e-01 8.301776765638780864e-01 5.089169463657193804e-01 8.691244826621223885e-01 6.196965831809506664e-01 7.241547982054055144e-01 4.300228026952941929e-01 3.763405768517485983e-01 4.969499176910128768e-01 0.000000000000000000e+00 6.212531914210601691e-01 2.805971518288605804e-01 6.388907933613923174e-01 6.671189908610973829e-01 1.295972936037235179e-01 1.061795045209654731e-01 9.023483236444151956e-01 4.839645924796315835e-01 8.181525651810388489e-01 9.536406513515305328e-02 8.243982502381463906e-01 8.507103993269453657e-01 3.864698157857762162e-01 6.457780159621980820e-01 4.307237987934794399e-01 4.771176934937304548e-01 9.038227488707473167e-02 2.570040991545282649e-01 7.940536179470671918e-01 1.321714082080130970e-01 4.396863157659146593e-01 8.263800743188515208e-01
5.273105111380327337e-01 9.558326551328084619e-01 6.116684462129547972e-01 7.498034088236644745e-01 7.606109188951248878e-01 3.617822042852856246e-01 4.932579224328885736e-01 5.235217550008678389e-01 4.464820692618110543e-01 4.696730281312561095e-01 4.299659807532723588e-01 5.354091492589708734e-01 6.212531914210601691e-01 0.000000000000000000e+00 5.677214157509005155e-01 8.759029834926127522e-01 4.228942535951090154e-01 2.363821981483762436e-01 4.780561072152066937e-01 2.839067076418710922e-01 6.316369462336390850e-02 2.904982284204681298e-01 4.350157105932406232e-02 2.696970418597832708e-01 7.798035206971623001e-01 4.137695530055198745e-01 6.047541275209609157e-01 6.862670397722141491e-01 5.899643717796883013e-01 6.358241358099294693e-01 7.929415116108690098e-01 4.134173886165528611e-01 5.348032401743296749e-01 6.272532375179264985e-01 3.005765309166706922e-01
8.982581901984003636e-01 7.643515867388045448e-01 7.576595001238835003e-01 7.114281068725212265e-01 8.048118522124675378e-01 1.280554976625800645e-01 3.416953537709447319e-01 9.940798952429299451e-01 8.717441729254624683e-01 5.463705698381147169e-01 2.631062302774178630e-02 9.094919798374611064e-01 2.805971518288605804e-01 5.677214157509005155e-01 0.000000000000000000e+00 9.379375650261411179e-01 4.863905940488215673e-01 4.947325893500768568e-01 3.994925960317421421e-01 6.399729223328034511e-01 1.975713874917926494e-01 2.523406038802425977e-01 4.371849055346060386e-01 9.179154353545411205e-01 1.075116244983314040e-01 6.881233766704534238e-01 4.381731722638751991e-01 8.178658774320409774e-01 1.187482893467641798e-01 6.430223463453746957e-01 7.948815168818245125e-01 8.458055038763332423e-01 4.528582036182762782e-01 3.619498001914633889e-01 5.995416586314437080e-01
6.284172004576548121e-01 8.396027752121348886e-01 7.710327277978534788e-01 5.963692773716573470e-01 5.637363461530966458e-01 7.761966295711180130e-01 5.378514305695607511e-01 8.059955843399060349e-01 5.880840763595160947e-01 5.462528497749741252e-01 7.367427461487883189e-01 3.507539466323442157e-01 6.388907933613923174e-01 8.759029834926127522e-01 9.379375650261411179e-01 0.000000000000000000e+00 6.122806661503182868e-01 3.442834131011692778e-01 5.957271209798168377e-01 5.738303735530231320e-01 8.564548220120076216e-01 6.986521724244376674e-01 2.075063832603309955e-01 8.686480192561885083e-01 2.575344163639280426e-01 8.303720804800704958e-01 4.054896878523353565e-01 4.777635001922803104e-01 8.560673892718086986e-01 4.742985928542425289e-01 5.044253785486469965e-01 4.405887728948224558e-01 5.900380248189529553e-01 7.037342790455002328e-01 3.557905699817012213e-01
4.010358052580677013e-01 5.200975488270997982e-01 4.912090982198090150e-01 6.858162263925426938e-01 3.988751994400284162e-01 8.313890790724249857e-01 2.286438665899448441e-01 4.780449889078690617e-01 6.112963177397748860e-01 5.171809501964936828e-01 4.883097582699487127e-01 5.231971883087630504e-01 6.671189908610973829e-01 4.228942535951090154e-01 4.863905940488215673e-01 6.122806661503182868e-01 0.000000000000000000e+00 5.312564676763014138e-01 6.335614420099557886e-01 5.493317302618246911e-01 7.986455827922678274e-02 4.139853208184290367e-01 2.686722440032256465e-01 4.042296121316505397e-01 9.175893056955664040e-02 5.928569081222545556e-01 5.592163684787669897e-01 1.973714972948169555e-01 5.238393943087693572e-01 6.298090482223933639e-01 5.289758722446462613e-01 6.709809754627930056e-01 7.831760984668590941e-01 2.913382924919677430e-01 6.983659680460864161e-01
6.256919605633788350e-01 5.594773829213273153e-01 7.153048518739636430e-01 8.621125167108050213e-01 8.288517041267067231e-01 4.821544192273696239e-01 5.492584086455716275e-01 3.264026091311681421e-01 7.994820818940439056e-01 1.653380668815770393e-01 4.715775230731741874e-01 4.385527590762283157e-01 1.295972936037235179e-01 2.363821981483762436e-01 4.947325893500768568e-01 3.442834131011692778e-01 5.312564676763014138e-01 0.000000000000000000e+00 8.138486379976267449e-01 1.295132775905353806e-01 6.269412818395772025e-01 4.642816514683495432e-01 3.040792660043257767e-01 1.600315648646015720e-01 5.045947360305758078e-01 5.288151846503175157e-01 5.961619387145064008e-01 5.415617750809271769e-01 2.994946619768530383e-01 3.627810072617526083e-01 8.569143038305175875e-01 4.906254056194676583e-01 7.801153888023867333e-01 8.916084135700281799e-01 4.775750180992054394e-01
3.827262277118268496e-01 5.140523337522260316e-01 4.518167278349102811e-01 4.404610061183822367e-01 1.933539285615896164e-01 5.759858427318464980e-01 7.545687081786623951e-01 2.379876378983339924e-01 5.107990333305574282e-01 7.243175769767093986e-01 5.107803109562748523e-01 5.636433805617672155e-01 1.061795045209654731e-01 4.780561072152066937e-01 3.994925960317421421e-01 5.957271209798168377e-01 6.335614420099557886e-01 8.138486379976267449e-01 0.000000000000000000e+00 5.300396398474080950e-01 7.988335854832697702e-01 1.382386594215019304e-01 5.762595360887228235e-01 5.986833253730373672e-01 3.525000053147450685e-01 8.341024886999841570e-01 4.360306734345608115e-01 5.945984889642379478e-01 7.303473599822538631e-01 5.416047939771040376e-01 2.822284051983499076e-01 9.873064652727336910e-02 3.592482370543751413e-01 5.694759653794840837e-01 1.701936877162092410e-01
2.044391425993952183e-01 8.221175756590848316e-02 4.708712050547860795e-01 5.371305445873149065e-01 3.462737013977056355e-01 9.029286501655300334e-01 4.274889531075989346e-01 8.217041311513200164e-01 6.607667239487909905e-01 2.708365912812076282e-01 4.798211600282755729e-01 3.614512746458356518e-01 9.023483236444151956e-01 2.839067076418710922e-01 6.399729223328034511e-01 5.738303735530231320e-01 5.493317302618246911e-01 1.295132775905353806e-01 5.300396398474080950e-01 0.000000000000000000e+00 3.231701251916387907e-01 3.861337417597945354e-01 2.721858896104357717e-01 5.034833497962141191e-01 5.360960340531585322e-01 4.713462235380582732e-01 5.175602573706126197e-01 3.839667334717810077e-01 2.400088900952929705e-01 2.784144226148910217e-02 3.510364461085082044e-01 5.631547894956887568e-01 4.916291969907575776e-01 6.390464701263184333e-01 4.417988803396022957e-01
3.276707781039787104e-01 1.664187050341051632e-01 5.181941612803362407e-01 4.472595666297729533e-01 2.607761686798225620e-01 2.235311495745226917e-01 1.962138396895833914e-01 4.881279333018442856e-01 7.788734245355636299e-01 6.970892569204309996e-01 1.804692200480946251e-01 7.153629699354733251e-01 4.839645924796315835e-01 6.316369462336390850e-02 1.975713874917926494e-01 8.564548220120076216e-01 7.986455827922678274e-02 6.269412818395772025e-01 7.988335854832697702e-01 3.231701251916387907e-01 0.000000000000000000e+00 3.696934696651591468e-01 5.616023832220311540e-01 4.381836134715216269e-01 2.453283678403385126e-01 3.151881795216089355e-01 6.550769233527899971e-01 3.117767005739975339e-01 9.080592248535498401e-01 5.499289556475263074e-01 3.319109901371178895e-01 4.129652176484442938e-01 1.320235099146475077e-01 4.776109898440729085e-01 6.740443798284944110e-01
1.190376401760846470e-01 7.274373896105511550e-01 6.846392509443317564e-01 5.930236925661876990e-01 4.297801208875953183e-01 7.708824474327768961e-02 7.401326159510976943e-01 4.640776234777812537e-01 6.455376739125768815e-01 1.780953449585777060e-01 3.261115047321810900e-01 7.527255304435138683e-01 8.181525651810388489e-01 2.904982284204681298e-01 2.523406038802425977e-01 6.986521724244376674e-01 4.139853208184290367e-01 4.642816514683495432e-01 1.382386594215019304e-01 3.861337417597945354e-01 3.696934696651591468e-01 0.000000000000000000e+00 8.556308299790359451e-01 1.229270731044106446e-01 5.339337465519818915e-01 9.226499110517566438e-01 3.355098778804364024e-01 4.870669872092437958e-01 3.210487014883319223e-01 1.581899841048922672e-01 3.403525775067440806e-01 4.162329803659325922e-02 3.249508274270435093e-01 8.378833607364732927e-01 3.805050555515989696e-01
2.018363096684703262e-01 2.181572931591080344e-01 3.634304353004539356e-01 3.651964834146981809e-01 7.187792240261029475e-01 3.941053536410156211e-01 5.925689734902415129e-01 1.749124478856851628e-01 9.171837075763065172e-01 4.640959245516410037e-01 8.833339711193177735e-01 4.655434956325291695e-01 9.536406513515305328e-02 4.350157105932406232e-02 4.371849055346060386e-01 2.075063832603309955e-01 2.686722440032256465e-01 3.040792660043257767e-01 5.762595360887228235e-01 2.721858896104357717e-01 5.616023832220311540e-01 8.556308299790359451e-01 0.000000000000000000e+00 3.867628215781919176e-01 4.145555826978718494e-01 2.936537590558626065e-01 4.943992794823582337e-01 1.284179025838316779e-01 5.869827328644878772e-01 2.629809813367233184e-01 4.657887682730612045e-01 9.586427249491902280e-02 6.917835859984173830e-01 4.550371427408213543e-01 1.971274513496515945e-01
5.571758828915249762e-01 5.607209737923457560e-01 9.365570431144571995e-01 8.891115396909022861e-01 1.154863933688555777e-01 1.223070786252846709e-01 5.872861448987445332e-01 4.864540811214700389e-01 3.380876220033229851e-01 5.933747434944027788e-01 4.368641982081594710e-01 5.578487322911063195e-02 8.243982502381463906e-01 2.696970418597832708e-01 9.179154353545411205e-01 8.686480192561885083e-01 4.042296121316505397e-01 1.600315648646015720e-01 5.986833253730373672e-01 5.034833497962141191e-01 4.381836134715216269e-01 1.229270731044106446e-01 3.867628215781919176e-01 0.000000000000000000e+00 6.577305368156077803e-01 8.621551903865836142e-01 7.089305708421403951e-01 7.966826173510463960e-01 1.550917327092443676e-01 9.100056943185699243e-01 6.967130767665000723e-01 1.659467749190853825e-01 8.191414368811176239e-01 4.984168758341387950e-01 4.192047409789845247e-02
5.329994631917671644e-01 4.408513653835403057e-01 5.659788988863605486e-01 8.386547289330916755e-01 6.121408527234970531e-01 8.257075914186247090e-01 2.100120302329333000e-01 5.477362049708011105e-01 5.458893521335574928e-01 6.010096025719292578e-01 3.055035451777942113e-01 9.606324909271763968e-01 8.507103993269453657e-01 7.798035206971623001e-01 1.075116244983314040e-01 2.575344163639280426e-01 9.175893056955664040e-02 5.045947360305758078e-01 3.525000053147450685e-01 5.360960340531585322e-01 2.453283678403385126e-01 5.339337465519818915e-01 4.145555826978718494e-01 6.577305368156077803e-01 0.000000000000000000e+00 1.542545481773844873e-01 3.455354964606069390e-01 5.602813602188358999e-01 4.885507299545884807e-01 2.935509453605094077e-01 4.683655571673904783e-01 1.534483444749248360e-01 8.125250695132595347e-01 2.582192709912755069e-01 4.944208671702401414e-01
2.331564422111872537e-01 4.304378811287539741e-01 4.651703967809539542e-01 2.851003778815558998e-01 8.565572789728215231e-01 4.693771675667505194e-01 2.227887721950143618e-01 7.149123268330513925e-01 6.412205118128331272e-01 4.280550617228572330e-01 4.530847144879431854e-01 3.637509920528482210e-01 3.864698157857762162e-01 4.137695530055198745e-01 6.881233766704534238e-01 8.303720804800704958e-01 5.928569081222545556e-01 5.288151846503175157e-01 8.341024886999841570e-01 4.713462235380582732e-01 3.151881795216089355e-01 9.226499110517566438e-01 2.936537590558626065e-01 8.621551903865836142e-01 1.542545481773844873e-01 0.000000000000000000e+00 4.280648556215857492e-01 8.344027845520070041e-01 6.569019427015644341e-01 5.063149442510084253e-01 3.188174453227661242e-01 5.780539927608165929e-01 5.367281265523485834e-01 3.992658499074841494e-01 3.782240771512867528e-01
6.094876639295335741e-01 3.253957484038992876e-01 7.249690718033330317e-01 9.304563377103418631e-01 5.699525622583399009e-01 5.017632651851666736e-01 7.548736291548860944e-01 8.930235947469382651e-01 3.608108145061169614e-01 7.910350211157066713e-01 3.495326767675642765e-01 4.994864020062743659e-01 6.457780159621980820e-01 6.047541275209609157e-01 4.381731722638751991e-01 4.054896878523353565e-01 5.592163684787669897e-01 5.961619387145064008e-01 4.360306734345608115e-01 5.175602573706126197e-01 6.550769233527899971e-01 3.355098778804364024e-01 4.943992794823582337e-01 7.089305708421403951e-01 3.455354964606069390e-01 4.280648556215857492e-01 0.000000000000000000e+00 5.321210147007093827e-01 2.601732295475024381e-01 4.731342148841533590e-01 8.787893526380194942e-01 4.861537166791165543e-01 6.701212294308138695e-01 8.478502802796386018e-01 1.710802788358114501e-01
6.465167723312860160e-01 9.571968839749614988e-01 4.871894298442775995e-01 4.417413763342126209e-01 6.790321853156722209e-01 7.622711924113030335e-01 6.097375583845578983e-01 3.508626465392002958e-01 4.127891095678872801e-01 7.515288630838219408e-01 5.951425686920832625e-01 8.715346854173532387e-01 4.307237987934794399e-01 6.862670397722141491e-01 8.178658774320409774e-01 4.777635001922803104e-01 1.973714972948169555e-01 5.415617750809271769e-01 5.945984889642379478e-01 3.839667334717810077e-01 3.117767005739975339e-01 4.870669872092437958e-01 1.284179025838316779e-01 7.966826173510463960e-01 5.602813602188358999e-01 8.344027845520070041e-01 5.321210147007093827e-01 0.000000000000000000e+00 5.340160270903693274e-01 3.571162554010222090e-01 6.767027897536075365e-01 5.429062489685709814e-01 5.642638549824325889e-01 3.555196756413010473e-01 6.593738862903921749e-01
8.448557449105709161e-02 4.927549270252329916e-01 8.095627092455748297e-01 7.873091105479499419e-01 7.458111089224153112e-01 4.671185114100755431e-01 1.116358809040816080e-01 3.725182884652033510e-01 7.714787986012414667e-01 5.487405390323560894e-01 3.152175410640004616e-01 6.742668227278404425e-01 4.771176934937304548e-01 5.899643717796883013e-01 1.187482893467641798e-01 8.560673892718086986e-01 5.238393943087693572e-01 2.994946619768530383e-01 7.303473599822538631e-01 2.400088900952929705e-01 9.080592248535498401e-01 3.210487014883319223e-01 5.869827328644878772e-01 1.550917327092443676e-01 4.885507299545884807e-01 6.569019427015644341e-01 2.601732295475024381e-01 5.340160270903693274e-01 0.000000000000000000e+00 6.171865453542274560e-01 4.766115959701023863e-01 4.571244482732281789e-01 4.296436233345880540e-01 3.922814257523901116e-01 4.823214845198517398e-01
4.600461090045182555e-01 9.126934965536268596e-01 8.322178941303542965e-01 4.021832668817242329e-01 6.678437244135777551e-01 1.827097437880349506e-01 4.809414503852622591e-01 5.896423211367208816e-01 2.051845686096778199e-01 8.191359841764320748e-01 3.032305890475080479e-01 4.328745312918098054e-01 9.038227488707473167e-02 6.358241358099294693e-01 6.430223463453746957e-01 4.742985928542425289e-01 6.298090482223933639e-01 3.627810072617526083e-01 5.416047939771040376e-01 2.784144226148910217e-02 5.499289556475263074e-01 1.581899841048922672e-01 2.629809813367233184e-01 9.100056943185699243e-01 2.935509453605094077e-01 5.063149442510084253e-01 4.731342148841533590e-01 3.571162554010222090e-01 6.171865453542274560e-01 0.000000000000000000e+00 5.533398331578569529e-01 2.065677340475685630e-01 2.193891781910498606e-01 6.158689058041839637e-01 9.466644677920392770e-01
7.146662747193694987e-01 3.518236906936346164e-01 8.901213336715594338e-01 3.252040589366927970e-01 6.181553779834246809e-01 6.877275637852885426e-01 1.028168849756824210e-01 4.802041081033587289e-01 4.032113006209175898e-01 6.736047117682042451e-02 4.220287765570897021e-01 4.754425170951723234e-01 2.570040991545282649e-01 7.929415116108690098e-01 7.948815168818245125e-01 5.044253785486469965e-01 5.289758722446462613e-01 8.569143038305175875e-01 2.822284051983499076e-01 3.510364461085082044e-01 3.319109901371178895e-01 3.403525775067440806e-01 4.657887682730612045e-01 6.967130767665000723e-01 4.683655571673904783e-01 3.188174453227661242e-01 8.787893526380194942e-01 6.767027897536075365e-01 4.766115959701023863e-01 5.533398331578569529e-01 0.000000000000000000e+00 4.964752108403029940e-01 5.430162799343114521e-01 6.824436076365667514e-01 1.258914157352194474e-01
3.671829556175261189e-01 1.314178721987775411e-01 6.404632491750656964e-01 4.660038744646492481e-01 6.882249104690070229e-01 8.072140427077090230e-02 6.506234518081768226e-01 1.264178722011963796e-01 6.903809533999917258e-01 5.100219866728468165e-01 4.421167356469750676e-01 2.497957627981685080e-01 7.940536179470671918e-01 4.134173886165528611e-01 8.458055038763332423e-01 4.405887728948224558e-01 6.709809754627930056e-01 4.906254056194676583e-01 9.873064652727336910e-02 5.631547894956887568e-01 4.129652176484442938e-01 4.162329803659325922e-02 9.586427249491902280e-02 1.659467749190853825e-01 1.534483444749248360e-01 5.780539927608165929e-01 4.861537166791165543e-01 5.429062489685709814e-01 4.571244482732281789e-01 2.065677340475685630e-01 4.964752108403029940e-01 0.000000000000000000e+00 8.146533621448200924e-01 5.528827659898217783e-01 9.422530602852392523e-01
6.089639790318156498e-01 4.457364036331734058e-01 4.123137122261196774e-01 8.602224669014243430e-01 5.300329107382220073e-01 5.413146412613050185e-01 4.866369575706521733e-01 7.451363939594306540e-01 5.547880783472874944e-01 8.443298321024018671e-01 2.990488750738568013e-01 8.025142860121625699e-01 1.321714082080130970e-01 5.348032401743296749e-01 4.528582036182762782e-01 5.900380248189529553e-01 7.831760984668590941e-01 7.801153888023867333e-01 3.592482370543751413e-01 4.916291969907575776e-01 1.320235099146475077e-01 3.249508274270435093e-01 6.917835859984173830e-01 8.191414368811176239e-01 8.125250695132595347e-01 5.367281265523485834e-01 6.701212294308138695e-01 5.642638549824325889e-01 4.296436233345880540e-01 2.193891781910498606e-01 5.430162799343114521e-01 8.146533621448200924e-01 0.000000000000000000e+00 3.857340235384465466e-02 8.616375448956841154e-01
5.505397678984802479e-01 5.530515678461094264e-01 2.370772466725542538e-01 6.341276758553990867e-01 5.471179087034814259e-01 7.262683818856305873e-01 4.804118127929399851e-01 8.240930843662211958e-01 3.381477297540446680e-01 7.229533858572186888e-01 3.937803008618167011e-01 1.707108248388592431e-01 4.396863157659146593e-01 6.272532375179264985e-01 3.619498001914633889e-01 7.037342790455002328e-01 2.913382924919677430e-01 8.916084135700281799e-01 5.694759653794840837e-01 6.390464701263184333e-01 4.776109898440729085e-01 8.378833607364732927e-01 4.550371427408213543e-01 4.984168758341387950e-01 2.582192709912755069e-01 3.992658499074841494e-01 8.478502802796386018e-01 3.555196756413010473e-01 3.922814257523901116e-01 6.158689058041839637e-01 6.824436076365667514e-01 5.528827659898217783e-01 3.857340235384465466e-02 0.000000000000000000e+00 5.816173372939986708e-01
8.228729676727515319e-01 6.805361539841863205e-01 5.160783591791799907e-01 4.915119600777926867e-01 4.392500837770100253e-01 4.381671550411754268e-01 6.914821146862051293e-01 8.731664691679363877e-01 2.192120093704682526e-01 8.723109201163390392e-01 6.855623085804286587e-01 5.458151698209922076e-01 8.263800743188515208e-01 3.005765309166706922e-01 5.995416586314437080e-01 3.557905699817012213e-01 6.983659680460864161e-01 4.775750180992054394e-01 1.701936877162092410e-01 4.417988803396022957e-01 6.740443798284944110e-01 3.805050555515989696e-01 1.971274513496515945e-01 4.192047409789845247e-02 4.944208671702401414e-01 3.782240771512867528e-01 1.710802788358114501e-01 6.593738862903921749e-01 4.823214845198517398e-01 9.466644677920392770e-01 1.258914157352194474e-01 9.422530602852392523e-01 8.616375448956841154e-01 5.816173372939986708e-01 0.000000000000000000e+00
