0.000000000000000000e+00 5.699531404693182202e-01 6.455423506199485795e-01 4.859097437742960213e-01 7.924020139042662336e-01 8.653863146548294027e-01 5.896648757667717344e-01 8.952051549475351644e-01 3.001400522548542948e-01 4.457495870755363576e-01 6.364259723970122629e-01 4.879164629217356275e-01 6.765329279866160173e-01 2.707913186183955601e-01 4.187039399122416405e-01 4.987119763914604764e-01 3.693561864005606155e-01 5.442918397367695338e-01 7.003159962991423182e-01 7.851224131736550538e-01 4.407944205242237401e-01 3.134939156728643317e-01 6.630388913178865140e-01 6.949684988950223241e-01 5.319581284834478119e-01 4.400676783618837629e-01 6.168831053738252912e-01 7.615849408265367160e-01 9.051367739524101008e-01 2.927195153138461015e-01 4.912629161763171215e-01 8.337581911132184720e-01 5.814878857805763079e-01 1.832668794390142075e-01 7.042937831579563213e-01
5.699531404693182202e-01 0.000000000000000000e+00 6.729084589691418650e-01 7.468147965158586921e-01 4.197310038287275225e-01 4.772641999877169638e-02 7.346319160028205175e-01 5.828135872464139666e-01 7.385170979438667738e-01 4.553874850415706166e-01 6.391631841361069544e-01 4.896632835242544779e-01 7.050788876472326994e-01 5.948124880177644291e-01 2.029452014093219292e-01 3.496348975983242235e-01 4.843300884862686839e-01 3.619770921576649925e-01 4.336082901363079722e-01 1.857265460284527880e-01 4.859474084338806787e-01 4.677251560135309294e-01 3.836985256617407303e-01 4.943443980203432453e-01 1.661743630777682279e-01 8.079252813974898695e-01 6.435560696272096814e-01 3.979398254883517172e-01 6.810654625311460819e-01 7.429990910230918066e-01 4.320162392359986336e-01 3.475455012912595509e-01 7.904890145932113033e-01 1.719940227818988476e-01 5.252866040936883252e-01
6.455423506199485795e-01 6.729084589691418650e-01 0.000000000000000000e+00 1.976572113538918041e-01 3.499136964739170685e-01 6.497558654344801621e-01 3.985202429617400455e-01 1.277266099857786719e-01 5.165416816213437290e-01 6.888921512657615320e-01 6.442983067613023973e-01 5.470185819927977366e-01 4.331458243958325460e-01 2.967873486054060650e-01 3.262563731903211917e-01 7.857885191532251179e-01 5.184080558293839847e-01 8.404254916257919428e-01 3.816914016620067684e-01 4.791475627257020253e-01 5.512259411542788090e-01 6.368117443723687598e-01 1.882234606234202134e-01 3.857829009052322622e-01 5.012209445682539455e-01 6.545289371768828746e-01 5.099739139933769927e-01 6.815454550415258606e-01 4.273406415934968283e-01 6.858446272047016290e-01 4.196089310686276774e-01 4.646664120150019173e-01 7.044942517719168240e-01 3.764966658361144081e-01 3.535872806057046569e-01
4.859097437742960213e-01 7.468147965158586921e-01 1.976572113538918041e-01 0.000000000000000000e+00 3.351002073372519874e-01 4.624990496080476632e-01 6.138792254279491489e-01 8.365918312654048172e-01 3.867654968304208296e-01 4.526217287952882806e-01 5.329608261796136004e-01 7.749958294701919659e-01 8.621087322349114679e-01 1.843577969924791171e-01 6.261065792925031293e-01 3.989387132190177487e-01 4.864254010193705957e-01 8.812130131075288642e-01 9.386806890850445395e-01 3.945796635766046778e-01 5.180709278301058873e-01 4.738338792470148109e-01 1.965451169521417185e-01 4.161009953353949631e-01 8.012701288585168946e-01 1.599864187528591275e-01 7.536450604994928693e-01 6.396963752540623105e-01 3.239761936239693996e-01 3.220554587971223848e-01 4.374378107621634815e-01 2.611708618246700864e-01 4.061651199853624772e-01 7.240736870314351536e-01 8.842615328623700810e-01
7.924020139042662336e-01 4.197310038287275225e-01 3.499136964739170685e-01 3.351002073372519874e-01 0.000000000000000000e+00 4.636069195592129044e-01 3.580302482017151400e-01 5.068748555356232810e-01 7.794096673625323657e-01 3.774647533870777449e-01 3.643580515036806688e-01 8.524165839133839295e-01 4.499381819059958820e-01 8.706832096109684560e-01 5.981120200380974916e-01 3.643339666441404168e-01 9.625099028329747730e-01 7.522069924418850473e-01 5.287807408960545352e-01 4.881481791329670972e-01 6.741883205165215553e-01 2.147528364057535999e-01 7.681314122224474072e-01 7.624206976417382542e-01 3.963098507928876080e-01 7.334606358763549050e-01 5.811600100961136217e-01 3.531987435207539772e-01 3.508348299212921129e-01 1.965791547046397136e-01 5.974868420581003203e-01 4.309540194013367076e-01 9.502232484835165804e-01 3.721005436008473222e-01 4.743590062728840762e-01
8.653863146548294027e-01 4.772641999877169638e-02 6.497558654344801621e-01 4.624990496080476632e-01 4.636069195592129044e-01 0.000000000000000000e+00 1.711065692837731023e-01 8.809852333689698334e-01 1.783173326039937945e-01 7.744933757984711065e-01 4.769363326124756441e-01 3.400736778826476958e-01 7.301151348013046327e-01 5.503694351010222086e-01 3.923051688052748287e-01 5.568695736205402369e-01 6.761015346736376497e-01 6.628283332549582685e-01 8.789231171421059141e-01 7.901526067512413265e-01 6.288476461044845145e-01 6.125261815106060048e-01 5.726052891248980536e-01 5.061359954681747819e-01 5.406218880120412518e-01 5.749020998738552102e-01 7.426055525302333038e-01 1.665361307901610521e-01 7.640785111776198235e-01 5.469412734740308757e-01 2.522813214729131004e-01 7.443401651817311837e-01 5.132098732037374544e-01 5.984242306353049212e-01 4.617932615778345129e-01
5.896648757667717344e-01 7.346319160028205175e-01 3.985202429617400455e-01 6.138792254279491489e-01 3.580302482017151400e-01 1.711065692837731023e-01 0.000000000000000000e+00 9.327207768437313362e-01 4.292196515422759262e-01 7.915295990688964167e-01 4.284894471996786303e-01 1.593030061916055340e-01 8.193385221238000948e-01 4.969197319513571909e-01 5.355910127242813346e-01 1.719235731370201137e-01 4.627760866997187028e-01 7.205005974276906811e-01 5.743482758042548486e-01 5.961002295230337644e-01 5.658024437658475403e-01 6.998208547653254064e-01 3.368173203755727707e-01 5.305901587001586872e-01 7.409019724712169186e-01 6.328911893743313088e-01 4.169064901091553699e-01 8.941516020212121330e-01 5.192222613721069191e-01 4.223676504845064739e-01 2.591300403975387301e-01 2.387036728473397318e-01 7.731884407509728163e-01 6.413202400903836864e-01 5.370267723840729257e-01
8.952051549475351644e-01 5.828135872464139666e-01 1.277266099857786719e-01 8.365918312654048172e-01 5.068748555356232810e-01 8.809852333689698334e-01 9.327207768437313362e-01 0.000000000000000000e+00 6.081038498179003327e-01 4.909423497404431513e-01 3.419698899059070984e-01 8.498808688058039351e-01 3.122282375897766360e-01 4.736059072551135340e-01 6.636940359549106105e-01 6.988648846008356230e-01 3.980285221511399296e-01 6.124962541271357086e-01 4.783947113396973538e-01 3.413979865634094724e-01 4.761027789037044489e-01 1.373482237569651487e-01 6.641820994056412131e-01 9.753707038295801324e-01 5.777270572796017190e-01 6.988312690459788090e-01 6.160504912483086848e-01 1.069724448610255285e-01 3.788080581708861416e-01 1.627686535838575033e-01 2.425410103624563440e-01 7.635822782333923087e-01 3.200374459186267062e-01 5.852617011321895601e-01 6.302688608197938303e-01
3.001400522548542948e-01 7.385170979438667738e-01 5.165416816213437290e-01 3.867654968304208296e-01 7.794096673625323657e-01 1.783173326039937945e-01 4.292196515422759262e-01 6.081038498179003327e-01 0.000000000000000000e+00 9.580995532283331784e-01 6.959677823040695266e-01 3.714893244564821950e-01 5.967651003052840686e-01 5.772336749709734427e-01 4.696301563280906866e-01 4.107959504720163357e-01 4.849616952689539962e-01 5.099687207789201926e-01 2.125763263410267445e-01 4.081451514548656290e-01 5.884532332340609573e-01 4.185513127130644495e-01 8.026394044297235908e-01 3.413276268720307760e-01 1.759358356708766724e-01 7.085623229576218929e-01 9.841170131596577164e-02 6.938138022216002732e-01 3.519287433399206355e-01 4.167558704015166260e-01 2.921229870795626904e-01 8.082399858605133769e-01 2.491152006163153687e-01 5.525175624649396600e-01 9.353477657197828421e-01
4.457495870755363576e-01 4.553874850415706166e-01 6.888921512657615320e-01 4.526217287952882806e-01 3.774647533870777449e-01 7.744933757984711065e-01 7.915295990688964167e-01 4.909423497404431513e-01 9.580995532283331784e-01 0.000000000000000000e+00 6.294844065002719313e-01 6.352749219229266719e-01 6.012753484936206316e-01 5.560019703277410130e-01 3.698040675540769096e-01 4.156530537665329983e-01 4.105365056268689417e-01 5.655464622405889097e-01 5.652509588448285660e-01 6.463295738462465634e-01 7.024057495496222048e-01 6.985351931886505383e-01 3.188747511134150114e-01 6.685936335750154447e-01 7.077613738105865693e-01 5.513709558388883991e-01 9.910217945265187289e-02 5.125567845566887382e-01 5.422858807008070769e-01 5.026345853363594074e-01 1.769924122661181709e-01 6.928280390031769098e-01 6.981566039888985609e-01 4.222764332818241817e-01 6.974204179293352901e-01
6.364259723970122629e-01 6.391631841361069544e-01 6.442983067613023973e-01 5.329608261796136004e-01 3.643580515036806688e-01 4.769363326124756441e-01 4.284894471996786303e-01 3.419698899059070984e-01 6.959677823040695266e-01 6.294844065002719313e-01 0.000000000000000000e+00 7.314191619867339567e-01 8.518508525613941451e-01 2.618778636416667638e-01 2.995129878599623874e-01 1.960241582532253890e-01 7.694660425145767313e-01 6.788069959791532826e-01 7.796475165539196173e-02 2.486947573099933528e-01 7.700287015604269092e-01 5.925073345367927180e-01 5.486436201479940600e-01 4.558069157794915061e-01 4.591489672196126248e-01 6.683765457290916645e-01 2.894092178102612434e-01 3.306689398093839438e-01 2.170586782078818833e-01 5.079475345688793109e-01 5.927634457106454313e-01 4.492183067240400618e-01 4.856622686159871027e-01 3.870239759341548291e-01 5.871764333440290251e-01
4.879164629217356275e-01 4.896632835242544779e-01 5.470185819927977366e-01 7.749958294701919659e-01 8.524165839133839295e-01 3.400736778826476958e-01 1.593030061916055340e-01 8.498808688058039351e-01 3.714893244564821950e-01 6.352749219229266719e-01 7.314191619867339567e-01 0.000000000000000000e+00 3.297602062913320697e-01 5.324717856068786892e-01 3.787982860015710607e-01 5.306060141142214803e-01 1.822540249288323588e-01 7.141336145659091805e-01 6.428323476421369254e-01 6.101279138287254433e-01 3.986866262554257245e-01 4.659175444274515909e-01 8.525340303610426940e-01 2.255088712655438643e-01 7.289997214496695133e-01 2.190920215416712891e-01 7.122599275860150847e-01 4.726021920368727036e-01 6.726808532154568976e-01 9.178449141984045268e-01 5.459285603090305861e-01 3.347975362639015184e-01 4.291561805657994055e-01 5.181719852901273127e-01 7.923976317594578767e-01
6.765329279866160173e-01 7.050788876472326994e-01 4.331458243958325460e-01 8.621087322349114679e-01 4.499381819059958820e-01 7.301151348013046327e-01 8.193385221238000948e-01 3.122282375897766360e-01 5.967651003052840686e-01 6.012753484936206316e-01 8.518508525613941451e-01 3.297602062913320697e-01 0.000000000000000000e+00 4.606406722403281195e-01 7.897246353381887074e-01 3.911418643465365275e-01 4.776769382136240027e-01 3.298583337612356892e-01 3.782115591322654513e-01 4.363785701566301745e-01 2.710038690348751667e-01 8.258921226927852244e-01 3.063893820017040692e-01 9.012124952084072937e-01 5.828639444808155767e-01 9.400176590984228309e-01 1.391533253614629650e-01 6.678228857509520555e-01 6.132878750361102638e-01 8.354300970297878770e-01 9.282888723745219561e-02 1.448767106980544117e-01 6.544617012322028193e-01 2.325015399939541760e-01 3.222775369192696360e-01
2.707913186183955601e-01 5.948124880177644291e-01 2.967873486054060650e-01 1.843577969924791171e-01 8.706832096109684560e-01 5.503694351010222086e-01 4.969197319513571909e-01 4.736059072551135340e-01 5.772336749709734427e-01 5.560019703277410130e-01 2.618778636416667638e-01 5.324717856068786892e-01 4.606406722403281195e-01 0.000000000000000000e+00 3.200618823740566388e-01 4.806429864260798879e-01 3.618415132702095249e-01 3.104453154312466490e-01 5.568897365769707175e-01 1.858480684491085055e-01 6.169768126187314961e-01 3.732976307232486746e-01 4.724646922865001764e-01 1.993571436875730685e-01 6.931571129694509281e-01 9.020510509555585976e-01 3.470785412969754624e-01 7.108265636372026464e-01 4.809255315187673796e-01 7.331015504068008060e-01 4.557970616999414970e-01 3.550604129828328626e-01 8.945684132824605062e-02 5.449348506865412389e-01 4.779157371625724071e-01
4.187039399122416405e-01 2.029452014093219292e-01 3.262563731903211917e-01 6.261065792925031293e-01 5.981120200380974916e-01 3.923051688052748287e-01 5.355910127242813346e-01 6.636940359549106105e-01 4.696301563280906866e-01 3.698040675540769096e-01 2.995129878599623874e-01 3.787982860015710607e-01 7.897246353381887074e-01 3.200618823740566388e-01 0.000000000000000000e+00 1.212818909180530813e-01 6.374186157798424901e-01 2.536791484575027233e-01 4.265557371239759310e-01 7.465192749670334083e-01 3.838352342480485513e-01 3.923891939817524821e-01 6.469381820693234086e-01 9.173486686188653261e-01 5.681946852087143007e-01 3.468505389782942094e-01 6.877066996658526277e-01 6.519709287967614397e-01 4.898918962152274958e-01 3.717003064693183978e-01 2.821093463179309979e-01 2.279145966678434165e-01 6.422541201529716748e-01 5.352620383219077738e-01 4.250366782758010498e-01
4.987119763914604764e-01 3.496348975983242235e-01 7.857885191532251179e-01 3.989387132190177487e-01 3.643339666441404168e-01 5.568695736205402369e-01 1.719235731370201137e-01 6.988648846008356230e-01 4.107959504720163357e-01 4.156530537665329983e-01 1.960241582532253890e-01 5.306060141142214803e-01 3.911418643465365275e-01 4.806429864260798879e-01 1.212818909180530813e-01 0.000000000000000000e+00 1.732791764014857128e-01 6.331427274492715807e-01 6.575220388102205327e-01 6.112493263574403368e-01 4.254574657294253881e-01 4.957422107919962628e-01 5.437233028919857825e-01 7.674372424927926595e-01 5.820218522866184019e-01 8.948171757989848984e-01 1.908120656114034031e-01 5.978089534620157908e-01 2.428815705930295055e-01 1.559655654748199893e-01 2.505340430645014993e-01 6.306807179898240578e-01 5.119813983064077645e-01 6.470270853346453688e-01 6.489107173302599563e-01
3.693561864005606155e-01 4.843300884862686839e-01 5.184080558293839847e-01 4.864254010193705957e-01 9.625099028329747730e-01 6.761015346736376497e-01 4.627760866997187028e-01 3.980285221511399296e-01 4.849616952689539962e-01 4.105365056268689417e-01 7.694660425145767313e-01 1.822540249288323588e-01 4.776769382136240027e-01 3.618415132702095249e-01 6.374186157798424901e-01 1.732791764014857128e-01 0.000000000000000000e+00 4.435312955544402636e-01 4.327964591830881780e-01 7.651929088703731674e-01 5.831482299736761021e-01 5.191799336949812771e-01 6.553432152541049938e-02 2.533584780503785883e-01 2.812580177516091906e-01 5.193021244460174213e-01 3.257021460163102011e-01 7.391389118800689717e-01 3.974562432508439436e-01 3.617968657020987355e-01 7.142097494922405865e-01 1.678686180113410087e-01 4.710458833810186596e-01 7.013858855356882582e-01 7.000246417869584459e-01
5.442918397367695338e-01 3.619770921576649925e-01 8.404254916257919428e-01 8.812130131075288642e-01 7.522069924418850473e-01 6.628283332549582685e-01 7.205005974276906811e-01 6.124962541271357086e-01 5.099687207789201926e-01 5.655464622405889097e-01 6.788069959791532826e-01 7.141336145659091805e-01 3.298583337612356892e-01 3.104453154312466490e-01 2.536791484575027233e-01 6.331427274492715807e-01 4.435312955544402636e-01 0.000000000000000000e+00 4.728282487077338780e-01 5.917384312607778529e-01 8.522941095031438818e-01 5.308754769813996965e-01 1.894672740376014408e-01 2.453448497611573353e-01 4.438947488141387065e-01 5.750744654878037210e-02 6.258897969860093280e-01 8.396917643239076856e-02 5.397489699134900842e-01 8.901583407946638271e-01 7.481784463953492503e-01 8.154533231482476996e-01 1.396234057201835022e-01 7.883785414254387280e-01 9.735448975652396530e-01
7.003159962991423182e-01 4.336082901363079722e-01 3.816914016620067684e-01 9.386806890850445395e-01 5.287807408960545352e-01 8.789231171421059141e-01 5.743482758042548486e-01 4.783947113396973538e-01 2.125763263410267445e-01 5.652509588448285660e-01 7.796475165539196173e-02 6.428323476421369254e-01 3.782115591322654513e-01 5.568897365769707175e-01 4.265557371239759310e-01 6.575220388102205327e-01 4.327964591830881780e-01 4.728282487077338780e-01 0.000000000000000000e+00 7.078277092440172780e-01 7.221205309173226450e-01 5.349615185117633231e-01 3.349092997142357753e-01 3.512611416560382782e-01 8.766199541519077432e-01 4.821584314708778907e-01 7.017186979995014839e-01 7.839624243547111959e-01 1.070338720596989979e-01 7.635607752945472448e-01 4.049456233158796881e-01 5.261668301551907234e-01 4.895412112610647570e-01 1.281926662329636590e-01 5.488904264491244467e-01
7.851224131736550538e-01 1.857265460284527880e-01 4.791475627257020253e-01 3.945796635766046778e-01 4.881481791329670972e-01 7.901526067512413265e-01 5.961002295230337644e-01 3.413979865634094724e-01 4.081451514548656290e-01 6.463295738462465634e-01 2.486947573099933528e-01 6.101279138287254433e-01 4.363785701566301745e-01 1.858480684491085055e-01 7.465192749670334083e-01 6.112493263574403368e-01 7.651929088703731674e-01 5.917384312607778529e-01 7.078277092440172780e-01 0.000000000000000000e+00 4.568643957762089647e-01 7.616077421011113735e-01 3.138574042814496479e-01 7.920465292116500855e-01 4.479942625016912761e-01 4.482320536792148147e-01 5.576583146912099664e-01 9.103448628280348398e-01 4.493515699745664338e-01 4.440305560684927322e-01 5.435758619250563584e-01 2.174861915694604741e-01 3.779636828377933577e-01 3.179107610190188282e-01 6.793059657948350427e-01
4.407944205242237401e-01 4.859474084338806787e-01 5.512259411542788090e-01 5.180709278301058873e-01 6.741883205165215553e-01 6.288476461044845145e-01 5.658024437658475403e-01 4.761027789037044489e-01 5.884532332340609573e-01 7.024057495496222048e-01 7.700287015604269092e-01 3.986866262554257245e-01 2.710038690348751667e-01 6.169768126187314961e-01 3.838352342480485513e-01 4.254574657294253881e-01 5.831482299736761021e-01 8.522941095031438818e-01 7.221205309173226450e-01 4.568643957762089647e-01 0.000000000000000000e+00 8.322964309547837836e-01 8.917464580705731780e-01 9.145499635655249815e-01 6.591543155912249485e-01 1.879231857007676032e-01 5.559305039401258863e-01 5.542638016827995395e-01 7.732906815459859029e-01 3.750204962108872331e-01 7.911970234920251421e-01 7.633889925965222645e-01 4.905413028848251700e-01 3.889078362267433531e-01 3.758906323384198500e-01
3.134939156728643317e-01 4.677251560135309294e-01 6.368117443723687598e-01 4.738338792470148109e-01 2.147528364057535999e-01 6.125261815106060048e-01 6.998208547653254064e-01 1.373482237569651487e-01 4.185513127130644495e-01 6.985351931886505383e-01 5.925073345367927180e-01 4.659175444274515909e-01 8.258921226927852244e-01 3.732976307232486746e-01 3.923891939817524821e-01 4.957422107919962628e-01 5.191799336949812771e-01 5.308754769813996965e-01 5.349615185117633231e-01 7.616077421011113735e-01 8.322964309547837836e-01 0.000000000000000000e+00 6.259176259991816593e-01 5.134791507659093313e-01 1.788152021417658277e-01 8.062441140261907835e-01 4.357922377623252852e-01 2.191541257906637896e-01 3.611382562938100782e-01 4.566449626359317948e-01 8.329735148547527945e-01 3.732745771400948764e-01 5.049047712464622695e-01 5.572425101039791828e-01 1.875614529500830852e-01
6.630388913178865140e-01 3.836985256617407303e-01 1.882234606234202134e-01 1.965451169521417185e-01 7.681314122224474072e-01 5.726052891248980536e-01 3.368173203755727707e-01 6.641820994056412131e-01 8.026394044297235908e-01 3.188747511134150114e-01 5.486436201479940600e-01 8.525340303610426940e-01 3.063893820017040692e-01 4.724646922865001764e-01 6.469381820693234086e-01 5.437233028919857825e-01 6.553432152541049938e-02 1.894672740376014408e-01 3.349092997142357753e-01 3.138574042814496479e-01 8.917464580705731780e-01 6.259176259991816593e-01 0.000000000000000000e+00 6.131816096891249401e-01 2.947451601545799660e-01 7.713189588214366399e-01 8.350444041058937561e-01 4.835689082847463571e-01 4.242690959622114621e-01 1.312998008497484603e-01 2.015452231015216755e-01 6.220335892813350087e-01 2.157444003440674996e-01 4.739340440276073041e-01 5.744802482664261856e-01
6.949684988950223241e-01 4.943443980203432453e-01 3.857829009052322622e-01 4.161009953353949631e-01 7.624206976417382542e-01 5.061359954681747819e-01 5.305901587001586872e-01 9.753707038295801324e-01 3.413276268720307760e-01 6.685936335750154447e-01 4.558069157794915061e-01 2.255088712655438643e-01 9.012124952084072937e-01 1.993571436875730685e-01 9.173486686188653261e-01 7.674372424927926595e-01 2.533584780503785883e-01 2.453448497611573353e-01 3.512611416560382782e-01 7.920465292116500855e-01 9.145499635655249815e-01 5.134791507659093313e-01 6.131816096891249401e-01 0.000000000000000000e+00 4.258269652205224354e-01 8.102669229121850503e-02 4.314368925687550593e-01 7.496202115370838026e-01 4.910326029008853510e-01 5.356142320597880868e-01 3.536022381464748454e-01 6.664224360372857925e-01 1.548266745704714453e-01 9.331689491701129491e-01 1.054124468159772787e-01
5.319581284834478119e-01 1.661743630777682279e-01 5.012209445682539455e-01 8.012701288585168946e-01 3.963098507928876080e-01 5.406218880120412518e-01 7.409019724712169186e-01 5.777270572796017190e-01 1.759358356708766724e-01 7.077613738105865693e-01 4.591489672196126248e-01 7.289997214496695133e-01 5.828639444808155767e-01 6.931571129694509281e-01 5.681946852087143007e-01 5.820218522866184019e-01 2.812580177516091906e-01 4.438947488141387065e-01 8.766199541519077432e-01 4.479942625016912761e-01 6.591543155912249485e-01 1.788152021417658277e-01 2.947451601545799660e-01 4.258269652205224354e-01 0.000000000000000000e+00 2.466309511878065353e-01 4.761497644090572079e-01 8.217063227730987407e-01 6.018336722838688591e-01 2.725225533010545709e-01 2.897915165911454372e-01 4.737665475630796763e-01 5.401305824688308332e-01 7.863749586476301845e-01 1.194407209961712013e-01
4.400676783618837629e-01 8.079252813974898695e-01 6.545289371768828746e-01 1.599864187528591275e-01 7.334606358763549050e-01 5.749020998738552102e-01 6.328911893743313088e-01 6.988312690459788090e-01 7.085623229576218929e-01 5.513709558388883991e-01 6.683765457290916645e-01 2.190920215416712891e-01 9.400176590984228309e-01 9.020510509555585976e-01 3.468505389782942094e-01 8.948171757989848984e-01 5.193021244460174213e-01 5.750744654878037210e-02 4.821584314708778907e-01 4.482320536792148147e-01 1.879231857007676032e-01 8.062441140261907835e-01 7.713189588214366399e-01 8.102669229121850503e-02 2.466309511878065353e-01 0.000000000000000000e+00 6.206424686197551388e-01 5.279654349850092521e-01 4.828002964781456519e-01 3.482061219307193145e-01 7.659979000926728787e-01 5.806963880587685534e-01 8.410964451340660064e-01 2.686362454684860235e-01 4.432941036412393898e-01
6.168831053738252912e-01 6.435560696272096814e-01 5.099739139933769927e-01 7.536450604994928693e-01 5.811600100961136217e-01 7.426055525302333038e-01 4.169064901091553699e-01 6.160504912483086848e-01 9.841170131596577164e-02 9.910217945265187289e-02 2.894092178102612434e-01 7.122599275860150847e-01 1.391533253614629650e-01 3.470785412969754624e-01 6.877066996658526277e-01 1.908120656114034031e-01 3.257021460163102011e-01 6.258897969860093280e-01 7.017186979995014839e-01 5.576583146912099664e-01 5.559305039401258863e-01 4.357922377623252852e-01 8.350444041058937561e-01 4.314368925687550593e-01 4.761497644090572079e-01 6.206424686197551388e-01 0.000000000000000000e+00 8.896072274084438902e-01 6.271538567765755356e-01 4.873748031329262487e-01 7.156082039275362128e-01 2.847041121542924769e-01 3.439612808660182930e-01 5.997230447510454310e-01 6.273397738186383688e-01
7.615849408265367160e-01 3.979398254883517172e-01 6.815454550415258606e-01 6.396963752540623105e-01 3.531987435207539772e-01 1.665361307901610521e-01 8.941516020212121330e-01 1.069724448610255285e-01 6.938138022216002732e-01 5.125567845566887382e-01 3.306689398093839438e-01 4.726021920368727036e-01 6.678228857509520555e-01 7.108265636372026464e-01 6.519709287967614397e-01 5.978089534620157908e-01 7.391389118800689717e-01 8.396917643239076856e-02 7.839624243547111959e-01 9.103448628280348398e-01 5.542638016827995395e-01 2.191541257906637896e-01 4.835689082847463571e-01 7.496202115370838026e-01 8.217063227730987407e-01 5.279654349850092521e-01 8.896072274084438902e-01 0.000000000000000000e+00 6.580854750436587741e-01 3.632596145609239824e-01 3.998017734445613591e-01 7.636621008791817378e-01 6.308231769230514541e-01 7.296113076214681969e-01 6.999680340772573839e-01
9.051367739524101008e-01 6.810654625311460819e-01 4.273406415934968283e-01 3.239761936239693996e-01 3.508348299212921129e-01 7.640785111776198235e-01 5.192222613721069191e-01 3.788080581708861416e-01 3.519287433399206355e-01 5.422858807008070769e-01 2.170586782078818833e-01 6.726808532154568976e-01 6.132878750361102638e-01 4.809255315187673796e-01 4.898918962152274958e-01 2.428815705930295055e-01 3.974562432508439436e-01 5.397489699134900842e-01 1.070338720596989979e-01 4.493515699745664338e-01 7.732906815459859029e-01 3.611382562938100782e-01 4.242690959622114621e-01 4.910326029008853510e-01 6.018336722838688591e-01 4.828002964781456519e-01 6.271538567765755356e-01 6.580854750436587741e-01 0.000000000000000000e+00 6.211062979395876038e-01 4.952982413543047802e-01 3.429605417843105686e-01 5.124183244491463673e-01 3.528835882578552630e-01 8.477684687356537019e-01
2.927195153138461015e-01 7.429990910230918066e-01 6.858446272047016290e-01 3.220554587971223848e-01 1.965791547046397136e-01 5.469412734740308757e-01 4.223676504845064739e-01 1.627686535838575033e-01 4.167558704015166260e-01 5.026345853363594074e-01 5.079475345688793109e-01 9.178449141984045268e-01 8.354300970297878770e-01 7.331015504068008060e-01 3.717003064693183978e-01 1.559655654748199893e-01 3.617968657020987355e-01 8.901583407946638271e-01 7.635607752945472448e-01 4.440305560684927322e-01 3.750204962108872331e-01 4.566449626359317948e-01 1.312998008497484603e-01 5.356142320597880868e-01 2.725225533010545709e-01 3.482061219307193145e-01 4.873748031329262487e-01 3.632596145609239824e-01 6.211062979395876038e-01 0.000000000000000000e+00 6.328634330506605066e-01 1.101360186426417753e-01 9.230766895247943804e-02 4.548839851660941291e-01 7.317571855675812920e-01
4.912629161763171215e-01 4.320162392359986336e-01 4.196089310686276774e-01 4.374378107621634815e-01 5.974868420581003203e-01 2.522813214729131004e-01 2.591300403975387301e-01 2.425410103624563440e-01 2.921229870795626904e-01 1.769924122661181709e-01 5.927634457106454313e-01 5.459285603090305861e-01 9.282888723745219561e-02 4.557970616999414970e-01 2.821093463179309979e-01 2.505340430645014993e-01 7.142097494922405865e-01 7.481784463953492503e-01 4.049456233158796881e-01 5.435758619250563584e-01 7.911970234920251421e-01 8.329735148547527945e-01 2.015452231015216755e-01 3.536022381464748454e-01 2.897915165911454372e-01 7.659979000926728787e-01 7.156082039275362128e-01 3.998017734445613591e-01 4.952982413543047802e-01 6.328634330506605066e-01 0.000000000000000000e+00 5.364649602806108586e-01 4.355231640986587660e-01 7.445708528304151308e-01 5.117346454884446061e-01
8.337581911132184720e-01 3.475455012912595509e-01 4.646664120150019173e-01 2.611708618246700864e-01 4.309540194013367076e-01 7.443401651817311837e-01 2.387036728473397318e-01 7.635822782333923087e-01 8.082399858605133769e-01 6.928280390031769098e-01 4.492183067240400618e-01 3.347975362639015184e-01 1.448767106980544117e-01 3.550604129828328626e-01 2.279145966678434165e-01 6.306807179898240578e-01 1.678686180113410087e-01 8.154533231482476996e-01 5.261668301551907234e-01 2.174861915694604741e-01 7.633889925965222645e-01 3.732745771400948764e-01 6.220335892813350087e-01 6.664224360372857925e-01 4.737665475630796763e-01 5.806963880587685534e-01 2.847041121542924769e-01 7.636621008791817378e-01 3.429605417843105686e-01 1.101360186426417753e-01 5.364649602806108586e-01 0.000000000000000000e+00 7.134259076636454422e-01 5.317082499889280722e-01 1.641769622668506345e-01
5.814878857805763079e-01 7.904890145932113033e-01 7.044942517719168240e-01 4.061651199853624772e-01 9.502232484835165804e-01 5.132098732037374544e-01 7.731884407509728163e-01 3.200374459186267062e-01 2.491152006163153687e-01 6.981566039888985609e-01 4.856622686159871027e-01 4.291561805657994055e-01 6.544617012322028193e-01 8.945684132824605062e-02 6.422541201529716748e-01 5.119813983064077645e-01 4.710458833810186596e-01 1.396234057201835022e-01 4.895412112610647570e-01 3.779636828377933577e-01 4.905413028848251700e-01 5.049047712464622695e-01 2.157444003440674996e-01 1.548266745704714453e-01 5.401305824688308332e-01 8.410964451340660064e-01 3.439612808660182930e-01 6.308231769230514541e-01 5.124183244491463673e-01 9.230766895247943804e-02 4.355231640986587660e-01 7.134259076636454422e-01 0.000000000000000000e+00 2.694140877810047296e-01 3.717744672225449798e-01
1.832668794390142075e-01 1.719940227818988476e-01 3.764966658361144081e-01 7.240736870314351536e-01 3.721005436008473222e-01 5.984242306353049212e-01 6.413202400903836864e-01 5.852617011321895601e-01 5.525175624649396600e-01 4.222764332818241817e-01 3.870239759341548291e-01 5.181719852901273127e-01 2.325015399939541760e-01 5.449348506865412389e-01 5.352620383219077738e-01 6.470270853346453688e-01 7.013858855356882582e-01 7.883785414254387280e-01 1.281926662329636590e-01 3.179107610190188282e-01 3.889078362267433531e-01 5.572425101039791828e-01 4.739340440276073041e-01 9.331689491701129491e-01 7.863749586476301845e-01 2.686362454684860235e-01 5.997230447510454310e-01 7.296113076214681969e-01 3.528835882578552630e-01 4.548839851660941291e-01 7.445708528304151308e-01 5.317082499889280722e-01 2.694140877810047296e-01 0.000000000000000000e+00 1.213330661844689295e-01
7.042937831579563213e-01 5.252866040936883252e-01 3.535872806057046569e-01 8.842615328623700810e-01 4.743590062728840762e-01 4.617932615778345129e-01 5.370267723840729257e-01 6.302688608197938303e-01 9.353477657197828421e-01 6.974204179293352901e-01 5.871764333440290251e-01 7.923976317594578767e-01 3.222775369192696360e-01 4.779157371625724071e-01 4.250366782758010498e-01 6.489107173302599563e-01 7.000246417869584459e-01 9.735448975652396530e-01 5.488904264491244467e-01 6.793059657948350427e-01 3.758906323384198500e-01 1.875614529500830852e-01 5.744802482664261856e-01 1.054124468159772787e-01 1.194407209961712013e-01 4.432941036412393898e-01 6.273397738186383688e-01 6.999680340772573839e-01 8.477684687356537019e-01 7.317571855675812920e-01 5.117346454884446061e-01 1.641769622668506345e-01 3.717744672225449798e-01 1.213330661844689295e-01 0.000000000000000000e+00
