0.000000000000000000e+00 3.420447106583640040e-01 5.496704122978883778e-01 8.314133690158459489e-01 5.123709238761150475e-01 5.454455228661643229e-01 5.392477457294790888e-01 9.282613393196028628e-01 4.488824917657030511e-01 5.282555630885550357e-01 3.560185978097345494e-01 3.510040133873200130e-01 7.534362564082903724e-01 8.593312286545840006e-02 7.079618072617048785e-01 3.705187086048122302e-01 6.316561259761104274e-01 8.444863572370711058e-01 1.598943404247585853e-01 8.636365170002824332e-01 5.392480159552663910e-01 2.140032161416669521e-01 1.999370090009097156e-01 4.302315030233652138e-01 7.009516719492525638e-01 6.919265909099659995e-01 2.964437351713231639e-01 4.121387543857382707e-01 2.078577668657169419e-01 6.934713490416153370e-01 5.164914499840063122e-01 6.852735891281195313e-01 2.210986198785310497e-01 8.019313684570447132e-01 3.173740694067384571e-01
3.420447106583640040e-01 0.000000000000000000e+00 2.925650942592872839e-01 3.102789697516102341e-01 6.624760884177693931e-01 7.199591017439055385e-01 8.134693002302335607e-01 6.868660916779086856e-01 8.401731956387301636e-01 5.983871868313691555e-01 6.292950103632346526e-01 8.472922949753675104e-01 9.171645955404508221e-01 4.287440550315585464e-01 4.247312863238220659e-01 7.523922784443408673e-01 2.750401401566360260e-01 7.966678709424892535e-01 6.355856322645268008e-01 5.302244955468023990e-01 7.170928694395819480e-01 5.274891446586231769e-01 5.055561021558656609e-01 5.460457334954825770e-01 9.248323389517987270e-01 7.234916916840982148e-01 4.016441953960414590e-02 3.732697358007723287e-01 7.661003054886517116e-01 5.916444901215880403e-01 5.350725645346398052e-01 3.658267350748058977e-01 4.123548993391186746e-01 4.873038277843901311e-01 6.647702783380003977e-01
5.496704122978883778e-01 2.925650942592872839e-01 0.000000000000000000e+00 5.773110694066208026e-01 8.015543905574673555e-02 2.253257819335654499e-01 2.510489587600462369e-01 4.676307319804867135e-01 6.051984670790927501e-01 5.903609073574332955e-01 2.025105964848724627e-01 7.726473366011252786e-01 5.774848363140425711e-01 7.953135060825855529e-01 3.137895857304617842e-01 5.013867529848845539e-01 9.325762725927742025e-01 7.556016475313143133e-01 7.953483686576953149e-01 8.308172064047836258e-01 6.952933916946715254e-01 5.098020767847319945e-01 4.426498490965611876e-01 5.731855230766682574e-01 2.095474106316348450e-01 5.157754147399786770e-01 6.410337906355443316e-01 7.183603147307865422e-01 4.777300470796493337e-01 7.947928934540660073e-01 8.799018987989130069e-01 2.064570836546056887e-01 5.521530347321164101e-01 4.473138285467665454e-01 1.707532538965352842e-01
8.314133690158459489e-01 3.102789697516102341e-01 5.773110694066208026e-01 0.000000000000000000e+00 1.344309524844236048e-01 5.514742198789064354e-01 5.051084337857498774e-01 5.688786996919570349e-01 4.608821428523386943e-01 8.155884617228357225e-01 7.640496444924589348e-01 7.266815239305208785e-01 6.225343539784137237e-01 4.918845883270586694e-01 7.622951166159221970e-01 5.476833385911954455e-01 6.505800624067183957e-01 3.374704870178119598e-01 8.612204751830623284e-01 7.660085288151086136e-02 8.185557528069857813e-01 5.770445430379561591e-01 3.665629317323684799e-01 8.209089463783939555e-01 2.801850973689565816e-01 5.455092369357028570e-01 4.447019553007758863e-01 7.814216588406418529e-01 4.204328936032691866e-01 1.649733861543514202e-01 3.676631445902896478e-01 7.239178040900107192e-01 8.676134716610908182e-01 8.155806353474226444e-01 3.377261979970895833e-01
5.123709238761150475e-01 6.624760884177693931e-01 8.015543905574673555e-02 1.344309524844236048e-01 0.000000000000000000e+00 4.511186179970179122e-01 1.724670456095518389e-01 5.194804443305249819e-01 5.934651253564137141e-01 4.358255945870023740e-01 4.107439577456348800e-01 4.119203197103309400e-01 4.271707015240094885e-01 8.539866003836300568e-01 5.741580947568768467e-01 3.846142117019691886e-01 4.894075823874698972e-01 4.649786072590129660e-01 4.016495912452697215e-01 2.932354836792495645e-01 7.968361336008757956e-01 8.827936307793057269e-01 6.373586049458961345e-01 5.768550126185141291e-01 8.015087017701965078e-01 7.206495154726710872e-01 9.226262468558140695e-01 7.829145720037229417e-01 2.531616835731804738e-01 4.905354722422672342e-01 5.164313450244490955e-01 8.308548856947366446e-01 2.910087172011799339e-01 8.041887677522692179e-01 3.683472437891076035e-01
5.454455228661643229e-01 7.199591017439055385e-01 2.253257819335654499e-01 5.514742198789064354e-01 4.511186179970179122e-01 0.000000000000000000e+00 4.412702222578022138e-01 7.454129950734147414e-01 6.550935648223310537e-01 5.717476733277681022e-01 7.529148539420708053e-01 3.544208793116062628e-01 3.871397184995254426e-01 4.407894133706204420e-01 7.735463722285551569e-01 1.233657308474293002e-01 8.430239275882853711e-01 3.696377552321150617e-01 7.796784954334210482e-01 6.751132196709697109e-01 6.723774256280752315e-01 5.837561831036309767e-01 3.344273711845981989e-01 6.540788097464654838e-01 3.793123283338957208e-01 5.104865523036359320e-01 5.216653715189117912e-01 3.672116302740118243e-01 7.832639312950514521e-01 4.459559006859797337e-01 8.577118467750119990e-01 4.798841210389271916e-01 7.858305128820777252e-01 2.211960733322482775e-01 4.950313726920453905e-01
5.392477457294790888e-01 8.134693002302335607e-01 2.510489587600462369e-01 5.051084337857498774e-01 1.724670456095518389e-01 4.412702222578022138e-01 0.000000000000000000e+00 5.389832964218762568e-01 6.351712088857587313e-01 6.369061574417704819e-01 3.268235914584343704e-01 4.248828384122468327e-01 7.584672602240303263e-01 7.376257238469220434e-01 7.688370850913079924e-01 3.891840641690426095e-01 9.485639441973496844e-01 1.682617508109529592e-01 8.525533461480431230e-01 5.289537982259788773e-01 2.025484912493259460e-01 5.133278943744193912e-01 8.845181528431356188e-01 2.429447425972302010e-01 8.512253862610867916e-01 7.139944490616192407e-01 3.231635225970017622e-01 8.250330502666540777e-01 7.128480774509735607e-01 2.646417130122645234e-01 8.062183194540111231e-01 2.648098767836004619e-01 5.712225784557245500e-01 4.720716674017860215e-01 8.331961182447655823e-01
9.282613393196028628e-01 6.868660916779086856e-01 4.676307319804867135e-01 5.688786996919570349e-01 5.194804443305249819e-01 7.454129950734147414e-01 5.389832964218762568e-01 0.000000000000000000e+00 1.662023274080519641e-01 8.723254353944986939e-01 6.380522335438875148e-01 8.050470087305481304e-01 8.034271994734766276e-01 6.749500571217588174e-01 8.503672505315906793e-01 3.811363574524472275e-01 4.298309686645651606e-01 4.279095396605656076e-01 4.059817938939819792e-01 6.405248272093588824e-01 4.260960559298568318e-01 5.434793300016647066e-01 5.361369874086294729e-01 6.218998904017221108e-01 9.500424210485058918e-01 8.871534874012767524e-01 5.213490719641846738e-01 6.235670722868897897e-01 9.639377459559365091e-01 7.125247248728618921e-01 7.234354869119825615e-01 4.169499761752970546e-01 8.053977754177177317e-02 6.000651614402745526e-01 5.316172642881389354e-01
4.488824917657030511e-01 8.401731956387301636e-01 6.051984670790927501e-01 4.608821428523386943e-01 5.934651253564137141e-01 6.550935648223310537e-01 6.351712088857587313e-01 1.662023274080519641e-01 0.000000000000000000e+00 2.826270732957446574e-01 8.121034516614165089e-01 9.206785092247817825e-01 6.301808399270878436e-01 3.765336309400146853e-02 4.720614353154412024e-01 6.559667209301742741e-01 5.760689906208757982e-01 6.340578302746762152e-01 5.471816847882033930e-01 7.187616943231915911e-01 6.180882880685353298e-01 3.732941437490725489e-01 5.695450089462861243e-01 7.159459960979789317e-01 3.110414503393453822e-01 4.109839082803948829e-01 3.356463304261152469e-01 8.166768885604505090e-01 9.107217038648491858e-01 5.441178008572409297e-01 8.846169204139149311e-01 8.582489512807309762e-01 6.574798424349319603e-01 6.513528971753825836e-01 7.496151931132413182e-01
5.282555630885550357e-01 5.983871868313691555e-01 5.903609073574332955e-01 8.155884617228357225e-01 4.358255945870023740e-01 5.717476733277681022e-01 6.369061574417704819e-01 8.723254353944986939e-01 2.826270732957446574e-01 0.000000000000000000e+00 8.411496988841822287e-01 6.498508839431629269e-01 4.694141238682785211e-01 9.902139329562420489e-02 4.889962367794224996e-01 7.849598951465166508e-01 3.781686821087367756e-01 5.711726497638470734e-01 1.679039091503173875e-01 6.339909572481278177e-01 2.362771192805338538e-01 7.736656093532998657e-01 3.587235971787520739e-01 5.552423338898163641e-01 5.092258453664104678e-01 7.861716217349860036e-01 2.242952240887482462e-01 6.799747166923231223e-01 7.509368932535320784e-01 7.740622492662626586e-01 7.063773350176223431e-01 5.190915897257000200e-01 9.098066753034304011e-01 5.880838949965903062e-01 6.808022918526517309e-01
3.560185978097345494e-01 6.292950103632346526e-01 2.025105964848724627e-01 7.640496444924589348e-01 4.107439577456348800e-01 7.529148539420708053e-01 3.268235914584343704e-01 6.380522335438875148e-01 8.121034516614165089e-01 8.411496988841822287e-01 0.000000000000000000e+00 7.388690870439744707e-01 7.502646164495249126e-01 2.286451870888200899e-01 1.190029574263693490e-01 7.410921610733383069e-01 2.875308491881860551e-01 4.729114623755355518e-01 4.956444023205812122e-01 8.603349071576308349e-01 9.943758453210427284e-02 5.550944751318885872e-01 1.788223645326881828e-01 6.323486735738681475e-01 8.893659927616192062e-01 5.418479353423275580e-01 5.035948640190297532e-01 4.728848577730072056e-01 2.608940501747210039e-01 8.920961134183593710e-01 7.627037938974448039e-01 6.782879796203983291e-01 6.326468621374879975e-01 5.633645569691688726e-01 7.247574733499227984e-01
3.510040133873200130e-01 8.472922949753675104e-01 7.726473366011252786e-01 7.266815239305208785e-01 4.119203197103309400e-01 3.544208793116062628e-01 4.248828384122468327e-01 8.050470087305481304e-01 9.206785092247817825e-01 6.498508839431629269e-01 7.388690870439744707e-01 0.000000000000000000e+00 7.730076466042851147e-01 7.450177411770988467e-01 6.432863751447623901e-01 6.135914989841195766e-01 6.350549897232251606e-01 6.964078981048340555e-01 2.890503334245823064e-01 6.761617863875371004e-01 4.184422776510126618e-01 7.982823483911274387e-01 3.937390984241473380e-01 4.705114452402707204e-01 8.903900535648314740e-01 6.274896916716592443e-01 9.640019137721648201e-01 4.745593318834152585e-01 2.107399034585405451e-01 6.678831415739476807e-01 7.616918521057627345e-01 4.208685133590370220e-01 7.678766660572575731e-01 2.688161043675875717e-01 4.396660401045488498e-01
7.534362564082903724e-01 9.171645955404508221e-01 5.774848363140425711e-01 6.225343539784137237e-01 4.271707015240094885e-01 3.871397184995254426e-01 7.584672602240303263e-01 8.034271994734766276e-01 6.301808399270878436e-01 4.694141238682785211e-01 7.502646164495249126e-01 7.730076466042851147e-01 0.000000000000000000e+00 7.545345685993503082e-01 9.463232259069571661e-01 1.848065860558556484e-01 5.279937008901027795e-01 2.983664834293203727e-01 8.655004132526820104e-01 9.412687494070726135e-01 4.442011092217525436e-01 5.092922514515869636e-01 3.291480294801829576e-01 7.924735321373641561e-01 2.959582692163233997e-01 4.928900470475693907e-01 5.847424513249392941e-01 6.886816963962356652e-01 8.973119118251476900e-01 3.296149019222101018e-01 6.340636327373205816e-01 4.448351041671829709e-01 4.467559489594955524e-01 5.126445704620995469e-01 3.060738496578890855e-01
8.593312286545840006e-02 4.287440550315585464e-01 7.953135060825855529e-01 4.918845883270586694e-01 8.539866003836300568e-01 4.407894133706204420e-01 7.376257238469220434e-01 6.749500571217588174e-01 3.765336309400146853e-02 9.902139329562420489e-02 2.286451870888200899e-01 7.450177411770988467e-01 7.545345685993503082e-01 0.000000000000000000e+00 4.694703047737660562e-01 6.868286596809495270e-01 4.543066624243796148e-01 1.897199817416747036e-01 7.724017672930593159e-01 7.468907539500921899e-01 2.403021524086496052e-01 2.938702065364187099e-01 5.417292527404447000e-01 7.715066202698988018e-01 4.570819787275095525e-01 3.678757812612446498e-01 1.730192830592470754e-01 5.160157545481909303e-01 7.200697214870004359e-01 8.165029915194487176e-01 7.861411792009735944e-01 3.982646767791029885e-01 7.892466286470682935e-01 5.238862974373559300e-01 2.100839873323909757e-01
7.079618072617048785e-01 4.247312863238220659e-01 3.137895857304617842e-01 7.622951166159221970e-01 5.741580947568768467e-01 7.735463722285551569e-01 7.688370850913079924e-01 8.503672505315906793e-01 4.720614353154412024e-01 4.889962367794224996e-01 1.190029574263693490e-01 6.432863751447623901e-01 9.463232259069571661e-01 4.694703047737660562e-01 0.000000000000000000e+00 7.408180450562036334e-01 4.935366285424406252e-01 4.144340085359113912e-01 6.842032550655352541e-01 4.707076135763191282e-01 5.857668277875520690e-01 3.637786869647436361e-01 5.790851139328812014e-01 4.883876476409498846e-01 6.098793132262776417e-01 4.839801307165373934e-01 1.469318276645830146e-01 6.422063564681050885e-01 4.130130422909253918e-01 8.143344285738448596e-01 5.333979370210635285e-01 5.415509530056480392e-01 6.428550895558897693e-01 9.374657995277055900e-01 4.719465715431528929e-01
3.705187086048122302e-01 7.523922784443408673e-01 5.013867529848845539e-01 5.476833385911954455e-01 3.846142117019691886e-01 1.233657308474293002e-01 3.891840641690426095e-01 3.811363574524472275e-01 6.559667209301742741e-01 7.849598951465166508e-01 7.410921610733383069e-01 6.135914989841195766e-01 1.848065860558556484e-01 6.868286596809495270e-01 7.408180450562036334e-01 0.000000000000000000e+00 3.746935187833366210e-01 6.072065537844550942e-01 8.569738907769843816e-01 6.326830496148649896e-01 5.259150383550854624e-01 1.439122934642889096e-01 7.579313705598127449e-01 5.264297854559387702e-01 2.893492614410196895e-01 9.810129009222712249e-02 5.678137672590631846e-01 7.178054682642576179e-01 8.639963031353943279e-01 2.817550928910141916e-01 7.531172802128858201e-01 6.982261641435359989e-01 5.189584685264365671e-01 6.185877305946878568e-01 2.450901169092562504e-01
6.316561259761104274e-01 2.750401401566360260e-01 9.325762725927742025e-01 6.505800624067183957e-01 4.894075823874698972e-01 8.430239275882853711e-01 9.485639441973496844e-01 4.298309686645651606e-01 5.760689906208757982e-01 3.781686821087367756e-01 2.875308491881860551e-01 6.350549897232251606e-01 5.279937008901027795e-01 4.543066624243796148e-01 4.935366285424406252e-01 3.746935187833366210e-01 0.000000000000000000e+00 5.449427440954568436e-01 8.150956359820706876e-01 8.175818551040218152e-01 2.797096765727021817e-01 7.152289188957994259e-01 5.736116696307320684e-01 3.160073588946391565e-01 7.840365193829537116e-01 8.534548096920273608e-01 7.705563241564218346e-01 4.889003923012180675e-01 8.411568119796827281e-01 4.377716930598071765e-01 9.420920621542043794e-01 9.382222741155313850e-01 3.356383510779733514e-01 8.444451715512715229e-01 4.038015890692755461e-01
8.444863572370711058e-01 7.966678709424892535e-01 7.556016475313143133e-01 3.374704870178119598e-01 4.649786072590129660e-01 3.696377552321150617e-01 1.682617508109529592e-01 4.279095396605656076e-01 6.340578302746762152e-01 5.711726497638470734e-01 4.729114623755355518e-01 6.964078981048340555e-01 2.983664834293203727e-01 1.897199817416747036e-01 4.144340085359113912e-01 6.072065537844550942e-01 5.449427440954568436e-01 0.000000000000000000e+00 3.921112101168799380e-01 8.733571590973128185e-01 5.271139615259626821e-01 8.455886093258118130e-01 9.073362264469562177e-01 4.767976726730568937e-01 3.641755471680212519e-01 5.197369641851903310e-01 3.285579364858780549e-01 1.379366820813162642e-01 6.666212722405067126e-01 4.386761785217073162e-01 5.919311177629480447e-01 5.234909407041691276e-01 5.433781145807659030e-01 8.473973781538073347e-01 7.622755935024030371e-01
1.598943404247585853e-01 6.355856322645268008e-01 7.953483686576953149e-01 8.612204751830623284e-01 4.016495912452697215e-01 7.796784954334210482e-01 8.525533461480431230e-01 4.059817938939819792e-01 5.471816847882033930e-01 1.679039091503173875e-01 4.956444023205812122e-01 2.890503334245823064e-01 8.655004132526820104e-01 7.724017672930593159e-01 6.842032550655352541e-01 8.569738907769843816e-01 8.150956359820706876e-01 3.921112101168799380e-01 0.000000000000000000e+00 3.198910177647081854e-01 4.722657129482157323e-01 6.723584341133594933e-01 1.157700768876868125e-01 6.220958043803197501e-01 5.203294590491018834e-01 7.717275031169703592e-01 9.354352025822106897e-01 6.390951859038573879e-01 8.766255590490505956e-01 4.718245956265614272e-01 4.893771949642223285e-01 3.887545145153745163e-01 4.845625624224971228e-01 6.318737302252457333e-01 5.839473335325633396e-01
8.636365170002824332e-01 5.302244955468023990e-01 8.308172064047836258e-01 7.660085288151086136e-02 2.932354836792495645e-01 6.751132196709697109e-01 5.289537982259788773e-01 6.405248272093588824e-01 7.187616943231915911e-01 6.339909572481278177e-01 8.603349071576308349e-01 6.761617863875371004e-01 9.412687494070726135e-01 7.468907539500921899e-01 4.707076135763191282e-01 6.326830496148649896e-01 8.175818551040218152e-01 8.733571590973128185e-01 3.198910177647081854e-01 0.000000000000000000e+00 5.211982173074201086e-01 6.296785229609563883e-01 8.421426748907390181e-02 7.372317827019192471e-01 3.874096688902711194e-01 5.266094332301358705e-01 7.044224328415111813e-01 8.401232647561375222e-01 8.066843325455600455e-01 4.900999135708665744e-01 8.425264076236245181e-01 5.926526688139067689e-01 7.638855384439569018e-01 1.853863471655776696e-01 6.503641369315744658e-01
5.392480159552663910e-01 7.170928694395819480e-01 6.952933916946715254e-01 8.185557528069857813e-01 7.968361336008757956e-01 6.723774256280752315e-01 2.025484912493259460e-01 4.260960559298568318e-01 6.180882880685353298e-01 2.362771192805338538e-01 9.943758453210427284e-02 4.184422776510126618e-01 4.442011092217525436e-01 2.403021524086496052e-01 5.857668277875520690e-01 5.259150383550854624e-01 2.797096765727021817e-01 5.271139615259626821e-01 4.722657129482157323e-01 5.211982173074201086e-01 0.000000000000000000e+00 4.055286345269435433e-01 9.233348996462230618e-01 8.866975139719179833e-01 4.621397240972234255e-01 4.647364194599070686e-01 1.679020266272529538e-01 3.939750315933494562e-01 2.375607660216687012e-01 6.332334165909625501e-01 8.434227297508203325e-01 5.550311283645590343e-01 3.734779093264559702e-01 4.378379791737751492e-01 2.155398705882358712e-01
2.140032161416669521e-01 5.274891446586231769e-01 5.098020767847319945e-01 5.770445430379561591e-01 8.827936307793057269e-01 5.837561831036309767e-01 5.133278943744193912e-01 5.434793300016647066e-01 3.732941437490725489e-01 7.736656093532998657e-01 5.550944751318885872e-01 7.982823483911274387e-01 5.092922514515869636e-01 2.938702065364187099e-01 3.637786869647436361e-01 1.439122934642889096e-01 7.152289188957994259e-01 8.455886093258118130e-01 6.723584341133594933e-01 6.296785229609563883e-01 4.055286345269435433e-01 0.000000000000000000e+00 7.575478248439257989e-01 6.941606038149872315e-01 6.213215920439543183e-01 7.472408144793726281e-01 3.299619834113397543e-01 6.759058493782570398e-01 4.347001905089828977e-01 5.250548848808158642e-01 1.122275414029766938e-01 8.643453636768858583e-01 4.398243058474652911e-01 5.262177511451484602e-01 6.596924093253673238e-01
1.999370090009097156e-01 5.055561021558656609e-01 4.426498490965611876e-01 3.665629317323684799e-01 6.373586049458961345e-01 3.344273711845981989e-01 8.845181528431356188e-01 5.361369874086294729e-01 5.695450089462861243e-01 3.587235971787520739e-01 1.788223645326881828e-01 3.937390984241473380e-01 3.291480294801829576e-01 5.417292527404447000e-01 5.790851139328812014e-01 7.579313705598127449e-01 5.736116696307320684e-01 9.073362264469562177e-01 1.157700768876868125e-01 8.421426748907390181e-02 9.233348996462230618e-01 7.575478248439257989e-01 0.000000000000000000e+00 7.619471253822966972e-01 5.905641005840378543e-01 8.288865937088920610e-01 8.563052992328301638e-01 4.782938558169304022e-01 6.177657636733910884e-01 7.786683938241090175e-02 8.020878267584435894e-01 1.005519537272547836e-01 8.653389641003572663e-02 5.108724843762595391e-01 6.980937357879020144e-01
4.302315030233652138e-01 5.460457334954825770e-01 5.731855230766682574e-01 8.209089463783939555e-01 5.768550126185141291e-01 6.540788097464654838e-01 2.429447425972302010e-01 6.218998904017221108e-01 7.159459960979789317e-01 5.552423338898163641e-01 6.323486735738681475e-01 4.705114452402707204e-01 7.924735321373641561e-01 7.715066202698988018e-01 4.883876476409498846e-01 5.264297854559387702e-01 3.160073588946391565e-01 4.767976726730568937e-01 6.220958043803197501e-01 7.372317827019192471e-01 8.866975139719179833e-01 6.941606038149872315e-01 7.619471253822966972e-01 0.000000000000000000e+00 8.260677717413357213e-01 3.442814527731504759e-01 2.981621614565612699e-01 3.617963668447050640e-01 4.679505647021878767e-01 9.333009769666191779e-01 2.579571333668879696e-01 4.654988852396140797e-01 4.717786894867740388e-01 5.705274619603626363e-01 6.512270845912646600e-01
7.009516719492525638e-01 9.248323389517987270e-01 2.095474106316348450e-01 2.801850973689565816e-01 8.015087017701965078e-01 3.793123283338957208e-01 8.512253862610867916e-01 9.500424210485058918e-01 3.110414503393453822e-01 5.092258453664104678e-01 8.893659927616192062e-01 8.903900535648314740e-01 2.959582692163233997e-01 4.570819787275095525e-01 6.098793132262776417e-01 2.893492614410196895e-01 7.840365193829537116e-01 3.641755471680212519e-01 5.203294590491018834e-01 3.874096688902711194e-01 4.621397240972234255e-01 6.213215920439543183e-01 5.905641005840378543e-01 8.260677717413357213e-01 0.000000000000000000e+00 4.062975830513406716e-01 5.210028409926596993e-01 6.260102230467377016e-01 7.529300526790250192e-01 5.889443534280425219e-02 4.050145004442725627e-01 6.469007632356872373e-01 9.632318079783552811e-01 3.128807021013957912e-01 5.283357626258945450e-01
6.919265909099659995e-01 7.234916916840982148e-01 5.157754147399786770e-01 5.455092369357028570e-01 7.206495154726710872e-01 5.104865523036359320e-01 7.139944490616192407e-01 8.871534874012767524e-01 4.109839082803948829e-01 7.861716217349860036e-01 5.418479353423275580e-01 6.274896916716592443e-01 4.928900470475693907e-01 3.678757812612446498e-01 4.839801307165373934e-01 9.810129009222712249e-02 8.534548096920273608e-01 5.197369641851903310e-01 7.717275031169703592e-01 5.266094332301358705e-01 4.647364194599070686e-01 7.472408144793726281e-01 8.288865937088920610e-01 3.442814527731504759e-01 4.062975830513406716e-01 0.000000000000000000e+00 4.991518758834500580e-01 5.984991697227154406e-01 8.794009537022203782e-01 7.762697423938598185e-01 4.820071158826662594e-01 8.927782277712315029e-01 6.916709516456247542e-01 5.342258158386622435e-01 3.407315154442753236e-01
2.964437351713231639e-01 4.016441953960414590e-02 6.410337906355443316e-01 4.447019553007758863e-01 9.226262468558140695e-01 5.216653715189117912e-01 3.231635225970017622e-01 5.213490719641846738e-01 3.356463304261152469e-01 2.242952240887482462e-01 5.035948640190297532e-01 9.640019137721648201e-01 5.847424513249392941e-01 1.730192830592470754e-01 1.469318276645830146e-01 5.678137672590631846e-01 7.705563241564218346e-01 3.285579364858780549e-01 9.354352025822106897e-01 7.044224328415111813e-01 1.679020266272529538e-01 3.299619834113397543e-01 8.563052992328301638e-01 2.981621614565612699e-01 5.210028409926596993e-01 4.991518758834500580e-01 0.000000000000000000e+00 6.018546655889155383e-01 4.045791709336460928e-01 6.692901732009224336e-01 5.070172540905729663e-01 5.371558829838958271e-01 3.121846521149482800e-01 6.286764107843945126e-02 7.544237913200211310e-01
4.121387543857382707e-01 3.732697358007723287e-01 7.183603147307865422e-01 7.814216588406418529e-01 7.829145720037229417e-01 3.672116302740118243e-01 8.250330502666540777e-01 6.235670722868897897e-01 8.166768885604505090e-01 6.799747166923231223e-01 4.728848577730072056e-01 4.745593318834152585e-01 6.886816963962356652e-01 5.160157545481909303e-01 6.422063564681050885e-01 7.178054682642576179e-01 4.889003923012180675e-01 1.379366820813162642e-01 6.390951859038573879e-01 8.401232647561375222e-01 3.939750315933494562e-01 6.759058493782570398e-01 4.782938558169304022e-01 3.617963668447050640e-01 6.260102230467377016e-01 5.984991697227154406e-01 6.018546655889155383e-01 0.000000000000000000e+00 5.223217982544801075e-01 5.888036270708385533e-01 4.468609059988463139e-01 7.348874573104755559e-01 4.903784144299988546e-01 6.672210010404325820e-01 5.105500544970218435e-01
2.078577668657169419e-01 7.661003054886517116e-01 4.777300470796493337e-01 4.204328936032691866e-01 2.531616835731804738e-01 7.832639312950514521e-01 7.128480774509735607e-01 9.639377459559365091e-01 9.107217038648491858e-01 7.509368932535320784e-01 2.608940501747210039e-01 2.107399034585405451e-01 8.973119118251476900e-01 7.200697214870004359e-01 4.130130422909253918e-01 8.639963031353943279e-01 8.411568119796827281e-01 6.666212722405067126e-01 8.766255590490505956e-01 8.066843325455600455e-01 2.375607660216687012e-01 4.347001905089828977e-01 6.177657636733910884e-01 4.679505647021878767e-01 7.529300526790250192e-01 8.794009537022203782e-01 4.045791709336460928e-01 5.223217982544801075e-01 0.000000000000000000e+00 7.497589714614745215e-01 5.643407529623951646e-01 4.846155640599698611e-01 7.270552161325477547e-01 7.524012348223563240e-01 6.321690043497864009e-01
6.934713490416153370e-01 5.916444901215880403e-01 7.947928934540660073e-01 1.649733861543514202e-01 4.905354722422672342e-01 4.459559006859797337e-01 2.646417130122645234e-01 7.125247248728618921e-01 5.441178008572409297e-01 7.740622492662626586e-01 8.920961134183593710e-01 6.678831415739476807e-01 3.296149019222101018e-01 8.165029915194487176e-01 8.143344285738448596e-01 2.817550928910141916e-01 4.377716930598071765e-01 4.386761785217073162e-01 4.718245956265614272e-01 4.900999135708665744e-01 6.332334165909625501e-01 5.250548848808158642e-01 7.786683938241090175e-02 9.333009769666191779e-01 5.889443534280425219e-02 7.762697423938598185e-01 6.692901732009224336e-01 5.888036270708385533e-01 7.497589714614745215e-01 0.000000000000000000e+00 7.293698798731039767e-01 5.574496900176426628e-01 7.082556510826931717e-01 5.598582871800028560e-01 1.795799629875820536e-01
5.164914499840063122e-01 5.350725645346398052e-01 8.799018987989130069e-01 3.676631445902896478e-01 5.164313450244490955e-01 8.577118467750119990e-01 8.062183194540111231e-01 7.234354869119825615e-01 8.846169204139149311e-01 7.063773350176223431e-01 7.627037938974448039e-01 7.616918521057627345e-01 6.340636327373205816e-01 7.861411792009735944e-01 5.333979370210635285e-01 7.531172802128858201e-01 9.420920621542043794e-01 5.919311177629480447e-01 4.893771949642223285e-01 8.425264076236245181e-01 8.434227297508203325e-01 1.122275414029766938e-01 8.020878267584435894e-01 2.579571333668879696e-01 4.050145004442725627e-01 4.820071158826662594e-01 5.070172540905729663e-01 4.468609059988463139e-01 5.643407529623951646e-01 7.293698798731039767e-01 0.000000000000000000e+00 6.814042665954576083e-01 8.502626630839429378e-01 4.029638416716073701e-01 8.235648170148414104e-01
6.852735891281195313e-01 3.658267350748058977e-01 2.064570836546056887e-01 7.239178040900107192e-01 8.308548856947366446e-01 4.798841210389271916e-01 2.648098767836004619e-01 4.169499761752970546e-01 8.582489512807309762e-01 5.190915897257000200e-01 6.782879796203983291e-01 4.208685133590370220e-01 4.448351041671829709e-01 3.982646767791029885e-01 5.415509530056480392e-01 6.982261641435359989e-01 9.382222741155313850e-01 5.234909407041691276e-01 3.887545145153745163e-01 5.926526688139067689e-01 5.550311283645590343e-01 8.643453636768858583e-01 1.005519537272547836e-01 4.654988852396140797e-01 6.469007632356872373e-01 8.927782277712315029e-01 5.371558829838958271e-01 7.348874573104755559e-01 4.846155640599698611e-01 5.574496900176426628e-01 6.814042665954576083e-01 0.000000000000000000e+00 9.567356356914747950e-01 4.358451274395892527e-01 4.662600304339667434e-01
2.210986198785310497e-01 4.123548993391186746e-01 5.521530347321164101e-01 8.676134716610908182e-01 2.910087172011799339e-01 7.858305128820777252e-01 5.712225784557245500e-01 8.053977754177177317e-02 6.574798424349319603e-01 9.098066753034304011e-01 6.326468621374879975e-01 7.678766660572575731e-01 4.467559489594955524e-01 7.892466286470682935e-01 6.428550895558897693e-01 5.189584685264365671e-01 3.356383510779733514e-01 5.433781145807659030e-01 4.845625624224971228e-01 7.638855384439569018e-01 3.734779093264559702e-01 4.398243058474652911e-01 8.653389641003572663e-02 4.717786894867740388e-01 9.632318079783552811e-01 6.916709516456247542e-01 3.121846521149482800e-01 4.903784144299988546e-01 7.270552161325477547e-01 7.082556510826931717e-01 8.502626630839429378e-01 9.567356356914747950e-01 0.000000000000000000e+00 1.788674806144657792e-01 8.468095416410514886e-02
8.019313684570447132e-01 4.873038277843901311e-01 4.473138285467665454e-01 8.155806353474226444e-01 8.041887677522692179e-01 2.211960733322482775e-01 4.720716674017860215e-01 6.000651614402745526e-01 6.513528971753825836e-01 5.880838949965903062e-01 5.633645569691688726e-01 2.688161043675875717e-01 5.126445704620995469e-01 5.238862974373559300e-01 9.374657995277055900e-01 6.185877305946878568e-01 8.444451715512715229e-01 8.473973781538073347e-01 6.318737302252457333e-01 1.853863471655776696e-01 4.378379791737751492e-01 5.262177511451484602e-01 5.108724843762595391e-01 5.705274619603626363e-01 3.128807021013957912e-01 5.342258158386622435e-01 6.286764107843945126e-02 6.672210010404325820e-01 7.524012348223563240e-01 5.598582871800028560e-01 4.029638416716073701e-01 4.358451274395892527e-01 1.788674806144657792e-01 0.000000000000000000e+00 1.903675690407597987e-01
3.173740694067384571e-01 6.647702783380003977e-01 1.707532538965352842e-01 3.377261979970895833e-01 3.683472437891076035e-01 4.950313726920453905e-01 8.331961182447655823e-01 5.316172642881389354e-01 7.496151931132413182e-01 6.808022918526517309e-01 7.247574733499227984e-01 4.396660401045488498e-01 3.060738496578890855e-01 2.100839873323909757e-01 4.719465715431528929e-01 2.450901169092562504e-01 4.038015890692755461e-01 7.622755935024030371e-01 5.839473335325633396e-01 6.503641369315744658e-01 2.155398705882358712e-01 6.596924093253673238e-01 6.980937357879020144e-01 6.512270845912646600e-01 5.283357626258945450e-01 3.407315154442753236e-01 7.544237913200211310e-01 5.105500544970218435e-01 6.321690043497864009e-01 1.795799629875820536e-01 8.235648170148414104e-01 4.662600304339667434e-01 8.468095416410514886e-02 1.903675690407597987e-01 0.000000000000000000e+00
