0.000000000000000000e+00 7.840977599225711359e-01 4.326383945507210615e-01 5.481002236387814142e-01 7.898601011589553300e-01 2.927138284758807885e-01 7.236705262180651577e-01 2.465822634272228364e-01 3.572461117975672118e-01 1.608798210041144650e-01 5.728936938631343789e-01 5.676277134413103553e-01 6.791499187096947665e-01 8.037741124130195480e-01 3.494575792131073833e-01 5.569384544050777208e-01 5.059408478423721434e-01 2.928887859932722826e-01 4.519174231274886155e-01 2.004494727897100370e-01 6.171236277634668532e-01 6.827959691491940486e-01 3.256909693138963502e-01 5.662683926708080850e-01 8.276830359251857727e-01 3.875470932999942608e-01 8.464792209298952486e-01 8.194765275227536838e-01 6.666340689789731488e-01 3.552195062978472095e-01 4.018424054780357357e-01 5.443664319182229816e-01 6.241898194316198856e-01 5.748042654896101666e-01 7.544673463375526357e-01
7.840977599225711359e-01 0.000000000000000000e+00 8.222406531737241897e-01 2.048176337086771159e-02 6.966008061051105482e-01 4.986180087960410123e-01 7.452262253863711772e-01 8.376485537160507366e-01 4.810981976908993984e-01 7.405635142918955971e-01 6.956279435192411764e-01 6.977019311256433820e-01 1.550634651488127513e-01 7.129812384378428902e-01 4.089494116424041148e-01 5.448237618483380285e-01 3.782451412318376116e-01 5.976668432742253678e-01 2.090225088514414686e-01 5.882051883056473862e-01 4.889138624280645051e-01 5.809589058171467091e-01 8.637478198781094463e-01 6.404212996134768243e-01 3.522417586126449507e-01 6.169958120196596951e-01 4.611604075573447203e-01 4.892263779245556998e-01 9.293698595947309515e-01 2.067970562401335866e-01 8.668588661667798734e-01 2.685634617825638504e-01 4.526746224698097176e-01 3.912555759360600849e-01 3.354699629895397939e-01
4.326383945507210615e-01 8.222406531737241897e-01 0.000000000000000000e+00 3.539696274533314924e-01 3.204399720692214792e-01 4.922292627421610556e-01 5.776307838698402364e-01 7.348903411905639560e-01 7.199381902574020220e-01 5.605644835569429940e-01 6.151562225242539483e-01 9.275199380339388400e-01 6.130901853021771819e-01 5.131033123229464810e-01 4.923074479533616210e-01 2.507277321139140258e-01 2.392506418044093031e-01 4.566675736896732563e-01 5.729082475161264565e-01 4.398641730369157177e-01 8.589537038739836206e-01 8.226559675761108137e-01 5.248355017285313284e-01 7.471641656485983329e-01 8.828949925291441625e-01 7.377710535326974517e-01 4.172638956154433032e-01 4.658149783090272389e-01 2.357184443813625796e-01 9.494637227600667417e-01 8.143888357891404528e-01 1.701330605613772251e-01 6.162915643219257777e-01 6.922563524262925760e-02 7.154451651643658483e-01
5.481002236387814142e-01 2.048176337086771159e-02 3.539696274533314924e-01 0.000000000000000000e+00 3.599840888954708440e-01 4.868127326140742062e-01 5.677183368215935610e-01 2.968275674884726101e-01 7.998924573682870687e-01 2.744816041221004310e-01 7.209787853048514883e-01 4.822774701598832037e-01 4.919296595466967070e-01 7.688528972553482221e-01 5.456253941733069102e-01 6.525570708728081204e-01 7.470935761602593983e-01 5.465485067607083192e-01 6.916846887657794873e-01 7.692986023285781627e-01 7.192182598803544824e-01 1.704432662297256096e-01 8.075849333673488228e-01 1.160877997702021158e-01 7.310000436291885784e-02 7.383805720586933408e-01 3.380912162549753464e-01 5.192819575125229292e-01 3.863846445208909408e-01 3.829326857817058061e-01 2.861533925723740435e-01 8.847822123362756308e-01 8.415062501671117801e-01 7.496220633014218926e-01 6.221244951139404122e-01
7.898601011589553300e-01 6.966008061051105482e-01 3.204399720692214792e-01 3.599840888954708440e-01 0.000000000000000000e+00 3.398526723558443763e-01 8.109666532885460022e-01 4.973037785558929169e-01 3.086484438334061720e-01 4.675012142439410323e-01 4.492800496101154728e-01 8.269572046739415150e-01 3.961567257746234638e-01 5.510885950022756941e-01 4.822519045495218259e-01 9.074161143998562551e-01 9.746021199607526331e-01 7.646769194079952037e-01 5.137141428544613753e-01 5.003011307972278221e-01 7.267845941840385127e-01 4.948429601149668122e-01 8.122972885732240300e-01 6.546733748288734445e-01 5.023208766137384762e-01 5.026815955494857713e-01 4.450008073635551287e-01 3.342012638986284756e-01 5.790116637242104236e-01 5.386194598855403859e-01 7.555306962898290513e-01 5.408174065212797421e-01 8.068460366217791169e-01 8.976733378560806109e-01 3.348427420379948005e-01
2.927138284758807885e-01 4.986180087960410123e-01 4.922292627421610556e-01 4.868127326140742062e-01 3.398526723558443763e-01 0.000000000000000000e+00 2.965730388086300073e-01 1.988991009645724173e-01 5.187107512108282137e-01 8.178380178390110000e-01 8.099729583002306388e-01 3.896853619140971947e-02 7.276366755564709354e-01 6.139715851360963983e-01 5.119906889412337847e-01 5.522060357005154074e-01 9.536213774064795645e-01 3.109580289638311235e-01 2.637263031222825127e-02 8.449460312734902168e-01 4.852399044002199680e-01 7.490855364506154856e-01 6.177608925065499745e-01 6.548069445323070337e-01 5.541448722299697760e-01 7.148915871758563245e-01 3.126521582657960652e-01 6.039025142884449915e-01 7.897356789529257348e-01 4.803535613157782769e-01 4.759755664173425660e-01 6.677596962732295083e-01 8.383728587605547844e-01 5.263329496229484095e-01 7.579474406942247056e-01
7.236705262180651577e-01 7.452262253863711772e-01 5.776307838698402364e-01 5.677183368215935610e-01 8.109666532885460022e-01 2.965730388086300073e-01 0.000000000000000000e+00 6.296454389275339958e-01 4.772142008897826138e-01 3.741080428191893570e-01 1.872012939783196384e-01 5.827699653009871250e-01 1.036697404342635798e-01 4.141353972583463605e-01 6.092564554987593972e-01 1.442561979287250162e-01 2.139085480257097993e-01 6.422935822368629477e-01 7.919969649028573144e-01 7.774130702982214869e-01 4.744292359347815347e-01 7.465190339988769797e-02 5.959686249129232394e-01 9.081400552573675178e-01 4.735995600263682714e-01 4.662076263774762586e-01 5.285415515900897532e-01 5.956113344128418641e-01 3.152401904239989783e-01 5.165977220934016012e-01 4.754632441839326540e-01 6.939471589246425376e-01 8.198739683481636176e-01 4.649818647855454290e-01 2.593528858771387835e-01
2.465822634272228364e-01 8.376485537160507366e-01 7.348903411905639560e-01 2.968275674884726101e-01 4.973037785558929169e-01 1.988991009645724173e-01 6.296454389275339958e-01 0.000000000000000000e+00 2.017801066909301611e-01 8.525471860151150327e-01 5.879608633014712371e-01 3.836673493873121732e-01 4.370941263685990119e-01 2.208452947200476579e-01 6.821949480022790890e-01 5.177740064853617596e-01 8.199175839894090601e-01 8.736345253824587820e-01 7.895936978557644981e-01 5.770770721024959249e-01 4.359785935888315089e-01 4.387277804214799737e-01 3.215820277538252725e-01 7.076528859651515235e-01 4.541753477671011119e-01 5.172645601126801829e-01 8.385945961724883269e-02 6.305788842657775728e-01 3.253362250625799201e-01 4.537579883882680853e-01 6.581778323524936081e-01 7.486554957061402060e-01 9.356412381662060351e-01 4.539079425660187406e-01 4.940239072207723847e-01
3.572461117975672118e-01 4.810981976908993984e-01 7.199381902574020220e-01 7.998924573682870687e-01 3.086484438334061720e-01 5.187107512108282137e-01 4.772142008897826138e-01 2.017801066909301611e-01 0.000000000000000000e+00 7.413179242955005854e-01 3.343661198178159433e-01 3.670899851299604943e-01 7.485548791307697902e-01 7.325818324629420619e-01 1.935972271239033704e-01 5.937744899371470986e-01 8.461209418991166853e-01 7.674469546497009187e-01 4.629283658549361302e-01 4.175705024662504927e-01 4.374621094422826428e-01 5.211193604091748366e-01 4.697864873862218071e-01 5.389808304678912476e-01 7.779288514804452159e-01 4.581810589140409840e-01 5.920800046037423270e-01 8.420942828087861765e-01 5.902908858231945555e-01 3.371324326123910642e-01 3.864830412004798266e-01 8.890899699627213826e-01 4.147987953690052132e-01 5.332222610388296369e-01 6.596867786016138435e-01
1.608798210041144650e-01 7.405635142918955971e-01 5.605644835569429940e-01 2.744816041221004310e-01 4.675012142439410323e-01 8.178380178390110000e-01 3.741080428191893570e-01 8.525471860151150327e-01 7.413179242955005854e-01 0.000000000000000000e+00 2.821574419324691663e-01 7.107893308659685161e-01 4.119968648677281298e-01 5.030385687537317629e-01 3.774193908706390266e-01 6.399748502959662355e-01 8.066192035626479351e-01 7.055084573831859052e-01 5.445515115065437950e-01 3.701618246337390894e-01 6.715593640539370135e-01 6.253934228592822331e-01 5.126183431982237471e-01 2.875382819283083258e-01 5.079249842019337713e-01 7.543568248301857349e-01 4.370591809737152111e-01 7.866558905176943561e-01 2.081684323047964247e-01 8.668992632435886803e-01 5.634627493009969346e-01 5.029096543452662438e-01 4.804654001479314873e-01 5.642538734912356801e-01 1.372697090332073433e-01
5.728936938631343789e-01 6.956279435192411764e-01 6.151562225242539483e-01 7.209787853048514883e-01 4.492800496101154728e-01 8.099729583002306388e-01 1.872012939783196384e-01 5.879608633014712371e-01 3.343661198178159433e-01 2.821574419324691663e-01 0.000000000000000000e+00 7.566479177809311008e-01 7.941069182489195466e-01 3.595018083000701692e-01 6.002201444483380444e-01 9.045997753063462765e-01 7.335950329203604348e-01 7.665028067374859422e-01 4.818747944966674246e-01 8.430701631737628210e-01 7.387631578843414371e-01 8.195061819005291515e-01 8.613824126175519957e-01 3.176734992995627338e-01 4.658259033053120945e-01 7.761123275236955221e-01 4.170861831879477677e-01 3.808179704301973834e-01 4.565601898638420031e-01 6.487314030309013768e-01 1.227434373935784029e-01 7.488504036932125407e-01 8.743102885418475578e-01 8.187731790711356705e-01 6.288629797688368717e-01
5.676277134413103553e-01 6.977019311256433820e-01 9.275199380339388400e-01 4.822774701598832037e-01 8.269572046739415150e-01 3.896853619140971947e-02 5.827699653009871250e-01 3.836673493873121732e-01 3.670899851299604943e-01 7.107893308659685161e-01 7.566479177809311008e-01 0.000000000000000000e+00 4.785720396314927516e-01 2.741741520474315630e-01 3.720138288982140495e-01 2.223057994942653215e-01 8.162272716272752637e-01 8.390133695513175560e-01 7.398995766391371909e-01 4.208792723911239930e-01 8.847550764587917005e-01 4.446267959722787766e-01 8.859090287752453552e-01 8.141895532849068307e-01 6.104121272932686582e-01 6.070390220617201127e-01 4.445676156978167759e-01 5.009958574820392307e-01 6.979727785157051612e-01 1.943235924913905288e-01 8.872648975574762842e-01 3.742022147012891153e-01 7.449649393233319650e-01 4.499652501018451267e-01 8.801595018595621545e-01
6.791499187096947665e-01 1.550634651488127513e-01 6.130901853021771819e-01 4.919296595466967070e-01 3.961567257746234638e-01 7.276366755564709354e-01 1.036697404342635798e-01 4.370941263685990119e-01 7.485548791307697902e-01 4.119968648677281298e-01 7.941069182489195466e-01 4.785720396314927516e-01 0.000000000000000000e+00 8.916670547426241988e-01 3.927566817279555256e-01 4.127046814824461562e-01 6.493759111284100882e-01 4.322861012746979648e-01 1.305393373107441857e-01 4.688556935182170982e-01 4.335154983358678882e-01 3.190877606162382252e-01 3.645472778277484838e-01 6.752707995625308879e-01 5.602504240909198518e-01 1.881974250008370819e-01 6.169893133048836020e-01 8.308070528375600672e-01 3.924169120234715091e-01 5.207652122528070304e-01 4.400767652273693820e-01 4.233003713225025888e-01 6.185406450811871126e-01 7.313823243226453830e-01 7.903570116394436074e-01
8.037741124130195480e-01 7.129812384378428902e-01 5.131033123229464810e-01 7.688528972553482221e-01 5.510885950022756941e-01 6.139715851360963983e-01 4.141353972583463605e-01 2.208452947200476579e-01 7.325818324629420619e-01 5.030385687537317629e-01 3.595018083000701692e-01 2.741741520474315630e-01 8.916670547426241988e-01 0.000000000000000000e+00 3.575420576068298328e-01 4.897387163083535278e-01 9.043598687069356323e-01 4.848309884064148090e-01 2.254446496367283892e-01 4.371992046693045086e-01 7.359307964618888587e-01 6.902771926430809613e-01 2.505674116916660754e-01 1.781070872232515256e-01 8.010982367990702180e-01 3.431747944036898090e-01 2.877375663892589031e-01 4.635243769099230970e-01 4.947926031444704331e-01 5.383877593461052768e-01 4.690220385871307074e-01 4.844895880093121332e-01 4.239182584941602050e-01 5.008845203848695249e-01 7.501033355769815003e-01
3.494575792131073833e-01 4.089494116424041148e-01 4.923074479533616210e-01 5.456253941733069102e-01 4.822519045495218259e-01 5.119906889412337847e-01 6.092564554987593972e-01 6.821949480022790890e-01 1.935972271239033704e-01 3.774193908706390266e-01 6.002201444483380444e-01 3.720138288982140495e-01 3.927566817279555256e-01 3.575420576068298328e-01 0.000000000000000000e+00 5.023796322607163578e-01 3.473449453631139439e-01 4.415261545532508936e-01 6.187627287287367217e-01 1.638292715147898204e-01 7.202800202712882349e-01 3.664975138275218258e-01 2.630838555913581067e-01 3.697884223787971658e-01 7.281660156617887347e-01 4.463865439355313991e-01 5.508543020784106847e-01 8.621102844468521154e-01 6.784080906322158544e-01 7.245081328587852365e-01 4.661080105466090528e-01 7.596546865926738779e-01 2.349462862414818387e-01 8.812056164070480868e-01 4.729458060882221204e-01
5.569384544050777208e-01 5.448237618483380285e-01 2.507277321139140258e-01 6.525570708728081204e-01 9.074161143998562551e-01 5.522060357005154074e-01 1.442561979287250162e-01 5.177740064853617596e-01 5.937744899371470986e-01 6.399748502959662355e-01 9.045997753063462765e-01 2.223057994942653215e-01 4.127046814824461562e-01 4.897387163083535278e-01 5.023796322607163578e-01 0.000000000000000000e+00 4.732857873523092507e-01 4.219821223569009683e-01 5.635656626919103296e-01 7.672769668137713328e-01 5.152543598513644740e-01 5.912358724781211494e-01 2.767993935046008103e-01 7.414535453128545672e-01 4.153673656010477000e-01 6.275372115674533458e-01 3.738743318438285113e-01 4.011187204449166988e-01 3.548557378747816959e-01 2.694787328345263910e-01 1.580074462820790782e-01 5.025487944159856557e-01 8.380732905263132970e-01 4.243124383645523467e-01 8.356138306299216723e-01
5.059408478423721434e-01 3.782451412318376116e-01 2.392506418044093031e-01 7.470935761602593983e-01 9.746021199607526331e-01 9.536213774064795645e-01 2.139085480257097993e-01 8.199175839894090601e-01 8.461209418991166853e-01 8.066192035626479351e-01 7.335950329203604348e-01 8.162272716272752637e-01 6.493759111284100882e-01 9.043598687069356323e-01 3.473449453631139439e-01 4.732857873523092507e-01 0.000000000000000000e+00 9.765691685716769710e-01 5.391930966249403046e-01 4.562710134131324202e-01 2.982974846638282163e-01 3.881136623828800314e-01 6.274529468370754204e-01 7.444284736195432295e-01 3.469085492633336987e-01 4.065071952392945165e-01 3.616216370307848149e-01 6.117707238511959078e-01 8.638547677974162120e-01 7.371408676823508754e-01 4.371240652340577237e-01 1.836382193993920664e-01 7.395002890157813535e-01 8.570408666707531875e-01 5.180461457996365926e-01
2.928887859932722826e-01 5.976668432742253678e-01 4.566675736896732563e-01 5.465485067607083192e-01 7.646769194079952037e-01 3.109580289638311235e-01 6.422935822368629477e-01 8.736345253824587820e-01 7.674469546497009187e-01 7.055084573831859052e-01 7.665028067374859422e-01 8.390133695513175560e-01 4.322861012746979648e-01 4.848309884064148090e-01 4.415261545532508936e-01 4.219821223569009683e-01 9.765691685716769710e-01 0.000000000000000000e+00 7.604782387640762753e-01 5.774873512603568848e-01 7.853808595641087464e-02 6.841158932809308091e-01 8.326612954080667706e-01 5.559571568210822656e-01 7.594524881299737906e-01 4.298738100961237985e-01 5.161079843795713940e-01 8.478456243856316021e-01 8.577923761419817827e-01 5.605069180236844639e-01 9.359859379879629238e-01 4.272175241288099778e-01 5.808843042006346380e-01 1.935179281341179447e-01 3.344283777001248459e-01
4.519174231274886155e-01 2.090225088514414686e-01 5.729082475161264565e-01 6.916846887657794873e-01 5.137141428544613753e-01 2.637263031222825127e-02 7.919969649028573144e-01 7.895936978557644981e-01 4.629283658549361302e-01 5.445515115065437950e-01 4.818747944966674246e-01 7.398995766391371909e-01 1.305393373107441857e-01 2.254446496367283892e-01 6.187627287287367217e-01 5.635656626919103296e-01 5.391930966249403046e-01 7.604782387640762753e-01 0.000000000000000000e+00 7.418202731848115850e-01 7.559502296487419226e-01 9.216769145228016491e-01 4.527163129040929213e-01 3.543056339308184866e-01 1.992060577558503187e-01 5.674998585657125005e-01 7.853741763329873393e-01 4.686736392220771097e-01 2.915236069057050572e-01 5.323350589052282533e-01 6.224021291183394755e-01 3.062879435055158583e-01 7.564178439882026650e-01 3.338066287493780537e-01 3.566276951783107219e-01
2.004494727897100370e-01 5.882051883056473862e-01 4.398641730369157177e-01 7.692986023285781627e-01 5.003011307972278221e-01 8.449460312734902168e-01 7.774130702982214869e-01 5.770770721024959249e-01 4.175705024662504927e-01 3.701618246337390894e-01 8.430701631737628210e-01 4.208792723911239930e-01 4.688556935182170982e-01 4.371992046693045086e-01 1.638292715147898204e-01 7.672769668137713328e-01 4.562710134131324202e-01 5.774873512603568848e-01 7.418202731848115850e-01 0.000000000000000000e+00 3.197664029988515066e-01 1.591166148471572228e-01 5.603655442472128545e-01 1.619064125339073623e-01 7.785943381447240075e-01 1.883015590354645274e-01 3.623717317326557441e-01 3.713581106319289171e-01 7.681776089460971013e-01 5.760179937916540815e-01 6.460921837014523827e-01 9.640617573491712111e-01 6.656476901688634928e-01 6.192423839038834199e-01 4.816512175855847122e-01
6.171236277634668532e-01 4.889138624280645051e-01 8.589537038739836206e-01 7.192182598803544824e-01 7.267845941840385127e-01 4.852399044002199680e-01 4.744292359347815347e-01 4.359785935888315089e-01 4.374621094422826428e-01 6.715593640539370135e-01 7.387631578843414371e-01 8.847550764587917005e-01 4.335154983358678882e-01 7.359307964618888587e-01 7.202800202712882349e-01 5.152543598513644740e-01 2.982974846638282163e-01 7.853808595641087464e-02 7.559502296487419226e-01 3.197664029988515066e-01 0.000000000000000000e+00 8.595665045842326712e-01 6.723566837726779877e-01 6.301369551493709587e-01 8.493501385303324769e-01 8.245516971379618365e-01 6.307685331570319631e-01 2.609609558871958668e-01 3.540515014386746984e-02 2.848547706357489329e-01 1.723722263684605016e-01 5.575288920516483504e-01 6.686807816577764463e-01 4.366762946202353834e-01 3.641633078736771223e-01
6.827959691491940486e-01 5.809589058171467091e-01 8.226559675761108137e-01 1.704432662297256096e-01 4.948429601149668122e-01 7.490855364506154856e-01 7.465190339988769797e-02 4.387277804214799737e-01 5.211193604091748366e-01 6.253934228592822331e-01 8.195061819005291515e-01 4.446267959722787766e-01 3.190877606162382252e-01 6.902771926430809613e-01 3.664975138275218258e-01 5.912358724781211494e-01 3.881136623828800314e-01 6.841158932809308091e-01 9.216769145228016491e-01 1.591166148471572228e-01 8.595665045842326712e-01 0.000000000000000000e+00 5.493454695077124583e-01 6.011142975240315600e-01 3.715611697643970146e-01 6.548010730503550647e-01 4.851084404883021506e-03 7.553699186212819994e-01 3.334272502795802562e-01 8.470833470908976093e-01 7.986746341697181784e-01 5.254361292093117086e-01 4.448751198602659551e-01 4.972294405967887521e-01 9.356716504921757105e-01
3.256909693138963502e-01 8.637478198781094463e-01 5.248355017285313284e-01 8.075849333673488228e-01 8.122972885732240300e-01 6.177608925065499745e-01 5.959686249129232394e-01 3.215820277538252725e-01 4.697864873862218071e-01 5.126183431982237471e-01 8.613824126175519957e-01 8.859090287752453552e-01 3.645472778277484838e-01 2.505674116916660754e-01 2.630838555913581067e-01 2.767993935046008103e-01 6.274529468370754204e-01 8.326612954080667706e-01 4.527163129040929213e-01 5.603655442472128545e-01 6.723566837726779877e-01 5.493454695077124583e-01 0.000000000000000000e+00 5.287131016276933604e-01 8.277933857989200339e-01 7.257674880642346338e-01 6.339491707121465147e-01 4.737441139966384052e-01 4.656793943746218578e-01 4.677989282144965344e-01 7.061711395918517375e-01 4.954138121207933843e-01 7.117296944180022678e-01 6.539237503728738687e-01 8.950749638141630715e-01
5.662683926708080850e-01 6.404212996134768243e-01 7.471641656485983329e-01 1.160877997702021158e-01 6.546733748288734445e-01 6.548069445323070337e-01 9.081400552573675178e-01 7.076528859651515235e-01 5.389808304678912476e-01 2.875382819283083258e-01 3.176734992995627338e-01 8.141895532849068307e-01 6.752707995625308879e-01 1.781070872232515256e-01 3.697884223787971658e-01 7.414535453128545672e-01 7.444284736195432295e-01 5.559571568210822656e-01 3.543056339308184866e-01 1.619064125339073623e-01 6.301369551493709587e-01 6.011142975240315600e-01 5.287131016276933604e-01 0.000000000000000000e+00 2.963713887506820299e-01 6.611594001791633035e-01 4.121669131702955235e-01 5.044557807603098354e-01 7.533907155659792521e-01 5.397993073179498946e-01 4.329017809829881491e-01 5.400886100889736863e-01 2.434563191924735137e-01 5.982587176537356166e-01 7.281261805733010295e-01
8.276830359251857727e-01 3.522417586126449507e-01 8.828949925291441625e-01 7.310000436291885784e-02 5.023208766137384762e-01 5.541448722299697760e-01 4.735995600263682714e-01 4.541753477671011119e-01 7.779288514804452159e-01 5.079249842019337713e-01 4.658259033053120945e-01 6.104121272932686582e-01 5.602504240909198518e-01 8.010982367990702180e-01 7.281660156617887347e-01 4.153673656010477000e-01 3.469085492633336987e-01 7.594524881299737906e-01 1.992060577558503187e-01 7.785943381447240075e-01 8.493501385303324769e-01 3.715611697643970146e-01 8.277933857989200339e-01 2.963713887506820299e-01 0.000000000000000000e+00 5.860676867493739284e-01 5.043560856973089424e-01 3.675534223197599593e-01 4.364972391733801804e-01 7.968399087341702103e-01 5.866228464566071166e-01 7.254109806077921885e-01 9.044084353381104391e-01 5.593279291270260023e-01 4.811836886619795250e-01
3.875470932999942608e-01 6.169958120196596951e-01 7.377710535326974517e-01 7.383805720586933408e-01 5.026815955494857713e-01 7.148915871758563245e-01 4.662076263774762586e-01 5.172645601126801829e-01 4.581810589140409840e-01 7.543568248301857349e-01 7.761123275236955221e-01 6.070390220617201127e-01 1.881974250008370819e-01 3.431747944036898090e-01 4.463865439355313991e-01 6.275372115674533458e-01 4.065071952392945165e-01 4.298738100961237985e-01 5.674998585657125005e-01 1.883015590354645274e-01 8.245516971379618365e-01 6.548010730503550647e-01 7.257674880642346338e-01 6.611594001791633035e-01 5.860676867493739284e-01 0.000000000000000000e+00 8.024344104400387145e-01 8.587871459500806548e-01 6.112916783488133721e-01 6.506465385176883887e-01 2.092762370960236096e-01 1.281762270613110433e-01 8.478032091597832443e-01 3.178532110401992572e-01 7.505245542548029114e-01
8.464792209298952486e-01 4.611604075573447203e-01 4.172638956154433032e-01 3.380912162549753464e-01 4.450008073635551287e-01 3.126521582657960652e-01 5.285415515900897532e-01 8.385945961724883269e-02 5.920800046037423270e-01 4.370591809737152111e-01 4.170861831879477677e-01 4.445676156978167759e-01 6.169893133048836020e-01 2.877375663892589031e-01 5.508543020784106847e-01 3.738743318438285113e-01 3.616216370307848149e-01 5.161079843795713940e-01 7.853741763329873393e-01 3.623717317326557441e-01 6.307685331570319631e-01 4.851084404883021506e-03 6.339491707121465147e-01 4.121669131702955235e-01 5.043560856973089424e-01 8.024344104400387145e-01 0.000000000000000000e+00 6.436724988770223810e-01 7.632025949578878921e-01 9.013532963338204418e-01 3.981056776339692016e-01 5.571614371992961168e-02 1.319590127253913447e-01 4.753053029297178433e-01 2.599065186351148249e-01
8.194765275227536838e-01 4.892263779245556998e-01 4.658149783090272389e-01 5.192819575125229292e-01 3.342012638986284756e-01 6.039025142884449915e-01 5.956113344128418641e-01 6.305788842657775728e-01 8.420942828087861765e-01 7.866558905176943561e-01 3.808179704301973834e-01 5.009958574820392307e-01 8.308070528375600672e-01 4.635243769099230970e-01 8.621102844468521154e-01 4.011187204449166988e-01 6.117707238511959078e-01 8.478456243856316021e-01 4.686736392220771097e-01 3.713581106319289171e-01 2.609609558871958668e-01 7.553699186212819994e-01 4.737441139966384052e-01 5.044557807603098354e-01 3.675534223197599593e-01 8.587871459500806548e-01 6.436724988770223810e-01 0.000000000000000000e+00 6.904694494154691720e-01 2.318506532134961828e-01 1.810825721178744296e-01 6.358689033591915507e-01 3.022861759630135481e-01 1.518294659398913282e-01 5.728689195005063350e-01
6.666340689789731488e-01 9.293698595947309515e-01 2.357184443813625796e-01 3.863846445208909408e-01 5.790116637242104236e-01 7.897356789529257348e-01 3.152401904239989783e-01 3.253362250625799201e-01 5.902908858231945555e-01 2.081684323047964247e-01 4.565601898638420031e-01 6.979727785157051612e-01 3.924169120234715091e-01 4.947926031444704331e-01 6.784080906322158544e-01 3.548557378747816959e-01 8.638547677974162120e-01 8.577923761419817827e-01 2.915236069057050572e-01 7.681776089460971013e-01 3.540515014386746984e-02 3.334272502795802562e-01 4.656793943746218578e-01 7.533907155659792521e-01 4.364972391733801804e-01 6.112916783488133721e-01 7.632025949578878921e-01 6.904694494154691720e-01 0.000000000000000000e+00 9.076324615176956101e-01 9.862811451080644165e-02 9.138318901004851558e-01 2.126570629674691681e-01 6.476836245815086324e-01 6.943981366102868202e-01
3.552195062978472095e-01 2.067970562401335866e-01 9.494637227600667417e-01 3.829326857817058061e-01 5.386194598855403859e-01 4.803535613157782769e-01 5.165977220934016012e-01 4.537579883882680853e-01 3.371324326123910642e-01 8.668992632435886803e-01 6.487314030309013768e-01 1.943235924913905288e-01 5.207652122528070304e-01 5.383877593461052768e-01 7.245081328587852365e-01 2.694787328345263910e-01 7.371408676823508754e-01 5.605069180236844639e-01 5.323350589052282533e-01 5.760179937916540815e-01 2.848547706357489329e-01 8.470833470908976093e-01 4.677989282144965344e-01 5.397993073179498946e-01 7.968399087341702103e-01 6.506465385176883887e-01 9.013532963338204418e-01 2.318506532134961828e-01 9.076324615176956101e-01 0.000000000000000000e+00 5.138137494749326351e-01 8.756172893681354319e-01 7.251809163851103968e-01 6.871151344638682934e-01 2.539288450414847187e-01
4.018424054780357357e-01 8.668588661667798734e-01 8.143888357891404528e-01 2.861533925723740435e-01 7.555306962898290513e-01 4.759755664173425660e-01 4.754632441839326540e-01 6.581778323524936081e-01 3.864830412004798266e-01 5.634627493009969346e-01 1.227434373935784029e-01 8.872648975574762842e-01 4.400767652273693820e-01 4.690220385871307074e-01 4.661080105466090528e-01 1.580074462820790782e-01 4.371240652340577237e-01 9.359859379879629238e-01 6.224021291183394755e-01 6.460921837014523827e-01 1.723722263684605016e-01 7.986746341697181784e-01 7.061711395918517375e-01 4.329017809829881491e-01 5.866228464566071166e-01 2.092762370960236096e-01 3.981056776339692016e-01 1.810825721178744296e-01 9.862811451080644165e-02 5.138137494749326351e-01 0.000000000000000000e+00 7.588472004325725884e-01 4.294468939830282661e-01 7.722181787151087828e-01 5.512752985212727719e-01
5.443664319182229816e-01 2.685634617825638504e-01 1.701330605613772251e-01 8.847822123362756308e-01 5.408174065212797421e-01 6.677596962732295083e-01 6.939471589246425376e-01 7.486554957061402060e-01 8.890899699627213826e-01 5.029096543452662438e-01 7.488504036932125407e-01 3.742022147012891153e-01 4.233003713225025888e-01 4.844895880093121332e-01 7.596546865926738779e-01 5.025487944159856557e-01 1.836382193993920664e-01 4.272175241288099778e-01 3.062879435055158583e-01 9.640617573491712111e-01 5.575288920516483504e-01 5.254361292093117086e-01 4.954138121207933843e-01 5.400886100889736863e-01 7.254109806077921885e-01 1.281762270613110433e-01 5.571614371992961168e-02 6.358689033591915507e-01 9.138318901004851558e-01 8.756172893681354319e-01 7.588472004325725884e-01 0.000000000000000000e+00 9.523775018591797981e-01 6.035424546071264107e-01 5.733846152671335794e-01
6.241898194316198856e-01 4.526746224698097176e-01 6.162915643219257777e-01 8.415062501671117801e-01 8.068460366217791169e-01 8.383728587605547844e-01 8.198739683481636176e-01 9.356412381662060351e-01 4.147987953690052132e-01 4.804654001479314873e-01 8.743102885418475578e-01 7.449649393233319650e-01 6.185406450811871126e-01 4.239182584941602050e-01 2.349462862414818387e-01 8.380732905263132970e-01 7.395002890157813535e-01 5.808843042006346380e-01 7.564178439882026650e-01 6.656476901688634928e-01 6.686807816577764463e-01 4.448751198602659551e-01 7.117296944180022678e-01 2.434563191924735137e-01 9.044084353381104391e-01 8.478032091597832443e-01 1.319590127253913447e-01 3.022861759630135481e-01 2.126570629674691681e-01 7.251809163851103968e-01 4.294468939830282661e-01 9.523775018591797981e-01 0.000000000000000000e+00 4.660103827043969305e-01 5.815863154903352372e-01
5.748042654896101666e-01 3.912555759360600849e-01 6.922563524262925760e-02 7.496220633014218926e-01 8.976733378560806109e-01 5.263329496229484095e-01 4.649818647855454290e-01 4.539079425660187406e-01 5.332222610388296369e-01 5.642538734912356801e-01 8.187731790711356705e-01 4.499652501018451267e-01 7.313823243226453830e-01 5.008845203848695249e-01 8.812056164070480868e-01 4.243124383645523467e-01 8.570408666707531875e-01 1.935179281341179447e-01 3.338066287493780537e-01 6.192423839038834199e-01 4.366762946202353834e-01 4.972294405967887521e-01 6.539237503728738687e-01 5.982587176537356166e-01 5.593279291270260023e-01 3.178532110401992572e-01 4.753053029297178433e-01 1.518294659398913282e-01 6.476836245815086324e-01 6.871151344638682934e-01 7.722181787151087828e-01 6.035424546071264107e-01 4.660103827043969305e-01 0.000000000000000000e+00 4.956116109258397184e-01
7.544673463375526357e-01 3.354699629895397939e-01 7.154451651643658483e-01 6.221244951139404122e-01 3.348427420379948005e-01 7.579474406942247056e-01 2.593528858771387835e-01 4.940239072207723847e-01 6.596867786016138435e-01 1.372697090332073433e-01 6.288629797688368717e-01 8.801595018595621545e-01 7.903570116394436074e-01 7.501033355769815003e-01 4.729458060882221204e-01 8.356138306299216723e-01 5.180461457996365926e-01 3.344283777001248459e-01 3.566276951783107219e-01 4.816512175855847122e-01 3.641633078736771223e-01 9.356716504921757105e-01 8.950749638141630715e-01 7.281261805733010295e-01 4.811836886619795250e-01 7.505245542548029114e-01 2.599065186351148249e-01 5.728689195005063350e-01 6.943981366102868202e-01 2.539288450414847187e-01 5.512752985212727719e-01 5.733846152671335794e-01 5.815863154903352372e-01 4.956116109258397184e-01 0.000000000000000000e+00
