0.000000000000000000e+00 6.257452902283704432e-01 7.023293037175576403e-01 3.112492066937952995e-01 5.580764002505771426e-01 8.570936878689541238e-01 9.030886986733871469e-01 9.351154907658637550e-01 4.877952690085591847e-01 5.405968340431457353e-01 5.214532608742993292e-01 5.304057080358470788e-01 4.337336152725811411e-01 8.550104664927904441e-01 5.494212808529340686e-01 6.120714025700951799e-01 8.259012488072695612e-01 6.423740362050289754e-01 3.623716791193327680e-01 6.143880842385001095e-01 7.885956869840147210e-01 4.454541655867071959e-01 4.885969721990142123e-01 6.906862426642088604e-01 6.468182624907941047e-01 6.599264355558609463e-01 7.962701314979718781e-01 8.055310978576732950e-01 8.691461836438529875e-01 8.753859183691068413e-01 3.451956768935314779e-01 1.485606527385224807e-01 8.595464458381285588e-01 8.904838444511475881e-01 2.559738235789720262e-01
6.257452902283704432e-01 0.000000000000000000e+00 8.561194375885737839e-01 4.590725760063051331e-01 4.716260428723050846e-01 5.942111277245928358e-01 4.771695327481820237e-01 6.998507682657024720e-01 5.325406320977081887e-01 8.247343109363076685e-01 8.125906685961112874e-01 5.306312454212438467e-01 8.861937387412878175e-01 7.547607773443696377e-01 4.341380235977067570e-01 8.029492622691021264e-01 8.054799718728296032e-01 8.563166029444788663e-01 2.692205491679497964e-01 6.868834913149381993e-01 6.449634158991414123e-01 6.034606088516019096e-01 6.130781767477551103e-01 2.501883961790275501e-01 7.630598651938462762e-01 2.107584845252183925e-01 4.518035564000291715e-01 1.148165797694166157e-01 5.159002219086125107e-01 5.273216639157434216e-01 7.270612091088031192e-01 8.089102102968637187e-01 7.390419122709639410e-01 3.761871824002816500e-01 2.066109452492015386e-01
7.023293037175576403e-01 8.561194375885737839e-01 0.000000000000000000e+00 7.037542638151181862e-01 5.440719683429384723e-01 2.196033813944752167e-01 6.460528193883614545e-01 7.109158442733836125e-01 3.900345293935509328e-01 4.443798771660335545e-01 2.323818729123308113e-01 7.080975423111177669e-01 4.925477889566728940e-01 4.328894885195507802e-01 7.556648645077979065e-01 4.319846217189640125e-01 5.140362377040383901e-01 5.760084826813349768e-01 8.328558928053746424e-01 7.966552143866724167e-01 8.333537629229497146e-01 2.619049894008791401e-01 4.011036272823657045e-01 8.880534248648193074e-01 7.988228910528715199e-01 3.741534401506464436e-01 6.218791566134742599e-01 7.968239810457299344e-01 8.740329381103039141e-01 6.489029546453379815e-01 9.113375301217493396e-01 4.575780181598273488e-01 5.561329973074424782e-02 4.430471911531356777e-01 3.699091236863079057e-01
3.112492066937952995e-01 4.590725760063051331e-01 7.037542638151181862e-01 0.000000000000000000e+00 5.433866071275850196e-02 8.526310135599647344e-01 6.938154891908077104e-01 6.616982485664703040e-01 3.642423715425866515e-01 3.228436673034598137e-01 3.189774094230682921e-01 7.440657649983143385e-01 4.729632180961400034e-01 6.853807125751251172e-01 1.498307912951875043e-01 5.658581604673472709e-01 3.530892647002973894e-01 1.737073336806254087e-01 5.101515615125087333e-01 4.936540503661079882e-02 6.906791332388872995e-01 5.414515635703438523e-01 6.601770448621034904e-01 4.772523909938118925e-01 7.246770062064287199e-01 4.994479568725610497e-01 1.419145042608194740e-01 4.555928507236195468e-01 3.754704481212732814e-01 3.805483583354515309e-01 4.738452717595760255e-01 4.916071635628272429e-01 3.235213095269274808e-01 9.193010842888660328e-01 9.233341058116348865e-01
5.580764002505771426e-01 4.716260428723050846e-01 5.440719683429384723e-01 5.433866071275850196e-02 0.000000000000000000e+00 5.869711886969287695e-01 5.969055346796936501e-01 5.536401539001862826e-01 5.940106267582795363e-01 8.994240761057004097e-01 8.690013044800706243e-01 7.519937882080045544e-01 6.355431251907561752e-01 4.059097240004973517e-01 4.884234532027613152e-01 7.216179997450478112e-02 5.132858769893654527e-01 8.991278176160375502e-01 3.233765289339053939e-01 7.885627293413304262e-01 6.930973029239171357e-01 3.796632927815560277e-01 5.764844210500877919e-01 8.155526566691360113e-01 7.234497130417201216e-01 8.670097642812542027e-01 5.811764806842558695e-01 5.393503499975103033e-01 9.845875407408832825e-01 6.296710342980746944e-01 4.298671944214674245e-01 2.559422736764155326e-01 3.016177334628433737e-02 9.766570637294123003e-01 7.126526091879992197e-01
8.570936878689541238e-01 5.942111277245928358e-01 2.196033813944752167e-01 8.526310135599647344e-01 5.869711886969287695e-01 0.000000000000000000e+00 8.343251573301768698e-02 5.136749477753830284e-01 6.084831535686494597e-01 4.660578579788650089e-01 3.106952320920836064e-01 1.217610719734607549e-01 9.605853684265337478e-01 4.025635218310785746e-02 6.284955142588701804e-01 7.222131302068477421e-01 4.963790391830635862e-01 8.793124045633129438e-01 5.716731903891247857e-01 7.990352389450876558e-01 8.957436286395916714e-01 7.271816334662448700e-01 6.474100439374145255e-01 6.921109357486937563e-01 1.126283085204051737e-01 4.372342145390756829e-01 6.571193900691862932e-01 2.977489568471346493e-01 2.385109945208069293e-01 9.050752925091625212e-01 5.509423535525554971e-01 1.380374782340876294e-02 4.318791772596795031e-01 4.234442280593715968e-01 2.503723498172858997e-01
9.030886986733871469e-01 4.771695327481820237e-01 6.460528193883614545e-01 6.938154891908077104e-01 5.969055346796936501e-01 8.343251573301768698e-02 0.000000000000000000e+00 7.781139508963383911e-01 7.639458288879494852e-01 3.029745172901346928e-01 6.456432466128284586e-01 4.482790873686667288e-01 2.598004355456217107e-01 3.711243274623339250e-01 2.537472273803337286e-01 8.112142967537687710e-01 9.778845126573709745e-02 5.425037436799358126e-01 4.526809569434431246e-02 5.928027708658505368e-01 5.732778860225868911e-01 5.522773500201096919e-01 4.046492404463770676e-01 1.297334766164328634e-01 1.165899455341870006e-01 4.850878846351876494e-01 3.471269119797045777e-01 6.175752030510344159e-01 4.214867656650891359e-01 8.767485680953295279e-01 8.583627029955459564e-01 7.272948846274405188e-01 8.663871930520743447e-01 9.548970128912014355e-01 5.874842685332859471e-01
9.351154907658637550e-01 6.998507682657024720e-01 7.109158442733836125e-01 6.616982485664703040e-01 5.536401539001862826e-01 5.136749477753830284e-01 7.781139508963383911e-01 0.000000000000000000e+00 4.126890159789247114e-01 8.230389770965671481e-01 7.687731049348405232e-01 5.558421684400176588e-01 6.885723410205015771e-01 7.536619034433830189e-01 7.535992931660517868e-01 5.474930026001920691e-01 3.852679119753021908e-01 5.988622215831469475e-01 8.377166300087823814e-01 6.119807153163596691e-01 6.050806800137498165e-01 8.565875557066003898e-01 4.237968372583283960e-01 1.425249403621779987e-01 4.706014533302529945e-01 3.697743363000028927e-01 8.801599989950081859e-01 1.821477238806944454e-01 4.993286281108742508e-01 8.655612494383597699e-01 4.971172986634729840e-01 4.970997647198007741e-01 6.538898043223673184e-01 4.396694543464969018e-01 4.778913678586881875e-01
4.877952690085591847e-01 5.325406320977081887e-01 3.900345293935509328e-01 3.642423715425866515e-01 5.940106267582795363e-01 6.084831535686494597e-01 7.639458288879494852e-01 4.126890159789247114e-01 0.000000000000000000e+00 6.043488432111105979e-01 6.449622802901540108e-01 4.779741875563097708e-01 6.180583247445121664e-01 4.140673347593617493e-01 5.867925223381716959e-01 2.951648185499400334e-01 4.388197828925165522e-01 2.300917427649780689e-01 4.302074555727641858e-01 6.010286932424133699e-01 9.433492159686800438e-01 8.240792395117039204e-01 4.749607761728832922e-01 5.984181558034903370e-01 4.979245814417319616e-01 3.655467476426247364e-01 5.932423805927258265e-01 1.548815637755752705e-01 3.353839924847396015e-01 8.899844179160341096e-01 1.554375964174427027e-01 4.731673642539533930e-01 9.389322061228313476e-01 6.179354697831784815e-02 7.063855213158558577e-01
5.405968340431457353e-01 8.247343109363076685e-01 4.443798771660335545e-01 3.228436673034598137e-01 8.994240761057004097e-01 4.660578579788650089e-01 3.029745172901346928e-01 8.230389770965671481e-01 6.043488432111105979e-01 0.000000000000000000e+00 8.621468312810067758e-01 6.016663496795582322e-02 5.132403925806328093e-01 3.675687677760308691e-01 6.888661845111104798e-01 7.444300112695423355e-01 3.358881456599129844e-01 7.708808526468007294e-01 7.193629917847398358e-01 2.934105220392871916e-01 6.953084246554848136e-01 6.833620904411372710e-01 8.048059900640787134e-01 9.160072243028172245e-01 5.725015811211321415e-01 5.667763475627789482e-01 8.553011871845334069e-01 7.067624345128624697e-01 9.174930616227072733e-01 1.477223634366273686e-01 6.906665997170196025e-01 5.439479598234595592e-01 7.976687055791393810e-01 4.452586041564025598e-01 3.861675260154185940e-01
5.214532608742993292e-01 8.125906685961112874e-01 2.323818729123308113e-01 3.189774094230682921e-01 8.690013044800706243e-01 3.106952320920836064e-01 6.456432466128284586e-01 7.687731049348405232e-01 6.449622802901540108e-01 8.621468312810067758e-01 0.000000000000000000e+00 9.412430330098097153e-01 3.982870977324888262e-01 8.070107621556307231e-01 8.322496326763368923e-01 5.213358955348948998e-01 4.948816972068156850e-01 5.629957894549231234e-01 3.948737489835843495e-01 5.790867111947329837e-01 6.153720496601843282e-01 3.722445924580120025e-01 4.015672855118308515e-01 1.263700680673298660e-01 3.850343434482887961e-01 8.135786364391082159e-01 5.618259423279796660e-01 7.236481321387648880e-01 1.462351374684398575e-01 5.326319347625771972e-01 8.473442878671657574e-01 6.513437150336718329e-01 8.810573802322752002e-03 8.752074765105839482e-01 5.546807471264763034e-01
5.304057080358470788e-01 5.306312454212438467e-01 7.080975423111177669e-01 7.440657649983143385e-01 7.519937882080045544e-01 1.217610719734607549e-01 4.482790873686667288e-01 5.558421684400176588e-01 4.779741875563097708e-01 6.016663496795582322e-02 9.412430330098097153e-01 0.000000000000000000e+00 7.171035177960183304e-02 1.474466433378676111e-01 1.086514755852936442e-01 6.876916834723687533e-01 3.442384835561956846e-01 4.006623390019614650e-01 7.439864613751706601e-01 2.804299567081979250e-01 3.790945888920754792e-01 4.552577706327390894e-01 8.586338620041638059e-01 7.138212591785523253e-01 4.951956846359576447e-01 6.935439623819444899e-01 7.118588988051481881e-01 6.490989100256293609e-01 6.711291062100344096e-01 4.330021588234941321e-01 5.702722903068919713e-01 6.830521538051606001e-01 3.618321160029059902e-01 8.516398980091206550e-01 9.271514235671372006e-01
4.337336152725811411e-01 8.861937387412878175e-01 4.925477889566728940e-01 4.729632180961400034e-01 6.355431251907561752e-01 9.605853684265337478e-01 2.598004355456217107e-01 6.885723410205015771e-01 6.180583247445121664e-01 5.132403925806328093e-01 3.982870977324888262e-01 7.171035177960183304e-02 0.000000000000000000e+00 3.855182132136087403e-01 5.602243134236949418e-01 5.033754168068383938e-01 4.100632027650860101e-01 8.109708157726766009e-01 4.484196596649017152e-01 5.299538301890772685e-01 5.328908318142335787e-01 3.535328675945865751e-01 8.279854213488093695e-01 6.526198613953262395e-01 4.273547125633895827e-01 3.731785967742805576e-01 1.628779516140027583e-01 5.262817934181900359e-01 5.098523731298669759e-01 2.891338963376809401e-01 5.127241287312540585e-01 7.510446586758339205e-01 4.987677663616455481e-01 6.747385037098430072e-01 6.244397768080802713e-01
8.550104664927904441e-01 7.547607773443696377e-01 4.328894885195507802e-01 6.853807125751251172e-01 4.059097240004973517e-01 4.025635218310785746e-02 3.711243274623339250e-01 7.536619034433830189e-01 4.140673347593617493e-01 3.675687677760308691e-01 8.070107621556307231e-01 1.474466433378676111e-01 3.855182132136087403e-01 0.000000000000000000e+00 7.020120242615008888e-01 4.301089165978737028e-01 4.713616511235216300e-01 7.469113285397539492e-01 3.508286536996978455e-01 5.804046235758838490e-01 7.091070942256789689e-01 7.354197557374231309e-01 6.995439136803662805e-01 4.000235393665536043e-01 8.130240701403609327e-01 7.323728195684567899e-01 5.267973761248458953e-01 4.170972421162962851e-01 3.879499629902176117e-01 4.038671025129503267e-01 3.965950616682255570e-01 4.978045547869076048e-01 9.246434578226101486e-01 3.839681720069891280e-01 1.903506184021812597e-01
5.494212808529340686e-01 4.341380235977067570e-01 7.556648645077979065e-01 1.498307912951875043e-01 4.884234532027613152e-01 6.284955142588701804e-01 2.537472273803337286e-01 7.535992931660517868e-01 5.867925223381716959e-01 6.888661845111104798e-01 8.322496326763368923e-01 1.086514755852936442e-01 5.602243134236949418e-01 7.020120242615008888e-01 0.000000000000000000e+00 9.600621419745648533e-01 5.907565138685557660e-01 7.994896825385724437e-01 5.426156126918724176e-01 3.765850478175827298e-01 6.284805163347958468e-01 5.885638965015407287e-01 6.598257899132586868e-01 5.438419714768600866e-01 7.382915987171927430e-01 6.300336924284785090e-01 4.344739129216346751e-01 7.857893020573726295e-01 2.840426968580207490e-01 3.590847375354157545e-01 6.843113497802284506e-01 8.507727573977481583e-01 8.977886479727006375e-01 4.529764559840953608e-01 9.737158553339317901e-01
6.120714025700951799e-01 8.029492622691021264e-01 4.319846217189640125e-01 5.658581604673472709e-01 7.216179997450478112e-02 7.222131302068477421e-01 8.112142967537687710e-01 5.474930026001920691e-01 2.951648185499400334e-01 7.444300112695423355e-01 5.213358955348948998e-01 6.876916834723687533e-01 5.033754168068383938e-01 4.301089165978737028e-01 9.600621419745648533e-01 0.000000000000000000e+00 3.097940533352446790e-01 8.804311161114435347e-01 4.099323282892262110e-01 6.782713465550640475e-01 2.854109572396034133e-01 5.031009028693069762e-01 4.227651296939097803e-01 1.090557913616008179e-01 5.327355856298896519e-01 4.562135468168393437e-01 4.595843068538066900e-01 3.792571330355850590e-01 3.996383943452369580e-01 5.269810907506452535e-01 7.630198826238403509e-01 6.121688810553365112e-01 3.589240496791057389e-02 8.630350232392681731e-01 4.340770795102522062e-02
8.259012488072695612e-01 8.054799718728296032e-01 5.140362377040383901e-01 3.530892647002973894e-01 5.132858769893654527e-01 4.963790391830635862e-01 9.778845126573709745e-02 3.852679119753021908e-01 4.388197828925165522e-01 3.358881456599129844e-01 4.948816972068156850e-01 3.442384835561956846e-01 4.100632027650860101e-01 4.713616511235216300e-01 5.907565138685557660e-01 3.097940533352446790e-01 0.000000000000000000e+00 9.724046140504453151e-01 4.734266557900138062e-01 5.491131104264526108e-01 2.631937563867117746e-01 7.187727665535501576e-01 9.453851388238191378e-01 5.645746458687440628e-01 4.686402625540419531e-01 7.543791466522529188e-01 5.945362004013456936e-01 7.448943493709954122e-01 6.485531729246698518e-01 8.047063049565990056e-01 7.561856712386292312e-01 4.748068986800893510e-01 6.628357346836599717e-01 4.692298155132899051e-01 3.012334412159192731e-01
6.423740362050289754e-01 8.563166029444788663e-01 5.760084826813349768e-01 1.737073336806254087e-01 8.991278176160375502e-01 8.793124045633129438e-01 5.425037436799358126e-01 5.988622215831469475e-01 2.300917427649780689e-01 7.708808526468007294e-01 5.629957894549231234e-01 4.006623390019614650e-01 8.109708157726766009e-01 7.469113285397539492e-01 7.994896825385724437e-01 8.804311161114435347e-01 9.724046140504453151e-01 0.000000000000000000e+00 5.750327450190111378e-01 8.318566582692422662e-01 3.295296270562091956e-01 8.023093377119856484e-01 2.438330880544371526e-01 2.788165369749592282e-01 9.779228937995494420e-01 7.305528252826620772e-01 6.580784764081584193e-01 4.964794561697437603e-01 5.619749765317887391e-01 6.003575606286825073e-01 3.004782843132134396e-01 5.021882273590383416e-01 3.103698098758975177e-01 4.103051584617262715e-01 5.207037662828621905e-01
3.623716791193327680e-01 2.692205491679497964e-01 8.328558928053746424e-01 5.101515615125087333e-01 3.233765289339053939e-01 5.716731903891247857e-01 4.526809569434431246e-02 8.377166300087823814e-01 4.302074555727641858e-01 7.193629917847398358e-01 3.948737489835843495e-01 7.439864613751706601e-01 4.484196596649017152e-01 3.508286536996978455e-01 5.426156126918724176e-01 4.099323282892262110e-01 4.734266557900138062e-01 5.750327450190111378e-01 0.000000000000000000e+00 4.855178742700353434e-01 6.802962422682229393e-01 8.482624202547357495e-01 9.601515907522500948e-01 8.365184374063920902e-01 5.373436235492736746e-01 2.972104530826428781e-01 3.999670490161629788e-01 4.590862261667748578e-01 4.436388818126297817e-01 8.688865875397664418e-01 6.329044740591730500e-01 7.702808529497280343e-01 1.877024427151587349e-01 7.646003343425546994e-01 7.082978566515988339e-01
6.143880842385001095e-01 6.868834913149381993e-01 7.966552143866724167e-01 4.936540503661079882e-02 7.885627293413304262e-01 7.990352389450876558e-01 5.928027708658505368e-01 6.119807153163596691e-01 6.010286932424133699e-01 2.934105220392871916e-01 5.790867111947329837e-01 2.804299567081979250e-01 5.299538301890772685e-01 5.804046235758838490e-01 3.765850478175827298e-01 6.782713465550640475e-01 5.491131104264526108e-01 8.318566582692422662e-01 4.855178742700353434e-01 0.000000000000000000e+00 7.414416954558069595e-01 8.915320818359202537e-01 9.012326986406222762e-01 5.177340344820395845e-01 7.789654231747935587e-01 7.110592090709716429e-01 8.142915503565265611e-01 3.627788423726220346e-01 2.942217165092115838e-01 8.905364970200964070e-01 6.765396124397913269e-01 5.060552182441876434e-01 3.087741344626935280e-01 5.300831868264845870e-01 4.832532053220796042e-01
7.885956869840147210e-01 6.449634158991414123e-01 8.333537629229497146e-01 6.906791332388872995e-01 6.930973029239171357e-01 8.957436286395916714e-01 5.732778860225868911e-01 6.050806800137498165e-01 9.433492159686800438e-01 6.953084246554848136e-01 6.153720496601843282e-01 3.790945888920754792e-01 5.328908318142335787e-01 7.091070942256789689e-01 6.284805163347958468e-01 2.854109572396034133e-01 2.631937563867117746e-01 3.295296270562091956e-01 6.802962422682229393e-01 7.414416954558069595e-01 0.000000000000000000e+00 6.874069641884500426e-02 7.384207776051321392e-01 7.222464231180331096e-01 9.336706955076709002e-01 4.996544452969690631e-01 7.517653864260844809e-01 2.441605146160388540e-01 5.656969931319182354e-01 8.015983928492469435e-01 5.103882119438230003e-01 2.131987588347224460e-01 5.048200969288563211e-01 4.098217414929347102e-01 8.401404255843387681e-01
4.454541655867071959e-01 6.034606088516019096e-01 2.619049894008791401e-01 5.414515635703438523e-01 3.796632927815560277e-01 7.271816334662448700e-01 5.522773500201096919e-01 8.565875557066003898e-01 8.240792395117039204e-01 6.833620904411372710e-01 3.722445924580120025e-01 4.552577706327390894e-01 3.535328675945865751e-01 7.354197557374231309e-01 5.885638965015407287e-01 5.031009028693069762e-01 7.187727665535501576e-01 8.023093377119856484e-01 8.482624202547357495e-01 8.915320818359202537e-01 6.874069641884500426e-02 0.000000000000000000e+00 4.346038861887848159e-01 3.564061951470522960e-01 4.331149911825538101e-01 8.996073760247856876e-01 4.667224663002734752e-01 6.029964136515186812e-01 9.750858664733852432e-01 5.668191592122742151e-01 7.560054988398580145e-01 4.190648802546879659e-01 5.071098920775470864e-01 5.169325176646673015e-01 3.020737971551953338e-01
4.885969721990142123e-01 6.130781767477551103e-01 4.011036272823657045e-01 6.601770448621034904e-01 5.764844210500877919e-01 6.474100439374145255e-01 4.046492404463770676e-01 4.237968372583283960e-01 4.749607761728832922e-01 8.048059900640787134e-01 4.015672855118308515e-01 8.586338620041638059e-01 8.279854213488093695e-01 6.995439136803662805e-01 6.598257899132586868e-01 4.227651296939097803e-01 9.453851388238191378e-01 2.438330880544371526e-01 9.601515907522500948e-01 9.012326986406222762e-01 7.384207776051321392e-01 4.346038861887848159e-01 0.000000000000000000e+00 7.474555926200674438e-01 3.729406957409066581e-01 5.470370103011393814e-01 3.437949495269986833e-01 8.160748546682947691e-01 3.603880401660158328e-01 9.614151769152112781e-02 7.771676507790674648e-01 7.071173268318324823e-01 7.511844509317507912e-01 7.070327227349784138e-01 5.222265976945396071e-01
6.906862426642088604e-01 2.501883961790275501e-01 8.880534248648193074e-01 4.772523909938118925e-01 8.155526566691360113e-01 6.921109357486937563e-01 1.297334766164328634e-01 1.425249403621779987e-01 5.984181558034903370e-01 9.160072243028172245e-01 1.263700680673298660e-01 7.138212591785523253e-01 6.526198613953262395e-01 4.000235393665536043e-01 5.438419714768600866e-01 1.090557913616008179e-01 5.645746458687440628e-01 2.788165369749592282e-01 8.365184374063920902e-01 5.177340344820395845e-01 7.222464231180331096e-01 3.564061951470522960e-01 7.474555926200674438e-01 0.000000000000000000e+00 2.255087946736097915e-01 5.973815238144184470e-01 8.712548257424346243e-02 8.907532898197298987e-01 4.055745892551269050e-01 7.544558287500147120e-01 9.610424667640591334e-01 7.920418619997988685e-01 6.913464398778372821e-01 8.091321668383750776e-01 4.132160996146753695e-01
6.468182624907941047e-01 7.630598651938462762e-01 7.988228910528715199e-01 7.246770062064287199e-01 7.234497130417201216e-01 1.126283085204051737e-01 1.165899455341870006e-01 4.706014533302529945e-01 4.979245814417319616e-01 5.725015811211321415e-01 3.850343434482887961e-01 4.951956846359576447e-01 4.273547125633895827e-01 8.130240701403609327e-01 7.382915987171927430e-01 5.327355856298896519e-01 4.686402625540419531e-01 9.779228937995494420e-01 5.373436235492736746e-01 7.789654231747935587e-01 9.336706955076709002e-01 4.331149911825538101e-01 3.729406957409066581e-01 2.255087946736097915e-01 0.000000000000000000e+00 5.386566813442086321e-01 2.989431668587683166e-01 3.732440834293255794e-01 4.884155181883433339e-01 7.385443558172595235e-01 2.465756801722200908e-01 1.448514052846803235e-01 1.272850660114092092e-01 6.447195362121240780e-01 4.220519791130006859e-01
6.599264355558609463e-01 2.107584845252183925e-01 3.741534401506464436e-01 4.994479568725610497e-01 8.670097642812542027e-01 4.372342145390756829e-01 4.850878846351876494e-01 3.697743363000028927e-01 3.655467476426247364e-01 5.667763475627789482e-01 8.135786364391082159e-01 6.935439623819444899e-01 3.731785967742805576e-01 7.323728195684567899e-01 6.300336924284785090e-01 4.562135468168393437e-01 7.543791466522529188e-01 7.305528252826620772e-01 2.972104530826428781e-01 7.110592090709716429e-01 4.996544452969690631e-01 8.996073760247856876e-01 5.470370103011393814e-01 5.973815238144184470e-01 5.386566813442086321e-01 0.000000000000000000e+00 7.537912232518761968e-02 5.914608666017777683e-01 4.490775870764628364e-01 8.013204736323067401e-01 5.181730088683074165e-01 6.604348124880692339e-01 3.734734753896910564e-01 8.648091511691288202e-01 7.188643816437156886e-01
7.962701314979718781e-01 4.518035564000291715e-01 6.218791566134742599e-01 1.419145042608194740e-01 5.811764806842558695e-01 6.571193900691862932e-01 3.471269119797045777e-01 8.801599989950081859e-01 5.932423805927258265e-01 8.553011871845334069e-01 5.618259423279796660e-01 7.118588988051481881e-01 1.628779516140027583e-01 5.267973761248458953e-01 4.344739129216346751e-01 4.595843068538066900e-01 5.945362004013456936e-01 6.580784764081584193e-01 3.999670490161629788e-01 8.142915503565265611e-01 7.517653864260844809e-01 4.667224663002734752e-01 3.437949495269986833e-01 8.712548257424346243e-02 2.989431668587683166e-01 7.537912232518761968e-02 0.000000000000000000e+00 7.025989428731131969e-01 6.492418161199901006e-01 6.682917702322905829e-01 7.438148829238540038e-01 7.633441407407495216e-01 6.042501482587402384e-01 4.458864106437864794e-01 5.963594325611997204e-01
8.055310978576732950e-01 1.148165797694166157e-01 7.968239810457299344e-01 4.555928507236195468e-01 5.393503499975103033e-01 2.977489568471346493e-01 6.175752030510344159e-01 1.821477238806944454e-01 1.548815637755752705e-01 7.067624345128624697e-01 7.236481321387648880e-01 6.490989100256293609e-01 5.262817934181900359e-01 4.170972421162962851e-01 7.857893020573726295e-01 3.792571330355850590e-01 7.448943493709954122e-01 4.964794561697437603e-01 4.590862261667748578e-01 3.627788423726220346e-01 2.441605146160388540e-01 6.029964136515186812e-01 8.160748546682947691e-01 8.907532898197298987e-01 3.732440834293255794e-01 5.914608666017777683e-01 7.025989428731131969e-01 0.000000000000000000e+00 4.458677695051128653e-01 4.273832739014445381e-01 9.390551252145707961e-01 3.590503565957121057e-01 7.548240949079831896e-01 2.005154379076783400e-01 4.019648132512334548e-01
8.691461836438529875e-01 5.159002219086125107e-01 8.740329381103039141e-01 3.754704481212732814e-01 9.845875407408832825e-01 2.385109945208069293e-01 4.214867656650891359e-01 4.993286281108742508e-01 3.353839924847396015e-01 9.174930616227072733e-01 1.462351374684398575e-01 6.711291062100344096e-01 5.098523731298669759e-01 3.879499629902176117e-01 2.840426968580207490e-01 3.996383943452369580e-01 6.485531729246698518e-01 5.619749765317887391e-01 4.436388818126297817e-01 2.942217165092115838e-01 5.656969931319182354e-01 9.750858664733852432e-01 3.603880401660158328e-01 4.055745892551269050e-01 4.884155181883433339e-01 4.490775870764628364e-01 6.492418161199901006e-01 4.458677695051128653e-01 0.000000000000000000e+00 4.263887422974125818e-01 5.571623978933284427e-01 1.761044297160058170e-01 5.998913196605355491e-01 8.067551832778063758e-01 7.070322054329203354e-01
8.753859183691068413e-01 5.273216639157434216e-01 6.489029546453379815e-01 3.805483583354515309e-01 6.296710342980746944e-01 9.050752925091625212e-01 8.767485680953295279e-01 8.655612494383597699e-01 8.899844179160341096e-01 1.477223634366273686e-01 5.326319347625771972e-01 4.330021588234941321e-01 2.891338963376809401e-01 4.038671025129503267e-01 3.590847375354157545e-01 5.269810907506452535e-01 8.047063049565990056e-01 6.003575606286825073e-01 8.688865875397664418e-01 8.905364970200964070e-01 8.015983928492469435e-01 5.668191592122742151e-01 9.614151769152112781e-02 7.544558287500147120e-01 7.385443558172595235e-01 8.013204736323067401e-01 6.682917702322905829e-01 4.273832739014445381e-01 4.263887422974125818e-01 0.000000000000000000e+00 7.153603608655431101e-01 8.122911226607110180e-01 7.632202516127304381e-01 7.418054774995543887e-01 6.825180976426836743e-02
3.451956768935314779e-01 7.270612091088031192e-01 9.113375301217493396e-01 4.738452717595760255e-01 4.298671944214674245e-01 5.509423535525554971e-01 8.583627029955459564e-01 4.971172986634729840e-01 1.554375964174427027e-01 6.906665997170196025e-01 8.473442878671657574e-01 5.702722903068919713e-01 5.127241287312540585e-01 3.965950616682255570e-01 6.843113497802284506e-01 7.630198826238403509e-01 7.561856712386292312e-01 3.004782843132134396e-01 6.329044740591730500e-01 6.765396124397913269e-01 5.103882119438230003e-01 7.560054988398580145e-01 7.771676507790674648e-01 9.610424667640591334e-01 2.465756801722200908e-01 5.181730088683074165e-01 7.438148829238540038e-01 9.390551252145707961e-01 5.571623978933284427e-01 7.153603608655431101e-01 0.000000000000000000e+00 5.156818148825973447e-01 2.038736563004917013e-02 5.812660786722486650e-01 7.447084155930978611e-01
1.485606527385224807e-01 8.089102102968637187e-01 4.575780181598273488e-01 4.916071635628272429e-01 2.559422736764155326e-01 1.380374782340876294e-02 7.272948846274405188e-01 4.970997647198007741e-01 4.731673642539533930e-01 5.439479598234595592e-01 6.513437150336718329e-01 6.830521538051606001e-01 7.510446586758339205e-01 4.978045547869076048e-01 8.507727573977481583e-01 6.121688810553365112e-01 4.748068986800893510e-01 5.021882273590383416e-01 7.702808529497280343e-01 5.060552182441876434e-01 2.131987588347224460e-01 4.190648802546879659e-01 7.071173268318324823e-01 7.920418619997988685e-01 1.448514052846803235e-01 6.604348124880692339e-01 7.633441407407495216e-01 3.590503565957121057e-01 1.761044297160058170e-01 8.122911226607110180e-01 5.156818148825973447e-01 0.000000000000000000e+00 4.527669798935122225e-01 3.951002848960248892e-01 6.849511650645179195e-01
8.595464458381285588e-01 7.390419122709639410e-01 5.561329973074424782e-02 3.235213095269274808e-01 3.016177334628433737e-02 4.318791772596795031e-01 8.663871930520743447e-01 6.538898043223673184e-01 9.389322061228313476e-01 7.976687055791393810e-01 8.810573802322752002e-03 3.618321160029059902e-01 4.987677663616455481e-01 9.246434578226101486e-01 8.977886479727006375e-01 3.589240496791057389e-02 6.628357346836599717e-01 3.103698098758975177e-01 1.877024427151587349e-01 3.087741344626935280e-01 5.048200969288563211e-01 5.071098920775470864e-01 7.511844509317507912e-01 6.913464398778372821e-01 1.272850660114092092e-01 3.734734753896910564e-01 6.042501482587402384e-01 7.548240949079831896e-01 5.998913196605355491e-01 7.632202516127304381e-01 2.038736563004917013e-02 4.527669798935122225e-01 0.000000000000000000e+00 6.034994520916643346e-01 8.995221281852572304e-01
8.904838444511475881e-01 3.761871824002816500e-01 4.430471911531356777e-01 9.193010842888660328e-01 9.766570637294123003e-01 4.234442280593715968e-01 9.548970128912014355e-01 4.396694543464969018e-01 6.179354697831784815e-02 4.452586041564025598e-01 8.752074765105839482e-01 8.516398980091206550e-01 6.747385037098430072e-01 3.839681720069891280e-01 4.529764559840953608e-01 8.630350232392681731e-01 4.692298155132899051e-01 4.103051584617262715e-01 7.646003343425546994e-01 5.300831868264845870e-01 4.098217414929347102e-01 5.169325176646673015e-01 7.070327227349784138e-01 8.091321668383750776e-01 6.447195362121240780e-01 8.648091511691288202e-01 4.458864106437864794e-01 2.005154379076783400e-01 8.067551832778063758e-01 7.418054774995543887e-01 5.812660786722486650e-01 3.951002848960248892e-01 6.034994520916643346e-01 0.000000000000000000e+00 2.707705274444014432e-01
2.559738235789720262e-01 2.066109452492015386e-01 3.699091236863079057e-01 9.233341058116348865e-01 7.126526091879992197e-01 2.503723498172858997e-01 5.874842685332859471e-01 4.778913678586881875e-01 7.063855213158558577e-01 3.861675260154185940e-01 5.546807471264763034e-01 9.271514235671372006e-01 6.244397768080802713e-01 1.903506184021812597e-01 9.737158553339317901e-01 4.340770795102522062e-02 3.012334412159192731e-01 5.207037662828621905e-01 7.082978566515988339e-01 4.832532053220796042e-01 8.401404255843387681e-01 3.020737971551953338e-01 5.222265976945396071e-01 4.132160996146753695e-01 4.220519791130006859e-01 7.188643816437156886e-01 5.963594325611997204e-01 4.019648132512334548e-01 7.070322054329203354e-01 6.825180976426836743e-02 7.447084155930978611e-01 6.849511650645179195e-01 8.995221281852572304e-01 2.707705274444014432e-01 0.000000000000000000e+00
