0.000000000000000000e+00 5.335658563250951225e-01 3.509747654738217815e-01 5.822407472280022311e-01 6.127770998374509892e-01 4.062585942325781518e-01 4.687633246515351959e-01 4.293251193752539718e-01 4.891485775594335284e-01 4.641114330949443478e-01 6.928194094460400354e-01 7.233325066195430697e-01 7.152764286337350841e-01 5.895534785980725001e-01 8.152039305850633522e-01 1.218798566429323271e-01 2.872749434280920666e-01 6.506523722573063218e-01 8.574575298175002303e-01 4.988469202732052077e-01 7.290528652458914127e-01 1.115686926781681576e-01 4.346584991950687149e-01 3.199738865682488775e-01 2.664567853439925305e-01 8.695833636912300157e-01 2.231556495764515091e-01 7.519875879189241719e-02 3.955944197071893376e-01 4.209683056108882715e-01 4.334976311458581533e-01 4.403025447238215762e-01 5.567314146444468648e-01 1.337624431741868403e-01 5.044595114133607616e-01
5.335658563250951225e-01 0.000000000000000000e+00 8.004753055294770991e-01 3.898104259997682286e-01 5.031594670440493466e-01 3.927578930759738629e-01 1.378097002632512336e-01 3.375628528007874607e-01 5.831383592113035252e-01 8.529028345671740841e-02 2.600458819236566299e-01 6.340065112225941046e-01 6.948986602154998415e-01 4.777302684092519236e-01 4.180508314123906888e-01 8.452442503280549468e-02 7.471738326158747778e-01 1.541668507582871772e-01 5.104381183779073128e-01 3.219603682359671870e-01 1.235964138738561147e-01 7.860415392017457981e-01 8.491108885728684275e-01 7.279590679338052706e-01 7.055581657829095299e-01 1.512133992284007133e-01 9.484301400550101402e-01 5.125866534876604153e-01 9.115257259956672797e-01 9.613782141877403875e-01 6.215477583403896666e-01 7.277712325557926798e-01 9.058035941678306280e-01 2.731879945976859458e-01 6.855358433220055669e-01
3.509747654738217815e-01 8.004753055294770991e-01 0.000000000000000000e+00 2.179103187100253081e-01 7.934426200203282820e-01 2.651974207096667868e-01 3.153161723530018556e-01 4.806127306382895759e-01 3.012096766505364398e-01 5.833105644410657709e-01 5.560727040543089750e-01 8.641819245694293272e-01 6.941261066386297252e-01 3.786088951784394863e-01 1.403808139430026691e-01 6.097628103891686857e-01 6.853134004108634159e-01 7.685329503910174331e-01 1.505726002611431635e-01 7.519080659389271171e-01 2.683507234276111264e-01 4.809757048501128729e-01 3.621551574303290555e-01 6.640171415588778103e-01 1.479444120278925467e-01 4.340775807987577450e-01 5.497091281041244226e-01 1.141522403816243036e-01 7.166452155002296376e-01 1.507301330862167443e-01 1.184178972086509241e-01 7.988260960585541470e-01 5.245981628803362273e-01 2.200648180397304365e-01 2.483376071205533608e-01
5.822407472280022311e-01 3.898104259997682286e-01 2.179103187100253081e-01 0.000000000000000000e+00 4.670161242304134430e-01 3.750810422101527042e-01 2.573331836300539743e-01 4.652487932560371298e-01 4.537370193160244480e-01 4.733764581950040684e-01 5.362601548609536861e-01 6.234606222011294108e-01 3.165288169628611148e-01 1.241491968548047442e-01 2.296074186082996960e-01 1.585160458003391781e-01 6.091747186793525781e-01 5.553473230450369780e-01 2.015340121256257166e-01 5.747677282341322469e-01 6.925700607602951475e-01 6.296533658345319084e-01 7.614058386914581700e-01 8.150233859669471226e-01 3.906410392313656166e-01 6.022796737274338508e-01 5.253110955331202758e-01 4.716052665667173627e-01 5.875130991646272394e-01 3.437571204043848860e-01 8.131344431802540740e-01 4.815413029820754254e-01 4.099196173278404354e-01 6.238394956625366028e-01 5.710924446228263784e-01
6.127770998374509892e-01 5.031594670440493466e-01 7.934426200203282820e-01 4.670161242304134430e-01 0.000000000000000000e+00 6.576653716982742148e-01 7.360211643658682856e-01 5.097458144831470417e-01 7.012018482490423033e-01 1.522926047146095918e-01 5.099950150352965395e-01 5.466406038903053322e-01 1.967712125614621277e-01 5.073517389105666187e-01 6.082877835803517375e-01 4.266117764446116789e-01 7.353495132815653923e-01 7.197405427367118413e-01 5.901477790986833227e-01 6.529768371617754585e-01 5.803190872113480614e-01 4.615425493772437604e-01 3.773017537141418742e-01 7.997625463528985623e-01 6.930361755065836959e-01 2.761519375378173047e-01 6.861948783945737151e-01 9.080377161151821364e-01 3.389302747105424896e-01 3.554928851316178084e-01 3.409201040833297336e-01 5.459482130812440825e-01 7.782669106505193390e-01 5.807806082370201572e-01 9.627512847712773603e-01
4.062585942325781518e-01 3.927578930759738629e-01 2.651974207096667868e-01 3.750810422101527042e-01 6.576653716982742148e-01 0.000000000000000000e+00 6.968874106824822778e-01 8.716057492949752517e-01 1.286858173096956381e-01 5.413739230038900896e-01 2.850870797972411275e-01 6.355401854526377958e-01 7.124542285343391512e-01 5.394042661325032517e-01 4.747667260118559329e-01 8.241633163092363379e-01 3.394190188176920975e-01 9.163549347588164640e-01 6.197292608701139294e-01 1.743383402324255593e-01 8.628672191901028965e-01 7.423324948780420929e-01 5.910598466832823750e-01 2.263052809653943731e-01 9.218588773335478770e-02 4.647737950207210256e-01 2.431852123624391737e-01 4.179786106525605893e-01 3.291648292856382829e-01 1.670343455046053860e-01 8.582000206782059992e-01 7.997905814065862096e-01 2.654023571593333020e-01 2.320476745322220813e-01 9.512429704631119032e-01
4.687633246515351959e-01 1.378097002632512336e-01 3.153161723530018556e-01 2.573331836300539743e-01 7.360211643658682856e-01 6.968874106824822778e-01 0.000000000000000000e+00 3.001808367244617748e-01 7.402052597564878766e-01 5.920760768200385993e-01 4.896858883140805530e-01 8.385344003443855332e-01 1.514421483786982381e-01 7.018648890325696055e-01 4.511923612602558031e-01 5.579031433455334810e-01 3.613143831118506011e-01 3.557411022700472936e-01 3.231940210678275749e-01 8.158940779444652236e-01 4.397485522242262634e-01 7.125181872592029064e-01 6.576003507098268086e-01 5.099448840377469594e-01 5.968675579262567865e-01 4.789795975327187927e-01 5.720730087082138704e-01 7.183154399241481469e-01 7.943581113374260649e-01 6.249414453796416913e-01 8.479171519231183396e-01 7.989239110106691744e-01 3.258947180272825372e-01 1.911704962468905311e-01 5.397126378453720452e-01
4.293251193752539718e-01 3.375628528007874607e-01 4.806127306382895759e-01 4.652487932560371298e-01 5.097458144831470417e-01 8.716057492949752517e-01 3.001808367244617748e-01 0.000000000000000000e+00 5.034574104212459211e-01 5.178942514477066217e-01 7.012085647690223800e-01 4.907223307861457440e-01 2.662541205533724975e-01 5.668121365794586142e-01 4.326893598191495771e-01 6.577808202444205277e-01 5.266472989484877187e-01 5.500248895642230185e-01 4.599022431414707679e-01 2.899956383053288178e-01 3.021337482703171373e-01 8.035867196559876025e-01 4.002655577401591502e-01 4.602673982667781494e-01 1.737895592507977538e-01 6.768285003524294741e-01 5.667051072828097613e-01 5.339090295358521754e-01 4.273114489571580021e-01 3.081517687387955728e-01 4.640072031144944487e-01 3.183570341631306588e-01 4.437617113371438160e-01 5.536553616840329539e-01 7.711401680107203838e-01
4.891485775594335284e-01 5.831383592113035252e-01 3.012096766505364398e-01 4.537370193160244480e-01 7.012018482490423033e-01 1.286858173096956381e-01 7.402052597564878766e-01 5.034574104212459211e-01 0.000000000000000000e+00 7.130650249863044188e-01 3.904881769920853229e-01 8.161950344438779759e-01 5.131461575639597594e-01 7.597390778797248334e-01 8.232510306535407718e-01 3.815054794744532352e-01 4.538216501630331079e-01 4.830055463339772981e-01 5.120947874046080095e-01 3.035762186485881919e-01 5.896136523786100758e-01 5.857423696835573068e-01 3.191865347320885782e-01 4.085014750117522686e-01 6.063173302062980774e-01 4.688149944531085911e-01 7.303301832622095535e-01 8.141867128057852510e-01 8.252004789745179814e-01 1.955096252349889929e-01 5.554123053256938558e-01 7.031885268487465535e-01 8.814722825085905544e-01 4.922027463279448622e-01 5.052642632409583001e-01
4.641114330949443478e-01 8.529028345671740841e-02 5.833105644410657709e-01 4.733764581950040684e-01 1.522926047146095918e-01 5.413739230038900896e-01 5.920760768200385993e-01 5.178942514477066217e-01 7.130650249863044188e-01 0.000000000000000000e+00 7.060553818482417920e-01 6.209411470087146112e-01 1.825794712558908017e-01 4.939861312784517566e-01 5.354684669521490026e-01 6.863870286516862151e-01 7.356386652728764686e-01 6.318295063582575199e-01 3.602034018998178100e-01 2.201935966995950400e-01 1.483969522526852325e-01 2.812695801150060237e-01 2.667677647813099240e-01 3.225287000948910410e-01 6.449493473166258983e-01 7.435634506141690636e-01 6.834263757555661956e-01 9.068496715512219808e-02 1.866378413077229848e-01 2.900623771936731154e-01 1.827560015059211951e-01 2.281414259610087258e-01 2.334805003666310386e-01 6.789692780452190046e-01 8.551291856424714233e-01
6.928194094460400354e-01 2.600458819236566299e-01 5.560727040543089750e-01 5.362601548609536861e-01 5.099950150352965395e-01 2.850870797972411275e-01 4.896858883140805530e-01 7.012085647690223800e-01 3.904881769920853229e-01 7.060553818482417920e-01 0.000000000000000000e+00 4.523780261686926041e-01 6.467390789643365778e-01 3.378410790812752529e-01 6.230734136672660961e-01 1.733555704225615557e-01 7.712631258469326845e-02 6.432892251262017913e-01 3.537050673988659799e-01 4.965584412510760104e-01 4.936163258865384762e-01 3.818001719039085251e-01 9.968968832257285584e-02 2.136388860214426533e-01 4.558894075633039833e-01 1.940251693813271894e-01 6.922648261421309179e-01 4.261147874827468929e-01 5.116233029951617883e-01 7.310697202889686608e-01 5.515802526951123497e-01 9.306302659843472824e-01 1.105471761835424838e-01 1.040234226135625661e-01 9.013267673901717014e-01
7.233325066195430697e-01 6.340065112225941046e-01 8.641819245694293272e-01 6.234606222011294108e-01 5.466406038903053322e-01 6.355401854526377958e-01 8.385344003443855332e-01 4.907223307861457440e-01 8.161950344438779759e-01 6.209411470087146112e-01 4.523780261686926041e-01 0.000000000000000000e+00 5.817631279772698116e-01 5.412957672828591082e-01 3.638032417859660139e-01 4.221142939786245996e-01 2.601726636960774997e-01 4.348622272357661744e-01 4.604247540253845750e-01 2.704945802145456435e-01 3.731444768247685895e-01 6.209623129052312951e-01 6.296220944541863762e-01 7.553189560840247729e-01 1.404050823499612966e-01 9.474126320270026547e-02 5.152948662204827057e-01 4.211879922976036195e-01 6.532483368688468683e-01 7.526796383778318056e-01 6.306579916567209843e-01 8.673539372775258549e-01 5.836892348608473391e-01 4.383476669733576969e-02 7.536086888929809380e-01
7.152764286337350841e-01 6.948986602154998415e-01 6.941261066386297252e-01 3.165288169628611148e-01 1.967712125614621277e-01 7.124542285343391512e-01 1.514421483786982381e-01 2.662541205533724975e-01 5.131461575639597594e-01 1.825794712558908017e-01 6.467390789643365778e-01 5.817631279772698116e-01 0.000000000000000000e+00 2.331622761514987596e-01 2.280961712032590905e-01 3.299133365551057406e-01 8.894567330794261872e-01 4.305619029535874831e-01 4.497262852880436479e-01 2.802365608001218256e-01 4.109886641558234688e-01 9.581927351793538827e-01 7.113940253198391961e-01 9.545839465934916612e-01 7.567779646626147105e-01 7.351511785360098639e-01 6.573325155123421748e-01 5.922903913963042388e-01 4.295874320288977644e-01 9.323757380782109472e-01 4.266783369227430955e-01 6.008294148954946845e-01 3.238328303076046799e-01 5.184177906498101951e-01 5.454697570726249056e-01
5.895534785980725001e-01 4.777302684092519236e-01 3.786088951784394863e-01 1.241491968548047442e-01 5.073517389105666187e-01 5.394042661325032517e-01 7.018648890325696055e-01 5.668121365794586142e-01 7.597390778797248334e-01 4.939861312784517566e-01 3.378410790812752529e-01 5.412957672828591082e-01 2.331622761514987596e-01 0.000000000000000000e+00 4.519618227453534587e-01 7.942794986682312208e-01 6.161428814000597942e-01 1.633607653989566089e-02 4.071458169342996314e-01 2.360716581303923256e-02 7.364458840846754839e-01 4.449910897196763804e-01 4.293186044123351031e-01 3.686127781604736642e-01 3.952940321743360075e-01 3.475916623044450482e-02 7.928080656004852234e-01 4.771514523807749431e-01 8.533091875216423094e-01 2.627298131579440810e-01 6.765704431774887118e-01 3.494051684201064933e-01 2.135641662415289632e-01 2.451589880245196862e-01 6.219744171169881986e-01
8.152039305850633522e-01 4.180508314123906888e-01 1.403808139430026691e-01 2.296074186082996960e-01 6.082877835803517375e-01 4.747667260118559329e-01 4.511923612602558031e-01 4.326893598191495771e-01 8.232510306535407718e-01 5.354684669521490026e-01 6.230734136672660961e-01 3.638032417859660139e-01 2.280961712032590905e-01 4.519618227453534587e-01 0.000000000000000000e+00 7.729433173766402376e-01 4.712088373872331815e-01 2.326855397961857808e-01 8.955684648119928148e-01 2.603517532654671673e-01 5.103425520479314415e-01 4.940450779935285364e-01 1.823997455687456082e-01 3.677627457741635686e-01 9.274933517643155767e-01 7.691755972854057433e-01 8.050261977789598955e-01 7.031171805922258322e-01 2.359421282995238789e-01 7.545266026514414470e-01 4.078188926768316347e-01 6.571938239058909836e-01 1.113825929814821203e-01 8.219906469869658894e-01 4.105149929416735399e-01
1.218798566429323271e-01 8.452442503280549468e-02 6.097628103891686857e-01 1.585160458003391781e-01 4.266117764446116789e-01 8.241633163092363379e-01 5.579031433455334810e-01 6.577808202444205277e-01 3.815054794744532352e-01 6.863870286516862151e-01 1.733555704225615557e-01 4.221142939786245996e-01 3.299133365551057406e-01 7.942794986682312208e-01 7.729433173766402376e-01 0.000000000000000000e+00 4.548556722590055834e-01 5.212852071356579575e-01 6.940581566453642992e-01 7.550768970769153876e-01 1.296815864209646119e-01 2.804631406437119723e-01 8.756160702550584984e-01 7.287181678942395990e-01 8.971799979429153638e-01 2.164839332894292756e-01 5.199429227604988046e-01 4.961039034550207560e-01 8.749806590401587592e-01 6.478325723811356740e-01 2.109331954049503133e-01 1.064987256232652335e-01 8.948973502030592719e-01 7.088898732887793930e-02 3.024113407150255117e-01
2.872749434280920666e-01 7.471738326158747778e-01 6.853134004108634159e-01 6.091747186793525781e-01 7.353495132815653923e-01 3.394190188176920975e-01 3.613143831118506011e-01 5.266472989484877187e-01 4.538216501630331079e-01 7.356386652728764686e-01 7.712631258469326845e-02 2.601726636960774997e-01 8.894567330794261872e-01 6.161428814000597942e-01 4.712088373872331815e-01 4.548556722590055834e-01 0.000000000000000000e+00 7.203594773530883622e-01 3.664130000528229014e-01 5.716959825514955629e-01 5.083469352162505173e-01 1.834896634166860996e-01 1.818047055013785052e-01 4.037650492746824304e-01 7.500636759408685350e-01 4.300455401836847935e-01 3.889974457619481130e-01 4.287140499990470532e-01 3.273862918096188679e-01 6.854465333295580720e-01 7.058074356017858264e-01 2.180143177405269306e-01 3.997380939039053560e-01 2.527994124556813826e-01 4.577270461909458965e-01
6.506523722573063218e-01 1.541668507582871772e-01 7.685329503910174331e-01 5.553473230450369780e-01 7.197405427367118413e-01 9.163549347588164640e-01 3.557411022700472936e-01 5.500248895642230185e-01 4.830055463339772981e-01 6.318295063582575199e-01 6.432892251262017913e-01 4.348622272357661744e-01 4.305619029535874831e-01 1.633607653989566089e-02 2.326855397961857808e-01 5.212852071356579575e-01 7.203594773530883622e-01 0.000000000000000000e+00 6.016060562003117118e-01 4.755739808907775701e-01 5.963616367444057875e-02 1.253316175833135149e-01 7.741025763662667813e-01 6.904177169072275300e-01 3.017627567562720659e-01 7.872523826545341219e-02 8.570077570363866526e-01 8.597243996709856839e-01 2.231553794256406764e-01 8.112081788599392329e-01 4.183359494228345299e-01 1.822354756977431212e-01 1.913613670044780335e-01 5.369787813474846683e-01 8.861619638821440770e-01
8.574575298175002303e-01 5.104381183779073128e-01 1.505726002611431635e-01 2.015340121256257166e-01 5.901477790986833227e-01 6.197292608701139294e-01 3.231940210678275749e-01 4.599022431414707679e-01 5.120947874046080095e-01 3.602034018998178100e-01 3.537050673988659799e-01 4.604247540253845750e-01 4.497262852880436479e-01 4.071458169342996314e-01 8.955684648119928148e-01 6.940581566453642992e-01 3.664130000528229014e-01 6.016060562003117118e-01 0.000000000000000000e+00 2.435305299239993171e-01 3.235941346607930091e-01 4.895755602122995875e-01 4.704866392696936961e-01 4.957734714558629241e-01 4.325240536398037294e-01 2.613007084451762774e-01 1.445918486057425900e-01 3.856881706814437871e-01 6.668639543829217864e-01 1.274682288811346265e-01 2.072788197061681270e-01 6.194248639563895154e-01 8.123842551873354800e-01 4.969208797578872350e-01 1.861104904134867066e-01
4.988469202732052077e-01 3.219603682359671870e-01 7.519080659389271171e-01 5.747677282341322469e-01 6.529768371617754585e-01 1.743383402324255593e-01 8.158940779444652236e-01 2.899956383053288178e-01 3.035762186485881919e-01 2.201935966995950400e-01 4.965584412510760104e-01 2.704945802145456435e-01 2.802365608001218256e-01 2.360716581303923256e-02 2.603517532654671673e-01 7.550768970769153876e-01 5.716959825514955629e-01 4.755739808907775701e-01 2.435305299239993171e-01 0.000000000000000000e+00 4.630676429280471962e-01 3.348831851323543218e-01 7.623486685791988071e-01 9.456954052736399330e-02 4.367984604969717966e-01 3.251490984105355198e-01 6.602715938938530371e-01 6.363511907536288925e-01 1.983739992350712633e-01 3.723436860482713939e-01 4.821263749988513592e-02 3.574858976478206829e-01 4.576335232128323494e-01 3.925969709557945442e-01 7.299785576213784211e-01
7.290528652458914127e-01 1.235964138738561147e-01 2.683507234276111264e-01 6.925700607602951475e-01 5.803190872113480614e-01 8.628672191901028965e-01 4.397485522242262634e-01 3.021337482703171373e-01 5.896136523786100758e-01 1.483969522526852325e-01 4.936163258865384762e-01 3.731444768247685895e-01 4.109886641558234688e-01 7.364458840846754839e-01 5.103425520479314415e-01 1.296815864209646119e-01 5.083469352162505173e-01 5.963616367444057875e-02 3.235941346607930091e-01 4.630676429280471962e-01 0.000000000000000000e+00 6.461252114088038567e-01 3.776903619246974042e-01 4.050269220290955152e-01 5.153078025021863295e-01 5.346029486496645111e-01 3.514372975185707793e-01 6.346005366775130385e-01 4.522956205835816923e-01 2.377463561635309031e-01 8.307286946317268272e-01 7.919592395619636793e-01 7.309776726238487177e-01 3.090754772862372435e-01 6.633040654943422876e-01
1.115686926781681576e-01 7.860415392017457981e-01 4.809757048501128729e-01 6.296533658345319084e-01 4.615425493772437604e-01 7.423324948780420929e-01 7.125181872592029064e-01 8.035867196559876025e-01 5.857423696835573068e-01 2.812695801150060237e-01 3.818001719039085251e-01 6.209623129052312951e-01 9.581927351793538827e-01 4.449910897196763804e-01 4.940450779935285364e-01 2.804631406437119723e-01 1.834896634166860996e-01 1.253316175833135149e-01 4.895755602122995875e-01 3.348831851323543218e-01 6.461252114088038567e-01 0.000000000000000000e+00 3.071168712198703021e-01 7.387885585187070614e-01 8.138009540993861313e-01 4.954232425001680040e-01 8.723110284348860599e-01 8.882731895278053180e-01 3.209190962246375456e-01 8.794948309863244162e-01 3.447638613898265092e-01 2.417636911496223728e-01 6.122479168062614496e-01 1.840778952947464964e-01 4.966465196219755351e-01
4.346584991950687149e-01 8.491108885728684275e-01 3.621551574303290555e-01 7.614058386914581700e-01 3.773017537141418742e-01 5.910598466832823750e-01 6.576003507098268086e-01 4.002655577401591502e-01 3.191865347320885782e-01 2.667677647813099240e-01 9.968968832257285584e-02 6.296220944541863762e-01 7.113940253198391961e-01 4.293186044123351031e-01 1.823997455687456082e-01 8.756160702550584984e-01 1.818047055013785052e-01 7.741025763662667813e-01 4.704866392696936961e-01 7.623486685791988071e-01 3.776903619246974042e-01 3.071168712198703021e-01 0.000000000000000000e+00 3.278610000680036718e-01 5.509672018505766822e-01 3.304109884239257999e-01 3.748646828061068526e-01 5.574068361344823863e-01 8.959813840610990621e-01 9.421147954831471383e-01 8.317684109255467639e-01 4.846774284000512356e-01 3.432319042423316313e-01 1.608912183754201974e-01 5.341119688255620002e-01
3.199738865682488775e-01 7.279590679338052706e-01 6.640171415588778103e-01 8.150233859669471226e-01 7.997625463528985623e-01 2.263052809653943731e-01 5.099448840377469594e-01 4.602673982667781494e-01 4.085014750117522686e-01 3.225287000948910410e-01 2.136388860214426533e-01 7.553189560840247729e-01 9.545839465934916612e-01 3.686127781604736642e-01 3.677627457741635686e-01 7.287181678942395990e-01 4.037650492746824304e-01 6.904177169072275300e-01 4.957734714558629241e-01 9.456954052736399330e-02 4.050269220290955152e-01 7.387885585187070614e-01 3.278610000680036718e-01 0.000000000000000000e+00 4.944667880845615149e-01 8.763402228022625362e-01 5.432688233708593550e-01 4.268399887832811102e-01 6.624320282195070853e-01 5.023336629702358502e-01 8.397996561617924183e-01 5.372381815256106474e-01 4.750171694856064608e-01 5.229088026832211522e-01 2.549966607411029429e-01
2.664567853439925305e-01 7.055581657829095299e-01 1.479444120278925467e-01 3.906410392313656166e-01 6.930361755065836959e-01 9.218588773335478770e-02 5.968675579262567865e-01 1.737895592507977538e-01 6.063173302062980774e-01 6.449493473166258983e-01 4.558894075633039833e-01 1.404050823499612966e-01 7.567779646626147105e-01 3.952940321743360075e-01 9.274933517643155767e-01 8.971799979429153638e-01 7.500636759408685350e-01 3.017627567562720659e-01 4.325240536398037294e-01 4.367984604969717966e-01 5.153078025021863295e-01 8.138009540993861313e-01 5.509672018505766822e-01 4.944667880845615149e-01 0.000000000000000000e+00 7.859821793965442449e-01 6.897517185999473277e-01 2.731118205299140067e-01 4.111385489018593020e-01 8.126889536301111772e-01 4.510063545410545882e-01 5.887320531231086118e-01 4.292148566608799953e-01 1.450304874775807384e-01 5.237839695647177329e-01
8.695833636912300157e-01 1.512133992284007133e-01 4.340775807987577450e-01 6.022796737274338508e-01 2.761519375378173047e-01 4.647737950207210256e-01 4.789795975327187927e-01 6.768285003524294741e-01 4.688149944531085911e-01 7.435634506141690636e-01 1.940251693813271894e-01 9.474126320270026547e-02 7.351511785360098639e-01 3.475916623044450482e-02 7.691755972854057433e-01 2.164839332894292756e-01 4.300455401836847935e-01 7.872523826545341219e-02 2.613007084451762774e-01 3.251490984105355198e-01 5.346029486496645111e-01 4.954232425001680040e-01 3.304109884239257999e-01 8.763402228022625362e-01 7.859821793965442449e-01 0.000000000000000000e+00 4.914544752413410045e-01 4.502791378825700130e-01 3.544694895500412057e-01 8.910600578055120069e-01 5.969554875365953306e-01 6.469091781358622395e-01 6.430075487406403667e-01 4.277437656646347897e-01 7.793435785218321143e-01
2.231556495764515091e-01 9.484301400550101402e-01 5.497091281041244226e-01 5.253110955331202758e-01 6.861948783945737151e-01 2.431852123624391737e-01 5.720730087082138704e-01 5.667051072828097613e-01 7.303301832622095535e-01 6.834263757555661956e-01 6.922648261421309179e-01 5.152948662204827057e-01 6.573325155123421748e-01 7.928080656004852234e-01 8.050261977789598955e-01 5.199429227604988046e-01 3.889974457619481130e-01 8.570077570363866526e-01 1.445918486057425900e-01 6.602715938938530371e-01 3.514372975185707793e-01 8.723110284348860599e-01 3.748646828061068526e-01 5.432688233708593550e-01 6.897517185999473277e-01 4.914544752413410045e-01 0.000000000000000000e+00 8.319306921179154823e-01 1.064008744483737612e-01 3.745227093271922270e-01 4.826535952109908267e-01 5.019136634649500328e-01 8.115855868534733730e-01 8.687188588465741823e-01 1.740650642120152303e-01
7.519875879189241719e-02 5.125866534876604153e-01 1.141522403816243036e-01 4.716052665667173627e-01 9.080377161151821364e-01 4.179786106525605893e-01 7.183154399241481469e-01 5.339090295358521754e-01 8.141867128057852510e-01 9.068496715512219808e-02 4.261147874827468929e-01 4.211879922976036195e-01 5.922903913963042388e-01 4.771514523807749431e-01 7.031171805922258322e-01 4.961039034550207560e-01 4.287140499990470532e-01 8.597243996709856839e-01 3.856881706814437871e-01 6.363511907536288925e-01 6.346005366775130385e-01 8.882731895278053180e-01 5.574068361344823863e-01 4.268399887832811102e-01 2.731118205299140067e-01 4.502791378825700130e-01 8.319306921179154823e-01 0.000000000000000000e+00 6.098872207911723020e-01 6.500430030078268029e-01 5.815682272251461171e-01 5.554766563025371751e-01 9.366884457939108621e-01 3.390061905461517755e-01 8.590791071621690644e-01
3.955944197071893376e-01 9.115257259956672797e-01 7.166452155002296376e-01 5.875130991646272394e-01 3.389302747105424896e-01 3.291648292856382829e-01 7.943581113374260649e-01 4.273114489571580021e-01 8.252004789745179814e-01 1.866378413077229848e-01 5.116233029951617883e-01 6.532483368688468683e-01 4.295874320288977644e-01 8.533091875216423094e-01 2.359421282995238789e-01 8.749806590401587592e-01 3.273862918096188679e-01 2.231553794256406764e-01 6.668639543829217864e-01 1.983739992350712633e-01 4.522956205835816923e-01 3.209190962246375456e-01 8.959813840610990621e-01 6.624320282195070853e-01 4.111385489018593020e-01 3.544694895500412057e-01 1.064008744483737612e-01 6.098872207911723020e-01 0.000000000000000000e+00 7.021439697681681746e-01 9.808346095192298497e-01 3.818680965526077831e-01 6.706730929963000687e-01 3.441622628043243814e-01 8.975817682398508079e-01
4.209683056108882715e-01 9.613782141877403875e-01 1.507301330862167443e-01 3.437571204043848860e-01 3.554928851316178084e-01 1.670343455046053860e-01 6.249414453796416913e-01 3.081517687387955728e-01 1.955096252349889929e-01 2.900623771936731154e-01 7.310697202889686608e-01 7.526796383778318056e-01 9.323757380782109472e-01 2.627298131579440810e-01 7.545266026514414470e-01 6.478325723811356740e-01 6.854465333295580720e-01 8.112081788599392329e-01 1.274682288811346265e-01 3.723436860482713939e-01 2.377463561635309031e-01 8.794948309863244162e-01 9.421147954831471383e-01 5.023336629702358502e-01 8.126889536301111772e-01 8.910600578055120069e-01 3.745227093271922270e-01 6.500430030078268029e-01 7.021439697681681746e-01 0.000000000000000000e+00 3.402669177015296142e-01 5.307071827726455027e-01 4.161289925882225571e-01 9.707569026055717920e-01 6.802279153119621391e-01
4.334976311458581533e-01 6.215477583403896666e-01 1.184178972086509241e-01 8.131344431802540740e-01 3.409201040833297336e-01 8.582000206782059992e-01 8.479171519231183396e-01 4.640072031144944487e-01 5.554123053256938558e-01 1.827560015059211951e-01 5.515802526951123497e-01 6.306579916567209843e-01 4.266783369227430955e-01 6.765704431774887118e-01 4.078188926768316347e-01 2.109331954049503133e-01 7.058074356017858264e-01 4.183359494228345299e-01 2.072788197061681270e-01 4.821263749988513592e-02 8.307286946317268272e-01 3.447638613898265092e-01 8.317684109255467639e-01 8.397996561617924183e-01 4.510063545410545882e-01 5.969554875365953306e-01 4.826535952109908267e-01 5.815682272251461171e-01 9.808346095192298497e-01 3.402669177015296142e-01 0.000000000000000000e+00 4.582443205589652457e-01 4.892198790549699972e-01 3.856212361237539299e-01 5.703200023062089397e-01
4.403025447238215762e-01 7.277712325557926798e-01 7.988260960585541470e-01 4.815413029820754254e-01 5.459482130812440825e-01 7.997905814065862096e-01 7.989239110106691744e-01 3.183570341631306588e-01 7.031885268487465535e-01 2.281414259610087258e-01 9.306302659843472824e-01 8.673539372775258549e-01 6.008294148954946845e-01 3.494051684201064933e-01 6.571938239058909836e-01 1.064987256232652335e-01 2.180143177405269306e-01 1.822354756977431212e-01 6.194248639563895154e-01 3.574858976478206829e-01 7.919592395619636793e-01 2.417636911496223728e-01 4.846774284000512356e-01 5.372381815256106474e-01 5.887320531231086118e-01 6.469091781358622395e-01 5.019136634649500328e-01 5.554766563025371751e-01 3.818680965526077831e-01 5.307071827726455027e-01 4.582443205589652457e-01 0.000000000000000000e+00 5.025604057508530342e-01 3.848803985955346896e-01 5.569995459001985116e-01
5.567314146444468648e-01 9.058035941678306280e-01 5.245981628803362273e-01 4.099196173278404354e-01 7.782669106505193390e-01 2.654023571593333020e-01 3.258947180272825372e-01 4.437617113371438160e-01 8.814722825085905544e-01 2.334805003666310386e-01 1.105471761835424838e-01 5.836892348608473391e-01 3.238328303076046799e-01 2.135641662415289632e-01 1.113825929814821203e-01 8.948973502030592719e-01 3.997380939039053560e-01 1.913613670044780335e-01 8.123842551873354800e-01 4.576335232128323494e-01 7.309776726238487177e-01 6.122479168062614496e-01 3.432319042423316313e-01 4.750171694856064608e-01 4.292148566608799953e-01 6.430075487406403667e-01 8.115855868534733730e-01 9.366884457939108621e-01 6.706730929963000687e-01 4.161289925882225571e-01 4.892198790549699972e-01 5.025604057508530342e-01 0.000000000000000000e+00 7.146615239545853759e-01 6.026390028401618082e-01
1.337624431741868403e-01 2.731879945976859458e-01 2.200648180397304365e-01 6.238394956625366028e-01 5.807806082370201572e-01 2.320476745322220813e-01 1.911704962468905311e-01 5.536553616840329539e-01 4.922027463279448622e-01 6.789692780452190046e-01 1.040234226135625661e-01 4.383476669733576969e-02 5.184177906498101951e-01 2.451589880245196862e-01 8.219906469869658894e-01 7.088898732887793930e-02 2.527994124556813826e-01 5.369787813474846683e-01 4.969208797578872350e-01 3.925969709557945442e-01 3.090754772862372435e-01 1.840778952947464964e-01 1.608912183754201974e-01 5.229088026832211522e-01 1.450304874775807384e-01 4.277437656646347897e-01 8.687188588465741823e-01 3.390061905461517755e-01 3.441622628043243814e-01 9.707569026055717920e-01 3.856212361237539299e-01 3.848803985955346896e-01 7.146615239545853759e-01 0.000000000000000000e+00 5.496689911338696888e-01
5.044595114133607616e-01 6.855358433220055669e-01 2.483376071205533608e-01 5.710924446228263784e-01 9.627512847712773603e-01 9.512429704631119032e-01 5.397126378453720452e-01 7.711401680107203838e-01 5.052642632409583001e-01 8.551291856424714233e-01 9.013267673901717014e-01 7.536086888929809380e-01 5.454697570726249056e-01 6.219744171169881986e-01 4.105149929416735399e-01 3.024113407150255117e-01 4.577270461909458965e-01 8.861619638821440770e-01 1.861104904134867066e-01 7.299785576213784211e-01 6.633040654943422876e-01 4.966465196219755351e-01 5.341119688255620002e-01 2.549966607411029429e-01 5.237839695647177329e-01 7.793435785218321143e-01 1.740650642120152303e-01 8.590791071621690644e-01 8.975817682398508079e-01 6.802279153119621391e-01 5.703200023062089397e-01 5.569995459001985116e-01 6.026390028401618082e-01 5.496689911338696888e-01 0.000000000000000000e+00
