0.000000000000000000e+00 3.654813281240569256e-01 7.848033273612883276e-01 6.125102593162219389e-01 6.651974082209896055e-01 8.792262648877835485e-01 4.717440641490867614e-01 2.629982863099113999e-01 4.791551424100892742e-01 4.915867508166648081e-01 6.741429877724445241e-01 1.852874903677975693e-01 5.803889304648385261e-01 9.452927966732866949e-01 2.361479834656334820e-01 3.402874465468922471e-01 4.440604833210599622e-01 1.043219243156353615e-01 3.109583301571620106e-01 3.936866799795299965e-01 3.075216377939264389e-01 8.325089106879290934e-01 4.058633361483861002e-01 4.470133842946372726e-01 3.770234397828506334e-01 1.579027890947868329e-01 2.507748039003321883e-01 4.388966098369743163e-01 2.988009572735867980e-01 5.096986533245039253e-01 7.685350643768613654e-01 3.736580419001555020e-01 3.958310581648535331e-01 6.061137901725325294e-01 6.934036430427268360e-01
3.654813281240569256e-01 0.000000000000000000e+00 5.818862675704152831e-01 4.278535729667499732e-01 5.646370241973348580e-01 5.139466576362758943e-01 6.962251060924334878e-01 3.133918784483170072e-01 5.536746198328431623e-01 4.687960962906774220e-01 3.504132602059972790e-01 4.703846834260547727e-01 6.229733895100320051e-01 5.362840811059642609e-01 1.678926575574228863e-01 5.621297969102858616e-01 6.299720983960959142e-01 4.953796884826671132e-01 4.923359895083662119e-01 5.044526580390475967e-01 5.623556783990377728e-01 7.173133174516123090e-01 4.541590812840825553e-01 3.963918857909571325e-01 5.428296838075949982e-01 7.399927897486635597e-01 3.044519859956746899e-01 6.236972761828718514e-01 6.816531856176523130e-01 7.837112142854723018e-01 3.811616677331155500e-01 4.320284366489356431e-01 4.413280090996218874e-01 6.478424328123872922e-01 6.325525861218972423e-01
7.848033273612883276e-01 5.818862675704152831e-01 0.000000000000000000e+00 8.365767722010657437e-01 9.191519980460788330e-01 8.689757681562855218e-01 6.057843836038405705e-01 5.560076050475933895e-01 6.210526925301568246e-01 5.675805194270706622e-01 6.095773209575390261e-01 2.737048327284958282e-01 7.169116762850981095e-01 4.575020591687237737e-01 6.462576667819082132e-01 7.637765709063576436e-01 4.005320811920999313e-01 2.807694120542606475e-01 1.155674366175681866e-01 6.972684586325683664e-01 4.558514254706789171e-01 8.139961312367174351e-01 7.662564738803975262e-01 5.045284595308108244e-01 3.611325100784977260e-01 5.262034037074536652e-01 4.579352682923006346e-01 5.548703010997652063e-01 6.501085262217922711e-01 6.115143595730518911e-01 4.999735200364564536e-01 2.513535108719472944e-01 8.436951950089408570e-01 1.938097177607923660e-01 7.215123991720515662e-01
6.125102593162219389e-01 4.278535729667499732e-01 8.365767722010657437e-01 0.000000000000000000e+00 3.594771944912764639e-01 4.001918677030030236e-01 7.647489092460749704e-01 3.154663882319379553e-01 4.010544769949859756e-01 3.990283022416973857e-02 5.098267004534644542e-01 4.410234647968609423e-01 8.471272241723672991e-01 6.138884721600070815e-01 1.978286520155990713e-01 2.536338560920772256e-01 5.829633841056121035e-01 5.055368692439594636e-01 5.454990288440553226e-02 4.834547516187528426e-01 4.863741729308968531e-01 1.217106316313670833e-01 4.570528065899781001e-01 4.964195575723678866e-01 3.574914901126000077e-01 5.808229997887939255e-01 9.188502860353904289e-01 7.184134292581842995e-01 4.733776240544900205e-01 4.541820776143808414e-01 1.258461529880137153e-01 5.211055220355471640e-01 2.812372208124844786e-01 2.879150458196260143e-01 7.622136303667123025e-01
6.651974082209896055e-01 5.646370241973348580e-01 9.191519980460788330e-01 3.594771944912764639e-01 0.000000000000000000e+00 5.834110856873124806e-01 5.950356170465225247e-01 6.331058624733271190e-01 3.743665088144469966e-01 6.633226460088073040e-01 4.333358749067121596e-01 4.117669468080872308e-01 3.428096713555668362e-01 3.547034442230896367e-01 3.393881505969955636e-01 8.660919980281336361e-01 8.261135233001262179e-01 2.924757829565197698e-01 3.996962347720280917e-01 4.115099793974420495e-01 7.271693930147955509e-01 3.029268609694899528e-01 6.929663941957089346e-01 7.184644722184514443e-01 4.197094252170097683e-01 4.158970675077928725e-01 5.772076664045296956e-01 4.437861990506911658e-01 3.185468438149455794e-01 1.700607820375894530e-01 5.597139673610598276e-01 5.524086211279034542e-01 3.679655549334053810e-01 2.339070037791870504e-01 5.186433318597640785e-01
8.792262648877835485e-01 5.139466576362758943e-01 8.689757681562855218e-01 4.001918677030030236e-01 5.834110856873124806e-01 0.000000000000000000e+00 2.287416411058801891e-01 3.907091436222449587e-01 3.279430885348105784e-01 5.025209927324977288e-01 9.803226936705882189e-01 7.447049892586575792e-01 4.587785267969000103e-01 9.368441529449818006e-01 9.166247499850825875e-01 5.605328676098121354e-01 3.879173356341257817e-01 5.336129277511814095e-02 6.511725464690534260e-01 1.900346616185089044e-01 8.659814675027643904e-01 5.814881614845568425e-01 6.774001063707906223e-01 4.468669979237853696e-01 8.352412102758013379e-01 5.694095104036014376e-01 7.834135116832440238e-01 3.855311013721793301e-01 3.270284577059664466e-01 6.332397140925605239e-01 7.653313906020784430e-01 3.639930354669704826e-01 3.733982930784241483e-01 7.621971986720050829e-01 5.069827221046513399e-01
4.717440641490867614e-01 6.962251060924334878e-01 6.057843836038405705e-01 7.647489092460749704e-01 5.950356170465225247e-01 2.287416411058801891e-01 0.000000000000000000e+00 4.145836257062269770e-01 4.219646674829131694e-01 3.157148068074390190e-01 7.505243292590648707e-01 6.783203036925444795e-01 4.049322600538067807e-01 3.526552970048650870e-01 9.329542859574690983e-02 6.730704772882407649e-01 3.995593139395487436e-01 5.573406740673405579e-01 1.877677815712592846e-01 7.503352390161980301e-01 3.711999711195611007e-01 5.913729255323181278e-01 6.608436379961759588e-01 6.547848255161772268e-01 5.796588837239757819e-01 4.112446690320561982e-01 7.569337621491520895e-01 7.629477420463250947e-01 7.498649673151072115e-01 6.835888514987447095e-01 6.449064148474088487e-01 4.123680047030912066e-01 4.921713467652676366e-01 2.274548844825676763e-01 5.317582186783734732e-01
2.629982863099113999e-01 3.133918784483170072e-01 5.560076050475933895e-01 3.154663882319379553e-01 6.331058624733271190e-01 3.907091436222449587e-01 4.145836257062269770e-01 0.000000000000000000e+00 6.203468513163293840e-01 6.188907876268516794e-01 2.226579022460382085e-01 3.097378279921692568e-01 9.651694978702298755e-01 4.948048617089020329e-01 3.226219398569060148e-01 6.259058286923817604e-01 1.873108544598034442e-01 5.430002899698955776e-01 3.002343251596250040e-01 2.889515742697322254e-01 6.239065322176982065e-01 1.734320587387329082e-01 3.313710569189747823e-01 5.527629994269092073e-01 3.850687401931770504e-01 9.000885621320485752e-01 2.379947814341192291e-01 4.144242782833854610e-01 6.437089992846003472e-01 3.349369602045279004e-01 3.512849216534730257e-02 8.207419444879301418e-01 7.341809302373372148e-01 3.500560950151541117e-01 1.207442431029427388e-01
4.791551424100892742e-01 5.536746198328431623e-01 6.210526925301568246e-01 4.010544769949859756e-01 3.743665088144469966e-01 3.279430885348105784e-01 4.219646674829131694e-01 6.203468513163293840e-01 0.000000000000000000e+00 9.019144418638080918e-01 9.098205388022699847e-01 5.592813286113897941e-01 2.736095253361508495e-01 8.185402330899246293e-01 1.812908835874537106e-01 2.552119388968013824e-01 3.870135639064696265e-01 7.721685569022951334e-02 7.103550064816692711e-01 9.013119270023602914e-01 5.717236229356571497e-01 3.637287940466508163e-01 2.316310800690950522e-01 3.845688951989828519e-01 6.132213065610072622e-01 5.920343741452166464e-01 5.452529060495533431e-01 4.281425798384136949e-01 2.311874043767546683e-01 1.946099469881293897e-01 3.690717769904076073e-01 4.243926717388639136e-01 4.681062233438875730e-01 4.308417463707762685e-01 4.370400963770489922e-01
4.915867508166648081e-01 4.687960962906774220e-01 5.675805194270706622e-01 3.990283022416973857e-02 6.633226460088073040e-01 5.025209927324977288e-01 3.157148068074390190e-01 6.188907876268516794e-01 9.019144418638080918e-01 0.000000000000000000e+00 5.621874393162853423e-01 2.370052618994484550e-01 4.345150499443081182e-01 9.589017631231171457e-01 8.778504009177270362e-01 4.877620227201820424e-01 5.412570540521657314e-01 9.021345034417816988e-01 4.942726003220543340e-02 2.343493534537235412e-01 6.311027278800828144e-01 1.756111371639262897e-01 5.028717106872671039e-01 7.014281167393756622e-01 6.317917451199743795e-01 4.531149199889397683e-01 6.190989248967075920e-01 7.203794257150226699e-01 5.379833534458454691e-01 5.010270890176239389e-01 6.605882524823325497e-02 3.997675479132781207e-01 6.477119945677891621e-01 5.044295995092944462e-01 5.585108880690257127e-01
6.741429877724445241e-01 3.504132602059972790e-01 6.095773209575390261e-01 5.098267004534644542e-01 4.333358749067121596e-01 9.803226936705882189e-01 7.505243292590648707e-01 2.226579022460382085e-01 9.098205388022699847e-01 5.621874393162853423e-01 0.000000000000000000e+00 6.221217139891244141e-01 4.844480962964907156e-01 2.296070165110120076e-02 1.436185607547496579e-01 3.222483448459378952e-01 4.784814920251039272e-01 6.227419789655660454e-01 5.058100818050121905e-01 8.035454464197188118e-01 6.392512502572963440e-01 3.952582414185179527e-01 5.085164596055771202e-01 3.811843805165276988e-01 7.705392968747555305e-01 7.289356000403800495e-01 2.443244347483463086e-01 4.291561235269666374e-01 4.519134746197368546e-01 2.437611435083000821e-01 7.640351113332892741e-01 2.495072117546422996e-01 6.628203754654173885e-01 2.337859619168587422e-01 6.023067834801117959e-01
1.852874903677975693e-01 4.703846834260547727e-01 2.737048327284958282e-01 4.410234647968609423e-01 4.117669468080872308e-01 7.447049892586575792e-01 6.783203036925444795e-01 3.097378279921692568e-01 5.592813286113897941e-01 2.370052618994484550e-01 6.221217139891244141e-01 0.000000000000000000e+00 7.625722451285943393e-01 6.110206557664774607e-01 7.159633423544529141e-01 4.635122528135299236e-01 4.488737130537236442e-01 8.240106300990248656e-01 5.036656705815202306e-01 6.809754676032730991e-01 4.437959607408282214e-01 8.629405631318887160e-01 5.668627646608110915e-01 4.625119721640713610e-01 8.406411552539857501e-01 4.700620664564273410e-01 4.392816883251954296e-01 7.801677368545577584e-01 6.174119944237872470e-01 8.732419684727625864e-01 6.393141753642539449e-01 6.182060346075571866e-01 3.308503404787728197e-01 5.798063080560086346e-01 2.855594548220500295e-01
5.803889304648385261e-01 6.229733895100320051e-01 7.169116762850981095e-01 8.471272241723672991e-01 3.428096713555668362e-01 4.587785267969000103e-01 4.049322600538067807e-01 9.651694978702298755e-01 2.736095253361508495e-01 4.345150499443081182e-01 4.844480962964907156e-01 7.625722451285943393e-01 0.000000000000000000e+00 5.553982140284480229e-01 5.648595467449333274e-01 3.791316273560634276e-01 4.826614132140902291e-01 2.433247414937793618e-01 4.596926630680219228e-01 5.741811894787540727e-01 8.004715185816143608e-01 6.761190888802419696e-01 6.256003824517131218e-01 8.246569248543482722e-01 9.482286979919251069e-01 2.768405478790688101e-01 4.439395540683982455e-01 5.573138822211290977e-01 6.011025364228362866e-01 7.008704932310625413e-01 7.023699062790960124e-01 8.395100331605507282e-01 5.631628915642084010e-01 5.719016873733029360e-01 2.923508968401804520e-01
9.452927966732866949e-01 5.362840811059642609e-01 4.575020591687237737e-01 6.138884721600070815e-01 3.547034442230896367e-01 9.368441529449818006e-01 3.526552970048650870e-01 4.948048617089020329e-01 8.185402330899246293e-01 9.589017631231171457e-01 2.296070165110120076e-02 6.110206557664774607e-01 5.553982140284480229e-01 0.000000000000000000e+00 4.843956982100696695e-01 4.952093903990626433e-01 4.034407449713513505e-01 5.208950877307310101e-01 3.288927746717743572e-01 7.537778027541736092e-01 4.745029901414256068e-01 5.209153803684367645e-01 1.369091591397934016e-01 9.112907686143567609e-02 4.224493425065714014e-01 4.611196197170937539e-01 4.275486781272954673e-01 3.360444308524465074e-01 4.657437714746494040e-01 1.830253189882510845e-01 4.649823738570344478e-01 5.267117692802605333e-01 2.293101964304715690e-01 2.832382043886353395e-01 7.098359141163790298e-01
2.361479834656334820e-01 1.678926575574228863e-01 6.462576667819082132e-01 1.978286520155990713e-01 3.393881505969955636e-01 9.166247499850825875e-01 9.329542859574690983e-02 3.226219398569060148e-01 1.812908835874537106e-01 8.778504009177270362e-01 1.436185607547496579e-01 7.159633423544529141e-01 5.648595467449333274e-01 4.843956982100696695e-01 0.000000000000000000e+00 3.063616749804608519e-01 6.393340487753216284e-01 7.239011038251361718e-01 1.402905303106294355e-01 7.971977359384297968e-01 3.189906270498912289e-01 7.369054392268887810e-01 1.874001179180930787e-01 8.070552366650396436e-01 8.677569842421578583e-01 3.712423094223945008e-01 2.504930336750887943e-01 6.608001695069405379e-01 7.526615790174495668e-01 5.203391042281499956e-01 1.624315572558754917e-01 3.118300417137209735e-02 6.001858640784896171e-01 5.072262457223538634e-01 6.686864490598556365e-01
3.402874465468922471e-01 5.621297969102858616e-01 7.637765709063576436e-01 2.536338560920772256e-01 8.660919980281336361e-01 5.605328676098121354e-01 6.730704772882407649e-01 6.259058286923817604e-01 2.552119388968013824e-01 4.877620227201820424e-01 3.222483448459378952e-01 4.635122528135299236e-01 3.791316273560634276e-01 4.952093903990626433e-01 3.063616749804608519e-01 0.000000000000000000e+00 5.979077689725045275e-01 8.772805733087392088e-01 4.674476626057266770e-02 5.800193712155816694e-01 4.186252752209967953e-01 2.723230741592189696e-01 3.924816593539467435e-01 1.766008994140265687e-01 4.746146736767598018e-02 4.387017553011576254e-01 5.145487579543239764e-01 2.799841776368969803e-01 7.177248358127802375e-01 5.496608250586029198e-01 6.749352383224282992e-01 3.353780123533732782e-01 3.513995165339344751e-01 6.992674604605373379e-01 6.726235020559878652e-01
4.440604833210599622e-01 6.299720983960959142e-01 4.005320811920999313e-01 5.829633841056121035e-01 8.261135233001262179e-01 3.879173356341257817e-01 3.995593139395487436e-01 1.873108544598034442e-01 3.870135639064696265e-01 5.412570540521657314e-01 4.784814920251039272e-01 4.488737130537236442e-01 4.826614132140902291e-01 4.034407449713513505e-01 6.393340487753216284e-01 5.979077689725045275e-01 0.000000000000000000e+00 4.533957211085246075e-01 9.284685642404721939e-02 7.306952461034279533e-01 7.215689340914710481e-01 1.197231607873591730e-01 3.738048108003672043e-01 8.083838822849890304e-01 3.398068459531297658e-01 7.754591591582411514e-01 2.391448908739458590e-01 7.284302163559441823e-01 8.302381844727243498e-01 5.101937511618850341e-01 5.183066023969002956e-01 7.748805355652271798e-01 4.610695876152034467e-01 3.597546217804625801e-01 4.301893999997544182e-01
1.043219243156353615e-01 4.953796884826671132e-01 2.807694120542606475e-01 5.055368692439594636e-01 2.924757829565197698e-01 5.336129277511814095e-02 5.573406740673405579e-01 5.430002899698955776e-01 7.721685569022951334e-02 9.021345034417816988e-01 6.227419789655660454e-01 8.240106300990248656e-01 2.433247414937793618e-01 5.208950877307310101e-01 7.239011038251361718e-01 8.772805733087392088e-01 4.533957211085246075e-01 0.000000000000000000e+00 6.360848687200868490e-01 4.424070193527214201e-01 4.454255455302830735e-01 5.216767820939640643e-01 6.627564482010127600e-01 7.329774184238052603e-02 3.637321144648621996e-01 7.996011020567082017e-01 3.267702562400349731e-01 4.292730135656751544e-01 5.602430633377182279e-01 3.034284470876388862e-01 2.144069461974872359e-01 5.342787420822883160e-01 3.150458816096073367e-01 8.186715911286714942e-01 7.014404168693749719e-01
3.109583301571620106e-01 4.923359895083662119e-01 1.155674366175681866e-01 5.454990288440553226e-02 3.996962347720280917e-01 6.511725464690534260e-01 1.877677815712592846e-01 3.002343251596250040e-01 7.103550064816692711e-01 4.942726003220543340e-02 5.058100818050121905e-01 5.036656705815202306e-01 4.596926630680219228e-01 3.288927746717743572e-01 1.402905303106294355e-01 4.674476626057266770e-02 9.284685642404721939e-02 6.360848687200868490e-01 0.000000000000000000e+00 3.473461047900456844e-01 9.068416042396327814e-01 7.546335008205131700e-01 7.946708477805903836e-01 5.310043096670176155e-01 1.710015859453616338e-01 4.872891361482938333e-01 3.323781966737739957e-01 2.673721091341805245e-01 6.527602352778920647e-01 9.368948973380883949e-01 1.053853363188707037e-01 7.988668475151368131e-01 5.621189246532216632e-01 4.410350200705274171e-01 5.793981699260846163e-01
3.936866799795299965e-01 5.044526580390475967e-01 6.972684586325683664e-01 4.834547516187528426e-01 4.115099793974420495e-01 1.900346616185089044e-01 7.503352390161980301e-01 2.889515742697322254e-01 9.013119270023602914e-01 2.343493534537235412e-01 8.035454464197188118e-01 6.809754676032730991e-01 5.741811894787540727e-01 7.537778027541736092e-01 7.971977359384297968e-01 5.800193712155816694e-01 7.306952461034279533e-01 4.424070193527214201e-01 3.473461047900456844e-01 0.000000000000000000e+00 6.382706868731709005e-01 4.470873866034918431e-01 4.549037436754047592e-01 4.342862240624000281e-01 3.283546099020394071e-01 5.587803905417474404e-01 4.909356606224483111e-01 4.774616199540689943e-01 4.382674615152226116e-01 4.903477576582926378e-01 1.527472560553216896e-01 4.508967677405220087e-01 5.818727676822772477e-01 1.789933708169880733e-01 4.680037818678715600e-01
3.075216377939264389e-01 5.623556783990377728e-01 4.558514254706789171e-01 4.863741729308968531e-01 7.271693930147955509e-01 8.659814675027643904e-01 3.711999711195611007e-01 6.239065322176982065e-01 5.717236229356571497e-01 6.311027278800828144e-01 6.392512502572963440e-01 4.437959607408282214e-01 8.004715185816143608e-01 4.745029901414256068e-01 3.189906270498912289e-01 4.186252752209967953e-01 7.215689340914710481e-01 4.454255455302830735e-01 9.068416042396327814e-01 6.382706868731709005e-01 0.000000000000000000e+00 3.225281296336686698e-01 6.036868968811515135e-02 7.472271571204265328e-01 2.381364517374962575e-01 6.770481824675708138e-01 3.909491732658403329e-01 6.612938808632637944e-01 4.426011085544734325e-01 6.597883158080974919e-01 9.109031394489008893e-02 4.069740335637744844e-01 7.044416697480643252e-01 9.178019832525601274e-01 5.254276001893560810e-01
8.325089106879290934e-01 7.173133174516123090e-01 8.139961312367174351e-01 1.217106316313670833e-01 3.029268609694899528e-01 5.814881614845568425e-01 5.913729255323181278e-01 1.734320587387329082e-01 3.637287940466508163e-01 1.756111371639262897e-01 3.952582414185179527e-01 8.629405631318887160e-01 6.761190888802419696e-01 5.209153803684367645e-01 7.369054392268887810e-01 2.723230741592189696e-01 1.197231607873591730e-01 5.216767820939640643e-01 7.546335008205131700e-01 4.470873866034918431e-01 3.225281296336686698e-01 0.000000000000000000e+00 8.559322293867974718e-01 2.155600604182713598e-01 3.856791720883568919e-01 2.867165779190177788e-01 4.729030570975809034e-01 2.397263061735470657e-01 4.649115632699403200e-01 7.035233632561987971e-02 5.356985133946329247e-01 8.891863204259309317e-01 4.362322539280548139e-01 5.288328536534501190e-01 7.782293693144672897e-01
4.058633361483861002e-01 4.541590812840825553e-01 7.662564738803975262e-01 4.570528065899781001e-01 6.929663941957089346e-01 6.774001063707906223e-01 6.608436379961759588e-01 3.313710569189747823e-01 2.316310800690950522e-01 5.028717106872671039e-01 5.085164596055771202e-01 5.668627646608110915e-01 6.256003824517131218e-01 1.369091591397934016e-01 1.874001179180930787e-01 3.924816593539467435e-01 3.738048108003672043e-01 6.627564482010127600e-01 7.946708477805903836e-01 4.549037436754047592e-01 6.036868968811515135e-02 8.559322293867974718e-01 0.000000000000000000e+00 6.062939519142813705e-01 1.486011663609002609e-01 4.330196467868221433e-01 6.407289249946925835e-01 5.305327704135527345e-01 2.901681191945648108e-01 3.731280065145482494e-01 2.204443287208563973e-01 2.593396922520502246e-01 4.963581836684757831e-01 1.144427900888999039e-01 1.199510423957961258e-01
4.470133842946372726e-01 3.963918857909571325e-01 5.045284595308108244e-01 4.964195575723678866e-01 7.184644722184514443e-01 4.468669979237853696e-01 6.547848255161772268e-01 5.527629994269092073e-01 3.845688951989828519e-01 7.014281167393756622e-01 3.811843805165276988e-01 4.625119721640713610e-01 8.246569248543482722e-01 9.112907686143567609e-02 8.070552366650396436e-01 1.766008994140265687e-01 8.083838822849890304e-01 7.329774184238052603e-02 5.310043096670176155e-01 4.342862240624000281e-01 7.472271571204265328e-01 2.155600604182713598e-01 6.062939519142813705e-01 0.000000000000000000e+00 4.760099688386197347e-01 4.535662796605758884e-01 4.231983630125394358e-01 4.811939453458300431e-01 4.807558296413302901e-01 5.209035015844787342e-01 1.321632032102860732e-01 7.742062219173877491e-01 5.427404097726127308e-01 3.742420664841174527e-01 4.151612997575252484e-01
3.770234397828506334e-01 5.428296838075949982e-01 3.611325100784977260e-01 3.574914901126000077e-01 4.197094252170097683e-01 8.352412102758013379e-01 5.796588837239757819e-01 3.850687401931770504e-01 6.132213065610072622e-01 6.317917451199743795e-01 7.705392968747555305e-01 8.406411552539857501e-01 9.482286979919251069e-01 4.224493425065714014e-01 8.677569842421578583e-01 4.746146736767598018e-02 3.398068459531297658e-01 3.637321144648621996e-01 1.710015859453616338e-01 3.283546099020394071e-01 2.381364517374962575e-01 3.856791720883568919e-01 1.486011663609002609e-01 4.760099688386197347e-01 0.000000000000000000e+00 1.303578436281790376e-01 2.783299425704295338e-01 4.461603657884053442e-01 7.714741100697253273e-01 7.180540784041870017e-01 4.528585067381825091e-01 3.644422840317567136e-01 7.176345166018693877e-01 3.271989475255059343e-01 4.563328696516237293e-01
1.579027890947868329e-01 7.399927897486635597e-01 5.262034037074536652e-01 5.808229997887939255e-01 4.158970675077928725e-01 5.694095104036014376e-01 4.112446690320561982e-01 9.000885621320485752e-01 5.920343741452166464e-01 4.531149199889397683e-01 7.289356000403800495e-01 4.700620664564273410e-01 2.768405478790688101e-01 4.611196197170937539e-01 3.712423094223945008e-01 4.387017553011576254e-01 7.754591591582411514e-01 7.996011020567082017e-01 4.872891361482938333e-01 5.587803905417474404e-01 6.770481824675708138e-01 2.867165779190177788e-01 4.330196467868221433e-01 4.535662796605758884e-01 1.303578436281790376e-01 0.000000000000000000e+00 3.695991104307111419e-01 7.318715266148552168e-01 3.195133039866306923e-01 6.089300972308090421e-01 6.196297786180726686e-01 8.417252727010122726e-01 3.583562891565035824e-01 5.026981703964610304e-01 2.691366623221679300e-01
2.507748039003321883e-01 3.044519859956746899e-01 4.579352682923006346e-01 9.188502860353904289e-01 5.772076664045296956e-01 7.834135116832440238e-01 7.569337621491520895e-01 2.379947814341192291e-01 5.452529060495533431e-01 6.190989248967075920e-01 2.443244347483463086e-01 4.392816883251954296e-01 4.439395540683982455e-01 4.275486781272954673e-01 2.504930336750887943e-01 5.145487579543239764e-01 2.391448908739458590e-01 3.267702562400349731e-01 3.323781966737739957e-01 4.909356606224483111e-01 3.909491732658403329e-01 4.729030570975809034e-01 6.407289249946925835e-01 4.231983630125394358e-01 2.783299425704295338e-01 3.695991104307111419e-01 0.000000000000000000e+00 2.710250608002703898e-01 3.837447338921203266e-01 5.315243551211633610e-01 2.910300460644166254e-01 3.770329133804292132e-01 4.672525462658028150e-02 2.449883439314817779e-01 4.632804356871902396e-01
4.388966098369743163e-01 6.236972761828718514e-01 5.548703010997652063e-01 7.184134292581842995e-01 4.437861990506911658e-01 3.855311013721793301e-01 7.629477420463250947e-01 4.144242782833854610e-01 4.281425798384136949e-01 7.203794257150226699e-01 4.291561235269666374e-01 7.801677368545577584e-01 5.573138822211290977e-01 3.360444308524465074e-01 6.608001695069405379e-01 2.799841776368969803e-01 7.284302163559441823e-01 4.292730135656751544e-01 2.673721091341805245e-01 4.774616199540689943e-01 6.612938808632637944e-01 2.397263061735470657e-01 5.305327704135527345e-01 4.811939453458300431e-01 4.461603657884053442e-01 7.318715266148552168e-01 2.710250608002703898e-01 0.000000000000000000e+00 9.521945904181742248e-01 8.383512768928925718e-01 4.287230587485361122e-01 4.901835889641093513e-01 2.980219337509765198e-01 3.269499553624106714e-01 5.415334107503209093e-01
2.988009572735867980e-01 6.816531856176523130e-01 6.501085262217922711e-01 4.733776240544900205e-01 3.185468438149455794e-01 3.270284577059664466e-01 7.498649673151072115e-01 6.437089992846003472e-01 2.311874043767546683e-01 5.379833534458454691e-01 4.519134746197368546e-01 6.174119944237872470e-01 6.011025364228362866e-01 4.657437714746494040e-01 7.526615790174495668e-01 7.177248358127802375e-01 8.302381844727243498e-01 5.602430633377182279e-01 6.527602352778920647e-01 4.382674615152226116e-01 4.426011085544734325e-01 4.649115632699403200e-01 2.901681191945648108e-01 4.807558296413302901e-01 7.714741100697253273e-01 3.195133039866306923e-01 3.837447338921203266e-01 9.521945904181742248e-01 0.000000000000000000e+00 8.603774799218932845e-01 4.287307699980449360e-01 3.908100969242160883e-01 4.072859565868122145e-01 4.578155772173854166e-01 2.985224478076498045e-01
5.096986533245039253e-01 7.837112142854723018e-01 6.115143595730518911e-01 4.541820776143808414e-01 1.700607820375894530e-01 6.332397140925605239e-01 6.835888514987447095e-01 3.349369602045279004e-01 1.946099469881293897e-01 5.010270890176239389e-01 2.437611435083000821e-01 8.732419684727625864e-01 7.008704932310625413e-01 1.830253189882510845e-01 5.203391042281499956e-01 5.496608250586029198e-01 5.101937511618850341e-01 3.034284470876388862e-01 9.368948973380883949e-01 4.903477576582926378e-01 6.597883158080974919e-01 7.035233632561987971e-02 3.731280065145482494e-01 5.209035015844787342e-01 7.180540784041870017e-01 6.089300972308090421e-01 5.315243551211633610e-01 8.383512768928925718e-01 8.603774799218932845e-01 0.000000000000000000e+00 4.881434057556789941e-01 1.994000634635224589e-01 7.798699924073793088e-02 6.589347943074054248e-01 2.868475505066662157e-01
7.685350643768613654e-01 3.811616677331155500e-01 4.999735200364564536e-01 1.258461529880137153e-01 5.597139673610598276e-01 7.653313906020784430e-01 6.449064148474088487e-01 3.512849216534730257e-02 3.690717769904076073e-01 6.605882524823325497e-02 7.640351113332892741e-01 6.393141753642539449e-01 7.023699062790960124e-01 4.649823738570344478e-01 1.624315572558754917e-01 6.749352383224282992e-01 5.183066023969002956e-01 2.144069461974872359e-01 1.053853363188707037e-01 1.527472560553216896e-01 9.109031394489008893e-02 5.356985133946329247e-01 2.204443287208563973e-01 1.321632032102860732e-01 4.528585067381825091e-01 6.196297786180726686e-01 2.910300460644166254e-01 4.287230587485361122e-01 4.287307699980449360e-01 4.881434057556789941e-01 0.000000000000000000e+00 5.591620808323056746e-01 9.516923565109554062e-01 2.616768882764096693e-01 4.703906839163548015e-01
3.736580419001555020e-01 4.320284366489356431e-01 2.513535108719472944e-01 5.211055220355471640e-01 5.524086211279034542e-01 3.639930354669704826e-01 4.123680047030912066e-01 8.207419444879301418e-01 4.243926717388639136e-01 3.997675479132781207e-01 2.495072117546422996e-01 6.182060346075571866e-01 8.395100331605507282e-01 5.267117692802605333e-01 3.118300417137209735e-02 3.353780123533732782e-01 7.748805355652271798e-01 5.342787420822883160e-01 7.988668475151368131e-01 4.508967677405220087e-01 4.069740335637744844e-01 8.891863204259309317e-01 2.593396922520502246e-01 7.742062219173877491e-01 3.644422840317567136e-01 8.417252727010122726e-01 3.770329133804292132e-01 4.901835889641093513e-01 3.908100969242160883e-01 1.994000634635224589e-01 5.591620808323056746e-01 0.000000000000000000e+00 9.306043258844258759e-01 8.034035586775319926e-01 5.950300496456226718e-01
3.958310581648535331e-01 4.413280090996218874e-01 8.436951950089408570e-01 2.812372208124844786e-01 3.679655549334053810e-01 3.733982930784241483e-01 4.921713467652676366e-01 7.341809302373372148e-01 4.681062233438875730e-01 6.477119945677891621e-01 6.628203754654173885e-01 3.308503404787728197e-01 5.631628915642084010e-01 2.293101964304715690e-01 6.001858640784896171e-01 3.513995165339344751e-01 4.610695876152034467e-01 3.150458816096073367e-01 5.621189246532216632e-01 5.818727676822772477e-01 7.044416697480643252e-01 4.362322539280548139e-01 4.963581836684757831e-01 5.427404097726127308e-01 7.176345166018693877e-01 3.583562891565035824e-01 4.672525462658028150e-02 2.980219337509765198e-01 4.072859565868122145e-01 7.798699924073793088e-02 9.516923565109554062e-01 9.306043258844258759e-01 0.000000000000000000e+00 3.382568327839724498e-01 8.201282811815238105e-01
6.061137901725325294e-01 6.478424328123872922e-01 1.938097177607923660e-01 2.879150458196260143e-01 2.339070037791870504e-01 7.621971986720050829e-01 2.274548844825676763e-01 3.500560950151541117e-01 4.308417463707762685e-01 5.044295995092944462e-01 2.337859619168587422e-01 5.798063080560086346e-01 5.719016873733029360e-01 2.832382043886353395e-01 5.072262457223538634e-01 6.992674604605373379e-01 3.597546217804625801e-01 8.186715911286714942e-01 4.410350200705274171e-01 1.789933708169880733e-01 9.178019832525601274e-01 5.288328536534501190e-01 1.144427900888999039e-01 3.742420664841174527e-01 3.271989475255059343e-01 5.026981703964610304e-01 2.449883439314817779e-01 3.269499553624106714e-01 4.578155772173854166e-01 6.589347943074054248e-01 2.616768882764096693e-01 8.034035586775319926e-01 3.382568327839724498e-01 0.000000000000000000e+00 5.449145991379473752e-01
6.934036430427268360e-01 6.325525861218972423e-01 7.215123991720515662e-01 7.622136303667123025e-01 5.186433318597640785e-01 5.069827221046513399e-01 5.317582186783734732e-01 1.207442431029427388e-01 4.370400963770489922e-01 5.585108880690257127e-01 6.023067834801117959e-01 2.855594548220500295e-01 2.923508968401804520e-01 7.098359141163790298e-01 6.686864490598556365e-01 6.726235020559878652e-01 4.301893999997544182e-01 7.014404168693749719e-01 5.793981699260846163e-01 4.680037818678715600e-01 5.254276001893560810e-01 7.782293693144672897e-01 1.199510423957961258e-01 4.151612997575252484e-01 4.563328696516237293e-01 2.691366623221679300e-01 4.632804356871902396e-01 5.415334107503209093e-01 2.985224478076498045e-01 2.868475505066662157e-01 4.703906839163548015e-01 5.950300496456226718e-01 8.201282811815238105e-01 5.449145991379473752e-01 0.000000000000000000e+00
