0.000000000000000000e+00 1.131060541798131203e-01 4.890945540843463779e-01 3.964112283184287322e-01 7.889109350714178515e-01 7.567337410025560818e-01 8.899804852833899105e-01 5.010051865881641753e-01 8.316828689877879821e-01 9.622345405224388415e-01 8.858455130723634774e-01 7.832062263614478770e-01 6.688084395067011023e-01 1.476198687722680702e-01 8.447919157646264221e-01 8.417231890891296864e-02 3.091146336925063021e-01 6.115129031482444688e-01 3.568699807221512588e-01 6.402299388138175118e-01 2.700625782444553424e-01 9.192460963939768082e-01 8.943657188743363573e-01 9.029425325472254515e-01 2.506763380234015015e-01 7.855378988236185744e-01 5.503412081824119451e-01 2.958678245088577352e-01 3.892006248444075389e-01 2.292212242019876500e-01 2.352862321982840954e-01 5.852979812136793747e-01 7.122843108873611051e-01 7.867967688702831586e-01 5.134642603999126642e-01
1.131060541798131203e-01 0.000000000000000000e+00 6.066405395644391962e-01 5.114799840331401004e-01 4.808228633989104495e-01 2.398307853243502041e-01 5.234339246389254630e-01 4.861522944179448302e-01 1.460030083615989627e-01 6.113167313075060783e-01 7.326584974255430094e-01 6.072859067862360627e-01 5.906496140059671607e-01 6.042071218913420694e-01 4.676280588929073168e-01 2.848168273598555844e-01 8.667870131011085055e-01 8.232720312246508687e-01 4.990334089346497581e-01 4.772014914733652136e-01 5.209813053453233866e-01 5.369225404145583358e-02 7.998897631816532794e-01 7.376408077398173280e-01 4.665960630905197637e-01 8.907577581211459927e-01 4.400722288023197759e-01 3.166920064550334812e-01 7.376327075276689627e-01 6.779076577695013484e-01 3.960744212204599379e-01 5.621340984288156761e-01 7.829806843455843213e-01 9.283434531438070625e-01 5.104231878593843419e-01
4.890945540843463779e-01 6.066405395644391962e-01 0.000000000000000000e+00 7.214038818152628263e-01 7.761170761119690065e-01 5.984718689413119908e-01 4.258691812826044254e-01 8.430347443916407224e-01 8.854842557026747496e-01 5.739687394132043652e-01 5.294119385309801196e-01 3.828587209729156227e-01 8.504203736890550980e-01 4.855662270554189641e-01 4.701523023135164570e-01 6.725817677034391373e-01 5.580529394281277256e-01 2.988198271177057164e-01 4.089185481651966825e-01 9.269279396022738204e-01 3.946387066815685296e-01 8.778159035223673801e-01 9.196949543331484067e-01 6.164952669518302120e-01 4.257187352878813447e-01 3.357418981414568293e-01 3.643076129328828294e-01 2.926894190261225548e-01 2.951781745684133318e-01 8.012409779541501686e-01 7.812236461695507561e-01 4.963884412835950499e-01 5.529738667171136823e-01 4.733413983543153236e-01 8.844323826488468265e-01
3.964112283184287322e-01 5.114799840331401004e-01 7.214038818152628263e-01 0.000000000000000000e+00 5.610448658838815827e-01 7.947294535669913174e-01 7.383873311085293878e-01 6.529800513352268521e-01 6.415234583678223190e-01 8.431265243717290803e-01 5.037581336937966281e-01 4.787675395439490167e-01 7.033110080512826601e-01 1.746350475721220041e-01 5.115183524697872741e-01 8.095218561720864958e-01 1.886462123602895558e-01 3.266198271026358180e-01 2.649006944619951565e-01 3.055952545810221022e-01 4.416235784643698370e-01 5.732183096242645659e-01 5.597284135141723516e-01 4.128989030128564219e-01 3.486719605760374430e-01 6.134262709902373878e-01 5.604732607353692941e-01 4.676566106619212126e-02 5.464368595987595389e-01 3.585870113828301120e-01 1.793910371778357771e-01 4.976226731676525739e-01 5.600959303791782640e-01 8.448952376522518293e-01 6.578155664387302926e-01
7.889109350714178515e-01 4.808228633989104495e-01 7.761170761119690065e-01 5.610448658838815827e-01 0.000000000000000000e+00 3.257797321008067959e-01 4.022356035472235414e-01 5.841103391095447961e-01 8.984857991263917043e-03 3.768712575087502792e-01 2.813979856550662961e-01 4.843378488519170522e-01 4.191967193872741526e-01 5.238671089306028428e-01 8.195568669249232441e-01 5.789413663058421422e-01 9.692312121731798680e-01 6.489369337199786258e-01 1.956675523707270825e-01 1.790055996824246876e-01 5.183671281255700647e-01 7.704802520798681442e-01 7.865592928605023015e-01 4.330407105113133204e-01 5.545706676684978298e-01 5.676878887099288118e-01 3.169790644577415439e-01 3.511954245867097146e-01 5.537115752414367709e-01 6.141234980409169264e-01 3.495709717997147470e-01 5.727470455022144469e-01 2.914731414825093569e-01 5.691466270700260566e-01 3.830721836741293185e-01
7.567337410025560818e-01 2.398307853243502041e-01 5.984718689413119908e-01 7.947294535669913174e-01 3.257797321008067959e-01 0.000000000000000000e+00 5.624013248287799138e-01 7.349488113042225157e-01 5.224686463654129032e-01 6.607420379014862233e-01 8.575901067742909278e-01 5.684598906818358888e-01 5.263315444523443132e-01 2.658903317388254250e-01 6.865873261916028980e-01 5.809358394830941297e-01 4.309591832700543357e-01 5.926520956733652978e-01 3.184256630596175031e-01 4.663325422803257236e-01 5.620434670964987722e-01 7.070738648197483212e-01 5.409492744958168675e-01 4.002860908768792192e-01 9.324395401326648347e-01 8.645860174626920358e-01 3.003755375034976582e-01 4.297681936007482495e-01 5.073372234567423700e-01 5.357178991434216053e-01 2.924123526603600309e-01 8.788850297875926421e-01 6.485942258001204941e-01 4.976561968377320455e-01 2.608799657585059717e-01
8.899804852833899105e-01 5.234339246389254630e-01 4.258691812826044254e-01 7.383873311085293878e-01 4.022356035472235414e-01 5.624013248287799138e-01 0.000000000000000000e+00 9.808777900579348508e-01 6.849500857225117034e-01 8.224388083201419342e-01 6.395728630033512552e-01 5.039754873714260563e-01 7.486117480558551751e-01 5.142659537445043449e-01 4.254520373501677888e-01 8.697116098361146186e-01 8.006085265954567820e-01 5.217376812562279920e-01 4.522826327161306725e-01 1.473327216503943493e-01 6.740667299391733813e-02 3.015552744819510744e-02 7.002327351993158366e-01 6.843884809666462843e-01 4.383755234768767495e-01 8.772317237004850776e-01 5.638867056693857016e-01 4.914818586360181207e-01 8.000056067893182021e-01 2.823474474601492812e-01 7.797730328617219486e-01 2.562408681883033834e-01 8.781980946938550137e-01 4.431427645606682564e-01 1.084085504735158301e-01
5.010051865881641753e-01 4.861522944179448302e-01 8.430347443916407224e-01 6.529800513352268521e-01 5.841103391095447961e-01 7.349488113042225157e-01 9.808777900579348508e-01 0.000000000000000000e+00 4.079352292639391031e-01 6.765710082954174975e-01 3.030014705729446867e-01 7.242604670901885422e-01 3.442594659784927735e-01 3.127088652392685519e-01 4.482880601535581544e-01 6.525723020350414627e-01 4.403028374663444655e-01 6.451933210131758356e-01 2.880087766848368203e-01 5.038580426736494200e-01 9.796032544418598054e-02 1.817763407055580371e-01 3.541002032216643003e-01 5.834901578871098948e-02 6.632805778532098184e-01 4.645138208531434110e-01 4.035626953561449182e-01 8.911490579072296470e-01 3.147107954644581262e-01 4.353670820021088850e-01 3.034848414577168141e-01 4.049254677464321217e-01 7.348978557017249447e-01 8.334400208395720266e-01 7.269085254746997515e-01
8.316828689877879821e-01 1.460030083615989627e-01 8.854842557026747496e-01 6.415234583678223190e-01 8.984857991263917043e-03 5.224686463654129032e-01 6.849500857225117034e-01 4.079352292639391031e-01 0.000000000000000000e+00 5.118275208470306481e-01 8.235555785661599071e-01 5.310457933101297989e-01 3.070610095684548346e-01 4.830946212633243086e-01 8.604101172913452000e-01 4.153225521509612550e-01 8.039504998335174069e-01 4.444916104216416475e-01 6.040765150493159208e-01 7.368239507641854980e-01 4.545455938126924389e-01 5.441778564709909283e-02 8.674299073604582189e-01 5.467146948091663461e-01 3.971717553764516628e-01 6.900481662058406407e-01 6.747219132771586914e-01 9.042937986140311413e-01 4.913415512709046751e-01 3.285132686712874950e-01 2.982302391039181044e-01 3.925168986000300286e-01 7.664664177683165880e-01 4.601211130064895571e-01 8.744216238475726044e-01
9.622345405224388415e-01 6.113167313075060783e-01 5.739687394132043652e-01 8.431265243717290803e-01 3.768712575087502792e-01 6.607420379014862233e-01 8.224388083201419342e-01 6.765710082954174975e-01 5.118275208470306481e-01 0.000000000000000000e+00 8.668652953161330998e-01 9.531032055225330257e-01 7.944476481310942528e-01 1.628678972880575060e-01 3.383760916177731559e-01 4.314341038153270969e-01 8.199245790638987064e-01 5.749155296327421727e-01 2.111913418617525906e-01 6.854472746673493377e-01 4.787029313359736360e-01 4.507699001418456475e-01 4.579035238107616590e-01 8.514299099188105124e-01 4.374426450532979960e-01 2.201684583509123661e-01 6.114322674774566035e-01 5.607239245798665284e-01 5.794330156935024734e-01 7.711149904622474072e-01 3.898963660513683482e-01 7.790226211096820119e-01 2.107536937005746736e-01 5.010021979735076458e-01 5.225910907755102475e-01
8.858455130723634774e-01 7.326584974255430094e-01 5.294119385309801196e-01 5.037581336937966281e-01 2.813979856550662961e-01 8.575901067742909278e-01 6.395728630033512552e-01 3.030014705729446867e-01 8.235555785661599071e-01 8.668652953161330998e-01 0.000000000000000000e+00 5.143708735074514760e-01 9.028811981886568638e-01 4.896560769785303080e-01 5.010938029802565197e-01 4.350700482310271289e-01 5.087573200097837978e-01 1.559355607001331467e-01 7.918757972837278114e-01 4.095119986393587763e-01 9.307768261601115922e-01 4.191330134762675241e-01 7.380630095211946351e-01 7.061742002557416242e-01 6.428001509530190116e-01 1.726665053935773075e-01 7.125935596383512483e-01 2.650846975583472931e-01 7.592306866740767823e-01 8.794648693141562390e-01 4.446838897644468380e-01 4.563035488428112130e-01 7.339220860072347419e-01 8.033414479566913791e-01 2.777631820907509042e-01
7.832062263614478770e-01 6.072859067862360627e-01 3.828587209729156227e-01 4.787675395439490167e-01 4.843378488519170522e-01 5.684598906818358888e-01 5.039754873714260563e-01 7.242604670901885422e-01 5.310457933101297989e-01 9.531032055225330257e-01 5.143708735074514760e-01 0.000000000000000000e+00 7.752814365152070897e-01 3.434955944297601871e-01 9.560439851662145827e-01 8.916363701115734841e-01 8.489423564878297856e-01 1.533933276916359389e-01 5.124221194896023679e-01 7.770026472559570241e-01 5.932591334170465025e-01 5.334902529129521564e-01 8.910342141088034573e-01 5.597865167424227462e-01 1.648296714852703904e-01 8.669670434695848638e-01 8.749719303965770578e-01 3.572005761928132572e-01 3.736745674526748551e-01 7.678013557101059927e-01 9.714058279951517383e-01 4.912764655855416662e-01 8.024812436176238517e-01 6.249455748373219377e-01 8.669581165962265690e-01
6.688084395067011023e-01 5.906496140059671607e-01 8.504203736890550980e-01 7.033110080512826601e-01 4.191967193872741526e-01 5.263315444523443132e-01 7.486117480558551751e-01 3.442594659784927735e-01 3.070610095684548346e-01 7.944476481310942528e-01 9.028811981886568638e-01 7.752814365152070897e-01 0.000000000000000000e+00 4.342051644813689215e-01 6.932481054944255039e-01 4.560296798746135138e-01 2.238558255074903358e-01 8.659750720344709940e-01 4.970395998605005028e-01 6.522123058257108807e-01 4.593473316238604887e-01 3.737621002103610479e-01 2.251465013289486727e-01 7.515452607254051731e-01 8.947357294713681464e-01 3.939077701930767672e-01 3.492482213073936359e-01 7.064316970487261038e-02 2.982235753368409625e-01 8.242827056681453213e-01 5.332546802030890820e-01 6.679039758760092482e-01 5.388254626204638242e-01 6.001832757795241280e-01 5.798219306033343123e-01
1.476198687722680702e-01 6.042071218913420694e-01 4.855662270554189641e-01 1.746350475721220041e-01 5.238671089306028428e-01 2.658903317388254250e-01 5.142659537445043449e-01 3.127088652392685519e-01 4.830946212633243086e-01 1.628678972880575060e-01 4.896560769785303080e-01 3.434955944297601871e-01 4.342051644813689215e-01 0.000000000000000000e+00 1.980689202954675210e-01 4.777300687465720896e-01 9.024245387754048497e-01 5.784657966065871459e-01 5.953689272489303130e-01 1.131185269739093391e-01 5.930842346093926354e-01 1.229763949982330962e-01 7.607740939118844414e-01 8.528072455732289558e-01 2.262386926062592007e-01 4.900232436566369643e-01 7.793352313591072056e-01 4.997199589708946621e-01 7.234502869136311132e-01 6.040771019897840377e-01 5.095119429847169146e-01 6.161998953622740416e-01 7.684313909860853720e-01 5.476029268182791565e-01 2.388850630599775871e-01
8.447919157646264221e-01 4.676280588929073168e-01 4.701523023135164570e-01 5.115183524697872741e-01 8.195568669249232441e-01 6.865873261916028980e-01 4.254520373501677888e-01 4.482880601535581544e-01 8.604101172913452000e-01 3.383760916177731559e-01 5.010938029802565197e-01 9.560439851662145827e-01 6.932481054944255039e-01 1.980689202954675210e-01 0.000000000000000000e+00 6.434346894047748844e-01 2.704451305784457138e-01 8.082179091131973525e-01 4.316812166560142772e-01 5.016145346392428817e-01 5.974038257023850385e-01 5.428190817791282985e-01 6.687895598515213313e-01 9.324902196839142121e-01 2.123815371253523487e-02 8.585901756663536499e-01 9.478026478224027551e-01 5.127901804344363601e-01 5.062988072221600300e-01 4.794846728794560642e-01 4.363962452065837105e-01 7.743673333511351675e-01 3.089090380637636857e-01 1.642526854767180078e-01 6.424368106799618339e-01
8.417231890891296864e-02 2.848168273598555844e-01 6.725817677034391373e-01 8.095218561720864958e-01 5.789413663058421422e-01 5.809358394830941297e-01 8.697116098361146186e-01 6.525723020350414627e-01 4.153225521509612550e-01 4.314341038153270969e-01 4.350700482310271289e-01 8.916363701115734841e-01 4.560296798746135138e-01 4.777300687465720896e-01 6.434346894047748844e-01 0.000000000000000000e+00 5.078284141076273572e-01 8.265628065066958907e-01 5.426423669817834750e-01 4.447167591714024648e-01 5.329653846745567858e-01 8.876736105790541398e-01 9.395682012622230683e-01 7.026295633729452428e-01 9.394448853679119305e-01 4.496321919691604885e-01 5.491493447617057377e-01 7.832276531137992714e-01 7.096890183045130307e-01 8.443271628938653350e-01 6.655673781261106647e-01 7.471130583790142055e-01 8.706230588657508651e-01 3.768278922381130269e-01 6.922471233166704874e-02
3.091146336925063021e-01 8.667870131011085055e-01 5.580529394281277256e-01 1.886462123602895558e-01 9.692312121731798680e-01 4.309591832700543357e-01 8.006085265954567820e-01 4.403028374663444655e-01 8.039504998335174069e-01 8.199245790638987064e-01 5.087573200097837978e-01 8.489423564878297856e-01 2.238558255074903358e-01 9.024245387754048497e-01 2.704451305784457138e-01 5.078284141076273572e-01 0.000000000000000000e+00 9.524574952797133509e-01 4.608330264517065400e-01 9.099083923496763537e-01 8.383510653084689235e-01 8.025758701363013836e-01 8.560906542333923674e-01 4.775795828738043092e-01 2.095571247117008484e-01 6.495262516718980361e-01 7.487352584273443412e-01 1.862449747435173109e-01 5.478427477729533868e-01 7.808302545262570948e-01 5.702624812321943626e-01 7.943733971018990259e-01 7.629118644576091679e-01 6.281262460023129268e-02 8.361815545158903795e-01
6.115129031482444688e-01 8.232720312246508687e-01 2.988198271177057164e-01 3.266198271026358180e-01 6.489369337199786258e-01 5.926520956733652978e-01 5.217376812562279920e-01 6.451933210131758356e-01 4.444916104216416475e-01 5.749155296327421727e-01 1.559355607001331467e-01 1.533933276916359389e-01 8.659750720344709940e-01 5.784657966065871459e-01 8.082179091131973525e-01 8.265628065066958907e-01 9.524574952797133509e-01 0.000000000000000000e+00 4.897836125563750365e-01 5.903566366027204193e-01 8.272753865293138720e-01 5.784482175802859727e-01 5.742459428794399745e-01 5.440688522830228191e-01 7.851806521676951700e-01 7.347234269218867464e-01 5.483203788388705258e-01 2.993399463586907672e-01 2.187835045981766091e-01 4.930781786731653904e-01 5.078469740349083050e-01 5.465242634556166657e-01 7.909937900689196777e-01 8.080691806054915993e-01 3.943699917838938696e-01
3.568699807221512588e-01 4.990334089346497581e-01 4.089185481651966825e-01 2.649006944619951565e-01 1.956675523707270825e-01 3.184256630596175031e-01 4.522826327161306725e-01 2.880087766848368203e-01 6.040765150493159208e-01 2.111913418617525906e-01 7.918757972837278114e-01 5.124221194896023679e-01 4.970395998605005028e-01 5.953689272489303130e-01 4.316812166560142772e-01 5.426423669817834750e-01 4.608330264517065400e-01 4.897836125563750365e-01 0.000000000000000000e+00 8.359113026613771424e-01 4.013960520481777428e-01 6.333112493741139826e-01 4.361603183931194172e-01 4.604743841284655304e-01 6.758624570413419574e-01 2.369753504732787786e-01 3.103877084606765369e-01 3.703376911917716230e-01 1.142486502259911774e-01 3.806296268386248904e-01 9.367317901812657333e-01 6.243085914122389335e-01 4.313356615717471310e-01 4.747649927832048866e-01 4.316959844131326163e-01
6.402299388138175118e-01 4.772014914733652136e-01 9.269279396022738204e-01 3.055952545810221022e-01 1.790055996824246876e-01 4.663325422803257236e-01 1.473327216503943493e-01 5.038580426736494200e-01 7.368239507641854980e-01 6.854472746673493377e-01 4.095119986393587763e-01 7.770026472559570241e-01 6.522123058257108807e-01 1.131185269739093391e-01 5.016145346392428817e-01 4.447167591714024648e-01 9.099083923496763537e-01 5.903566366027204193e-01 8.359113026613771424e-01 0.000000000000000000e+00 7.290402031664988680e-01 1.071791337709062653e-01 7.374463754754467804e-01 4.896661525289230932e-01 8.662920660837445386e-01 4.883479164844700127e-01 7.895903389703490260e-01 4.842369244145812712e-01 5.375738460434353883e-01 4.895038098347291866e-01 9.180639753909811684e-01 4.669002908358345083e-01 2.210369399015319480e-01 6.014657780357380856e-01 4.806903518432109057e-01
2.700625782444553424e-01 5.209813053453233866e-01 3.946387066815685296e-01 4.416235784643698370e-01 5.183671281255700647e-01 5.620434670964987722e-01 6.740667299391733813e-02 9.796032544418598054e-02 4.545455938126924389e-01 4.787029313359736360e-01 9.307768261601115922e-01 5.932591334170465025e-01 4.593473316238604887e-01 5.930842346093926354e-01 5.974038257023850385e-01 5.329653846745567858e-01 8.383510653084689235e-01 8.272753865293138720e-01 4.013960520481777428e-01 7.290402031664988680e-01 0.000000000000000000e+00 6.081353365371293673e-01 4.551132014654821756e-01 9.317848462575478719e-01 6.981210044509700285e-01 4.858286351081299581e-01 3.730893661988697874e-01 5.743034478327624370e-01 5.403446332522143791e-01 6.291538155275058219e-01 4.297162410405581667e-01 6.142863676498995229e-01 5.502515213391843130e-01 4.269773220360580934e-01 7.415630786530946761e-01
9.192460963939768082e-01 5.369225404145583358e-02 8.778159035223673801e-01 5.732183096242645659e-01 7.704802520798681442e-01 7.070738648197483212e-01 3.015552744819510744e-02 1.817763407055580371e-01 5.441778564709909283e-02 4.507699001418456475e-01 4.191330134762675241e-01 5.334902529129521564e-01 3.737621002103610479e-01 1.229763949982330962e-01 5.428190817791282985e-01 8.876736105790541398e-01 8.025758701363013836e-01 5.784482175802859727e-01 6.333112493741139826e-01 1.071791337709062653e-01 6.081353365371293673e-01 0.000000000000000000e+00 4.268612023479235185e-01 4.041336995520931619e-01 5.167080245322864807e-01 5.071919501106770811e-01 4.641654382461919415e-01 2.999586283809578258e-01 5.679850677385035462e-01 5.376279730863762207e-01 7.536832520696180593e-01 4.412131244760711946e-01 7.161005231060877385e-01 3.965236138886297779e-01 4.683653415734155834e-01
8.943657188743363573e-01 7.998897631816532794e-01 9.196949543331484067e-01 5.597284135141723516e-01 7.865592928605023015e-01 5.409492744958168675e-01 7.002327351993158366e-01 3.541002032216643003e-01 8.674299073604582189e-01 4.579035238107616590e-01 7.380630095211946351e-01 8.910342141088034573e-01 2.251465013289486727e-01 7.607740939118844414e-01 6.687895598515213313e-01 9.395682012622230683e-01 8.560906542333923674e-01 5.742459428794399745e-01 4.361603183931194172e-01 7.374463754754467804e-01 4.551132014654821756e-01 4.268612023479235185e-01 0.000000000000000000e+00 6.969941658539111629e-01 8.062955171965551227e-01 3.064890200300995349e-01 6.573908217911326179e-01 8.311683059413949026e-01 7.825029293556237109e-01 5.871692604831872941e-01 4.638225141674782170e-01 7.881168298470181410e-01 5.986287044355664833e-02 4.563309094830382273e-01 9.820440101682554879e-01
9.029425325472254515e-01 7.376408077398173280e-01 6.164952669518302120e-01 4.128989030128564219e-01 4.330407105113133204e-01 4.002860908768792192e-01 6.843884809666462843e-01 5.834901578871098948e-02 5.467146948091663461e-01 8.514299099188105124e-01 7.061742002557416242e-01 5.597865167424227462e-01 7.515452607254051731e-01 8.528072455732289558e-01 9.324902196839142121e-01 7.026295633729452428e-01 4.775795828738043092e-01 5.440688522830228191e-01 4.604743841284655304e-01 4.896661525289230932e-01 9.317848462575478719e-01 4.041336995520931619e-01 6.969941658539111629e-01 0.000000000000000000e+00 8.066447069950728466e-01 6.581029973746810313e-01 5.992118588976242943e-01 4.921409967801451124e-01 9.400950922275805866e-01 6.964553189504708586e-01 3.336264742377691439e-01 5.041606818081783015e-01 1.341153798599186153e-01 5.806261634445044617e-01 7.542139071495794767e-01
2.506763380234015015e-01 4.665960630905197637e-01 4.257187352878813447e-01 3.486719605760374430e-01 5.545706676684978298e-01 9.324395401326648347e-01 4.383755234768767495e-01 6.632805778532098184e-01 3.971717553764516628e-01 4.374426450532979960e-01 6.428001509530190116e-01 1.648296714852703904e-01 8.947357294713681464e-01 2.262386926062592007e-01 2.123815371253523487e-02 9.394448853679119305e-01 2.095571247117008484e-01 7.851806521676951700e-01 6.758624570413419574e-01 8.662920660837445386e-01 6.981210044509700285e-01 5.167080245322864807e-01 8.062955171965551227e-01 8.066447069950728466e-01 0.000000000000000000e+00 7.385378606033718984e-01 1.273501719794519760e-01 7.717688593289804277e-01 3.936253697391430828e-01 4.155929357001744151e-01 2.571451056516652622e-01 1.884466870156911167e-01 9.208058464776049945e-01 3.791601476715583674e-01 6.620769486301876228e-01
7.855378988236185744e-01 8.907577581211459927e-01 3.357418981414568293e-01 6.134262709902373878e-01 5.676878887099288118e-01 8.645860174626920358e-01 8.772317237004850776e-01 4.645138208531434110e-01 6.900481662058406407e-01 2.201684583509123661e-01 1.726665053935773075e-01 8.669670434695848638e-01 3.939077701930767672e-01 4.900232436566369643e-01 8.585901756663536499e-01 4.496321919691604885e-01 6.495262516718980361e-01 7.347234269218867464e-01 2.369753504732787786e-01 4.883479164844700127e-01 4.858286351081299581e-01 5.071919501106770811e-01 3.064890200300995349e-01 6.581029973746810313e-01 7.385378606033718984e-01 0.000000000000000000e+00 4.875889265076260304e-01 3.669862100244039027e-01 6.681878066057140853e-01 5.759048712740166831e-01 3.127812087275999575e-01 5.931900040516017159e-01 6.049577948114350789e-01 3.599366373205257208e-01 6.608259056613539073e-01
5.503412081824119451e-01 4.400722288023197759e-01 3.643076129328828294e-01 5.604732607353692941e-01 3.169790644577415439e-01 3.003755375034976582e-01 5.638867056693857016e-01 4.035626953561449182e-01 6.747219132771586914e-01 6.114322674774566035e-01 7.125935596383512483e-01 8.749719303965770578e-01 3.492482213073936359e-01 7.793352313591072056e-01 9.478026478224027551e-01 5.491493447617057377e-01 7.487352584273443412e-01 5.483203788388705258e-01 3.103877084606765369e-01 7.895903389703490260e-01 3.730893661988697874e-01 4.641654382461919415e-01 6.573908217911326179e-01 5.992118588976242943e-01 1.273501719794519760e-01 4.875889265076260304e-01 0.000000000000000000e+00 7.500774732578906479e-01 7.538821554947374715e-01 1.756033012089751599e-01 4.698789784770517897e-01 5.910628955962695663e-01 4.613945029539244236e-01 6.846703004120354707e-01 5.520263427023945901e-01
2.958678245088577352e-01 3.166920064550334812e-01 2.926894190261225548e-01 4.676566106619212126e-02 3.511954245867097146e-01 4.297681936007482495e-01 4.914818586360181207e-01 8.911490579072296470e-01 9.042937986140311413e-01 5.607239245798665284e-01 2.650846975583472931e-01 3.572005761928132572e-01 7.064316970487261038e-02 4.997199589708946621e-01 5.127901804344363601e-01 7.832276531137992714e-01 1.862449747435173109e-01 2.993399463586907672e-01 3.703376911917716230e-01 4.842369244145812712e-01 5.743034478327624370e-01 2.999586283809578258e-01 8.311683059413949026e-01 4.921409967801451124e-01 7.717688593289804277e-01 3.669862100244039027e-01 7.500774732578906479e-01 0.000000000000000000e+00 4.949607317241881965e-01 5.514632948857300931e-01 7.773465407938211502e-01 6.009935230755534263e-01 8.648475877694650205e-02 5.543237895945772875e-01 5.870900414533612999e-01
3.892006248444075389e-01 7.376327075276689627e-01 2.951781745684133318e-01 5.464368595987595389e-01 5.537115752414367709e-01 5.073372234567423700e-01 8.000056067893182021e-01 3.147107954644581262e-01 4.913415512709046751e-01 5.794330156935024734e-01 7.592306866740767823e-01 3.736745674526748551e-01 2.982235753368409625e-01 7.234502869136311132e-01 5.062988072221600300e-01 7.096890183045130307e-01 5.478427477729533868e-01 2.187835045981766091e-01 1.142486502259911774e-01 5.375738460434353883e-01 5.403446332522143791e-01 5.679850677385035462e-01 7.825029293556237109e-01 9.400950922275805866e-01 3.936253697391430828e-01 6.681878066057140853e-01 7.538821554947374715e-01 4.949607317241881965e-01 0.000000000000000000e+00 4.007791177769675084e-01 4.984486551934867449e-01 4.511539800351528351e-01 7.633960835413664547e-01 8.226252108661300522e-01 6.020982211295808906e-01
2.292212242019876500e-01 6.779076577695013484e-01 8.012409779541501686e-01 3.585870113828301120e-01 6.141234980409169264e-01 5.357178991434216053e-01 2.823474474601492812e-01 4.353670820021088850e-01 3.285132686712874950e-01 7.711149904622474072e-01 8.794648693141562390e-01 7.678013557101059927e-01 8.242827056681453213e-01 6.040771019897840377e-01 4.794846728794560642e-01 8.443271628938653350e-01 7.808302545262570948e-01 4.930781786731653904e-01 3.806296268386248904e-01 4.895038098347291866e-01 6.291538155275058219e-01 5.376279730863762207e-01 5.871692604831872941e-01 6.964553189504708586e-01 4.155929357001744151e-01 5.759048712740166831e-01 1.756033012089751599e-01 5.514632948857300931e-01 4.007791177769675084e-01 0.000000000000000000e+00 3.610322592470964764e-01 3.065938871068167870e-01 6.248448798754258071e-02 5.837308055450005639e-01 4.938513813117041962e-01
2.352862321982840954e-01 3.960744212204599379e-01 7.812236461695507561e-01 1.793910371778357771e-01 3.495709717997147470e-01 2.924123526603600309e-01 7.797730328617219486e-01 3.034848414577168141e-01 2.982302391039181044e-01 3.898963660513683482e-01 4.446838897644468380e-01 9.714058279951517383e-01 5.332546802030890820e-01 5.095119429847169146e-01 4.363962452065837105e-01 6.655673781261106647e-01 5.702624812321943626e-01 5.078469740349083050e-01 9.367317901812657333e-01 9.180639753909811684e-01 4.297162410405581667e-01 7.536832520696180593e-01 4.638225141674782170e-01 3.336264742377691439e-01 2.571451056516652622e-01 3.127812087275999575e-01 4.698789784770517897e-01 7.773465407938211502e-01 4.984486551934867449e-01 3.610322592470964764e-01 0.000000000000000000e+00 6.013192808902366737e-01 4.853621898217582720e-01 8.382339678805614813e-01 2.711387854017682786e-01
5.852979812136793747e-01 5.621340984288156761e-01 4.963884412835950499e-01 4.976226731676525739e-01 5.727470455022144469e-01 8.788850297875926421e-01 2.562408681883033834e-01 4.049254677464321217e-01 3.925168986000300286e-01 7.790226211096820119e-01 4.563035488428112130e-01 4.912764655855416662e-01 6.679039758760092482e-01 6.161998953622740416e-01 7.743673333511351675e-01 7.471130583790142055e-01 7.943733971018990259e-01 5.465242634556166657e-01 6.243085914122389335e-01 4.669002908358345083e-01 6.142863676498995229e-01 4.412131244760711946e-01 7.881168298470181410e-01 5.041606818081783015e-01 1.884466870156911167e-01 5.931900040516017159e-01 5.910628955962695663e-01 6.009935230755534263e-01 4.511539800351528351e-01 3.065938871068167870e-01 6.013192808902366737e-01 0.000000000000000000e+00 3.087159793277596820e-01 9.689897848037005712e-01 8.330439230810560147e-01
7.122843108873611051e-01 7.829806843455843213e-01 5.529738667171136823e-01 5.600959303791782640e-01 2.914731414825093569e-01 6.485942258001204941e-01 8.781980946938550137e-01 7.348978557017249447e-01 7.664664177683165880e-01 2.107536937005746736e-01 7.339220860072347419e-01 8.024812436176238517e-01 5.388254626204638242e-01 7.684313909860853720e-01 3.089090380637636857e-01 8.706230588657508651e-01 7.629118644576091679e-01 7.909937900689196777e-01 4.313356615717471310e-01 2.210369399015319480e-01 5.502515213391843130e-01 7.161005231060877385e-01 5.986287044355664833e-02 1.341153798599186153e-01 9.208058464776049945e-01 6.049577948114350789e-01 4.613945029539244236e-01 8.648475877694650205e-02 7.633960835413664547e-01 6.248448798754258071e-02 4.853621898217582720e-01 3.087159793277596820e-01 0.000000000000000000e+00 4.537613877723069011e-01 4.949043284755080818e-01
7.867967688702831586e-01 9.283434531438070625e-01 4.733413983543153236e-01 8.448952376522518293e-01 5.691466270700260566e-01 4.976561968377320455e-01 4.431427645606682564e-01 8.334400208395720266e-01 4.601211130064895571e-01 5.010021979735076458e-01 8.033414479566913791e-01 6.249455748373219377e-01 6.001832757795241280e-01 5.476029268182791565e-01 1.642526854767180078e-01 3.768278922381130269e-01 6.281262460023129268e-02 8.080691806054915993e-01 4.747649927832048866e-01 6.014657780357380856e-01 4.269773220360580934e-01 3.965236138886297779e-01 4.563309094830382273e-01 5.806261634445044617e-01 3.791601476715583674e-01 3.599366373205257208e-01 6.846703004120354707e-01 5.543237895945772875e-01 8.226252108661300522e-01 5.837308055450005639e-01 8.382339678805614813e-01 9.689897848037005712e-01 4.537613877723069011e-01 0.000000000000000000e+00 4.822831782053770278e-01
5.134642603999126642e-01 5.104231878593843419e-01 8.844323826488468265e-01 6.578155664387302926e-01 3.830721836741293185e-01 2.608799657585059717e-01 1.084085504735158301e-01 7.269085254746997515e-01 8.744216238475726044e-01 5.225910907755102475e-01 2.777631820907509042e-01 8.669581165962265690e-01 5.798219306033343123e-01 2.388850630599775871e-01 6.424368106799618339e-01 6.922471233166704874e-02 8.361815545158903795e-01 3.943699917838938696e-01 4.316959844131326163e-01 4.806903518432109057e-01 7.415630786530946761e-01 4.683653415734155834e-01 9.820440101682554879e-01 7.542139071495794767e-01 6.620769486301876228e-01 6.608259056613539073e-01 5.520263427023945901e-01 5.870900414533612999e-01 6.020982211295808906e-01 4.938513813117041962e-01 2.711387854017682786e-01 8.330439230810560147e-01 4.949043284755080818e-01 4.822831782053770278e-01 0.000000000000000000e+00
