0.000000000000000000e+00 4.910275559944069501e-01 3.284791012356617079e-01 3.848218687892499545e-01 6.758832255552977841e-01 6.211727611408734973e-02 1.968706317574361320e-01 8.563358046496123421e-01 8.355873311955975824e-01 1.316271086238315347e-01 7.838127950604228955e-01 6.622521243410175451e-01 8.109080202406380167e-01 5.386457283381369532e-01 3.673883979844684289e-01 4.867223759626528312e-01 4.037106978204588748e-01 7.177528937701966871e-01 4.905998185977894499e-01 4.574795934799555930e-01 8.043021491249529031e-01 5.607032868797380276e-01 3.432049334825513220e-01 5.536576487489470733e-01 6.614209188633392023e-01 8.000708769453206415e-01 4.078223476531938063e-01 6.810233120331905532e-01 4.254421570911859352e-01 7.796088061961724547e-01 4.530641713455770270e-01 4.596028854230153060e-01 3.586700447631585575e-01 5.202172662194272101e-01 5.933135985469577545e-01
4.910275559944069501e-01 0.000000000000000000e+00 9.002669304356579749e-01 3.086055593919931894e-01 3.938654608647682576e-01 6.663752289096520620e-01 9.468267956545708408e-01 3.614125129046807938e-01 1.757640302730874571e-01 6.905568927783115596e-01 8.900138880656284224e-01 4.250362304003251768e-01 3.057159806500129307e-01 4.871378263344370296e-01 6.963633884023532339e-01 6.680108643000955970e-01 3.425367349380306625e-01 7.057254428773207522e-01 5.026105233978408471e-01 2.307308439364768593e-01 2.666438417469152444e-01 5.865683916385231456e-01 4.555500752515035945e-01 2.082326083679276740e-01 8.283428196153088674e-01 3.795765921215246141e-01 8.135103903293369187e-01 5.053346575169264110e-01 8.336389847516401108e-01 3.823666905836002328e-01 6.779517958876090100e-01 4.980480960734340323e-01 3.890952185793833396e-01 5.321819502688051040e-01 4.547554747563790634e-01
3.284791012356617079e-01 9.002669304356579749e-01 0.000000000000000000e+00 2.444515871194764545e-01 6.535044313692370821e-01 6.025752829845183456e-01 7.097776251733867170e-01 6.116783727907093571e-01 5.879931874760279120e-01 5.842566769071528832e-01 7.823159812725813955e-01 3.319684647962191648e-01 3.391896547136532547e-01 3.605618951830112384e-01 6.120108930561395377e-01 8.024520229087050982e-01 3.049872206374854011e-01 8.143791264627382454e-01 5.967762463453021304e-01 7.259404813825189873e-01 5.701111242598244644e-02 9.321447750468403459e-02 4.321917632613943017e-01 3.516389490186090372e-01 6.907426375190780510e-01 4.821247160036240542e-01 7.108479809347033607e-01 3.872004743058873322e-01 6.952484715049553898e-01 6.164266314025298454e-01 5.830535007731713071e-01 6.080875873272448828e-01 3.414810874833962284e-02 2.231077232130967980e-01 5.689744977134624238e-01
3.848218687892499545e-01 3.086055593919931894e-01 2.444515871194764545e-01 0.000000000000000000e+00 4.036526736897905754e-01 6.068628807060352237e-01 8.325966081019130494e-01 5.526230447636066856e-01 3.445628627412018474e-01 6.369324648345038309e-01 3.767821677665237901e-01 7.085968723133073688e-01 2.705153862009556653e-01 4.216837843858962653e-01 7.112864954731469291e-01 8.415708351816686417e-02 7.929260559863964275e-01 6.221770774614410193e-01 3.347095703354475704e-01 2.919265349168598256e-02 7.712228226978974366e-01 8.250116390298589675e-01 1.654149681576918551e-01 3.956439414426236589e-01 4.964669074032592166e-01 4.026103511534526169e-01 4.260747368148439240e-01 7.351458139438372674e-01 8.690668103336813832e-01 4.865844000020855264e-01 6.981763208499143225e-01 4.521611132947360723e-01 8.100875582673980890e-01 3.381837950379230073e-01 3.895724060878427153e-01
6.758832255552977841e-01 3.938654608647682576e-01 6.535044313692370821e-01 4.036526736897905754e-01 0.000000000000000000e+00 4.818523627398646481e-01 5.413058989711621027e-01 3.313418674511304785e-01 4.412273085724562893e-01 3.336932000016151756e-01 4.153160860330086801e-01 8.496589226428946651e-01 8.138900222060826417e-01 2.921023143526158550e-01 6.654355947519881020e-01 3.750841318682205383e-01 6.898620262012199467e-01 8.532437947981938997e-01 6.478895730923204255e-01 8.749445122804204722e-01 4.351407737949979926e-01 9.007478977684413302e-01 3.506061697511255182e-01 2.413569200136334025e-01 6.005157295518290805e-01 7.152242496223336632e-01 5.263851462567396000e-01 6.722587161837820791e-01 8.051813386237454129e-01 4.028704707817726272e-01 7.761738737021044443e-01 3.147996708439900759e-01 2.869742332602488455e-01 6.815121963595147658e-01 3.177411249655001102e-01
6.211727611408734973e-02 6.663752289096520620e-01 6.025752829845183456e-01 6.068628807060352237e-01 4.818523627398646481e-01 0.000000000000000000e+00 6.001328060441836199e-01 5.358068137350963100e-01 7.953492111028210854e-01 6.304630119974222735e-01 4.546353585988003321e-01 3.486043190813309378e-01 7.075109348499352135e-01 8.299343759518040820e-01 5.095688545645513656e-01 4.652904279182342728e-01 5.428955713570090547e-01 7.285795891663511270e-01 6.725048481017601443e-01 7.900274776565822110e-01 5.810939642214227874e-01 2.436273185707177324e-01 4.883759594771726054e-01 4.152847014379802970e-01 5.432804933654082902e-01 6.426463399858566294e-01 3.772687157223828525e-01 3.864014853077477607e-01 5.186438908817933013e-01 6.373787580680116971e-01 3.858735881142046353e-01 7.486319717895054682e-01 5.579374552322365899e-01 6.002136228045957811e-01 4.092907474903074716e-01
1.968706317574361320e-01 9.468267956545708408e-01 7.097776251733867170e-01 8.325966081019130494e-01 5.413058989711621027e-01 6.001328060441836199e-01 0.000000000000000000e+00 5.206921764551841747e-01 6.980864620450399904e-02 6.232268730256670386e-01 8.512893061912575332e-01 5.826993982135804107e-01 7.825202753413614820e-01 5.061417045118499214e-01 3.305397457399117389e-01 3.916440907797553717e-01 4.898151204236448897e-01 4.979474111111999446e-01 6.326124004565958359e-01 3.923126252265473068e-01 3.959909913171664186e-01 6.562886239088240314e-01 1.063286493453916570e-01 7.533317996034593067e-01 8.931652932192182259e-01 8.037931860885073609e-01 5.143602418391378661e-01 1.570588846832292607e-01 4.268366195834342181e-01 8.223093124673402921e-01 4.591271259440815045e-01 1.127062328741508246e-01 5.028308576589877177e-01 5.592453185276698990e-01 4.930626690458499439e-01
8.563358046496123421e-01 3.614125129046807938e-01 6.116783727907093571e-01 5.526230447636066856e-01 3.313418674511304785e-01 5.358068137350963100e-01 5.206921764551841747e-01 0.000000000000000000e+00 4.968258624311870930e-01 4.812352604245005439e-01 5.469529352817177337e-01 4.802486554190958934e-01 8.506738358128593802e-01 4.132969644433788226e-01 5.186686838641600961e-01 5.182051018890665439e-01 7.912191944417028555e-01 8.804819833177197630e-01 8.449277610303773667e-01 4.649341539383431976e-01 8.238556849994713716e-01 6.482603569406146793e-01 4.942143678914871496e-01 2.812953014521991646e-01 8.094711684449990008e-01 4.854601974129259534e-01 8.370827633901197773e-01 9.173509204237295656e-02 8.651686878023798766e-01 8.413029217881313748e-01 6.014545750926589829e-01 6.954572366508718906e-01 6.917057991809765216e-01 7.434505785746211570e-01 8.546609934929352281e-01
8.355873311955975824e-01 1.757640302730874571e-01 5.879931874760279120e-01 3.445628627412018474e-01 4.412273085724562893e-01 7.953492111028210854e-01 6.980864620450399904e-02 4.968258624311870930e-01 0.000000000000000000e+00 4.859604514748397386e-01 6.016441921580308883e-01 1.808861132621989443e-01 1.792467428868498303e-01 9.215641435495705025e-01 4.801521453171501141e-01 4.594315579401885841e-01 5.049248131933723460e-01 7.047976974563125996e-01 5.314827889776360115e-01 8.387543617469914725e-01 3.400131707839838535e-01 6.463404095906848390e-01 3.458884413042004891e-01 8.583037678962595063e-01 3.971412636748381519e-01 4.087071759418668959e-01 3.667099848603450618e-01 9.030192576741412624e-01 8.866844144802363825e-01 4.365556275151117327e-01 6.076115312229093401e-01 7.476349986405580461e-01 7.434320929246533982e-01 5.765035637016524550e-01 6.231049352066143632e-01
1.316271086238315347e-01 6.905568927783115596e-01 5.842566769071528832e-01 6.369324648345038309e-01 3.336932000016151756e-01 6.304630119974222735e-01 6.232268730256670386e-01 4.812352604245005439e-01 4.859604514748397386e-01 0.000000000000000000e+00 3.925575742520148737e-01 2.944170902313347771e-02 6.848003978104790779e-01 5.560135027550573428e-01 4.061212570863646509e-01 1.960504323091218359e-01 3.555979847627838142e-01 8.878115658017080580e-01 6.612216274600126731e-01 5.151194395424453232e-01 2.771530244933968490e-01 6.888632825394551684e-01 6.066335775567175403e-01 7.511565992462279073e-01 9.082020905360457252e-01 3.735185635113729141e-01 4.778401781292144213e-01 2.778305266971060061e-01 8.290531136749184071e-01 5.744282733936760810e-01 5.050596303173694457e-01 8.666610803614387404e-01 4.314532006925473340e-01 4.702505474870153912e-01 1.536070808056226866e-01
7.838127950604228955e-01 8.900138880656284224e-01 7.823159812725813955e-01 3.767821677665237901e-01 4.153160860330086801e-01 4.546353585988003321e-01 8.512893061912575332e-01 5.469529352817177337e-01 6.016441921580308883e-01 3.925575742520148737e-01 0.000000000000000000e+00 6.238438389459661781e-01 7.340839588486096634e-01 1.634873494057317300e-01 8.333401490101228770e-01 6.323341596980430745e-01 7.669884869781611325e-01 6.253260626613668105e-01 9.278659319238482528e-01 3.916320297233946146e-01 5.380206261191070594e-01 6.082138312927204415e-01 9.089536713412349478e-01 8.022648629552600053e-01 6.125493321297031946e-01 5.795544364257833037e-01 3.933552322615036512e-01 6.889831638373823397e-01 6.958423249736267469e-01 7.122404837692655200e-01 8.260550371836896666e-01 8.761334450264214313e-01 2.655659453147167781e-01 7.686416344725505168e-01 4.479591345394977608e-01
6.622521243410175451e-01 4.250362304003251768e-01 3.319684647962191648e-01 7.085968723133073688e-01 8.496589226428946651e-01 3.486043190813309378e-01 5.826993982135804107e-01 4.802486554190958934e-01 1.808861132621989443e-01 2.944170902313347771e-02 6.238438389459661781e-01 0.000000000000000000e+00 8.656803346517361053e-02 7.936132927814123494e-01 3.755954261055585719e-01 1.989181165929829187e-01 2.554360245936271867e-01 8.510594095571619722e-01 8.767731298736467505e-01 4.478547478793145631e-01 8.713676462843433779e-02 7.934522622636578371e-01 4.783356901380580450e-01 3.055652164178789265e-01 2.255499454075110544e-01 4.455642365650628323e-01 2.152630583932166330e-01 5.238278023637247260e-01 7.885322305374118379e-01 7.409858182144768435e-01 7.904653615280976542e-02 2.618793619708075227e-01 4.049554352177504590e-01 5.800991203573686583e-01 3.420563328518756441e-01
8.109080202406380167e-01 3.057159806500129307e-01 3.391896547136532547e-01 2.705153862009556653e-01 8.138900222060826417e-01 7.075109348499352135e-01 7.825202753413614820e-01 8.506738358128593802e-01 1.792467428868498303e-01 6.848003978104790779e-01 7.340839588486096634e-01 8.656803346517361053e-02 0.000000000000000000e+00 3.895525263907878011e-01 4.729455096915480272e-02 6.967100302270503587e-01 2.912203054283508119e-01 6.492347462857541718e-01 5.283018848762769393e-01 8.728161945042209879e-01 1.205897838357149476e-01 6.496712471337164896e-01 5.075616455399820648e-01 6.622729133366657139e-01 9.839650050718318219e-02 1.302425825246857904e-01 5.038100807232944733e-01 3.840186227632704785e-01 2.723175280271954435e-01 8.116599669074295864e-01 7.422722230204935601e-01 6.237091348054100148e-01 1.752600715714446311e-01 9.479204776964889057e-02 2.767895319874501547e-01
5.386457283381369532e-01 4.871378263344370296e-01 3.605618951830112384e-01 4.216837843858962653e-01 2.921023143526158550e-01 8.299343759518040820e-01 5.061417045118499214e-01 4.132969644433788226e-01 9.215641435495705025e-01 5.560135027550573428e-01 1.634873494057317300e-01 7.936132927814123494e-01 3.895525263907878011e-01 0.000000000000000000e+00 4.694999621600701722e-01 2.040765345185984181e-01 6.178575322845409890e-01 6.522798724433270801e-01 5.408042729694093609e-01 9.258830099936313784e-01 5.702266840481972077e-01 1.063942536560803509e-01 6.821591382694502936e-01 8.736777365945045393e-01 8.661976990119142350e-01 5.110333618428911651e-01 7.150135896676832470e-01 8.001525898413558435e-01 4.726573415763087871e-01 3.669325001963205657e-01 8.752451103624470097e-01 7.708128051997563679e-01 9.219196629429420309e-01 8.551292161822793281e-01 8.415447345626190234e-01
3.673883979844684289e-01 6.963633884023532339e-01 6.120108930561395377e-01 7.112864954731469291e-01 6.654355947519881020e-01 5.095688545645513656e-01 3.305397457399117389e-01 5.186686838641600961e-01 4.801521453171501141e-01 4.061212570863646509e-01 8.333401490101228770e-01 3.755954261055585719e-01 4.729455096915480272e-02 4.694999621600701722e-01 0.000000000000000000e+00 4.666818730664898940e-01 3.092643071898640850e-01 4.989121624678701794e-01 4.963749799178141520e-01 4.167025873377619427e-01 9.221846828351273340e-01 5.776694789590627321e-01 3.320879630092084533e-01 7.388554778248447308e-01 9.534108324054377803e-01 8.021207712822586711e-01 5.653086552655064434e-01 9.114279536728767672e-01 5.474703889666783230e-01 6.913250478212087380e-01 5.710043033420018066e-01 4.529447067238429048e-01 1.805577765072151619e-01 8.815361275262296736e-01 4.724565001008762533e-01
4.867223759626528312e-01 6.680108643000955970e-01 8.024520229087050982e-01 8.415708351816686417e-02 3.750841318682205383e-01 4.652904279182342728e-01 3.916440907797553717e-01 5.182051018890665439e-01 4.594315579401885841e-01 1.960504323091218359e-01 6.323341596980430745e-01 1.989181165929829187e-01 6.967100302270503587e-01 2.040765345185984181e-01 4.666818730664898940e-01 0.000000000000000000e+00 2.008101813918108380e-01 3.205388673727890270e-01 9.325111368035889914e-01 9.828927427462141875e-02 6.033689650474024502e-01 4.461643871493062852e-01 8.734463282203411838e-01 3.961403623774172877e-01 2.425209931147464248e-01 8.859069975253235363e-01 6.698287831369953427e-01 7.160633729696661565e-01 8.146632971184468719e-01 3.496735385088955983e-01 7.683662304214065042e-01 9.326130833718686564e-01 4.778802763396406972e-01 4.979893605303644111e-01 2.971439473127912567e-01
4.037106978204588748e-01 3.425367349380306625e-01 3.049872206374854011e-01 7.929260559863964275e-01 6.898620262012199467e-01 5.428955713570090547e-01 4.898151204236448897e-01 7.912191944417028555e-01 5.049248131933723460e-01 3.555979847627838142e-01 7.669884869781611325e-01 2.554360245936271867e-01 2.912203054283508119e-01 6.178575322845409890e-01 3.092643071898640850e-01 2.008101813918108380e-01 0.000000000000000000e+00 2.405331685549116916e-01 6.004669076919598725e-01 5.014810369176115890e-01 4.048292712519494518e-01 9.241225076244494741e-01 7.485932070128182847e-01 8.712360951478208548e-01 8.929972036886351106e-01 4.898586921911164960e-01 4.205089004785220186e-01 4.159561638717704790e-01 6.505997193061217043e-01 8.985100416533169376e-01 7.620567940447662281e-01 6.956606050867595314e-01 4.787769229548339833e-01 7.314771446613546058e-01 5.798876957220446826e-01
7.177528937701966871e-01 7.057254428773207522e-01 8.143791264627382454e-01 6.221770774614410193e-01 8.532437947981938997e-01 7.285795891663511270e-01 4.979474111111999446e-01 8.804819833177197630e-01 7.047976974563125996e-01 8.878115658017080580e-01 6.253260626613668105e-01 8.510594095571619722e-01 6.492347462857541718e-01 6.522798724433270801e-01 4.989121624678701794e-01 3.205388673727890270e-01 2.405331685549116916e-01 0.000000000000000000e+00 7.753709081770824296e-01 7.748808158818645264e-01 5.212921905024864300e-01 4.267870322324278098e-01 2.249447789277078669e-01 5.247746246324795916e-01 4.969571620217224650e-01 8.275282319053689495e-01 2.186679781218253127e-01 6.402146023318724399e-01 2.885639814190876784e-01 5.492145316106598063e-01 8.307431116962640250e-01 8.699659737023849315e-01 4.336179980359210484e-01 3.845517775948308903e-01 3.870329074691146731e-01
4.905998185977894499e-01 5.026105233978408471e-01 5.967762463453021304e-01 3.347095703354475704e-01 6.478895730923204255e-01 6.725048481017601443e-01 6.326124004565958359e-01 8.449277610303773667e-01 5.314827889776360115e-01 6.612216274600126731e-01 9.278659319238482528e-01 8.767731298736467505e-01 5.283018848762769393e-01 5.408042729694093609e-01 4.963749799178141520e-01 9.325111368035889914e-01 6.004669076919598725e-01 7.753709081770824296e-01 0.000000000000000000e+00 8.384353210030970338e-01 5.766339031021772144e-01 8.940229499278846692e-01 5.577195934620091666e-01 6.670927478558963397e-01 7.287377487590671610e-01 3.590225759919143389e-01 7.120137515287642271e-01 2.527917480831568531e-01 9.068357596483817007e-01 4.587867332280642918e-01 7.997173493389910792e-01 6.747946809261883283e-01 8.228457258098033078e-01 2.070145807796728299e-01 3.405024944734069692e-01
4.574795934799555930e-01 2.307308439364768593e-01 7.259404813825189873e-01 2.919265349168598256e-02 8.749445122804204722e-01 7.900274776565822110e-01 3.923126252265473068e-01 4.649341539383431976e-01 8.387543617469914725e-01 5.151194395424453232e-01 3.916320297233946146e-01 4.478547478793145631e-01 8.728161945042209879e-01 9.258830099936313784e-01 4.167025873377619427e-01 9.828927427462141875e-02 5.014810369176115890e-01 7.748808158818645264e-01 8.384353210030970338e-01 0.000000000000000000e+00 5.836605378123497223e-01 2.491793024266639456e-01 2.349510503962675689e-01 5.652466432071295843e-01 4.066993984328162171e-01 1.730749371814032100e-01 8.570426144514404765e-01 3.390585716897392965e-01 4.530754299967619803e-01 8.821225648123369734e-01 5.161750336317053600e-01 8.336919024266813416e-01 4.469393271630447972e-01 4.289120185235567595e-01 3.811592870394612809e-01
8.043021491249529031e-01 2.666438417469152444e-01 5.701111242598244644e-02 7.712228226978974366e-01 4.351407737949979926e-01 5.810939642214227874e-01 3.959909913171664186e-01 8.238556849994713716e-01 3.400131707839838535e-01 2.771530244933968490e-01 5.380206261191070594e-01 8.713676462843433779e-02 1.205897838357149476e-01 5.702266840481972077e-01 9.221846828351273340e-01 6.033689650474024502e-01 4.048292712519494518e-01 5.212921905024864300e-01 5.766339031021772144e-01 5.836605378123497223e-01 0.000000000000000000e+00 6.701153352476860725e-01 5.775171301913679667e-01 4.439763808085510632e-01 7.124086594665819394e-01 2.845253388766790792e-01 3.745410605121221592e-01 4.244684856457094368e-01 5.483238011487538976e-01 5.488822622701364784e-01 9.281322460607625002e-01 4.784598084145521568e-01 7.109041424404327625e-02 7.122887926319068086e-01 5.018929738478240532e-01
5.607032868797380276e-01 5.865683916385231456e-01 9.321447750468403459e-02 8.250116390298589675e-01 9.007478977684413302e-01 2.436273185707177324e-01 6.562886239088240314e-01 6.482603569406146793e-01 6.463404095906848390e-01 6.888632825394551684e-01 6.082138312927204415e-01 7.934522622636578371e-01 6.496712471337164896e-01 1.063942536560803509e-01 5.776694789590627321e-01 4.461643871493062852e-01 9.241225076244494741e-01 4.267870322324278098e-01 8.940229499278846692e-01 2.491793024266639456e-01 6.701153352476860725e-01 0.000000000000000000e+00 4.787102650253002301e-01 8.172765934379320196e-01 4.502196474267275428e-01 5.962118332843393542e-01 2.379096056435257012e-01 4.486973723938012526e-01 5.939797419407939483e-01 7.700063172620159602e-01 5.753570309558574403e-01 7.400009758405239335e-01 5.245114430387414206e-01 2.588165506510829994e-01 5.744846573934561107e-01
3.432049334825513220e-01 4.555500752515035945e-01 4.321917632613943017e-01 1.654149681576918551e-01 3.506061697511255182e-01 4.883759594771726054e-01 1.063286493453916570e-01 4.942143678914871496e-01 3.458884413042004891e-01 6.066335775567175403e-01 9.089536713412349478e-01 4.783356901380580450e-01 5.075616455399820648e-01 6.821591382694502936e-01 3.320879630092084533e-01 8.734463282203411838e-01 7.485932070128182847e-01 2.249447789277078669e-01 5.577195934620091666e-01 2.349510503962675689e-01 5.775171301913679667e-01 4.787102650253002301e-01 0.000000000000000000e+00 3.523921150055893126e-01 7.510698450958326333e-01 7.528669296709797898e-01 6.838262642895106547e-01 2.182572508264620792e-01 8.379452908688813650e-01 4.739324976893016794e-01 7.552952683011351365e-01 3.583173055819858233e-01 3.295637494375283083e-01 1.115944476363158744e-01 7.683443465262882466e-01
5.536576487489470733e-01 2.082326083679276740e-01 3.516389490186090372e-01 3.956439414426236589e-01 2.413569200136334025e-01 4.152847014379802970e-01 7.533317996034593067e-01 2.812953014521991646e-01 8.583037678962595063e-01 7.511565992462279073e-01 8.022648629552600053e-01 3.055652164178789265e-01 6.622729133366657139e-01 8.736777365945045393e-01 7.388554778248447308e-01 3.961403623774172877e-01 8.712360951478208548e-01 5.247746246324795916e-01 6.670927478558963397e-01 5.652466432071295843e-01 4.439763808085510632e-01 8.172765934379320196e-01 3.523921150055893126e-01 0.000000000000000000e+00 2.814712902690371665e-01 7.032216971813007866e-01 7.380325739137920671e-01 6.414657181447138701e-01 6.672720730429559932e-01 6.258285105130061421e-01 4.911585861707434275e-01 8.642137915712859719e-01 8.104222160360174954e-01 3.638441487152681564e-01 5.177064914254426720e-01
6.614209188633392023e-01 8.283428196153088674e-01 6.907426375190780510e-01 4.964669074032592166e-01 6.005157295518290805e-01 5.432804933654082902e-01 8.931652932192182259e-01 8.094711684449990008e-01 3.971412636748381519e-01 9.082020905360457252e-01 6.125493321297031946e-01 2.255499454075110544e-01 9.839650050718318219e-02 8.661976990119142350e-01 9.534108324054377803e-01 2.425209931147464248e-01 8.929972036886351106e-01 4.969571620217224650e-01 7.287377487590671610e-01 4.066993984328162171e-01 7.124086594665819394e-01 4.502196474267275428e-01 7.510698450958326333e-01 2.814712902690371665e-01 0.000000000000000000e+00 6.684672101596166316e-01 8.369865170463803850e-01 6.922443330672968242e-01 1.237680398137905868e-01 8.492872283882675344e-01 7.123943423149217136e-01 4.701537499157984468e-01 9.588248479774694744e-01 5.214770234982459840e-01 2.562479733349484756e-01
8.000708769453206415e-01 3.795765921215246141e-01 4.821247160036240542e-01 4.026103511534526169e-01 7.152242496223336632e-01 6.426463399858566294e-01 8.037931860885073609e-01 4.854601974129259534e-01 4.087071759418668959e-01 3.735185635113729141e-01 5.795544364257833037e-01 4.455642365650628323e-01 1.302425825246857904e-01 5.110333618428911651e-01 8.021207712822586711e-01 8.859069975253235363e-01 4.898586921911164960e-01 8.275282319053689495e-01 3.590225759919143389e-01 1.730749371814032100e-01 2.845253388766790792e-01 5.962118332843393542e-01 7.528669296709797898e-01 7.032216971813007866e-01 6.684672101596166316e-01 0.000000000000000000e+00 8.192891886241636668e-01 7.144047576499702457e-01 3.129778875162900764e-01 7.967671735340352557e-01 6.652907972463337760e-01 7.303529644524804354e-01 3.475811724786510570e-01 8.215519322186120021e-01 7.598196301143316234e-01
4.078223476531938063e-01 8.135103903293369187e-01 7.108479809347033607e-01 4.260747368148439240e-01 5.263851462567396000e-01 3.772687157223828525e-01 5.143602418391378661e-01 8.370827633901197773e-01 3.667099848603450618e-01 4.778401781292144213e-01 3.933552322615036512e-01 2.152630583932166330e-01 5.038100807232944733e-01 7.150135896676832470e-01 5.653086552655064434e-01 6.698287831369953427e-01 4.205089004785220186e-01 2.186679781218253127e-01 7.120137515287642271e-01 8.570426144514404765e-01 3.745410605121221592e-01 2.379096056435257012e-01 6.838262642895106547e-01 7.380325739137920671e-01 8.369865170463803850e-01 8.192891886241636668e-01 0.000000000000000000e+00 5.824089582971321288e-01 8.924342887468190710e-01 9.419315317490666306e-01 7.481095434605995464e-01 9.603545956491568170e-01 5.008267962242703986e-01 3.788621156825363601e-01 9.148681347362952465e-01
6.810233120331905532e-01 5.053346575169264110e-01 3.872004743058873322e-01 7.351458139438372674e-01 6.722587161837820791e-01 3.864014853077477607e-01 1.570588846832292607e-01 9.173509204237295656e-02 9.030192576741412624e-01 2.778305266971060061e-01 6.889831638373823397e-01 5.238278023637247260e-01 3.840186227632704785e-01 8.001525898413558435e-01 9.114279536728767672e-01 7.160633729696661565e-01 4.159561638717704790e-01 6.402146023318724399e-01 2.527917480831568531e-01 3.390585716897392965e-01 4.244684856457094368e-01 4.486973723938012526e-01 2.182572508264620792e-01 6.414657181447138701e-01 6.922443330672968242e-01 7.144047576499702457e-01 5.824089582971321288e-01 0.000000000000000000e+00 7.199219162132743932e-01 1.539836716841056496e-01 5.346295434282072323e-01 8.638092230664458082e-01 4.234254124101440309e-01 4.656628384703002665e-01 6.963682591220665685e-01
4.254421570911859352e-01 8.336389847516401108e-01 6.952484715049553898e-01 8.690668103336813832e-01 8.051813386237454129e-01 5.186438908817933013e-01 4.268366195834342181e-01 8.651686878023798766e-01 8.866844144802363825e-01 8.290531136749184071e-01 6.958423249736267469e-01 7.885322305374118379e-01 2.723175280271954435e-01 4.726573415763087871e-01 5.474703889666783230e-01 8.146632971184468719e-01 6.505997193061217043e-01 2.885639814190876784e-01 9.068357596483817007e-01 4.530754299967619803e-01 5.483238011487538976e-01 5.939797419407939483e-01 8.379452908688813650e-01 6.672720730429559932e-01 1.237680398137905868e-01 3.129778875162900764e-01 8.924342887468190710e-01 7.199219162132743932e-01 0.000000000000000000e+00 3.624325057883829859e-01 7.197631569718234701e-01 6.667231270585255443e-01 7.065088386329021475e-01 6.877350042843350941e-01 9.448111045516038864e-02
7.796088061961724547e-01 3.823666905836002328e-01 6.164266314025298454e-01 4.865844000020855264e-01 4.028704707817726272e-01 6.373787580680116971e-01 8.223093124673402921e-01 8.413029217881313748e-01 4.365556275151117327e-01 5.744282733936760810e-01 7.122404837692655200e-01 7.409858182144768435e-01 8.116599669074295864e-01 3.669325001963205657e-01 6.913250478212087380e-01 3.496735385088955983e-01 8.985100416533169376e-01 5.492145316106598063e-01 4.587867332280642918e-01 8.821225648123369734e-01 5.488822622701364784e-01 7.700063172620159602e-01 4.739324976893016794e-01 6.258285105130061421e-01 8.492872283882675344e-01 7.967671735340352557e-01 9.419315317490666306e-01 1.539836716841056496e-01 3.624325057883829859e-01 0.000000000000000000e+00 4.400407919529147893e-01 2.443399095376324326e-01 9.331538309715263768e-01 5.066977313212051026e-01 3.098755534422883429e-01
4.530641713455770270e-01 6.779517958876090100e-01 5.830535007731713071e-01 6.981763208499143225e-01 7.761738737021044443e-01 3.858735881142046353e-01 4.591271259440815045e-01 6.014545750926589829e-01 6.076115312229093401e-01 5.050596303173694457e-01 8.260550371836896666e-01 7.904653615280976542e-02 7.422722230204935601e-01 8.752451103624470097e-01 5.710043033420018066e-01 7.683662304214065042e-01 7.620567940447662281e-01 8.307431116962640250e-01 7.997173493389910792e-01 5.161750336317053600e-01 9.281322460607625002e-01 5.753570309558574403e-01 7.552952683011351365e-01 4.911585861707434275e-01 7.123943423149217136e-01 6.652907972463337760e-01 7.481095434605995464e-01 5.346295434282072323e-01 7.197631569718234701e-01 4.400407919529147893e-01 0.000000000000000000e+00 7.318771888904209710e-01 5.798607387229451904e-01 3.364450556745968157e-01 7.233451020345279536e-01
4.596028854230153060e-01 4.980480960734340323e-01 6.080875873272448828e-01 4.521611132947360723e-01 3.147996708439900759e-01 7.486319717895054682e-01 1.127062328741508246e-01 6.954572366508718906e-01 7.476349986405580461e-01 8.666610803614387404e-01 8.761334450264214313e-01 2.618793619708075227e-01 6.237091348054100148e-01 7.708128051997563679e-01 4.529447067238429048e-01 9.326130833718686564e-01 6.956606050867595314e-01 8.699659737023849315e-01 6.747946809261883283e-01 8.336919024266813416e-01 4.784598084145521568e-01 7.400009758405239335e-01 3.583173055819858233e-01 8.642137915712859719e-01 4.701537499157984468e-01 7.303529644524804354e-01 9.603545956491568170e-01 8.638092230664458082e-01 6.667231270585255443e-01 2.443399095376324326e-01 7.318771888904209710e-01 0.000000000000000000e+00 5.611553424911160937e-01 4.642107913651492002e-01 5.178867366172883457e-01
3.586700447631585575e-01 3.890952185793833396e-01 3.414810874833962284e-02 8.100875582673980890e-01 2.869742332602488455e-01 5.579374552322365899e-01 5.028308576589877177e-01 6.917057991809765216e-01 7.434320929246533982e-01 4.314532006925473340e-01 2.655659453147167781e-01 4.049554352177504590e-01 1.752600715714446311e-01 9.219196629429420309e-01 1.805577765072151619e-01 4.778802763396406972e-01 4.787769229548339833e-01 4.336179980359210484e-01 8.228457258098033078e-01 4.469393271630447972e-01 7.109041424404327625e-02 5.245114430387414206e-01 3.295637494375283083e-01 8.104222160360174954e-01 9.588248479774694744e-01 3.475811724786510570e-01 5.008267962242703986e-01 4.234254124101440309e-01 7.065088386329021475e-01 9.331538309715263768e-01 5.798607387229451904e-01 5.611553424911160937e-01 0.000000000000000000e+00 3.957467542252768311e-01 9.306310329356461963e-01
5.202172662194272101e-01 5.321819502688051040e-01 2.231077232130967980e-01 3.381837950379230073e-01 6.815121963595147658e-01 6.002136228045957811e-01 5.592453185276698990e-01 7.434505785746211570e-01 5.765035637016524550e-01 4.702505474870153912e-01 7.686416344725505168e-01 5.800991203573686583e-01 9.479204776964889057e-02 8.551292161822793281e-01 8.815361275262296736e-01 4.979893605303644111e-01 7.314771446613546058e-01 3.845517775948308903e-01 2.070145807796728299e-01 4.289120185235567595e-01 7.122887926319068086e-01 2.588165506510829994e-01 1.115944476363158744e-01 3.638441487152681564e-01 5.214770234982459840e-01 8.215519322186120021e-01 3.788621156825363601e-01 4.656628384703002665e-01 6.877350042843350941e-01 5.066977313212051026e-01 3.364450556745968157e-01 4.642107913651492002e-01 3.957467542252768311e-01 0.000000000000000000e+00 3.242224431091794146e-01
5.933135985469577545e-01 4.547554747563790634e-01 5.689744977134624238e-01 3.895724060878427153e-01 3.177411249655001102e-01 4.092907474903074716e-01 4.930626690458499439e-01 8.546609934929352281e-01 6.231049352066143632e-01 1.536070808056226866e-01 4.479591345394977608e-01 3.420563328518756441e-01 2.767895319874501547e-01 8.415447345626190234e-01 4.724565001008762533e-01 2.971439473127912567e-01 5.798876957220446826e-01 3.870329074691146731e-01 3.405024944734069692e-01 3.811592870394612809e-01 5.018929738478240532e-01 5.744846573934561107e-01 7.683443465262882466e-01 5.177064914254426720e-01 2.562479733349484756e-01 7.598196301143316234e-01 9.148681347362952465e-01 6.963682591220665685e-01 9.448111045516038864e-02 3.098755534422883429e-01 7.233451020345279536e-01 5.178867366172883457e-01 9.306310329356461963e-01 3.242224431091794146e-01 0.000000000000000000e+00
