0.000000000000000000e+00 3.715397719669111254e-01 7.495344412184382632e-01 5.290703824482932971e-01 5.993852941016538649e-01 5.199902239583326091e-01 4.775626008236325548e-01 6.950629621659261126e-01 5.002899305474761693e-01 6.147133136119953267e-01 6.011042048826698014e-02 6.424609629609470129e-01 5.047052076301465906e-01 6.365561338743186415e-01 3.679512968835690900e-01 5.224780150000468693e-01 8.393601171581124287e-01 6.089335039533105842e-01 6.143191832105653338e-01 6.130139448183091755e-01 6.934581366656131785e-01 7.349776171988026130e-01 7.525727820724055217e-01 7.553249857431844072e-01 3.884698461555617932e-01 3.738979757435294538e-01 8.085114383288909412e-01 6.613018789953200027e-01 9.206448622401690596e-01 4.677087008990395978e-01 4.011352872989984997e-01 1.539019744070183049e-01 3.726336133895483682e-01 7.526278224241764736e-01 7.152323116041696682e-01
3.715397719669111254e-01 0.000000000000000000e+00 8.299685419508264772e-01 9.024175770843068101e-02 4.779531914146484262e-01 6.175898961490963179e-01 8.123750434605870874e-01 7.728882694788843377e-01 2.402737670682923987e-01 7.807433456679897521e-01 4.656218855632652254e-01 3.962419994164770309e-01 5.923767155775770954e-01 3.862796842699545707e-01 5.270069714056850874e-01 8.863736868214653342e-01 8.842685654621920133e-01 1.779323060656308186e-01 5.828056931570881893e-01 9.463091189983401375e-01 8.489294445516072374e-01 9.030459715635117401e-01 8.740245572256432061e-01 4.849367747862255440e-01 8.503870663862775903e-01 4.897669117899209335e-01 3.611700351176153623e-01 6.548153861055880931e-01 6.280605940439609736e-01 7.520310247797824532e-01 4.452317395231219499e-01 3.056872649250160778e-01 8.301889740804553330e-01 1.808970340918907294e-01 4.886148574870825545e-01
7.495344412184382632e-01 8.299685419508264772e-01 0.000000000000000000e+00 4.350470100989878297e-01 7.321267570025056237e-01 9.335944277565817462e-01 3.904493590104898271e-01 8.706967820566835492e-01 3.683455283711924433e-01 8.323946994623276918e-01 5.596542691683444870e-01 1.428189381560465154e-01 6.106421665336090321e-01 7.935075575415291294e-01 2.361971048633341175e-01 5.981431921922990558e-01 3.789320979102230869e-01 5.131590554658644887e-01 5.803221346289845206e-01 5.168813416475892542e-01 7.440900820870066656e-01 5.311531758617161758e-01 2.342108064487807839e-01 9.321830656360734491e-01 7.412430915487668859e-01 5.000568583510089926e-02 4.190269035812034804e-01 4.385217235889159459e-01 4.528553745650183981e-01 3.408487282744351310e-01 5.470709520247236668e-01 9.807164093211173661e-02 3.886780611374488492e-01 1.224992409088808687e-01 5.286569055297793973e-01
5.290703824482932971e-01 9.024175770843068101e-02 4.350470100989878297e-01 0.000000000000000000e+00 2.507024518617174680e-01 6.584367119086933506e-01 6.797150689032903648e-01 4.428609859290602579e-01 8.481583172369757673e-01 6.736648441563153344e-01 6.655686248330292543e-01 8.688663249538743916e-01 4.493101477280360134e-01 8.288347785521009703e-01 8.698184349263405890e-01 4.593802435773534643e-01 7.785877297480324755e-01 4.832830903337608230e-01 6.689302890391053413e-01 4.199939313601415702e-01 7.513889636773486425e-01 7.336112439820237086e-01 7.502088158208983781e-01 1.491777531755749120e-01 1.886660036088061987e-01 2.028088460004073834e-02 7.748820690587532312e-01 9.082329166490364925e-01 4.583587354220872712e-01 5.375395428571569933e-01 2.934866755022009777e-01 3.899959771278317389e-01 5.324582726249308395e-01 6.292983391935310644e-01 7.562839178393339079e-01
5.993852941016538649e-01 4.779531914146484262e-01 7.321267570025056237e-01 2.507024518617174680e-01 0.000000000000000000e+00 3.905115084965671279e-02 9.686883566444810523e-01 8.002059757983226440e-01 5.269125622470429704e-01 5.165044216387806308e-01 4.037697009715083829e-01 6.232207854765934307e-01 3.734352685621431522e-01 4.530367226924362778e-01 4.076120075130945097e-01 7.533374239243428860e-02 5.505007768116771949e-01 7.211207435237931840e-01 5.001981758618301299e-01 8.795219281765938035e-01 7.155887730385415146e-01 7.536400773900585603e-01 5.987610688580081719e-01 7.274687612555486016e-02 6.122556157234539942e-01 5.454456300558332416e-01 8.050213286432228443e-01 6.405292255967104387e-01 8.188211823448748872e-01 5.609504503662074981e-01 7.720167158206974189e-01 7.175644696958576318e-01 9.083377150667408806e-01 3.235507474818754559e-01 5.096436273690573282e-01
5.199902239583326091e-01 6.175898961490963179e-01 9.335944277565817462e-01 6.584367119086933506e-01 3.905115084965671279e-02 0.000000000000000000e+00 6.020051731987046129e-01 2.284979630243898496e-01 4.198849725531885735e-01 8.863667986852319380e-01 8.069180510755229463e-01 5.403594066504838755e-01 7.651035331058664291e-01 8.183912637795037748e-01 8.400593158719495968e-01 6.044854641930054173e-01 8.953513197299480808e-01 7.406857931951085217e-01 7.949824771593769768e-01 9.169995835336078871e-01 8.367191196331928982e-01 5.598616931962927534e-01 6.910211990820842587e-01 6.252449117369713871e-01 8.233591409905612890e-01 1.946991257323085200e-01 2.952528054860917850e-01 5.444141512200961763e-01 5.351252376803307120e-01 5.582231251257072646e-01 7.820653262811870787e-01 4.832444560369290598e-01 8.618392245768111692e-01 9.402280546950905205e-01 3.244835179237650635e-01
4.775626008236325548e-01 8.123750434605870874e-01 3.904493590104898271e-01 6.797150689032903648e-01 9.686883566444810523e-01 6.020051731987046129e-01 0.000000000000000000e+00 3.757111349691193425e-01 4.909035397510559950e-01 3.407817795052244247e-01 5.136840547716163830e-01 7.649589386664206181e-01 6.666864042110876021e-01 6.514627065303357778e-01 6.468103649741570038e-01 6.300772867089698970e-01 4.320172889093478186e-01 5.404182883154582395e-01 3.121566543904767954e-01 7.971944446292666964e-01 6.945380869795712009e-01 3.752356280997242166e-01 5.299991172045905863e-01 8.656173986274847687e-01 8.645384832655536034e-01 4.838066508576310265e-01 4.320867511329745114e-01 3.008530629846587479e-01 4.601500302245818963e-01 1.726096478593422412e-01 2.488611443706586490e-01 3.995763802733816039e-01 7.467337230697200789e-01 4.727323909040240801e-01 3.975867526203236135e-02
6.950629621659261126e-01 7.728882694788843377e-01 8.706967820566835492e-01 4.428609859290602579e-01 8.002059757983226440e-01 2.284979630243898496e-01 3.757111349691193425e-01 0.000000000000000000e+00 4.472439668767358989e-01 7.185585740069198035e-01 5.159001359217723071e-01 4.446440806708333859e-01 8.840333147418056869e-01 9.315950009719979885e-01 7.195078796804165178e-01 4.208234552054227473e-01 8.503419517128980587e-01 7.602159207814844777e-01 7.656683932706858098e-01 5.876231362381054701e-01 4.667990203671439353e-01 3.739503534169093535e-01 4.721673605840034926e-01 4.066347042208278140e-01 4.963498727604190863e-01 4.964856483613296345e-01 4.540302736144809503e-01 2.196370048240849082e-01 3.503145595211558661e-01 7.877474738469822935e-01 7.327903946323430784e-01 6.591443036086586105e-01 2.885879508271821381e-01 5.136268289997640846e-01 5.142098080081205502e-01
5.002899305474761693e-01 2.402737670682923987e-01 3.683455283711924433e-01 8.481583172369757673e-01 5.269125622470429704e-01 4.198849725531885735e-01 4.909035397510559950e-01 4.472439668767358989e-01 0.000000000000000000e+00 4.405165966994778470e-01 3.463066086197480464e-01 4.466114909095676433e-01 8.540356782513942591e-01 2.053707708713100599e-01 3.583496847948543507e-01 5.606552621317006935e-01 7.914466098389363324e-01 9.015165985248048131e-01 8.463265668577543144e-01 8.546641920942268378e-01 6.502263101658808386e-01 1.828939571451634327e-01 1.967132526414682170e-01 8.257738841687576326e-01 9.096974035833581551e-01 3.375186116525998870e-01 4.084787367084934950e-01 8.095108146612367550e-01 4.770156929999758155e-01 2.670903448579897699e-02 4.719112451977098277e-01 4.640454934465688686e-01 4.224511313986629157e-01 2.587726406395683965e-01 7.734394220833704647e-01
6.147133136119953267e-01 7.807433456679897521e-01 8.323946994623276918e-01 6.736648441563153344e-01 5.165044216387806308e-01 8.863667986852319380e-01 3.407817795052244247e-01 7.185585740069198035e-01 4.405165966994778470e-01 0.000000000000000000e+00 3.653210250261895720e-01 2.792988311620074882e-01 8.621150717685499565e-01 4.170717861580170438e-01 8.440027620215180271e-01 9.364202861059017780e-01 5.114971841644192496e-01 2.206409335643932934e-01 2.551797368828779278e-01 8.037345440810754749e-01 5.574233869525002660e-01 6.811228660252770517e-01 7.760407107347795375e-01 5.433544853081860859e-01 8.617314597006974219e-01 4.719440194355345453e-01 9.105817319092079920e-01 4.155107948582490440e-01 5.036543946766918189e-01 3.021651395584139532e-01 6.775362914674345483e-01 2.123437030427205718e-01 9.629937611742407366e-01 7.252171978175019351e-01 5.976840485070393783e-01
6.011042048826698014e-02 4.656218855632652254e-01 5.596542691683444870e-01 6.655686248330292543e-01 4.037697009715083829e-01 8.069180510755229463e-01 5.136840547716163830e-01 5.159001359217723071e-01 3.463066086197480464e-01 3.653210250261895720e-01 0.000000000000000000e+00 8.664113120054346417e-01 4.082680366966414676e-01 7.216252658513782059e-01 9.128031961974565345e-01 2.641515363462877408e-01 5.659576512719310948e-01 8.476812642426991840e-01 3.705714623799285512e-01 2.237895006167693324e-01 9.210595906591045878e-01 5.619798028329254791e-01 5.279636576610247101e-01 2.721900979505295082e-01 6.094211921582283198e-01 8.233703924304300870e-01 9.322946731258697772e-01 4.679336101064923703e-01 1.717516382801735908e-01 6.334650529270322572e-01 4.359985771844361868e-01 5.240951028840412640e-01 3.419269453818885030e-01 4.685998906912430262e-01 4.633166904980254852e-01
6.424609629609470129e-01 3.962419994164770309e-01 1.428189381560465154e-01 8.688663249538743916e-01 6.232207854765934307e-01 5.403594066504838755e-01 7.649589386664206181e-01 4.446440806708333859e-01 4.466114909095676433e-01 2.792988311620074882e-01 8.664113120054346417e-01 0.000000000000000000e+00 7.676219620590076786e-01 2.758652565211570096e-01 4.528476031735877982e-01 7.777367913486834539e-01 3.314615207645746353e-01 6.199914551048641975e-01 8.335095620268438976e-01 2.900647418495803098e-01 1.620040164952246675e-01 7.447673929496001488e-01 6.353321123301962636e-01 4.909093252396782292e-01 6.661776795052316569e-01 5.411040457925420100e-02 9.439559151543606141e-01 8.376359330046354579e-01 7.015411814219132403e-01 7.254719622005607604e-01 8.064802655721960978e-01 9.348713918986149007e-01 1.700107727961654991e-01 2.723979150668738303e-01 5.321162856162539034e-01
5.047052076301465906e-01 5.923767155775770954e-01 6.106421665336090321e-01 4.493101477280360134e-01 3.734352685621431522e-01 7.651035331058664291e-01 6.666864042110876021e-01 8.840333147418056869e-01 8.540356782513942591e-01 8.621150717685499565e-01 4.082680366966414676e-01 7.676219620590076786e-01 0.000000000000000000e+00 6.074917284572194376e-01 5.806404145017016738e-01 5.109735865877873540e-02 3.990293372243436387e-02 2.942214592285192221e-01 7.763733984999583448e-01 8.304744125074396965e-01 7.146548089071609322e-01 4.992725406978544833e-01 4.177059024383061869e-01 2.862957643708570199e-01 2.832066489661214659e-01 7.624833383914515483e-01 8.876786559509410868e-01 2.425011739202909133e-02 4.289136732978726108e-01 2.920644336146879239e-01 5.547571319929809341e-01 1.404959467573045906e-01 7.855157491260778002e-01 3.814360679767334616e-01 5.913932294723195371e-01
6.365561338743186415e-01 3.862796842699545707e-01 7.935075575415291294e-01 8.288347785521009703e-01 4.530367226924362778e-01 8.183912637795037748e-01 6.514627065303357778e-01 9.315950009719979885e-01 2.053707708713100599e-01 4.170717861580170438e-01 7.216252658513782059e-01 2.758652565211570096e-01 6.074917284572194376e-01 0.000000000000000000e+00 4.539780348063805482e-01 7.229451399786085419e-01 6.383638610172152061e-01 5.595312811040453749e-01 3.118884126236027843e-01 3.243242829872344801e-01 8.903375109096257622e-01 8.210184713217916208e-01 7.761416776766498771e-01 3.267924676643126358e-01 4.004959285692088478e-01 3.719925615473863023e-01 9.084642614584714782e-01 6.203577263665271957e-02 5.660994317568870393e-01 6.859349304319748430e-01 9.021889436943367757e-01 6.376906585151980167e-01 6.203009070171269235e-01 4.645340141031440995e-01 6.619617912658096737e-01
3.679512968835690900e-01 5.270069714056850874e-01 2.361971048633341175e-01 8.698184349263405890e-01 4.076120075130945097e-01 8.400593158719495968e-01 6.468103649741570038e-01 7.195078796804165178e-01 3.583496847948543507e-01 8.440027620215180271e-01 9.128031961974565345e-01 4.528476031735877982e-01 5.806404145017016738e-01 4.539780348063805482e-01 0.000000000000000000e+00 4.816692816700740565e-01 6.110032096758912790e-01 5.940462150653270657e-01 5.084248355158941246e-01 2.919520675153857159e-01 6.214361731547084489e-01 8.493401251702962229e-01 1.327077934887755939e-01 5.140058831301725917e-01 6.214083653733887269e-01 5.130732253641044904e-01 8.752044010741157898e-01 7.121538264032882815e-01 7.913528866461884137e-01 4.675795953179513464e-01 3.336214492046352120e-01 4.584390867124283897e-01 2.670675025553409521e-01 6.733151004087465363e-01 2.646286980399712441e-01
5.224780150000468693e-01 8.863736868214653342e-01 5.981431921922990558e-01 4.593802435773534643e-01 7.533374239243428860e-02 6.044854641930054173e-01 6.300772867089698970e-01 4.208234552054227473e-01 5.606552621317006935e-01 9.364202861059017780e-01 2.641515363462877408e-01 7.777367913486834539e-01 5.109735865877873540e-02 7.229451399786085419e-01 4.816692816700740565e-01 0.000000000000000000e+00 4.359845096104220108e-02 7.785100050259603499e-01 9.608357670172992249e-01 6.556544915471615997e-01 3.416766797131391975e-01 8.063405762644513253e-01 7.265936512757400489e-01 3.889098677486750311e-01 4.739461943174779757e-01 5.999101011447649512e-02 7.810859535430523248e-01 2.246818267648942324e-01 4.821634472176175579e-01 6.779655885200556176e-01 6.315563085753699291e-01 4.270210644726385452e-01 5.816718784648253759e-01 4.920402225950506470e-01 4.709820937411657304e-01
8.393601171581124287e-01 8.842685654621920133e-01 3.789320979102230869e-01 7.785877297480324755e-01 5.505007768116771949e-01 8.953513197299480808e-01 4.320172889093478186e-01 8.503419517128980587e-01 7.914466098389363324e-01 5.114971841644192496e-01 5.659576512719310948e-01 3.314615207645746353e-01 3.990293372243436387e-02 6.383638610172152061e-01 6.110032096758912790e-01 4.359845096104220108e-02 0.000000000000000000e+00 5.944848102762171349e-01 3.667777557099645702e-01 7.524321607311157400e-01 7.335607217382793532e-01 4.171659985640552848e-01 5.720994566557235927e-01 9.605020452974823986e-01 3.296709332159087902e-01 9.328131820824381304e-01 4.918896388363945271e-01 6.321970612768166298e-01 4.374335379593390916e-01 5.686473069045274720e-01 5.646129092453217035e-01 6.328540828570835552e-01 2.173490330443562657e-01 7.748387560820215736e-01 6.820735755100477693e-01
6.089335039533105842e-01 1.779323060656308186e-01 5.131590554658644887e-01 4.832830903337608230e-01 7.211207435237931840e-01 7.406857931951085217e-01 5.404182883154582395e-01 7.602159207814844777e-01 9.015165985248048131e-01 2.206409335643932934e-01 8.476812642426991840e-01 6.199914551048641975e-01 2.942214592285192221e-01 5.595312811040453749e-01 5.940462150653270657e-01 7.785100050259603499e-01 5.944848102762171349e-01 0.000000000000000000e+00 2.523418550550122763e-01 5.731588691613636044e-01 8.009849011321538148e-01 2.725272121290124305e-01 3.229798464237828570e-01 5.845116654982109861e-01 5.033657816312686606e-01 8.942122876872581339e-01 2.965137101416240317e-01 3.789771752209807332e-01 2.898695617419957404e-01 5.413098675947078942e-01 6.701543173175905643e-01 5.448661560827869899e-01 5.117563355993719476e-01 2.544123449463079334e-01 5.980484921409878751e-01
6.143191832105653338e-01 5.828056931570881893e-01 5.803221346289845206e-01 6.689302890391053413e-01 5.001981758618301299e-01 7.949824771593769768e-01 3.121566543904767954e-01 7.656683932706858098e-01 8.463265668577543144e-01 2.551797368828779278e-01 3.705714623799285512e-01 8.335095620268438976e-01 7.763733984999583448e-01 3.118884126236027843e-01 5.084248355158941246e-01 9.608357670172992249e-01 3.667777557099645702e-01 2.523418550550122763e-01 0.000000000000000000e+00 8.503855257190695571e-01 6.100369848761636460e-01 8.008451304688382066e-01 5.082020716471632449e-01 8.966319602315098169e-01 5.447793312442605895e-01 9.850727298538792809e-01 4.383124034221214105e-01 7.475555961669766436e-01 4.509402752554405036e-01 8.136396755840926698e-01 5.559611834301663169e-01 5.968197081015489402e-01 6.484742463594956874e-01 6.711227844078269111e-01 5.676042298610466386e-01
6.130139448183091755e-01 9.463091189983401375e-01 5.168813416475892542e-01 4.199939313601415702e-01 8.795219281765938035e-01 9.169995835336078871e-01 7.971944446292666964e-01 5.876231362381054701e-01 8.546641920942268378e-01 8.037345440810754749e-01 2.237895006167693324e-01 2.900647418495803098e-01 8.304744125074396965e-01 3.243242829872344801e-01 2.919520675153857159e-01 6.556544915471615997e-01 7.524321607311157400e-01 5.731588691613636044e-01 8.503855257190695571e-01 0.000000000000000000e+00 6.882414667367671157e-01 7.238028202475964568e-01 4.983818516031671142e-01 3.733388804464028987e-01 6.577207985870821005e-01 9.220270143751392311e-01 2.654088717691779342e-01 6.378852855601155891e-01 4.529715310664725880e-01 4.217369509488801960e-01 3.494601137676043301e-01 7.074390943803892107e-01 4.954830874574731592e-01 7.901184002710641696e-01 7.960635587983164729e-01
6.934581366656131785e-01 8.489294445516072374e-01 7.440900820870066656e-01 7.513889636773486425e-01 7.155887730385415146e-01 8.367191196331928982e-01 6.945380869795712009e-01 4.667990203671439353e-01 6.502263101658808386e-01 5.574233869525002660e-01 9.210595906591045878e-01 1.620040164952246675e-01 7.146548089071609322e-01 8.903375109096257622e-01 6.214361731547084489e-01 3.416766797131391975e-01 7.335607217382793532e-01 8.009849011321538148e-01 6.100369848761636460e-01 6.882414667367671157e-01 0.000000000000000000e+00 4.934816541425461334e-01 8.454457047040979667e-01 8.675556128223970154e-01 9.252732135435748351e-01 3.827373024684289637e-01 5.691816978790851245e-01 4.712327773719880986e-01 5.549357725034143041e-01 6.621322354193677207e-01 4.246991368125256350e-01 8.311358898746892265e-01 8.133510341525762577e-01 5.350786969425704864e-01 2.559797428430065080e-01
7.349776171988026130e-01 9.030459715635117401e-01 5.311531758617161758e-01 7.336112439820237086e-01 7.536400773900585603e-01 5.598616931962927534e-01 3.752356280997242166e-01 3.739503534169093535e-01 1.828939571451634327e-01 6.811228660252770517e-01 5.619798028329254791e-01 7.447673929496001488e-01 4.992725406978544833e-01 8.210184713217916208e-01 8.493401251702962229e-01 8.063405762644513253e-01 4.171659985640552848e-01 2.725272121290124305e-01 8.008451304688382066e-01 7.238028202475964568e-01 4.934816541425461334e-01 0.000000000000000000e+00 4.259852005866379132e-01 1.789255270500904604e-01 4.610936640840356260e-01 8.555833198865878675e-01 7.253545815725769286e-01 6.314029169759072246e-01 3.941877805569481419e-01 2.934358468375236062e-01 5.425043270411590290e-01 4.731924788392429249e-01 5.955681045468941281e-01 4.687747720663930084e-01 8.002735608814075530e-01
7.525727820724055217e-01 8.740245572256432061e-01 2.342108064487807839e-01 7.502088158208983781e-01 5.987610688580081719e-01 6.910211990820842587e-01 5.299991172045905863e-01 4.721673605840034926e-01 1.967132526414682170e-01 7.760407107347795375e-01 5.279636576610247101e-01 6.353321123301962636e-01 4.177059024383061869e-01 7.761416776766498771e-01 1.327077934887755939e-01 7.265936512757400489e-01 5.720994566557235927e-01 3.229798464237828570e-01 5.082020716471632449e-01 4.983818516031671142e-01 8.454457047040979667e-01 4.259852005866379132e-01 0.000000000000000000e+00 9.646258354124275236e-01 4.374430008103165068e-01 6.171953911977432483e-01 5.069576100814947583e-01 3.111165224809832042e-01 5.311384028077761332e-01 4.583120853397907868e-01 8.195769088599105245e-01 1.522696392440953117e-01 7.311491785185624259e-01 4.063558951280633602e-01 5.845624404455164180e-01
7.553249857431844072e-01 4.849367747862255440e-01 9.321830656360734491e-01 1.491777531755749120e-01 7.274687612555486016e-02 6.252449117369713871e-01 8.656173986274847687e-01 4.066347042208278140e-01 8.257738841687576326e-01 5.433544853081860859e-01 2.721900979505295082e-01 4.909093252396782292e-01 2.862957643708570199e-01 3.267924676643126358e-01 5.140058831301725917e-01 3.889098677486750311e-01 9.605020452974823986e-01 5.845116654982109861e-01 8.966319602315098169e-01 3.733388804464028987e-01 8.675556128223970154e-01 1.789255270500904604e-01 9.646258354124275236e-01 0.000000000000000000e+00 6.313201673158004290e-01 6.330708402749695152e-01 8.400432963280182186e-01 4.713742878778600653e-01 7.622404087315943766e-01 6.429492854468847884e-01 9.202180836067619385e-01 8.585621978600219695e-01 1.812115749482658966e-01 9.452361172933283484e-01 3.864605734970503192e-01
3.884698461555617932e-01 8.503870663862775903e-01 7.412430915487668859e-01 1.886660036088061987e-01 6.122556157234539942e-01 8.233591409905612890e-01 8.645384832655536034e-01 4.963498727604190863e-01 9.096974035833581551e-01 8.617314597006974219e-01 6.094211921582283198e-01 6.661776795052316569e-01 2.832066489661214659e-01 4.004959285692088478e-01 6.214083653733887269e-01 4.739461943174779757e-01 3.296709332159087902e-01 5.033657816312686606e-01 5.447793312442605895e-01 6.577207985870821005e-01 9.252732135435748351e-01 4.610936640840356260e-01 4.374430008103165068e-01 6.313201673158004290e-01 0.000000000000000000e+00 6.682787767370881316e-01 9.313827091824529170e-01 7.008212679765197795e-01 5.651056123747121296e-01 4.828832927760311478e-01 6.712409488023745041e-01 6.092251278759482913e-01 8.211769822384735740e-01 2.906259017611202977e-01 2.106621827139669723e-01
3.738979757435294538e-01 4.897669117899209335e-01 5.000568583510089926e-02 2.028088460004073834e-02 5.454456300558332416e-01 1.946991257323085200e-01 4.838066508576310265e-01 4.964856483613296345e-01 3.375186116525998870e-01 4.719440194355345453e-01 8.233703924304300870e-01 5.411040457925420100e-02 7.624833383914515483e-01 3.719925615473863023e-01 5.130732253641044904e-01 5.999101011447649512e-02 9.328131820824381304e-01 8.942122876872581339e-01 9.850727298538792809e-01 9.220270143751392311e-01 3.827373024684289637e-01 8.555833198865878675e-01 6.171953911977432483e-01 6.330708402749695152e-01 6.682787767370881316e-01 0.000000000000000000e+00 5.839647324236282300e-01 7.188581276299539358e-01 4.912404994045704298e-01 2.543448026316750266e-01 8.817120367201856102e-01 4.984024168246856124e-01 4.387617162410125116e-01 5.547614776698295280e-01 4.477093604970129315e-01
8.085114383288909412e-01 3.611700351176153623e-01 4.190269035812034804e-01 7.748820690587532312e-01 8.050213286432228443e-01 2.952528054860917850e-01 4.320867511329745114e-01 4.540302736144809503e-01 4.084787367084934950e-01 9.105817319092079920e-01 9.322946731258697772e-01 9.439559151543606141e-01 8.876786559509410868e-01 9.084642614584714782e-01 8.752044010741157898e-01 7.810859535430523248e-01 4.918896388363945271e-01 2.965137101416240317e-01 4.383124034221214105e-01 2.654088717691779342e-01 5.691816978790851245e-01 7.253545815725769286e-01 5.069576100814947583e-01 8.400432963280182186e-01 9.313827091824529170e-01 5.839647324236282300e-01 0.000000000000000000e+00 3.098784415251756297e-01 4.450067538589945748e-01 8.707668025843993131e-01 6.120599128927238786e-01 8.072355444567844707e-01 5.959800820615739347e-01 7.089990933266695494e-01 5.723284162048285495e-01
6.613018789953200027e-01 6.548153861055880931e-01 4.385217235889159459e-01 9.082329166490364925e-01 6.405292255967104387e-01 5.444141512200961763e-01 3.008530629846587479e-01 2.196370048240849082e-01 8.095108146612367550e-01 4.155107948582490440e-01 4.679336101064923703e-01 8.376359330046354579e-01 2.425011739202909133e-02 6.203577263665271957e-02 7.121538264032882815e-01 2.246818267648942324e-01 6.321970612768166298e-01 3.789771752209807332e-01 7.475555961669766436e-01 6.378852855601155891e-01 4.712327773719880986e-01 6.314029169759072246e-01 3.111165224809832042e-01 4.713742878778600653e-01 7.008212679765197795e-01 7.188581276299539358e-01 3.098784415251756297e-01 0.000000000000000000e+00 4.596739135349418581e-01 6.188265065853673086e-01 2.945543749789538146e-01 8.014859229872210999e-01 5.022444635233423993e-01 6.228533929612707354e-01 2.971509789434481075e-01
9.206448622401690596e-01 6.280605940439609736e-01 4.528553745650183981e-01 4.583587354220872712e-01 8.188211823448748872e-01 5.351252376803307120e-01 4.601500302245818963e-01 3.503145595211558661e-01 4.770156929999758155e-01 5.036543946766918189e-01 1.717516382801735908e-01 7.015411814219132403e-01 4.289136732978726108e-01 5.660994317568870393e-01 7.913528866461884137e-01 4.821634472176175579e-01 4.374335379593390916e-01 2.898695617419957404e-01 4.509402752554405036e-01 4.529715310664725880e-01 5.549357725034143041e-01 3.941877805569481419e-01 5.311384028077761332e-01 7.622404087315943766e-01 5.651056123747121296e-01 4.912404994045704298e-01 4.450067538589945748e-01 4.596739135349418581e-01 0.000000000000000000e+00 6.957788403469049587e-01 5.245749578717725514e-01 1.689437565712237355e-01 8.590256276010364012e-01 2.432960720483041683e-01 4.013943494340044271e-01
4.677087008990395978e-01 7.520310247797824532e-01 3.408487282744351310e-01 5.375395428571569933e-01 5.609504503662074981e-01 5.582231251257072646e-01 1.726096478593422412e-01 7.877474738469822935e-01 2.670903448579897699e-02 3.021651395584139532e-01 6.334650529270322572e-01 7.254719622005607604e-01 2.920644336146879239e-01 6.859349304319748430e-01 4.675795953179513464e-01 6.779655885200556176e-01 5.686473069045274720e-01 5.413098675947078942e-01 8.136396755840926698e-01 4.217369509488801960e-01 6.621322354193677207e-01 2.934358468375236062e-01 4.583120853397907868e-01 6.429492854468847884e-01 4.828832927760311478e-01 2.543448026316750266e-01 8.707668025843993131e-01 6.188265065853673086e-01 6.957788403469049587e-01 0.000000000000000000e+00 1.202244456196384093e-01 7.673700787639221588e-01 4.361577017319087646e-01 7.630175610627349947e-01 5.811067335510824439e-01
4.011352872989984997e-01 4.452317395231219499e-01 5.470709520247236668e-01 2.934866755022009777e-01 7.720167158206974189e-01 7.820653262811870787e-01 2.488611443706586490e-01 7.327903946323430784e-01 4.719112451977098277e-01 6.775362914674345483e-01 4.359985771844361868e-01 8.064802655721960978e-01 5.547571319929809341e-01 9.021889436943367757e-01 3.336214492046352120e-01 6.315563085753699291e-01 5.646129092453217035e-01 6.701543173175905643e-01 5.559611834301663169e-01 3.494601137676043301e-01 4.246991368125256350e-01 5.425043270411590290e-01 8.195769088599105245e-01 9.202180836067619385e-01 6.712409488023745041e-01 8.817120367201856102e-01 6.120599128927238786e-01 2.945543749789538146e-01 5.245749578717725514e-01 1.202244456196384093e-01 0.000000000000000000e+00 4.869643125834517416e-01 7.501698811818666712e-01 9.581255682239562255e-01 4.910569163001289317e-01
1.539019744070183049e-01 3.056872649250160778e-01 9.807164093211173661e-02 3.899959771278317389e-01 7.175644696958576318e-01 4.832444560369290598e-01 3.995763802733816039e-01 6.591443036086586105e-01 4.640454934465688686e-01 2.123437030427205718e-01 5.240951028840412640e-01 9.348713918986149007e-01 1.404959467573045906e-01 6.376906585151980167e-01 4.584390867124283897e-01 4.270210644726385452e-01 6.328540828570835552e-01 5.448661560827869899e-01 5.968197081015489402e-01 7.074390943803892107e-01 8.311358898746892265e-01 4.731924788392429249e-01 1.522696392440953117e-01 8.585621978600219695e-01 6.092251278759482913e-01 4.984024168246856124e-01 8.072355444567844707e-01 8.014859229872210999e-01 1.689437565712237355e-01 7.673700787639221588e-01 4.869643125834517416e-01 0.000000000000000000e+00 8.813030519972875343e-01 9.525092514364391638e-01 9.136739246723408758e-01
3.726336133895483682e-01 8.301889740804553330e-01 3.886780611374488492e-01 5.324582726249308395e-01 9.083377150667408806e-01 8.618392245768111692e-01 7.467337230697200789e-01 2.885879508271821381e-01 4.224511313986629157e-01 9.629937611742407366e-01 3.419269453818885030e-01 1.700107727961654991e-01 7.855157491260778002e-01 6.203009070171269235e-01 2.670675025553409521e-01 5.816718784648253759e-01 2.173490330443562657e-01 5.117563355993719476e-01 6.484742463594956874e-01 4.954830874574731592e-01 8.133510341525762577e-01 5.955681045468941281e-01 7.311491785185624259e-01 1.812115749482658966e-01 8.211769822384735740e-01 4.387617162410125116e-01 5.959800820615739347e-01 5.022444635233423993e-01 8.590256276010364012e-01 4.361577017319087646e-01 7.501698811818666712e-01 8.813030519972875343e-01 0.000000000000000000e+00 7.680788754247189765e-01 6.090813948117166365e-01
7.526278224241764736e-01 1.808970340918907294e-01 1.224992409088808687e-01 6.292983391935310644e-01 3.235507474818754559e-01 9.402280546950905205e-01 4.727323909040240801e-01 5.136268289997640846e-01 2.587726406395683965e-01 7.252171978175019351e-01 4.685998906912430262e-01 2.723979150668738303e-01 3.814360679767334616e-01 4.645340141031440995e-01 6.733151004087465363e-01 4.920402225950506470e-01 7.748387560820215736e-01 2.544123449463079334e-01 6.711227844078269111e-01 7.901184002710641696e-01 5.350786969425704864e-01 4.687747720663930084e-01 4.063558951280633602e-01 9.452361172933283484e-01 2.906259017611202977e-01 5.547614776698295280e-01 7.089990933266695494e-01 6.228533929612707354e-01 2.432960720483041683e-01 7.630175610627349947e-01 9.581255682239562255e-01 9.525092514364391638e-01 7.680788754247189765e-01 0.000000000000000000e+00 4.438065321992398782e-01
7.152323116041696682e-01 4.886148574870825545e-01 5.286569055297793973e-01 7.562839178393339079e-01 5.096436273690573282e-01 3.244835179237650635e-01 3.975867526203236135e-02 5.142098080081205502e-01 7.734394220833704647e-01 5.976840485070393783e-01 4.633166904980254852e-01 5.321162856162539034e-01 5.913932294723195371e-01 6.619617912658096737e-01 2.646286980399712441e-01 4.709820937411657304e-01 6.820735755100477693e-01 5.980484921409878751e-01 5.676042298610466386e-01 7.960635587983164729e-01 2.559797428430065080e-01 8.002735608814075530e-01 5.845624404455164180e-01 3.864605734970503192e-01 2.106621827139669723e-01 4.477093604970129315e-01 5.723284162048285495e-01 2.971509789434481075e-01 4.013943494340044271e-01 5.811067335510824439e-01 4.910569163001289317e-01 9.136739246723408758e-01 6.090813948117166365e-01 4.438065321992398782e-01 0.000000000000000000e+00
