0.000000000000000000e+00 7.299207477806898270e-01 8.709765545069596548e-01 5.253268132686250702e-01 6.103088435910083431e-01 3.336802580073945923e-01 5.595234972799792983e-01 5.381685031326095547e-01 2.604917435901948908e-01 4.206686687386219647e-01 7.274111112014230995e-01 1.951691841439412434e-01 4.912045688286784118e-01 3.333268529976351480e-01 7.139891003763212396e-01 3.723014370344908119e-01 8.103572353321492061e-01 5.736053610453085705e-01 7.599519653195089264e-01 6.504802737465562590e-01 8.612667390771066023e-01 7.792846775307253893e-01 1.770366480048277680e-01 2.254978311249220824e-01 3.978908357480598346e-01 7.225640405722835169e-01 4.763658876591982394e-01 5.017698332932551963e-01 2.677708125754575397e-01 3.180910361340348880e-01 2.702806124731901294e-01 6.003597720033956309e-01 8.966190759084218254e-01 5.629891875946351210e-01 7.675926815948015403e-01
7.299207477806898270e-01 0.000000000000000000e+00 5.667517071130515616e-01 7.770638130341511740e-01 4.282975514154354069e-01 8.478996840682732072e-01 3.963148642894048224e-01 5.376219630659340165e-01 7.897683727504285489e-01 2.146977225578349247e-01 6.714341906498366708e-01 3.036412781712705122e-01 5.092287091538842958e-01 5.156482007878226970e-01 5.497583436856539052e-01 2.967414147649983236e-01 1.262456613622133239e-01 6.448410422141398479e-01 7.065945976167853360e-01 4.103582847541392686e-01 2.300125610550866062e-01 5.799576082175001979e-01 5.311162733033726324e-01 5.033731879432956635e-01 1.107574708702805943e-01 4.507206864058578843e-01 4.021168765759312036e-01 1.854544621200122645e-01 8.052606398469677185e-01 7.651081451350454365e-01 2.465228303808164600e-01 4.352436331703086747e-01 7.169249808825670645e-01 2.446378251554298666e-01 6.884183575601672267e-01
8.709765545069596548e-01 5.667517071130515616e-01 0.000000000000000000e+00 5.273626151394616990e-01 7.958305166507391171e-01 6.194781386262930845e-01 1.494430396162849117e-02 5.193005804174002371e-01 4.270133464751244556e-01 5.397561179850567381e-01 2.828439041777687235e-01 6.039238148914398696e-01 6.973124712042222395e-01 5.224918456278129231e-01 5.184356420887638039e-01 4.334918396545315855e-01 4.384461939176270695e-01 5.064408239168947112e-01 1.386308523996713782e-01 7.708439796921308096e-01 6.407568353452350873e-01 3.241475323617167281e-01 4.946912907817306304e-01 4.881604321332028706e-01 3.814080143742754059e-01 2.986604065010326492e-01 9.068819368288494331e-01 5.591706990735654248e-01 7.510695433391711973e-02 8.950149679907835054e-01 7.785882709482350172e-01 6.668364669979942594e-01 2.723293887506916811e-01 8.260697295816140651e-01 5.360582501162164393e-01
5.253268132686250702e-01 7.770638130341511740e-01 5.273626151394616990e-01 0.000000000000000000e+00 7.419142459699354930e-01 5.297604458641347325e-01 7.727982835722495558e-01 4.263945977674142296e-01 5.428440777933265515e-01 8.173665018442755059e-01 6.308394308645944859e-01 3.798818480493346694e-01 4.653881754655820324e-01 3.188883893586874629e-01 5.817402088777596791e-01 1.455082848373444593e-01 4.259727657485465890e-01 6.170510175559233979e-01 9.760110436212821039e-02 1.025058728137002717e-01 4.249265062868174403e-01 1.098397134399427544e-01 6.491780826851818453e-01 7.050076475464671644e-01 4.379330525658244877e-01 7.599529111717705510e-01 7.584948218839450140e-01 2.494052610668671122e-01 5.565461195424725727e-01 4.741625599805134872e-01 6.993300491600366042e-01 4.939395450657054765e-01 1.177354240883279335e-01 8.885427770538422143e-01 3.621059757901303744e-01
6.103088435910083431e-01 4.282975514154354069e-01 7.958305166507391171e-01 7.419142459699354930e-01 0.000000000000000000e+00 1.337724324489704131e-01 5.209783341460448858e-01 4.265667024471903046e-01 1.242139220207514327e-01 6.753426472222947563e-01 4.134241864573375280e-01 4.536779677940933619e-01 1.930602531484853501e-01 4.932956558784170609e-01 3.356174467804984296e-01 6.616709631377059031e-01 2.942590487415454037e-01 5.145851889701311688e-01 7.397506634944751580e-01 4.536675344973559731e-01 4.066600908924599134e-01 9.700165548567896145e-01 3.993302728730087070e-01 5.955698106616500453e-01 1.689584552126043304e-01 5.639138684483447905e-01 7.879631160392392975e-01 8.196777422015641967e-01 5.261550952107060253e-01 4.082908475258498759e-01 4.609455971502570693e-01 4.326531846902679224e-01 3.845705610071560310e-01 6.703777894048065233e-01 3.556693242957122969e-01
3.336802580073945923e-01 8.478996840682732072e-01 6.194781386262930845e-01 5.297604458641347325e-01 1.337724324489704131e-01 0.000000000000000000e+00 8.974559849413061841e-01 5.504811995039143868e-01 6.274183602754441758e-01 7.404187015254988236e-01 8.577844777313465841e-01 4.183231920495867895e-01 2.404297629553450166e-01 6.291307006705866289e-01 5.130576356881342281e-01 1.656725733684573099e-01 6.081018892605385417e-01 6.738787736038949205e-01 6.960826793126677625e-01 7.465179609089787061e-01 5.622886408812528547e-01 6.465564786160119537e-01 2.333075318910348139e-01 6.222872819880704842e-01 8.702845465183161044e-01 6.523322230762632623e-01 2.671728420080874411e-01 2.987766162366668476e-01 5.181920499809644642e-01 7.926080638205146300e-01 5.234068589283061845e-01 6.705802136350809128e-01 2.297359601256407924e-01 3.974843602479574689e-01 4.921403128378620262e-01
5.595234972799792983e-01 3.963148642894048224e-01 1.494430396162849117e-02 7.727982835722495558e-01 5.209783341460448858e-01 8.974559849413061841e-01 0.000000000000000000e+00 4.703804472564979133e-01 2.847197446530280729e-01 4.959901777315788296e-01 7.663691345894585449e-01 4.874601113807736086e-01 8.729100775546774216e-01 5.305362721954079985e-01 2.537428853293349773e-01 1.272275981071752660e-01 6.124848898795498542e-01 5.196183283430920730e-01 5.182753930516426077e-01 9.296173796455970972e-01 2.909230126325326182e-01 4.122604126693205639e-01 2.009855982716338141e-01 9.810959857603585021e-02 5.048550839947625324e-01 4.200103972700784949e-01 5.896783194806232142e-01 4.879740005892538313e-01 7.035176241865568336e-01 6.414613022090583927e-01 5.555363760742844104e-01 4.269917624397696621e-01 1.130736010928936053e-01 6.577461559904188571e-01 4.628154084314197725e-01
5.381685031326095547e-01 5.376219630659340165e-01 5.193005804174002371e-01 4.263945977674142296e-01 4.265667024471903046e-01 5.504811995039143868e-01 4.703804472564979133e-01 0.000000000000000000e+00 3.730874337738162572e-01 3.876777001011226798e-01 5.782986431352084011e-01 6.571353739450118692e-01 3.196311264246212147e-01 8.918635033365520659e-01 6.784362970653294855e-01 3.512548267751393616e-01 4.864521372443207925e-01 7.646000426884176360e-01 5.864311622048363759e-01 3.581847789629213352e-01 2.373407140762573420e-01 4.580390192812673900e-01 9.096069938475558336e-01 7.487531217212807233e-01 3.901538977325126334e-01 8.186044367291214208e-01 7.292038977751420514e-01 4.310142949860076289e-01 2.419696133925803572e-01 5.425048620477352923e-01 4.643897564122700383e-01 4.434148979027759396e-01 5.010953484486823095e-01 2.671744031216682913e-01 1.260154025082592666e-01
2.604917435901948908e-01 7.897683727504285489e-01 4.270133464751244556e-01 5.428440777933265515e-01 1.242139220207514327e-01 6.274183602754441758e-01 2.847197446530280729e-01 3.730874337738162572e-01 0.000000000000000000e+00 3.497176357302572702e-01 7.514519195588003075e-01 3.518033328318131980e-01 5.020766228174629031e-01 7.060348765280177741e-01 8.256724651300697548e-01 4.885770006027114198e-01 1.500798939494777384e-01 4.844432927846349379e-01 6.466888891101084669e-01 3.990134045458493817e-01 7.444470328253833813e-01 6.813138287081647038e-01 7.641680890167699136e-01 6.192283731068112251e-01 3.333074639282621598e-01 4.409140529508741579e-01 4.894101613403370465e-01 8.364445501424148111e-01 5.313691216004774454e-01 2.848763777771344818e-01 2.434551239880503315e-01 6.197267158811241572e-01 5.469330293108073393e-01 3.282023002948011303e-01 6.065225161037820500e-01
4.206686687386219647e-01 2.146977225578349247e-01 5.397561179850567381e-01 8.173665018442755059e-01 6.753426472222947563e-01 7.404187015254988236e-01 4.959901777315788296e-01 3.876777001011226798e-01 3.497176357302572702e-01 0.000000000000000000e+00 7.038834383750890433e-01 7.826523578358346445e-01 5.873150198314145420e-01 6.059669777105398669e-01 4.793585968384728169e-02 4.331300943252762714e-01 3.976585411487146282e-01 5.849333823466127402e-01 1.043973416886166961e-01 8.083585331699277843e-02 2.843778088249204195e-01 6.337189110628401734e-01 4.678870923485577427e-01 5.266799323073535488e-01 7.573729123244168360e-01 7.615439631537506138e-01 1.924448515918044667e-01 7.658783825436029646e-01 3.740841315820233604e-01 1.781142607923414944e-01 3.780348691414971984e-01 3.147980332244265100e-01 6.354948116900637212e-01 5.009375968603930751e-01 7.755871490882935149e-01
7.274111112014230995e-01 6.714341906498366708e-01 2.828439041777687235e-01 6.308394308645944859e-01 4.134241864573375280e-01 8.577844777313465841e-01 7.663691345894585449e-01 5.782986431352084011e-01 7.514519195588003075e-01 7.038834383750890433e-01 0.000000000000000000e+00 3.287970893939380357e-01 3.882161292577757106e-01 8.496633653689882326e-01 7.109652265103304503e-01 3.026229119286435454e-01 7.884910465383716538e-01 4.926945162121915134e-01 4.659678887295948813e-01 1.545253560042199048e-01 1.735992126541809899e-01 8.067977713543619256e-01 4.520124859485049607e-01 5.263208431828839684e-01 4.719548045471859687e-01 4.265793180999144507e-01 5.573562369292935914e-01 4.628955447092781839e-01 1.412519822336633091e-01 4.993200157600171663e-01 3.854900664638941654e-01 2.653611930580662137e-01 1.106534414809393629e-01 6.441226102490787975e-01 3.525334618363827888e-01
1.951691841439412434e-01 3.036412781712705122e-01 6.039238148914398696e-01 3.798818480493346694e-01 4.536779677940933619e-01 4.183231920495867895e-01 4.874601113807736086e-01 6.571353739450118692e-01 3.518033328318131980e-01 7.826523578358346445e-01 3.287970893939380357e-01 0.000000000000000000e+00 2.180518538799936512e-01 6.691441102592494694e-01 4.919966834494086672e-01 2.388109254108937707e-01 2.670069144435419650e-01 6.188458709851847317e-01 5.537447665882042624e-01 5.826350122401851017e-01 5.479133995279787950e-01 7.147487082065386854e-01 6.501872582669157019e-01 4.911031850265364929e-01 8.442450341551727133e-01 1.759853473769280585e-01 5.034844423908075850e-01 2.338306545969854322e-01 2.659519299929268277e-01 7.802968749234634460e-01 2.276176823813225170e-01 3.912739090795060992e-01 6.562977603800909110e-01 7.674525558984648388e-01 4.744743304289084085e-01
4.912045688286784118e-01 5.092287091538842958e-01 6.973124712042222395e-01 4.653881754655820324e-01 1.930602531484853501e-01 2.404297629553450166e-01 8.729100775546774216e-01 3.196311264246212147e-01 5.020766228174629031e-01 5.873150198314145420e-01 3.882161292577757106e-01 2.180518538799936512e-01 0.000000000000000000e+00 5.485444723641885734e-01 3.890185501985090610e-01 7.603147201689730572e-01 7.526059987708995092e-01 4.977801725633252405e-01 3.939785398608558475e-01 7.450444057915188711e-01 8.916666732902467363e-01 7.441938710280389113e-01 5.941030521995395164e-01 1.938741841601556715e-01 9.089638245068879518e-01 2.799368665048008742e-01 7.302849413095697795e-01 3.823162110916528134e-01 4.247326112137597698e-01 5.650966258269540798e-01 3.734828595735922852e-01 6.533866472425320371e-01 4.823057367977400256e-01 5.554221445302758298e-01 9.198706863429956249e-01
3.333268529976351480e-01 5.156482007878226970e-01 5.224918456278129231e-01 3.188883893586874629e-01 4.932956558784170609e-01 6.291307006705866289e-01 5.305362721954079985e-01 8.918635033365520659e-01 7.060348765280177741e-01 6.059669777105398669e-01 8.496633653689882326e-01 6.691441102592494694e-01 5.485444723641885734e-01 0.000000000000000000e+00 6.767822196046836547e-01 5.832636439046287036e-01 8.370380728590123276e-01 4.089378380819794767e-01 8.564358849690001385e-02 8.370866858531536003e-01 8.887543274553328931e-01 3.319682976075847836e-01 7.972875358323471273e-01 4.606217917070429269e-01 5.408373452496264555e-01 3.603685693943748936e-01 3.748578424037394274e-01 6.573689559340825106e-01 5.714770178146554303e-01 4.719574924290910745e-01 4.763732495304267567e-01 2.200329131862963639e-01 5.479225338639838183e-01 4.235364827348285788e-01 3.935518282131975076e-01
7.139891003763212396e-01 5.497583436856539052e-01 5.184356420887638039e-01 5.817402088777596791e-01 3.356174467804984296e-01 5.130576356881342281e-01 2.537428853293349773e-01 6.784362970653294855e-01 8.256724651300697548e-01 4.793585968384728169e-02 7.109652265103304503e-01 4.919966834494086672e-01 3.890185501985090610e-01 6.767822196046836547e-01 0.000000000000000000e+00 5.087113635979242376e-01 5.324848962788291118e-01 6.062672003012965494e-01 6.469536905230419688e-01 6.492138246816692160e-01 6.962337531779552169e-01 2.269700716465508084e-01 1.129394054200313358e-01 9.283299250359158261e-01 5.284469496539705435e-01 2.812861492112377348e-01 6.098087353186740778e-01 5.030707121598256837e-01 5.256702702295708018e-01 7.382522650251313046e-01 3.728295720369524946e-01 4.933360284017339059e-01 5.452994233309531591e-01 5.707605827066837278e-01 2.169372170186951720e-01
3.723014370344908119e-01 2.967414147649983236e-01 4.334918396545315855e-01 1.455082848373444593e-01 6.616709631377059031e-01 1.656725733684573099e-01 1.272275981071752660e-01 3.512548267751393616e-01 4.885770006027114198e-01 4.331300943252762714e-01 3.026229119286435454e-01 2.388109254108937707e-01 7.603147201689730572e-01 5.832636439046287036e-01 5.087113635979242376e-01 0.000000000000000000e+00 4.120249095040333653e-01 4.380607248464361003e-01 5.653895821830878798e-02 7.178752106049210990e-01 2.969456056739295247e-01 4.885716328998925828e-01 6.439329134555533685e-01 7.906165260874835621e-01 2.397803387851092927e-01 5.792471540509919192e-01 7.515307582796877384e-01 7.230712424728110710e-01 4.106757189260600849e-01 5.179631701338476280e-01 4.274043695216663830e-01 3.189880864924891091e-01 4.230291853895467025e-01 3.111724199933143531e-01 1.867483349715685081e-01
8.103572353321492061e-01 1.262456613622133239e-01 4.384461939176270695e-01 4.259727657485465890e-01 2.942590487415454037e-01 6.081018892605385417e-01 6.124848898795498542e-01 4.864521372443207925e-01 1.500798939494777384e-01 3.976585411487146282e-01 7.884910465383716538e-01 2.670069144435419650e-01 7.526059987708995092e-01 8.370380728590123276e-01 5.324848962788291118e-01 4.120249095040333653e-01 0.000000000000000000e+00 3.484077000033365401e-01 2.400146602249479955e-01 3.759459033687451157e-02 7.988490037447384395e-01 9.538432120081175025e-02 1.454851390472605699e-01 4.357451811297747835e-01 2.280608466878959462e-01 3.752721506361801351e-01 6.565712285722976604e-01 6.501287731732438013e-01 4.363511681342271409e-01 7.116837722888409434e-01 7.174061186111617694e-01 1.654114813157145369e-01 6.159484800750376632e-01 8.354896073947815083e-02 4.323751781924179416e-01
5.736053610453085705e-01 6.448410422141398479e-01 5.064408239168947112e-01 6.170510175559233979e-01 5.145851889701311688e-01 6.738787736038949205e-01 5.196183283430920730e-01 7.646000426884176360e-01 4.844432927846349379e-01 5.849333823466127402e-01 4.926945162121915134e-01 6.188458709851847317e-01 4.977801725633252405e-01 4.089378380819794767e-01 6.062672003012965494e-01 4.380607248464361003e-01 3.484077000033365401e-01 0.000000000000000000e+00 6.774487000158229133e-01 5.077731745655724716e-01 9.795413467669572549e-02 6.351748534716354921e-01 8.280483824144031502e-01 4.977208948666625443e-01 7.277969065932565762e-01 4.716171749269417179e-01 6.521691546080348179e-01 2.516838118124842816e-01 5.054128693363035829e-01 5.777540464026136302e-01 1.497541741379898594e-01 8.397521656893415232e-01 8.248031620846769663e-01 5.506766627213836029e-01 3.542979019089876336e-01
7.599519653195089264e-01 7.065945976167853360e-01 1.386308523996713782e-01 9.760110436212821039e-02 7.397506634944751580e-01 6.960826793126677625e-01 5.182753930516426077e-01 5.864311622048363759e-01 6.466888891101084669e-01 1.043973416886166961e-01 4.659678887295948813e-01 5.537447665882042624e-01 3.939785398608558475e-01 8.564358849690001385e-02 6.469536905230419688e-01 5.653895821830878798e-02 2.400146602249479955e-01 6.774487000158229133e-01 0.000000000000000000e+00 4.812835608292360678e-01 2.442131704648250745e-01 1.641928484112085140e-01 9.421683563605545153e-01 4.091553999753806958e-01 5.813221406906390332e-01 2.266821043734013053e-02 2.050413678870704470e-01 6.668297976975490204e-02 4.749714623804024427e-01 7.004307125401554313e-01 6.982151193527452726e-01 4.750143160416896437e-01 5.711865748882501981e-01 8.796381530309345109e-01 6.682737727411500739e-01
6.504802737465562590e-01 4.103582847541392686e-01 7.708439796921308096e-01 1.025058728137002717e-01 4.536675344973559731e-01 7.465179609089787061e-01 9.296173796455970972e-01 3.581847789629213352e-01 3.990134045458493817e-01 8.083585331699277843e-02 1.545253560042199048e-01 5.826350122401851017e-01 7.450444057915188711e-01 8.370866858531536003e-01 6.492138246816692160e-01 7.178752106049210990e-01 3.759459033687451157e-02 5.077731745655724716e-01 4.812835608292360678e-01 0.000000000000000000e+00 1.785641950984184767e-02 4.572310282754648014e-01 6.759603813177728071e-01 9.221027376712398471e-01 6.088215466943299736e-01 3.420953431625716190e-01 6.390904754786557174e-01 2.493225940197060508e-01 3.744803672341695533e-01 6.862757808570481011e-01 1.502913008047094823e-01 5.429205967434251878e-01 3.529588205159731595e-01 2.905457927108390237e-01 6.285639016133286461e-01
8.612667390771066023e-01 2.300125610550866062e-01 6.407568353452350873e-01 4.249265062868174403e-01 4.066600908924599134e-01 5.622886408812528547e-01 2.909230126325326182e-01 2.373407140762573420e-01 7.444470328253833813e-01 2.843778088249204195e-01 1.735992126541809899e-01 5.479133995279787950e-01 8.916666732902467363e-01 8.887543274553328931e-01 6.962337531779552169e-01 2.969456056739295247e-01 7.988490037447384395e-01 9.795413467669572549e-02 2.442131704648250745e-01 1.785641950984184767e-02 0.000000000000000000e+00 6.007669783402564967e-01 1.505935387522353008e-01 4.990488449911200108e-01 3.147200170562003407e-01 1.857048787029744741e-01 4.119273217190360659e-01 7.322136811467938600e-01 2.894759345641777504e-01 7.718577313058693212e-01 4.794065402185134217e-01 5.071016576541780285e-01 7.666065077873300826e-01 2.182623052377217210e-01 4.308723131209953872e-01
7.792846775307253893e-01 5.799576082175001979e-01 3.241475323617167281e-01 1.098397134399427544e-01 9.700165548567896145e-01 6.465564786160119537e-01 4.122604126693205639e-01 4.580390192812673900e-01 6.813138287081647038e-01 6.337189110628401734e-01 8.067977713543619256e-01 7.147487082065386854e-01 7.441938710280389113e-01 3.319682976075847836e-01 2.269700716465508084e-01 4.885716328998925828e-01 9.538432120081175025e-02 6.351748534716354921e-01 1.641928484112085140e-01 4.572310282754648014e-01 6.007669783402564967e-01 0.000000000000000000e+00 2.951598875289109802e-01 3.646004602095673230e-01 6.747202753073793247e-01 6.769485060899357309e-01 7.123280932332378690e-01 7.243579947109014538e-01 5.056247769673108960e-01 6.164346616936529077e-01 5.614110194648692653e-01 5.229961577311721399e-01 8.419047087100827165e-01 3.441508014016743111e-01 5.039351517527979052e-01
1.770366480048277680e-01 5.311162733033726324e-01 4.946912907817306304e-01 6.491780826851818453e-01 3.993302728730087070e-01 2.333075318910348139e-01 2.009855982716338141e-01 9.096069938475558336e-01 7.641680890167699136e-01 4.678870923485577427e-01 4.520124859485049607e-01 6.501872582669157019e-01 5.941030521995395164e-01 7.972875358323471273e-01 1.129394054200313358e-01 6.439329134555533685e-01 1.454851390472605699e-01 8.280483824144031502e-01 9.421683563605545153e-01 6.759603813177728071e-01 1.505935387522353008e-01 2.951598875289109802e-01 0.000000000000000000e+00 6.276706890638434899e-01 6.116387910184832855e-01 8.652498523900535865e-01 7.216227676371264055e-01 3.712167243222874724e-01 7.014283067455809872e-01 5.353128974564211884e-01 2.963791450417474493e-03 5.232683308451910875e-01 4.610668608806020030e-01 8.118585980396018087e-01 5.618907086498798886e-01
2.254978311249220824e-01 5.033731879432956635e-01 4.881604321332028706e-01 7.050076475464671644e-01 5.955698106616500453e-01 6.222872819880704842e-01 9.810959857603585021e-02 7.487531217212807233e-01 6.192283731068112251e-01 5.266799323073535488e-01 5.263208431828839684e-01 4.911031850265364929e-01 1.938741841601556715e-01 4.606217917070429269e-01 9.283299250359158261e-01 7.906165260874835621e-01 4.357451811297747835e-01 4.977208948666625443e-01 4.091553999753806958e-01 9.221027376712398471e-01 4.990488449911200108e-01 3.646004602095673230e-01 6.276706890638434899e-01 0.000000000000000000e+00 4.584680274398067468e-01 1.504233713683294504e-01 4.682358049909416953e-01 4.812825734138822531e-01 7.659412112526797767e-01 4.485995044030476886e-01 4.218154636293930948e-01 3.636478042785217801e-01 4.894430532197678319e-01 4.459363902718941342e-01 8.033721731088883100e-01
3.978908357480598346e-01 1.107574708702805943e-01 3.814080143742754059e-01 4.379330525658244877e-01 1.689584552126043304e-01 8.702845465183161044e-01 5.048550839947625324e-01 3.901538977325126334e-01 3.333074639282621598e-01 7.573729123244168360e-01 4.719548045471859687e-01 8.442450341551727133e-01 9.089638245068879518e-01 5.408373452496264555e-01 5.284469496539705435e-01 2.397803387851092927e-01 2.280608466878959462e-01 7.277969065932565762e-01 5.813221406906390332e-01 6.088215466943299736e-01 3.147200170562003407e-01 6.747202753073793247e-01 6.116387910184832855e-01 4.584680274398067468e-01 0.000000000000000000e+00 4.082050159729427863e-01 7.953293124789324597e-01 1.301555488017474560e-01 5.642825520889670488e-01 6.792759980476479331e-01 3.087032400736483551e-01 4.994925203527508240e-01 3.690128370106966482e-01 8.371032144337320346e-02 7.081999909920669856e-01
7.225640405722835169e-01 4.507206864058578843e-01 2.986604065010326492e-01 7.599529111717705510e-01 5.639138684483447905e-01 6.523322230762632623e-01 4.200103972700784949e-01 8.186044367291214208e-01 4.409140529508741579e-01 7.615439631537506138e-01 4.265793180999144507e-01 1.759853473769280585e-01 2.799368665048008742e-01 3.603685693943748936e-01 2.812861492112377348e-01 5.792471540509919192e-01 3.752721506361801351e-01 4.716171749269417179e-01 2.266821043734013053e-02 3.420953431625716190e-01 1.857048787029744741e-01 6.769485060899357309e-01 8.652498523900535865e-01 1.504233713683294504e-01 4.082050159729427863e-01 0.000000000000000000e+00 8.859290228663561084e-01 3.789963449949040331e-01 6.270496681222620383e-01 5.597084167355064199e-01 3.105682181912845508e-01 4.839404895404739726e-01 8.094628032432649167e-01 3.266906985584694390e-02 3.700838589437530635e-01
4.763658876591982394e-01 4.021168765759312036e-01 9.068819368288494331e-01 7.584948218839450140e-01 7.879631160392392975e-01 2.671728420080874411e-01 5.896783194806232142e-01 7.292038977751420514e-01 4.894101613403370465e-01 1.924448515918044667e-01 5.573562369292935914e-01 5.034844423908075850e-01 7.302849413095697795e-01 3.748578424037394274e-01 6.098087353186740778e-01 7.515307582796877384e-01 6.565712285722976604e-01 6.521691546080348179e-01 2.050413678870704470e-01 6.390904754786557174e-01 4.119273217190360659e-01 7.123280932332378690e-01 7.216227676371264055e-01 4.682358049909416953e-01 7.953293124789324597e-01 8.859290228663561084e-01 0.000000000000000000e+00 5.918865872864214062e-01 8.785576679711117887e-01 9.170226977226154652e-01 2.073981557582004198e-01 6.553913031390699029e-01 4.477211268838035552e-01 4.202839831610177268e-01 4.817443299170495741e-01
5.017698332932551963e-01 1.854544621200122645e-01 5.591706990735654248e-01 2.494052610668671122e-01 8.196777422015641967e-01 2.987766162366668476e-01 4.879740005892538313e-01 4.310142949860076289e-01 8.364445501424148111e-01 7.658783825436029646e-01 4.628955447092781839e-01 2.338306545969854322e-01 3.823162110916528134e-01 6.573689559340825106e-01 5.030707121598256837e-01 7.230712424728110710e-01 6.501287731732438013e-01 2.516838118124842816e-01 6.668297976975490204e-02 2.493225940197060508e-01 7.322136811467938600e-01 7.243579947109014538e-01 3.712167243222874724e-01 4.812825734138822531e-01 1.301555488017474560e-01 3.789963449949040331e-01 5.918865872864214062e-01 0.000000000000000000e+00 5.535771594537595153e-01 4.147903897786787142e-01 3.174578719941949512e-01 5.046741207683189678e-01 4.988108082409797306e-01 6.701053064171833551e-01 1.246480977784036881e-01
2.677708125754575397e-01 8.052606398469677185e-01 7.510695433391711973e-02 5.565461195424725727e-01 5.261550952107060253e-01 5.181920499809644642e-01 7.035176241865568336e-01 2.419696133925803572e-01 5.313691216004774454e-01 3.740841315820233604e-01 1.412519822336633091e-01 2.659519299929268277e-01 4.247326112137597698e-01 5.714770178146554303e-01 5.256702702295708018e-01 4.106757189260600849e-01 4.363511681342271409e-01 5.054128693363035829e-01 4.749714623804024427e-01 3.744803672341695533e-01 2.894759345641777504e-01 5.056247769673108960e-01 7.014283067455809872e-01 7.659412112526797767e-01 5.642825520889670488e-01 6.270496681222620383e-01 8.785576679711117887e-01 5.535771594537595153e-01 0.000000000000000000e+00 4.774086264795402434e-01 9.521249272512937178e-01 7.910922136504091595e-01 5.226831774529192565e-01 5.509536112412976028e-01 6.572054106568763210e-01
3.180910361340348880e-01 7.651081451350454365e-01 8.950149679907835054e-01 4.741625599805134872e-01 4.082908475258498759e-01 7.926080638205146300e-01 6.414613022090583927e-01 5.425048620477352923e-01 2.848763777771344818e-01 1.781142607923414944e-01 4.993200157600171663e-01 7.802968749234634460e-01 5.650966258269540798e-01 4.719574924290910745e-01 7.382522650251313046e-01 5.179631701338476280e-01 7.116837722888409434e-01 5.777540464026136302e-01 7.004307125401554313e-01 6.862757808570481011e-01 7.718577313058693212e-01 6.164346616936529077e-01 5.353128974564211884e-01 4.485995044030476886e-01 6.792759980476479331e-01 5.597084167355064199e-01 9.170226977226154652e-01 4.147903897786787142e-01 4.774086264795402434e-01 0.000000000000000000e+00 3.677918942955681891e-01 3.273328606222030146e-01 4.099985082280956927e-01 6.723489488782575796e-01 2.300652833392423102e-01
2.702806124731901294e-01 2.465228303808164600e-01 7.785882709482350172e-01 6.993300491600366042e-01 4.609455971502570693e-01 5.234068589283061845e-01 5.555363760742844104e-01 4.643897564122700383e-01 2.434551239880503315e-01 3.780348691414971984e-01 3.854900664638941654e-01 2.276176823813225170e-01 3.734828595735922852e-01 4.763732495304267567e-01 3.728295720369524946e-01 4.274043695216663830e-01 7.174061186111617694e-01 1.497541741379898594e-01 6.982151193527452726e-01 1.502913008047094823e-01 4.794065402185134217e-01 5.614110194648692653e-01 2.963791450417474493e-03 4.218154636293930948e-01 3.087032400736483551e-01 3.105682181912845508e-01 2.073981557582004198e-01 3.174578719941949512e-01 9.521249272512937178e-01 3.677918942955681891e-01 0.000000000000000000e+00 6.886955025830402422e-01 2.622241611170829101e-01 5.822382089318560716e-01 4.068848705523573916e-01
6.003597720033956309e-01 4.352436331703086747e-01 6.668364669979942594e-01 4.939395450657054765e-01 4.326531846902679224e-01 6.705802136350809128e-01 4.269917624397696621e-01 4.434148979027759396e-01 6.197267158811241572e-01 3.147980332244265100e-01 2.653611930580662137e-01 3.912739090795060992e-01 6.533866472425320371e-01 2.200329131862963639e-01 4.933360284017339059e-01 3.189880864924891091e-01 1.654114813157145369e-01 8.397521656893415232e-01 4.750143160416896437e-01 5.429205967434251878e-01 5.071016576541780285e-01 5.229961577311721399e-01 5.232683308451910875e-01 3.636478042785217801e-01 4.994925203527508240e-01 4.839404895404739726e-01 6.553913031390699029e-01 5.046741207683189678e-01 7.910922136504091595e-01 3.273328606222030146e-01 6.886955025830402422e-01 0.000000000000000000e+00 3.836208984508103770e-01 6.402471399747251546e-01 3.980373850288191906e-01
8.966190759084218254e-01 7.169249808825670645e-01 2.723293887506916811e-01 1.177354240883279335e-01 3.845705610071560310e-01 2.297359601256407924e-01 1.130736010928936053e-01 5.010953484486823095e-01 5.469330293108073393e-01 6.354948116900637212e-01 1.106534414809393629e-01 6.562977603800909110e-01 4.823057367977400256e-01 5.479225338639838183e-01 5.452994233309531591e-01 4.230291853895467025e-01 6.159484800750376632e-01 8.248031620846769663e-01 5.711865748882501981e-01 3.529588205159731595e-01 7.666065077873300826e-01 8.419047087100827165e-01 4.610668608806020030e-01 4.894430532197678319e-01 3.690128370106966482e-01 8.094628032432649167e-01 4.477211268838035552e-01 4.988108082409797306e-01 5.226831774529192565e-01 4.099985082280956927e-01 2.622241611170829101e-01 3.836208984508103770e-01 0.000000000000000000e+00 6.941362404206106174e-01 3.077414072945388046e-01
5.629891875946351210e-01 2.446378251554298666e-01 8.260697295816140651e-01 8.885427770538422143e-01 6.703777894048065233e-01 3.974843602479574689e-01 6.577461559904188571e-01 2.671744031216682913e-01 3.282023002948011303e-01 5.009375968603930751e-01 6.441226102490787975e-01 7.674525558984648388e-01 5.554221445302758298e-01 4.235364827348285788e-01 5.707605827066837278e-01 3.111724199933143531e-01 8.354896073947815083e-02 5.506766627213836029e-01 8.796381530309345109e-01 2.905457927108390237e-01 2.182623052377217210e-01 3.441508014016743111e-01 8.118585980396018087e-01 4.459363902718941342e-01 8.371032144337320346e-02 3.266906985584694390e-02 4.202839831610177268e-01 6.701053064171833551e-01 5.509536112412976028e-01 6.723489488782575796e-01 5.822382089318560716e-01 6.402471399747251546e-01 6.941362404206106174e-01 0.000000000000000000e+00 7.284603101311393214e-01
7.675926815948015403e-01 6.884183575601672267e-01 5.360582501162164393e-01 3.621059757901303744e-01 3.556693242957122969e-01 4.921403128378620262e-01 4.628154084314197725e-01 1.260154025082592666e-01 6.065225161037820500e-01 7.755871490882935149e-01 3.525334618363827888e-01 4.744743304289084085e-01 9.198706863429956249e-01 3.935518282131975076e-01 2.169372170186951720e-01 1.867483349715685081e-01 4.323751781924179416e-01 3.542979019089876336e-01 6.682737727411500739e-01 6.285639016133286461e-01 4.308723131209953872e-01 5.039351517527979052e-01 5.618907086498798886e-01 8.033721731088883100e-01 7.081999909920669856e-01 3.700838589437530635e-01 4.817443299170495741e-01 1.246480977784036881e-01 6.572054106568763210e-01 2.300652833392423102e-01 4.068848705523573916e-01 3.980373850288191906e-01 3.077414072945388046e-01 7.284603101311393214e-01 0.000000000000000000e+00
