0.000000000000000000e+00 2.706372247682110044e-01 2.692275173375637820e-01 6.087989988961461929e-01 4.523196719332568394e-01 5.206377664037695752e-01 5.750006183732705445e-01 9.052183498953464413e-01 5.127327247351320949e-01 4.918155567476095169e-01 3.930511094804349237e-01 6.185617381588084385e-01 8.356267053629964359e-01 4.242563723192078751e-01 1.797063841694845898e-01 4.672397797628002891e-01 4.196799380099159871e-01 5.539732534967134470e-01 1.335996952371211188e-01 5.878800362881744235e-01 2.245020291275240387e-01 5.557838970317400262e-01 4.474924972558299574e-01 7.247942024343144718e-01 5.454221089932946853e-01 8.007310902941189301e-01 6.957950658231834007e-01 5.112133651091159692e-01 2.202494910718097998e-01 5.051487054413673627e-01 3.861878892391436557e-01 8.280910904122784633e-02 4.833055631474311165e-01 7.674065350273726605e-01 3.917088897731942909e-01
2.706372247682110044e-01 0.000000000000000000e+00 5.352025331278571496e-01 4.472298141828475737e-01 8.791425200857891920e-01 5.698854078419736124e-01 4.398103959672603480e-01 4.662843689891352783e-01 8.537405404627127492e-01 4.312238048622963893e-01 7.218526974787873307e-01 3.172393912114749304e-01 4.279828292512492527e-01 4.815777104743175219e-01 3.264202381271985587e-02 8.047515336336554803e-01 1.988372009317967981e-01 3.719759530675308401e-01 1.992592152796203164e-01 7.666522358887817301e-01 4.978634319005083575e-01 1.642107958731137685e-01 2.726322333769585216e-01 7.785520832290462323e-01 6.539504210859988786e-01 1.314265228852931067e-01 9.021410254952375585e-01 3.400784385446187219e-02 5.185974526526957451e-01 8.532180784168965637e-01 2.831742396200658818e-01 5.943745444755321738e-01 8.632318126047173745e-01 4.245886533320005762e-01 2.878981828293413758e-01
2.692275173375637820e-01 5.352025331278571496e-01 0.000000000000000000e+00 6.198763750660466476e-01 5.952307980353617189e-01 2.848879866406593964e-01 7.965504119044185538e-01 3.479006037985755695e-01 5.227973342811456092e-01 4.934677263045594842e-01 4.210818153141154818e-01 9.299926769494215595e-01 2.958247172493072563e-01 2.666546487650263142e-01 9.032562477007355373e-02 5.369950833327119533e-01 4.589671906910508525e-01 7.656157333415283262e-01 6.568887490263082274e-01 1.382162277287514174e-01 2.326601890429732533e-01 7.290127714988261509e-01 5.421336565893768444e-01 2.238024460572057839e-01 8.089480849461678780e-01 5.548778711013552245e-01 5.198846635371122682e-01 5.721660634497098830e-01 2.570648213437499718e-01 4.132492924929462852e-01 7.500357506116347439e-01 7.131780131352052354e-01 3.501949140706003827e-01 5.353205669255105548e-01 3.498049950641031747e-01
6.087989988961461929e-01 4.472298141828475737e-01 6.198763750660466476e-01 0.000000000000000000e+00 8.758516573999852728e-01 5.289438965947765858e-01 4.360043339376710736e-01 5.526983714004944925e-01 5.525757916201390341e-01 5.434541643483665752e-01 5.533109129058513265e-01 3.081005888299922502e-01 4.399069651779486945e-01 5.806956997099907980e-01 3.019972485815406449e-01 5.365462930128308550e-01 3.055359134357197304e-01 1.552187027110715767e-01 6.591952155172613459e-01 9.146347599729920397e-01 5.958790758796186360e-01 6.105295442450784371e-01 7.465541648418592136e-01 2.637241209293942901e-01 2.914317633503942240e-01 4.316337379361832038e-01 4.095502917871371995e-01 7.616126786041674812e-01 7.343545467856231745e-01 6.095021500099064848e-01 4.873050883616015239e-01 6.102871522021067197e-01 4.371314339367809998e-01 8.479091342981129875e-01 1.942470746523355940e-01
4.523196719332568394e-01 8.791425200857891920e-01 5.952307980353617189e-01 8.758516573999852728e-01 0.000000000000000000e+00 4.471923588367719415e-01 4.783937984375785657e-01 5.601141894953641787e-01 3.967838335860135457e-01 9.866214732951728017e-02 6.027851568761583012e-01 5.225399225541107473e-01 8.194865326856535237e-01 8.019285428517581860e-01 1.472449036139803491e-01 5.426914875606094757e-01 4.577743817397247339e-01 4.229688775036687387e-01 9.138335671081501133e-01 9.881095411237985626e-01 4.383830363083100479e-01 7.332368429180551317e-01 5.937328575466948033e-01 2.906071124304957509e-01 4.907693785717469059e-01 7.487431944680136287e-01 4.557133755834436029e-01 4.406548289280959319e-01 7.114383600868665614e-01 6.835156417544190344e-01 7.839167819346108956e-01 3.232209673935582117e-01 3.430958986882233219e-01 4.080461099946262049e-01 8.035071909230180331e-01
5.206377664037695752e-01 5.698854078419736124e-01 2.848879866406593964e-01 5.289438965947765858e-01 4.471923588367719415e-01 0.000000000000000000e+00 6.068288438901281445e-01 1.615223033024424382e-01 4.246078118683429548e-01 8.748092095188071404e-01 9.472156825442701322e-01 8.616141372087204875e-02 1.179555039217127232e-01 5.249726080439556242e-01 6.923384217212776859e-01 2.913655030277637614e-01 4.395053891959902481e-01 1.107140457535620293e-01 8.324555566989677580e-01 8.005052752513983627e-01 1.380676213858277324e-01 6.618444411654855752e-01 8.709787783216570434e-01 7.669058169213633924e-01 2.478971482278575778e-01 3.722371770881007791e-01 2.358188359487662922e-01 2.342652171552920826e-01 8.658837888367550972e-01 3.952551080437742836e-01 1.396301722379199584e-01 1.813480812051750379e-01 5.679254941812698076e-01 6.085295527082401623e-01 3.407956231018373083e-01
5.750006183732705445e-01 4.398103959672603480e-01 7.965504119044185538e-01 4.360043339376710736e-01 4.783937984375785657e-01 6.068288438901281445e-01 0.000000000000000000e+00 2.457695489447416781e-01 6.697786854078201513e-01 4.165165578086281739e-01 9.293740513717116958e-01 3.637743499426846494e-01 2.112726925707647530e-01 8.200109375535109546e-01 5.761156330013086357e-01 7.899178036177766371e-01 6.741646671560168613e-01 2.293994867579350339e-01 6.289722158181381140e-01 7.863596314747924865e-01 3.257328672817412230e-01 4.907322110610112809e-02 7.313818700677445772e-01 5.519332754037082900e-01 5.326297828225996511e-01 4.312653162902307380e-01 4.596830273179418613e-01 4.872832755939093818e-01 5.564076635128509807e-01 7.206804360255081310e-01 6.794081553896513803e-01 3.267143459219745694e-01 7.308172754940273075e-01 4.409592408302446254e-01 4.151456684404442044e-01
9.052183498953464413e-01 4.662843689891352783e-01 3.479006037985755695e-01 5.526983714004944925e-01 5.601141894953641787e-01 1.615223033024424382e-01 2.457695489447416781e-01 0.000000000000000000e+00 8.218908672335742960e-01 1.469673285161515741e-01 9.069661573968009760e-01 3.650844415833121026e-01 7.065857293439747888e-01 4.305796581745494622e-01 7.711419284506527694e-01 3.985328438941914686e-01 2.981258678894329606e-01 7.401472382467249034e-01 6.039103513577631643e-01 2.806104878291222349e-01 4.023335815649692337e-01 7.035128640561991720e-01 2.568478922749303228e-01 7.153333213388219924e-01 4.940523557059248727e-01 4.690024901392442769e-01 8.776360697145538792e-01 5.952790029388376203e-01 8.568745138061375499e-01 4.432816991267894413e-01 5.409847975603057080e-01 5.210956508530423248e-01 7.127131317124966170e-01 6.972232053302147570e-01 5.499166993583048946e-01
5.127327247351320949e-01 8.537405404627127492e-01 5.227973342811456092e-01 5.525757916201390341e-01 3.967838335860135457e-01 4.246078118683429548e-01 6.697786854078201513e-01 8.218908672335742960e-01 0.000000000000000000e+00 7.033862075507966161e-01 8.353607652422720964e-01 5.236521614345270859e-01 6.916353600940456925e-01 4.907006422873947393e-01 7.350256966937009917e-01 2.358876120038856383e-01 8.073556351086597083e-01 1.869977173086379008e-01 8.017909243513692275e-01 5.331504011128448406e-01 9.454966565695205327e-01 5.310036356784361145e-01 4.439288392906969860e-01 5.975468315225813676e-01 5.264390285404800807e-01 7.518676180851908697e-01 2.188816548861949318e-01 3.102891228674952151e-01 5.034897604138998117e-01 5.167616862697324009e-01 2.632056279942251997e-02 5.466589726282786721e-01 8.399880143779406838e-01 6.573656848057929381e-02 5.807224014163905323e-01
4.918155567476095169e-01 4.312238048622963893e-01 4.934677263045594842e-01 5.434541643483665752e-01 9.866214732951728017e-02 8.748092095188071404e-01 4.165165578086281739e-01 1.469673285161515741e-01 7.033862075507966161e-01 0.000000000000000000e+00 4.895006436582420850e-01 7.420174835649580025e-01 8.648881533041983261e-01 5.334831965139075205e-01 4.150216235641174256e-01 5.954490258201695640e-01 9.063936904685105933e-01 6.785548872467270787e-01 8.249037607606644062e-01 7.724722263491572427e-01 5.841807217693932852e-01 1.203167037162121700e-01 5.524306094513924403e-01 1.410671105476231091e-01 1.720350450596535019e-01 7.426301065482174835e-01 3.763741298676797631e-01 7.106699410644599091e-01 4.964732160797398763e-01 8.072704629426536993e-01 6.250015148492378270e-01 3.458674231479694217e-01 9.054816093415296585e-01 9.004382389265024322e-01 7.843897030353221833e-01
3.930511094804349237e-01 7.218526974787873307e-01 4.210818153141154818e-01 5.533109129058513265e-01 6.027851568761583012e-01 9.472156825442701322e-01 9.293740513717116958e-01 9.069661573968009760e-01 8.353607652422720964e-01 4.895006436582420850e-01 0.000000000000000000e+00 8.243069260721054281e-01 6.863337393812986020e-01 3.342116969358880363e-01 4.108071815878562849e-01 7.542956093259176598e-01 6.959881818427309241e-01 6.253045803423895599e-01 5.202604479393092562e-01 4.992112778590611644e-01 5.097618970840017694e-02 3.084858403807286820e-01 6.767019169280230617e-01 2.359017572885979686e-01 2.608686352198242853e-01 1.729447543017081923e-01 9.235067753337575791e-01 7.360907031780763443e-01 7.175820039299118935e-01 5.166423205202697044e-01 4.068969485000032971e-01 8.975959609914456738e-01 9.403691275690355678e-01 6.255221721233679144e-01 8.097692211777338667e-01
6.185617381588084385e-01 3.172393912114749304e-01 9.299926769494215595e-01 3.081005888299922502e-01 5.225399225541107473e-01 8.616141372087204875e-02 3.637743499426846494e-01 3.650844415833121026e-01 5.236521614345270859e-01 7.420174835649580025e-01 8.243069260721054281e-01 0.000000000000000000e+00 8.561057306919483967e-01 8.259404673883983250e-01 7.593627115111452053e-01 5.240566981940339986e-01 3.415670048687849403e-01 4.317280177888687676e-01 2.248494394556034282e-01 4.796780331808312425e-01 5.156473223719562071e-01 8.585020058531835918e-01 6.891017904905718527e-01 6.995798867157521084e-01 1.336132845341678754e-01 6.768393582046432488e-01 7.615770804020131068e-01 4.005438395498065463e-01 5.571893403650023391e-01 7.655018414843154373e-01 5.530104040100691787e-01 2.837186223639365235e-01 7.188054979091298424e-01 8.105198231668122588e-01 2.209510142938000410e-01
8.356267053629964359e-01 4.279828292512492527e-01 2.958247172493072563e-01 4.399069651779486945e-01 8.194865326856535237e-01 1.179555039217127232e-01 2.112726925707647530e-01 7.065857293439747888e-01 6.916353600940456925e-01 8.648881533041983261e-01 6.863337393812986020e-01 8.561057306919483967e-01 0.000000000000000000e+00 5.295166869264015252e-01 4.593599148469988402e-01 2.341172035888098302e-01 5.574460816148479880e-01 6.112666670424535820e-01 3.710288008086248812e-01 5.395536652540607880e-01 7.617721800699106538e-01 4.960228558850620084e-01 4.414260939804856010e-01 4.083146211672788461e-01 4.150313062866977654e-01 6.963539503429017063e-01 2.914456768423456801e-01 8.335527162284539493e-01 6.686230553865287751e-01 4.095057584564557041e-01 4.779925799842162371e-01 3.851261632003670776e-01 4.505119244594868455e-02 3.741333066655099793e-01 6.204603321229220647e-01
4.242563723192078751e-01 4.815777104743175219e-01 2.666546487650263142e-01 5.806956997099907980e-01 8.019285428517581860e-01 5.249726080439556242e-01 8.200109375535109546e-01 4.305796581745494622e-01 4.907006422873947393e-01 5.334831965139075205e-01 3.342116969358880363e-01 8.259404673883983250e-01 5.295166869264015252e-01 0.000000000000000000e+00 6.189276044236716734e-01 8.131540211922934080e-01 8.099700655738928390e-01 4.874997512858416648e-01 1.585925842758822979e-01 6.846054456020609358e-01 6.668628155685714098e-01 4.611330267025397500e-01 6.859091204504250694e-01 1.468614121461508937e-02 6.188305360492347695e-01 7.046911864806544301e-01 9.564316303179356549e-01 4.698813532748505883e-01 4.476540267032199094e-01 8.057828584122910254e-01 5.172120993915885201e-01 6.562271623573663337e-01 4.481087751955183385e-01 4.284005829932919784e-01 3.712608482329621262e-01
1.797063841694845898e-01 3.264202381271985587e-02 9.032562477007355373e-02 3.019972485815406449e-01 1.472449036139803491e-01 6.923384217212776859e-01 5.761156330013086357e-01 7.711419284506527694e-01 7.350256966937009917e-01 4.150216235641174256e-01 4.108071815878562849e-01 7.593627115111452053e-01 4.593599148469988402e-01 6.189276044236716734e-01 0.000000000000000000e+00 6.777940802796431630e-01 4.347710651931395720e-01 7.811171777812199180e-01 2.817909148763404481e-01 3.835399113703977791e-01 8.573948414377833283e-01 8.762173781828797026e-01 7.157688248742540837e-01 8.177616752084204688e-01 5.306805957142342045e-01 5.340570249430165450e-01 9.236332198105301483e-01 5.292962307973375635e-01 3.225846408543613375e-01 3.673334738070813676e-01 2.303892215706170310e-01 3.188346151565667475e-01 2.521589735356726814e-01 1.693004934094959335e-01 1.113539707214855623e-01
4.672397797628002891e-01 8.047515336336554803e-01 5.369950833327119533e-01 5.365462930128308550e-01 5.426914875606094757e-01 2.913655030277637614e-01 7.899178036177766371e-01 3.985328438941914686e-01 2.358876120038856383e-01 5.954490258201695640e-01 7.542956093259176598e-01 5.240566981940339986e-01 2.341172035888098302e-01 8.131540211922934080e-01 6.777940802796431630e-01 0.000000000000000000e+00 1.126460083051913919e-01 4.699727356534085798e-01 4.839263996757733333e-01 4.208475193894407607e-01 2.409363118599097131e-01 3.052970607376205292e-01 8.399602947905757677e-01 2.909540878182031443e-01 6.273336914392877439e-01 4.472861717988279584e-01 8.235240685834391838e-01 4.816759519154372726e-01 8.093738367069693851e-01 8.432227540063550464e-01 2.418540276740089312e-01 4.376099734315864742e-01 3.554981250382307501e-01 4.561358414609396617e-01 5.860721985465425776e-01
4.196799380099159871e-01 1.988372009317967981e-01 4.589671906910508525e-01 3.055359134357197304e-01 4.577743817397247339e-01 4.395053891959902481e-01 6.741646671560168613e-01 2.981258678894329606e-01 8.073556351086597083e-01 9.063936904685105933e-01 6.959881818427309241e-01 3.415670048687849403e-01 5.574460816148479880e-01 8.099700655738928390e-01 4.347710651931395720e-01 1.126460083051913919e-01 0.000000000000000000e+00 4.593749393536824543e-01 3.521301830108425346e-01 6.907258260464848032e-01 4.521615858171702529e-01 4.984217899439635779e-01 9.585752995713781033e-02 8.355847339331853307e-01 3.959174779419317725e-01 4.699616713514311317e-01 8.350501637390113086e-01 6.087360427163355237e-01 4.592319311803533255e-01 2.937313279824571577e-02 8.748400451994735594e-01 5.712928952219376022e-01 4.803024363619191051e-01 6.854162452645355952e-01 2.718630473398266911e-01
5.539732534967134470e-01 3.719759530675308401e-01 7.656157333415283262e-01 1.552187027110715767e-01 4.229688775036687387e-01 1.107140457535620293e-01 2.293994867579350339e-01 7.401472382467249034e-01 1.869977173086379008e-01 6.785548872467270787e-01 6.253045803423895599e-01 4.317280177888687676e-01 6.112666670424535820e-01 4.874997512858416648e-01 7.811171777812199180e-01 4.699727356534085798e-01 4.593749393536824543e-01 0.000000000000000000e+00 7.603254216107628860e-01 5.398734912609526315e-02 3.667883416633836435e-01 3.637758954629683461e-01 8.897857633060366478e-01 5.263215510937910846e-01 5.337419480917593440e-01 5.624778490288775412e-01 2.225679877241669713e-01 5.834440969792211718e-01 5.644329717963718629e-01 5.903952495675541812e-01 3.270076002722888675e-01 4.890046421901764750e-01 7.656428427591892572e-01 6.635758613793387717e-01 6.129516449041240156e-01
1.335996952371211188e-01 1.992592152796203164e-01 6.568887490263082274e-01 6.591952155172613459e-01 9.138335671081501133e-01 8.324555566989677580e-01 6.289722158181381140e-01 6.039103513577631643e-01 8.017909243513692275e-01 8.249037607606644062e-01 5.202604479393092562e-01 2.248494394556034282e-01 3.710288008086248812e-01 1.585925842758822979e-01 2.817909148763404481e-01 4.839263996757733333e-01 3.521301830108425346e-01 7.603254216107628860e-01 0.000000000000000000e+00 5.795917045238694332e-01 8.305423351076876015e-01 6.516259700274200650e-01 4.936288093764142904e-01 4.586255903946606649e-01 2.578109904657862606e-01 4.042118005421112548e-01 5.982587397903230686e-01 6.425760897339951594e-01 6.907162365334740262e-01 4.502833209901435652e-02 6.608047691130174428e-01 4.576667392963066350e-01 5.037273905305063026e-01 4.981017178972230175e-01 4.991487374717530900e-01
5.878800362881744235e-01 7.666522358887817301e-01 1.382162277287514174e-01 9.146347599729920397e-01 9.881095411237985626e-01 8.005052752513983627e-01 7.863596314747924865e-01 2.806104878291222349e-01 5.331504011128448406e-01 7.724722263491572427e-01 4.992112778590611644e-01 4.796780331808312425e-01 5.395536652540607880e-01 6.846054456020609358e-01 3.835399113703977791e-01 4.208475193894407607e-01 6.907258260464848032e-01 5.398734912609526315e-02 5.795917045238694332e-01 0.000000000000000000e+00 5.187915146432114932e-01 7.079925215764649726e-01 8.395140267924304789e-01 5.793713459401512722e-01 4.881957711399743660e-01 2.206321200344079081e-01 4.991684772006992343e-01 7.020101732489292257e-01 3.183164779767888586e-02 5.041934014643397743e-01 2.949864365117766951e-01 9.439765785352505212e-02 9.097489965479201857e-01 8.844654984918781659e-01 4.650199428939214008e-01
2.245020291275240387e-01 4.978634319005083575e-01 2.326601890429732533e-01 5.958790758796186360e-01 4.383830363083100479e-01 1.380676213858277324e-01 3.257328672817412230e-01 4.023335815649692337e-01 9.454966565695205327e-01 5.841807217693932852e-01 5.097618970840017694e-02 5.156473223719562071e-01 7.617721800699106538e-01 6.668628155685714098e-01 8.573948414377833283e-01 2.409363118599097131e-01 4.521615858171702529e-01 3.667883416633836435e-01 8.305423351076876015e-01 5.187915146432114932e-01 0.000000000000000000e+00 4.844964262073330197e-01 4.874133640363790265e-01 7.632287052221621293e-01 6.398606595507021488e-01 9.006134314350791037e-01 1.997453780483559593e-01 6.871944378951622134e-01 4.908017792310826466e-01 4.108363958905829616e-01 3.536957701510653473e-01 3.527886222364768898e-01 7.498128811807560634e-01 7.976752166550566958e-01 9.394589319390089788e-01
5.557838970317400262e-01 1.642107958731137685e-01 7.290127714988261509e-01 6.105295442450784371e-01 7.332368429180551317e-01 6.618444411654855752e-01 4.907322110610112809e-02 7.035128640561991720e-01 5.310036356784361145e-01 1.203167037162121700e-01 3.084858403807286820e-01 8.585020058531835918e-01 4.960228558850620084e-01 4.611330267025397500e-01 8.762173781828797026e-01 3.052970607376205292e-01 4.984217899439635779e-01 3.637758954629683461e-01 6.516259700274200650e-01 7.079925215764649726e-01 4.844964262073330197e-01 0.000000000000000000e+00 5.049510756540931400e-01 8.298140048917796996e-01 5.095000802880036428e-01 7.799306749329686372e-01 4.086190077876886706e-01 4.547814221400535151e-01 8.807188583410316962e-01 1.764087543786199141e-01 3.314056727588381435e-01 2.419996405763000791e-01 4.644373668499394148e-01 5.983749169471681562e-01 4.748671153001257084e-01
4.474924972558299574e-01 2.726322333769585216e-01 5.421336565893768444e-01 7.465541648418592136e-01 5.937328575466948033e-01 8.709787783216570434e-01 7.313818700677445772e-01 2.568478922749303228e-01 4.439288392906969860e-01 5.524306094513924403e-01 6.767019169280230617e-01 6.891017904905718527e-01 4.414260939804856010e-01 6.859091204504250694e-01 7.157688248742540837e-01 8.399602947905757677e-01 9.585752995713781033e-02 8.897857633060366478e-01 4.936288093764142904e-01 8.395140267924304789e-01 4.874133640363790265e-01 5.049510756540931400e-01 0.000000000000000000e+00 6.951386937574249858e-01 5.513660802715911746e-01 5.502134460568306462e-01 2.708693059019077198e-01 4.922721119044102256e-01 7.930491072533638608e-01 4.737435395449082765e-01 9.464939584752076751e-01 5.119276823907988883e-01 8.850672741686593792e-02 3.876479002030822629e-01 7.378505138171831401e-02
7.247942024343144718e-01 7.785520832290462323e-01 2.238024460572057839e-01 2.637241209293942901e-01 2.906071124304957509e-01 7.669058169213633924e-01 5.519332754037082900e-01 7.153333213388219924e-01 5.975468315225813676e-01 1.410671105476231091e-01 2.359017572885979686e-01 6.995798867157521084e-01 4.083146211672788461e-01 1.468614121461508937e-02 8.177616752084204688e-01 2.909540878182031443e-01 8.355847339331853307e-01 5.263215510937910846e-01 4.586255903946606649e-01 5.793713459401512722e-01 7.632287052221621293e-01 8.298140048917796996e-01 6.951386937574249858e-01 0.000000000000000000e+00 4.203233802322778878e-01 4.552469491890276942e-01 9.170712359738018016e-01 8.410079167020683144e-01 7.040931835218926516e-01 4.832845744571560020e-01 1.965226280260470859e-01 4.076052905406618576e-01 2.003214419564328663e-01 1.823326989919925589e-01 7.905492192203240620e-01
5.454221089932946853e-01 6.539504210859988786e-01 8.089480849461678780e-01 2.914317633503942240e-01 4.907693785717469059e-01 2.478971482278575778e-01 5.326297828225996511e-01 4.940523557059248727e-01 5.264390285404800807e-01 1.720350450596535019e-01 2.608686352198242853e-01 1.336132845341678754e-01 4.150313062866977654e-01 6.188305360492347695e-01 5.306805957142342045e-01 6.273336914392877439e-01 3.959174779419317725e-01 5.337419480917593440e-01 2.578109904657862606e-01 4.881957711399743660e-01 6.398606595507021488e-01 5.095000802880036428e-01 5.513660802715911746e-01 4.203233802322778878e-01 0.000000000000000000e+00 3.333000760011852193e-01 9.004491024379339681e-01 3.988063683952098870e-01 5.991936149951708757e-01 5.461612175198651276e-01 1.167243210300290546e-01 5.993561878820460320e-01 3.439241495514587799e-01 2.928700388997464987e-01 5.302729978724611826e-01
8.007310902941189301e-01 1.314265228852931067e-01 5.548778711013552245e-01 4.316337379361832038e-01 7.487431944680136287e-01 3.722371770881007791e-01 4.312653162902307380e-01 4.690024901392442769e-01 7.518676180851908697e-01 7.426301065482174835e-01 1.729447543017081923e-01 6.768393582046432488e-01 6.963539503429017063e-01 7.046911864806544301e-01 5.340570249430165450e-01 4.472861717988279584e-01 4.699616713514311317e-01 5.624778490288775412e-01 4.042118005421112548e-01 2.206321200344079081e-01 9.006134314350791037e-01 7.799306749329686372e-01 5.502134460568306462e-01 4.552469491890276942e-01 3.333000760011852193e-01 0.000000000000000000e+00 4.767244786321724881e-01 3.222741256658321340e-01 1.551877391576295118e-01 3.472563465849785036e-01 4.232656621158361054e-01 3.595454597281503295e-01 6.013648150167845152e-01 2.984303263742138501e-01 1.908666953121916920e-01
6.957950658231834007e-01 9.021410254952375585e-01 5.198846635371122682e-01 4.095502917871371995e-01 4.557133755834436029e-01 2.358188359487662922e-01 4.596830273179418613e-01 8.776360697145538792e-01 2.188816548861949318e-01 3.763741298676797631e-01 9.235067753337575791e-01 7.615770804020131068e-01 2.914456768423456801e-01 9.564316303179356549e-01 9.236332198105301483e-01 8.235240685834391838e-01 8.350501637390113086e-01 2.225679877241669713e-01 5.982587397903230686e-01 4.991684772006992343e-01 1.997453780483559593e-01 4.086190077876886706e-01 2.708693059019077198e-01 9.170712359738018016e-01 9.004491024379339681e-01 4.767244786321724881e-01 0.000000000000000000e+00 2.848257026945363868e-01 8.897447063529615452e-01 9.722048975185026976e-01 3.956990841400224723e-01 2.506845453742616581e-01 7.767959686176194589e-01 4.877424626033299293e-01 4.141495161364137090e-01
5.112133651091159692e-01 3.400784385446187219e-02 5.721660634497098830e-01 7.616126786041674812e-01 4.406548289280959319e-01 2.342652171552920826e-01 4.872832755939093818e-01 5.952790029388376203e-01 3.102891228674952151e-01 7.106699410644599091e-01 7.360907031780763443e-01 4.005438395498065463e-01 8.335527162284539493e-01 4.698813532748505883e-01 5.292962307973375635e-01 4.816759519154372726e-01 6.087360427163355237e-01 5.834440969792211718e-01 6.425760897339951594e-01 7.020101732489292257e-01 6.871944378951622134e-01 4.547814221400535151e-01 4.922721119044102256e-01 8.410079167020683144e-01 3.988063683952098870e-01 3.222741256658321340e-01 2.848257026945363868e-01 0.000000000000000000e+00 5.583020878990789804e-01 5.228461353257740640e-01 8.100078823995692234e-01 8.762326177067498723e-01 4.679679412482320444e-01 4.690008286916512725e-01 8.698855238065121842e-01
2.202494910718097998e-01 5.185974526526957451e-01 2.570648213437499718e-01 7.343545467856231745e-01 7.114383600868665614e-01 8.658837888367550972e-01 5.564076635128509807e-01 8.568745138061375499e-01 5.034897604138998117e-01 4.964732160797398763e-01 7.175820039299118935e-01 5.571893403650023391e-01 6.686230553865287751e-01 4.476540267032199094e-01 3.225846408543613375e-01 8.093738367069693851e-01 4.592319311803533255e-01 5.644329717963718629e-01 6.907162365334740262e-01 3.183164779767888586e-02 4.908017792310826466e-01 8.807188583410316962e-01 7.930491072533638608e-01 7.040931835218926516e-01 5.991936149951708757e-01 1.551877391576295118e-01 8.897447063529615452e-01 5.583020878990789804e-01 0.000000000000000000e+00 9.289381059138935859e-01 8.050428741553647960e-01 4.155046027889791604e-01 5.086091564517563057e-01 2.025265645055802644e-01 1.594739896157807424e-01
5.051487054413673627e-01 8.532180784168965637e-01 4.132492924929462852e-01 6.095021500099064848e-01 6.835156417544190344e-01 3.952551080437742836e-01 7.206804360255081310e-01 4.432816991267894413e-01 5.167616862697324009e-01 8.072704629426536993e-01 5.166423205202697044e-01 7.655018414843154373e-01 4.095057584564557041e-01 8.057828584122910254e-01 3.673334738070813676e-01 8.432227540063550464e-01 2.937313279824571577e-02 5.903952495675541812e-01 4.502833209901435652e-02 5.041934014643397743e-01 4.108363958905829616e-01 1.764087543786199141e-01 4.737435395449082765e-01 4.832845744571560020e-01 5.461612175198651276e-01 3.472563465849785036e-01 9.722048975185026976e-01 5.228461353257740640e-01 9.289381059138935859e-01 0.000000000000000000e+00 3.274251220275996577e-01 6.183557078833238352e-01 5.859530406444761752e-01 9.388515685123032251e-01 5.634556234480609938e-01
3.861878892391436557e-01 2.831742396200658818e-01 7.500357506116347439e-01 4.873050883616015239e-01 7.839167819346108956e-01 1.396301722379199584e-01 6.794081553896513803e-01 5.409847975603057080e-01 2.632056279942251997e-02 6.250015148492378270e-01 4.068969485000032971e-01 5.530104040100691787e-01 4.779925799842162371e-01 5.172120993915885201e-01 2.303892215706170310e-01 2.418540276740089312e-01 8.748400451994735594e-01 3.270076002722888675e-01 6.608047691130174428e-01 2.949864365117766951e-01 3.536957701510653473e-01 3.314056727588381435e-01 9.464939584752076751e-01 1.965226280260470859e-01 1.167243210300290546e-01 4.232656621158361054e-01 3.956990841400224723e-01 8.100078823995692234e-01 8.050428741553647960e-01 3.274251220275996577e-01 0.000000000000000000e+00 2.114976603985875281e-01 9.221445470620904805e-01 7.614324439179824822e-01 8.116950834732292730e-01
8.280910904122784633e-02 5.943745444755321738e-01 7.131780131352052354e-01 6.102871522021067197e-01 3.232209673935582117e-01 1.813480812051750379e-01 3.267143459219745694e-01 5.210956508530423248e-01 5.466589726282786721e-01 3.458674231479694217e-01 8.975959609914456738e-01 2.837186223639365235e-01 3.851261632003670776e-01 6.562271623573663337e-01 3.188346151565667475e-01 4.376099734315864742e-01 5.712928952219376022e-01 4.890046421901764750e-01 4.576667392963066350e-01 9.439765785352505212e-02 3.527886222364768898e-01 2.419996405763000791e-01 5.119276823907988883e-01 4.076052905406618576e-01 5.993561878820460320e-01 3.595454597281503295e-01 2.506845453742616581e-01 8.762326177067498723e-01 4.155046027889791604e-01 6.183557078833238352e-01 2.114976603985875281e-01 0.000000000000000000e+00 8.031712908014518870e-01 7.058380062418022627e-01 3.654938208978195102e-01
4.833055631474311165e-01 8.632318126047173745e-01 3.501949140706003827e-01 4.371314339367809998e-01 3.430958986882233219e-01 5.679254941812698076e-01 7.308172754940273075e-01 7.127131317124966170e-01 8.399880143779406838e-01 9.054816093415296585e-01 9.403691275690355678e-01 7.188054979091298424e-01 4.505119244594868455e-02 4.481087751955183385e-01 2.521589735356726814e-01 3.554981250382307501e-01 4.803024363619191051e-01 7.656428427591892572e-01 5.037273905305063026e-01 9.097489965479201857e-01 7.498128811807560634e-01 4.644373668499394148e-01 8.850672741686593792e-02 2.003214419564328663e-01 3.439241495514587799e-01 6.013648150167845152e-01 7.767959686176194589e-01 4.679679412482320444e-01 5.086091564517563057e-01 5.859530406444761752e-01 9.221445470620904805e-01 8.031712908014518870e-01 0.000000000000000000e+00 2.765968050921781551e-01 3.869168572564848363e-01
7.674065350273726605e-01 4.245886533320005762e-01 5.353205669255105548e-01 8.479091342981129875e-01 4.080461099946262049e-01 6.085295527082401623e-01 4.409592408302446254e-01 6.972232053302147570e-01 6.573656848057929381e-02 9.004382389265024322e-01 6.255221721233679144e-01 8.105198231668122588e-01 3.741333066655099793e-01 4.284005829932919784e-01 1.693004934094959335e-01 4.561358414609396617e-01 6.854162452645355952e-01 6.635758613793387717e-01 4.981017178972230175e-01 8.844654984918781659e-01 7.976752166550566958e-01 5.983749169471681562e-01 3.876479002030822629e-01 1.823326989919925589e-01 2.928700388997464987e-01 2.984303263742138501e-01 4.877424626033299293e-01 4.690008286916512725e-01 2.025265645055802644e-01 9.388515685123032251e-01 7.614324439179824822e-01 7.058380062418022627e-01 2.765968050921781551e-01 0.000000000000000000e+00 5.737710306060860299e-01
3.917088897731942909e-01 2.878981828293413758e-01 3.498049950641031747e-01 1.942470746523355940e-01 8.035071909230180331e-01 3.407956231018373083e-01 4.151456684404442044e-01 5.499166993583048946e-01 5.807224014163905323e-01 7.843897030353221833e-01 8.097692211777338667e-01 2.209510142938000410e-01 6.204603321229220647e-01 3.712608482329621262e-01 1.113539707214855623e-01 5.860721985465425776e-01 2.718630473398266911e-01 6.129516449041240156e-01 4.991487374717530900e-01 4.650199428939214008e-01 9.394589319390089788e-01 4.748671153001257084e-01 7.378505138171831401e-02 7.905492192203240620e-01 5.302729978724611826e-01 1.908666953121916920e-01 4.141495161364137090e-01 8.698855238065121842e-01 1.594739896157807424e-01 5.634556234480609938e-01 8.116950834732292730e-01 3.654938208978195102e-01 3.869168572564848363e-01 5.737710306060860299e-01 0.000000000000000000e+00
