0.000000000000000000e+00 5.321616463967251409e-01 3.717306122668755375e-01 1.151428789637272132e-01 4.059904714512085899e-01 6.047741540822162420e-01 3.051366411520208821e-01 5.551559798835647985e-02 4.944151661269342579e-01 6.233655591130515816e-01 5.285899283404402738e-01 1.340881679829631912e-01 2.901282950722117726e-01 5.536818578536037982e-01 7.551762322598806199e-01 4.250784624606041007e-01 7.333203141814924608e-01 4.429073580394129461e-01 7.795993430789032175e-01 4.873000693488902524e-01 3.419375536190741305e-01 2.595717681683227807e-01 1.183833179193340968e-01 6.715732196546077004e-01 3.073009740477397056e-01 1.018005417952909664e-01 5.088303550298340916e-01 5.569701897439639504e-01 1.227991852826715302e-01 7.420914772970315099e-01 8.617478828733013962e-01 5.797648452927843810e-01 8.486181804942466433e-01 5.931980745004070688e-01 8.028794981632083605e-01
5.321616463967251409e-01 0.000000000000000000e+00 5.676305130104603025e-01 3.798311441465234140e-01 5.197954751507897209e-01 4.616241487251477316e-01 4.472172751934065937e-01 7.120966410576088368e-01 8.727793183100661656e-01 3.617190832159564717e-01 5.676109763892930316e-01 3.627744876017597320e-01 7.208632944351421878e-01 4.502607379909129293e-01 1.430811753045986845e-01 2.688948745860710865e-01 5.073728853372025949e-01 3.487653424350511955e-01 4.357473486209278435e-01 4.601029949077823922e-01 5.512467525804969348e-01 4.919163956322552544e-01 4.087135161965714247e-01 6.005957233036834930e-01 7.052020262368380310e-01 3.545514670166771687e-01 4.372094320142228541e-01 6.373576883901882484e-01 5.677458202971846779e-01 5.516009585620614830e-01 5.282106589545457753e-01 4.805910073803911220e-01 7.651766101371317852e-01 2.065823629792924443e-01 2.283517676961658305e-01
3.717306122668755375e-01 5.676305130104603025e-01 0.000000000000000000e+00 4.650459798552789570e-01 5.733044364682661209e-01 1.393514942043023730e-01 5.111107002634989183e-01 4.984818527567326241e-01 8.647463124919099187e-01 1.462737057363349136e-01 2.856904903655921313e-02 5.897361985592519673e-02 2.502856530696814241e-01 1.839596417558289065e-01 5.068185382625985946e-01 7.418778622664014000e-01 5.138078687870083483e-01 8.465679369285729061e-01 4.096247352152525556e-01 4.561316257979187716e-01 5.005090985230096212e-01 5.714934952740342577e-01 7.017917364389993917e-01 4.168373002161491758e-01 6.271024999181959991e-01 5.138596123086057732e-01 3.617506805799385328e-01 6.121687799617130388e-01 4.331743869403027469e-01 4.546582786253053343e-01 4.476884294584835278e-01 7.416666861932030841e-01 8.619781530809074166e-01 3.030653241847626189e-01 8.574909384095703579e-01
1.151428789637272132e-01 3.798311441465234140e-01 4.650459798552789570e-01 0.000000000000000000e+00 5.272552175079401326e-01 1.459224539788377406e-01 2.095852660985796367e-01 4.499147471428415201e-01 9.591205981074470976e-01 6.970492101516978511e-01 4.074729310183400344e-01 6.932616849960416827e-01 5.032088645393106852e-02 4.937498069808465284e-01 4.494340838721295750e-01 8.641848667213203328e-01 5.716719146074669133e-01 7.038029424156608815e-01 4.938557024725543920e-01 7.065123776540377376e-01 7.823069547630473464e-01 6.878778985210767249e-01 3.720862845450836343e-01 5.189868551574627897e-01 3.315852319309199325e-01 3.113103917344003380e-01 7.575253459366076969e-01 3.304787255298496929e-01 4.781714654047370949e-01 6.102516478450621396e-01 5.595533140687996010e-01 1.826518117002294828e-01 6.269602351978847965e-01 4.589245183751031743e-01 1.782603925963955893e-01
4.059904714512085899e-01 5.197954751507897209e-01 5.733044364682661209e-01 5.272552175079401326e-01 0.000000000000000000e+00 4.881102056318366023e-01 5.794175851499308028e-01 4.823155342612731045e-01 5.748789816625350380e-01 7.382403259366931980e-01 3.647654256476997592e-01 6.590741204474637183e-02 2.279705785064694012e-01 5.579229897624768952e-01 6.091777507103354194e-01 3.732913642634281270e-01 2.842225146250256795e-01 5.410049151244213927e-01 4.734132306040944038e-01 6.268345951359175494e-01 4.525510275233027846e-01 2.128980508008398997e-01 7.686897002449870620e-01 3.132677562590164833e-01 4.789437210390897204e-01 2.295278571838991200e-01 6.612422327523675980e-01 4.678336864427443120e-01 1.773124607695837351e-01 9.385510049332723703e-02 4.337602196348280814e-01 4.089589596590393339e-01 4.982756162070287598e-01 7.227092687323972697e-01 7.729125300339959592e-01
6.047741540822162420e-01 4.616241487251477316e-01 1.393514942043023730e-01 1.459224539788377406e-01 4.881102056318366023e-01 0.000000000000000000e+00 2.912022185741926505e-01 1.889770483078917485e-01 4.455219289700499408e-01 3.767604900421339664e-01 6.285918102949510367e-01 2.868116317966581397e-01 4.538922180335361878e-01 4.686762430632276377e-01 4.687788606524575519e-01 2.420755474220536718e-01 1.031709927783194258e-01 5.526360598685378100e-01 1.944202959535460407e-01 7.470536920256656277e-01 4.618554276739919029e-01 8.295160190669856881e-01 5.589691808264969364e-01 2.984155386396689646e-01 5.135828078266790886e-01 6.219229464016295950e-01 6.446803914257961399e-01 2.414463228606544276e-01 4.823539332972798799e-01 4.301181002405809473e-01 5.264458080982419297e-01 6.246687695735965162e-01 1.229752720330687943e-01 2.623217338058204673e-01 8.490323486616038196e-01
3.051366411520208821e-01 4.472172751934065937e-01 5.111107002634989183e-01 2.095852660985796367e-01 5.794175851499308028e-01 2.912022185741926505e-01 0.000000000000000000e+00 4.344585715999436659e-01 3.901064411603279436e-01 7.952093503763486559e-01 5.381087255480510034e-01 3.179049671125654952e-01 8.153238123074346699e-01 4.744581507384588726e-01 2.856129158477118679e-01 3.720672886568210380e-01 2.657317184111455122e-01 1.996894626800149175e-01 7.071504620601720692e-01 4.438919347484270306e-01 4.421146891587112160e-01 6.960976375198567601e-01 5.093530642837784672e-01 6.980915776002307727e-01 3.977124784682313230e-01 1.002294735094036993e-01 4.068953673883836109e-01 1.837108203530158912e-01 6.655027987148123270e-01 8.200548766699697900e-01 8.177269038936954004e-01 3.966864551999556565e-01 2.085517655105981749e-01 4.939762124351975148e-01 8.810582209663253561e-01
5.551559798835647985e-02 7.120966410576088368e-01 4.984818527567326241e-01 4.499147471428415201e-01 4.823155342612731045e-01 1.889770483078917485e-01 4.344585715999436659e-01 0.000000000000000000e+00 4.647776274514792139e-01 6.396553339427188956e-01 6.025324862424197292e-01 7.304605257688421283e-01 5.930610663249474834e-01 4.402507855819417504e-01 8.026845899948737983e-01 4.535160061731311476e-01 8.271587400310724814e-01 8.566633265631367067e-01 5.076129101089698059e-01 8.125270167411543509e-01 1.043887255949311754e-01 5.695875938692260831e-01 4.022335761274140609e-01 3.790341995954084053e-01 5.118617372854518122e-01 5.820270164549754544e-01 2.362480101378039432e-01 5.263737194732411862e-01 1.512107737750092995e-01 2.292870158417104620e-01 8.765213378577898506e-01 4.355288839182571703e-01 7.424207419161389376e-01 7.293577210837274283e-01 4.128712143594528983e-01
4.944151661269342579e-01 8.727793183100661656e-01 8.647463124919099187e-01 9.591205981074470976e-01 5.748789816625350380e-01 4.455219289700499408e-01 3.901064411603279436e-01 4.647776274514792139e-01 0.000000000000000000e+00 2.862351592604457373e-01 5.430782901476040037e-01 6.456905302194172469e-01 3.736569155929137520e-01 5.628347118026419960e-01 4.455130340988520676e-01 3.351477594793920156e-01 1.218770106077800008e-01 7.766848945065704113e-01 8.429577812602229159e-01 5.092920912490589425e-01 3.125190451812754899e-01 3.786045924602945423e-01 5.141957620380601668e-01 6.545179989625486972e-01 6.447650838455136757e-01 7.915050001108627775e-01 1.809002096056250286e-01 1.781384671189586433e-01 4.302059191972775753e-01 8.813020196907450643e-01 4.709146271654952587e-01 5.159662191667989672e-01 2.370731058055266238e-01 3.380643494843147412e-01 3.661851500132955461e-01
6.233655591130515816e-01 3.617190832159564717e-01 1.462737057363349136e-01 6.970492101516978511e-01 7.382403259366931980e-01 3.767604900421339664e-01 7.952093503763486559e-01 6.396553339427188956e-01 2.862351592604457373e-01 0.000000000000000000e+00 3.213563401455732382e-01 8.872609879836224067e-01 4.429001930055817549e-01 6.512326769111531632e-01 2.168849360976139451e-01 6.610050752188028067e-01 4.306793961266178195e-01 5.784043504690721260e-01 3.589465158350926277e-01 2.910697407781323021e-01 6.113260750330931081e-01 8.705647485394849561e-01 4.423538880825012010e-01 6.045489497199494355e-01 3.572856101986910948e-01 5.266060071667381104e-01 5.536368147146100149e-01 6.750897108887584652e-01 5.579473915133472683e-01 9.009705982594318208e-02 5.283991177468112532e-01 7.875541094814302312e-01 3.672138658360556418e-01 3.573124099031871892e-01 9.802428216665624028e-01
5.285899283404402738e-01 5.676109763892930316e-01 2.856904903655921313e-02 4.074729310183400344e-01 3.647654256476997592e-01 6.285918102949510367e-01 5.381087255480510034e-01 6.025324862424197292e-01 5.430782901476040037e-01 3.213563401455732382e-01 0.000000000000000000e+00 2.816086817535042863e-01 3.568734473331176549e-01 1.362604567121408761e-01 6.631630356949804739e-01 5.167177466387091744e-01 7.998059308705121051e-01 4.724662917442744581e-01 5.177902327086568723e-01 5.597301740399613923e-01 4.054835410803485085e-01 3.893955809373610411e-01 3.836708911054483861e-01 6.163566814377217096e-01 6.489759555478133990e-01 6.385989589276082068e-01 7.278279446022698496e-01 4.979417258663823009e-01 5.355130734051226638e-01 4.310391192802125460e-01 6.443342655410744246e-01 4.328719953960555866e-01 1.376720292997292150e-01 6.643311006950460840e-01 6.273197062262325652e-01
1.340881679829631912e-01 3.627744876017597320e-01 5.897361985592519673e-02 6.932616849960416827e-01 6.590741204474637183e-02 2.868116317966581397e-01 3.179049671125654952e-01 7.304605257688421283e-01 6.456905302194172469e-01 8.872609879836224067e-01 2.816086817535042863e-01 0.000000000000000000e+00 4.104543577829966039e-01 5.770487007470194163e-01 3.630057072383823247e-01 6.242589731267842446e-01 5.989864957616504171e-01 6.376562956137217242e-01 5.803046150999577879e-01 7.155184988738386709e-01 3.920987369596118932e-01 3.576746979179077912e-01 7.583180021543038940e-01 4.087875068081304741e-01 6.591255741914039401e-01 4.378122873631438150e-01 5.583481797408852421e-01 4.603037863405907149e-01 5.020412737589711183e-01 7.566864336787521017e-01 7.231305074891083429e-01 3.445953629985968325e-01 2.613937043893825862e-01 4.279099754644575815e-01 4.299497831662514868e-01
2.901282950722117726e-01 7.208632944351421878e-01 2.502856530696814241e-01 5.032088645393106852e-02 2.279705785064694012e-01 4.538922180335361878e-01 8.153238123074346699e-01 5.930610663249474834e-01 3.736569155929137520e-01 4.429001930055817549e-01 3.568734473331176549e-01 4.104543577829966039e-01 0.000000000000000000e+00 6.098191064680731355e-01 5.759522564307544279e-01 6.094865188810967283e-01 4.175182435020529659e-01 4.066756458129028862e-01 7.964203544146628566e-01 5.395353282383831273e-01 8.100526229424231950e-01 5.559923718973628359e-01 1.039449775571691381e-01 8.936472575021618958e-01 4.637424482696863581e-01 4.516412179062792021e-01 1.123138471407149064e-01 4.553161655718047651e-01 4.904976025492472358e-01 9.605053084893367954e-01 4.632290019219587607e-01 3.231930240174829549e-01 7.481398209242089425e-01 6.577800716643730228e-01 3.949828757546657854e-01
5.536818578536037982e-01 4.502607379909129293e-01 1.839596417558289065e-01 4.937498069808465284e-01 5.579229897624768952e-01 4.686762430632276377e-01 4.744581507384588726e-01 4.402507855819417504e-01 5.628347118026419960e-01 6.512326769111531632e-01 1.362604567121408761e-01 5.770487007470194163e-01 6.098191064680731355e-01 0.000000000000000000e+00 3.995720712517975004e-01 6.540681165165206368e-01 5.693990061126007474e-01 8.922393917240181160e-01 5.015670977545971798e-01 2.300220308725509644e-01 4.536721837173919303e-01 2.316306040690889190e-01 5.316568599960318497e-01 5.141401382247413610e-01 5.354356251199277050e-01 1.327518502695601565e-01 4.684676697498527109e-01 1.936248160529068230e-01 1.044335603297572579e-01 7.595973371270403618e-01 6.500227399836900899e-01 9.199347112005018534e-01 4.165922405091079250e-01 7.603784456819372428e-01 1.839798786318070922e-01
7.551762322598806199e-01 1.430811753045986845e-01 5.068185382625985946e-01 4.494340838721295750e-01 6.091777507103354194e-01 4.687788606524575519e-01 2.856129158477118679e-01 8.026845899948737983e-01 4.455130340988520676e-01 2.168849360976139451e-01 6.631630356949804739e-01 3.630057072383823247e-01 5.759522564307544279e-01 3.995720712517975004e-01 0.000000000000000000e+00 2.098067996746408870e-01 1.472048074508627291e-01 7.097160315347676995e-01 3.203006833098295814e-01 7.433671534543770942e-01 5.941239524576718001e-01 2.988880926741674937e-01 5.519182242974092212e-01 4.670160932029389644e-01 3.663606252884563652e-01 4.569789223018717594e-01 2.259493181904221881e-01 2.423409835015976066e-01 7.024616850526523848e-01 4.061725407351162720e-01 3.940584541402631924e-01 5.284690783549916837e-01 5.498449122714885728e-01 7.869096100192929377e-01 6.532407778593403158e-01
4.250784624606041007e-01 2.688948745860710865e-01 7.418778622664014000e-01 8.641848667213203328e-01 3.732913642634281270e-01 2.420755474220536718e-01 3.720672886568210380e-01 4.535160061731311476e-01 3.351477594793920156e-01 6.610050752188028067e-01 5.167177466387091744e-01 6.242589731267842446e-01 6.094865188810967283e-01 6.540681165165206368e-01 2.098067996746408870e-01 0.000000000000000000e+00 6.889806763830254033e-01 6.872317817275728213e-01 6.853024366741992113e-01 1.302553637873374859e-01 2.004883307871619946e-01 5.906443342966757326e-01 4.771797903962063936e-01 5.174639959859045346e-01 2.090331070753385090e-01 8.160432005998967675e-01 1.140118382231015692e-01 7.489026097344608779e-01 4.454907049673257902e-01 4.266564098767109403e-01 8.102720254749884443e-01 2.971294912403432131e-01 1.164983585035155311e-01 6.391539502749445933e-01 6.314608936713241860e-01
7.333203141814924608e-01 5.073728853372025949e-01 5.138078687870083483e-01 5.716719146074669133e-01 2.842225146250256795e-01 1.031709927783194258e-01 2.657317184111455122e-01 8.271587400310724814e-01 1.218770106077800008e-01 4.306793961266178195e-01 7.998059308705121051e-01 5.989864957616504171e-01 4.175182435020529659e-01 5.693990061126007474e-01 1.472048074508627291e-01 6.889806763830254033e-01 0.000000000000000000e+00 5.991404907190388540e-01 4.763887065473465521e-01 5.443726772865911112e-01 2.176211248208482774e-01 3.155359921366863163e-01 5.476583854208330049e-01 4.215061190908486743e-01 4.574088631606545441e-01 4.749006723555285192e-01 2.819892357230846525e-01 7.745353512526809148e-01 3.128124625862749308e-01 6.293870917901840389e-01 8.918711377549632946e-01 3.984476283394505769e-01 5.746994397547109390e-01 7.013288580089889201e-01 4.401046455159691173e-01
4.429073580394129461e-01 3.487653424350511955e-01 8.465679369285729061e-01 7.038029424156608815e-01 5.410049151244213927e-01 5.526360598685378100e-01 1.996894626800149175e-01 8.566633265631367067e-01 7.766848945065704113e-01 5.784043504690721260e-01 4.724662917442744581e-01 6.376562956137217242e-01 4.066756458129028862e-01 8.922393917240181160e-01 7.097160315347676995e-01 6.872317817275728213e-01 5.991404907190388540e-01 0.000000000000000000e+00 3.460618768278775348e-01 9.560453511609536825e-01 5.733656897935881513e-01 4.693733026757638260e-01 2.612952983082224012e-01 7.395592134190666078e-01 6.295064517590027720e-01 7.586903824270507801e-01 5.403587326356189546e-01 5.841497605324244002e-01 8.659477409018270233e-01 5.471944189598065833e-01 5.516808875465099016e-01 4.903460165153685768e-01 7.868588942175915868e-01 8.452641038662467299e-01 5.292409171690819480e-01
7.795993430789032175e-01 4.357473486209278435e-01 4.096247352152525556e-01 4.938557024725543920e-01 4.734132306040944038e-01 1.944202959535460407e-01 7.071504620601720692e-01 5.076129101089698059e-01 8.429577812602229159e-01 3.589465158350926277e-01 5.177902327086568723e-01 5.803046150999577879e-01 7.964203544146628566e-01 5.015670977545971798e-01 3.203006833098295814e-01 6.853024366741992113e-01 4.763887065473465521e-01 3.460618768278775348e-01 0.000000000000000000e+00 6.557790753856684862e-01 5.368877640072862167e-01 7.740249585757124073e-01 9.386505139844893986e-01 5.279277218528718452e-01 5.215871606518935888e-01 1.587355424038628948e-01 4.011649647787379203e-01 3.114323316554485910e-01 2.896696815734801644e-01 7.178921444380157446e-01 3.631213218522632569e-01 6.955149594958915937e-01 5.019376106710831120e-01 4.126129602127286966e-01 8.044725637436830334e-01
4.873000693488902524e-01 4.601029949077823922e-01 4.561316257979187716e-01 7.065123776540377376e-01 6.268345951359175494e-01 7.470536920256656277e-01 4.438919347484270306e-01 8.125270167411543509e-01 5.092920912490589425e-01 2.910697407781323021e-01 5.597301740399613923e-01 7.155184988738386709e-01 5.395353282383831273e-01 2.300220308725509644e-01 7.433671534543770942e-01 1.302553637873374859e-01 5.443726772865911112e-01 9.560453511609536825e-01 6.557790753856684862e-01 0.000000000000000000e+00 5.858228888504016796e-01 1.307644285857422206e-01 4.261506764111959167e-01 4.122213897767867952e-01 5.462931043482439630e-01 3.426083240897097593e-01 2.412290696933848677e-01 6.494125582251580875e-01 6.946342198164536796e-01 2.839072685240561777e-01 4.840978352764765402e-01 5.347462610494322366e-01 8.613750991453787975e-01 3.243924717584446005e-01 4.843525894397171516e-01
3.419375536190741305e-01 5.512467525804969348e-01 5.005090985230096212e-01 7.823069547630473464e-01 4.525510275233027846e-01 4.618554276739919029e-01 4.421146891587112160e-01 1.043887255949311754e-01 3.125190451812754899e-01 6.113260750330931081e-01 4.054835410803485085e-01 3.920987369596118932e-01 8.100526229424231950e-01 4.536721837173919303e-01 5.941239524576718001e-01 2.004883307871619946e-01 2.176211248208482774e-01 5.733656897935881513e-01 5.368877640072862167e-01 5.858228888504016796e-01 0.000000000000000000e+00 7.403908375097093542e-01 8.532891428530697819e-02 9.108510804022875718e-01 7.004832698111500555e-01 6.354244092510225039e-01 8.960040143237346655e-02 1.805777519114771801e-01 5.868129500907282026e-01 3.128373029485477241e-01 2.165447293304753051e-01 4.790585885355476137e-01 5.655994625157272360e-01 7.237694777269962909e-01 3.356614718900391980e-01
2.595717681683227807e-01 4.919163956322552544e-01 5.714934952740342577e-01 6.878778985210767249e-01 2.128980508008398997e-01 8.295160190669856881e-01 6.960976375198567601e-01 5.695875938692260831e-01 3.786045924602945423e-01 8.705647485394849561e-01 3.893955809373610411e-01 3.576746979179077912e-01 5.559923718973628359e-01 2.316306040690889190e-01 2.988880926741674937e-01 5.906443342966757326e-01 3.155359921366863163e-01 4.693733026757638260e-01 7.740249585757124073e-01 1.307644285857422206e-01 7.403908375097093542e-01 0.000000000000000000e+00 4.762849193745160581e-01 4.827043206039848267e-01 5.234281770640979436e-01 7.841229523738153517e-01 4.035463505076827273e-01 4.798855482053005495e-01 7.390137623958232815e-01 4.547804531740069489e-01 5.556815032988690062e-01 3.214193926469037788e-01 4.870015154424152115e-01 9.390882684822998705e-02 4.973363188242674315e-01
1.183833179193340968e-01 4.087135161965714247e-01 7.017917364389993917e-01 3.720862845450836343e-01 7.686897002449870620e-01 5.589691808264969364e-01 5.093530642837784672e-01 4.022335761274140609e-01 5.141957620380601668e-01 4.423538880825012010e-01 3.836708911054483861e-01 7.583180021543038940e-01 1.039449775571691381e-01 5.316568599960318497e-01 5.519182242974092212e-01 4.771797903962063936e-01 5.476583854208330049e-01 2.612952983082224012e-01 9.386505139844893986e-01 4.261506764111959167e-01 8.532891428530697819e-02 4.762849193745160581e-01 0.000000000000000000e+00 4.239788197383580481e-01 2.645516963171495872e-01 3.480577930783921303e-01 2.788652922745358809e-01 9.481363858051731208e-01 3.947933130281640057e-01 4.783220652335249401e-01 2.932957790071448745e-01 4.435218092002557455e-01 6.470976946657422957e-01 3.224765716860020781e-01 3.655317711041100592e-01
6.715732196546077004e-01 6.005957233036834930e-01 4.168373002161491758e-01 5.189868551574627897e-01 3.132677562590164833e-01 2.984155386396689646e-01 6.980915776002307727e-01 3.790341995954084053e-01 6.545179989625486972e-01 6.045489497199494355e-01 6.163566814377217096e-01 4.087875068081304741e-01 8.936472575021618958e-01 5.141401382247413610e-01 4.670160932029389644e-01 5.174639959859045346e-01 4.215061190908486743e-01 7.395592134190666078e-01 5.279277218528718452e-01 4.122213897767867952e-01 9.108510804022875718e-01 4.827043206039848267e-01 4.239788197383580481e-01 0.000000000000000000e+00 5.101862049069763039e-01 3.898798506553523002e-01 2.934363972076820537e-01 5.160110690238033371e-01 4.699582006072269280e-01 5.849664266780558730e-01 4.715930292846632343e-01 7.336940008516827927e-01 7.085689990600457788e-01 2.149778948643258358e-01 9.638746811629117506e-02
3.073009740477397056e-01 7.052020262368380310e-01 6.271024999181959991e-01 3.315852319309199325e-01 4.789437210390897204e-01 5.135828078266790886e-01 3.977124784682313230e-01 5.118617372854518122e-01 6.447650838455136757e-01 3.572856101986910948e-01 6.489759555478133990e-01 6.591255741914039401e-01 4.637424482696863581e-01 5.354356251199277050e-01 3.663606252884563652e-01 2.090331070753385090e-01 4.574088631606545441e-01 6.295064517590027720e-01 5.215871606518935888e-01 5.462931043482439630e-01 7.004832698111500555e-01 5.234281770640979436e-01 2.645516963171495872e-01 5.101862049069763039e-01 0.000000000000000000e+00 4.195968474662797876e-01 4.925175491605162104e-01 1.483158565740303469e-01 8.078198339117119708e-01 5.055336297821226843e-01 5.199284990079102720e-01 7.072016332699766483e-01 7.304136250719351908e-01 6.288249865959776308e-01 4.346554354801318576e-01
1.018005417952909664e-01 3.545514670166771687e-01 5.138596123086057732e-01 3.113103917344003380e-01 2.295278571838991200e-01 6.219229464016295950e-01 1.002294735094036993e-01 5.820270164549754544e-01 7.915050001108627775e-01 5.266060071667381104e-01 6.385989589276082068e-01 4.378122873631438150e-01 4.516412179062792021e-01 1.327518502695601565e-01 4.569789223018717594e-01 8.160432005998967675e-01 4.749006723555285192e-01 7.586903824270507801e-01 1.587355424038628948e-01 3.426083240897097593e-01 6.354244092510225039e-01 7.841229523738153517e-01 3.480577930783921303e-01 3.898798506553523002e-01 4.195968474662797876e-01 0.000000000000000000e+00 5.902216541624250024e-01 6.706597798959492707e-01 4.345172261827970894e-01 6.482080441854825015e-01 4.935832219128982734e-01 5.987289777648681088e-01 4.553917850585470495e-01 4.227874505548110950e-01 3.386179348255934363e-01
5.088303550298340916e-01 4.372094320142228541e-01 3.617506805799385328e-01 7.575253459366076969e-01 6.612422327523675980e-01 6.446803914257961399e-01 4.068953673883836109e-01 2.362480101378039432e-01 1.809002096056250286e-01 5.536368147146100149e-01 7.278279446022698496e-01 5.583481797408852421e-01 1.123138471407149064e-01 4.684676697498527109e-01 2.259493181904221881e-01 1.140118382231015692e-01 2.819892357230846525e-01 5.403587326356189546e-01 4.011649647787379203e-01 2.412290696933848677e-01 8.960040143237346655e-02 4.035463505076827273e-01 2.788652922745358809e-01 2.934363972076820537e-01 4.925175491605162104e-01 5.902216541624250024e-01 0.000000000000000000e+00 3.559970483427818966e-01 4.114079233355264487e-01 2.325982950586944487e-01 7.603418615038567419e-01 6.543593624074917070e-01 2.715451023011380971e-01 7.983690055466428070e-01 2.515377472806149539e-01
5.569701897439639504e-01 6.373576883901882484e-01 6.121687799617130388e-01 3.304787255298496929e-01 4.678336864427443120e-01 2.414463228606544276e-01 1.837108203530158912e-01 5.263737194732411862e-01 1.781384671189586433e-01 6.750897108887584652e-01 4.979417258663823009e-01 4.603037863405907149e-01 4.553161655718047651e-01 1.936248160529068230e-01 2.423409835015976066e-01 7.489026097344608779e-01 7.745353512526809148e-01 5.841497605324244002e-01 3.114323316554485910e-01 6.494125582251580875e-01 1.805777519114771801e-01 4.798855482053005495e-01 9.481363858051731208e-01 5.160110690238033371e-01 1.483158565740303469e-01 6.706597798959492707e-01 3.559970483427818966e-01 0.000000000000000000e+00 1.969295896395464318e-01 4.992593275343371051e-01 6.719960873877532936e-01 5.641444411459910491e-01 5.535706768296972946e-01 5.478282500841014091e-01 3.467906913896523502e-01
1.227991852826715302e-01 5.677458202971846779e-01 4.331743869403027469e-01 4.781714654047370949e-01 1.773124607695837351e-01 4.823539332972798799e-01 6.655027987148123270e-01 1.512107737750092995e-01 4.302059191972775753e-01 5.579473915133472683e-01 5.355130734051226638e-01 5.020412737589711183e-01 4.904976025492472358e-01 1.044335603297572579e-01 7.024616850526523848e-01 4.454907049673257902e-01 3.128124625862749308e-01 8.659477409018270233e-01 2.896696815734801644e-01 6.946342198164536796e-01 5.868129500907282026e-01 7.390137623958232815e-01 3.947933130281640057e-01 4.699582006072269280e-01 8.078198339117119708e-01 4.345172261827970894e-01 4.114079233355264487e-01 1.969295896395464318e-01 0.000000000000000000e+00 5.974102783467083455e-01 4.951795870610220529e-02 7.500639651451526113e-01 4.646173924971953584e-01 4.859337182711104264e-01 9.228987238507277979e-01
7.420914772970315099e-01 5.516009585620614830e-01 4.546582786253053343e-01 6.102516478450621396e-01 9.385510049332723703e-02 4.301181002405809473e-01 8.200548766699697900e-01 2.292870158417104620e-01 8.813020196907450643e-01 9.009705982594318208e-02 4.310391192802125460e-01 7.566864336787521017e-01 9.605053084893367954e-01 7.595973371270403618e-01 4.061725407351162720e-01 4.266564098767109403e-01 6.293870917901840389e-01 5.471944189598065833e-01 7.178921444380157446e-01 2.839072685240561777e-01 3.128373029485477241e-01 4.547804531740069489e-01 4.783220652335249401e-01 5.849664266780558730e-01 5.055336297821226843e-01 6.482080441854825015e-01 2.325982950586944487e-01 4.992593275343371051e-01 5.974102783467083455e-01 0.000000000000000000e+00 5.614226745751780268e-01 3.713774790206443299e-01 2.783429011617550852e-01 5.421324354438052939e-01 1.119205185692169202e-01
8.617478828733013962e-01 5.282106589545457753e-01 4.476884294584835278e-01 5.595533140687996010e-01 4.337602196348280814e-01 5.264458080982419297e-01 8.177269038936954004e-01 8.765213378577898506e-01 4.709146271654952587e-01 5.283991177468112532e-01 6.443342655410744246e-01 7.231305074891083429e-01 4.632290019219587607e-01 6.500227399836900899e-01 3.940584541402631924e-01 8.102720254749884443e-01 8.918711377549632946e-01 5.516808875465099016e-01 3.631213218522632569e-01 4.840978352764765402e-01 2.165447293304753051e-01 5.556815032988690062e-01 2.932957790071448745e-01 4.715930292846632343e-01 5.199284990079102720e-01 4.935832219128982734e-01 7.603418615038567419e-01 6.719960873877532936e-01 4.951795870610220529e-02 5.614226745751780268e-01 0.000000000000000000e+00 8.583997686639508462e-01 2.362809628069420798e-01 2.466282830127985437e-01 4.047223151186485901e-01
5.797648452927843810e-01 4.805910073803911220e-01 7.416666861932030841e-01 1.826518117002294828e-01 4.089589596590393339e-01 6.246687695735965162e-01 3.966864551999556565e-01 4.355288839182571703e-01 5.159662191667989672e-01 7.875541094814302312e-01 4.328719953960555866e-01 3.445953629985968325e-01 3.231930240174829549e-01 9.199347112005018534e-01 5.284690783549916837e-01 2.971294912403432131e-01 3.984476283394505769e-01 4.903460165153685768e-01 6.955149594958915937e-01 5.347462610494322366e-01 4.790585885355476137e-01 3.214193926469037788e-01 4.435218092002557455e-01 7.336940008516827927e-01 7.072016332699766483e-01 5.987289777648681088e-01 6.543593624074917070e-01 5.641444411459910491e-01 7.500639651451526113e-01 3.713774790206443299e-01 8.583997686639508462e-01 0.000000000000000000e+00 4.804139822027044260e-01 1.247847104512707084e-01 4.632437217080979108e-01
8.486181804942466433e-01 7.651766101371317852e-01 8.619781530809074166e-01 6.269602351978847965e-01 4.982756162070287598e-01 1.229752720330687943e-01 2.085517655105981749e-01 7.424207419161389376e-01 2.370731058055266238e-01 3.672138658360556418e-01 1.376720292997292150e-01 2.613937043893825862e-01 7.481398209242089425e-01 4.165922405091079250e-01 5.498449122714885728e-01 1.164983585035155311e-01 5.746994397547109390e-01 7.868588942175915868e-01 5.019376106710831120e-01 8.613750991453787975e-01 5.655994625157272360e-01 4.870015154424152115e-01 6.470976946657422957e-01 7.085689990600457788e-01 7.304136250719351908e-01 4.553917850585470495e-01 2.715451023011380971e-01 5.535706768296972946e-01 4.646173924971953584e-01 2.783429011617550852e-01 2.362809628069420798e-01 4.804139822027044260e-01 0.000000000000000000e+00 7.197308735226852772e-01 8.226180732493809655e-02
5.931980745004070688e-01 2.065823629792924443e-01 3.030653241847626189e-01 4.589245183751031743e-01 7.227092687323972697e-01 2.623217338058204673e-01 4.939762124351975148e-01 7.293577210837274283e-01 3.380643494843147412e-01 3.573124099031871892e-01 6.643311006950460840e-01 4.279099754644575815e-01 6.577800716643730228e-01 7.603784456819372428e-01 7.869096100192929377e-01 6.391539502749445933e-01 7.013288580089889201e-01 8.452641038662467299e-01 4.126129602127286966e-01 3.243924717584446005e-01 7.237694777269962909e-01 9.390882684822998705e-02 3.224765716860020781e-01 2.149778948643258358e-01 6.288249865959776308e-01 4.227874505548110950e-01 7.983690055466428070e-01 5.478282500841014091e-01 4.859337182711104264e-01 5.421324354438052939e-01 2.466282830127985437e-01 1.247847104512707084e-01 7.197308735226852772e-01 0.000000000000000000e+00 7.966725550650390897e-01
8.028794981632083605e-01 2.283517676961658305e-01 8.574909384095703579e-01 1.782603925963955893e-01 7.729125300339959592e-01 8.490323486616038196e-01 8.810582209663253561e-01 4.128712143594528983e-01 3.661851500132955461e-01 9.802428216665624028e-01 6.273197062262325652e-01 4.299497831662514868e-01 3.949828757546657854e-01 1.839798786318070922e-01 6.532407778593403158e-01 6.314608936713241860e-01 4.401046455159691173e-01 5.292409171690819480e-01 8.044725637436830334e-01 4.843525894397171516e-01 3.356614718900391980e-01 4.973363188242674315e-01 3.655317711041100592e-01 9.638746811629117506e-02 4.346554354801318576e-01 3.386179348255934363e-01 2.515377472806149539e-01 3.467906913896523502e-01 9.228987238507277979e-01 1.119205185692169202e-01 4.047223151186485901e-01 4.632437217080979108e-01 8.226180732493809655e-02 7.966725550650390897e-01 0.000000000000000000e+00
