0.000000000000000000e+00 2.857467618656710506e-01 6.039967318607970537e-01 7.309210627717515063e-01 7.191013298565459566e-01 8.148495047300292615e-01 1.626679916247709690e-01 7.885043970360443577e-01 2.551341631951983269e-01 9.579553680077710354e-01 4.522038994226167397e-01 7.163061679512494617e-01 5.032722317085476238e-01 5.608943652194914309e-01 7.356218759843156096e-01 3.808739755733668852e-01 7.528837276255053723e-01 6.963115778198939454e-01 4.417672680941534535e-01 6.959707493406763756e-01 4.990470721324415382e-01 8.205460692232955378e-01 4.826244800691191772e-01 2.768088880130841756e-01 5.066019725823389663e-01 8.548406539499699974e-01 1.271651601246632790e-01 7.581182998480582302e-01 5.937513778519802887e-01 4.311338067636724114e-01 4.625106422324305466e-01 3.869898766296337445e-01 5.519258061901421986e-01 4.078621257282423196e-01 8.225287866612462917e-01
2.857467618656710506e-01 0.000000000000000000e+00 1.837257890869412602e-01 8.275298019741095246e-01 5.314372574240835423e-01 5.363784976101187985e-01 7.041157491156724291e-01 5.155922724124631928e-01 6.962783341875449228e-01 2.995381849537712693e-01 5.764395500866745792e-01 5.521470404433374002e-01 6.697637384911268033e-01 8.244475908325291647e-01 4.268994330627396416e-01 3.496372322258843868e-01 3.688555526064746237e-01 3.333824672559868585e-01 1.336994490662496426e-01 5.538203511735971807e-01 6.808190259013571222e-01 4.117207085307249548e-01 9.304523772337351950e-01 8.565086372005661364e-01 9.663343659313960998e-02 8.474156089917441737e-01 3.481501508825483593e-01 7.730270535733063664e-01 7.264127406407323573e-01 8.565460890683576078e-01 6.834013713164377446e-01 5.509616780807382597e-01 4.853842770226482473e-01 9.189285889171032728e-01 6.964779959626263839e-01
6.039967318607970537e-01 1.837257890869412602e-01 0.000000000000000000e+00 1.123300425848519080e-01 5.277177841932552127e-01 7.697559727064460233e-01 4.369696340180221350e-01 5.261533399455362581e-01 1.901181531729820295e-01 7.934313877934725534e-01 6.497785708782752856e-01 7.148958397456824931e-01 6.357606541113773879e-01 5.214235259222350649e-01 3.881977604103962198e-01 5.930512535449847800e-01 7.195404806152878585e-01 9.665567177123847165e-01 5.600149099574551759e-01 4.695323920284751318e-01 5.383136872557827690e-01 8.084367224894078996e-01 2.664787622510108589e-01 6.694588209928616918e-01 6.461238598665256516e-01 7.157763562025267756e-01 3.032206232930358958e-01 5.746488373689888629e-01 8.845857320885075481e-01 3.617814088596679190e-01 2.684487030218131176e-01 8.346494239856374620e-01 8.506800138827842472e-01 3.114450800760788507e-01 9.516364889863666576e-01
7.309210627717515063e-01 8.275298019741095246e-01 1.123300425848519080e-01 0.000000000000000000e+00 7.950412549063545775e-01 5.797767467390880780e-01 6.729570463821072934e-01 6.377552910307311418e-01 8.771899779473284475e-01 3.079274993401217575e-01 4.925994732677776988e-01 4.795429876755595844e-01 6.565540145253663251e-01 7.021746984001122627e-01 1.444576778077300006e-01 6.501009880947228314e-02 4.520059259058756829e-01 6.891208126353955965e-01 7.085460293291849787e-01 8.832848154262700202e-01 4.709198416249160690e-01 7.172855268581067589e-01 5.792346608301455202e-01 9.689125374052935946e-01 9.026017469291918172e-01 9.058755665477973285e-01 4.070312883313205177e-01 5.266473794967877486e-01 4.404921156843264463e-01 7.843092784865306477e-01 4.434845224405709052e-01 7.058128014165954145e-01 4.460089425106099070e-01 5.028235967724836719e-01 6.210869090485393595e-01
7.191013298565459566e-01 5.314372574240835423e-01 5.277177841932552127e-01 7.950412549063545775e-01 0.000000000000000000e+00 8.268092199002224918e-01 5.810717983578961299e-01 4.511909945318581805e-01 3.323935456819541168e-01 6.800895673638756023e-01 4.321977517212672315e-01 7.362058501494928020e-01 8.427911640440458596e-01 6.049294594834002670e-01 2.518829148537603535e-01 6.557435271016140987e-01 7.048604142459629074e-01 6.017752075470256257e-01 4.887301285846894494e-01 7.547257331635430777e-01 7.947033735122918108e-01 5.636692568979682072e-01 4.270696421244528640e-01 7.665469072384283322e-01 8.127981963899846285e-01 8.121709900768188106e-01 6.833872382662120604e-02 5.708497652421362645e-01 3.771098951493299101e-01 5.702076838013374616e-01 7.969095306186886329e-01 6.850392149722293045e-01 5.882232785329446489e-01 8.955133357260951499e-01 5.601452968385141062e-01
8.148495047300292615e-01 5.363784976101187985e-01 7.697559727064460233e-01 5.797767467390880780e-01 8.268092199002224918e-01 0.000000000000000000e+00 6.956219673713665008e-01 4.257975225373423767e-01 7.280856736606975410e-01 6.613526464649088776e-01 6.774104050068661120e-01 7.166927618883506268e-01 6.879120536074914138e-01 5.624617097269026811e-01 7.523124222582354692e-01 3.256153672128088705e-01 8.070221435622525474e-01 6.892539426242580980e-01 3.391742038787310953e-01 5.802396462351642192e-01 8.471536900213836319e-01 5.057633954256059994e-01 7.556828371724297888e-01 8.211229712591527896e-01 8.218122275678669819e-01 5.776272670795086217e-01 6.602005467069600453e-01 2.799298368872152887e-01 7.727057985189623723e-01 8.771832417667626558e-01 5.677068253153993993e-02 6.032428466207362394e-01 7.917912824084170076e-01 8.279073745339047274e-01 3.674021058059661060e-01
1.626679916247709690e-01 7.041157491156724291e-01 4.369696340180221350e-01 6.729570463821072934e-01 5.810717983578961299e-01 6.956219673713665008e-01 0.000000000000000000e+00 6.954207793398096138e-01 6.968710042311696551e-01 8.141424018972973631e-01 9.733657422106058998e-01 4.799581652441241575e-01 6.485982582980923672e-01 5.417996026679272603e-01 8.661617302990538558e-01 4.136407751446163905e-01 3.824419877811948698e-01 4.286077230050018283e-01 9.003483617368637226e-01 4.111118705616800817e-01 6.200240968723005341e-01 4.528284406478533253e-01 4.824440985678606353e-01 3.785434286400402026e-01 7.394705207996949969e-01 6.364370878173912782e-01 7.337415431205278615e-01 6.958356366354889744e-01 8.319622355603180086e-01 3.324495528452994231e-01 5.498581697228945853e-01 3.611482282210984329e-01 8.323993891075214258e-01 4.300970186419597052e-01 6.390892223909695469e-01
7.885043970360443577e-01 5.155922724124631928e-01 5.261533399455362581e-01 6.377552910307311418e-01 4.511909945318581805e-01 4.257975225373423767e-01 6.954207793398096138e-01 0.000000000000000000e+00 2.924070972144208191e-01 7.649507776508717161e-01 6.840965657276278922e-01 8.699473697215915902e-01 1.562517191869362554e-01 5.253941054456354731e-01 5.123642993280600466e-01 4.321055086171292081e-01 4.349229793988628745e-01 2.670552815734027474e-01 5.987865693487499641e-01 7.777044549247276173e-01 6.893234024780514613e-01 8.390903699726356413e-01 7.363403428713255483e-01 1.759229228393999200e-01 3.604827809020024754e-01 4.362702619431469975e-01 8.412670427266353279e-01 8.105479160337922817e-01 4.964988839834457157e-01 7.037333516057280303e-01 3.548858730804672623e-01 4.784984678953800863e-01 4.550089650034061517e-01 4.641987175499888152e-01 4.905587822405710896e-01
2.551341631951983269e-01 6.962783341875449228e-01 1.901181531729820295e-01 8.771899779473284475e-01 3.323935456819541168e-01 7.280856736606975410e-01 6.968710042311696551e-01 2.924070972144208191e-01 0.000000000000000000e+00 6.474259429595856652e-01 2.982544707764961944e-01 7.103390573304901867e-02 8.168446102374873341e-01 5.092657873806650803e-01 4.694761469898676154e-01 5.572606741821137799e-01 5.084920182732949323e-01 8.329963742812753758e-01 5.899954632268821220e-01 1.197134074062402576e-01 4.958612160392266155e-01 7.874058781280042218e-01 3.012265237135127727e-01 4.386769668087705520e-01 7.971112816063086193e-01 6.633470068468416692e-01 8.460888232515650920e-01 8.785541490294586087e-01 1.335206699996176472e-01 7.384095161907681115e-01 1.319411812046584753e-01 6.114491598744850043e-01 8.203746904365565307e-01 4.613343537609065348e-01 5.477506751981158217e-01
9.579553680077710354e-01 2.995381849537712693e-01 7.934313877934725534e-01 3.079274993401217575e-01 6.800895673638756023e-01 6.613526464649088776e-01 8.141424018972973631e-01 7.649507776508717161e-01 6.474259429595856652e-01 0.000000000000000000e+00 6.655923906359515474e-01 3.242572425197281505e-01 4.027114714456199729e-01 3.375119441187135472e-01 7.043324366855718832e-01 2.260899988510304270e-01 5.027707392612814630e-01 3.760443592904648691e-01 2.982150789255348933e-01 8.323616548979533292e-01 8.765858198387035394e-01 4.698461422577398516e-01 8.931017290399800856e-01 6.954398963185113303e-01 5.735959741517054900e-01 7.191176219313246687e-01 3.290127066720480720e-01 4.255199713263098649e-01 5.224604286943295151e-01 5.034199753872625749e-01 6.604940368737803880e-01 5.796938020163695526e-01 7.106006072294988041e-01 5.495854751924372783e-01 4.924886632176174728e-01
4.522038994226167397e-01 5.764395500866745792e-01 6.497785708782752856e-01 4.925994732677776988e-01 4.321977517212672315e-01 6.774104050068661120e-01 9.733657422106058998e-01 6.840965657276278922e-01 2.982544707764961944e-01 6.655923906359515474e-01 0.000000000000000000e+00 5.541835476351699707e-01 8.774848956183284310e-01 8.201038725650273697e-01 5.196233686868261259e-01 4.680756215084140859e-01 5.117279518681534523e-01 4.147813019728898154e-01 8.995796307067218667e-01 5.678668348866023896e-01 5.845017111484831496e-01 3.779485573985002511e-01 4.404345977149065616e-01 9.136321825713376032e-01 5.578033841627357825e-01 5.994295395018176542e-01 3.600393313768417425e-01 4.495768974571279220e-01 8.312870864620299782e-01 5.388292761578707957e-01 8.197809905900037553e-01 7.571320871078119907e-01 4.744547160597629709e-01 5.073488426496388648e-01 4.355768344927657965e-01
7.163061679512494617e-01 5.521470404433374002e-01 7.148958397456824931e-01 4.795429876755595844e-01 7.362058501494928020e-01 7.166927618883506268e-01 4.799581652441241575e-01 8.699473697215915902e-01 7.103390573304901867e-02 3.242572425197281505e-01 5.541835476351699707e-01 0.000000000000000000e+00 7.344043977935197365e-01 5.401809017173365701e-01 6.273921642336619531e-01 4.578931197293148458e-01 7.794310271480153762e-01 3.968395231356839914e-01 4.934711051653876135e-01 6.773478357995288412e-01 5.518341307414331709e-01 3.791323453431720281e-01 4.874939579268328105e-01 2.315102947695869551e-01 5.068255716899034979e-01 8.590173539718535256e-01 5.718112684563497750e-01 3.968227294873533095e-01 3.189201186701657864e-01 4.224523195657462482e-01 7.407372087708248287e-01 7.276451325461379405e-01 3.020929551931355039e-01 4.569193382233278644e-01 5.135586450925708757e-01
5.032722317085476238e-01 6.697637384911268033e-01 6.357606541113773879e-01 6.565540145253663251e-01 8.427911640440458596e-01 6.879120536074914138e-01 6.485982582980923672e-01 1.562517191869362554e-01 8.168446102374873341e-01 4.027114714456199729e-01 8.774848956183284310e-01 7.344043977935197365e-01 0.000000000000000000e+00 9.319372055092354223e-01 2.490967896710434559e-01 5.396799618641767715e-01 7.800240313507325052e-01 2.448991162499960517e-01 1.420322329200914280e-01 8.356726720963432165e-01 4.557700857240333803e-01 4.532681902786037664e-01 7.904631220332487551e-01 8.373980624349071089e-01 4.762108780076538261e-01 4.946837429519628238e-01 7.575019918938052932e-01 1.547837357478416553e-01 5.082729476156575554e-01 4.969931775584380262e-01 6.526464701575286353e-01 6.186273328240738945e-01 4.096329405703696969e-01 7.530602038399805132e-01 7.543500211610808526e-01
5.608943652194914309e-01 8.244475908325291647e-01 5.214235259222350649e-01 7.021746984001122627e-01 6.049294594834002670e-01 5.624617097269026811e-01 5.417996026679272603e-01 5.253941054456354731e-01 5.092657873806650803e-01 3.375119441187135472e-01 8.201038725650273697e-01 5.401809017173365701e-01 9.319372055092354223e-01 0.000000000000000000e+00 6.082955463722646838e-01 8.034592776499558386e-01 6.215489148114536899e-01 6.410299146104689871e-01 3.086609349206513864e-01 1.376316523835645622e-01 1.523218381731611393e-01 1.904744989731151916e-01 6.549302503820997323e-01 8.226759575180112583e-01 7.331929024768245595e-01 4.893845667545019262e-01 5.056969794920209704e-01 1.136881233152998716e-01 4.538485287520069300e-01 8.117904502425252744e-01 4.801910210740838458e-01 5.283443379659725769e-01 6.937173089711474727e-01 4.768974807037833497e-01 8.152226063439766968e-01
7.356218759843156096e-01 4.268994330627396416e-01 3.881977604103962198e-01 1.444576778077300006e-01 2.518829148537603535e-01 7.523124222582354692e-01 8.661617302990538558e-01 5.123642993280600466e-01 4.694761469898676154e-01 7.043324366855718832e-01 5.196233686868261259e-01 6.273921642336619531e-01 2.490967896710434559e-01 6.082955463722646838e-01 0.000000000000000000e+00 2.394636073439125878e-01 4.855787450401979344e-01 1.986967014172182910e-01 2.572705837911314353e-01 4.405052055210567086e-01 4.302448176739470664e-01 6.734711530090542464e-01 8.563399482754887604e-01 6.796032380468117751e-01 4.463599727751064727e-01 5.997001057230119114e-01 1.809246867599906272e-01 8.340772667446334498e-01 5.155031672981130741e-01 3.294866835694790774e-01 5.952897331040249984e-01 2.700862804021619823e-02 4.775948250877289913e-01 7.829015589173631273e-01 3.815138453438953747e-01
3.808739755733668852e-01 3.496372322258843868e-01 5.930512535449847800e-01 6.501009880947228314e-02 6.557435271016140987e-01 3.256153672128088705e-01 4.136407751446163905e-01 4.321055086171292081e-01 5.572606741821137799e-01 2.260899988510304270e-01 4.680756215084140859e-01 4.578931197293148458e-01 5.396799618641767715e-01 8.034592776499558386e-01 2.394636073439125878e-01 0.000000000000000000e+00 5.584064750864440319e-01 4.161897499532452582e-01 2.441774456438872143e-01 7.778745022395254782e-01 7.626290253021386079e-01 5.138258673295099666e-01 5.154969026710022328e-01 4.799813917766497795e-01 4.499567110806877435e-01 6.178387706307025828e-01 2.849546784839789293e-01 5.743928652194297824e-01 4.386758587321117342e-01 9.218713515203483810e-01 7.612806142516697072e-01 5.914249777066689084e-01 6.485420353163640073e-01 9.621248632882206664e-01 8.283538499179143866e-01
7.528837276255053723e-01 3.688555526064746237e-01 7.195404806152878585e-01 4.520059259058756829e-01 7.048604142459629074e-01 8.070221435622525474e-01 3.824419877811948698e-01 4.349229793988628745e-01 5.084920182732949323e-01 5.027707392612814630e-01 5.117279518681534523e-01 7.794310271480153762e-01 7.800240313507325052e-01 6.215489148114536899e-01 4.855787450401979344e-01 5.584064750864440319e-01 0.000000000000000000e+00 1.884909424932170730e-01 4.879318241803141665e-01 5.159361385607650341e-01 8.219960975204142484e-01 7.112300582992834297e-01 7.451666427005183557e-01 6.099501061880350239e-01 7.655566528628667822e-01 3.232007397113133562e-01 9.463446244060268464e-01 6.996699724137533938e-01 3.371200693460749687e-01 5.403840105260495630e-01 7.413656518656795980e-01 7.560158547712210186e-01 1.626570299096830041e-01 4.397126714448305052e-01 9.062330371065585588e-01
6.963115778198939454e-01 3.333824672559868585e-01 9.665567177123847165e-01 6.891208126353955965e-01 6.017752075470256257e-01 6.892539426242580980e-01 4.286077230050018283e-01 2.670552815734027474e-01 8.329963742812753758e-01 3.760443592904648691e-01 4.147813019728898154e-01 3.968395231356839914e-01 2.448991162499960517e-01 6.410299146104689871e-01 1.986967014172182910e-01 4.161897499532452582e-01 1.884909424932170730e-01 0.000000000000000000e+00 4.859719430174283539e-01 2.195445867950641672e-01 3.019074004517178222e-01 9.206672318904212116e-01 3.212122863932671546e-01 6.070005821054365036e-01 3.790868619026874220e-01 8.621929968843540237e-01 5.527119075224961042e-01 5.122021583801008582e-01 7.662402340333562822e-01 7.129399493243524510e-01 6.083091809756746571e-01 4.359766675209432174e-01 5.953492270129008279e-01 5.638047531676945168e-01 6.130554979681677175e-01
4.417672680941534535e-01 1.336994490662496426e-01 5.600149099574551759e-01 7.085460293291849787e-01 4.887301285846894494e-01 3.391742038787310953e-01 9.003483617368637226e-01 5.987865693487499641e-01 5.899954632268821220e-01 2.982150789255348933e-01 8.995796307067218667e-01 4.934711051653876135e-01 1.420322329200914280e-01 3.086609349206513864e-01 2.572705837911314353e-01 2.441774456438872143e-01 4.879318241803141665e-01 4.859719430174283539e-01 0.000000000000000000e+00 6.386623014862592429e-01 3.402473930502804000e-01 1.667996370602716771e-01 5.055179440321972972e-01 3.910933495049550013e-01 2.023724388376180738e-01 3.905946862521154639e-01 6.237335523504137225e-01 7.621631455694959367e-01 4.426394782902627889e-01 8.497904289735174199e-01 7.528939247612345120e-01 6.480013621069722340e-01 6.043958730738030471e-01 8.646815381942424272e-01 8.446980753977193501e-01
6.959707493406763756e-01 5.538203511735971807e-01 4.695323920284751318e-01 8.832848154262700202e-01 7.547257331635430777e-01 5.802396462351642192e-01 4.111118705616800817e-01 7.777044549247276173e-01 1.197134074062402576e-01 8.323616548979533292e-01 5.678668348866023896e-01 6.773478357995288412e-01 8.356726720963432165e-01 1.376316523835645622e-01 4.405052055210567086e-01 7.778745022395254782e-01 5.159361385607650341e-01 2.195445867950641672e-01 6.386623014862592429e-01 0.000000000000000000e+00 9.588553684928824428e-02 4.123275874277830266e-01 5.362680762292846293e-01 2.635536128279659107e-01 7.072102456257216563e-01 2.878070176521030366e-01 4.792169854581188049e-01 8.524545034940755883e-01 5.146966881322921905e-01 7.158387115192936800e-01 5.094223125925281259e-01 7.062545188532260987e-01 9.463703820922583221e-01 4.209682733174413549e-02 5.328902204099754680e-01
4.990470721324415382e-01 6.808190259013571222e-01 5.383136872557827690e-01 4.709198416249160690e-01 7.947033735122918108e-01 8.471536900213836319e-01 6.200240968723005341e-01 6.893234024780514613e-01 4.958612160392266155e-01 8.765858198387035394e-01 5.845017111484831496e-01 5.518341307414331709e-01 4.557700857240333803e-01 1.523218381731611393e-01 4.302448176739470664e-01 7.626290253021386079e-01 8.219960975204142484e-01 3.019074004517178222e-01 3.402473930502804000e-01 9.588553684928824428e-02 0.000000000000000000e+00 9.631839134666093649e-01 8.281162885430730647e-01 4.442305113003258699e-01 7.273351426542564724e-01 1.004348238757082346e-01 5.729659332518211023e-01 5.665893723476818078e-01 9.225948021201426652e-01 7.117309173253034693e-01 4.848778076684870930e-01 6.372617244848259865e-01 6.816993670832203200e-01 7.336000697327544895e-01 3.675936638357109043e-01
8.205460692232955378e-01 4.117207085307249548e-01 8.084367224894078996e-01 7.172855268581067589e-01 5.636692568979682072e-01 5.057633954256059994e-01 4.528284406478533253e-01 8.390903699726356413e-01 7.874058781280042218e-01 4.698461422577398516e-01 3.779485573985002511e-01 3.791323453431720281e-01 4.532681902786037664e-01 1.904744989731151916e-01 6.734711530090542464e-01 5.138258673295099666e-01 7.112300582992834297e-01 9.206672318904212116e-01 1.667996370602716771e-01 4.123275874277830266e-01 9.631839134666093649e-01 0.000000000000000000e+00 8.708414121126628604e-01 7.956217454787379850e-01 3.299950343341189196e-01 4.557135595698967312e-01 7.053126397657467628e-01 6.448617496618687106e-01 5.027048691544753201e-01 9.106943695829567975e-01 6.236799784231350507e-01 6.043855987011570452e-01 2.322939843775833069e-01 5.346317198193490938e-01 5.020935996370496923e-01
4.826244800691191772e-01 9.304523772337351950e-01 2.664787622510108589e-01 5.792346608301455202e-01 4.270696421244528640e-01 7.556828371724297888e-01 4.824440985678606353e-01 7.363403428713255483e-01 3.012265237135127727e-01 8.931017290399800856e-01 4.404345977149065616e-01 4.874939579268328105e-01 7.904631220332487551e-01 6.549302503820997323e-01 8.563399482754887604e-01 5.154969026710022328e-01 7.451666427005183557e-01 3.212122863932671546e-01 5.055179440321972972e-01 5.362680762292846293e-01 8.281162885430730647e-01 8.708414121126628604e-01 0.000000000000000000e+00 5.442579713085183846e-01 5.601444045034988939e-01 1.896424234459085367e-01 7.191895786844449967e-01 2.603949453866095665e-01 7.328177266255799793e-01 7.375244467752822830e-01 6.865825555036455530e-01 4.132589064117772604e-01 3.296630040385089000e-01 6.495686443813323274e-01 7.470025104179145448e-01
2.768088880130841756e-01 8.565086372005661364e-01 6.694588209928616918e-01 9.689125374052935946e-01 7.665469072384283322e-01 8.211229712591527896e-01 3.785434286400402026e-01 1.759229228393999200e-01 4.386769668087705520e-01 6.954398963185113303e-01 9.136321825713376032e-01 2.315102947695869551e-01 8.373980624349071089e-01 8.226759575180112583e-01 6.796032380468117751e-01 4.799813917766497795e-01 6.099501061880350239e-01 6.070005821054365036e-01 3.910933495049550013e-01 2.635536128279659107e-01 4.442305113003258699e-01 7.956217454787379850e-01 5.442579713085183846e-01 0.000000000000000000e+00 8.790570679770095541e-01 3.653396947870841682e-01 5.946641992174748204e-01 3.053589519247887907e-01 8.659465901374185925e-02 7.958618963843877570e-02 9.852607702401721124e-01 3.968153277925381972e-01 3.573469208129124164e-01 8.612297249572520297e-01 7.946776312320080748e-02
5.066019725823389663e-01 9.663343659313960998e-02 6.461238598665256516e-01 9.026017469291918172e-01 8.127981963899846285e-01 8.218122275678669819e-01 7.394705207996949969e-01 3.604827809020024754e-01 7.971112816063086193e-01 5.735959741517054900e-01 5.578033841627357825e-01 5.068255716899034979e-01 4.762108780076538261e-01 7.331929024768245595e-01 4.463599727751064727e-01 4.499567110806877435e-01 7.655566528628667822e-01 3.790868619026874220e-01 2.023724388376180738e-01 7.072102456257216563e-01 7.273351426542564724e-01 3.299950343341189196e-01 5.601444045034988939e-01 8.790570679770095541e-01 0.000000000000000000e+00 5.507183558395735146e-01 8.891412957196714872e-01 4.433065972911034991e-01 1.160159922356807649e-01 4.079784113695511527e-01 9.072527641270213827e-01 7.408877596726737291e-01 7.600537871397499146e-01 6.822879191516721953e-01 4.369481851508345560e-01
8.548406539499699974e-01 8.474156089917441737e-01 7.157763562025267756e-01 9.058755665477973285e-01 8.121709900768188106e-01 5.776272670795086217e-01 6.364370878173912782e-01 4.362702619431469975e-01 6.633470068468416692e-01 7.191176219313246687e-01 5.994295395018176542e-01 8.590173539718535256e-01 4.946837429519628238e-01 4.893845667545019262e-01 5.997001057230119114e-01 6.178387706307025828e-01 3.232007397113133562e-01 8.621929968843540237e-01 3.905946862521154639e-01 2.878070176521030366e-01 1.004348238757082346e-01 4.557135595698967312e-01 1.896424234459085367e-01 3.653396947870841682e-01 5.507183558395735146e-01 0.000000000000000000e+00 4.922446030168800002e-01 6.817315032141509912e-01 4.188764606025814352e-01 8.594914030707861974e-01 7.259426674644494648e-01 7.698922439863662426e-01 5.901756375987046166e-01 5.337689980701585402e-01 7.302326296573866671e-01
1.271651601246632790e-01 3.481501508825483593e-01 3.032206232930358958e-01 4.070312883313205177e-01 6.833872382662120604e-02 6.602005467069600453e-01 7.337415431205278615e-01 8.412670427266353279e-01 8.460888232515650920e-01 3.290127066720480720e-01 3.600393313768417425e-01 5.718112684563497750e-01 7.575019918938052932e-01 5.056969794920209704e-01 1.809246867599906272e-01 2.849546784839789293e-01 9.463446244060268464e-01 5.527119075224961042e-01 6.237335523504137225e-01 4.792169854581188049e-01 5.729659332518211023e-01 7.053126397657467628e-01 7.191895786844449967e-01 5.946641992174748204e-01 8.891412957196714872e-01 4.922446030168800002e-01 0.000000000000000000e+00 6.633719940718376673e-01 9.314074548329625003e-01 7.169859226973596122e-01 7.249085777321053747e-01 2.179738481779890380e-01 5.016543384313026932e-01 5.123650572612756804e-01 4.836681092652823644e-01
7.581182998480582302e-01 7.730270535733063664e-01 5.746488373689888629e-01 5.266473794967877486e-01 5.708497652421362645e-01 2.799298368872152887e-01 6.958356366354889744e-01 8.105479160337922817e-01 8.785541490294586087e-01 4.255199713263098649e-01 4.495768974571279220e-01 3.968227294873533095e-01 1.547837357478416553e-01 1.136881233152998716e-01 8.340772667446334498e-01 5.743928652194297824e-01 6.996699724137533938e-01 5.122021583801008582e-01 7.621631455694959367e-01 8.524545034940755883e-01 5.665893723476818078e-01 6.448617496618687106e-01 2.603949453866095665e-01 3.053589519247887907e-01 4.433065972911034991e-01 6.817315032141509912e-01 6.633719940718376673e-01 0.000000000000000000e+00 8.503582588091673777e-01 4.426655280787621383e-01 6.289021891496344718e-01 8.855722544110267158e-01 7.481314416674731405e-01 5.886238936843661840e-01 6.007130045294183374e-01
5.937513778519802887e-01 7.264127406407323573e-01 8.845857320885075481e-01 4.404921156843264463e-01 3.771098951493299101e-01 7.727057985189623723e-01 8.319622355603180086e-01 4.964988839834457157e-01 1.335206699996176472e-01 5.224604286943295151e-01 8.312870864620299782e-01 3.189201186701657864e-01 5.082729476156575554e-01 4.538485287520069300e-01 5.155031672981130741e-01 4.386758587321117342e-01 3.371200693460749687e-01 7.662402340333562822e-01 4.426394782902627889e-01 5.146966881322921905e-01 9.225948021201426652e-01 5.027048691544753201e-01 7.328177266255799793e-01 8.659465901374185925e-02 1.160159922356807649e-01 4.188764606025814352e-01 9.314074548329625003e-01 8.503582588091673777e-01 0.000000000000000000e+00 3.904384265558033529e-01 9.007297816446382388e-01 5.534260994207000905e-01 5.431457527446064137e-01 6.816604363132277022e-01 1.755676776271666295e-01
4.311338067636724114e-01 8.565460890683576078e-01 3.617814088596679190e-01 7.843092784865306477e-01 5.702076838013374616e-01 8.771832417667626558e-01 3.324495528452994231e-01 7.037333516057280303e-01 7.384095161907681115e-01 5.034199753872625749e-01 5.388292761578707957e-01 4.224523195657462482e-01 4.969931775584380262e-01 8.117904502425252744e-01 3.294866835694790774e-01 9.218713515203483810e-01 5.403840105260495630e-01 7.129399493243524510e-01 8.497904289735174199e-01 7.158387115192936800e-01 7.117309173253034693e-01 9.106943695829567975e-01 7.375244467752822830e-01 7.958618963843877570e-02 4.079784113695511527e-01 8.594914030707861974e-01 7.169859226973596122e-01 4.426655280787621383e-01 3.904384265558033529e-01 0.000000000000000000e+00 2.867654581429091021e-01 8.066230603839799063e-01 5.070900615238075337e-01 5.261204868452082906e-01 7.286479754065933179e-01
4.625106422324305466e-01 6.834013713164377446e-01 2.684487030218131176e-01 4.434845224405709052e-01 7.969095306186886329e-01 5.677068253153993993e-02 5.498581697228945853e-01 3.548858730804672623e-01 1.319411812046584753e-01 6.604940368737803880e-01 8.197809905900037553e-01 7.407372087708248287e-01 6.526464701575286353e-01 4.801910210740838458e-01 5.952897331040249984e-01 7.612806142516697072e-01 7.413656518656795980e-01 6.083091809756746571e-01 7.528939247612345120e-01 5.094223125925281259e-01 4.848778076684870930e-01 6.236799784231350507e-01 6.865825555036455530e-01 9.852607702401721124e-01 9.072527641270213827e-01 7.259426674644494648e-01 7.249085777321053747e-01 6.289021891496344718e-01 9.007297816446382388e-01 2.867654581429091021e-01 0.000000000000000000e+00 3.409311990258785396e-01 7.141689782954681043e-01 5.956934164045386559e-01 7.814185931032618937e-01
3.869898766296337445e-01 5.509616780807382597e-01 8.346494239856374620e-01 7.058128014165954145e-01 6.850392149722293045e-01 6.032428466207362394e-01 3.611482282210984329e-01 4.784984678953800863e-01 6.114491598744850043e-01 5.796938020163695526e-01 7.571320871078119907e-01 7.276451325461379405e-01 6.186273328240738945e-01 5.283443379659725769e-01 2.700862804021619823e-02 5.914249777066689084e-01 7.560158547712210186e-01 4.359766675209432174e-01 6.480013621069722340e-01 7.062545188532260987e-01 6.372617244848259865e-01 6.043855987011570452e-01 4.132589064117772604e-01 3.968153277925381972e-01 7.408877596726737291e-01 7.698922439863662426e-01 2.179738481779890380e-01 8.855722544110267158e-01 5.534260994207000905e-01 8.066230603839799063e-01 3.409311990258785396e-01 0.000000000000000000e+00 4.639619288675663755e-01 7.556693443726258952e-01 7.806227467245608898e-01
5.519258061901421986e-01 4.853842770226482473e-01 8.506800138827842472e-01 4.460089425106099070e-01 5.882232785329446489e-01 7.917912824084170076e-01 8.323993891075214258e-01 4.550089650034061517e-01 8.203746904365565307e-01 7.106006072294988041e-01 4.744547160597629709e-01 3.020929551931355039e-01 4.096329405703696969e-01 6.937173089711474727e-01 4.775948250877289913e-01 6.485420353163640073e-01 1.626570299096830041e-01 5.953492270129008279e-01 6.043958730738030471e-01 9.463703820922583221e-01 6.816993670832203200e-01 2.322939843775833069e-01 3.296630040385089000e-01 3.573469208129124164e-01 7.600537871397499146e-01 5.901756375987046166e-01 5.016543384313026932e-01 7.481314416674731405e-01 5.431457527446064137e-01 5.070900615238075337e-01 7.141689782954681043e-01 4.639619288675663755e-01 0.000000000000000000e+00 3.394119768113396107e-01 4.184948054186785615e-01
4.078621257282423196e-01 9.189285889171032728e-01 3.114450800760788507e-01 5.028235967724836719e-01 8.955133357260951499e-01 8.279073745339047274e-01 4.300970186419597052e-01 4.641987175499888152e-01 4.613343537609065348e-01 5.495854751924372783e-01 5.073488426496388648e-01 4.569193382233278644e-01 7.530602038399805132e-01 4.768974807037833497e-01 7.829015589173631273e-01 9.621248632882206664e-01 4.397126714448305052e-01 5.638047531676945168e-01 8.646815381942424272e-01 4.209682733174413549e-02 7.336000697327544895e-01 5.346317198193490938e-01 6.495686443813323274e-01 8.612297249572520297e-01 6.822879191516721953e-01 5.337689980701585402e-01 5.123650572612756804e-01 5.886238936843661840e-01 6.816604363132277022e-01 5.261204868452082906e-01 5.956934164045386559e-01 7.556693443726258952e-01 3.394119768113396107e-01 0.000000000000000000e+00 4.174075733569218016e-01
8.225287866612462917e-01 6.964779959626263839e-01 9.516364889863666576e-01 6.210869090485393595e-01 5.601452968385141062e-01 3.674021058059661060e-01 6.390892223909695469e-01 4.905587822405710896e-01 5.477506751981158217e-01 4.924886632176174728e-01 4.355768344927657965e-01 5.135586450925708757e-01 7.543500211610808526e-01 8.152226063439766968e-01 3.815138453438953747e-01 8.283538499179143866e-01 9.062330371065585588e-01 6.130554979681677175e-01 8.446980753977193501e-01 5.328902204099754680e-01 3.675936638357109043e-01 5.020935996370496923e-01 7.470025104179145448e-01 7.946776312320080748e-02 4.369481851508345560e-01 7.302326296573866671e-01 4.836681092652823644e-01 6.007130045294183374e-01 1.755676776271666295e-01 7.286479754065933179e-01 7.814185931032618937e-01 7.806227467245608898e-01 4.184948054186785615e-01 4.174075733569218016e-01 0.000000000000000000e+00
