0.000000000000000000e+00 7.787516707587014420e-01 8.551959130466584291e-01 8.087608108781524363e-01 6.108679127920195739e-01 4.854472437409236840e-01 8.918276790232193552e-01 6.305739681335310598e-01 4.531043084867615311e-01 5.830448840293969148e-01 7.544457588657240699e-01 8.900881993719095275e-01 7.347902889785085101e-01 2.944118002502639220e-01 4.520842572537401294e-01 5.804713033390923593e-01 8.416453182863727900e-01 4.732670414868511699e-01 8.899095985509895002e-01 5.435609402639760557e-01 8.753889340307881017e-01 5.111218626487077366e-01 4.808639354978089253e-01 3.705333198912139636e-01 1.919562407722213981e-01 8.926745758641152495e-01 7.137977592855846432e-01 4.139055550734030975e-01 4.515787334453656987e-01 4.480943546204165795e-01 4.720258776895570052e-01 6.140392196871951036e-01 3.699272409795166250e-01 2.747081268776340179e-01 7.860930806453996222e-01
7.787516707587014420e-01 0.000000000000000000e+00 8.683189608683958838e-01 3.800751777910550411e-01 6.070540778011865868e-01 2.810939182035998574e-01 6.304501226506702416e-01 4.446143283946772939e-01 2.892959782029408400e-01 5.502823445046111095e-01 6.004604519956926456e-01 4.890288372112007176e-01 3.935311427308598731e-01 4.246000319050269867e-01 4.662124651126705599e-01 4.242120261171684614e-01 7.962731323980283271e-01 5.003826678221847679e-01 3.765332176206183101e-01 9.034657041038791636e-01 3.490774132881974690e-01 5.080997321212814555e-01 4.754266965978247717e-01 7.779006634370753126e-01 6.854674265859759252e-01 5.739981826906110918e-01 8.780371431755924494e-01 3.923244882062556504e-01 4.177445199870258863e-01 6.174435771981066079e-01 4.442535106710298054e-01 2.223460013462639773e-01 7.767417416834135890e-01 5.650759075411271315e-01 8.355476608041512154e-01
8.551959130466584291e-01 8.683189608683958838e-01 0.000000000000000000e+00 6.095384903617222516e-01 8.140030563516065243e-01 8.325534532195240089e-01 6.707570847060274621e-01 6.230457796966175632e-01 3.877871088446306902e-01 4.765792984764950502e-01 8.072222881013473295e-01 6.051786497411422161e-01 6.404215983852138416e-01 7.383054264830185565e-01 1.239532612616273122e-01 7.513385306440407696e-01 5.929663916330263351e-01 5.604547560522665783e-01 4.030138073479390126e-01 7.048442164255801501e-01 4.894292346147856021e-01 6.228379913506537635e-01 3.763524341919859406e-01 8.838178642106195859e-01 5.758133438106892710e-01 4.524918805149559242e-01 6.385249960108270173e-01 2.016172575562356073e-01 8.668390488218660206e-01 8.446297524089573239e-01 2.919478560129837863e-01 1.206590993921229371e-01 8.003234332059854239e-01 5.585859944797630927e-01 6.930612782397247429e-01
8.087608108781524363e-01 3.800751777910550411e-01 6.095384903617222516e-01 0.000000000000000000e+00 8.313768185892808082e-01 4.579516736836916069e-01 3.079198019257296526e-01 5.152802729436771756e-01 2.256118607502853868e-01 3.713246325153503613e-01 7.606715774330844448e-01 6.619751686978121441e-01 7.839348345849397326e-01 4.820265818412088343e-01 3.886992914695519552e-01 5.727550656213405977e-01 6.791046468282581072e-01 2.810258749088893060e-01 1.627821254433325926e-01 3.075313897875023850e-01 3.834262080098472247e-01 8.605622551297689160e-01 3.374909249911874909e-01 3.313860165606596908e-01 8.551551257437692843e-01 4.643175679242738663e-01 8.907522511824885747e-01 6.152411129360579878e-01 4.131971786993320350e-01 8.489607017426424873e-01 1.397460694557330907e-01 3.274525512890759660e-01 7.104323210089719121e-01 7.452539016265016247e-01 5.010276390537796720e-01
6.108679127920195739e-01 6.070540778011865868e-01 8.140030563516065243e-01 8.313768185892808082e-01 0.000000000000000000e+00 8.652776231075398616e-01 4.908284746340728644e-01 7.786270826912651266e-01 7.402252700435085764e-01 6.383691600757520623e-01 7.285206393477200448e-01 4.345742737634101793e-01 7.856254537943834215e-01 8.022813190480491130e-01 8.732737810792384758e-01 2.569628188148094239e-01 5.398813671215718646e-01 7.246225861424873127e-01 3.646998764909679114e-01 3.037968911935129412e-02 9.399174787834252420e-02 7.015267020048088220e-01 8.972773492749792634e-01 5.377748502588672874e-01 4.423866409256897447e-01 9.087816260199408358e-01 2.710825245915250425e-01 8.985170722289863576e-01 6.059585556790074712e-01 3.181503976979834225e-01 4.399396139573403253e-01 8.326323069774136387e-01 7.995287215422337557e-01 9.163750912253914027e-01 4.534015176839227279e-01
4.854472437409236840e-01 2.810939182035998574e-01 8.325534532195240089e-01 4.579516736836916069e-01 8.652776231075398616e-01 0.000000000000000000e+00 3.944745153819042560e-01 2.537758229676919663e-01 6.087375080019571394e-01 7.856291290783060655e-01 4.776591803529021685e-01 4.670462311524790633e-01 7.969267471940367775e-01 4.207133289965671596e-01 6.060787651940873211e-01 6.561899422796828585e-01 5.179510999485814615e-01 5.261666594004741349e-01 5.668642008420181622e-01 4.011662239037607214e-01 7.120082446676478938e-01 3.707575214351238047e-01 6.176775273720213066e-01 5.274117510421307831e-01 3.680603650811777316e-01 3.036318872600063390e-02 6.902761412341469338e-01 5.634956623334785863e-01 6.076057355823074602e-01 5.052561831871600351e-01 5.978377804386127981e-01 5.618833848125726060e-01 6.449058099534299426e-01 7.261497013757993724e-01 5.133355070951661769e-01
8.918276790232193552e-01 6.304501226506702416e-01 6.707570847060274621e-01 3.079198019257296526e-01 4.908284746340728644e-01 3.944745153819042560e-01 0.000000000000000000e+00 5.591707434112882513e-01 2.798928690458187818e-01 5.814058240179201809e-01 5.506145341272625782e-01 8.035559447434432734e-01 6.355105193021338694e-01 1.982464487250448215e-01 7.091543971537965785e-01 7.188520694777494890e-01 3.616200014961801212e-01 7.113251636993356275e-02 6.549599845923029795e-01 6.805723280087092597e-01 5.754940563562904732e-01 1.483485042652187280e-01 3.984978530822157472e-01 6.912910262100260272e-01 7.852422435793872113e-01 4.392421989220586243e-01 6.822617572839105859e-01 7.911693330446805117e-01 7.221036091680438362e-01 7.716192804661267113e-01 3.237242525870270837e-01 4.156702736745132021e-01 5.333691160514473228e-01 7.540338540208573193e-01 8.186091974739351240e-01
6.305739681335310598e-01 4.446143283946772939e-01 6.230457796966175632e-01 5.152802729436771756e-01 7.786270826912651266e-01 2.537758229676919663e-01 5.591707434112882513e-01 0.000000000000000000e+00 4.011181005944434164e-01 6.632967139156376035e-01 8.863271006651417538e-01 2.029009758549068509e-01 1.459477850226768014e-01 3.513937345881144036e-01 3.311374154138331249e-01 5.613092546230307178e-01 5.530626228790729293e-01 5.919364082562124096e-01 1.717361879937422398e-01 9.226677678201304911e-01 7.032421012303030627e-01 5.467631052303869588e-01 8.606573778412922593e-01 4.581627522489103432e-01 6.134407247565398791e-01 6.199578964940909431e-01 8.372426222350000113e-01 1.984639768278595451e-01 4.606661005271598386e-01 8.047655893420371243e-01 6.834470450401115560e-01 8.180974220418645304e-01 9.144162018941328629e-01 6.612090621019017789e-01 4.941148530325920607e-01
4.531043084867615311e-01 2.892959782029408400e-01 3.877871088446306902e-01 2.256118607502853868e-01 7.402252700435085764e-01 6.087375080019571394e-01 2.798928690458187818e-01 4.011181005944434164e-01 0.000000000000000000e+00 6.421049087749991502e-01 3.411178726507843040e-01 5.441894042285392308e-01 5.228468603473666043e-01 7.349250551953528943e-01 6.944227040335977374e-01 6.570391039966929636e-01 6.662205725589995797e-01 4.694607078621176877e-01 6.699249119581738299e-01 6.050859353945869934e-01 8.114205085291947839e-01 6.284208111525975138e-01 6.729175295088341002e-01 4.339132740122904064e-01 4.069741226946432811e-01 5.061358426006896671e-01 5.324263847304669950e-01 3.613492782891600807e-01 2.880924536631572774e-01 7.263323733093971502e-01 9.390564429909146194e-01 4.603695435527491719e-01 7.360527032104450251e-01 8.214911955055025361e-01 4.655304243371474748e-01
5.830448840293969148e-01 5.502823445046111095e-01 4.765792984764950502e-01 3.713246325153503613e-01 6.383691600757520623e-01 7.856291290783060655e-01 5.814058240179201809e-01 6.632967139156376035e-01 6.421049087749991502e-01 0.000000000000000000e+00 4.437978489727162912e-01 3.777002032660909947e-01 7.027942230526083023e-01 4.232550147387115769e-01 1.231706442723997652e-01 8.782345355968486089e-01 5.365373283965867435e-01 4.685419034634792923e-01 1.613251636192221117e-01 4.020563898498411004e-01 7.194731829613161267e-01 5.511963420438792394e-01 6.974277807594497780e-01 3.633568232474839732e-01 7.641306598926866922e-01 8.048013737658050726e-01 3.909505996363188962e-01 4.879928202201552767e-01 4.890705157171857387e-01 3.929323026697002508e-01 5.954850258562055521e-01 3.060099022687575721e-01 3.035251305724115944e-01 8.846078746150057848e-01 1.477117396167237917e-01
7.544457588657240699e-01 6.004604519956926456e-01 8.072222881013473295e-01 7.606715774330844448e-01 7.285206393477200448e-01 4.776591803529021685e-01 5.506145341272625782e-01 8.863271006651417538e-01 3.411178726507843040e-01 4.437978489727162912e-01 0.000000000000000000e+00 5.685464575390228870e-01 5.090620202335505162e-01 7.752612272765289081e-01 2.836068552270940568e-01 8.239724903424925362e-01 5.232544331726722842e-01 7.564786082824809244e-01 3.189060256412279415e-02 9.215855921196378642e-01 4.056214248551039958e-01 4.639117535326708341e-01 6.421697438900362265e-01 4.275516206563608201e-01 3.760893021013772541e-01 5.238273261815593607e-01 1.796419106062139837e-01 4.434528568634112933e-01 4.223049997121450794e-01 5.515319655838714086e-01 3.761801439925559487e-01 5.089184883042758845e-01 3.053627835824589409e-01 4.560531037300022961e-01 8.255139306637694352e-01
8.900881993719095275e-01 4.890288372112007176e-01 6.051786497411422161e-01 6.619751686978121441e-01 4.345742737634101793e-01 4.670462311524790633e-01 8.035559447434432734e-01 2.029009758549068509e-01 5.441894042285392308e-01 3.777002032660909947e-01 5.685464575390228870e-01 0.000000000000000000e+00 3.014881887177320308e-01 3.739959903317456869e-01 4.779007292810421026e-01 6.347919798535615055e-01 4.697994326132590159e-01 8.240370564931136510e-01 4.975761998526257446e-01 6.860368405982821827e-01 7.564465097223225243e-01 2.468598597150741814e-01 6.784372337047868129e-01 7.617008949695569520e-01 8.688351906202573804e-02 9.389123519680477870e-01 4.284782080694700124e-01 1.322551312027666626e-01 4.112669275225451226e-01 4.705282865048249774e-01 5.731358095039287281e-01 4.831953075256298358e-01 6.903084531208394381e-01 5.440369391042545466e-01 4.011062756527881135e-01
7.347902889785085101e-01 3.935311427308598731e-01 6.404215983852138416e-01 7.839348345849397326e-01 7.856254537943834215e-01 7.969267471940367775e-01 6.355105193021338694e-01 1.459477850226768014e-01 5.228468603473666043e-01 7.027942230526083023e-01 5.090620202335505162e-01 3.014881887177320308e-01 0.000000000000000000e+00 4.411369126210766822e-01 5.961689877950254735e-01 1.631385582643301579e-01 8.391314326559751180e-01 5.497249709627911596e-01 7.828791615365063850e-01 7.329915742155479474e-01 4.670111393350765971e-01 4.935656960025872064e-01 4.178903796140333582e-01 4.635146645771854867e-01 3.101352283154651390e-01 8.049785497879826668e-01 6.921960425658857385e-01 6.526652675200753650e-01 3.173227930515972739e-01 9.206129444610497981e-01 8.501123308518894195e-01 6.893715036341141467e-01 7.605433399549843543e-02 8.384230374174030942e-01 4.505464590725916096e-01
2.944118002502639220e-01 4.246000319050269867e-01 7.383054264830185565e-01 4.820265818412088343e-01 8.022813190480491130e-01 4.207133289965671596e-01 1.982464487250448215e-01 3.513937345881144036e-01 7.349250551953528943e-01 4.232550147387115769e-01 7.752612272765289081e-01 3.739959903317456869e-01 4.411369126210766822e-01 0.000000000000000000e+00 2.356389270634343669e-01 4.950539193727211407e-01 8.081301984132632787e-01 7.978683761261429197e-02 6.128096401080171951e-01 7.953003592392660082e-01 8.207417254833926368e-01 2.233240383280301611e-01 2.110926400679988824e-01 5.461224138383438120e-01 1.480494345552720858e-01 6.402711163447758480e-01 5.751840422756353544e-01 7.123404557964136963e-01 1.355783136743194950e-01 7.530760759889612022e-01 1.072742826079561285e-01 4.533532666842100545e-01 6.976074882125020693e-01 1.917670565406444094e-01 5.927270824363446433e-01
4.520842572537401294e-01 4.662124651126705599e-01 1.239532612616273122e-01 3.886992914695519552e-01 8.732737810792384758e-01 6.060787651940873211e-01 7.091543971537965785e-01 3.311374154138331249e-01 6.944227040335977374e-01 1.231706442723997652e-01 2.836068552270940568e-01 4.779007292810421026e-01 5.961689877950254735e-01 2.356389270634343669e-01 0.000000000000000000e+00 7.966010381247843330e-01 6.344067291712238710e-01 2.151622300385092335e-01 5.156309199284004885e-01 6.928208100690644855e-01 4.296462632448961871e-01 7.318305549713159941e-01 7.269017732629579065e-01 5.028605888122663625e-01 3.530985955705950308e-01 4.835744845078191467e-01 7.476928382748133650e-01 1.127220022317573789e-01 5.680092243349483816e-01 5.252955832000099079e-01 6.401651058492846547e-01 1.136815680569942533e-01 7.232108844316327279e-01 6.813328888849752296e-01 2.012035856896681185e-01
5.804713033390923593e-01 4.242120261171684614e-01 7.513385306440407696e-01 5.727550656213405977e-01 2.569628188148094239e-01 6.561899422796828585e-01 7.188520694777494890e-01 5.613092546230307178e-01 6.570391039966929636e-01 8.782345355968486089e-01 8.239724903424925362e-01 6.347919798535615055e-01 1.631385582643301579e-01 4.950539193727211407e-01 7.966010381247843330e-01 0.000000000000000000e+00 5.213123822009062547e-01 4.999144942267911840e-01 9.547786117398568972e-01 6.322418056005801867e-01 3.158343957764356280e-01 7.391014854589117444e-01 7.463117618803972730e-01 5.184710170216021430e-01 5.463309200735022575e-01 2.975574320064852119e-01 7.018873454689311675e-01 6.666661055329790031e-01 1.500414854687781574e-01 4.437104455685033089e-01 6.498582949036704193e-01 2.945870515373586462e-01 6.165378809311358177e-01 8.546042536961870884e-01 4.501520661967793879e-01
8.416453182863727900e-01 7.962731323980283271e-01 5.929663916330263351e-01 6.791046468282581072e-01 5.398813671215718646e-01 5.179510999485814615e-01 3.616200014961801212e-01 5.530626228790729293e-01 6.662205725589995797e-01 5.365373283965867435e-01 5.232544331726722842e-01 4.697994326132590159e-01 8.391314326559751180e-01 8.081301984132632787e-01 6.344067291712238710e-01 5.213123822009062547e-01 0.000000000000000000e+00 8.643099776944158652e-01 2.454800948451992815e-01 4.495480549482517296e-01 8.842807148552900287e-03 6.624046089005466431e-01 4.697627240207580268e-01 6.830760037630869697e-01 3.468081110416798563e-01 7.556219864412598852e-01 8.715061069663452287e-01 2.613031871295661279e-01 4.609152043566655532e-01 6.211133864550848482e-01 8.856726554899361226e-01 6.791091061252130245e-01 7.379324618125209234e-01 4.110339136681114836e-01 3.217968176761654142e-01
4.732670414868511699e-01 5.003826678221847679e-01 5.604547560522665783e-01 2.810258749088893060e-01 7.246225861424873127e-01 5.261666594004741349e-01 7.113251636993356275e-02 5.919364082562124096e-01 4.694607078621176877e-01 4.685419034634792923e-01 7.564786082824809244e-01 8.240370564931136510e-01 5.497249709627911596e-01 7.978683761261429197e-02 2.151622300385092335e-01 4.999144942267911840e-01 8.643099776944158652e-01 0.000000000000000000e+00 5.663092376455486354e-01 4.434403835195716015e-01 5.314246690858632771e-01 3.169243235778901324e-01 7.909896085813472588e-01 4.564264777108660853e-01 6.435387668439227493e-01 2.624714949045802159e-01 4.040950453968743528e-01 9.715915062176263550e-01 7.457745795735113425e-01 6.039286768009233253e-01 6.880662355914832773e-01 3.116662099796729812e-01 3.474933106082717105e-01 6.656501281123796687e-01 6.954350854869724152e-01
8.899095985509895002e-01 3.765332176206183101e-01 4.030138073479390126e-01 1.627821254433325926e-01 3.646998764909679114e-01 5.668642008420181622e-01 6.549599845923029795e-01 1.717361879937422398e-01 6.699249119581738299e-01 1.613251636192221117e-01 3.189060256412279415e-02 4.975761998526257446e-01 7.828791615365063850e-01 6.128096401080171951e-01 5.156309199284004885e-01 9.547786117398568972e-01 2.454800948451992815e-01 5.663092376455486354e-01 0.000000000000000000e+00 6.777285187578565573e-01 8.345197860421634806e-01 5.397772171171932865e-01 7.912281409829435841e-01 7.241855865506725554e-01 3.922412247798194862e-01 5.320462724189352066e-01 8.450121556675601608e-01 8.597623338942267379e-01 5.124638864300523622e-01 3.622186009063930734e-01 1.548012846194359859e-01 8.566539723499736469e-01 3.202469240409006046e-01 7.795792134599273115e-01 1.458775954841598499e-01
5.435609402639760557e-01 9.034657041038791636e-01 7.048442164255801501e-01 3.075313897875023850e-01 3.037968911935129412e-02 4.011662239037607214e-01 6.805723280087092597e-01 9.226677678201304911e-01 6.050859353945869934e-01 4.020563898498411004e-01 9.215855921196378642e-01 6.860368405982821827e-01 7.329915742155479474e-01 7.953003592392660082e-01 6.928208100690644855e-01 6.322418056005801867e-01 4.495480549482517296e-01 4.434403835195716015e-01 6.777285187578565573e-01 0.000000000000000000e+00 8.388489788161064276e-01 4.458213825619238846e-01 2.024121091138940676e-01 5.619308026067648676e-02 5.611623916987829030e-01 5.559431809997701368e-01 2.714044585508625929e-01 1.070701466558441339e-01 9.971614789996330330e-01 5.860788349945675879e-01 3.792299808467913258e-01 9.410702225320155545e-01 3.961596916281135972e-01 1.008725401357958296e-01 7.667459247489227803e-01
8.753889340307881017e-01 3.490774132881974690e-01 4.894292346147856021e-01 3.834262080098472247e-01 9.399174787834252420e-02 7.120082446676478938e-01 5.754940563562904732e-01 7.032421012303030627e-01 8.114205085291947839e-01 7.194731829613161267e-01 4.056214248551039958e-01 7.564465097223225243e-01 4.670111393350765971e-01 8.207417254833926368e-01 4.296462632448961871e-01 3.158343957764356280e-01 8.842807148552900287e-03 5.314246690858632771e-01 8.345197860421634806e-01 8.388489788161064276e-01 0.000000000000000000e+00 3.335673166403875234e-01 5.350861014842958063e-01 6.073784998641895694e-01 6.887494168582177778e-01 8.923932645593390944e-01 5.982799675995682520e-01 1.462718898422025182e-01 5.000384903240009393e-01 9.132671764484692201e-01 2.360712121830402799e-01 5.954350868268467600e-01 8.387781705205124005e-01 7.630367026240885142e-01 6.730555297075850874e-01
5.111218626487077366e-01 5.080997321212814555e-01 6.228379913506537635e-01 8.605622551297689160e-01 7.015267020048088220e-01 3.707575214351238047e-01 1.483485042652187280e-01 5.467631052303869588e-01 6.284208111525975138e-01 5.511963420438792394e-01 4.639117535326708341e-01 2.468598597150741814e-01 4.935656960025872064e-01 2.233240383280301611e-01 7.318305549713159941e-01 7.391014854589117444e-01 6.624046089005466431e-01 3.169243235778901324e-01 5.397772171171932865e-01 4.458213825619238846e-01 3.335673166403875234e-01 0.000000000000000000e+00 7.619714167255702275e-01 7.456554872035846548e-01 7.579719511685562017e-01 8.072083674495538208e-01 8.869341875155356547e-01 3.772900903322088384e-01 3.725391451654310737e-01 4.567929803649111720e-01 8.076618569432507666e-01 5.278523554029479481e-01 6.670286145746084916e-01 4.702710012551220009e-01 4.986264542543721312e-01
4.808639354978089253e-01 4.754266965978247717e-01 3.763524341919859406e-01 3.374909249911874909e-01 8.972773492749792634e-01 6.176775273720213066e-01 3.984978530822157472e-01 8.606573778412922593e-01 6.729175295088341002e-01 6.974277807594497780e-01 6.421697438900362265e-01 6.784372337047868129e-01 4.178903796140333582e-01 2.110926400679988824e-01 7.269017732629579065e-01 7.463117618803972730e-01 4.697627240207580268e-01 7.909896085813472588e-01 7.912281409829435841e-01 2.024121091138940676e-01 5.350861014842958063e-01 7.619714167255702275e-01 0.000000000000000000e+00 5.933139337065338470e-01 8.324777631365289920e-01 8.671034758671540832e-01 9.022722829058020810e-01 4.355825417244392761e-01 3.070579591929175067e-01 5.307338483249908201e-01 8.377822386813547073e-01 6.685214664838561305e-01 5.183673216446103016e-01 5.821137627695956995e-01 6.284010318033763642e-01
3.705333198912139636e-01 7.779006634370753126e-01 8.838178642106195859e-01 3.313860165606596908e-01 5.377748502588672874e-01 5.274117510421307831e-01 6.912910262100260272e-01 4.581627522489103432e-01 4.339132740122904064e-01 3.633568232474839732e-01 4.275516206563608201e-01 7.617008949695569520e-01 4.635146645771854867e-01 5.461224138383438120e-01 5.028605888122663625e-01 5.184710170216021430e-01 6.830760037630869697e-01 4.564264777108660853e-01 7.241855865506725554e-01 5.619308026067648676e-02 6.073784998641895694e-01 7.456554872035846548e-01 5.933139337065338470e-01 0.000000000000000000e+00 8.366609633208810237e-01 4.634778349532243102e-01 4.763313715148932426e-01 4.288597128712457462e-01 3.525562919191382871e-02 4.221170630139815527e-01 7.480471470630825070e-01 2.676822905926195539e-01 8.420380233222222177e-01 6.678600616393843836e-01 8.509025381991635051e-01
1.919562407722213981e-01 6.854674265859759252e-01 5.758133438106892710e-01 8.551551257437692843e-01 4.423866409256897447e-01 3.680603650811777316e-01 7.852422435793872113e-01 6.134407247565398791e-01 4.069741226946432811e-01 7.641306598926866922e-01 3.760893021013772541e-01 8.688351906202573804e-02 3.101352283154651390e-01 1.480494345552720858e-01 3.530985955705950308e-01 5.463309200735022575e-01 3.468081110416798563e-01 6.435387668439227493e-01 3.922412247798194862e-01 5.611623916987829030e-01 6.887494168582177778e-01 7.579719511685562017e-01 8.324777631365289920e-01 8.366609633208810237e-01 0.000000000000000000e+00 5.782101822533682878e-01 1.390737632913134902e-01 2.457778952219991098e-02 6.153189472307485364e-01 4.485123680703095861e-01 3.382857179129878378e-01 3.500067273265349832e-01 3.491226556821491744e-01 5.414496857973241095e-01 6.330721151336055064e-01
8.926745758641152495e-01 5.739981826906110918e-01 4.524918805149559242e-01 4.643175679242738663e-01 9.087816260199408358e-01 3.036318872600063390e-02 4.392421989220586243e-01 6.199578964940909431e-01 5.061358426006896671e-01 8.048013737658050726e-01 5.238273261815593607e-01 9.389123519680477870e-01 8.049785497879826668e-01 6.402711163447758480e-01 4.835744845078191467e-01 2.975574320064852119e-01 7.556219864412598852e-01 2.624714949045802159e-01 5.320462724189352066e-01 5.559431809997701368e-01 8.923932645593390944e-01 8.072083674495538208e-01 8.671034758671540832e-01 4.634778349532243102e-01 5.782101822533682878e-01 0.000000000000000000e+00 6.265984829249373611e-01 6.178088583968068814e-01 1.338237247773479410e-01 8.017419474758389342e-01 5.281990881922848935e-01 5.485257729334395149e-01 4.914208098546555825e-01 4.412745477625563684e-01 5.334218133389835304e-01
7.137977592855846432e-01 8.780371431755924494e-01 6.385249960108270173e-01 8.907522511824885747e-01 2.710825245915250425e-01 6.902761412341469338e-01 6.822617572839105859e-01 8.372426222350000113e-01 5.324263847304669950e-01 3.909505996363188962e-01 1.796419106062139837e-01 4.284782080694700124e-01 6.921960425658857385e-01 5.751840422756353544e-01 7.476928382748133650e-01 7.018873454689311675e-01 8.715061069663452287e-01 4.040950453968743528e-01 8.450121556675601608e-01 2.714044585508625929e-01 5.982799675995682520e-01 8.869341875155356547e-01 9.022722829058020810e-01 4.763313715148932426e-01 1.390737632913134902e-01 6.265984829249373611e-01 0.000000000000000000e+00 5.713677299280799371e-01 7.486965593877809022e-01 5.270319208380798148e-01 4.795663551778619471e-01 4.714462549972396888e-01 6.160096264355277018e-01 7.509011200927038221e-01 5.035849190864606362e-01
4.139055550734030975e-01 3.923244882062556504e-01 2.016172575562356073e-01 6.152411129360579878e-01 8.985170722289863576e-01 5.634956623334785863e-01 7.911693330446805117e-01 1.984639768278595451e-01 3.613492782891600807e-01 4.879928202201552767e-01 4.434528568634112933e-01 1.322551312027666626e-01 6.526652675200753650e-01 7.123404557964136963e-01 1.127220022317573789e-01 6.666661055329790031e-01 2.613031871295661279e-01 9.715915062176263550e-01 8.597623338942267379e-01 1.070701466558441339e-01 1.462718898422025182e-01 3.772900903322088384e-01 4.355825417244392761e-01 4.288597128712457462e-01 2.457778952219991098e-02 6.178088583968068814e-01 5.713677299280799371e-01 0.000000000000000000e+00 7.224884110263235515e-01 5.041447541013877043e-01 4.101973404299776305e-01 6.147599651717068348e-01 2.056184795962180956e-01 7.349163260562265876e-01 9.662114944588344745e-01
4.515787334453656987e-01 4.177445199870258863e-01 8.668390488218660206e-01 4.131971786993320350e-01 6.059585556790074712e-01 6.076057355823074602e-01 7.221036091680438362e-01 4.606661005271598386e-01 2.880924536631572774e-01 4.890705157171857387e-01 4.223049997121450794e-01 4.112669275225451226e-01 3.173227930515972739e-01 1.355783136743194950e-01 5.680092243349483816e-01 1.500414854687781574e-01 4.609152043566655532e-01 7.457745795735113425e-01 5.124638864300523622e-01 9.971614789996330330e-01 5.000384903240009393e-01 3.725391451654310737e-01 3.070579591929175067e-01 3.525562919191382871e-02 6.153189472307485364e-01 1.338237247773479410e-01 7.486965593877809022e-01 7.224884110263235515e-01 0.000000000000000000e+00 2.839446337702347112e-01 2.587134842835217552e-01 4.458444059725593656e-01 6.845673586774547736e-01 6.317575403705679715e-01 7.878449672729017639e-01
4.480943546204165795e-01 6.174435771981066079e-01 8.446297524089573239e-01 8.489607017426424873e-01 3.181503976979834225e-01 5.052561831871600351e-01 7.716192804661267113e-01 8.047655893420371243e-01 7.263323733093971502e-01 3.929323026697002508e-01 5.515319655838714086e-01 4.705282865048249774e-01 9.206129444610497981e-01 7.530760759889612022e-01 5.252955832000099079e-01 4.437104455685033089e-01 6.211133864550848482e-01 6.039286768009233253e-01 3.622186009063930734e-01 5.860788349945675879e-01 9.132671764484692201e-01 4.567929803649111720e-01 5.307338483249908201e-01 4.221170630139815527e-01 4.485123680703095861e-01 8.017419474758389342e-01 5.270319208380798148e-01 5.041447541013877043e-01 2.839446337702347112e-01 0.000000000000000000e+00 7.595615402184703324e-01 4.637711242189918592e-01 8.402005917278130287e-01 3.993666570130018911e-01 6.886151258875103931e-01
4.720258776895570052e-01 4.442535106710298054e-01 2.919478560129837863e-01 1.397460694557330907e-01 4.399396139573403253e-01 5.978377804386127981e-01 3.237242525870270837e-01 6.834470450401115560e-01 9.390564429909146194e-01 5.954850258562055521e-01 3.761801439925559487e-01 5.731358095039287281e-01 8.501123308518894195e-01 1.072742826079561285e-01 6.401651058492846547e-01 6.498582949036704193e-01 8.856726554899361226e-01 6.880662355914832773e-01 1.548012846194359859e-01 3.792299808467913258e-01 2.360712121830402799e-01 8.076618569432507666e-01 8.377822386813547073e-01 7.480471470630825070e-01 3.382857179129878378e-01 5.281990881922848935e-01 4.795663551778619471e-01 4.101973404299776305e-01 2.587134842835217552e-01 7.595615402184703324e-01 0.000000000000000000e+00 4.588516008294560855e-01 6.944377182813696869e-01 4.732686072946371558e-01 8.720773726011405991e-01
6.140392196871951036e-01 2.223460013462639773e-01 1.206590993921229371e-01 3.274525512890759660e-01 8.326323069774136387e-01 5.618833848125726060e-01 4.156702736745132021e-01 8.180974220418645304e-01 4.603695435527491719e-01 3.060099022687575721e-01 5.089184883042758845e-01 4.831953075256298358e-01 6.893715036341141467e-01 4.533532666842100545e-01 1.136815680569942533e-01 2.945870515373586462e-01 6.791091061252130245e-01 3.116662099796729812e-01 8.566539723499736469e-01 9.410702225320155545e-01 5.954350868268467600e-01 5.278523554029479481e-01 6.685214664838561305e-01 2.676822905926195539e-01 3.500067273265349832e-01 5.485257729334395149e-01 4.714462549972396888e-01 6.147599651717068348e-01 4.458444059725593656e-01 4.637711242189918592e-01 4.588516008294560855e-01 0.000000000000000000e+00 5.284758565160601052e-01 5.979279556377450344e-01 8.108835199703984253e-01
3.699272409795166250e-01 7.767417416834135890e-01 8.003234332059854239e-01 7.104323210089719121e-01 7.995287215422337557e-01 6.449058099534299426e-01 5.333691160514473228e-01 9.144162018941328629e-01 7.360527032104450251e-01 3.035251305724115944e-01 3.053627835824589409e-01 6.903084531208394381e-01 7.605433399549843543e-02 6.976074882125020693e-01 7.232108844316327279e-01 6.165378809311358177e-01 7.379324618125209234e-01 3.474933106082717105e-01 3.202469240409006046e-01 3.961596916281135972e-01 8.387781705205124005e-01 6.670286145746084916e-01 5.183673216446103016e-01 8.420380233222222177e-01 3.491226556821491744e-01 4.914208098546555825e-01 6.160096264355277018e-01 2.056184795962180956e-01 6.845673586774547736e-01 8.402005917278130287e-01 6.944377182813696869e-01 5.284758565160601052e-01 0.000000000000000000e+00 6.955019090804035464e-01 2.926226483908844767e-01
2.747081268776340179e-01 5.650759075411271315e-01 5.585859944797630927e-01 7.452539016265016247e-01 9.163750912253914027e-01 7.261497013757993724e-01 7.540338540208573193e-01 6.612090621019017789e-01 8.214911955055025361e-01 8.846078746150057848e-01 4.560531037300022961e-01 5.440369391042545466e-01 8.384230374174030942e-01 1.917670565406444094e-01 6.813328888849752296e-01 8.546042536961870884e-01 4.110339136681114836e-01 6.656501281123796687e-01 7.795792134599273115e-01 1.008725401357958296e-01 7.630367026240885142e-01 4.702710012551220009e-01 5.821137627695956995e-01 6.678600616393843836e-01 5.414496857973241095e-01 4.412745477625563684e-01 7.509011200927038221e-01 7.349163260562265876e-01 6.317575403705679715e-01 3.993666570130018911e-01 4.732686072946371558e-01 5.979279556377450344e-01 6.955019090804035464e-01 0.000000000000000000e+00 5.074598101317391308e-01
7.860930806453996222e-01 8.355476608041512154e-01 6.930612782397247429e-01 5.010276390537796720e-01 4.534015176839227279e-01 5.133355070951661769e-01 8.186091974739351240e-01 4.941148530325920607e-01 4.655304243371474748e-01 1.477117396167237917e-01 8.255139306637694352e-01 4.011062756527881135e-01 4.505464590725916096e-01 5.927270824363446433e-01 2.012035856896681185e-01 4.501520661967793879e-01 3.217968176761654142e-01 6.954350854869724152e-01 1.458775954841598499e-01 7.667459247489227803e-01 6.730555297075850874e-01 4.986264542543721312e-01 6.284010318033763642e-01 8.509025381991635051e-01 6.330721151336055064e-01 5.334218133389835304e-01 5.035849190864606362e-01 9.662114944588344745e-01 7.878449672729017639e-01 6.886151258875103931e-01 8.720773726011405991e-01 8.108835199703984253e-01 2.926226483908844767e-01 5.074598101317391308e-01 0.000000000000000000e+00
