0.000000000000000000e+00 5.353930355105596117e-01 1.640973854456513337e-01 7.409930444224439583e-01 5.612021828185171923e-01 5.943510039548831614e-01 4.484978060010224588e-01 4.433462944075247658e-01 7.186009338110487255e-01 4.582229597186744940e-01 2.786989090723217544e-01 5.921576164695212530e-01 6.937529807652462743e-01 5.240244657431588626e-01 3.827287324076454889e-01 5.601142352758149423e-01 5.525280346856206171e-01 5.950196667170547515e-01 5.956686193658022876e-01 1.185310367803195097e-01 5.142142318137283841e-01 7.838953566617791191e-01 8.445682994762371276e-01 3.390300242159219879e-01 5.409757098758366523e-01 6.875681012150455240e-01 6.150403396977310866e-01 4.076265261187608235e-01 6.936142352733635219e-01 4.413406406095404799e-01 5.982869491726663380e-01 6.052378854472192371e-01 5.125072033734678900e-01 4.579617733776010780e-01 5.291265502420985367e-01
5.353930355105596117e-01 0.000000000000000000e+00 2.577669395033520550e-01 6.904451992900022539e-01 3.932319531574112736e-01 9.364554732985161944e-01 7.386650715131064526e-01 3.565526845101448794e-01 8.322838213525374229e-01 5.138377942700842471e-01 5.908671890317775954e-01 4.722973547500833313e-01 6.002611464205775960e-02 7.983655328169185772e-01 2.194978700720651155e-01 7.430281134555025702e-01 4.980756978025671633e-01 4.662953323123649740e-01 8.769712605929422811e-01 3.012648073498328527e-01 4.902476929322235333e-01 4.557993200866147232e-01 4.599623456252087683e-01 8.050336603957134463e-01 4.201187871230060988e-01 1.584519262202779277e-01 1.025079002927747895e-01 5.457208457885021069e-01 5.368914919838729816e-02 8.904239909596726177e-01 8.426630151346689024e-01 2.508607884918759856e-01 8.375571438928540724e-01 3.477433997230977569e-01 6.593828462101156695e-01
1.640973854456513337e-01 2.577669395033520550e-01 0.000000000000000000e+00 9.241904046453436328e-01 6.969448189109459513e-01 1.398433253668910359e-01 2.380342541406869072e-01 8.431946314453930835e-01 8.908534972565081977e-01 8.032943652896049613e-01 6.994290824577245047e-01 7.460690067623634292e-01 3.615637344380577822e-01 7.099954016050816774e-01 6.481469618779983621e-01 7.910004912099060093e-01 3.794267060360468902e-01 5.657836586437425819e-02 4.961331403748705515e-01 7.638103567736413968e-01 3.410632613114417122e-01 4.692689081167055187e-01 4.783946605882808401e-01 3.201587164603825753e-01 9.789933833220643145e-02 7.076337392731386622e-01 8.271865699605871480e-01 3.515537468933886411e-01 4.334106465583224543e-01 8.239012213555985120e-01 1.114428671390410575e-01 5.863037887006635751e-01 3.571597218761152215e-01 3.127474414776250100e-01 7.837479644094500486e-01
7.409930444224439583e-01 6.904451992900022539e-01 9.241904046453436328e-01 0.000000000000000000e+00 5.505684528365619723e-01 7.362501593380603726e-01 5.457932520862438519e-01 5.926591649557126917e-01 5.925471408303346621e-01 3.339760403779464260e-01 7.779645808454571654e-01 7.680433096448745500e-01 3.618697990101069073e-01 3.503432670196698906e-01 7.000713077102798110e-01 4.890029958757637352e-01 1.324268955118400592e-01 5.334435750830961442e-01 4.154148822400439700e-01 7.015812332020503472e-01 9.087633813445585851e-01 8.074241824263601597e-01 4.217269622624674752e-01 5.240901100071218011e-01 8.385057536213507134e-01 2.306032860468711920e-01 1.422560569118005436e-01 7.711005650937285960e-01 4.603626929934664380e-01 3.570113152612298113e-01 7.677301201347548343e-01 6.722365499302064284e-01 7.489138260223497934e-01 6.375846327327995278e-01 1.970065698942126131e-01
5.612021828185171923e-01 3.932319531574112736e-01 6.969448189109459513e-01 5.505684528365619723e-01 0.000000000000000000e+00 5.001803692850712579e-01 6.539744490508445640e-01 8.431286822334599362e-01 4.852862659465314588e-01 7.958760482146947091e-01 3.070982303680701020e-01 5.204742217624315215e-01 5.394874345537266080e-01 3.532377998946078512e-01 4.935721952765725895e-01 4.291690651828158343e-01 2.087944649370979677e-01 3.208581531384719909e-01 7.369415868936903813e-01 4.708310201721109256e-01 5.983287263455885352e-01 1.270005174355800515e-01 7.059505521832827313e-01 7.939896720399050034e-01 6.576830323567636194e-01 2.752955838653556864e-01 4.703159721180023012e-01 6.989240554781681602e-01 7.828459309146988954e-01 5.231738726526409256e-01 2.843950255175365371e-01 2.982007805599925510e-01 5.050196843376340006e-01 5.068608661806215387e-01 4.028787349987065225e-01
5.943510039548831614e-01 9.364554732985161944e-01 1.398433253668910359e-01 7.362501593380603726e-01 5.001803692850712579e-01 0.000000000000000000e+00 5.699163339837320930e-01 8.638507229811056565e-01 6.276844276807745926e-01 8.415757001412629279e-01 2.868847553260066019e-01 5.511768363415044947e-01 5.032354855884484390e-01 5.972750076448315459e-01 6.995305850314708085e-01 5.353827568046600760e-01 5.232431710115408308e-01 6.799559462840104596e-01 9.070779032705191813e-01 3.280185026511229784e-01 1.305643380848898749e-01 4.224867481651582990e-01 4.689603747408100931e-01 3.956695557384262707e-01 7.455114981039997479e-01 4.672044117363318705e-01 2.735842000921292483e-01 5.957441897474747838e-01 6.029680826135863647e-01 4.584683978289658124e-01 3.402919621034324882e-01 6.267575743748663442e-01 3.166833519773315508e-01 3.098375604626845692e-01 4.327517837694911940e-01
4.484978060010224588e-01 7.386650715131064526e-01 2.380342541406869072e-01 5.457932520862438519e-01 6.539744490508445640e-01 5.699163339837320930e-01 0.000000000000000000e+00 5.134516255631342840e-01 4.412060338956521055e-01 4.971303694617977831e-01 7.630879694258346779e-01 4.280227159332895548e-01 7.495605379640383203e-01 2.683681177690495634e-01 3.592662443188350263e-01 6.758833141767666142e-01 5.003902929022108204e-01 5.556789118850847808e-01 4.048278771587925373e-01 5.996634277461651008e-01 6.751509437166007821e-01 7.125727741372005486e-01 4.223194226349095692e-01 9.049405670933488022e-01 6.302783112781371599e-01 8.749213886585567312e-01 6.795402391240255024e-01 6.881291414460035671e-01 7.437983810530520712e-01 7.567771715675890576e-01 6.818489811353324326e-01 9.879330478046922659e-01 3.582388959783707194e-01 5.589288696979316517e-01 2.243582009186592674e-01
4.433462944075247658e-01 3.565526845101448794e-01 8.431946314453930835e-01 5.926591649557126917e-01 8.431286822334599362e-01 8.638507229811056565e-01 5.134516255631342840e-01 0.000000000000000000e+00 3.755086062465484154e-01 3.263635881093344127e-01 7.120986704258270850e-01 6.031424842193469082e-01 8.987602085634918136e-01 5.797233397199705873e-01 3.398476611167955963e-01 1.239637630857272077e-01 2.796744776167735536e-01 8.354694141600481627e-01 6.377324362901002353e-01 7.317263448971829121e-01 2.796890071116087673e-01 2.029192175579863644e-01 6.751168376578233765e-01 4.501150337544938540e-01 7.556247027345150968e-01 5.966701228949246039e-01 5.817836893156126399e-01 8.726182789755987379e-01 1.143555517648023878e-01 2.098110885118473767e-01 5.244473707982654220e-01 6.791932072775236362e-01 1.347155357592152991e-01 7.425853286185374325e-01 5.926473974013846124e-01
7.186009338110487255e-01 8.322838213525374229e-01 8.908534972565081977e-01 5.925471408303346621e-01 4.852862659465314588e-01 6.276844276807745926e-01 4.412060338956521055e-01 3.755086062465484154e-01 0.000000000000000000e+00 7.469936138274906323e-01 3.182489804165179459e-01 3.502806214437739207e-01 8.534309195644971258e-01 5.549091437081339340e-01 6.619385482521402686e-01 8.045240955300959618e-01 6.814064134950186258e-01 1.280324652320808942e-01 4.754800770878644389e-01 5.945571762858359310e-02 5.125256046124618825e-01 4.635354737253606361e-01 5.970835080147492979e-01 4.252893870665318543e-01 7.035592095834279913e-01 1.253832458986243736e-01 5.718487586766068942e-01 2.455712740199071931e-01 7.389753726075909412e-01 2.205021695429780770e-01 6.706380744290294516e-01 5.131013795401864197e-01 2.044618497254746536e-01 1.021216964939780647e-01 2.031266790286109236e-01
4.582229597186744940e-01 5.138377942700842471e-01 8.032943652896049613e-01 3.339760403779464260e-01 7.958760482146947091e-01 8.415757001412629279e-01 4.971303694617977831e-01 3.263635881093344127e-01 7.469936138274906323e-01 0.000000000000000000e+00 5.181254340003400571e-01 4.679946271196814833e-01 2.604204717587967899e-01 7.281791337878502635e-01 3.194735031249466561e-01 7.225966091837600080e-01 6.042307537361517600e-01 4.417593688210078029e-01 3.641354042371104383e-01 5.793059714410471184e-01 4.753981832964584431e-01 6.929901340250590458e-01 5.351970313495726383e-01 6.692511130415239595e-01 6.911567814310846103e-01 2.799648840986880272e-01 1.655212447139309262e-01 5.204001772202144771e-01 6.402494348851794914e-01 6.794672111567644501e-01 2.684285202039845553e-01 8.938787701817260123e-01 1.842682777315239884e-01 4.041015539752174091e-01 7.017849238501752129e-01
2.786989090723217544e-01 5.908671890317775954e-01 6.994290824577245047e-01 7.779645808454571654e-01 3.070982303680701020e-01 2.868847553260066019e-01 7.630879694258346779e-01 7.120986704258270850e-01 3.182489804165179459e-01 5.181254340003400571e-01 0.000000000000000000e+00 4.682112969387967616e-01 1.130591195684592654e-01 5.632231581342871385e-01 2.127570095356515756e-01 4.196957085700105949e-01 4.881249737806335753e-01 2.559901563334386343e-01 6.776511004974393737e-01 4.929369501043607271e-01 5.290857600859374399e-01 7.595937846266633819e-01 3.812170910103704347e-01 8.348281621680435638e-01 8.552906821756445233e-01 6.009073530942748986e-01 4.465223485477021192e-01 4.100630119731079049e-01 8.330583357722761706e-01 5.548373102313468586e-01 2.970925151630654515e-01 5.220643427982214479e-01 1.226693858130951664e-01 6.019902366776294089e-01 1.845231955593189532e-01
5.921576164695212530e-01 4.722973547500833313e-01 7.460690067623634292e-01 7.680433096448745500e-01 5.204742217624315215e-01 5.511768363415044947e-01 4.280227159332895548e-01 6.031424842193469082e-01 3.502806214437739207e-01 4.679946271196814833e-01 4.682112969387967616e-01 0.000000000000000000e+00 2.213554290461371421e-01 9.478335024472768211e-01 8.004195647305933914e-01 5.133280695345854294e-01 8.678832549277277764e-01 2.713570328006014165e-01 5.942866274989523356e-01 2.396182710479591305e-01 6.541531747155856502e-01 5.809762882509190707e-01 5.203192526921955885e-01 7.777349867260678895e-01 2.362479025491840412e-01 6.920270252034205205e-01 4.490840418745524198e-01 6.733318324480219719e-01 1.550872164959383737e-01 1.525624653189399105e-01 6.662509734002965978e-01 4.060273703915477927e-01 8.687625783809951319e-01 3.718342718602429819e-01 5.338445964534579424e-01
6.937529807652462743e-01 6.002611464205775960e-02 3.615637344380577822e-01 3.618697990101069073e-01 5.394874345537266080e-01 5.032354855884484390e-01 7.495605379640383203e-01 8.987602085634918136e-01 8.534309195644971258e-01 2.604204717587967899e-01 1.130591195684592654e-01 2.213554290461371421e-01 0.000000000000000000e+00 3.408408982509564811e-01 1.149031931783670579e-01 5.178433477004689145e-01 4.585312461910676651e-01 9.024860125631211094e-01 2.190976723129511305e-01 7.866071592859467110e-01 4.161578691811732567e-01 5.211893208437152758e-01 5.773831702338525496e-01 8.575127758163116898e-01 6.623607241327861272e-01 3.454093521670831834e-01 8.354083671712708714e-01 4.800052113479656435e-01 6.571989420747377242e-01 3.442928943511470719e-01 4.234371966715604341e-01 7.240405252843969963e-01 6.457304657526894420e-01 7.764253944547937492e-01 5.739019555514357496e-02
5.240244657431588626e-01 7.983655328169185772e-01 7.099954016050816774e-01 3.503432670196698906e-01 3.532377998946078512e-01 5.972750076448315459e-01 2.683681177690495634e-01 5.797233397199705873e-01 5.549091437081339340e-01 7.281791337878502635e-01 5.632231581342871385e-01 9.478335024472768211e-01 3.408408982509564811e-01 0.000000000000000000e+00 8.118690577055480695e-01 7.824471009900348939e-01 8.501200766211749471e-01 7.764891810181602239e-01 5.309991142903875971e-01 8.307016293826932074e-01 4.028211256652330929e-01 4.889401487674802649e-01 7.032166710823969380e-01 8.305887386376288317e-01 5.807275507064162401e-01 3.445120630574142750e-01 2.953377776664359300e-01 5.757920382256986880e-01 3.971350839831853663e-01 2.407742388862965655e-01 2.569866245513106051e-01 3.685054420023034516e-01 5.947026550706009385e-01 6.527211683184763746e-01 5.901105129167542040e-01
3.827287324076454889e-01 2.194978700720651155e-01 6.481469618779983621e-01 7.000713077102798110e-01 4.935721952765725895e-01 6.995305850314708085e-01 3.592662443188350263e-01 3.398476611167955963e-01 6.619385482521402686e-01 3.194735031249466561e-01 2.127570095356515756e-01 8.004195647305933914e-01 1.149031931783670579e-01 8.118690577055480695e-01 0.000000000000000000e+00 6.081032924714053767e-01 5.368649467818465970e-01 4.256494318135162769e-01 7.777458674365365088e-01 3.679379202214337896e-01 5.231429585247631131e-01 5.257107065998924966e-01 7.500018909327745842e-01 4.919925565679285073e-01 5.383565204422446904e-01 6.729985946664162055e-01 3.440839205405324952e-01 9.309221322180161184e-01 8.241677426030269427e-01 4.476495095885266728e-01 4.132397872734963618e-01 6.750962959691295673e-01 6.266654882781365066e-01 5.213833478005839295e-01 8.657248563534742924e-01
5.601142352758149423e-01 7.430281134555025702e-01 7.910004912099060093e-01 4.890029958757637352e-01 4.291690651828158343e-01 5.353827568046600760e-01 6.758833141767666142e-01 1.239637630857272077e-01 8.045240955300959618e-01 7.225966091837600080e-01 4.196957085700105949e-01 5.133280695345854294e-01 5.178433477004689145e-01 7.824471009900348939e-01 6.081032924714053767e-01 0.000000000000000000e+00 7.298833615066573355e-01 4.111693110198224033e-01 4.333275040343729789e-01 7.496909074557767116e-01 5.952139646995951994e-01 8.869170252662756937e-01 5.930724145487623611e-01 4.028070231555365144e-01 4.208714520823516603e-01 6.286926193458082235e-01 9.007738712515622748e-01 7.228296307346504523e-01 1.302853340999859943e-01 3.569578022636806791e-01 8.043135760217967611e-01 7.236508461545840820e-01 4.326470680833730542e-01 7.070425438938927609e-01 7.837101090433791217e-01
5.525280346856206171e-01 4.980756978025671633e-01 3.794267060360468902e-01 1.324268955118400592e-01 2.087944649370979677e-01 5.232431710115408308e-01 5.003902929022108204e-01 2.796744776167735536e-01 6.814064134950186258e-01 6.042307537361517600e-01 4.881249737806335753e-01 8.678832549277277764e-01 4.585312461910676651e-01 8.501200766211749471e-01 5.368649467818465970e-01 7.298833615066573355e-01 0.000000000000000000e+00 5.656874118760273351e-01 8.217051777598307627e-01 7.744864090663157175e-01 1.623857323474486858e-01 4.095418281517575476e-01 4.257395065370465082e-01 5.699300444670702959e-01 7.139705675016572162e-01 4.243794306295542440e-01 3.892423682184176226e-01 7.622548812760474579e-01 7.368842872212556516e-01 5.878850863160118845e-01 7.200164072270445192e-01 9.049121492478743312e-01 6.330048771022784848e-01 4.818558510261361505e-01 6.005362166395324941e-01
5.950196667170547515e-01 4.662953323123649740e-01 5.657836586437425819e-02 5.334435750830961442e-01 3.208581531384719909e-01 6.799559462840104596e-01 5.556789118850847808e-01 8.354694141600481627e-01 1.280324652320808942e-01 4.417593688210078029e-01 2.559901563334386343e-01 2.713570328006014165e-01 9.024860125631211094e-01 7.764891810181602239e-01 4.256494318135162769e-01 4.111693110198224033e-01 5.656874118760273351e-01 0.000000000000000000e+00 1.139792561320948083e-01 2.143289775644665607e-01 3.287779311382788006e-01 7.544516115789943189e-01 6.691557288537919312e-01 8.723588056090952891e-01 7.996924934013167618e-01 7.673793589150617045e-01 4.555872762256685249e-01 5.380062341301166118e-01 6.606292768969330709e-01 3.653177143731177190e-01 3.117498795747764007e-01 7.629609144079361194e-01 7.731451357152726578e-01 8.615145490696625163e-01 7.456218847191803389e-01
5.956686193658022876e-01 8.769712605929422811e-01 4.961331403748705515e-01 4.154148822400439700e-01 7.369415868936903813e-01 9.070779032705191813e-01 4.048278771587925373e-01 6.377324362901002353e-01 4.754800770878644389e-01 3.641354042371104383e-01 6.776511004974393737e-01 5.942866274989523356e-01 2.190976723129511305e-01 5.309991142903875971e-01 7.777458674365365088e-01 4.333275040343729789e-01 8.217051777598307627e-01 1.139792561320948083e-01 0.000000000000000000e+00 4.936483657673399472e-01 4.324475851641410573e-01 7.670132154037189176e-01 5.022185973791604141e-02 5.137044519786609920e-01 8.523550909013748456e-01 7.538808877790765806e-01 1.361630158777847877e-01 5.823353660428127743e-01 5.168147212927669543e-01 1.745769300830725124e-01 7.597592359166454035e-01 5.401031089631403992e-01 3.974727453934948085e-01 3.751430190970578282e-01 4.816433547590254216e-01
1.185310367803195097e-01 3.012648073498328527e-01 7.638103567736413968e-01 7.015812332020503472e-01 4.708310201721109256e-01 3.280185026511229784e-01 5.996634277461651008e-01 7.317263448971829121e-01 5.945571762858359310e-02 5.793059714410471184e-01 4.929369501043607271e-01 2.396182710479591305e-01 7.866071592859467110e-01 8.307016293826932074e-01 3.679379202214337896e-01 7.496909074557767116e-01 7.744864090663157175e-01 2.143289775644665607e-01 4.936483657673399472e-01 0.000000000000000000e+00 7.372817049294901892e-01 2.785631581608705165e-02 4.292801945369668082e-01 5.306636170557460508e-01 3.462508045808434520e-01 4.734133774913542037e-01 6.894996133352767620e-01 5.671933682789198627e-01 7.774523538309290327e-01 4.077496316199166193e-01 7.179688901713412452e-01 7.008746070868860922e-01 6.109407073946294675e-01 4.130400322248252709e-01 3.222646657857671793e-01
5.142142318137283841e-01 4.902476929322235333e-01 3.410632613114417122e-01 9.087633813445585851e-01 5.983287263455885352e-01 1.305643380848898749e-01 6.751509437166007821e-01 2.796890071116087673e-01 5.125256046124618825e-01 4.753981832964584431e-01 5.290857600859374399e-01 6.541531747155856502e-01 4.161578691811732567e-01 4.028211256652330929e-01 5.231429585247631131e-01 5.952139646995951994e-01 1.623857323474486858e-01 3.287779311382788006e-01 4.324475851641410573e-01 7.372817049294901892e-01 0.000000000000000000e+00 1.015108219545911572e-01 7.629419357419959802e-01 7.945210986048545365e-01 4.291446621461074140e-01 2.792790317373978759e-01 7.307427047167796008e-01 7.841333799368872537e-01 1.946423207831390334e-01 6.291177604498010556e-01 5.784447173307498691e-01 8.612319974415958423e-01 7.727570622027611913e-01 6.035201383663713059e-01 3.619496282842857848e-01
7.838953566617791191e-01 4.557993200866147232e-01 4.692689081167055187e-01 8.074241824263601597e-01 1.270005174355800515e-01 4.224867481651582990e-01 7.125727741372005486e-01 2.029192175579863644e-01 4.635354737253606361e-01 6.929901340250590458e-01 7.595937846266633819e-01 5.809762882509190707e-01 5.211893208437152758e-01 4.889401487674802649e-01 5.257107065998924966e-01 8.869170252662756937e-01 4.095418281517575476e-01 7.544516115789943189e-01 7.670132154037189176e-01 2.785631581608705165e-02 1.015108219545911572e-01 0.000000000000000000e+00 4.029794132578683463e-01 9.109640096535396303e-01 6.807726809587351102e-01 6.509428975251996263e-01 4.527553200700085156e-02 6.265064579940634593e-01 9.081435799673243103e-02 5.049471916002234995e-01 5.723651945447503220e-01 3.416607119694092809e-01 7.519983008469569574e-01 3.440687004416054795e-01 4.789485006998797645e-01
8.445682994762371276e-01 4.599623456252087683e-01 4.783946605882808401e-01 4.217269622624674752e-01 7.059505521832827313e-01 4.689603747408100931e-01 4.223194226349095692e-01 6.751168376578233765e-01 5.970835080147492979e-01 5.351970313495726383e-01 3.812170910103704347e-01 5.203192526921955885e-01 5.773831702338525496e-01 7.032166710823969380e-01 7.500018909327745842e-01 5.930724145487623611e-01 4.257395065370465082e-01 6.691557288537919312e-01 5.022185973791604141e-02 4.292801945369668082e-01 7.629419357419959802e-01 4.029794132578683463e-01 0.000000000000000000e+00 1.549753852381277053e-01 3.548489494803384048e-01 3.964672488246229198e-01 5.543109172709413945e-01 4.244497130495350490e-01 3.569137301288114461e-01 5.300845173114474562e-01 4.813792287527235425e-01 4.241038619593111014e-01 1.267011520121397172e-01 5.429651088582319041e-01 4.248904512073919393e-01
3.390300242159219879e-01 8.050336603957134463e-01 3.201587164603825753e-01 5.240901100071218011e-01 7.939896720399050034e-01 3.956695557384262707e-01 9.049405670933488022e-01 4.501150337544938540e-01 4.252893870665318543e-01 6.692511130415239595e-01 8.348281621680435638e-01 7.777349867260678895e-01 8.575127758163116898e-01 8.305887386376288317e-01 4.919925565679285073e-01 4.028070231555365144e-01 5.699300444670702959e-01 8.723588056090952891e-01 5.137044519786609920e-01 5.306636170557460508e-01 7.945210986048545365e-01 9.109640096535396303e-01 1.549753852381277053e-01 0.000000000000000000e+00 3.499429325540843738e-01 5.332871145586870476e-01 8.854840631461209366e-01 5.301206498628580066e-01 8.010625350729264627e-01 6.230237233911457562e-01 9.360960259411166273e-02 1.033550669727427707e-01 8.783800383209914298e-01 3.089761228478346000e-01 2.394612439244762636e-01
5.409757098758366523e-01 4.201187871230060988e-01 9.789933833220643145e-02 8.385057536213507134e-01 6.576830323567636194e-01 7.455114981039997479e-01 6.302783112781371599e-01 7.556247027345150968e-01 7.035592095834279913e-01 6.911567814310846103e-01 8.552906821756445233e-01 2.362479025491840412e-01 6.623607241327861272e-01 5.807275507064162401e-01 5.383565204422446904e-01 4.208714520823516603e-01 7.139705675016572162e-01 7.996924934013167618e-01 8.523550909013748456e-01 3.462508045808434520e-01 4.291446621461074140e-01 6.807726809587351102e-01 3.548489494803384048e-01 3.499429325540843738e-01 0.000000000000000000e+00 7.397743316535796421e-01 8.986494049974287357e-01 7.597893724396790338e-01 4.470466260957247639e-01 9.091396358597543248e-01 7.752568750291954913e-01 9.001635375396976890e-01 8.294428408429364019e-01 6.974312653178675880e-01 8.178804665841944432e-01
6.875681012150455240e-01 1.584519262202779277e-01 7.076337392731386622e-01 2.306032860468711920e-01 2.752955838653556864e-01 4.672044117363318705e-01 8.749213886585567312e-01 5.966701228949246039e-01 1.253832458986243736e-01 2.799648840986880272e-01 6.009073530942748986e-01 6.920270252034205205e-01 3.454093521670831834e-01 3.445120630574142750e-01 6.729985946664162055e-01 6.286926193458082235e-01 4.243794306295542440e-01 7.673793589150617045e-01 7.538808877790765806e-01 4.734133774913542037e-01 2.792790317373978759e-01 6.509428975251996263e-01 3.964672488246229198e-01 5.332871145586870476e-01 7.397743316535796421e-01 0.000000000000000000e+00 5.401714963680813719e-01 4.332171710139148813e-01 2.062125561936072327e-01 6.293383982107030317e-01 4.202191882025131386e-01 5.956707404902347180e-01 7.178641974859304442e-01 4.662728703784578821e-01 4.915869114066663270e-01
6.150403396977310866e-01 1.025079002927747895e-01 8.271865699605871480e-01 1.422560569118005436e-01 4.703159721180023012e-01 2.735842000921292483e-01 6.795402391240255024e-01 5.817836893156126399e-01 5.718487586766068942e-01 1.655212447139309262e-01 4.465223485477021192e-01 4.490840418745524198e-01 8.354083671712708714e-01 2.953377776664359300e-01 3.440839205405324952e-01 9.007738712515622748e-01 3.892423682184176226e-01 4.555872762256685249e-01 1.361630158777847877e-01 6.894996133352767620e-01 7.307427047167796008e-01 4.527553200700085156e-02 5.543109172709413945e-01 8.854840631461209366e-01 8.986494049974287357e-01 5.401714963680813719e-01 0.000000000000000000e+00 6.504599017723852183e-01 1.552564605947143739e-01 5.868612591018025348e-01 5.454957805921634151e-01 6.665638234162238884e-01 7.651949739456642696e-02 2.660370237899986057e-01 8.382803893548169683e-01
4.076265261187608235e-01 5.457208457885021069e-01 3.515537468933886411e-01 7.711005650937285960e-01 6.989240554781681602e-01 5.957441897474747838e-01 6.881291414460035671e-01 8.726182789755987379e-01 2.455712740199071931e-01 5.204001772202144771e-01 4.100630119731079049e-01 6.733318324480219719e-01 4.800052113479656435e-01 5.757920382256986880e-01 9.309221322180161184e-01 7.228296307346504523e-01 7.622548812760474579e-01 5.380062341301166118e-01 5.823353660428127743e-01 5.671933682789198627e-01 7.841333799368872537e-01 6.265064579940634593e-01 4.244497130495350490e-01 5.301206498628580066e-01 7.597893724396790338e-01 4.332171710139148813e-01 6.504599017723852183e-01 0.000000000000000000e+00 3.531945786275964005e-01 8.243577662974599374e-01 5.666307012033428014e-01 4.417068791273512929e-01 3.744452551296573173e-01 3.882547770246804753e-01 6.214926544791266050e-01
6.936142352733635219e-01 5.368914919838729816e-02 4.334106465583224543e-01 4.603626929934664380e-01 7.828459309146988954e-01 6.029680826135863647e-01 7.437983810530520712e-01 1.143555517648023878e-01 7.389753726075909412e-01 6.402494348851794914e-01 8.330583357722761706e-01 1.550872164959383737e-01 6.571989420747377242e-01 3.971350839831853663e-01 8.241677426030269427e-01 1.302853340999859943e-01 7.368842872212556516e-01 6.606292768969330709e-01 5.168147212927669543e-01 7.774523538309290327e-01 1.946423207831390334e-01 9.081435799673243103e-02 3.569137301288114461e-01 8.010625350729264627e-01 4.470466260957247639e-01 2.062125561936072327e-01 1.552564605947143739e-01 3.531945786275964005e-01 0.000000000000000000e+00 4.126749903877048320e-01 4.464516406443442831e-01 5.038637798520153588e-01 8.433218930412145209e-01 7.649524471799524772e-01 4.773930054009449808e-01
4.413406406095404799e-01 8.904239909596726177e-01 8.239012213555985120e-01 3.570113152612298113e-01 5.231738726526409256e-01 4.584683978289658124e-01 7.567771715675890576e-01 2.098110885118473767e-01 2.205021695429780770e-01 6.794672111567644501e-01 5.548373102313468586e-01 1.525624653189399105e-01 3.442928943511470719e-01 2.407742388862965655e-01 4.476495095885266728e-01 3.569578022636806791e-01 5.878850863160118845e-01 3.653177143731177190e-01 1.745769300830725124e-01 4.077496316199166193e-01 6.291177604498010556e-01 5.049471916002234995e-01 5.300845173114474562e-01 6.230237233911457562e-01 9.091396358597543248e-01 6.293383982107030317e-01 5.868612591018025348e-01 8.243577662974599374e-01 4.126749903877048320e-01 0.000000000000000000e+00 3.639451278684312507e-01 7.534245289669829759e-01 4.366486497227206054e-01 6.477181087794854353e-01 4.360814598422096400e-01
5.982869491726663380e-01 8.426630151346689024e-01 1.114428671390410575e-01 7.677301201347548343e-01 2.843950255175365371e-01 3.402919621034324882e-01 6.818489811353324326e-01 5.244473707982654220e-01 6.706380744290294516e-01 2.684285202039845553e-01 2.970925151630654515e-01 6.662509734002965978e-01 4.234371966715604341e-01 2.569866245513106051e-01 4.132397872734963618e-01 8.043135760217967611e-01 7.200164072270445192e-01 3.117498795747764007e-01 7.597592359166454035e-01 7.179688901713412452e-01 5.784447173307498691e-01 5.723651945447503220e-01 4.813792287527235425e-01 9.360960259411166273e-02 7.752568750291954913e-01 4.202191882025131386e-01 5.454957805921634151e-01 5.666307012033428014e-01 4.464516406443442831e-01 3.639451278684312507e-01 0.000000000000000000e+00 4.221187189994868305e-01 2.663384827258735710e-01 6.655366608837254283e-02 2.317931934372114422e-01
6.052378854472192371e-01 2.508607884918759856e-01 5.863037887006635751e-01 6.722365499302064284e-01 2.982007805599925510e-01 6.267575743748663442e-01 9.879330478046922659e-01 6.791932072775236362e-01 5.131013795401864197e-01 8.938787701817260123e-01 5.220643427982214479e-01 4.060273703915477927e-01 7.240405252843969963e-01 3.685054420023034516e-01 6.750962959691295673e-01 7.236508461545840820e-01 9.049121492478743312e-01 7.629609144079361194e-01 5.401031089631403992e-01 7.008746070868860922e-01 8.612319974415958423e-01 3.416607119694092809e-01 4.241038619593111014e-01 1.033550669727427707e-01 9.001635375396976890e-01 5.956707404902347180e-01 6.665638234162238884e-01 4.417068791273512929e-01 5.038637798520153588e-01 7.534245289669829759e-01 4.221187189994868305e-01 0.000000000000000000e+00 2.946768080400755663e-01 6.002409624240838681e-01 7.491812983659891234e-01
5.125072033734678900e-01 8.375571438928540724e-01 3.571597218761152215e-01 7.489138260223497934e-01 5.050196843376340006e-01 3.166833519773315508e-01 3.582388959783707194e-01 1.347155357592152991e-01 2.044618497254746536e-01 1.842682777315239884e-01 1.226693858130951664e-01 8.687625783809951319e-01 6.457304657526894420e-01 5.947026550706009385e-01 6.266654882781365066e-01 4.326470680833730542e-01 6.330048771022784848e-01 7.731451357152726578e-01 3.974727453934948085e-01 6.109407073946294675e-01 7.727570622027611913e-01 7.519983008469569574e-01 1.267011520121397172e-01 8.783800383209914298e-01 8.294428408429364019e-01 7.178641974859304442e-01 7.651949739456642696e-02 3.744452551296573173e-01 8.433218930412145209e-01 4.366486497227206054e-01 2.663384827258735710e-01 2.946768080400755663e-01 0.000000000000000000e+00 6.829916223435519296e-01 8.554714043797713163e-01
4.579617733776010780e-01 3.477433997230977569e-01 3.127474414776250100e-01 6.375846327327995278e-01 5.068608661806215387e-01 3.098375604626845692e-01 5.589288696979316517e-01 7.425853286185374325e-01 1.021216964939780647e-01 4.041015539752174091e-01 6.019902366776294089e-01 3.718342718602429819e-01 7.764253944547937492e-01 6.527211683184763746e-01 5.213833478005839295e-01 7.070425438938927609e-01 4.818558510261361505e-01 8.615145490696625163e-01 3.751430190970578282e-01 4.130400322248252709e-01 6.035201383663713059e-01 3.440687004416054795e-01 5.429651088582319041e-01 3.089761228478346000e-01 6.974312653178675880e-01 4.662728703784578821e-01 2.660370237899986057e-01 3.882547770246804753e-01 7.649524471799524772e-01 6.477181087794854353e-01 6.655366608837254283e-02 6.002409624240838681e-01 6.829916223435519296e-01 0.000000000000000000e+00 4.818472648717463391e-01
5.291265502420985367e-01 6.593828462101156695e-01 7.837479644094500486e-01 1.970065698942126131e-01 4.028787349987065225e-01 4.327517837694911940e-01 2.243582009186592674e-01 5.926473974013846124e-01 2.031266790286109236e-01 7.017849238501752129e-01 1.845231955593189532e-01 5.338445964534579424e-01 5.739019555514357496e-02 5.901105129167542040e-01 8.657248563534742924e-01 7.837101090433791217e-01 6.005362166395324941e-01 7.456218847191803389e-01 4.816433547590254216e-01 3.222646657857671793e-01 3.619496282842857848e-01 4.789485006998797645e-01 4.248904512073919393e-01 2.394612439244762636e-01 8.178804665841944432e-01 4.915869114066663270e-01 8.382803893548169683e-01 6.214926544791266050e-01 4.773930054009449808e-01 4.360814598422096400e-01 2.317931934372114422e-01 7.491812983659891234e-01 8.554714043797713163e-01 4.818472648717463391e-01 0.000000000000000000e+00
