0.000000000000000000e+00 7.574253958346164328e-01 6.494065296032625056e-01 4.161238030129796317e-01 4.948091602978341719e-01 2.787499085227223561e-01 9.834590524474642326e-01 4.000884998308408269e-01 2.524526759588510694e-01 5.571181137234928471e-01 1.190707697059922299e-01 4.246029752608048158e-01 5.049663411603709795e-01 7.379088339603551150e-01 4.169508541580698724e-01 2.780959047683619900e-01 7.332779567168359325e-01 7.240885485661652243e-01 3.984134972396118357e-01 5.348323249684205916e-01 4.758751314126828946e-01 4.799108196512966162e-01 1.746773925470969102e-01 1.407316490146459653e-01 4.039974357584982245e-01 8.312110918626625100e-01 6.461607495744809970e-01 5.798626418662313764e-01 2.014366325465490881e-01 2.036072142780075422e-01 8.804884222173423591e-01 4.174500968298239245e-01 3.808424811518660302e-01 6.297576151490837937e-01 5.101689386044699903e-01
7.574253958346164328e-01 0.000000000000000000e+00 5.767213227080281168e-01 5.344395568037353383e-01 5.107153296909470175e-01 5.407680309749935965e-01 8.160155012662220209e-01 6.483498078984895052e-01 3.361256349277719213e-01 3.758090416098383013e-01 3.309908645314825204e-01 3.323302232879372653e-01 3.633142278982428031e-01 8.407868995675937818e-01 5.996970167737739610e-01 1.244589975179077879e-02 7.518276598432012126e-01 6.369067263943467561e-01 4.380989641135990542e-01 3.604642263542209846e-01 2.473699388926674514e-01 4.739135269389569416e-01 6.668881107479190939e-01 5.445740219464136889e-01 5.494219947315917008e-01 4.527066498054208021e-01 3.202064176059807310e-01 4.626032357986087362e-01 2.319816935911777067e-01 7.481606758127581358e-01 4.835855608171528153e-01 5.609596106788212744e-01 8.422624466902702833e-01 7.910963472333716329e-01 2.305068393681735106e-01
6.494065296032625056e-01 5.767213227080281168e-01 0.000000000000000000e+00 4.032707760848099898e-01 3.666612332618208181e-01 3.588852716797849007e-01 6.573543288864354128e-01 4.258395790272233583e-01 4.803703378732337992e-01 3.250961803497954827e-01 5.332165326576021602e-01 7.682387525419303032e-01 2.538201492003349102e-01 5.382702420365099716e-01 7.331370564653341138e-01 6.554364940597711131e-01 6.730668876188916627e-01 7.422451688244979806e-01 4.539750163467838329e-01 5.584370085993601851e-01 3.707448553486382692e-01 6.835711430087629825e-01 4.743030172557683999e-01 5.496318880171454646e-01 3.627685970693060868e-01 1.381175979749604821e-01 4.418005062688560858e-01 3.017986973162328779e-01 6.396476481573457606e-01 5.473535324377173383e-01 3.583457334649511883e-01 5.564061816638833369e-01 1.724568639031939243e-01 5.796636687433878166e-01 6.484326410753132874e-01
4.161238030129796317e-01 5.344395568037353383e-01 4.032707760848099898e-01 0.000000000000000000e+00 6.176034451093643796e-01 7.942859888337219232e-01 5.839602070718675764e-01 5.748885497375619824e-01 4.727163432478533878e-01 7.639426889377332053e-01 6.249140001055222271e-01 3.659098824077718914e-01 1.978537025292892437e-01 5.127143394085806882e-01 5.822848423740776269e-01 3.038550978218617082e-01 6.994033632486029717e-01 2.678082803574524107e-01 6.082688267239060309e-01 5.993782022231202156e-01 4.071899763509485570e-01 4.619244270831786014e-01 6.139412423523342710e-01 8.576717356279862647e-01 6.542260058102000730e-01 5.002176488412821698e-01 7.564045713996148113e-01 6.139060678553895922e-01 4.642806007006445856e-01 8.330407567923621137e-01 5.183225903243080523e-01 5.924781378375667540e-01 8.919960387370384769e-02 4.703589227897891911e-01 8.867250041222045631e-01
4.948091602978341719e-01 5.107153296909470175e-01 3.666612332618208181e-01 6.176034451093643796e-01 0.000000000000000000e+00 5.658946087418810222e-01 8.169308326936397524e-01 2.152010056606324939e-01 6.553457099104013084e-01 7.444435733315533099e-01 5.632420553352269765e-01 2.701013971345493370e-01 6.211857178796198475e-02 4.590207373602950280e-01 1.853848190657463313e-01 9.008592065468887800e-01 2.501591808063252653e-02 5.367586047354151457e-01 3.068804654533902054e-01 7.059832288909063669e-01 2.201999396993105096e-01 6.462679388037217976e-01 1.514323971283851877e-01 4.255511070908761240e-01 6.994327143252025980e-01 6.364102478131894447e-01 4.011638479787582590e-01 7.788731153933391438e-01 4.570663702661849626e-01 6.566915043480714420e-01 5.282544445299585112e-01 6.256903028018725443e-01 7.266521500672371570e-01 2.537149463625956169e-01 3.956592927900406398e-01
2.787499085227223561e-01 5.407680309749935965e-01 3.588852716797849007e-01 7.942859888337219232e-01 5.658946087418810222e-01 0.000000000000000000e+00 3.804516334779929343e-01 8.641578294497915813e-01 7.163516897331664302e-01 5.080853084172443079e-01 5.469012100401227094e-01 5.244576118581184554e-01 2.142841239369295270e-01 6.792046135182232547e-01 4.791328849436757853e-01 3.332590707999593116e-01 6.597925080478610482e-01 4.137930782533393304e-01 2.087317632502981857e-01 2.040109978586158723e-01 2.782129910556475627e-01 2.279380562426447376e-02 3.760575674451942518e-01 6.575795895301892457e-01 7.279197866267070882e-01 4.539822341736130529e-01 3.646936289160082612e-01 1.390198316755065777e-01 6.364362165618425715e-01 9.230558884741432157e-01 7.373623259857443601e-01 4.209444837293751518e-01 8.314352983645802997e-01 3.718656841911138766e-02 2.878498953883201761e-01
9.834590524474642326e-01 8.160155012662220209e-01 6.573543288864354128e-01 5.839602070718675764e-01 8.169308326936397524e-01 3.804516334779929343e-01 0.000000000000000000e+00 7.696295534263251081e-01 1.372326179247779221e-01 4.731387088258945384e-01 5.028842794952521622e-01 2.166275799548707526e-01 8.413816323967606703e-01 2.585560019577032298e-01 5.345774723121548000e-01 4.798139362216145565e-01 3.260125861717436679e-01 3.664256920833932618e-01 3.973558961119376121e-01 7.445459265034233276e-01 5.503834104973790442e-01 4.766692088771784519e-01 8.395306299604499145e-02 1.114064387750202112e-01 5.601624472769287655e-01 9.100478749752982655e-01 2.903268411924323500e-01 5.558261114347483600e-01 2.836115917864073244e-01 3.820098796805989072e-01 5.513010688772819190e-01 8.408013152900689624e-01 3.566671723854942799e-01 6.182131665208789872e-01 6.194575614987012369e-01
4.000884998308408269e-01 6.483498078984895052e-01 4.258395790272233583e-01 5.748885497375619824e-01 2.152010056606324939e-01 8.641578294497915813e-01 7.696295534263251081e-01 0.000000000000000000e+00 3.880398181336943697e-01 2.872883564609455265e-01 3.872099338128643931e-01 7.058483161257820271e-01 5.445060119521782926e-01 1.152968001250147534e-01 8.071679327618275224e-02 2.258149193380787345e-02 4.258425663494970759e-01 4.792827491772503890e-01 6.201145602161360904e-01 4.164191164849087023e-01 7.667302956056651908e-01 3.548199930049221185e-01 7.276973748024930799e-01 4.952814980661408573e-01 5.628269186504651911e-01 4.081436715436136953e-01 3.980898003476640024e-01 4.527551514602171645e-01 4.713844912720804858e-01 9.014460808001616421e-01 6.658713459155223280e-01 7.787803992691169075e-01 8.785584038966653964e-01 4.402849459488011319e-01 5.822832010940773850e-01
2.524526759588510694e-01 3.361256349277719213e-01 4.803703378732337992e-01 4.727163432478533878e-01 6.553457099104013084e-01 7.163516897331664302e-01 1.372326179247779221e-01 3.880398181336943697e-01 0.000000000000000000e+00 4.768032781821783805e-01 2.749327912602896884e-01 4.968521459940403728e-01 4.482008599213981315e-01 6.983988666666640643e-02 7.886364219050523428e-01 5.318721226591354156e-01 8.254066637450092614e-01 3.421568099657374962e-01 4.149562212128062311e-01 7.585848078566371777e-01 7.471716531342826872e-01 5.642145003187959418e-01 5.589932358502585075e-01 4.352028461786553448e-01 1.844781181685001270e-01 8.528117839521962562e-01 7.365425350113282699e-01 4.223359869122031984e-01 4.913275793675643821e-01 5.232814840464439232e-01 4.188371488639129336e-01 5.035828695290143209e-01 5.377709716933588568e-01 4.484688078682392276e-01 7.407546232762842742e-01
5.571181137234928471e-01 3.758090416098383013e-01 3.250961803497954827e-01 7.639426889377332053e-01 7.444435733315533099e-01 5.080853084172443079e-01 4.731387088258945384e-01 2.872883564609455265e-01 4.768032781821783805e-01 0.000000000000000000e+00 4.506481260614563777e-01 8.018943753189123891e-01 3.996758081292914877e-01 3.978184015666924589e-01 5.907555434318942922e-01 7.932416560242320225e-01 1.872266867236870302e-01 5.987400783836114293e-01 4.035441959929371714e-01 7.353840394107356015e-01 6.113462284565046589e-01 4.978203190293912228e-01 5.125393852660834471e-01 1.803943008967135997e-01 4.771953238422779187e-01 3.470024530400739327e-01 1.021232399265333823e-01 4.964833001092290310e-01 3.920124380453997581e-01 3.836813299292562984e-02 7.222220314422195253e-01 4.901282427554035648e-01 2.630521158969043594e-01 6.975790602041611610e-01 8.470371377406842317e-01
1.190707697059922299e-01 3.309908645314825204e-01 5.332165326576021602e-01 6.249140001055222271e-01 5.632420553352269765e-01 5.469012100401227094e-01 5.028842794952521622e-01 3.872099338128643931e-01 2.749327912602896884e-01 4.506481260614563777e-01 0.000000000000000000e+00 1.263893202798547222e-01 7.549572400275492701e-01 3.577068696700386186e-01 5.059382285469629092e-01 7.648625108628182012e-02 7.727532269179513413e-01 2.379062834055089004e-01 8.289915278030868251e-01 1.836803321006286183e-01 6.162543979886478951e-01 4.451219741086269721e-01 4.291198495393441226e-01 4.799637022396926467e-01 5.011798639043747450e-01 3.881767789758313603e-01 6.534712044655595076e-01 2.408788628381599572e-01 3.067815706422555300e-01 1.782760796453475294e-02 3.287289693568240523e-01 7.862455555322886980e-01 6.845148574594057678e-01 7.398826645054328299e-01 5.234964707869749212e-01
4.246029752608048158e-01 3.323302232879372653e-01 7.682387525419303032e-01 3.659098824077718914e-01 2.701013971345493370e-01 5.244576118581184554e-01 2.166275799548707526e-01 7.058483161257820271e-01 4.968521459940403728e-01 8.018943753189123891e-01 1.263893202798547222e-01 0.000000000000000000e+00 9.296128189717722812e-01 5.161314645890695552e-01 3.187305432314028186e-01 8.760753639202204512e-01 2.074182856260068375e-01 4.745954331225991640e-01 1.888945029905537698e-01 7.226265449313498124e-01 1.145665983298941315e-01 7.743472128977285651e-01 5.377683921073292961e-01 4.812190568769921795e-01 8.431361726096073816e-01 8.112940477421344276e-01 1.486547009102996419e-01 8.259106117221284293e-01 7.714188502929204549e-01 3.271218984921822059e-01 1.906438283944877909e-01 6.791928100084254627e-01 3.606990840835535561e-01 6.365604317817014079e-01 1.422944085845945783e-01
5.049663411603709795e-01 3.633142278982428031e-01 2.538201492003349102e-01 1.978537025292892437e-01 6.211857178796198475e-02 2.142841239369295270e-01 8.413816323967606703e-01 5.445060119521782926e-01 4.482008599213981315e-01 3.996758081292914877e-01 7.549572400275492701e-01 9.296128189717722812e-01 0.000000000000000000e+00 9.815335224711631001e-01 6.322693842631585959e-01 4.112593106531018949e-01 1.779513611090058900e-01 7.196848181480295370e-01 3.611592310137071715e-01 1.843075491731198667e-01 1.678390027767877601e-01 7.771179215110364247e-01 6.782096201550790182e-01 7.585763733056674063e-01 6.331611102974348260e-01 6.631356577291731558e-01 8.656273480916205632e-01 4.692570609855228891e-01 3.488972041382624178e-01 3.792583345376267512e-01 9.124947855238416672e-01 6.948774855441943732e-01 4.023754997938758793e-01 9.213408478106706045e-01 3.523269902853886637e-01
7.379088339603551150e-01 8.407868995675937818e-01 5.382702420365099716e-01 5.127143394085806882e-01 4.590207373602950280e-01 6.792046135182232547e-01 2.585560019577032298e-01 1.152968001250147534e-01 6.983988666666640643e-02 3.978184015666924589e-01 3.577068696700386186e-01 5.161314645890695552e-01 9.815335224711631001e-01 0.000000000000000000e+00 5.866693115049006479e-01 9.416373374746358493e-01 4.850789590521218386e-01 3.489410305601390316e-01 1.109183743795002508e-01 7.855008177701006122e-01 3.704641029999640178e-01 7.107720103137253886e-01 1.881969930954014991e-01 5.835537541243733806e-01 5.682805443924462407e-01 8.367268578459173822e-01 4.452872668078509122e-01 2.613491517949675380e-01 4.410868331210752169e-01 5.855815129385818496e-01 2.571933265496072485e-01 3.234497738638102415e-01 3.018622656853489072e-01 8.642306637659307178e-01 5.709890272552322621e-01
4.169508541580698724e-01 5.996970167737739610e-01 7.331370564653341138e-01 5.822848423740776269e-01 1.853848190657463313e-01 4.791328849436757853e-01 5.345774723121548000e-01 8.071679327618275224e-02 7.886364219050523428e-01 5.907555434318942922e-01 5.059382285469629092e-01 3.187305432314028186e-01 6.322693842631585959e-01 5.866693115049006479e-01 0.000000000000000000e+00 8.297354896661273127e-01 5.562821824917520974e-01 4.864115418671407509e-01 3.334465628530254855e-01 3.735830144602768632e-01 4.907426413420542533e-01 8.403346595332361613e-01 1.439567441160023442e-01 7.206765470426236275e-01 3.415513407024388659e-01 6.463702007211413747e-01 3.204889406657598361e-01 6.487035622740802143e-01 6.039063634881388642e-01 5.626741912092565467e-01 8.179810548079959887e-01 5.391264541258506959e-01 7.219156328694813496e-01 6.476936476962926736e-01 5.155382220234792090e-01
2.780959047683619900e-01 1.244589975179077879e-02 6.554364940597711131e-01 3.038550978218617082e-01 9.008592065468887800e-01 3.332590707999593116e-01 4.798139362216145565e-01 2.258149193380787345e-02 5.318721226591354156e-01 7.932416560242320225e-01 7.648625108628182012e-02 8.760753639202204512e-01 4.112593106531018949e-01 9.416373374746358493e-01 8.297354896661273127e-01 0.000000000000000000e+00 5.121929533642293197e-01 7.941621582416502623e-01 8.091649340203461716e-01 7.315269452055228605e-01 5.110443213514807015e-01 2.749181029089633466e-01 8.396630009402323847e-01 6.470741027128660283e-01 4.796169671339060581e-01 3.802388828109517505e-01 5.855702611315838357e-01 8.844187079810581498e-01 5.115322060966660533e-01 6.736272076409195453e-01 7.432012026038727903e-01 7.232101703035628271e-01 5.577408532465226720e-01 7.837255348440861358e-01 5.043673520573479507e-01
7.332779567168359325e-01 7.518276598432012126e-01 6.730668876188916627e-01 6.994033632486029717e-01 2.501591808063252653e-02 6.597925080478610482e-01 3.260125861717436679e-01 4.258425663494970759e-01 8.254066637450092614e-01 1.872266867236870302e-01 7.727532269179513413e-01 2.074182856260068375e-01 1.779513611090058900e-01 4.850789590521218386e-01 5.562821824917520974e-01 5.121929533642293197e-01 0.000000000000000000e+00 1.711548320310443128e-01 6.816382011477489788e-01 6.509698824974539111e-01 4.426967363165158487e-01 3.190897832223951736e-01 8.534902712313940931e-01 8.533598666224118112e-01 1.203060644221899400e-01 5.183233377134583986e-01 5.017036967887754662e-01 4.258984162322249079e-01 5.931814967774010627e-01 7.245264021300594770e-01 1.293564295666047581e-01 3.397198897170998766e-01 6.958832211111996013e-01 1.586965696964353079e-01 4.725481614770866701e-01
7.240885485661652243e-01 6.369067263943467561e-01 7.422451688244979806e-01 2.678082803574524107e-01 5.367586047354151457e-01 4.137930782533393304e-01 3.664256920833932618e-01 4.792827491772503890e-01 3.421568099657374962e-01 5.987400783836114293e-01 2.379062834055089004e-01 4.745954331225991640e-01 7.196848181480295370e-01 3.489410305601390316e-01 4.864115418671407509e-01 7.941621582416502623e-01 1.711548320310443128e-01 0.000000000000000000e+00 3.892331784871645994e-01 4.501298246861625274e-01 8.750831612700238349e-02 5.121504458345921273e-01 3.580110669205230911e-01 5.230926341275181635e-01 8.000045616470172760e-01 8.360163337282606744e-01 5.414334559260509661e-01 4.285341355455101753e-01 9.029814605310669817e-01 5.005206675157157781e-01 4.154715382606625207e-01 5.582088599771195536e-01 3.602029579904276746e-01 3.692617248318497136e-01 1.326509371218729250e-01
3.984134972396118357e-01 4.380989641135990542e-01 4.539750163467838329e-01 6.082688267239060309e-01 3.068804654533902054e-01 2.087317632502981857e-01 3.973558961119376121e-01 6.201145602161360904e-01 4.149562212128062311e-01 4.035441959929371714e-01 8.289915278030868251e-01 1.888945029905537698e-01 3.611592310137071715e-01 1.109183743795002508e-01 3.334465628530254855e-01 8.091649340203461716e-01 6.816382011477489788e-01 3.892331784871645994e-01 0.000000000000000000e+00 1.915791986638585298e-01 7.199307401927507177e-01 8.058026200055359300e-01 8.030879405078750199e-02 3.325166672631164611e-01 2.839496315850710828e-01 1.799162195125226238e-01 8.868484555974991412e-01 6.641035361606396625e-01 8.425338452066564177e-01 5.044519347601934545e-01 4.606977314477088137e-01 2.685236578508869432e-01 6.643176113074638067e-01 7.852054035204962812e-01 7.863482824514873570e-01
5.348323249684205916e-01 3.604642263542209846e-01 5.584370085993601851e-01 5.993782022231202156e-01 7.059832288909063669e-01 2.040109978586158723e-01 7.445459265034233276e-01 4.164191164849087023e-01 7.585848078566371777e-01 7.353840394107356015e-01 1.836803321006286183e-01 7.226265449313498124e-01 1.843075491731198667e-01 7.855008177701006122e-01 3.735830144602768632e-01 7.315269452055228605e-01 6.509698824974539111e-01 4.501298246861625274e-01 1.915791986638585298e-01 0.000000000000000000e+00 2.277410636378057185e-01 1.976785085931389574e-01 4.446570192305105418e-01 4.414167946010578158e-01 4.912269453516470152e-01 4.107036281549474310e-01 7.349583284245533310e-01 6.118698934158313119e-01 5.182897294641364283e-01 7.603836468565443596e-01 4.778639002119440815e-01 3.206784173463964605e-01 2.573760577047011777e-01 4.447059144784301643e-01 1.978071995110415315e-01
4.758751314126828946e-01 2.473699388926674514e-01 3.707448553486382692e-01 4.071899763509485570e-01 2.201999396993105096e-01 2.782129910556475627e-01 5.503834104973790442e-01 7.667302956056651908e-01 7.471716531342826872e-01 6.113462284565046589e-01 6.162543979886478951e-01 1.145665983298941315e-01 1.678390027767877601e-01 3.704641029999640178e-01 4.907426413420542533e-01 5.110443213514807015e-01 4.426967363165158487e-01 8.750831612700238349e-02 7.199307401927507177e-01 2.277410636378057185e-01 0.000000000000000000e+00 7.181734850392427205e-01 4.900360064931310600e-01 4.693793911259815377e-01 6.483669497211841382e-01 7.875271812510519220e-01 2.502552557821132728e-01 7.017134676581333608e-01 5.607554075118137416e-01 7.270066967120405454e-01 7.490787656246070680e-01 7.593919934626791601e-01 8.756222810756411068e-01 4.253471033039382121e-01 6.097005231611964948e-01
4.799108196512966162e-01 4.739135269389569416e-01 6.835711430087629825e-01 4.619244270831786014e-01 6.462679388037217976e-01 2.279380562426447376e-02 4.766692088771784519e-01 3.548199930049221185e-01 5.642145003187959418e-01 4.978203190293912228e-01 4.451219741086269721e-01 7.743472128977285651e-01 7.771179215110364247e-01 7.107720103137253886e-01 8.403346595332361613e-01 2.749181029089633466e-01 3.190897832223951736e-01 5.121504458345921273e-01 8.058026200055359300e-01 1.976785085931389574e-01 7.181734850392427205e-01 0.000000000000000000e+00 5.312221060338804257e-01 7.074736782958757075e-01 6.390987139974816378e-01 3.273016428394983635e-01 5.003677158356127919e-01 8.024803004464775569e-01 5.528307339061884207e-01 1.018406515564587167e-01 6.471117631807464798e-01 4.623162663002986505e-01 2.348156974816036913e-01 2.527673458561029429e-01 4.501411128483879254e-01
1.746773925470969102e-01 6.668881107479190939e-01 4.743030172557683999e-01 6.139412423523342710e-01 1.514323971283851877e-01 3.760575674451942518e-01 8.395306299604499145e-02 7.276973748024930799e-01 5.589932358502585075e-01 5.125393852660834471e-01 4.291198495393441226e-01 5.377683921073292961e-01 6.782096201550790182e-01 1.881969930954014991e-01 1.439567441160023442e-01 8.396630009402323847e-01 8.534902712313940931e-01 3.580110669205230911e-01 8.030879405078750199e-02 4.446570192305105418e-01 4.900360064931310600e-01 5.312221060338804257e-01 0.000000000000000000e+00 5.181477832311739418e-01 6.848730702502572321e-01 7.867215905901910888e-01 6.503032977653538937e-01 7.989881495736297357e-01 4.097401307283737859e-01 5.707261138541445122e-01 6.270882312011190063e-01 8.622253511320456809e-01 5.319308759194174563e-01 5.422905554923741489e-01 7.766434988492659786e-01
1.407316490146459653e-01 5.445740219464136889e-01 5.496318880171454646e-01 8.576717356279862647e-01 4.255511070908761240e-01 6.575795895301892457e-01 1.114064387750202112e-01 4.952814980661408573e-01 4.352028461786553448e-01 1.803943008967135997e-01 4.799637022396926467e-01 4.812190568769921795e-01 7.585763733056674063e-01 5.835537541243733806e-01 7.206765470426236275e-01 6.470741027128660283e-01 8.533598666224118112e-01 5.230926341275181635e-01 3.325166672631164611e-01 4.414167946010578158e-01 4.693793911259815377e-01 7.074736782958757075e-01 5.181477832311739418e-01 0.000000000000000000e+00 6.931460614077940008e-01 4.227409719630817464e-01 4.145267001662208406e-01 2.871745435836429161e-01 6.412157830509948031e-01 6.438989214068575606e-01 8.913903119525357077e-01 8.571553181113529263e-01 6.333826659829302486e-01 1.939114860368408300e-01 2.560043046468707395e-01
4.039974357584982245e-01 5.494219947315917008e-01 3.627685970693060868e-01 6.542260058102000730e-01 6.994327143252025980e-01 7.279197866267070882e-01 5.601624472769287655e-01 5.628269186504651911e-01 1.844781181685001270e-01 4.771953238422779187e-01 5.011798639043747450e-01 8.431361726096073816e-01 6.331611102974348260e-01 5.682805443924462407e-01 3.415513407024388659e-01 4.796169671339060581e-01 1.203060644221899400e-01 8.000045616470172760e-01 2.839496315850710828e-01 4.912269453516470152e-01 6.483669497211841382e-01 6.390987139974816378e-01 6.848730702502572321e-01 6.931460614077940008e-01 0.000000000000000000e+00 7.684503777484754661e-01 3.552623365052509641e-01 4.195603804016236893e-01 9.020646954676359019e-01 1.218285373870845456e-01 5.772478174875608214e-01 7.197693751817750840e-01 3.788626893034120480e-01 3.840898084053600003e-01 5.411929525959444653e-01
8.312110918626625100e-01 4.527066498054208021e-01 1.381175979749604821e-01 5.002176488412821698e-01 6.364102478131894447e-01 4.539822341736130529e-01 9.100478749752982655e-01 4.081436715436136953e-01 8.528117839521962562e-01 3.470024530400739327e-01 3.881767789758313603e-01 8.112940477421344276e-01 6.631356577291731558e-01 8.367268578459173822e-01 6.463702007211413747e-01 3.802388828109517505e-01 5.183233377134583986e-01 8.360163337282606744e-01 1.799162195125226238e-01 4.107036281549474310e-01 7.875271812510519220e-01 3.273016428394983635e-01 7.867215905901910888e-01 4.227409719630817464e-01 7.684503777484754661e-01 0.000000000000000000e+00 7.333850082460386943e-01 1.558252069017800334e-01 3.367534133126873774e-01 5.293192009630668382e-01 5.033132565128786151e-01 8.604753548524524120e-01 5.431345579344120100e-01 6.626944914805903419e-01 2.811013327394702443e-01
6.461607495744809970e-01 3.202064176059807310e-01 4.418005062688560858e-01 7.564045713996148113e-01 4.011638479787582590e-01 3.646936289160082612e-01 2.903268411924323500e-01 3.980898003476640024e-01 7.365425350113282699e-01 1.021232399265333823e-01 6.534712044655595076e-01 1.486547009102996419e-01 8.656273480916205632e-01 4.452872668078509122e-01 3.204889406657598361e-01 5.855702611315838357e-01 5.017036967887754662e-01 5.414334559260509661e-01 8.868484555974991412e-01 7.349583284245533310e-01 2.502552557821132728e-01 5.003677158356127919e-01 6.503032977653538937e-01 4.145267001662208406e-01 3.552623365052509641e-01 7.333850082460386943e-01 0.000000000000000000e+00 7.626450309243217873e-01 4.520136497394398045e-01 2.557843150011932520e-01 5.150502242429096933e-01 6.356048791679093091e-01 8.697096674075943668e-01 4.706573947835737681e-01 4.707504159473293037e-01
5.798626418662313764e-01 4.626032357986087362e-01 3.017986973162328779e-01 6.139060678553895922e-01 7.788731153933391438e-01 1.390198316755065777e-01 5.558261114347483600e-01 4.527551514602171645e-01 4.223359869122031984e-01 4.964833001092290310e-01 2.408788628381599572e-01 8.259106117221284293e-01 4.692570609855228891e-01 2.613491517949675380e-01 6.487035622740802143e-01 8.844187079810581498e-01 4.258984162322249079e-01 4.285341355455101753e-01 6.641035361606396625e-01 6.118698934158313119e-01 7.017134676581333608e-01 8.024803004464775569e-01 7.989881495736297357e-01 2.871745435836429161e-01 4.195603804016236893e-01 1.558252069017800334e-01 7.626450309243217873e-01 0.000000000000000000e+00 8.167243675690007976e-01 2.913178414218682843e-01 1.304415443768561778e-01 5.591502457904511392e-01 6.079179556801836970e-01 1.031218259427538753e-01 4.407529468890966640e-01
2.014366325465490881e-01 2.319816935911777067e-01 6.396476481573457606e-01 4.642806007006445856e-01 4.570663702661849626e-01 6.364362165618425715e-01 2.836115917864073244e-01 4.713844912720804858e-01 4.913275793675643821e-01 3.920124380453997581e-01 3.067815706422555300e-01 7.714188502929204549e-01 3.488972041382624178e-01 4.410868331210752169e-01 6.039063634881388642e-01 5.115322060966660533e-01 5.931814967774010627e-01 9.029814605310669817e-01 8.425338452066564177e-01 5.182897294641364283e-01 5.607554075118137416e-01 5.528307339061884207e-01 4.097401307283737859e-01 6.412157830509948031e-01 9.020646954676359019e-01 3.367534133126873774e-01 4.520136497394398045e-01 8.167243675690007976e-01 0.000000000000000000e+00 3.722345784335742147e-01 4.080898771164520045e-01 6.785634746437256837e-01 5.708304216345199134e-01 6.201365225951307458e-01 2.863488290768001487e-02
2.036072142780075422e-01 7.481606758127581358e-01 5.473535324377173383e-01 8.330407567923621137e-01 6.566915043480714420e-01 9.230558884741432157e-01 3.820098796805989072e-01 9.014460808001616421e-01 5.232814840464439232e-01 3.836813299292562984e-02 1.782760796453475294e-02 3.271218984921822059e-01 3.792583345376267512e-01 5.855815129385818496e-01 5.626741912092565467e-01 6.736272076409195453e-01 7.245264021300594770e-01 5.005206675157157781e-01 5.044519347601934545e-01 7.603836468565443596e-01 7.270066967120405454e-01 1.018406515564587167e-01 5.707261138541445122e-01 6.438989214068575606e-01 1.218285373870845456e-01 5.293192009630668382e-01 2.557843150011932520e-01 2.913178414218682843e-01 3.722345784335742147e-01 0.000000000000000000e+00 5.219440675642563754e-01 6.786190546611341468e-01 7.585002642646687665e-02 2.653179389404648481e-01 9.066821816077715868e-01
8.804884222173423591e-01 4.835855608171528153e-01 3.583457334649511883e-01 5.183225903243080523e-01 5.282544445299585112e-01 7.373623259857443601e-01 5.513010688772819190e-01 6.658713459155223280e-01 4.188371488639129336e-01 7.222220314422195253e-01 3.287289693568240523e-01 1.906438283944877909e-01 9.124947855238416672e-01 2.571933265496072485e-01 8.179810548079959887e-01 7.432012026038727903e-01 1.293564295666047581e-01 4.154715382606625207e-01 4.606977314477088137e-01 4.778639002119440815e-01 7.490787656246070680e-01 6.471117631807464798e-01 6.270882312011190063e-01 8.913903119525357077e-01 5.772478174875608214e-01 5.033132565128786151e-01 5.150502242429096933e-01 1.304415443768561778e-01 4.080898771164520045e-01 5.219440675642563754e-01 0.000000000000000000e+00 3.237779936158091676e-01 6.964393420969711146e-01 2.929485593376746078e-01 5.012453901891810171e-01
4.174500968298239245e-01 5.609596106788212744e-01 5.564061816638833369e-01 5.924781378375667540e-01 6.256903028018725443e-01 4.209444837293751518e-01 8.408013152900689624e-01 7.787803992691169075e-01 5.035828695290143209e-01 4.901282427554035648e-01 7.862455555322886980e-01 6.791928100084254627e-01 6.948774855441943732e-01 3.234497738638102415e-01 5.391264541258506959e-01 7.232101703035628271e-01 3.397198897170998766e-01 5.582088599771195536e-01 2.685236578508869432e-01 3.206784173463964605e-01 7.593919934626791601e-01 4.623162663002986505e-01 8.622253511320456809e-01 8.571553181113529263e-01 7.197693751817750840e-01 8.604753548524524120e-01 6.356048791679093091e-01 5.591502457904511392e-01 6.785634746437256837e-01 6.786190546611341468e-01 3.237779936158091676e-01 0.000000000000000000e+00 2.808075101505151383e-01 3.174638948263315275e-01 5.615693000818774427e-01
3.808424811518660302e-01 8.422624466902702833e-01 1.724568639031939243e-01 8.919960387370384769e-02 7.266521500672371570e-01 8.314352983645802997e-01 3.566671723854942799e-01 8.785584038966653964e-01 5.377709716933588568e-01 2.630521158969043594e-01 6.845148574594057678e-01 3.606990840835535561e-01 4.023754997938758793e-01 3.018622656853489072e-01 7.219156328694813496e-01 5.577408532465226720e-01 6.958832211111996013e-01 3.602029579904276746e-01 6.643176113074638067e-01 2.573760577047011777e-01 8.756222810756411068e-01 2.348156974816036913e-01 5.319308759194174563e-01 6.333826659829302486e-01 3.788626893034120480e-01 5.431345579344120100e-01 8.697096674075943668e-01 6.079179556801836970e-01 5.708304216345199134e-01 7.585002642646687665e-02 6.964393420969711146e-01 2.808075101505151383e-01 0.000000000000000000e+00 1.340912813401798909e-01 5.952101267942218055e-01
6.297576151490837937e-01 7.910963472333716329e-01 5.796636687433878166e-01 4.703589227897891911e-01 2.537149463625956169e-01 3.718656841911138766e-02 6.182131665208789872e-01 4.402849459488011319e-01 4.484688078682392276e-01 6.975790602041611610e-01 7.398826645054328299e-01 6.365604317817014079e-01 9.213408478106706045e-01 8.642306637659307178e-01 6.476936476962926736e-01 7.837255348440861358e-01 1.586965696964353079e-01 3.692617248318497136e-01 7.852054035204962812e-01 4.447059144784301643e-01 4.253471033039382121e-01 2.527673458561029429e-01 5.422905554923741489e-01 1.939114860368408300e-01 3.840898084053600003e-01 6.626944914805903419e-01 4.706573947835737681e-01 1.031218259427538753e-01 6.201365225951307458e-01 2.653179389404648481e-01 2.929485593376746078e-01 3.174638948263315275e-01 1.340912813401798909e-01 0.000000000000000000e+00 7.258314021841144603e-01
5.101689386044699903e-01 2.305068393681735106e-01 6.484326410753132874e-01 8.867250041222045631e-01 3.956592927900406398e-01 2.878498953883201761e-01 6.194575614987012369e-01 5.822832010940773850e-01 7.407546232762842742e-01 8.470371377406842317e-01 5.234964707869749212e-01 1.422944085845945783e-01 3.523269902853886637e-01 5.709890272552322621e-01 5.155382220234792090e-01 5.043673520573479507e-01 4.725481614770866701e-01 1.326509371218729250e-01 7.863482824514873570e-01 1.978071995110415315e-01 6.097005231611964948e-01 4.501411128483879254e-01 7.766434988492659786e-01 2.560043046468707395e-01 5.411929525959444653e-01 2.811013327394702443e-01 4.707504159473293037e-01 4.407529468890966640e-01 2.863488290768001487e-02 9.066821816077715868e-01 5.012453901891810171e-01 5.615693000818774427e-01 5.952101267942218055e-01 7.258314021841144603e-01 0.000000000000000000e+00
