0.000000000000000000e+00 4.857114447479378150e-01 4.894831028725833977e-01 3.648053328401221207e-01 3.564116046315485842e-01 1.567781818011947381e-01 6.102037927960997088e-01 8.099188449402634493e-01 5.238485818851649212e-01 5.192750979856195492e-01 3.638963009622527833e-01 7.039286018655572796e-01 6.590222966768067847e-01 2.451912119439555449e-01 6.953938981955909426e-01 1.858843461607788683e-01 8.540475207336808428e-01 7.211247204833197699e-01 5.304833684761534052e-02 4.487886142616703822e-01 6.602228335948123750e-01 1.734932678573949394e-01 8.738829572626669595e-01 4.744333267927929310e-01 4.972096875123729331e-01 6.907110888105612023e-01 7.202605330895341940e-01 2.831134155745678727e-01 6.562960206163592769e-02 7.027804535654496032e-01 6.612064336466726422e-01 6.939139084514130973e-01 6.399424643768160115e-01 8.639182693829126070e-01 6.254456025862722424e-01
4.857114447479378150e-01 0.000000000000000000e+00 5.786908243472741464e-01 6.659705057052633936e-01 2.403842569649013994e-01 3.560670359378577121e-01 8.542485881738893783e-01 7.179528793610013837e-01 4.693474848358450968e-01 7.426156459963639822e-01 4.641752871144905757e-01 4.239049666033872787e-01 5.226495543191698179e-01 4.378719821456843464e-01 5.389520577262862933e-01 3.688462842878421633e-01 7.070502564018025238e-01 6.427569183106007777e-01 5.669008986444441511e-01 6.799619509420986585e-01 4.376303643556630485e-01 7.828768940882946392e-01 6.596799014582550580e-01 5.754822857705510497e-01 2.646921305453731610e-01 8.017143931266998980e-01 7.216221250803902532e-01 7.147838525386294162e-01 8.350054889504435751e-01 3.971588899099611214e-01 7.829478951968527056e-01 6.935295530819911569e-01 6.059885962112362412e-01 8.742878417352084597e-01 2.819961348600004136e-01
4.894831028725833977e-01 5.786908243472741464e-01 0.000000000000000000e+00 2.191079535141215451e-01 5.875204881008819768e-01 1.381770805337061425e-01 6.456762051370957822e-01 2.741237738801906021e-01 3.852783492019333789e-01 3.793558563460949773e-01 4.081413346526915897e-01 5.333933166033439921e-01 4.828306875103957063e-01 8.084449417533916549e-01 2.108737011831895991e-01 4.137198923305351883e-01 4.445824446763337878e-01 4.114807812845681645e-01 6.177941834762111784e-01 7.613178753994158665e-01 3.827398880070214116e-01 8.022191558559739200e-01 5.560414767922594592e-01 7.319929015411565931e-01 7.425371188874743122e-01 4.541062169527029235e-01 8.247918617183718215e-01 8.279032446181711080e-01 7.154082494038915829e-02 7.790634881765642339e-01 5.412751984111990877e-01 5.795028922109894953e-01 3.143545711744160087e-01 9.346902263629368601e-01 9.848947286890351593e-01
3.648053328401221207e-01 6.659705057052633936e-01 2.191079535141215451e-01 0.000000000000000000e+00 5.279503644340701740e-01 3.609180389608089290e-01 9.240852577798884804e-01 4.906385700473515077e-01 9.637163303968510064e-01 2.715899554758376966e-01 8.186357883747918951e-01 6.788569907888089006e-01 1.035486373077522115e-01 1.801720732596235885e-01 5.107890028258410542e-01 9.796672863514105378e-01 5.246011886786594580e-01 5.904567002787435293e-01 5.248706510642529022e-01 5.167781463444758305e-01 2.832722257857458459e-01 4.417225115424992521e-01 5.498752682420132709e-01 4.381316917900865970e-01 3.997690944800403878e-01 3.432095888302073017e-01 2.146619617860037188e-01 3.659591008003499901e-01 7.814307246594397460e-01 6.653305821825723498e-01 6.747417591952946658e-01 3.468908413040180938e-01 9.025781044706429057e-01 3.873955413210716792e-01 3.874003713753844669e-01
3.564116046315485842e-01 2.403842569649013994e-01 5.875204881008819768e-01 5.279503644340701740e-01 0.000000000000000000e+00 6.398574016596623171e-01 3.714968454192624225e-01 6.356034655995109750e-01 7.817252488328078064e-01 2.522323318090436972e-01 7.831264766970759128e-01 8.410683984973831295e-01 4.368363576996452946e-01 7.272287948952835812e-01 9.694820550572758044e-02 3.374860776149683494e-01 2.102194506751109415e-01 2.401461206974879192e-01 4.482055589156448416e-01 3.870758648570604699e-01 4.406874432396138408e-01 5.839035699465364715e-01 3.423669818473089599e-01 5.137055358470042910e-01 4.870686580571343405e-01 6.733990869350208186e-01 4.380259086912599020e-01 4.662782239212604485e-01 5.881870656159562394e-01 2.351614555563914521e-01 7.205881140092100789e-01 1.781418981362775655e-01 2.049652194346683887e-01 5.087166363698483185e-01 4.941222297400332253e-01
1.567781818011947381e-01 3.560670359378577121e-01 1.381770805337061425e-01 3.609180389608089290e-01 6.398574016596623171e-01 0.000000000000000000e+00 6.349244925840394904e-01 8.001321392391103071e-01 3.644664618778372667e-01 7.861787225957470593e-01 4.912397661871535925e-01 6.548560955201547795e-01 6.804186632321969075e-01 2.622898563006184069e-01 6.040042036121356928e-01 8.234257627012393499e-01 6.214555860333804693e-01 6.555547065129951889e-01 5.276066326703955367e-01 8.989288984010830319e-01 5.825434082844532790e-01 5.745901030499116491e-01 3.578834631284621981e-02 8.542865794767733334e-01 5.041745845163578821e-01 3.041806034427862460e-01 6.999365220728394066e-01 8.916388048890581119e-01 8.051225947838875907e-01 8.019233058658239433e-01 7.600167404923425796e-01 5.929406020771701424e-01 5.533266672307417533e-01 5.897626413194476669e-01 3.550754514213608215e-01
6.102037927960997088e-01 8.542485881738893783e-01 6.456762051370957822e-01 9.240852577798884804e-01 3.714968454192624225e-01 6.349244925840394904e-01 0.000000000000000000e+00 2.403428054742187125e-01 2.588963419025122614e-01 2.022975568996191464e-01 7.040051836023177856e-01 6.569599123583416134e-01 7.460090545224131731e-01 7.864312645848652306e-01 5.676711734782088348e-01 7.174199308328901292e-01 5.145028643443680938e-01 2.427074407723611160e-01 2.434231191228272140e-01 7.628739229156797919e-01 8.955907831413079112e-01 3.609556227455221755e-01 9.253670724140194981e-02 3.399246873915056089e-01 2.434066419308971718e-01 5.431962955671674198e-01 6.804915159141669001e-01 5.800832750368871693e-01 7.634771493204888237e-01 6.999123924524011109e-01 3.926946377275531974e-01 2.328013620849510579e-01 1.151315816028908312e-01 2.424740948312842370e-01 2.020936926636276443e-01
8.099188449402634493e-01 7.179528793610013837e-01 2.741237738801906021e-01 4.906385700473515077e-01 6.356034655995109750e-01 8.001321392391103071e-01 2.403428054742187125e-01 0.000000000000000000e+00 8.552480496588967807e-01 4.818006553803001468e-01 2.247875968560284488e-01 6.012891101485499101e-01 9.027225503586759903e-01 9.776997809579133225e-01 3.597433397346346262e-01 4.138512825333183764e-01 4.575674305178314416e-01 2.649690132759421335e-01 5.089844936810697940e-01 4.064271765372375889e-01 9.714210538721133048e-01 5.887041240062420577e-01 5.822973656830655598e-01 2.439883167715739543e-01 5.204067954629547632e-01 3.890335076929014591e-01 1.092393201051838902e-01 7.997147519231128099e-01 5.847657791211620104e-01 1.578138337825307769e-01 5.074722519191807724e-01 6.415941926050179323e-01 4.911539456258309788e-01 2.483452192115489510e-01 4.508667034856833622e-01
5.238485818851649212e-01 4.693474848358450968e-01 3.852783492019333789e-01 9.637163303968510064e-01 7.817252488328078064e-01 3.644664618778372667e-01 2.588963419025122614e-01 8.552480496588967807e-01 0.000000000000000000e+00 4.851873990552493243e-01 2.975844307355364204e-01 4.811200771374911644e-01 5.506835591966234844e-01 8.422430302444445793e-01 7.252767149732561869e-01 5.731091209429448607e-01 4.814096814176319628e-01 7.792141247469304144e-01 1.270699436324526643e-01 5.473826391157379234e-01 4.543674008384513407e-01 4.088933625659459947e-01 5.727039293097331285e-01 3.535629745846656236e-01 2.525291952094961268e-01 6.669421937608164264e-01 7.450964611660280124e-01 4.370637598653776545e-01 4.775028201160702035e-01 4.655301872368061700e-01 1.707187455779107799e-01 7.695196898020288945e-01 4.685036415307266000e-01 7.703923923165079124e-01 2.959608617659358343e-01
5.192750979856195492e-01 7.426156459963639822e-01 3.793558563460949773e-01 2.715899554758376966e-01 2.522323318090436972e-01 7.861787225957470593e-01 2.022975568996191464e-01 4.818006553803001468e-01 4.851873990552493243e-01 0.000000000000000000e+00 5.042589365555083525e-01 4.277164994346540627e-01 3.731035869198811028e-01 5.299722494833430941e-01 6.999762834686336088e-01 6.974789384486783650e-01 6.159345912551451585e-01 5.892555616430945609e-01 8.758107487280484271e-01 2.744203563895031839e-01 4.362966997731450580e-01 6.480151785239893769e-01 1.887287020470859722e-01 5.346721377713306023e-01 4.795617732200084804e-01 7.314608690939217173e-01 7.936922766913997451e-01 2.824747532112803494e-01 2.301227325635998855e-01 5.291109780936209539e-01 2.417099247190781508e-01 3.931422971322310889e-01 8.232885468648483140e-01 6.862186631086047983e-01 6.790917202798549823e-01
3.638963009622527833e-01 4.641752871144905757e-01 4.081413346526915897e-01 8.186357883747918951e-01 7.831264766970759128e-01 4.912397661871535925e-01 7.040051836023177856e-01 2.247875968560284488e-01 2.975844307355364204e-01 5.042589365555083525e-01 0.000000000000000000e+00 3.238277416547792331e-01 3.172314256635648810e-01 9.563277587464176221e-01 2.246351875993640723e-01 6.055685512021173889e-01 7.333747595736416214e-01 3.808016685341666929e-01 2.148712888485907468e-01 3.080881379027596845e-01 3.447021929934709350e-01 2.133762762121821366e-01 3.517311804029275013e-01 8.086020666159177139e-01 4.613759952639724382e-01 8.629382726977949947e-01 7.305045111913655020e-02 8.528708385316967622e-01 1.930792488855456179e-01 1.810177153295515762e-01 2.628556372623969128e-01 2.554069207898166383e-01 6.510698159538295116e-01 8.409700720813224617e-01 3.756619242267074110e-01
7.039286018655572796e-01 4.239049666033872787e-01 5.333933166033439921e-01 6.788569907888089006e-01 8.410683984973831295e-01 6.548560955201547795e-01 6.569599123583416134e-01 6.012891101485499101e-01 4.811200771374911644e-01 4.277164994346540627e-01 3.238277416547792331e-01 0.000000000000000000e+00 6.320479735149495681e-01 5.647927505734864351e-01 2.060372817499175335e-01 4.274949515973437419e-01 5.248621641981199293e-01 9.459577390775830708e-01 6.241651188070207468e-02 7.454221702948121697e-01 2.793876347284057204e-01 5.889637570106662778e-01 3.405151900406322429e-01 4.736497049084579247e-01 3.886349965670866102e-01 4.184297818342003761e-01 4.413021049445727817e-01 1.638622944171197471e-01 4.092898811582142971e-01 7.178084564672475576e-01 4.256616450295582776e-01 4.824680795616904105e-01 1.672618226909466377e-01 6.106067148305405201e-01 5.260138559881395448e-01
6.590222966768067847e-01 5.226495543191698179e-01 4.828306875103957063e-01 1.035486373077522115e-01 4.368363576996452946e-01 6.804186632321969075e-01 7.460090545224131731e-01 9.027225503586759903e-01 5.506835591966234844e-01 3.731035869198811028e-01 3.172314256635648810e-01 6.320479735149495681e-01 0.000000000000000000e+00 8.285559353404907679e-01 2.794256179611894209e-01 5.769658182550403414e-01 1.356935628591633414e-01 4.154471198225566653e-01 2.542954679095206783e-01 4.673863354406457837e-01 5.197710446238765769e-01 2.622794525532967658e-02 5.545754438552118470e-01 8.318452796834200358e-01 2.501716327244717375e-01 3.748105077015982944e-01 5.508443511271912119e-01 8.210865802616131859e-01 8.693767174430155897e-01 6.244216206219709298e-01 3.905292879022290720e-01 8.770661460825255329e-01 4.970236786768388315e-01 2.484355494515032292e-01 7.435235431388076410e-01
2.451912119439555449e-01 4.378719821456843464e-01 8.084449417533916549e-01 1.801720732596235885e-01 7.272287948952835812e-01 2.622898563006184069e-01 7.864312645848652306e-01 9.776997809579133225e-01 8.422430302444445793e-01 5.299722494833430941e-01 9.563277587464176221e-01 5.647927505734864351e-01 8.285559353404907679e-01 0.000000000000000000e+00 4.380441841876741571e-01 1.717300723209443380e-01 5.990136258630167632e-01 6.371607641916566811e-01 4.934927193578563243e-01 9.370188151726792647e-01 4.806474245576755622e-01 7.244421617202501107e-02 8.190839227335855455e-01 7.039075998889154917e-01 7.624822937852551163e-01 6.234090892421133567e-01 3.704506579786690512e-01 4.388576849812937386e-01 2.853347622281807716e-01 6.252045488585370459e-01 5.545023713906822582e-01 9.099500420608482854e-01 2.272164836273091737e-01 5.052809228665976482e-01 6.468231994762569936e-01
6.953938981955909426e-01 5.389520577262862933e-01 2.108737011831895991e-01 5.107890028258410542e-01 9.694820550572758044e-02 6.040042036121356928e-01 5.676711734782088348e-01 3.597433397346346262e-01 7.252767149732561869e-01 6.999762834686336088e-01 2.246351875993640723e-01 2.060372817499175335e-01 2.794256179611894209e-01 4.380441841876741571e-01 0.000000000000000000e+00 7.385233455631761146e-01 8.565516133781572172e-01 6.339687418523964890e-01 3.852986173017965976e-01 5.022938477967854309e-01 3.050417372049032405e-01 1.851637313787648509e-01 2.139363769028485018e-01 7.887968402331905216e-01 6.097423070440066706e-01 3.022376206879829885e-01 3.116961729466026787e-01 1.239618465041401052e-01 6.117304916111525603e-01 2.352556449775995429e-01 5.970467326480917158e-01 3.529585135638095839e-01 4.454100413523879309e-01 3.931400102289200893e-01 5.070685514542934147e-01
1.858843461607788683e-01 3.688462842878421633e-01 4.137198923305351883e-01 9.796672863514105378e-01 3.374860776149683494e-01 8.234257627012393499e-01 7.174199308328901292e-01 4.138512825333183764e-01 5.731091209429448607e-01 6.974789384486783650e-01 6.055685512021173889e-01 4.274949515973437419e-01 5.769658182550403414e-01 1.717300723209443380e-01 7.385233455631761146e-01 0.000000000000000000e+00 3.609889036916436034e-02 2.995626955116261758e-01 5.725055370572503799e-01 5.620676131352339011e-01 2.169605832762672160e-01 3.876182567396832535e-01 6.315678110981182147e-01 1.725619136833314582e-01 5.632654516602753070e-01 3.756913617303460073e-01 8.562649501300667598e-02 4.686465839422782609e-01 5.205916235054951491e-01 4.215426501228539680e-01 4.880826577457142434e-01 6.626979862985123981e-01 9.346965705857763762e-01 6.517768705494818571e-01 4.557783123825642213e-01
8.540475207336808428e-01 7.070502564018025238e-01 4.445824446763337878e-01 5.246011886786594580e-01 2.102194506751109415e-01 6.214555860333804693e-01 5.145028643443680938e-01 4.575674305178314416e-01 4.814096814176319628e-01 6.159345912551451585e-01 7.333747595736416214e-01 5.248621641981199293e-01 1.356935628591633414e-01 5.990136258630167632e-01 8.565516133781572172e-01 3.609889036916436034e-02 0.000000000000000000e+00 7.314182767726854495e-01 2.101522703781498747e-01 2.157349471183276357e-01 5.406965818061937323e-01 8.583923871270322525e-01 5.216616465236324496e-01 8.270342484510310177e-01 8.678023017419506102e-01 4.906745235654340065e-01 4.742957949716487542e-01 6.416074824121530407e-01 5.735179155555498731e-01 5.542746758680650032e-01 4.985348544708844698e-01 1.415726882859199565e-01 7.955904815444269085e-01 2.582117862191102287e-01 7.818120192584798733e-01
7.211247204833197699e-01 6.427569183106007777e-01 4.114807812845681645e-01 5.904567002787435293e-01 2.401461206974879192e-01 6.555547065129951889e-01 2.427074407723611160e-01 2.649690132759421335e-01 7.792141247469304144e-01 5.892555616430945609e-01 3.808016685341666929e-01 9.459577390775830708e-01 4.154471198225566653e-01 6.371607641916566811e-01 6.339687418523964890e-01 2.995626955116261758e-01 7.314182767726854495e-01 0.000000000000000000e+00 3.808389749515583289e-01 8.033825001062673277e-01 7.313769728050653063e-01 6.113793078535679770e-01 7.262291697472025298e-01 6.358212167746485344e-01 6.156534620094658017e-01 6.403782144251790598e-01 5.792674389099229382e-01 5.148813739207005469e-01 5.754426831026089317e-01 4.181581441066391513e-01 4.844748759681334338e-01 1.064255458254180220e-01 2.639832843410115926e-01 8.409805811202597514e-02 6.232829141200951772e-01
5.304833684761534052e-02 5.669008986444441511e-01 6.177941834762111784e-01 5.248706510642529022e-01 4.482055589156448416e-01 5.276066326703955367e-01 2.434231191228272140e-01 5.089844936810697940e-01 1.270699436324526643e-01 8.758107487280484271e-01 2.148712888485907468e-01 6.241651188070207468e-02 2.542954679095206783e-01 4.934927193578563243e-01 3.852986173017965976e-01 5.725055370572503799e-01 2.101522703781498747e-01 3.808389749515583289e-01 0.000000000000000000e+00 8.487974231875694553e-01 4.492575285152965447e-01 4.426269564372824483e-01 4.912695337899357639e-01 3.863950840430411260e-01 4.097237074508620625e-01 9.349539948382117327e-01 6.642619550371384740e-01 4.190324445548919696e-01 8.673985218238213779e-01 6.889892793732210752e-01 6.534396223462908271e-01 5.204613077293895884e-01 3.619012307811400597e-01 3.493866756499525161e-01 2.705601154367278105e-01
4.487886142616703822e-01 6.799619509420986585e-01 7.613178753994158665e-01 5.167781463444758305e-01 3.870758648570604699e-01 8.989288984010830319e-01 7.628739229156797919e-01 4.064271765372375889e-01 5.473826391157379234e-01 2.744203563895031839e-01 3.080881379027596845e-01 7.454221702948121697e-01 4.673863354406457837e-01 9.370188151726792647e-01 5.022938477967854309e-01 5.620676131352339011e-01 2.157349471183276357e-01 8.033825001062673277e-01 8.487974231875694553e-01 0.000000000000000000e+00 2.952418982354461097e-01 7.173831298570336745e-01 2.266746952510363400e-01 3.735761841236924230e-01 1.771867091122283355e-01 6.899426216284041402e-01 3.418087134610671152e-01 2.939969565745095270e-01 6.747413100362977811e-01 7.440754227652952579e-01 5.849796724726377128e-01 3.958297291641559301e-01 7.258488255915471754e-01 4.992911453506286845e-01 6.867126881133753802e-01
6.602228335948123750e-01 4.376303643556630485e-01 3.827398880070214116e-01 2.832722257857458459e-01 4.406874432396138408e-01 5.825434082844532790e-01 8.955907831413079112e-01 9.714210538721133048e-01 4.543674008384513407e-01 4.362966997731450580e-01 3.447021929934709350e-01 2.793876347284057204e-01 5.197710446238765769e-01 4.806474245576755622e-01 3.050417372049032405e-01 2.169605832762672160e-01 5.406965818061937323e-01 7.313769728050653063e-01 4.492575285152965447e-01 2.952418982354461097e-01 0.000000000000000000e+00 7.374747839511281988e-01 8.569091167393046993e-01 4.913983657742329036e-01 2.125792877740101949e-01 6.868756918375851228e-02 3.531612438010190980e-01 6.307318838837282504e-01 6.293831744138320694e-01 6.403721202419896397e-01 5.775517527939038054e-01 4.708379053682651971e-01 6.119398852927445676e-01 4.087905491781264056e-01 6.322646338480446548e-01
1.734932678573949394e-01 7.828768940882946392e-01 8.022191558559739200e-01 4.417225115424992521e-01 5.839035699465364715e-01 5.745901030499116491e-01 3.609556227455221755e-01 5.887041240062420577e-01 4.088933625659459947e-01 6.480151785239893769e-01 2.133762762121821366e-01 5.889637570106662778e-01 2.622794525532967658e-02 7.244421617202501107e-02 1.851637313787648509e-01 3.876182567396832535e-01 8.583923871270322525e-01 6.113793078535679770e-01 4.426269564372824483e-01 7.173831298570336745e-01 7.374747839511281988e-01 0.000000000000000000e+00 4.182953646642859624e-01 4.911044793290905153e-01 6.021599422348014041e-01 3.360382437508212528e-01 5.999210314013145862e-01 5.462223810038068228e-01 8.523604973070542101e-01 3.995430257546127573e-01 5.726362330444918491e-01 4.572204630697342953e-01 1.377097050326536176e-01 3.891644673096810725e-01 1.409961466807159169e-01
8.738829572626669595e-01 6.596799014582550580e-01 5.560414767922594592e-01 5.498752682420132709e-01 3.423669818473089599e-01 3.578834631284621981e-02 9.253670724140194981e-02 5.822973656830655598e-01 5.727039293097331285e-01 1.887287020470859722e-01 3.517311804029275013e-01 3.405151900406322429e-01 5.545754438552118470e-01 8.190839227335855455e-01 2.139363769028485018e-01 6.315678110981182147e-01 5.216616465236324496e-01 7.262291697472025298e-01 4.912695337899357639e-01 2.266746952510363400e-01 8.569091167393046993e-01 4.182953646642859624e-01 0.000000000000000000e+00 7.073258467150407292e-01 1.990892260263201763e-01 3.739132792336600231e-01 4.741646358349772550e-01 5.838247088602797064e-01 5.011112168061977457e-01 3.126789748922238488e-01 3.329548287806235463e-01 4.335628035953569825e-01 3.899148980462673331e-01 7.580106379706801345e-01 5.434922253689107308e-01
4.744333267927929310e-01 5.754822857705510497e-01 7.319929015411565931e-01 4.381316917900865970e-01 5.137055358470042910e-01 8.542865794767733334e-01 3.399246873915056089e-01 2.439883167715739543e-01 3.535629745846656236e-01 5.346721377713306023e-01 8.086020666159177139e-01 4.736497049084579247e-01 8.318452796834200358e-01 7.039075998889154917e-01 7.887968402331905216e-01 1.725619136833314582e-01 8.270342484510310177e-01 6.358212167746485344e-01 3.863950840430411260e-01 3.735761841236924230e-01 4.913983657742329036e-01 4.911044793290905153e-01 7.073258467150407292e-01 0.000000000000000000e+00 4.412460122316574918e-01 3.133115568219022595e-01 8.866597068316830477e-01 6.703168872533455946e-01 7.351529932145244306e-01 2.408324602260853986e-01 7.627664783096553824e-01 6.464925455612303695e-01 8.780819822610343994e-01 8.735454223739974600e-01 7.434932365311943681e-01
4.972096875123729331e-01 2.646921305453731610e-01 7.425371188874743122e-01 3.997690944800403878e-01 4.870686580571343405e-01 5.041745845163578821e-01 2.434066419308971718e-01 5.204067954629547632e-01 2.525291952094961268e-01 4.795617732200084804e-01 4.613759952639724382e-01 3.886349965670866102e-01 2.501716327244717375e-01 7.624822937852551163e-01 6.097423070440066706e-01 5.632654516602753070e-01 8.678023017419506102e-01 6.156534620094658017e-01 4.097237074508620625e-01 1.771867091122283355e-01 2.125792877740101949e-01 6.021599422348014041e-01 1.990892260263201763e-01 4.412460122316574918e-01 0.000000000000000000e+00 5.824460164155086384e-01 5.168511443660714910e-01 9.079263434392791376e-01 5.175624654610317954e-01 7.921627636471841871e-01 4.196048622184753718e-01 4.315128738114871743e-01 7.644256814981309489e-01 4.657143182088082645e-01 9.294720716965153562e-01
6.907110888105612023e-01 8.017143931266998980e-01 4.541062169527029235e-01 3.432095888302073017e-01 6.733990869350208186e-01 3.041806034427862460e-01 5.431962955671674198e-01 3.890335076929014591e-01 6.669421937608164264e-01 7.314608690939217173e-01 8.629382726977949947e-01 4.184297818342003761e-01 3.748105077015982944e-01 6.234090892421133567e-01 3.022376206879829885e-01 3.756913617303460073e-01 4.906745235654340065e-01 6.403782144251790598e-01 9.349539948382117327e-01 6.899426216284041402e-01 6.868756918375851228e-02 3.360382437508212528e-01 3.739132792336600231e-01 3.133115568219022595e-01 5.824460164155086384e-01 0.000000000000000000e+00 4.199926711989159234e-01 6.122538807025730279e-01 3.512420051037840052e-01 3.832819259621172980e-01 1.905275687593905865e-01 5.192805261832431629e-01 5.437871517817778333e-01 2.890470848297209683e-01 4.312256358416837188e-01
7.202605330895341940e-01 7.216221250803902532e-01 8.247918617183718215e-01 2.146619617860037188e-01 4.380259086912599020e-01 6.999365220728394066e-01 6.804915159141669001e-01 1.092393201051838902e-01 7.450964611660280124e-01 7.936922766913997451e-01 7.305045111913655020e-02 4.413021049445727817e-01 5.508443511271912119e-01 3.704506579786690512e-01 3.116961729466026787e-01 8.562649501300667598e-02 4.742957949716487542e-01 5.792674389099229382e-01 6.642619550371384740e-01 3.418087134610671152e-01 3.531612438010190980e-01 5.999210314013145862e-01 4.741646358349772550e-01 8.866597068316830477e-01 5.168511443660714910e-01 4.199926711989159234e-01 0.000000000000000000e+00 8.405235642612433056e-01 4.995067023660114680e-01 3.334998961894535818e-01 2.257565702530924812e-01 2.859036318249766895e-01 6.061420865338912334e-01 4.017315481310839154e-01 5.676406331879286782e-01
2.831134155745678727e-01 7.147838525386294162e-01 8.279032446181711080e-01 3.659591008003499901e-01 4.662782239212604485e-01 8.916388048890581119e-01 5.800832750368871693e-01 7.997147519231128099e-01 4.370637598653776545e-01 2.824747532112803494e-01 8.528708385316967622e-01 1.638622944171197471e-01 8.210865802616131859e-01 4.388576849812937386e-01 1.239618465041401052e-01 4.686465839422782609e-01 6.416074824121530407e-01 5.148813739207005469e-01 4.190324445548919696e-01 2.939969565745095270e-01 6.307318838837282504e-01 5.462223810038068228e-01 5.838247088602797064e-01 6.703168872533455946e-01 9.079263434392791376e-01 6.122538807025730279e-01 8.405235642612433056e-01 0.000000000000000000e+00 7.872974635617262518e-01 4.937806552175808550e-01 5.274316213984645563e-01 2.616519220229618914e-01 4.676223160013719404e-01 3.611689489402848396e-01 4.557913537099836931e-01
6.562960206163592769e-02 8.350054889504435751e-01 7.154082494038915829e-02 7.814307246594397460e-01 5.881870656159562394e-01 8.051225947838875907e-01 7.634771493204888237e-01 5.847657791211620104e-01 4.775028201160702035e-01 2.301227325635998855e-01 1.930792488855456179e-01 4.092898811582142971e-01 8.693767174430155897e-01 2.853347622281807716e-01 6.117304916111525603e-01 5.205916235054951491e-01 5.735179155555498731e-01 5.754426831026089317e-01 8.673985218238213779e-01 6.747413100362977811e-01 6.293831744138320694e-01 8.523604973070542101e-01 5.011112168061977457e-01 7.351529932145244306e-01 5.175624654610317954e-01 3.512420051037840052e-01 4.995067023660114680e-01 7.872974635617262518e-01 0.000000000000000000e+00 5.116443368219413257e-01 6.790079598156132379e-01 5.269521854570030639e-01 2.338803234353948879e-01 3.387988176111409455e-01 4.003955608358115148e-01
7.027804535654496032e-01 3.971588899099611214e-01 7.790634881765642339e-01 6.653305821825723498e-01 2.351614555563914521e-01 8.019233058658239433e-01 6.999123924524011109e-01 1.578138337825307769e-01 4.655301872368061700e-01 5.291109780936209539e-01 1.810177153295515762e-01 7.178084564672475576e-01 6.244216206219709298e-01 6.252045488585370459e-01 2.352556449775995429e-01 4.215426501228539680e-01 5.542746758680650032e-01 4.181581441066391513e-01 6.889892793732210752e-01 7.440754227652952579e-01 6.403721202419896397e-01 3.995430257546127573e-01 3.126789748922238488e-01 2.408324602260853986e-01 7.921627636471841871e-01 3.832819259621172980e-01 3.334998961894535818e-01 4.937806552175808550e-01 5.116443368219413257e-01 0.000000000000000000e+00 4.845281872558431790e-01 9.753908755541482734e-01 1.520845570117705381e-01 5.281644159441560848e-01 4.627192379078353124e-01
6.612064336466726422e-01 7.829478951968527056e-01 5.412751984111990877e-01 6.747417591952946658e-01 7.205881140092100789e-01 7.600167404923425796e-01 3.926946377275531974e-01 5.074722519191807724e-01 1.707187455779107799e-01 2.417099247190781508e-01 2.628556372623969128e-01 4.256616450295582776e-01 3.905292879022290720e-01 5.545023713906822582e-01 5.970467326480917158e-01 4.880826577457142434e-01 4.985348544708844698e-01 4.844748759681334338e-01 6.534396223462908271e-01 5.849796724726377128e-01 5.775517527939038054e-01 5.726362330444918491e-01 3.329548287806235463e-01 7.627664783096553824e-01 4.196048622184753718e-01 1.905275687593905865e-01 2.257565702530924812e-01 5.274316213984645563e-01 6.790079598156132379e-01 4.845281872558431790e-01 0.000000000000000000e+00 3.177503734060273533e-01 6.468044520194031755e-01 4.197913222125159161e-01 1.168137618940449096e-01
6.939139084514130973e-01 6.935295530819911569e-01 5.795028922109894953e-01 3.468908413040180938e-01 1.781418981362775655e-01 5.929406020771701424e-01 2.328013620849510579e-01 6.415941926050179323e-01 7.695196898020288945e-01 3.931422971322310889e-01 2.554069207898166383e-01 4.824680795616904105e-01 8.770661460825255329e-01 9.099500420608482854e-01 3.529585135638095839e-01 6.626979862985123981e-01 1.415726882859199565e-01 1.064255458254180220e-01 5.204613077293895884e-01 3.958297291641559301e-01 4.708379053682651971e-01 4.572204630697342953e-01 4.335628035953569825e-01 6.464925455612303695e-01 4.315128738114871743e-01 5.192805261832431629e-01 2.859036318249766895e-01 2.616519220229618914e-01 5.269521854570030639e-01 9.753908755541482734e-01 3.177503734060273533e-01 0.000000000000000000e+00 3.292299397408146033e-01 5.762843717297116974e-02 6.151204911295465871e-01
6.399424643768160115e-01 6.059885962112362412e-01 3.143545711744160087e-01 9.025781044706429057e-01 2.049652194346683887e-01 5.533266672307417533e-01 1.151315816028908312e-01 4.911539456258309788e-01 4.685036415307266000e-01 8.232885468648483140e-01 6.510698159538295116e-01 1.672618226909466377e-01 4.970236786768388315e-01 2.272164836273091737e-01 4.454100413523879309e-01 9.346965705857763762e-01 7.955904815444269085e-01 2.639832843410115926e-01 3.619012307811400597e-01 7.258488255915471754e-01 6.119398852927445676e-01 1.377097050326536176e-01 3.899148980462673331e-01 8.780819822610343994e-01 7.644256814981309489e-01 5.437871517817778333e-01 6.061420865338912334e-01 4.676223160013719404e-01 2.338803234353948879e-01 1.520845570117705381e-01 6.468044520194031755e-01 3.292299397408146033e-01 0.000000000000000000e+00 5.656900188071221081e-01 6.137139396325761442e-01
8.639182693829126070e-01 8.742878417352084597e-01 9.346902263629368601e-01 3.873955413210716792e-01 5.087166363698483185e-01 5.897626413194476669e-01 2.424740948312842370e-01 2.483452192115489510e-01 7.703923923165079124e-01 6.862186631086047983e-01 8.409700720813224617e-01 6.106067148305405201e-01 2.484355494515032292e-01 5.052809228665976482e-01 3.931400102289200893e-01 6.517768705494818571e-01 2.582117862191102287e-01 8.409805811202597514e-02 3.493866756499525161e-01 4.992911453506286845e-01 4.087905491781264056e-01 3.891644673096810725e-01 7.580106379706801345e-01 8.735454223739974600e-01 4.657143182088082645e-01 2.890470848297209683e-01 4.017315481310839154e-01 3.611689489402848396e-01 3.387988176111409455e-01 5.281644159441560848e-01 4.197913222125159161e-01 5.762843717297116974e-02 5.656900188071221081e-01 0.000000000000000000e+00 6.363755805051674042e-01
6.254456025862722424e-01 2.819961348600004136e-01 9.848947286890351593e-01 3.874003713753844669e-01 4.941222297400332253e-01 3.550754514213608215e-01 2.020936926636276443e-01 4.508667034856833622e-01 2.959608617659358343e-01 6.790917202798549823e-01 3.756619242267074110e-01 5.260138559881395448e-01 7.435235431388076410e-01 6.468231994762569936e-01 5.070685514542934147e-01 4.557783123825642213e-01 7.818120192584798733e-01 6.232829141200951772e-01 2.705601154367278105e-01 6.867126881133753802e-01 6.322646338480446548e-01 1.409961466807159169e-01 5.434922253689107308e-01 7.434932365311943681e-01 9.294720716965153562e-01 4.312256358416837188e-01 5.676406331879286782e-01 4.557913537099836931e-01 4.003955608358115148e-01 4.627192379078353124e-01 1.168137618940449096e-01 6.151204911295465871e-01 6.137139396325761442e-01 6.363755805051674042e-01 0.000000000000000000e+00
