0.000000000000000000e+00 9.913437243997320625e-01 6.701484037523312010e-01 3.443916568141209833e-01 7.934776232948219654e-01 4.577113921453822565e-01 4.377298001934112892e-01 7.912289125161562353e-01 5.746540373033590665e-01 5.041465134620515265e-02 8.744682706482262979e-01 7.813877571040179770e-01 7.020701572069538710e-01 3.289334188369951173e-01 2.797457556741539397e-01 5.540425857363058260e-01 5.887600615555612649e-01 5.706911417742184245e-01 1.859498827837771096e-01 4.237775328743411118e-01 4.645673050192556941e-01 3.564478916573945444e-01 2.817971929597454794e-01 5.132841570628393635e-01 6.968532313288933189e-01 6.148399351478699426e-01 5.686182636337704377e-01 7.476986819390984973e-01 2.992264583406263334e-01 7.236735616576508434e-01 7.966506979758414264e-01 6.235409880212412492e-01 5.709072117872632246e-01 6.689140493013838729e-01 5.221204217103694312e-01
9.913437243997320625e-01 0.000000000000000000e+00 4.148883323707456827e-01 2.641178288556684794e-01 9.284087247959116329e-01 8.618590163598367493e-01 5.923434888680898514e-01 9.662229741214682921e-01 1.899905093507353593e-01 5.300080119160367476e-01 5.390233469377256892e-01 5.086202513410884585e-01 8.129196012224878531e-01 7.988908017446694210e-01 6.547744636171316523e-01 4.673680689248145281e-01 5.800460150184174601e-01 8.975868989028191747e-01 5.066188389604453501e-01 1.957991600464386028e-01 4.979033102172056857e-01 5.490093515329037555e-01 4.527983147612945625e-01 4.107955734539973092e-01 4.960803281883313653e-01 5.828732705534422909e-01 7.504635228431062455e-01 4.382419238979819998e-01 5.394640945341853122e-01 4.694936143057108491e-01 3.951709727879276768e-01 1.074111730172135903e-01 4.796289773203635809e-01 8.520046254775888173e-01 8.701963200363695972e-01
6.701484037523312010e-01 4.148883323707456827e-01 0.000000000000000000e+00 2.163023029934668662e-01 4.472137908107617355e-01 7.699189048228980425e-01 9.065085909676948717e-01 5.493565920301554106e-01 3.612309490232690212e-01 5.569137347972077379e-01 4.238880002656856272e-01 5.576460806915366497e-01 6.341488394850756105e-01 4.134316817424621981e-01 7.954363836778594044e-01 1.736794584387274520e-01 2.190803648387210645e-01 4.778392795874489285e-01 8.423302968210588659e-01 4.689646848763920350e-01 8.194037483406537703e-01 4.322058021333192168e-01 7.851004494282852741e-01 8.273563095493183805e-01 8.612698857930862761e-01 7.551519595318409994e-01 9.058058049646235954e-01 3.912820207891026802e-01 4.323990216665107855e-01 1.202219310552712361e-01 7.635820530134130868e-01 8.478114462975600008e-02 5.530634290545595189e-01 2.638406175271138521e-01 3.205060418945016032e-01
3.443916568141209833e-01 2.641178288556684794e-01 2.163023029934668662e-01 0.000000000000000000e+00 3.625722323161384431e-01 8.475681590227919227e-01 5.610280253761412705e-01 4.470385377649954139e-01 6.070338900932517046e-01 5.758303617710909261e-01 7.292602540377408626e-01 3.740340072851322528e-02 4.698963681383833690e-01 3.852540471184823234e-01 5.289159569015827733e-01 8.877091572659667751e-01 1.879793601163241012e-01 5.290974581847573965e-01 5.277469279711448635e-01 6.755892203804936269e-01 2.166375455339797362e-01 3.938489503400784963e-01 7.337903091891406770e-01 5.678765868098720748e-01 5.681599286347809308e-01 5.004258722018196659e-01 5.294693265858519959e-01 9.544524035966761577e-01 1.668705690571675726e-01 8.939033937026206189e-01 3.829941400043188615e-01 7.844694032629828673e-01 4.674879427371518847e-01 6.393450645806491028e-01 4.805997401862741047e-01
7.934776232948219654e-01 9.284087247959116329e-01 4.472137908107617355e-01 3.625722323161384431e-01 0.000000000000000000e+00 3.666812127491512197e-01 5.797910369541643405e-01 3.628962308740862897e-01 7.883767902081016965e-01 6.237052643104692429e-01 5.243351131136205767e-01 1.331670333945048634e-01 5.420628114037562284e-01 2.709947789758946346e-01 8.642333273165927476e-01 4.276135388012192173e-03 4.671777738941991776e-01 3.358727471387487062e-01 3.369145591498499126e-01 4.873904825238453142e-01 4.118726054960870075e-01 6.550006065490363572e-01 2.096874894762777997e-01 5.173056340238276762e-01 5.193217460928905016e-01 8.352844260439558077e-01 2.734369254704901442e-01 8.511714614429459758e-01 4.828110785335292254e-01 5.192392407242892860e-01 6.925129753892793616e-01 7.703051686926050134e-01 3.234607328863643438e-01 4.064108244721850172e-01 6.974396712189419034e-01
4.577113921453822565e-01 8.618590163598367493e-01 7.699189048228980425e-01 8.475681590227919227e-01 3.666812127491512197e-01 0.000000000000000000e+00 3.965394762513376747e-01 4.143099716664188081e-01 7.630526590584949531e-01 6.449336110545047518e-01 5.773589961613014854e-01 6.532124399601573206e-01 7.457170193938182923e-01 5.520375071661637323e-01 6.935466455496146487e-01 4.906798418230707837e-01 2.658598925231572263e-01 4.079284467423293092e-01 7.408945183957575953e-01 6.094600461461119334e-01 3.130306817362480398e-01 2.084304269887820027e-01 9.728710053385324352e-01 6.724861572000082610e-01 4.788084858129750265e-01 5.061492392493509573e-01 4.722778471592952165e-01 8.134912926028333713e-01 3.952077502834323020e-01 2.227288441985796619e-01 2.321131688332925824e-01 6.646354418424891275e-01 8.505183265201028409e-01 3.757207406195543498e-01 3.406922537382972571e-01
4.377298001934112892e-01 5.923434888680898514e-01 9.065085909676948717e-01 5.610280253761412705e-01 5.797910369541643405e-01 3.965394762513376747e-01 0.000000000000000000e+00 4.513841967401427402e-01 5.836728742883808829e-01 4.661735088116376047e-01 3.026852301676219437e-01 2.908384476253660367e-01 5.070595862766672512e-01 5.619778353901083712e-01 3.991211412848747475e-01 3.533825273122298549e-01 1.944860438584071760e-01 7.623768699231270318e-01 7.216185361658519204e-01 3.090743611323329976e-01 7.517242218074048354e-01 5.660613771526881166e-01 4.534707476459041708e-01 2.859090853056248660e-01 5.060241620239154248e-01 6.311051453247964460e-01 3.182303201312255414e-01 4.713914370845203594e-01 8.884801558472721350e-01 5.297592382639947362e-01 6.791908226706928620e-01 5.498335612416371809e-01 2.586881298977838917e-02 6.247011881359498808e-01 7.836784631329818396e-02
7.912289125161562353e-01 9.662229741214682921e-01 5.493565920301554106e-01 4.470385377649954139e-01 3.628962308740862897e-01 4.143099716664188081e-01 4.513841967401427402e-01 0.000000000000000000e+00 6.325796314629750228e-01 2.770732443773633591e-01 5.994676484525036653e-01 5.674524944898408085e-01 5.198584060492439374e-01 8.313992628307861343e-01 4.693837629416385826e-01 1.269943970152134227e-01 6.377872047989416870e-01 6.138187326525779142e-02 8.700527205166477263e-01 7.898210144949739941e-01 7.846155906585180473e-01 7.494581292798264682e-01 5.160853517096528620e-01 5.008656648275477963e-01 1.156208096550506159e-01 3.698127815335011670e-01 7.547051550621486360e-01 5.084230524035342480e-01 4.316624252906460790e-01 2.770869500282940878e-01 8.002474882151764390e-01 4.338061721716683916e-01 4.935060103454581570e-01 4.428886327060817529e-01 9.926832869436965634e-01
5.746540373033590665e-01 1.899905093507353593e-01 3.612309490232690212e-01 6.070338900932517046e-01 7.883767902081016965e-01 7.630526590584949531e-01 5.836728742883808829e-01 6.325796314629750228e-01 0.000000000000000000e+00 5.698328145295414870e-01 9.009588885931939517e-01 6.279707381797041688e-01 4.522083734560591317e-01 4.949584532462410480e-01 5.090967827853241090e-01 9.137804852326112393e-01 9.359153121033846334e-01 5.719003847823425080e-01 3.057083113680191810e-01 1.305369790873925906e-01 4.149098257676253065e-01 7.884845271479641315e-01 3.079906723760710285e-01 9.699856461800850926e-01 3.013061728067819578e-01 5.354850346658818205e-01 4.792041210905118587e-01 4.735879046251587066e-01 2.301112846520691479e-01 8.144858451936389798e-01 2.253380985381554513e-01 7.790273036576254029e-01 7.025333678011838057e-01 3.279807566459197465e-01 4.139359506279514100e-01
5.041465134620515265e-02 5.300080119160367476e-01 5.569137347972077379e-01 5.758303617710909261e-01 6.237052643104692429e-01 6.449336110545047518e-01 4.661735088116376047e-01 2.770732443773633591e-01 5.698328145295414870e-01 0.000000000000000000e+00 2.605971896578082037e-01 5.551006576893842137e-01 8.228026899564493402e-01 4.857250032336911660e-01 7.707884665491275822e-01 9.490609315542593016e-01 8.236149882454755211e-01 5.317540695474678447e-01 8.471776925225752430e-01 5.610823192314149388e-01 7.531200866050740128e-01 1.823724036029036322e-01 8.434074330638900996e-01 5.958684000344514065e-01 2.483334299892400177e-01 6.496458408374997662e-01 7.067138457838514354e-01 7.327012433627665411e-01 2.434914910390566511e-01 4.546607290678199020e-01 6.340757061910473613e-01 4.576797804845074702e-01 7.240477031826982879e-01 9.266153913238422968e-01 1.886110311208989421e-01
8.744682706482262979e-01 5.390233469377256892e-01 4.238880002656856272e-01 7.292602540377408626e-01 5.243351131136205767e-01 5.773589961613014854e-01 3.026852301676219437e-01 5.994676484525036653e-01 9.009588885931939517e-01 2.605971896578082037e-01 0.000000000000000000e+00 8.419321667729887659e-01 4.903199081930008640e-01 8.294914653137588356e-01 3.660575296104264242e-01 2.126026037193952112e-01 7.330999670319408024e-01 4.001250236445920150e-01 6.462749135525066579e-01 8.528235354135366153e-01 1.711942509571242610e-01 2.011436105787645090e-01 3.983693753491592826e-01 8.924295120844856211e-01 8.195632356684238173e-01 3.840946997659668849e-01 6.952762523642723735e-01 4.414214088876136088e-01 2.511822745981602267e-01 6.555270230486660576e-01 3.534276676843217668e-01 8.577027015751237382e-01 4.179039256381589795e-01 7.397917024790381380e-01 9.192841226676438104e-01
7.813877571040179770e-01 5.086202513410884585e-01 5.576460806915366497e-01 3.740340072851322528e-02 1.331670333945048634e-01 6.532124399601573206e-01 2.908384476253660367e-01 5.674524944898408085e-01 6.279707381797041688e-01 5.551006576893842137e-01 8.419321667729887659e-01 0.000000000000000000e+00 8.711627277222548926e-01 7.043869667548239288e-01 3.473449223112711204e-01 8.048131252526993240e-01 6.927189639987334502e-01 3.535170533975380280e-01 6.927932725963443783e-01 5.455535766695087663e-01 8.347105329346766744e-01 8.154164504951678660e-01 7.344671738929409166e-01 1.223789058006776731e-01 9.673764042331676194e-01 5.484058522901377186e-01 6.005549507035957690e-01 5.440070085350726670e-01 9.108542670929307139e-01 9.633211712073055377e-01 8.734049639285521582e-01 7.019262203025257163e-01 4.489449110922705821e-01 4.714219795456254247e-01 6.234401182286180010e-01
7.020701572069538710e-01 8.129196012224878531e-01 6.341488394850756105e-01 4.698963681383833690e-01 5.420628114037562284e-01 7.457170193938182923e-01 5.070595862766672512e-01 5.198584060492439374e-01 4.522083734560591317e-01 8.228026899564493402e-01 4.903199081930008640e-01 8.711627277222548926e-01 0.000000000000000000e+00 4.005628725086912700e-01 5.448738210473048627e-01 7.139935500483745034e-01 7.689172224657967458e-01 4.650409643361050338e-01 4.900960070432577309e-01 7.669262077593309579e-01 9.043502705247963291e-01 6.167176922178044807e-01 2.252961005401584171e-01 5.879598221178470308e-01 6.815529876073163074e-01 4.479908558042839939e-01 6.794052881096506180e-01 4.212847519122371320e-01 2.469304986612762542e-01 6.814750623736420820e-01 9.905253078533660105e-02 8.304419737814741076e-01 3.905495601631488456e-01 5.926810623416673973e-01 7.570938000943097101e-01
3.289334188369951173e-01 7.988908017446694210e-01 4.134316817424621981e-01 3.852540471184823234e-01 2.709947789758946346e-01 5.520375071661637323e-01 5.619778353901083712e-01 8.313992628307861343e-01 4.949584532462410480e-01 4.857250032336911660e-01 8.294914653137588356e-01 7.043869667548239288e-01 4.005628725086912700e-01 0.000000000000000000e+00 6.120297504555879398e-01 2.093025176495435513e-01 6.869961738531844553e-01 6.071215954068747145e-01 5.447617824743340442e-01 1.950953091277971008e-01 7.034394988130501236e-01 5.441486369347774410e-01 7.635890516755943214e-01 4.744595607144915794e-01 5.231765760144541089e-01 5.479362572501571549e-01 5.679308133202028985e-01 7.216735495115415011e-01 6.323458846681315748e-01 8.787967315297755544e-01 7.551964025025410532e-01 7.429261689315447281e-01 8.403421687494362358e-01 7.884933684056267822e-01 7.470229936537491344e-01
2.797457556741539397e-01 6.547744636171316523e-01 7.954363836778594044e-01 5.289159569015827733e-01 8.642333273165927476e-01 6.935466455496146487e-01 3.991211412848747475e-01 4.693837629416385826e-01 5.090967827853241090e-01 7.707884665491275822e-01 3.660575296104264242e-01 3.473449223112711204e-01 5.448738210473048627e-01 6.120297504555879398e-01 0.000000000000000000e+00 5.209610079864170906e-01 4.623530637394609455e-01 8.036317449965344473e-01 8.420194085195156219e-01 5.208001278782261600e-01 8.501934822274912484e-01 5.125720399270845551e-01 4.012694053815585304e-01 5.926216739375482767e-01 3.956402008849777552e-01 3.662458224876650181e-01 5.616801992075957095e-01 6.651200685349566433e-01 2.372218144542940221e-01 4.853641895126948880e-01 6.121037746941102586e-01 5.968138877590571933e-01 7.989363209069176852e-01 3.223917336652247778e-01 6.458228684435365352e-01
5.540425857363058260e-01 4.673680689248145281e-01 1.736794584387274520e-01 8.877091572659667751e-01 4.276135388012192173e-03 4.906798418230707837e-01 3.533825273122298549e-01 1.269943970152134227e-01 9.137804852326112393e-01 9.490609315542593016e-01 2.126026037193952112e-01 8.048131252526993240e-01 7.139935500483745034e-01 2.093025176495435513e-01 5.209610079864170906e-01 0.000000000000000000e+00 7.846435034849308376e-01 7.359581330556864698e-01 9.458277347430728010e-01 7.021021295198208723e-01 4.984282919311843751e-01 2.607673332699514956e-01 3.766060739094747589e-01 7.101601451799482989e-01 4.887241190892081533e-01 5.664068628764635793e-01 2.585729163855169377e-01 3.556590293992333285e-01 7.703370676728007460e-01 8.106228010439968656e-01 5.851968338335615805e-01 8.007524155113958653e-01 1.964355875426849751e-01 4.901339183137958244e-01 8.004535741744521760e-01
5.887600615555612649e-01 5.800460150184174601e-01 2.190803648387210645e-01 1.879793601163241012e-01 4.671777738941991776e-01 2.658598925231572263e-01 1.944860438584071760e-01 6.377872047989416870e-01 9.359153121033846334e-01 8.236149882454755211e-01 7.330999670319408024e-01 6.927189639987334502e-01 7.689172224657967458e-01 6.869961738531844553e-01 4.623530637394609455e-01 7.846435034849308376e-01 0.000000000000000000e+00 2.588183379653027916e-01 4.768792797382884752e-01 5.921084353707757320e-01 9.561834735553309539e-02 8.374613182976173853e-01 5.769895933967706947e-01 4.477036263335750776e-01 8.279739957151475149e-01 7.109452870786281409e-01 5.325834238456135239e-01 4.242121170195186086e-01 6.325454916773523006e-01 9.227896090597025314e-01 7.861862145014855141e-01 5.478079193928232504e-01 5.345372783396358241e-01 6.391564613715520204e-01 3.772961437194192191e-01
5.706911417742184245e-01 8.975868989028191747e-01 4.778392795874489285e-01 5.290974581847573965e-01 3.358727471387487062e-01 4.079284467423293092e-01 7.623768699231270318e-01 6.138187326525779142e-02 5.719003847823425080e-01 5.317540695474678447e-01 4.001250236445920150e-01 3.535170533975380280e-01 4.650409643361050338e-01 6.071215954068747145e-01 8.036317449965344473e-01 7.359581330556864698e-01 2.588183379653027916e-01 0.000000000000000000e+00 3.683722001129121626e-01 8.717847584329202482e-01 4.834168611130453819e-01 7.760150841790307563e-01 4.221820760063026978e-01 2.731900376754807791e-01 6.205882770328059461e-01 5.082198862466535960e-01 9.459835669602769670e-01 3.625703733340274182e-01 5.178016044157032205e-01 8.751906369645070516e-01 4.780050916429751107e-01 6.737169352049964255e-01 5.179105119017268777e-01 2.767707780462017597e-01 3.993767462142028823e-01
1.859498827837771096e-01 5.066188389604453501e-01 8.423302968210588659e-01 5.277469279711448635e-01 3.369145591498499126e-01 7.408945183957575953e-01 7.216185361658519204e-01 8.700527205166477263e-01 3.057083113680191810e-01 8.471776925225752430e-01 6.462749135525066579e-01 6.927932725963443783e-01 4.900960070432577309e-01 5.447617824743340442e-01 8.420194085195156219e-01 9.458277347430728010e-01 4.768792797382884752e-01 3.683722001129121626e-01 0.000000000000000000e+00 3.435870129744670320e-01 6.157985092174105279e-01 8.662889701936034026e-01 4.657719974347689917e-01 4.577040287663353135e-01 6.002071986350503430e-01 6.515727551188971178e-01 3.043622396410442521e-01 5.271885178212984968e-01 7.325898330288486138e-01 8.794062562312034981e-01 7.361165118670831564e-01 4.466921938045029794e-01 5.806907506751565196e-01 4.502416355572081974e-01 4.903547911690481209e-01
4.237775328743411118e-01 1.957991600464386028e-01 4.689646848763920350e-01 6.755892203804936269e-01 4.873904825238453142e-01 6.094600461461119334e-01 3.090743611323329976e-01 7.898210144949739941e-01 1.305369790873925906e-01 5.610823192314149388e-01 8.528235354135366153e-01 5.455535766695087663e-01 7.669262077593309579e-01 1.950953091277971008e-01 5.208001278782261600e-01 7.021021295198208723e-01 5.921084353707757320e-01 8.717847584329202482e-01 3.435870129744670320e-01 0.000000000000000000e+00 7.772916685476212173e-01 1.066477033594158130e-01 7.464336470338073237e-01 3.682554291735504193e-01 4.940387096765631592e-01 5.721850356189605025e-01 1.851778030088480076e-01 3.176873618907500862e-01 7.794582587678499097e-01 8.196027138721424521e-01 5.543614798885576622e-01 7.261258613460457312e-01 3.993121232943825927e-01 4.765740597545958801e-01 2.794919770176065854e-01
4.645673050192556941e-01 4.979033102172056857e-01 8.194037483406537703e-01 2.166375455339797362e-01 4.118726054960870075e-01 3.130306817362480398e-01 7.517242218074048354e-01 7.846155906585180473e-01 4.149098257676253065e-01 7.531200866050740128e-01 1.711942509571242610e-01 8.347105329346766744e-01 9.043502705247963291e-01 7.034394988130501236e-01 8.501934822274912484e-01 4.984282919311843751e-01 9.561834735553309539e-02 4.834168611130453819e-01 6.157985092174105279e-01 7.772916685476212173e-01 0.000000000000000000e+00 5.696042136547116996e-01 2.920861023663074985e-01 4.962233374795498309e-01 2.044906424390704469e-01 5.360958564445675867e-01 4.459876512673648929e-01 3.739568552918614008e-01 8.672698399777138967e-01 7.425193815027834043e-01 8.981131359972538419e-01 8.131118191826023356e-01 4.574354179594554148e-01 3.323467932488179954e-01 7.272523534536396994e-01
3.564478916573945444e-01 5.490093515329037555e-01 4.322058021333192168e-01 3.938489503400784963e-01 6.550006065490363572e-01 2.084304269887820027e-01 5.660613771526881166e-01 7.494581292798264682e-01 7.884845271479641315e-01 1.823724036029036322e-01 2.011436105787645090e-01 8.154164504951678660e-01 6.167176922178044807e-01 5.441486369347774410e-01 5.125720399270845551e-01 2.607673332699514956e-01 8.374613182976173853e-01 7.760150841790307563e-01 8.662889701936034026e-01 1.066477033594158130e-01 5.696042136547116996e-01 0.000000000000000000e+00 2.008371728880953277e-01 2.740676346951791409e-01 4.418357516817399411e-01 5.031514230037638091e-01 4.082268163781490045e-01 4.995784728216197124e-01 5.277245172709990051e-01 4.607515047858318780e-01 5.754046597708745159e-01 4.670270878907589740e-01 4.968557633776276572e-01 4.206764407716827026e-01 9.867548973562556558e-02
2.817971929597454794e-01 4.527983147612945625e-01 7.851004494282852741e-01 7.337903091891406770e-01 2.096874894762777997e-01 9.728710053385324352e-01 4.534707476459041708e-01 5.160853517096528620e-01 3.079906723760710285e-01 8.434074330638900996e-01 3.983693753491592826e-01 7.344671738929409166e-01 2.252961005401584171e-01 7.635890516755943214e-01 4.012694053815585304e-01 3.766060739094747589e-01 5.769895933967706947e-01 4.221820760063026978e-01 4.657719974347689917e-01 7.464336470338073237e-01 2.920861023663074985e-01 2.008371728880953277e-01 0.000000000000000000e+00 7.042258072260569879e-01 7.066255272856136749e-01 7.641908844387519384e-01 5.502890150699808469e-01 3.514715355223925197e-01 3.906958766544221806e-01 5.411351018214847208e-01 5.287629088652568976e-01 6.697380176739737845e-01 3.697397028702802402e-01 6.008848151333210375e-01 7.808823327701246431e-01
5.132841570628393635e-01 4.107955734539973092e-01 8.273563095493183805e-01 5.678765868098720748e-01 5.173056340238276762e-01 6.724861572000082610e-01 2.859090853056248660e-01 5.008656648275477963e-01 9.699856461800850926e-01 5.958684000344514065e-01 8.924295120844856211e-01 1.223789058006776731e-01 5.879598221178470308e-01 4.744595607144915794e-01 5.926216739375482767e-01 7.101601451799482989e-01 4.477036263335750776e-01 2.731900376754807791e-01 4.577040287663353135e-01 3.682554291735504193e-01 4.962233374795498309e-01 2.740676346951791409e-01 7.042258072260569879e-01 0.000000000000000000e+00 5.028160456039030279e-01 4.904972202046175567e-01 6.634896076273917309e-01 3.285219926590103867e-01 4.245721312321834029e-01 5.809645206471583112e-01 8.498860901720463046e-01 5.301435750648473277e-01 2.242998033671109726e-01 3.498264051354886828e-01 8.712218113139624798e-01
6.968532313288933189e-01 4.960803281883313653e-01 8.612698857930862761e-01 5.681599286347809308e-01 5.193217460928905016e-01 4.788084858129750265e-01 5.060241620239154248e-01 1.156208096550506159e-01 3.013061728067819578e-01 2.483334299892400177e-01 8.195632356684238173e-01 9.673764042331676194e-01 6.815529876073163074e-01 5.231765760144541089e-01 3.956402008849777552e-01 4.887241190892081533e-01 8.279739957151475149e-01 6.205882770328059461e-01 6.002071986350503430e-01 4.940387096765631592e-01 2.044906424390704469e-01 4.418357516817399411e-01 7.066255272856136749e-01 5.028160456039030279e-01 0.000000000000000000e+00 5.624768263402540880e-01 1.292670672602055371e-01 9.825957203713695520e-01 4.168077938751494349e-01 3.405449835885531740e-01 4.342229857517995173e-01 1.785207605226480920e-01 2.728203585518204077e-01 7.821798322555537641e-01 4.445879819339608741e-01
6.148399351478699426e-01 5.828732705534422909e-01 7.551519595318409994e-01 5.004258722018196659e-01 8.352844260439558077e-01 5.061492392493509573e-01 6.311051453247964460e-01 3.698127815335011670e-01 5.354850346658818205e-01 6.496458408374997662e-01 3.840946997659668849e-01 5.484058522901377186e-01 4.479908558042839939e-01 5.479362572501571549e-01 3.662458224876650181e-01 5.664068628764635793e-01 7.109452870786281409e-01 5.082198862466535960e-01 6.515727551188971178e-01 5.721850356189605025e-01 5.360958564445675867e-01 5.031514230037638091e-01 7.641908844387519384e-01 4.904972202046175567e-01 5.624768263402540880e-01 0.000000000000000000e+00 3.813588346909184690e-01 3.378662905294449459e-01 3.986796716792321837e-01 5.985084860083415004e-01 5.090475472740949581e-01 3.417496550238577901e-01 2.216837749942885405e-01 7.442160094970307060e-01 4.387612384211047045e-01
5.686182636337704377e-01 7.504635228431062455e-01 9.058058049646235954e-01 5.294693265858519959e-01 2.734369254704901442e-01 4.722778471592952165e-01 3.182303201312255414e-01 7.547051550621486360e-01 4.792041210905118587e-01 7.067138457838514354e-01 6.952762523642723735e-01 6.005549507035957690e-01 6.794052881096506180e-01 5.679308133202028985e-01 5.616801992075957095e-01 2.585729163855169377e-01 5.325834238456135239e-01 9.459835669602769670e-01 3.043622396410442521e-01 1.851778030088480076e-01 4.459876512673648929e-01 4.082268163781490045e-01 5.502890150699808469e-01 6.634896076273917309e-01 1.292670672602055371e-01 3.813588346909184690e-01 0.000000000000000000e+00 4.026618656396703244e-01 7.729734096468189319e-01 2.474980814458940248e-01 7.145864166783855165e-02 7.995392475127275356e-01 6.570299726506722005e-01 5.877981956975957267e-01 3.271372535580707730e-01
7.476986819390984973e-01 4.382419238979819998e-01 3.912820207891026802e-01 9.544524035966761577e-01 8.511714614429459758e-01 8.134912926028333713e-01 4.713914370845203594e-01 5.084230524035342480e-01 4.735879046251587066e-01 7.327012433627665411e-01 4.414214088876136088e-01 5.440070085350726670e-01 4.212847519122371320e-01 7.216735495115415011e-01 6.651200685349566433e-01 3.556590293992333285e-01 4.242121170195186086e-01 3.625703733340274182e-01 5.271885178212984968e-01 3.176873618907500862e-01 3.739568552918614008e-01 4.995784728216197124e-01 3.514715355223925197e-01 3.285219926590103867e-01 9.825957203713695520e-01 3.378662905294449459e-01 4.026618656396703244e-01 0.000000000000000000e+00 6.343336369037320122e-01 4.241315863257854590e-01 5.747344328132528712e-01 8.254854261848727504e-01 5.559337763774008234e-01 5.266749703362121338e-01 7.269936337357798539e-01
2.992264583406263334e-01 5.394640945341853122e-01 4.323990216665107855e-01 1.668705690571675726e-01 4.828110785335292254e-01 3.952077502834323020e-01 8.884801558472721350e-01 4.316624252906460790e-01 2.301112846520691479e-01 2.434914910390566511e-01 2.511822745981602267e-01 9.108542670929307139e-01 2.469304986612762542e-01 6.323458846681315748e-01 2.372218144542940221e-01 7.703370676728007460e-01 6.325454916773523006e-01 5.178016044157032205e-01 7.325898330288486138e-01 7.794582587678499097e-01 8.672698399777138967e-01 5.277245172709990051e-01 3.906958766544221806e-01 4.245721312321834029e-01 4.168077938751494349e-01 3.986796716792321837e-01 7.729734096468189319e-01 6.343336369037320122e-01 0.000000000000000000e+00 2.129398286166487297e-01 3.822617500515638200e-01 4.605173530386513780e-01 6.558037922968527056e-01 8.059765468762503104e-01 6.902510548701761284e-01
7.236735616576508434e-01 4.694936143057108491e-01 1.202219310552712361e-01 8.939033937026206189e-01 5.192392407242892860e-01 2.227288441985796619e-01 5.297592382639947362e-01 2.770869500282940878e-01 8.144858451936389798e-01 4.546607290678199020e-01 6.555270230486660576e-01 9.633211712073055377e-01 6.814750623736420820e-01 8.787967315297755544e-01 4.853641895126948880e-01 8.106228010439968656e-01 9.227896090597025314e-01 8.751906369645070516e-01 8.794062562312034981e-01 8.196027138721424521e-01 7.425193815027834043e-01 4.607515047858318780e-01 5.411351018214847208e-01 5.809645206471583112e-01 3.405449835885531740e-01 5.985084860083415004e-01 2.474980814458940248e-01 4.241315863257854590e-01 2.129398286166487297e-01 0.000000000000000000e+00 4.861427470383559157e-01 7.427248442838665365e-01 6.335382044087082276e-01 9.586576762343745894e-01 1.237947717657286173e-01
7.966506979758414264e-01 3.951709727879276768e-01 7.635820530134130868e-01 3.829941400043188615e-01 6.925129753892793616e-01 2.321131688332925824e-01 6.791908226706928620e-01 8.002474882151764390e-01 2.253380985381554513e-01 6.340757061910473613e-01 3.534276676843217668e-01 8.734049639285521582e-01 9.905253078533660105e-02 7.551964025025410532e-01 6.121037746941102586e-01 5.851968338335615805e-01 7.861862145014855141e-01 4.780050916429751107e-01 7.361165118670831564e-01 5.543614798885576622e-01 8.981131359972538419e-01 5.754046597708745159e-01 5.287629088652568976e-01 8.498860901720463046e-01 4.342229857517995173e-01 5.090475472740949581e-01 7.145864166783855165e-02 5.747344328132528712e-01 3.822617500515638200e-01 4.861427470383559157e-01 0.000000000000000000e+00 3.963240527204242580e-01 5.136144518730800801e-01 3.249053189490277438e-01 5.339015761430890850e-01
6.235409880212412492e-01 1.074111730172135903e-01 8.478114462975600008e-02 7.844694032629828673e-01 7.703051686926050134e-01 6.646354418424891275e-01 5.498335612416371809e-01 4.338061721716683916e-01 7.790273036576254029e-01 4.576797804845074702e-01 8.577027015751237382e-01 7.019262203025257163e-01 8.304419737814741076e-01 7.429261689315447281e-01 5.968138877590571933e-01 8.007524155113958653e-01 5.478079193928232504e-01 6.737169352049964255e-01 4.466921938045029794e-01 7.261258613460457312e-01 8.131118191826023356e-01 4.670270878907589740e-01 6.697380176739737845e-01 5.301435750648473277e-01 1.785207605226480920e-01 3.417496550238577901e-01 7.995392475127275356e-01 8.254854261848727504e-01 4.605173530386513780e-01 7.427248442838665365e-01 3.963240527204242580e-01 0.000000000000000000e+00 4.996864455033646069e-01 3.132075876786424851e-01 4.668594210504618536e-01
5.709072117872632246e-01 4.796289773203635809e-01 5.530634290545595189e-01 4.674879427371518847e-01 3.234607328863643438e-01 8.505183265201028409e-01 2.586881298977838917e-02 4.935060103454581570e-01 7.025333678011838057e-01 7.240477031826982879e-01 4.179039256381589795e-01 4.489449110922705821e-01 3.905495601631488456e-01 8.403421687494362358e-01 7.989363209069176852e-01 1.964355875426849751e-01 5.345372783396358241e-01 5.179105119017268777e-01 5.806907506751565196e-01 3.993121232943825927e-01 4.574354179594554148e-01 4.968557633776276572e-01 3.697397028702802402e-01 2.242998033671109726e-01 2.728203585518204077e-01 2.216837749942885405e-01 6.570299726506722005e-01 5.559337763774008234e-01 6.558037922968527056e-01 6.335382044087082276e-01 5.136144518730800801e-01 4.996864455033646069e-01 0.000000000000000000e+00 1.433366790258266965e-01 3.409944258265910078e-01
6.689140493013838729e-01 8.520046254775888173e-01 2.638406175271138521e-01 6.393450645806491028e-01 4.064108244721850172e-01 3.757207406195543498e-01 6.247011881359498808e-01 4.428886327060817529e-01 3.279807566459197465e-01 9.266153913238422968e-01 7.397917024790381380e-01 4.714219795456254247e-01 5.926810623416673973e-01 7.884933684056267822e-01 3.223917336652247778e-01 4.901339183137958244e-01 6.391564613715520204e-01 2.767707780462017597e-01 4.502416355572081974e-01 4.765740597545958801e-01 3.323467932488179954e-01 4.206764407716827026e-01 6.008848151333210375e-01 3.498264051354886828e-01 7.821798322555537641e-01 7.442160094970307060e-01 5.877981956975957267e-01 5.266749703362121338e-01 8.059765468762503104e-01 9.586576762343745894e-01 3.249053189490277438e-01 3.132075876786424851e-01 1.433366790258266965e-01 0.000000000000000000e+00 7.950862862515967189e-01
5.221204217103694312e-01 8.701963200363695972e-01 3.205060418945016032e-01 4.805997401862741047e-01 6.974396712189419034e-01 3.406922537382972571e-01 7.836784631329818396e-02 9.926832869436965634e-01 4.139359506279514100e-01 1.886110311208989421e-01 9.192841226676438104e-01 6.234401182286180010e-01 7.570938000943097101e-01 7.470229936537491344e-01 6.458228684435365352e-01 8.004535741744521760e-01 3.772961437194192191e-01 3.993767462142028823e-01 4.903547911690481209e-01 2.794919770176065854e-01 7.272523534536396994e-01 9.867548973562556558e-02 7.808823327701246431e-01 8.712218113139624798e-01 4.445879819339608741e-01 4.387612384211047045e-01 3.271372535580707730e-01 7.269936337357798539e-01 6.902510548701761284e-01 1.237947717657286173e-01 5.339015761430890850e-01 4.668594210504618536e-01 3.409944258265910078e-01 7.950862862515967189e-01 0.000000000000000000e+00
