0.000000000000000000e+00 9.525034619835924810e-01 7.268170364119004301e-01 3.344870861707160969e-01 5.626690163699827885e-01 3.472609999215821031e-01 1.704403233207277268e-01 7.749560207205516971e-01 1.239927644388291172e-01 2.127750289675490736e-01 7.283075346012184426e-01 8.682713893811440098e-01 7.649977573375170703e-01 5.064064489917441403e-02 3.570005496621111996e-01 6.466165197843035672e-01 5.283778997667214483e-01 6.810652296854255994e-01 4.236758702919734554e-01 8.099162625642047919e-01 8.351303413204462789e-01 3.732226986441015137e-01 7.091876552353626462e-02 5.059727631002466364e-01 7.512308583721489796e-01 6.586241609118962392e-01 4.763242337024831685e-01 2.409743784306316861e-01 4.104811788532829464e-01 8.333971528256431949e-01 5.599906236451065444e-01 4.617430450848216683e-01 7.162121600626946138e-01 6.789871469245688518e-01 1.948366352421511682e-01
9.525034619835924810e-01 0.000000000000000000e+00 1.362780644990266854e-01 5.559700669155122066e-01 4.637736085269811848e-01 7.012639156596406353e-01 2.351570052280530509e-01 1.930236705849990297e-01 4.997058795261294373e-01 2.806555875844400361e-01 6.067953304005173631e-01 8.437595250815439485e-01 5.112351515695920945e-01 5.812504820992606680e-01 3.020673068409162054e-01 7.183006804238809551e-01 6.315157756981514270e-01 6.977828444323423973e-01 7.222051482272811018e-01 5.753369956174022581e-01 5.262070562183125411e-01 3.408679718524386115e-01 4.251103631802173322e-01 3.749059164136170907e-01 3.817190864367725478e-01 7.627329191091918315e-01 6.612763573541131645e-01 4.332445516219765591e-01 3.986316414687554599e-01 5.732837798496943638e-01 6.979971703397622740e-01 3.420127959202061696e-01 1.792963238940277759e-01 4.338535761020445580e-01 5.392710062279609806e-01
7.268170364119004301e-01 1.362780644990266854e-01 0.000000000000000000e+00 3.539666759072134239e-01 8.396500969563698291e-01 8.248704891996014865e-01 2.617390260601454299e-01 6.849609583289162362e-01 5.487712547295030552e-01 7.045644195519413788e-01 4.751127948825373259e-01 7.171071913517237384e-01 1.609653943914921559e-01 3.377785497205819665e-01 4.562212887543076745e-01 2.721564231658972766e-01 6.101783063708031696e-01 2.723038789067034893e-01 7.855725233158510346e-01 6.402485012434895317e-01 5.928964591747953872e-01 2.864414379939811406e-01 4.679073713280700875e-01 5.687706097936024996e-01 7.797529000042803249e-01 4.868755228779979016e-01 6.037603222502462286e-01 5.359228412852508061e-01 6.306807346720969543e-01 8.470088890507663226e-01 4.536738886402151838e-01 7.284994129208861580e-01 3.689723741273814861e-01 4.158142406352806630e-01 5.029865746749984101e-01
3.344870861707160969e-01 5.559700669155122066e-01 3.539666759072134239e-01 0.000000000000000000e+00 4.264801725553513112e-01 6.523404894173379098e-01 1.371691968623227620e-01 6.082033956678394304e-01 1.153685910767787703e-01 7.998026833382088086e-01 4.281727360419633199e-01 3.668546399119216872e-01 4.194060747590240279e-01 2.302280544091043213e-01 3.715835134333770329e-01 6.080091009729367002e-01 5.997357152719524631e-01 3.521698332862684966e-01 8.130246337480391272e-01 1.746258669736301394e-01 3.080928205706934264e-02 5.139785344459377736e-01 5.769746992838262756e-01 6.860903203274634210e-01 4.296049290839106805e-01 3.929474827625727418e-01 6.388092696631708645e-01 4.347013466352455113e-01 5.021296547934609444e-01 4.864021453295651609e-01 8.626769022806943799e-01 9.891553821091890741e-01 1.189060313340493114e-01 5.854920911150488516e-01 9.202951861698566161e-01
5.626690163699827885e-01 4.637736085269811848e-01 8.396500969563698291e-01 4.264801725553513112e-01 0.000000000000000000e+00 1.120014466001352238e-01 4.149494258228424437e-01 8.955010595669421480e-02 4.964803236294382804e-01 6.240517772929432549e-01 7.484741436872515141e-01 5.875772849879935533e-01 6.649858794760293845e-01 5.031128310741506127e-01 4.155686073373264788e-01 6.645945504843169260e-01 6.863486059758998614e-01 3.296070396861684459e-01 7.451274038373216779e-01 6.895714266063597275e-01 8.320894681385759828e-02 5.714728180887076459e-01 5.025385269132638388e-01 4.330962992423180724e-01 5.567737909086193371e-01 8.242482389118208630e-01 3.666585232641534908e-01 9.306000946013499586e-01 8.424481317604549657e-01 5.327687223493942081e-01 5.096070255417940453e-01 9.574786595264193068e-01 4.518537250681708972e-01 8.081291556477032678e-01 6.244402213703323934e-01
3.472609999215821031e-01 7.012639156596406353e-01 8.248704891996014865e-01 6.523404894173379098e-01 1.120014466001352238e-01 0.000000000000000000e+00 8.390675556018876158e-01 8.580209079879850265e-01 3.617533019071988987e-01 8.123250613149985977e-01 3.493329777155124716e-01 3.838043899036479578e-01 7.007943510483625182e-01 3.611972953860906888e-01 1.746978131500144249e-01 8.962979109750964790e-01 7.109582655644912652e-01 5.951098519028992229e-01 8.314807473461995890e-01 5.297852059393779456e-01 8.597837892632158585e-01 4.566689576960530905e-01 3.156702033507482463e-01 1.124838185072362107e-01 3.979451884534154771e-01 8.710436237657916969e-01 6.337580299795446681e-01 4.439966283432305039e-01 6.272352006003272251e-01 4.682996659940844575e-01 8.706254011948741933e-01 3.344610935140737151e-01 2.885178696786035446e-01 4.653747214411287914e-01 7.158775074337409006e-01
1.704403233207277268e-01 2.351570052280530509e-01 2.617390260601454299e-01 1.371691968623227620e-01 4.149494258228424437e-01 8.390675556018876158e-01 0.000000000000000000e+00 5.380028365551462466e-01 6.515335553700698501e-01 5.657514385528131795e-01 4.849039754449579465e-01 8.479551454575027236e-01 3.386719095365177123e-01 5.154048326005541414e-01 8.870165728025641849e-01 5.004235976525726048e-01 4.885769807449117930e-01 5.325743772293299871e-01 2.356899320833582001e-01 1.687022748170226016e-01 7.606086087565095966e-01 3.922407581079238037e-01 4.876674418061839877e-01 4.832240251134286568e-01 8.704181654824522107e-01 4.704681618471426852e-01 3.710664418986691082e-01 3.495891140957320120e-01 7.706646091479341099e-02 1.982392334248328503e-01 6.791480795333109111e-01 5.929442785953156214e-01 4.082284511055927489e-01 7.546044609067883435e-01 5.777572565474026201e-01
7.749560207205516971e-01 1.930236705849990297e-01 6.849609583289162362e-01 6.082033956678394304e-01 8.955010595669421480e-02 8.580209079879850265e-01 5.380028365551462466e-01 0.000000000000000000e+00 3.656696210358268972e-01 1.989138395760464140e-01 7.738899521467437204e-01 6.451265882236727478e-01 2.526338597254274010e-01 3.539302646143305253e-02 4.561476283395005105e-01 9.252962170494070104e-01 1.160794908849853702e-01 5.967508952870264061e-01 4.539081976856664813e-01 5.676267255336326922e-01 7.622136728795037008e-02 7.027988437324497184e-01 6.033188889140860267e-01 3.139188048038132894e-01 7.075874508506824201e-01 2.640426033155908181e-01 5.619203893327235910e-01 2.987270783857217671e-01 4.160873250301481141e-01 7.469706432410485597e-01 5.135723533438499855e-01 7.228197867141700206e-01 8.220377702299446199e-01 4.388069289559335395e-01 1.972901070466313578e-01
1.239927644388291172e-01 4.997058795261294373e-01 5.487712547295030552e-01 1.153685910767787703e-01 4.964803236294382804e-01 3.617533019071988987e-01 6.515335553700698501e-01 3.656696210358268972e-01 0.000000000000000000e+00 5.343566777630269771e-01 4.837091202446137106e-01 4.435977978802828625e-01 4.609857492885403030e-01 5.603895436804934294e-01 3.761667083306685644e-01 4.044843567324193367e-01 6.192431812912019273e-01 3.947351668505271749e-01 6.312798104770802610e-01 2.237778261264407043e-01 3.451792603557171102e-01 2.666966782659498381e-01 6.262874840617695948e-01 4.124115201722408086e-01 1.093063311171201812e-01 4.015814689423005124e-01 7.200644149792618798e-01 6.484874794564988720e-01 3.930150398464211103e-01 6.642065555752901806e-01 6.822630718139262029e-01 4.692922588226531300e-01 3.729744061073577699e-01 9.577221032645188981e-02 9.242163548717309274e-01
2.127750289675490736e-01 2.806555875844400361e-01 7.045644195519413788e-01 7.998026833382088086e-01 6.240517772929432549e-01 8.123250613149985977e-01 5.657514385528131795e-01 1.989138395760464140e-01 5.343566777630269771e-01 0.000000000000000000e+00 7.552919254873085020e-01 7.065712324656501231e-01 7.231278334096299387e-01 4.792032012834839816e-01 5.568754410084153506e-01 6.472103492772902644e-01 5.754154174450439863e-01 6.810601149249548847e-01 5.878983241448098029e-01 5.984310379026619442e-01 6.210438337654785590e-01 2.073121881676254219e-01 9.100363714140669025e-01 4.268925666429439492e-01 9.397303835072144951e-01 3.992758213022128411e-01 6.780832142042259036e-01 6.945683960536578327e-01 2.625676999027383163e-01 4.252191907910265467e-01 1.177093008473112379e-01 3.853678874353099193e-01 8.471644453670172936e-01 5.926789174796991411e-01 6.474556190533241606e-01
7.283075346012184426e-01 6.067953304005173631e-01 4.751127948825373259e-01 4.281727360419633199e-01 7.484741436872515141e-01 3.493329777155124716e-01 4.849039754449579465e-01 7.738899521467437204e-01 4.837091202446137106e-01 7.552919254873085020e-01 0.000000000000000000e+00 4.441001221409335842e-01 3.645489267909685638e-01 8.051694309329409105e-01 4.479108980350255398e-01 9.359065298856510395e-01 1.816703463111729588e-01 4.903829210899157687e-01 9.168424916736634955e-01 5.020554666642578212e-01 7.254330477090942253e-02 8.650925806284888164e-01 6.047864670488258820e-01 5.863413463538678094e-01 1.442195420456108268e-01 3.547952561657301551e-01 7.376139408063885350e-01 4.416092913702087674e-01 6.996216000538368895e-02 5.438864423094493805e-01 4.254872480717679095e-01 8.756328492646353601e-01 4.456678166653722517e-01 2.757688719207369576e-01 6.788430144055278559e-01
8.682713893811440098e-01 8.437595250815439485e-01 7.171071913517237384e-01 3.668546399119216872e-01 5.875772849879935533e-01 3.838043899036479578e-01 8.479551454575027236e-01 6.451265882236727478e-01 4.435977978802828625e-01 7.065712324656501231e-01 4.441001221409335842e-01 0.000000000000000000e+00 8.009895929032972983e-01 7.221208589347114515e-01 4.527380323930682571e-01 9.588725481419577701e-01 1.748192178212423231e-01 8.370497462547854539e-01 2.560526765188487763e-01 4.367774589434031962e-01 4.840951345025021890e-01 5.649750475672321581e-01 6.698737018345545247e-01 4.950166421262308658e-01 5.947101717585234759e-01 2.319486346045552816e-01 7.354485968169319765e-01 4.535364736211281445e-01 6.846557687212508903e-01 4.681706331124144138e-01 7.286815346580977071e-02 4.775176266452000329e-01 4.909890010686612238e-01 3.248674447127191667e-01 5.957079746094797734e-01
7.649977573375170703e-01 5.112351515695920945e-01 1.609653943914921559e-01 4.194060747590240279e-01 6.649858794760293845e-01 7.007943510483625182e-01 3.386719095365177123e-01 2.526338597254274010e-01 4.609857492885403030e-01 7.231278334096299387e-01 3.645489267909685638e-01 8.009895929032972983e-01 0.000000000000000000e+00 3.783707232245200336e-01 9.009336368719152999e-01 1.673753858926654292e-01 8.352747532537455610e-01 6.023178633122907577e-01 3.849476001196021624e-01 4.187732491194704476e-01 9.457174025433967568e-01 6.545574338984809781e-01 5.888754929301174279e-01 7.786646858821770767e-01 5.002453542335929537e-01 1.283796095214845279e-01 7.181074130497164809e-01 2.851625520784479839e-01 6.504582110467875822e-01 4.281228706410499241e-01 5.131948988462565753e-01 3.310245296202838361e-01 6.827836080808651342e-01 7.132742783241571294e-01 4.808032769431713205e-01
5.064064489917441403e-02 5.812504820992606680e-01 3.377785497205819665e-01 2.302280544091043213e-01 5.031128310741506127e-01 3.611972953860906888e-01 5.154048326005541414e-01 3.539302646143305253e-02 5.603895436804934294e-01 4.792032012834839816e-01 8.051694309329409105e-01 7.221208589347114515e-01 3.783707232245200336e-01 0.000000000000000000e+00 4.692224058482493132e-01 4.051216835130730387e-01 9.120880933514063926e-01 4.175096490199827759e-01 5.042406024801702191e-01 4.645628739677484242e-01 7.857822643438541199e-01 5.990155748395575852e-01 7.262622489620913502e-01 2.761545465031624014e-01 1.167204789013664423e-01 8.132174304881857330e-01 2.673964438194118554e-01 4.186088830634663305e-01 6.010868448534049113e-01 6.626817649552992906e-01 3.096785731706934719e-01 8.727949400372490008e-01 7.064506909072441054e-01 7.401955145275798120e-01 8.746104496936735195e-01
3.570005496621111996e-01 3.020673068409162054e-01 4.562212887543076745e-01 3.715835134333770329e-01 4.155686073373264788e-01 1.746978131500144249e-01 8.870165728025641849e-01 4.561476283395005105e-01 3.761667083306685644e-01 5.568754410084153506e-01 4.479108980350255398e-01 4.527380323930682571e-01 9.009336368719152999e-01 4.692224058482493132e-01 0.000000000000000000e+00 4.660702834149331730e-01 4.218118554289630451e-01 3.121857062897753776e-01 7.397976938911293709e-01 6.100880530650523159e-01 5.348504940159980459e-01 2.522606285187920516e-01 6.411998692133015210e-01 5.693210569812741095e-01 5.224112194280992050e-01 6.725901311943087713e-01 4.752232302857465895e-01 2.053079198872022060e-01 7.140421626041526526e-01 1.088403698767441696e-01 8.938870955683397845e-01 1.123088101744028622e-01 7.585810051606103332e-01 6.645240533562520868e-01 5.628232694789923052e-01
6.466165197843035672e-01 7.183006804238809551e-01 2.721564231658972766e-01 6.080091009729367002e-01 6.645945504843169260e-01 8.962979109750964790e-01 5.004235976525726048e-01 9.252962170494070104e-01 4.044843567324193367e-01 6.472103492772902644e-01 9.359065298856510395e-01 9.588725481419577701e-01 1.673753858926654292e-01 4.051216835130730387e-01 4.660702834149331730e-01 0.000000000000000000e+00 4.861245351602127562e-01 6.574298622621188581e-01 2.886272434509856710e-01 5.725850439765000077e-01 9.335133171477754122e-01 3.116987896662928303e-01 3.330292064066613378e-01 7.905353773978058829e-01 6.992142693473683002e-01 4.997710267448706722e-01 7.830666713760330300e-01 7.955394109732936148e-01 6.260340922448595080e-01 5.895397798883421636e-01 4.162635134841680684e-01 8.438693171858784314e-01 7.196757971633008788e-01 5.068247903941009991e-01 9.402114327614327083e-01
5.283778997667214483e-01 6.315157756981514270e-01 6.101783063708031696e-01 5.997357152719524631e-01 6.863486059758998614e-01 7.109582655644912652e-01 4.885769807449117930e-01 1.160794908849853702e-01 6.192431812912019273e-01 5.754154174450439863e-01 1.816703463111729588e-01 1.748192178212423231e-01 8.352747532537455610e-01 9.120880933514063926e-01 4.218118554289630451e-01 4.861245351602127562e-01 0.000000000000000000e+00 3.547074308276514931e-01 4.378711154933363492e-01 4.899277111967453857e-01 5.841728106150707589e-01 7.004360189982967722e-01 7.387144480275439351e-01 5.457260146452631577e-01 4.128818131611957098e-01 7.617997590921776752e-01 1.650329678318042115e-01 7.371123249849473869e-01 3.834090938371036983e-01 6.769027557866276190e-01 7.833467902786762638e-01 6.172447071355013914e-01 5.108786181544802130e-01 6.605845656809783417e-02 5.041045830282711027e-01
6.810652296854255994e-01 6.977828444323423973e-01 2.723038789067034893e-01 3.521698332862684966e-01 3.296070396861684459e-01 5.951098519028992229e-01 5.325743772293299871e-01 5.967508952870264061e-01 3.947351668505271749e-01 6.810601149249548847e-01 4.903829210899157687e-01 8.370497462547854539e-01 6.023178633122907577e-01 4.175096490199827759e-01 3.121857062897753776e-01 6.574298622621188581e-01 3.547074308276514931e-01 0.000000000000000000e+00 7.044913929393278318e-01 6.691486987252758256e-01 4.200410228250877065e-01 6.691363329288235740e-01 9.484290808141400131e-01 4.359432374898032925e-01 6.371227116455044914e-01 2.101118128269632290e-01 1.537306391734470923e-01 1.735930603652808824e-01 4.009756669045954069e-01 4.914802741950236031e-01 5.763336611761407102e-01 1.384955655323334422e-01 3.298897875087369869e-01 5.600904034773510620e-01 6.781988595164887279e-01
4.236758702919734554e-01 7.222051482272811018e-01 7.855725233158510346e-01 8.130246337480391272e-01 7.451274038373216779e-01 8.314807473461995890e-01 2.356899320833582001e-01 4.539081976856664813e-01 6.312798104770802610e-01 5.878983241448098029e-01 9.168424916736634955e-01 2.560526765188487763e-01 3.849476001196021624e-01 5.042406024801702191e-01 7.397976938911293709e-01 2.886272434509856710e-01 4.378711154933363492e-01 7.044913929393278318e-01 0.000000000000000000e+00 9.380108035340752881e-01 8.534735227761480747e-01 6.498298464738356817e-01 3.019065567270212691e-01 4.709752032734598748e-01 5.634183478674710255e-01 1.718437580852411606e-01 4.290241026615348452e-01 8.781024337293903415e-01 1.837368602510104365e-01 5.002950833591048863e-01 5.167702985943084526e-01 6.897007217441220028e-01 5.591852168843972626e-01 7.621653623537733013e-01 5.523543377903121776e-01
8.099162625642047919e-01 5.753369956174022581e-01 6.402485012434895317e-01 1.746258669736301394e-01 6.895714266063597275e-01 5.297852059393779456e-01 1.687022748170226016e-01 5.676267255336326922e-01 2.237778261264407043e-01 5.984310379026619442e-01 5.020554666642578212e-01 4.367774589434031962e-01 4.187732491194704476e-01 4.645628739677484242e-01 6.100880530650523159e-01 5.725850439765000077e-01 4.899277111967453857e-01 6.691486987252758256e-01 9.380108035340752881e-01 0.000000000000000000e+00 2.326932682155040677e-01 4.960237860496781170e-01 7.367230106320402649e-01 4.309431249354598314e-01 8.204417626721749457e-01 4.884308906680915330e-01 4.708079002581726513e-01 4.779542970156120951e-01 5.129717041900263563e-01 5.037256000448755433e-01 4.957853187116553206e-01 4.891165033387735450e-01 5.978799304833737338e-02 2.308024915156894341e-01 6.709781137543717744e-01
8.351303413204462789e-01 5.262070562183125411e-01 5.928964591747953872e-01 3.080928205706934264e-02 8.320894681385759828e-02 8.597837892632158585e-01 7.606086087565095966e-01 7.622136728795037008e-02 3.451792603557171102e-01 6.210438337654785590e-01 7.254330477090942253e-02 4.840951345025021890e-01 9.457174025433967568e-01 7.857822643438541199e-01 5.348504940159980459e-01 9.335133171477754122e-01 5.841728106150707589e-01 4.200410228250877065e-01 8.534735227761480747e-01 2.326932682155040677e-01 0.000000000000000000e+00 7.441165853108547834e-01 8.068833512447306511e-01 3.062519439756313799e-01 6.801230455735514102e-01 4.273560195822900809e-01 4.354047316640775045e-01 6.696979567455846327e-01 7.537876644199129617e-01 6.111469653216563547e-01 7.981031116985772833e-01 3.574204203712443850e-01 4.132595933533458332e-01 4.034989038889422730e-01 6.533892819920472661e-01
3.732226986441015137e-01 3.408679718524386115e-01 2.864414379939811406e-01 5.139785344459377736e-01 5.714728180887076459e-01 4.566689576960530905e-01 3.922407581079238037e-01 7.027988437324497184e-01 2.666966782659498381e-01 2.073121881676254219e-01 8.650925806284888164e-01 5.649750475672321581e-01 6.545574338984809781e-01 5.990155748395575852e-01 2.522606285187920516e-01 3.116987896662928303e-01 7.004360189982967722e-01 6.691363329288235740e-01 6.498298464738356817e-01 4.960237860496781170e-01 7.441165853108547834e-01 0.000000000000000000e+00 3.549514835209366392e-01 5.087312888038871828e-01 7.489481009670504452e-01 6.278646257122717511e-01 6.770049621314137012e-01 1.200069338822951082e-01 5.031636218111344983e-01 8.406847950985492091e-01 4.214546976744170670e-01 4.859905287015189868e-01 6.135583498993694151e-01 9.355925493416619165e-01 3.621702138189098474e-01
7.091876552353626462e-02 4.251103631802173322e-01 4.679073713280700875e-01 5.769746992838262756e-01 5.025385269132638388e-01 3.156702033507482463e-01 4.876674418061839877e-01 6.033188889140860267e-01 6.262874840617695948e-01 9.100363714140669025e-01 6.047864670488258820e-01 6.698737018345545247e-01 5.888754929301174279e-01 7.262622489620913502e-01 6.411998692133015210e-01 3.330292064066613378e-01 7.387144480275439351e-01 9.484290808141400131e-01 3.019065567270212691e-01 7.367230106320402649e-01 8.068833512447306511e-01 3.549514835209366392e-01 0.000000000000000000e+00 1.115565833939126117e-01 6.160969036305106172e-01 3.181399122917092925e-01 1.965657089301170446e-01 4.248526753312085180e-01 6.949743104233018220e-01 6.307739433860033440e-01 5.512422967651380290e-01 4.922293840930914710e-01 8.694010504621667579e-01 2.442738182244886813e-01 2.329433417896764613e-02
5.059727631002466364e-01 3.749059164136170907e-01 5.687706097936024996e-01 6.860903203274634210e-01 4.330962992423180724e-01 1.124838185072362107e-01 4.832240251134286568e-01 3.139188048038132894e-01 4.124115201722408086e-01 4.268925666429439492e-01 5.863413463538678094e-01 4.950166421262308658e-01 7.786646858821770767e-01 2.761545465031624014e-01 5.693210569812741095e-01 7.905353773978058829e-01 5.457260146452631577e-01 4.359432374898032925e-01 4.709752032734598748e-01 4.309431249354598314e-01 3.062519439756313799e-01 5.087312888038871828e-01 1.115565833939126117e-01 0.000000000000000000e+00 4.849321667895113985e-01 4.058410000397139061e-01 5.384152207752908037e-01 4.786176483443751462e-01 6.895383918274922141e-01 7.836372400731819177e-01 3.243335832923914808e-01 8.985396344143614655e-01 7.345018961495022314e-01 4.534820095137463980e-01 4.338837331633944028e-01
7.512308583721489796e-01 3.817190864367725478e-01 7.797529000042803249e-01 4.296049290839106805e-01 5.567737909086193371e-01 3.979451884534154771e-01 8.704181654824522107e-01 7.075874508506824201e-01 1.093063311171201812e-01 9.397303835072144951e-01 1.442195420456108268e-01 5.947101717585234759e-01 5.002453542335929537e-01 1.167204789013664423e-01 5.224112194280992050e-01 6.992142693473683002e-01 4.128818131611957098e-01 6.371227116455044914e-01 5.634183478674710255e-01 8.204417626721749457e-01 6.801230455735514102e-01 7.489481009670504452e-01 6.160969036305106172e-01 4.849321667895113985e-01 0.000000000000000000e+00 5.487846069271549165e-01 4.282690282277681892e-01 4.748545889320258118e-01 7.976052530657535833e-01 5.366890590555746243e-01 4.113700044527373589e-01 5.172758831689636683e-01 3.516418140302541295e-01 6.263414618506994991e-01 1.401612288376670179e-01
6.586241609118962392e-01 7.627329191091918315e-01 4.868755228779979016e-01 3.929474827625727418e-01 8.242482389118208630e-01 8.710436237657916969e-01 4.704681618471426852e-01 2.640426033155908181e-01 4.015814689423005124e-01 3.992758213022128411e-01 3.547952561657301551e-01 2.319486346045552816e-01 1.283796095214845279e-01 8.132174304881857330e-01 6.725901311943087713e-01 4.997710267448706722e-01 7.617997590921776752e-01 2.101118128269632290e-01 1.718437580852411606e-01 4.884308906680915330e-01 4.273560195822900809e-01 6.278646257122717511e-01 3.181399122917092925e-01 4.058410000397139061e-01 5.487846069271549165e-01 0.000000000000000000e+00 3.262117823491460511e-01 7.105916942504586498e-01 4.889949401634852144e-01 4.894888931179902647e-01 5.422161923069441780e-01 5.001090793105862353e-01 2.552321984419138046e-01 3.495556903748309185e-01 5.118456080925641860e-01
4.763242337024831685e-01 6.612763573541131645e-01 6.037603222502462286e-01 6.388092696631708645e-01 3.666585232641534908e-01 6.337580299795446681e-01 3.710664418986691082e-01 5.619203893327235910e-01 7.200644149792618798e-01 6.780832142042259036e-01 7.376139408063885350e-01 7.354485968169319765e-01 7.181074130497164809e-01 2.673964438194118554e-01 4.752232302857465895e-01 7.830666713760330300e-01 1.650329678318042115e-01 1.537306391734470923e-01 4.290241026615348452e-01 4.708079002581726513e-01 4.354047316640775045e-01 6.770049621314137012e-01 1.965657089301170446e-01 5.384152207752908037e-01 4.282690282277681892e-01 3.262117823491460511e-01 0.000000000000000000e+00 6.796669189045296822e-01 4.679289091747949603e-01 4.080230608184610697e-01 3.361697677734745704e-01 3.028973411636718405e-01 7.340202751072850695e-01 7.762849346628168945e-01 3.419569448467260631e-01
2.409743784306316861e-01 4.332445516219765591e-01 5.359228412852508061e-01 4.347013466352455113e-01 9.306000946013499586e-01 4.439966283432305039e-01 3.495891140957320120e-01 2.987270783857217671e-01 6.484874794564988720e-01 6.945683960536578327e-01 4.416092913702087674e-01 4.535364736211281445e-01 2.851625520784479839e-01 4.186088830634663305e-01 2.053079198872022060e-01 7.955394109732936148e-01 7.371123249849473869e-01 1.735930603652808824e-01 8.781024337293903415e-01 4.779542970156120951e-01 6.696979567455846327e-01 1.200069338822951082e-01 4.248526753312085180e-01 4.786176483443751462e-01 4.748545889320258118e-01 7.105916942504586498e-01 6.796669189045296822e-01 0.000000000000000000e+00 6.138229291951916577e-01 5.950370312931752004e-01 5.045646318856349399e-01 3.684565918794175943e-01 2.219083982912161135e-01 8.704675056391237842e-01 9.283688486790279137e-01
4.104811788532829464e-01 3.986316414687554599e-01 6.306807346720969543e-01 5.021296547934609444e-01 8.424481317604549657e-01 6.272352006003272251e-01 7.706646091479341099e-02 4.160873250301481141e-01 3.930150398464211103e-01 2.625676999027383163e-01 6.996216000538368895e-02 6.846557687212508903e-01 6.504582110467875822e-01 6.010868448534049113e-01 7.140421626041526526e-01 6.260340922448595080e-01 3.834090938371036983e-01 4.009756669045954069e-01 1.837368602510104365e-01 5.129717041900263563e-01 7.537876644199129617e-01 5.031636218111344983e-01 6.949743104233018220e-01 6.895383918274922141e-01 7.976052530657535833e-01 4.889949401634852144e-01 4.679289091747949603e-01 6.138229291951916577e-01 0.000000000000000000e+00 9.554426516250325019e-01 5.213364796155265379e-01 6.963035739974421379e-01 4.244193108244516122e-01 3.285632097522609429e-01 6.697435991509370634e-01
8.333971528256431949e-01 5.732837798496943638e-01 8.470088890507663226e-01 4.864021453295651609e-01 5.327687223493942081e-01 4.682996659940844575e-01 1.982392334248328503e-01 7.469706432410485597e-01 6.642065555752901806e-01 4.252191907910265467e-01 5.438864423094493805e-01 4.681706331124144138e-01 4.281228706410499241e-01 6.626817649552992906e-01 1.088403698767441696e-01 5.895397798883421636e-01 6.769027557866276190e-01 4.914802741950236031e-01 5.002950833591048863e-01 5.037256000448755433e-01 6.111469653216563547e-01 8.406847950985492091e-01 6.307739433860033440e-01 7.836372400731819177e-01 5.366890590555746243e-01 4.894888931179902647e-01 4.080230608184610697e-01 5.950370312931752004e-01 9.554426516250325019e-01 0.000000000000000000e+00 6.728573122998660061e-01 1.645172769878038288e-01 4.827439399514907303e-01 5.543519351577350651e-01 5.368961292780594086e-01
5.599906236451065444e-01 6.979971703397622740e-01 4.536738886402151838e-01 8.626769022806943799e-01 5.096070255417940453e-01 8.706254011948741933e-01 6.791480795333109111e-01 5.135723533438499855e-01 6.822630718139262029e-01 1.177093008473112379e-01 4.254872480717679095e-01 7.286815346580977071e-02 5.131948988462565753e-01 3.096785731706934719e-01 8.938870955683397845e-01 4.162635134841680684e-01 7.833467902786762638e-01 5.763336611761407102e-01 5.167702985943084526e-01 4.957853187116553206e-01 7.981031116985772833e-01 4.214546976744170670e-01 5.512422967651380290e-01 3.243335832923914808e-01 4.113700044527373589e-01 5.422161923069441780e-01 3.361697677734745704e-01 5.045646318856349399e-01 5.213364796155265379e-01 6.728573122998660061e-01 0.000000000000000000e+00 5.664682860783999407e-01 3.259281609953282866e-01 4.467244669678394065e-01 6.838026895046835918e-01
4.617430450848216683e-01 3.420127959202061696e-01 7.284994129208861580e-01 9.891553821091890741e-01 9.574786595264193068e-01 3.344610935140737151e-01 5.929442785953156214e-01 7.228197867141700206e-01 4.692922588226531300e-01 3.853678874353099193e-01 8.756328492646353601e-01 4.775176266452000329e-01 3.310245296202838361e-01 8.727949400372490008e-01 1.123088101744028622e-01 8.438693171858784314e-01 6.172447071355013914e-01 1.384955655323334422e-01 6.897007217441220028e-01 4.891165033387735450e-01 3.574204203712443850e-01 4.859905287015189868e-01 4.922293840930914710e-01 8.985396344143614655e-01 5.172758831689636683e-01 5.001090793105862353e-01 3.028973411636718405e-01 3.684565918794175943e-01 6.963035739974421379e-01 1.645172769878038288e-01 5.664682860783999407e-01 0.000000000000000000e+00 1.875734597892930733e-02 7.879616441409109662e-02 6.995646386163630881e-01
7.162121600626946138e-01 1.792963238940277759e-01 3.689723741273814861e-01 1.189060313340493114e-01 4.518537250681708972e-01 2.885178696786035446e-01 4.082284511055927489e-01 8.220377702299446199e-01 3.729744061073577699e-01 8.471644453670172936e-01 4.456678166653722517e-01 4.909890010686612238e-01 6.827836080808651342e-01 7.064506909072441054e-01 7.585810051606103332e-01 7.196757971633008788e-01 5.108786181544802130e-01 3.298897875087369869e-01 5.591852168843972626e-01 5.978799304833737338e-02 4.132595933533458332e-01 6.135583498993694151e-01 8.694010504621667579e-01 7.345018961495022314e-01 3.516418140302541295e-01 2.552321984419138046e-01 7.340202751072850695e-01 2.219083982912161135e-01 4.244193108244516122e-01 4.827439399514907303e-01 3.259281609953282866e-01 1.875734597892930733e-02 0.000000000000000000e+00 4.464089492640305190e-01 6.027938165622301891e-01
6.789871469245688518e-01 4.338535761020445580e-01 4.158142406352806630e-01 5.854920911150488516e-01 8.081291556477032678e-01 4.653747214411287914e-01 7.546044609067883435e-01 4.388069289559335395e-01 9.577221032645188981e-02 5.926789174796991411e-01 2.757688719207369576e-01 3.248674447127191667e-01 7.132742783241571294e-01 7.401955145275798120e-01 6.645240533562520868e-01 5.068247903941009991e-01 6.605845656809783417e-02 5.600904034773510620e-01 7.621653623537733013e-01 2.308024915156894341e-01 4.034989038889422730e-01 9.355925493416619165e-01 2.442738182244886813e-01 4.534820095137463980e-01 6.263414618506994991e-01 3.495556903748309185e-01 7.762849346628168945e-01 8.704675056391237842e-01 3.285632097522609429e-01 5.543519351577350651e-01 4.467244669678394065e-01 7.879616441409109662e-02 4.464089492640305190e-01 0.000000000000000000e+00 9.055478225685950067e-01
1.948366352421511682e-01 5.392710062279609806e-01 5.029865746749984101e-01 9.202951861698566161e-01 6.244402213703323934e-01 7.158775074337409006e-01 5.777572565474026201e-01 1.972901070466313578e-01 9.242163548717309274e-01 6.474556190533241606e-01 6.788430144055278559e-01 5.957079746094797734e-01 4.808032769431713205e-01 8.746104496936735195e-01 5.628232694789923052e-01 9.402114327614327083e-01 5.041045830282711027e-01 6.781988595164887279e-01 5.523543377903121776e-01 6.709781137543717744e-01 6.533892819920472661e-01 3.621702138189098474e-01 2.329433417896764613e-02 4.338837331633944028e-01 1.401612288376670179e-01 5.118456080925641860e-01 3.419569448467260631e-01 9.283688486790279137e-01 6.697435991509370634e-01 5.368961292780594086e-01 6.838026895046835918e-01 6.995646386163630881e-01 6.027938165622301891e-01 9.055478225685950067e-01 0.000000000000000000e+00
