0.000000000000000000e+00 6.317628073843830627e-01 4.203336418876751912e-01 5.565052016153499981e-01 6.604125205619432171e-01 3.193013612838715432e-01 4.987401723187502856e-01 5.339794733567893026e-02 5.028307164075063174e-01 4.079315592063107454e-01 4.293713640610330451e-01 1.657392606185897899e-01 1.951238494488498065e-01 9.424691519644725624e-01 6.090932531624282387e-01 5.733358046193224311e-01 8.806089767756940523e-01 7.522224997483653031e-01 4.963889597086470484e-01 5.858843496408653317e-01 3.552436729292344220e-01 6.860341362720255853e-01 8.918598800651473812e-01 2.175656074185599032e-01 3.465096029829304314e-01 6.792827028588317440e-01 1.712889494393309286e-01 4.869075806295030118e-01 4.020549197954035314e-01 7.923444862376192166e-01 1.866534892228725040e-01 3.526595623297611448e-01 5.515065073337209745e-01 5.771577052072228708e-01 3.895770928139973277e-01
6.317628073843830627e-01 0.000000000000000000e+00 5.424992846669494106e-01 6.009705548089806504e-01 7.898224929396319149e-01 6.694097289739273648e-01 1.678268745590452138e-01 4.441079922651411938e-01 4.973537332970308089e-01 5.383361798032864076e-01 1.000682472794162114e-01 1.242259534441851887e-01 3.073835240567232008e-01 3.815332099467422244e-01 8.154548177521347974e-01 7.059997067720383823e-01 9.694434481425072692e-01 6.720625169363001472e-01 1.331674277376698745e-01 9.820394079973943091e-01 5.108985448807962237e-01 5.033441490482020164e-01 7.134861313265665750e-01 5.493476812906139539e-01 5.244794247874313697e-01 7.586566571612651799e-01 2.585168401384111414e-01 6.362768048701479273e-01 9.330124844183700361e-01 3.435597445582813103e-01 7.737625106470147340e-01 5.006953052810090288e-01 6.916334450241468090e-01 7.345041428634875302e-01 4.752496688033476802e-01
4.203336418876751912e-01 5.424992846669494106e-01 0.000000000000000000e+00 5.734997879248848740e-01 3.905131966668198840e-01 3.743522146298658426e-01 7.523595668011031634e-01 3.008508610069475786e-01 3.597334878554168114e-01 6.539294413846621357e-01 5.566777768189262732e-01 8.179211590077164473e-01 7.071554596048802432e-01 3.016420963497480345e-01 9.206852051928118286e-01 5.052972226470300310e-01 2.757191165273533695e-01 2.469750628496290568e-01 3.468557345922338442e-01 5.859489291777688624e-01 5.577708030864041433e-01 5.779682037838271835e-01 4.060484128559073147e-01 1.382830081261035016e-01 2.925481853516312958e-01 5.717828185272644248e-01 3.002070708092398066e-01 4.314034197391005132e-01 4.974108577113578455e-01 4.059886537907486104e-01 3.929330703471877739e-01 5.714459401671980743e-01 5.244055247374619366e-01 7.922917425373781075e-01 8.441358509534357957e-02
5.565052016153499981e-01 6.009705548089806504e-01 5.734997879248848740e-01 0.000000000000000000e+00 3.585248401179580435e-01 1.779121581667622021e-01 3.774752583708537168e-01 6.440428831220397221e-01 6.127793914099481931e-01 4.603329085246817831e-01 4.843530545784714425e-01 6.708566359734294826e-01 8.356794768972710674e-01 3.877974142773301103e-01 7.461933990078433165e-01 1.091954970580131246e-01 7.169572300585852487e-01 7.442408667199700290e-01 4.784067397963784884e-01 5.277842454637894365e-01 4.212689487132103561e-01 6.714980668905252692e-01 1.522644246442320659e-01 4.112876938452615927e-01 5.093943556462035005e-01 1.480632687376630674e-01 3.100073925892504745e-01 6.270902016238089072e-01 6.237072539682286809e-02 4.541096718039562274e-01 1.361898941219212844e-01 4.539114478345492865e-01 1.926199603795933912e-01 7.442426523060597932e-01 7.708454268314450797e-01
6.604125205619432171e-01 7.898224929396319149e-01 3.905131966668198840e-01 3.585248401179580435e-01 0.000000000000000000e+00 1.589197567245159703e-02 6.405980305569152211e-01 5.704502709387720971e-01 6.021921306066027046e-01 8.187900100069556153e-02 4.948491027491092042e-01 6.631332048131195478e-01 1.777626995806278476e-01 5.345567066823143643e-01 6.975341085128399232e-01 3.201943778429967025e-01 5.047008764301765815e-01 6.105899649233392790e-01 4.349582061199701033e-01 7.124317414121839054e-01 5.130451365328336788e-01 9.095688682188409757e-01 5.569437473721953191e-01 4.124248169292791810e-01 3.265094784787327953e-01 7.017159866201203577e-01 4.528038683829107569e-01 7.955590914023575877e-01 4.762128207920759415e-01 6.470390708291930970e-01 1.729305168629833300e-01 8.552774388804729178e-01 7.297797971096489089e-01 7.677665036655632047e-01 9.210151594608142478e-01
3.193013612838715432e-01 6.694097289739273648e-01 3.743522146298658426e-01 1.779121581667622021e-01 1.589197567245159703e-02 0.000000000000000000e+00 4.356038840080403984e-01 6.163637510806208031e-01 5.871210101778243651e-01 3.993384411884590701e-01 5.375597272500343138e-01 1.946836027908172007e-01 8.553756553298086374e-02 2.666386718016869883e-01 4.686245212300998997e-01 4.095287773323099123e-01 1.760312313922997030e-01 6.163831511411259623e-01 8.513533633183535398e-01 3.376912427163607511e-01 4.352835883448284982e-01 6.020414328403287385e-01 2.159582966698879725e-01 4.379696760003262135e-01 2.037916577679164121e-01 9.088717772843573073e-01 5.449102346571381705e-01 1.245966205416243477e-01 2.891741140729451320e-01 3.552165878846956781e-01 3.605812257328349091e-01 6.316877589211944422e-02 5.330729330084956752e-01 7.336635815280426742e-01 8.342462964259887981e-01
4.987401723187502856e-01 1.678268745590452138e-01 7.523595668011031634e-01 3.774752583708537168e-01 6.405980305569152211e-01 4.356038840080403984e-01 0.000000000000000000e+00 6.871009121350156734e-01 5.330689035087723404e-01 2.902879572421752652e-01 5.930874297013175589e-01 5.104017565852541072e-01 3.325294587149069114e-01 4.524375638437152514e-01 4.084212045832883442e-01 8.353166458675890249e-01 2.385095839550049890e-01 4.744465418540222412e-01 7.108177756932529956e-01 3.942491315502275606e-01 3.168813593344599333e-01 6.327148147557122293e-01 4.885472535066811006e-01 4.552741138179708380e-01 6.247484601066103371e-01 3.272711348795193098e-01 4.301942662018504726e-01 6.015868862893586355e-01 2.361241634139962797e-01 5.781240213357473623e-01 6.479096579342411566e-01 8.178089835834765342e-01 5.079501991798720528e-01 4.616847807646681234e-01 3.430148023704217009e-01
5.339794733567893026e-02 4.441079922651411938e-01 3.008508610069475786e-01 6.440428831220397221e-01 5.704502709387720971e-01 6.163637510806208031e-01 6.871009121350156734e-01 0.000000000000000000e+00 5.701811209471940867e-01 6.852996053285238531e-01 2.225412735802452247e-01 3.580738753374453909e-01 8.872123355316925419e-01 5.514931371189698561e-01 4.579860772453796525e-01 3.132650745420705318e-01 6.841851389504820524e-01 3.978706868467959401e-01 5.246774550863663178e-01 7.313794442957248787e-01 7.598609186822153916e-01 6.713882781165732005e-01 6.538357478240088838e-01 1.276160897901897906e-01 4.275387848748254394e-01 6.207095246930878218e-01 3.798506665714144193e-01 3.912688567276753071e-01 2.031588901421963467e-01 8.450129822768837062e-01 2.210672310668414520e-01 9.284243852422895404e-01 3.935198457077978551e-01 4.547858017157037636e-01 7.804584396572844529e-01
5.028307164075063174e-01 4.973537332970308089e-01 3.597334878554168114e-01 6.127793914099481931e-01 6.021921306066027046e-01 5.871210101778243651e-01 5.330689035087723404e-01 5.701811209471940867e-01 0.000000000000000000e+00 6.823357867805734944e-01 8.015431426934371828e-01 5.371418995996317669e-01 6.662125613971364713e-01 6.086597107351879865e-01 6.914656584346317025e-01 6.234370836046639885e-01 5.515233811149045096e-01 8.643527336157428298e-01 6.741608241739216467e-02 5.497289498334321234e-01 7.886119809746965359e-01 3.749707112084965654e-01 1.675756038042011120e-01 7.992010957514154024e-01 1.549446021388974359e-01 6.721208088977330686e-01 6.752753723748148307e-01 4.502808781828578355e-01 6.066326130566941366e-01 2.325050448615026966e-01 5.493839523041171846e-01 3.627255202239001441e-01 3.791540103820955077e-01 5.098281844229928250e-01 3.701686704228063229e-01
4.079315592063107454e-01 5.383361798032864076e-01 6.539294413846621357e-01 4.603329085246817831e-01 8.187900100069556153e-02 3.993384411884590701e-01 2.902879572421752652e-01 6.852996053285238531e-01 6.823357867805734944e-01 0.000000000000000000e+00 4.862092600406777709e-01 1.955199540287542170e-01 4.838509324416118695e-01 6.696770388983730449e-01 4.081930248970368491e-01 7.048990406873201220e-01 9.034993770558410464e-01 7.215920178923456163e-01 6.488634574620842921e-01 6.628128881885514412e-01 8.079996378888685271e-01 4.988477265849092235e-01 7.880607692669479025e-01 6.991444619866945542e-01 5.188889471952091714e-01 4.844182440933496592e-01 8.732281443572252888e-01 8.626461571451513599e-01 5.338362956285327421e-01 5.072038227722756032e-01 8.686171372944715419e-01 4.632095528795528994e-01 6.388252617563465741e-01 1.997617514146027839e-01 3.526077070481863363e-01
4.293713640610330451e-01 1.000682472794162114e-01 5.566777768189262732e-01 4.843530545784714425e-01 4.948491027491092042e-01 5.375597272500343138e-01 5.930874297013175589e-01 2.225412735802452247e-01 8.015431426934371828e-01 4.862092600406777709e-01 0.000000000000000000e+00 3.174526343067726186e-01 4.383144331799950777e-01 6.702193145197845592e-01 5.029445359028295037e-01 6.333166001838370640e-01 5.084768539502537710e-01 6.728363479877194075e-01 4.269182600613536938e-01 3.544237631786943954e-01 4.824562437313981156e-01 5.050239743164721684e-01 2.517856734975495447e-01 3.388863872237823927e-01 6.590849205369611052e-01 3.165629734985546673e-01 6.650760635105628094e-01 7.356563416360377694e-01 4.454958116858112049e-01 5.255500131822559151e-01 2.657067469933788173e-01 8.407888061485120357e-01 3.979512433721322795e-01 8.465016292732356895e-01 5.586703073723999768e-01
1.657392606185897899e-01 1.242259534441851887e-01 8.179211590077164473e-01 6.708566359734294826e-01 6.631332048131195478e-01 1.946836027908172007e-01 5.104017565852541072e-01 3.580738753374453909e-01 5.371418995996317669e-01 1.955199540287542170e-01 3.174526343067726186e-01 0.000000000000000000e+00 5.458868107879812914e-01 3.456783521884809196e-01 8.425872051924746531e-01 4.677074994335129743e-01 6.848584592018994721e-01 8.051836139142709570e-01 5.755370975399158873e-01 6.614780580997695614e-01 6.662727136829867947e-01 7.508644817973728625e-01 3.650265323120097660e-01 4.761886885521330326e-01 5.290068130197984608e-01 3.183039892642012259e-01 5.817312045224731776e-01 5.702585238644508614e-01 2.443874638162497615e-01 2.404099822459028202e-01 3.081674718504455734e-01 2.374345174204196551e-01 4.563018363708369884e-01 9.254618239850604944e-01 4.012422964294614647e-01
1.951238494488498065e-01 3.073835240567232008e-01 7.071554596048802432e-01 8.356794768972710674e-01 1.777626995806278476e-01 8.553756553298086374e-02 3.325294587149069114e-01 8.872123355316925419e-01 6.662125613971364713e-01 4.838509324416118695e-01 4.383144331799950777e-01 5.458868107879812914e-01 0.000000000000000000e+00 7.828187102326347180e-01 1.382744229160727256e-01 6.372608352503335016e-01 7.544445992316709537e-01 5.036951866268452038e-01 2.129467335712700859e-01 4.491772003490527299e-01 9.243541313248577751e-01 8.975992340785514667e-01 5.587791161308437449e-01 4.235372468292017412e-01 7.446048120958845828e-01 8.221855692014735650e-01 5.326301444086136705e-01 4.427156018564189499e-01 4.096025636544936566e-01 2.214252284733640996e-01 2.301996738603920845e-01 3.687336503263560217e-01 6.915242004964294864e-01 6.157901324540546728e-01 5.626728098651241350e-01
9.424691519644725624e-01 3.815332099467422244e-01 3.016420963497480345e-01 3.877974142773301103e-01 5.345567066823143643e-01 2.666386718016869883e-01 4.524375638437152514e-01 5.514931371189698561e-01 6.086597107351879865e-01 6.696770388983730449e-01 6.702193145197845592e-01 3.456783521884809196e-01 7.828187102326347180e-01 0.000000000000000000e+00 6.851185382260487344e-01 6.637843673100932707e-01 4.033054541925255032e-01 5.331023763049139719e-01 1.186806477195575527e-01 7.617671767865750176e-01 3.962280892376793817e-01 2.372740680745669128e-01 4.388370144527118932e-01 4.892307214977609786e-01 6.573690551088318124e-01 4.990464624353108669e-01 4.229365273744566944e-01 3.182114608297919589e-01 2.648922601385996778e-01 8.040613153299687177e-01 8.141881395920196329e-01 4.636862766535408964e-01 3.858847211324945015e-01 1.618873893395409436e-01 5.199270964273674522e-01
6.090932531624282387e-01 8.154548177521347974e-01 9.206852051928118286e-01 7.461933990078433165e-01 6.975341085128399232e-01 4.686245212300998997e-01 4.084212045832883442e-01 4.579860772453796525e-01 6.914656584346317025e-01 4.081930248970368491e-01 5.029445359028295037e-01 8.425872051924746531e-01 1.382744229160727256e-01 6.851185382260487344e-01 0.000000000000000000e+00 2.989322672645436940e-01 9.141727402645555278e-01 6.863908758428152179e-01 8.193677089864646046e-01 5.313833631217388387e-01 6.011246891604677955e-01 4.460888280659489613e-01 1.978690819027113523e-01 1.219258216150040930e-01 4.517140656098730389e-01 3.021260645588483840e-01 5.660184662178789905e-01 9.324473210928322375e-01 3.212086155696449730e-01 5.349288818060335959e-01 7.205674168883413611e-01 5.407739914015926574e-01 2.927090872854894998e-01 3.658444609499592604e-01 7.186026102842497654e-01
5.733358046193224311e-01 7.059997067720383823e-01 5.052972226470300310e-01 1.091954970580131246e-01 3.201943778429967025e-01 4.095287773323099123e-01 8.353166458675890249e-01 3.132650745420705318e-01 6.234370836046639885e-01 7.048990406873201220e-01 6.333166001838370640e-01 4.677074994335129743e-01 6.372608352503335016e-01 6.637843673100932707e-01 2.989322672645436940e-01 0.000000000000000000e+00 9.169359844683347971e-01 5.131747059109577069e-01 5.761150893301678622e-01 1.900084233083715324e-01 4.545990111713308357e-01 3.876631109414707121e-01 6.922443947814651555e-01 2.275415163992395851e-01 5.636785050659172125e-01 3.213253997663424455e-01 6.650438369866633614e-01 6.719620094838563151e-01 2.755948223100405103e-01 6.137366873372174236e-02 9.022284900461305934e-01 3.656676054072939830e-01 6.007626536872392453e-01 7.666626841420465244e-01 5.837370311459407768e-01
8.806089767756940523e-01 9.694434481425072692e-01 2.757191165273533695e-01 7.169572300585852487e-01 5.047008764301765815e-01 1.760312313922997030e-01 2.385095839550049890e-01 6.841851389504820524e-01 5.515233811149045096e-01 9.034993770558410464e-01 5.084768539502537710e-01 6.848584592018994721e-01 7.544445992316709537e-01 4.033054541925255032e-01 9.141727402645555278e-01 9.169359844683347971e-01 0.000000000000000000e+00 7.128811012732485519e-01 6.996654788972375139e-01 6.890240172281401065e-01 6.596233435551990265e-01 6.054488928846124551e-01 2.056500813546921491e-01 6.432136972079816051e-02 3.953352225421147836e-01 5.323894148959742445e-01 4.190979277499532474e-01 3.560092676577041315e-01 2.934426960733160783e-01 4.583477964178925279e-01 6.568610686785969488e-02 7.711523644142507239e-01 4.849947471501368512e-01 2.511254072756351485e-01 7.274778926278040458e-01
7.522224997483653031e-01 6.720625169363001472e-01 2.469750628496290568e-01 7.442408667199700290e-01 6.105899649233392790e-01 6.163831511411259623e-01 4.744465418540222412e-01 3.978706868467959401e-01 8.643527336157428298e-01 7.215920178923456163e-01 6.728363479877194075e-01 8.051836139142709570e-01 5.036951866268452038e-01 5.331023763049139719e-01 6.863908758428152179e-01 5.131747059109577069e-01 7.128811012732485519e-01 0.000000000000000000e+00 2.067263392242929543e-01 4.357982464772593989e-01 3.937729384812707067e-01 7.065805168464966979e-01 8.603858872720191453e-01 7.125680432962551158e-01 4.924874997273928079e-01 5.448551017178852041e-01 7.486815497975836120e-01 7.507161292416237863e-01 5.154383516620706374e-01 6.877755492838102391e-01 2.856183775893547105e-01 4.412280254941594038e-01 2.352298363744352860e-01 4.483836831497723940e-01 3.572650068555414116e-01
4.963889597086470484e-01 1.331674277376698745e-01 3.468557345922338442e-01 4.784067397963784884e-01 4.349582061199701033e-01 8.513533633183535398e-01 7.108177756932529956e-01 5.246774550863663178e-01 6.741608241739216467e-02 6.488634574620842921e-01 4.269182600613536938e-01 5.755370975399158873e-01 2.129467335712700859e-01 1.186806477195575527e-01 8.193677089864646046e-01 5.761150893301678622e-01 6.996654788972375139e-01 2.067263392242929543e-01 0.000000000000000000e+00 3.367124222293425562e-01 4.979651677350990790e-01 5.993540253191262934e-01 7.356618367016062310e-01 3.007797948331301097e-01 6.952072869414882561e-01 5.996012319536148105e-01 5.015344278706984626e-01 8.271456625641514515e-01 3.296398756247665984e-01 4.487470861399175392e-01 2.497546086122550690e-01 7.453064217263252189e-01 1.973411216934557455e-01 5.551912720740386220e-01 6.149379056595269954e-01
5.858843496408653317e-01 9.820394079973943091e-01 5.859489291777688624e-01 5.277842454637894365e-01 7.124317414121839054e-01 3.376912427163607511e-01 3.942491315502275606e-01 7.313794442957248787e-01 5.497289498334321234e-01 6.628128881885514412e-01 3.544237631786943954e-01 6.614780580997695614e-01 4.491772003490527299e-01 7.617671767865750176e-01 5.313833631217388387e-01 1.900084233083715324e-01 6.890240172281401065e-01 4.357982464772593989e-01 3.367124222293425562e-01 0.000000000000000000e+00 5.576880979301857000e-02 7.481474651657311625e-01 5.359821720778485954e-01 7.515534621991042386e-01 5.394438512147835540e-01 6.382429439987309383e-01 2.296070630806044122e-01 3.967056049900242187e-01 7.026991542625297127e-01 6.241844016990112376e-01 2.250650992273916517e-01 3.441042780768078790e-01 5.563217427522229031e-01 1.996378130948160967e-01 5.116668515327484901e-01
3.552436729292344220e-01 5.108985448807962237e-01 5.577708030864041433e-01 4.212689487132103561e-01 5.130451365328336788e-01 4.352835883448284982e-01 3.168813593344599333e-01 7.598609186822153916e-01 7.886119809746965359e-01 8.079996378888685271e-01 4.824562437313981156e-01 6.662727136829867947e-01 9.243541313248577751e-01 3.962280892376793817e-01 6.011246891604677955e-01 4.545990111713308357e-01 6.596233435551990265e-01 3.937729384812707067e-01 4.979651677350990790e-01 5.576880979301857000e-02 0.000000000000000000e+00 5.875368937104215039e-01 5.513893975443218132e-01 2.159283643093434790e-01 7.146271489443204450e-01 7.183633956516839447e-01 3.303590926200796751e-01 5.232493542673689602e-01 7.488706370475062268e-01 3.986623644428918256e-01 2.104208992043766768e-01 2.831745808353224314e-01 3.988764737118783987e-01 6.117264906815939041e-01 7.970069591825521549e-01
6.860341362720255853e-01 5.033441490482020164e-01 5.779682037838271835e-01 6.714980668905252692e-01 9.095688682188409757e-01 6.020414328403287385e-01 6.327148147557122293e-01 6.713882781165732005e-01 3.749707112084965654e-01 4.988477265849092235e-01 5.050239743164721684e-01 7.508644817973728625e-01 8.975992340785514667e-01 2.372740680745669128e-01 4.460888280659489613e-01 3.876631109414707121e-01 6.054488928846124551e-01 7.065805168464966979e-01 5.993540253191262934e-01 7.481474651657311625e-01 5.875368937104215039e-01 0.000000000000000000e+00 8.113453273110495800e-01 4.259277315203807701e-01 4.845741721486608311e-01 6.670140433008275860e-01 5.645485457235870363e-01 6.182320457547069159e-01 2.881638890796269226e-01 3.186281088868090916e-01 7.079612805457210500e-01 3.690865395923810799e-01 6.295153984206083297e-01 3.356148497008575871e-01 4.945669384223964626e-01
8.918598800651473812e-01 7.134861313265665750e-01 4.060484128559073147e-01 1.522644246442320659e-01 5.569437473721953191e-01 2.159582966698879725e-01 4.885472535066811006e-01 6.538357478240088838e-01 1.675756038042011120e-01 7.880607692669479025e-01 2.517856734975495447e-01 3.650265323120097660e-01 5.587791161308437449e-01 4.388370144527118932e-01 1.978690819027113523e-01 6.922443947814651555e-01 2.056500813546921491e-01 8.603858872720191453e-01 7.356618367016062310e-01 5.359821720778485954e-01 5.513893975443218132e-01 8.113453273110495800e-01 0.000000000000000000e+00 7.577536699118724295e-01 4.899696968217709392e-01 7.452142651611504132e-02 6.655129270874226011e-01 7.630120783683309593e-01 1.612781761050996465e-02 6.194881349160106243e-01 6.229258637794665709e-01 4.982726922979249240e-01 3.431091022245158495e-01 5.049257788060359520e-01 2.031611401317511278e-01
2.175656074185599032e-01 5.493476812906139539e-01 1.382830081261035016e-01 4.112876938452615927e-01 4.124248169292791810e-01 4.379696760003262135e-01 4.552741138179708380e-01 1.276160897901897906e-01 7.992010957514154024e-01 6.991444619866945542e-01 3.388863872237823927e-01 4.761886885521330326e-01 4.235372468292017412e-01 4.892307214977609786e-01 1.219258216150040930e-01 2.275415163992395851e-01 6.432136972079816051e-02 7.125680432962551158e-01 3.007797948331301097e-01 7.515534621991042386e-01 2.159283643093434790e-01 4.259277315203807701e-01 7.577536699118724295e-01 0.000000000000000000e+00 3.722925495740249113e-01 2.632240741571487685e-01 4.173385045602287513e-01 7.561712238014397514e-01 6.962451451542459591e-01 1.033581602765989427e-01 6.833542267922265712e-01 4.822439504414772204e-01 6.193764040297740081e-01 5.684843047599819066e-01 4.397080432944514561e-01
3.465096029829304314e-01 5.244794247874313697e-01 2.925481853516312958e-01 5.093943556462035005e-01 3.265094784787327953e-01 2.037916577679164121e-01 6.247484601066103371e-01 4.275387848748254394e-01 1.549446021388974359e-01 5.188889471952091714e-01 6.590849205369611052e-01 5.290068130197984608e-01 7.446048120958845828e-01 6.573690551088318124e-01 4.517140656098730389e-01 5.636785050659172125e-01 3.953352225421147836e-01 4.924874997273928079e-01 6.952072869414882561e-01 5.394438512147835540e-01 7.146271489443204450e-01 4.845741721486608311e-01 4.899696968217709392e-01 3.722925495740249113e-01 0.000000000000000000e+00 2.135985477013356837e-01 5.046628188077687538e-01 7.993811702807194219e-01 2.563228222324166472e-01 3.364435155758683793e-01 9.981352396641773872e-03 3.138041232183598206e-01 2.147624808616584446e-01 1.269718674140667414e-01 7.896734588286260514e-01
6.792827028588317440e-01 7.586566571612651799e-01 5.717828185272644248e-01 1.480632687376630674e-01 7.017159866201203577e-01 9.088717772843573073e-01 3.272711348795193098e-01 6.207095246930878218e-01 6.721208088977330686e-01 4.844182440933496592e-01 3.165629734985546673e-01 3.183039892642012259e-01 8.221855692014735650e-01 4.990464624353108669e-01 3.021260645588483840e-01 3.213253997663424455e-01 5.323894148959742445e-01 5.448551017178852041e-01 5.996012319536148105e-01 6.382429439987309383e-01 7.183633956516839447e-01 6.670140433008275860e-01 7.452142651611504132e-02 2.632240741571487685e-01 2.135985477013356837e-01 0.000000000000000000e+00 4.670283237895072603e-01 3.407995453174320066e-01 5.934958426146116350e-01 2.968066474387721088e-01 1.611614130409522172e-01 7.219735821288215671e-01 5.226272265010660778e-01 5.855438682633625769e-01 5.423770753113339449e-01
1.712889494393309286e-01 2.585168401384111414e-01 3.002070708092398066e-01 3.100073925892504745e-01 4.528038683829107569e-01 5.449102346571381705e-01 4.301942662018504726e-01 3.798506665714144193e-01 6.752753723748148307e-01 8.732281443572252888e-01 6.650760635105628094e-01 5.817312045224731776e-01 5.326301444086136705e-01 4.229365273744566944e-01 5.660184662178789905e-01 6.650438369866633614e-01 4.190979277499532474e-01 7.486815497975836120e-01 5.015344278706984626e-01 2.296070630806044122e-01 3.303590926200796751e-01 5.645485457235870363e-01 6.655129270874226011e-01 4.173385045602287513e-01 5.046628188077687538e-01 4.670283237895072603e-01 0.000000000000000000e+00 4.362748407958742525e-01 1.248532152588647248e-01 6.892516504762580265e-01 5.588469139590914736e-01 2.445402959498147455e-01 9.227888822852963191e-01 6.134338953100408887e-01 4.933848828837896772e-01
4.869075806295030118e-01 6.362768048701479273e-01 4.314034197391005132e-01 6.270902016238089072e-01 7.955590914023575877e-01 1.245966205416243477e-01 6.015868862893586355e-01 3.912688567276753071e-01 4.502808781828578355e-01 8.626461571451513599e-01 7.356563416360377694e-01 5.702585238644508614e-01 4.427156018564189499e-01 3.182114608297919589e-01 9.324473210928322375e-01 6.719620094838563151e-01 3.560092676577041315e-01 7.507161292416237863e-01 8.271456625641514515e-01 3.967056049900242187e-01 5.232493542673689602e-01 6.182320457547069159e-01 7.630120783683309593e-01 7.561712238014397514e-01 7.993811702807194219e-01 3.407995453174320066e-01 4.362748407958742525e-01 0.000000000000000000e+00 4.789895236746170570e-01 4.251302220930106013e-01 6.664369360713131574e-01 5.469301020746675235e-01 3.291371639019378126e-01 3.078776225801131972e-01 5.232076679143385922e-01
4.020549197954035314e-01 9.330124844183700361e-01 4.974108577113578455e-01 6.237072539682286809e-02 4.762128207920759415e-01 2.891741140729451320e-01 2.361241634139962797e-01 2.031588901421963467e-01 6.066326130566941366e-01 5.338362956285327421e-01 4.454958116858112049e-01 2.443874638162497615e-01 4.096025636544936566e-01 2.648922601385996778e-01 3.212086155696449730e-01 2.755948223100405103e-01 2.934426960733160783e-01 5.154383516620706374e-01 3.296398756247665984e-01 7.026991542625297127e-01 7.488706370475062268e-01 2.881638890796269226e-01 1.612781761050996465e-02 6.962451451542459591e-01 2.563228222324166472e-01 5.934958426146116350e-01 1.248532152588647248e-01 4.789895236746170570e-01 0.000000000000000000e+00 5.611680490797377185e-01 5.652270276344212308e-01 1.868565595285834879e-01 6.239636893367003223e-01 9.281105143336154661e-02 5.252300095176203332e-01
7.923444862376192166e-01 3.435597445582813103e-01 4.059886537907486104e-01 4.541096718039562274e-01 6.470390708291930970e-01 3.552165878846956781e-01 5.781240213357473623e-01 8.450129822768837062e-01 2.325050448615026966e-01 5.072038227722756032e-01 5.255500131822559151e-01 2.404099822459028202e-01 2.214252284733640996e-01 8.040613153299687177e-01 5.349288818060335959e-01 6.137366873372174236e-02 4.583477964178925279e-01 6.877755492838102391e-01 4.487470861399175392e-01 6.241844016990112376e-01 3.986623644428918256e-01 3.186281088868090916e-01 6.194881349160106243e-01 1.033581602765989427e-01 3.364435155758683793e-01 2.968066474387721088e-01 6.892516504762580265e-01 4.251302220930106013e-01 5.611680490797377185e-01 0.000000000000000000e+00 2.181529428554666028e-01 8.400295049130345193e-01 5.720037277260983100e-01 1.732829210128247199e-01 3.161848810539559240e-01
1.866534892228725040e-01 7.737625106470147340e-01 3.929330703471877739e-01 1.361898941219212844e-01 1.729305168629833300e-01 3.605812257328349091e-01 6.479096579342411566e-01 2.210672310668414520e-01 5.493839523041171846e-01 8.686171372944715419e-01 2.657067469933788173e-01 3.081674718504455734e-01 2.301996738603920845e-01 8.141881395920196329e-01 7.205674168883413611e-01 9.022284900461305934e-01 6.568610686785969488e-02 2.856183775893547105e-01 2.497546086122550690e-01 2.250650992273916517e-01 2.104208992043766768e-01 7.079612805457210500e-01 6.229258637794665709e-01 6.833542267922265712e-01 9.981352396641773872e-03 1.611614130409522172e-01 5.588469139590914736e-01 6.664369360713131574e-01 5.652270276344212308e-01 2.181529428554666028e-01 0.000000000000000000e+00 1.005121060852305348e-01 4.861433804847041240e-01 9.368914808198893773e-01 5.265695378042292152e-01
3.526595623297611448e-01 5.006953052810090288e-01 5.714459401671980743e-01 4.539114478345492865e-01 8.552774388804729178e-01 6.316877589211944422e-02 8.178089835834765342e-01 9.284243852422895404e-01 3.627255202239001441e-01 4.632095528795528994e-01 8.407888061485120357e-01 2.374345174204196551e-01 3.687336503263560217e-01 4.636862766535408964e-01 5.407739914015926574e-01 3.656676054072939830e-01 7.711523644142507239e-01 4.412280254941594038e-01 7.453064217263252189e-01 3.441042780768078790e-01 2.831745808353224314e-01 3.690865395923810799e-01 4.982726922979249240e-01 4.822439504414772204e-01 3.138041232183598206e-01 7.219735821288215671e-01 2.445402959498147455e-01 5.469301020746675235e-01 1.868565595285834879e-01 8.400295049130345193e-01 1.005121060852305348e-01 0.000000000000000000e+00 5.813852239699124347e-01 7.885678705338108330e-01 3.710120311670270787e-01
5.515065073337209745e-01 6.916334450241468090e-01 5.244055247374619366e-01 1.926199603795933912e-01 7.297797971096489089e-01 5.330729330084956752e-01 5.079501991798720528e-01 3.935198457077978551e-01 3.791540103820955077e-01 6.388252617563465741e-01 3.979512433721322795e-01 4.563018363708369884e-01 6.915242004964294864e-01 3.858847211324945015e-01 2.927090872854894998e-01 6.007626536872392453e-01 4.849947471501368512e-01 2.352298363744352860e-01 1.973411216934557455e-01 5.563217427522229031e-01 3.988764737118783987e-01 6.295153984206083297e-01 3.431091022245158495e-01 6.193764040297740081e-01 2.147624808616584446e-01 5.226272265010660778e-01 9.227888822852963191e-01 3.291371639019378126e-01 6.239636893367003223e-01 5.720037277260983100e-01 4.861433804847041240e-01 5.813852239699124347e-01 0.000000000000000000e+00 5.279260428794557702e-01 2.195157021612109682e-01
5.771577052072228708e-01 7.345041428634875302e-01 7.922917425373781075e-01 7.442426523060597932e-01 7.677665036655632047e-01 7.336635815280426742e-01 4.616847807646681234e-01 4.547858017157037636e-01 5.098281844229928250e-01 1.997617514146027839e-01 8.465016292732356895e-01 9.254618239850604944e-01 6.157901324540546728e-01 1.618873893395409436e-01 3.658444609499592604e-01 7.666626841420465244e-01 2.511254072756351485e-01 4.483836831497723940e-01 5.551912720740386220e-01 1.996378130948160967e-01 6.117264906815939041e-01 3.356148497008575871e-01 5.049257788060359520e-01 5.684843047599819066e-01 1.269718674140667414e-01 5.855438682633625769e-01 6.134338953100408887e-01 3.078776225801131972e-01 9.281105143336154661e-02 1.732829210128247199e-01 9.368914808198893773e-01 7.885678705338108330e-01 5.279260428794557702e-01 0.000000000000000000e+00 5.195595618105309788e-01
3.895770928139973277e-01 4.752496688033476802e-01 8.441358509534357957e-02 7.708454268314450797e-01 9.210151594608142478e-01 8.342462964259887981e-01 3.430148023704217009e-01 7.804584396572844529e-01 3.701686704228063229e-01 3.526077070481863363e-01 5.586703073723999768e-01 4.012422964294614647e-01 5.626728098651241350e-01 5.199270964273674522e-01 7.186026102842497654e-01 5.837370311459407768e-01 7.274778926278040458e-01 3.572650068555414116e-01 6.149379056595269954e-01 5.116668515327484901e-01 7.970069591825521549e-01 4.945669384223964626e-01 2.031611401317511278e-01 4.397080432944514561e-01 7.896734588286260514e-01 5.423770753113339449e-01 4.933848828837896772e-01 5.232076679143385922e-01 5.252300095176203332e-01 3.161848810539559240e-01 5.265695378042292152e-01 3.710120311670270787e-01 2.195157021612109682e-01 5.195595618105309788e-01 0.000000000000000000e+00
