0.000000000000000000e+00 4.606348986521442979e-01 6.629897970729407009e-01 7.116557417467648250e-01 7.126422511686901773e-01 5.025918351074180057e-01 7.759571972853522848e-01 6.630745507825708263e-01 6.994803735857997307e-01 8.533783659075309114e-01 6.448434107725158349e-01 8.266127027891818635e-01 4.737582514272096201e-01 6.475801916761168009e-01 3.641790046219610666e-01 7.586929969644560234e-01 4.708301020622471245e-01 8.056329538396633794e-01 4.514892869250248797e-01 8.156020426053143257e-01 1.128370267454590348e-01 5.802714269179041207e-01 3.758103390784276465e-01 2.978797175466313951e-01 2.503848255069904272e-01 7.950931938548928546e-01 1.777699576010798310e-01 4.234440956822577151e-01 7.559865310482325462e-01 4.510151284573467589e-01 4.388402164322833809e-01 3.509183925673829973e-01 6.514819550826982386e-01 8.050252448004118211e-01 4.435760792958323706e-01
4.606348986521442979e-01 0.000000000000000000e+00 6.119207664938104418e-01 3.361835297511602261e-01 5.448629346376718807e-01 5.105598276324055940e-01 6.557367032942071905e-01 7.923369004719973407e-01 8.041184349863096381e-01 3.794135563381002552e-01 8.604769889838694841e-01 7.864674245364784433e-01 6.525928110320067255e-01 3.313420827860502627e-01 8.104231887912480836e-01 2.056487119542739217e-01 1.591356514260603428e-01 8.179738177240292174e-02 7.828084312150989099e-01 8.036135141745022192e-01 2.233683332098373997e-01 3.553465742047027254e-01 4.299999966788163874e-01 4.717097162890474538e-01 5.888603262089371349e-01 4.084892469175808172e-01 4.722604830344837579e-01 2.952979955572636594e-01 5.470715954592477726e-01 6.712447745680956146e-01 3.467009784300409958e-01 5.274453782140410274e-01 5.613427626985596497e-01 3.870825902689111753e-01 4.333011605184406423e-01
6.629897970729407009e-01 6.119207664938104418e-01 0.000000000000000000e+00 5.283462204627233927e-01 5.618545872970730493e-01 3.543079040752359909e-01 7.530668561647624326e-02 5.357442851168385811e-01 7.524868739199774836e-01 6.071040052308422919e-01 4.516066526033980510e-01 6.641519155782089623e-01 4.846998991783862398e-01 5.406377587389409323e-01 3.659665011319404027e-01 1.354053622826297820e-01 3.191071511474832256e-01 4.961755557233691882e-01 9.019027581916894132e-02 4.458458788034711517e-01 6.412082877948884763e-01 3.450282820645081405e-01 2.432022721555526235e-01 2.428325240955765962e-01 9.110656710557369919e-01 6.517050319274938497e-01 1.931263589808772108e-01 3.561285539134265155e-01 8.149787773470973384e-01 4.301484285696312582e-01 6.834267662067943228e-01 8.615263375499366827e-01 5.422031959161243142e-01 8.807490112662932358e-01 4.741381925154383170e-01
7.116557417467648250e-01 3.361835297511602261e-01 5.283462204627233927e-01 0.000000000000000000e+00 3.724957545959038940e-01 5.019424279684105983e-01 1.292843228228753860e-01 4.056526183027414079e-01 9.205961588978542887e-01 2.025901124961914102e-01 5.301350437423895112e-01 8.295043284969387809e-01 3.868036699740651230e-01 8.037050343229743543e-01 7.522042050944954816e-01 4.685565143842829738e-01 4.985113139789155157e-01 2.679175555192062630e-01 2.012596555135991450e-01 4.690722461039297797e-01 4.180394297949873161e-01 3.850627186189734541e-01 5.263460967751871777e-01 5.427743225128317528e-01 4.432997729689824862e-01 5.000590927493345772e-01 2.664835711697500775e-01 7.527002912246739674e-01 5.311739969024966701e-01 6.702478824765428778e-01 6.035894554734836381e-01 4.248949505648492719e-01 4.422951752077919352e-01 1.156082390630891465e-01 5.080905165270951374e-01
7.126422511686901773e-01 5.448629346376718807e-01 5.618545872970730493e-01 3.724957545959038940e-01 0.000000000000000000e+00 6.605648155902146268e-01 2.635239504061480664e-01 6.154261480297975595e-01 9.374154505441123497e-02 6.828666113871384447e-01 7.944423963812976552e-01 2.836961497689950429e-01 6.102366017199772896e-01 5.603176728166291420e-01 7.535844758108606323e-01 2.892234690001251884e-01 7.638714133577422238e-01 7.492176658500818709e-01 9.444977106056253735e-01 4.986092735298197631e-01 2.247990743822636528e-01 5.933986186709536703e-01 8.235955749631453937e-01 6.549688540541021009e-02 5.483832021908109366e-01 3.600442111356118025e-01 7.701557856471010766e-01 4.596918933658786788e-01 2.054941573495506768e-01 5.242292141293409813e-01 8.862574159073487445e-01 7.847053823196830091e-01 3.252561578040112922e-01 8.314738324779231693e-01 7.524342917528943353e-01
5.025918351074180057e-01 5.105598276324055940e-01 3.543079040752359909e-01 5.019424279684105983e-01 6.605648155902146268e-01 0.000000000000000000e+00 1.366343715052398267e-01 1.132476210912122250e-01 2.022249384083803503e-01 4.507376364366396659e-01 7.359092429830733639e-01 6.919328600092713444e-01 2.335176080394326670e-01 4.695743894021033871e-01 2.241329942682737109e-01 2.466925014869089106e-01 6.490957554096282722e-01 6.051683053689664860e-01 3.852605901764293850e-01 8.099732453447439084e-01 7.296037054847521741e-01 2.992885973693218959e-01 9.287864029309170766e-01 5.597132670927906783e-01 2.850864783384429169e-01 7.840146496511881669e-01 6.093670700610818169e-01 6.282976495367555980e-01 3.748521577530538051e-01 6.121253764236971318e-01 6.833406575097160651e-01 6.259508517052362331e-01 4.355651115822681829e-01 3.170295052383477752e-01 7.790703175792847990e-01
7.759571972853522848e-01 6.557367032942071905e-01 7.530668561647624326e-02 1.292843228228753860e-01 2.635239504061480664e-01 1.366343715052398267e-01 0.000000000000000000e+00 5.722471398317499069e-01 6.052997881407674585e-01 5.898831617599789023e-01 8.056672507965834118e-01 5.556923761262394512e-01 7.817901918132461603e-01 8.974108527828286164e-01 6.851853118783830521e-01 5.409727111661314369e-01 3.494019695095276212e-01 2.026180596543301071e-01 8.590276762648672015e-01 6.391752625404771848e-01 2.943331234280934794e-01 1.046766226965926139e-01 5.772798882561116507e-01 7.437542575296596237e-01 4.979325001568202791e-01 9.237467323249440865e-01 5.888289021676818003e-01 3.876102642854359903e-01 5.042892101102814939e-01 4.099275879066374695e-01 2.644613824155037651e-01 5.840106052013760429e-01 4.814682782575303022e-01 3.168363247557968165e-01 5.573329156120355732e-01
6.630745507825708263e-01 7.923369004719973407e-01 5.357442851168385811e-01 4.056526183027414079e-01 6.154261480297975595e-01 1.132476210912122250e-01 5.722471398317499069e-01 0.000000000000000000e+00 7.969453547980676067e-01 6.841188103988478098e-01 3.985297330398122062e-01 5.323786932647296410e-01 1.132600488331688693e-01 5.783197764309994104e-01 2.657170352910634969e-01 8.731726681993723371e-02 8.894058046253444649e-01 3.716919490577355045e-01 3.366223756929698219e-01 4.842974704145883158e-01 4.565535621652447862e-01 9.142133847804978508e-01 4.970896772472381819e-01 4.718427983392725622e-01 8.707477069832335603e-01 7.168143576238438230e-01 5.790951749877043531e-01 6.190110648535975812e-01 6.828789708156655092e-01 5.103279426505415994e-01 6.782143429407921920e-01 3.976795514380655483e-01 7.203592273088617048e-01 6.771040035826614290e-01 1.292077503587120146e-01
6.994803735857997307e-01 8.041184349863096381e-01 7.524868739199774836e-01 9.205961588978542887e-01 9.374154505441123497e-02 2.022249384083803503e-01 6.052997881407674585e-01 7.969453547980676067e-01 0.000000000000000000e+00 4.436374392400110889e-01 8.411827094536081795e-01 6.190501434048784057e-01 6.436400821505423586e-01 7.933752689142918868e-01 5.892384318895663720e-01 2.012757661266733056e-01 1.303607105034219060e-01 6.996473736228612239e-01 6.422785741162854167e-01 4.454543672792968256e-01 6.349264322274392747e-01 4.962048113689301876e-01 7.665400111183309217e-01 7.001330439387681848e-01 6.391334652998605925e-01 5.437534913016000004e-01 6.485501044451351671e-01 5.612951572724957927e-01 8.398907961937407407e-02 5.159748376881122534e-01 4.369975466335657144e-01 1.541453960613115015e-01 6.852463436064072377e-01 7.676344968723216589e-01 5.473512774850615159e-01
8.533783659075309114e-01 3.794135563381002552e-01 6.071040052308422919e-01 2.025901124961914102e-01 6.828666113871384447e-01 4.507376364366396659e-01 5.898831617599789023e-01 6.841188103988478098e-01 4.436374392400110889e-01 0.000000000000000000e+00 1.846449360691820862e-01 1.167123379613019818e-01 5.446430338531099702e-01 1.981584335741666814e-01 9.503530205354728810e-01 6.921351764482972513e-01 5.662468406111644814e-01 4.886809504056475184e-01 4.642576731871624895e-01 6.818026729050206125e-01 7.741364661913793244e-01 5.997186464497972214e-01 4.540903680119269259e-01 3.446573318808388575e-01 8.144668720565224618e-01 5.965875042126365102e-01 6.693893727789237413e-01 6.987642878242050770e-01 8.555280593092131625e-01 5.385544659831343894e-01 6.456887323852682492e-01 4.140425212078082673e-01 4.913091695021682970e-01 4.292989137730174876e-01 7.436842431958834432e-02
6.448434107725158349e-01 8.604769889838694841e-01 4.516066526033980510e-01 5.301350437423895112e-01 7.944423963812976552e-01 7.359092429830733639e-01 8.056672507965834118e-01 3.985297330398122062e-01 8.411827094536081795e-01 1.846449360691820862e-01 0.000000000000000000e+00 3.930905062542491279e-01 5.171357416588091560e-01 2.435505855592352553e-01 2.261950175295311949e-01 6.514465633808355083e-01 8.482476690166533828e-01 3.991325714705694638e-01 1.275319566132050442e-01 2.924180646367111613e-01 8.459533069957420048e-01 6.181341639688429090e-01 9.444365111484573916e-01 9.650838360651881054e-02 6.246915028008258597e-01 6.424555071220626745e-01 5.578655425087651887e-01 5.888072968916251426e-01 4.632219836105799793e-01 5.494330497347446052e-01 6.096419103081733848e-01 7.207997350022181671e-01 2.753474381396554538e-01 5.336376466032248800e-01 8.251688068426833444e-01
8.266127027891818635e-01 7.864674245364784433e-01 6.641519155782089623e-01 8.295043284969387809e-01 2.836961497689950429e-01 6.919328600092713444e-01 5.556923761262394512e-01 5.323786932647296410e-01 6.190501434048784057e-01 1.167123379613019818e-01 3.930905062542491279e-01 0.000000000000000000e+00 7.704840076031307383e-01 7.478953650145538923e-01 3.725632820160285630e-01 6.666653506004580620e-01 5.203031428634310451e-01 5.236480315941741681e-01 5.269208932965127046e-01 6.828756136065273763e-01 4.794149901756966092e-01 6.153400180635222316e-01 1.567271230782056879e-01 6.263971431691267577e-01 5.643162054387309556e-01 4.851479303274812138e-01 4.489783516853460554e-01 4.137359289762537196e-01 7.030012034731717430e-01 1.227555303132159548e-01 5.921345689799187850e-01 5.784384395163215675e-01 3.905933569950184037e-01 5.207150488922080989e-01 1.248546995640882340e-01
4.737582514272096201e-01 6.525928110320067255e-01 4.846998991783862398e-01 3.868036699740651230e-01 6.102366017199772896e-01 2.335176080394326670e-01 7.817901918132461603e-01 1.132600488331688693e-01 6.436400821505423586e-01 5.446430338531099702e-01 5.171357416588091560e-01 7.704840076031307383e-01 0.000000000000000000e+00 3.909846713667590179e-01 1.513286435125142937e-01 6.618360294886662665e-01 5.558773494636709556e-01 7.162115533240505094e-01 8.220590573694417369e-01 8.036986657927351896e-01 3.481984177694771310e-01 2.388673256516118393e-01 5.503023154562232122e-01 7.532348182663033409e-01 6.857901528926046986e-02 1.708907656707457368e-01 5.954890833648449622e-01 8.031028534380317829e-01 2.977875984448611346e-01 1.696478439806864413e-01 7.900347294151914834e-01 8.007918596431746749e-01 3.063628910324149857e-01 8.514574104380451258e-01 5.721628824996741747e-01
6.475801916761168009e-01 3.313420827860502627e-01 5.406377587389409323e-01 8.037050343229743543e-01 5.603176728166291420e-01 4.695743894021033871e-01 8.974108527828286164e-01 5.783197764309994104e-01 7.933752689142918868e-01 1.981584335741666814e-01 2.435505855592352553e-01 7.478953650145538923e-01 3.909846713667590179e-01 0.000000000000000000e+00 7.809819899618564154e-01 5.091890796911180406e-02 3.646749709869304690e-01 9.018701777919809759e-01 5.791280335079573849e-01 7.729870060240506824e-01 5.245697058902055732e-01 2.402513563341098779e-01 1.931749980618776563e-01 7.276678977586998887e-01 5.620649028060196173e-01 4.933976953882923122e-01 2.583009003602061981e-01 5.740485975106153216e-01 5.515329634836687589e-01 7.549821938550835831e-01 7.593669749116123135e-01 4.889586089412966685e-01 7.164115820905443410e-01 5.669221796133772084e-01 3.251378781959636255e-01
3.641790046219610666e-01 8.104231887912480836e-01 3.659665011319404027e-01 7.522042050944954816e-01 7.535844758108606323e-01 2.241329942682737109e-01 6.851853118783830521e-01 2.657170352910634969e-01 5.892384318895663720e-01 9.503530205354728810e-01 2.261950175295311949e-01 3.725632820160285630e-01 1.513286435125142937e-01 7.809819899618564154e-01 0.000000000000000000e+00 3.244140848075328099e-01 3.874149173196308471e-01 2.811789325264297812e-01 3.661045517353400669e-01 3.314661186137428661e-01 4.443944593869229021e-01 7.938176485189145648e-01 7.576553155651344351e-01 2.741447031867388917e-01 7.566327678252717792e-01 3.577985709672932835e-01 6.601330026483821500e-01 5.821831080159250993e-01 4.896433926143815007e-01 4.569984256620266416e-01 8.531255343642296651e-02 8.313586452616039679e-01 4.184063795425241872e-01 4.467162542671274661e-01 7.923976195438831027e-01
7.586929969644560234e-01 2.056487119542739217e-01 1.354053622826297820e-01 4.685565143842829738e-01 2.892234690001251884e-01 2.466925014869089106e-01 5.409727111661314369e-01 8.731726681993723371e-02 2.012757661266733056e-01 6.921351764482972513e-01 6.514465633808355083e-01 6.666653506004580620e-01 6.618360294886662665e-01 5.091890796911180406e-02 3.244140848075328099e-01 0.000000000000000000e+00 3.857958649464132694e-01 2.909004496169452780e-01 7.407002363280676960e-01 1.148216497543587122e-01 3.444714178371515167e-01 6.078792549510186882e-01 8.986717219472506457e-02 3.343473068511940705e-01 4.815143406256863212e-01 7.599049373147755970e-01 5.746107912332953926e-01 3.145502821787139469e-01 5.366656360545258853e-01 1.202328419126118542e-01 2.261521089148171293e-01 3.143228271063461254e-01 2.681626890399996244e-01 4.004948089598562300e-01 3.638455461403172775e-01
4.708301020622471245e-01 1.591356514260603428e-01 3.191071511474832256e-01 4.985113139789155157e-01 7.638714133577422238e-01 6.490957554096282722e-01 3.494019695095276212e-01 8.894058046253444649e-01 1.303607105034219060e-01 5.662468406111644814e-01 8.482476690166533828e-01 5.203031428634310451e-01 5.558773494636709556e-01 3.646749709869304690e-01 3.874149173196308471e-01 3.857958649464132694e-01 0.000000000000000000e+00 8.713888880193813025e-01 6.205096936226062176e-01 4.742488978844106029e-01 3.425548657359982485e-01 5.318551166526344076e-01 8.117192261144380305e-01 7.494443922994064033e-01 7.434513056623881511e-01 6.466796265480840855e-01 6.482476972441504337e-01 4.798426588876745780e-01 4.578750372956170711e-01 3.092619207603271025e-01 4.031215823839706669e-01 5.289799267052319731e-01 5.632400826472997446e-01 7.350063405150430995e-03 4.585203011480101787e-01
8.056329538396633794e-01 8.179738177240292174e-02 4.961755557233691882e-01 2.679175555192062630e-01 7.492176658500818709e-01 6.051683053689664860e-01 2.026180596543301071e-01 3.716919490577355045e-01 6.996473736228612239e-01 4.886809504056475184e-01 3.991325714705694638e-01 5.236480315941741681e-01 7.162115533240505094e-01 9.018701777919809759e-01 2.811789325264297812e-01 2.909004496169452780e-01 8.713888880193813025e-01 0.000000000000000000e+00 6.534521552477645656e-01 7.974788620187898136e-01 4.253775455569037134e-01 8.219802100369002495e-01 4.087675274339836462e-01 6.795414029980541004e-01 2.786540378439571475e-01 8.090744651634407258e-02 5.013744631094680937e-01 6.478149734144045269e-01 2.790109174813312776e-01 4.998271126064298686e-01 4.865541494220559926e-01 8.359449511010896838e-01 1.517097235617588247e-01 9.024843413395932101e-01 9.403912479396412394e-01
4.514892869250248797e-01 7.828084312150989099e-01 9.019027581916894132e-02 2.012596555135991450e-01 9.444977106056253735e-01 3.852605901764293850e-01 8.590276762648672015e-01 3.366223756929698219e-01 6.422785741162854167e-01 4.642576731871624895e-01 1.275319566132050442e-01 5.269208932965127046e-01 8.220590573694417369e-01 5.791280335079573849e-01 3.661045517353400669e-01 7.407002363280676960e-01 6.205096936226062176e-01 6.534521552477645656e-01 0.000000000000000000e+00 7.535391693085067288e-01 4.346095494550244465e-01 5.033238660639491879e-01 6.686060870523078403e-01 3.292840428559477561e-01 5.964487636491024869e-01 2.369304787566873238e-01 2.309150630399811888e-01 6.017718599563053328e-01 2.412430715219515964e-01 6.554365787650556774e-01 4.675099405951787523e-01 3.236961423668489046e-01 2.965077002697880104e-01 4.464320584644014267e-01 4.275992108718637552e-01
8.156020426053143257e-01 8.036135141745022192e-01 4.458458788034711517e-01 4.690722461039297797e-01 4.986092735298197631e-01 8.099732453447439084e-01 6.391752625404771848e-01 4.842974704145883158e-01 4.454543672792968256e-01 6.818026729050206125e-01 2.924180646367111613e-01 6.828756136065273763e-01 8.036986657927351896e-01 7.729870060240506824e-01 3.314661186137428661e-01 1.148216497543587122e-01 4.742488978844106029e-01 7.974788620187898136e-01 7.535391693085067288e-01 0.000000000000000000e+00 1.422375420404028423e-01 2.677521906903431725e-01 7.423347198327496788e-01 7.131466152029877215e-01 5.470321269040703260e-01 6.496066921425082130e-01 7.875140380960925501e-01 5.555280062564793564e-01 7.528987448808290850e-01 5.263838024725675524e-02 6.766774876307712905e-01 4.703790134894069719e-01 6.315464270169934835e-01 6.493536259135217481e-01 7.180341060544015441e-02
1.128370267454590348e-01 2.233683332098373997e-01 6.412082877948884763e-01 4.180394297949873161e-01 2.247990743822636528e-01 7.296037054847521741e-01 2.943331234280934794e-01 4.565535621652447862e-01 6.349264322274392747e-01 7.741364661913793244e-01 8.459533069957420048e-01 4.794149901756966092e-01 3.481984177694771310e-01 5.245697058902055732e-01 4.443944593869229021e-01 3.444714178371515167e-01 3.425548657359982485e-01 4.253775455569037134e-01 4.346095494550244465e-01 1.422375420404028423e-01 0.000000000000000000e+00 2.210196029541191542e-01 3.493412921741387844e-01 5.595224862043073344e-01 1.909146976097714776e-01 5.544443344101214199e-01 5.175821731141070359e-01 5.063318868626720537e-01 4.903974816518431590e-01 8.479768097953945816e-01 4.873222017505553505e-01 4.511464646234054077e-01 3.141121719833650516e-01 9.531456607530160996e-01 5.722583712557134383e-01
5.802714269179041207e-01 3.553465742047027254e-01 3.450282820645081405e-01 3.850627186189734541e-01 5.933986186709536703e-01 2.992885973693218959e-01 1.046766226965926139e-01 9.142133847804978508e-01 4.962048113689301876e-01 5.997186464497972214e-01 6.181341639688429090e-01 6.153400180635222316e-01 2.388673256516118393e-01 2.402513563341098779e-01 7.938176485189145648e-01 6.078792549510186882e-01 5.318551166526344076e-01 8.219802100369002495e-01 5.033238660639491879e-01 2.677521906903431725e-01 2.210196029541191542e-01 0.000000000000000000e+00 3.548221397013589518e-01 4.220051410173387696e-01 7.640285379351845485e-01 5.436571297082550824e-01 4.202936171495730289e-01 8.588042256320804757e-01 2.111216743423856013e-01 5.446565715396786134e-01 4.607082354711176109e-01 6.402935393702059441e-01 9.709091956036778326e-01 4.885071229294127293e-01 7.557413293742889504e-01
3.758103390784276465e-01 4.299999966788163874e-01 2.432022721555526235e-01 5.263460967751871777e-01 8.235955749631453937e-01 9.287864029309170766e-01 5.772798882561116507e-01 4.970896772472381819e-01 7.665400111183309217e-01 4.540903680119269259e-01 9.444365111484573916e-01 1.567271230782056879e-01 5.503023154562232122e-01 1.931749980618776563e-01 7.576553155651344351e-01 8.986717219472506457e-02 8.117192261144380305e-01 4.087675274339836462e-01 6.686060870523078403e-01 7.423347198327496788e-01 3.493412921741387844e-01 3.548221397013589518e-01 0.000000000000000000e+00 8.443229986435689671e-01 3.045511860919392078e-01 5.060480039397602381e-01 5.172675934089761007e-01 2.098346322747781656e-01 6.453051378102021562e-01 1.783485248186988947e-02 5.231751554769504819e-01 4.216602066800915760e-01 4.445575675758841605e-01 6.991269265525783538e-01 4.833074252036217988e-01
2.978797175466313951e-01 4.717097162890474538e-01 2.428325240955765962e-01 5.427743225128317528e-01 6.549688540541021009e-02 5.597132670927906783e-01 7.437542575296596237e-01 4.718427983392725622e-01 7.001330439387681848e-01 3.446573318808388575e-01 9.650838360651881054e-02 6.263971431691267577e-01 7.532348182663033409e-01 7.276678977586998887e-01 2.741447031867388917e-01 3.343473068511940705e-01 7.494443922994064033e-01 6.795414029980541004e-01 3.292840428559477561e-01 7.131466152029877215e-01 5.595224862043073344e-01 4.220051410173387696e-01 8.443229986435689671e-01 0.000000000000000000e+00 9.183920579337345735e-01 9.851799684193662809e-01 3.992183025688352815e-01 5.387432042315334346e-01 8.531986380066078901e-01 2.405806220731291634e-01 1.696900831313468139e-01 7.253957798927859191e-01 4.055113581504206088e-01 3.169546121179899756e-01 3.286024832179656463e-01
2.503848255069904272e-01 5.888603262089371349e-01 9.110656710557369919e-01 4.432997729689824862e-01 5.483832021908109366e-01 2.850864783384429169e-01 4.979325001568202791e-01 8.707477069832335603e-01 6.391334652998605925e-01 8.144668720565224618e-01 6.246915028008258597e-01 5.643162054387309556e-01 6.857901528926046986e-02 5.620649028060196173e-01 7.566327678252717792e-01 4.815143406256863212e-01 7.434513056623881511e-01 2.786540378439571475e-01 5.964487636491024869e-01 5.470321269040703260e-01 1.909146976097714776e-01 7.640285379351845485e-01 3.045511860919392078e-01 9.183920579337345735e-01 0.000000000000000000e+00 6.362018372265737520e-01 6.461728471795292750e-01 5.630986258834739244e-01 8.526316624513674558e-02 3.517463054523165544e-01 7.469082683350518614e-01 6.228879979734855965e-01 6.102847251791422289e-01 3.662308398052621650e-01 5.528042127319723331e-01
7.950931938548928546e-01 4.084892469175808172e-01 6.517050319274938497e-01 5.000590927493345772e-01 3.600442111356118025e-01 7.840146496511881669e-01 9.237467323249440865e-01 7.168143576238438230e-01 5.437534913016000004e-01 5.965875042126365102e-01 6.424555071220626745e-01 4.851479303274812138e-01 1.708907656707457368e-01 4.933976953882923122e-01 3.577985709672932835e-01 7.599049373147755970e-01 6.466796265480840855e-01 8.090744651634407258e-02 2.369304787566873238e-01 6.496066921425082130e-01 5.544443344101214199e-01 5.436571297082550824e-01 5.060480039397602381e-01 9.851799684193662809e-01 6.362018372265737520e-01 0.000000000000000000e+00 8.605380404608693468e-01 5.182376992207790023e-01 8.392368838561244937e-01 4.919698330272535558e-01 5.290671891322250575e-01 3.361631202198092638e-01 6.393942275358284189e-01 1.109018118727695956e-01 6.955068219175020161e-01
1.777699576010798310e-01 4.722604830344837579e-01 1.931263589808772108e-01 2.664835711697500775e-01 7.701557856471010766e-01 6.093670700610818169e-01 5.888289021676818003e-01 5.790951749877043531e-01 6.485501044451351671e-01 6.693893727789237413e-01 5.578655425087651887e-01 4.489783516853460554e-01 5.954890833648449622e-01 2.583009003602061981e-01 6.601330026483821500e-01 5.746107912332953926e-01 6.482476972441504337e-01 5.013744631094680937e-01 2.309150630399811888e-01 7.875140380960925501e-01 5.175821731141070359e-01 4.202936171495730289e-01 5.172675934089761007e-01 3.992183025688352815e-01 6.461728471795292750e-01 8.605380404608693468e-01 0.000000000000000000e+00 5.175046266422574925e-01 3.401865498276680500e-01 7.997275247717829938e-01 4.189227888674488254e-01 3.909133445100633208e-01 2.518246253437429472e-01 7.814693653641950899e-01 5.067009490825173934e-01
4.234440956822577151e-01 2.952979955572636594e-01 3.561285539134265155e-01 7.527002912246739674e-01 4.596918933658786788e-01 6.282976495367555980e-01 3.876102642854359903e-01 6.190110648535975812e-01 5.612951572724957927e-01 6.987642878242050770e-01 5.888072968916251426e-01 4.137359289762537196e-01 8.031028534380317829e-01 5.740485975106153216e-01 5.821831080159250993e-01 3.145502821787139469e-01 4.798426588876745780e-01 6.478149734144045269e-01 6.017718599563053328e-01 5.555280062564793564e-01 5.063318868626720537e-01 8.588042256320804757e-01 2.098346322747781656e-01 5.387432042315334346e-01 5.630986258834739244e-01 5.182376992207790023e-01 5.175046266422574925e-01 0.000000000000000000e+00 4.404448425604239326e-01 3.672741921522413855e-01 5.703490297763252892e-01 5.568004557833128310e-01 6.758922688608172136e-01 9.217991276070256479e-01 6.338407680150954793e-01
7.559865310482325462e-01 5.470715954592477726e-01 8.149787773470973384e-01 5.311739969024966701e-01 2.054941573495506768e-01 3.748521577530538051e-01 5.042892101102814939e-01 6.828789708156655092e-01 8.398907961937407407e-02 8.555280593092131625e-01 4.632219836105799793e-01 7.030012034731717430e-01 2.977875984448611346e-01 5.515329634836687589e-01 4.896433926143815007e-01 5.366656360545258853e-01 4.578750372956170711e-01 2.790109174813312776e-01 2.412430715219515964e-01 7.528987448808290850e-01 4.903974816518431590e-01 2.111216743423856013e-01 6.453051378102021562e-01 8.531986380066078901e-01 8.526316624513674558e-02 8.392368838561244937e-01 3.401865498276680500e-01 4.404448425604239326e-01 0.000000000000000000e+00 1.522437115453063594e-01 3.436096293095951548e-01 4.769793775830833971e-01 3.875610858445899254e-01 4.817837682947130884e-01 5.839033570995995071e-01
4.510151284573467589e-01 6.712447745680956146e-01 4.301484285696312582e-01 6.702478824765428778e-01 5.242292141293409813e-01 6.121253764236971318e-01 4.099275879066374695e-01 5.103279426505415994e-01 5.159748376881122534e-01 5.385544659831343894e-01 5.494330497347446052e-01 1.227555303132159548e-01 1.696478439806864413e-01 7.549821938550835831e-01 4.569984256620266416e-01 1.202328419126118542e-01 3.092619207603271025e-01 4.998271126064298686e-01 6.554365787650556774e-01 5.263838024725675524e-02 8.479768097953945816e-01 5.446565715396786134e-01 1.783485248186988947e-02 2.405806220731291634e-01 3.517463054523165544e-01 4.919698330272535558e-01 7.997275247717829938e-01 3.672741921522413855e-01 1.522437115453063594e-01 0.000000000000000000e+00 5.969528833754571551e-01 5.822431156557257292e-01 5.767887215132534440e-01 7.099527061699109076e-01 5.444999898462783428e-01
4.388402164322833809e-01 3.467009784300409958e-01 6.834267662067943228e-01 6.035894554734836381e-01 8.862574159073487445e-01 6.833406575097160651e-01 2.644613824155037651e-01 6.782143429407921920e-01 4.369975466335657144e-01 6.456887323852682492e-01 6.096419103081733848e-01 5.921345689799187850e-01 7.900347294151914834e-01 7.593669749116123135e-01 8.531255343642296651e-02 2.261521089148171293e-01 4.031215823839706669e-01 4.865541494220559926e-01 4.675099405951787523e-01 6.766774876307712905e-01 4.873222017505553505e-01 4.607082354711176109e-01 5.231751554769504819e-01 1.696900831313468139e-01 7.469082683350518614e-01 5.290671891322250575e-01 4.189227888674488254e-01 5.703490297763252892e-01 3.436096293095951548e-01 5.969528833754571551e-01 0.000000000000000000e+00 8.221435050769683173e-01 4.460788935617298612e-01 1.989777378088876669e-01 3.561400171931816683e-01
3.509183925673829973e-01 5.274453782140410274e-01 8.615263375499366827e-01 4.248949505648492719e-01 7.847053823196830091e-01 6.259508517052362331e-01 5.840106052013760429e-01 3.976795514380655483e-01 1.541453960613115015e-01 4.140425212078082673e-01 7.207997350022181671e-01 5.784384395163215675e-01 8.007918596431746749e-01 4.889586089412966685e-01 8.313586452616039679e-01 3.143228271063461254e-01 5.289799267052319731e-01 8.359449511010896838e-01 3.236961423668489046e-01 4.703790134894069719e-01 4.511464646234054077e-01 6.402935393702059441e-01 4.216602066800915760e-01 7.253957798927859191e-01 6.228879979734855965e-01 3.361631202198092638e-01 3.909133445100633208e-01 5.568004557833128310e-01 4.769793775830833971e-01 5.822431156557257292e-01 8.221435050769683173e-01 0.000000000000000000e+00 8.268348881927995997e-01 7.517078962618453097e-01 1.847547982858029902e-01
6.514819550826982386e-01 5.613427626985596497e-01 5.422031959161243142e-01 4.422951752077919352e-01 3.252561578040112922e-01 4.355651115822681829e-01 4.814682782575303022e-01 7.203592273088617048e-01 6.852463436064072377e-01 4.913091695021682970e-01 2.753474381396554538e-01 3.905933569950184037e-01 3.063628910324149857e-01 7.164115820905443410e-01 4.184063795425241872e-01 2.681626890399996244e-01 5.632400826472997446e-01 1.517097235617588247e-01 2.965077002697880104e-01 6.315464270169934835e-01 3.141121719833650516e-01 9.709091956036778326e-01 4.445575675758841605e-01 4.055113581504206088e-01 6.102847251791422289e-01 6.393942275358284189e-01 2.518246253437429472e-01 6.758922688608172136e-01 3.875610858445899254e-01 5.767887215132534440e-01 4.460788935617298612e-01 8.268348881927995997e-01 0.000000000000000000e+00 9.271603901825584693e-01 1.615013265702277545e-01
8.050252448004118211e-01 3.870825902689111753e-01 8.807490112662932358e-01 1.156082390630891465e-01 8.314738324779231693e-01 3.170295052383477752e-01 3.168363247557968165e-01 6.771040035826614290e-01 7.676344968723216589e-01 4.292989137730174876e-01 5.336376466032248800e-01 5.207150488922080989e-01 8.514574104380451258e-01 5.669221796133772084e-01 4.467162542671274661e-01 4.004948089598562300e-01 7.350063405150430995e-03 9.024843413395932101e-01 4.464320584644014267e-01 6.493536259135217481e-01 9.531456607530160996e-01 4.885071229294127293e-01 6.991269265525783538e-01 3.169546121179899756e-01 3.662308398052621650e-01 1.109018118727695956e-01 7.814693653641950899e-01 9.217991276070256479e-01 4.817837682947130884e-01 7.099527061699109076e-01 1.989777378088876669e-01 7.517078962618453097e-01 9.271603901825584693e-01 0.000000000000000000e+00 1.522177386734449023e-01
4.435760792958323706e-01 4.333011605184406423e-01 4.741381925154383170e-01 5.080905165270951374e-01 7.524342917528943353e-01 7.790703175792847990e-01 5.573329156120355732e-01 1.292077503587120146e-01 5.473512774850615159e-01 7.436842431958834432e-02 8.251688068426833444e-01 1.248546995640882340e-01 5.721628824996741747e-01 3.251378781959636255e-01 7.923976195438831027e-01 3.638455461403172775e-01 4.585203011480101787e-01 9.403912479396412394e-01 4.275992108718637552e-01 7.180341060544015441e-02 5.722583712557134383e-01 7.557413293742889504e-01 4.833074252036217988e-01 3.286024832179656463e-01 5.528042127319723331e-01 6.955068219175020161e-01 5.067009490825173934e-01 6.338407680150954793e-01 5.839033570995995071e-01 5.444999898462783428e-01 3.561400171931816683e-01 1.847547982858029902e-01 1.615013265702277545e-01 1.522177386734449023e-01 0.000000000000000000e+00
