0.000000000000000000e+00 3.107353865216831990e-01 6.529327153104979020e-01 5.297228510348162001e-01 8.944965463213945256e-01 3.828578923372203402e-01 5.041568726252400046e-01 7.589233895587894629e-01 8.605192982728044893e-01 5.536251518932522320e-01 3.827770452994144201e-01 3.840549890902785757e-01 2.290391497970371559e-01 6.274981513884465567e-01 4.873363585147187926e-01 6.060935210313358468e-01 5.139201763070252449e-01 5.360960025817822494e-01 1.154066998602831795e-01 6.302752364442949506e-01 5.346019385698230764e-01 4.946454588318864865e-01 8.294833171043738407e-01 5.490408145883429736e-02 1.564834872022057288e-01 3.400196462697005484e-01 8.730330069298790630e-01 4.623158473291345549e-01 6.553732759276461595e-01 7.663109853288458950e-01 8.733423987820347900e-01 7.187808060673741561e-01 6.473835231433688886e-02 5.085186281169604694e-01 3.572218729009634108e-01
3.107353865216831990e-01 0.000000000000000000e+00 1.602434067479447943e-01 8.423293016975259562e-01 7.859407989229945102e-01 4.566701660209986913e-01 6.613223304238626810e-01 3.292343939177631018e-01 1.291886035981361092e-01 1.916579114479967094e-01 1.974267833924537308e-01 4.991317713620331276e-01 6.246166501235554946e-01 7.558466606206697413e-01 6.909631166878895669e-01 4.640156349618400622e-01 3.771756074851888574e-01 4.621018893154857921e-01 5.040529829597979461e-01 6.233145855993946771e-01 8.525644045342581911e-01 2.946701120267747331e-01 6.208647542475470571e-01 6.579776371513463840e-01 7.709947093310935973e-01 5.703856962906749262e-01 8.338264968839581570e-02 4.678186747261691703e-01 6.850904487775180129e-01 2.443739814499246710e-01 3.776835511953210434e-01 4.193231021952872339e-01 3.078307463632065089e-01 5.954012386564132564e-01 7.873075882230584632e-01
6.529327153104979020e-01 1.602434067479447943e-01 0.000000000000000000e+00 5.992502735071898456e-01 2.517024863836760940e-01 6.568094010966512020e-01 1.687089676170963060e-01 2.718215925205602623e-02 8.259150516969890887e-01 2.230319636120990934e-01 4.425364666128022151e-01 7.120362636540538137e-01 2.937558509496484005e-01 4.621393023565646963e-01 4.886524707140156298e-01 2.840647068667979669e-01 4.052245423031748395e-01 3.412591836359109010e-01 5.440977425592383732e-01 1.709912106431105694e-01 4.200933998302129879e-01 8.866618908904715379e-01 1.960368560737493770e-01 5.454503122046723274e-01 6.267265816890054131e-01 6.299341654363923571e-01 3.798404924084642365e-01 5.128799576200353538e-01 7.544942850509996912e-01 8.450041306077469283e-01 3.206638430587041011e-01 5.487529252042770977e-01 8.160720616195233923e-01 8.036304150017948844e-01 4.924134048128989694e-01
5.297228510348162001e-01 8.423293016975259562e-01 5.992502735071898456e-01 0.000000000000000000e+00 9.152698728509749415e-01 1.425601526326717439e-01 4.921019952300144107e-01 7.697780135313021521e-01 5.044216660631432037e-01 4.712874767287943967e-01 4.193040118224840018e-01 3.914492688722648328e-01 3.477387168068969414e-01 5.151688889411736305e-01 5.250220470215861690e-01 7.354296919043254999e-01 1.446074748415703271e-01 4.768272288902569156e-01 2.625280309691974123e-01 5.534052489603685787e-01 1.956610286153034339e-01 4.936602466221634566e-01 3.117369197178632145e-01 4.493649457510770495e-01 5.201696371382340534e-01 5.942591251259464746e-01 4.508545900680559493e-01 6.633870123119367523e-01 2.278798532891418427e-01 8.320772884964097171e-01 7.763976812367517910e-01 5.961884681745180936e-01 4.491984162958553295e-01 7.420592842873483530e-01 8.796324825973907968e-01
8.944965463213945256e-01 7.859407989229945102e-01 2.517024863836760940e-01 9.152698728509749415e-01 0.000000000000000000e+00 2.034313942093431971e-01 6.216391580776403636e-01 6.932100361165611790e-01 6.766528572725252211e-01 3.439873587584008630e-01 5.083739891111822562e-01 5.705790760756279667e-01 9.553074222869899490e-01 4.933022029845502421e-01 1.943288350012318810e-01 1.977776797289783062e-01 9.335188354666164035e-01 2.247572349171611528e-01 4.606098305911484059e-01 6.864000085022821107e-01 5.160631971175948518e-01 4.755965413060515012e-01 2.623757796498149553e-01 1.202762497524242913e-01 1.709283603503020110e-01 4.979704825762714115e-01 6.031986100394217676e-01 3.681748875616416283e-01 3.613222144244090384e-01 8.132329227943442262e-01 1.629976348135080411e-01 3.422005484259217356e-01 6.437616572747464350e-01 6.366056445961887356e-01 6.343504648002257218e-01
3.828578923372203402e-01 4.566701660209986913e-01 6.568094010966512020e-01 1.425601526326717439e-01 2.034313942093431971e-01 0.000000000000000000e+00 4.002549326188767909e-01 7.074183658173723854e-01 7.655269895871538166e-01 3.352438485639809840e-01 7.819571463178123238e-01 4.726863177014449247e-01 4.449985678063490546e-01 7.922576695408978242e-01 5.362426661450102605e-01 2.946331932247892027e-01 4.712771059057261902e-01 9.657049760946374573e-01 6.331189169069246780e-01 7.461233408138289169e-01 9.477971321605325183e-01 1.770460642594304801e-01 1.274022315320255672e-01 2.771430473329790090e-01 3.747782394993091071e-01 4.553381610575781280e-01 1.751217492284771193e-01 2.838651825525556616e-01 9.331521901660471130e-01 3.647700601212745530e-01 2.368704980397692283e-01 4.579444428995144145e-01 5.310508388694918924e-01 9.592612299713575430e-01 5.168226129958279902e-01
5.041568726252400046e-01 6.613223304238626810e-01 1.687089676170963060e-01 4.921019952300144107e-01 6.216391580776403636e-01 4.002549326188767909e-01 0.000000000000000000e+00 6.161670544996880050e-01 4.120901713524527388e-01 4.365223555290423940e-01 3.945623093126099379e-01 6.310889879286394333e-01 4.848112357099422232e-01 3.667160205328282019e-01 6.867387817204839706e-01 8.422323532960431791e-01 4.935398175077985172e-01 7.838634064442393523e-01 4.310471128574192567e-01 4.436258396125720704e-01 4.607450610452710205e-01 4.421933916520995322e-01 5.350259928712737256e-01 6.907583817978950602e-01 5.537219595223770163e-01 1.059470309616818984e-01 8.832628447706432073e-01 6.723386497298680098e-01 6.183359486102293356e-01 8.394495230295764276e-01 2.320976104363795534e-01 7.350434264077783109e-01 2.166695195799443474e-01 6.776996026084279867e-01 4.163393514253575511e-01
7.589233895587894629e-01 3.292343939177631018e-01 2.718215925205602623e-02 7.697780135313021521e-01 6.932100361165611790e-01 7.074183658173723854e-01 6.161670544996880050e-01 0.000000000000000000e+00 5.250493408873529999e-01 3.884605670555044132e-01 3.117676525892975059e-01 2.666418127079124845e-01 4.862130776940437604e-01 4.738650689779355663e-01 4.904195635593869840e-01 4.839004571521213216e-01 9.794377507247753467e-02 4.638117662849515765e-01 4.384261551973236415e-01 7.629336909306443371e-01 8.868312706457384120e-01 8.544817235082966533e-01 7.088537870883635517e-01 3.038001176566335615e-01 7.212899590210938294e-01 3.367648011405147690e-01 7.550982757340911622e-01 2.982643194032756906e-01 3.698916623216241817e-01 8.922467670043175980e-01 7.427776573020367090e-01 4.332730421506624796e-01 1.368876762687988302e-01 5.226556137557476500e-01 4.964508891391791190e-01
8.605192982728044893e-01 1.291886035981361092e-01 8.259150516969890887e-01 5.044216660631432037e-01 6.766528572725252211e-01 7.655269895871538166e-01 4.120901713524527388e-01 5.250493408873529999e-01 0.000000000000000000e+00 6.206286175820883155e-01 6.179789428008699570e-01 2.703083985859331406e-01 4.550703148074100035e-01 7.831670733380940996e-01 6.984879372888422866e-01 4.967004510962809705e-01 2.663737722736629898e-01 4.267289857975311573e-01 7.134604289422386003e-02 1.679960074406213755e-01 9.593529814791721400e-01 7.358731275063952193e-01 5.875628144521385376e-01 2.445755872900801098e-01 2.855276493223303236e-01 2.535291232209939127e-01 7.596817737955875449e-01 3.940502607442687433e-01 5.138990370069835834e-01 5.804004118041274918e-01 2.101988341549895223e-01 8.157605442144157948e-01 2.688668450902864659e-01 7.073139555312725202e-01 8.746443008134234809e-01
5.536251518932522320e-01 1.916579114479967094e-01 2.230319636120990934e-01 4.712874767287943967e-01 3.439873587584008630e-01 3.352438485639809840e-01 4.365223555290423940e-01 3.884605670555044132e-01 6.206286175820883155e-01 0.000000000000000000e+00 8.006337622957502287e-01 2.398587450618002714e-01 3.414378766780091778e-01 2.202538400071865077e-01 1.430862500782701385e-01 3.912201982336867556e-01 5.426279768550706928e-01 7.078954527943480679e-01 3.471575898161730622e-01 4.751578738838206917e-01 6.774779542738466054e-01 1.215110141425133072e-01 4.408019574535138041e-01 8.505753543374361403e-01 3.377492970359436963e-01 6.467986996274432965e-01 4.434119418275893620e-01 4.654547864697988757e-01 2.135952090032907646e-01 4.372916016503078929e-01 3.285470242986451850e-01 8.624667611321832350e-01 2.008251705868897563e-01 5.901579182643158505e-01 3.122501642052780690e-01
3.827770452994144201e-01 1.974267833924537308e-01 4.425364666128022151e-01 4.193040118224840018e-01 5.083739891111822562e-01 7.819571463178123238e-01 3.945623093126099379e-01 3.117676525892975059e-01 6.179789428008699570e-01 8.006337622957502287e-01 0.000000000000000000e+00 5.533435752189683754e-01 6.383321501125315267e-01 1.450352171971294180e-01 7.604564587455460156e-01 5.505988430430783787e-01 1.986742719231716081e-01 5.959262292008095097e-01 7.857685682863444487e-01 6.084766951675277813e-01 1.419210247301306849e-01 3.936305818414161939e-01 7.733079194190778383e-01 5.801492364630798093e-01 8.748456932486241566e-01 5.167134287259963488e-01 3.636616339505788220e-01 5.879536710183534964e-01 5.154270135107457129e-01 3.566471882660963155e-01 8.852577792591230788e-01 2.117787712570952108e-01 4.199440359225386499e-01 5.111781704677974547e-01 7.036728959990909971e-01
3.840549890902785757e-01 4.991317713620331276e-01 7.120362636540538137e-01 3.914492688722648328e-01 5.705790760756279667e-01 4.726863177014449247e-01 6.310889879286394333e-01 2.666418127079124845e-01 2.703083985859331406e-01 2.398587450618002714e-01 5.533435752189683754e-01 0.000000000000000000e+00 2.656724472389851988e-01 5.710279084516434178e-01 8.086109761060384926e-01 2.981085846949945717e-01 4.697619854381474558e-01 5.636931509201026369e-01 2.581805697679393496e-01 3.738757352304081794e-01 6.943733913417227122e-01 8.790313227454288336e-01 7.099198660489869361e-01 6.014378581350718900e-01 1.443728573788372049e-01 5.998523162915927465e-01 4.160791412393733957e-01 2.928307331253932055e-01 3.742314046390465276e-01 5.311631788987631886e-01 5.575642923000199147e-01 4.479216684838325246e-01 2.101369048764560321e-01 4.561903561714609201e-01 8.433206655789240447e-01
2.290391497970371559e-01 6.246166501235554946e-01 2.937558509496484005e-01 3.477387168068969414e-01 9.553074222869899490e-01 4.449985678063490546e-01 4.848112357099422232e-01 4.862130776940437604e-01 4.550703148074100035e-01 3.414378766780091778e-01 6.383321501125315267e-01 2.656724472389851988e-01 0.000000000000000000e+00 5.051654625836009549e-01 3.467512896095334973e-01 1.956554614257817182e-01 4.837776402369633466e-01 7.555055627265654383e-01 4.840058985154009896e-01 8.427965225959055395e-01 3.292122791778293589e-01 6.919720952714680795e-01 6.884464554846954076e-01 4.058788192358023794e-01 1.988026252449337505e-02 3.947045560060170599e-01 6.594366821820045743e-01 3.553019900779528228e-01 3.971145927818709453e-01 6.387882958438413361e-01 7.681434196110210610e-01 6.756612105424106840e-01 5.312482724354952168e-01 2.303130771261526766e-01 1.429724264421456947e-01
6.274981513884465567e-01 7.558466606206697413e-01 4.621393023565646963e-01 5.151688889411736305e-01 4.933022029845502421e-01 7.922576695408978242e-01 3.667160205328282019e-01 4.738650689779355663e-01 7.831670733380940996e-01 2.202538400071865077e-01 1.450352171971294180e-01 5.710279084516434178e-01 5.051654625836009549e-01 0.000000000000000000e+00 2.716717665284635874e-01 2.278724313992789297e-01 5.330329568591857248e-01 7.142702820400008701e-01 7.624691651870472153e-01 6.137776079030974330e-01 5.993893931232725514e-01 5.435504590225999078e-01 6.293354422676886717e-01 1.342751537671498241e-01 4.775993148042871894e-01 7.403113029496364295e-01 1.145132036357461303e-01 1.801789329968663811e-01 6.584267395364251652e-01 6.293067196357735593e-01 5.076876999116660683e-01 4.407959530301714390e-01 6.548971408311214937e-01 1.080593602147319476e-01 4.753527909846125277e-01
4.873363585147187926e-01 6.909631166878895669e-01 4.886524707140156298e-01 5.250220470215861690e-01 1.943288350012318810e-01 5.362426661450102605e-01 6.867387817204839706e-01 4.904195635593869840e-01 6.984879372888422866e-01 1.430862500782701385e-01 7.604564587455460156e-01 8.086109761060384926e-01 3.467512896095334973e-01 2.716717665284635874e-01 0.000000000000000000e+00 6.787181799882813227e-02 3.732005715798827894e-01 2.738228885751984309e-01 4.126952095197134462e-01 5.707952654526616820e-01 5.208349304945172342e-01 4.196357300679882663e-01 5.364217015141931055e-01 6.410298229949541460e-01 4.796238674523647383e-01 2.958131662876120616e-01 6.425412694641523537e-01 6.584219370596298138e-01 1.283778520279577062e-01 4.044621206851481965e-01 6.880298652838998663e-01 6.294893218824577641e-01 4.205172080139841229e-01 3.210145987099806142e-01 4.303050732129035660e-01
6.060935210313358468e-01 4.640156349618400622e-01 2.840647068667979669e-01 7.354296919043254999e-01 1.977776797289783062e-01 2.946331932247892027e-01 8.422323532960431791e-01 4.839004571521213216e-01 4.967004510962809705e-01 3.912201982336867556e-01 5.505988430430783787e-01 2.981085846949945717e-01 1.956554614257817182e-01 2.278724313992789297e-01 6.787181799882813227e-02 0.000000000000000000e+00 6.509755143524871279e-01 3.279871180682153442e-01 8.227297050865951533e-01 3.527762297709617911e-01 5.408238592919811794e-01 4.958393669557019101e-01 3.275266875756055462e-01 2.951972515582286793e-01 7.029406915271385614e-01 4.474426617949963103e-01 6.547847195698810463e-01 3.022862503214025498e-01 1.680067957904378684e-01 6.015904364778108526e-01 5.319177422094267804e-01 5.278231334882428349e-01 1.382851378791040142e-01 2.954025341039822061e-01 4.310613546385670403e-01
5.139201763070252449e-01 3.771756074851888574e-01 4.052245423031748395e-01 1.446074748415703271e-01 9.335188354666164035e-01 4.712771059057261902e-01 4.935398175077985172e-01 9.794377507247753467e-02 2.663737722736629898e-01 5.426279768550706928e-01 1.986742719231716081e-01 4.697619854381474558e-01 4.837776402369633466e-01 5.330329568591857248e-01 3.732005715798827894e-01 6.509755143524871279e-01 0.000000000000000000e+00 3.716470514823195237e-01 6.062511126048877319e-01 6.820461557128615349e-01 8.336151593684992811e-01 9.791163566153309183e-01 4.343725571133857377e-01 3.282446293097065482e-01 5.472166969060254793e-02 5.986035528649140680e-01 7.973876629366094537e-02 7.710800458810976865e-01 8.597061317990857265e-01 6.406821634623267592e-01 6.164968953238216809e-01 4.516189369435952838e-01 2.979363930751321443e-01 3.732165392988799901e-01 4.407493310369317574e-01
5.360960025817822494e-01 4.621018893154857921e-01 3.412591836359109010e-01 4.768272288902569156e-01 2.247572349171611528e-01 9.657049760946374573e-01 7.838634064442393523e-01 4.638117662849515765e-01 4.267289857975311573e-01 7.078954527943480679e-01 5.959262292008095097e-01 5.636931509201026369e-01 7.555055627265654383e-01 7.142702820400008701e-01 2.738228885751984309e-01 3.279871180682153442e-01 3.716470514823195237e-01 0.000000000000000000e+00 7.959525976969565875e-01 5.786556538377198855e-01 7.635689490861816697e-01 4.320281924724112543e-01 5.526882192902805579e-01 3.012379524286434851e-02 4.763477982759904417e-01 5.357400747020125698e-01 7.449312426633292183e-01 9.155390987575392492e-01 8.503807504203131362e-01 2.515466828880482675e-01 7.549341958174105027e-02 3.680902957347699234e-01 3.130235931708322816e-01 3.443029044923398008e-01 4.599722680309565326e-01
1.154066998602831795e-01 5.040529829597979461e-01 5.440977425592383732e-01 2.625280309691974123e-01 4.606098305911484059e-01 6.331189169069246780e-01 4.310471128574192567e-01 4.384261551973236415e-01 7.134604289422386003e-02 3.471575898161730622e-01 7.857685682863444487e-01 2.581805697679393496e-01 4.840058985154009896e-01 7.624691651870472153e-01 4.126952095197134462e-01 8.227297050865951533e-01 6.062511126048877319e-01 7.959525976969565875e-01 0.000000000000000000e+00 7.702644743025288676e-01 5.671450775509838671e-01 5.203798272978958916e-01 2.419066417667450342e-01 7.846676152874185739e-01 7.267426357236947965e-01 6.709922397329077803e-01 3.599491463613508913e-01 4.854821523865058275e-01 8.243037674202005061e-01 2.551510631648117866e-01 2.224187065228451221e-01 5.017755280175952848e-01 6.124510536964576923e-01 8.057146205229307467e-01 8.611200165022271369e-01
6.302752364442949506e-01 6.233145855993946771e-01 1.709912106431105694e-01 5.534052489603685787e-01 6.864000085022821107e-01 7.461233408138289169e-01 4.436258396125720704e-01 7.629336909306443371e-01 1.679960074406213755e-01 4.751578738838206917e-01 6.084766951675277813e-01 3.738757352304081794e-01 8.427965225959055395e-01 6.137776079030974330e-01 5.707952654526616820e-01 3.527762297709617911e-01 6.820461557128615349e-01 5.786556538377198855e-01 7.702644743025288676e-01 0.000000000000000000e+00 2.197402817430209598e-01 6.154540126063032801e-01 6.930001761118840253e-01 3.578575171992475212e-01 4.403960628655249621e-01 7.772471928470191527e-01 9.073197625384741283e-01 5.581810197498082715e-01 7.220267337922936512e-01 7.574310885331241305e-01 2.252875559707951947e-01 3.799012628030711269e-01 5.167223041481664447e-01 5.469636801053721076e-01 8.884136587070524671e-01
5.346019385698230764e-01 8.525644045342581911e-01 4.200933998302129879e-01 1.956610286153034339e-01 5.160631971175948518e-01 9.477971321605325183e-01 4.607450610452710205e-01 8.868312706457384120e-01 9.593529814791721400e-01 6.774779542738466054e-01 1.419210247301306849e-01 6.943733913417227122e-01 3.292122791778293589e-01 5.993893931232725514e-01 5.208349304945172342e-01 5.408238592919811794e-01 8.336151593684992811e-01 7.635689490861816697e-01 5.671450775509838671e-01 2.197402817430209598e-01 0.000000000000000000e+00 1.927069229638810333e-01 7.800923301319306891e-02 6.322253136571707177e-01 8.169821087856490305e-01 4.808474920112937867e-01 7.187567481037441253e-01 6.096636112829030285e-01 1.496974329706057816e-01 5.199511310261122343e-01 1.645848078259249947e-01 3.699303365955735057e-01 9.030240401167530795e-01 2.714155063918015642e-01 9.095709804258228504e-01
4.946454588318864865e-01 2.946701120267747331e-01 8.866618908904715379e-01 4.936602466221634566e-01 4.755965413060515012e-01 1.770460642594304801e-01 4.421933916520995322e-01 8.544817235082966533e-01 7.358731275063952193e-01 1.215110141425133072e-01 3.936305818414161939e-01 8.790313227454288336e-01 6.919720952714680795e-01 5.435504590225999078e-01 4.196357300679882663e-01 4.958393669557019101e-01 9.791163566153309183e-01 4.320281924724112543e-01 5.203798272978958916e-01 6.154540126063032801e-01 1.927069229638810333e-01 0.000000000000000000e+00 2.409742212104293291e-01 4.233467698461146345e-01 2.334761549514419166e-01 4.860721288674807461e-01 4.502719332523801299e-01 4.936862085527192745e-01 3.751225082296900659e-01 6.492442107274337681e-01 6.331482525455383037e-01 3.889612632738915221e-01 8.366941285721166688e-01 3.854085963617550625e-01 4.897586576047494589e-01
8.294833171043738407e-01 6.208647542475470571e-01 1.960368560737493770e-01 3.117369197178632145e-01 2.623757796498149553e-01 1.274022315320255672e-01 5.350259928712737256e-01 7.088537870883635517e-01 5.875628144521385376e-01 4.408019574535138041e-01 7.733079194190778383e-01 7.099198660489869361e-01 6.884464554846954076e-01 6.293354422676886717e-01 5.364217015141931055e-01 3.275266875756055462e-01 4.343725571133857377e-01 5.526882192902805579e-01 2.419066417667450342e-01 6.930001761118840253e-01 7.800923301319306891e-02 2.409742212104293291e-01 0.000000000000000000e+00 6.014717528487933951e-01 7.372761592070504744e-01 7.127340549758079957e-01 4.680299100790094036e-01 6.133581738564057861e-01 3.645826886706504677e-01 4.131110148870170695e-01 7.402025537137053579e-01 2.006090081447157170e-01 6.317209472067626397e-01 5.056964320239343280e-01 4.793221252705711644e-01
5.490408145883429736e-02 6.579776371513463840e-01 5.454503122046723274e-01 4.493649457510770495e-01 1.202762497524242913e-01 2.771430473329790090e-01 6.907583817978950602e-01 3.038001176566335615e-01 2.445755872900801098e-01 8.505753543374361403e-01 5.801492364630798093e-01 6.014378581350718900e-01 4.058788192358023794e-01 1.342751537671498241e-01 6.410298229949541460e-01 2.951972515582286793e-01 3.282446293097065482e-01 3.012379524286434851e-02 7.846676152874185739e-01 3.578575171992475212e-01 6.322253136571707177e-01 4.233467698461146345e-01 6.014717528487933951e-01 0.000000000000000000e+00 2.543646031528931095e-01 6.234315255160125524e-01 7.283433596504891305e-01 4.690349934551423239e-01 2.043647961895058707e-01 8.580168905983774907e-01 4.344557648376867198e-01 5.448760291072980433e-01 7.011526400580213592e-01 7.004636097382201942e-01 2.987328120501726580e-01
1.564834872022057288e-01 7.709947093310935973e-01 6.267265816890054131e-01 5.201696371382340534e-01 1.709283603503020110e-01 3.747782394993091071e-01 5.537219595223770163e-01 7.212899590210938294e-01 2.855276493223303236e-01 3.377492970359436963e-01 8.748456932486241566e-01 1.443728573788372049e-01 1.988026252449337505e-02 4.775993148042871894e-01 4.796238674523647383e-01 7.029406915271385614e-01 5.472166969060254793e-02 4.763477982759904417e-01 7.267426357236947965e-01 4.403960628655249621e-01 8.169821087856490305e-01 2.334761549514419166e-01 7.372761592070504744e-01 2.543646031528931095e-01 0.000000000000000000e+00 2.194496969523940799e-01 6.066169648610186815e-01 4.142222796984460498e-01 6.709634372037198702e-01 8.649155412754869765e-01 5.948079477549079730e-01 7.889526224605474258e-01 6.195402138570594852e-01 4.578023312920615484e-01 2.433289347732507379e-01
3.400196462697005484e-01 5.703856962906749262e-01 6.299341654363923571e-01 5.942591251259464746e-01 4.979704825762714115e-01 4.553381610575781280e-01 1.059470309616818984e-01 3.367648011405147690e-01 2.535291232209939127e-01 6.467986996274432965e-01 5.167134287259963488e-01 5.998523162915927465e-01 3.947045560060170599e-01 7.403113029496364295e-01 2.958131662876120616e-01 4.474426617949963103e-01 5.986035528649140680e-01 5.357400747020125698e-01 6.709922397329077803e-01 7.772471928470191527e-01 4.808474920112937867e-01 4.860721288674807461e-01 7.127340549758079957e-01 6.234315255160125524e-01 2.194496969523940799e-01 0.000000000000000000e+00 8.258454227615849019e-01 2.417381005862545562e-01 7.212681113238503805e-01 3.237474751214243218e-01 3.496293143860346730e-01 2.216120529049197541e-01 2.327961932930217581e-01 5.277244027608614108e-01 7.236312631386249139e-01
8.730330069298790630e-01 8.338264968839581570e-02 3.798404924084642365e-01 4.508545900680559493e-01 6.031986100394217676e-01 1.751217492284771193e-01 8.832628447706432073e-01 7.550982757340911622e-01 7.596817737955875449e-01 4.434119418275893620e-01 3.636616339505788220e-01 4.160791412393733957e-01 6.594366821820045743e-01 1.145132036357461303e-01 6.425412694641523537e-01 6.547847195698810463e-01 7.973876629366094537e-02 7.449312426633292183e-01 3.599491463613508913e-01 9.073197625384741283e-01 7.187567481037441253e-01 4.502719332523801299e-01 4.680299100790094036e-01 7.283433596504891305e-01 6.066169648610186815e-01 8.258454227615849019e-01 0.000000000000000000e+00 3.671329194287782371e-01 2.899731040239061364e-01 6.687234327415197965e-01 2.640402833925858950e-01 6.707004088197370262e-01 1.538829575362440361e-01 5.988910189011231733e-01 5.548151252335935535e-01
4.623158473291345549e-01 4.678186747261691703e-01 5.128799576200353538e-01 6.633870123119367523e-01 3.681748875616416283e-01 2.838651825525556616e-01 6.723386497298680098e-01 2.982643194032756906e-01 3.940502607442687433e-01 4.654547864697988757e-01 5.879536710183534964e-01 2.928307331253932055e-01 3.553019900779528228e-01 1.801789329968663811e-01 6.584219370596298138e-01 3.022862503214025498e-01 7.710800458810976865e-01 9.155390987575392492e-01 4.854821523865058275e-01 5.581810197498082715e-01 6.096636112829030285e-01 4.936862085527192745e-01 6.133581738564057861e-01 4.690349934551423239e-01 4.142222796984460498e-01 2.417381005862545562e-01 3.671329194287782371e-01 0.000000000000000000e+00 3.160659592063528311e-01 7.050213489146959223e-01 1.947445506844325269e-01 4.841966419711244418e-01 4.007875706939821869e-01 7.141428573849689654e-01 5.157963339545905690e-01
6.553732759276461595e-01 6.850904487775180129e-01 7.544942850509996912e-01 2.278798532891418427e-01 3.613222144244090384e-01 9.331521901660471130e-01 6.183359486102293356e-01 3.698916623216241817e-01 5.138990370069835834e-01 2.135952090032907646e-01 5.154270135107457129e-01 3.742314046390465276e-01 3.971145927818709453e-01 6.584267395364251652e-01 1.283778520279577062e-01 1.680067957904378684e-01 8.597061317990857265e-01 8.503807504203131362e-01 8.243037674202005061e-01 7.220267337922936512e-01 1.496974329706057816e-01 3.751225082296900659e-01 3.645826886706504677e-01 2.043647961895058707e-01 6.709634372037198702e-01 7.212681113238503805e-01 2.899731040239061364e-01 3.160659592063528311e-01 0.000000000000000000e+00 9.235903801086068343e-01 2.991688595915873439e-01 5.501129959623268784e-01 6.362342456340720487e-01 3.937231677482226910e-01 4.474514428703590396e-01
7.663109853288458950e-01 2.443739814499246710e-01 8.450041306077469283e-01 8.320772884964097171e-01 8.132329227943442262e-01 3.647700601212745530e-01 8.394495230295764276e-01 8.922467670043175980e-01 5.804004118041274918e-01 4.372916016503078929e-01 3.566471882660963155e-01 5.311631788987631886e-01 6.387882958438413361e-01 6.293067196357735593e-01 4.044621206851481965e-01 6.015904364778108526e-01 6.406821634623267592e-01 2.515466828880482675e-01 2.551510631648117866e-01 7.574310885331241305e-01 5.199511310261122343e-01 6.492442107274337681e-01 4.131110148870170695e-01 8.580168905983774907e-01 8.649155412754869765e-01 3.237474751214243218e-01 6.687234327415197965e-01 7.050213489146959223e-01 9.235903801086068343e-01 0.000000000000000000e+00 7.756391877852557570e-01 1.955947849428821828e-01 6.765610781008046803e-02 5.987166732817691406e-01 5.630143110196035305e-01
8.733423987820347900e-01 3.776835511953210434e-01 3.206638430587041011e-01 7.763976812367517910e-01 1.629976348135080411e-01 2.368704980397692283e-01 2.320976104363795534e-01 7.427776573020367090e-01 2.101988341549895223e-01 3.285470242986451850e-01 8.852577792591230788e-01 5.575642923000199147e-01 7.681434196110210610e-01 5.076876999116660683e-01 6.880298652838998663e-01 5.319177422094267804e-01 6.164968953238216809e-01 7.549341958174105027e-02 2.224187065228451221e-01 2.252875559707951947e-01 1.645848078259249947e-01 6.331482525455383037e-01 7.402025537137053579e-01 4.344557648376867198e-01 5.948079477549079730e-01 3.496293143860346730e-01 2.640402833925858950e-01 1.947445506844325269e-01 2.991688595915873439e-01 7.756391877852557570e-01 0.000000000000000000e+00 5.338305082878217478e-01 6.514797895116819504e-02 5.826304931219763450e-01 3.511766274298104840e-01
7.187808060673741561e-01 4.193231021952872339e-01 5.487529252042770977e-01 5.961884681745180936e-01 3.422005484259217356e-01 4.579444428995144145e-01 7.350434264077783109e-01 4.332730421506624796e-01 8.157605442144157948e-01 8.624667611321832350e-01 2.117787712570952108e-01 4.479216684838325246e-01 6.756612105424106840e-01 4.407959530301714390e-01 6.294893218824577641e-01 5.278231334882428349e-01 4.516189369435952838e-01 3.680902957347699234e-01 5.017755280175952848e-01 3.799012628030711269e-01 3.699303365955735057e-01 3.889612632738915221e-01 2.006090081447157170e-01 5.448760291072980433e-01 7.889526224605474258e-01 2.216120529049197541e-01 6.707004088197370262e-01 4.841966419711244418e-01 5.501129959623268784e-01 1.955947849428821828e-01 5.338305082878217478e-01 0.000000000000000000e+00 4.643661972987171982e-01 4.157803683936278083e-01 2.694314996888263480e-01
6.473835231433688886e-02 3.078307463632065089e-01 8.160720616195233923e-01 4.491984162958553295e-01 6.437616572747464350e-01 5.310508388694918924e-01 2.166695195799443474e-01 1.368876762687988302e-01 2.688668450902864659e-01 2.008251705868897563e-01 4.199440359225386499e-01 2.101369048764560321e-01 5.312482724354952168e-01 6.548971408311214937e-01 4.205172080139841229e-01 1.382851378791040142e-01 2.979363930751321443e-01 3.130235931708322816e-01 6.124510536964576923e-01 5.167223041481664447e-01 9.030240401167530795e-01 8.366941285721166688e-01 6.317209472067626397e-01 7.011526400580213592e-01 6.195402138570594852e-01 2.327961932930217581e-01 1.538829575362440361e-01 4.007875706939821869e-01 6.362342456340720487e-01 6.765610781008046803e-02 6.514797895116819504e-02 4.643661972987171982e-01 0.000000000000000000e+00 4.974071793659923246e-01 4.468192713082624890e-01
5.085186281169604694e-01 5.954012386564132564e-01 8.036304150017948844e-01 7.420592842873483530e-01 6.366056445961887356e-01 9.592612299713575430e-01 6.776996026084279867e-01 5.226556137557476500e-01 7.073139555312725202e-01 5.901579182643158505e-01 5.111781704677974547e-01 4.561903561714609201e-01 2.303130771261526766e-01 1.080593602147319476e-01 3.210145987099806142e-01 2.954025341039822061e-01 3.732165392988799901e-01 3.443029044923398008e-01 8.057146205229307467e-01 5.469636801053721076e-01 2.714155063918015642e-01 3.854085963617550625e-01 5.056964320239343280e-01 7.004636097382201942e-01 4.578023312920615484e-01 5.277244027608614108e-01 5.988910189011231733e-01 7.141428573849689654e-01 3.937231677482226910e-01 5.987166732817691406e-01 5.826304931219763450e-01 4.157803683936278083e-01 4.974071793659923246e-01 0.000000000000000000e+00 8.460531120401730831e-01
3.572218729009634108e-01 7.873075882230584632e-01 4.924134048128989694e-01 8.796324825973907968e-01 6.343504648002257218e-01 5.168226129958279902e-01 4.163393514253575511e-01 4.964508891391791190e-01 8.746443008134234809e-01 3.122501642052780690e-01 7.036728959990909971e-01 8.433206655789240447e-01 1.429724264421456947e-01 4.753527909846125277e-01 4.303050732129035660e-01 4.310613546385670403e-01 4.407493310369317574e-01 4.599722680309565326e-01 8.611200165022271369e-01 8.884136587070524671e-01 9.095709804258228504e-01 4.897586576047494589e-01 4.793221252705711644e-01 2.987328120501726580e-01 2.433289347732507379e-01 7.236312631386249139e-01 5.548151252335935535e-01 5.157963339545905690e-01 4.474514428703590396e-01 5.630143110196035305e-01 3.511766274298104840e-01 2.694314996888263480e-01 4.468192713082624890e-01 8.460531120401730831e-01 0.000000000000000000e+00
