0.000000000000000000e+00 7.098669830709505302e-01 4.174823046461695331e-01 4.983264557556010277e-01 5.405614370711152583e-01 8.494082177642379161e-01 5.186004710399583217e-01 3.832449749000014227e-01 5.613293883164149900e-01 5.740991554902724614e-01 6.194384581234085863e-01 5.125771360106754493e-01 7.510878924015633729e-01 4.219997337777623425e-01 7.631338431024988767e-01 7.572319212964734314e-01 4.677772684940563197e-01 3.821044774967541358e-01 3.427871679184019138e-01 6.625883993602046385e-01 6.275177115843066922e-01 5.773944344652973681e-01 7.683860218465059511e-01 3.455791873783689017e-01 3.537043271756329377e-02 2.800733764996696795e-01 1.047523071508478232e-01 8.295411709525425392e-01 5.149513972340977741e-01 4.676320953206840603e-01 8.808992897860362659e-01 4.400731557989314702e-01 3.308373465756777598e-01 6.187862042639682425e-01 6.096614530173088964e-01
7.098669830709505302e-01 0.000000000000000000e+00 4.885182564941288885e-01 7.631608002871890228e-01 5.253962914014170815e-01 8.955786559676917058e-01 4.453736168342021240e-01 5.535139198322848175e-01 4.104606582739946941e-01 6.168923061160158650e-01 7.262810227990234013e-01 5.647526030322538304e-01 3.486202017879974635e-01 8.805109068361380853e-01 6.403293657816935269e-01 5.071889425498670168e-01 7.555522013133189052e-01 5.638107901210211992e-01 4.168209093341931348e-01 9.191554570335549457e-01 3.570381560105634344e-01 2.472972234228439925e-01 3.823792383840071696e-01 4.510952921133575266e-01 4.969259073566274498e-01 1.523998802915178530e-01 1.779384093055175198e-01 7.450681579182154568e-01 7.353354094754849246e-01 7.018103019369923423e-01 4.487081759265236780e-01 2.988961534798734720e-01 4.972971326004792525e-01 3.452757936527179883e-01 3.624424083219437431e-01
4.174823046461695331e-01 4.885182564941288885e-01 0.000000000000000000e+00 5.333932818081590366e-01 3.991752340334847604e-01 3.168376610191291354e-01 6.956125838755307100e-01 2.638039854709814946e-01 5.990067569017103466e-01 6.800347593784942246e-01 5.830402738758116987e-01 7.343547169292108379e-01 8.148146620977769761e-01 5.615916863084384758e-01 7.104605309766129917e-01 5.713269928528105224e-01 6.285093276590387745e-01 2.088029739762481962e-01 4.011798970445381585e-01 4.146931745729461882e-01 4.222088087398878642e-01 8.752053889017963328e-01 8.535084913781523230e-01 5.014252085389515612e-01 4.739952503670140649e-01 5.051820930240047414e-01 2.877269747105548614e-01 5.654820920826786335e-01 4.472050966467434052e-01 4.684598390737543250e-01 4.863021634709640550e-01 5.213321120857301594e-01 5.623025176475699993e-01 5.563326910501817935e-01 6.976894378217681769e-01
4.983264557556010277e-01 7.631608002871890228e-01 5.333932818081590366e-01 0.000000000000000000e+00 4.091123854450417485e-01 6.985113788357744102e-01 9.404332384796610933e-01 6.463601284453387441e-01 7.727897501944913650e-01 4.598826187378775021e-01 5.959365511957852579e-01 5.224970947839141511e-01 5.134258763479748744e-01 4.750236627862833849e-01 3.290970927625350151e-01 2.661976588083249107e-01 1.852390350394073626e-01 6.674076772657371315e-01 9.065475974285246430e-01 7.012363393333078676e-01 5.081275741038329130e-01 2.986749042508601848e-01 5.564329047716771726e-01 6.046058818972870341e-01 3.929689237375216249e-01 7.063860783580755420e-01 6.492987850656388726e-01 9.313391100261230182e-01 5.455468326078838359e-01 2.426799711158242057e-01 7.232932158733486050e-01 9.322394826894705444e-01 7.122166844761337323e-01 2.784785788038046106e-01 8.341716655373828671e-01
5.405614370711152583e-01 5.253962914014170815e-01 3.991752340334847604e-01 4.091123854450417485e-01 0.000000000000000000e+00 2.298856298389154729e-01 6.367129900692072297e-01 3.656678736025453791e-01 6.503078247019178360e-01 2.829431316528066009e-01 5.457873099529793048e-01 7.540153778145156638e-01 7.017821720418983000e-01 5.476138240910521926e-01 6.016413335247809968e-01 8.645648436791115721e-01 6.970682459794477204e-01 4.614966133829495054e-01 4.657945532730313198e-01 6.994756538992300543e-01 5.789271703547724801e-01 5.384140972884184917e-01 2.154314161154393670e-01 6.347870257020941098e-01 2.040069532443468114e-01 6.968578864699127573e-01 3.517348244326674589e-01 7.164730379955683848e-01 7.302979501825321851e-01 2.026975578584250259e-01 4.006965302494611691e-01 6.392158210903595705e-01 7.164292588150034113e-01 1.327124724476929085e-01 4.225295462831218374e-01
8.494082177642379161e-01 8.955786559676917058e-01 3.168376610191291354e-01 6.985113788357744102e-01 2.298856298389154729e-01 0.000000000000000000e+00 7.353779990418104484e-01 3.165336829198178714e-01 2.852504376349384585e-01 5.867992919070845748e-01 6.373731108386799793e-01 6.326893895453447048e-01 8.791648905451323603e-01 3.629499417203780887e-01 5.964137433763283536e-01 6.341053026293062000e-01 5.144109117424990885e-01 4.882298620237616738e-01 3.759529243727357528e-01 2.699646980208100233e-01 6.477802973168271805e-01 6.829565983643156590e-01 9.532931964885058562e-01 4.592472565778886184e-01 8.179174811962026670e-01 6.707269966877478229e-01 4.941745931006872317e-01 4.360792339340656687e-01 6.155548182018464320e-01 8.636850142924981100e-01 7.751926578923540312e-01 4.113139405624778311e-01 8.781748268964246762e-01 4.176825297895268574e-01 2.403515991521247008e-01
5.186004710399583217e-01 4.453736168342021240e-01 6.956125838755307100e-01 9.404332384796610933e-01 6.367129900692072297e-01 7.353779990418104484e-01 0.000000000000000000e+00 4.196854632342458813e-01 4.387737248740487539e-01 3.438343884491538160e-01 6.486477574299838178e-01 2.007715197608648805e-01 7.089848005215240168e-01 8.030799673436723740e-01 4.621846578619889789e-01 3.616896718033156821e-01 5.084801187054664995e-01 2.747376146545279507e-01 7.074455463886948348e-01 8.081687595440494309e-01 8.051723543361717361e-01 4.498424745405854019e-01 6.753916359549110293e-01 1.180779162101341928e-01 2.701489177999514824e-01 6.194151230240897421e-01 8.528351543604635321e-01 9.069937190240618952e-01 4.036814508014404113e-01 6.591577627469731304e-01 9.969435936325887759e-02 4.460985234730951987e-01 2.988308241666130516e-01 6.996915013804396732e-01 2.677195918203274516e-01
3.832449749000014227e-01 5.535139198322848175e-01 2.638039854709814946e-01 6.463601284453387441e-01 3.656678736025453791e-01 3.165336829198178714e-01 4.196854632342458813e-01 0.000000000000000000e+00 8.152335216055217604e-01 5.895754948659455152e-01 7.103670305163477527e-01 6.646522131879897266e-01 7.594265489275258130e-01 6.587400833471983574e-01 2.606239685461760880e-01 7.884167936223562823e-01 4.947774279881038684e-01 3.214985063015131095e-01 2.067869877210710694e-01 9.852415040286504055e-01 4.789208985529120888e-01 3.413069595356144070e-01 5.965115046140806454e-01 4.489272522533001020e-01 7.835016817444397930e-01 3.038864945372097282e-01 4.215731587701846972e-01 9.021192884474633633e-01 7.016849766217623241e-01 1.547614830075173531e-01 4.579192978461760211e-01 4.129397327862530664e-01 8.612484619439877420e-01 5.016324911195507719e-01 1.891845807046265149e-01
5.613293883164149900e-01 4.104606582739946941e-01 5.990067569017103466e-01 7.727897501944913650e-01 6.503078247019178360e-01 2.852504376349384585e-01 4.387737248740487539e-01 8.152335216055217604e-01 0.000000000000000000e+00 4.890748526564546173e-01 2.977728448953412821e-01 3.645679658727685180e-02 7.271383363116066256e-01 9.053137269877344906e-01 7.941978579019233209e-01 5.140359505715579314e-01 3.276158279046531008e-01 6.706819834725290530e-01 4.936461417216606029e-01 8.274776064977797940e-01 7.105630504569184769e-01 7.287593202041031670e-02 5.377095660585562431e-01 4.769462461109878482e-01 8.223168108502008078e-01 7.234853543491812644e-01 1.011985107068439360e-01 6.443808291626762497e-01 5.296166841505605127e-01 6.525070225989748618e-01 2.067391146476499353e-01 2.276024481445175218e-01 2.354215832755046645e-01 2.079727672194969790e-01 9.069432728322340820e-01
5.740991554902724614e-01 6.168923061160158650e-01 6.800347593784942246e-01 4.598826187378775021e-01 2.829431316528066009e-01 5.867992919070845748e-01 3.438343884491538160e-01 5.895754948659455152e-01 4.890748526564546173e-01 0.000000000000000000e+00 1.656486579545524140e-01 7.727555970555135545e-01 5.017653331059662714e-01 2.760467010763592022e-01 6.199702090136908206e-01 7.022660176507464769e-01 5.519659544633158665e-01 2.384595959419435474e-01 4.987406249068056519e-01 3.722692799452428369e-01 2.155487835373156580e-01 7.175683172669480303e-01 3.402661294558973482e-01 1.339430978919200488e-01 4.651989626477764928e-01 6.958678191980580685e-01 7.847403942930158971e-01 7.211809762970251558e-01 3.788289246747649219e-01 4.702321854777745114e-01 3.559528727793997982e-01 3.166153675998789052e-01 4.198459501604370203e-01 3.559323955006311602e-01 4.742689373931777141e-01
6.194384581234085863e-01 7.262810227990234013e-01 5.830402738758116987e-01 5.959365511957852579e-01 5.457873099529793048e-01 6.373731108386799793e-01 6.486477574299838178e-01 7.103670305163477527e-01 2.977728448953412821e-01 1.656486579545524140e-01 0.000000000000000000e+00 1.765555422500927341e-01 3.691921815141148144e-01 7.019044605055355657e-01 7.803161723901805846e-01 4.835976189638914735e-01 7.435665491488618883e-01 3.140668388344934892e-01 7.595719483330578559e-01 7.139112576283271894e-01 8.120202635765714216e-01 2.860165209135853148e-01 1.223073252314146320e-01 9.458967766202788230e-01 2.647879147919126042e-01 3.525352681017021039e-01 8.561478614667950016e-01 2.896141005903462018e-01 2.915135846917225049e-01 4.074526626881425639e-01 2.704574716640804066e-01 3.546628879704847859e-01 8.203875145978478667e-01 8.373847764419062312e-01 6.850439803236589853e-01
5.125771360106754493e-01 5.647526030322538304e-01 7.343547169292108379e-01 5.224970947839141511e-01 7.540153778145156638e-01 6.326893895453447048e-01 2.007715197608648805e-01 6.646522131879897266e-01 3.645679658727685180e-02 7.727555970555135545e-01 1.765555422500927341e-01 0.000000000000000000e+00 4.209459582832347224e-01 6.760519958827195808e-01 8.601228530416000773e-01 6.465572136452946150e-01 5.463548381368932283e-01 5.235054617230607832e-01 8.605789565778392269e-01 2.024253982571999622e-01 7.119434930326568045e-01 3.587421240985614324e-01 1.191167790336966625e-01 3.480586378919153789e-01 4.316637986386079318e-01 3.936479131600092440e-01 5.516400690195774059e-01 8.556737877631885869e-01 4.771633920483884794e-01 4.658075738523514975e-01 4.478050577011036815e-01 8.875391056742102380e-01 7.988154264161833051e-01 6.457627339845426473e-01 7.122457968966348085e-01
7.510878924015633729e-01 3.486202017879974635e-01 8.148146620977769761e-01 5.134258763479748744e-01 7.017821720418983000e-01 8.791648905451323603e-01 7.089848005215240168e-01 7.594265489275258130e-01 7.271383363116066256e-01 5.017653331059662714e-01 3.691921815141148144e-01 4.209459582832347224e-01 0.000000000000000000e+00 6.282329900726388860e-01 3.591480933683700583e-01 6.138659323690869307e-01 1.859832869616306894e-01 6.039834047252597982e-01 4.351887343418532339e-01 5.614144618623535532e-01 6.615384195959050917e-01 7.414905071343618204e-01 6.446405679428852675e-01 8.555799419064014089e-01 7.075201096848053872e-01 3.607558065974588724e-01 6.039278546913984247e-01 3.272970434873855305e-01 4.637926800832040675e-01 8.511419917423854731e-01 1.794310912580914241e-01 8.346873343126846034e-01 4.920628710578633935e-01 6.267645184648146239e-01 1.740045691759654067e-01
4.219997337777623425e-01 8.805109068361380853e-01 5.615916863084384758e-01 4.750236627862833849e-01 5.476138240910521926e-01 3.629499417203780887e-01 8.030799673436723740e-01 6.587400833471983574e-01 9.053137269877344906e-01 2.760467010763592022e-01 7.019044605055355657e-01 6.760519958827195808e-01 6.282329900726388860e-01 0.000000000000000000e+00 4.845831878434322948e-01 8.174303868400285555e-01 8.703597811059021749e-01 4.579345131615130682e-01 4.483198907580050463e-01 6.965479927511837310e-01 5.117830027149840033e-01 5.970475378403485855e-01 5.199382286119320629e-01 5.356403837986885019e-01 3.437910903786464134e-01 4.900602385085897628e-01 7.300832416303432160e-01 5.668582042252781061e-01 8.271160432502719928e-01 1.917402856186266602e-01 6.513998815634380879e-01 5.298812975602688047e-01 7.484129726732768884e-01 2.704268261953251540e-01 6.841533750098753863e-01
7.631338431024988767e-01 6.403293657816935269e-01 7.104605309766129917e-01 3.290970927625350151e-01 6.016413335247809968e-01 5.964137433763283536e-01 4.621846578619889789e-01 2.606239685461760880e-01 7.941978579019233209e-01 6.199702090136908206e-01 7.803161723901805846e-01 8.601228530416000773e-01 3.591480933683700583e-01 4.845831878434322948e-01 0.000000000000000000e+00 6.661552711303364571e-01 5.669967469655250447e-01 9.088994920522014409e-01 7.136497061325264291e-01 7.255823870382712704e-01 3.471781407202062519e-01 5.436684501625399513e-01 5.369635653423151522e-01 4.429277107796430468e-01 8.050637147123569370e-01 4.987845804021652785e-01 4.776383206103232415e-01 9.402802963292242744e-01 5.876797933398532070e-01 1.924073022950316680e-01 7.071027708150048330e-01 4.483063441200912380e-01 6.580044633288475442e-01 5.757322126997986844e-01 8.216839980449367475e-01
7.572319212964734314e-01 5.071889425498670168e-01 5.713269928528105224e-01 2.661976588083249107e-01 8.645648436791115721e-01 6.341053026293062000e-01 3.616896718033156821e-01 7.884167936223562823e-01 5.140359505715579314e-01 7.022660176507464769e-01 4.835976189638914735e-01 6.465572136452946150e-01 6.138659323690869307e-01 8.174303868400285555e-01 6.661552711303364571e-01 0.000000000000000000e+00 6.835507967427085774e-01 6.069051337884014963e-01 3.092420634142429847e-01 3.704459231581654910e-01 7.997915736936755948e-01 4.254888201859552965e-01 5.412466558516411119e-01 6.783009292400065116e-01 6.751759822674310296e-01 4.170928672257666059e-01 7.139998900593612641e-01 4.512543773891729559e-01 2.875864168661229625e-01 3.770436687279530297e-01 2.612411708065144333e-01 4.093914656178970213e-01 7.070472592584305938e-01 4.155594837381981765e-01 8.232246915577396962e-01
4.677772684940563197e-01 7.555522013133189052e-01 6.285093276590387745e-01 1.852390350394073626e-01 6.970682459794477204e-01 5.144109117424990885e-01 5.084801187054664995e-01 4.947774279881038684e-01 3.276158279046531008e-01 5.519659544633158665e-01 7.435665491488618883e-01 5.463548381368932283e-01 1.859832869616306894e-01 8.703597811059021749e-01 5.669967469655250447e-01 6.835507967427085774e-01 0.000000000000000000e+00 1.846489154693442547e-02 3.103679821877559641e-01 6.505412431642619842e-01 3.721954841897923139e-01 2.141021416756706541e-01 3.348580379447673172e-01 3.556360483502461478e-01 4.188263876356272397e-01 8.098962800876069457e-01 8.298708331465344257e-01 8.488264172679316211e-02 9.131280967037262997e-01 8.190772118335329921e-01 3.200903805277292014e-01 6.787429738432908533e-01 3.544562587902192474e-01 8.344133357074829949e-01 7.637928176258275137e-01
3.821044774967541358e-01 5.638107901210211992e-01 2.088029739762481962e-01 6.674076772657371315e-01 4.614966133829495054e-01 4.882298620237616738e-01 2.747376146545279507e-01 3.214985063015131095e-01 6.706819834725290530e-01 2.384595959419435474e-01 3.140668388344934892e-01 5.235054617230607832e-01 6.039834047252597982e-01 4.579345131615130682e-01 9.088994920522014409e-01 6.069051337884014963e-01 1.846489154693442547e-02 0.000000000000000000e+00 8.679188690059852496e-01 2.490585395593141183e-01 5.370503805974627953e-01 2.530025367507434675e-01 3.276923943297280761e-01 5.518378950125956139e-01 3.771850361253548112e-01 4.778611174427428998e-01 5.591807897235983038e-01 5.729608824165699499e-01 8.698080268569288176e-01 3.572244631170284901e-01 9.264105016183588059e-01 1.129284685152303069e-01 5.064560076269841726e-01 2.841776648520251136e-01 4.746862836718352963e-01
3.427871679184019138e-01 4.168209093341931348e-01 4.011798970445381585e-01 9.065475974285246430e-01 4.657945532730313198e-01 3.759529243727357528e-01 7.074455463886948348e-01 2.067869877210710694e-01 4.936461417216606029e-01 4.987406249068056519e-01 7.595719483330578559e-01 8.605789565778392269e-01 4.351887343418532339e-01 4.483198907580050463e-01 7.136497061325264291e-01 3.092420634142429847e-01 3.103679821877559641e-01 8.679188690059852496e-01 0.000000000000000000e+00 6.239684751299019450e-01 2.065101423944750159e-01 4.053724552880916820e-01 3.927215940331156285e-01 3.351699231687547131e-01 4.662795649154929389e-01 5.154490662886859198e-01 6.262184882477135339e-01 6.301676048720412648e-01 3.458115973840452106e-01 5.959815405121331455e-01 4.258322278770154123e-01 4.232316521222348471e-01 5.390397485204888595e-01 5.311710051690476941e-01 5.544605682067680341e-01
6.625883993602046385e-01 9.191554570335549457e-01 4.146931745729461882e-01 7.012363393333078676e-01 6.994756538992300543e-01 2.699646980208100233e-01 8.081687595440494309e-01 9.852415040286504055e-01 8.274776064977797940e-01 3.722692799452428369e-01 7.139112576283271894e-01 2.024253982571999622e-01 5.614144618623535532e-01 6.965479927511837310e-01 7.255823870382712704e-01 3.704459231581654910e-01 6.505412431642619842e-01 2.490585395593141183e-01 6.239684751299019450e-01 0.000000000000000000e+00 5.979904805467817219e-02 6.676967676867553436e-01 4.945154375057684293e-01 2.390547570733111415e-01 5.496121215522372649e-01 5.321256747344857985e-01 5.623079011260779803e-01 3.386495073599949945e-01 6.975029266931445093e-01 5.626518358826482213e-01 6.574702126404108338e-01 4.866436909438653924e-01 6.936513891059824521e-01 2.136370558340546788e-01 3.153108897811505162e-01
6.275177115843066922e-01 3.570381560105634344e-01 4.222088087398878642e-01 5.081275741038329130e-01 5.789271703547724801e-01 6.477802973168271805e-01 8.051723543361717361e-01 4.789208985529120888e-01 7.105630504569184769e-01 2.155487835373156580e-01 8.120202635765714216e-01 7.119434930326568045e-01 6.615384195959050917e-01 5.117830027149840033e-01 3.471781407202062519e-01 7.997915736936755948e-01 3.721954841897923139e-01 5.370503805974627953e-01 2.065101423944750159e-01 5.979904805467817219e-02 0.000000000000000000e+00 4.979993357040014557e-01 6.983091430912271580e-01 5.278432603894849251e-01 4.977076284325079869e-01 1.706614510243489313e-01 2.223070805226493585e-01 6.439599135189502110e-01 6.794121437206069869e-01 5.362275224887371738e-01 7.219328317857955923e-01 8.094485400394741959e-01 7.274199392258053898e-01 4.946926706906171756e-01 5.873446923222094274e-01
5.773944344652973681e-01 2.472972234228439925e-01 8.752053889017963328e-01 2.986749042508601848e-01 5.384140972884184917e-01 6.829565983643156590e-01 4.498424745405854019e-01 3.413069595356144070e-01 7.287593202041031670e-02 7.175683172669480303e-01 2.860165209135853148e-01 3.587421240985614324e-01 7.414905071343618204e-01 5.970475378403485855e-01 5.436684501625399513e-01 4.254888201859552965e-01 2.141021416756706541e-01 2.530025367507434675e-01 4.053724552880916820e-01 6.676967676867553436e-01 4.979993357040014557e-01 0.000000000000000000e+00 5.313816327030598252e-01 7.411409447244126092e-01 1.624073810907544768e-01 5.217060564266601252e-01 4.874316124411510742e-01 3.337049141289397669e-01 5.334476583706719843e-01 4.350502945700112090e-01 8.108541420984491932e-01 5.510662120398287511e-01 7.745305907449026028e-01 7.107715934683884740e-01 3.321457505700893820e-01
7.683860218465059511e-01 3.823792383840071696e-01 8.535084913781523230e-01 5.564329047716771726e-01 2.154314161154393670e-01 9.532931964885058562e-01 6.753916359549110293e-01 5.965115046140806454e-01 5.377095660585562431e-01 3.402661294558973482e-01 1.223073252314146320e-01 1.191167790336966625e-01 6.446405679428852675e-01 5.199382286119320629e-01 5.369635653423151522e-01 5.412466558516411119e-01 3.348580379447673172e-01 3.276923943297280761e-01 3.927215940331156285e-01 4.945154375057684293e-01 6.983091430912271580e-01 5.313816327030598252e-01 0.000000000000000000e+00 5.909447700410712656e-01 5.299096859354882616e-01 7.777578901708470660e-01 5.782641917433750667e-01 8.543916249901102322e-01 6.928646400853719634e-01 8.926703911767012167e-01 5.520777114349537662e-01 2.176494732118831044e-01 4.772291703849883548e-01 2.934900346943080662e-01 7.203568850679387126e-02
3.455791873783689017e-01 4.510952921133575266e-01 5.014252085389515612e-01 6.046058818972870341e-01 6.347870257020941098e-01 4.592472565778886184e-01 1.180779162101341928e-01 4.489272522533001020e-01 4.769462461109878482e-01 1.339430978919200488e-01 9.458967766202788230e-01 3.480586378919153789e-01 8.555799419064014089e-01 5.356403837986885019e-01 4.429277107796430468e-01 6.783009292400065116e-01 3.556360483502461478e-01 5.518378950125956139e-01 3.351699231687547131e-01 2.390547570733111415e-01 5.278432603894849251e-01 7.411409447244126092e-01 5.909447700410712656e-01 0.000000000000000000e+00 5.122701976521906175e-01 4.137489680053136332e-01 4.846333352133501693e-01 6.074062462521545580e-01 1.804732338463216901e-01 1.585260843367153338e-01 7.201970329097231449e-01 7.166049679462751509e-01 5.509176327035469889e-01 4.537433027588221868e-01 8.035925969000281555e-01
3.537043271756329377e-02 4.969259073566274498e-01 4.739952503670140649e-01 3.929689237375216249e-01 2.040069532443468114e-01 8.179174811962026670e-01 2.701489177999514824e-01 7.835016817444397930e-01 8.223168108502008078e-01 4.651989626477764928e-01 2.647879147919126042e-01 4.316637986386079318e-01 7.075201096848053872e-01 3.437910903786464134e-01 8.050637147123569370e-01 6.751759822674310296e-01 4.188263876356272397e-01 3.771850361253548112e-01 4.662795649154929389e-01 5.496121215522372649e-01 4.977076284325079869e-01 1.624073810907544768e-01 5.299096859354882616e-01 5.122701976521906175e-01 0.000000000000000000e+00 4.139265323463953150e-01 8.118633119569402812e-01 6.887510225887649717e-02 4.901221504438063592e-01 6.787069114230925848e-01 4.860093946547719423e-01 5.205222532512653322e-01 2.135452514671686286e-01 9.212150943821173499e-01 5.325325320703555576e-01
2.800733764996696795e-01 1.523998802915178530e-01 5.051820930240047414e-01 7.063860783580755420e-01 6.968578864699127573e-01 6.707269966877478229e-01 6.194151230240897421e-01 3.038864945372097282e-01 7.234853543491812644e-01 6.958678191980580685e-01 3.525352681017021039e-01 3.936479131600092440e-01 3.607558065974588724e-01 4.900602385085897628e-01 4.987845804021652785e-01 4.170928672257666059e-01 8.098962800876069457e-01 4.778611174427428998e-01 5.154490662886859198e-01 5.321256747344857985e-01 1.706614510243489313e-01 5.217060564266601252e-01 7.777578901708470660e-01 4.137489680053136332e-01 4.139265323463953150e-01 0.000000000000000000e+00 5.659361392933075496e-01 2.243307568702856969e-01 4.030727027948093344e-01 5.277276670449442264e-01 4.923719678256451293e-01 3.142358739395291201e-01 7.876539974140385203e-01 2.832237131043343625e-01 4.452649134508158690e-01
1.047523071508478232e-01 1.779384093055175198e-01 2.877269747105548614e-01 6.492987850656388726e-01 3.517348244326674589e-01 4.941745931006872317e-01 8.528351543604635321e-01 4.215731587701846972e-01 1.011985107068439360e-01 7.847403942930158971e-01 8.561478614667950016e-01 5.516400690195774059e-01 6.039278546913984247e-01 7.300832416303432160e-01 4.776383206103232415e-01 7.139998900593612641e-01 8.298708331465344257e-01 5.591807897235983038e-01 6.262184882477135339e-01 5.623079011260779803e-01 2.223070805226493585e-01 4.874316124411510742e-01 5.782641917433750667e-01 4.846333352133501693e-01 8.118633119569402812e-01 5.659361392933075496e-01 0.000000000000000000e+00 4.689155283391712170e-01 5.162791696266736396e-01 7.209357189711691483e-01 4.183194046878484507e-01 6.934544008173113561e-01 4.044340219358084632e-01 7.464436062839779895e-01 6.962173890549379074e-01
8.295411709525425392e-01 7.450681579182154568e-01 5.654820920826786335e-01 9.313391100261230182e-01 7.164730379955683848e-01 4.360792339340656687e-01 9.069937190240618952e-01 9.021192884474633633e-01 6.443808291626762497e-01 7.211809762970251558e-01 2.896141005903462018e-01 8.556737877631885869e-01 3.272970434873855305e-01 5.668582042252781061e-01 9.402802963292242744e-01 4.512543773891729559e-01 8.488264172679316211e-02 5.729608824165699499e-01 6.301676048720412648e-01 3.386495073599949945e-01 6.439599135189502110e-01 3.337049141289397669e-01 8.543916249901102322e-01 6.074062462521545580e-01 6.887510225887649717e-02 2.243307568702856969e-01 4.689155283391712170e-01 0.000000000000000000e+00 5.087359551034277283e-01 1.341377153012600631e-01 3.633538498707264974e-01 4.745034126613097980e-01 5.495081895116422643e-01 3.688325973115176293e-01 3.791966658884755037e-01
5.149513972340977741e-01 7.353354094754849246e-01 4.472050966467434052e-01 5.455468326078838359e-01 7.302979501825321851e-01 6.155548182018464320e-01 4.036814508014404113e-01 7.016849766217623241e-01 5.296166841505605127e-01 3.788289246747649219e-01 2.915135846917225049e-01 4.771633920483884794e-01 4.637926800832040675e-01 8.271160432502719928e-01 5.876797933398532070e-01 2.875864168661229625e-01 9.131280967037262997e-01 8.698080268569288176e-01 3.458115973840452106e-01 6.975029266931445093e-01 6.794121437206069869e-01 5.334476583706719843e-01 6.928646400853719634e-01 1.804732338463216901e-01 4.901221504438063592e-01 4.030727027948093344e-01 5.162791696266736396e-01 5.087359551034277283e-01 0.000000000000000000e+00 4.892615351265789947e-01 3.586719695464108404e-01 5.412025179839236033e-01 4.595505229661865920e-01 7.221465213379639758e-01 7.972428839173506532e-01
4.676320953206840603e-01 7.018103019369923423e-01 4.684598390737543250e-01 2.426799711158242057e-01 2.026975578584250259e-01 8.636850142924981100e-01 6.591577627469731304e-01 1.547614830075173531e-01 6.525070225989748618e-01 4.702321854777745114e-01 4.074526626881425639e-01 4.658075738523514975e-01 8.511419917423854731e-01 1.917402856186266602e-01 1.924073022950316680e-01 3.770436687279530297e-01 8.190772118335329921e-01 3.572244631170284901e-01 5.959815405121331455e-01 5.626518358826482213e-01 5.362275224887371738e-01 4.350502945700112090e-01 8.926703911767012167e-01 1.585260843367153338e-01 6.787069114230925848e-01 5.277276670449442264e-01 7.209357189711691483e-01 1.341377153012600631e-01 4.892615351265789947e-01 0.000000000000000000e+00 6.025153613599046887e-01 8.442701969209239765e-01 3.621566274847992095e-01 4.308692518543646433e-01 5.114386958054181198e-01
8.808992897860362659e-01 4.487081759265236780e-01 4.863021634709640550e-01 7.232932158733486050e-01 4.006965302494611691e-01 7.751926578923540312e-01 9.969435936325887759e-02 4.579192978461760211e-01 2.067391146476499353e-01 3.559528727793997982e-01 2.704574716640804066e-01 4.478050577011036815e-01 1.794310912580914241e-01 6.513998815634380879e-01 7.071027708150048330e-01 2.612411708065144333e-01 3.200903805277292014e-01 9.264105016183588059e-01 4.258322278770154123e-01 6.574702126404108338e-01 7.219328317857955923e-01 8.108541420984491932e-01 5.520777114349537662e-01 7.201970329097231449e-01 4.860093946547719423e-01 4.923719678256451293e-01 4.183194046878484507e-01 3.633538498707264974e-01 3.586719695464108404e-01 6.025153613599046887e-01 0.000000000000000000e+00 3.146450164579921993e-01 7.701167964250559272e-01 6.848953423464874124e-01 4.574629030856000034e-01
4.400731557989314702e-01 2.988961534798734720e-01 5.213321120857301594e-01 9.322394826894705444e-01 6.392158210903595705e-01 4.113139405624778311e-01 4.460985234730951987e-01 4.129397327862530664e-01 2.276024481445175218e-01 3.166153675998789052e-01 3.546628879704847859e-01 8.875391056742102380e-01 8.346873343126846034e-01 5.298812975602688047e-01 4.483063441200912380e-01 4.093914656178970213e-01 6.787429738432908533e-01 1.129284685152303069e-01 4.232316521222348471e-01 4.866436909438653924e-01 8.094485400394741959e-01 5.510662120398287511e-01 2.176494732118831044e-01 7.166049679462751509e-01 5.205222532512653322e-01 3.142358739395291201e-01 6.934544008173113561e-01 4.745034126613097980e-01 5.412025179839236033e-01 8.442701969209239765e-01 3.146450164579921993e-01 0.000000000000000000e+00 6.190124397739990014e-01 4.232535582051757950e-01 7.461913222428850911e-01
3.308373465756777598e-01 4.972971326004792525e-01 5.623025176475699993e-01 7.122166844761337323e-01 7.164292588150034113e-01 8.781748268964246762e-01 2.988308241666130516e-01 8.612484619439877420e-01 2.354215832755046645e-01 4.198459501604370203e-01 8.203875145978478667e-01 7.988154264161833051e-01 4.920628710578633935e-01 7.484129726732768884e-01 6.580044633288475442e-01 7.070472592584305938e-01 3.544562587902192474e-01 5.064560076269841726e-01 5.390397485204888595e-01 6.936513891059824521e-01 7.274199392258053898e-01 7.745305907449026028e-01 4.772291703849883548e-01 5.509176327035469889e-01 2.135452514671686286e-01 7.876539974140385203e-01 4.044340219358084632e-01 5.495081895116422643e-01 4.595505229661865920e-01 3.621566274847992095e-01 7.701167964250559272e-01 6.190124397739990014e-01 0.000000000000000000e+00 7.399469060719419122e-01 2.911430136328415075e-01
6.187862042639682425e-01 3.452757936527179883e-01 5.563326910501817935e-01 2.784785788038046106e-01 1.327124724476929085e-01 4.176825297895268574e-01 6.996915013804396732e-01 5.016324911195507719e-01 2.079727672194969790e-01 3.559323955006311602e-01 8.373847764419062312e-01 6.457627339845426473e-01 6.267645184648146239e-01 2.704268261953251540e-01 5.757322126997986844e-01 4.155594837381981765e-01 8.344133357074829949e-01 2.841776648520251136e-01 5.311710051690476941e-01 2.136370558340546788e-01 4.946926706906171756e-01 7.107715934683884740e-01 2.934900346943080662e-01 4.537433027588221868e-01 9.212150943821173499e-01 2.832237131043343625e-01 7.464436062839779895e-01 3.688325973115176293e-01 7.221465213379639758e-01 4.308692518543646433e-01 6.848953423464874124e-01 4.232535582051757950e-01 7.399469060719419122e-01 0.000000000000000000e+00 5.923215497354218373e-01
6.096614530173088964e-01 3.624424083219437431e-01 6.976894378217681769e-01 8.341716655373828671e-01 4.225295462831218374e-01 2.403515991521247008e-01 2.677195918203274516e-01 1.891845807046265149e-01 9.069432728322340820e-01 4.742689373931777141e-01 6.850439803236589853e-01 7.122457968966348085e-01 1.740045691759654067e-01 6.841533750098753863e-01 8.216839980449367475e-01 8.232246915577396962e-01 7.637928176258275137e-01 4.746862836718352963e-01 5.544605682067680341e-01 3.153108897811505162e-01 5.873446923222094274e-01 3.321457505700893820e-01 7.203568850679387126e-02 8.035925969000281555e-01 5.325325320703555576e-01 4.452649134508158690e-01 6.962173890549379074e-01 3.791966658884755037e-01 7.972428839173506532e-01 5.114386958054181198e-01 4.574629030856000034e-01 7.461913222428850911e-01 2.911430136328415075e-01 5.923215497354218373e-01 0.000000000000000000e+00
