0.000000000000000000e+00 6.370009123367831316e-01 3.608539163165851438e-01 3.949188591262823289e-01 7.184084958390124509e-01 8.083334481495196844e-01 8.595189918863562761e-01 3.640516874893716670e-01 9.674096810927246270e-02 5.204647083471222180e-01 4.747753280593920433e-01 6.105160365983310911e-01 3.387826301115783867e-01 5.160446534679846708e-01 5.200573064647886490e-01 2.953570470792440950e-01 6.231875949113073743e-01 2.822215575280009325e-01 8.947382806271018119e-01 3.691578388237157782e-01 4.999125015617792989e-01 5.662745993919281462e-01 2.248944412063633713e-01 8.383127091767674788e-01 5.010167448566182902e-01 5.286416300105453159e-01 1.846393862262861729e-01 5.035055028269126431e-01 8.857188583433514006e-01 2.279534452188924920e-01 7.773269599519988526e-01 2.627484375903518798e-01 2.213804042109794867e-01 1.830468346100678767e-01 1.527619496489587281e-01
6.370009123367831316e-01 0.000000000000000000e+00 4.909886749342984302e-01 2.543588544594942435e-01 7.584903636287755324e-01 7.553663757349924346e-01 8.616833706564539508e-01 8.690609825913706565e-01 5.928146675393453080e-01 4.661894160563584411e-02 5.688287657743499315e-01 7.019751420976054757e-01 6.936414815775643339e-01 5.037149302281671570e-01 5.172298565829480665e-01 6.072247101153036564e-01 7.950087786147107538e-01 3.287844076470198273e-01 5.307914135011815304e-01 4.445146812894386068e-01 2.074706995198133397e-01 7.857362263544585002e-01 6.714269206381434651e-01 6.533489669246007603e-01 5.532022675925050148e-01 3.337417848057140368e-01 4.797775806925685949e-01 3.844553279695899772e-01 9.091012806405367463e-01 2.230102404293931029e-01 7.561252784532905835e-01 7.991678444839649398e-01 3.061373565123863827e-01 4.345348786732657342e-01 6.141003331120802322e-01
3.608539163165851438e-01 4.909886749342984302e-01 0.000000000000000000e+00 7.282180718928839003e-01 7.771577048430209356e-01 6.132534386567870532e-01 2.727545164597199312e-01 6.908094333080831984e-01 1.544384557513481804e-01 7.520499787885472909e-01 2.155652708106491344e-01 1.139198525280057384e-01 5.218655399446390231e-01 3.939947134670128137e-01 6.619430191050905687e-01 5.358659879296239215e-01 1.332330179942532444e-01 7.632741278863712786e-01 4.113605852139553543e-01 7.707316031408584234e-01 3.700698190836779200e-01 6.336251057274722154e-02 4.072897832159804166e-01 4.065573725968718577e-01 3.510082600785038309e-01 7.117107265600205457e-01 7.637025713197522769e-01 4.285827104424836942e-01 7.233868416528135281e-01 7.141917814587167568e-01 7.993898686584539615e-01 3.583272154069282456e-01 3.068292734172354264e-01 5.198713027514921814e-01 8.909082304970425970e-01
3.949188591262823289e-01 2.543588544594942435e-01 7.282180718928839003e-01 0.000000000000000000e+00 7.759696098131115827e-01 5.346487378805291346e-01 8.598170579711816863e-01 3.187426989480360850e-01 5.376777184716379221e-01 9.373114506100714838e-01 8.913167944968852785e-01 2.874755923941094693e-01 6.731018359196250245e-01 2.496200223554674302e-01 3.504485035731079723e-01 4.529948192681425012e-01 4.190357282254276727e-01 3.991649391092931820e-01 9.286386256514154169e-01 6.456096291801514120e-01 2.004489050843533127e-01 4.156586634066490871e-01 5.575693930613312421e-01 3.444622584449997804e-01 5.180508673983981183e-01 2.338593619988096339e-01 4.999339132781979167e-01 6.289267030229217514e-01 3.502330454870599130e-01 6.310225634354726942e-01 5.505307393504115243e-01 4.580516160233029654e-01 4.618098276343483022e-01 3.137211578744831808e-01 5.650594544049785117e-01
7.184084958390124509e-01 7.584903636287755324e-01 7.771577048430209356e-01 7.759696098131115827e-01 0.000000000000000000e+00 8.566947154423201205e-01 8.808516403381669857e-01 8.145080558113952929e-01 7.463944807263316328e-01 1.621303064313481812e-01 3.936640439062908392e-01 1.260604173560014862e-01 1.623997399797242336e-01 7.080251988396297769e-01 7.847515440875612036e-01 7.573698540045568084e-01 6.800674013325764822e-01 4.944084859306702162e-01 4.259996732776530348e-01 2.237142525070227039e-01 6.159183177368702244e-01 8.251592166891669189e-01 4.647933567209331929e-01 4.956005271058385175e-01 7.954171307490101039e-01 7.629188714829653328e-01 4.884459536968468463e-01 4.461129786090557436e-01 8.879387260380080527e-01 4.870426871042589090e-01 2.193509909306169958e-01 5.957498411419384077e-01 3.809580636713483237e-01 5.566993352845956977e-01 4.975100848811249699e-01
8.083334481495196844e-01 7.553663757349924346e-01 6.132534386567870532e-01 5.346487378805291346e-01 8.566947154423201205e-01 0.000000000000000000e+00 5.566053607018083271e-01 4.789045741061301320e-01 4.747469585102879752e-01 6.276322106598271056e-01 5.409602755061118096e-01 7.554530748302954457e-01 6.839214852072921236e-01 2.529343014768190567e-01 7.541000856872435154e-01 4.067142334091408129e-01 1.744372884683144664e-01 7.270534773325939559e-01 2.723641570422432601e-01 1.835790970868028671e-01 3.710547315116425882e-01 6.728645474902816837e-01 1.482189396696634853e-01 3.838262235352196683e-01 4.146773224739611630e-01 4.636603075180374955e-01 2.748061704147451434e-01 4.744802285241463968e-01 7.855486196777445862e-01 6.675695197928022129e-01 4.965668644555197853e-01 4.902971845827591713e-01 4.553165267402090599e-01 2.606638096924926429e-01 5.843576039634517105e-01
8.595189918863562761e-01 8.616833706564539508e-01 2.727545164597199312e-01 8.598170579711816863e-01 8.808516403381669857e-01 5.566053607018083271e-01 0.000000000000000000e+00 5.466485900632461759e-01 2.566586967481321313e-01 2.402614063034228531e-01 9.264796954458445200e-01 6.103459938599082868e-01 5.778409954387130343e-01 7.001954851766445387e-01 6.376693070148531373e-01 7.546653959611028251e-01 2.237634228486686805e-01 8.423110616100735193e-01 7.813233839764439637e-01 7.579797678492432578e-01 7.330237498676077657e-01 6.158722887410812419e-01 4.373421297725981205e-01 4.804820543924629428e-01 4.723637201512481676e-01 6.326346395582855830e-01 4.833005768200786534e-01 4.435130909793143505e-01 5.824670960449318535e-01 8.724411531226905492e-01 8.573593864593922476e-01 4.332773420246081031e-01 5.225902835304748750e-01 5.933801213344825909e-01 5.168552273536078934e-01
3.640516874893716670e-01 8.690609825913706565e-01 6.908094333080831984e-01 3.187426989480360850e-01 8.145080558113952929e-01 4.789045741061301320e-01 5.466485900632461759e-01 0.000000000000000000e+00 7.400505052067558598e-01 6.694592238922931760e-01 5.611591889505154196e-01 3.374734157255668832e-01 5.609628504715434838e-01 6.653512991025152257e-01 7.315139445522699235e-01 5.570304405253541091e-01 8.419375393701711285e-01 5.557358162211514241e-01 4.365640950047158242e-01 4.545675185195464651e-01 2.442819971905486609e-01 9.597411472553044609e-01 8.400203280982336818e-01 9.431568312986553515e-01 6.306883306926556187e-01 5.424757558431192450e-01 6.809462017745465667e-01 7.914133917854501155e-01 5.238520155391686028e-01 6.558532397159733129e-01 3.788709144670900919e-01 4.402686827654352930e-01 2.797329021289415296e-01 7.536919911415507212e-01 3.512986138053996177e-01
9.674096810927246270e-02 5.928146675393453080e-01 1.544384557513481804e-01 5.376777184716379221e-01 7.463944807263316328e-01 4.747469585102879752e-01 2.566586967481321313e-01 7.400505052067558598e-01 0.000000000000000000e+00 7.022487261277943205e-01 5.147270936123691243e-01 7.975648979823813933e-01 6.472089824196846086e-01 6.892999710631817489e-01 5.307356646350340768e-01 7.086857033622528945e-01 7.450874182991824579e-01 3.663028415877839228e-01 6.490627355736331427e-01 3.180501246926816794e-01 5.726091137761859517e-01 4.490283127364143034e-01 1.643693960093610684e-01 5.169026565383887384e-01 8.883611516382805551e-01 6.722669422908746917e-01 8.042846930825338081e-01 3.541845504448610793e-01 4.614860073633665349e-01 6.366568549888953488e-01 3.766445884392800036e-01 3.623526698252934053e-01 3.926717431070236852e-01 6.941803379354811732e-01 3.383846964657197809e-01
5.204647083471222180e-01 4.661894160563584411e-02 7.520499787885472909e-01 9.373114506100714838e-01 1.621303064313481812e-01 6.276322106598271056e-01 2.402614063034228531e-01 6.694592238922931760e-01 7.022487261277943205e-01 0.000000000000000000e+00 4.565770333307949125e-01 5.005061425477710380e-01 4.154269928604596429e-01 2.571033103473417958e-01 7.522783409497201257e-01 7.827864571455778187e-02 6.557299106627962892e-01 3.342277410391741865e-01 3.925760677813792121e-01 5.169499169267908201e-01 4.312508412930120549e-01 3.767873236985100904e-01 5.207390238540696714e-01 8.934073634205752512e-02 1.764902829583255839e-01 3.731775071156568369e-01 6.565335424802053454e-01 6.659963303824111280e-01 4.589175028274120050e-01 7.787886970786089824e-01 4.765470367132156326e-01 7.235098953935423793e-01 5.092435009981950422e-01 5.386755003347269977e-01 4.115651414455953061e-01
4.747753280593920433e-01 5.688287657743499315e-01 2.155652708106491344e-01 8.913167944968852785e-01 3.936640439062908392e-01 5.409602755061118096e-01 9.264796954458445200e-01 5.611591889505154196e-01 5.147270936123691243e-01 4.565770333307949125e-01 0.000000000000000000e+00 7.900730704259615322e-01 4.597539570466656067e-01 2.711110054649552570e-01 5.477136628757222070e-01 8.254081888771978015e-01 2.210046537716093829e-01 7.953874093158702641e-01 1.866509495286070575e-01 7.001626604971629142e-01 6.507158756704486402e-01 6.463383766015676768e-01 6.243243172040658928e-01 5.224042325694412403e-01 4.038009277112565298e-01 3.401926570926182558e-01 4.855494671801349194e-01 4.379235588817153024e-01 7.233366492571517981e-01 3.898058255864599864e-01 3.886688585054863809e-01 6.000036277569068544e-01 3.991816379842139106e-02 6.252177147444486494e-01 5.234977378018973448e-01
6.105160365983310911e-01 7.019751420976054757e-01 1.139198525280057384e-01 2.874755923941094693e-01 1.260604173560014862e-01 7.554530748302954457e-01 6.103459938599082868e-01 3.374734157255668832e-01 7.975648979823813933e-01 5.005061425477710380e-01 7.900730704259615322e-01 0.000000000000000000e+00 2.629162865511949776e-01 7.394218617584478181e-01 4.665528469932020972e-01 4.755376783504976501e-01 8.594603028064824457e-01 7.626286653743515886e-01 7.165844430475611926e-01 7.522092259301476069e-01 5.442694303164519187e-02 5.506641621490797611e-01 4.603757736339432194e-01 4.412477564160980914e-01 6.490563844778889369e-01 5.106905045379747099e-01 5.312034165223691318e-01 7.491054804893568786e-01 7.346879935622983027e-01 3.539716038429776557e-01 1.518857415288313861e-01 4.012807880198682176e-01 7.111474345798696195e-02 6.845812189720512642e-01 3.215463795448173512e-01
3.387826301115783867e-01 6.936414815775643339e-01 5.218655399446390231e-01 6.731018359196250245e-01 1.623997399797242336e-01 6.839214852072921236e-01 5.778409954387130343e-01 5.609628504715434838e-01 6.472089824196846086e-01 4.154269928604596429e-01 4.597539570466656067e-01 2.629162865511949776e-01 0.000000000000000000e+00 4.788179384055772925e-01 7.740549380555428183e-02 1.946278881863747756e-01 4.816536922596015291e-01 4.686004686145122666e-01 8.428194982073392572e-01 5.458217158106758449e-01 4.893062613508138980e-01 3.569241345188335912e-01 2.391314130951988082e-01 7.123346821745160096e-01 6.090662583847761269e-01 6.499856163059209990e-01 2.980870345921153852e-01 6.609638393193758565e-01 2.482436781433751127e-01 1.118507672717685697e-01 4.437767601140992779e-01 5.181742759975547230e-01 1.756289858325721376e-02 4.769142244791492180e-01 5.687648882510457637e-01
5.160446534679846708e-01 5.037149302281671570e-01 3.939947134670128137e-01 2.496200223554674302e-01 7.080251988396297769e-01 2.529343014768190567e-01 7.001954851766445387e-01 6.653512991025152257e-01 6.892999710631817489e-01 2.571033103473417958e-01 2.711110054649552570e-01 7.394218617584478181e-01 4.788179384055772925e-01 0.000000000000000000e+00 3.206414022283659571e-01 6.734090332450292093e-01 6.670970395427930910e-01 1.455494539963284040e-01 5.565348208622045156e-02 4.579130091286084392e-01 2.282792505576555220e-01 2.640435643049572345e-01 4.214240227253808202e-01 6.622165518864646661e-01 8.129852484282130698e-01 3.771556832865944897e-01 4.562105950409991451e-01 6.382984902438642028e-01 4.183878480363795171e-01 6.543355941095110317e-01 4.052075747137442452e-01 7.487136383990046218e-01 2.996488735891812416e-01 1.691141808301436233e-01 5.640445400776308293e-01
5.200573064647886490e-01 5.172298565829480665e-01 6.619430191050905687e-01 3.504485035731079723e-01 7.847515440875612036e-01 7.541000856872435154e-01 6.376693070148531373e-01 7.315139445522699235e-01 5.307356646350340768e-01 7.522783409497201257e-01 5.477136628757222070e-01 4.665528469932020972e-01 7.740549380555428183e-02 3.206414022283659571e-01 0.000000000000000000e+00 7.377731888055789611e-01 3.814039184396390558e-01 4.175171179406261812e-01 4.911479817884381038e-01 4.420491117355085375e-01 7.573048305300532634e-01 7.201716530276900397e-01 3.174853122862309474e-01 5.911021748005720333e-01 6.274814893305693531e-01 7.023916816225732607e-01 6.514510291876531856e-01 5.479385710771361717e-01 5.139812652554963668e-01 5.119209893146653423e-01 7.635042777980057815e-01 7.209842106898511904e-02 7.125964827609522212e-01 7.249827904585333105e-01 7.348858897174285199e-01
2.953570470792440950e-01 6.072247101153036564e-01 5.358659879296239215e-01 4.529948192681425012e-01 7.573698540045568084e-01 4.067142334091408129e-01 7.546653959611028251e-01 5.570304405253541091e-01 7.086857033622528945e-01 7.827864571455778187e-02 8.254081888771978015e-01 4.755376783504976501e-01 1.946278881863747756e-01 6.734090332450292093e-01 7.377731888055789611e-01 0.000000000000000000e+00 4.979319013802019911e-01 6.685818619474649394e-01 6.344638110813802800e-01 6.661212152255554519e-01 7.103225495848047855e-01 9.759553854923350702e-01 6.211243639490244828e-01 6.094564369110631041e-01 2.079185376456114120e-01 1.475605994727138270e-01 7.663137435392549657e-01 6.414464784890899773e-01 5.484499249547585276e-01 4.259384137315994079e-01 7.325093698956541832e-01 7.951791205932106088e-01 6.249783250146391245e-01 7.685958085145886409e-01 2.917187693723285458e-01
6.231875949113073743e-01 7.950087786147107538e-01 1.332330179942532444e-01 4.190357282254276727e-01 6.800674013325764822e-01 1.744372884683144664e-01 2.237634228486686805e-01 8.419375393701711285e-01 7.450874182991824579e-01 6.557299106627962892e-01 2.210046537716093829e-01 8.594603028064824457e-01 4.816536922596015291e-01 6.670970395427930910e-01 3.814039184396390558e-01 4.979319013802019911e-01 0.000000000000000000e+00 4.829763483465328022e-01 6.952530956590918798e-01 5.942845293289733544e-02 7.127796001312811658e-01 4.478195067635489801e-01 6.065833156716708974e-01 6.890627576059480397e-01 5.594901223725129435e-01 7.209856180179990970e-01 4.031174790737127589e-01 5.294094547931462724e-01 2.273932226014328539e-01 5.598433942920244544e-01 3.302302372319984025e-01 6.268798887770185013e-01 1.726151171657164252e-01 4.425895024098560615e-01 3.881674904331615661e-01
2.822215575280009325e-01 3.287844076470198273e-01 7.632741278863712786e-01 3.991649391092931820e-01 4.944084859306702162e-01 7.270534773325939559e-01 8.423110616100735193e-01 5.557358162211514241e-01 3.663028415877839228e-01 3.342277410391741865e-01 7.953874093158702641e-01 7.626286653743515886e-01 4.686004686145122666e-01 1.455494539963284040e-01 4.175171179406261812e-01 6.685818619474649394e-01 4.829763483465328022e-01 0.000000000000000000e+00 7.932979469746779255e-01 5.788818008003820959e-01 6.910086366354046827e-01 2.991677545292825702e-01 3.606874185094307572e-01 3.480453386250538239e-01 6.364612190624405752e-01 6.216475280663780190e-01 6.291278271658216070e-01 7.220920144130543727e-01 7.417001132500391503e-01 9.010743794236859561e-01 5.744786016881052726e-01 6.239987278449216079e-01 4.389723836943607571e-01 5.030654095951510030e-01 1.090103760411849088e-01
8.947382806271018119e-01 5.307914135011815304e-01 4.113605852139553543e-01 9.286386256514154169e-01 4.259996732776530348e-01 2.723641570422432601e-01 7.813233839764439637e-01 4.365640950047158242e-01 6.490627355736331427e-01 3.925760677813792121e-01 1.866509495286070575e-01 7.165844430475611926e-01 8.428194982073392572e-01 5.565348208622045156e-02 4.911479817884381038e-01 6.344638110813802800e-01 6.952530956590918798e-01 7.932979469746779255e-01 0.000000000000000000e+00 5.417483164506969873e-01 5.705474148940476997e-01 3.355592549616110420e-01 7.519772300574187884e-01 6.311105260514416893e-01 4.763076402731061254e-01 4.936284961889818579e-01 8.979976983992351558e-01 1.418088329144969739e-01 7.725406681834521283e-01 5.610273494166184705e-01 3.147172486779178380e-01 2.788900019304089151e-01 6.719974506489820865e-01 3.449281959001065934e-01 5.899976465875956810e-01
3.691578388237157782e-01 4.445146812894386068e-01 7.707316031408584234e-01 6.456096291801514120e-01 2.237142525070227039e-01 1.835790970868028671e-01 7.579797678492432578e-01 4.545675185195464651e-01 3.180501246926816794e-01 5.169499169267908201e-01 7.001626604971629142e-01 7.522092259301476069e-01 5.458217158106758449e-01 4.579130091286084392e-01 4.420491117355085375e-01 6.661212152255554519e-01 5.942845293289733544e-02 5.788818008003820959e-01 5.417483164506969873e-01 0.000000000000000000e+00 2.605075023554607738e-01 5.012599403324524694e-01 8.892016947611558475e-01 1.647134836606016228e-01 3.420039636564390917e-01 5.503640589693188367e-01 7.366098082510441625e-01 6.074809003639777272e-01 8.597023001791209706e-02 4.808863177401435651e-01 5.616936741019709078e-01 5.883691943866800056e-01 9.289118754839722492e-01 2.893378935234723337e-01 4.454644197058668098e-01
4.999125015617792989e-01 2.074706995198133397e-01 3.700698190836779200e-01 2.004489050843533127e-01 6.159183177368702244e-01 3.710547315116425882e-01 7.330237498676077657e-01 2.442819971905486609e-01 5.726091137761859517e-01 4.312508412930120549e-01 6.507158756704486402e-01 5.442694303164519187e-02 4.893062613508138980e-01 2.282792505576555220e-01 7.573048305300532634e-01 7.103225495848047855e-01 7.127796001312811658e-01 6.910086366354046827e-01 5.705474148940476997e-01 2.605075023554607738e-01 0.000000000000000000e+00 2.062358109900811476e-01 3.681620369236678347e-01 4.709267081982936864e-01 9.067623121686269050e-01 4.787621783489313110e-01 3.663020182554573845e-01 5.103523807901508835e-01 4.413857639265661437e-02 5.372142085777282805e-01 4.985177293845716728e-01 5.704727124317890974e-01 1.197495857163496380e-01 8.124605650601317564e-01 7.976688651524677098e-02
5.662745993919281462e-01 7.857362263544585002e-01 6.336251057274722154e-02 4.156586634066490871e-01 8.251592166891669189e-01 6.728645474902816837e-01 6.158722887410812419e-01 9.597411472553044609e-01 4.490283127364143034e-01 3.767873236985100904e-01 6.463383766015676768e-01 5.506641621490797611e-01 3.569241345188335912e-01 2.640435643049572345e-01 7.201716530276900397e-01 9.759553854923350702e-01 4.478195067635489801e-01 2.991677545292825702e-01 3.355592549616110420e-01 5.012599403324524694e-01 2.062358109900811476e-01 0.000000000000000000e+00 8.461598240898526857e-02 2.579531979548482790e-01 7.424828695877629947e-01 7.841472428974771702e-01 7.310172461225338258e-01 1.346465921127084631e-01 7.793568221268810658e-01 4.626645580182440209e-01 2.758489601578720807e-01 6.056130185558790124e-01 2.006345139234192443e-01 7.963242452119743131e-01 8.020812402934600627e-01
2.248944412063633713e-01 6.714269206381434651e-01 4.072897832159804166e-01 5.575693930613312421e-01 4.647933567209331929e-01 1.482189396696634853e-01 4.373421297725981205e-01 8.400203280982336818e-01 1.643693960093610684e-01 5.207390238540696714e-01 6.243243172040658928e-01 4.603757736339432194e-01 2.391314130951988082e-01 4.214240227253808202e-01 3.174853122862309474e-01 6.211243639490244828e-01 6.065833156716708974e-01 3.606874185094307572e-01 7.519772300574187884e-01 8.892016947611558475e-01 3.681620369236678347e-01 8.461598240898526857e-02 0.000000000000000000e+00 2.846238717907887961e-01 3.563879052952261262e-01 4.822847008280205516e-01 8.264457234381626938e-01 7.106050608004013114e-01 5.069634351611624901e-01 1.592242407459794618e-01 4.152056189924895335e-01 3.928851347748780753e-01 6.151794023147905133e-01 4.136666298238872441e-01 6.213967059070166776e-01
8.383127091767674788e-01 6.533489669246007603e-01 4.065573725968718577e-01 3.444622584449997804e-01 4.956005271058385175e-01 3.838262235352196683e-01 4.804820543924629428e-01 9.431568312986553515e-01 5.169026565383887384e-01 8.934073634205752512e-02 5.224042325694412403e-01 4.412477564160980914e-01 7.123346821745160096e-01 6.622165518864646661e-01 5.911021748005720333e-01 6.094564369110631041e-01 6.890627576059480397e-01 3.480453386250538239e-01 6.311105260514416893e-01 1.647134836606016228e-01 4.709267081982936864e-01 2.579531979548482790e-01 2.846238717907887961e-01 0.000000000000000000e+00 5.629605328000182318e-01 1.436206559302766195e-01 6.721272300173173342e-01 3.372299809487697697e-01 7.858320131466296488e-01 4.527927497149855096e-01 4.478863860368701433e-01 5.115425724844302469e-01 4.048701939707536335e-01 4.361810226231665477e-01 3.440416081090534872e-01
5.010167448566182902e-01 5.532022675925050148e-01 3.510082600785038309e-01 5.180508673983981183e-01 7.954171307490101039e-01 4.146773224739611630e-01 4.723637201512481676e-01 6.306883306926556187e-01 8.883611516382805551e-01 1.764902829583255839e-01 4.038009277112565298e-01 6.490563844778889369e-01 6.090662583847761269e-01 8.129852484282130698e-01 6.274814893305693531e-01 2.079185376456114120e-01 5.594901223725129435e-01 6.364612190624405752e-01 4.763076402731061254e-01 3.420039636564390917e-01 9.067623121686269050e-01 7.424828695877629947e-01 3.563879052952261262e-01 5.629605328000182318e-01 0.000000000000000000e+00 8.230335295830337738e-01 5.005114109568420400e-01 8.060128922491094361e-01 7.069377456167544871e-01 5.297867610286753903e-01 4.813793968291442127e-01 5.145044996928324066e-01 2.306195728076528284e-01 5.494798941681805493e-01 9.509498341666442478e-01
5.286416300105453159e-01 3.337417848057140368e-01 7.117107265600205457e-01 2.338593619988096339e-01 7.629188714829653328e-01 4.636603075180374955e-01 6.326346395582855830e-01 5.424757558431192450e-01 6.722669422908746917e-01 3.731775071156568369e-01 3.401926570926182558e-01 5.106905045379747099e-01 6.499856163059209990e-01 3.771556832865944897e-01 7.023916816225732607e-01 1.475605994727138270e-01 7.209856180179990970e-01 6.216475280663780190e-01 4.936284961889818579e-01 5.503640589693188367e-01 4.787621783489313110e-01 7.841472428974771702e-01 4.822847008280205516e-01 1.436206559302766195e-01 8.230335295830337738e-01 0.000000000000000000e+00 1.335945493539298368e-01 6.937977963471533283e-01 6.129193262953986920e-01 4.436295714649879374e-01 6.345132983856016651e-02 4.757038327322156146e-01 9.170812765283140600e-01 7.047073661964688984e-01 4.204596420709885152e-01
1.846393862262861729e-01 4.797775806925685949e-01 7.637025713197522769e-01 4.999339132781979167e-01 4.884459536968468463e-01 2.748061704147451434e-01 4.833005768200786534e-01 6.809462017745465667e-01 8.042846930825338081e-01 6.565335424802053454e-01 4.855494671801349194e-01 5.312034165223691318e-01 2.980870345921153852e-01 4.562105950409991451e-01 6.514510291876531856e-01 7.663137435392549657e-01 4.031174790737127589e-01 6.291278271658216070e-01 8.979976983992351558e-01 7.366098082510441625e-01 3.663020182554573845e-01 7.310172461225338258e-01 8.264457234381626938e-01 6.721272300173173342e-01 5.005114109568420400e-01 1.335945493539298368e-01 0.000000000000000000e+00 4.651716083802667212e-01 3.811205753481622938e-01 5.125312970229326526e-01 2.436643342498440168e-01 5.065981549024107800e-01 9.183451475762038907e-01 2.472838280354617835e-01 7.301207721176109500e-01
5.035055028269126431e-01 3.844553279695899772e-01 4.285827104424836942e-01 6.289267030229217514e-01 4.461129786090557436e-01 4.744802285241463968e-01 4.435130909793143505e-01 7.914133917854501155e-01 3.541845504448610793e-01 6.659963303824111280e-01 4.379235588817153024e-01 7.491054804893568786e-01 6.609638393193758565e-01 6.382984902438642028e-01 5.479385710771361717e-01 6.414464784890899773e-01 5.294094547931462724e-01 7.220920144130543727e-01 1.418088329144969739e-01 6.074809003639777272e-01 5.103523807901508835e-01 1.346465921127084631e-01 7.106050608004013114e-01 3.372299809487697697e-01 8.060128922491094361e-01 6.937977963471533283e-01 4.651716083802667212e-01 0.000000000000000000e+00 1.603355353336770595e-01 7.930115141495961417e-01 4.766917694477212919e-01 7.135756145419356322e-01 3.287042782612787928e-01 4.077063825309265033e-01 4.352057308837018468e-01
8.857188583433514006e-01 9.091012806405367463e-01 7.233868416528135281e-01 3.502330454870599130e-01 8.879387260380080527e-01 7.855486196777445862e-01 5.824670960449318535e-01 5.238520155391686028e-01 4.614860073633665349e-01 4.589175028274120050e-01 7.233366492571517981e-01 7.346879935622983027e-01 2.482436781433751127e-01 4.183878480363795171e-01 5.139812652554963668e-01 5.484499249547585276e-01 2.273932226014328539e-01 7.417001132500391503e-01 7.725406681834521283e-01 8.597023001791209706e-02 4.413857639265661437e-02 7.793568221268810658e-01 5.069634351611624901e-01 7.858320131466296488e-01 7.069377456167544871e-01 6.129193262953986920e-01 3.811205753481622938e-01 1.603355353336770595e-01 0.000000000000000000e+00 6.884016287221389474e-01 5.283903349949994332e-01 2.376367198605412456e-01 5.292019947843445982e-01 8.260057102828589626e-01 3.675448570407306992e-01
2.279534452188924920e-01 2.230102404293931029e-01 7.141917814587167568e-01 6.310225634354726942e-01 4.870426871042589090e-01 6.675695197928022129e-01 8.724411531226905492e-01 6.558532397159733129e-01 6.366568549888953488e-01 7.787886970786089824e-01 3.898058255864599864e-01 3.539716038429776557e-01 1.118507672717685697e-01 6.543355941095110317e-01 5.119209893146653423e-01 4.259384137315994079e-01 5.598433942920244544e-01 9.010743794236859561e-01 5.610273494166184705e-01 4.808863177401435651e-01 5.372142085777282805e-01 4.626645580182440209e-01 1.592242407459794618e-01 4.527927497149855096e-01 5.297867610286753903e-01 4.436295714649879374e-01 5.125312970229326526e-01 7.930115141495961417e-01 6.884016287221389474e-01 0.000000000000000000e+00 6.800242973286168002e-01 6.429124067218636718e-01 8.187293619875479767e-01 6.770122177362573046e-01 4.031336725143793154e-01
7.773269599519988526e-01 7.561252784532905835e-01 7.993898686584539615e-01 5.505307393504115243e-01 2.193509909306169958e-01 4.965668644555197853e-01 8.573593864593922476e-01 3.788709144670900919e-01 3.766445884392800036e-01 4.765470367132156326e-01 3.886688585054863809e-01 1.518857415288313861e-01 4.437767601140992779e-01 4.052075747137442452e-01 7.635042777980057815e-01 7.325093698956541832e-01 3.302302372319984025e-01 5.744786016881052726e-01 3.147172486779178380e-01 5.616936741019709078e-01 4.985177293845716728e-01 2.758489601578720807e-01 4.152056189924895335e-01 4.478863860368701433e-01 4.813793968291442127e-01 6.345132983856016651e-02 2.436643342498440168e-01 4.766917694477212919e-01 5.283903349949994332e-01 6.800242973286168002e-01 0.000000000000000000e+00 6.666475813319669985e-01 4.468523596194431957e-01 5.498099101439876124e-01 2.313265673742774808e-01
2.627484375903518798e-01 7.991678444839649398e-01 3.583272154069282456e-01 4.580516160233029654e-01 5.957498411419384077e-01 4.902971845827591713e-01 4.332773420246081031e-01 4.402686827654352930e-01 3.623526698252934053e-01 7.235098953935423793e-01 6.000036277569068544e-01 4.012807880198682176e-01 5.181742759975547230e-01 7.487136383990046218e-01 7.209842106898511904e-02 7.951791205932106088e-01 6.268798887770185013e-01 6.239987278449216079e-01 2.788900019304089151e-01 5.883691943866800056e-01 5.704727124317890974e-01 6.056130185558790124e-01 3.928851347748780753e-01 5.115425724844302469e-01 5.145044996928324066e-01 4.757038327322156146e-01 5.065981549024107800e-01 7.135756145419356322e-01 2.376367198605412456e-01 6.429124067218636718e-01 6.666475813319669985e-01 0.000000000000000000e+00 6.650390384509434760e-01 4.957826228096742227e-01 1.404292348519400324e-01
2.213804042109794867e-01 3.061373565123863827e-01 3.068292734172354264e-01 4.618098276343483022e-01 3.809580636713483237e-01 4.553165267402090599e-01 5.225902835304748750e-01 2.797329021289415296e-01 3.926717431070236852e-01 5.092435009981950422e-01 3.991816379842139106e-02 7.111474345798696195e-02 1.756289858325721376e-02 2.996488735891812416e-01 7.125964827609522212e-01 6.249783250146391245e-01 1.726151171657164252e-01 4.389723836943607571e-01 6.719974506489820865e-01 9.289118754839722492e-01 1.197495857163496380e-01 2.006345139234192443e-01 6.151794023147905133e-01 4.048701939707536335e-01 2.306195728076528284e-01 9.170812765283140600e-01 9.183451475762038907e-01 3.287042782612787928e-01 5.292019947843445982e-01 8.187293619875479767e-01 4.468523596194431957e-01 6.650390384509434760e-01 0.000000000000000000e+00 6.558570159868685190e-01 5.659491357093280328e-01
1.830468346100678767e-01 4.345348786732657342e-01 5.198713027514921814e-01 3.137211578744831808e-01 5.566993352845956977e-01 2.606638096924926429e-01 5.933801213344825909e-01 7.536919911415507212e-01 6.941803379354811732e-01 5.386755003347269977e-01 6.252177147444486494e-01 6.845812189720512642e-01 4.769142244791492180e-01 1.691141808301436233e-01 7.249827904585333105e-01 7.685958085145886409e-01 4.425895024098560615e-01 5.030654095951510030e-01 3.449281959001065934e-01 2.893378935234723337e-01 8.124605650601317564e-01 7.963242452119743131e-01 4.136666298238872441e-01 4.361810226231665477e-01 5.494798941681805493e-01 7.047073661964688984e-01 2.472838280354617835e-01 4.077063825309265033e-01 8.260057102828589626e-01 6.770122177362573046e-01 5.498099101439876124e-01 4.957826228096742227e-01 6.558570159868685190e-01 0.000000000000000000e+00 4.822859001515066302e-01
1.527619496489587281e-01 6.141003331120802322e-01 8.909082304970425970e-01 5.650594544049785117e-01 4.975100848811249699e-01 5.843576039634517105e-01 5.168552273536078934e-01 3.512986138053996177e-01 3.383846964657197809e-01 4.115651414455953061e-01 5.234977378018973448e-01 3.215463795448173512e-01 5.687648882510457637e-01 5.640445400776308293e-01 7.348858897174285199e-01 2.917187693723285458e-01 3.881674904331615661e-01 1.090103760411849088e-01 5.899976465875956810e-01 4.454644197058668098e-01 7.976688651524677098e-02 8.020812402934600627e-01 6.213967059070166776e-01 3.440416081090534872e-01 9.509498341666442478e-01 4.204596420709885152e-01 7.301207721176109500e-01 4.352057308837018468e-01 3.675448570407306992e-01 4.031336725143793154e-01 2.313265673742774808e-01 1.404292348519400324e-01 5.659491357093280328e-01 4.822859001515066302e-01 0.000000000000000000e+00
