0.000000000000000000e+00 2.906762651422792887e-01 5.463978199734259578e-01 6.734926922764949975e-01 5.931769751492814713e-01 2.505093339200126223e-01 6.221079123097856822e-01 2.176470077148242588e-01 4.215048178712158533e-01 9.495299160288592777e-01 4.486833633755291650e-01 1.764769642017647300e-01 5.935884277551046750e-01 5.628465542622396178e-01 5.256539497070991107e-01 3.649295399830835285e-01 3.351661701043989749e-01 5.112091185280731587e-02 4.960807085015568330e-01 6.368707505724657825e-01 8.633616032685628161e-01 4.955742871977253938e-01 2.367085926749591396e-01 6.708859596918574919e-01 6.369913682113957920e-01 4.886615374992209215e-01 5.073334698405935761e-01 7.233141085839666085e-01 5.824774707789737160e-01 2.698970851250995784e-01 4.378020311431435330e-01 6.475908045046541162e-01 4.719121384556551058e-01 4.854915020395395020e-01 5.538815090825871534e-01
2.906762651422792887e-01 0.000000000000000000e+00 4.612901208437177325e-01 4.279577378012204836e-01 5.939934812391294283e-01 8.379799081699634833e-01 7.964263001080802429e-01 5.302653873459854950e-01 4.764868083695845136e-01 5.685149378773495243e-01 5.040029850382912180e-01 4.118706319372448243e-01 6.043090277648804909e-01 7.608138782730354821e-01 5.843853356627422002e-01 8.967164700998780935e-01 9.328259863676739982e-01 6.182835337133327780e-01 3.047429911483882647e-01 9.022093973916708309e-01 8.034997387587768936e-01 2.323018102621543512e-01 4.618999484167535807e-01 7.136126708873040680e-01 1.584025312018301213e-01 3.283111666357397818e-01 4.650260771752882105e-01 7.501115173949182147e-01 3.828990075945628568e-01 2.048869224483108598e-01 4.528606568740168314e-01 8.610535768880294150e-01 7.167821254675235121e-01 3.679274188098936582e-01 6.094119723422199986e-01
5.463978199734259578e-01 4.612901208437177325e-01 0.000000000000000000e+00 5.180182921688634146e-01 5.456528398958812032e-01 6.263898971990808917e-01 6.895907514629160406e-01 3.293872897080685758e-01 7.286201300151240456e-01 5.436396745917944084e-01 6.961101534698057591e-01 6.810448639178954267e-01 5.734698681525081110e-01 3.217596004724280756e-01 5.339036855154748462e-01 6.983322752124235810e-01 3.270718765341537049e-01 6.527126930699286289e-01 5.257501288685635377e-01 6.971831307916381837e-01 5.830390196387494894e-01 5.120798000503118397e-01 5.163226418595978640e-01 7.227504761432990144e-01 1.248339407741640428e-01 3.914320949700945684e-01 9.200380125603087045e-01 5.052600003990306288e-01 8.027791709672612575e-01 6.722827675264793079e-01 4.724520332313700277e-01 5.473692065463782175e-01 2.523900955299890336e-01 6.499785343031230234e-01 3.798943066819623349e-01
6.734926922764949975e-01 4.279577378012204836e-01 5.180182921688634146e-01 0.000000000000000000e+00 7.109253380305782244e-01 1.620199280592249380e-01 4.734007121555546815e-01 2.486801754455076341e-01 8.697047206602335212e-01 2.876084359770854637e-01 6.838114828054953076e-01 5.648876362835790754e-01 4.812810784166745570e-01 4.999465212054051144e-01 5.425871573752231170e-01 3.334985981711257041e-01 3.018020345750781486e-01 5.384759629914374068e-01 1.536133776580076438e-01 8.108789726979069856e-01 4.210819345448987283e-01 5.386273167071216061e-01 2.416705026609707874e-01 3.252430981676275867e-01 9.448442441180187057e-01 5.410418509982062307e-01 4.220350328601312206e-01 7.254963252921422523e-01 3.107619030370356583e-01 4.739126304682549917e-01 3.343932048095739074e-01 4.585163723591335616e-01 4.887719028780421193e-01 5.182287582175646445e-01 4.438397407389020333e-01
5.931769751492814713e-01 5.939934812391294283e-01 5.456528398958812032e-01 7.109253380305782244e-01 0.000000000000000000e+00 7.238031023965232347e-01 6.999608968437338596e-01 2.419875172264136509e-01 5.212903081284432361e-01 3.902944913121154658e-01 5.994423385119533876e-01 8.752143490469588283e-01 7.672177647939936174e-01 6.539537673886952618e-01 5.323952613327320726e-01 7.629493727419135451e-01 1.385557374876359438e-01 4.623706746753598607e-01 5.307501255473862090e-01 7.013266389763563868e-01 8.243875929268520419e-01 3.536632712242637755e-01 3.727808127062813837e-01 8.802665960207407547e-01 4.090238152720886422e-01 8.154516182603221974e-01 2.895872344831718070e-01 3.793633512194029000e-01 1.048866417880027768e-01 1.509542956398147728e-01 6.566368126047776865e-01 3.087486087024341463e-01 5.336195057327545177e-01 5.027541202033396495e-01 5.190473526837939833e-01
2.505093339200126223e-01 8.379799081699634833e-01 6.263898971990808917e-01 1.620199280592249380e-01 7.238031023965232347e-01 0.000000000000000000e+00 6.073851198018792585e-01 4.445621633033843834e-01 4.708628576547959632e-01 4.116602143562765326e-01 8.996207655974641781e-01 6.077203728059830112e-01 5.302058723388862749e-01 1.496094388594841895e-01 4.498173474935027727e-01 5.735196301603743274e-01 5.162567213463231663e-01 5.047841268787625069e-01 3.068755830391045603e-01 5.759148663514497279e-01 9.117611186422517333e-01 4.879683160331920178e-01 5.280449942442786426e-01 8.097276266534814138e-01 3.739174953346424135e-01 6.031003340841932792e-01 4.727399764644657498e-01 9.481237492410199419e-02 5.521771461303210948e-01 1.816360845955522496e-01 3.473716864730643783e-01 6.556456422533536443e-01 7.434650286142359121e-01 7.787252289370928393e-01 3.009833985637274112e-01
6.221079123097856822e-01 7.964263001080802429e-01 6.895907514629160406e-01 4.734007121555546815e-01 6.999608968437338596e-01 6.073851198018792585e-01 0.000000000000000000e+00 3.939510987030246936e-01 4.123660797324448790e-01 6.940042077317182256e-01 7.157543983805858545e-01 2.600105662002074602e-01 6.911851283346464037e-01 1.892504929253766011e-01 5.230744161246292379e-01 9.758059722825100923e-01 6.351952939295892886e-01 1.600973496871247459e-01 3.647742272969104471e-01 7.475236847816675301e-01 5.684479017872707818e-01 2.080010448456078853e-01 9.466645863575327002e-01 1.813858384688437075e-01 2.840326861233279931e-01 6.856402931874828743e-01 5.500700594904635032e-01 1.941637099477427908e-01 3.316309506859756451e-01 2.461085956881220449e-01 6.640547782421164502e-01 4.759453178439805310e-01 9.097208458515591012e-01 2.491213813682725542e-01 3.819159542754086978e-01
2.176470077148242588e-01 5.302653873459854950e-01 3.293872897080685758e-01 2.486801754455076341e-01 2.419875172264136509e-01 4.445621633033843834e-01 3.939510987030246936e-01 0.000000000000000000e+00 5.373104387884496402e-01 6.223802008743067882e-01 2.309086785735136038e-01 2.488472600046630068e-01 6.735429557398751044e-01 4.267301536839117615e-01 9.158898400413618690e-01 2.626148302624782271e-01 5.420345958870751435e-01 3.029635644367382752e-01 8.161829897243402243e-01 5.813033288555333744e-01 2.174387192201064911e-01 5.101316710370946694e-01 3.781428454027954134e-01 1.045048421817004192e-01 7.524355554277418756e-01 1.693426828467236023e-01 4.829038173932271860e-01 2.302036290741830138e-01 6.721706214771132615e-01 5.601979595254927835e-01 7.755038940652558832e-01 6.435222395747448587e-01 6.840612184074452706e-01 4.263852266785914669e-01 3.633415831306329169e-01
4.215048178712158533e-01 4.764868083695845136e-01 7.286201300151240456e-01 8.697047206602335212e-01 5.212903081284432361e-01 4.708628576547959632e-01 4.123660797324448790e-01 5.373104387884496402e-01 0.000000000000000000e+00 4.720611484708621131e-01 5.521003733881519882e-01 5.623796583478308797e-01 6.777666050180994883e-01 4.135678644938725057e-01 5.339961293952989463e-01 8.999526985856332040e-01 3.376870298417158356e-01 8.624861306009468098e-02 3.199679229248645340e-01 9.110360281983738151e-01 5.100216570980841135e-01 2.478645168862890769e-01 2.171552060766198666e-01 6.034889570027147654e-01 6.509192914182770906e-01 6.355912192631006929e-01 4.212409802340462694e-01 7.783538724876299941e-01 4.410006418976917253e-01 4.459280050692764341e-01 3.279107076916515373e-01 8.004298379581842315e-01 4.925518867756362718e-01 3.450336569667999953e-01 5.894942192272127901e-01
9.495299160288592777e-01 5.685149378773495243e-01 5.436396745917944084e-01 2.876084359770854637e-01 3.902944913121154658e-01 4.116602143562765326e-01 6.940042077317182256e-01 6.223802008743067882e-01 4.720611484708621131e-01 0.000000000000000000e+00 7.824061837346456549e-01 3.543794558204677037e-01 6.030263158417314973e-01 7.501108964756511011e-01 2.834153136756201175e-01 5.556500991513904086e-01 6.343655373910619399e-01 3.603109781021690550e-01 7.448049623146240084e-01 3.953916137726913860e-01 6.954634735060798434e-01 8.932157793165547144e-01 9.417635096835428321e-01 3.712204176658311927e-01 1.959396962974118694e-01 1.636545395674797732e-01 7.297526564372307512e-01 6.051944502499484457e-02 3.847420251887831433e-01 5.795538968340955277e-01 6.555732104812250771e-01 9.067918141108878283e-01 4.979134484365062563e-01 7.059132005689718881e-01 6.961008185398079862e-01
4.486833633755291650e-01 5.040029850382912180e-01 6.961101534698057591e-01 6.838114828054953076e-01 5.994423385119533876e-01 8.996207655974641781e-01 7.157543983805858545e-01 2.309086785735136038e-01 5.521003733881519882e-01 7.824061837346456549e-01 0.000000000000000000e+00 5.183351216414633367e-01 3.804639118071864723e-01 7.657059895521375337e-01 9.272787379981994871e-01 4.879282236629775005e-01 6.905171686270010767e-01 5.127352055432017330e-01 6.654193883510783891e-01 2.372628115330404075e-01 9.965452626320103757e-02 5.725095111897994249e-01 4.615666747757195543e-01 6.682051475421442177e-01 4.409534262426171303e-01 4.957316079330216230e-01 2.205817085657695298e-01 4.882174029580317320e-01 6.172860089661618144e-01 3.553069104536276113e-01 5.455129231841542303e-01 4.234620015105838298e-01 5.801194973314840464e-01 4.374414449511278558e-01 1.581954371213696309e-01
1.764769642017647300e-01 4.118706319372448243e-01 6.810448639178954267e-01 5.648876362835790754e-01 8.752143490469588283e-01 6.077203728059830112e-01 2.600105662002074602e-01 2.488472600046630068e-01 5.623796583478308797e-01 3.543794558204677037e-01 5.183351216414633367e-01 0.000000000000000000e+00 3.012927671315698275e-01 1.054993682354600226e-01 1.163819437385646971e-01 8.049057327155102470e-01 1.935726053110303768e-01 6.578083564035523967e-01 4.134489846338662011e-01 2.092274889145632755e-01 5.374522597616564479e-01 3.503887354629702244e-01 6.128056205114544852e-01 3.018279759896219661e-01 4.666969632768851461e-01 1.221364330627580097e-01 8.508381685137162975e-01 7.643899219493723862e-01 3.171242863599245121e-01 6.568485477335017642e-01 1.088031480741102897e-01 4.609160392472378409e-01 6.153766442174950502e-01 3.378136971947139355e-01 8.890202904189297151e-01
5.935884277551046750e-01 6.043090277648804909e-01 5.734698681525081110e-01 4.812810784166745570e-01 7.672177647939936174e-01 5.302058723388862749e-01 6.911851283346464037e-01 6.735429557398751044e-01 6.777666050180994883e-01 6.030263158417314973e-01 3.804639118071864723e-01 3.012927671315698275e-01 0.000000000000000000e+00 5.114982335341187181e-01 7.919166140840148138e-01 4.556148758742737392e-01 7.695556579902917971e-01 7.821369054882453264e-01 1.821297081601624956e-01 6.222610735389153547e-01 5.732377290755286126e-01 8.935951727493613994e-01 4.960513514276810310e-01 2.045454192334970056e-01 3.788267168634662507e-02 8.005749491691835917e-01 6.548326784549096669e-01 5.469323845692186659e-01 4.228826925073116416e-01 7.455564464527966173e-01 6.256554707236088309e-01 6.515608914838008081e-01 5.100562228266972697e-01 9.050730115563100364e-01 7.355160374171072490e-01
5.628465542622396178e-01 7.608138782730354821e-01 3.217596004724280756e-01 4.999465212054051144e-01 6.539537673886952618e-01 1.496094388594841895e-01 1.892504929253766011e-01 4.267301536839117615e-01 4.135678644938725057e-01 7.501108964756511011e-01 7.657059895521375337e-01 1.054993682354600226e-01 5.114982335341187181e-01 0.000000000000000000e+00 8.430519884718736812e-01 5.652293861977595313e-01 3.834217870531769767e-01 3.996188958008754510e-01 6.840396328025835082e-01 5.789893790958338116e-01 5.725004995520395212e-01 1.673749974060043666e-01 1.493004262654953340e-01 6.339845659452465476e-01 5.642664281785814140e-01 8.168237462163175922e-01 6.459397568113063315e-01 3.140106831294073864e-01 5.583022593311572912e-01 4.799746816937425775e-01 4.500906311108933688e-01 3.901867554854555609e-01 5.952084284161502925e-01 3.888048388553026480e-01 8.398697021195489221e-02
5.256539497070991107e-01 5.843853356627422002e-01 5.339036855154748462e-01 5.425871573752231170e-01 5.323952613327320726e-01 4.498173474935027727e-01 5.230744161246292379e-01 9.158898400413618690e-01 5.339961293952989463e-01 2.834153136756201175e-01 9.272787379981994871e-01 1.163819437385646971e-01 7.919166140840148138e-01 8.430519884718736812e-01 0.000000000000000000e+00 3.742204224048646388e-01 7.049258531357971425e-01 5.860646749767484120e-01 4.761825080313322189e-01 2.516139157429848061e-01 3.519019026063983091e-01 1.855460835409600273e-01 5.063087891942914531e-01 5.786713101688283345e-01 8.594259130748114206e-01 4.820577047847691698e-01 7.292370176844963359e-01 6.792038645044686795e-01 8.413227943829246769e-01 1.340653070076064934e-01 5.450099390660952947e-01 1.300349395017258436e-01 3.395729257498073528e-01 7.276588997909776424e-01 2.607702632197045900e-01
3.649295399830835285e-01 8.967164700998780935e-01 6.983322752124235810e-01 3.334985981711257041e-01 7.629493727419135451e-01 5.735196301603743274e-01 9.758059722825100923e-01 2.626148302624782271e-01 8.999526985856332040e-01 5.556500991513904086e-01 4.879282236629775005e-01 8.049057327155102470e-01 4.556148758742737392e-01 5.652293861977595313e-01 3.742204224048646388e-01 0.000000000000000000e+00 6.681367181557342771e-01 6.621203506494267588e-01 4.786109246773805337e-01 4.676693494497881631e-01 4.809116066574331549e-01 3.815261003506409399e-01 7.099008937530157937e-01 5.060259921277677764e-01 7.922699614249345546e-01 8.558871946462842661e-01 3.389158320234568755e-01 2.669580892536803640e-01 5.416539402800931713e-01 3.647557914894491438e-01 5.999400778772966403e-01 4.575439167458005274e-01 5.555234532368729106e-01 4.891110022647440769e-01 5.190475061691836034e-01
3.351661701043989749e-01 9.328259863676739982e-01 3.270718765341537049e-01 3.018020345750781486e-01 1.385557374876359438e-01 5.162567213463231663e-01 6.351952939295892886e-01 5.420345958870751435e-01 3.376870298417158356e-01 6.343655373910619399e-01 6.905171686270010767e-01 1.935726053110303768e-01 7.695556579902917971e-01 3.834217870531769767e-01 7.049258531357971425e-01 6.681367181557342771e-01 0.000000000000000000e+00 6.493161944232881400e-01 5.238185575632366975e-01 9.044630735611142169e-01 9.073683245471523273e-01 2.185795612909274821e-01 3.675283192989552972e-01 5.831402691425680018e-02 6.428911227687459373e-01 5.615519641990416311e-01 5.135516053602060538e-01 7.908282213000732419e-01 4.849555107903693041e-01 6.103584034390923119e-01 5.635320073617510195e-01 8.608694502693852169e-01 5.804127503372724650e-01 8.707998560444510927e-01 5.056712275949073465e-01
5.112091185280731587e-02 6.182835337133327780e-01 6.527126930699286289e-01 5.384759629914374068e-01 4.623706746753598607e-01 5.047841268787625069e-01 1.600973496871247459e-01 3.029635644367382752e-01 8.624861306009468098e-02 3.603109781021690550e-01 5.127352055432017330e-01 6.578083564035523967e-01 7.821369054882453264e-01 3.996188958008754510e-01 5.860646749767484120e-01 6.621203506494267588e-01 6.493161944232881400e-01 0.000000000000000000e+00 1.334476561788622284e-01 5.703149962718060406e-01 5.547191711574372963e-02 1.722372937211519295e-01 5.178500481182720661e-01 5.649142694887310245e-01 6.885566439403179029e-01 5.669691268577576881e-01 6.630779271038976797e-01 2.794793392576848667e-01 2.935648282763723138e-01 6.376092607361252274e-01 7.672666801515625190e-01 5.314811129168006687e-02 1.107260590971661518e-01 4.160975884399397140e-01 9.340703353122241648e-01
4.960807085015568330e-01 3.047429911483882647e-01 5.257501288685635377e-01 1.536133776580076438e-01 5.307501255473862090e-01 3.068755830391045603e-01 3.647742272969104471e-01 8.161829897243402243e-01 3.199679229248645340e-01 7.448049623146240084e-01 6.654193883510783891e-01 4.134489846338662011e-01 1.821297081601624956e-01 6.840396328025835082e-01 4.761825080313322189e-01 4.786109246773805337e-01 5.238185575632366975e-01 1.334476561788622284e-01 0.000000000000000000e+00 6.402508400140766165e-01 3.728424925846215432e-01 5.420871920499720220e-02 4.542445892193855417e-01 7.493794543221483639e-01 6.141541715016340941e-02 4.878875011975659093e-01 6.275372992318796195e-01 3.604174824656781739e-01 7.487313891738145433e-01 5.876483400672427582e-01 5.393721543036987809e-01 5.122914875450975680e-01 8.554135720700020151e-01 1.870836782186967584e-01 6.423829792194115651e-01
6.368707505724657825e-01 9.022093973916708309e-01 6.971831307916381837e-01 8.108789726979069856e-01 7.013266389763563868e-01 5.759148663514497279e-01 7.475236847816675301e-01 5.813033288555333744e-01 9.110360281983738151e-01 3.953916137726913860e-01 2.372628115330404075e-01 2.092274889145632755e-01 6.222610735389153547e-01 5.789893790958338116e-01 2.516139157429848061e-01 4.676693494497881631e-01 9.044630735611142169e-01 5.703149962718060406e-01 6.402508400140766165e-01 0.000000000000000000e+00 3.816441977106008743e-01 4.182909130322380320e-01 4.421755069436047458e-01 1.018759718790638313e-01 3.947716486175538164e-01 7.184789398607537292e-01 2.219786635686531451e-01 6.791010979923557400e-01 6.832113105695929445e-01 7.837167678126846226e-01 9.252486300048079482e-02 5.409079651876079753e-01 8.902527685334431506e-01 4.537872724619659848e-01 3.507841145049250819e-02
8.633616032685628161e-01 8.034997387587768936e-01 5.830390196387494894e-01 4.210819345448987283e-01 8.243875929268520419e-01 9.117611186422517333e-01 5.684479017872707818e-01 2.174387192201064911e-01 5.100216570980841135e-01 6.954634735060798434e-01 9.965452626320103757e-02 5.374522597616564479e-01 5.732377290755286126e-01 5.725004995520395212e-01 3.519019026063983091e-01 4.809116066574331549e-01 9.073683245471523273e-01 5.547191711574372963e-02 3.728424925846215432e-01 3.816441977106008743e-01 0.000000000000000000e+00 8.556276471860527755e-01 4.485422472811096961e-01 1.974050241878050338e-01 6.968685976038748731e-01 3.709110009768830096e-01 6.999959618158004826e-01 2.879688670830557462e-01 1.677006900661082156e-01 7.784010011322008982e-01 4.682840611302860889e-01 5.580784880228069067e-01 4.060301025491012128e-01 4.521909387468532326e-01 3.481267227328840863e-01
4.955742871977253938e-01 2.323018102621543512e-01 5.120798000503118397e-01 5.386273167071216061e-01 3.536632712242637755e-01 4.879683160331920178e-01 2.080010448456078853e-01 5.101316710370946694e-01 2.478645168862890769e-01 8.932157793165547144e-01 5.725095111897994249e-01 3.503887354629702244e-01 8.935951727493613994e-01 1.673749974060043666e-01 1.855460835409600273e-01 3.815261003506409399e-01 2.185795612909274821e-01 1.722372937211519295e-01 5.420871920499720220e-02 4.182909130322380320e-01 8.556276471860527755e-01 0.000000000000000000e+00 2.628346020559001461e-01 7.653035591459880216e-01 5.565060653201585605e-01 8.475723104560419774e-01 5.394239889963879930e-01 5.209564613564436897e-01 3.487308692802315591e-02 4.494625157604326682e-01 4.557197881436334530e-01 9.079094877975696365e-01 5.718785590874930769e-01 3.206324472066579556e-01 3.003625455082015172e-01
2.367085926749591396e-01 4.618999484167535807e-01 5.163226418595978640e-01 2.416705026609707874e-01 3.727808127062813837e-01 5.280449942442786426e-01 9.466645863575327002e-01 3.781428454027954134e-01 2.171552060766198666e-01 9.417635096835428321e-01 4.615666747757195543e-01 6.128056205114544852e-01 4.960513514276810310e-01 1.493004262654953340e-01 5.063087891942914531e-01 7.099008937530157937e-01 3.675283192989552972e-01 5.178500481182720661e-01 4.542445892193855417e-01 4.421755069436047458e-01 4.485422472811096961e-01 2.628346020559001461e-01 0.000000000000000000e+00 8.972132215922923315e-01 7.683419281334777917e-01 4.231917984009023748e-01 5.504469835888449181e-01 4.381783656381325054e-01 5.501775338765212409e-01 7.155886312677224304e-01 5.245385400048665492e-01 2.675477204169912637e-01 5.810778494943584782e-01 9.566747005721626396e-01 6.485382895524940405e-01
6.708859596918574919e-01 7.136126708873040680e-01 7.227504761432990144e-01 3.252430981676275867e-01 8.802665960207407547e-01 8.097276266534814138e-01 1.813858384688437075e-01 1.045048421817004192e-01 6.034889570027147654e-01 3.712204176658311927e-01 6.682051475421442177e-01 3.018279759896219661e-01 2.045454192334970056e-01 6.339845659452465476e-01 5.786713101688283345e-01 5.060259921277677764e-01 5.831402691425680018e-02 5.649142694887310245e-01 7.493794543221483639e-01 1.018759718790638313e-01 1.974050241878050338e-01 7.653035591459880216e-01 8.972132215922923315e-01 0.000000000000000000e+00 7.172193818653036512e-01 3.898167718809912863e-01 1.212417076993612675e-01 3.693572968332191619e-01 8.384722755621628609e-01 4.427038439454227259e-01 4.106441449676691002e-01 3.998467190805220506e-01 5.778993824043248129e-01 2.213471914609817515e-01 3.990973476336662773e-01
6.369913682113957920e-01 1.584025312018301213e-01 1.248339407741640428e-01 9.448442441180187057e-01 4.090238152720886422e-01 3.739174953346424135e-01 2.840326861233279931e-01 7.524355554277418756e-01 6.509192914182770906e-01 1.959396962974118694e-01 4.409534262426171303e-01 4.666969632768851461e-01 3.788267168634662507e-02 5.642664281785814140e-01 8.594259130748114206e-01 7.922699614249345546e-01 6.428911227687459373e-01 6.885566439403179029e-01 6.141541715016340941e-02 3.947716486175538164e-01 6.968685976038748731e-01 5.565060653201585605e-01 7.683419281334777917e-01 7.172193818653036512e-01 0.000000000000000000e+00 1.026300644887874203e-01 3.949715805855285033e-01 2.185069793155979267e-01 2.294459735297921243e-01 7.541570583829593222e-01 4.980979543675378984e-01 9.289677318020331809e-01 2.063295798226771338e-01 6.297101547646661857e-01 7.384293370092722686e-01
4.886615374992209215e-01 3.283111666357397818e-01 3.914320949700945684e-01 5.410418509982062307e-01 8.154516182603221974e-01 6.031003340841932792e-01 6.856402931874828743e-01 1.693426828467236023e-01 6.355912192631006929e-01 1.636545395674797732e-01 4.957316079330216230e-01 1.221364330627580097e-01 8.005749491691835917e-01 8.168237462163175922e-01 4.820577047847691698e-01 8.558871946462842661e-01 5.615519641990416311e-01 5.669691268577576881e-01 4.878875011975659093e-01 7.184789398607537292e-01 3.709110009768830096e-01 8.475723104560419774e-01 4.231917984009023748e-01 3.898167718809912863e-01 1.026300644887874203e-01 0.000000000000000000e+00 7.683955643433191263e-01 2.342901068881614313e-01 7.293045745501318677e-01 6.788522287419996859e-01 8.295426089522248692e-01 9.658938556408585008e-01 6.664096690948910773e-01 8.695782475961337799e-01 5.180977614361480521e-01
5.073334698405935761e-01 4.650260771752882105e-01 9.200380125603087045e-01 4.220350328601312206e-01 2.895872344831718070e-01 4.727399764644657498e-01 5.500700594904635032e-01 4.829038173932271860e-01 4.212409802340462694e-01 7.297526564372307512e-01 2.205817085657695298e-01 8.508381685137162975e-01 6.548326784549096669e-01 6.459397568113063315e-01 7.292370176844963359e-01 3.389158320234568755e-01 5.135516053602060538e-01 6.630779271038976797e-01 6.275372992318796195e-01 2.219786635686531451e-01 6.999959618158004826e-01 5.394239889963879930e-01 5.504469835888449181e-01 1.212417076993612675e-01 3.949715805855285033e-01 7.683955643433191263e-01 0.000000000000000000e+00 4.329187851436437917e-01 2.611984048218254362e-01 5.344403402084455523e-01 6.076095649413562061e-01 7.276978169415304620e-01 9.521203731573835150e-02 5.955638409203505290e-01 4.002250188437538880e-01
7.233141085839666085e-01 7.501115173949182147e-01 5.052600003990306288e-01 7.254963252921422523e-01 3.793633512194029000e-01 9.481237492410199419e-02 1.941637099477427908e-01 2.302036290741830138e-01 7.783538724876299941e-01 6.051944502499484457e-02 4.882174029580317320e-01 7.643899219493723862e-01 5.469323845692186659e-01 3.140106831294073864e-01 6.792038645044686795e-01 2.669580892536803640e-01 7.908282213000732419e-01 2.794793392576848667e-01 3.604174824656781739e-01 6.791010979923557400e-01 2.879688670830557462e-01 5.209564613564436897e-01 4.381783656381325054e-01 3.693572968332191619e-01 2.185069793155979267e-01 2.342901068881614313e-01 4.329187851436437917e-01 0.000000000000000000e+00 5.671920667281024064e-01 7.927283306292104426e-01 1.423777992734557296e-01 4.655892541502925641e-01 6.427076914111293782e-01 8.543605576194331919e-01 6.522929865619748746e-01
5.824774707789737160e-01 3.828990075945628568e-01 8.027791709672612575e-01 3.107619030370356583e-01 1.048866417880027768e-01 5.521771461303210948e-01 3.316309506859756451e-01 6.721706214771132615e-01 4.410006418976917253e-01 3.847420251887831433e-01 6.172860089661618144e-01 3.171242863599245121e-01 4.228826925073116416e-01 5.583022593311572912e-01 8.413227943829246769e-01 5.416539402800931713e-01 4.849555107903693041e-01 2.935648282763723138e-01 7.487313891738145433e-01 6.832113105695929445e-01 1.677006900661082156e-01 3.487308692802315591e-02 5.501775338765212409e-01 8.384722755621628609e-01 2.294459735297921243e-01 7.293045745501318677e-01 2.611984048218254362e-01 5.671920667281024064e-01 0.000000000000000000e+00 4.935859615878153139e-01 5.559205098955424251e-01 3.684882492488903427e-01 1.965597464384838400e-01 3.991346889619925564e-01 5.950945544799051135e-01
2.698970851250995784e-01 2.048869224483108598e-01 6.722827675264793079e-01 4.739126304682549917e-01 1.509542956398147728e-01 1.816360845955522496e-01 2.461085956881220449e-01 5.601979595254927835e-01 4.459280050692764341e-01 5.795538968340955277e-01 3.553069104536276113e-01 6.568485477335017642e-01 7.455564464527966173e-01 4.799746816937425775e-01 1.340653070076064934e-01 3.647557914894491438e-01 6.103584034390923119e-01 6.376092607361252274e-01 5.876483400672427582e-01 7.837167678126846226e-01 7.784010011322008982e-01 4.494625157604326682e-01 7.155886312677224304e-01 4.427038439454227259e-01 7.541570583829593222e-01 6.788522287419996859e-01 5.344403402084455523e-01 7.927283306292104426e-01 4.935859615878153139e-01 0.000000000000000000e+00 6.232743422679446477e-01 6.080961201687455908e-01 6.785576553584071746e-01 2.824176327789371665e-01 8.027996585949850328e-01
4.378020311431435330e-01 4.528606568740168314e-01 4.724520332313700277e-01 3.343932048095739074e-01 6.566368126047776865e-01 3.473716864730643783e-01 6.640547782421164502e-01 7.755038940652558832e-01 3.279107076916515373e-01 6.555732104812250771e-01 5.455129231841542303e-01 1.088031480741102897e-01 6.256554707236088309e-01 4.500906311108933688e-01 5.450099390660952947e-01 5.999400778772966403e-01 5.635320073617510195e-01 7.672666801515625190e-01 5.393721543036987809e-01 9.252486300048079482e-02 4.682840611302860889e-01 4.557197881436334530e-01 5.245385400048665492e-01 4.106441449676691002e-01 4.980979543675378984e-01 8.295426089522248692e-01 6.076095649413562061e-01 1.423777992734557296e-01 5.559205098955424251e-01 6.232743422679446477e-01 0.000000000000000000e+00 3.402851847688836973e-01 7.829633743822250747e-02 3.347522420481987560e-01 4.291719065728717419e-01
6.475908045046541162e-01 8.610535768880294150e-01 5.473692065463782175e-01 4.585163723591335616e-01 3.087486087024341463e-01 6.556456422533536443e-01 4.759453178439805310e-01 6.435222395747448587e-01 8.004298379581842315e-01 9.067918141108878283e-01 4.234620015105838298e-01 4.609160392472378409e-01 6.515608914838008081e-01 3.901867554854555609e-01 1.300349395017258436e-01 4.575439167458005274e-01 8.608694502693852169e-01 5.314811129168006687e-02 5.122914875450975680e-01 5.409079651876079753e-01 5.580784880228069067e-01 9.079094877975696365e-01 2.675477204169912637e-01 3.998467190805220506e-01 9.289677318020331809e-01 9.658938556408585008e-01 7.276978169415304620e-01 4.655892541502925641e-01 3.684882492488903427e-01 6.080961201687455908e-01 3.402851847688836973e-01 0.000000000000000000e+00 5.185484729094574918e-01 9.059195902396133260e-02 4.813386125772930457e-01
4.719121384556551058e-01 7.167821254675235121e-01 2.523900955299890336e-01 4.887719028780421193e-01 5.336195057327545177e-01 7.434650286142359121e-01 9.097208458515591012e-01 6.840612184074452706e-01 4.925518867756362718e-01 4.979134484365062563e-01 5.801194973314840464e-01 6.153766442174950502e-01 5.100562228266972697e-01 5.952084284161502925e-01 3.395729257498073528e-01 5.555234532368729106e-01 5.804127503372724650e-01 1.107260590971661518e-01 8.554135720700020151e-01 8.902527685334431506e-01 4.060301025491012128e-01 5.718785590874930769e-01 5.810778494943584782e-01 5.778993824043248129e-01 2.063295798226771338e-01 6.664096690948910773e-01 9.521203731573835150e-02 6.427076914111293782e-01 1.965597464384838400e-01 6.785576553584071746e-01 7.829633743822250747e-02 5.185484729094574918e-01 0.000000000000000000e+00 2.303930500804462489e-01 2.751521816286395805e-01
4.854915020395395020e-01 3.679274188098936582e-01 6.499785343031230234e-01 5.182287582175646445e-01 5.027541202033396495e-01 7.787252289370928393e-01 2.491213813682725542e-01 4.263852266785914669e-01 3.450336569667999953e-01 7.059132005689718881e-01 4.374414449511278558e-01 3.378136971947139355e-01 9.050730115563100364e-01 3.888048388553026480e-01 7.276588997909776424e-01 4.891110022647440769e-01 8.707998560444510927e-01 4.160975884399397140e-01 1.870836782186967584e-01 4.537872724619659848e-01 4.521909387468532326e-01 3.206324472066579556e-01 9.566747005721626396e-01 2.213471914609817515e-01 6.297101547646661857e-01 8.695782475961337799e-01 5.955638409203505290e-01 8.543605576194331919e-01 3.991346889619925564e-01 2.824176327789371665e-01 3.347522420481987560e-01 9.059195902396133260e-02 2.303930500804462489e-01 0.000000000000000000e+00 7.476902077826712567e-01
5.538815090825871534e-01 6.094119723422199986e-01 3.798943066819623349e-01 4.438397407389020333e-01 5.190473526837939833e-01 3.009833985637274112e-01 3.819159542754086978e-01 3.633415831306329169e-01 5.894942192272127901e-01 6.961008185398079862e-01 1.581954371213696309e-01 8.890202904189297151e-01 7.355160374171072490e-01 8.398697021195489221e-02 2.607702632197045900e-01 5.190475061691836034e-01 5.056712275949073465e-01 9.340703353122241648e-01 6.423829792194115651e-01 3.507841145049250819e-02 3.481267227328840863e-01 3.003625455082015172e-01 6.485382895524940405e-01 3.990973476336662773e-01 7.384293370092722686e-01 5.180977614361480521e-01 4.002250188437538880e-01 6.522929865619748746e-01 5.950945544799051135e-01 8.027996585949850328e-01 4.291719065728717419e-01 4.813386125772930457e-01 2.751521816286395805e-01 7.476902077826712567e-01 0.000000000000000000e+00
