0.000000000000000000e+00 4.478675651080729625e-01 3.996959968654619777e-01 7.372495903393491146e-01 4.864637324008627139e-01 8.630335100399697534e-01 8.248429612443651804e-01 4.796257830565466285e-01 7.575965192524733993e-01 6.968306430334739732e-01 5.798284513549026853e-01 2.437792013486031473e-01 3.566091685016143931e-01 3.929496844082660534e-01 2.361399155722452847e-01 4.611222840855797034e-01 4.749389500891695315e-01 7.818224657157386570e-01 7.524357904690054388e-01 6.853131933700329359e-01 8.072061759751887333e-01 6.913938537171020471e-01 6.993079554009120624e-01 4.579193458431437547e-01 2.629785825113695186e-02 4.247652194703155359e-01 7.537629151210869516e-01 4.335684782027703355e-01 4.948903639041323244e-01 7.215594233128397317e-01 8.712193157802650134e-01 5.649583207584218947e-01 1.893829011301033649e-01 1.599026462523636116e-01 7.068035098497235102e-01
4.478675651080729625e-01 0.000000000000000000e+00 7.090220656144594624e-01 4.661783869168318328e-01 8.246245438130458405e-01 4.759471665448380961e-01 7.592036059766413825e-01 5.936028659152456921e-01 6.314552552903234250e-01 5.221573943468014178e-01 3.649939066711560542e-02 4.230538779383267722e-01 8.823961376049024308e-01 5.579581544524030434e-01 3.269859737352083240e-01 4.412529557279927794e-01 5.212972712550000276e-01 3.970642179678396944e-01 8.638328056025685875e-01 4.507455916842326160e-01 7.144304613739189680e-01 5.208257836599556878e-01 7.474288332428227211e-01 8.581903867482149062e-01 7.175477777757222064e-01 7.330274108556906754e-01 4.151205479675499355e-01 7.524692418098054558e-01 1.770132061198899098e-01 3.159594320657613808e-01 8.077367157491119887e-01 6.362068291012075161e-01 5.857167714188961094e-01 8.734353541309068936e-01 6.690583177912245993e-01
3.996959968654619777e-01 7.090220656144594624e-01 0.000000000000000000e+00 1.923241875723401551e-01 8.799502441824196275e-01 4.961697797737579241e-01 8.109012669119323169e-01 2.835783669349972169e-01 5.061493308893115772e-01 5.889203363659720747e-01 3.178127060828426220e-01 7.567695588387455263e-01 6.779650751583435886e-01 5.185682178365184081e-01 2.727935758895512208e-01 6.253623126604503923e-01 6.906496424782202492e-01 9.539473083691933919e-01 4.018803340774806387e-01 6.011809724772245733e-01 4.244370221479738525e-01 4.885197499220423900e-01 4.361927379670528793e-01 1.233551264743666387e-01 1.899448274044671647e-01 7.242668980684719982e-01 6.423676475991463297e-01 3.529652100821130123e-01 4.336187109976165632e-01 7.055475166839207946e-01 8.562526423033467449e-01 9.095880064816157518e-01 8.789574499557766263e-01 7.705860418994980865e-01 8.290724006359604381e-01
7.372495903393491146e-01 4.661783869168318328e-01 1.923241875723401551e-01 0.000000000000000000e+00 5.038962464001754959e-01 6.026265981926457460e-01 7.833745694900997592e-01 7.958309833498886654e-01 7.943061109719290469e-01 6.721673246053330164e-01 4.513301880055999304e-01 8.558781021773849140e-01 5.521154037023261463e-01 4.286573050425803166e-01 8.135390595771645472e-01 4.041989494926158111e-01 3.922414151860768028e-01 3.477913857288195687e-01 5.603524341089471950e-01 3.912616806581369899e-01 6.847163722810130082e-01 3.008201256330318984e-01 3.569495365899280626e-01 7.870253499181818491e-01 1.819601697420025754e-01 6.884828419029780378e-01 3.900259847856830664e-01 5.313438531372396412e-01 8.731709777038745290e-01 5.304913156072532665e-01 8.592361547198648086e-01 8.795624341076753172e-01 4.731908836371800375e-01 7.536931700760822750e-01 1.445777835191387473e-01
4.864637324008627139e-01 8.246245438130458405e-01 8.799502441824196275e-01 5.038962464001754959e-01 0.000000000000000000e+00 5.697515166709101742e-01 3.551050379641345067e-01 4.255769006690404699e-01 5.572178046841520516e-01 7.647758703822278292e-01 8.224798288194233864e-01 7.099968818740309828e-01 7.436569514161586181e-01 2.203508553734286890e-01 2.367223881094191462e-01 4.385668490086275795e-01 8.176703215237453026e-01 2.968377591905638768e-01 4.278119854943585043e-01 3.509425879720466379e-01 6.423341897483367813e-01 2.988983752006210137e-01 5.246341515473321726e-01 6.654797345603469250e-01 3.873346880676855064e-01 7.452134547780522311e-01 5.118269087581842625e-01 8.150690135457130392e-01 6.571489192659123457e-01 6.889962839554213403e-01 7.791808208536976643e-01 3.153069263043458692e-01 7.436727903067353873e-01 7.628332231915364581e-01 3.908270044968231716e-01
8.630335100399697534e-01 4.759471665448380961e-01 4.961697797737579241e-01 6.026265981926457460e-01 5.697515166709101742e-01 0.000000000000000000e+00 8.198789232492128543e-01 2.634380757804260509e-01 4.963659553545741177e-01 5.697395851563811231e-01 3.884139081460578069e-01 9.198150622712515379e-01 4.059699721284960594e-01 7.625486654370434714e-01 8.295838271338074055e-01 4.732086212149944071e-02 3.899614575319516052e-01 7.811112894736171874e-01 4.329780621764495740e-01 7.000819273166933865e-01 6.530757616806592836e-01 6.626532488355010297e-01 5.690680060430780562e-01 7.929736322396541137e-01 3.085706844079444400e-01 6.978738113342672911e-01 5.799557584784682529e-01 7.575733061474330121e-01 8.281862002466067185e-01 8.213326177042754583e-01 4.887446937147305603e-01 3.974671334218330410e-01 8.022300485723727892e-01 5.198692566235492141e-01 7.408086732640436489e-01
8.248429612443651804e-01 7.592036059766413825e-01 8.109012669119323169e-01 7.833745694900997592e-01 3.551050379641345067e-01 8.198789232492128543e-01 0.000000000000000000e+00 8.913506406369466895e-01 8.894630525514996000e-02 7.215841960920892362e-01 6.041153188988775957e-01 2.925324321188597643e-01 9.712165500634675208e-01 3.436118835591961407e-01 8.853181674520600453e-01 7.977590141824679737e-01 4.884300561139817698e-01 6.886492621269254544e-01 4.653763508957130535e-01 7.283984666575091804e-01 4.878339784676701818e-01 6.254709444840832466e-01 5.412594400926993288e-01 4.117166688211319481e-01 6.328727177624540179e-01 7.549491665763976567e-01 8.303130066474642135e-01 6.113785204525123973e-01 2.528458910544595373e-01 4.397962571547913702e-01 4.235352037313362406e-01 8.023492559864471296e-01 6.703687140421344948e-01 7.533393087108362085e-01 8.161944756138589385e-01
4.796257830565466285e-01 5.936028659152456921e-01 2.835783669349972169e-01 7.958309833498886654e-01 4.255769006690404699e-01 2.634380757804260509e-01 8.913506406369466895e-01 0.000000000000000000e+00 9.743743821757668844e-01 5.132252084004397252e-01 4.156311574628077099e-01 4.217543669995008626e-01 5.259962786166412219e-01 3.153971333823819556e-01 4.112398953739148655e-01 5.757467738901673737e-01 7.325711334926157114e-01 6.433501924098377067e-01 5.113554869782153123e-01 4.645806451159805173e-01 3.351217103212290604e-01 6.838184146992122292e-01 6.422088435880827229e-01 4.497913948189202760e-01 7.636513853941746532e-01 3.351989890093890478e-01 7.063544031293575998e-01 8.787232256404546860e-01 4.059470593903814484e-01 9.402324573355715920e-01 5.714118053690634413e-01 4.458970747255104339e-01 3.551542951162388606e-01 8.312761431328169470e-01 5.808637546176176336e-01
7.575965192524733993e-01 6.314552552903234250e-01 5.061493308893115772e-01 7.943061109719290469e-01 5.572178046841520516e-01 4.963659553545741177e-01 8.894630525514996000e-02 9.743743821757668844e-01 0.000000000000000000e+00 4.000386555366405861e-01 5.639560499136792027e-01 6.518009148577046385e-01 6.035251872913443005e-01 8.136138569718924796e-01 5.357379009138444337e-01 4.434814945074286308e-01 7.061262043545775136e-01 4.775847459272393181e-01 6.383065952735105242e-01 7.611391105595772810e-01 1.877847453087642116e-01 4.239241166385191439e-01 5.267275509349165219e-01 2.567102239281925380e-01 5.516019545669083035e-01 4.596575974341776116e-01 6.070975805900917788e-01 4.811653268889150570e-01 7.227853456814871125e-01 4.177802038267852125e-01 8.610357847441949541e-01 7.106284011693924096e-01 6.878961028461757499e-01 5.948435442594761646e-01 5.378850254790638052e-01
6.968306430334739732e-01 5.221573943468014178e-01 5.889203363659720747e-01 6.721673246053330164e-01 7.647758703822278292e-01 5.697395851563811231e-01 7.215841960920892362e-01 5.132252084004397252e-01 4.000386555366405861e-01 0.000000000000000000e+00 6.675901950967597642e-01 2.363746127565110600e-01 6.499635424638887660e-01 4.971498597737362690e-01 8.713394134989557172e-01 7.004899835894714544e-01 2.925792842491479195e-01 8.743333123559169362e-01 7.705809464306934142e-02 5.284494763026315045e-01 4.453226283524754359e-01 1.200116696071584776e-01 7.395170122753559339e-01 9.355132842336982835e-01 7.819547673116715725e-01 4.070125240513938758e-01 5.738694804021287066e-01 5.498948652153252681e-01 6.770564373595407970e-01 3.199408451406472453e-01 5.497758039455737933e-01 4.185764738141188879e-01 7.412208967880642430e-01 6.139801109105965660e-01 4.991344989221006001e-01
5.798284513549026853e-01 3.649939066711560542e-02 3.178127060828426220e-01 4.513301880055999304e-01 8.224798288194233864e-01 3.884139081460578069e-01 6.041153188988775957e-01 4.156311574628077099e-01 5.639560499136792027e-01 6.675901950967597642e-01 0.000000000000000000e+00 6.838894328770246389e-01 4.587516900889302973e-01 3.684351610095357721e-01 8.211294912411222224e-01 7.320885139311246181e-01 2.598779615674832733e-01 8.764509001036902003e-02 4.934011835637197585e-02 4.129985384722472119e-01 9.132926229771467508e-01 7.656547874391689268e-01 2.076305803124652849e-01 3.103122227039313841e-01 7.911923259101292238e-01 6.690643316925978246e-01 7.854028434620303756e-01 7.330105218217297658e-01 8.553644550223755694e-01 4.877282195064239212e-01 4.806417071920578432e-01 8.498664726001095016e-01 8.019011881018247578e-01 7.408332485848876381e-01 8.297095467854370687e-01
2.437792013486031473e-01 4.230538779383267722e-01 7.567695588387455263e-01 8.558781021773849140e-01 7.099968818740309828e-01 9.198150622712515379e-01 2.925324321188597643e-01 4.217543669995008626e-01 6.518009148577046385e-01 2.363746127565110600e-01 6.838894328770246389e-01 0.000000000000000000e+00 4.471639095212320836e-01 5.659831552315588432e-01 3.744289514219157344e-01 6.599834098913572866e-01 8.227597962572380519e-01 3.981128272505977672e-01 3.504920890593897775e-01 6.264434201854616191e-01 4.523773363820320359e-01 5.383673415524108385e-01 4.019337855437616902e-01 9.268888405048506529e-01 5.587147526293201327e-01 4.606868287645701776e-01 2.601372736849354439e-01 2.662248153433369735e-01 1.391430507207158662e-01 3.193908789324571007e-01 5.226954152776761564e-01 4.092593304369431806e-01 2.739645756511280839e-01 8.773194413947167369e-01 2.468615990558397089e-01
3.566091685016143931e-01 8.823961376049024308e-01 6.779650751583435886e-01 5.521154037023261463e-01 7.436569514161586181e-01 4.059699721284960594e-01 9.712165500634675208e-01 5.259962786166412219e-01 6.035251872913443005e-01 6.499635424638887660e-01 4.587516900889302973e-01 4.471639095212320836e-01 0.000000000000000000e+00 5.054947834848412258e-01 6.653075755824805482e-01 5.143432727478397526e-01 5.609806101466823236e-01 6.268073247298329154e-01 8.523667008456976557e-01 9.151454857017163880e-01 5.298314162481109202e-01 4.573006763062447688e-01 6.055902315010033288e-01 2.230057609751328052e-01 7.428065202570615089e-01 5.898870780730414154e-01 8.488097633105924356e-01 8.086146433261316435e-01 2.091892229683030013e-01 7.974653196150268686e-01 8.466323021543430416e-01 1.758716478345433432e-01 6.350827749521371635e-01 8.053185801369076025e-01 6.037866952922266162e-01
3.929496844082660534e-01 5.579581544524030434e-01 5.185682178365184081e-01 4.286573050425803166e-01 2.203508553734286890e-01 7.625486654370434714e-01 3.436118835591961407e-01 3.153971333823819556e-01 8.136138569718924796e-01 4.971498597737362690e-01 3.684351610095357721e-01 5.659831552315588432e-01 5.054947834848412258e-01 0.000000000000000000e+00 2.947893287056054246e-01 5.815180604596329461e-01 2.666440711071444980e-01 9.241130313236207705e-01 2.135732965689330909e-01 6.404396126784905885e-01 4.857900550305379039e-01 2.675968376985102815e-01 7.705867624471633981e-01 6.613758904251061388e-01 7.449562489319736525e-01 8.562007143763630257e-01 4.664161241549178438e-01 7.018694375377770855e-01 6.106080331750736168e-01 8.532304165813262564e-01 6.887099782875372167e-01 3.230753992064358537e-01 5.362382573162147725e-01 4.049034697182096743e-01 2.475375401702972211e-01
2.361399155722452847e-01 3.269859737352083240e-01 2.727935758895512208e-01 8.135390595771645472e-01 2.367223881094191462e-01 8.295838271338074055e-01 8.853181674520600453e-01 4.112398953739148655e-01 5.357379009138444337e-01 8.713394134989557172e-01 8.211294912411222224e-01 3.744289514219157344e-01 6.653075755824805482e-01 2.947893287056054246e-01 0.000000000000000000e+00 5.827311585848249376e-01 6.852914394356550698e-01 4.119480467391150591e-01 2.581229080346214566e-01 8.486761904307416060e-01 4.628000439256718668e-01 3.837022877114377728e-01 5.213844485982196408e-01 7.947725414052213555e-01 8.258519404103060735e-01 6.459575633494799574e-01 7.603340743608104635e-01 7.963429437943170264e-02 4.760730166059052304e-01 8.143977340442941637e-01 5.191295238706628012e-01 4.909731557425687232e-01 7.229126747235818939e-01 4.334059657226234097e-01 4.409842459117877533e-01
4.611222840855797034e-01 4.412529557279927794e-01 6.253623126604503923e-01 4.041989494926158111e-01 4.385668490086275795e-01 4.732086212149944071e-02 7.977590141824679737e-01 5.757467738901673737e-01 4.434814945074286308e-01 7.004899835894714544e-01 7.320885139311246181e-01 6.599834098913572866e-01 5.143432727478397526e-01 5.815180604596329461e-01 5.827311585848249376e-01 0.000000000000000000e+00 7.332549637762695305e-01 6.678489503639633007e-01 7.334484891902093295e-01 7.286761408938011719e-01 6.390552608657344980e-01 4.611839109011293125e-01 4.818776350220987381e-01 7.150222314242233868e-01 2.741842030763678162e-01 5.505025970437207317e-01 6.688683643343573682e-02 3.053658285125910310e-01 7.663022918931861049e-01 5.756042638115927979e-01 3.368278754652995199e-01 7.991526217010109789e-01 3.947544978829401474e-01 4.679161992721375674e-01 5.371201015941777790e-01
4.749389500891695315e-01 5.212972712550000276e-01 6.906496424782202492e-01 3.922414151860768028e-01 8.176703215237453026e-01 3.899614575319516052e-01 4.884300561139817698e-01 7.325711334926157114e-01 7.061262043545775136e-01 2.925792842491479195e-01 2.598779615674832733e-01 8.227597962572380519e-01 5.609806101466823236e-01 2.666440711071444980e-01 6.852914394356550698e-01 7.332549637762695305e-01 0.000000000000000000e+00 7.125507222256723949e-01 3.843142436695823339e-02 4.804603748717109490e-01 7.382216800970478054e-01 7.447190992213883476e-01 3.685925077052452092e-01 4.082173815602789801e-01 8.872377212382742684e-01 5.006482131856231366e-01 4.833959404734465837e-01 5.357268279142146650e-01 4.671348983766181462e-01 4.471628691500575403e-01 4.486376835354451420e-01 7.944827675337642336e-01 5.877662553104523457e-01 1.404048969013560466e-02 3.793427678424009519e-01
7.818224657157386570e-01 3.970642179678396944e-01 9.539473083691933919e-01 3.477913857288195687e-01 2.968377591905638768e-01 7.811112894736171874e-01 6.886492621269254544e-01 6.433501924098377067e-01 4.775847459272393181e-01 8.743333123559169362e-01 8.764509001036902003e-02 3.981128272505977672e-01 6.268073247298329154e-01 9.241130313236207705e-01 4.119480467391150591e-01 6.678489503639633007e-01 7.125507222256723949e-01 0.000000000000000000e+00 7.579806675366179691e-01 3.148974264616049568e-01 3.895541958035484975e-01 6.963679421457755758e-01 6.336173451927205047e-01 4.677656411712231010e-01 4.301031716384524639e-01 4.479582475521646789e-01 4.189142680705935096e-01 6.113545589078308584e-01 6.358420078201816317e-01 7.400477123750919262e-01 6.129960101528647565e-01 6.575479686441514371e-01 4.761348659959763197e-01 4.978139490100667586e-01 5.498208608032355560e-01
7.524357904690054388e-01 8.638328056025685875e-01 4.018803340774806387e-01 5.603524341089471950e-01 4.278119854943585043e-01 4.329780621764495740e-01 4.653763508957130535e-01 5.113554869782153123e-01 6.383065952735105242e-01 7.705809464306934142e-02 4.934011835637197585e-02 3.504920890593897775e-01 8.523667008456976557e-01 2.135732965689330909e-01 2.581229080346214566e-01 7.334484891902093295e-01 3.843142436695823339e-02 7.579806675366179691e-01 0.000000000000000000e+00 3.314796950013499943e-01 6.230930116475783542e-01 8.904052559399303624e-01 4.163372467478136940e-01 5.853855251239615809e-01 4.984399591013254915e-01 7.598062390932098786e-01 7.324381263169271739e-01 4.898179139722539377e-01 3.276534259829908535e-01 5.093134179102536407e-01 5.157432961825357820e-01 4.745528112128807874e-01 4.164488621209961883e-01 6.097717037382603955e-01 8.703373921314979667e-01
6.853131933700329359e-01 4.507455916842326160e-01 6.011809724772245733e-01 3.912616806581369899e-01 3.509425879720466379e-01 7.000819273166933865e-01 7.283984666575091804e-01 4.645806451159805173e-01 7.611391105595772810e-01 5.284494763026315045e-01 4.129985384722472119e-01 6.264434201854616191e-01 9.151454857017163880e-01 6.404396126784905885e-01 8.486761904307416060e-01 7.286761408938011719e-01 4.804603748717109490e-01 3.148974264616049568e-01 3.314796950013499943e-01 0.000000000000000000e+00 5.791723743905172750e-01 9.298340278175128981e-01 2.880667167778303006e-01 2.763531463292581147e-01 6.192332581204128550e-01 7.281254873784390735e-01 4.924517778767742437e-01 2.876269080993055782e-01 1.208462011837424521e-01 2.526698660214897196e-01 1.839836719607002014e-01 9.292312959152448926e-01 5.881027965945748726e-01 4.253217040275992789e-01 4.563015172352428150e-01
8.072061759751887333e-01 7.144304613739189680e-01 4.244370221479738525e-01 6.847163722810130082e-01 6.423341897483367813e-01 6.530757616806592836e-01 4.878339784676701818e-01 3.351217103212290604e-01 1.877847453087642116e-01 4.453226283524754359e-01 9.132926229771467508e-01 4.523773363820320359e-01 5.298314162481109202e-01 4.857900550305379039e-01 4.628000439256718668e-01 6.390552608657344980e-01 7.382216800970478054e-01 3.895541958035484975e-01 6.230930116475783542e-01 5.791723743905172750e-01 0.000000000000000000e+00 8.231270065969723548e-01 5.681760345535576961e-01 7.335358929128381611e-01 7.684404951478165380e-01 2.772944310295397674e-01 2.270882087157805596e-01 5.869335241646194135e-01 2.709110973107911047e-01 5.394101247032736524e-01 6.013284784769421520e-01 3.568209065295570026e-01 2.334195436959400072e-01 3.423055421953902777e-01 2.784751038951218671e-01
6.913938537171020471e-01 5.208257836599556878e-01 4.885197499220423900e-01 3.008201256330318984e-01 2.988983752006210137e-01 6.626532488355010297e-01 6.254709444840832466e-01 6.838184146992122292e-01 4.239241166385191439e-01 1.200116696071584776e-01 7.656547874391689268e-01 5.383673415524108385e-01 4.573006763062447688e-01 2.675968376985102815e-01 3.837022877114377728e-01 4.611839109011293125e-01 7.447190992213883476e-01 6.963679421457755758e-01 8.904052559399303624e-01 9.298340278175128981e-01 8.231270065969723548e-01 0.000000000000000000e+00 4.999582439591801486e-01 5.717558365917116969e-01 8.149725314722752190e-01 6.216626777857776620e-01 1.080113686751872359e-01 4.828885787571094435e-01 4.972208955663265373e-01 7.601077265772898661e-01 5.495906762132742873e-01 8.925501724313729124e-01 8.731023770869925649e-01 8.060985717593212030e-01 5.506801547659322393e-01
6.993079554009120624e-01 7.474288332428227211e-01 4.361927379670528793e-01 3.569495365899280626e-01 5.246341515473321726e-01 5.690680060430780562e-01 5.412594400926993288e-01 6.422088435880827229e-01 5.267275509349165219e-01 7.395170122753559339e-01 2.076305803124652849e-01 4.019337855437616902e-01 6.055902315010033288e-01 7.705867624471633981e-01 5.213844485982196408e-01 4.818776350220987381e-01 3.685925077052452092e-01 6.336173451927205047e-01 4.163372467478136940e-01 2.880667167778303006e-01 5.681760345535576961e-01 4.999582439591801486e-01 0.000000000000000000e+00 4.689298311441499334e-01 5.047492675241187499e-01 5.727575283711205945e-01 6.763536354923256333e-01 3.223393615171867843e-01 6.764879241185273173e-02 4.704363855407911466e-01 6.902236604224525340e-01 8.961978532459291547e-01 4.268596976700773649e-01 2.514061758236918465e-01 8.049365420637836221e-01
4.579193458431437547e-01 8.581903867482149062e-01 1.233551264743666387e-01 7.870253499181818491e-01 6.654797345603469250e-01 7.929736322396541137e-01 4.117166688211319481e-01 4.497913948189202760e-01 2.567102239281925380e-01 9.355132842336982835e-01 3.103122227039313841e-01 9.268888405048506529e-01 2.230057609751328052e-01 6.613758904251061388e-01 7.947725414052213555e-01 7.150222314242233868e-01 4.082173815602789801e-01 4.677656411712231010e-01 5.853855251239615809e-01 2.763531463292581147e-01 7.335358929128381611e-01 5.717558365917116969e-01 4.689298311441499334e-01 0.000000000000000000e+00 7.023219894432251031e-01 7.054981483521330921e-01 2.004885811441173837e-01 4.510565295657977258e-01 8.206060043862217768e-01 8.728719246018424860e-01 8.007043418257646650e-01 5.369448265549974231e-01 8.160149179838357414e-01 7.209076908101752501e-01 3.173078109371829103e-01
2.629785825113695186e-02 7.175477777757222064e-01 1.899448274044671647e-01 1.819601697420025754e-01 3.873346880676855064e-01 3.085706844079444400e-01 6.328727177624540179e-01 7.636513853941746532e-01 5.516019545669083035e-01 7.819547673116715725e-01 7.911923259101292238e-01 5.587147526293201327e-01 7.428065202570615089e-01 7.449562489319736525e-01 8.258519404103060735e-01 2.741842030763678162e-01 8.872377212382742684e-01 4.301031716384524639e-01 4.984399591013254915e-01 6.192332581204128550e-01 7.684404951478165380e-01 8.149725314722752190e-01 5.047492675241187499e-01 7.023219894432251031e-01 0.000000000000000000e+00 4.168180962495800501e-01 4.374081564736904681e-01 5.977273512849203829e-01 5.800383757083382719e-02 2.280107180867468886e-01 2.927746213574203282e-01 5.327981194656949970e-01 5.516960897551959064e-01 6.186886031404539299e-01 4.196048274963953273e-01
4.247652194703155359e-01 7.330274108556906754e-01 7.242668980684719982e-01 6.884828419029780378e-01 7.452134547780522311e-01 6.978738113342672911e-01 7.549491665763976567e-01 3.351989890093890478e-01 4.596575974341776116e-01 4.070125240513938758e-01 6.690643316925978246e-01 4.606868287645701776e-01 5.898870780730414154e-01 8.562007143763630257e-01 6.459575633494799574e-01 5.505025970437207317e-01 5.006482131856231366e-01 4.479582475521646789e-01 7.598062390932098786e-01 7.281254873784390735e-01 2.772944310295397674e-01 6.216626777857776620e-01 5.727575283711205945e-01 7.054981483521330921e-01 4.168180962495800501e-01 0.000000000000000000e+00 6.674258482892132527e-01 4.611376779104184864e-01 4.680765824730481195e-01 2.555329706778642351e-01 8.971821208788199886e-01 9.385025072760395659e-01 4.859661368309391438e-01 5.412296929399471601e-01 5.048570042450197803e-01
7.537629151210869516e-01 4.151205479675499355e-01 6.423676475991463297e-01 3.900259847856830664e-01 5.118269087581842625e-01 5.799557584784682529e-01 8.303130066474642135e-01 7.063544031293575998e-01 6.070975805900917788e-01 5.738694804021287066e-01 7.854028434620303756e-01 2.601372736849354439e-01 8.488097633105924356e-01 4.664161241549178438e-01 7.603340743608104635e-01 6.688683643343573682e-02 4.833959404734465837e-01 4.189142680705935096e-01 7.324381263169271739e-01 4.924517778767742437e-01 2.270882087157805596e-01 1.080113686751872359e-01 6.763536354923256333e-01 2.004885811441173837e-01 4.374081564736904681e-01 6.674258482892132527e-01 0.000000000000000000e+00 6.066752205088439265e-01 6.078545268283495062e-01 5.559322253102985112e-01 2.054081586676295146e-01 4.743883879677241455e-01 5.073646530918145547e-01 4.602285154994359972e-01 8.120742968883409851e-02
4.335684782027703355e-01 7.524692418098054558e-01 3.529652100821130123e-01 5.313438531372396412e-01 8.150690135457130392e-01 7.575733061474330121e-01 6.113785204525123973e-01 8.787232256404546860e-01 4.811653268889150570e-01 5.498948652153252681e-01 7.330105218217297658e-01 2.662248153433369735e-01 8.086146433261316435e-01 7.018694375377770855e-01 7.963429437943170264e-02 3.053658285125910310e-01 5.357268279142146650e-01 6.113545589078308584e-01 4.898179139722539377e-01 2.876269080993055782e-01 5.869335241646194135e-01 4.828885787571094435e-01 3.223393615171867843e-01 4.510565295657977258e-01 5.977273512849203829e-01 4.611376779104184864e-01 6.066752205088439265e-01 0.000000000000000000e+00 4.240937961954639457e-01 4.909381201005117434e-01 7.365597767988174560e-01 3.914142720426616040e-01 3.972293980054181772e-01 4.732460535407896352e-01 4.392338014961318371e-01
4.948903639041323244e-01 1.770132061198899098e-01 4.336187109976165632e-01 8.731709777038745290e-01 6.571489192659123457e-01 8.281862002466067185e-01 2.528458910544595373e-01 4.059470593903814484e-01 7.227853456814871125e-01 6.770564373595407970e-01 8.553644550223755694e-01 1.391430507207158662e-01 2.091892229683030013e-01 6.106080331750736168e-01 4.760730166059052304e-01 7.663022918931861049e-01 4.671348983766181462e-01 6.358420078201816317e-01 3.276534259829908535e-01 1.208462011837424521e-01 2.709110973107911047e-01 4.972208955663265373e-01 6.764879241185273173e-02 8.206060043862217768e-01 5.800383757083382719e-02 4.680765824730481195e-01 6.078545268283495062e-01 4.240937961954639457e-01 0.000000000000000000e+00 7.539981379889177937e-01 8.479229732482271853e-01 4.065615821240085581e-01 3.745356923395135040e-01 4.427852200153792328e-02 6.861910048622783531e-01
7.215594233128397317e-01 3.159594320657613808e-01 7.055475166839207946e-01 5.304913156072532665e-01 6.889962839554213403e-01 8.213326177042754583e-01 4.397962571547913702e-01 9.402324573355715920e-01 4.177802038267852125e-01 3.199408451406472453e-01 4.877282195064239212e-01 3.193908789324571007e-01 7.974653196150268686e-01 8.532304165813262564e-01 8.143977340442941637e-01 5.756042638115927979e-01 4.471628691500575403e-01 7.400477123750919262e-01 5.093134179102536407e-01 2.526698660214897196e-01 5.394101247032736524e-01 7.601077265772898661e-01 4.704363855407911466e-01 8.728719246018424860e-01 2.280107180867468886e-01 2.555329706778642351e-01 5.559322253102985112e-01 4.909381201005117434e-01 7.539981379889177937e-01 0.000000000000000000e+00 4.482120958173603231e-01 2.564973945633176600e-01 6.905720543296691716e-01 6.027369235435320327e-01 7.530456258298263705e-01
8.712193157802650134e-01 8.077367157491119887e-01 8.562526423033467449e-01 8.592361547198648086e-01 7.791808208536976643e-01 4.887446937147305603e-01 4.235352037313362406e-01 5.714118053690634413e-01 8.610357847441949541e-01 5.497758039455737933e-01 4.806417071920578432e-01 5.226954152776761564e-01 8.466323021543430416e-01 6.887099782875372167e-01 5.191295238706628012e-01 3.368278754652995199e-01 4.486376835354451420e-01 6.129960101528647565e-01 5.157432961825357820e-01 1.839836719607002014e-01 6.013284784769421520e-01 5.495906762132742873e-01 6.902236604224525340e-01 8.007043418257646650e-01 2.927746213574203282e-01 8.971821208788199886e-01 2.054081586676295146e-01 7.365597767988174560e-01 8.479229732482271853e-01 4.482120958173603231e-01 0.000000000000000000e+00 8.470167355463350534e-01 7.788790628869202148e-01 1.575493896259059223e-01 4.712712665751931373e-01
5.649583207584218947e-01 6.362068291012075161e-01 9.095880064816157518e-01 8.795624341076753172e-01 3.153069263043458692e-01 3.974671334218330410e-01 8.023492559864471296e-01 4.458970747255104339e-01 7.106284011693924096e-01 4.185764738141188879e-01 8.498664726001095016e-01 4.092593304369431806e-01 1.758716478345433432e-01 3.230753992064358537e-01 4.909731557425687232e-01 7.991526217010109789e-01 7.944827675337642336e-01 6.575479686441514371e-01 4.745528112128807874e-01 9.292312959152448926e-01 3.568209065295570026e-01 8.925501724313729124e-01 8.961978532459291547e-01 5.369448265549974231e-01 5.327981194656949970e-01 9.385025072760395659e-01 4.743883879677241455e-01 3.914142720426616040e-01 4.065615821240085581e-01 2.564973945633176600e-01 8.470167355463350534e-01 0.000000000000000000e+00 3.073957901616368726e-01 8.880298847390393213e-01 7.439997931672528431e-01
1.893829011301033649e-01 5.857167714188961094e-01 8.789574499557766263e-01 4.731908836371800375e-01 7.436727903067353873e-01 8.022300485723727892e-01 6.703687140421344948e-01 3.551542951162388606e-01 6.878961028461757499e-01 7.412208967880642430e-01 8.019011881018247578e-01 2.739645756511280839e-01 6.350827749521371635e-01 5.362382573162147725e-01 7.229126747235818939e-01 3.947544978829401474e-01 5.877662553104523457e-01 4.761348659959763197e-01 4.164488621209961883e-01 5.881027965945748726e-01 2.334195436959400072e-01 8.731023770869925649e-01 4.268596976700773649e-01 8.160149179838357414e-01 5.516960897551959064e-01 4.859661368309391438e-01 5.073646530918145547e-01 3.972293980054181772e-01 3.745356923395135040e-01 6.905720543296691716e-01 7.788790628869202148e-01 3.073957901616368726e-01 0.000000000000000000e+00 2.985428812337818094e-01 4.429837404972314374e-01
1.599026462523636116e-01 8.734353541309068936e-01 7.705860418994980865e-01 7.536931700760822750e-01 7.628332231915364581e-01 5.198692566235492141e-01 7.533393087108362085e-01 8.312761431328169470e-01 5.948435442594761646e-01 6.139801109105965660e-01 7.408332485848876381e-01 8.773194413947167369e-01 8.053185801369076025e-01 4.049034697182096743e-01 4.334059657226234097e-01 4.679161992721375674e-01 1.404048969013560466e-02 4.978139490100667586e-01 6.097717037382603955e-01 4.253217040275992789e-01 3.423055421953902777e-01 8.060985717593212030e-01 2.514061758236918465e-01 7.209076908101752501e-01 6.186886031404539299e-01 5.412296929399471601e-01 4.602285154994359972e-01 4.732460535407896352e-01 4.427852200153792328e-02 6.027369235435320327e-01 1.575493896259059223e-01 8.880298847390393213e-01 2.985428812337818094e-01 0.000000000000000000e+00 7.277831916655528310e-01
7.068035098497235102e-01 6.690583177912245993e-01 8.290724006359604381e-01 1.445777835191387473e-01 3.908270044968231716e-01 7.408086732640436489e-01 8.161944756138589385e-01 5.808637546176176336e-01 5.378850254790638052e-01 4.991344989221006001e-01 8.297095467854370687e-01 2.468615990558397089e-01 6.037866952922266162e-01 2.475375401702972211e-01 4.409842459117877533e-01 5.371201015941777790e-01 3.793427678424009519e-01 5.498208608032355560e-01 8.703373921314979667e-01 4.563015172352428150e-01 2.784751038951218671e-01 5.506801547659322393e-01 8.049365420637836221e-01 3.173078109371829103e-01 4.196048274963953273e-01 5.048570042450197803e-01 8.120742968883409851e-02 4.392338014961318371e-01 6.861910048622783531e-01 7.530456258298263705e-01 4.712712665751931373e-01 7.439997931672528431e-01 4.429837404972314374e-01 7.277831916655528310e-01 0.000000000000000000e+00
