0.000000000000000000e+00 6.575023945330271680e-01 8.506306220323460732e-01 8.649341525638525319e-01 4.660645846754514210e-01 7.709608667048399866e-01 5.646751020294753509e-01 7.007920025007197129e-01 2.410679765112504480e-01 4.674980262045833612e-01 5.897277021506800443e-01 5.150395370820866070e-01 7.492932837977179794e-01 6.667663216690609129e-01 8.652916652293098920e-01 5.438569978731657706e-01 4.677306841179052488e-01 4.308907906527132958e-01 6.956057168693980941e-01 9.358491690195883672e-01 3.847230827856294999e-01 5.433745207633915442e-01 2.400787414506895256e-01 4.316077298243803928e-01 4.029863357963362480e-01 8.276864788107158866e-01 4.355272438675499846e-01 6.981450097441039837e-01 8.490372744035576957e-01 8.394894023714059017e-01 4.358561566536307552e-01 3.370731022140776023e-01 5.066398765715429686e-02 9.133752265619379251e-01 7.749982539362769707e-01
6.575023945330271680e-01 0.000000000000000000e+00 4.797518627568133076e-01 6.519284460637768674e-01 6.127936732938654707e-01 5.498919688719754451e-01 6.113279886109361794e-01 4.992911254553323297e-01 5.016888902685110452e-01 3.804761215205447744e-01 7.839447279638701582e-01 5.141955876570099004e-01 2.990767220411233440e-01 1.879857115589698147e-01 6.737566752277702742e-01 4.875200625473330440e-01 8.504481312818976679e-01 2.460897606151055128e-01 5.499463189254645279e-01 8.607322108016322026e-01 3.729585856952014611e-01 5.973955891029767429e-01 9.370815598837287652e-01 1.372807712550627723e-01 4.996457982960423316e-01 6.680263010713282101e-01 3.719587562578641204e-01 4.605699319008536019e-01 2.560731837818319701e-01 4.517111540631622013e-01 1.680351720148847150e-01 8.655277812751123179e-01 3.692123875450056270e-01 1.893407149677470147e-01 2.507423444910041876e-01
8.506306220323460732e-01 4.797518627568133076e-01 0.000000000000000000e+00 8.493085338229373615e-01 4.428889767487039220e-01 5.802209105684751345e-01 5.086784321755668525e-01 6.877277554621520350e-01 6.786764296188012580e-01 5.310543328100932881e-01 4.234341482083304187e-01 6.842443381572291816e-01 1.416878863512763820e-01 8.433375313635338433e-02 8.561930439826925809e-01 8.108949584476308203e-01 2.068995677278282486e-01 3.595722662599775132e-01 3.865802208469908408e-01 3.525747102340690553e-01 9.060117165049176302e-01 6.501798974790171659e-01 9.650993388226691838e-02 8.085838684132640175e-01 8.078275776571707256e-01 5.212744541280094346e-01 5.051948681685374254e-01 8.396284541748779695e-01 6.652412486552993220e-01 1.252706786881360168e-01 5.016521969407291559e-01 2.922296501974469551e-01 1.925397213018013032e-01 3.492773907706410164e-01 5.392696827531803239e-01
8.649341525638525319e-01 6.519284460637768674e-01 8.493085338229373615e-01 0.000000000000000000e+00 2.184858019753964653e-01 7.449890333675354137e-01 4.039604677405722044e-01 5.294703141330128204e-01 3.081624284810657866e-01 5.006055277609198217e-01 8.568386953165367803e-01 5.031143697120616931e-01 3.710143841058717307e-01 2.325180237936919081e-01 6.243517967241207778e-01 4.960383673576326258e-01 4.540291408467045375e-02 4.610588570186406332e-01 5.105178098420561916e-01 4.888327100650750046e-01 8.412622367789581723e-01 4.243210943061260232e-01 4.494424925555820516e-01 7.465138268255140375e-01 3.292953265289994547e-01 6.607235275252213436e-01 4.338997424948545234e-01 2.016555196368915448e-01 3.833038754906907264e-01 4.259341337681838424e-01 7.757318940400954599e-01 3.880735155644793322e-01 5.620642278126762870e-01 1.491882821544645576e-01 4.941722786835821557e-01
4.660645846754514210e-01 6.127936732938654707e-01 4.428889767487039220e-01 2.184858019753964653e-01 0.000000000000000000e+00 6.992702993353572261e-01 7.663652284766914180e-01 1.451546897470665787e-01 4.910232931081907615e-01 6.660270002719206328e-01 4.510502463529540984e-01 3.189133549086077268e-01 4.721012201245029516e-01 2.227736263559719765e-01 5.649156298594802950e-01 5.553360613156401726e-01 3.504724325374770633e-01 5.375346516776018380e-01 1.453178349684925985e-01 1.984962743389557804e-01 5.955440461582253153e-01 8.250340631187325080e-02 8.522264360299033337e-01 5.817931926148680599e-01 7.589972414871324347e-01 7.144214240957517115e-01 7.690416037741758526e-01 8.367767788408819740e-01 2.073568768350465552e-01 4.121626718728756411e-01 7.000030361608493568e-01 2.809010973873059536e-01 3.014158481381832289e-01 1.496821645231030118e-01 8.115152700788539342e-01
7.709608667048399866e-01 5.498919688719754451e-01 5.802209105684751345e-01 7.449890333675354137e-01 6.992702993353572261e-01 0.000000000000000000e+00 4.998620043605797592e-01 3.154523920016608640e-01 8.585624354265326552e-01 4.555553458452514803e-01 5.019435449324832765e-01 9.392603114693678368e-01 6.180401560715759191e-01 5.478428719796337720e-01 8.644825653775588536e-01 5.539299786824092298e-01 5.649245525998406459e-01 5.684157918733180326e-01 7.746783284718288254e-01 8.324200854098999791e-01 4.504856486579033037e-01 5.506481103323416226e-01 3.850545257897977081e-01 7.770438788326290425e-01 4.124197433632714738e-02 3.382741347388874553e-01 7.684128233831947208e-01 2.005568279372604845e-01 7.358372134595766445e-01 3.752456988922476810e-01 8.078761208915354874e-01 9.071885250819000657e-02 4.979428293376975678e-01 5.089645246807936729e-01 8.298570220231570316e-01
5.646751020294753509e-01 6.113279886109361794e-01 5.086784321755668525e-01 4.039604677405722044e-01 7.663652284766914180e-01 4.998620043605797592e-01 0.000000000000000000e+00 9.322212489935011170e-02 6.919803135299114061e-01 6.848239919516749818e-01 4.092824640359724042e-01 5.206263761425764525e-01 5.029014298539347116e-01 4.840450232434250766e-01 5.341904201088081283e-01 4.493578323163754940e-01 8.983916452117292062e-01 2.908756862796305631e-01 8.335393158703483518e-01 5.924284169160359825e-01 5.483424993858854180e-02 5.055197857240982806e-01 5.799114154775800722e-01 3.777017698372154841e-01 8.618733428430436216e-02 8.811689460574465560e-01 8.860742943811772410e-01 5.255134908220315815e-02 9.548743985880597807e-01 5.879830912325536563e-01 6.892210025573549670e-01 7.906139426126657099e-02 5.653844718116700641e-01 3.905413250936781155e-01 1.240380403113831020e-01
7.007920025007197129e-01 4.992911254553323297e-01 6.877277554621520350e-01 5.294703141330128204e-01 1.451546897470665787e-01 3.154523920016608640e-01 9.322212489935011170e-02 0.000000000000000000e+00 6.271469168747745293e-02 1.927135412662503988e-01 5.439119002987071738e-01 5.780099048046878352e-01 6.633575562225407785e-01 8.915256746593913650e-01 6.770962498899568693e-01 4.046881456787205789e-01 9.094010187711525361e-01 5.052371149962646690e-01 3.333843632474938201e-01 8.136716868608593334e-01 7.600593724518611705e-01 6.967257414343921429e-01 4.681493435810999415e-01 8.989923306944034298e-01 6.327313730736430220e-01 4.513845414719531157e-01 3.164904174005535031e-01 7.866311661662380716e-01 5.110311380778704837e-01 7.395172098697380125e-01 6.213613608593820947e-01 4.244543985471078140e-01 4.374044525131580152e-01 5.513772142642718865e-01 3.555817858085082439e-01
2.410679765112504480e-01 5.016888902685110452e-01 6.786764296188012580e-01 3.081624284810657866e-01 4.910232931081907615e-01 8.585624354265326552e-01 6.919803135299114061e-01 6.271469168747745293e-02 0.000000000000000000e+00 8.139957964016557579e-01 4.823283029046011583e-01 3.881975960692273242e-01 9.582385046352583924e-01 6.351336224103153461e-01 5.694361474769191744e-01 6.500829616732499705e-01 3.520295255767512677e-01 9.271202266675951931e-01 2.335079927935846955e-01 4.999973758579836502e-01 5.299156153214111820e-01 9.443442438355689195e-01 8.583811647623069696e-01 5.741778652557669727e-01 4.202853693800785995e-01 5.404554888663457568e-01 7.413566239004880654e-01 5.423216846988648809e-01 5.278315898002094997e-01 7.326178468459343396e-01 6.307920121454144713e-01 1.149507171760200119e-01 8.611143904452400744e-01 7.475868063847244116e-01 4.062231225024047210e-01
4.674980262045833612e-01 3.804761215205447744e-01 5.310543328100932881e-01 5.006055277609198217e-01 6.660270002719206328e-01 4.555553458452514803e-01 6.848239919516749818e-01 1.927135412662503988e-01 8.139957964016557579e-01 0.000000000000000000e+00 4.928783985921504907e-01 7.387232465508304369e-01 7.798405868909604743e-01 7.034825214884482536e-01 4.022781242033680593e-01 2.473069798781882822e-01 9.313183607599089253e-01 5.159648786029407130e-01 4.592562416430073791e-01 1.483349194275459526e-01 5.281863417131218430e-01 5.448363092073078562e-01 3.047134637111640343e-01 6.127176951753815493e-01 7.524536340173009208e-01 7.785032379932577129e-01 2.299155939224321044e-01 7.288373406638426477e-01 1.128993838487256651e-01 6.205804744255117855e-01 6.437593126831223644e-01 5.679819175741480652e-01 2.757889603302775550e-01 3.582251167368279976e-01 6.276241853833387507e-01
5.897277021506800443e-01 7.839447279638701582e-01 4.234341482083304187e-01 8.568386953165367803e-01 4.510502463529540984e-01 5.019435449324832765e-01 4.092824640359724042e-01 5.439119002987071738e-01 4.823283029046011583e-01 4.928783985921504907e-01 0.000000000000000000e+00 8.824244802798348886e-01 6.057639910015772955e-01 7.465485085857619385e-01 7.217567237985184070e-01 4.803228531438320514e-01 4.829765939198291669e-01 8.223537540388974332e-01 4.340157873603981420e-01 3.062253102116327952e-01 7.865660075766954806e-01 6.648318854081214369e-01 7.477438813369070569e-01 5.013395774754079159e-01 2.944260819437435339e-01 5.385431069587732766e-01 4.397534719652738122e-01 5.139528914781299473e-01 4.911414265558492476e-01 1.615199696119506978e-01 5.476473878754770652e-01 4.933017199325022140e-01 3.743088397640603748e-01 5.288994932262187643e-01 4.948005476409167436e-01
5.150395370820866070e-01 5.141955876570099004e-01 6.842443381572291816e-01 5.031143697120616931e-01 3.189133549086077268e-01 9.392603114693678368e-01 5.206263761425764525e-01 5.780099048046878352e-01 3.881975960692273242e-01 7.387232465508304369e-01 8.824244802798348886e-01 0.000000000000000000e+00 5.309448467221851153e-01 6.764831697637343488e-01 2.612158256753309704e-01 6.777724473815117667e-01 8.722508272568589849e-01 9.677640799981823694e-01 7.407664309484168763e-01 5.319191932354877528e-01 2.781690126824400977e-01 9.644260243163267354e-01 3.581177995776306799e-01 3.070708198821945900e-01 5.571721314883888443e-01 3.885725858612149586e-01 6.586067319480559679e-01 4.576933401294341897e-01 9.207515463199883454e-01 8.673091703831111721e-01 5.209541577502818654e-01 6.524579178985630001e-01 7.681673694307410427e-01 4.662085313445636370e-01 6.329296733942719744e-01
7.492932837977179794e-01 2.990767220411233440e-01 1.416878863512763820e-01 3.710143841058717307e-01 4.721012201245029516e-01 6.180401560715759191e-01 5.029014298539347116e-01 6.633575562225407785e-01 9.582385046352583924e-01 7.798405868909604743e-01 6.057639910015772955e-01 5.309448467221851153e-01 0.000000000000000000e+00 7.654007447696111743e-01 8.224598443625863453e-01 4.839678942756739932e-01 6.776556594694390645e-01 4.875345056191353610e-01 6.640259283376261923e-01 9.066383872108344510e-01 4.745595742015814023e-01 2.393520941205810049e-01 8.199614582906202820e-01 3.656822700024143225e-01 3.325970216477985852e-01 5.591969863941778085e-01 3.147064238266930603e-01 4.085524068764715411e-01 4.061589542706757205e-01 4.688747159329011982e-01 9.430646512125402392e-01 6.503721413698997367e-01 6.668330930968602299e-01 7.848053958059914015e-01 4.261702293952379650e-01
6.667663216690609129e-01 1.879857115589698147e-01 8.433375313635338433e-02 2.325180237936919081e-01 2.227736263559719765e-01 5.478428719796337720e-01 4.840450232434250766e-01 8.915256746593913650e-01 6.351336224103153461e-01 7.034825214884482536e-01 7.465485085857619385e-01 6.764831697637343488e-01 7.654007447696111743e-01 0.000000000000000000e+00 4.326464216968425314e-01 6.614624700067621710e-01 5.425881112307473497e-01 1.605198159334308983e-01 5.862498087715637407e-01 5.658713893277187434e-01 5.875024988991626174e-01 7.587954172114605988e-01 4.235389231382084563e-01 6.095958756144050916e-01 3.348108971919184773e-01 7.649350429856904832e-02 9.907228086088148977e-02 7.009186365676463026e-01 4.627245605138121665e-01 3.684307467356369159e-01 4.493802875088834803e-01 9.586894428288355030e-01 6.865281059021595134e-01 7.431423111965359540e-01 7.771560628985265673e-01
8.652916652293098920e-01 6.737566752277702742e-01 8.561930439826925809e-01 6.243517967241207778e-01 5.649156298594802950e-01 8.644825653775588536e-01 5.341904201088081283e-01 6.770962498899568693e-01 5.694361474769191744e-01 4.022781242033680593e-01 7.217567237985184070e-01 2.612158256753309704e-01 8.224598443625863453e-01 4.326464216968425314e-01 0.000000000000000000e+00 6.009595551024398130e-01 4.632313373970292081e-01 5.771374893960510288e-01 5.079505351588622375e-01 7.027507805926703766e-01 4.362748333048540594e-01 4.508747365385751271e-01 7.438614013553264126e-01 5.248649023092111232e-01 8.660291586473747305e-01 5.157921378603504969e-01 8.756468477408991813e-01 3.352536734560759291e-01 8.455040093933636758e-01 1.535084234836470163e-01 5.393460023194476260e-01 6.154294412175771445e-01 6.156838976059596513e-01 2.119108956865772275e-01 8.230544886485923195e-01
5.438569978731657706e-01 4.875200625473330440e-01 8.108949584476308203e-01 4.960383673576326258e-01 5.553360613156401726e-01 5.539299786824092298e-01 4.493578323163754940e-01 4.046881456787205789e-01 6.500829616732499705e-01 2.473069798781882822e-01 4.803228531438320514e-01 6.777724473815117667e-01 4.839678942756739932e-01 6.614624700067621710e-01 6.009595551024398130e-01 0.000000000000000000e+00 3.625809619750990365e-01 7.625180488775760157e-01 4.249141972388033039e-01 6.211219237457525910e-01 6.405622156055108540e-01 2.569391547743290483e-01 1.329821041315958352e-01 4.655424660009249704e-01 2.944419499575337551e-01 5.339991234430945255e-01 6.089216133610293458e-01 3.547027804889252844e-01 3.980967942473159771e-01 4.056422243547834761e-01 4.742916093853934978e-01 4.736485047169182727e-01 9.641504628314808700e-01 2.729923825965052675e-01 3.499796353532453885e-01
4.677306841179052488e-01 8.504481312818976679e-01 2.068995677278282486e-01 4.540291408467045375e-02 3.504724325374770633e-01 5.649245525998406459e-01 8.983916452117292062e-01 9.094010187711525361e-01 3.520295255767512677e-01 9.313183607599089253e-01 4.829765939198291669e-01 8.722508272568589849e-01 6.776556594694390645e-01 5.425881112307473497e-01 4.632313373970292081e-01 3.625809619750990365e-01 0.000000000000000000e+00 9.392506909301434614e-01 8.401005193079225108e-02 4.990215307658943389e-01 9.346012903639964176e-01 8.979807877751261325e-01 3.056722485511201848e-01 4.583045541185927774e-01 7.308406586182156772e-01 7.283050230086624000e-01 4.696147522159792032e-01 6.167875536508837797e-02 7.359575915668289392e-01 5.448925585953002804e-01 8.785668676867668392e-01 4.513864959700835677e-01 5.831828422881185636e-01 4.811520603649830918e-01 2.929080120853679858e-01
4.308907906527132958e-01 2.460897606151055128e-01 3.595722662599775132e-01 4.610588570186406332e-01 5.375346516776018380e-01 5.684157918733180326e-01 2.908756862796305631e-01 5.052371149962646690e-01 9.271202266675951931e-01 5.159648786029407130e-01 8.223537540388974332e-01 9.677640799981823694e-01 4.875345056191353610e-01 1.605198159334308983e-01 5.771374893960510288e-01 7.625180488775760157e-01 9.392506909301434614e-01 0.000000000000000000e+00 8.002906267048475186e-01 4.796348100691721905e-01 6.307023515271219516e-01 4.116550866419410037e-01 7.209760501971684832e-01 3.934781346684733672e-01 8.016430660029709721e-01 9.795350301516723146e-01 3.407102614053248990e-01 4.384030015076618159e-01 9.847451225104286721e-01 9.630899675865385312e-01 7.575551133061879661e-01 5.721201296750999532e-02 8.620505256974897446e-02 5.866518867129402182e-01 7.804331925751127885e-01
6.956057168693980941e-01 5.499463189254645279e-01 3.865802208469908408e-01 5.105178098420561916e-01 1.453178349684925985e-01 7.746783284718288254e-01 8.335393158703483518e-01 3.333843632474938201e-01 2.335079927935846955e-01 4.592562416430073791e-01 4.340157873603981420e-01 7.407664309484168763e-01 6.640259283376261923e-01 5.862498087715637407e-01 5.079505351588622375e-01 4.249141972388033039e-01 8.401005193079225108e-02 8.002906267048475186e-01 0.000000000000000000e+00 5.763940437377100823e-01 5.283430375974826898e-01 5.287727325738059703e-01 4.349264720512017179e-01 3.424918284690838810e-01 5.192927172449731676e-01 5.156531974930508300e-01 5.249444157205043204e-01 5.153976361756622548e-01 7.288463575947261575e-01 2.008701533864571953e-01 8.911228880819825893e-01 5.443572021785176851e-01 6.430297330270177136e-01 4.340989096945613301e-01 6.081665164716592020e-01
9.358491690195883672e-01 8.607322108016322026e-01 3.525747102340690553e-01 4.888327100650750046e-01 1.984962743389557804e-01 8.324200854098999791e-01 5.924284169160359825e-01 8.136716868608593334e-01 4.999973758579836502e-01 1.483349194275459526e-01 3.062253102116327952e-01 5.319191932354877528e-01 9.066383872108344510e-01 5.658713893277187434e-01 7.027507805926703766e-01 6.211219237457525910e-01 4.990215307658943389e-01 4.796348100691721905e-01 5.763940437377100823e-01 0.000000000000000000e+00 3.866032147452774237e-01 4.530012734707843935e-01 4.050943483600232264e-01 7.097572468847809235e-01 8.538003715721220743e-02 8.312126867310214440e-01 2.989684772236335109e-01 7.192475144275686239e-01 8.349622720624683136e-01 5.456574126777529177e-01 7.837203062720146107e-01 8.430393530784829892e-01 7.528639811629487255e-01 3.696252175007092022e-01 7.876774173479459407e-01
3.847230827856294999e-01 3.729585856952014611e-01 9.060117165049176302e-01 8.412622367789581723e-01 5.955440461582253153e-01 4.504856486579033037e-01 5.483424993858854180e-02 7.600593724518611705e-01 5.299156153214111820e-01 5.281863417131218430e-01 7.865660075766954806e-01 2.781690126824400977e-01 4.745595742015814023e-01 5.875024988991626174e-01 4.362748333048540594e-01 6.405622156055108540e-01 9.346012903639964176e-01 6.307023515271219516e-01 5.283430375974826898e-01 3.866032147452774237e-01 0.000000000000000000e+00 5.726953906629242974e-01 4.584324755571415055e-01 5.075034023230304836e-01 3.748173543616042935e-01 5.767293395223447305e-01 7.147255756371944102e-01 3.884869250408342634e-01 3.181036989507101120e-01 6.529642354742248855e-01 5.736175161277214940e-01 7.708034684715372453e-01 1.150680053388895008e-01 5.134370882005129255e-01 4.248400501067596258e-01
5.433745207633915442e-01 5.973955891029767429e-01 6.501798974790171659e-01 4.243210943061260232e-01 8.250340631187325080e-02 5.506481103323416226e-01 5.055197857240982806e-01 6.967257414343921429e-01 9.443442438355689195e-01 5.448363092073078562e-01 6.648318854081214369e-01 9.644260243163267354e-01 2.393520941205810049e-01 7.587954172114605988e-01 4.508747365385751271e-01 2.569391547743290483e-01 8.979807877751261325e-01 4.116550866419410037e-01 5.287727325738059703e-01 4.530012734707843935e-01 5.726953906629242974e-01 0.000000000000000000e+00 7.608284681018531170e-01 4.623198860053979731e-01 5.460760856366668747e-01 5.525240323185458546e-01 3.385978891711830530e-01 8.864195763732509725e-01 7.862856239741691233e-01 8.704140715159371933e-01 6.134929937540460898e-01 6.227915529953799156e-01 6.083023352530396721e-01 3.770391477500915633e-01 4.348300568020493917e-01
2.400787414506895256e-01 9.370815598837287652e-01 9.650993388226691838e-02 4.494424925555820516e-01 8.522264360299033337e-01 3.850545257897977081e-01 5.799114154775800722e-01 4.681493435810999415e-01 8.583811647623069696e-01 3.047134637111640343e-01 7.477438813369070569e-01 3.581177995776306799e-01 8.199614582906202820e-01 4.235389231382084563e-01 7.438614013553264126e-01 1.329821041315958352e-01 3.056722485511201848e-01 7.209760501971684832e-01 4.349264720512017179e-01 4.050943483600232264e-01 4.584324755571415055e-01 7.608284681018531170e-01 0.000000000000000000e+00 5.724084611969862957e-01 5.529294002078222192e-01 3.848967132172786965e-01 6.167324324713900907e-01 4.863049682294653397e-01 3.583160128358849339e-01 3.486623100568619904e-01 6.678996872282230157e-01 5.450920407822221758e-01 7.777325450422212239e-01 6.486035092512620892e-01 9.555692806639687342e-01
4.316077298243803928e-01 1.372807712550627723e-01 8.085838684132640175e-01 7.465138268255140375e-01 5.817931926148680599e-01 7.770438788326290425e-01 3.777017698372154841e-01 8.989923306944034298e-01 5.741778652557669727e-01 6.127176951753815493e-01 5.013395774754079159e-01 3.070708198821945900e-01 3.656822700024143225e-01 6.095958756144050916e-01 5.248649023092111232e-01 4.655424660009249704e-01 4.583045541185927774e-01 3.934781346684733672e-01 3.424918284690838810e-01 7.097572468847809235e-01 5.075034023230304836e-01 4.623198860053979731e-01 5.724084611969862957e-01 0.000000000000000000e+00 5.097353349952147283e-01 3.958015930269925819e-01 7.252517829724764997e-01 5.911065863817730470e-01 8.462105825699228756e-01 4.060900649362255144e-01 2.286506916281142443e-01 6.705994841673217355e-01 5.097544232793753682e-01 1.461643982393726615e-01 5.438165823591722958e-01
4.029863357963362480e-01 4.996457982960423316e-01 8.078275776571707256e-01 3.292953265289994547e-01 7.589972414871324347e-01 4.124197433632714738e-02 8.618733428430436216e-02 6.327313730736430220e-01 4.202853693800785995e-01 7.524536340173009208e-01 2.944260819437435339e-01 5.571721314883888443e-01 3.325970216477985852e-01 3.348108971919184773e-01 8.660291586473747305e-01 2.944419499575337551e-01 7.308406586182156772e-01 8.016430660029709721e-01 5.192927172449731676e-01 8.538003715721220743e-02 3.748173543616042935e-01 5.460760856366668747e-01 5.529294002078222192e-01 5.097353349952147283e-01 0.000000000000000000e+00 4.548253880690515949e-01 6.698085401191964383e-01 2.543137518215257131e-01 8.733582767462305663e-01 5.512067204157274913e-01 6.573632657904525667e-01 4.387285815842175141e-01 6.563740562095135012e-01 4.865027157365736654e-01 3.149944564335885322e-01
8.276864788107158866e-01 6.680263010713282101e-01 5.212744541280094346e-01 6.607235275252213436e-01 7.144214240957517115e-01 3.382741347388874553e-01 8.811689460574465560e-01 4.513845414719531157e-01 5.404554888663457568e-01 7.785032379932577129e-01 5.385431069587732766e-01 3.885725858612149586e-01 5.591969863941778085e-01 7.649350429856904832e-02 5.157921378603504969e-01 5.339991234430945255e-01 7.283050230086624000e-01 9.795350301516723146e-01 5.156531974930508300e-01 8.312126867310214440e-01 5.767293395223447305e-01 5.525240323185458546e-01 3.848967132172786965e-01 3.958015930269925819e-01 4.548253880690515949e-01 0.000000000000000000e+00 7.004774415615833139e-01 7.541267183219946268e-01 4.961282118372997152e-01 4.136860351494142662e-01 5.886915610490837114e-01 5.367464474138597952e-01 1.585953114033274991e-01 5.905642657896374992e-01 4.245461676865743827e-01
4.355272438675499846e-01 3.719587562578641204e-01 5.051948681685374254e-01 4.338997424948545234e-01 7.690416037741758526e-01 7.684128233831947208e-01 8.860742943811772410e-01 3.164904174005535031e-01 7.413566239004880654e-01 2.299155939224321044e-01 4.397534719652738122e-01 6.586067319480559679e-01 3.147064238266930603e-01 9.907228086088148977e-02 8.756468477408991813e-01 6.089216133610293458e-01 4.696147522159792032e-01 3.407102614053248990e-01 5.249444157205043204e-01 2.989684772236335109e-01 7.147255756371944102e-01 3.385978891711830530e-01 6.167324324713900907e-01 7.252517829724764997e-01 6.698085401191964383e-01 7.004774415615833139e-01 0.000000000000000000e+00 3.473824953057920717e-01 4.579624863813851476e-01 7.801556468697590230e-01 4.518737951130548103e-01 6.188204058952578857e-01 6.979794217287533797e-01 5.546713156771803099e-01 5.117741788426013461e-01
6.981450097441039837e-01 4.605699319008536019e-01 8.396284541748779695e-01 2.016555196368915448e-01 8.367767788408819740e-01 2.005568279372604845e-01 5.255134908220315815e-02 7.866311661662380716e-01 5.423216846988648809e-01 7.288373406638426477e-01 5.139528914781299473e-01 4.576933401294341897e-01 4.085524068764715411e-01 7.009186365676463026e-01 3.352536734560759291e-01 3.547027804889252844e-01 6.167875536508837797e-02 4.384030015076618159e-01 5.153976361756622548e-01 7.192475144275686239e-01 3.884869250408342634e-01 8.864195763732509725e-01 4.863049682294653397e-01 5.911065863817730470e-01 2.543137518215257131e-01 7.541267183219946268e-01 3.473824953057920717e-01 0.000000000000000000e+00 1.366427186386754977e-01 8.194136871099777508e-01 4.283242188679683426e-01 9.434130568046393828e-01 6.521326235103697133e-02 3.577992172012919303e-01 5.137987754549160346e-01
8.490372744035576957e-01 2.560731837818319701e-01 6.652412486552993220e-01 3.833038754906907264e-01 2.073568768350465552e-01 7.358372134595766445e-01 9.548743985880597807e-01 5.110311380778704837e-01 5.278315898002094997e-01 1.128993838487256651e-01 4.911414265558492476e-01 9.207515463199883454e-01 4.061589542706757205e-01 4.627245605138121665e-01 8.455040093933636758e-01 3.980967942473159771e-01 7.359575915668289392e-01 9.847451225104286721e-01 7.288463575947261575e-01 8.349622720624683136e-01 3.181036989507101120e-01 7.862856239741691233e-01 3.583160128358849339e-01 8.462105825699228756e-01 8.733582767462305663e-01 4.961282118372997152e-01 4.579624863813851476e-01 1.366427186386754977e-01 0.000000000000000000e+00 5.070769454607471083e-01 4.956194909859191200e-01 5.372649594359066860e-01 5.818485347925030915e-01 1.220052398938186178e-01 5.778692266207503536e-01
8.394894023714059017e-01 4.517111540631622013e-01 1.252706786881360168e-01 4.259341337681838424e-01 4.121626718728756411e-01 3.752456988922476810e-01 5.879830912325536563e-01 7.395172098697380125e-01 7.326178468459343396e-01 6.205804744255117855e-01 1.615199696119506978e-01 8.673091703831111721e-01 4.688747159329011982e-01 3.684307467356369159e-01 1.535084234836470163e-01 4.056422243547834761e-01 5.448925585953002804e-01 9.630899675865385312e-01 2.008701533864571953e-01 5.456574126777529177e-01 6.529642354742248855e-01 8.704140715159371933e-01 3.486623100568619904e-01 4.060900649362255144e-01 5.512067204157274913e-01 4.136860351494142662e-01 7.801556468697590230e-01 8.194136871099777508e-01 5.070769454607471083e-01 0.000000000000000000e+00 4.985486556904117350e-02 3.489866685357554954e-01 2.509030404723681107e-01 7.486748545201824534e-01 7.393511760397518673e-01
4.358561566536307552e-01 1.680351720148847150e-01 5.016521969407291559e-01 7.757318940400954599e-01 7.000030361608493568e-01 8.078761208915354874e-01 6.892210025573549670e-01 6.213613608593820947e-01 6.307920121454144713e-01 6.437593126831223644e-01 5.476473878754770652e-01 5.209541577502818654e-01 9.430646512125402392e-01 4.493802875088834803e-01 5.393460023194476260e-01 4.742916093853934978e-01 8.785668676867668392e-01 7.575551133061879661e-01 8.911228880819825893e-01 7.837203062720146107e-01 5.736175161277214940e-01 6.134929937540460898e-01 6.678996872282230157e-01 2.286506916281142443e-01 6.573632657904525667e-01 5.886915610490837114e-01 4.518737951130548103e-01 4.283242188679683426e-01 4.956194909859191200e-01 4.985486556904117350e-02 0.000000000000000000e+00 5.072545669958327119e-01 6.251640757139320659e-01 7.337947252314995783e-01 5.363854586210573538e-01
3.370731022140776023e-01 8.655277812751123179e-01 2.922296501974469551e-01 3.880735155644793322e-01 2.809010973873059536e-01 9.071885250819000657e-02 7.906139426126657099e-02 4.244543985471078140e-01 1.149507171760200119e-01 5.679819175741480652e-01 4.933017199325022140e-01 6.524579178985630001e-01 6.503721413698997367e-01 9.586894428288355030e-01 6.154294412175771445e-01 4.736485047169182727e-01 4.513864959700835677e-01 5.721201296750999532e-02 5.443572021785176851e-01 8.430393530784829892e-01 7.708034684715372453e-01 6.227915529953799156e-01 5.450920407822221758e-01 6.705994841673217355e-01 4.387285815842175141e-01 5.367464474138597952e-01 6.188204058952578857e-01 9.434130568046393828e-01 5.372649594359066860e-01 3.489866685357554954e-01 5.072545669958327119e-01 0.000000000000000000e+00 7.167825400732588115e-01 4.388757207778296587e-01 4.972701847046977486e-01
5.066398765715429686e-02 3.692123875450056270e-01 1.925397213018013032e-01 5.620642278126762870e-01 3.014158481381832289e-01 4.979428293376975678e-01 5.653844718116700641e-01 4.374044525131580152e-01 8.611143904452400744e-01 2.757889603302775550e-01 3.743088397640603748e-01 7.681673694307410427e-01 6.668330930968602299e-01 6.865281059021595134e-01 6.156838976059596513e-01 9.641504628314808700e-01 5.831828422881185636e-01 8.620505256974897446e-02 6.430297330270177136e-01 7.528639811629487255e-01 1.150680053388895008e-01 6.083023352530396721e-01 7.777325450422212239e-01 5.097544232793753682e-01 6.563740562095135012e-01 1.585953114033274991e-01 6.979794217287533797e-01 6.521326235103697133e-02 5.818485347925030915e-01 2.509030404723681107e-01 6.251640757139320659e-01 7.167825400732588115e-01 0.000000000000000000e+00 5.603137588297555371e-01 6.389103680473683378e-01
9.133752265619379251e-01 1.893407149677470147e-01 3.492773907706410164e-01 1.491882821544645576e-01 1.496821645231030118e-01 5.089645246807936729e-01 3.905413250936781155e-01 5.513772142642718865e-01 7.475868063847244116e-01 3.582251167368279976e-01 5.288994932262187643e-01 4.662085313445636370e-01 7.848053958059914015e-01 7.431423111965359540e-01 2.119108956865772275e-01 2.729923825965052675e-01 4.811520603649830918e-01 5.866518867129402182e-01 4.340989096945613301e-01 3.696252175007092022e-01 5.134370882005129255e-01 3.770391477500915633e-01 6.486035092512620892e-01 1.461643982393726615e-01 4.865027157365736654e-01 5.905642657896374992e-01 5.546713156771803099e-01 3.577992172012919303e-01 1.220052398938186178e-01 7.486748545201824534e-01 7.337947252314995783e-01 4.388757207778296587e-01 5.603137588297555371e-01 0.000000000000000000e+00 5.381377070744439717e-01
7.749982539362769707e-01 2.507423444910041876e-01 5.392696827531803239e-01 4.941722786835821557e-01 8.115152700788539342e-01 8.298570220231570316e-01 1.240380403113831020e-01 3.555817858085082439e-01 4.062231225024047210e-01 6.276241853833387507e-01 4.948005476409167436e-01 6.329296733942719744e-01 4.261702293952379650e-01 7.771560628985265673e-01 8.230544886485923195e-01 3.499796353532453885e-01 2.929080120853679858e-01 7.804331925751127885e-01 6.081665164716592020e-01 7.876774173479459407e-01 4.248400501067596258e-01 4.348300568020493917e-01 9.555692806639687342e-01 5.438165823591722958e-01 3.149944564335885322e-01 4.245461676865743827e-01 5.117741788426013461e-01 5.137987754549160346e-01 5.778692266207503536e-01 7.393511760397518673e-01 5.363854586210573538e-01 4.972701847046977486e-01 6.389103680473683378e-01 5.381377070744439717e-01 0.000000000000000000e+00
