0.000000000000000000e+00 4.677884867495046839e-01 2.181622509336872406e-01 8.002535992343700055e-01 2.268516623664025289e-01 7.134612856224917810e-01 2.547646564643557543e-01 8.462539905235393345e-01 6.675191669326027144e-01 7.506587274023202028e-01 8.136124880587234376e-01 9.205268375629229727e-01 9.101950208769413742e-01 7.204264293435507227e-01 8.517193708840252730e-01 5.326402117830985050e-01 6.915376093874763264e-01 7.753769990798098366e-01 7.939652620711001862e-01 7.774249415602332292e-01 9.236321921650569866e-01 2.575209308290455912e-01 4.536664700006686757e-01 5.829756923452059647e-01 4.797784836011213527e-01 8.717810546769799718e-02 6.390139718951926007e-01 6.151428401849562411e-01 3.561150471368773607e-01 2.747489111962279074e-01 5.048291571617186113e-01 7.602280809418693330e-01 6.665357204336116448e-01 5.486941780807790270e-01 2.670180059254334548e-02
4.677884867495046839e-01 0.000000000000000000e+00 7.912824858285347762e-01 6.561720443184690943e-01 7.448900772524252867e-01 2.167956111813174047e-01 3.389329467345700286e-01 1.792282189621254851e-01 6.619397533811879342e-01 6.175067787001167208e-01 9.300403345925071230e-01 6.445578231529076607e-01 3.652740366785729442e-01 8.204469261488437359e-01 5.655745883058759249e-01 5.300731994576046713e-01 5.934318368583283432e-01 3.442414437885049638e-01 5.282896406792100263e-01 4.735328113613801460e-01 3.861694346590751614e-01 3.610256173687090842e-01 2.732950681265912118e-01 7.053589311867389799e-01 2.125827274249831866e-01 2.207158381420196713e-01 2.338400690025586037e-01 8.112029649434178147e-01 7.051598140207198107e-01 9.066356636206358566e-01 5.143888554732701790e-01 4.512525941456134171e-01 9.040577464638275274e-01 5.513833354752085691e-01 9.994732727830113461e-02
2.181622509336872406e-01 7.912824858285347762e-01 0.000000000000000000e+00 2.925244774332996789e-01 4.771682967532156483e-01 7.726458345647757575e-02 8.001970425548151633e-01 4.500033485535268052e-01 6.391848239133191001e-01 2.957585853359936401e-01 3.844140445395552996e-01 7.190462324294906171e-01 4.704182816543581169e-01 3.206970724229917247e-01 2.826545841220153843e-01 6.856536004127014028e-01 9.635832688222856213e-02 8.437751107186308719e-01 5.632068515022292665e-01 2.074842264167524597e-01 7.090344141491993213e-01 6.275944326818345687e-01 1.034019434832681439e-01 5.271282438993470931e-01 4.351094270138901043e-01 4.767559458209909562e-01 4.558739636553903463e-01 8.649562618998158925e-01 3.199212518241977277e-01 5.617406808101897964e-01 5.213652889487483399e-01 7.516869386444715584e-01 5.021679927879785232e-01 4.947357566584846267e-01 6.155010086833719862e-01
8.002535992343700055e-01 6.561720443184690943e-01 2.925244774332996789e-01 0.000000000000000000e+00 6.297573195708646709e-01 1.508430570135106397e-01 7.128706586376074572e-01 7.921629135277467038e-01 6.597483650169942981e-01 1.421141880393289036e-01 8.958263032772681989e-01 3.415864457431982415e-01 6.637071813542310128e-01 5.205109622579521256e-01 3.470284191548360653e-01 5.979634901226655863e-01 5.028063421051909287e-01 4.887622898121511961e-01 1.722734890032644461e-01 3.590351676675355153e-01 4.156464676704030303e-01 9.269185025858326377e-01 5.772587041850942846e-01 5.872873135404442779e-01 5.238342480639743837e-01 9.145767945968068524e-01 7.387797466024008664e-01 4.409962174717454997e-01 6.547255782624012976e-01 6.793924267335755829e-01 6.913354829155833325e-01 3.617518658446491897e-01 4.468330823483565029e-01 4.773726239103560087e-01 3.632486126846214969e-01
2.268516623664025289e-01 7.448900772524252867e-01 4.771682967532156483e-01 6.297573195708646709e-01 0.000000000000000000e+00 3.809872430204130911e-01 9.077903011349327533e-01 8.662756599575545113e-01 5.241095977349949919e-01 3.799190212644798503e-02 8.938456052960945808e-01 9.064144166877736719e-01 1.269564843623899320e-01 7.271846038069501583e-01 4.584325447874719739e-01 6.466370133979589818e-01 5.762480044713769178e-01 3.560221390841019073e-01 6.976523405263606037e-01 6.202646292887249446e-01 5.775796961201757895e-01 9.321445691204657269e-01 3.420819090829351206e-01 3.763577853153023955e-01 3.639085507154744548e-01 7.710515507057003060e-01 2.640547855605462901e-01 3.749199535691816187e-01 8.507119437548325003e-01 8.571985650379795318e-01 2.394923574910848840e-01 6.287902153639265412e-01 5.151145265935419548e-01 7.351888461484602511e-01 1.793226089978998683e-01
7.134612856224917810e-01 2.167956111813174047e-01 7.726458345647757575e-02 1.508430570135106397e-01 3.809872430204130911e-01 0.000000000000000000e+00 8.232124237545244139e-01 3.387298354199670403e-01 5.016038878879844898e-01 8.468233855142367483e-01 9.001684083260058644e-01 8.058864463951388446e-01 5.695722821745521358e-01 8.203925564176469676e-01 7.951387293555436386e-01 6.771584352240010984e-01 2.942107537670188844e-01 8.548935491082827465e-01 2.593529120974258362e-01 7.775161732659984226e-01 7.353634813029650275e-01 8.203903871930707803e-01 7.828213743434415672e-01 2.524442655595457996e-01 7.918455099112060580e-01 7.940670636859370468e-01 8.185377691238895359e-01 9.027136235929373864e-01 5.347164955381099594e-01 6.971372716910204659e-01 5.026259437717228717e-01 6.077176488545008581e-01 1.760369182738424909e-01 2.767029777900615328e-01 4.915696392278182114e-01
2.547646564643557543e-01 3.389329467345700286e-01 8.001970425548151633e-01 7.128706586376074572e-01 9.077903011349327533e-01 8.232124237545244139e-01 0.000000000000000000e+00 4.827180336081103862e-01 7.789028237420471124e-01 4.037623344520347990e-01 4.346819093905214260e-01 6.730240565348428738e-01 5.594493108357926348e-01 5.656201982084851920e-01 7.144634189502386823e-01 5.483243261466121954e-01 3.454764872567392953e-01 6.326200917366975318e-01 4.084887987447960445e-02 6.187878445879444467e-01 7.406557459423241951e-01 4.704330971197703826e-01 1.893470966921630971e-01 4.286493569389233094e-01 7.493320679004737972e-01 2.458154908765230462e-01 6.286020240171968920e-01 9.493521975929430923e-01 6.886974408690167415e-01 4.987755274740199307e-01 5.806446069348440986e-01 3.983020255955199707e-01 2.924236414861497435e-01 4.794900349060008948e-01 4.279529857406029758e-01
8.462539905235393345e-01 1.792282189621254851e-01 4.500033485535268052e-01 7.921629135277467038e-01 8.662756599575545113e-01 3.387298354199670403e-01 4.827180336081103862e-01 0.000000000000000000e+00 7.683119662537400973e-01 5.572803149689302682e-01 5.615313584739585195e-01 6.375050255257513898e-01 6.947423823692584488e-01 2.242578031136854833e-01 8.917989180402846605e-01 5.480993919268852821e-01 8.185484795209769793e-01 1.792101246418500438e-01 7.990056894549646405e-01 7.774352376922585295e-01 2.612697514849526281e-01 3.484189524350785327e-01 4.342201139834348522e-01 8.671157415821809655e-01 7.901056873626216559e-01 5.070661960846449823e-01 7.682488130588506214e-01 5.478970204881814521e-01 4.360377054634685945e-01 3.388528598848130624e-01 7.501214112082642549e-01 7.300937818859700723e-01 5.492708833696198223e-01 8.663353954511655575e-01 5.389935926339108896e-01
6.675191669326027144e-01 6.619397533811879342e-01 6.391848239133191001e-01 6.597483650169942981e-01 5.241095977349949919e-01 5.016038878879844898e-01 7.789028237420471124e-01 7.683119662537400973e-01 0.000000000000000000e+00 5.026208491982495641e-01 6.448812211421736107e-01 4.892957661295100902e-01 6.832566137067754841e-01 9.555717503496496956e-01 3.847818201243814462e-01 7.431781655094079619e-01 5.243470128894377469e-01 7.293529500460607107e-01 6.801050891695981093e-01 8.765410021893340620e-01 5.138506260718546104e-01 1.100196349766466852e-01 4.724373055074732597e-01 4.467566055752368870e-01 5.551378911724358378e-01 4.479870484271989972e-01 5.530539012369704022e-01 1.480204999555918555e-01 1.707068280805484894e-01 8.384589509343741698e-01 8.457665938378549075e-01 2.118200784009197923e-01 7.755572110175514844e-01 2.074685160687974594e-01 4.003063741915701690e-01
7.506587274023202028e-01 6.175067787001167208e-01 2.957585853359936401e-01 1.421141880393289036e-01 3.799190212644798503e-02 8.468233855142367483e-01 4.037623344520347990e-01 5.572803149689302682e-01 5.026208491982495641e-01 0.000000000000000000e+00 5.422034538095934497e-01 6.490964518818991280e-01 6.744728810853017897e-01 1.531711683831602500e-01 3.827383051360135346e-01 3.586298451654544306e-01 4.776115997581277250e-01 8.291016832726310071e-01 5.171195999085050898e-01 1.695042445985712742e-01 4.837911507679726886e-01 6.492277258581558019e-02 4.353997998318759888e-01 1.720473861215197631e-01 8.256525366659126508e-01 6.262021852436955305e-01 9.162725513604603744e-01 7.312088574237690652e-01 9.332052218090478579e-01 5.933555002229710107e-01 7.979472876080213606e-01 7.323732057596948897e-01 7.422158342188605040e-01 7.717906730874932730e-01 6.835815789230842432e-01
8.136124880587234376e-01 9.300403345925071230e-01 3.844140445395552996e-01 8.958263032772681989e-01 8.938456052960945808e-01 9.001684083260058644e-01 4.346819093905214260e-01 5.615313584739585195e-01 6.448812211421736107e-01 5.422034538095934497e-01 0.000000000000000000e+00 4.888735135643442753e-01 3.894191796156563079e-01 7.896168608422127200e-02 5.972846687915628339e-01 4.820727814886828777e-01 4.273812058172125616e-01 4.416546668369061845e-01 4.699942226051853078e-01 7.507848970273005573e-01 6.071624955288219549e-01 7.517011501299682985e-01 2.952837983559494228e-01 3.891681033058387307e-01 4.614555115650319506e-01 5.780621029377744913e-01 9.494515638413714154e-01 5.078686899262284671e-01 3.937066143952584474e-01 4.566487750001418378e-01 4.852120154697915355e-01 7.540400561018850700e-01 4.355142156238662188e-01 6.981163783583880234e-01 8.840848266390164412e-01
9.205268375629229727e-01 6.445578231529076607e-01 7.190462324294906171e-01 3.415864457431982415e-01 9.064144166877736719e-01 8.058864463951388446e-01 6.730240565348428738e-01 6.375050255257513898e-01 4.892957661295100902e-01 6.490964518818991280e-01 4.888735135643442753e-01 0.000000000000000000e+00 7.314293867696161078e-01 5.464525039167048570e-01 8.120408847212013947e-01 2.736182310860675315e-01 4.505719315023568594e-01 5.966384983399370956e-01 5.529539191622127037e-01 7.302090027216138202e-01 4.987246849485384992e-01 4.401197907166165546e-02 3.113931372665443287e-01 5.334753009085044795e-01 1.951553937962341445e-01 8.239007812412997289e-01 7.096626929547760199e-01 5.866733420758541984e-01 4.117985454482104291e-01 7.425213962281180802e-01 5.629350985764223214e-01 6.496156444819891629e-01 2.739928264097692967e-01 4.718805707374975067e-01 6.793428025500480860e-01
9.101950208769413742e-01 3.652740366785729442e-01 4.704182816543581169e-01 6.637071813542310128e-01 1.269564843623899320e-01 5.695722821745521358e-01 5.594493108357926348e-01 6.947423823692584488e-01 6.832566137067754841e-01 6.744728810853017897e-01 3.894191796156563079e-01 7.314293867696161078e-01 0.000000000000000000e+00 6.346653292684845127e-02 4.320444739973016146e-01 5.478679472567212771e-01 1.032360726158519926e-01 4.027555745343558424e-02 5.429535227898725225e-01 2.861728437601922526e-01 1.444347293700771750e-01 8.260136829379292056e-01 1.256603534185918303e-01 4.690738544381923281e-01 5.209934308160810712e-01 4.779087977649830177e-01 7.432163251261524328e-01 5.805241799498012112e-01 6.976587764922614898e-01 4.687026213206604841e-01 6.132848125938265005e-01 7.729587201368872673e-01 3.781493668895866689e-01 2.582008708893940296e-01 2.802142102414638680e-01
7.204264293435507227e-01 8.204469261488437359e-01 3.206970724229917247e-01 5.205109622579521256e-01 7.271846038069501583e-01 8.203925564176469676e-01 5.656201982084851920e-01 2.242578031136854833e-01 9.555717503496496956e-01 1.531711683831602500e-01 7.896168608422127200e-02 5.464525039167048570e-01 6.346653292684845127e-02 0.000000000000000000e+00 6.910782844801380831e-01 6.518213803846111265e-01 3.553352094404556016e-01 3.318419874591053698e-01 8.790322786343454098e-01 8.138135797920043046e-01 8.202599857054658772e-01 5.497382201280487379e-01 6.937444309875269166e-01 8.984990517840840685e-01 3.989618562889943876e-01 5.747505227781222192e-01 8.227829351278687087e-01 7.683310915924767004e-01 7.867244009955578488e-01 4.699481093539004117e-01 5.480907655693390002e-01 1.692235818183881468e-01 3.640960674226277893e-01 6.976064187234585212e-01 4.848344212895845939e-01
8.517193708840252730e-01 5.655745883058759249e-01 2.826545841220153843e-01 3.470284191548360653e-01 4.584325447874719739e-01 7.951387293555436386e-01 7.144634189502386823e-01 8.917989180402846605e-01 3.847818201243814462e-01 3.827383051360135346e-01 5.972846687915628339e-01 8.120408847212013947e-01 4.320444739973016146e-01 6.910782844801380831e-01 0.000000000000000000e+00 9.029355598926983584e-01 4.371125018114610516e-01 8.781609337870955878e-01 5.761384268042186729e-01 5.386742725397810627e-01 5.438439180693832586e-01 5.451866747537428282e-01 6.465968534985573335e-01 3.927943561640385162e-01 4.795908449987124622e-01 4.248939139288977485e-01 5.336338707810055482e-01 3.990922635652363049e-01 7.942330010612407287e-01 5.373256205464012059e-01 2.008417442043152201e-01 8.511597267558015378e-01 5.162653060151931594e-01 6.361191696261707662e-01 7.278775753662103387e-01
5.326402117830985050e-01 5.300731994576046713e-01 6.856536004127014028e-01 5.979634901226655863e-01 6.466370133979589818e-01 6.771584352240010984e-01 5.483243261466121954e-01 5.480993919268852821e-01 7.431781655094079619e-01 3.586298451654544306e-01 4.820727814886828777e-01 2.736182310860675315e-01 5.478679472567212771e-01 6.518213803846111265e-01 9.029355598926983584e-01 0.000000000000000000e+00 3.575714381212850013e-01 6.500071096087254308e-01 4.331492464978324852e-01 6.608586327697212326e-01 8.461482177672841054e-02 4.959006541207589547e-01 9.660475242309543020e-01 3.644339335248129030e-01 5.461921097028310523e-02 3.324355619334567469e-01 8.141547537434186133e-01 8.204220259245615932e-01 1.370720346123435185e-01 2.887828416700810585e-01 8.311089179432969987e-01 5.778289271523671111e-01 9.349837864349723748e-01 7.620518157186222385e-01 7.702463343921481798e-01
6.915376093874763264e-01 5.934318368583283432e-01 9.635832688222856213e-02 5.028063421051909287e-01 5.762480044713769178e-01 2.942107537670188844e-01 3.454764872567392953e-01 8.185484795209769793e-01 5.243470128894377469e-01 4.776115997581277250e-01 4.273812058172125616e-01 4.505719315023568594e-01 1.032360726158519926e-01 3.553352094404556016e-01 4.371125018114610516e-01 3.575714381212850013e-01 0.000000000000000000e+00 3.254178485835496071e-01 1.343472122623220466e-01 3.797269275851632986e-01 8.581987798930157396e-01 6.940238969680954106e-01 4.776824676353446097e-01 4.403154324884958615e-01 6.450351990510537759e-01 5.060937642727091346e-01 9.285106919618474342e-01 5.510281531958107770e-01 8.035528459503474830e-01 8.847547633071041195e-01 6.872665879130861466e-01 7.955401273488518221e-01 2.707772332194799958e-01 2.756122594803637194e-01 8.335407773836602807e-01
7.753769990798098366e-01 3.442414437885049638e-01 8.437751107186308719e-01 4.887622898121511961e-01 3.560221390841019073e-01 8.548935491082827465e-01 6.326200917366975318e-01 1.792101246418500438e-01 7.293529500460607107e-01 8.291016832726310071e-01 4.416546668369061845e-01 5.966384983399370956e-01 4.027555745343558424e-02 3.318419874591053698e-01 8.781609337870955878e-01 6.500071096087254308e-01 3.254178485835496071e-01 0.000000000000000000e+00 8.960714654076662455e-02 5.862912491278874372e-01 5.931262961927542543e-01 6.137481409555913814e-01 4.777467655172027428e-01 2.287544881185339385e-01 6.481719320579828469e-01 4.124591958339799413e-01 6.832061204351486117e-01 2.041781597271149495e-01 4.082489990355262499e-01 3.395035562369751458e-01 6.041779523679438046e-01 7.774947974928845262e-01 6.378135547115005854e-01 7.974513533157657763e-01 8.789816443852429551e-01
7.939652620711001862e-01 5.282896406792100263e-01 5.632068515022292665e-01 1.722734890032644461e-01 6.976523405263606037e-01 2.593529120974258362e-01 4.084887987447960445e-02 7.990056894549646405e-01 6.801050891695981093e-01 5.171195999085050898e-01 4.699942226051853078e-01 5.529539191622127037e-01 5.429535227898725225e-01 8.790322786343454098e-01 5.761384268042186729e-01 4.331492464978324852e-01 1.343472122623220466e-01 8.960714654076662455e-02 0.000000000000000000e+00 4.498766593145633319e-01 7.801044633267638639e-01 3.176808894947811823e-01 4.105474007011039594e-01 5.006893751062472253e-01 3.904567887496935841e-01 4.454619192028898000e-01 5.046912692655516341e-01 5.608818192621383147e-01 6.294281762239986033e-01 7.068751100211587701e-01 8.401824871094815128e-01 4.032437318454070163e-01 8.995765614264006338e-02 2.130512071288847009e-01 4.921914229250206607e-01
7.774249415602332292e-01 4.735328113613801460e-01 2.074842264167524597e-01 3.590351676675355153e-01 6.202646292887249446e-01 7.775161732659984226e-01 6.187878445879444467e-01 7.774352376922585295e-01 8.765410021893340620e-01 1.695042445985712742e-01 7.507848970273005573e-01 7.302090027216138202e-01 2.861728437601922526e-01 8.138135797920043046e-01 5.386742725397810627e-01 6.608586327697212326e-01 3.797269275851632986e-01 5.862912491278874372e-01 4.498766593145633319e-01 0.000000000000000000e+00 5.246449762337956901e-01 9.023937814804163793e-01 2.238004430576152615e-01 5.899543655621808380e-01 6.103129945242307119e-01 5.116116106696684263e-01 7.492494974835876009e-01 7.418080581592481071e-01 4.249621485566288936e-01 4.591853322048970454e-01 4.413682775010383530e-01 1.953677658866798117e-01 2.543130622759631199e-01 9.081760172864010716e-01 7.027698978762775273e-02
9.236321921650569866e-01 3.861694346590751614e-01 7.090344141491993213e-01 4.156464676704030303e-01 5.775796961201757895e-01 7.353634813029650275e-01 7.406557459423241951e-01 2.612697514849526281e-01 5.138506260718546104e-01 4.837911507679726886e-01 6.071624955288219549e-01 4.987246849485384992e-01 1.444347293700771750e-01 8.202599857054658772e-01 5.438439180693832586e-01 8.461482177672841054e-02 8.581987798930157396e-01 5.931262961927542543e-01 7.801044633267638639e-01 5.246449762337956901e-01 0.000000000000000000e+00 3.938304305656620263e-01 6.507837660957269676e-01 7.649463245223993013e-01 8.872972829323639843e-01 4.680981014205461421e-01 4.780544357200732231e-01 2.718090858888702055e-01 4.823156662399158967e-01 4.992307081369225519e-01 8.455731752145282387e-01 3.584286378625557434e-01 5.688445645373978454e-01 8.602762698571180255e-01 6.807016080395001945e-01
2.575209308290455912e-01 3.610256173687090842e-01 6.275944326818345687e-01 9.269185025858326377e-01 9.321445691204657269e-01 8.203903871930707803e-01 4.704330971197703826e-01 3.484189524350785327e-01 1.100196349766466852e-01 6.492277258581558019e-02 7.517011501299682985e-01 4.401197907166165546e-02 8.260136829379292056e-01 5.497382201280487379e-01 5.451866747537428282e-01 4.959006541207589547e-01 6.940238969680954106e-01 6.137481409555913814e-01 3.176808894947811823e-01 9.023937814804163793e-01 3.938304305656620263e-01 0.000000000000000000e+00 6.318724581982027022e-01 2.314929731620325448e-01 6.392028534792959515e-01 7.965055623087886616e-01 7.175229732691055240e-01 5.267570637149689983e-01 8.653135519280934496e-01 4.292233481054704702e-01 7.010095276126266928e-01 4.186063625167568691e-01 7.280955716924648602e-01 6.923772883642255183e-01 2.887872666556996482e-01
4.536664700006686757e-01 2.732950681265912118e-01 1.034019434832681439e-01 5.772587041850942846e-01 3.420819090829351206e-01 7.828213743434415672e-01 1.893470966921630971e-01 4.342201139834348522e-01 4.724373055074732597e-01 4.353997998318759888e-01 2.952837983559494228e-01 3.113931372665443287e-01 1.256603534185918303e-01 6.937444309875269166e-01 6.465968534985573335e-01 9.660475242309543020e-01 4.776824676353446097e-01 4.777467655172027428e-01 4.105474007011039594e-01 2.238004430576152615e-01 6.507837660957269676e-01 6.318724581982027022e-01 0.000000000000000000e+00 3.273107284970870334e-01 6.190347829477804709e-01 6.617884811862051464e-01 7.809086255612742722e-01 6.996679255795068553e-02 7.768378402670046423e-01 5.903038064367519544e-01 5.413031714595264443e-01 4.351953931112425011e-01 5.085696365261753726e-01 5.002795131551716068e-01 5.097301151595258206e-01
5.829756923452059647e-01 7.053589311867389799e-01 5.271282438993470931e-01 5.872873135404442779e-01 3.763577853153023955e-01 2.524442655595457996e-01 4.286493569389233094e-01 8.671157415821809655e-01 4.467566055752368870e-01 1.720473861215197631e-01 3.891681033058387307e-01 5.334753009085044795e-01 4.690738544381923281e-01 8.984990517840840685e-01 3.927943561640385162e-01 3.644339335248129030e-01 4.403154324884958615e-01 2.287544881185339385e-01 5.006893751062472253e-01 5.899543655621808380e-01 7.649463245223993013e-01 2.314929731620325448e-01 3.273107284970870334e-01 0.000000000000000000e+00 7.977148118922812170e-01 3.683278372353351315e-01 4.437935714666497722e-01 4.792595759666711808e-01 4.779576739045101608e-01 9.349504327609570176e-02 8.232595102963340405e-01 8.246036187376961646e-01 3.455214480145675782e-01 6.900133325771896642e-01 1.935726690092648417e-01
4.797784836011213527e-01 2.125827274249831866e-01 4.351094270138901043e-01 5.238342480639743837e-01 3.639085507154744548e-01 7.918455099112060580e-01 7.493320679004737972e-01 7.901056873626216559e-01 5.551378911724358378e-01 8.256525366659126508e-01 4.614555115650319506e-01 1.951553937962341445e-01 5.209934308160810712e-01 3.989618562889943876e-01 4.795908449987124622e-01 5.461921097028310523e-02 6.450351990510537759e-01 6.481719320579828469e-01 3.904567887496935841e-01 6.103129945242307119e-01 8.872972829323639843e-01 6.392028534792959515e-01 6.190347829477804709e-01 7.977148118922812170e-01 0.000000000000000000e+00 7.923057816078622473e-01 6.775680538243988860e-02 4.392602449302012158e-01 5.864031024957842009e-01 5.804512177447360699e-01 5.491837875098599664e-01 6.420750680388864762e-01 3.746324909416159921e-01 5.320721541602292382e-01 6.923489434717269297e-01
8.717810546769799718e-02 2.207158381420196713e-01 4.767559458209909562e-01 9.145767945968068524e-01 7.710515507057003060e-01 7.940670636859370468e-01 2.458154908765230462e-01 5.070661960846449823e-01 4.479870484271989972e-01 6.262021852436955305e-01 5.780621029377744913e-01 8.239007812412997289e-01 4.779087977649830177e-01 5.747505227781222192e-01 4.248939139288977485e-01 3.324355619334567469e-01 5.060937642727091346e-01 4.124591958339799413e-01 4.454619192028898000e-01 5.116116106696684263e-01 4.680981014205461421e-01 7.965055623087886616e-01 6.617884811862051464e-01 3.683278372353351315e-01 7.923057816078622473e-01 0.000000000000000000e+00 3.754745282412795815e-01 8.855683363770230354e-01 8.182144231087065123e-01 4.756026501833856002e-01 2.993604855232613327e-01 6.896743365616904153e-01 8.559823243949535865e-01 4.161217326846598508e-01 5.118276679523291461e-01
6.390139718951926007e-01 2.338400690025586037e-01 4.558739636553903463e-01 7.387797466024008664e-01 2.640547855605462901e-01 8.185377691238895359e-01 6.286020240171968920e-01 7.682488130588506214e-01 5.530539012369704022e-01 9.162725513604603744e-01 9.494515638413714154e-01 7.096626929547760199e-01 7.432163251261524328e-01 8.227829351278687087e-01 5.336338707810055482e-01 8.141547537434186133e-01 9.285106919618474342e-01 6.832061204351486117e-01 5.046912692655516341e-01 7.492494974835876009e-01 4.780544357200732231e-01 7.175229732691055240e-01 7.809086255612742722e-01 4.437935714666497722e-01 6.775680538243988860e-02 3.754745282412795815e-01 0.000000000000000000e+00 4.216995367662138006e-01 5.874571294810896349e-01 2.234620679518419251e-01 5.594066862363255010e-01 2.142247517193389683e-01 5.174191693207171872e-01 7.247876100405004074e-01 5.314165707205791289e-01
6.151428401849562411e-01 8.112029649434178147e-01 8.649562618998158925e-01 4.409962174717454997e-01 3.749199535691816187e-01 9.027136235929373864e-01 9.493521975929430923e-01 5.478970204881814521e-01 1.480204999555918555e-01 7.312088574237690652e-01 5.078686899262284671e-01 5.866733420758541984e-01 5.805241799498012112e-01 7.683310915924767004e-01 3.990922635652363049e-01 8.204220259245615932e-01 5.510281531958107770e-01 2.041781597271149495e-01 5.608818192621383147e-01 7.418080581592481071e-01 2.718090858888702055e-01 5.267570637149689983e-01 6.996679255795068553e-02 4.792595759666711808e-01 4.392602449302012158e-01 8.855683363770230354e-01 4.216995367662138006e-01 0.000000000000000000e+00 5.253204185106294943e-01 4.056081086251452916e-01 7.429558087983417769e-01 5.596292372550761840e-01 7.647784083421246271e-01 8.039795462542808080e-01 6.640782700793851356e-01
3.561150471368773607e-01 7.051598140207198107e-01 3.199212518241977277e-01 6.547255782624012976e-01 8.507119437548325003e-01 5.347164955381099594e-01 6.886974408690167415e-01 4.360377054634685945e-01 1.707068280805484894e-01 9.332052218090478579e-01 3.937066143952584474e-01 4.117985454482104291e-01 6.976587764922614898e-01 7.867244009955578488e-01 7.942330010612407287e-01 1.370720346123435185e-01 8.035528459503474830e-01 4.082489990355262499e-01 6.294281762239986033e-01 4.249621485566288936e-01 4.823156662399158967e-01 8.653135519280934496e-01 7.768378402670046423e-01 4.779576739045101608e-01 5.864031024957842009e-01 8.182144231087065123e-01 5.874571294810896349e-01 5.253204185106294943e-01 0.000000000000000000e+00 7.338315848886624027e-01 4.780617745786100992e-01 3.859394122309510178e-01 1.341672124669031074e-01 7.288400758381761158e-01 4.001704034020719947e-01
2.747489111962279074e-01 9.066356636206358566e-01 5.617406808101897964e-01 6.793924267335755829e-01 8.571985650379795318e-01 6.971372716910204659e-01 4.987755274740199307e-01 3.388528598848130624e-01 8.384589509343741698e-01 5.933555002229710107e-01 4.566487750001418378e-01 7.425213962281180802e-01 4.687026213206604841e-01 4.699481093539004117e-01 5.373256205464012059e-01 2.887828416700810585e-01 8.847547633071041195e-01 3.395035562369751458e-01 7.068751100211587701e-01 4.591853322048970454e-01 4.992307081369225519e-01 4.292233481054704702e-01 5.903038064367519544e-01 9.349504327609570176e-02 5.804512177447360699e-01 4.756026501833856002e-01 2.234620679518419251e-01 4.056081086251452916e-01 7.338315848886624027e-01 0.000000000000000000e+00 7.760667358416943884e-01 7.156959689094690713e-01 6.417719274668057805e-01 6.033699186828651584e-01 2.979046042944410999e-01
5.048291571617186113e-01 5.143888554732701790e-01 5.213652889487483399e-01 6.913354829155833325e-01 2.394923574910848840e-01 5.026259437717228717e-01 5.806446069348440986e-01 7.501214112082642549e-01 8.457665938378549075e-01 7.979472876080213606e-01 4.852120154697915355e-01 5.629350985764223214e-01 6.132848125938265005e-01 5.480907655693390002e-01 2.008417442043152201e-01 8.311089179432969987e-01 6.872665879130861466e-01 6.041779523679438046e-01 8.401824871094815128e-01 4.413682775010383530e-01 8.455731752145282387e-01 7.010095276126266928e-01 5.413031714595264443e-01 8.232595102963340405e-01 5.491837875098599664e-01 2.993604855232613327e-01 5.594066862363255010e-01 7.429558087983417769e-01 4.780617745786100992e-01 7.760667358416943884e-01 0.000000000000000000e+00 2.319851935552695865e-01 2.660339706399084125e-01 6.488240212742041324e-01 5.679675290247212516e-01
7.602280809418693330e-01 4.512525941456134171e-01 7.516869386444715584e-01 3.617518658446491897e-01 6.287902153639265412e-01 6.077176488545008581e-01 3.983020255955199707e-01 7.300937818859700723e-01 2.118200784009197923e-01 7.323732057596948897e-01 7.540400561018850700e-01 6.496156444819891629e-01 7.729587201368872673e-01 1.692235818183881468e-01 8.511597267558015378e-01 5.778289271523671111e-01 7.955401273488518221e-01 7.774947974928845262e-01 4.032437318454070163e-01 1.953677658866798117e-01 3.584286378625557434e-01 4.186063625167568691e-01 4.351953931112425011e-01 8.246036187376961646e-01 6.420750680388864762e-01 6.896743365616904153e-01 2.142247517193389683e-01 5.596292372550761840e-01 3.859394122309510178e-01 7.156959689094690713e-01 2.319851935552695865e-01 0.000000000000000000e+00 5.927695234354444231e-01 6.276568443226853145e-01 7.353029580769607776e-01
6.665357204336116448e-01 9.040577464638275274e-01 5.021679927879785232e-01 4.468330823483565029e-01 5.151145265935419548e-01 1.760369182738424909e-01 2.924236414861497435e-01 5.492708833696198223e-01 7.755572110175514844e-01 7.422158342188605040e-01 4.355142156238662188e-01 2.739928264097692967e-01 3.781493668895866689e-01 3.640960674226277893e-01 5.162653060151931594e-01 9.349837864349723748e-01 2.707772332194799958e-01 6.378135547115005854e-01 8.995765614264006338e-02 2.543130622759631199e-01 5.688445645373978454e-01 7.280955716924648602e-01 5.085696365261753726e-01 3.455214480145675782e-01 3.746324909416159921e-01 8.559823243949535865e-01 5.174191693207171872e-01 7.647784083421246271e-01 1.341672124669031074e-01 6.417719274668057805e-01 2.660339706399084125e-01 5.927695234354444231e-01 0.000000000000000000e+00 6.695002139472580049e-01 9.037290447059214138e-01
5.486941780807790270e-01 5.513833354752085691e-01 4.947357566584846267e-01 4.773726239103560087e-01 7.351888461484602511e-01 2.767029777900615328e-01 4.794900349060008948e-01 8.663353954511655575e-01 2.074685160687974594e-01 7.717906730874932730e-01 6.981163783583880234e-01 4.718805707374975067e-01 2.582008708893940296e-01 6.976064187234585212e-01 6.361191696261707662e-01 7.620518157186222385e-01 2.756122594803637194e-01 7.974513533157657763e-01 2.130512071288847009e-01 9.081760172864010716e-01 8.602762698571180255e-01 6.923772883642255183e-01 5.002795131551716068e-01 6.900133325771896642e-01 5.320721541602292382e-01 4.161217326846598508e-01 7.247876100405004074e-01 8.039795462542808080e-01 7.288400758381761158e-01 6.033699186828651584e-01 6.488240212742041324e-01 6.276568443226853145e-01 6.695002139472580049e-01 0.000000000000000000e+00 2.055907733431829865e-01
2.670180059254334548e-02 9.994732727830113461e-02 6.155010086833719862e-01 3.632486126846214969e-01 1.793226089978998683e-01 4.915696392278182114e-01 4.279529857406029758e-01 5.389935926339108896e-01 4.003063741915701690e-01 6.835815789230842432e-01 8.840848266390164412e-01 6.793428025500480860e-01 2.802142102414638680e-01 4.848344212895845939e-01 7.278775753662103387e-01 7.702463343921481798e-01 8.335407773836602807e-01 8.789816443852429551e-01 4.921914229250206607e-01 7.027698978762775273e-02 6.807016080395001945e-01 2.887872666556996482e-01 5.097301151595258206e-01 1.935726690092648417e-01 6.923489434717269297e-01 5.118276679523291461e-01 5.314165707205791289e-01 6.640782700793851356e-01 4.001704034020719947e-01 2.979046042944410999e-01 5.679675290247212516e-01 7.353029580769607776e-01 9.037290447059214138e-01 2.055907733431829865e-01 0.000000000000000000e+00
