0.000000000000000000e+00 6.111529560105470882e-01 4.513039010187621658e-01 5.493236016877732775e-01 1.640149224359266356e-01 3.976334747174906092e-01 8.068056713318374484e-01 1.994252213474961843e-01 5.822196596445495809e-01 3.800052079515974235e-01 1.335998475471026348e-01 7.543870322786327964e-01 6.434813878232963358e-01 5.945648736276034629e-01 6.282188498221049633e-01 5.424964247048961186e-01 2.752740102483930418e-01 7.117828303365453246e-01 3.706342547413328803e-01 7.205904666404453485e-01 2.266964806421971068e-01 6.862333524714443467e-01 1.087081337287000293e-01 6.292779146011542313e-01 4.382232056560254607e-01 6.087740265328176470e-01 5.331640957452588037e-01 4.851963545469316075e-01 8.644782693548362928e-01 5.995694741873345279e-01 6.742728047231655308e-01 2.940022940278963492e-01 2.889291525951607209e-01 5.832934583531350636e-01 7.065773482595359978e-01
6.111529560105470882e-01 0.000000000000000000e+00 7.112423642197822637e-01 4.308243797112949469e-01 4.051135986700148406e-01 1.038008393946504571e-01 7.280254392285590015e-01 3.157383658900363432e-01 3.988274813216168280e-01 4.795143724887505066e-01 7.365588015716482140e-01 7.561970251252850828e-01 3.056571624145377197e-01 7.865030595868036656e-01 8.976259925198443179e-01 5.995795645943305940e-01 4.481298254140252402e-01 8.250515676962080214e-01 6.843876290407383545e-01 4.546138879095438234e-01 9.043692549981019457e-01 4.176326210125991811e-01 6.007249521089654820e-01 3.766342615406900185e-01 5.726036862644419134e-01 6.736950328144759581e-01 5.286409287512990884e-01 3.372160472727756542e-01 4.743783529080619621e-01 6.786691902801711418e-02 6.769842619666933681e-01 7.994719413663239349e-01 5.096879640417395496e-01 2.603549575469227273e-01 7.165726593908927633e-01
4.513039010187621658e-01 7.112423642197822637e-01 0.000000000000000000e+00 3.331548669195886214e-01 8.866407422570357078e-01 6.601936141820172743e-01 5.078572707369383155e-01 6.363990422998215823e-01 2.479048748810076253e-01 6.159125992055429766e-01 5.294130827880803025e-01 7.999614241553207883e-01 5.277341975286125031e-01 5.361524759459719291e-01 5.472079113791106231e-01 8.686531937447830032e-01 4.473828013909882384e-01 5.965802881391315537e-01 6.956926906358308349e-01 6.295165412940657568e-01 3.736164777131429915e-01 4.286161129619210364e-01 5.591905709025091209e-01 7.147945939673927551e-01 7.140307009984303566e-01 4.440788294315594076e-01 4.392972651379319915e-01 5.685305644825938698e-01 4.544546609180840635e-01 3.650783105048419075e-01 6.113980642391336762e-01 4.964283192577176318e-01 3.305170682041214669e-01 5.457596374390376592e-01 6.327437286976430597e-01
5.493236016877732775e-01 4.308243797112949469e-01 3.331548669195886214e-01 0.000000000000000000e+00 8.760348608234184153e-01 6.558181937221798652e-01 7.299413176476865495e-01 6.432223325333807917e-01 3.661145761613608385e-01 6.166434203797966918e-01 6.308319390380914271e-01 4.911888433187413527e-01 2.709636847643990265e-01 5.371395428333545219e-01 8.330850072293672914e-01 7.602454033538281752e-01 1.377806989551254579e-01 4.306325239759971613e-01 7.190426833314500499e-01 9.483309431079076646e-01 2.580047288087107815e-01 9.054182185944250616e-01 7.294741609036979879e-01 1.307442192863526031e-01 3.050973648585698639e-01 4.657134005807833099e-01 1.861283649265155216e-01 6.615198882258142010e-01 7.679995348295571844e-01 4.585693351139915608e-01 5.713393924915775024e-01 4.541093181934121037e-01 2.495192201789452335e-01 5.925405143678570408e-01 7.747817614210947834e-01
1.640149224359266356e-01 4.051135986700148406e-01 8.866407422570357078e-01 8.760348608234184153e-01 0.000000000000000000e+00 3.697756313508004378e-01 5.968411521849521506e-01 6.632191703675780481e-01 4.100753821553058120e-01 7.182008783397000329e-01 5.077783627294516489e-01 5.682951125428962191e-01 1.407935907554086485e-01 9.619447519583224082e-02 1.634371164807041366e-01 2.390481155569214033e-01 5.902080056240009975e-01 6.835064677117331788e-01 2.536221390319612357e-01 5.498016454898113636e-01 1.755575156141453430e-01 4.655128152913102779e-01 4.284713769979646703e-01 2.658559491630415605e-01 6.309805016846972148e-01 3.041175909226074836e-01 6.224926160968404787e-01 2.936217754435790916e-01 1.921455289668720923e-01 4.345046353389550586e-01 6.285550349704017714e-01 6.974645199239408733e-01 4.940506238560172236e-01 5.157263898212192110e-01 4.571131736472429652e-01
3.976334747174906092e-01 1.038008393946504571e-01 6.601936141820172743e-01 6.558181937221798652e-01 3.697756313508004378e-01 0.000000000000000000e+00 6.366959397267532017e-01 3.665361198784917729e-01 3.218730075776421451e-01 3.775930266151727444e-01 1.910522967720224008e-01 8.207973002022161957e-02 6.555940106461271011e-01 5.727060465531285116e-01 7.889280478059814694e-01 2.578141418447584821e-01 3.187254325707270519e-01 2.587015438260906741e-01 8.764986932745717496e-01 6.646720141868491805e-01 1.579129208186182964e-01 3.118168202421293111e-01 5.542367733261386320e-01 2.329613701930800529e-01 3.793151549592552185e-01 8.122195898361155297e-01 1.438230586667699207e-01 7.615573825770127758e-01 3.442044914658582977e-01 5.864892254910254454e-01 7.722365010177899558e-01 1.319830021506117612e-01 2.710807295361483682e-01 9.172152932953370197e-03 4.023251429088325892e-01
8.068056713318374484e-01 7.280254392285590015e-01 5.078572707369383155e-01 7.299413176476865495e-01 5.968411521849521506e-01 6.366959397267532017e-01 0.000000000000000000e+00 5.670901216595332084e-01 5.232221099576876977e-01 7.819324103508962232e-01 7.512701825357392948e-01 6.128657475545737920e-01 4.433592360163615687e-01 1.865695700188761408e-01 8.942487565080829981e-01 1.820429015767810466e-01 6.298910302689051388e-01 6.828760325632857731e-01 7.036332216992982058e-01 7.028232219309162865e-01 6.539631943111956502e-01 7.966825421432314203e-01 6.099251451804806878e-01 6.699773656431535773e-01 2.351743478882296623e-01 2.837784389664212981e-01 9.010909070023460643e-01 3.502966761209902469e-01 6.514879119887162506e-01 8.496627229278070903e-01 7.645652836481652281e-01 4.945344395349675626e-01 1.880309845277389202e-01 3.770948941825206235e-01 7.482771118714826031e-01
1.994252213474961843e-01 3.157383658900363432e-01 6.363990422998215823e-01 6.432223325333807917e-01 6.632191703675780481e-01 3.665361198784917729e-01 5.670901216595332084e-01 0.000000000000000000e+00 1.987210448141880637e-01 2.462864447684338653e-01 7.295804119226523277e-02 4.295301937898914901e-01 2.031522243333221400e-01 5.537877154007504465e-01 4.291540138683054284e-01 4.814359353392339558e-01 4.497938448846341419e-01 2.840109972052551335e-01 6.385315886207406644e-01 3.415858259678212216e-01 5.740466856867542100e-01 4.629583480430414788e-01 1.479435795593303515e-01 8.753245026682797691e-01 8.830421567155114504e-01 3.476541056308597444e-01 3.540476731878301475e-01 4.750407563916544396e-01 7.937148354193230837e-01 5.413518858826689151e-01 7.252667041033444839e-01 4.820560922960062111e-01 2.429148300856023290e-01 3.761922171157279227e-01 4.789726785291718580e-01
5.822196596445495809e-01 3.988274813216168280e-01 2.479048748810076253e-01 3.661145761613608385e-01 4.100753821553058120e-01 3.218730075776421451e-01 5.232221099576876977e-01 1.987210448141880637e-01 0.000000000000000000e+00 8.070070104073551187e-01 2.300917023236108694e-01 5.798278356953180390e-01 3.200954706077648870e-01 5.735267292176454701e-01 4.250841040563552164e-01 4.825956818930662306e-01 4.689391302834611808e-01 5.932820827927236529e-01 2.587896992024562026e-01 1.270021162145738014e-01 5.705567787971663751e-01 3.844916155326331131e-01 3.406419219548374455e-01 4.681804898066148635e-01 5.354739190666266690e-01 5.319593162612056281e-01 3.010107529846398622e-01 6.751421405572393120e-01 4.500811175617102089e-01 4.935660497204245045e-01 4.209531866693531632e-01 1.305785202046220173e-01 7.726767497002532403e-01 5.394362196924861186e-01 8.081087151583592476e-01
3.800052079515974235e-01 4.795143724887505066e-01 6.159125992055429766e-01 6.166434203797966918e-01 7.182008783397000329e-01 3.775930266151727444e-01 7.819324103508962232e-01 2.462864447684338653e-01 8.070070104073551187e-01 0.000000000000000000e+00 2.916183209834538603e-01 7.704670303913006002e-01 5.151825366085058810e-01 1.238180395122649990e-01 3.812440386872957276e-01 3.848951719843640151e-01 1.150595717726756728e-01 2.567960949606454824e-01 4.502020286862420395e-01 5.960019997861381036e-01 2.048829565659358032e-01 5.173020452296694938e-01 3.622167248025366937e-01 5.253841436769581819e-01 7.581860740671890753e-01 4.423213817190070896e-01 4.283885136804189697e-01 2.688818593140135382e-01 3.262007895892842790e-01 4.555638320475595138e-01 8.039062096650528844e-01 4.522961112617099322e-01 2.714822123934736986e-01 4.502537913934165914e-01 7.839608117920559005e-01
1.335998475471026348e-01 7.365588015716482140e-01 5.294130827880803025e-01 6.308319390380914271e-01 5.077783627294516489e-01 1.910522967720224008e-01 7.512701825357392948e-01 7.295804119226523277e-02 2.300917023236108694e-01 2.916183209834538603e-01 0.000000000000000000e+00 5.883587377528516349e-01 8.557193706108167097e-01 2.918397633000805458e-01 4.413137552628402238e-01 6.826508155034597403e-01 2.446935380154138251e-01 5.884832753011570716e-01 2.987464432825759908e-01 8.488466352032617568e-01 5.312250534938445234e-01 3.937577486781245195e-01 5.420793201893309154e-01 4.707232982467585702e-01 2.906087164888322416e-01 4.623596626306977764e-01 1.492832084153369321e-01 8.085849622765253208e-01 4.419497828494869385e-01 5.024338417994484995e-01 1.865668191764309758e-01 3.457914334080081087e-01 4.429580013169616137e-01 3.701396474463831687e-01 7.338316312404856712e-01
7.543870322786327964e-01 7.561970251252850828e-01 7.999614241553207883e-01 4.911888433187413527e-01 5.682951125428962191e-01 8.207973002022161957e-02 6.128657475545737920e-01 4.295301937898914901e-01 5.798278356953180390e-01 7.704670303913006002e-01 5.883587377528516349e-01 0.000000000000000000e+00 8.100354401041357510e-01 1.731757218784077956e-01 4.882238236572917223e-01 2.433732913111415486e-01 4.735204983038093784e-01 3.517499652430858270e-01 3.142465003188881223e-01 4.419600171904980446e-01 3.010063061326390121e-01 3.860666202923871415e-01 3.983822955986973113e-01 8.369998956791854239e-01 3.300921786383843037e-01 8.016128973218273890e-01 1.696468886437830781e-01 7.101151263563447724e-01 8.577952057822768595e-01 6.761917539651288722e-01 7.936693387584679016e-01 6.004625778010527215e-01 7.527134869878792101e-01 7.655536042454670342e-01 8.982401087753724145e-01
6.434813878232963358e-01 3.056571624145377197e-01 5.277341975286125031e-01 2.709636847643990265e-01 1.407935907554086485e-01 6.555940106461271011e-01 4.433592360163615687e-01 2.031522243333221400e-01 3.200954706077648870e-01 5.151825366085058810e-01 8.557193706108167097e-01 8.100354401041357510e-01 0.000000000000000000e+00 6.675144855656863774e-01 2.969992522759246079e-01 3.087396198943713199e-01 6.132597347045327663e-01 2.550557431647867968e-01 4.689046649251605858e-01 7.632546992506037409e-01 9.506986581564971228e-01 3.711543786387478949e-01 4.470470554791377560e-01 6.799073081591053835e-01 9.015882968727995106e-02 4.905858776939061028e-01 5.422241109443984852e-01 4.979910390994290448e-01 4.341933807434795733e-01 6.924609509636386884e-01 7.647708831605556368e-01 3.122793496873119690e-01 1.219001584058436727e-01 4.402616398545201593e-01 1.218470696734361702e-01
5.945648736276034629e-01 7.865030595868036656e-01 5.361524759459719291e-01 5.371395428333545219e-01 9.619447519583224082e-02 5.727060465531285116e-01 1.865695700188761408e-01 5.537877154007504465e-01 5.735267292176454701e-01 1.238180395122649990e-01 2.918397633000805458e-01 1.731757218784077956e-01 6.675144855656863774e-01 0.000000000000000000e+00 3.701744511117034397e-01 4.481579867386275007e-01 2.778014715429859560e-01 3.296287409251231759e-01 1.460207584454705776e-01 4.264454086849925329e-01 7.405102589025807092e-01 5.134851116247967084e-01 5.593366900402343411e-01 4.386220098146055846e-01 6.888198088009260811e-01 7.424002011445737237e-01 4.067457257162211959e-01 9.179864813831777326e-01 6.084968334035907311e-01 2.813856335332134417e-01 3.983127562728657201e-01 7.694905075645652737e-01 8.834426518775064796e-01 5.265415451501014310e-01 5.039591405702099625e-01
6.282188498221049633e-01 8.976259925198443179e-01 5.472079113791106231e-01 8.330850072293672914e-01 1.634371164807041366e-01 7.889280478059814694e-01 8.942487565080829981e-01 4.291540138683054284e-01 4.250841040563552164e-01 3.812440386872957276e-01 4.413137552628402238e-01 4.882238236572917223e-01 2.969992522759246079e-01 3.701744511117034397e-01 0.000000000000000000e+00 7.431499438849960004e-01 4.699871099435316557e-01 5.351501247937067163e-01 1.607805147244048549e-01 5.829534985882959264e-01 4.026361193012129580e-01 4.390196459125282891e-01 7.267009885987266715e-01 2.425325493631014240e-01 3.969687889082313959e-01 4.876618459871913669e-01 8.872074733981363259e-01 7.991980806843271834e-01 4.312768553339678679e-01 6.238478566730006891e-01 7.248267717720728864e-01 4.884079185331798856e-01 4.269976497403805138e-01 7.451810029785195244e-01 5.341511376828128599e-01
5.424964247048961186e-01 5.995795645943305940e-01 8.686531937447830032e-01 7.602454033538281752e-01 2.390481155569214033e-01 2.578141418447584821e-01 1.820429015767810466e-01 4.814359353392339558e-01 4.825956818930662306e-01 3.848951719843640151e-01 6.826508155034597403e-01 2.433732913111415486e-01 3.087396198943713199e-01 4.481579867386275007e-01 7.431499438849960004e-01 0.000000000000000000e+00 2.997342686254935717e-01 6.030741075264913764e-01 6.307699587900937876e-01 2.903887500366514329e-01 7.414779634043766610e-01 6.138055138701579150e-01 2.572942672053125657e-01 5.777890757942187872e-01 5.249869287256332395e-01 9.459180361751386990e-01 9.696911868838593573e-01 5.658247594517586965e-01 4.586202900415141670e-01 3.319625093645257596e-01 5.337800776529135760e-01 5.359817862650635423e-01 4.092982192851185586e-01 6.515364691252973905e-01 6.881339427126222930e-01
2.752740102483930418e-01 4.481298254140252402e-01 4.473828013909882384e-01 1.377806989551254579e-01 5.902080056240009975e-01 3.187254325707270519e-01 6.298910302689051388e-01 4.497938448846341419e-01 4.689391302834611808e-01 1.150595717726756728e-01 2.446935380154138251e-01 4.735204983038093784e-01 6.132597347045327663e-01 2.778014715429859560e-01 4.699871099435316557e-01 2.997342686254935717e-01 0.000000000000000000e+00 4.951860067146224842e-01 4.981826315287924412e-01 2.069522791068776346e-01 4.706942896231453011e-01 7.647619244767627222e-01 4.741409205197695265e-01 3.559772327969857875e-01 3.958233413198195549e-01 2.454994648525441470e-01 2.529942473595128694e-01 3.420871624888537910e-01 5.684322882969167212e-01 3.932569139403966352e-01 7.264293010425113550e-01 4.956211288840068896e-01 5.070749243315841870e-01 6.717182192929476159e-01 8.288567831830837562e-01
7.117828303365453246e-01 8.250515676962080214e-01 5.965802881391315537e-01 4.306325239759971613e-01 6.835064677117331788e-01 2.587015438260906741e-01 6.828760325632857731e-01 2.840109972052551335e-01 5.932820827927236529e-01 2.567960949606454824e-01 5.884832753011570716e-01 3.517499652430858270e-01 2.550557431647867968e-01 3.296287409251231759e-01 5.351501247937067163e-01 6.030741075264913764e-01 4.951860067146224842e-01 0.000000000000000000e+00 2.038461543735378134e-01 4.427467616948967954e-01 6.600691192963354936e-01 6.824404864994251252e-01 5.387457582356676156e-01 4.044784731317124793e-01 2.396276486514131721e-01 1.642407361353056539e-01 4.299456855566713420e-01 3.106726805008321879e-01 5.008360314225059895e-01 6.763553330234852723e-01 2.755725167427725553e-01 1.969049090457088980e-01 6.067580305808323304e-01 5.216474679138490833e-01 5.770600558679148673e-01
3.706342547413328803e-01 6.843876290407383545e-01 6.956926906358308349e-01 7.190426833314500499e-01 2.536221390319612357e-01 8.764986932745717496e-01 7.036332216992982058e-01 6.385315886207406644e-01 2.587896992024562026e-01 4.502020286862420395e-01 2.987464432825759908e-01 3.142465003188881223e-01 4.689046649251605858e-01 1.460207584454705776e-01 1.607805147244048549e-01 6.307699587900937876e-01 4.981826315287924412e-01 2.038461543735378134e-01 0.000000000000000000e+00 4.562338631343466622e-01 1.945752532070536001e-01 2.962736110928012589e-01 5.088303038240039600e-01 3.837457483077543197e-01 8.822508126551286134e-01 4.449898230277803401e-01 8.211906229748260344e-01 4.974800408188496115e-01 9.699413105593124307e-02 6.887917597182259266e-01 7.386988539889525196e-01 6.857934973675291479e-01 2.958742502850248979e-01 9.780829110357109890e-01 4.549475913053102616e-01
7.205904666404453485e-01 4.546138879095438234e-01 6.295165412940657568e-01 9.483309431079076646e-01 5.498016454898113636e-01 6.646720141868491805e-01 7.028232219309162865e-01 3.415858259678212216e-01 1.270021162145738014e-01 5.960019997861381036e-01 8.488466352032617568e-01 4.419600171904980446e-01 7.632546992506037409e-01 4.264454086849925329e-01 5.829534985882959264e-01 2.903887500366514329e-01 2.069522791068776346e-01 4.427467616948967954e-01 4.562338631343466622e-01 0.000000000000000000e+00 6.255155389663813459e-01 5.138152743441822823e-01 6.060297737945042895e-01 5.477106255352948150e-01 7.463896846395459139e-01 2.595182279383558832e-01 5.526263487751261749e-01 6.306454482656487226e-01 2.691992036363098362e-01 4.287600055357323470e-01 7.347802329149838441e-01 6.672593411012648357e-01 4.371362424404048319e-01 6.474855193299758893e-01 9.495575574227417270e-01
2.266964806421971068e-01 9.043692549981019457e-01 3.736164777131429915e-01 2.580047288087107815e-01 1.755575156141453430e-01 1.579129208186182964e-01 6.539631943111956502e-01 5.740466856867542100e-01 5.705567787971663751e-01 2.048829565659358032e-01 5.312250534938445234e-01 3.010063061326390121e-01 9.506986581564971228e-01 7.405102589025807092e-01 4.026361193012129580e-01 7.414779634043766610e-01 4.706942896231453011e-01 6.600691192963354936e-01 1.945752532070536001e-01 6.255155389663813459e-01 0.000000000000000000e+00 6.144324344885987443e-01 5.032704459660494178e-01 4.092779221223179498e-01 7.385289096831350042e-01 1.803004190893816583e-01 6.492760348138391091e-01 4.832124261545052701e-01 7.118245110233375472e-01 7.616615761538847451e-01 8.336221943894315256e-01 4.820014294942289723e-01 8.219355023095796797e-01 6.182138260967147136e-01 7.178538084526753238e-01
6.862333524714443467e-01 4.176326210125991811e-01 4.286161129619210364e-01 9.054182185944250616e-01 4.655128152913102779e-01 3.118168202421293111e-01 7.966825421432314203e-01 4.629583480430414788e-01 3.844916155326331131e-01 5.173020452296694938e-01 3.937577486781245195e-01 3.860666202923871415e-01 3.711543786387478949e-01 5.134851116247967084e-01 4.390196459125282891e-01 6.138055138701579150e-01 7.647619244767627222e-01 6.824404864994251252e-01 2.962736110928012589e-01 5.138152743441822823e-01 6.144324344885987443e-01 0.000000000000000000e+00 3.512618159139467289e-01 1.689079530548021069e-01 4.264299337412385538e-01 4.602379276347430270e-01 5.498030822156871888e-01 5.593130890990580806e-01 6.382917767667894982e-01 9.202257810885849931e-01 3.436351730129464377e-01 6.374089088033954020e-01 6.424963068959929080e-01 5.096727719592046846e-01 4.486857346281736825e-01
1.087081337287000293e-01 6.007249521089654820e-01 5.591905709025091209e-01 7.294741609036979879e-01 4.284713769979646703e-01 5.542367733261386320e-01 6.099251451804806878e-01 1.479435795593303515e-01 3.406419219548374455e-01 3.622167248025366937e-01 5.420793201893309154e-01 3.983822955986973113e-01 4.470470554791377560e-01 5.593366900402343411e-01 7.267009885987266715e-01 2.572942672053125657e-01 4.741409205197695265e-01 5.387457582356676156e-01 5.088303038240039600e-01 6.060297737945042895e-01 5.032704459660494178e-01 3.512618159139467289e-01 0.000000000000000000e+00 7.272092622307465559e-01 4.678247209032938558e-01 6.756350531475885379e-02 3.087351856337650080e-01 9.365273164442251552e-01 6.689852060635498310e-01 4.872572928216583055e-01 4.778882324546472882e-01 7.515414538194260530e-01 6.507117595332690962e-01 8.266773314451880683e-01 4.120356411520335604e-01
6.292779146011542313e-01 3.766342615406900185e-01 7.147945939673927551e-01 1.307442192863526031e-01 2.658559491630415605e-01 2.329613701930800529e-01 6.699773656431535773e-01 8.753245026682797691e-01 4.681804898066148635e-01 5.253841436769581819e-01 4.707232982467585702e-01 8.369998956791854239e-01 6.799073081591053835e-01 4.386220098146055846e-01 2.425325493631014240e-01 5.777890757942187872e-01 3.559772327969857875e-01 4.044784731317124793e-01 3.837457483077543197e-01 5.477106255352948150e-01 4.092779221223179498e-01 1.689079530548021069e-01 7.272092622307465559e-01 0.000000000000000000e+00 6.950987424421241068e-01 7.495616544483683086e-01 3.644714021425825567e-01 9.302708098181060592e-01 5.436676686707688777e-01 4.422880655545050055e-01 8.527661686766150329e-01 6.472366539172579314e-01 1.726822251266494357e-01 3.473217350951636195e-01 4.323116457493980658e-01
4.382232056560254607e-01 5.726036862644419134e-01 7.140307009984303566e-01 3.050973648585698639e-01 6.309805016846972148e-01 3.793151549592552185e-01 2.351743478882296623e-01 8.830421567155114504e-01 5.354739190666266690e-01 7.581860740671890753e-01 2.906087164888322416e-01 3.300921786383843037e-01 9.015882968727995106e-02 6.888198088009260811e-01 3.969687889082313959e-01 5.249869287256332395e-01 3.958233413198195549e-01 2.396276486514131721e-01 8.822508126551286134e-01 7.463896846395459139e-01 7.385289096831350042e-01 4.264299337412385538e-01 4.678247209032938558e-01 6.950987424421241068e-01 0.000000000000000000e+00 3.795100597335873127e-01 5.164789811546554033e-01 7.095902265508566842e-01 4.914710402785981702e-01 3.103163265022761408e-01 6.530659782356773579e-01 1.234316118556869624e-01 5.307992858154980675e-01 6.404492082049679791e-01 5.483471780042236121e-01
6.087740265328176470e-01 6.736950328144759581e-01 4.440788294315594076e-01 4.657134005807833099e-01 3.041175909226074836e-01 8.122195898361155297e-01 2.837784389664212981e-01 3.476541056308597444e-01 5.319593162612056281e-01 4.423213817190070896e-01 4.623596626306977764e-01 8.016128973218273890e-01 4.905858776939061028e-01 7.424002011445737237e-01 4.876618459871913669e-01 9.459180361751386990e-01 2.454994648525441470e-01 1.642407361353056539e-01 4.449898230277803401e-01 2.595182279383558832e-01 1.803004190893816583e-01 4.602379276347430270e-01 6.756350531475885379e-02 7.495616544483683086e-01 3.795100597335873127e-01 0.000000000000000000e+00 1.929034617101618165e-01 6.797636595951619398e-01 2.916711446371372807e-01 7.642551033796707305e-01 8.408802628936913326e-01 5.585755459292788272e-01 2.350462618420542382e-01 3.013471860388481360e-01 3.580533973326613939e-01
5.331640957452588037e-01 5.286409287512990884e-01 4.392972651379319915e-01 1.861283649265155216e-01 6.224926160968404787e-01 1.438230586667699207e-01 9.010909070023460643e-01 3.540476731878301475e-01 3.010107529846398622e-01 4.283885136804189697e-01 1.492832084153369321e-01 1.696468886437830781e-01 5.422241109443984852e-01 4.067457257162211959e-01 8.872074733981363259e-01 9.696911868838593573e-01 2.529942473595128694e-01 4.299456855566713420e-01 8.211906229748260344e-01 5.526263487751261749e-01 6.492760348138391091e-01 5.498030822156871888e-01 3.087351856337650080e-01 3.644714021425825567e-01 5.164789811546554033e-01 1.929034617101618165e-01 0.000000000000000000e+00 5.276706894312428453e-01 7.527825641067928952e-01 4.586755746234288944e-01 4.405298110119260091e-01 8.589142591458672760e-01 2.785656814756315436e-01 1.950300902405832093e-01 5.331645065304477793e-01
4.851963545469316075e-01 3.372160472727756542e-01 5.685305644825938698e-01 6.615198882258142010e-01 2.936217754435790916e-01 7.615573825770127758e-01 3.502966761209902469e-01 4.750407563916544396e-01 6.751421405572393120e-01 2.688818593140135382e-01 8.085849622765253208e-01 7.101151263563447724e-01 4.979910390994290448e-01 9.179864813831777326e-01 7.991980806843271834e-01 5.658247594517586965e-01 3.420871624888537910e-01 3.106726805008321879e-01 4.974800408188496115e-01 6.306454482656487226e-01 4.832124261545052701e-01 5.593130890990580806e-01 9.365273164442251552e-01 9.302708098181060592e-01 7.095902265508566842e-01 6.797636595951619398e-01 5.276706894312428453e-01 0.000000000000000000e+00 3.366031673937174284e-01 9.315281024777106733e-01 1.902855875428722809e-01 3.734978057117872008e-01 7.139008696841429025e-01 7.832753544872868012e-01 4.172384309415735348e-01
8.644782693548362928e-01 4.743783529080619621e-01 4.544546609180840635e-01 7.679995348295571844e-01 1.921455289668720923e-01 3.442044914658582977e-01 6.514879119887162506e-01 7.937148354193230837e-01 4.500811175617102089e-01 3.262007895892842790e-01 4.419497828494869385e-01 8.577952057822768595e-01 4.341933807434795733e-01 6.084968334035907311e-01 4.312768553339678679e-01 4.586202900415141670e-01 5.684322882969167212e-01 5.008360314225059895e-01 9.699413105593124307e-02 2.691992036363098362e-01 7.118245110233375472e-01 6.382917767667894982e-01 6.689852060635498310e-01 5.436676686707688777e-01 4.914710402785981702e-01 2.916711446371372807e-01 7.527825641067928952e-01 3.366031673937174284e-01 0.000000000000000000e+00 8.421311863782467988e-01 4.754146675484166584e-01 4.034077205604032490e-01 4.302495599756554490e-01 4.715421557443232325e-01 5.807543011466835825e-01
5.995694741873345279e-01 6.786691902801711418e-02 3.650783105048419075e-01 4.585693351139915608e-01 4.345046353389550586e-01 5.864892254910254454e-01 8.496627229278070903e-01 5.413518858826689151e-01 4.935660497204245045e-01 4.555638320475595138e-01 5.024338417994484995e-01 6.761917539651288722e-01 6.924609509636386884e-01 2.813856335332134417e-01 6.238478566730006891e-01 3.319625093645257596e-01 3.932569139403966352e-01 6.763553330234852723e-01 6.887917597182259266e-01 4.287600055357323470e-01 7.616615761538847451e-01 9.202257810885849931e-01 4.872572928216583055e-01 4.422880655545050055e-01 3.103163265022761408e-01 7.642551033796707305e-01 4.586755746234288944e-01 9.315281024777106733e-01 8.421311863782467988e-01 0.000000000000000000e+00 5.433312452317129448e-01 7.321534235880735597e-01 9.319190471855134383e-01 9.458658193204954046e-01 5.664135448655905902e-01
6.742728047231655308e-01 6.769842619666933681e-01 6.113980642391336762e-01 5.713393924915775024e-01 6.285550349704017714e-01 7.722365010177899558e-01 7.645652836481652281e-01 7.252667041033444839e-01 4.209531866693531632e-01 8.039062096650528844e-01 1.865668191764309758e-01 7.936693387584679016e-01 7.647708831605556368e-01 3.983127562728657201e-01 7.248267717720728864e-01 5.337800776529135760e-01 7.264293010425113550e-01 2.755725167427725553e-01 7.386988539889525196e-01 7.347802329149838441e-01 8.336221943894315256e-01 3.436351730129464377e-01 4.778882324546472882e-01 8.527661686766150329e-01 6.530659782356773579e-01 8.408802628936913326e-01 4.405298110119260091e-01 1.902855875428722809e-01 4.754146675484166584e-01 5.433312452317129448e-01 0.000000000000000000e+00 3.454778054473992555e-01 4.606623150260347188e-01 3.626082133115026696e-01 2.994238017614702096e-01
2.940022940278963492e-01 7.994719413663239349e-01 4.964283192577176318e-01 4.541093181934121037e-01 6.974645199239408733e-01 1.319830021506117612e-01 4.945344395349675626e-01 4.820560922960062111e-01 1.305785202046220173e-01 4.522961112617099322e-01 3.457914334080081087e-01 6.004625778010527215e-01 3.122793496873119690e-01 7.694905075645652737e-01 4.884079185331798856e-01 5.359817862650635423e-01 4.956211288840068896e-01 1.969049090457088980e-01 6.857934973675291479e-01 6.672593411012648357e-01 4.820014294942289723e-01 6.374089088033954020e-01 7.515414538194260530e-01 6.472366539172579314e-01 1.234316118556869624e-01 5.585755459292788272e-01 8.589142591458672760e-01 3.734978057117872008e-01 4.034077205604032490e-01 7.321534235880735597e-01 3.454778054473992555e-01 0.000000000000000000e+00 3.710732898369626387e-01 8.222250132498174491e-01 4.079509524916151708e-01
2.889291525951607209e-01 5.096879640417395496e-01 3.305170682041214669e-01 2.495192201789452335e-01 4.940506238560172236e-01 2.710807295361483682e-01 1.880309845277389202e-01 2.429148300856023290e-01 7.726767497002532403e-01 2.714822123934736986e-01 4.429580013169616137e-01 7.527134869878792101e-01 1.219001584058436727e-01 8.834426518775064796e-01 4.269976497403805138e-01 4.092982192851185586e-01 5.070749243315841870e-01 6.067580305808323304e-01 2.958742502850248979e-01 4.371362424404048319e-01 8.219355023095796797e-01 6.424963068959929080e-01 6.507117595332690962e-01 1.726822251266494357e-01 5.307992858154980675e-01 2.350462618420542382e-01 2.785656814756315436e-01 7.139008696841429025e-01 4.302495599756554490e-01 9.319190471855134383e-01 4.606623150260347188e-01 3.710732898369626387e-01 0.000000000000000000e+00 2.297311870565195702e-01 6.321310365837834455e-01
5.832934583531350636e-01 2.603549575469227273e-01 5.457596374390376592e-01 5.925405143678570408e-01 5.157263898212192110e-01 9.172152932953370197e-03 3.770948941825206235e-01 3.761922171157279227e-01 5.394362196924861186e-01 4.502537913934165914e-01 3.701396474463831687e-01 7.655536042454670342e-01 4.402616398545201593e-01 5.265415451501014310e-01 7.451810029785195244e-01 6.515364691252973905e-01 6.717182192929476159e-01 5.216474679138490833e-01 9.780829110357109890e-01 6.474855193299758893e-01 6.182138260967147136e-01 5.096727719592046846e-01 8.266773314451880683e-01 3.473217350951636195e-01 6.404492082049679791e-01 3.013471860388481360e-01 1.950300902405832093e-01 7.832753544872868012e-01 4.715421557443232325e-01 9.458658193204954046e-01 3.626082133115026696e-01 8.222250132498174491e-01 2.297311870565195702e-01 0.000000000000000000e+00 4.761887740822394743e-01
7.065773482595359978e-01 7.165726593908927633e-01 6.327437286976430597e-01 7.747817614210947834e-01 4.571131736472429652e-01 4.023251429088325892e-01 7.482771118714826031e-01 4.789726785291718580e-01 8.081087151583592476e-01 7.839608117920559005e-01 7.338316312404856712e-01 8.982401087753724145e-01 1.218470696734361702e-01 5.039591405702099625e-01 5.341511376828128599e-01 6.881339427126222930e-01 8.288567831830837562e-01 5.770600558679148673e-01 4.549475913053102616e-01 9.495575574227417270e-01 7.178538084526753238e-01 4.486857346281736825e-01 4.120356411520335604e-01 4.323116457493980658e-01 5.483471780042236121e-01 3.580533973326613939e-01 5.331645065304477793e-01 4.172384309415735348e-01 5.807543011466835825e-01 5.664135448655905902e-01 2.994238017614702096e-01 4.079509524916151708e-01 6.321310365837834455e-01 4.761887740822394743e-01 0.000000000000000000e+00
