0.000000000000000000e+00 8.518958120038822024e-01 2.017010298809074342e-02 5.484317789223275286e-01 9.545262936709120183e-02 4.699748428414677881e-01 6.413015327479487659e-01 3.322529053611014138e-01 5.711345423896482254e-01 8.433489794298316689e-01 3.461257080718685986e-01 6.728047006796051832e-01 3.003531525627224363e-01 4.390653454485954899e-01 8.102568941122630930e-01 5.339098781634882274e-01 5.372180469720222451e-01 1.158888207405055493e-01 8.759522202506460076e-01 4.570633693839178391e-01 4.509679730278903231e-01 6.049812288398553894e-01 4.254471962106162186e-01 3.667529490824923410e-01 3.298183062220698680e-01 2.747967700780319378e-01 7.490166371992537098e-01 3.425657666196437190e-01 4.651790474560280608e-01 2.085084381575922907e-01 5.679284981190123593e-01 5.175956616796607568e-01 6.654299111260880695e-01 3.888431770461053816e-02 3.374961252362445041e-01
8.518958120038822024e-01 0.000000000000000000e+00 4.096308518814044675e-01 4.290026327241593940e-01 7.637988142312764905e-01 5.325207137483447539e-01 5.749321402458368313e-01 7.718205023352111560e-01 6.974388575031552628e-01 2.985346720708982882e-01 2.465830542756464183e-02 6.765944368992667934e-01 4.985163036481037313e-01 2.983838586963661887e-01 5.822420809869401914e-01 1.792327716040681418e-01 3.944102250748145466e-01 4.843869988462968790e-01 2.616073988633457748e-01 3.676553865075098404e-01 5.062458234730167206e-01 5.367222296908877865e-01 1.420365662709587307e-01 4.774857612893859682e-01 8.878772879438958654e-01 3.440117110275241474e-01 5.867954328176863132e-01 4.413231605439343341e-01 4.419080734947916644e-01 9.222886092009878745e-01 3.978229738516105840e-01 3.941803721245764613e-01 8.336034548426509705e-01 3.464247143851980626e-01 6.706585730810522561e-01
2.017010298809074342e-02 4.096308518814044675e-01 0.000000000000000000e+00 4.500884961949859209e-01 5.565860669645816827e-01 8.113796796171111048e-01 1.176211408834638705e-01 4.800278429757709464e-01 9.798814055106501719e-01 6.511092222259561302e-01 1.952924334164766185e-01 5.496198898794766308e-01 4.624261685235084851e-01 9.096366867068440554e-01 5.574223729821072837e-01 5.351698487172318330e-01 9.111246010148312813e-01 6.144837206279433195e-01 4.231825007570955144e-01 4.188405724882318104e-01 7.362352204594080352e-01 6.335032810560764505e-01 8.255797412237448896e-01 6.217426102611879335e-01 7.082660873434669657e-01 9.340251117342909248e-01 9.127918380063293480e-01 6.359128294281850557e-01 9.478620709657736843e-01 4.180487765368168240e-01 3.182537748943693456e-01 4.252391566119282929e-01 5.219701167032977374e-01 4.871722232302784228e-01 6.748636570412879232e-01
5.484317789223275286e-01 4.290026327241593940e-01 4.500884961949859209e-01 0.000000000000000000e+00 4.962098011327628067e-01 5.091783919941124115e-01 6.189471009261289236e-01 3.145069882497897318e-01 2.377084854106747969e-02 8.993995158347546370e-01 9.352225072123701022e-01 8.197643816051728427e-01 6.440472779018645566e-01 2.402374616175531052e-01 4.152238249706661777e-01 4.202329223732078067e-01 3.354872605127398599e-01 8.356826655009846894e-01 4.876870415999692288e-01 3.705061677146560539e-01 1.595440813428405935e-01 7.808462897668548841e-01 5.011289242392946708e-01 8.536511244333182535e-01 9.852611777790993841e-01 9.498161684558374951e-01 4.051012621861713736e-01 5.181371008438315773e-01 4.242329064502266545e-01 6.126288901825848177e-01 6.235954345904637375e-02 3.418276055345325082e-01 7.098071077526775241e-01 5.934197585091098848e-01 3.335288818872897965e-01
9.545262936709120183e-02 7.637988142312764905e-01 5.565860669645816827e-01 4.962098011327628067e-01 0.000000000000000000e+00 5.822683562248691658e-01 3.244034025126720788e-01 5.204189921389799078e-01 3.797750344872461992e-01 5.949230599863144509e-01 5.519084118393937644e-01 6.255783971093948903e-01 7.411457237758205530e-01 3.730424089375015129e-01 5.801710872875693870e-01 3.643533360614231720e-01 8.835623077114673762e-01 4.693569504436789774e-01 3.588080414767461090e-01 5.224360429784149495e-01 1.033132035726909148e-01 3.335827823597454778e-01 3.542655323280229362e-01 9.042110220485255478e-02 3.050061196759981108e-01 6.728886779503051585e-01 1.272656033833970968e-01 7.100169026139435680e-01 7.515353070865782303e-02 4.523510983898950122e-01 6.841622493017900375e-01 2.643488271620354491e-01 5.654439043559592593e-01 2.554483520966803756e-01 3.307008847917229932e-01
4.699748428414677881e-01 5.325207137483447539e-01 8.113796796171111048e-01 5.091783919941124115e-01 5.822683562248691658e-01 0.000000000000000000e+00 3.311887791582266427e-01 4.509480652687497537e-01 4.892845421824539853e-01 4.633148779297489028e-01 5.504275829958236166e-01 3.340953621798135043e-01 7.516680128355812673e-02 4.193181610707474860e-02 1.339778923012327483e-01 8.200954359973711139e-01 6.819864667756732057e-01 3.246693336083862902e-01 5.528991475525406596e-01 4.626168633839188304e-01 9.039538226698440315e-01 4.074957789853936863e-01 7.153493325019371074e-01 8.748876393665516726e-01 2.425301352756974449e-01 6.750462179029539378e-01 5.524022095103235941e-01 4.641487979406712649e-01 7.183667354821066109e-01 8.628360707504322269e-01 8.148972854891868289e-01 5.874350822776530645e-01 8.613567927342009600e-01 5.084635699851218771e-01 1.229525873008197046e-02
6.413015327479487659e-01 5.749321402458368313e-01 1.176211408834638705e-01 6.189471009261289236e-01 3.244034025126720788e-01 3.311887791582266427e-01 0.000000000000000000e+00 7.743325269509777620e-01 1.619184279725047748e-01 3.907400148638512372e-01 1.148172669693089398e-01 4.277126015553670002e-01 5.764696509406610492e-01 3.354059442532276725e-01 2.824803898183729789e-01 9.406378841486651154e-01 4.370747663499047753e-01 5.516803085632483450e-01 4.059589743162753672e-01 7.146108127837653701e-01 4.739347565554445918e-01 5.874325368962383109e-01 8.055597778227980843e-01 7.287187101673817669e-01 2.381285550170585963e-01 4.806838652930094935e-01 7.123584935157862841e-01 5.904891955724046460e-01 3.408912470017133600e-01 5.798908335092977095e-01 7.341072981349502369e-01 7.603797585254469249e-01 4.935609339712828669e-01 6.023808794933200872e-01 4.447203643735273548e-01
3.322529053611014138e-01 7.718205023352111560e-01 4.800278429757709464e-01 3.145069882497897318e-01 5.204189921389799078e-01 4.509480652687497537e-01 7.743325269509777620e-01 0.000000000000000000e+00 7.100333431765115666e-01 5.089505422738473950e-01 3.950793117200986915e-01 3.999345012980664027e-01 3.409431425395148541e-02 3.271320739735640304e-01 7.639401940199359586e-01 5.571439597931187038e-01 8.653819503182570427e-01 4.336486708238028731e-01 2.511239996949796716e-01 5.576706768360650823e-01 4.379959817137849543e-01 8.067308043468519596e-01 6.392266159652171265e-01 5.449036728268210616e-01 4.733909691275262621e-01 4.412556358522986000e-01 8.630472055550764132e-01 2.420969476784255447e-01 8.376269196993801902e-01 8.559506047141660634e-01 4.514346182166313337e-01 1.259359147623204667e-01 5.273647973071702300e-01 2.809706431189887832e-01 7.822620705121825502e-01
5.711345423896482254e-01 6.974388575031552628e-01 9.798814055106501719e-01 2.377084854106747969e-02 3.797750344872461992e-01 4.892845421824539853e-01 1.619184279725047748e-01 7.100333431765115666e-01 0.000000000000000000e+00 4.809596087155034172e-01 5.429350807138233481e-01 5.604671436216297487e-01 1.761747081799706072e-01 5.503981983010675094e-01 4.843603212408066350e-01 5.968040228749530440e-01 4.597281918910963716e-01 5.810870139027817238e-01 1.878163588719559129e-01 7.248901228248166850e-01 7.221408168702835306e-01 5.842675871261109322e-01 5.422963407170140471e-01 7.184176027037374457e-01 7.171175552174378076e-01 6.684383138868024155e-01 4.351665735441516136e-01 4.954463996353306587e-01 9.719060010621028978e-01 3.500903020938861410e-01 7.536800137939430044e-01 5.054220544508466473e-01 7.609492173231604539e-01 1.614642554331797708e-01 7.817606757922690441e-01
8.433489794298316689e-01 2.985346720708982882e-01 6.511092222259561302e-01 8.993995158347546370e-01 5.949230599863144509e-01 4.633148779297489028e-01 3.907400148638512372e-01 5.089505422738473950e-01 4.809596087155034172e-01 0.000000000000000000e+00 2.514049722127763564e-01 7.987920814756295229e-01 4.251248486817713057e-01 7.166146816370991823e-01 7.665288688289162433e-01 2.366515539066766927e-01 7.174488583566194233e-01 4.445030971349738791e-01 4.476299296862315535e-01 7.769353445313140760e-01 4.650898196324293465e-01 4.621325212986461262e-01 6.830218728108052861e-01 7.822653519718387738e-01 8.865357572077918746e-01 5.853064892938721897e-01 5.230004627798305883e-01 7.235299396735349609e-01 3.468831874782424829e-01 4.173955857224875832e-01 7.645363563958379460e-01 8.611049249846314257e-01 6.618883069106865635e-01 4.427973576215870066e-01 5.691960988289934686e-01
3.461257080718685986e-01 2.465830542756464183e-02 1.952924334164766185e-01 9.352225072123701022e-01 5.519084118393937644e-01 5.504275829958236166e-01 1.148172669693089398e-01 3.950793117200986915e-01 5.429350807138233481e-01 2.514049722127763564e-01 0.000000000000000000e+00 4.953244637931378258e-01 8.010589643356720302e-01 1.491053011015448515e-01 2.458667765120544635e-01 1.880391967873200620e-01 9.012270559888075905e-01 7.086793984330344021e-01 3.875685230292851280e-01 9.662113028035226314e-01 8.555504000264152475e-01 4.219652034983329969e-01 5.843514349700948962e-01 5.069530185235452402e-01 8.632078416756745476e-01 8.358111775893749540e-01 6.568951904778861373e-01 1.839365499230170009e-01 5.232042411842074969e-01 4.558326082270280910e-02 4.633764559551054596e-01 4.976706080599969662e-01 3.132791761729377678e-01 8.247094828992538318e-01 2.448310694789862518e-01
6.728047006796051832e-01 6.765944368992667934e-01 5.496198898794766308e-01 8.197643816051728427e-01 6.255783971093948903e-01 3.340953621798135043e-01 4.277126015553670002e-01 3.999345012980664027e-01 5.604671436216297487e-01 7.987920814756295229e-01 4.953244637931378258e-01 0.000000000000000000e+00 8.454866211358517125e-01 3.752972203944731078e-01 6.244130522235548097e-01 3.368351061566842164e-01 5.513714960030116075e-01 2.949523901555059502e-01 8.086109087975883458e-01 6.042021531007560897e-01 4.729637812178446588e-01 3.105699164365862130e-01 4.977600134547375266e-01 7.645780490889111380e-01 7.623848368629737582e-02 6.932175290707243143e-02 4.865709059882221688e-01 3.197550420448220798e-01 8.049367905895025155e-01 4.601722569356423431e-01 6.392777225115675588e-01 7.393410441162329150e-02 9.594137369996947884e-01 4.692808686042385657e-01 5.523690439150166220e-01
3.003531525627224363e-01 4.985163036481037313e-01 4.624261685235084851e-01 6.440472779018645566e-01 7.411457237758205530e-01 7.516680128355812673e-02 5.764696509406610492e-01 3.409431425395148541e-02 1.761747081799706072e-01 4.251248486817713057e-01 8.010589643356720302e-01 8.454866211358517125e-01 0.000000000000000000e+00 4.483527252209304481e-01 6.235613737709826410e-01 6.944939468095749913e-01 2.956002525609279230e-01 5.870170195767553389e-01 4.529158263128774120e-01 3.255863763927656640e-01 8.509793528076889935e-01 2.180354735485318107e-01 7.347510639199641425e-01 7.349799553776119598e-01 4.710110777276791394e-01 4.486401078719228774e-01 4.655787903258123972e-02 5.211334337971464947e-01 5.933320613927000053e-01 1.203479858467410013e-01 5.182496531648597138e-01 3.005034291967924043e-01 4.972784281804523143e-01 3.507737873007933382e-01 3.676121995776625573e-01
4.390653454485954899e-01 2.983838586963661887e-01 9.096366867068440554e-01 2.402374616175531052e-01 3.730424089375015129e-01 4.193181610707474860e-02 3.354059442532276725e-01 3.271320739735640304e-01 5.503981983010675094e-01 7.166146816370991823e-01 1.491053011015448515e-01 3.752972203944731078e-01 4.483527252209304481e-01 0.000000000000000000e+00 3.832877408244840245e-01 4.904410226262643779e-01 5.902374758266628607e-01 4.832102776138529343e-01 5.047585849259822455e-01 6.953440163878825686e-01 4.396777752533997941e-01 7.180720478429027942e-01 9.557724923574806297e-02 2.116982776037319436e-01 4.983953049461981033e-01 3.523170901544411260e-01 1.643421075333243442e-01 7.390137538866852207e-01 4.528852326184971133e-01 7.358582320375071095e-01 9.226303211308795049e-01 3.185272722372547993e-01 2.907265585288235643e-01 6.252928670070811989e-01 4.687349090050663136e-02
8.102568941122630930e-01 5.822420809869401914e-01 5.574223729821072837e-01 4.152238249706661777e-01 5.801710872875693870e-01 1.339778923012327483e-01 2.824803898183729789e-01 7.639401940199359586e-01 4.843603212408066350e-01 7.665288688289162433e-01 2.458667765120544635e-01 6.244130522235548097e-01 6.235613737709826410e-01 3.832877408244840245e-01 0.000000000000000000e+00 5.226228877068793688e-01 7.169998053738543264e-01 5.016873970887677503e-01 2.010909285310442662e-01 4.669952758299151241e-01 3.615081370099937352e-02 4.944477440693044734e-01 3.402913941199574577e-01 3.835721626302278087e-01 9.720970011023256641e-01 5.395240671513485964e-01 7.650700280957339894e-01 6.160465811782085410e-01 6.558014886909353525e-01 5.796670524998168705e-01 1.351181187434509212e-01 8.023856515118354960e-01 4.861585284384681849e-01 1.024122961281024313e-01 4.873866128156010280e-01
5.339098781634882274e-01 1.792327716040681418e-01 5.351698487172318330e-01 4.202329223732078067e-01 3.643533360614231720e-01 8.200954359973711139e-01 9.406378841486651154e-01 5.571439597931187038e-01 5.968040228749530440e-01 2.366515539066766927e-01 1.880391967873200620e-01 3.368351061566842164e-01 6.944939468095749913e-01 4.904410226262643779e-01 5.226228877068793688e-01 0.000000000000000000e+00 5.114706117513805328e-01 5.070525207874903018e-01 9.021355861051669756e-01 7.294890040529522501e-01 4.458134298184256994e-01 8.122958082386244616e-01 4.723454168354148108e-01 1.801012625362355957e-01 7.388320938956732808e-01 5.926031632653356862e-01 4.635296376398195251e-01 4.910715668769731757e-01 5.429410948270494419e-01 1.395932169389857425e-02 4.538532858063248909e-01 3.480152817468462612e-01 5.503509569107072341e-01 4.281442442957844041e-01 6.780978230576162336e-02
5.372180469720222451e-01 3.944102250748145466e-01 9.111246010148312813e-01 3.354872605127398599e-01 8.835623077114673762e-01 6.819864667756732057e-01 4.370747663499047753e-01 8.653819503182570427e-01 4.597281918910963716e-01 7.174488583566194233e-01 9.012270559888075905e-01 5.513714960030116075e-01 2.956002525609279230e-01 5.902374758266628607e-01 7.169998053738543264e-01 5.114706117513805328e-01 0.000000000000000000e+00 4.290769264439898145e-01 2.981181701579961318e-01 6.098435558915051846e-01 7.777325743465157704e-01 2.499681260096782154e-01 5.379977605244830041e-01 8.681697265187844348e-01 5.931742185767530096e-01 4.056940685918700162e-01 2.410949880762300879e-01 7.077808811382462206e-01 8.537441363361720770e-01 1.960015955695264545e-01 1.921622871046179126e-01 2.577847435116800145e-01 4.756965135193291783e-02 8.860169813545324402e-01 6.428094292220372097e-01
1.158888207405055493e-01 4.843869988462968790e-01 6.144837206279433195e-01 8.356826655009846894e-01 4.693569504436789774e-01 3.246693336083862902e-01 5.516803085632483450e-01 4.336486708238028731e-01 5.810870139027817238e-01 4.445030971349738791e-01 7.086793984330344021e-01 2.949523901555059502e-01 5.870170195767553389e-01 4.832102776138529343e-01 5.016873970887677503e-01 5.070525207874903018e-01 4.290769264439898145e-01 0.000000000000000000e+00 5.827075079319957718e-01 6.035378947668655902e-01 6.075049163901713456e-01 8.528661803086032833e-01 3.747856096490388422e-01 3.164168233004757136e-01 4.626308424029409450e-01 7.696525377071938845e-01 7.311707533693946326e-01 1.137564213595951834e-01 7.704842609921324081e-01 9.289113064417500176e-01 4.000247640220123690e-01 8.031648332436471804e-01 7.040272967814538152e-01 1.561767284629484998e-01 4.308504507097394853e-01
8.759522202506460076e-01 2.616073988633457748e-01 4.231825007570955144e-01 4.876870415999692288e-01 3.588080414767461090e-01 5.528991475525406596e-01 4.059589743162753672e-01 2.511239996949796716e-01 1.878163588719559129e-01 4.476299296862315535e-01 3.875685230292851280e-01 8.086109087975883458e-01 4.529158263128774120e-01 5.047585849259822455e-01 2.010909285310442662e-01 9.021355861051669756e-01 2.981181701579961318e-01 5.827075079319957718e-01 0.000000000000000000e+00 2.035661478987073059e-01 5.295405221498846737e-01 2.500525695183159480e-01 4.021924595922740653e-01 6.423164025751081363e-01 4.247212504376775000e-01 1.029159718143127233e-01 7.358541341428121996e-01 7.416417303853756193e-01 2.722508966034661304e-01 2.525565064953581018e-01 4.648842390754809317e-01 8.781281387960981899e-01 8.319166702714688721e-01 5.543730534553852340e-01 7.561963995423166551e-01
4.570633693839178391e-01 3.676553865075098404e-01 4.188405724882318104e-01 3.705061677146560539e-01 5.224360429784149495e-01 4.626168633839188304e-01 7.146108127837653701e-01 5.576706768360650823e-01 7.248901228248166850e-01 7.769353445313140760e-01 9.662113028035226314e-01 6.042021531007560897e-01 3.255863763927656640e-01 6.953440163878825686e-01 4.669952758299151241e-01 7.294890040529522501e-01 6.098435558915051846e-01 6.035378947668655902e-01 2.035661478987073059e-01 0.000000000000000000e+00 4.606798106575480944e-01 8.215501831399896204e-01 8.415607576002730461e-01 4.725220330299870208e-01 8.649389148278946449e-01 6.501045787297519141e-01 9.134634653846862573e-01 3.829430110225126027e-01 5.752561678071546059e-01 2.982606232500221166e-01 2.456323225447707426e-01 4.435426459383952635e-01 8.871942270783711448e-01 5.763920225547130016e-01 8.520713890181275119e-01
4.509679730278903231e-01 5.062458234730167206e-01 7.362352204594080352e-01 1.595440813428405935e-01 1.033132035726909148e-01 9.039538226698440315e-01 4.739347565554445918e-01 4.379959817137849543e-01 7.221408168702835306e-01 4.650898196324293465e-01 8.555504000264152475e-01 4.729637812178446588e-01 8.509793528076889935e-01 4.396777752533997941e-01 3.615081370099937352e-02 4.458134298184256994e-01 7.777325743465157704e-01 6.075049163901713456e-01 5.295405221498846737e-01 4.606798106575480944e-01 0.000000000000000000e+00 4.554614267184750598e-01 6.143542034700761878e-01 4.564526775448752849e-01 9.033163836878046471e-01 5.708726341644381197e-01 3.752825854049831600e-01 8.440048926911112304e-01 2.255973613447871950e-01 5.148973004959311872e-01 4.651148295040206659e-01 5.529466723733771349e-01 8.516016652420335120e-01 7.229208215145863647e-01 2.441928544687224090e-01
6.049812288398553894e-01 5.367222296908877865e-01 6.335032810560764505e-01 7.808462897668548841e-01 3.335827823597454778e-01 4.074957789853936863e-01 5.874325368962383109e-01 8.067308043468519596e-01 5.842675871261109322e-01 4.621325212986461262e-01 4.219652034983329969e-01 3.105699164365862130e-01 2.180354735485318107e-01 7.180720478429027942e-01 4.944477440693044734e-01 8.122958082386244616e-01 2.499681260096782154e-01 8.528661803086032833e-01 2.500525695183159480e-01 8.215501831399896204e-01 4.554614267184750598e-01 0.000000000000000000e+00 5.002106216358424007e-01 4.573186285656798411e-01 4.876104855323593057e-02 3.629034295321345027e-01 6.078520216595905135e-01 6.476044619036763761e-01 4.186372721673747854e-02 9.518296393592933224e-01 8.140410050234581085e-01 6.737638516786066400e-01 2.608454626316843994e-01 8.709499469239992964e-01 8.550797820285621631e-01
4.254471962106162186e-01 1.420365662709587307e-01 8.255797412237448896e-01 5.011289242392946708e-01 3.542655323280229362e-01 7.153493325019371074e-01 8.055597778227980843e-01 6.392266159652171265e-01 5.422963407170140471e-01 6.830218728108052861e-01 5.843514349700948962e-01 4.977600134547375266e-01 7.347510639199641425e-01 9.557724923574806297e-02 3.402913941199574577e-01 4.723454168354148108e-01 5.379977605244830041e-01 3.747856096490388422e-01 4.021924595922740653e-01 8.415607576002730461e-01 6.143542034700761878e-01 5.002106216358424007e-01 0.000000000000000000e+00 9.120401826378734533e-01 4.997054522567824231e-01 3.569620048377328825e-01 5.731215458093148474e-01 7.887783442749943807e-01 5.793008838182652775e-01 4.830880639420166989e-01 9.105814560054026341e-01 5.525110353117946849e-01 6.151161954531113585e-01 7.467440539510287190e-01 6.145819410229569346e-01
3.667529490824923410e-01 4.774857612893859682e-01 6.217426102611879335e-01 8.536511244333182535e-01 9.042110220485255478e-02 8.748876393665516726e-01 7.287187101673817669e-01 5.449036728268210616e-01 7.184176027037374457e-01 7.822653519718387738e-01 5.069530185235452402e-01 7.645780490889111380e-01 7.349799553776119598e-01 2.116982776037319436e-01 3.835721626302278087e-01 1.801012625362355957e-01 8.681697265187844348e-01 3.164168233004757136e-01 6.423164025751081363e-01 4.725220330299870208e-01 4.564526775448752849e-01 4.573186285656798411e-01 9.120401826378734533e-01 0.000000000000000000e+00 4.995673409753508265e-01 5.375818378446934886e-01 7.633826217405315084e-01 4.921455253018013898e-01 1.821264355186901218e-01 7.072616953405339579e-01 4.278939513997186972e-01 6.509375123999974200e-01 3.139886314824146263e-01 9.793150149804814575e-01 9.778718978527423111e-01
3.298183062220698680e-01 8.878772879438958654e-01 7.082660873434669657e-01 9.852611777790993841e-01 3.050061196759981108e-01 2.425301352756974449e-01 2.381285550170585963e-01 4.733909691275262621e-01 7.171175552174378076e-01 8.865357572077918746e-01 8.632078416756745476e-01 7.623848368629737582e-02 4.710110777276791394e-01 4.983953049461981033e-01 9.720970011023256641e-01 7.388320938956732808e-01 5.931742185767530096e-01 4.626308424029409450e-01 4.247212504376775000e-01 8.649389148278946449e-01 9.033163836878046471e-01 4.876104855323593057e-02 4.997054522567824231e-01 4.995673409753508265e-01 0.000000000000000000e+00 5.130945659926655633e-01 9.089604744230221911e-01 7.352078827828234520e-01 8.875299784880344989e-01 6.846352486667353077e-01 1.634340505817721834e-01 7.007870491333173524e-01 3.643688975429253407e-01 8.028766079620101026e-01 2.028865863667776992e-01
2.747967700780319378e-01 3.440117110275241474e-01 9.340251117342909248e-01 9.498161684558374951e-01 6.728886779503051585e-01 6.750462179029539378e-01 4.806838652930094935e-01 4.412556358522986000e-01 6.684383138868024155e-01 5.853064892938721897e-01 8.358111775893749540e-01 6.932175290707243143e-02 4.486401078719228774e-01 3.523170901544411260e-01 5.395240671513485964e-01 5.926031632653356862e-01 4.056940685918700162e-01 7.696525377071938845e-01 1.029159718143127233e-01 6.501045787297519141e-01 5.708726341644381197e-01 3.629034295321345027e-01 3.569620048377328825e-01 5.375818378446934886e-01 5.130945659926655633e-01 0.000000000000000000e+00 3.843578709827555340e-02 7.620763472379671333e-01 6.000509673580016745e-01 5.687100422036530656e-01 3.509333867701177612e-01 6.024410191474143250e-01 3.064531315290450753e-01 7.281325077539946289e-02 4.730189191090254930e-01
7.490166371992537098e-01 5.867954328176863132e-01 9.127918380063293480e-01 4.051012621861713736e-01 1.272656033833970968e-01 5.524022095103235941e-01 7.123584935157862841e-01 8.630472055550764132e-01 4.351665735441516136e-01 5.230004627798305883e-01 6.568951904778861373e-01 4.865709059882221688e-01 4.655787903258123972e-02 1.643421075333243442e-01 7.650700280957339894e-01 4.635296376398195251e-01 2.410949880762300879e-01 7.311707533693946326e-01 7.358541341428121996e-01 9.134634653846862573e-01 3.752825854049831600e-01 6.078520216595905135e-01 5.731215458093148474e-01 7.633826217405315084e-01 9.089604744230221911e-01 3.843578709827555340e-02 0.000000000000000000e+00 7.122525630349398895e-01 4.356864463222285266e-01 4.324842119031421239e-01 6.700385570897660070e-02 1.614300984005843653e-01 4.446687062214149666e-02 5.224180803986517851e-01 8.863310757320330691e-02
3.425657666196437190e-01 4.413231605439343341e-01 6.359128294281850557e-01 5.181371008438315773e-01 7.100169026139435680e-01 4.641487979406712649e-01 5.904891955724046460e-01 2.420969476784255447e-01 4.954463996353306587e-01 7.235299396735349609e-01 1.839365499230170009e-01 3.197550420448220798e-01 5.211334337971464947e-01 7.390137538866852207e-01 6.160465811782085410e-01 4.910715668769731757e-01 7.077808811382462206e-01 1.137564213595951834e-01 7.416417303853756193e-01 3.829430110225126027e-01 8.440048926911112304e-01 6.476044619036763761e-01 7.887783442749943807e-01 4.921455253018013898e-01 7.352078827828234520e-01 7.620763472379671333e-01 7.122525630349398895e-01 0.000000000000000000e+00 1.207715421939981049e-01 4.738438356762416648e-01 5.153691707760170715e-01 1.982372334901612021e-01 8.398383298147149567e-01 7.764981774623562760e-01 4.729216756299898239e-01
4.651790474560280608e-01 4.419080734947916644e-01 9.478620709657736843e-01 4.242329064502266545e-01 7.515353070865782303e-02 7.183667354821066109e-01 3.408912470017133600e-01 8.376269196993801902e-01 9.719060010621028978e-01 3.468831874782424829e-01 5.232042411842074969e-01 8.049367905895025155e-01 5.933320613927000053e-01 4.528852326184971133e-01 6.558014886909353525e-01 5.429410948270494419e-01 8.537441363361720770e-01 7.704842609921324081e-01 2.722508966034661304e-01 5.752561678071546059e-01 2.255973613447871950e-01 4.186372721673747854e-02 5.793008838182652775e-01 1.821264355186901218e-01 8.875299784880344989e-01 6.000509673580016745e-01 4.356864463222285266e-01 1.207715421939981049e-01 0.000000000000000000e+00 8.143930588624304079e-02 6.272326692085927746e-01 4.731917308436502934e-01 7.580208865523235806e-01 3.965976192632780783e-01 8.122394385380016235e-01
2.085084381575922907e-01 9.222886092009878745e-01 4.180487765368168240e-01 6.126288901825848177e-01 4.523510983898950122e-01 8.628360707504322269e-01 5.798908335092977095e-01 8.559506047141660634e-01 3.500903020938861410e-01 4.173955857224875832e-01 4.558326082270280910e-02 4.601722569356423431e-01 1.203479858467410013e-01 7.358582320375071095e-01 5.796670524998168705e-01 1.395932169389857425e-02 1.960015955695264545e-01 9.289113064417500176e-01 2.525565064953581018e-01 2.982606232500221166e-01 5.148973004959311872e-01 9.518296393592933224e-01 4.830880639420166989e-01 7.072616953405339579e-01 6.846352486667353077e-01 5.687100422036530656e-01 4.324842119031421239e-01 4.738438356762416648e-01 8.143930588624304079e-02 0.000000000000000000e+00 2.845829734929401500e-01 6.516438959877864923e-01 5.708409322124099461e-01 2.232234972160594966e-01 5.740829181240637569e-01
5.679284981190123593e-01 3.978229738516105840e-01 3.182537748943693456e-01 6.235954345904637375e-02 6.841622493017900375e-01 8.148972854891868289e-01 7.341072981349502369e-01 4.514346182166313337e-01 7.536800137939430044e-01 7.645363563958379460e-01 4.633764559551054596e-01 6.392777225115675588e-01 5.182496531648597138e-01 9.226303211308795049e-01 1.351181187434509212e-01 4.538532858063248909e-01 1.921622871046179126e-01 4.000247640220123690e-01 4.648842390754809317e-01 2.456323225447707426e-01 4.651148295040206659e-01 8.140410050234581085e-01 9.105814560054026341e-01 4.278939513997186972e-01 1.634340505817721834e-01 3.509333867701177612e-01 6.700385570897660070e-02 5.153691707760170715e-01 6.272326692085927746e-01 2.845829734929401500e-01 0.000000000000000000e+00 8.329298205499542362e-01 5.331242288698949672e-01 8.397472349513778189e-01 5.854251627134311464e-01
5.175956616796607568e-01 3.941803721245764613e-01 4.252391566119282929e-01 3.418276055345325082e-01 2.643488271620354491e-01 5.874350822776530645e-01 7.603797585254469249e-01 1.259359147623204667e-01 5.054220544508466473e-01 8.611049249846314257e-01 4.976706080599969662e-01 7.393410441162329150e-02 3.005034291967924043e-01 3.185272722372547993e-01 8.023856515118354960e-01 3.480152817468462612e-01 2.577847435116800145e-01 8.031648332436471804e-01 8.781281387960981899e-01 4.435426459383952635e-01 5.529466723733771349e-01 6.737638516786066400e-01 5.525110353117946849e-01 6.509375123999974200e-01 7.007870491333173524e-01 6.024410191474143250e-01 1.614300984005843653e-01 1.982372334901612021e-01 4.731917308436502934e-01 6.516438959877864923e-01 8.329298205499542362e-01 0.000000000000000000e+00 6.891881539044141247e-01 3.674449977627828323e-01 3.983428274053922857e-01
6.654299111260880695e-01 8.336034548426509705e-01 5.219701167032977374e-01 7.098071077526775241e-01 5.654439043559592593e-01 8.613567927342009600e-01 4.935609339712828669e-01 5.273647973071702300e-01 7.609492173231604539e-01 6.618883069106865635e-01 3.132791761729377678e-01 9.594137369996947884e-01 4.972784281804523143e-01 2.907265585288235643e-01 4.861585284384681849e-01 5.503509569107072341e-01 4.756965135193291783e-02 7.040272967814538152e-01 8.319166702714688721e-01 8.871942270783711448e-01 8.516016652420335120e-01 2.608454626316843994e-01 6.151161954531113585e-01 3.139886314824146263e-01 3.643688975429253407e-01 3.064531315290450753e-01 4.446687062214149666e-02 8.398383298147149567e-01 7.580208865523235806e-01 5.708409322124099461e-01 5.331242288698949672e-01 6.891881539044141247e-01 0.000000000000000000e+00 7.495409883476982227e-01 4.555994359980919395e-01
3.888431770461053816e-02 3.464247143851980626e-01 4.871722232302784228e-01 5.934197585091098848e-01 2.554483520966803756e-01 5.084635699851218771e-01 6.023808794933200872e-01 2.809706431189887832e-01 1.614642554331797708e-01 4.427973576215870066e-01 8.247094828992538318e-01 4.692808686042385657e-01 3.507737873007933382e-01 6.252928670070811989e-01 1.024122961281024313e-01 4.281442442957844041e-01 8.860169813545324402e-01 1.561767284629484998e-01 5.543730534553852340e-01 5.763920225547130016e-01 7.229208215145863647e-01 8.709499469239992964e-01 7.467440539510287190e-01 9.793150149804814575e-01 8.028766079620101026e-01 7.281325077539946289e-02 5.224180803986517851e-01 7.764981774623562760e-01 3.965976192632780783e-01 2.232234972160594966e-01 8.397472349513778189e-01 3.674449977627828323e-01 7.495409883476982227e-01 0.000000000000000000e+00 5.014922548977525096e-01
3.374961252362445041e-01 6.706585730810522561e-01 6.748636570412879232e-01 3.335288818872897965e-01 3.307008847917229932e-01 1.229525873008197046e-02 4.447203643735273548e-01 7.822620705121825502e-01 7.817606757922690441e-01 5.691960988289934686e-01 2.448310694789862518e-01 5.523690439150166220e-01 3.676121995776625573e-01 4.687349090050663136e-02 4.873866128156010280e-01 6.780978230576162336e-02 6.428094292220372097e-01 4.308504507097394853e-01 7.561963995423166551e-01 8.520713890181275119e-01 2.441928544687224090e-01 8.550797820285621631e-01 6.145819410229569346e-01 9.778718978527423111e-01 2.028865863667776992e-01 4.730189191090254930e-01 8.863310757320330691e-02 4.729216756299898239e-01 8.122394385380016235e-01 5.740829181240637569e-01 5.854251627134311464e-01 3.983428274053922857e-01 4.555994359980919395e-01 5.014922548977525096e-01 0.000000000000000000e+00
