0.000000000000000000e+00 5.009541010880342871e-01 4.981352686982516986e-01 5.315533016515088249e-01 4.944515699518320373e-01 4.388715821859700550e-01 6.941147437911618923e-01 5.556673848398199222e-01 9.075535465368245180e-02 2.856622453595528688e-01 4.072119077323123615e-01 5.233406926430472783e-01 7.233167916017299026e-01 7.384630804705110130e-01 7.439830279734660490e-01 4.723704474126542152e-01 7.741005779536704878e-01 5.231183157581984489e-01 6.567638859121829320e-01 6.754902910972264696e-01 8.281879504708089534e-01 8.309604584040848341e-01 7.006516722042601675e-01 8.131882334656188593e-01 2.883608161523382174e-01 4.089046309148598457e-01 7.169687940899646117e-01 5.315150061120796909e-01 7.705950670222460053e-01 5.359794584898597281e-01 6.191578610010677330e-01 6.220186697825041966e-01 7.421768462526989740e-02 8.569814468376688588e-01 4.036642354200774552e-01
5.009541010880342871e-01 0.000000000000000000e+00 4.135534462877095696e-01 6.150157342217564826e-01 5.289868258015362201e-01 7.934473728616495691e-01 1.898911405965959531e-01 8.108813486390856751e-01 4.305025508329006767e-01 4.962695480894850353e-01 4.185662401080951223e-01 1.931298561399637237e-01 9.439868039428528368e-02 7.532975897184088776e-01 4.593125176630342144e-01 6.734029892487820579e-01 4.168872030670256468e-01 7.599535748619485886e-01 9.188586806924334827e-01 5.690062680484275770e-01 3.829233759786290214e-01 8.332846761804502123e-02 3.439650028527200254e-01 4.659751346406855732e-01 9.084484229673911448e-01 3.863332076213613075e-01 7.172748111764655210e-01 1.495224721372955257e-01 9.190399476296736703e-01 3.289286739949068838e-01 5.990067655433684024e-01 6.055877801747520106e-01 8.946757352573506683e-01 6.483263307465976233e-01 3.093456436525676700e-01
4.981352686982516986e-01 4.135534462877095696e-01 0.000000000000000000e+00 6.748431750277233965e-01 4.942895432383672127e-01 6.781947025205969926e-01 2.483946943707618926e-01 4.094542442844917307e-01 6.085396710724196856e-01 9.722335119307368156e-02 6.815293550964396374e-01 1.593181828873861949e-01 1.416394057108837368e-01 7.630655249583928601e-02 5.286674172576963926e-01 2.115947368708182008e-01 5.033747757178350657e-01 1.557897771315281954e-01 5.650909417478044983e-01 8.507481636062023123e-01 7.525035451515527107e-01 8.366804761851912575e-01 8.299174488137370798e-01 4.891503895369482269e-01 7.269534395785279823e-01 7.937636033842834227e-01 5.027821623274353335e-01 1.177014319775415707e-02 2.026679446259633810e-01 7.719022612830404029e-01 8.710826314252181346e-01 5.728593284548755271e-01 4.435254987050332720e-01 4.216630094570481546e-01 5.843544960722770742e-01
5.315533016515088249e-01 6.150157342217564826e-01 6.748431750277233965e-01 0.000000000000000000e+00 2.957995008542296800e-01 7.054313216125251973e-01 3.971360652603284080e-03 4.676468131460808086e-01 6.132719766479777235e-01 8.793927188478560808e-01 3.519513641023453987e-01 8.306701334543591386e-01 3.256998627145951675e-01 5.730182497377451778e-01 3.257274720971288784e-01 8.221471584602675353e-01 7.204426381080690778e-01 4.907031209539604588e-01 5.977464192164605450e-02 1.812036922888082824e-01 2.060444085169517159e-01 8.661952842154583276e-01 3.701782018207232516e-01 3.243399993023359240e-01 3.713660475960947061e-01 5.508045928010905090e-01 4.284525848120994684e-01 7.752331489771255857e-01 4.848319731127553323e-01 5.314847744188815337e-01 3.115525512961725418e-02 6.070375172505488859e-01 4.614364647959618981e-01 4.302302572363391753e-01 4.669235319175281118e-01
4.944515699518320373e-01 5.289868258015362201e-01 4.942895432383672127e-01 2.957995008542296800e-01 0.000000000000000000e+00 4.699230602748579733e-01 1.514075228979888665e-01 7.837911760793602189e-01 6.373813120088975825e-01 4.919394514297549259e-01 1.138641238947940559e-01 3.609342781616077245e-01 6.660746287066456883e-01 4.987558755303286850e-01 1.474105935194096051e-01 6.565693153691376516e-02 7.384033482383135505e-01 7.197087477524009014e-01 8.421616551332971046e-01 8.476876140393918568e-01 6.138239776053056040e-01 7.165538329653179384e-01 6.597587241493629850e-02 5.855614534914942437e-01 7.191224044770443413e-01 5.834966917654609286e-01 9.186251754793477442e-01 5.966858946184572243e-01 3.313158608080630785e-01 7.301665137348787304e-01 7.506765162532997859e-01 3.819876981873712163e-01 5.521185760667877140e-01 4.645990874077541855e-01 4.899894467643729490e-01
4.388715821859700550e-01 7.934473728616495691e-01 6.781947025205969926e-01 7.054313216125251973e-01 4.699230602748579733e-01 0.000000000000000000e+00 5.762195333938178177e-01 6.654417006597037609e-01 7.760132663387853125e-01 5.173970964267554651e-01 4.947445306947110266e-01 3.799564629373655689e-01 7.131200232684771212e-01 5.624042446384533989e-01 8.991681518212386592e-01 4.050140504213926573e-01 4.901407247301585723e-01 2.935287695326932456e-01 8.040821036920153819e-02 7.436883281257372635e-01 7.544653438087487451e-01 1.664208097610934134e-01 6.682703285169369067e-01 4.811738199369491320e-01 4.263360135305134802e-01 4.834774408366778187e-01 3.230358512681146266e-01 4.265574699848890816e-01 6.784918654285685413e-01 4.244514470003872275e-01 2.160709818052163889e-01 7.004733946278166590e-01 2.916013161029057943e-01 9.477172896510169808e-01 3.611506248743364123e-01
6.941147437911618923e-01 1.898911405965959531e-01 2.483946943707618926e-01 3.971360652603284080e-03 1.514075228979888665e-01 5.762195333938178177e-01 0.000000000000000000e+00 4.415690270763769076e-01 4.943767257115849190e-01 8.725913016344434281e-01 8.396147331250676249e-01 7.149634453303095327e-01 5.300102496766769811e-01 6.208604036706177887e-01 4.721871249199464660e-01 6.621667534127513299e-01 7.975029793641417175e-01 6.261531072277408683e-01 5.333001276442508320e-01 4.790897966624910187e-01 4.061551712464736563e-01 4.411674272190084789e-01 7.693383062587103582e-01 4.237013511811047461e-01 7.029435495649061227e-01 4.796012827985639548e-01 4.566694644043995943e-01 6.776468039742932215e-01 3.653948534542010851e-01 4.612729297459149946e-01 4.056780764107548731e-01 7.739998147938476070e-02 5.419409142115700906e-01 3.485112734897721776e-01 5.288932149000988847e-01
5.556673848398199222e-01 8.108813486390856751e-01 4.094542442844917307e-01 4.676468131460808086e-01 7.837911760793602189e-01 6.654417006597037609e-01 4.415690270763769076e-01 0.000000000000000000e+00 7.202646222958912769e-01 7.432130833224981359e-01 5.199942772141626923e-01 4.221881328308167980e-01 8.278877160650456313e-01 5.803018228264151812e-01 7.260639786229783343e-01 4.182460478792504599e-02 7.369454415008703796e-01 5.623824228482474652e-01 7.961038404163464088e-01 3.922745352815173447e-01 4.900591474966309313e-01 4.584620741272054101e-01 3.398566391556848698e-01 2.409619592140018751e-01 1.320598212778303360e-01 4.813021242016559120e-01 5.672692446699034718e-02 6.930659455367667032e-01 6.630720196583954618e-01 4.808779511268153062e-01 4.734438150042788451e-01 3.331089909590828624e-01 4.590080804604823594e-01 8.021114822667809729e-01 8.316615751046709804e-01
9.075535465368245180e-02 4.305025508329006767e-01 6.085396710724196856e-01 6.132719766479777235e-01 6.373813120088975825e-01 7.760132663387853125e-01 4.943767257115849190e-01 7.202646222958912769e-01 0.000000000000000000e+00 6.402789398999777504e-01 2.679148620693319605e-01 6.790394425806238754e-01 5.195879935873157773e-01 6.390320058326078856e-01 7.477887389952043717e-01 7.566361114001183275e-01 3.501948138959117274e-01 5.358069025025906651e-01 6.207910353607790643e-01 8.409333634326777718e-01 4.766504489463173067e-01 6.831000723454525581e-01 7.373608441209842379e-01 7.600705379689450814e-01 4.351342580558026363e-02 4.721070584554752370e-01 1.894491201962384963e-01 7.196003993154835854e-01 4.372836282485249582e-01 2.288819068373476595e-01 6.932545341498641545e-02 5.597784399932819177e-01 8.589715041566476916e-01 7.926070195969854293e-01 3.455118219298007887e-01
2.856622453595528688e-01 4.962695480894850353e-01 9.722335119307368156e-02 8.793927188478560808e-01 4.919394514297549259e-01 5.173970964267554651e-01 8.725913016344434281e-01 7.432130833224981359e-01 6.402789398999777504e-01 0.000000000000000000e+00 3.588745793798323591e-01 8.604309934693623596e-01 7.500781032702712459e-01 6.886559676865129376e-01 3.455556732993692037e-01 3.660944874383162406e-01 2.836300752848973650e-01 8.168299760433204160e-01 5.245158116163927131e-01 5.451624101354540786e-01 7.537516422203254240e-01 1.815738098797887723e-01 8.807174981838951089e-01 8.084424140149879534e-01 2.952728865120058388e-01 7.132429703836291601e-01 3.284157904455297650e-01 4.230132832885014627e-01 4.585677119873783347e-01 9.056539670904866224e-01 4.095085473149794320e-01 7.812507472972771705e-01 9.845918704421878775e-01 4.158409567401147866e-01 5.106402795322877441e-01
4.072119077323123615e-01 4.185662401080951223e-01 6.815293550964396374e-01 3.519513641023453987e-01 1.138641238947940559e-01 4.947445306947110266e-01 8.396147331250676249e-01 5.199942772141626923e-01 2.679148620693319605e-01 3.588745793798323591e-01 0.000000000000000000e+00 3.355443708773339084e-01 4.198078142778841615e-01 4.205558467002077361e-01 5.867232215139535079e-01 7.764290671339080241e-01 6.657232284358840513e-01 5.315344062784885804e-01 4.770854203427928875e-01 4.287092341394748152e-01 5.480131600515191215e-01 7.180587858648171951e-01 2.693009339415984860e-01 4.865199086237558812e-01 7.851637192085354489e-01 8.444496557336202969e-01 6.443706246462160836e-01 9.196786244434191904e-01 2.197396661490316760e-01 3.264075295973632995e-01 7.251612819043440350e-01 3.705023094859054567e-01 8.038674024505361171e-01 8.125321576065006601e-01 5.496763201400372001e-01
5.233406926430472783e-01 1.931298561399637237e-01 1.593181828873861949e-01 8.306701334543591386e-01 3.609342781616077245e-01 3.799564629373655689e-01 7.149634453303095327e-01 4.221881328308167980e-01 6.790394425806238754e-01 8.604309934693623596e-01 3.355443708773339084e-01 0.000000000000000000e+00 4.173250732023782716e-01 7.934154896451688366e-01 8.152751833540230475e-01 6.073571085066659103e-01 5.370396184724584021e-01 4.790558965972006034e-01 5.412166847284278770e-01 8.284283177355034056e-01 6.409136684415900342e-01 5.109247179801146288e-01 6.494845743853099318e-01 5.968316624562195472e-01 4.775243516253889764e-01 5.193928364751270177e-01 7.055799129842956763e-01 4.915382786624045153e-01 7.352814602395219001e-01 3.911155213968739441e-01 4.145445950039150507e-01 4.115103628735433672e-01 7.148791666028859737e-01 3.174450185244258593e-01 3.894621525257445649e-01
7.233167916017299026e-01 9.439868039428528368e-02 1.416394057108837368e-01 3.256998627145951675e-01 6.660746287066456883e-01 7.131200232684771212e-01 5.300102496766769811e-01 8.278877160650456313e-01 5.195879935873157773e-01 7.500781032702712459e-01 4.198078142778841615e-01 4.173250732023782716e-01 0.000000000000000000e+00 5.973583119862708735e-01 7.652137936336417257e-01 7.562580420647511126e-01 7.305037395279441181e-01 8.119121847987389451e-01 2.746045355620017059e-01 5.063618088787726901e-01 5.570510178268499590e-01 8.684979807010446695e-01 4.406602137638293559e-02 6.814065334547358965e-01 7.610172577404744620e-01 4.995493011661944482e-01 5.057553114438367858e-01 5.285033765755027257e-01 7.333120672111524962e-01 5.449368478483116451e-01 6.422035101203453777e-01 3.167768942183205594e-01 2.461933495829248253e-01 9.291867433748604022e-01 7.464544760235833909e-01
7.384630804705110130e-01 7.532975897184088776e-01 7.630655249583928601e-02 5.730182497377451778e-01 4.987558755303286850e-01 5.624042446384533989e-01 6.208604036706177887e-01 5.803018228264151812e-01 6.390320058326078856e-01 6.886559676865129376e-01 4.205558467002077361e-01 7.934154896451688366e-01 5.973583119862708735e-01 0.000000000000000000e+00 2.705770432330908415e-01 5.416194554344975209e-01 7.037341417839222402e-01 6.325740591231239218e-01 4.952292139040537222e-01 6.937976347762148110e-01 8.272168931474563891e-01 7.286043106624031651e-01 7.535854739534235680e-01 7.865159591917079140e-01 9.333786690143137665e-01 4.968057124233965505e-01 3.697266657816439261e-01 1.397544418957722412e-01 8.775995747981157891e-01 6.521150805728226363e-01 2.159267130857656924e-01 6.810435659217450866e-01 3.533204115286754377e-01 7.768530834922013906e-01 5.959382012331730927e-01
7.439830279734660490e-01 4.593125176630342144e-01 5.286674172576963926e-01 3.257274720971288784e-01 1.474105935194096051e-01 8.991681518212386592e-01 4.721871249199464660e-01 7.260639786229783343e-01 7.477887389952043717e-01 3.455556732993692037e-01 5.867232215139535079e-01 8.152751833540230475e-01 7.652137936336417257e-01 2.705770432330908415e-01 0.000000000000000000e+00 6.393095242049068316e-01 2.424574148529862194e-01 6.509007582666554992e-01 5.745423256886053043e-01 5.541493667478680774e-01 4.347649471914954433e-01 6.090925387266640234e-01 7.106017199468261936e-01 7.842503721246647519e-01 5.836552177125624574e-01 8.536939384760955374e-01 1.805088411851702990e-01 8.884512221879630189e-01 1.890762231215254441e-01 4.862018663483525516e-01 6.242671533063617328e-01 8.237681997813142143e-01 4.257203746857631255e-01 5.096254079048712082e-01 3.403451109377148009e-01
4.723704474126542152e-01 6.734029892487820579e-01 2.115947368708182008e-01 8.221471584602675353e-01 6.565693153691376516e-02 4.050140504213926573e-01 6.621667534127513299e-01 4.182460478792504599e-02 7.566361114001183275e-01 3.660944874383162406e-01 7.764290671339080241e-01 6.073571085066659103e-01 7.562580420647511126e-01 5.416194554344975209e-01 6.393095242049068316e-01 0.000000000000000000e+00 4.832491207394618571e-01 7.926869190749432637e-01 5.015781182621172896e-01 4.943526969876413935e-01 5.440218478931068136e-01 4.773192342366245899e-01 2.789952016914871713e-01 7.945326465307855912e-01 8.500270978971461444e-01 4.744940128706303661e-01 4.531920849134278284e-01 6.741178347670716553e-01 7.860573009649943765e-01 4.682656995357229457e-01 5.882633142469353427e-01 7.856789995148395489e-01 4.033788785055065218e-01 3.965775163379798296e-01 6.081578416739944482e-01
7.741005779536704878e-01 4.168872030670256468e-01 5.033747757178350657e-01 7.204426381080690778e-01 7.384033482383135505e-01 4.901407247301585723e-01 7.975029793641417175e-01 7.369454415008703796e-01 3.501948138959117274e-01 2.836300752848973650e-01 6.657232284358840513e-01 5.370396184724584021e-01 7.305037395279441181e-01 7.037341417839222402e-01 2.424574148529862194e-01 4.832491207394618571e-01 0.000000000000000000e+00 6.023106139578154883e-01 6.472026466850182569e-01 4.726646182582546762e-01 6.568273708356472396e-01 3.968581612348013876e-01 5.547505149270632874e-01 9.588111104886762881e-01 4.360714268983018060e-01 8.214870178307100979e-01 1.728304212678066776e-01 8.738813476767486321e-01 3.645666188646038419e-01 5.073413188969715382e-01 7.369648711150788012e-01 8.448397554618674032e-01 1.577688213399250916e-01 4.790084903385902204e-01 7.214238301009090470e-01
5.231183157581984489e-01 7.599535748619485886e-01 1.557897771315281954e-01 4.907031209539604588e-01 7.197087477524009014e-01 2.935287695326932456e-01 6.261531072277408683e-01 5.623824228482474652e-01 5.358069025025906651e-01 8.168299760433204160e-01 5.315344062784885804e-01 4.790558965972006034e-01 8.119121847987389451e-01 6.325740591231239218e-01 6.509007582666554992e-01 7.926869190749432637e-01 6.023106139578154883e-01 0.000000000000000000e+00 8.349791360793485939e-01 4.772936613538631967e-01 7.540545417080074531e-02 1.766075649678423565e-01 5.271430878893451633e-01 6.257251508202319457e-01 5.722322883461593568e-01 6.671058908149481992e-01 6.468197464756474391e-01 3.821815957018079857e-01 8.604099200470094466e-02 8.100779985472983391e-01 8.887034953878134580e-01 7.265697814764981999e-01 3.628796414289135464e-01 8.298508806559925510e-01 5.549952580528576540e-01
6.567638859121829320e-01 9.188586806924334827e-01 5.650909417478044983e-01 5.977464192164605450e-02 8.421616551332971046e-01 8.040821036920153819e-02 5.333001276442508320e-01 7.961038404163464088e-01 6.207910353607790643e-01 5.245158116163927131e-01 4.770854203427928875e-01 5.412166847284278770e-01 2.746045355620017059e-01 4.952292139040537222e-01 5.745423256886053043e-01 5.015781182621172896e-01 6.472026466850182569e-01 8.349791360793485939e-01 0.000000000000000000e+00 7.257924359160223826e-01 8.880207575544740717e-01 8.032401927378540751e-01 5.970103470314508387e-01 3.723027306920101420e-02 4.615273680399258338e-01 4.902511949715514517e-01 5.366644511711232690e-01 4.378638277246213462e-01 4.197251158914404034e-01 5.241859537249120571e-01 8.940299092761392341e-01 5.341991224512359082e-01 3.150857443894439780e-01 5.853020629578236100e-01 6.127073872352810646e-01
6.754902910972264696e-01 5.690062680484275770e-01 8.507481636062023123e-01 1.812036922888082824e-01 8.476876140393918568e-01 7.436883281257372635e-01 4.790897966624910187e-01 3.922745352815173447e-01 8.409333634326777718e-01 5.451624101354540786e-01 4.287092341394748152e-01 8.284283177355034056e-01 5.063618088787726901e-01 6.937976347762148110e-01 5.541493667478680774e-01 4.943526969876413935e-01 4.726646182582546762e-01 4.772936613538631967e-01 7.257924359160223826e-01 0.000000000000000000e+00 4.484581955061267555e-01 4.429256791155398165e-01 3.899032781675872972e-01 6.204105774312589361e-01 7.440005500571591490e-01 4.689033081591913454e-01 4.612696244471227724e-01 7.802684526665787379e-01 5.263590224750291924e-01 6.492825771271827362e-01 5.393381051080400335e-01 3.422483799857034548e-01 7.870854891308625145e-01 1.278991602306530639e-01 7.289169447796972623e-02
8.281879504708089534e-01 3.829233759786290214e-01 7.525035451515527107e-01 2.060444085169517159e-01 6.138239776053056040e-01 7.544653438087487451e-01 4.061551712464736563e-01 4.900591474966309313e-01 4.766504489463173067e-01 7.537516422203254240e-01 5.480131600515191215e-01 6.409136684415900342e-01 5.570510178268499590e-01 8.272168931474563891e-01 4.347649471914954433e-01 5.440218478931068136e-01 6.568273708356472396e-01 7.540545417080074531e-02 8.880207575544740717e-01 4.484581955061267555e-01 0.000000000000000000e+00 5.096554115522002881e-01 6.629836353517217784e-01 8.458521865665308281e-01 6.583957450222819308e-01 8.168800291643960598e-01 5.774977036669647346e-01 4.953566812133715080e-01 6.030173173856337998e-01 4.466935057931526454e-01 7.829434046942953529e-01 7.386087790175388523e-01 9.016435183718752855e-01 1.671822663926053609e-01 8.552925858772192358e-01
8.309604584040848341e-01 8.332846761804502123e-02 8.366804761851912575e-01 8.661952842154583276e-01 7.165538329653179384e-01 1.664208097610934134e-01 4.411674272190084789e-01 4.584620741272054101e-01 6.831000723454525581e-01 1.815738098797887723e-01 7.180587858648171951e-01 5.109247179801146288e-01 8.684979807010446695e-01 7.286043106624031651e-01 6.090925387266640234e-01 4.773192342366245899e-01 3.968581612348013876e-01 1.766075649678423565e-01 8.032401927378540751e-01 4.429256791155398165e-01 5.096554115522002881e-01 0.000000000000000000e+00 4.752939074851167400e-01 5.363239550250054055e-01 6.628940996613471581e-01 2.920829577196632498e-01 1.980204042000454634e-01 4.908705292312118829e-01 3.288278717755980241e-01 5.522607322660201268e-01 7.011142630192379599e-01 6.369816553929645853e-01 8.999106626475246173e-01 4.596972507132729979e-01 5.047314808843664791e-01
7.006516722042601675e-01 3.439650028527200254e-01 8.299174488137370798e-01 3.701782018207232516e-01 6.597587241493629850e-02 6.682703285169369067e-01 7.693383062587103582e-01 3.398566391556848698e-01 7.373608441209842379e-01 8.807174981838951089e-01 2.693009339415984860e-01 6.494845743853099318e-01 4.406602137638293559e-02 7.535854739534235680e-01 7.106017199468261936e-01 2.789952016914871713e-01 5.547505149270632874e-01 5.271430878893451633e-01 5.970103470314508387e-01 3.899032781675872972e-01 6.629836353517217784e-01 4.752939074851167400e-01 0.000000000000000000e+00 6.956997424278312803e-01 6.383124722305826282e-01 3.395718754440442688e-01 6.251879823682617854e-01 8.368474027900900669e-01 9.442574733014355015e-01 2.959185558339106903e-01 8.808974590367084634e-01 6.449380693617721150e-01 4.916203750716429122e-01 8.340487769613844637e-01 4.563682876115324749e-01
8.131882334656188593e-01 4.659751346406855732e-01 4.891503895369482269e-01 3.243399993023359240e-01 5.855614534914942437e-01 4.811738199369491320e-01 4.237013511811047461e-01 2.409619592140018751e-01 7.600705379689450814e-01 8.084424140149879534e-01 4.865199086237558812e-01 5.968316624562195472e-01 6.814065334547358965e-01 7.865159591917079140e-01 7.842503721246647519e-01 7.945326465307855912e-01 9.588111104886762881e-01 6.257251508202319457e-01 3.723027306920101420e-02 6.204105774312589361e-01 8.458521865665308281e-01 5.363239550250054055e-01 6.956997424278312803e-01 0.000000000000000000e+00 4.474214615321443489e-01 1.220993381239253717e-01 6.949137384129436823e-01 3.307892927991964993e-01 4.543712366717223006e-01 7.769412889416069667e-01 6.978920737939158236e-01 7.721134501840971609e-01 5.277860323003695786e-01 5.413198028046944943e-01 5.258954122641119611e-01
2.883608161523382174e-01 9.084484229673911448e-01 7.269534395785279823e-01 3.713660475960947061e-01 7.191224044770443413e-01 4.263360135305134802e-01 7.029435495649061227e-01 1.320598212778303360e-01 4.351342580558026363e-02 2.952728865120058388e-01 7.851637192085354489e-01 4.775243516253889764e-01 7.610172577404744620e-01 9.333786690143137665e-01 5.836552177125624574e-01 8.500270978971461444e-01 4.360714268983018060e-01 5.722322883461593568e-01 4.615273680399258338e-01 7.440005500571591490e-01 6.583957450222819308e-01 6.628940996613471581e-01 6.383124722305826282e-01 4.474214615321443489e-01 0.000000000000000000e+00 9.468989255232801439e-01 5.396122192197743139e-01 6.797855317223051586e-01 1.968536162590022176e-01 3.747619209174236632e-01 8.678549838375713144e-01 4.958096376872134781e-01 7.666802019003735591e-01 7.601216429253381257e-01 4.995507879876838198e-01
4.089046309148598457e-01 3.863332076213613075e-01 7.937636033842834227e-01 5.508045928010905090e-01 5.834966917654609286e-01 4.834774408366778187e-01 4.796012827985639548e-01 4.813021242016559120e-01 4.721070584554752370e-01 7.132429703836291601e-01 8.444496557336202969e-01 5.193928364751270177e-01 4.995493011661944482e-01 4.968057124233965505e-01 8.536939384760955374e-01 4.744940128706303661e-01 8.214870178307100979e-01 6.671058908149481992e-01 4.902511949715514517e-01 4.689033081591913454e-01 8.168800291643960598e-01 2.920829577196632498e-01 3.395718754440442688e-01 1.220993381239253717e-01 9.468989255232801439e-01 0.000000000000000000e+00 4.896178281234428997e-01 3.030966004902690969e-01 1.151952685810917476e-01 1.041090615210040760e-01 5.233900911251345711e-01 4.951728653884763798e-01 6.629013995118300251e-01 8.123086246989196235e-01 7.276064308840968220e-01
7.169687940899646117e-01 7.172748111764655210e-01 5.027821623274353335e-01 4.284525848120994684e-01 9.186251754793477442e-01 3.230358512681146266e-01 4.566694644043995943e-01 5.672692446699034718e-02 1.894491201962384963e-01 3.284157904455297650e-01 6.443706246462160836e-01 7.055799129842956763e-01 5.057553114438367858e-01 3.697266657816439261e-01 1.805088411851702990e-01 4.531920849134278284e-01 1.728304212678066776e-01 6.468197464756474391e-01 5.366644511711232690e-01 4.612696244471227724e-01 5.774977036669647346e-01 1.980204042000454634e-01 6.251879823682617854e-01 6.949137384129436823e-01 5.396122192197743139e-01 4.896178281234428997e-01 0.000000000000000000e+00 9.159470177698337823e-01 8.199177877953583993e-01 6.994007746600667819e-01 7.417397464161907816e-01 5.394282791168972802e-01 4.784398287008401751e-01 3.278543949032688420e-01 4.410314345175839201e-01
5.315150061120796909e-01 1.495224721372955257e-01 1.177014319775415707e-02 7.752331489771255857e-01 5.966858946184572243e-01 4.265574699848890816e-01 6.776468039742932215e-01 6.930659455367667032e-01 7.196003993154835854e-01 4.230132832885014627e-01 9.196786244434191904e-01 4.915382786624045153e-01 5.285033765755027257e-01 1.397544418957722412e-01 8.884512221879630189e-01 6.741178347670716553e-01 8.738813476767486321e-01 3.821815957018079857e-01 4.378638277246213462e-01 7.802684526665787379e-01 4.953566812133715080e-01 4.908705292312118829e-01 8.368474027900900669e-01 3.307892927991964993e-01 6.797855317223051586e-01 3.030966004902690969e-01 9.159470177698337823e-01 0.000000000000000000e+00 2.493952509999263489e-01 5.338573706281317666e-01 7.624800035648707786e-01 7.376905492612861881e-01 7.485047548004095663e-01 4.715615943733528215e-01 3.622253753190931569e-01
7.705950670222460053e-01 9.190399476296736703e-01 2.026679446259633810e-01 4.848319731127553323e-01 3.313158608080630785e-01 6.784918654285685413e-01 3.653948534542010851e-01 6.630720196583954618e-01 4.372836282485249582e-01 4.585677119873783347e-01 2.197396661490316760e-01 7.352814602395219001e-01 7.333120672111524962e-01 8.775995747981157891e-01 1.890762231215254441e-01 7.860573009649943765e-01 3.645666188646038419e-01 8.604099200470094466e-02 4.197251158914404034e-01 5.263590224750291924e-01 6.030173173856337998e-01 3.288278717755980241e-01 9.442574733014355015e-01 4.543712366717223006e-01 1.968536162590022176e-01 1.151952685810917476e-01 8.199177877953583993e-01 2.493952509999263489e-01 0.000000000000000000e+00 4.792238752869584784e-01 4.231772835938267252e-01 3.627909618375550482e-01 1.755929451840668731e-01 3.213392613235978579e-01 4.349828684830303605e-01
5.359794584898597281e-01 3.289286739949068838e-01 7.719022612830404029e-01 5.314847744188815337e-01 7.301665137348787304e-01 4.244514470003872275e-01 4.612729297459149946e-01 4.808779511268153062e-01 2.288819068373476595e-01 9.056539670904866224e-01 3.264075295973632995e-01 3.911155213968739441e-01 5.449368478483116451e-01 6.521150805728226363e-01 4.862018663483525516e-01 4.682656995357229457e-01 5.073413188969715382e-01 8.100779985472983391e-01 5.241859537249120571e-01 6.492825771271827362e-01 4.466935057931526454e-01 5.522607322660201268e-01 2.959185558339106903e-01 7.769412889416069667e-01 3.747619209174236632e-01 1.041090615210040760e-01 6.994007746600667819e-01 5.338573706281317666e-01 4.792238752869584784e-01 0.000000000000000000e+00 6.956653606151150804e-01 2.153526934317114838e-01 1.941534563113299638e-01 6.914394426811416583e-01 9.175674864964453725e-01
6.191578610010677330e-01 5.990067655433684024e-01 8.710826314252181346e-01 3.115525512961725418e-02 7.506765162532997859e-01 2.160709818052163889e-01 4.056780764107548731e-01 4.734438150042788451e-01 6.932545341498641545e-02 4.095085473149794320e-01 7.251612819043440350e-01 4.145445950039150507e-01 6.422035101203453777e-01 2.159267130857656924e-01 6.242671533063617328e-01 5.882633142469353427e-01 7.369648711150788012e-01 8.887034953878134580e-01 8.940299092761392341e-01 5.393381051080400335e-01 7.829434046942953529e-01 7.011142630192379599e-01 8.808974590367084634e-01 6.978920737939158236e-01 8.678549838375713144e-01 5.233900911251345711e-01 7.417397464161907816e-01 7.624800035648707786e-01 4.231772835938267252e-01 6.956653606151150804e-01 0.000000000000000000e+00 3.287554761894084798e-02 6.666029865134248666e-01 4.469114814070794806e-01 4.978031205505339396e-01
6.220186697825041966e-01 6.055877801747520106e-01 5.728593284548755271e-01 6.070375172505488859e-01 3.819876981873712163e-01 7.004733946278166590e-01 7.739998147938476070e-02 3.331089909590828624e-01 5.597784399932819177e-01 7.812507472972771705e-01 3.705023094859054567e-01 4.115103628735433672e-01 3.167768942183205594e-01 6.810435659217450866e-01 8.237681997813142143e-01 7.856789995148395489e-01 8.448397554618674032e-01 7.265697814764981999e-01 5.341991224512359082e-01 3.422483799857034548e-01 7.386087790175388523e-01 6.369816553929645853e-01 6.449380693617721150e-01 7.721134501840971609e-01 4.958096376872134781e-01 4.951728653884763798e-01 5.394282791168972802e-01 7.376905492612861881e-01 3.627909618375550482e-01 2.153526934317114838e-01 3.287554761894084798e-02 0.000000000000000000e+00 5.912282736043423803e-01 6.661470485015716925e-01 1.142914062693608512e-01
7.421768462526989740e-02 8.946757352573506683e-01 4.435254987050332720e-01 4.614364647959618981e-01 5.521185760667877140e-01 2.916013161029057943e-01 5.419409142115700906e-01 4.590080804604823594e-01 8.589715041566476916e-01 9.845918704421878775e-01 8.038674024505361171e-01 7.148791666028859737e-01 2.461933495829248253e-01 3.533204115286754377e-01 4.257203746857631255e-01 4.033788785055065218e-01 1.577688213399250916e-01 3.628796414289135464e-01 3.150857443894439780e-01 7.870854891308625145e-01 9.016435183718752855e-01 8.999106626475246173e-01 4.916203750716429122e-01 5.277860323003695786e-01 7.666802019003735591e-01 6.629013995118300251e-01 4.784398287008401751e-01 7.485047548004095663e-01 1.755929451840668731e-01 1.941534563113299638e-01 6.666029865134248666e-01 5.912282736043423803e-01 0.000000000000000000e+00 6.706771054974778323e-01 6.169999320274948129e-01
8.569814468376688588e-01 6.483263307465976233e-01 4.216630094570481546e-01 4.302302572363391753e-01 4.645990874077541855e-01 9.477172896510169808e-01 3.485112734897721776e-01 8.021114822667809729e-01 7.926070195969854293e-01 4.158409567401147866e-01 8.125321576065006601e-01 3.174450185244258593e-01 9.291867433748604022e-01 7.768530834922013906e-01 5.096254079048712082e-01 3.965775163379798296e-01 4.790084903385902204e-01 8.298508806559925510e-01 5.853020629578236100e-01 1.278991602306530639e-01 1.671822663926053609e-01 4.596972507132729979e-01 8.340487769613844637e-01 5.413198028046944943e-01 7.601216429253381257e-01 8.123086246989196235e-01 3.278543949032688420e-01 4.715615943733528215e-01 3.213392613235978579e-01 6.914394426811416583e-01 4.469114814070794806e-01 6.661470485015716925e-01 6.706771054974778323e-01 0.000000000000000000e+00 6.119889865280243590e-01
4.036642354200774552e-01 3.093456436525676700e-01 5.843544960722770742e-01 4.669235319175281118e-01 4.899894467643729490e-01 3.611506248743364123e-01 5.288932149000988847e-01 8.316615751046709804e-01 3.455118219298007887e-01 5.106402795322877441e-01 5.496763201400372001e-01 3.894621525257445649e-01 7.464544760235833909e-01 5.959382012331730927e-01 3.403451109377148009e-01 6.081578416739944482e-01 7.214238301009090470e-01 5.549952580528576540e-01 6.127073872352810646e-01 7.289169447796972623e-02 8.552925858772192358e-01 5.047314808843664791e-01 4.563682876115324749e-01 5.258954122641119611e-01 4.995507879876838198e-01 7.276064308840968220e-01 4.410314345175839201e-01 3.622253753190931569e-01 4.349828684830303605e-01 9.175674864964453725e-01 4.978031205505339396e-01 1.142914062693608512e-01 6.169999320274948129e-01 6.119889865280243590e-01 0.000000000000000000e+00
