0.000000000000000000e+00 5.504089912697107678e-01 2.236574335487981902e-01 8.844259374794787298e-01 3.775611460665849184e-01 6.505520148678598513e-01 5.541969217663973435e-01 4.423158759059986345e-01 2.684553626276842131e-01 7.474833419572917137e-01 8.691959867936610573e-01 4.895510096624196561e-01 8.714715236331045389e-01 5.109495474375829183e-01 4.905645030424292674e-01 2.944910016397109254e-01 6.828344473086976896e-01 4.782560063682150808e-01 2.903817449407785078e-01 5.282168758040861611e-01 7.562464053092716743e-01 3.332703077916165935e-01 1.425155528880063249e-01 4.935110986797434096e-01 3.792795277879326132e-01 5.014163380695433325e-01 4.505968982442649651e-01 3.111934821177645971e-01 7.629654004940541467e-01 1.656407283633710703e-01 3.146592003452208797e-01 5.075231737884543515e-01 3.508606634534434110e-01 5.233131139170013046e-01 4.657642706591484383e-01
5.504089912697107678e-01 0.000000000000000000e+00 4.751235242567036776e-01 7.699428652983140164e-01 5.200539248567639383e-01 6.623141592456027738e-02 4.660778079086496106e-01 9.277433487130550827e-01 6.633690541805086216e-01 7.132760799141411034e-01 4.287308472614937416e-01 9.645285087767665466e-01 8.934674014083969773e-01 5.886585608228078748e-01 4.844205115858208899e-01 4.311163106592674210e-01 4.521366681814874000e-01 5.512772369156451191e-01 6.957316263545714197e-01 3.135569296560665187e-01 6.876617630965050632e-01 4.266914992082023184e-01 9.040511117252271189e-01 1.974848041410683930e-01 7.700164075654032381e-01 2.384974852176108273e-01 3.505556004218951527e-01 4.437741775034483305e-01 7.729937702958280532e-01 8.142040069312334039e-01 8.713428841208188391e-01 4.219112044231234093e-01 3.472470595614488564e-01 5.328753574683129379e-01 1.381815630794920313e-01
2.236574335487981902e-01 4.751235242567036776e-01 0.000000000000000000e+00 4.784311850410184475e-01 8.219839590401172291e-01 4.628139845041661093e-01 4.210413581371386105e-01 6.984326990860660889e-01 1.845961787204386528e-01 9.374939305520511024e-01 5.441297479607998255e-02 5.342471575778580117e-01 8.734912099467935231e-01 5.572456091037051307e-01 6.583492837575758427e-01 4.405966605345816856e-01 8.122893653385918622e-01 7.219493238823373460e-01 6.688637019281278295e-01 7.288559758429147273e-02 6.838956422565118931e-01 5.233975533561550098e-01 7.225398011853390035e-01 7.726975231055783766e-01 6.850376702899215742e-01 9.233497426787702356e-01 6.045149741720916570e-01 5.806196189569825528e-01 6.398813401664913414e-01 6.186872729496761814e-01 5.902982441184838613e-01 4.535134451757845131e-01 4.314141545535807865e-01 1.305855368983630527e-01 5.735291337413619406e-01
8.844259374794787298e-01 7.699428652983140164e-01 4.784311850410184475e-01 0.000000000000000000e+00 4.637177060617032609e-01 7.285238952746850849e-01 2.739383261457138952e-01 7.483488232044370747e-01 5.698659360855589107e-01 1.867781864108375434e-01 8.660017423176007423e-01 8.080364679300950925e-01 3.448538226292380271e-01 4.612086191473944718e-01 4.799645989997975426e-01 9.502752422225495543e-01 6.819603467578400080e-01 8.640061100223935808e-01 2.572238715001162745e-01 7.094182270498929910e-01 7.247743405291364738e-01 5.932559683808400486e-01 5.880795109867932302e-01 4.072066051211148952e-01 5.074438227641260291e-01 3.372218371547763827e-01 5.382217238126218994e-01 3.958384659321555477e-01 2.297876557034166933e-01 4.872084047031336462e-01 8.689356348530270502e-01 7.031471494427476987e-01 6.113444257192570674e-01 7.080366439887645358e-01 4.783861078066581340e-01
3.775611460665849184e-01 5.200539248567639383e-01 8.219839590401172291e-01 4.637177060617032609e-01 0.000000000000000000e+00 5.209704836830921781e-01 4.874113625403708183e-01 5.299544838585981132e-01 4.948088431827430966e-01 7.382010262503240217e-01 4.901556235224510671e-01 7.245207175164563029e-01 8.736285124000778834e-01 6.933699308258678418e-01 6.465253835452211550e-01 4.300137211541849580e-01 4.175104369578667152e-01 4.478830755327075641e-01 7.025754332959498472e-01 8.032227843663661826e-01 2.711166209587732023e-01 4.407245452289313414e-01 3.049869656263038409e-01 4.348808923459752118e-01 5.882715185937323898e-01 4.425099328526090892e-01 3.602204443843392001e-01 1.079959918710643452e-01 4.127648595028791667e-01 6.793094597148194858e-01 2.907668386724866494e-01 7.452989206616831286e-01 7.622824157620530228e-01 6.772646828413462217e-01 4.306971588739600953e-01
6.505520148678598513e-01 6.623141592456027738e-02 4.628139845041661093e-01 7.285238952746850849e-01 5.209704836830921781e-01 0.000000000000000000e+00 6.401905202081383806e-01 9.194218023437996656e-01 5.261075329283471103e-01 3.469550507064996236e-01 3.687319587761802020e-01 3.740253269390383384e-01 4.172663853608274409e-01 4.662219652443988505e-01 3.136197135329905628e-01 6.482766581833849795e-01 4.522715353433306440e-01 6.035531493401941061e-01 7.501464608031728210e-01 4.481083745716895050e-01 7.376489628554401268e-01 6.173707962400084570e-01 2.193799028627940739e-01 3.506169566352353995e-01 7.973303951493192487e-01 3.191009423261973454e-01 4.859062986778807103e-01 7.765447552953781418e-01 3.267617060473004820e-01 4.747474499361910572e-01 6.301588244582942977e-01 4.211511090003606794e-01 6.877556857376345700e-01 7.613337297542466242e-01 7.227294671099093737e-01
5.541969217663973435e-01 4.660778079086496106e-01 4.210413581371386105e-01 2.739383261457138952e-01 4.874113625403708183e-01 6.401905202081383806e-01 0.000000000000000000e+00 6.854571485152971544e-01 9.132080122636836439e-01 5.820038131439777551e-01 5.101526616329081776e-01 5.765084218275698946e-01 6.276019568047307429e-01 9.156234269538383597e-01 6.769269875422503357e-01 2.909623271648985043e-01 4.619970719992661512e-01 3.123394553184286049e-01 6.230169320444398640e-01 8.036932831838052849e-01 4.335368551457013386e-01 5.015433361255473566e-01 7.767359505349795690e-01 2.186297446133830258e-01 6.118087327535892683e-01 4.750066136545608164e-01 7.608596670296939868e-01 7.633393668346348804e-01 5.928500008691397483e-01 5.473291406242583035e-01 4.494110291757686948e-01 5.469849855505137803e-01 7.862561359377977510e-01 3.335020243973345622e-01 3.682091353636887110e-01
4.423158759059986345e-01 9.277433487130550827e-01 6.984326990860660889e-01 7.483488232044370747e-01 5.299544838585981132e-01 9.194218023437996656e-01 6.854571485152971544e-01 0.000000000000000000e+00 6.839754570476151985e-01 4.774061313222948133e-01 7.172156023585477547e-01 2.680003657188304578e-01 4.846022040690817212e-01 2.516021494537505898e-01 7.686002642736069479e-01 4.500805037832011357e-01 5.523865708566344512e-02 5.208933416781813541e-01 3.231868834572347859e-01 5.220335711888611785e-01 6.310367882203914425e-01 5.942257797494541194e-01 7.355258458639630792e-01 4.102102391292609673e-01 5.638281551166957062e-01 8.983513032214944793e-01 5.219099108580378399e-01 2.392211290509782540e-01 5.326126772527428610e-01 6.504154327433955274e-01 1.967318520525894177e-01 8.741736434719560300e-01 4.287878764924611397e-01 3.683615492673404934e-01 7.779556315461427785e-01
2.684553626276842131e-01 6.633690541805086216e-01 1.845961787204386528e-01 5.698659360855589107e-01 4.948088431827430966e-01 5.261075329283471103e-01 9.132080122636836439e-01 6.839754570476151985e-01 0.000000000000000000e+00 7.557819454964641581e-01 6.501553083965073698e-01 1.072644692457824789e-01 6.816296113917077459e-01 4.841427956556392798e-01 5.630117764433759664e-01 8.475386745056792126e-01 3.747562822343779576e-01 4.317689774941807501e-01 8.481485932201034972e-01 2.994633873662588819e-01 5.970913539355174882e-01 7.626319566411376982e-01 5.841277130112265681e-01 6.075727215338432297e-01 7.106827686164856051e-01 7.308535917975284013e-01 6.950441750303262278e-01 3.054928427288527981e-01 4.847908544356765992e-01 5.602145087616126062e-01 4.884908878985278480e-01 8.325026648007556318e-01 3.207512539332533219e-01 5.922729635963279726e-01 5.924023075269065908e-01
7.474833419572917137e-01 7.132760799141411034e-01 9.374939305520511024e-01 1.867781864108375434e-01 7.382010262503240217e-01 3.469550507064996236e-01 5.820038131439777551e-01 4.774061313222948133e-01 7.557819454964641581e-01 0.000000000000000000e+00 3.911304376235915647e-01 5.214991604149776805e-02 6.288053760719172214e-01 5.276373431083855037e-01 8.661981839173997777e-01 2.640370817534207770e-01 2.895714265473331439e-01 6.891930201713313275e-01 4.661230390314263228e-01 6.925696796285945034e-01 8.078572839966260410e-01 6.829422071229718227e-01 8.538141501548426326e-01 3.336460398766076807e-01 7.582764583273196024e-01 7.158214326602677646e-01 3.862833796833636812e-01 3.924134465110117320e-01 5.087733410470366424e-01 4.636004982911600680e-01 4.669806928481394226e-01 4.747667165593237870e-01 3.719864443138628518e-01 2.572799920798033990e-01 1.830355484250494325e-01
8.691959867936610573e-01 4.287308472614937416e-01 5.441297479607998255e-02 8.660017423176007423e-01 4.901556235224510671e-01 3.687319587761802020e-01 5.101526616329081776e-01 7.172156023585477547e-01 6.501553083965073698e-01 3.911304376235915647e-01 0.000000000000000000e+00 1.953128116499207589e-01 4.432058423385050738e-01 4.291454398118955682e-01 6.346609670707329398e-01 4.137215731097306226e-01 6.110937085792897960e-01 4.355845947974610333e-01 4.202488450468205849e-01 3.241115688965376940e-01 7.917383122277881213e-01 8.421379372888313508e-01 3.376954619196551044e-01 8.872349247281006157e-01 4.598277201419606053e-01 7.533658605264307306e-01 1.831120286120234142e-01 4.188622270973680894e-01 3.358762755906406494e-01 3.921347096078660055e-01 2.186073175761332477e-01 5.821415769726296929e-01 6.431318671152692623e-01 4.188289951490637431e-01 1.667630081715548718e-01
4.895510096624196561e-01 9.645285087767665466e-01 5.342471575778580117e-01 8.080364679300950925e-01 7.245207175164563029e-01 3.740253269390383384e-01 5.765084218275698946e-01 2.680003657188304578e-01 1.072644692457824789e-01 5.214991604149776805e-02 1.953128116499207589e-01 0.000000000000000000e+00 2.144315752950416432e-01 7.560245888146043258e-01 8.099752690173276370e-01 3.902861259500300939e-01 7.212411302507839572e-01 9.244127323653714701e-01 9.257151521691243667e-01 4.527913284195429489e-01 7.653250492050105436e-01 7.945592492233981563e-01 1.087782440001656692e-01 2.991990925957309644e-01 9.401007651857684611e-02 5.885765432917446915e-01 4.468250534708362864e-01 8.588303239892610685e-01 7.469402742342818868e-01 5.197169717931207078e-01 4.481464748951315968e-01 3.055986259344825595e-01 1.254024964551606613e-01 6.080760810333480926e-01 4.201948218530067169e-01
8.714715236331045389e-01 8.934674014083969773e-01 8.734912099467935231e-01 3.448538226292380271e-01 8.736285124000778834e-01 4.172663853608274409e-01 6.276019568047307429e-01 4.846022040690817212e-01 6.816296113917077459e-01 6.288053760719172214e-01 4.432058423385050738e-01 2.144315752950416432e-01 0.000000000000000000e+00 1.607202999079831995e-01 4.823745478485444438e-01 1.127626277317124170e-01 6.772729932440471057e-01 3.947666988293431212e-01 9.134507342593973789e-01 3.090917189653803465e-01 1.504016535486157879e-01 7.822422452747279653e-01 7.498834817966737454e-01 5.833024872944851946e-01 6.785961926933574695e-01 9.144662555405034254e-01 5.596141039413056184e-01 3.428342428358022165e-01 8.007915989867777640e-01 3.287823741490026874e-01 6.935278465087949540e-01 1.108596711684989300e-01 3.876600459686397881e-01 7.576497603313213647e-01 8.286718583287484563e-01
5.109495474375829183e-01 5.886585608228078748e-01 5.572456091037051307e-01 4.612086191473944718e-01 6.933699308258678418e-01 4.662219652443988505e-01 9.156234269538383597e-01 2.516021494537505898e-01 4.841427956556392798e-01 5.276373431083855037e-01 4.291454398118955682e-01 7.560245888146043258e-01 1.607202999079831995e-01 0.000000000000000000e+00 3.987450207976457328e-01 7.763982644574676240e-01 1.075754858234168054e-01 7.738928517263117257e-01 3.923056109889695997e-01 3.708185431671803811e-01 5.060150702864977257e-01 6.810028528544095350e-01 6.699926628747292501e-01 9.235978258298593868e-02 5.108009935649254762e-01 5.416992407986656044e-01 4.857631547496506497e-01 8.337233914622708131e-01 6.632491861679836731e-01 7.975963001333834512e-01 8.778580228039508659e-01 7.086526107253487972e-01 5.900194848565032402e-01 5.743613032013457076e-01 3.453560134582134844e-01
4.905645030424292674e-01 4.844205115858208899e-01 6.583492837575758427e-01 4.799645989997975426e-01 6.465253835452211550e-01 3.136197135329905628e-01 6.769269875422503357e-01 7.686002642736069479e-01 5.630117764433759664e-01 8.661981839173997777e-01 6.346609670707329398e-01 8.099752690173276370e-01 4.823745478485444438e-01 3.987450207976457328e-01 0.000000000000000000e+00 4.943363907983640004e-01 4.112128430378289012e-01 4.135406539223940303e-02 5.433906090388028742e-01 4.976623241462208580e-01 8.182699423416011086e-01 5.682222319964431723e-01 4.256581732021922360e-01 5.680786078851163268e-01 7.951532287739625504e-01 5.507692571028566242e-02 9.196100363848085379e-01 4.719487346664220651e-01 4.953816014971765269e-01 1.179950413909239826e-01 9.765118443661137126e-01 8.034006382371294830e-01 2.685118159742070354e-01 7.121655812052929413e-02 6.186906790736723671e-01
2.944910016397109254e-01 4.311163106592674210e-01 4.405966605345816856e-01 9.502752422225495543e-01 4.300137211541849580e-01 6.482766581833849795e-01 2.909623271648985043e-01 4.500805037832011357e-01 8.475386745056792126e-01 2.640370817534207770e-01 4.137215731097306226e-01 3.902861259500300939e-01 1.127626277317124170e-01 7.763982644574676240e-01 4.943363907983640004e-01 0.000000000000000000e+00 3.557868598149122596e-01 4.538301339633454834e-01 8.803691054325730736e-01 8.502761412757766646e-01 6.777015721021003580e-01 1.600766610862379702e-01 4.872413223403184723e-01 6.239717255532456486e-01 7.402026620992667727e-01 9.030430576399691711e-01 3.257639642147913683e-01 4.793403198092620610e-01 8.194166139993692699e-01 8.875042900565013326e-01 2.713240691017746453e-01 3.912046191728474898e-01 8.224419926096080413e-01 8.430650135379682553e-01 3.263615790614128320e-01
6.828344473086976896e-01 4.521366681814874000e-01 8.122893653385918622e-01 6.819603467578400080e-01 4.175104369578667152e-01 4.522715353433306440e-01 4.619970719992661512e-01 5.523865708566344512e-02 3.747562822343779576e-01 2.895714265473331439e-01 6.110937085792897960e-01 7.212411302507839572e-01 6.772729932440471057e-01 1.075754858234168054e-01 4.112128430378289012e-01 3.557868598149122596e-01 0.000000000000000000e+00 7.099644357058483291e-01 6.420918774442747612e-01 9.302411751165436948e-01 6.802641545095597930e-01 6.892536052363658072e-01 6.611179604671385546e-01 7.583986045223570782e-01 8.674980893475283672e-01 3.813718188453142921e-01 3.706723150486278540e-01 6.977413737179662956e-01 3.594754619071546253e-01 2.158556349687829057e-01 6.292531521240707360e-01 3.082870302803442097e-01 3.941219081177895212e-01 2.631270193510239497e-01 4.688191545490151269e-01
4.782560063682150808e-01 5.512772369156451191e-01 7.219493238823373460e-01 8.640061100223935808e-01 4.478830755327075641e-01 6.035531493401941061e-01 3.123394553184286049e-01 5.208933416781813541e-01 4.317689774941807501e-01 6.891930201713313275e-01 4.355845947974610333e-01 9.244127323653714701e-01 3.947666988293431212e-01 7.738928517263117257e-01 4.135406539223940303e-02 4.538301339633454834e-01 7.099644357058483291e-01 0.000000000000000000e+00 3.481246968221910487e-01 5.250155631543554913e-01 5.037382460269962392e-01 2.576031610572456776e-01 7.227108550842328283e-01 8.648300183704245025e-01 4.478953261279176590e-01 4.855626027863982896e-01 7.951440658215532808e-01 5.458145255100361748e-01 4.441703387456348295e-01 6.351622164518775371e-01 9.199288630455513260e-01 7.055980759997656504e-01 2.122069255123832932e-01 6.474034428607748914e-01 8.683850527029385313e-01
2.903817449407785078e-01 6.957316263545714197e-01 6.688637019281278295e-01 2.572238715001162745e-01 7.025754332959498472e-01 7.501464608031728210e-01 6.230169320444398640e-01 3.231868834572347859e-01 8.481485932201034972e-01 4.661230390314263228e-01 4.202488450468205849e-01 9.257151521691243667e-01 9.134507342593973789e-01 3.923056109889695997e-01 5.433906090388028742e-01 8.803691054325730736e-01 6.420918774442747612e-01 3.481246968221910487e-01 0.000000000000000000e+00 3.618143187071884981e-01 5.096281191934886046e-01 2.167153444466911605e-01 6.858908238809373614e-01 2.772711694855065634e-01 2.870968513058118621e-01 2.531273378056994594e-01 4.409963656146430044e-01 6.781695798626583560e-01 8.204017300854397066e-01 5.407499634066190719e-01 8.609578235297885573e-01 7.782616729581901538e-01 1.958062233468480517e-01 7.212919410504179396e-01 3.405697993915638988e-01
5.282168758040861611e-01 3.135569296560665187e-01 7.288559758429147273e-02 7.094182270498929910e-01 8.032227843663661826e-01 4.481083745716895050e-01 8.036932831838052849e-01 5.220335711888611785e-01 2.994633873662588819e-01 6.925696796285945034e-01 3.241115688965376940e-01 4.527913284195429489e-01 3.090917189653803465e-01 3.708185431671803811e-01 4.976623241462208580e-01 8.502761412757766646e-01 9.302411751165436948e-01 5.250155631543554913e-01 3.618143187071884981e-01 0.000000000000000000e+00 7.333893203111545578e-01 3.752673225404886126e-01 7.797801196600792073e-01 8.457188245003438576e-01 1.662084662218408226e-01 8.133721579539916480e-01 5.734728588150476147e-01 3.927046401387823127e-01 6.583935561068330333e-01 4.782428261387363100e-01 4.201740338459403201e-01 4.305614172473039014e-01 7.609633706652672025e-01 3.774841695452278989e-01 5.026414792787061714e-01
7.562464053092716743e-01 6.876617630965050632e-01 6.838956422565118931e-01 7.247743405291364738e-01 2.711166209587732023e-01 7.376489628554401268e-01 4.335368551457013386e-01 6.310367882203914425e-01 5.970913539355174882e-01 8.078572839966260410e-01 7.917383122277881213e-01 7.653250492050105436e-01 1.504016535486157879e-01 5.060150702864977257e-01 8.182699423416011086e-01 6.777015721021003580e-01 6.802641545095597930e-01 5.037382460269962392e-01 5.096281191934886046e-01 7.333893203111545578e-01 0.000000000000000000e+00 4.389099639870839842e-01 8.215118115475470439e-01 5.622540608755222102e-01 8.707850848295701773e-01 6.903674533713302086e-01 7.146319561551536248e-01 1.868521887318863595e-01 5.335991622079598873e-01 6.733600085629889431e-01 6.779822747284188766e-01 3.816841821070851015e-01 5.073486645108729043e-01 6.881566015040814221e-01 7.246083060088650551e-01
3.332703077916165935e-01 4.266914992082023184e-01 5.233975533561550098e-01 5.932559683808400486e-01 4.407245452289313414e-01 6.173707962400084570e-01 5.015433361255473566e-01 5.942257797494541194e-01 7.626319566411376982e-01 6.829422071229718227e-01 8.421379372888313508e-01 7.945592492233981563e-01 7.822422452747279653e-01 6.810028528544095350e-01 5.682222319964431723e-01 1.600766610862379702e-01 6.892536052363658072e-01 2.576031610572456776e-01 2.167153444466911605e-01 3.752673225404886126e-01 4.389099639870839842e-01 0.000000000000000000e+00 9.393510751738103348e-01 8.894652583541340363e-01 8.184113341085834659e-01 3.756616675167018804e-01 5.226192356163626984e-01 4.468259303719477882e-01 4.950491230030155676e-01 7.100113919237982518e-01 4.946689085577029577e-01 4.091807165781076172e-01 3.393849175202908741e-01 1.049374111830433387e-01 4.740463550142557381e-01
1.425155528880063249e-01 9.040511117252271189e-01 7.225398011853390035e-01 5.880795109867932302e-01 3.049869656263038409e-01 2.193799028627940739e-01 7.767359505349795690e-01 7.355258458639630792e-01 5.841277130112265681e-01 8.538141501548426326e-01 3.376954619196551044e-01 1.087782440001656692e-01 7.498834817966737454e-01 6.699926628747292501e-01 4.256581732021922360e-01 4.872413223403184723e-01 6.611179604671385546e-01 7.227108550842328283e-01 6.858908238809373614e-01 7.797801196600792073e-01 8.215118115475470439e-01 9.393510751738103348e-01 0.000000000000000000e+00 1.652366630605518472e-01 8.827325558474121703e-01 8.404288897883034348e-01 7.694593220676078094e-01 4.165400859230019015e-01 2.163689333310830909e-01 7.330561283508805204e-01 7.206500047872335113e-01 5.180144574891054621e-01 9.178671776650837444e-02 3.225820837375277250e-01 3.703525862899554877e-01
4.935110986797434096e-01 1.974848041410683930e-01 7.726975231055783766e-01 4.072066051211148952e-01 4.348808923459752118e-01 3.506169566352353995e-01 2.186297446133830258e-01 4.102102391292609673e-01 6.075727215338432297e-01 3.336460398766076807e-01 8.872349247281006157e-01 2.991990925957309644e-01 5.833024872944851946e-01 9.235978258298593868e-02 5.680786078851163268e-01 6.239717255532456486e-01 7.583986045223570782e-01 8.648300183704245025e-01 2.772711694855065634e-01 8.457188245003438576e-01 5.622540608755222102e-01 8.894652583541340363e-01 1.652366630605518472e-01 0.000000000000000000e+00 2.331800516884863228e-01 9.220753008828563857e-01 2.516649813846347783e-01 4.461590833346231189e-01 6.743564853428286598e-01 4.665526046221237788e-01 5.627544816890743817e-01 7.076996390288301519e-01 2.008739423245909372e-01 6.806248558480176847e-01 5.627722245230797338e-01
3.792795277879326132e-01 7.700164075654032381e-01 6.850376702899215742e-01 5.074438227641260291e-01 5.882715185937323898e-01 7.973303951493192487e-01 6.118087327535892683e-01 5.638281551166957062e-01 7.106827686164856051e-01 7.582764583273196024e-01 4.598277201419606053e-01 9.401007651857684611e-02 6.785961926933574695e-01 5.108009935649254762e-01 7.951532287739625504e-01 7.402026620992667727e-01 8.674980893475283672e-01 4.478953261279176590e-01 2.870968513058118621e-01 1.662084662218408226e-01 8.707850848295701773e-01 8.184113341085834659e-01 8.827325558474121703e-01 2.331800516884863228e-01 0.000000000000000000e+00 4.439925627687568710e-02 2.481746475018690168e-01 6.070755211226362968e-01 5.399734019423997333e-01 4.982561385006171184e-01 7.995843633197792233e-01 3.905288272292563034e-01 7.801953468300556471e-01 8.534131550877324113e-01 6.411245674161025754e-01
5.014163380695433325e-01 2.384974852176108273e-01 9.233497426787702356e-01 3.372218371547763827e-01 4.425099328526090892e-01 3.191009423261973454e-01 4.750066136545608164e-01 8.983513032214944793e-01 7.308535917975284013e-01 7.158214326602677646e-01 7.533658605264307306e-01 5.885765432917446915e-01 9.144662555405034254e-01 5.416992407986656044e-01 5.507692571028566242e-02 9.030430576399691711e-01 3.813718188453142921e-01 4.855626027863982896e-01 2.531273378056994594e-01 8.133721579539916480e-01 6.903674533713302086e-01 3.756616675167018804e-01 8.404288897883034348e-01 9.220753008828563857e-01 4.439925627687568710e-02 0.000000000000000000e+00 4.780546852615049080e-01 3.189733530562750552e-01 9.375389914869691754e-01 1.487122248299692640e-01 4.890365132988517827e-01 6.368986759402119890e-01 3.733036571082813393e-01 5.915391013305634216e-01 7.787463117335235996e-01
4.505968982442649651e-01 3.505556004218951527e-01 6.045149741720916570e-01 5.382217238126218994e-01 3.602204443843392001e-01 4.859062986778807103e-01 7.608596670296939868e-01 5.219099108580378399e-01 6.950441750303262278e-01 3.862833796833636812e-01 1.831120286120234142e-01 4.468250534708362864e-01 5.596141039413056184e-01 4.857631547496506497e-01 9.196100363848085379e-01 3.257639642147913683e-01 3.706723150486278540e-01 7.951440658215532808e-01 4.409963656146430044e-01 5.734728588150476147e-01 7.146319561551536248e-01 5.226192356163626984e-01 7.694593220676078094e-01 2.516649813846347783e-01 2.481746475018690168e-01 4.780546852615049080e-01 0.000000000000000000e+00 4.082438649949196030e-01 8.344102302914029323e-01 5.603189217114286080e-01 7.678551918614018312e-01 5.857607761106317090e-01 4.136594978867658146e-01 8.869673711276182537e-01 5.410254690656763898e-01
3.111934821177645971e-01 4.437741775034483305e-01 5.806196189569825528e-01 3.958384659321555477e-01 1.079959918710643452e-01 7.765447552953781418e-01 7.633393668346348804e-01 2.392211290509782540e-01 3.054928427288527981e-01 3.924134465110117320e-01 4.188622270973680894e-01 8.588303239892610685e-01 3.428342428358022165e-01 8.337233914622708131e-01 4.719487346664220651e-01 4.793403198092620610e-01 6.977413737179662956e-01 5.458145255100361748e-01 6.781695798626583560e-01 3.927046401387823127e-01 1.868521887318863595e-01 4.468259303719477882e-01 4.165400859230019015e-01 4.461590833346231189e-01 6.070755211226362968e-01 3.189733530562750552e-01 4.082438649949196030e-01 0.000000000000000000e+00 8.220908166037464992e-01 9.253195976463244321e-01 5.563097781201566949e-01 8.465999439089411105e-01 5.412950183402198689e-01 8.053240903472466128e-01 5.655729436340491967e-01
7.629654004940541467e-01 7.729937702958280532e-01 6.398813401664913414e-01 2.297876557034166933e-01 4.127648595028791667e-01 3.267617060473004820e-01 5.928500008691397483e-01 5.326126772527428610e-01 4.847908544356765992e-01 5.087733410470366424e-01 3.358762755906406494e-01 7.469402742342818868e-01 8.007915989867777640e-01 6.632491861679836731e-01 4.953816014971765269e-01 8.194166139993692699e-01 3.594754619071546253e-01 4.441703387456348295e-01 8.204017300854397066e-01 6.583935561068330333e-01 5.335991622079598873e-01 4.950491230030155676e-01 2.163689333310830909e-01 6.743564853428286598e-01 5.399734019423997333e-01 9.375389914869691754e-01 8.344102302914029323e-01 8.220908166037464992e-01 0.000000000000000000e+00 7.389937513066944241e-01 8.043267951741943644e-01 7.212052222308855676e-01 3.899855758975442344e-01 4.611499036339355984e-01 8.226422853374675270e-01
1.656407283633710703e-01 8.142040069312334039e-01 6.186872729496761814e-01 4.872084047031336462e-01 6.793094597148194858e-01 4.747474499361910572e-01 5.473291406242583035e-01 6.504154327433955274e-01 5.602145087616126062e-01 4.636004982911600680e-01 3.921347096078660055e-01 5.197169717931207078e-01 3.287823741490026874e-01 7.975963001333834512e-01 1.179950413909239826e-01 8.875042900565013326e-01 2.158556349687829057e-01 6.351622164518775371e-01 5.407499634066190719e-01 4.782428261387363100e-01 6.733600085629889431e-01 7.100113919237982518e-01 7.330561283508805204e-01 4.665526046221237788e-01 4.982561385006171184e-01 1.487122248299692640e-01 5.603189217114286080e-01 9.253195976463244321e-01 7.389937513066944241e-01 0.000000000000000000e+00 5.936898933350340801e-01 9.452560243221566072e-01 7.703931007050461854e-01 4.164530630125855004e-01 5.814118584776338805e-01
3.146592003452208797e-01 8.713428841208188391e-01 5.902982441184838613e-01 8.689356348530270502e-01 2.907668386724866494e-01 6.301588244582942977e-01 4.494110291757686948e-01 1.967318520525894177e-01 4.884908878985278480e-01 4.669806928481394226e-01 2.186073175761332477e-01 4.481464748951315968e-01 6.935278465087949540e-01 8.778580228039508659e-01 9.765118443661137126e-01 2.713240691017746453e-01 6.292531521240707360e-01 9.199288630455513260e-01 8.609578235297885573e-01 4.201740338459403201e-01 6.779822747284188766e-01 4.946689085577029577e-01 7.206500047872335113e-01 5.627544816890743817e-01 7.995843633197792233e-01 4.890365132988517827e-01 7.678551918614018312e-01 5.563097781201566949e-01 8.043267951741943644e-01 5.936898933350340801e-01 0.000000000000000000e+00 2.817476038068701394e-01 2.612352011798040330e-01 7.261593516353138655e-01 2.408213138694622613e-01
5.075231737884543515e-01 4.219112044231234093e-01 4.535134451757845131e-01 7.031471494427476987e-01 7.452989206616831286e-01 4.211511090003606794e-01 5.469849855505137803e-01 8.741736434719560300e-01 8.325026648007556318e-01 4.747667165593237870e-01 5.821415769726296929e-01 3.055986259344825595e-01 1.108596711684989300e-01 7.086526107253487972e-01 8.034006382371294830e-01 3.912046191728474898e-01 3.082870302803442097e-01 7.055980759997656504e-01 7.782616729581901538e-01 4.305614172473039014e-01 3.816841821070851015e-01 4.091807165781076172e-01 5.180144574891054621e-01 7.076996390288301519e-01 3.905288272292563034e-01 6.368986759402119890e-01 5.857607761106317090e-01 8.465999439089411105e-01 7.212052222308855676e-01 9.452560243221566072e-01 2.817476038068701394e-01 0.000000000000000000e+00 5.726000727563755888e-01 5.104963863948135394e-01 7.077510745790702718e-01
3.508606634534434110e-01 3.472470595614488564e-01 4.314141545535807865e-01 6.113444257192570674e-01 7.622824157620530228e-01 6.877556857376345700e-01 7.862561359377977510e-01 4.287878764924611397e-01 3.207512539332533219e-01 3.719864443138628518e-01 6.431318671152692623e-01 1.254024964551606613e-01 3.876600459686397881e-01 5.900194848565032402e-01 2.685118159742070354e-01 8.224419926096080413e-01 3.941219081177895212e-01 2.122069255123832932e-01 1.958062233468480517e-01 7.609633706652672025e-01 5.073486645108729043e-01 3.393849175202908741e-01 9.178671776650837444e-02 2.008739423245909372e-01 7.801953468300556471e-01 3.733036571082813393e-01 4.136594978867658146e-01 5.412950183402198689e-01 3.899855758975442344e-01 7.703931007050461854e-01 2.612352011798040330e-01 5.726000727563755888e-01 0.000000000000000000e+00 3.625164172810457774e-01 3.028438422003498220e-01
5.233131139170013046e-01 5.328753574683129379e-01 1.305855368983630527e-01 7.080366439887645358e-01 6.772646828413462217e-01 7.613337297542466242e-01 3.335020243973345622e-01 3.683615492673404934e-01 5.922729635963279726e-01 2.572799920798033990e-01 4.188289951490637431e-01 6.080760810333480926e-01 7.576497603313213647e-01 5.743613032013457076e-01 7.121655812052929413e-02 8.430650135379682553e-01 2.631270193510239497e-01 6.474034428607748914e-01 7.212919410504179396e-01 3.774841695452278989e-01 6.881566015040814221e-01 1.049374111830433387e-01 3.225820837375277250e-01 6.806248558480176847e-01 8.534131550877324113e-01 5.915391013305634216e-01 8.869673711276182537e-01 8.053240903472466128e-01 4.611499036339355984e-01 4.164530630125855004e-01 7.261593516353138655e-01 5.104963863948135394e-01 3.625164172810457774e-01 0.000000000000000000e+00 8.978486642887344438e-01
4.657642706591484383e-01 1.381815630794920313e-01 5.735291337413619406e-01 4.783861078066581340e-01 4.306971588739600953e-01 7.227294671099093737e-01 3.682091353636887110e-01 7.779556315461427785e-01 5.924023075269065908e-01 1.830355484250494325e-01 1.667630081715548718e-01 4.201948218530067169e-01 8.286718583287484563e-01 3.453560134582134844e-01 6.186906790736723671e-01 3.263615790614128320e-01 4.688191545490151269e-01 8.683850527029385313e-01 3.405697993915638988e-01 5.026414792787061714e-01 7.246083060088650551e-01 4.740463550142557381e-01 3.703525862899554877e-01 5.627722245230797338e-01 6.411245674161025754e-01 7.787463117335235996e-01 5.410254690656763898e-01 5.655729436340491967e-01 8.226422853374675270e-01 5.814118584776338805e-01 2.408213138694622613e-01 7.077510745790702718e-01 3.028438422003498220e-01 8.978486642887344438e-01 0.000000000000000000e+00
