0.000000000000000000e+00 8.442605542350849479e-01 6.185215893472424398e-01 8.494165594317809598e-01 9.933991179928600701e-01 4.979664307285584512e-01 5.018295803939329947e-01 7.677631304544836333e-01 7.998538894004283417e-01 3.236084041187127780e-01 6.340792108302857333e-01 4.357917286451419292e-01 7.537081012515052247e-01 3.354703541341964579e-01 7.708542516545034973e-01 4.925158411609859566e-01 5.492665569375541068e-01 9.392083540413354026e-02 6.358371975508698704e-01 5.325958434038758904e-01 2.036020695220861487e-01 4.346608370680014044e-01 7.707502489496573794e-01 8.680011177528844657e-01 5.811596741204998473e-01 5.678729456835401868e-01 4.961088446339989577e-01 5.227117303596660047e-01 5.189832209387120754e-01 7.329472485472544596e-01 3.526045060120234775e-01 1.920315997027565169e-01 6.886097237246613378e-02 5.260049838011754408e-01 6.780324567787882062e-01
8.442605542350849479e-01 0.000000000000000000e+00 8.378455181804926877e-01 5.001848054105330066e-01 6.979838327641987306e-01 5.314707001071363734e-01 8.430085025355353867e-01 6.805827231827734636e-01 3.419145826972411761e-01 7.318309667877329616e-01 4.720207004011334750e-01 5.322935655645513187e-01 5.530474338801080192e-01 7.861072298342818288e-01 5.553617606991700928e-01 7.122109060348313925e-01 6.798103355837431527e-01 4.107263526544100429e-01 4.291949906652384739e-01 3.657456611850970485e-01 3.815703524977998029e-01 5.333354055349182055e-02 5.179726557396922004e-01 3.337047610871624048e-01 4.922915138182202277e-01 2.081491508446478567e-01 9.441300913707685316e-01 6.300524398564892881e-01 4.955313782047811033e-01 6.947480351813729582e-01 4.433240880803634987e-01 3.105953521937294681e-01 7.206666977060467438e-01 8.646937755128323300e-01 6.272366782453457912e-01
6.185215893472424398e-01 8.378455181804926877e-01 0.000000000000000000e+00 6.727376782759876273e-01 1.868513689987422177e-01 3.777682012256214916e-01 4.152903011821528212e-01 5.550569325311054403e-01 3.165697916593190886e-01 5.379211565548502882e-01 8.020762635082021585e-01 3.785470214328915395e-01 5.643195949876539386e-01 4.927507447205142221e-01 6.944719389140859844e-01 2.583337280193338525e-01 4.892367651430048481e-01 4.054166509616210501e-01 3.330278507355994844e-01 5.784963619347528452e-01 4.387106270374340755e-01 3.723379390664279809e-01 7.862632530171127510e-01 6.158138626266568272e-01 5.024061839747471225e-01 4.440946450513768018e-01 2.842572940434497930e-01 3.398922295813343597e-01 4.057510247154272331e-01 5.703049202779630900e-01 4.893481836240167748e-01 5.626977487698936464e-01 1.496955040633005662e-01 5.829929428665069358e-01 6.516118133232939869e-02
8.494165594317809598e-01 5.001848054105330066e-01 6.727376782759876273e-01 0.000000000000000000e+00 5.075499229363271692e-01 1.285816423342098780e-01 5.155218940801578054e-01 1.521083908197112811e-01 4.548726608424599749e-01 8.652403074974159836e-01 6.035114964564306517e-01 7.453879649207086899e-01 6.664505900484387624e-01 7.284252911909739892e-01 3.013797877916313261e-02 7.297026828066008886e-01 2.543500888959883133e-01 2.868368723496810269e-01 7.897479144631427417e-01 7.485345461536736522e-01 8.033169668380151229e-01 7.461737794692212544e-01 4.349282238825290525e-01 1.822128811848944263e-01 2.646375463046924392e-01 2.174280981644235999e-01 5.916629264210343520e-01 1.074505909963009431e-01 3.344083071366352744e-01 6.580358946562894218e-01 7.775044863940822060e-01 6.924141137132656665e-01 6.626662168326391544e-01 8.914314832464758087e-01 6.517349021618765725e-01
9.933991179928600701e-01 6.979838327641987306e-01 1.868513689987422177e-01 5.075499229363271692e-01 0.000000000000000000e+00 5.708707290610911533e-01 3.444015758892720047e-01 5.512504091836928355e-01 1.384315649934684256e-01 9.289368429539911487e-01 7.385159592102248372e-01 5.085608423302725445e-01 4.758024058718212657e-01 3.101389494807450520e-01 6.101825338853072989e-01 6.299961466509272912e-01 4.082558626915278599e-01 3.768230868096158481e-01 9.569102958809254655e-01 1.965403909749976474e-01 7.593738809106710397e-01 6.385161760204227654e-01 7.666874286506203395e-01 6.547354926873870662e-01 5.736063607727123204e-01 5.549059961167659427e-01 3.827208464255578702e-01 4.544258921590096367e-01 7.698395767065663309e-01 4.571300855170603028e-01 5.576789620970217243e-01 6.986674126927108208e-01 7.185335114120672273e-01 5.662115086688880305e-01 2.907100687331336530e-01
4.979664307285584512e-01 5.314707001071363734e-01 3.777682012256214916e-01 1.285816423342098780e-01 5.708707290610911533e-01 0.000000000000000000e+00 1.426278856708275145e-01 6.277465553563037481e-01 3.882545023315220334e-01 7.175765171701143919e-01 2.966814738481451941e-01 5.488433158706420567e-01 8.591874470479844428e-01 6.257988398204024083e-01 8.646648235203018285e-01 4.066277680432172081e-01 9.044965338852808401e-01 2.039664779802863315e-02 5.433281123119186873e-01 2.505858720330552680e-01 3.466150378301118273e-01 7.782330641206327559e-01 3.888082624097273232e-01 6.516461465871237202e-01 4.788858432028340051e-01 5.634457364951395153e-01 4.698322992078259874e-01 1.887849749724717086e-01 7.173888560466756825e-01 3.864655223985000720e-01 7.506163560555966230e-01 9.233551803347481712e-01 5.040721418874543058e-01 4.613733368063993590e-01 4.438973929145458297e-01
5.018295803939329947e-01 8.430085025355353867e-01 4.152903011821528212e-01 5.155218940801578054e-01 3.444015758892720047e-01 1.426278856708275145e-01 0.000000000000000000e+00 3.870219090268821605e-01 6.898523107242796604e-01 5.276469583168654776e-01 3.893984697446712384e-01 5.480823404964365597e-01 1.165952102467179285e-01 2.800947780056133318e-01 4.633381388412455837e-01 7.886155081074854856e-01 2.140368027553044561e-01 4.973898079264489347e-01 5.054307253666940891e-01 5.469660124768545018e-01 6.681295027796769759e-01 5.058035996948995194e-01 4.812756061420621068e-01 8.525285077410982293e-01 6.236940509361128537e-01 6.071719529736976373e-01 6.811016669073775009e-01 1.618548809826894086e-01 6.308214489461858587e-01 2.122545391782356683e-01 7.461550923875051033e-01 3.499344845830479889e-01 3.639806119698796305e-01 7.733695924643552155e-01 7.293018602010914453e-01
7.677631304544836333e-01 6.805827231827734636e-01 5.550569325311054403e-01 1.521083908197112811e-01 5.512504091836928355e-01 6.277465553563037481e-01 3.870219090268821605e-01 0.000000000000000000e+00 5.190570737608060092e-01 4.032809003898702449e-01 5.997300504811209354e-01 2.000417060536897607e-01 3.396997433285103840e-01 6.237832051884149021e-01 5.284670291943309728e-01 7.866623627155706622e-01 1.737469870047705367e-01 9.144245479932744392e-01 7.959489379010462606e-01 5.085319590402193057e-01 5.710288533101717245e-01 6.759217917631088479e-01 4.349535372089589624e-01 8.209051881733538947e-01 4.036025316716823630e-01 5.342362826673161535e-01 5.771873862914722597e-01 3.298778585344099290e-01 8.287518937454265711e-01 7.487096931861130233e-01 7.199452233344818541e-01 2.464867835091792969e-01 4.631223671711936496e-01 1.301006655551182334e-01 4.919471538575208580e-01
7.998538894004283417e-01 3.419145826972411761e-01 3.165697916593190886e-01 4.548726608424599749e-01 1.384315649934684256e-01 3.882545023315220334e-01 6.898523107242796604e-01 5.190570737608060092e-01 0.000000000000000000e+00 6.629045892317479982e-01 6.863707162867321854e-01 5.033742498324673686e-01 6.607991105472492688e-01 4.250316643748617285e-01 3.844737783643341067e-01 8.029787371487442371e-01 1.679345876124336279e-01 5.811723336888533487e-01 7.845200246322311388e-01 1.617693174398127098e-01 8.258360001862398159e-01 4.943167427351599086e-01 3.054340598070294233e-01 7.694566697331548522e-01 3.090470625308941455e-01 8.211749341786683809e-01 5.086894243431917539e-01 9.082466341924848585e-01 7.572517521941753982e-01 9.002237650660087631e-01 3.889670321814019949e-01 3.917727219164243158e-01 8.617384067227891187e-01 8.251316482761230642e-01 7.626675116879346739e-01
3.236084041187127780e-01 7.318309667877329616e-01 5.379211565548502882e-01 8.652403074974159836e-01 9.289368429539911487e-01 7.175765171701143919e-01 5.276469583168654776e-01 4.032809003898702449e-01 6.629045892317479982e-01 0.000000000000000000e+00 3.348962678025850792e-01 4.951194906379565719e-01 4.419937600794047738e-01 5.925999325042627941e-01 4.303795495060722676e-01 5.061696290547109678e-01 8.836034116278490558e-01 6.135642486453500855e-01 2.312971464606773386e-01 3.581923036160539198e-01 8.857355812002148943e-01 1.458887269666085951e-01 2.639585468142470193e-01 2.970273849103165498e-01 8.491621164250029441e-01 6.934393980884467901e-01 5.121665420055911966e-01 4.822137802871314660e-01 8.231956661449746360e-02 5.170413706875540694e-01 7.724106398081872493e-01 2.773081021927889522e-01 5.347218849235083615e-01 6.339118606099874986e-01 5.026836093230835356e-01
6.340792108302857333e-01 4.720207004011334750e-01 8.020762635082021585e-01 6.035114964564306517e-01 7.385159592102248372e-01 2.966814738481451941e-01 3.893984697446712384e-01 5.997300504811209354e-01 6.863707162867321854e-01 3.348962678025850792e-01 0.000000000000000000e+00 3.706496405672625727e-01 6.616041934125487245e-01 6.857002586865310612e-01 3.614666126712885452e-01 9.282292484058597415e-01 2.601105384828579226e-01 5.924412059818159326e-01 8.487488758125947275e-01 8.443630349896931175e-01 7.003817908222760291e-01 4.972998739534440493e-01 4.462671073734731930e-01 4.927335429828652025e-01 5.574829738211554142e-01 3.937353852255790487e-01 6.294694932226626571e-01 4.180373296571449071e-01 2.944617823389292788e-01 2.301989613548906521e-01 6.100238850848045402e-01 2.693411168155773749e-01 9.311668437777855800e-01 2.516740079456332158e-01 7.046631543724130031e-01
4.357917286451419292e-01 5.322935655645513187e-01 3.785470214328915395e-01 7.453879649207086899e-01 5.085608423302725445e-01 5.488433158706420567e-01 5.480823404964365597e-01 2.000417060536897607e-01 5.033742498324673686e-01 4.951194906379565719e-01 3.706496405672625727e-01 0.000000000000000000e+00 9.010927643305186585e-01 7.898945231597779282e-01 1.705503949252249463e-01 3.708609103494340253e-01 5.056622657874563220e-01 5.975996238480323353e-01 2.500151145453998192e-01 7.197569370106948750e-01 3.361053435931716793e-01 5.978910503710473945e-01 1.576853473765048586e-01 5.267189277445156748e-01 3.915740116162373941e-01 6.113062566978147983e-01 4.129098126483920495e-01 5.490444933038358677e-01 1.082372667379898346e-01 6.351551732479507884e-01 3.009694499936110823e-01 1.187644571322752363e-01 6.602417511268316996e-01 5.575935835351693015e-01 7.531866746632982501e-01
7.537081012515052247e-01 5.530474338801080192e-01 5.643195949876539386e-01 6.664505900484387624e-01 4.758024058718212657e-01 8.591874470479844428e-01 1.165952102467179285e-01 3.396997433285103840e-01 6.607991105472492688e-01 4.419937600794047738e-01 6.616041934125487245e-01 9.010927643305186585e-01 0.000000000000000000e+00 4.923946859518121832e-01 6.637548118574589928e-01 3.029847278933809340e-01 3.030014504104707185e-01 5.152271312729220787e-01 8.782738793092169649e-01 4.695287071090878950e-01 6.652736848579606788e-01 7.357517046838900621e-01 8.012482612841920204e-01 7.748148778836181361e-01 7.342908858609336065e-01 3.695068902697834501e-01 5.767879752427237383e-01 4.233396709828073368e-01 6.173736111452481357e-01 5.629504671632115098e-01 1.300637508270937603e-01 6.748102504469075669e-01 8.311847994518845040e-01 4.937533258914676981e-01 1.307621864438580639e-01
3.354703541341964579e-01 7.861072298342818288e-01 4.927507447205142221e-01 7.284252911909739892e-01 3.101389494807450520e-01 6.257988398204024083e-01 2.800947780056133318e-01 6.237832051884149021e-01 4.250316643748617285e-01 5.925999325042627941e-01 6.857002586865310612e-01 7.898945231597779282e-01 4.923946859518121832e-01 0.000000000000000000e+00 4.253767035956697584e-01 8.679546606156027799e-01 6.560913391325917665e-01 7.418193556423635648e-01 6.920749587490868660e-01 6.687324003607959533e-01 8.589672825686178737e-01 5.811737533844343329e-01 4.751960360577044407e-01 5.056808509462514811e-01 1.085034259880607310e-01 8.227371558258413931e-01 9.104530724483532733e-01 8.369368021889974640e-01 3.298534346013804464e-01 5.243582440904064335e-01 5.382397506492723194e-01 9.079765902052180371e-01 6.703512483512135134e-01 5.502234860153322193e-01 6.309307762069084058e-01
7.708542516545034973e-01 5.553617606991700928e-01 6.944719389140859844e-01 3.013797877916313261e-02 6.101825338853072989e-01 8.646648235203018285e-01 4.633381388412455837e-01 5.284670291943309728e-01 3.844737783643341067e-01 4.303795495060722676e-01 3.614666126712885452e-01 1.705503949252249463e-01 6.637548118574589928e-01 4.253767035956697584e-01 0.000000000000000000e+00 3.097469152788387969e-01 8.099520277945109203e-01 6.219038500472642284e-01 6.798998538510470091e-01 4.363092892829679714e-01 9.029518245849010860e-01 8.646149922372964314e-01 5.737152069744281269e-01 5.128974150553671230e-01 6.277032849115369295e-01 3.775812121625974349e-01 3.363458423226732830e-01 1.615368132492551734e-01 8.170377046963326340e-01 5.219506766162386180e-01 8.024356168828405966e-01 8.223191148390440741e-01 1.773298250707521784e-01 2.648699645734259311e-01 4.822533944501002923e-01
4.925158411609859566e-01 7.122109060348313925e-01 2.583337280193338525e-01 7.297026828066008886e-01 6.299961466509272912e-01 4.066277680432172081e-01 7.886155081074854856e-01 7.866623627155706622e-01 8.029787371487442371e-01 5.061696290547109678e-01 9.282292484058597415e-01 3.708609103494340253e-01 3.029847278933809340e-01 8.679546606156027799e-01 3.097469152788387969e-01 0.000000000000000000e+00 1.437962642226712218e-01 5.165847704920456529e-01 7.698638052759088080e-01 6.728823523331841638e-01 3.362332707742893834e-01 5.810906192463665132e-01 8.187568999466126041e-01 5.516725975952252448e-01 9.079145486932722608e-01 7.154729178663863376e-01 7.620798575440109746e-01 6.966634537282012651e-01 3.831154028362729891e-01 8.232355332548128013e-01 1.969256671930001978e-01 3.843107515885748615e-01 8.331992562789067858e-01 4.153964562752772149e-01 4.835022602080274456e-01
5.492665569375541068e-01 6.798103355837431527e-01 4.892367651430048481e-01 2.543500888959883133e-01 4.082558626915278599e-01 9.044965338852808401e-01 2.140368027553044561e-01 1.737469870047705367e-01 1.679345876124336279e-01 8.836034116278490558e-01 2.601105384828579226e-01 5.056622657874563220e-01 3.030014504104707185e-01 6.560913391325917665e-01 8.099520277945109203e-01 1.437962642226712218e-01 0.000000000000000000e+00 6.702781611519007532e-01 8.768550034896669398e-01 4.745887800947635737e-01 4.703047747359178632e-01 4.033974650302868392e-01 5.787366562644251644e-01 6.469781937186384058e-01 5.680643949888574129e-01 3.870221925232874560e-01 4.471094848457138338e-01 5.063563117608889108e-01 5.368861607131950597e-01 5.614351828310270021e-01 4.088370859514393052e-01 7.663059835438632561e-01 4.475621118417312805e-01 5.957186959422378081e-01 2.660190313270737184e-01
9.392083540413354026e-02 4.107263526544100429e-01 4.054166509616210501e-01 2.868368723496810269e-01 3.768230868096158481e-01 2.039664779802863315e-02 4.973898079264489347e-01 9.144245479932744392e-01 5.811723336888533487e-01 6.135642486453500855e-01 5.924412059818159326e-01 5.975996238480323353e-01 5.152271312729220787e-01 7.418193556423635648e-01 6.219038500472642284e-01 5.165847704920456529e-01 6.702781611519007532e-01 0.000000000000000000e+00 4.797197624702103647e-01 4.910249815955025632e-01 3.046555732063349620e-02 6.403580151132817200e-01 4.701776411220042196e-01 5.545096103742517268e-01 1.169061563542955762e-01 3.712846159980262017e-01 5.854545071467716078e-01 6.965143219027495336e-01 4.814565701324046709e-01 8.538759942704996497e-01 8.711939385047499096e-01 6.027391914452671084e-01 8.531565005337155005e-01 5.362611649544410941e-01 6.813250983355485513e-01
6.358371975508698704e-01 4.291949906652384739e-01 3.330278507355994844e-01 7.897479144631427417e-01 9.569102958809254655e-01 5.433281123119186873e-01 5.054307253666940891e-01 7.959489379010462606e-01 7.845200246322311388e-01 2.312971464606773386e-01 8.487488758125947275e-01 2.500151145453998192e-01 8.782738793092169649e-01 6.920749587490868660e-01 6.798998538510470091e-01 7.698638052759088080e-01 8.768550034896669398e-01 4.797197624702103647e-01 0.000000000000000000e+00 4.049616706024166124e-01 4.923013382380910241e-01 4.668821822374194519e-01 6.285638541694129611e-01 8.304826139513861172e-01 8.264432967963696308e-01 7.486979981338021117e-01 2.281722450538523628e-01 5.889618053226506333e-01 7.010544112705261455e-01 6.917129332343170400e-01 7.665849753516513765e-01 4.577625819606075952e-01 3.052938723700991952e-01 4.978685101617403852e-01 2.912417117831833657e-01
5.325958434038758904e-01 3.657456611850970485e-01 5.784963619347528452e-01 7.485345461536736522e-01 1.965403909749976474e-01 2.505858720330552680e-01 5.469660124768545018e-01 5.085319590402193057e-01 1.617693174398127098e-01 3.581923036160539198e-01 8.443630349896931175e-01 7.197569370106948750e-01 4.695287071090878950e-01 6.687324003607959533e-01 4.363092892829679714e-01 6.728823523331841638e-01 4.745887800947635737e-01 4.910249815955025632e-01 4.049616706024166124e-01 0.000000000000000000e+00 5.034673305557593181e-01 5.109397400306739945e-01 3.708579825606611591e-01 5.991519558081586094e-01 8.443787267764779614e-01 4.259902831936720480e-01 6.539166237961010486e-01 6.584728998664456379e-01 5.456323271437073519e-01 2.587976815736374725e-01 1.006871138182762193e-01 5.822912966361784015e-01 6.998102427150136862e-01 1.929192056891561036e-01 8.302769826901805761e-01
2.036020695220861487e-01 3.815703524977998029e-01 4.387106270374340755e-01 8.033169668380151229e-01 7.593738809106710397e-01 3.466150378301118273e-01 6.681295027796769759e-01 5.710288533101717245e-01 8.258360001862398159e-01 8.857355812002148943e-01 7.003817908222760291e-01 3.361053435931716793e-01 6.652736848579606788e-01 8.589672825686178737e-01 9.029518245849010860e-01 3.362332707742893834e-01 4.703047747359178632e-01 3.046555732063349620e-02 4.923013382380910241e-01 5.034673305557593181e-01 0.000000000000000000e+00 6.341952298789700349e-01 6.182438117827819823e-01 2.347808017613089993e-01 3.217202198713977612e-01 4.463446539743874952e-01 1.265776992736968865e-01 4.485053619558155846e-01 6.768006059029720856e-01 5.943412480518932561e-01 7.589229108130273183e-01 7.627868800885138079e-01 4.956228516062928247e-01 9.641533881805952610e-01 1.486319957677574299e-01
4.346608370680014044e-01 5.333354055349182055e-02 3.723379390664279809e-01 7.461737794692212544e-01 6.385161760204227654e-01 7.782330641206327559e-01 5.058035996948995194e-01 6.759217917631088479e-01 4.943167427351599086e-01 1.458887269666085951e-01 4.972998739534440493e-01 5.978910503710473945e-01 7.357517046838900621e-01 5.811737533844343329e-01 8.646149922372964314e-01 5.810906192463665132e-01 4.033974650302868392e-01 6.403580151132817200e-01 4.668821822374194519e-01 5.109397400306739945e-01 6.341952298789700349e-01 0.000000000000000000e+00 3.518783216646398371e-01 5.609444319910932286e-01 5.737639417137803122e-01 5.296343164959353977e-01 3.595848686403011474e-01 4.435043825448377053e-01 8.965168415145370329e-01 7.399926157949821004e-01 5.434840806196188367e-01 3.858281329086524769e-01 4.394156113568435940e-01 7.561990466643836450e-01 7.342725305168835703e-01
7.707502489496573794e-01 5.179726557396922004e-01 7.862632530171127510e-01 4.349282238825290525e-01 7.666874286506203395e-01 3.888082624097273232e-01 4.812756061420621068e-01 4.349535372089589624e-01 3.054340598070294233e-01 2.639585468142470193e-01 4.462671073734731930e-01 1.576853473765048586e-01 8.012482612841920204e-01 4.751960360577044407e-01 5.737152069744281269e-01 8.187568999466126041e-01 5.787366562644251644e-01 4.701776411220042196e-01 6.285638541694129611e-01 3.708579825606611591e-01 6.182438117827819823e-01 3.518783216646398371e-01 0.000000000000000000e+00 2.594435203187508421e-01 4.349499376137223594e-01 7.727790210506926272e-01 5.717512252971905795e-01 6.817924292635624273e-01 1.199260620300818259e-01 6.872468155992769168e-01 2.006993240139500756e-01 5.667748326102981515e-01 9.504780844212179503e-02 5.544401214792640253e-01 3.581444822488397128e-01
8.680011177528844657e-01 3.337047610871624048e-01 6.158138626266568272e-01 1.822128811848944263e-01 6.547354926873870662e-01 6.516461465871237202e-01 8.525285077410982293e-01 8.209051881733538947e-01 7.694566697331548522e-01 2.970273849103165498e-01 4.927335429828652025e-01 5.267189277445156748e-01 7.748148778836181361e-01 5.056808509462514811e-01 5.128974150553671230e-01 5.516725975952252448e-01 6.469781937186384058e-01 5.545096103742517268e-01 8.304826139513861172e-01 5.991519558081586094e-01 2.347808017613089993e-01 5.609444319910932286e-01 2.594435203187508421e-01 0.000000000000000000e+00 5.572946084832490765e-01 5.637990004076364192e-01 4.811758616281426315e-01 4.993597861543185301e-01 9.086320024433058862e-01 6.761047277042084858e-01 2.100932454788668746e-01 4.378126599929056395e-01 4.218984391746571916e-01 6.400911277346860162e-01 9.155672850631118020e-01
5.811596741204998473e-01 4.922915138182202277e-01 5.024061839747471225e-01 2.646375463046924392e-01 5.736063607727123204e-01 4.788858432028340051e-01 6.236940509361128537e-01 4.036025316716823630e-01 3.090470625308941455e-01 8.491621164250029441e-01 5.574829738211554142e-01 3.915740116162373941e-01 7.342908858609336065e-01 1.085034259880607310e-01 6.277032849115369295e-01 9.079145486932722608e-01 5.680643949888574129e-01 1.169061563542955762e-01 8.264432967963696308e-01 8.443787267764779614e-01 3.217202198713977612e-01 5.737639417137803122e-01 4.349499376137223594e-01 5.572946084832490765e-01 0.000000000000000000e+00 6.261983647751923066e-02 2.169347436884822011e-01 8.186854282682383133e-01 4.910985831268431800e-01 1.662597031676593673e-01 6.316686787029188732e-01 4.962727697116284808e-01 3.957830849036005350e-01 3.195072454977537779e-01 8.256949970723881371e-01
5.678729456835401868e-01 2.081491508446478567e-01 4.440946450513768018e-01 2.174280981644235999e-01 5.549059961167659427e-01 5.634457364951395153e-01 6.071719529736976373e-01 5.342362826673161535e-01 8.211749341786683809e-01 6.934393980884467901e-01 3.937353852255790487e-01 6.113062566978147983e-01 3.695068902697834501e-01 8.227371558258413931e-01 3.775812121625974349e-01 7.154729178663863376e-01 3.870221925232874560e-01 3.712846159980262017e-01 7.486979981338021117e-01 4.259902831936720480e-01 4.463446539743874952e-01 5.296343164959353977e-01 7.727790210506926272e-01 5.637990004076364192e-01 6.261983647751923066e-02 0.000000000000000000e+00 6.364082907465250516e-01 4.017424356679537567e-01 8.422153290060876429e-01 2.317903350605039214e-01 6.937736081160061907e-01 5.745499333768737671e-01 8.005218215437224227e-01 5.023180472664157126e-01 3.851841201684419458e-01
4.961088446339989577e-01 9.441300913707685316e-01 2.842572940434497930e-01 5.916629264210343520e-01 3.827208464255578702e-01 4.698322992078259874e-01 6.811016669073775009e-01 5.771873862914722597e-01 5.086894243431917539e-01 5.121665420055911966e-01 6.294694932226626571e-01 4.129098126483920495e-01 5.767879752427237383e-01 9.104530724483532733e-01 3.363458423226732830e-01 7.620798575440109746e-01 4.471094848457138338e-01 5.854545071467716078e-01 2.281722450538523628e-01 6.539166237961010486e-01 1.265776992736968865e-01 3.595848686403011474e-01 5.717512252971905795e-01 4.811758616281426315e-01 2.169347436884822011e-01 6.364082907465250516e-01 0.000000000000000000e+00 6.051348973140043830e-01 2.892415444116946954e-01 5.613248839589667361e-01 8.106123864647200028e-01 1.992209161993748756e-01 7.594201432028225840e-01 5.181187642575562080e-01 5.769123988822238980e-02
5.227117303596660047e-01 6.300524398564892881e-01 3.398922295813343597e-01 1.074505909963009431e-01 4.544258921590096367e-01 1.887849749724717086e-01 1.618548809826894086e-01 3.298778585344099290e-01 9.082466341924848585e-01 4.822137802871314660e-01 4.180373296571449071e-01 5.490444933038358677e-01 4.233396709828073368e-01 8.369368021889974640e-01 1.615368132492551734e-01 6.966634537282012651e-01 5.063563117608889108e-01 6.965143219027495336e-01 5.889618053226506333e-01 6.584728998664456379e-01 4.485053619558155846e-01 4.435043825448377053e-01 6.817924292635624273e-01 4.993597861543185301e-01 8.186854282682383133e-01 4.017424356679537567e-01 6.051348973140043830e-01 0.000000000000000000e+00 5.546064256928491254e-01 7.681764273880399285e-01 3.419280747572835399e-01 6.104253501525482850e-01 4.561087700415019652e-01 6.423804592477380115e-01 5.438075078953867880e-01
5.189832209387120754e-01 4.955313782047811033e-01 4.057510247154272331e-01 3.344083071366352744e-01 7.698395767065663309e-01 7.173888560466756825e-01 6.308214489461858587e-01 8.287518937454265711e-01 7.572517521941753982e-01 8.231956661449746360e-02 2.944617823389292788e-01 1.082372667379898346e-01 6.173736111452481357e-01 3.298534346013804464e-01 8.170377046963326340e-01 3.831154028362729891e-01 5.368861607131950597e-01 4.814565701324046709e-01 7.010544112705261455e-01 5.456323271437073519e-01 6.768006059029720856e-01 8.965168415145370329e-01 1.199260620300818259e-01 9.086320024433058862e-01 4.910985831268431800e-01 8.422153290060876429e-01 2.892415444116946954e-01 5.546064256928491254e-01 0.000000000000000000e+00 3.988904207282308323e-01 6.194344127797807298e-01 5.422353103029893262e-01 1.336362419085009856e-01 7.350960605740877174e-01 5.618518994263863586e-01
7.329472485472544596e-01 6.947480351813729582e-01 5.703049202779630900e-01 6.580358946562894218e-01 4.571300855170603028e-01 3.864655223985000720e-01 2.122545391782356683e-01 7.487096931861130233e-01 9.002237650660087631e-01 5.170413706875540694e-01 2.301989613548906521e-01 6.351551732479507884e-01 5.629504671632115098e-01 5.243582440904064335e-01 5.219506766162386180e-01 8.232355332548128013e-01 5.614351828310270021e-01 8.538759942704996497e-01 6.917129332343170400e-01 2.587976815736374725e-01 5.943412480518932561e-01 7.399926157949821004e-01 6.872468155992769168e-01 6.761047277042084858e-01 1.662597031676593673e-01 2.317903350605039214e-01 5.613248839589667361e-01 7.681764273880399285e-01 3.988904207282308323e-01 0.000000000000000000e+00 4.547330481075994579e-01 7.909423835384101764e-01 6.773627946680900180e-01 5.291795998467292428e-01 7.000540669918111636e-01
3.526045060120234775e-01 4.433240880803634987e-01 4.893481836240167748e-01 7.775044863940822060e-01 5.576789620970217243e-01 7.506163560555966230e-01 7.461550923875051033e-01 7.199452233344818541e-01 3.889670321814019949e-01 7.724106398081872493e-01 6.100238850848045402e-01 3.009694499936110823e-01 1.300637508270937603e-01 5.382397506492723194e-01 8.024356168828405966e-01 1.969256671930001978e-01 4.088370859514393052e-01 8.711939385047499096e-01 7.665849753516513765e-01 1.006871138182762193e-01 7.589229108130273183e-01 5.434840806196188367e-01 2.006993240139500756e-01 2.100932454788668746e-01 6.316686787029188732e-01 6.937736081160061907e-01 8.106123864647200028e-01 3.419280747572835399e-01 6.194344127797807298e-01 4.547330481075994579e-01 0.000000000000000000e+00 8.205553544313988201e-01 5.645301324135790777e-01 3.534224543850347233e-01 7.048722282553184781e-01
1.920315997027565169e-01 3.105953521937294681e-01 5.626977487698936464e-01 6.924141137132656665e-01 6.986674126927108208e-01 9.233551803347481712e-01 3.499344845830479889e-01 2.464867835091792969e-01 3.917727219164243158e-01 2.773081021927889522e-01 2.693411168155773749e-01 1.187644571322752363e-01 6.748102504469075669e-01 9.079765902052180371e-01 8.223191148390440741e-01 3.843107515885748615e-01 7.663059835438632561e-01 6.027391914452671084e-01 4.577625819606075952e-01 5.822912966361784015e-01 7.627868800885138079e-01 3.858281329086524769e-01 5.667748326102981515e-01 4.378126599929056395e-01 4.962727697116284808e-01 5.745499333768737671e-01 1.992209161993748756e-01 6.104253501525482850e-01 5.422353103029893262e-01 7.909423835384101764e-01 8.205553544313988201e-01 0.000000000000000000e+00 3.933211178660963592e-01 8.251712909744061131e-01 4.665844169103329220e-01
6.886097237246613378e-02 7.206666977060467438e-01 1.496955040633005662e-01 6.626662168326391544e-01 7.185335114120672273e-01 5.040721418874543058e-01 3.639806119698796305e-01 4.631223671711936496e-01 8.617384067227891187e-01 5.347218849235083615e-01 9.311668437777855800e-01 6.602417511268316996e-01 8.311847994518845040e-01 6.703512483512135134e-01 1.773298250707521784e-01 8.331992562789067858e-01 4.475621118417312805e-01 8.531565005337155005e-01 3.052938723700991952e-01 6.998102427150136862e-01 4.956228516062928247e-01 4.394156113568435940e-01 9.504780844212179503e-02 4.218984391746571916e-01 3.957830849036005350e-01 8.005218215437224227e-01 7.594201432028225840e-01 4.561087700415019652e-01 1.336362419085009856e-01 6.773627946680900180e-01 5.645301324135790777e-01 3.933211178660963592e-01 0.000000000000000000e+00 3.980430729652222333e-01 6.671938417866345450e-01
5.260049838011754408e-01 8.646937755128323300e-01 5.829929428665069358e-01 8.914314832464758087e-01 5.662115086688880305e-01 4.613733368063993590e-01 7.733695924643552155e-01 1.301006655551182334e-01 8.251316482761230642e-01 6.339118606099874986e-01 2.516740079456332158e-01 5.575935835351693015e-01 4.937533258914676981e-01 5.502234860153322193e-01 2.648699645734259311e-01 4.153964562752772149e-01 5.957186959422378081e-01 5.362611649544410941e-01 4.978685101617403852e-01 1.929192056891561036e-01 9.641533881805952610e-01 7.561990466643836450e-01 5.544401214792640253e-01 6.400911277346860162e-01 3.195072454977537779e-01 5.023180472664157126e-01 5.181187642575562080e-01 6.423804592477380115e-01 7.350960605740877174e-01 5.291795998467292428e-01 3.534224543850347233e-01 8.251712909744061131e-01 3.980430729652222333e-01 0.000000000000000000e+00 3.752085925631339913e-01
6.780324567787882062e-01 6.272366782453457912e-01 6.516118133232939869e-02 6.517349021618765725e-01 2.907100687331336530e-01 4.438973929145458297e-01 7.293018602010914453e-01 4.919471538575208580e-01 7.626675116879346739e-01 5.026836093230835356e-01 7.046631543724130031e-01 7.531866746632982501e-01 1.307621864438580639e-01 6.309307762069084058e-01 4.822533944501002923e-01 4.835022602080274456e-01 2.660190313270737184e-01 6.813250983355485513e-01 2.912417117831833657e-01 8.302769826901805761e-01 1.486319957677574299e-01 7.342725305168835703e-01 3.581444822488397128e-01 9.155672850631118020e-01 8.256949970723881371e-01 3.851841201684419458e-01 5.769123988822238980e-02 5.438075078953867880e-01 5.618518994263863586e-01 7.000540669918111636e-01 7.048722282553184781e-01 4.665844169103329220e-01 6.671938417866345450e-01 3.752085925631339913e-01 0.000000000000000000e+00
