0.000000000000000000e+00 3.275614389650398639e-01 1.771894588275553239e-01 2.905043215453530503e-01 1.024238203025953364e-01 3.078437760719927030e-01 8.463979001944492708e-01 4.197263793257832720e-02 4.158182785379228585e-01 9.091387342383661085e-01 6.314857994041631617e-01 7.345431040498903164e-01 5.549296503047390638e-01 2.595437273146170565e-01 9.260291142558529920e-01 6.045382217252300849e-01 6.463615381322083131e-01 2.736370873037661244e-01 3.396722539454802847e-01 5.665447210394498612e-01 4.528669809675947566e-01 5.634489053357722987e-01 6.945948545805691321e-01 6.526209027684131136e-01 5.217604292317303827e-01 5.327925695157530450e-01 4.277378601298452709e-01 1.656205443973057800e-01 4.865720847802821325e-01 5.772932105700281369e-01 7.744365466370463080e-01 9.255305014803710817e-01 6.166591171817359385e-01 2.085447149803951739e-01 4.417318151711450147e-01
3.275614389650398639e-01 0.000000000000000000e+00 6.467948291776379754e-01 1.124801148111571614e-01 5.665576915200793984e-01 2.376806241210479564e-01 3.789107760795459856e-01 8.840764346376577265e-01 3.241513326058453881e-01 6.421722264928544366e-01 4.347806812842116564e-01 1.095040110911663644e-01 4.859834769406650712e-01 3.274054002309081945e-01 4.411026127384715112e-01 4.055699797130208339e-01 2.550251270487170485e-01 3.423972308833935774e-01 4.385442717398083667e-01 5.041059017297913059e-01 4.222110572487444147e-01 2.401999524922833196e-01 4.444363940830609594e-01 3.649153878205576573e-01 8.745294270807084658e-01 8.124007197810894088e-01 4.551154966255843703e-01 5.525133227094498611e-01 6.045926546241403576e-01 6.883376092197673879e-01 5.855438729681755605e-01 2.308825432224507201e-01 4.995754032657451216e-01 5.311709667518197397e-01 6.860820426402463035e-01
1.771894588275553239e-01 6.467948291776379754e-01 0.000000000000000000e+00 5.618286397839258317e-01 6.473436610650785683e-01 3.088396718974973920e-01 6.762698105024864681e-01 3.984296572232674527e-01 4.333247014941864483e-01 8.249128332254480611e-01 6.774886965124149452e-01 3.886531590439147310e-01 5.892705043136212684e-01 3.645250473669359170e-02 5.558566816515446707e-01 2.770982220605213153e-01 4.768696631562396870e-02 1.689425451001471679e-01 5.306626138917974744e-01 7.851837536126686778e-01 4.470065190046194070e-01 4.159212078599372475e-01 8.224549972263850428e-02 4.402842174778925921e-01 8.050141695845718370e-01 8.360243245388020439e-01 5.835354926171362200e-01 5.360137068770037816e-01 8.193692446432661036e-01 8.636604405877628121e-01 2.463470394689660781e-01 3.064073524168984264e-01 2.631293723367059689e-01 5.534919466973475810e-02 4.144240566348321719e-01
2.905043215453530503e-01 1.124801148111571614e-01 5.618286397839258317e-01 0.000000000000000000e+00 3.533651790567858275e-01 6.819966645636643676e-01 8.853799837899324343e-01 8.127067441328581499e-01 8.275881298329859082e-01 5.631847773640165089e-01 7.129375596490749034e-01 7.531586930000663260e-01 8.252658895377418258e-02 5.377603302056725987e-01 8.582822666178712145e-01 5.734930944487689475e-01 8.064478592648300914e-01 3.669675168807496335e-01 1.942246025794258646e-01 7.202077182699850866e-01 6.382224336633175454e-01 4.893379229053863577e-01 6.480208029178319284e-01 3.762587023149719379e-01 2.238238469865629909e-01 4.622243855175256488e-01 6.437562160002141542e-01 6.352034592158695148e-01 8.511128085360282203e-01 1.413992060673822659e-01 4.315987587341181264e-01 8.284941081016217179e-01 5.225933484167969434e-01 5.809158925700149689e-01 4.507642234563714601e-01
1.024238203025953364e-01 5.665576915200793984e-01 6.473436610650785683e-01 3.533651790567858275e-01 0.000000000000000000e+00 7.160864131195021631e-01 8.335371831829064826e-01 1.664079048258403359e-01 4.682769032539783605e-01 5.024144657696425487e-01 7.508268259257258048e-01 5.332318007762407719e-01 1.393341471251667296e-01 2.979550710994658402e-01 8.656027376565238463e-01 4.228315881694186817e-01 5.530930334716377406e-01 8.066278269439488557e-01 3.778711979128954179e-01 1.523019094499428183e-01 5.055212057365130462e-01 6.225243268145953524e-01 5.896451216288050023e-01 6.582817003115164489e-01 5.560913279437271761e-01 7.695857081847868875e-01 3.890112688041246214e-01 1.268500576959118442e-01 3.056328223815603096e-01 5.445464588626192093e-01 6.370402913477063445e-01 4.489462834015279791e-01 3.392284406422596543e-01 4.048868994100514040e-01 5.678306216946323870e-01
3.078437760719927030e-01 2.376806241210479564e-01 3.088396718974973920e-01 6.819966645636643676e-01 7.160864131195021631e-01 0.000000000000000000e+00 5.659907992039077129e-01 1.012082593115141149e-01 9.289268401371834072e-01 3.952221955961020550e-01 6.632773902346059680e-01 8.845806881106039743e-01 5.636267098882643545e-01 7.594322154698076588e-01 1.193362191560853880e-01 3.777787840631072758e-01 4.390290424686429382e-01 7.247080569234232161e-01 4.458242762567949935e-01 3.295982698854941217e-01 9.924693893842486681e-01 5.267952426402680022e-01 4.507565096595638754e-01 4.000331279955712249e-01 2.103519948564397390e-01 1.775982976859654672e-01 2.280351713926348500e-01 5.570468913020478752e-01 1.115395322268207812e-01 5.687916306872119465e-01 3.940354654056118511e-01 3.945334138549577707e-01 4.726192791383391212e-01 3.492206066761891492e-01 4.459444608552977640e-01
8.463979001944492708e-01 3.789107760795459856e-01 6.762698105024864681e-01 8.853799837899324343e-01 8.335371831829064826e-01 5.659907992039077129e-01 0.000000000000000000e+00 5.510242516149527203e-01 1.090523812386827718e-01 1.825724399610739734e-01 6.233609179941912437e-01 8.832183363123958797e-01 3.335912248761210286e-01 6.199301548885656210e-01 5.295339586976529622e-01 5.470889441125159625e-01 2.754177679698397996e-01 4.412733709866927256e-01 3.738595695778442751e-01 3.119955784693940748e-01 8.102253288308444157e-01 2.938557912225270297e-01 6.264031086599364251e-01 3.657760497116395171e-01 2.559551545592618216e-01 4.213402991708468104e-01 9.309239588717399538e-01 8.505886692924026216e-01 4.416156063756363492e-01 8.197513648248864193e-01 5.244371921443777840e-01 6.126291314268681454e-01 8.965341380590869935e-01 4.324561080853152051e-01 5.607214967782905291e-01
4.197263793257832720e-02 8.840764346376577265e-01 3.984296572232674527e-01 8.127067441328581499e-01 1.664079048258403359e-01 1.012082593115141149e-01 5.510242516149527203e-01 0.000000000000000000e+00 7.439577639486669725e-01 1.495727734452945712e-01 7.459375424406506916e-01 5.274056006514118433e-01 1.531293687576349427e-01 3.869708808364540342e-01 2.405520433621983756e-01 4.927123600775078494e-01 5.946338168734613960e-01 5.673071315743871690e-01 7.520265043623207690e-01 4.910608933306593316e-01 9.136642460638844110e-01 9.037539389203113060e-01 2.207108209183513692e-01 4.589555959240458338e-01 5.179919789030573707e-01 4.987921393061025555e-01 7.006484004231851026e-01 7.580675687030321575e-01 3.225274091375698315e-01 3.956200847891572780e-01 6.217410176292822444e-01 9.297061413888674242e-01 5.847134104665745458e-01 3.193817405419364097e-01 2.283797406869485513e-01
4.158182785379228585e-01 3.241513326058453881e-01 4.333247014941864483e-01 8.275881298329859082e-01 4.682769032539783605e-01 9.289268401371834072e-01 1.090523812386827718e-01 7.439577639486669725e-01 0.000000000000000000e+00 7.338214380783392166e-02 3.292362321829274130e-01 7.481415768716054293e-01 2.813284316288626741e-01 1.889270773141061843e-01 5.530109707088761706e-01 7.974818090472417520e-01 8.697551344920777527e-01 7.459060194818247780e-01 5.801965247647120627e-01 4.132558655059391794e-01 8.731619517884534609e-01 6.698909382627376008e-01 4.124449056500454347e-01 5.655748670102440645e-01 2.261238140326526924e-01 5.253617771888605681e-01 2.890928948656428243e-01 3.644196539211951302e-01 1.332711499493386409e-01 2.173822874705533259e-01 6.387177280889949627e-01 6.975639412249431404e-01 4.293692015839949416e-01 2.621731959571689252e-01 5.495894633331603885e-01
9.091387342383661085e-01 6.421722264928544366e-01 8.249128332254480611e-01 5.631847773640165089e-01 5.024144657696425487e-01 3.952221955961020550e-01 1.825724399610739734e-01 1.495727734452945712e-01 7.338214380783392166e-02 0.000000000000000000e+00 1.810440885245241383e-01 3.116761319532549424e-01 2.461835924719249502e-01 3.417343278561353892e-01 3.761898990301593138e-01 3.355620296786030465e-01 3.735159376448871082e-01 5.974233331268827829e-01 4.184787078428586216e-01 2.463466403419052320e-01 3.038365516921678333e-01 3.164042035049990931e-01 8.231522250467424584e-01 5.386361207046486133e-01 5.629855247953772235e-01 2.074795650123266721e-01 7.243304127164806872e-01 8.993271850897244235e-01 4.689982943596575637e-01 3.780377821448547282e-01 5.540606028763497282e-01 8.111777543087417275e-01 4.474966631044918208e-01 1.327257245918109785e-01 1.197616161738833673e-01
6.314857994041631617e-01 4.347806812842116564e-01 6.774886965124149452e-01 7.129375596490749034e-01 7.508268259257258048e-01 6.632773902346059680e-01 6.233609179941912437e-01 7.459375424406506916e-01 3.292362321829274130e-01 1.810440885245241383e-01 0.000000000000000000e+00 9.525111685021712127e-01 4.634168103992937215e-01 4.789072247460013365e-01 4.067776757667834753e-01 5.845184532496637830e-01 4.722578127686499760e-01 6.017082965858343568e-01 7.895323718493774123e-01 9.553610293340963899e-02 7.373146693946444064e-01 5.378128280769481906e-01 4.640224292858752264e-01 4.641645385727189432e-01 8.263298311492099923e-01 4.266986868213132333e-01 5.396137879535197746e-01 7.132807257661202271e-01 2.407099752033535212e-01 6.058271047138756860e-01 1.738697853764270551e-01 5.088460635662923615e-01 7.837214021979740375e-01 4.296461427909614716e-01 5.347799137464401831e-01
7.345431040498903164e-01 1.095040110911663644e-01 3.886531590439147310e-01 7.531586930000663260e-01 5.332318007762407719e-01 8.845806881106039743e-01 8.832183363123958797e-01 5.274056006514118433e-01 7.481415768716054293e-01 3.116761319532549424e-01 9.525111685021712127e-01 0.000000000000000000e+00 2.010406716577110009e-01 3.625140269451885278e-01 4.677859868514310238e-01 7.063910247930647035e-01 6.218786011564896299e-01 8.847285238350663938e-01 5.348520084111688666e-01 4.643218754118239033e-02 4.418133593584644414e-01 4.524022103030161945e-01 7.908620943927975322e-01 9.234604530070233963e-01 9.793748641391963883e-02 8.823828012941200560e-01 3.568800429593348422e-01 4.559484699268274155e-01 4.397898081250384283e-01 5.668051081903144883e-01 3.306979121974767954e-01 3.433739819572725338e-01 1.138739029715521989e-01 2.850853921080971354e-01 4.670987253179341714e-01
5.549296503047390638e-01 4.859834769406650712e-01 5.892705043136212684e-01 8.252658895377418258e-02 1.393341471251667296e-01 5.636267098882643545e-01 3.335912248761210286e-01 1.531293687576349427e-01 2.813284316288626741e-01 2.461835924719249502e-01 4.634168103992937215e-01 2.010406716577110009e-01 0.000000000000000000e+00 7.500186481301136521e-01 2.485951504522850852e-01 9.722594547697738232e-02 6.152074307268101672e-01 9.524807959117828071e-01 7.325567690405325738e-01 8.336080416898162815e-01 5.393660381732303666e-01 5.008667357242233553e-01 8.536439409203677720e-01 7.865240135104192287e-01 5.091715133874353816e-01 3.782049174075491349e-01 4.955833106334070481e-01 1.298028437831781901e-01 8.836617745010495462e-01 9.321441657057744079e-01 6.688931431993310195e-01 6.720480068660256157e-01 3.337066438858860007e-02 6.657728537625516863e-01 6.872763363503384682e-01
2.595437273146170565e-01 3.274054002309081945e-01 3.645250473669359170e-02 5.377603302056725987e-01 2.979550710994658402e-01 7.594322154698076588e-01 6.199301548885656210e-01 3.869708808364540342e-01 1.889270773141061843e-01 3.417343278561353892e-01 4.789072247460013365e-01 3.625140269451885278e-01 7.500186481301136521e-01 0.000000000000000000e+00 6.557759850596986961e-01 2.887159510014595809e-01 5.159503868522565817e-01 5.955238997081815366e-01 4.220178812628380682e-01 4.216806186560352332e-01 3.899189829965730159e-01 5.472559714363437466e-01 4.376625611313899045e-01 8.900989621920704087e-01 8.544558236421491149e-01 6.880836849690721291e-01 4.835064962684914591e-01 5.414789151854609850e-01 6.644313127049950030e-02 9.029084892760164127e-01 8.484139782650301775e-01 1.541656948584492204e-01 2.890223756603793048e-01 8.495875884045589466e-01 4.770412602589691464e-01
9.260291142558529920e-01 4.411026127384715112e-01 5.558566816515446707e-01 8.582822666178712145e-01 8.656027376565238463e-01 1.193362191560853880e-01 5.295339586976529622e-01 2.405520433621983756e-01 5.530109707088761706e-01 3.761898990301593138e-01 4.067776757667834753e-01 4.677859868514310238e-01 2.485951504522850852e-01 6.557759850596986961e-01 0.000000000000000000e+00 3.051196049628667195e-01 5.733841014791061230e-01 4.846718126474162669e-01 7.421158808279635366e-01 5.988159719848316076e-01 5.097591513690191700e-01 7.435284788891149965e-01 9.052859772426818941e-01 9.064244143711966961e-01 5.910380464061040229e-01 3.962612985809899069e-01 2.973879403307453373e-01 2.335086572556354101e-01 4.830537057272260570e-01 4.591552426133392872e-01 8.449756972807314082e-01 3.797116399691458088e-01 4.165428725547414279e-01 7.022631919769311004e-01 5.974605159831898327e-01
6.045382217252300849e-01 4.055699797130208339e-01 2.770982220605213153e-01 5.734930944487689475e-01 4.228315881694186817e-01 3.777787840631072758e-01 5.470889441125159625e-01 4.927123600775078494e-01 7.974818090472417520e-01 3.355620296786030465e-01 5.845184532496637830e-01 7.063910247930647035e-01 9.722594547697738232e-02 2.887159510014595809e-01 3.051196049628667195e-01 0.000000000000000000e+00 3.990558217409337360e-01 8.480000851555147268e-01 9.799981690346926122e-01 6.387802648627993740e-01 5.120608676126979786e-01 1.715008320146432785e-01 8.731576731673257319e-01 8.429136416761251471e-01 5.048574988724578994e-01 3.424643263916717917e-01 1.078132621863853169e-01 4.988723149624310071e-01 2.513273361782071280e-01 1.178327865904302829e-01 5.268424117796663975e-01 2.973634825459477993e-01 4.892313280788258001e-01 8.695139201265000839e-02 3.998071523103982061e-01
6.463615381322083131e-01 2.550251270487170485e-01 4.768696631562396870e-02 8.064478592648300914e-01 5.530930334716377406e-01 4.390290424686429382e-01 2.754177679698397996e-01 5.946338168734613960e-01 8.697551344920777527e-01 3.735159376448871082e-01 4.722578127686499760e-01 6.218786011564896299e-01 6.152074307268101672e-01 5.159503868522565817e-01 5.733841014791061230e-01 3.990558217409337360e-01 0.000000000000000000e+00 5.959924401715943620e-01 4.453348569421521352e-01 6.261895253657350224e-01 5.132660360558621848e-01 7.680143154534908589e-01 2.799056193750318888e-01 4.233727817080433220e-01 7.681075074299004157e-01 3.814941138099245954e-01 2.424033102359727243e-01 1.461312040167035420e-01 5.563452682071012845e-01 5.860726253192551916e-01 9.389071408195091006e-01 9.837457477063904498e-01 8.114357235736182616e-01 5.439697384706695393e-01 1.144417737725328399e-01
2.736370873037661244e-01 3.423972308833935774e-01 1.689425451001471679e-01 3.669675168807496335e-01 8.066278269439488557e-01 7.247080569234232161e-01 4.412733709866927256e-01 5.673071315743871690e-01 7.459060194818247780e-01 5.974233331268827829e-01 6.017082965858343568e-01 8.847285238350663938e-01 9.524807959117828071e-01 5.955238997081815366e-01 4.846718126474162669e-01 8.480000851555147268e-01 5.959924401715943620e-01 0.000000000000000000e+00 5.378618604072316067e-01 6.167316121651209571e-01 7.772769724668664448e-01 4.244047626935897877e-01 4.677256629305889257e-01 1.444144003495199113e-01 7.562171526476832994e-01 5.277953700373532175e-01 4.858142309544449811e-01 1.810637731073043710e-01 3.502583573525078764e-01 1.387800265371752495e-01 4.371144742577097730e-01 8.172537307925780148e-01 6.462436150280597147e-01 7.624404952022685311e-01 4.944195497961113017e-01
3.396722539454802847e-01 4.385442717398083667e-01 5.306626138917974744e-01 1.942246025794258646e-01 3.778711979128954179e-01 4.458242762567949935e-01 3.738595695778442751e-01 7.520265043623207690e-01 5.801965247647120627e-01 4.184787078428586216e-01 7.895323718493774123e-01 5.348520084111688666e-01 7.325567690405325738e-01 4.220178812628380682e-01 7.421158808279635366e-01 9.799981690346926122e-01 4.453348569421521352e-01 5.378618604072316067e-01 0.000000000000000000e+00 1.144823080517234359e-01 5.830746946647815676e-01 4.861523076875552407e-01 1.735032908339242397e-01 4.485295147979053154e-01 2.642282084877806136e-01 7.858666133797267417e-01 5.347293940101789378e-01 7.214732450872121117e-01 5.761884797789436075e-01 6.605138676703010692e-01 4.391416647004576790e-01 5.691357997931262291e-01 5.335209063553265629e-01 6.422340391674856708e-01 6.379422389411542049e-01
5.665447210394498612e-01 5.041059017297913059e-01 7.851837536126686778e-01 7.202077182699850866e-01 1.523019094499428183e-01 3.295982698854941217e-01 3.119955784693940748e-01 4.910608933306593316e-01 4.132558655059391794e-01 2.463466403419052320e-01 9.553610293340963899e-02 4.643218754118239033e-02 8.336080416898162815e-01 4.216806186560352332e-01 5.988159719848316076e-01 6.387802648627993740e-01 6.261895253657350224e-01 6.167316121651209571e-01 1.144823080517234359e-01 0.000000000000000000e+00 7.581652957226667766e-01 3.152752013833921563e-01 4.201867051605424064e-01 1.844624355656510062e-01 3.064067094771781852e-01 6.425385505321896673e-01 6.361491054393989542e-01 5.388333212219604818e-01 4.903274162708846640e-01 2.111632036081213526e-01 1.464225893269168743e-01 5.307296578665732234e-01 9.344139201547150275e-01 5.291216353463833455e-01 3.948222994845619338e-01
4.528669809675947566e-01 4.222110572487444147e-01 4.470065190046194070e-01 6.382224336633175454e-01 5.055212057365130462e-01 9.924693893842486681e-01 8.102253288308444157e-01 9.136642460638844110e-01 8.731619517884534609e-01 3.038365516921678333e-01 7.373146693946444064e-01 4.418133593584644414e-01 5.393660381732303666e-01 3.899189829965730159e-01 5.097591513690191700e-01 5.120608676126979786e-01 5.132660360558621848e-01 7.772769724668664448e-01 5.830746946647815676e-01 7.581652957226667766e-01 0.000000000000000000e+00 3.674309523543926037e-01 4.090466965152485534e-01 9.509247523582330386e-01 4.467708199787026047e-01 4.296166989939093073e-01 4.223869587355211230e-01 5.702063469438023446e-01 8.694554331100223799e-01 5.745181782936499282e-01 8.889291507530570069e-01 3.182666945446211981e-01 7.037707946284905702e-01 5.395512354800597876e-01 3.347862361604743153e-01
5.634489053357722987e-01 2.401999524922833196e-01 4.159212078599372475e-01 4.893379229053863577e-01 6.225243268145953524e-01 5.267952426402680022e-01 2.938557912225270297e-01 9.037539389203113060e-01 6.698909382627376008e-01 3.164042035049990931e-01 5.378128280769481906e-01 4.524022103030161945e-01 5.008667357242233553e-01 5.472559714363437466e-01 7.435284788891149965e-01 1.715008320146432785e-01 7.680143154534908589e-01 4.244047626935897877e-01 4.861523076875552407e-01 3.152752013833921563e-01 3.674309523543926037e-01 0.000000000000000000e+00 1.812533098267281595e-01 3.014444794847485065e-01 4.539834238522306720e-01 5.720213326843979207e-01 8.800495928042475491e-01 8.238297073266412918e-01 1.519873868846033371e-01 3.207382425368182632e-01 6.414719851205781254e-01 7.241358017620751486e-01 9.063935937115907837e-02 7.565312116868780912e-01 1.608688278643389813e-01
6.945948545805691321e-01 4.444363940830609594e-01 8.224549972263850428e-02 6.480208029178319284e-01 5.896451216288050023e-01 4.507565096595638754e-01 6.264031086599364251e-01 2.207108209183513692e-01 4.124449056500454347e-01 8.231522250467424584e-01 4.640224292858752264e-01 7.908620943927975322e-01 8.536439409203677720e-01 4.376625611313899045e-01 9.052859772426818941e-01 8.731576731673257319e-01 2.799056193750318888e-01 4.677256629305889257e-01 1.735032908339242397e-01 4.201867051605424064e-01 4.090466965152485534e-01 1.812533098267281595e-01 0.000000000000000000e+00 2.443133389130874578e-01 8.337098910236504512e-01 5.626023297373685672e-01 4.898470384528396671e-01 7.272968210454726634e-01 7.960544842373115104e-01 6.526693253326028010e-01 4.412742164958315949e-01 3.159895749430353673e-01 2.252109597488223258e-01 8.448039230260218080e-01 5.898181299004667810e-01
6.526209027684131136e-01 3.649153878205576573e-01 4.402842174778925921e-01 3.762587023149719379e-01 6.582817003115164489e-01 4.000331279955712249e-01 3.657760497116395171e-01 4.589555959240458338e-01 5.655748670102440645e-01 5.386361207046486133e-01 4.641645385727189432e-01 9.234604530070233963e-01 7.865240135104192287e-01 8.900989621920704087e-01 9.064244143711966961e-01 8.429136416761251471e-01 4.233727817080433220e-01 1.444144003495199113e-01 4.485295147979053154e-01 1.844624355656510062e-01 9.509247523582330386e-01 3.014444794847485065e-01 2.443133389130874578e-01 0.000000000000000000e+00 1.924547537556882126e-01 2.827406940141168334e-01 4.815005699484317114e-01 7.431997426506778970e-01 6.322006469865524281e-01 3.118183372656030961e-01 2.496622441307549956e-01 5.737597753587699856e-01 4.807396602269594088e-01 2.680879326984459965e-01 7.812708096651415079e-01
5.217604292317303827e-01 8.745294270807084658e-01 8.050141695845718370e-01 2.238238469865629909e-01 5.560913279437271761e-01 2.103519948564397390e-01 2.559551545592618216e-01 5.179919789030573707e-01 2.261238140326526924e-01 5.629855247953772235e-01 8.263298311492099923e-01 9.793748641391963883e-02 5.091715133874353816e-01 8.544558236421491149e-01 5.910380464061040229e-01 5.048574988724578994e-01 7.681075074299004157e-01 7.562171526476832994e-01 2.642282084877806136e-01 3.064067094771781852e-01 4.467708199787026047e-01 4.539834238522306720e-01 8.337098910236504512e-01 1.924547537556882126e-01 0.000000000000000000e+00 2.248749227410160589e-01 4.924182399769324037e-01 4.106789901200517678e-01 2.758955544422357353e-01 4.612262813932116456e-01 6.100294052559382951e-01 5.766852854208017742e-01 7.641918379675658457e-01 3.699350417014352632e-01 2.479611138675371640e-01
5.327925695157530450e-01 8.124007197810894088e-01 8.360243245388020439e-01 4.622243855175256488e-01 7.695857081847868875e-01 1.775982976859654672e-01 4.213402991708468104e-01 4.987921393061025555e-01 5.253617771888605681e-01 2.074795650123266721e-01 4.266986868213132333e-01 8.823828012941200560e-01 3.782049174075491349e-01 6.880836849690721291e-01 3.962612985809899069e-01 3.424643263916717917e-01 3.814941138099245954e-01 5.277953700373532175e-01 7.858666133797267417e-01 6.425385505321896673e-01 4.296166989939093073e-01 5.720213326843979207e-01 5.626023297373685672e-01 2.827406940141168334e-01 2.248749227410160589e-01 0.000000000000000000e+00 7.883456622746600750e-01 9.338666624848399600e-01 6.836084948052286725e-01 2.397139684197939768e-01 3.645081507428186152e-01 5.111742560315091222e-01 4.947961738774385165e-01 1.951113644984910911e-01 3.475008001108442768e-01
4.277378601298452709e-01 4.551154966255843703e-01 5.835354926171362200e-01 6.437562160002141542e-01 3.890112688041246214e-01 2.280351713926348500e-01 9.309239588717399538e-01 7.006484004231851026e-01 2.890928948656428243e-01 7.243304127164806872e-01 5.396137879535197746e-01 3.568800429593348422e-01 4.955833106334070481e-01 4.835064962684914591e-01 2.973879403307453373e-01 1.078132621863853169e-01 2.424033102359727243e-01 4.858142309544449811e-01 5.347293940101789378e-01 6.361491054393989542e-01 4.223869587355211230e-01 8.800495928042475491e-01 4.898470384528396671e-01 4.815005699484317114e-01 4.924182399769324037e-01 7.883456622746600750e-01 0.000000000000000000e+00 2.837899779535954514e-01 8.475908737611906885e-01 8.830680448554535378e-01 2.889397465475181392e-01 4.686504310629815429e-01 5.875703439168673547e-01 4.782902630669971789e-01 2.773975045057133215e-01
1.656205443973057800e-01 5.525133227094498611e-01 5.360137068770037816e-01 6.352034592158695148e-01 1.268500576959118442e-01 5.570468913020478752e-01 8.505886692924026216e-01 7.580675687030321575e-01 3.644196539211951302e-01 8.993271850897244235e-01 7.132807257661202271e-01 4.559484699268274155e-01 1.298028437831781901e-01 5.414789151854609850e-01 2.335086572556354101e-01 4.988723149624310071e-01 1.461312040167035420e-01 1.810637731073043710e-01 7.214732450872121117e-01 5.388333212219604818e-01 5.702063469438023446e-01 8.238297073266412918e-01 7.272968210454726634e-01 7.431997426506778970e-01 4.106789901200517678e-01 9.338666624848399600e-01 2.837899779535954514e-01 0.000000000000000000e+00 3.912298870124372163e-01 8.914518263115056573e-02 7.307575172019313836e-01 7.279171655271075014e-01 8.277000670388541259e-01 4.475798719936902037e-01 1.797038572829178227e-01
4.865720847802821325e-01 6.045926546241403576e-01 8.193692446432661036e-01 8.511128085360282203e-01 3.056328223815603096e-01 1.115395322268207812e-01 4.416156063756363492e-01 3.225274091375698315e-01 1.332711499493386409e-01 4.689982943596575637e-01 2.407099752033535212e-01 4.397898081250384283e-01 8.836617745010495462e-01 6.644313127049950030e-02 4.830537057272260570e-01 2.513273361782071280e-01 5.563452682071012845e-01 3.502583573525078764e-01 5.761884797789436075e-01 4.903274162708846640e-01 8.694554331100223799e-01 1.519873868846033371e-01 7.960544842373115104e-01 6.322006469865524281e-01 2.758955544422357353e-01 6.836084948052286725e-01 8.475908737611906885e-01 3.912298870124372163e-01 0.000000000000000000e+00 3.571007166093326246e-01 4.347480962568058271e-01 5.926037138275966898e-01 5.947179071433161823e-02 6.801248231533063571e-02 6.667911959168224545e-01
5.772932105700281369e-01 6.883376092197673879e-01 8.636604405877628121e-01 1.413992060673822659e-01 5.445464588626192093e-01 5.687916306872119465e-01 8.197513648248864193e-01 3.956200847891572780e-01 2.173822874705533259e-01 3.780377821448547282e-01 6.058271047138756860e-01 5.668051081903144883e-01 9.321441657057744079e-01 9.029084892760164127e-01 4.591552426133392872e-01 1.178327865904302829e-01 5.860726253192551916e-01 1.387800265371752495e-01 6.605138676703010692e-01 2.111632036081213526e-01 5.745181782936499282e-01 3.207382425368182632e-01 6.526693253326028010e-01 3.118183372656030961e-01 4.612262813932116456e-01 2.397139684197939768e-01 8.830680448554535378e-01 8.914518263115056573e-02 3.571007166093326246e-01 0.000000000000000000e+00 6.694733160101538072e-01 6.949658793340489638e-01 1.126646672853673925e-01 5.819175427939164980e-01 4.814285504726217857e-01
7.744365466370463080e-01 5.855438729681755605e-01 2.463470394689660781e-01 4.315987587341181264e-01 6.370402913477063445e-01 3.940354654056118511e-01 5.244371921443777840e-01 6.217410176292822444e-01 6.387177280889949627e-01 5.540606028763497282e-01 1.738697853764270551e-01 3.306979121974767954e-01 6.688931431993310195e-01 8.484139782650301775e-01 8.449756972807314082e-01 5.268424117796663975e-01 9.389071408195091006e-01 4.371144742577097730e-01 4.391416647004576790e-01 1.464225893269168743e-01 8.889291507530570069e-01 6.414719851205781254e-01 4.412742164958315949e-01 2.496622441307549956e-01 6.100294052559382951e-01 3.645081507428186152e-01 2.889397465475181392e-01 7.307575172019313836e-01 4.347480962568058271e-01 6.694733160101538072e-01 0.000000000000000000e+00 8.042014484789188344e-01 9.446667326656070784e-01 3.211225984622342322e-01 5.474594849163800792e-01
9.255305014803710817e-01 2.308825432224507201e-01 3.064073524168984264e-01 8.284941081016217179e-01 4.489462834015279791e-01 3.945334138549577707e-01 6.126291314268681454e-01 9.297061413888674242e-01 6.975639412249431404e-01 8.111777543087417275e-01 5.088460635662923615e-01 3.433739819572725338e-01 6.720480068660256157e-01 1.541656948584492204e-01 3.797116399691458088e-01 2.973634825459477993e-01 9.837457477063904498e-01 8.172537307925780148e-01 5.691357997931262291e-01 5.307296578665732234e-01 3.182666945446211981e-01 7.241358017620751486e-01 3.159895749430353673e-01 5.737597753587699856e-01 5.766852854208017742e-01 5.111742560315091222e-01 4.686504310629815429e-01 7.279171655271075014e-01 5.926037138275966898e-01 6.949658793340489638e-01 8.042014484789188344e-01 0.000000000000000000e+00 3.471336046734592173e-01 1.483510228269618869e-01 4.772405745896427520e-01
6.166591171817359385e-01 4.995754032657451216e-01 2.631293723367059689e-01 5.225933484167969434e-01 3.392284406422596543e-01 4.726192791383391212e-01 8.965341380590869935e-01 5.847134104665745458e-01 4.293692015839949416e-01 4.474966631044918208e-01 7.837214021979740375e-01 1.138739029715521989e-01 3.337066438858860007e-02 2.890223756603793048e-01 4.165428725547414279e-01 4.892313280788258001e-01 8.114357235736182616e-01 6.462436150280597147e-01 5.335209063553265629e-01 9.344139201547150275e-01 7.037707946284905702e-01 9.063935937115907837e-02 2.252109597488223258e-01 4.807396602269594088e-01 7.641918379675658457e-01 4.947961738774385165e-01 5.875703439168673547e-01 8.277000670388541259e-01 5.947179071433161823e-02 1.126646672853673925e-01 9.446667326656070784e-01 3.471336046734592173e-01 0.000000000000000000e+00 8.126550583193465904e-01 7.752930544650757927e-01
2.085447149803951739e-01 5.311709667518197397e-01 5.534919466973475810e-02 5.809158925700149689e-01 4.048868994100514040e-01 3.492206066761891492e-01 4.324561080853152051e-01 3.193817405419364097e-01 2.621731959571689252e-01 1.327257245918109785e-01 4.296461427909614716e-01 2.850853921080971354e-01 6.657728537625516863e-01 8.495875884045589466e-01 7.022631919769311004e-01 8.695139201265000839e-02 5.439697384706695393e-01 7.624404952022685311e-01 6.422340391674856708e-01 5.291216353463833455e-01 5.395512354800597876e-01 7.565312116868780912e-01 8.448039230260218080e-01 2.680879326984459965e-01 3.699350417014352632e-01 1.951113644984910911e-01 4.782902630669971789e-01 4.475798719936902037e-01 6.801248231533063571e-02 5.819175427939164980e-01 3.211225984622342322e-01 1.483510228269618869e-01 8.126550583193465904e-01 0.000000000000000000e+00 4.958588332802762455e-01
4.417318151711450147e-01 6.860820426402463035e-01 4.144240566348321719e-01 4.507642234563714601e-01 5.678306216946323870e-01 4.459444608552977640e-01 5.607214967782905291e-01 2.283797406869485513e-01 5.495894633331603885e-01 1.197616161738833673e-01 5.347799137464401831e-01 4.670987253179341714e-01 6.872763363503384682e-01 4.770412602589691464e-01 5.974605159831898327e-01 3.998071523103982061e-01 1.144417737725328399e-01 4.944195497961113017e-01 6.379422389411542049e-01 3.948222994845619338e-01 3.347862361604743153e-01 1.608688278643389813e-01 5.898181299004667810e-01 7.812708096651415079e-01 2.479611138675371640e-01 3.475008001108442768e-01 2.773975045057133215e-01 1.797038572829178227e-01 6.667911959168224545e-01 4.814285504726217857e-01 5.474594849163800792e-01 4.772405745896427520e-01 7.752930544650757927e-01 4.958588332802762455e-01 0.000000000000000000e+00
