0.000000000000000000e+00 6.769254973391876096e-01 9.331528062964608017e-01 1.515167161573680588e-01 7.988365184923887918e-01 5.062041497786997635e-01 1.497723130506469769e-01 6.930135342754187855e-01 5.814552230241042396e-01 5.373822335460902710e-01 5.752056227881532369e-01 6.815585366781553578e-01 6.695991519021194938e-01 6.761792099980983295e-01 3.571439932583299059e-01 3.267328193576973794e-01 3.524972435865429410e-01 5.946452479937246460e-01 5.311971924838290171e-01 1.152731288283539435e-01 3.985715949572238848e-01 7.210996817713078988e-01 1.304805387068505018e-01 6.218564608630939849e-01 4.239813170886133076e-01 1.677605964102302227e-01 7.750104730313712720e-01 3.526299831911482441e-01 7.845619680920037364e-01 2.978221075958369379e-01 6.286529761363085500e-01 6.533260094126822626e-01 3.119846085696365012e-01 5.587953839189144789e-01 2.910718578516405808e-01
6.769254973391876096e-01 0.000000000000000000e+00 6.640686926549388414e-01 2.825843346182007609e-01 4.421584156215405681e-01 8.263121858984715518e-01 3.159975279499423473e-01 6.633065098867986231e-01 6.283414987383915129e-01 4.188577470245419265e-01 5.800131644902852823e-01 2.311868319697270024e-01 2.963890861422013856e-01 2.058736180329781007e-01 8.797910241018640498e-01 5.757018731947954882e-01 3.798840939485287893e-01 5.651395442710664963e-01 4.898604527819712118e-01 4.480564861633083429e-01 5.757375384602585466e-01 5.941883501113673915e-01 7.955679434328675192e-01 2.777145926282598154e-02 5.813694716627667569e-01 4.156433242408165141e-01 5.620713067840052979e-01 2.820011448197893844e-01 8.169540431920556678e-01 1.274048109836101172e-01 3.890178079864810012e-01 2.951024526092472233e-01 4.090620369876662443e-01 5.083604490638307105e-01 5.018091589803954644e-01
9.331528062964608017e-01 6.640686926549388414e-01 0.000000000000000000e+00 8.899978389707995374e-01 7.628266343603251620e-01 5.435728070967162928e-01 6.116082059141714211e-01 1.831991206887405577e-01 3.968593532017783421e-01 4.816162271120033589e-01 7.577266041934080931e-01 2.628963777970556581e-01 6.297637795416473061e-01 6.256272304792428463e-01 4.793732925567598113e-01 5.190564104108633670e-01 3.614290707359546495e-01 6.675692528791745683e-01 4.247949948285427713e-01 4.906276316667960713e-01 4.490416574438959030e-01 3.811275260662968511e-01 2.673143091398669791e-01 6.714803061211034318e-01 6.844925623223963029e-02 4.987483813357254658e-01 4.894362828954940126e-01 7.601845183024671382e-01 4.897415723126387066e-01 4.978249293946124254e-01 4.486206898211939076e-01 4.340476389874035057e-01 5.316699821621986288e-01 5.777861649085269669e-01 6.003622623483474419e-01
1.515167161573680588e-01 2.825843346182007609e-01 8.899978389707995374e-01 0.000000000000000000e+00 6.676259673075453094e-01 5.074136498015342500e-01 6.660108015966004213e-01 4.332415527124280907e-01 2.525251316418942182e-01 8.112873885271129071e-01 5.997073660171194920e-01 2.627940118926223034e-01 1.118387948336024840e-01 5.720041767083086093e-01 1.101318863182233487e-01 3.902674733888047975e-01 4.267910057526178580e-01 4.031920432257711240e-01 8.154736028281146520e-01 3.597372818475880751e-01 9.203965962054300176e-01 2.757932977775524597e-01 3.257543881243130102e-01 5.229237410503786432e-01 2.596947698724753617e-01 5.604518724277023356e-01 6.038221593366489559e-01 1.512407783178684184e-01 8.373642120253480536e-01 3.358872729686489533e-01 5.396722983115360694e-01 4.782494460290994676e-01 9.338517834708033316e-01 4.573665184631697245e-01 4.935904479165094672e-01
7.988365184923887918e-01 4.421584156215405681e-01 7.628266343603251620e-01 6.676259673075453094e-01 0.000000000000000000e+00 5.965106928971273259e-01 5.324390297880516876e-01 7.124338472413428436e-01 6.736953097385718348e-01 4.803010312622157940e-01 8.066164096623270607e-01 5.361290637246074464e-01 3.962353751807811131e-01 8.084516206091880708e-01 4.528776753993234427e-01 7.457129606662392662e-01 7.155970938033728856e-01 4.954019943250428382e-01 4.876532196687214937e-01 5.173808584389780751e-01 7.401419615909770044e-01 2.339572530460002353e-01 1.972526167619206294e-01 5.865986177084491215e-01 6.506820673323701065e-01 6.632566369130720174e-01 4.371776890005787397e-01 6.033673406327547672e-01 4.017019273272154356e-02 3.712735352785662135e-01 8.704115478669911532e-01 3.061427999766719310e-01 3.248569490070215005e-01 2.463191561217885628e-01 9.857718662761980610e-01
5.062041497786997635e-01 8.263121858984715518e-01 5.435728070967162928e-01 5.074136498015342500e-01 5.965106928971273259e-01 0.000000000000000000e+00 4.287590810792631935e-01 2.634079724296035652e-01 8.276919820194122979e-02 6.968263639581346869e-01 1.970464049672615570e-01 4.705157712662316749e-01 4.230341663184916667e-01 4.653041072491490016e-01 9.647966600492396960e-02 4.295904934962785915e-01 4.819312984648383980e-01 1.218410950506342294e-01 1.351609939884189648e-01 3.380093221559725691e-01 8.088197303902534552e-01 7.343576311080278751e-01 6.410976609991387853e-01 5.240801333358369174e-01 7.292314692188355263e-01 4.351881055184423364e-01 3.661223861529562251e-01 2.169745441047426504e-01 6.114678278425726976e-01 5.410312358686191203e-01 7.904664570909931687e-01 7.509014567060803280e-01 4.174953275745812986e-01 3.002453437782723888e-01 1.519997759602222387e-01
1.497723130506469769e-01 3.159975279499423473e-01 6.116082059141714211e-01 6.660108015966004213e-01 5.324390297880516876e-01 4.287590810792631935e-01 0.000000000000000000e+00 4.052694275454891137e-01 5.513841232090770372e-01 4.702265258085064348e-01 2.872893429409332788e-01 4.052009484320598931e-01 5.047798056379121379e-01 3.543816985428938082e-01 7.815775866550741524e-01 4.702151564402402562e-01 6.366241216390817748e-01 6.758907247296733756e-01 1.455612530656492654e-01 4.312275816070567092e-01 8.832578587654559277e-01 5.856411591451369247e-01 4.792916020941782040e-01 6.610877094249139052e-01 5.711569186101597140e-01 3.670150691183581282e-01 5.262764931252537082e-01 4.562153682787222775e-01 2.861475696099319288e-01 4.821362661281477502e-01 7.269471041031904113e-01 4.221598233071564010e-01 2.881910584413314158e-01 4.500124245739158813e-01 6.693808478500844483e-01
6.930135342754187855e-01 6.633065098867986231e-01 1.831991206887405577e-01 4.332415527124280907e-01 7.124338472413428436e-01 2.634079724296035652e-01 4.052694275454891137e-01 0.000000000000000000e+00 6.507226983494605044e-01 3.938379497349342451e-01 4.830065717246685986e-01 4.883498691508927347e-01 5.747292705729605267e-01 6.006212450215400178e-01 4.064925112511655336e-01 6.819014483898403478e-01 1.928915097074257456e-01 5.912954457738850422e-01 5.364237696122575727e-01 1.509335470239653310e-01 9.142408271456772262e-01 5.272693355331121712e-01 4.717069952824842760e-01 6.809092315199014589e-01 1.820578157277398246e-01 2.782218292005381177e-01 1.851833583868897071e-01 4.171421441909671790e-01 5.953772740749613268e-02 4.987244037850116496e-01 4.330033486953646094e-01 2.063214841127930521e-01 5.895270265388208308e-01 7.521635840342799639e-01 3.120475078225514176e-01
5.814552230241042396e-01 6.283414987383915129e-01 3.968593532017783421e-01 2.525251316418942182e-01 6.736953097385718348e-01 8.276919820194122979e-02 5.513841232090770372e-01 6.507226983494605044e-01 0.000000000000000000e+00 7.941683643455746955e-01 6.587672226514604823e-01 3.793992064149217525e-01 1.669412167317251283e-01 3.209627853483335014e-01 2.302055541019296658e-01 7.099763780250211154e-01 3.812985539891382558e-01 8.233293787218697313e-01 4.500468209845037149e-01 7.392386056453377208e-01 6.508156503841519003e-01 2.376678028074453719e-01 5.376045421638440125e-01 6.951569421315799691e-01 7.582398761958653033e-01 7.271853747395996548e-01 4.241554453614208020e-01 2.582897898087341271e-01 7.179343810147216232e-01 6.924706217695986155e-01 8.274725263852455992e-02 4.057222406087297450e-01 7.134687808646955620e-01 4.793134764315902796e-01 9.291210841513719565e-02
5.373822335460902710e-01 4.188577470245419265e-01 4.816162271120033589e-01 8.112873885271129071e-01 4.803010312622157940e-01 6.968263639581346869e-01 4.702265258085064348e-01 3.938379497349342451e-01 7.941683643455746955e-01 0.000000000000000000e+00 5.737184345987528244e-01 3.400683350635485547e-01 5.332105878064842264e-01 2.433809235321340858e-01 6.160476598011818128e-01 5.906319068729628530e-01 5.831480433639563143e-01 5.164615914891890203e-01 6.136858705181104101e-01 5.048284805577343270e-01 6.729058890804783255e-01 4.242564912530146781e-01 6.048664811465908064e-01 4.022496565505794264e-01 8.020636311558724252e-01 3.153939797544467738e-01 6.438256935414117255e-01 4.046262060030662577e-01 7.106003882924445403e-01 7.359119794361765887e-01 9.713589884303660549e-01 1.483249990293786791e-01 6.631801535022820993e-01 3.903264850800520769e-01 7.941490844302965257e-01
5.752056227881532369e-01 5.800131644902852823e-01 7.577266041934080931e-01 5.997073660171194920e-01 8.066164096623270607e-01 1.970464049672615570e-01 2.872893429409332788e-01 4.830065717246685986e-01 6.587672226514604823e-01 5.737184345987528244e-01 0.000000000000000000e+00 6.226837726532996609e-01 4.729884774621870847e-01 5.264992512256515544e-01 2.581311405167452389e-01 6.865548943778682078e-01 4.546303086555073536e-01 4.033453148891505968e-01 5.369511395356473260e-01 5.512194422975660313e-01 2.706564164178730802e-01 5.049448718950027004e-01 5.212043469802400963e-01 5.419732046306582340e-01 8.571250028688959244e-02 8.314844977063295950e-01 2.065098499791695463e-01 4.193058686653758360e-01 7.897397247106523466e-01 3.339561871024507855e-01 5.340566329453431127e-01 2.744826718361098594e-01 3.069367127608834123e-01 7.181175763026168557e-01 8.418579791855803629e-01
6.815585366781553578e-01 2.311868319697270024e-01 2.628963777970556581e-01 2.627940118926223034e-01 5.361290637246074464e-01 4.705157712662316749e-01 4.052009484320598931e-01 4.883498691508927347e-01 3.793992064149217525e-01 3.400683350635485547e-01 6.226837726532996609e-01 0.000000000000000000e+00 6.401658166618690027e-01 4.930322208464382738e-01 3.526106549748529995e-01 5.378284210960596612e-01 7.617009534936847182e-01 5.606860159929538678e-01 2.295258938808963922e-01 4.920466530868219390e-01 8.824969405930369604e-01 5.750847121654690808e-01 2.114949902594943643e-01 5.916230649762443949e-01 4.606466592237306035e-01 5.026583229862686686e-01 4.394408517485105525e-01 3.893741422942412211e-01 4.157574612960621696e-01 6.299237084114386320e-01 6.712836425342721958e-01 4.045991834382640651e-01 7.559017090722539578e-01 5.348530708040706294e-01 8.085736347764616028e-01
6.695991519021194938e-01 2.963890861422013856e-01 6.297637795416473061e-01 1.118387948336024840e-01 3.962353751807811131e-01 4.230341663184916667e-01 5.047798056379121379e-01 5.747292705729605267e-01 1.669412167317251283e-01 5.332105878064842264e-01 4.729884774621870847e-01 6.401658166618690027e-01 0.000000000000000000e+00 5.651541598297860070e-02 5.152185479278136304e-01 4.777092134094693687e-01 2.582969722532553192e-01 5.778961796841159959e-01 5.931281513151820395e-02 5.270384807795158721e-01 8.885736247550765077e-01 4.527169405519834711e-01 7.326064825226655808e-01 7.122637674996803447e-01 5.648909423173102962e-01 3.580613201615407415e-01 2.875717532124344999e-01 4.382758511756955633e-01 7.607163735181248221e-01 2.891982638538249661e-01 4.873944383679277847e-01 8.967373406959944226e-01 8.029078887805951581e-01 5.957552716066779608e-01 3.826353087776315776e-01
6.761792099980983295e-01 2.058736180329781007e-01 6.256272304792428463e-01 5.720041767083086093e-01 8.084516206091880708e-01 4.653041072491490016e-01 3.543816985428938082e-01 6.006212450215400178e-01 3.209627853483335014e-01 2.433809235321340858e-01 5.264992512256515544e-01 4.930322208464382738e-01 5.651541598297860070e-02 0.000000000000000000e+00 7.048728296251696168e-01 3.299763481366179141e-01 7.937358388171731338e-01 8.653471066674234269e-01 4.583702100638328281e-01 7.128614060517954876e-01 6.657559937727122179e-01 7.139033053277075158e-01 4.803368036395260776e-01 3.661644361213347576e-01 8.481961986716027857e-01 6.421053926479187712e-01 6.526347371775422790e-01 6.154273308388772401e-01 4.370381767317675914e-01 7.042359782807089408e-01 6.083178032710310212e-01 6.055200065262384967e-01 6.607216842489568309e-01 2.764428316039893030e-01 5.881374114755916205e-01
3.571439932583299059e-01 8.797910241018640498e-01 4.793732925567598113e-01 1.101318863182233487e-01 4.528776753993234427e-01 9.647966600492396960e-02 7.815775866550741524e-01 4.064925112511655336e-01 2.302055541019296658e-01 6.160476598011818128e-01 2.581311405167452389e-01 3.526106549748529995e-01 5.152185479278136304e-01 7.048728296251696168e-01 0.000000000000000000e+00 6.565711100083693186e-01 5.322289072560676404e-01 6.760288836444507954e-01 6.429314271933312952e-01 5.359478106840418477e-01 4.028119257098929373e-01 8.864569330214630005e-01 2.961646777517020213e-01 5.028720533467638809e-01 5.700125637182121840e-01 5.061936657955370400e-01 7.897048031256805878e-01 4.650067025338617821e-01 5.170125882574083676e-01 6.633477295941727636e-01 7.579863692315506052e-01 3.309392964938951964e-01 7.639728298030352693e-01 5.143452147566431876e-01 8.173551858262093628e-01
3.267328193576973794e-01 5.757018731947954882e-01 5.190564104108633670e-01 3.902674733888047975e-01 7.457129606662392662e-01 4.295904934962785915e-01 4.702151564402402562e-01 6.819014483898403478e-01 7.099763780250211154e-01 5.906319068729628530e-01 6.865548943778682078e-01 5.378284210960596612e-01 4.777092134094693687e-01 3.299763481366179141e-01 6.565711100083693186e-01 0.000000000000000000e+00 2.615144678144760704e-01 6.262072190624158319e-01 4.566336868010321681e-01 8.489332107116147608e-01 5.201142759641995683e-01 5.926033542650355201e-01 4.026977487629431196e-01 3.558929397088413937e-01 7.011865148612679288e-01 3.377508244568280249e-01 6.960139493343719952e-01 5.967193062184222851e-01 5.819766261956998976e-01 4.530665378224059126e-01 6.348117231944205852e-01 5.327065039038623162e-01 8.133482170321358895e-01 2.682428140402799421e-01 8.926803623194248249e-01
3.524972435865429410e-01 3.798840939485287893e-01 3.614290707359546495e-01 4.267910057526178580e-01 7.155970938033728856e-01 4.819312984648383980e-01 6.366241216390817748e-01 1.928915097074257456e-01 3.812985539891382558e-01 5.831480433639563143e-01 4.546303086555073536e-01 7.617009534936847182e-01 2.582969722532553192e-01 7.937358388171731338e-01 5.322289072560676404e-01 2.615144678144760704e-01 0.000000000000000000e+00 7.287590033105800780e-01 6.633420929128447385e-01 5.871547347234146175e-01 7.773022449047649607e-01 4.710561899617113912e-01 3.609500696708937140e-01 2.802324226965733356e-01 3.319739263032479570e-01 6.467383450475007178e-01 3.853642294417398140e-01 2.428770811735356805e-01 5.149546738829151593e-01 5.269353737758790679e-01 4.977372317741156627e-01 5.258974751504157386e-01 5.565101867220372256e-01 8.558904390682731123e-01 2.998420149344274144e-01
5.946452479937246460e-01 5.651395442710664963e-01 6.675692528791745683e-01 4.031920432257711240e-01 4.954019943250428382e-01 1.218410950506342294e-01 6.758907247296733756e-01 5.912954457738850422e-01 8.233293787218697313e-01 5.164615914891890203e-01 4.033453148891505968e-01 5.606860159929538678e-01 5.778961796841159959e-01 8.653471066674234269e-01 6.760288836444507954e-01 6.262072190624158319e-01 7.287590033105800780e-01 0.000000000000000000e+00 6.248099300809535350e-01 9.224189618653744205e-02 4.665180308288363609e-01 6.589185033138322822e-01 2.746971772239171772e-01 7.478650917488609551e-01 7.382502737844978125e-01 3.768361279133888297e-01 5.699354316211893146e-01 5.724931683415716011e-01 1.621355907008017461e-01 3.811571639216432272e-01 2.451819050677870315e-01 1.834981631425566251e-01 3.555373081543723446e-01 5.623210068909099135e-01 3.729256361977776324e-01
5.311971924838290171e-01 4.898604527819712118e-01 4.247949948285427713e-01 8.154736028281146520e-01 4.876532196687214937e-01 1.351609939884189648e-01 1.455612530656492654e-01 5.364237696122575727e-01 4.500468209845037149e-01 6.136858705181104101e-01 5.369511395356473260e-01 2.295258938808963922e-01 5.931281513151820395e-02 4.583702100638328281e-01 6.429314271933312952e-01 4.566336868010321681e-01 6.633420929128447385e-01 6.248099300809535350e-01 0.000000000000000000e+00 4.760183974862869927e-01 5.767050518631666733e-01 4.223565993879302427e-01 1.135560893512175817e-01 7.535615451827544220e-01 8.184768023729216413e-01 7.965095195953494356e-01 1.514724999174448250e-01 2.629624982345416528e-01 5.677584218343086908e-01 5.605666138229097317e-01 6.349234291556413723e-01 6.786839415892731431e-01 4.439968139714192130e-01 1.303397486971746844e-01 5.877851858640008587e-01
1.152731288283539435e-01 4.480564861633083429e-01 4.906276316667960713e-01 3.597372818475880751e-01 5.173808584389780751e-01 3.380093221559725691e-01 4.312275816070567092e-01 1.509335470239653310e-01 7.392386056453377208e-01 5.048284805577343270e-01 5.512194422975660313e-01 4.920466530868219390e-01 5.270384807795158721e-01 7.128614060517954876e-01 5.359478106840418477e-01 8.489332107116147608e-01 5.871547347234146175e-01 9.224189618653744205e-02 4.760183974862869927e-01 0.000000000000000000e+00 9.659780090930862873e-01 6.730119846973778852e-01 4.266139118163226329e-01 5.032553184252746004e-01 1.328301193661405311e-01 4.202352377437163500e-01 6.422597756138677116e-01 7.662214622651033480e-01 2.757518212434234561e-01 3.385404380001352243e-01 5.887897352733792999e-01 3.354156254939779092e-01 7.455590349239188397e-01 2.027199563800154980e-01 5.340286643565330671e-01
3.985715949572238848e-01 5.757375384602585466e-01 4.490416574438959030e-01 9.203965962054300176e-01 7.401419615909770044e-01 8.088197303902534552e-01 8.832578587654559277e-01 9.142408271456772262e-01 6.508156503841519003e-01 6.729058890804783255e-01 2.706564164178730802e-01 8.824969405930369604e-01 8.885736247550765077e-01 6.657559937727122179e-01 4.028119257098929373e-01 5.201142759641995683e-01 7.773022449047649607e-01 4.665180308288363609e-01 5.767050518631666733e-01 9.659780090930862873e-01 0.000000000000000000e+00 5.647785278895142147e-01 7.846591456056046798e-01 5.042138995506113552e-01 4.520992688722673125e-01 6.022511442331256459e-01 4.930039544016013298e-01 3.219461836283208922e-01 4.837812040435792715e-01 5.390708231202008260e-01 6.832879469300066066e-01 9.499856824293106961e-02 7.964505984928273996e-01 6.993315015295485937e-01 6.968452468781408671e-01
7.210996817713078988e-01 5.941883501113673915e-01 3.811275260662968511e-01 2.757932977775524597e-01 2.339572530460002353e-01 7.343576311080278751e-01 5.856411591451369247e-01 5.272693355331121712e-01 2.376678028074453719e-01 4.242564912530146781e-01 5.049448718950027004e-01 5.750847121654690808e-01 4.527169405519834711e-01 7.139033053277075158e-01 8.864569330214630005e-01 5.926033542650355201e-01 4.710561899617113912e-01 6.589185033138322822e-01 4.223565993879302427e-01 6.730119846973778852e-01 5.647785278895142147e-01 0.000000000000000000e+00 6.059242797983502848e-01 7.489561545018363908e-01 3.887375881182024151e-01 6.037747344846774444e-01 4.756567462086775944e-01 6.925574884941296805e-01 5.569031002728990210e-01 2.042113937878312635e-01 5.353352979356973407e-01 6.949168514797088303e-01 6.650524510823800917e-01 8.190805826100125975e-01 3.827626757428774784e-01
1.304805387068505018e-01 7.955679434328675192e-01 2.673143091398669791e-01 3.257543881243130102e-01 1.972526167619206294e-01 6.410976609991387853e-01 4.792916020941782040e-01 4.717069952824842760e-01 5.376045421638440125e-01 6.048664811465908064e-01 5.212043469802400963e-01 2.114949902594943643e-01 7.326064825226655808e-01 4.803368036395260776e-01 2.961646777517020213e-01 4.026977487629431196e-01 3.609500696708937140e-01 2.746971772239171772e-01 1.135560893512175817e-01 4.266139118163226329e-01 7.846591456056046798e-01 6.059242797983502848e-01 0.000000000000000000e+00 5.886959214520992578e-01 3.035151251220502555e-02 5.948352875899238779e-01 1.953650552325221224e-01 5.655236526713194323e-01 2.358086398109014437e-01 6.948014392190041688e-01 5.555982692395996514e-01 6.599605940693580308e-01 1.155693011013941840e-01 6.285041531583452912e-01 4.761589967631281173e-01
6.218564608630939849e-01 2.777145926282598154e-02 6.714803061211034318e-01 5.229237410503786432e-01 5.865986177084491215e-01 5.240801333358369174e-01 6.610877094249139052e-01 6.809092315199014589e-01 6.951569421315799691e-01 4.022496565505794264e-01 5.419732046306582340e-01 5.916230649762443949e-01 7.122637674996803447e-01 3.661644361213347576e-01 5.028720533467638809e-01 3.558929397088413937e-01 2.802324226965733356e-01 7.478650917488609551e-01 7.535615451827544220e-01 5.032553184252746004e-01 5.042138995506113552e-01 7.489561545018363908e-01 5.886959214520992578e-01 0.000000000000000000e+00 5.571155264312328548e-01 9.008230575728426448e-01 8.009109608836904037e-01 4.561905277015086968e-01 5.495388584601571536e-01 6.157581560661224973e-01 6.221499694388246127e-01 4.337597099725417626e-01 4.996148336872913709e-01 7.634828964564193132e-01 6.225478672384971990e-01
4.239813170886133076e-01 5.813694716627667569e-01 6.844925623223963029e-02 2.596947698724753617e-01 6.506820673323701065e-01 7.292314692188355263e-01 5.711569186101597140e-01 1.820578157277398246e-01 7.582398761958653033e-01 8.020636311558724252e-01 8.571250028688959244e-02 4.606466592237306035e-01 5.648909423173102962e-01 8.481961986716027857e-01 5.700125637182121840e-01 7.011865148612679288e-01 3.319739263032479570e-01 7.382502737844978125e-01 8.184768023729216413e-01 1.328301193661405311e-01 4.520992688722673125e-01 3.887375881182024151e-01 3.035151251220502555e-02 5.571155264312328548e-01 0.000000000000000000e+00 3.928309368744478114e-01 2.559458607686169174e-01 2.418906048795448349e-01 4.767407594273574967e-01 8.507739661955247001e-01 4.119196678687169211e-01 5.439076671950159314e-01 5.243256765836401545e-02 3.341943653284753513e-01 4.275665179676829686e-01
1.677605964102302227e-01 4.156433242408165141e-01 4.987483813357254658e-01 5.604518724277023356e-01 6.632566369130720174e-01 4.351881055184423364e-01 3.670150691183581282e-01 2.782218292005381177e-01 7.271853747395996548e-01 3.153939797544467738e-01 8.314844977063295950e-01 5.026583229862686686e-01 3.580613201615407415e-01 6.421053926479187712e-01 5.061936657955370400e-01 3.377508244568280249e-01 6.467383450475007178e-01 3.768361279133888297e-01 7.965095195953494356e-01 4.202352377437163500e-01 6.022511442331256459e-01 6.037747344846774444e-01 5.948352875899238779e-01 9.008230575728426448e-01 3.928309368744478114e-01 0.000000000000000000e+00 6.450489970156897401e-01 4.767892488758828651e-01 7.186334408441205079e-01 1.883405774399924404e-01 4.746360449081654109e-01 6.304809126690985588e-01 1.979634620991035376e-01 9.439867151920768862e-01 4.494726947804589812e-01
7.750104730313712720e-01 5.620713067840052979e-01 4.894362828954940126e-01 6.038221593366489559e-01 4.371776890005787397e-01 3.661223861529562251e-01 5.262764931252537082e-01 1.851833583868897071e-01 4.241554453614208020e-01 6.438256935414117255e-01 2.065098499791695463e-01 4.394408517485105525e-01 2.875717532124344999e-01 6.526347371775422790e-01 7.897048031256805878e-01 6.960139493343719952e-01 3.853642294417398140e-01 5.699354316211893146e-01 1.514724999174448250e-01 6.422597756138677116e-01 4.930039544016013298e-01 4.756567462086775944e-01 1.953650552325221224e-01 8.009109608836904037e-01 2.559458607686169174e-01 6.450489970156897401e-01 0.000000000000000000e+00 5.930546146665226503e-01 5.424610233808274673e-01 7.546074449545912000e-01 9.480079475765650354e-01 6.338106517430791564e-01 9.161956044853721837e-01 2.287534358811624813e-01 7.931458022042546796e-01
3.526299831911482441e-01 2.820011448197893844e-01 7.601845183024671382e-01 1.512407783178684184e-01 6.033673406327547672e-01 2.169745441047426504e-01 4.562153682787222775e-01 4.171421441909671790e-01 2.582897898087341271e-01 4.046262060030662577e-01 4.193058686653758360e-01 3.893741422942412211e-01 4.382758511756955633e-01 6.154273308388772401e-01 4.650067025338617821e-01 5.967193062184222851e-01 2.428770811735356805e-01 5.724931683415716011e-01 2.629624982345416528e-01 7.662214622651033480e-01 3.219461836283208922e-01 6.925574884941296805e-01 5.655236526713194323e-01 4.561905277015086968e-01 2.418906048795448349e-01 4.767892488758828651e-01 5.930546146665226503e-01 0.000000000000000000e+00 7.406074234894350905e-01 5.541267653810744154e-01 5.301171251452800881e-01 1.515610480792664028e-01 4.517203036853002507e-01 6.665403693229599025e-01 6.809259862075667247e-02
7.845619680920037364e-01 8.169540431920556678e-01 4.897415723126387066e-01 8.373642120253480536e-01 4.017019273272154356e-02 6.114678278425726976e-01 2.861475696099319288e-01 5.953772740749613268e-02 7.179343810147216232e-01 7.106003882924445403e-01 7.897397247106523466e-01 4.157574612960621696e-01 7.607163735181248221e-01 4.370381767317675914e-01 5.170125882574083676e-01 5.819766261956998976e-01 5.149546738829151593e-01 1.621355907008017461e-01 5.677584218343086908e-01 2.757518212434234561e-01 4.837812040435792715e-01 5.569031002728990210e-01 2.358086398109014437e-01 5.495388584601571536e-01 4.767407594273574967e-01 7.186334408441205079e-01 5.424610233808274673e-01 7.406074234894350905e-01 0.000000000000000000e+00 5.777071583822008805e-01 4.959996632169001440e-01 4.169454425163267031e-01 5.986899595285002373e-01 4.653873261698739938e-01 7.358035518625167803e-01
2.978221075958369379e-01 1.274048109836101172e-01 4.978249293946124254e-01 3.358872729686489533e-01 3.712735352785662135e-01 5.410312358686191203e-01 4.821362661281477502e-01 4.987244037850116496e-01 6.924706217695986155e-01 7.359119794361765887e-01 3.339561871024507855e-01 6.299237084114386320e-01 2.891982638538249661e-01 7.042359782807089408e-01 6.633477295941727636e-01 4.530665378224059126e-01 5.269353737758790679e-01 3.811571639216432272e-01 5.605666138229097317e-01 3.385404380001352243e-01 5.390708231202008260e-01 2.042113937878312635e-01 6.948014392190041688e-01 6.157581560661224973e-01 8.507739661955247001e-01 1.883405774399924404e-01 7.546074449545912000e-01 5.541267653810744154e-01 5.777071583822008805e-01 0.000000000000000000e+00 4.169084463159929421e-01 1.690166532256071052e-01 3.743812071261642949e-01 5.310545452786137322e-01 2.698654230051256153e-01
6.286529761363085500e-01 3.890178079864810012e-01 4.486206898211939076e-01 5.396722983115360694e-01 8.704115478669911532e-01 7.904664570909931687e-01 7.269471041031904113e-01 4.330033486953646094e-01 8.274725263852455992e-02 9.713589884303660549e-01 5.340566329453431127e-01 6.712836425342721958e-01 4.873944383679277847e-01 6.083178032710310212e-01 7.579863692315506052e-01 6.348117231944205852e-01 4.977372317741156627e-01 2.451819050677870315e-01 6.349234291556413723e-01 5.887897352733792999e-01 6.832879469300066066e-01 5.353352979356973407e-01 5.555982692395996514e-01 6.221499694388246127e-01 4.119196678687169211e-01 4.746360449081654109e-01 9.480079475765650354e-01 5.301171251452800881e-01 4.959996632169001440e-01 4.169084463159929421e-01 0.000000000000000000e+00 5.486420743743447570e-01 3.348361454459084507e-01 6.924015533331084882e-01 8.017463188825317832e-01
6.533260094126822626e-01 2.951024526092472233e-01 4.340476389874035057e-01 4.782494460290994676e-01 3.061427999766719310e-01 7.509014567060803280e-01 4.221598233071564010e-01 2.063214841127930521e-01 4.057222406087297450e-01 1.483249990293786791e-01 2.744826718361098594e-01 4.045991834382640651e-01 8.967373406959944226e-01 6.055200065262384967e-01 3.309392964938951964e-01 5.327065039038623162e-01 5.258974751504157386e-01 1.834981631425566251e-01 6.786839415892731431e-01 3.354156254939779092e-01 9.499856824293106961e-02 6.949168514797088303e-01 6.599605940693580308e-01 4.337597099725417626e-01 5.439076671950159314e-01 6.304809126690985588e-01 6.338106517430791564e-01 1.515610480792664028e-01 4.169454425163267031e-01 1.690166532256071052e-01 5.486420743743447570e-01 0.000000000000000000e+00 7.595440248596234678e-01 3.150005557039077253e-01 2.856966275160647273e-01
3.119846085696365012e-01 4.090620369876662443e-01 5.316699821621986288e-01 9.338517834708033316e-01 3.248569490070215005e-01 4.174953275745812986e-01 2.881910584413314158e-01 5.895270265388208308e-01 7.134687808646955620e-01 6.631801535022820993e-01 3.069367127608834123e-01 7.559017090722539578e-01 8.029078887805951581e-01 6.607216842489568309e-01 7.639728298030352693e-01 8.133482170321358895e-01 5.565101867220372256e-01 3.555373081543723446e-01 4.439968139714192130e-01 7.455590349239188397e-01 7.964505984928273996e-01 6.650524510823800917e-01 1.155693011013941840e-01 4.996148336872913709e-01 5.243256765836401545e-02 1.979634620991035376e-01 9.161956044853721837e-01 4.517203036853002507e-01 5.986899595285002373e-01 3.743812071261642949e-01 3.348361454459084507e-01 7.595440248596234678e-01 0.000000000000000000e+00 7.228430428395532514e-01 4.542861946934539930e-02
5.587953839189144789e-01 5.083604490638307105e-01 5.777861649085269669e-01 4.573665184631697245e-01 2.463191561217885628e-01 3.002453437782723888e-01 4.500124245739158813e-01 7.521635840342799639e-01 4.793134764315902796e-01 3.903264850800520769e-01 7.181175763026168557e-01 5.348530708040706294e-01 5.957552716066779608e-01 2.764428316039893030e-01 5.143452147566431876e-01 2.682428140402799421e-01 8.558904390682731123e-01 5.623210068909099135e-01 1.303397486971746844e-01 2.027199563800154980e-01 6.993315015295485937e-01 8.190805826100125975e-01 6.285041531583452912e-01 7.634828964564193132e-01 3.341943653284753513e-01 9.439867151920768862e-01 2.287534358811624813e-01 6.665403693229599025e-01 4.653873261698739938e-01 5.310545452786137322e-01 6.924015533331084882e-01 3.150005557039077253e-01 7.228430428395532514e-01 0.000000000000000000e+00 5.011237312938642274e-01
2.910718578516405808e-01 5.018091589803954644e-01 6.003622623483474419e-01 4.935904479165094672e-01 9.857718662761980610e-01 1.519997759602222387e-01 6.693808478500844483e-01 3.120475078225514176e-01 9.291210841513719565e-02 7.941490844302965257e-01 8.418579791855803629e-01 8.085736347764616028e-01 3.826353087776315776e-01 5.881374114755916205e-01 8.173551858262093628e-01 8.926803623194248249e-01 2.998420149344274144e-01 3.729256361977776324e-01 5.877851858640008587e-01 5.340286643565330671e-01 6.968452468781408671e-01 3.827626757428774784e-01 4.761589967631281173e-01 6.225478672384971990e-01 4.275665179676829686e-01 4.494726947804589812e-01 7.931458022042546796e-01 6.809259862075667247e-02 7.358035518625167803e-01 2.698654230051256153e-01 8.017463188825317832e-01 2.856966275160647273e-01 4.542861946934539930e-02 5.011237312938642274e-01 0.000000000000000000e+00
