0.000000000000000000e+00 3.089035538851476748e-01 3.896132236389790449e-01 6.054436920118908549e-01 3.201231624794402819e-01 7.524632357550915529e-01 9.201881418395669865e-01 2.310651513983519312e-01 5.468677010580150766e-01 5.235053710689926421e-01 4.960638859441634518e-01 6.916230175771522770e-01 5.725117940109279990e-01 1.097990300477763581e-01 4.522088151533056322e-01 7.591004756461590119e-01 6.454700604937040342e-01 7.474363231231160309e-01 7.046727607447744735e-01 3.260054344279961214e-01 4.225691449787979947e-01 3.455843746448417075e-01 6.976658347235293878e-01 4.821394132826249401e-01 4.208900287841190746e-01 5.657097940151614157e-01 4.455181043959288156e-01 3.906687659269825197e-01 3.256811379647316373e-01 8.186194381496327832e-01 3.978388458043831122e-01 8.814975559712889819e-01 6.114592527051894155e-01 4.196520402214914958e-01 4.960196081492859177e-01
3.089035538851476748e-01 0.000000000000000000e+00 6.633018087328185208e-01 6.447460402183426975e-01 7.467019099437766094e-01 4.170809775041787182e-01 5.488761387973793981e-01 5.506997407575131565e-01 2.775971512687238629e-01 7.219224626730453842e-01 5.224868474123687268e-01 6.668548720952243158e-01 5.218990426829418494e-01 7.657382372374041957e-01 8.535250772980418343e-02 8.133229082069226568e-01 3.940469976649590977e-01 8.483037014571523926e-01 6.296613860131858864e-01 4.147583216304087106e-01 3.885897088160963353e-01 6.757499145975318644e-01 5.022205014768985620e-01 7.094409052389335502e-01 8.486214509356462266e-01 2.932515078548440512e-01 4.667311864760313456e-01 5.374343956513172316e-01 6.561168585219219196e-01 5.439365131836934042e-01 4.867046239719787226e-01 6.644167149175324028e-01 7.182338466836790669e-01 4.553922879611057017e-01 1.577091662886698220e-01
3.896132236389790449e-01 6.633018087328185208e-01 0.000000000000000000e+00 5.547808758271165486e-01 8.011898756287456624e-01 4.255557818897591216e-01 3.972693498424599845e-01 2.212322188918774968e-01 4.700532924846487770e-01 4.678402795896760002e-01 7.326841898392628671e-01 5.265911125501978596e-01 4.649726479931426959e-01 2.181089172867526349e-01 6.082840062792916891e-01 7.955041392038281201e-01 4.696569900501897932e-01 6.440902232906826619e-01 4.784125435971914309e-01 9.069569979382114955e-01 9.701047369927717767e-02 8.958634436738921458e-02 7.385061967352469781e-01 4.347686220268528468e-01 3.270506131367592051e-01 8.734867917778674773e-01 3.105045860734022001e-01 1.916708555239355904e-01 4.502005730222712332e-01 2.045126550877710558e-01 2.792292014779219622e-01 4.020571999374365491e-01 6.000623950909779181e-01 4.938422665435018288e-01 4.255632953077991276e-01
6.054436920118908549e-01 6.447460402183426975e-01 5.547808758271165486e-01 0.000000000000000000e+00 6.137624129322867272e-01 4.861030865293403114e-01 6.530991078942738337e-01 3.346065041608339286e-01 4.604731817820656992e-01 8.877232405906287926e-01 6.531611634392809895e-01 1.810748809969253692e-02 6.270870220389193062e-01 2.304943269295429142e-01 3.631080900198703221e-01 5.997518348395680654e-01 9.534832296511425165e-02 6.728336039265098156e-01 2.346057344090755614e-01 5.599478004896430994e-01 6.949382384154616510e-01 8.178447667453725423e-01 2.107918478143212537e-01 7.975822360026689761e-01 3.086732807999719719e-01 6.357902541565025878e-01 2.791082242200353392e-01 5.259647977871868552e-01 5.676612328931984752e-01 4.235888722010965335e-01 4.197893858415686075e-01 5.756228985984478408e-01 8.533172700311209002e-02 7.889857172896619364e-02 5.052143131477510041e-01
3.201231624794402819e-01 7.467019099437766094e-01 8.011898756287456624e-01 6.137624129322867272e-01 0.000000000000000000e+00 4.764461921166112668e-01 4.895960542773070134e-01 4.911270869462026623e-01 6.096055479235868990e-01 7.238079967776509527e-01 4.532150500341136645e-01 4.392926913745473505e-01 5.362614111603758449e-02 4.631641973091593645e-01 5.700514365469642186e-01 8.961756521501051953e-01 3.507324092819665839e-01 3.234955608814592543e-01 1.231627901425427218e-01 4.327617399000870946e-01 4.911303687534928075e-01 1.576277222706533587e-01 3.990549823201542945e-01 6.584041059542402596e-01 5.198670567878599380e-01 5.192868726599187967e-01 5.086897100399294658e-01 6.208145999361682765e-01 4.995017789456839274e-01 1.515790825312993140e-01 9.618745005833713169e-01 6.602971492594582603e-01 7.031300311704291595e-01 4.450341203811052915e-01 4.813479155243501340e-01
7.524632357550915529e-01 4.170809775041787182e-01 4.255557818897591216e-01 4.861030865293403114e-01 4.764461921166112668e-01 0.000000000000000000e+00 7.045953909753371880e-01 7.737500433400058553e-01 1.428977492231746638e-01 5.313491090779052239e-01 5.929639198435519010e-01 3.346089421772422412e-01 9.828137063883191082e-02 5.381590123611690313e-01 5.159067863728663550e-01 2.992682402835731281e-01 4.391306504649700182e-01 6.716255092881295852e-01 4.582193577487728708e-01 6.667673087141550159e-01 8.013598215435658867e-01 2.982591496349811244e-01 4.899817187618997760e-01 4.695793345201929037e-01 5.874641455667112266e-01 7.520393623476752110e-01 3.408545818543127770e-01 4.702131572650435354e-01 2.173024684860714872e-01 7.913269284131794201e-01 7.348858769911994493e-01 2.105091356169573880e-01 2.392421415431974507e-01 7.257586009850369724e-02 4.950053966267496941e-01
9.201881418395669865e-01 5.488761387973793981e-01 3.972693498424599845e-01 6.530991078942738337e-01 4.895960542773070134e-01 7.045953909753371880e-01 0.000000000000000000e+00 4.460116317350818482e-01 7.164535594967933463e-01 6.781440588398660596e-01 1.687947731455523570e-01 4.455226499581613764e-01 8.104793211804542929e-01 3.822025526722215294e-01 1.205184390397563421e-01 5.989834835653649048e-01 7.181853233998016783e-01 5.663991260095314617e-01 4.852371106710799964e-01 3.516126160960567626e-01 6.701317310342819189e-01 4.233654191497759900e-01 5.316607764543817005e-01 3.895717211052738826e-01 6.742129666742768812e-01 7.021584660018015400e-01 1.519982019966914510e-01 1.457707629226904222e-01 8.099657006114028279e-01 5.882933346129924912e-01 8.334039971013071924e-01 5.808057869816285468e-02 5.884752363698213529e-01 6.320354046079863508e-01 5.860659710553485224e-01
2.310651513983519312e-01 5.506997407575131565e-01 2.212322188918774968e-01 3.346065041608339286e-01 4.911270869462026623e-01 7.737500433400058553e-01 4.460116317350818482e-01 0.000000000000000000e+00 6.326391919126947982e-01 5.743526210292823064e-01 5.542538821987157416e-01 7.397970545142851240e-01 7.500048934505838538e-01 7.888294523551828696e-01 6.632472719753559343e-01 6.326876633931547422e-01 4.360839764846081712e-01 4.839856362410639989e-01 4.039715436969888995e-01 2.519959420452418941e-01 6.443880525342537968e-01 7.637497895182487895e-01 6.997485542187908969e-02 3.900079729626574343e-01 2.276534600072938064e-01 4.295195337490363419e-01 5.551869266271829417e-01 5.595209213308608431e-01 5.768185107346779361e-01 5.590113634908808748e-01 5.132506943789605369e-01 9.399729618774081974e-01 5.460760948953656824e-01 7.075974288117798938e-01 4.761733450137615176e-01
5.468677010580150766e-01 2.775971512687238629e-01 4.700532924846487770e-01 4.604731817820656992e-01 6.096055479235868990e-01 1.428977492231746638e-01 7.164535594967933463e-01 6.326391919126947982e-01 0.000000000000000000e+00 4.944224540027379877e-01 6.788339742625757456e-01 1.822253585518353036e-01 6.984938290109938830e-01 7.421596697540653320e-01 6.572167116216371952e-01 6.494404832386919679e-01 5.037374959679556952e-01 7.841902643733009715e-01 5.234706543621372443e-01 5.916524625222112643e-01 6.890547403993141362e-01 6.607384316741511388e-01 4.300727252890023111e-01 3.884033990107375045e-01 4.809401360830519168e-01 8.507144521293772410e-01 8.284407318415776267e-01 3.011233496333835524e-01 1.191781194304163405e-01 4.806720801418558620e-01 4.353020301136600878e-01 7.400087183753657483e-01 8.246235382504865097e-01 3.098485403786430670e-01 2.356800173036321389e-01
5.235053710689926421e-01 7.219224626730453842e-01 4.678402795896760002e-01 8.877232405906287926e-01 7.238079967776509527e-01 5.313491090779052239e-01 6.781440588398660596e-01 5.743526210292823064e-01 4.944224540027379877e-01 0.000000000000000000e+00 8.190754700343667594e-01 1.548246785320067098e-01 6.733626635154650319e-01 2.310430633459306105e-01 3.120905230826267474e-01 6.978625510671427890e-01 5.559621704630542949e-01 5.885268510257035679e-02 7.512701790116614875e-01 4.367739871435856736e-01 3.878642798864710417e-01 5.897331673708714472e-01 6.291756033193578457e-01 4.895591658612833963e-01 3.663330193074854080e-03 7.283535806844512184e-01 5.859984760513252677e-01 7.427266348422818520e-01 5.593118254403814937e-01 4.419464668114173600e-01 6.785229216487953519e-01 6.599692917655493041e-01 6.475313473517871898e-01 7.231674476913234617e-01 7.443517639827033072e-01
4.960638859441634518e-01 5.224868474123687268e-01 7.326841898392628671e-01 6.531611634392809895e-01 4.532150500341136645e-01 5.929639198435519010e-01 1.687947731455523570e-01 5.542538821987157416e-01 6.788339742625757456e-01 8.190754700343667594e-01 0.000000000000000000e+00 2.488078230509482847e-01 4.857763812765414357e-01 4.668938805018383875e-01 5.895956957839552093e-01 6.014047325991813686e-01 5.669818367500041312e-01 6.981263649262070548e-01 6.970051140599622386e-01 4.128210176739742221e-01 4.911960228275490947e-01 7.543015669278557711e-01 3.472464581151985530e-01 5.490552835309125967e-02 5.538819445828733201e-01 4.550241104560714955e-01 6.296749037317594944e-02 7.643883669917990176e-01 3.236048626328742461e-01 4.292570113539577736e-01 3.137513756552057220e-01 9.927367348806749314e-01 5.832689371820389823e-01 7.619733655202680644e-01 4.309252476165039702e-01
6.916230175771522770e-01 6.668548720952243158e-01 5.265911125501978596e-01 1.810748809969253692e-02 4.392926913745473505e-01 3.346089421772422412e-01 4.455226499581613764e-01 7.397970545142851240e-01 1.822253585518353036e-01 1.548246785320067098e-01 2.488078230509482847e-01 0.000000000000000000e+00 4.405348023522908663e-01 1.214621302442933093e-01 3.559757573305469824e-01 5.513683253308363508e-01 6.332580483675656069e-01 2.719637331237431122e-01 7.870409048838948873e-01 4.124178315260887961e-01 5.187290353712785684e-01 8.543827350854482638e-01 3.101872611949654246e-01 5.421542103103093035e-01 5.399256958799140138e-01 9.121686145523018041e-01 2.790388409209457188e-01 6.178499274372372119e-01 2.767218001346503087e-01 1.535267123362942243e-01 9.084002846785457219e-01 7.158722571586877415e-01 5.438788941332877158e-01 7.852081540993955944e-01 2.735616558919645724e-01
5.725117940109279990e-01 5.218990426829418494e-01 4.649726479931426959e-01 6.270870220389193062e-01 5.362614111603758449e-02 9.828137063883191082e-02 8.104793211804542929e-01 7.500048934505838538e-01 6.984938290109938830e-01 6.733626635154650319e-01 4.857763812765414357e-01 4.405348023522908663e-01 0.000000000000000000e+00 2.963684162336041039e-01 8.209472087384985795e-01 6.783683593933169664e-01 6.114224898497505611e-01 6.555005264935996889e-01 5.238342229843607756e-01 4.443615001936328524e-01 4.866384396422334113e-01 3.987751821775775696e-01 2.632767110828680979e-01 3.053037245664129151e-01 1.280708730841751963e-01 2.046991621157230878e-01 7.920037017212171460e-01 5.907618246570760512e-01 6.987153552456560890e-01 7.665113984369015254e-02 6.275770693280002810e-02 5.691438614663940632e-01 2.924848283658526005e-01 6.052565016029815004e-01 2.850077345173407384e-01
1.097990300477763581e-01 7.657382372374041957e-01 2.181089172867526349e-01 2.304943269295429142e-01 4.631641973091593645e-01 5.381590123611690313e-01 3.822025526722215294e-01 7.888294523551828696e-01 7.421596697540653320e-01 2.310430633459306105e-01 4.668938805018383875e-01 1.214621302442933093e-01 2.963684162336041039e-01 0.000000000000000000e+00 7.209909567500827343e-01 7.155813891741000798e-01 5.647357664763652529e-01 8.946579823129081621e-01 7.631853393014584874e-01 5.424112441697572784e-01 3.011147539652548888e-01 2.549191217687013511e-01 4.101676611365891456e-01 8.132961112458751973e-01 4.329373060352260660e-01 3.022545036106916716e-01 5.979601543509777128e-01 6.402393168411357749e-01 3.231036798903644813e-01 4.878473727964366402e-01 1.438427339356103118e-01 5.872951789358966668e-01 3.644112504481902826e-01 7.311967742686737992e-01 7.634358293901472026e-01
4.522088151533056322e-01 8.535250772980418343e-02 6.082840062792916891e-01 3.631080900198703221e-01 5.700514365469642186e-01 5.159067863728663550e-01 1.205184390397563421e-01 6.632472719753559343e-01 6.572167116216371952e-01 3.120905230826267474e-01 5.895956957839552093e-01 3.559757573305469824e-01 8.209472087384985795e-01 7.209909567500827343e-01 0.000000000000000000e+00 7.814331795508389078e-02 1.679528129726097774e-01 7.851127324407091157e-01 5.712127517842596758e-01 7.636360275778093509e-01 4.547405319722194195e-01 4.479067713367120285e-01 1.030256661160667830e-01 3.741796657182785424e-01 7.104952040028902349e-01 8.498181837688967288e-01 4.539475725483104185e-01 5.732061528979640608e-01 5.674771738139723354e-01 5.304227652077071475e-01 6.182597875963307121e-01 7.726732685227527542e-01 4.212857700513825132e-01 6.189210732827755690e-01 8.991213113962683856e-01
7.591004756461590119e-01 8.133229082069226568e-01 7.955041392038281201e-01 5.997518348395680654e-01 8.961756521501051953e-01 2.992682402835731281e-01 5.989834835653649048e-01 6.326876633931547422e-01 6.494404832386919679e-01 6.978625510671427890e-01 6.014047325991813686e-01 5.513683253308363508e-01 6.783683593933169664e-01 7.155813891741000798e-01 7.814331795508389078e-02 0.000000000000000000e+00 4.678034146201882071e-01 1.978179969627802404e-01 4.659866383992965488e-01 3.871481571150760526e-01 5.856623335715736012e-01 4.953248730909874942e-01 3.117832410998201409e-01 7.885342425932468924e-01 3.761426389052173747e-01 3.667485129912499420e-01 5.525673139779361254e-01 7.807638910762580986e-01 6.756219987081513167e-02 8.076206672861598879e-01 6.842721255707203687e-01 3.542756672300594323e-01 4.188604705499072711e-01 2.386891332501306362e-01 5.407988791320885724e-01
6.454700604937040342e-01 3.940469976649590977e-01 4.696569900501897932e-01 9.534832296511425165e-02 3.507324092819665839e-01 4.391306504649700182e-01 7.181853233998016783e-01 4.360839764846081712e-01 5.037374959679556952e-01 5.559621704630542949e-01 5.669818367500041312e-01 6.332580483675656069e-01 6.114224898497505611e-01 5.647357664763652529e-01 1.679528129726097774e-01 4.678034146201882071e-01 0.000000000000000000e+00 7.616920586807363058e-01 6.223107333546072928e-01 6.101533354349388816e-01 7.056440527209839608e-02 7.504363484416802788e-01 4.931845093604796948e-01 6.239142226930431967e-01 2.219027268924844698e-01 1.589407314793899184e-01 5.356798916671549060e-01 5.408530044686910010e-02 4.745033552326304860e-01 5.617565050714712349e-01 3.756716441944870644e-01 4.805757950554285785e-01 2.966443665364375537e-01 3.886116548220550082e-01 3.369626309811231124e-01
7.474363231231160309e-01 8.483037014571523926e-01 6.440902232906826619e-01 6.728336039265098156e-01 3.234955608814592543e-01 6.716255092881295852e-01 5.663991260095314617e-01 4.839856362410639989e-01 7.841902643733009715e-01 5.885268510257035679e-02 6.981263649262070548e-01 2.719637331237431122e-01 6.555005264935996889e-01 8.946579823129081621e-01 7.851127324407091157e-01 1.978179969627802404e-01 7.616920586807363058e-01 0.000000000000000000e+00 7.045402440564448865e-01 7.002047523064335310e-01 3.888440177311853208e-01 8.778443332451153491e-01 8.917965961188651924e-01 8.060403135974523181e-01 4.875397857318048978e-01 4.671037832601913631e-01 3.117427458281563091e-01 6.134396975811238217e-01 5.929968505398330869e-01 3.285754845419275316e-01 7.277321800557436937e-01 6.017716778338310091e-01 2.489975830225403808e-01 6.922447326518177402e-01 1.885063093139337509e-01
7.046727607447744735e-01 6.296613860131858864e-01 4.784125435971914309e-01 2.346057344090755614e-01 1.231627901425427218e-01 4.582193577487728708e-01 4.852371106710799964e-01 4.039715436969888995e-01 5.234706543621372443e-01 7.512701790116614875e-01 6.970051140599622386e-01 7.870409048838948873e-01 5.238342229843607756e-01 7.631853393014584874e-01 5.712127517842596758e-01 4.659866383992965488e-01 6.223107333546072928e-01 7.045402440564448865e-01 0.000000000000000000e+00 5.368101377333461821e-01 4.118475869263189537e-01 5.302633112912066293e-01 2.202746076303621070e-01 6.066012300636142163e-01 9.238997882333823686e-01 3.284929529405057891e-01 5.828376530791469223e-01 2.599482852461506011e-01 6.809096644917520536e-01 5.097727836030963022e-01 2.195235203543531854e-01 3.079382751144380537e-01 3.497411243224523014e-01 5.883974478683511311e-01 8.097992564251795811e-01
3.260054344279961214e-01 4.147583216304087106e-01 9.069569979382114955e-01 5.599478004896430994e-01 4.327617399000870946e-01 6.667673087141550159e-01 3.516126160960567626e-01 2.519959420452418941e-01 5.916524625222112643e-01 4.367739871435856736e-01 4.128210176739742221e-01 4.124178315260887961e-01 4.443615001936328524e-01 5.424112441697572784e-01 7.636360275778093509e-01 3.871481571150760526e-01 6.101533354349388816e-01 7.002047523064335310e-01 5.368101377333461821e-01 0.000000000000000000e+00 3.193430491769426727e-01 1.758237383999121661e-01 5.737912121347272798e-01 5.925493691960552756e-01 4.361507246397133830e-02 5.055497282027598960e-01 4.918313626353891799e-01 2.231303575941907535e-01 8.946512010570228934e-01 8.940088536700954158e-01 2.663316768287727898e-01 4.270028535398351366e-01 6.203705957315461816e-01 3.562989849700353151e-01 4.919102286011133307e-01
4.225691449787979947e-01 3.885897088160963353e-01 9.701047369927717767e-02 6.949382384154616510e-01 4.911303687534928075e-01 8.013598215435658867e-01 6.701317310342819189e-01 6.443880525342537968e-01 6.890547403993141362e-01 3.878642798864710417e-01 4.911960228275490947e-01 5.187290353712785684e-01 4.866384396422334113e-01 3.011147539652548888e-01 4.547405319722194195e-01 5.856623335715736012e-01 7.056440527209839608e-02 3.888440177311853208e-01 4.118475869263189537e-01 3.193430491769426727e-01 0.000000000000000000e+00 7.385399248952440043e-01 7.074953835586375028e-01 6.273334570738846594e-01 2.171382511527165660e-01 5.034575718219882479e-01 3.042849047555725717e-01 7.969953203245475626e-01 6.407929990511785912e-01 1.141512571782299368e-01 7.703735214599789494e-01 3.261975035706673465e-01 3.425562390083836117e-01 6.351595307884851938e-01 8.164730150935619601e-01
3.455843746448417075e-01 6.757499145975318644e-01 8.958634436738921458e-02 8.178447667453725423e-01 1.576277222706533587e-01 2.982591496349811244e-01 4.233654191497759900e-01 7.637497895182487895e-01 6.607384316741511388e-01 5.897331673708714472e-01 7.543015669278557711e-01 8.543827350854482638e-01 3.987751821775775696e-01 2.549191217687013511e-01 4.479067713367120285e-01 4.953248730909874942e-01 7.504363484416802788e-01 8.778443332451153491e-01 5.302633112912066293e-01 1.758237383999121661e-01 7.385399248952440043e-01 0.000000000000000000e+00 9.438997502821294683e-01 5.921056943656464178e-01 3.592018717243782300e-01 6.034376719804133149e-01 6.268885835587504340e-01 6.616561124624183998e-01 7.586639105526962190e-01 5.265819608265934759e-01 3.955981548601542608e-01 4.878188804587968441e-01 5.160269614574573005e-01 7.384561546868617654e-01 4.726725304409173933e-02
6.976658347235293878e-01 5.022205014768985620e-01 7.385061967352469781e-01 2.107918478143212537e-01 3.990549823201542945e-01 4.899817187618997760e-01 5.316607764543817005e-01 6.997485542187908969e-02 4.300727252890023111e-01 6.291756033193578457e-01 3.472464581151985530e-01 3.101872611949654246e-01 2.632767110828680979e-01 4.101676611365891456e-01 1.030256661160667830e-01 3.117832410998201409e-01 4.931845093604796948e-01 8.917965961188651924e-01 2.202746076303621070e-01 5.737912121347272798e-01 7.074953835586375028e-01 9.438997502821294683e-01 0.000000000000000000e+00 2.588665354042767874e-01 6.411291555377283125e-01 6.257483869900949403e-01 2.310518109444950063e-01 1.893746947089831600e-01 4.137422762614197391e-01 4.644565078611757603e-01 2.352589598367149648e-01 5.089728812190901230e-01 5.505785936655476220e-01 7.525974330648377286e-01 5.185286943145206440e-01
4.821394132826249401e-01 7.094409052389335502e-01 4.347686220268528468e-01 7.975822360026689761e-01 6.584041059542402596e-01 4.695793345201929037e-01 3.895717211052738826e-01 3.900079729626574343e-01 3.884033990107375045e-01 4.895591658612833963e-01 5.490552835309125967e-02 5.421542103103093035e-01 3.053037245664129151e-01 8.132961112458751973e-01 3.741796657182785424e-01 7.885342425932468924e-01 6.239142226930431967e-01 8.060403135974523181e-01 6.066012300636142163e-01 5.925493691960552756e-01 6.273334570738846594e-01 5.921056943656464178e-01 2.588665354042767874e-01 0.000000000000000000e+00 1.579680624721250259e-01 6.356139928195886357e-01 5.071474817202998864e-01 5.646410952777410897e-01 5.265248356724722134e-01 5.145886000863661991e-01 9.913138255581610547e-01 1.842886337919635853e-01 5.808040289648744858e-01 5.437855539591498477e-01 4.866173473940793581e-01
4.208900287841190746e-01 8.486214509356462266e-01 3.270506131367592051e-01 3.086732807999719719e-01 5.198670567878599380e-01 5.874641455667112266e-01 6.742129666742768812e-01 2.276534600072938064e-01 4.809401360830519168e-01 3.663330193074854080e-03 5.538819445828733201e-01 5.399256958799140138e-01 1.280708730841751963e-01 4.329373060352260660e-01 7.104952040028902349e-01 3.761426389052173747e-01 2.219027268924844698e-01 4.875397857318048978e-01 9.238997882333823686e-01 4.361507246397133830e-02 2.171382511527165660e-01 3.592018717243782300e-01 6.411291555377283125e-01 1.579680624721250259e-01 0.000000000000000000e+00 4.216883041790043807e-01 5.455491106719205785e-01 3.542102274491447100e-01 1.189165632856769017e-01 4.976472331612262767e-01 4.781072337115387372e-01 3.475289340374088654e-01 4.313177649768573652e-01 8.793351411229914927e-01 7.794109103739156330e-01
5.657097940151614157e-01 2.932515078548440512e-01 8.734867917778674773e-01 6.357902541565025878e-01 5.192868726599187967e-01 7.520393623476752110e-01 7.021584660018015400e-01 4.295195337490363419e-01 8.507144521293772410e-01 7.283535806844512184e-01 4.550241104560714955e-01 9.121686145523018041e-01 2.046991621157230878e-01 3.022545036106916716e-01 8.498181837688967288e-01 3.667485129912499420e-01 1.589407314793899184e-01 4.671037832601913631e-01 3.284929529405057891e-01 5.055497282027598960e-01 5.034575718219882479e-01 6.034376719804133149e-01 6.257483869900949403e-01 6.356139928195886357e-01 4.216883041790043807e-01 0.000000000000000000e+00 3.672737877936536055e-01 5.529175273804407542e-01 4.910370661108906520e-01 5.911823518391851051e-01 3.655703239232331869e-01 1.422377905390497244e-01 8.556737850996627426e-01 7.178981785112874547e-01 4.499477759603265348e-01
4.455181043959288156e-01 4.667311864760313456e-01 3.105045860734022001e-01 2.791082242200353392e-01 5.086897100399294658e-01 3.408545818543127770e-01 1.519982019966914510e-01 5.551869266271829417e-01 8.284407318415776267e-01 5.859984760513252677e-01 6.296749037317594944e-02 2.790388409209457188e-01 7.920037017212171460e-01 5.979601543509777128e-01 4.539475725483104185e-01 5.525673139779361254e-01 5.356798916671549060e-01 3.117427458281563091e-01 5.828376530791469223e-01 4.918313626353891799e-01 3.042849047555725717e-01 6.268885835587504340e-01 2.310518109444950063e-01 5.071474817202998864e-01 5.455491106719205785e-01 3.672737877936536055e-01 0.000000000000000000e+00 4.977451498974646560e-01 8.395258338405187093e-01 7.285955099112519928e-01 2.275114372574094657e-01 2.610412330782366785e-01 9.037256052845502596e-01 4.339415863374879723e-01 6.047654908078492486e-01
3.906687659269825197e-01 5.374343956513172316e-01 1.916708555239355904e-01 5.259647977871868552e-01 6.208145999361682765e-01 4.702131572650435354e-01 1.457707629226904222e-01 5.595209213308608431e-01 3.011233496333835524e-01 7.427266348422818520e-01 7.643883669917990176e-01 6.178499274372372119e-01 5.907618246570760512e-01 6.402393168411357749e-01 5.732061528979640608e-01 7.807638910762580986e-01 5.408530044686910010e-02 6.134396975811238217e-01 2.599482852461506011e-01 2.231303575941907535e-01 7.969953203245475626e-01 6.616561124624183998e-01 1.893746947089831600e-01 5.646410952777410897e-01 3.542102274491447100e-01 5.529175273804407542e-01 4.977451498974646560e-01 0.000000000000000000e+00 4.564694765499023865e-01 5.941205200663828290e-01 3.874625717763480193e-01 8.851860998325677965e-01 7.435408881581716534e-01 1.844257605758381491e-01 8.839980775251866651e-01
3.256811379647316373e-01 6.561168585219219196e-01 4.502005730222712332e-01 5.676612328931984752e-01 4.995017789456839274e-01 2.173024684860714872e-01 8.099657006114028279e-01 5.768185107346779361e-01 1.191781194304163405e-01 5.593118254403814937e-01 3.236048626328742461e-01 2.767218001346503087e-01 6.987153552456560890e-01 3.231036798903644813e-01 5.674771738139723354e-01 6.756219987081513167e-02 4.745033552326304860e-01 5.929968505398330869e-01 6.809096644917520536e-01 8.946512010570228934e-01 6.407929990511785912e-01 7.586639105526962190e-01 4.137422762614197391e-01 5.265248356724722134e-01 1.189165632856769017e-01 4.910370661108906520e-01 8.395258338405187093e-01 4.564694765499023865e-01 0.000000000000000000e+00 6.878063358383522674e-01 5.174881098913557409e-01 4.915148502667193720e-01 6.295103529834547018e-01 2.908911561047855532e-01 7.159545704365444241e-02
8.186194381496327832e-01 5.439365131836934042e-01 2.045126550877710558e-01 4.235888722010965335e-01 1.515790825312993140e-01 7.913269284131794201e-01 5.882933346129924912e-01 5.590113634908808748e-01 4.806720801418558620e-01 4.419464668114173600e-01 4.292570113539577736e-01 1.535267123362942243e-01 7.665113984369015254e-02 4.878473727964366402e-01 5.304227652077071475e-01 8.076206672861598879e-01 5.617565050714712349e-01 3.285754845419275316e-01 5.097727836030963022e-01 8.940088536700954158e-01 1.141512571782299368e-01 5.265819608265934759e-01 4.644565078611757603e-01 5.145886000863661991e-01 4.976472331612262767e-01 5.911823518391851051e-01 7.285955099112519928e-01 5.941205200663828290e-01 6.878063358383522674e-01 0.000000000000000000e+00 9.217658119142917439e-01 6.326175822264097359e-01 6.358833651770133821e-01 4.934796106658373427e-01 6.403310210448950324e-01
3.978388458043831122e-01 4.867046239719787226e-01 2.792292014779219622e-01 4.197893858415686075e-01 9.618745005833713169e-01 7.348858769911994493e-01 8.334039971013071924e-01 5.132506943789605369e-01 4.353020301136600878e-01 6.785229216487953519e-01 3.137513756552057220e-01 9.084002846785457219e-01 6.275770693280002810e-02 1.438427339356103118e-01 6.182597875963307121e-01 6.842721255707203687e-01 3.756716441944870644e-01 7.277321800557436937e-01 2.195235203543531854e-01 2.663316768287727898e-01 7.703735214599789494e-01 3.955981548601542608e-01 2.352589598367149648e-01 9.913138255581610547e-01 4.781072337115387372e-01 3.655703239232331869e-01 2.275114372574094657e-01 3.874625717763480193e-01 5.174881098913557409e-01 9.217658119142917439e-01 0.000000000000000000e+00 7.992740680078197490e-01 5.778443632266658803e-01 4.214202998654148491e-01 4.237542840671052469e-01
8.814975559712889819e-01 6.644167149175324028e-01 4.020571999374365491e-01 5.756228985984478408e-01 6.602971492594582603e-01 2.105091356169573880e-01 5.808057869816285468e-02 9.399729618774081974e-01 7.400087183753657483e-01 6.599692917655493041e-01 9.927367348806749314e-01 7.158722571586877415e-01 5.691438614663940632e-01 5.872951789358966668e-01 7.726732685227527542e-01 3.542756672300594323e-01 4.805757950554285785e-01 6.017716778338310091e-01 3.079382751144380537e-01 4.270028535398351366e-01 3.261975035706673465e-01 4.878188804587968441e-01 5.089728812190901230e-01 1.842886337919635853e-01 3.475289340374088654e-01 1.422377905390497244e-01 2.610412330782366785e-01 8.851860998325677965e-01 4.915148502667193720e-01 6.326175822264097359e-01 7.992740680078197490e-01 0.000000000000000000e+00 5.899550460475611047e-02 6.539779536184988640e-01 1.996938410959365751e-01
6.114592527051894155e-01 7.182338466836790669e-01 6.000623950909779181e-01 8.533172700311209002e-02 7.031300311704291595e-01 2.392421415431974507e-01 5.884752363698213529e-01 5.460760948953656824e-01 8.246235382504865097e-01 6.475313473517871898e-01 5.832689371820389823e-01 5.438788941332877158e-01 2.924848283658526005e-01 3.644112504481902826e-01 4.212857700513825132e-01 4.188604705499072711e-01 2.966443665364375537e-01 2.489975830225403808e-01 3.497411243224523014e-01 6.203705957315461816e-01 3.425562390083836117e-01 5.160269614574573005e-01 5.505785936655476220e-01 5.808040289648744858e-01 4.313177649768573652e-01 8.556737850996627426e-01 9.037256052845502596e-01 7.435408881581716534e-01 6.295103529834547018e-01 6.358833651770133821e-01 5.778443632266658803e-01 5.899550460475611047e-02 0.000000000000000000e+00 6.734911288344199720e-01 3.616718889871105569e-01
4.196520402214914958e-01 4.553922879611057017e-01 4.938422665435018288e-01 7.889857172896619364e-02 4.450341203811052915e-01 7.257586009850369724e-02 6.320354046079863508e-01 7.075974288117798938e-01 3.098485403786430670e-01 7.231674476913234617e-01 7.619733655202680644e-01 7.852081540993955944e-01 6.052565016029815004e-01 7.311967742686737992e-01 6.189210732827755690e-01 2.386891332501306362e-01 3.886116548220550082e-01 6.922447326518177402e-01 5.883974478683511311e-01 3.562989849700353151e-01 6.351595307884851938e-01 7.384561546868617654e-01 7.525974330648377286e-01 5.437855539591498477e-01 8.793351411229914927e-01 7.178981785112874547e-01 4.339415863374879723e-01 1.844257605758381491e-01 2.908911561047855532e-01 4.934796106658373427e-01 4.214202998654148491e-01 6.539779536184988640e-01 6.734911288344199720e-01 0.000000000000000000e+00 4.951524787340134681e-01
4.960196081492859177e-01 1.577091662886698220e-01 4.255632953077991276e-01 5.052143131477510041e-01 4.813479155243501340e-01 4.950053966267496941e-01 5.860659710553485224e-01 4.761733450137615176e-01 2.356800173036321389e-01 7.443517639827033072e-01 4.309252476165039702e-01 2.735616558919645724e-01 2.850077345173407384e-01 7.634358293901472026e-01 8.991213113962683856e-01 5.407988791320885724e-01 3.369626309811231124e-01 1.885063093139337509e-01 8.097992564251795811e-01 4.919102286011133307e-01 8.164730150935619601e-01 4.726725304409173933e-02 5.185286943145206440e-01 4.866173473940793581e-01 7.794109103739156330e-01 4.499477759603265348e-01 6.047654908078492486e-01 8.839980775251866651e-01 7.159545704365444241e-02 6.403310210448950324e-01 4.237542840671052469e-01 1.996938410959365751e-01 3.616718889871105569e-01 4.951524787340134681e-01 0.000000000000000000e+00
