0.000000000000000000e+00 4.748830014169126423e-01 6.462518569920658873e-01 7.366579039972629417e-01 6.921507030186020426e-01 4.358837624288698365e-01 4.031323371836736391e-01 4.612228200532011435e-01 7.150939072702322541e-01 5.576251269637790831e-01 6.978639080397519567e-02 1.757554274182704379e-01 4.963558428575683412e-01 6.320819011907462537e-01 4.540341912764291332e-01 6.536066286295761918e-01 2.655169498818754636e-01 5.478497676390690074e-01 8.531199686472625832e-01 5.775484567183184481e-01 6.984984047918085803e-01 8.953362349573368295e-01 1.485804199503159007e-01 3.861940306457067318e-01 4.179453354075338134e-01 7.150283287687903000e-01 4.709958014363606615e-01 3.557705851942950526e-01 3.796917822651887375e-01 4.459420151663560650e-01 5.885801167349395957e-01 7.007039944360389239e-01 6.580973626975339386e-01 1.994147973860141976e-01 4.523276046152107654e-01
4.748830014169126423e-01 0.000000000000000000e+00 6.717914781986288331e-01 4.366839545493129138e-01 9.271023927768745621e-01 4.991379171371554402e-01 7.678316599607237780e-01 5.312689307456699428e-01 1.431692434350667065e-01 4.468510606569909838e-01 6.591762425638170164e-02 6.087795758235068355e-01 6.396215404091336598e-01 7.239496850506285108e-01 5.530431578089219924e-01 5.950148369536767401e-01 3.623327693553638484e-01 6.176039048091637174e-01 5.188760203175478702e-01 6.704773287043299668e-01 5.481883888241552150e-01 2.199409431447153507e-01 3.350840954975480290e-01 4.743227686482682781e-01 3.426529844084820198e-01 5.922256400990946190e-01 3.988573863459864421e-01 3.828747363559539263e-01 1.607572422579494065e-01 3.021760101166636181e-01 8.912739977948498371e-01 6.933932838602905324e-01 2.771921080463357057e-01 4.741256809863066968e-01 4.755575501841247110e-02
6.462518569920658873e-01 6.717914781986288331e-01 0.000000000000000000e+00 1.249460276317133633e-01 6.531850428074303938e-01 8.951775333615101804e-01 6.894530469956461349e-02 7.163465255880467897e-01 4.396409613044795495e-01 7.608232585580307905e-01 9.434484520465158397e-01 3.785729293997806000e-01 1.031539125115317201e-01 6.053368793389899416e-01 4.538689924253551666e-01 6.855887104360585127e-01 9.154863360530396399e-03 3.733533230053228125e-01 2.025535666731699269e-01 5.086548130637655873e-01 7.056761938016179458e-01 4.122011312043879494e-01 7.116585114614981666e-02 6.053283909279358888e-01 6.432230997411600981e-01 2.373059856896883590e-01 1.819091389058090646e-01 4.717123400370463737e-01 5.093431555581391379e-01 6.358223521253831834e-01 3.046428629983721770e-02 6.725069322413061990e-01 1.497109054711131537e-01 5.280460671047719767e-01 4.292579168104508902e-01
7.366579039972629417e-01 4.366839545493129138e-01 1.249460276317133633e-01 0.000000000000000000e+00 4.848650833654274406e-01 5.031690017470250575e-01 6.598325758275618291e-01 8.152799175863765235e-01 2.759430621387914395e-01 1.717522674653148007e-01 4.472855827339706769e-01 4.747763776359427146e-01 4.226031586194948786e-01 4.636224450560955113e-01 7.327882835098959990e-01 5.567663333534593750e-01 1.591615183645577192e-01 5.860680395390260866e-02 7.447530837201314924e-01 4.963396171637475263e-01 4.942975467934547229e-01 5.211876045656929080e-01 4.261979280247577551e-01 5.804430886889183627e-01 4.989912004615525420e-01 7.558967033732800767e-01 5.029577906228832607e-01 4.148835934423777960e-01 3.888420568352781714e-01 1.252872641428082190e-01 8.406931864572646518e-01 3.798110428020738949e-01 3.340305348556146248e-01 6.906099746761350522e-01 2.062262996671438975e-01
6.921507030186020426e-01 9.271023927768745621e-01 6.531850428074303938e-01 4.848650833654274406e-01 0.000000000000000000e+00 8.622400380615338200e-01 3.945000387153290711e-01 4.451993150372989816e-01 7.154539160507511486e-01 5.050065124560928487e-01 7.636158619014565829e-01 3.757529594319420907e-01 5.405584012582492770e-01 4.210760135796776105e-01 2.318750049456592688e-01 2.448456727664130306e-01 4.137684535433805433e-02 7.285655870684777380e-01 7.077039062297403316e-01 3.561730425393979660e-01 7.907152028490553874e-01 7.209664183877839694e-01 6.728721978305939322e-01 6.535686477870460420e-01 6.400266605694735489e-01 7.076851996146275026e-01 2.577031278855267393e-01 4.837325893352300010e-01 6.550667550456633625e-01 8.300960345034280596e-01 5.483472188483101695e-01 2.297082927205825464e-01 3.329090318264807946e-01 2.188325127577922524e-01 1.886491346594578733e-01
4.358837624288698365e-01 4.991379171371554402e-01 8.951775333615101804e-01 5.031690017470250575e-01 8.622400380615338200e-01 0.000000000000000000e+00 2.888445850687643146e-01 5.039163783338820313e-01 8.344538219966661785e-01 7.645621532107038654e-01 2.501935854783302049e-01 5.790061076564856357e-01 2.536226585009616619e-01 4.981586397983513992e-01 4.092003163793513920e-01 3.049640791008638718e-01 5.167421620941107241e-01 3.495927038865552783e-01 8.047736518772470315e-01 3.320533457926709842e-01 4.772637131860010262e-01 9.364641494683156875e-01 2.998545959605236622e-01 3.177835207909347481e-01 7.031111134229888204e-01 5.980773689824717687e-01 7.689536003867716296e-01 4.583971348377384181e-01 3.788621417485883436e-01 5.693868033146524121e-01 8.603583772660032825e-01 3.607228820910107214e-01 1.709241735802058404e-02 5.966220902973362605e-01 6.224406863437458304e-01
4.031323371836736391e-01 7.678316599607237780e-01 6.894530469956461349e-02 6.598325758275618291e-01 3.945000387153290711e-01 2.888445850687643146e-01 0.000000000000000000e+00 3.545809223429868817e-01 8.158355030209110126e-01 1.168290444851219911e-01 6.431797893089685747e-01 7.135090381513404800e-01 7.311866740052513913e-01 6.606903919455004992e-01 7.530465101777110704e-01 1.713912441955262045e-01 3.949995511583663799e-01 4.817154158949885079e-01 9.247095268183136429e-01 5.567164820630887689e-01 2.627427585510599961e-01 2.179065554209379529e-01 4.943134593412799593e-01 4.475139266073163147e-01 6.240658073291455166e-01 7.928879057964958177e-01 8.677711744062068799e-01 8.747854360395973528e-02 8.532001816093777169e-01 8.008781912024698357e-01 3.819994388677259156e-01 7.877884973976334582e-01 4.553306397019588614e-01 7.057854701784389562e-01 4.251471651447790712e-01
4.612228200532011435e-01 5.312689307456699428e-01 7.163465255880467897e-01 8.152799175863765235e-01 4.451993150372989816e-01 5.039163783338820313e-01 3.545809223429868817e-01 0.000000000000000000e+00 3.047827930589264156e-01 4.741809886707880617e-01 2.601514656563632677e-01 1.765714838405912368e-01 4.574991847006025791e-01 3.798359577855006664e-01 5.535088786742046185e-01 2.537295315203333956e-01 7.061257673596311735e-01 5.914483813766697740e-01 9.313896915729253934e-01 2.580057086745363160e-01 5.052954099140263278e-01 7.598055227673470302e-01 7.198111262969755231e-01 5.294316353695891486e-01 8.470291965399064926e-01 4.153991871269603342e-01 4.224187635935922058e-01 7.916431702210772192e-01 7.409391230982291798e-01 5.945918084714818530e-01 4.405565162561884685e-01 5.970508227682014279e-01 7.124745889545296418e-01 4.209780016205496578e-01 6.132774126944740001e-01
7.150939072702322541e-01 1.431692434350667065e-01 4.396409613044795495e-01 2.759430621387914395e-01 7.154539160507511486e-01 8.344538219966661785e-01 8.158355030209110126e-01 3.047827930589264156e-01 0.000000000000000000e+00 3.238341122797769867e-01 1.051603932935694097e-01 4.105958794547238666e-01 4.819349166513287597e-01 8.481368340255690530e-01 5.310459205490494217e-01 6.688772484453455736e-01 8.946057987435287462e-01 6.901319698525123503e-01 2.724051347430518355e-01 3.533022152316180331e-01 9.077076324131485574e-01 3.683479430669234223e-01 6.391419003953173750e-01 3.988562819453687625e-01 8.809504862389538893e-01 2.029413810033263710e-01 4.666612646701742695e-01 8.704365486137730645e-01 2.661684860988120516e-01 2.146120386202545749e-01 7.395047968894703505e-01 9.477135298820684728e-01 5.661795451498112808e-01 3.844387767830086400e-01 5.959503113381928729e-01
5.576251269637790831e-01 4.468510606569909838e-01 7.608232585580307905e-01 1.717522674653148007e-01 5.050065124560928487e-01 7.645621532107038654e-01 1.168290444851219911e-01 4.741809886707880617e-01 3.238341122797769867e-01 0.000000000000000000e+00 7.826012509500579473e-01 3.436435841884962761e-01 4.579507689957718619e-01 8.849277425728399038e-01 5.660559892106131752e-01 1.501304836229868100e-01 1.281395914041415507e-01 6.277263712249070426e-02 3.175363854893474835e-01 4.982973077785391447e-01 7.796820181892369916e-01 5.152311139442475874e-01 7.965523446577088551e-01 5.795657758824845907e-01 7.952940011026973233e-01 7.499840057766617996e-01 7.602488993822421603e-01 5.213735589551687921e-01 2.003767438109469445e-01 7.345349845398319033e-01 9.264259004428375688e-01 7.443001122847332507e-01 3.728096418520616684e-01 8.839991900183742368e-01 7.466528598975541442e-01
6.978639080397519567e-02 6.591762425638170164e-02 9.434484520465158397e-01 4.472855827339706769e-01 7.636158619014565829e-01 2.501935854783302049e-01 6.431797893089685747e-01 2.601514656563632677e-01 1.051603932935694097e-01 7.826012509500579473e-01 0.000000000000000000e+00 8.485932186233819952e-01 4.718969850560196244e-01 6.943351465148226431e-01 1.664413608627914321e-01 8.086427425736782970e-01 3.762271435515733842e-01 2.599484605391030323e-01 4.688676692717356764e-01 6.047739262495334112e-01 6.822638530522464606e-01 5.648613571408067635e-01 5.663710974551666721e-01 7.419094182725696207e-01 9.138758234861898977e-02 3.537501289127897852e-01 4.861484019208699436e-01 4.001387748419806822e-01 3.495114593448120921e-01 3.595078428226430312e-01 4.516905400229562773e-01 5.686642261239202023e-01 6.212096202494902242e-01 7.223792144859741970e-01 5.656125354450841636e-01
1.757554274182704379e-01 6.087795758235068355e-01 3.785729293997806000e-01 4.747763776359427146e-01 3.757529594319420907e-01 5.790061076564856357e-01 7.135090381513404800e-01 1.765714838405912368e-01 4.105958794547238666e-01 3.436435841884962761e-01 8.485932186233819952e-01 0.000000000000000000e+00 6.055927256433187855e-01 6.095168477599479662e-01 5.399262270307466638e-01 8.596235450424563052e-01 6.754167561087320859e-01 9.343069560263386197e-01 8.580460401353866562e-01 5.665258055798766401e-01 7.029846530387420245e-01 4.639637521278737742e-01 7.502867360195921709e-01 2.804805193795560925e-01 2.595983366600539410e-01 5.431301659209373245e-01 6.266757926582307014e-01 9.289685883994662774e-01 6.650519427212280288e-01 5.906202490780604331e-01 9.700746485499531779e-01 1.734242423842674574e-01 4.404712339398859089e-01 3.175174646275221169e-01 6.213330550478052272e-01
4.963558428575683412e-01 6.396215404091336598e-01 1.031539125115317201e-01 4.226031586194948786e-01 5.405584012582492770e-01 2.536226585009616619e-01 7.311866740052513913e-01 4.574991847006025791e-01 4.819349166513287597e-01 4.579507689957718619e-01 4.718969850560196244e-01 6.055927256433187855e-01 0.000000000000000000e+00 5.524470388479549854e-01 2.670560220096946935e-01 3.226861472353449445e-01 4.772174678475801790e-01 7.951453650234439063e-01 1.470903894196333161e-01 6.392954092521662135e-01 9.180964197694715390e-01 3.914097954014948977e-01 3.378992780831078235e-01 6.360140782394492209e-01 4.698734292214634123e-01 5.396407482103169340e-01 2.836314854480144754e-01 8.316256810872100225e-01 5.448011968963570872e-01 2.685747906815205699e-01 2.056474039776835516e-01 4.003289140318277983e-01 6.148320582528931100e-01 5.916277003205138163e-01 8.969727303858187062e-01
6.320819011907462537e-01 7.239496850506285108e-01 6.053368793389899416e-01 4.636224450560955113e-01 4.210760135796776105e-01 4.981586397983513992e-01 6.606903919455004992e-01 3.798359577855006664e-01 8.481368340255690530e-01 8.849277425728399038e-01 6.943351465148226431e-01 6.095168477599479662e-01 5.524470388479549854e-01 0.000000000000000000e+00 8.002567954603068134e-01 2.267201872654598382e-01 4.802942016643111378e-01 7.490526096890474106e-01 9.127340503778945680e-01 3.428111368199681097e-01 4.732562880969053420e-01 6.728623938228441848e-01 4.727557619667718813e-01 4.215354192164324498e-01 1.031147858806203965e-01 3.082232063580309656e-01 6.114779548447963897e-01 5.785965753175088544e-01 3.718023942040243335e-01 2.147239368914924396e-01 2.762870891907712734e-01 5.519782542231099765e-01 2.309351639730451433e-01 5.560581107062595452e-01 4.618716789475328932e-01
4.540341912764291332e-01 5.530431578089219924e-01 4.538689924253551666e-01 7.327882835098959990e-01 2.318750049456592688e-01 4.092003163793513920e-01 7.530465101777110704e-01 5.535088786742046185e-01 5.310459205490494217e-01 5.660559892106131752e-01 1.664413608627914321e-01 5.399262270307466638e-01 2.670560220096946935e-01 8.002567954603068134e-01 0.000000000000000000e+00 6.979240549096421553e-01 4.007280530852483369e-01 6.085846963793346553e-01 5.404689317722426445e-01 7.037160112138493018e-01 2.252943030219938247e-01 2.857171014920323326e-01 9.004801714146712932e-01 2.562210645978002521e-02 8.215876255119576310e-01 4.482973724200944310e-01 6.530748187621526757e-01 5.581945879136158695e-01 5.362044738120707033e-01 8.119848589920628523e-01 3.784178755424418839e-01 3.844862069927641457e-01 6.546013238891705832e-01 7.453752533946067516e-01 8.772481749134979356e-01
6.536066286295761918e-01 5.950148369536767401e-01 6.855887104360585127e-01 5.567663333534593750e-01 2.448456727664130306e-01 3.049640791008638718e-01 1.713912441955262045e-01 2.537295315203333956e-01 6.688772484453455736e-01 1.501304836229868100e-01 8.086427425736782970e-01 8.596235450424563052e-01 3.226861472353449445e-01 2.267201872654598382e-01 6.979240549096421553e-01 0.000000000000000000e+00 7.918203213349177538e-01 4.228724606278849718e-01 6.009620599421718889e-01 6.738688203282092726e-01 4.923921568649437530e-01 1.595110302054849605e-01 3.756918608015978323e-01 3.574333510606780839e-01 6.112320121262007078e-01 8.229987962447411487e-01 3.863322801686773778e-01 2.001569152861793488e-01 5.334746594144532672e-01 7.202296353948056673e-01 7.770317350520263844e-01 1.591442900691123485e-01 4.476263868653880262e-01 6.099341683997632213e-01 3.433203491667355389e-01
2.655169498818754636e-01 3.623327693553638484e-01 9.154863360530396399e-03 1.591615183645577192e-01 4.137684535433805433e-02 5.167421620941107241e-01 3.949995511583663799e-01 7.061257673596311735e-01 8.946057987435287462e-01 1.281395914041415507e-01 3.762271435515733842e-01 6.754167561087320859e-01 4.772174678475801790e-01 4.802942016643111378e-01 4.007280530852483369e-01 7.918203213349177538e-01 0.000000000000000000e+00 4.851394838413102262e-01 7.781403541908378241e-01 3.352564554093416249e-01 1.911542972522175532e-01 5.481787081038802523e-01 8.566491018944979441e-01 2.754874094597958845e-01 8.854033290257572464e-01 7.070070647281807563e-01 5.300927428214941006e-01 5.045156391641839599e-01 6.365397749640194780e-01 3.057387334364585763e-01 4.467868581155015617e-01 8.561735428577708085e-01 9.152537799791802264e-01 7.394360099151535692e-01 5.750911390355027963e-01
5.478497676390690074e-01 6.176039048091637174e-01 3.733533230053228125e-01 5.860680395390260866e-02 7.285655870684777380e-01 3.495927038865552783e-01 4.817154158949885079e-01 5.914483813766697740e-01 6.901319698525123503e-01 6.277263712249070426e-02 2.599484605391030323e-01 9.343069560263386197e-01 7.951453650234439063e-01 7.490526096890474106e-01 6.085846963793346553e-01 4.228724606278849718e-01 4.851394838413102262e-01 0.000000000000000000e+00 5.098141840218400889e-01 3.011380090215229344e-01 4.850478711402963494e-01 5.574741538273347841e-01 6.007663943520311634e-01 4.622631354664323844e-01 8.039008886577256874e-01 7.656374871813242944e-01 4.153022659972334107e-01 7.249571398909346875e-01 6.285505594839704280e-01 7.518698191882031701e-01 5.571509624489414669e-01 5.445597170857221503e-01 5.358351027585819271e-01 4.332628582686177676e-01 5.681616061278014218e-01
8.531199686472625832e-01 5.188760203175478702e-01 2.025535666731699269e-01 7.447530837201314924e-01 7.077039062297403316e-01 8.047736518772470315e-01 9.247095268183136429e-01 9.313896915729253934e-01 2.724051347430518355e-01 3.175363854893474835e-01 4.688676692717356764e-01 8.580460401353866562e-01 1.470903894196333161e-01 9.127340503778945680e-01 5.404689317722426445e-01 6.009620599421718889e-01 7.781403541908378241e-01 5.098141840218400889e-01 0.000000000000000000e+00 5.658208106008300042e-01 4.073160863275957499e-01 1.142851039998461493e-01 5.033653873814883939e-01 5.095812461698990825e-01 4.750082648672066532e-01 7.668644876418185818e-01 7.186164352780310960e-01 5.099117069618631648e-01 5.423215736085308381e-01 7.374664176458414211e-01 5.379556810830645741e-01 4.315856756247483661e-01 7.754639320035597860e-01 6.029056416722005096e-01 2.743841371441129717e-01
5.775484567183184481e-01 6.704773287043299668e-01 5.086548130637655873e-01 4.963396171637475263e-01 3.561730425393979660e-01 3.320533457926709842e-01 5.567164820630887689e-01 2.580057086745363160e-01 3.533022152316180331e-01 4.982973077785391447e-01 6.047739262495334112e-01 5.665258055798766401e-01 6.392954092521662135e-01 3.428111368199681097e-01 7.037160112138493018e-01 6.738688203282092726e-01 3.352564554093416249e-01 3.011380090215229344e-01 5.658208106008300042e-01 0.000000000000000000e+00 7.348220566036907098e-01 5.286894473604362155e-01 2.588063644494442705e-01 2.609109355722436518e-01 6.901984438899357865e-01 5.484966120803441703e-01 5.384688863026785288e-01 3.370944065489169250e-01 8.253745694067186056e-01 3.772067451039225472e-01 4.900368773576908588e-01 3.779124686078134676e-01 6.672661244587763107e-01 4.988674915765810014e-01 3.715886642371911686e-01
6.984984047918085803e-01 5.481883888241552150e-01 7.056761938016179458e-01 4.942975467934547229e-01 7.907152028490553874e-01 4.772637131860010262e-01 2.627427585510599961e-01 5.052954099140263278e-01 9.077076324131485574e-01 7.796820181892369916e-01 6.822638530522464606e-01 7.029846530387420245e-01 9.180964197694715390e-01 4.732562880969053420e-01 2.252943030219938247e-01 4.923921568649437530e-01 1.911542972522175532e-01 4.850478711402963494e-01 4.073160863275957499e-01 7.348220566036907098e-01 0.000000000000000000e+00 4.041566084414419113e-01 8.380087288865951667e-01 5.838125260294054764e-01 6.820210773495264389e-01 4.241235618794063078e-01 5.943900065510512309e-01 3.606129879554381135e-01 3.635386648937098397e-01 6.111630468277720052e-01 2.152498071618957898e-01 2.832464341582056067e-01 9.185901039354638087e-01 2.799256413583391390e-01 5.961929810248118855e-01
8.953362349573368295e-01 2.199409431447153507e-01 4.122011312043879494e-01 5.211876045656929080e-01 7.209664183877839694e-01 9.364641494683156875e-01 2.179065554209379529e-01 7.598055227673470302e-01 3.683479430669234223e-01 5.152311139442475874e-01 5.648613571408067635e-01 4.639637521278737742e-01 3.914097954014948977e-01 6.728623938228441848e-01 2.857171014920323326e-01 1.595110302054849605e-01 5.481787081038802523e-01 5.574741538273347841e-01 1.142851039998461493e-01 5.286894473604362155e-01 4.041566084414419113e-01 0.000000000000000000e+00 2.310218763044493417e-01 5.134317631717031372e-01 3.730111145798364336e-01 5.753701808271642903e-01 4.009047314480907453e-01 6.010872888892615507e-02 5.925168414592256738e-01 4.525644471801119617e-01 5.635172737947131694e-01 3.274711152274132342e-01 9.309218985468423746e-01 4.893237970713201768e-01 4.790598329993585036e-01
1.485804199503159007e-01 3.350840954975480290e-01 7.116585114614981666e-02 4.261979280247577551e-01 6.728721978305939322e-01 2.998545959605236622e-01 4.943134593412799593e-01 7.198111262969755231e-01 6.391419003953173750e-01 7.965523446577088551e-01 5.663710974551666721e-01 7.502867360195921709e-01 3.378992780831078235e-01 4.727557619667718813e-01 9.004801714146712932e-01 3.756918608015978323e-01 8.566491018944979441e-01 6.007663943520311634e-01 5.033653873814883939e-01 2.588063644494442705e-01 8.380087288865951667e-01 2.310218763044493417e-01 0.000000000000000000e+00 5.589446956434522829e-01 6.878321697493230413e-01 3.375081452130000992e-01 4.145329862040411095e-01 8.204491362154910927e-01 7.405446550585212950e-01 5.360546066760927264e-01 4.479898552160557212e-01 4.055162347538160406e-01 7.143116470766561754e-01 3.365378073650287516e-01 7.081307473538398511e-01
3.861940306457067318e-01 4.743227686482682781e-01 6.053283909279358888e-01 5.804430886889183627e-01 6.535686477870460420e-01 3.177835207909347481e-01 4.475139266073163147e-01 5.294316353695891486e-01 3.988562819453687625e-01 5.795657758824845907e-01 7.419094182725696207e-01 2.804805193795560925e-01 6.360140782394492209e-01 4.215354192164324498e-01 2.562210645978002521e-02 3.574333510606780839e-01 2.754874094597958845e-01 4.622631354664323844e-01 5.095812461698990825e-01 2.609109355722436518e-01 5.838125260294054764e-01 5.134317631717031372e-01 5.589446956434522829e-01 0.000000000000000000e+00 4.377201145124118287e-01 5.431587111916318378e-01 4.605289794657109748e-01 5.584518164111795802e-01 5.816100554377459098e-01 6.143083807123335127e-01 3.791405059508003994e-01 7.422594904599544297e-01 1.333869598217022334e-01 4.074939707785828480e-01 7.743250121080542669e-01
4.179453354075338134e-01 3.426529844084820198e-01 6.432230997411600981e-01 4.989912004615525420e-01 6.400266605694735489e-01 7.031111134229888204e-01 6.240658073291455166e-01 8.470291965399064926e-01 8.809504862389538893e-01 7.952940011026973233e-01 9.138758234861898977e-02 2.595983366600539410e-01 4.698734292214634123e-01 1.031147858806203965e-01 8.215876255119576310e-01 6.112320121262007078e-01 8.854033290257572464e-01 8.039008886577256874e-01 4.750082648672066532e-01 6.901984438899357865e-01 6.820210773495264389e-01 3.730111145798364336e-01 6.878321697493230413e-01 4.377201145124118287e-01 0.000000000000000000e+00 5.275851102212112398e-01 5.858876856659455123e-01 8.452153064542232697e-01 6.559671282009170712e-01 2.922027500004659162e-01 7.702752543959867637e-01 4.184124022984395119e-01 4.167241138295305625e-01 9.129414826786497184e-02 7.772735104703697440e-01
7.150283287687903000e-01 5.922256400990946190e-01 2.373059856896883590e-01 7.558967033732800767e-01 7.076851996146275026e-01 5.980773689824717687e-01 7.928879057964958177e-01 4.153991871269603342e-01 2.029413810033263710e-01 7.499840057766617996e-01 3.537501289127897852e-01 5.431301659209373245e-01 5.396407482103169340e-01 3.082232063580309656e-01 4.482973724200944310e-01 8.229987962447411487e-01 7.070070647281807563e-01 7.656374871813242944e-01 7.668644876418185818e-01 5.484966120803441703e-01 4.241235618794063078e-01 5.753701808271642903e-01 3.375081452130000992e-01 5.431587111916318378e-01 5.275851102212112398e-01 0.000000000000000000e+00 4.703991507489985735e-01 2.343308511801845961e-01 2.673406660522853473e-01 7.795297942676039371e-01 4.477963655533545584e-01 5.259134495423996025e-01 7.455465162374609323e-01 3.393479284895924986e-01 5.936821864938188753e-01
4.709958014363606615e-01 3.988573863459864421e-01 1.819091389058090646e-01 5.029577906228832607e-01 2.577031278855267393e-01 7.689536003867716296e-01 8.677711744062068799e-01 4.224187635935922058e-01 4.666612646701742695e-01 7.602488993822421603e-01 4.861484019208699436e-01 6.266757926582307014e-01 2.836314854480144754e-01 6.114779548447963897e-01 6.530748187621526757e-01 3.863322801686773778e-01 5.300927428214941006e-01 4.153022659972334107e-01 7.186164352780310960e-01 5.384688863026785288e-01 5.943900065510512309e-01 4.009047314480907453e-01 4.145329862040411095e-01 4.605289794657109748e-01 5.858876856659455123e-01 4.703991507489985735e-01 0.000000000000000000e+00 3.072511554748408313e-01 5.147469213264131982e-01 2.647828135247866643e-01 4.096233200026513366e-01 3.458543830839215238e-01 5.336916977972953058e-01 3.814612479702885195e-01 5.925857044645526095e-01
3.557705851942950526e-01 3.828747363559539263e-01 4.717123400370463737e-01 4.148835934423777960e-01 4.837325893352300010e-01 4.583971348377384181e-01 8.747854360395973528e-02 7.916431702210772192e-01 8.704365486137730645e-01 5.213735589551687921e-01 4.001387748419806822e-01 9.289685883994662774e-01 8.316256810872100225e-01 5.785965753175088544e-01 5.581945879136158695e-01 2.001569152861793488e-01 5.045156391641839599e-01 7.249571398909346875e-01 5.099117069618631648e-01 3.370944065489169250e-01 3.606129879554381135e-01 6.010872888892615507e-02 8.204491362154910927e-01 5.584518164111795802e-01 8.452153064542232697e-01 2.343308511801845961e-01 3.072511554748408313e-01 0.000000000000000000e+00 4.749699403519559993e-01 7.763399662834786774e-01 1.594611131809760551e-01 3.949594640831288195e-01 5.938480761091384785e-01 8.112980110372496334e-01 8.679326400874135539e-01
3.796917822651887375e-01 1.607572422579494065e-01 5.093431555581391379e-01 3.888420568352781714e-01 6.550667550456633625e-01 3.788621417485883436e-01 8.532001816093777169e-01 7.409391230982291798e-01 2.661684860988120516e-01 2.003767438109469445e-01 3.495114593448120921e-01 6.650519427212280288e-01 5.448011968963570872e-01 3.718023942040243335e-01 5.362044738120707033e-01 5.334746594144532672e-01 6.365397749640194780e-01 6.285505594839704280e-01 5.423215736085308381e-01 8.253745694067186056e-01 3.635386648937098397e-01 5.925168414592256738e-01 7.405446550585212950e-01 5.816100554377459098e-01 6.559671282009170712e-01 2.673406660522853473e-01 5.147469213264131982e-01 4.749699403519559993e-01 0.000000000000000000e+00 1.354784554898564863e-01 2.817114510881157385e-01 3.106737706428002177e-01 3.907369023990826529e-01 6.171324219952407653e-01 3.502011457513802828e-01
4.459420151663560650e-01 3.021760101166636181e-01 6.358223521253831834e-01 1.252872641428082190e-01 8.300960345034280596e-01 5.693868033146524121e-01 8.008781912024698357e-01 5.945918084714818530e-01 2.146120386202545749e-01 7.345349845398319033e-01 3.595078428226430312e-01 5.906202490780604331e-01 2.685747906815205699e-01 2.147239368914924396e-01 8.119848589920628523e-01 7.202296353948056673e-01 3.057387334364585763e-01 7.518698191882031701e-01 7.374664176458414211e-01 3.772067451039225472e-01 6.111630468277720052e-01 4.525644471801119617e-01 5.360546066760927264e-01 6.143083807123335127e-01 2.922027500004659162e-01 7.795297942676039371e-01 2.647828135247866643e-01 7.763399662834786774e-01 1.354784554898564863e-01 0.000000000000000000e+00 9.504233779069297672e-01 2.011055538235060891e-01 4.365510653817442632e-01 6.413740279671610311e-01 8.159087923075860616e-01
5.885801167349395957e-01 8.912739977948498371e-01 3.046428629983721770e-02 8.406931864572646518e-01 5.483472188483101695e-01 8.603583772660032825e-01 3.819994388677259156e-01 4.405565162561884685e-01 7.395047968894703505e-01 9.264259004428375688e-01 4.516905400229562773e-01 9.700746485499531779e-01 2.056474039776835516e-01 2.762870891907712734e-01 3.784178755424418839e-01 7.770317350520263844e-01 4.467868581155015617e-01 5.571509624489414669e-01 5.379556810830645741e-01 4.900368773576908588e-01 2.152498071618957898e-01 5.635172737947131694e-01 4.479898552160557212e-01 3.791405059508003994e-01 7.702752543959867637e-01 4.477963655533545584e-01 4.096233200026513366e-01 1.594611131809760551e-01 2.817114510881157385e-01 9.504233779069297672e-01 0.000000000000000000e+00 4.442898047024676500e-01 3.919026834244962454e-01 8.818156057177075624e-01 6.404104411445629141e-01
7.007039944360389239e-01 6.933932838602905324e-01 6.725069322413061990e-01 3.798110428020738949e-01 2.297082927205825464e-01 3.607228820910107214e-01 7.877884973976334582e-01 5.970508227682014279e-01 9.477135298820684728e-01 7.443001122847332507e-01 5.686642261239202023e-01 1.734242423842674574e-01 4.003289140318277983e-01 5.519782542231099765e-01 3.844862069927641457e-01 1.591442900691123485e-01 8.561735428577708085e-01 5.445597170857221503e-01 4.315856756247483661e-01 3.779124686078134676e-01 2.832464341582056067e-01 3.274711152274132342e-01 4.055162347538160406e-01 7.422594904599544297e-01 4.184124022984395119e-01 5.259134495423996025e-01 3.458543830839215238e-01 3.949594640831288195e-01 3.106737706428002177e-01 2.011055538235060891e-01 4.442898047024676500e-01 0.000000000000000000e+00 2.418156881071907849e-01 5.139806218613142130e-01 3.964155354910139373e-01
6.580973626975339386e-01 2.771921080463357057e-01 1.497109054711131537e-01 3.340305348556146248e-01 3.329090318264807946e-01 1.709241735802058404e-02 4.553306397019588614e-01 7.124745889545296418e-01 5.661795451498112808e-01 3.728096418520616684e-01 6.212096202494902242e-01 4.404712339398859089e-01 6.148320582528931100e-01 2.309351639730451433e-01 6.546013238891705832e-01 4.476263868653880262e-01 9.152537799791802264e-01 5.358351027585819271e-01 7.754639320035597860e-01 6.672661244587763107e-01 9.185901039354638087e-01 9.309218985468423746e-01 7.143116470766561754e-01 1.333869598217022334e-01 4.167241138295305625e-01 7.455465162374609323e-01 5.336916977972953058e-01 5.938480761091384785e-01 3.907369023990826529e-01 4.365510653817442632e-01 3.919026834244962454e-01 2.418156881071907849e-01 0.000000000000000000e+00 3.006440886126532930e-01 1.351374334148341960e-01
1.994147973860141976e-01 4.741256809863066968e-01 5.280460671047719767e-01 6.906099746761350522e-01 2.188325127577922524e-01 5.966220902973362605e-01 7.057854701784389562e-01 4.209780016205496578e-01 3.844387767830086400e-01 8.839991900183742368e-01 7.223792144859741970e-01 3.175174646275221169e-01 5.916277003205138163e-01 5.560581107062595452e-01 7.453752533946067516e-01 6.099341683997632213e-01 7.394360099151535692e-01 4.332628582686177676e-01 6.029056416722005096e-01 4.988674915765810014e-01 2.799256413583391390e-01 4.893237970713201768e-01 3.365378073650287516e-01 4.074939707785828480e-01 9.129414826786497184e-02 3.393479284895924986e-01 3.814612479702885195e-01 8.112980110372496334e-01 6.171324219952407653e-01 6.413740279671610311e-01 8.818156057177075624e-01 5.139806218613142130e-01 3.006440886126532930e-01 0.000000000000000000e+00 8.851388390673429196e-01
4.523276046152107654e-01 4.755575501841247110e-02 4.292579168104508902e-01 2.062262996671438975e-01 1.886491346594578733e-01 6.224406863437458304e-01 4.251471651447790712e-01 6.132774126944740001e-01 5.959503113381928729e-01 7.466528598975541442e-01 5.656125354450841636e-01 6.213330550478052272e-01 8.969727303858187062e-01 4.618716789475328932e-01 8.772481749134979356e-01 3.433203491667355389e-01 5.750911390355027963e-01 5.681616061278014218e-01 2.743841371441129717e-01 3.715886642371911686e-01 5.961929810248118855e-01 4.790598329993585036e-01 7.081307473538398511e-01 7.743250121080542669e-01 7.772735104703697440e-01 5.936821864938188753e-01 5.925857044645526095e-01 8.679326400874135539e-01 3.502011457513802828e-01 8.159087923075860616e-01 6.404104411445629141e-01 3.964155354910139373e-01 1.351374334148341960e-01 8.851388390673429196e-01 0.000000000000000000e+00
