0.000000000000000000e+00 6.163362367944927867e-01 5.786916524931604577e-01 4.839041528647625712e-01 7.803424513748569158e-01 9.060988032934886860e-01 7.497035691517703881e-01 4.296677144881139165e-01 4.688733057545614313e-01 2.825064084298201661e-01 4.846209316101303122e-01 1.973715598028867868e-01 5.031286717817853305e-01 7.887659662320252174e-01 5.968417918350181761e-01 4.945135859129542455e-01 7.386551744967696509e-01 9.608264573267433217e-01 3.470715672073154123e-01 6.212020968768242613e-01 1.643207182670072264e-01 4.581242312713522669e-01 8.663942381620604039e-01 7.147063522504883970e-01 8.249386604021156089e-01 1.612089783104847518e-01 4.542205878562279864e-01 5.709634034011663584e-01 3.198279614610545218e-01 2.685315263942256170e-01 1.059940462475322809e-01 2.280811391151764678e-01 4.351448926613066259e-01 2.895507047131135048e-01 4.251510280278119058e-01
6.163362367944927867e-01 0.000000000000000000e+00 8.178974667532592502e-01 4.227950902185569348e-01 1.507975340033773648e-01 8.616922739717902680e-01 5.749141635032396502e-01 9.419123888188039029e-01 3.128569700056984537e-01 3.843394503761605741e-01 5.202697999316285848e-02 8.198111726598951154e-01 9.220470827687665683e-02 7.033423602884201209e-01 1.625051794623960655e-01 1.781695404623817591e-01 4.384763753990694735e-01 4.383213638331282525e-01 4.734953146633010812e-01 3.327353721772076112e-01 4.163230118533968183e-01 5.571726529943021866e-01 5.457595923713329800e-01 2.631743782408473287e-01 2.909148995768540691e-01 6.498555503993854732e-01 4.325964405732428131e-01 6.195053263192389359e-01 4.997490476169767493e-01 7.630139019906445608e-01 7.227486728255816395e-01 1.546612989247474479e-01 3.819449069174674638e-01 8.511549371879054693e-01 3.928445449621594809e-01
5.786916524931604577e-01 8.178974667532592502e-01 0.000000000000000000e+00 8.835467819790008281e-01 4.805329968243343686e-02 5.208391875663650472e-01 4.760025596846593210e-01 4.256351171853915982e-01 6.978073244851655810e-01 9.072094360223939002e-01 2.925104691728888651e-01 6.491289487169425998e-01 4.672613977448882849e-01 1.865089020672257014e-01 4.476327967388986084e-01 4.530345317425806817e-01 3.063149429273252511e-01 8.417264996457752835e-01 4.838468541743667917e-01 3.782902229925431681e-01 8.742388301774930426e-01 8.189731241069052592e-01 4.996911309250563482e-01 3.804091278577842461e-01 3.116228011542662713e-01 3.635397723783490576e-01 8.872849825036563942e-01 5.351808382651704887e-01 4.599674081338611664e-02 9.948243894489083861e-02 2.462754190794935738e-01 7.181715893692702801e-01 3.541218338594782078e-01 8.434838439312190017e-01 3.482400116632157205e-01
4.839041528647625712e-01 4.227950902185569348e-01 8.835467819790008281e-01 0.000000000000000000e+00 5.924789889737298587e-01 8.364044351635591124e-01 7.378925265393643240e-02 6.622219421699785391e-01 4.929784499943504206e-01 4.800048389509142810e-01 7.405014450900415657e-01 8.561994830915622412e-01 6.191472852182247077e-01 2.997505753688028407e-01 5.271735499915370937e-01 3.918096527453230338e-01 1.417760675073477250e-01 1.831355516651236304e-01 4.617926688298032989e-01 4.753489501713620280e-01 3.384536036287852934e-01 7.270254262136952583e-01 7.034854154434144746e-01 6.009654753425975882e-01 2.668129841825308546e-01 8.196845802285522842e-01 7.677084978435992912e-01 4.596352245475076037e-01 4.177034830966551149e-01 2.841891192425446411e-01 5.853300555201561561e-01 6.520761148443499078e-01 8.281423119539387256e-01 5.422542630891595827e-01 5.072068504475711892e-01
7.803424513748569158e-01 1.507975340033773648e-01 4.805329968243343686e-02 5.924789889737298587e-01 0.000000000000000000e+00 7.064026565493120025e-01 6.662329013560177593e-01 3.986236538452686551e-01 5.320780627459471557e-01 3.795383274513178251e-01 3.508063468635745918e-01 7.934549586165480228e-01 6.290999240248793534e-01 5.710803869665718180e-01 5.899274395012024108e-01 4.263192771042544349e-01 5.285803355755385180e-01 5.265087961341765599e-01 8.075383919559500079e-01 7.318548397947732820e-01 2.664489480755216633e-01 2.058155395972514068e-01 9.193350181127577514e-01 7.957425011891565703e-01 5.147204098456532595e-01 8.477134244642419159e-01 4.316997534557797112e-01 5.768721081772031356e-01 4.960165183151608037e-01 7.411351480594423613e-01 7.088082670234020499e-01 3.993882199311276082e-01 3.564001896817077242e-01 5.421277216654980524e-01 4.508346899343730896e-01
9.060988032934886860e-01 8.616922739717902680e-01 5.208391875663650472e-01 8.364044351635591124e-01 7.064026565493120025e-01 0.000000000000000000e+00 6.037123777824504600e-01 3.273103554331688869e-01 8.640871086807000445e-03 5.545133662785095563e-01 9.752561573387241722e-02 3.780483339115987551e-01 4.766261803937079100e-01 4.774701155599044289e-01 4.067589442180720161e-01 6.365990483727239635e-01 5.236601877924295101e-01 7.986048683130630987e-01 9.334769095633175251e-01 8.643690503632842637e-01 4.668654851570801512e-01 4.189829830573618130e-01 7.086486907375413313e-01 3.670842915497044556e-01 1.951570890661642466e-01 7.983934542901871545e-02 4.628868221264303973e-01 9.451836440227090463e-02 3.265344471050888320e-01 5.978731085398494294e-01 5.964851272912886637e-01 6.915651429723546073e-01 7.936519969884220371e-01 6.620467956940385701e-01 5.719294829999075347e-01
7.497035691517703881e-01 5.749141635032396502e-01 4.760025596846593210e-01 7.378925265393643240e-02 6.662329013560177593e-01 6.037123777824504600e-01 0.000000000000000000e+00 4.199319627593793847e-01 3.877820998034451350e-01 4.834407052229400259e-01 3.062537277731174346e-01 4.959311941360124432e-01 5.932861516230323318e-01 6.343833136208627543e-01 8.100683479773256312e-01 7.398138622159154965e-01 4.888702194551474700e-01 9.708440325463535414e-01 1.993696060876693488e-01 4.064362629190410026e-01 4.920711280059654191e-01 4.673132445601112517e-01 1.735447186459226909e-02 3.149526034515319761e-01 6.945465891835822525e-02 4.862833434316879977e-01 2.096138560097302594e-01 2.634516453459753160e-01 1.263664973868212082e-01 2.852026447905717799e-01 3.805099016798448308e-01 7.065277936351068711e-01 7.396652062047263110e-01 1.012732602905069834e-01 4.761311508682264382e-02
4.296677144881139165e-01 9.419123888188039029e-01 4.256351171853915982e-01 6.622219421699785391e-01 3.986236538452686551e-01 3.273103554331688869e-01 4.199319627593793847e-01 0.000000000000000000e+00 1.583521130194021076e-01 8.279686042406448898e-01 3.387642999597295090e-01 3.749166036640372290e-01 4.117905015545882952e-01 4.736055493976792929e-01 6.217099655706022077e-01 9.125467645931482075e-01 9.679125974900093521e-02 8.885949651812896644e-01 5.273062453178438691e-01 7.802142575290045290e-01 8.188392804335024033e-01 1.694448993671660575e-01 5.315247090958366005e-01 3.571307153094434583e-01 5.157806675026666010e-01 4.147192769989849204e-01 5.454044474657404606e-01 4.384813255813631017e-01 6.956670964796566325e-01 2.539299674647215177e-01 2.918871176637881648e-01 6.960145432887032690e-02 3.272294582172570188e-01 4.974190607144242104e-01 9.131264960949249110e-01
4.688733057545614313e-01 3.128569700056984537e-01 6.978073244851655810e-01 4.929784499943504206e-01 5.320780627459471557e-01 8.640871086807000445e-03 3.877820998034451350e-01 1.583521130194021076e-01 0.000000000000000000e+00 6.146496035889759124e-01 7.105495004502093703e-01 5.175283350320266651e-01 9.191347282358719450e-01 5.585496696736383937e-01 5.551588932718665159e-01 5.497229224338038289e-01 1.495800550921764227e-01 5.958105546169835121e-01 4.734686667040159946e-01 7.410611520534209351e-01 1.242561698858422048e-01 4.693361018914786742e-01 5.368832308205753190e-01 4.661232254167639866e-01 2.434243414655956617e-01 3.762504960562802481e-01 4.926302085930774899e-01 8.242576234727493345e-01 2.126497872192424365e-01 2.088245905685321979e-01 5.436629964259496184e-01 3.839588561743790818e-01 6.966015959721427730e-02 5.168224833354339021e-01 7.273128512402142754e-01
2.825064084298201661e-01 3.843394503761605741e-01 9.072094360223939002e-01 4.800048389509142810e-01 3.795383274513178251e-01 5.545133662785095563e-01 4.834407052229400259e-01 8.279686042406448898e-01 6.146496035889759124e-01 0.000000000000000000e+00 8.197082210485400200e-01 3.383831229848671684e-01 3.486736026985655656e-01 2.850086940436659111e-01 5.642185001499494534e-01 6.512961808117421203e-01 1.846659349921148108e-01 5.092469533270336246e-01 6.586727124259359467e-01 6.170566762407934114e-01 4.664803191764659851e-01 5.391407737841942271e-01 8.095947297776014961e-01 6.902064002074845828e-01 3.622653295251662131e-01 4.985646150043041569e-01 2.923992132779410502e-01 5.819101253763838688e-01 3.130623629276247932e-01 2.260623219226961522e-01 7.221924349226179762e-01 9.158764852156842107e-01 8.037321224018963983e-01 8.085096688976654011e-01 8.832043406413478959e-01
4.846209316101303122e-01 5.202697999316285848e-02 2.925104691728888651e-01 7.405014450900415657e-01 3.508063468635745918e-01 9.752561573387241722e-02 3.062537277731174346e-01 3.387642999597295090e-01 7.105495004502093703e-01 8.197082210485400200e-01 0.000000000000000000e+00 6.913412850931588416e-01 8.606815165620504970e-01 9.240076479087697692e-01 3.324815914267171268e-01 3.527355866566007636e-01 7.162566506276306644e-01 6.904996041802602402e-01 5.156722724462500240e-01 2.484019653810519701e-01 4.819247259111576476e-01 7.000669020930667674e-01 9.274841321770499469e-01 9.635183772829478688e-01 5.475979032551078207e-01 4.148782740395863256e-01 4.680149485655296093e-01 5.112658312568285623e-01 4.682338854006293793e-01 6.918671180115709696e-01 4.676619768696083645e-01 6.708503154850375960e-02 4.282484857530056144e-01 4.830745640914620997e-01 5.153985233374465125e-01
1.973715598028867868e-01 8.198111726598951154e-01 6.491289487169425998e-01 8.561994830915622412e-01 7.934549586165480228e-01 3.780483339115987551e-01 4.959311941360124432e-01 3.749166036640372290e-01 5.175283350320266651e-01 3.383831229848671684e-01 6.913412850931588416e-01 0.000000000000000000e+00 6.964690487090769988e-01 9.101673638084193385e-01 4.769195452263423896e-01 1.066824507601777938e-01 4.976951473723369435e-01 1.522084026216936614e-01 3.066997048993114205e-01 4.605886347090726862e-01 4.489509398526827511e-01 7.293263913617910044e-01 7.503227027516293779e-01 5.938954561859016712e-01 4.617487866781406769e-01 8.569052143189965776e-01 1.217501736134820600e-01 2.564910042663018919e-01 1.680191073583922057e-01 3.570449100079340354e-01 3.760502567475876301e-01 6.268331254019914311e-01 1.310902273944224428e-01 1.464469965779603977e-01 6.159251335461242149e-01
5.031286717817853305e-01 9.220470827687665683e-02 4.672613977448882849e-01 6.191472852182247077e-01 6.290999240248793534e-01 4.766261803937079100e-01 5.932861516230323318e-01 4.117905015545882952e-01 9.191347282358719450e-01 3.486736026985655656e-01 8.606815165620504970e-01 6.964690487090769988e-01 0.000000000000000000e+00 6.183323403661413753e-01 7.474845676482645418e-01 6.330223218561481513e-01 3.495176209021011449e-01 6.071819143032154420e-01 6.482988062009047425e-01 8.707425788094927954e-01 4.813318482055903846e-01 4.845155443805584383e-01 7.437759342372192162e-01 4.603715098793349503e-01 7.807498653130066080e-01 7.689504879507658153e-01 3.895392988949209490e-01 4.349879312792387376e-01 5.281694775623131388e-01 7.026546945523449716e-01 2.158503349286103878e-01 8.801805576752679272e-01 4.583329046294126741e-01 3.276935101437684628e-01 3.689702082216240742e-01
7.887659662320252174e-01 7.033423602884201209e-01 1.865089020672257014e-01 2.997505753688028407e-01 5.710803869665718180e-01 4.774701155599044289e-01 6.343833136208627543e-01 4.736055493976792929e-01 5.585496696736383937e-01 2.850086940436659111e-01 9.240076479087697692e-01 9.101673638084193385e-01 6.183323403661413753e-01 0.000000000000000000e+00 4.257501814522073325e-01 7.751512053559241888e-01 4.973505364717497601e-01 8.508595483896277401e-01 4.351171976050119961e-01 8.017824059901876854e-01 8.879994978349570189e-01 3.392977797722781519e-01 5.394146007012921018e-01 7.807716140677365413e-01 6.538226269101259369e-01 6.095914866623817208e-01 5.060205433864697344e-01 3.695268597873997418e-01 2.356168705076111258e-01 6.883379337843047452e-01 3.849889784032137219e-01 1.282989533086665856e-01 1.957317925371370171e-01 7.068092429003152155e-01 1.568408013428458370e-01
5.968417918350181761e-01 1.625051794623960655e-01 4.476327967388986084e-01 5.271735499915370937e-01 5.899274395012024108e-01 4.067589442180720161e-01 8.100683479773256312e-01 6.217099655706022077e-01 5.551588932718665159e-01 5.642185001499494534e-01 3.324815914267171268e-01 4.769195452263423896e-01 7.474845676482645418e-01 4.257501814522073325e-01 0.000000000000000000e+00 7.786815132650380944e-01 7.285682967669093735e-02 1.974807631417995202e-01 7.659849020882254500e-01 3.112078186927098034e-01 6.836690313763182925e-02 6.828089408199056187e-01 5.297542715044744055e-01 6.181969433018311699e-01 4.196251539747715698e-01 5.688957008318158426e-01 6.987338019930766642e-01 7.280488288012193498e-01 3.989686881314308264e-01 1.972117740935579455e-01 2.251459740491545958e-02 6.957746107781331846e-01 8.093169197430432060e-01 2.680970538945032233e-01 1.547907381018772677e-01
4.945135859129542455e-01 1.781695404623817591e-01 4.530345317425806817e-01 3.918096527453230338e-01 4.263192771042544349e-01 6.365990483727239635e-01 7.398138622159154965e-01 9.125467645931482075e-01 5.497229224338038289e-01 6.512961808117421203e-01 3.527355866566007636e-01 1.066824507601777938e-01 6.330223218561481513e-01 7.751512053559241888e-01 7.786815132650380944e-01 0.000000000000000000e+00 7.997774275701914348e-01 1.695999875310393867e-01 6.311850160445007241e-01 5.289116997031297895e-01 4.468502943338797939e-01 4.786163390046388466e-01 8.640348838849408741e-01 5.504270650144895694e-01 8.822615419251894631e-01 2.747903851191310087e-01 5.847446036055934382e-01 3.502718965878263702e-01 5.439764525569463771e-01 5.798275964884287426e-01 4.124576093333428561e-01 5.485052482061451018e-01 5.300838110057033425e-01 5.737294029479249602e-01 7.554075329294320795e-01
7.386551744967696509e-01 4.384763753990694735e-01 3.063149429273252511e-01 1.417760675073477250e-01 5.285803355755385180e-01 5.236601877924295101e-01 4.888702194551474700e-01 9.679125974900093521e-02 1.495800550921764227e-01 1.846659349921148108e-01 7.162566506276306644e-01 4.976951473723369435e-01 3.495176209021011449e-01 4.973505364717497601e-01 7.285682967669093735e-02 7.997774275701914348e-01 0.000000000000000000e+00 7.672655464847969453e-01 5.072205702392770243e-01 2.793101938971057630e-01 3.063455641080918834e-01 5.136496342012416561e-01 4.976311624359163188e-01 8.638827226963332606e-01 5.791475252241240490e-01 4.769721548611682849e-01 3.974140457810326765e-01 4.786722328125972425e-01 8.503595869965290266e-01 5.998386943810639638e-01 8.297271837649249360e-01 4.469383805806722010e-01 6.921663306205012578e-01 5.769781263275621797e-01 5.779817798195865386e-01
9.608264573267433217e-01 4.383213638331282525e-01 8.417264996457752835e-01 1.831355516651236304e-01 5.265087961341765599e-01 7.986048683130630987e-01 9.708440325463535414e-01 8.885949651812896644e-01 5.958105546169835121e-01 5.092469533270336246e-01 6.904996041802602402e-01 1.522084026216936614e-01 6.071819143032154420e-01 8.508595483896277401e-01 1.974807631417995202e-01 1.695999875310393867e-01 7.672655464847969453e-01 0.000000000000000000e+00 8.857094834994483357e-01 4.992375958018636095e-01 8.428252319381708269e-01 8.302078856792027839e-01 2.733783769833056376e-01 5.787710049477812202e-01 6.105143417727031396e-01 3.575393373031935385e-01 4.824439527460802624e-01 9.568392402416985298e-01 1.173743113580248965e-01 3.781389363108516588e-01 5.196517816778118970e-01 5.561879475648157101e-01 7.187723960403261669e-01 7.126445477554126384e-01 2.687092810302076362e-01
3.470715672073154123e-01 4.734953146633010812e-01 4.838468541743667917e-01 4.617926688298032989e-01 8.075383919559500079e-01 9.334769095633175251e-01 1.993696060876693488e-01 5.273062453178438691e-01 4.734686667040159946e-01 6.586727124259359467e-01 5.156722724462500240e-01 3.066997048993114205e-01 6.482988062009047425e-01 4.351171976050119961e-01 7.659849020882254500e-01 6.311850160445007241e-01 5.072205702392770243e-01 8.857094834994483357e-01 0.000000000000000000e+00 3.785939162832177018e-01 5.919133041086223068e-01 3.569121809591102035e-01 6.633389073400792757e-01 4.685415664941269820e-01 7.612319516035681577e-02 6.528432911673580641e-01 5.062013527103994548e-01 7.587949469624490906e-01 7.130442546305810758e-01 1.062494783858283220e-01 4.145626937685093494e-01 3.703528189782012703e-01 8.986944573131374625e-01 4.684006507192222113e-01 8.199662770024942482e-01
6.212020968768242613e-01 3.327353721772076112e-01 3.782902229925431681e-01 4.753489501713620280e-01 7.318548397947732820e-01 8.643690503632842637e-01 4.064362629190410026e-01 7.802142575290045290e-01 7.410611520534209351e-01 6.170566762407934114e-01 2.484019653810519701e-01 4.605886347090726862e-01 8.707425788094927954e-01 8.017824059901876854e-01 3.112078186927098034e-01 5.289116997031297895e-01 2.793101938971057630e-01 4.992375958018636095e-01 3.785939162832177018e-01 0.000000000000000000e+00 6.402147949903380653e-01 8.146072435903584097e-01 8.485048615330488264e-01 5.222418814626299532e-01 2.951432552837359724e-01 5.582302256220758041e-01 6.600152822878132541e-01 4.781019006309835673e-01 6.624794669791209678e-01 2.971028788995017100e-01 3.003665857858371924e-01 1.336204357281292054e-01 5.520463721606321261e-01 1.874628374759587102e-01 6.659649404636305281e-01
1.643207182670072264e-01 4.163230118533968183e-01 8.742388301774930426e-01 3.384536036287852934e-01 2.664489480755216633e-01 4.668654851570801512e-01 4.920711280059654191e-01 8.188392804335024033e-01 1.242561698858422048e-01 4.664803191764659851e-01 4.819247259111576476e-01 4.489509398526827511e-01 4.813318482055903846e-01 8.879994978349570189e-01 6.836690313763182925e-02 4.468502943338797939e-01 3.063455641080918834e-01 8.428252319381708269e-01 5.919133041086223068e-01 6.402147949903380653e-01 0.000000000000000000e+00 3.576507486377363820e-01 4.080250501598867707e-01 7.485992276620490049e-01 2.081381290045117849e-01 6.662576426476383151e-01 6.329845134907686743e-01 4.134292570308731873e-01 2.294853564331426066e-01 2.760891517627513947e-01 4.896954370811897883e-01 7.425114515878533661e-01 2.819169912501254815e-01 2.151878248910379376e-01 7.475558730143083697e-02
4.581242312713522669e-01 5.571726529943021866e-01 8.189731241069052592e-01 7.270254262136952583e-01 2.058155395972514068e-01 4.189829830573618130e-01 4.673132445601112517e-01 1.694448993671660575e-01 4.693361018914786742e-01 5.391407737841942271e-01 7.000669020930667674e-01 7.293263913617910044e-01 4.845155443805584383e-01 3.392977797722781519e-01 6.828089408199056187e-01 4.786163390046388466e-01 5.136496342012416561e-01 8.302078856792027839e-01 3.569121809591102035e-01 8.146072435903584097e-01 3.576507486377363820e-01 0.000000000000000000e+00 8.639236664506013685e-01 7.368274532186570580e-01 4.849368322941978171e-01 4.853408797205009395e-01 4.432406284861296619e-01 3.805485733389446512e-01 9.631118127205942070e-01 7.196166653365968502e-01 6.035523087251450924e-01 4.864145530248364380e-01 3.809015982481738227e-01 9.017030686887030910e-01 8.352364848544417963e-01
8.663942381620604039e-01 5.457595923713329800e-01 4.996911309250563482e-01 7.034854154434144746e-01 9.193350181127577514e-01 7.086486907375413313e-01 1.735447186459226909e-02 5.315247090958366005e-01 5.368832308205753190e-01 8.095947297776014961e-01 9.274841321770499469e-01 7.503227027516293779e-01 7.437759342372192162e-01 5.394146007012921018e-01 5.297542715044744055e-01 8.640348838849408741e-01 4.976311624359163188e-01 2.733783769833056376e-01 6.633389073400792757e-01 8.485048615330488264e-01 4.080250501598867707e-01 8.639236664506013685e-01 0.000000000000000000e+00 4.328819427807339970e-02 2.449435883613471088e-01 2.936606826158744132e-01 6.609842292203189640e-01 3.313375446779402989e-01 8.188425085603046050e-02 3.602072081057165476e-01 2.943332861333438633e-01 3.091142146951935676e-01 8.245030053867481445e-01 5.746714994225456952e-01 6.429256357298637203e-01
7.147063522504883970e-01 2.631743782408473287e-01 3.804091278577842461e-01 6.009654753425975882e-01 7.957425011891565703e-01 3.670842915497044556e-01 3.149526034515319761e-01 3.571307153094434583e-01 4.661232254167639866e-01 6.902064002074845828e-01 9.635183772829478688e-01 5.938954561859016712e-01 4.603715098793349503e-01 7.807716140677365413e-01 6.181969433018311699e-01 5.504270650144895694e-01 8.638827226963332606e-01 5.787710049477812202e-01 4.685415664941269820e-01 5.222418814626299532e-01 7.485992276620490049e-01 7.368274532186570580e-01 4.328819427807339970e-02 0.000000000000000000e+00 6.801507180420071075e-01 8.734498347480357250e-01 4.497717475120100450e-01 7.171995260025986196e-01 4.575295534765848604e-01 2.076327328488906110e-01 2.536725263197937563e-01 5.189361603945704671e-01 1.115322629624053707e-01 4.930762025307660612e-01 5.287292142965132058e-01
8.249386604021156089e-01 2.909148995768540691e-01 3.116228011542662713e-01 2.668129841825308546e-01 5.147204098456532595e-01 1.951570890661642466e-01 6.945465891835822525e-02 5.157806675026666010e-01 2.434243414655956617e-01 3.622653295251662131e-01 5.475979032551078207e-01 4.617487866781406769e-01 7.807498653130066080e-01 6.538226269101259369e-01 4.196251539747715698e-01 8.822615419251894631e-01 5.791475252241240490e-01 6.105143417727031396e-01 7.612319516035681577e-02 2.951432552837359724e-01 2.081381290045117849e-01 4.849368322941978171e-01 2.449435883613471088e-01 6.801507180420071075e-01 0.000000000000000000e+00 3.945706542363841551e-01 6.331280462896042849e-01 5.661094587101347386e-01 3.455878757448845873e-01 6.903706272619767326e-01 7.959615638136063875e-01 1.566957454510136127e-01 4.095795469924094490e-01 7.164308128020935307e-01 3.031036172233790849e-01
1.612089783104847518e-01 6.498555503993854732e-01 3.635397723783490576e-01 8.196845802285522842e-01 8.477134244642419159e-01 7.983934542901871545e-02 4.862833434316879977e-01 4.147192769989849204e-01 3.762504960562802481e-01 4.985646150043041569e-01 4.148782740395863256e-01 8.569052143189965776e-01 7.689504879507658153e-01 6.095914866623817208e-01 5.688957008318158426e-01 2.747903851191310087e-01 4.769721548611682849e-01 3.575393373031935385e-01 6.528432911673580641e-01 5.582302256220758041e-01 6.662576426476383151e-01 4.853408797205009395e-01 2.936606826158744132e-01 8.734498347480357250e-01 3.945706542363841551e-01 0.000000000000000000e+00 6.401065222333998106e-01 9.883838921685206280e-02 8.666450040806972233e-01 6.537918582599074879e-01 2.358594647796506960e-01 6.490796459044165800e-01 4.535415880168173763e-01 6.991193125597026103e-01 8.310527835939933716e-01
4.542205878562279864e-01 4.325964405732428131e-01 8.872849825036563942e-01 7.677084978435992912e-01 4.316997534557797112e-01 4.628868221264303973e-01 2.096138560097302594e-01 5.454044474657404606e-01 4.926302085930774899e-01 2.923992132779410502e-01 4.680149485655296093e-01 1.217501736134820600e-01 3.895392988949209490e-01 5.060205433864697344e-01 6.987338019930766642e-01 5.847446036055934382e-01 3.974140457810326765e-01 4.824439527460802624e-01 5.062013527103994548e-01 6.600152822878132541e-01 6.329845134907686743e-01 4.432406284861296619e-01 6.609842292203189640e-01 4.497717475120100450e-01 6.331280462896042849e-01 6.401065222333998106e-01 0.000000000000000000e+00 9.787345773435576213e-01 1.446388057110810643e-01 3.189852884823122237e-01 6.152331342276404769e-01 1.849502530440705339e-01 5.179237788758959127e-01 5.987052979889162518e-01 7.649724801025953314e-01
5.709634034011663584e-01 6.195053263192389359e-01 5.351808382651704887e-01 4.596352245475076037e-01 5.768721081772031356e-01 9.451836440227090463e-02 2.634516453459753160e-01 4.384813255813631017e-01 8.242576234727493345e-01 5.819101253763838688e-01 5.112658312568285623e-01 2.564910042663018919e-01 4.349879312792387376e-01 3.695268597873997418e-01 7.280488288012193498e-01 3.502718965878263702e-01 4.786722328125972425e-01 9.568392402416985298e-01 7.587949469624490906e-01 4.781019006309835673e-01 4.134292570308731873e-01 3.805485733389446512e-01 3.313375446779402989e-01 7.171995260025986196e-01 5.661094587101347386e-01 9.883838921685206280e-02 9.787345773435576213e-01 0.000000000000000000e+00 4.924876045749759235e-01 4.921725531958211497e-01 6.904952741577805586e-01 2.178116626628220365e-01 1.630835447989347209e-01 5.620755340066481143e-01 4.625215568371778829e-01
3.198279614610545218e-01 4.997490476169767493e-01 4.599674081338611664e-02 4.177034830966551149e-01 4.960165183151608037e-01 3.265344471050888320e-01 1.263664973868212082e-01 6.956670964796566325e-01 2.126497872192424365e-01 3.130623629276247932e-01 4.682338854006293793e-01 1.680191073583922057e-01 5.281694775623131388e-01 2.356168705076111258e-01 3.989686881314308264e-01 5.439764525569463771e-01 8.503595869965290266e-01 1.173743113580248965e-01 7.130442546305810758e-01 6.624794669791209678e-01 2.294853564331426066e-01 9.631118127205942070e-01 8.188425085603046050e-02 4.575295534765848604e-01 3.455878757448845873e-01 8.666450040806972233e-01 1.446388057110810643e-01 4.924876045749759235e-01 0.000000000000000000e+00 7.003875958269641933e-01 9.816360185898047597e-01 5.260156080856002170e-01 4.628523990420119749e-01 2.436773370284017193e-01 6.124916747185764621e-01
2.685315263942256170e-01 7.630139019906445608e-01 9.948243894489083861e-02 2.841891192425446411e-01 7.411351480594423613e-01 5.978731085398494294e-01 2.852026447905717799e-01 2.539299674647215177e-01 2.088245905685321979e-01 2.260623219226961522e-01 6.918671180115709696e-01 3.570449100079340354e-01 7.026546945523449716e-01 6.883379337843047452e-01 1.972117740935579455e-01 5.798275964884287426e-01 5.998386943810639638e-01 3.781389363108516588e-01 1.062494783858283220e-01 2.971028788995017100e-01 2.760891517627513947e-01 7.196166653365968502e-01 3.602072081057165476e-01 2.076327328488906110e-01 6.903706272619767326e-01 6.537918582599074879e-01 3.189852884823122237e-01 4.921725531958211497e-01 7.003875958269641933e-01 0.000000000000000000e+00 3.418845054539246253e-01 4.933842329888795120e-01 3.112538695689602841e-01 7.870042261589749177e-02 2.025203710620999686e-01
1.059940462475322809e-01 7.227486728255816395e-01 2.462754190794935738e-01 5.853300555201561561e-01 7.088082670234020499e-01 5.964851272912886637e-01 3.805099016798448308e-01 2.918871176637881648e-01 5.436629964259496184e-01 7.221924349226179762e-01 4.676619768696083645e-01 3.760502567475876301e-01 2.158503349286103878e-01 3.849889784032137219e-01 2.251459740491545958e-02 4.124576093333428561e-01 8.297271837649249360e-01 5.196517816778118970e-01 4.145626937685093494e-01 3.003665857858371924e-01 4.896954370811897883e-01 6.035523087251450924e-01 2.943332861333438633e-01 2.536725263197937563e-01 7.959615638136063875e-01 2.358594647796506960e-01 6.152331342276404769e-01 6.904952741577805586e-01 9.816360185898047597e-01 3.418845054539246253e-01 0.000000000000000000e+00 6.223840448424104999e-01 8.003329846089765054e-01 7.041465099699788510e-01 8.670665802618837681e-01
2.280811391151764678e-01 1.546612989247474479e-01 7.181715893692702801e-01 6.520761148443499078e-01 3.993882199311276082e-01 6.915651429723546073e-01 7.065277936351068711e-01 6.960145432887032690e-02 3.839588561743790818e-01 9.158764852156842107e-01 6.708503154850375960e-02 6.268331254019914311e-01 8.801805576752679272e-01 1.282989533086665856e-01 6.957746107781331846e-01 5.485052482061451018e-01 4.469383805806722010e-01 5.561879475648157101e-01 3.703528189782012703e-01 1.336204357281292054e-01 7.425114515878533661e-01 4.864145530248364380e-01 3.091142146951935676e-01 5.189361603945704671e-01 1.566957454510136127e-01 6.490796459044165800e-01 1.849502530440705339e-01 2.178116626628220365e-01 5.260156080856002170e-01 4.933842329888795120e-01 6.223840448424104999e-01 0.000000000000000000e+00 6.028609900027632751e-01 5.549908521555368957e-01 6.045174384877319840e-01
4.351448926613066259e-01 3.819449069174674638e-01 3.541218338594782078e-01 8.281423119539387256e-01 3.564001896817077242e-01 7.936519969884220371e-01 7.396652062047263110e-01 3.272294582172570188e-01 6.966015959721427730e-02 8.037321224018963983e-01 4.282484857530056144e-01 1.310902273944224428e-01 4.583329046294126741e-01 1.957317925371370171e-01 8.093169197430432060e-01 5.300838110057033425e-01 6.921663306205012578e-01 7.187723960403261669e-01 8.986944573131374625e-01 5.520463721606321261e-01 2.819169912501254815e-01 3.809015982481738227e-01 8.245030053867481445e-01 1.115322629624053707e-01 4.095795469924094490e-01 4.535415880168173763e-01 5.179237788758959127e-01 1.630835447989347209e-01 4.628523990420119749e-01 3.112538695689602841e-01 8.003329846089765054e-01 6.028609900027632751e-01 0.000000000000000000e+00 9.697276416437661251e-02 3.447761023901776412e-01
2.895507047131135048e-01 8.511549371879054693e-01 8.434838439312190017e-01 5.422542630891595827e-01 5.421277216654980524e-01 6.620467956940385701e-01 1.012732602905069834e-01 4.974190607144242104e-01 5.168224833354339021e-01 8.085096688976654011e-01 4.830745640914620997e-01 1.464469965779603977e-01 3.276935101437684628e-01 7.068092429003152155e-01 2.680970538945032233e-01 5.737294029479249602e-01 5.769781263275621797e-01 7.126445477554126384e-01 4.684006507192222113e-01 1.874628374759587102e-01 2.151878248910379376e-01 9.017030686887030910e-01 5.746714994225456952e-01 4.930762025307660612e-01 7.164308128020935307e-01 6.991193125597026103e-01 5.987052979889162518e-01 5.620755340066481143e-01 2.436773370284017193e-01 7.870042261589749177e-02 7.041465099699788510e-01 5.549908521555368957e-01 9.697276416437661251e-02 0.000000000000000000e+00 7.259642201049981702e-01
4.251510280278119058e-01 3.928445449621594809e-01 3.482400116632157205e-01 5.072068504475711892e-01 4.508346899343730896e-01 5.719294829999075347e-01 4.761311508682264382e-02 9.131264960949249110e-01 7.273128512402142754e-01 8.832043406413478959e-01 5.153985233374465125e-01 6.159251335461242149e-01 3.689702082216240742e-01 1.568408013428458370e-01 1.547907381018772677e-01 7.554075329294320795e-01 5.779817798195865386e-01 2.687092810302076362e-01 8.199662770024942482e-01 6.659649404636305281e-01 7.475558730143083697e-02 8.352364848544417963e-01 6.429256357298637203e-01 5.287292142965132058e-01 3.031036172233790849e-01 8.310527835939933716e-01 7.649724801025953314e-01 4.625215568371778829e-01 6.124916747185764621e-01 2.025203710620999686e-01 8.670665802618837681e-01 6.045174384877319840e-01 3.447761023901776412e-01 7.259642201049981702e-01 0.000000000000000000e+00
