0.000000000000000000e+00 4.894632451178274057e-01 4.479720651037807366e-01 6.042136882708986079e-01 4.813053460503380343e-01 4.406897365407695388e-01 8.165177475018974285e-01 9.541510066801555112e-01 4.626845266693840331e-01 3.809266202726515615e-01 9.167629642278116719e-01 7.994778073361095139e-01 4.050398306954262062e-01 6.919943115313360593e-01 6.091297241184552291e-01 2.597167382136014169e-01 5.098947066853043442e-01 3.323146571536047533e-01 2.346015223442334263e-01 5.455733724578202271e-01 4.653245845221136712e-01 3.914703722783458573e-01 2.216195701383857353e-01 6.324377464842003693e-01 4.063416572835288898e-01 5.578840086337025772e-01 2.984160988710776174e-01 8.687870688845948930e-01 4.968052389422391579e-01 7.098986663036981337e-01 5.712548908408916493e-01 6.970541468756794590e-01 4.602957062987236281e-01 3.758667121971052127e-01 7.568072202713695962e-01
4.894632451178274057e-01 0.000000000000000000e+00 5.466416468884166546e-01 6.074780693677418464e-01 8.998432599528094489e-02 3.423948401652501250e-01 5.202929022533322456e-01 6.571339156210138643e-01 1.303920415478974082e-01 4.989931390287442037e-01 5.052570827561069233e-01 4.225627921303898860e-01 2.532509765088941656e-01 4.842900688912907814e-01 7.704136259319123159e-01 5.030384067709795515e-01 7.191138662474229060e-01 4.148161840497015529e-01 1.262115588631064211e-01 3.636189795644767520e-01 6.907276630272587425e-01 4.791315433608053231e-01 3.530467804187142900e-01 9.652272092677450788e-01 4.998562755172145655e-01 3.171525439676727842e-01 6.415533069974448388e-01 7.974071988454246585e-01 5.536240953249100816e-01 8.032961607373378943e-01 7.568354073745919841e-01 5.373208570744312240e-01 3.666048821641289535e-01 8.896092285782370990e-01 4.496896211247933817e-01
4.479720651037807366e-01 5.466416468884166546e-01 0.000000000000000000e+00 2.884654086753229985e-01 8.693400916989925120e-01 2.611141514615214487e-01 7.454524645161875185e-01 4.172362087192064695e-01 5.307575520692628945e-01 7.615201628827181768e-01 3.466285272938142148e-01 7.759974146266512829e-01 5.194892161180257872e-01 7.823880073148482550e-01 3.052036310752184178e-01 5.256207639609838944e-01 6.977864621253373478e-01 8.324304590221809352e-01 1.961437137117951757e-01 1.416883530876165143e-01 4.120803958786540822e-01 4.474100916805090478e-01 7.105387590931541153e-01 3.615592623332642974e-01 5.220353011549243583e-01 5.814354683559154191e-01 8.806351214641600089e-01 3.208819451846092186e-01 8.668253096963161042e-01 6.101689415400700645e-01 3.182675082560387780e-01 5.626287477519569258e-01 1.747863496037108666e-01 4.225967988643588580e-01 2.319427409455173672e-01
6.042136882708986079e-01 6.074780693677418464e-01 2.884654086753229985e-01 0.000000000000000000e+00 4.313587177349817448e-01 5.114863005099974380e-01 6.752838686885638264e-01 8.314423000042878709e-01 5.313616558004534696e-01 4.893641506248707085e-01 3.788155868736973186e-01 1.855612659830905287e-01 1.465481398181402994e-01 2.091810094895588668e-01 6.533680498859955055e-01 8.026301096723313933e-01 6.465158139103015511e-01 5.044520884679076778e-01 5.043587094598283027e-01 6.524795111006667092e-01 3.813731620696662605e-01 4.205400607111343669e-01 8.786822523879170843e-01 9.015718020475710359e-01 1.843542216941050915e-01 4.229580761867264282e-01 7.858771028883797527e-01 1.766095208524627314e-01 5.691768591399606336e-01 7.454590604945149357e-01 4.445756390648221146e-01 3.350390802125512435e-01 7.913259008653569238e-01 6.239502480057204092e-01 5.222613548043328890e-01
4.813053460503380343e-01 8.998432599528094489e-02 8.693400916989925120e-01 4.313587177349817448e-01 0.000000000000000000e+00 4.759953124013661663e-01 5.357576865550242040e-01 4.913923485856179774e-01 5.085795032319417874e-01 6.627278773361383601e-01 5.944802242489408695e-01 6.481387539467531322e-02 8.110119642563178299e-01 2.119633832620030356e-01 5.353076373237286578e-01 4.999369016576074576e-01 2.814596508139683428e-01 4.578828485710412233e-01 3.926626118421441825e-01 6.092932100152876895e-01 5.305322817158928395e-01 6.232594706338392410e-01 5.229981240815239074e-01 5.736352392478238915e-01 3.461743858225921899e-01 6.228545745321465432e-01 1.694203373313066807e-01 5.448992184581452625e-01 1.228495267948751524e-01 2.358246427675016466e-01 8.341911279943323709e-01 6.331674735113399510e-01 4.645705463393535739e-01 5.672496679651024554e-01 2.131333389203817763e-01
4.406897365407695388e-01 3.423948401652501250e-01 2.611141514615214487e-01 5.114863005099974380e-01 4.759953124013661663e-01 0.000000000000000000e+00 5.045081749700923712e-01 5.376089351735995336e-01 4.088384371587287514e-01 4.624682557382122639e-01 5.714352856148393611e-01 5.629209450840046980e-01 6.282497688742840758e-01 8.086734859422219923e-01 4.649354290033273496e-01 7.379511001098274514e-01 4.839037744103011351e-01 7.530278801746632666e-01 8.266294294362626083e-01 1.954240083972317299e-01 7.654192118737510597e-01 4.922327197754487460e-01 2.267151389547207296e-01 3.967176902501335367e-01 7.212511920933387666e-01 6.871081695669667422e-01 7.035158268879557752e-01 1.182277641708753269e-01 2.231613679422685959e-01 8.309415930205116263e-01 3.021664197245412242e-01 3.412923458160707080e-01 5.047102385638061461e-01 5.209859343491372030e-01 6.425520074431013695e-01
8.165177475018974285e-01 5.202929022533322456e-01 7.454524645161875185e-01 6.752838686885638264e-01 5.357576865550242040e-01 5.045081749700923712e-01 0.000000000000000000e+00 3.228478952416840020e-01 3.574439168714842463e-01 7.659583987734781552e-01 6.068263905406473535e-01 2.293074086381469145e-01 3.472970880789942871e-01 3.070812276142863562e-01 7.161601957914718319e-01 3.083243845640382119e-01 7.008034996414713724e-01 4.252758604356831063e-01 6.185573146902103581e-01 4.081994107937676475e-01 6.178180932133686687e-01 2.397448417776878449e-01 6.239563893799838779e-01 6.465042175701452010e-01 5.179718922934075653e-01 4.970284276209855356e-01 6.659920304712493300e-01 7.384975423933033412e-01 5.345013689961254366e-01 5.869494869136619997e-01 5.540785555573157772e-01 8.203637382005941614e-01 5.637601312053095448e-01 5.280673172687462280e-01 5.429074386650872830e-01
9.541510066801555112e-01 6.571339156210138643e-01 4.172362087192064695e-01 8.314423000042878709e-01 4.913923485856179774e-01 5.376089351735995336e-01 3.228478952416840020e-01 0.000000000000000000e+00 4.946752801744407901e-01 4.636288593603687946e-01 8.026640249411614025e-01 4.779325779455008139e-01 6.560284473671958994e-01 7.343724429851370417e-01 6.367063969699267023e-01 7.919454697817926991e-01 4.452757875552956213e-01 4.569873680724413911e-01 3.451543559068844802e-01 2.834100570818176568e-01 5.066710285234052868e-01 7.564400044768213593e-01 4.487775377375132768e-01 7.084135089461163215e-01 7.134387495823091285e-01 5.278095352912504090e-01 4.991041437462061525e-01 2.114619805904969230e-01 3.949762410139023849e-01 4.027286782569556300e-01 9.668500061997028494e-01 4.892219772409379663e-01 6.473783336587257686e-01 8.068562274865362927e-01 7.342108268811073923e-01
4.626845266693840331e-01 1.303920415478974082e-01 5.307575520692628945e-01 5.313616558004534696e-01 5.085795032319417874e-01 4.088384371587287514e-01 3.574439168714842463e-01 4.946752801744407901e-01 0.000000000000000000e+00 5.768303223463105978e-01 6.234739986018682512e-01 5.054943361913830646e-01 2.844824216569328268e-01 6.042627659013640740e-01 1.109038476625140435e-01 6.032588534155628457e-01 8.156536061163859319e-01 8.371718436843900157e-02 6.559176678666261973e-01 2.769932251058687678e-01 3.634439121021291186e-01 6.776340240754445965e-01 5.112536440726527243e-01 4.992486409909070444e-01 2.988371050118324712e-01 7.468609376181508663e-01 4.859222671455459275e-01 8.566028641128600185e-01 3.724085880257019809e-01 4.697840398951360630e-01 5.911535085533782263e-01 3.530879043493510006e-01 4.975781355070487133e-01 8.532742377201123496e-01 3.799169110851621234e-01
3.809266202726515615e-01 4.989931390287442037e-01 7.615201628827181768e-01 4.893641506248707085e-01 6.627278773361383601e-01 4.624682557382122639e-01 7.659583987734781552e-01 4.636288593603687946e-01 5.768303223463105978e-01 0.000000000000000000e+00 4.701126938662835153e-01 5.197266585553321772e-01 5.380458018458085245e-01 4.029934620229215225e-01 7.341715921582081528e-01 1.363433744559050531e-01 6.215606623216255455e-01 3.808180804955811904e-01 9.564873790460822756e-01 4.607982196113490359e-01 6.903745250105272069e-01 4.765351734775220560e-01 4.373553678253706556e-01 4.166102078010495147e-01 4.372431238019141020e-01 3.905947720904687781e-01 3.486850171350702743e-01 3.210202191797226767e-01 9.165408334593705408e-02 6.871161520529133204e-01 5.765405395425833301e-01 3.716558075374236658e-01 9.269228981351872454e-01 5.621753720820035216e-01 7.057294721749609590e-01
9.167629642278116719e-01 5.052570827561069233e-01 3.466285272938142148e-01 3.788155868736973186e-01 5.944802242489408695e-01 5.714352856148393611e-01 6.068263905406473535e-01 8.026640249411614025e-01 6.234739986018682512e-01 4.701126938662835153e-01 0.000000000000000000e+00 6.661272766380529342e-01 1.612839106982523196e-01 3.570813254808029580e-01 1.712377344302862259e-02 4.544639964213862959e-01 5.643518199572264971e-01 8.142601937303011184e-01 1.167176355921877295e-01 4.602737615036708307e-01 4.641685361107035779e-01 6.754082898300404203e-01 6.503853991811372470e-01 7.957661191025772185e-01 5.072607228973563531e-01 3.570306718574167704e-01 5.455761393244071833e-01 5.486659247709815279e-01 9.513023216299154594e-01 4.278998292876469711e-01 7.935244948814368371e-02 5.740682743302287783e-01 4.130546840830471300e-01 2.293079502953337956e-01 3.982928505994103863e-01
7.994778073361095139e-01 4.225627921303898860e-01 7.759974146266512829e-01 1.855612659830905287e-01 6.481387539467531322e-02 5.629209450840046980e-01 2.293074086381469145e-01 4.779325779455008139e-01 5.054943361913830646e-01 5.197266585553321772e-01 6.661272766380529342e-01 0.000000000000000000e+00 4.725134657288926343e-01 8.215301005096788955e-01 5.356456664435791382e-01 7.050823114286137727e-01 5.418138000433244672e-01 2.758724922775449562e-01 1.173409695522459328e-01 5.785987237445343601e-01 8.886565429866636334e-01 5.486121066965422566e-01 5.763654997745037978e-01 4.022688969757417521e-01 5.586841704949173648e-01 8.113958309811433178e-01 3.265211833266770114e-01 4.599900732527114622e-01 1.633345545487741579e-01 8.490882251339553211e-01 9.395104530526068309e-01 3.330288960661440534e-01 7.585888812353632771e-01 3.881848207611278134e-01 2.031484983539327827e-01
4.050398306954262062e-01 2.532509765088941656e-01 5.194892161180257872e-01 1.465481398181402994e-01 8.110119642563178299e-01 6.282497688742840758e-01 3.472970880789942871e-01 6.560284473671958994e-01 2.844824216569328268e-01 5.380458018458085245e-01 1.612839106982523196e-01 4.725134657288926343e-01 0.000000000000000000e+00 6.530797489376447551e-01 5.027570334655522277e-01 5.181578820144344677e-01 5.501183013239261399e-01 4.288902098451902178e-01 7.279591905078575120e-02 5.150975141226623588e-01 7.871519183272661646e-01 2.144545542073044153e-01 7.475373388414636722e-01 8.247517486616845472e-01 3.099542285770725547e-01 7.630202168268480634e-01 5.405282339945627346e-01 2.777711829816778555e-01 6.287245685451525734e-01 8.193733749129326061e-01 5.519838079362326955e-01 1.915426090061160824e-01 8.063750487992854543e-01 6.226999673326196749e-01 5.652947094703877351e-01
6.919943115313360593e-01 4.842900688912907814e-01 7.823880073148482550e-01 2.091810094895588668e-01 2.119633832620030356e-01 8.086734859422219923e-01 3.070812276142863562e-01 7.343724429851370417e-01 6.042627659013640740e-01 4.029934620229215225e-01 3.570813254808029580e-01 8.215301005096788955e-01 6.530797489376447551e-01 0.000000000000000000e+00 5.070556176175384788e-01 5.981711171520183168e-01 3.341538431119517316e-02 5.426604120964043654e-01 7.077429332633922154e-01 7.158606606732900168e-01 4.030245092641367988e-01 2.964105507472991619e-01 3.953087477774472891e-01 4.745405271740458786e-01 6.237572906882489221e-01 2.009908423176188785e-01 5.813662028433985718e-01 5.695452989286935441e-01 7.151347819852779120e-01 3.377805176095911577e-01 8.384513443345343875e-01 3.709716908878581965e-01 4.478276124671193292e-01 1.871180804902755623e-01 7.481940206521323633e-01
6.091297241184552291e-01 7.704136259319123159e-01 3.052036310752184178e-01 6.533680498859955055e-01 5.353076373237286578e-01 4.649354290033273496e-01 7.161601957914718319e-01 6.367063969699267023e-01 1.109038476625140435e-01 7.341715921582081528e-01 1.712377344302862259e-02 5.356456664435791382e-01 5.027570334655522277e-01 5.070556176175384788e-01 0.000000000000000000e+00 8.756571586896666481e-01 3.205395778087353764e-01 6.121981891228907013e-01 3.646482033096920539e-02 1.241509757236910483e-01 2.084641010337984213e-01 4.185087155233981893e-01 2.899273610305255211e-01 3.591886124458663065e-01 8.453194707722107015e-01 9.127089962955192703e-01 3.326677267470792287e-01 4.971090034148620274e-01 5.655448161130033347e-01 5.328480986724385415e-01 7.831811876567450481e-01 6.591084420572793645e-01 8.560101134726925132e-01 3.686130755424112393e-01 7.176320289914184247e-02
2.597167382136014169e-01 5.030384067709795515e-01 5.256207639609838944e-01 8.026301096723313933e-01 4.999369016576074576e-01 7.379511001098274514e-01 3.083243845640382119e-01 7.919454697817926991e-01 6.032588534155628457e-01 1.363433744559050531e-01 4.544639964213862959e-01 7.050823114286137727e-01 5.181578820144344677e-01 5.981711171520183168e-01 8.756571586896666481e-01 0.000000000000000000e+00 5.743173805342656202e-01 8.533105075612756885e-01 8.459515452279325887e-01 1.936586216290347995e-01 9.979134851418913765e-02 5.583164265199790366e-01 7.161125749935658424e-01 6.284929357166915143e-01 3.966827089657610772e-01 8.024815938695749606e-01 2.908727054691271352e-01 6.390627111010129813e-01 1.488846661482924327e-01 3.252269376144611979e-01 3.519747423631545691e-01 2.803896889326799036e-01 6.608847339680881117e-01 1.365980091609287905e-01 5.595205186102569783e-01
5.098947066853043442e-01 7.191138662474229060e-01 6.977864621253373478e-01 6.465158139103015511e-01 2.814596508139683428e-01 4.839037744103011351e-01 7.008034996414713724e-01 4.452757875552956213e-01 8.156536061163859319e-01 6.215606623216255455e-01 5.643518199572264971e-01 5.418138000433244672e-01 5.501183013239261399e-01 3.341538431119517316e-02 3.205395778087353764e-01 5.743173805342656202e-01 0.000000000000000000e+00 6.338012722526390474e-01 5.634943281072442023e-01 3.503182575667045384e-01 5.702574962802586800e-01 6.345565374171109330e-01 6.068492030512788737e-01 3.484470995560435824e-01 4.708240772748775727e-01 7.754404992391896734e-01 7.188049927271843442e-01 4.759934296306512214e-01 5.859568449628144160e-01 4.448136677585325383e-01 4.765369134130135187e-01 2.586726656838936877e-01 1.844927242078391316e-01 7.112146487949427831e-01 2.072527617709803427e-01
3.323146571536047533e-01 4.148161840497015529e-01 8.324304590221809352e-01 5.044520884679076778e-01 4.578828485710412233e-01 7.530278801746632666e-01 4.252758604356831063e-01 4.569873680724413911e-01 8.371718436843900157e-02 3.808180804955811904e-01 8.142601937303011184e-01 2.758724922775449562e-01 4.288902098451902178e-01 5.426604120964043654e-01 6.121981891228907013e-01 8.533105075612756885e-01 6.338012722526390474e-01 0.000000000000000000e+00 2.001949754066968401e-01 2.673378482406225665e-01 4.569935920962757137e-01 4.849869955473543048e-01 6.525701786511053371e-01 5.002178516377211448e-01 6.771044785467998928e-01 5.167061361979508050e-01 2.396023865215788362e-01 4.143631232164029510e-01 3.188995668435009589e-01 8.093995196285512783e-01 6.065316686470413332e-01 7.175916221558151786e-01 3.072970748683008235e-01 9.100281827853673455e-01 4.733233231195737023e-01
2.346015223442334263e-01 1.262115588631064211e-01 1.961437137117951757e-01 5.043587094598283027e-01 3.926626118421441825e-01 8.266294294362626083e-01 6.185573146902103581e-01 3.451543559068844802e-01 6.559176678666261973e-01 9.564873790460822756e-01 1.167176355921877295e-01 1.173409695522459328e-01 7.279591905078575120e-02 7.077429332633922154e-01 3.646482033096920539e-02 8.459515452279325887e-01 5.634943281072442023e-01 2.001949754066968401e-01 0.000000000000000000e+00 7.002892653100674103e-01 3.559792619623751708e-01 5.405610819746133888e-01 8.435848371678369428e-01 4.785257728730558657e-01 5.722516045215728653e-01 5.724426974237080135e-01 8.825716256315510044e-01 4.172305360613256520e-01 8.591709378727705460e-01 8.582190283176882595e-01 4.532038940785803049e-01 2.812118740349240364e-01 6.768951091080277482e-01 2.033442768344103646e-01 3.838010034103367385e-01
5.455733724578202271e-01 3.636189795644767520e-01 1.416883530876165143e-01 6.524795111006667092e-01 6.092932100152876895e-01 1.954240083972317299e-01 4.081994107937676475e-01 2.834100570818176568e-01 2.769932251058687678e-01 4.607982196113490359e-01 4.602737615036708307e-01 5.785987237445343601e-01 5.150975141226623588e-01 7.158606606732900168e-01 1.241509757236910483e-01 1.936586216290347995e-01 3.503182575667045384e-01 2.673378482406225665e-01 7.002892653100674103e-01 0.000000000000000000e+00 4.877529189802820020e-01 1.158773123865142196e-01 9.142695585657163448e-01 6.297397589411672936e-01 2.911913313278559068e-01 4.201404148223181756e-01 1.946209915101080878e-01 4.646292581218572915e-01 7.519467006383069307e-01 3.650762608459313663e-01 4.772135013354864008e-01 2.768794486183251413e-01 2.215768050241763154e-01 2.864485166126332638e-01 9.219597828197436673e-01
4.653245845221136712e-01 6.907276630272587425e-01 4.120803958786540822e-01 3.813731620696662605e-01 5.305322817158928395e-01 7.654192118737510597e-01 6.178180932133686687e-01 5.066710285234052868e-01 3.634439121021291186e-01 6.903745250105272069e-01 4.641685361107035779e-01 8.886565429866636334e-01 7.871519183272661646e-01 4.030245092641367988e-01 2.084641010337984213e-01 9.979134851418913765e-02 5.702574962802586800e-01 4.569935920962757137e-01 3.559792619623751708e-01 4.877529189802820020e-01 0.000000000000000000e+00 1.652380794655512464e-01 1.746393654637899973e-01 4.393941413136182028e-01 4.726332935481740161e-01 6.641346798575729071e-01 8.570665838206128484e-01 7.236761916610721102e-01 4.121609173018884187e-01 6.952987163924966296e-01 8.112504669436371163e-01 4.257402116618271837e-01 4.694060347570293001e-01 4.857753022178232793e-01 4.013604927262662270e-01
3.914703722783458573e-01 4.791315433608053231e-01 4.474100916805090478e-01 4.205400607111343669e-01 6.232594706338392410e-01 4.922327197754487460e-01 2.397448417776878449e-01 7.564400044768213593e-01 6.776340240754445965e-01 4.765351734775220560e-01 6.754082898300404203e-01 5.486121066965422566e-01 2.144545542073044153e-01 2.964105507472991619e-01 4.185087155233981893e-01 5.583164265199790366e-01 6.345565374171109330e-01 4.849869955473543048e-01 5.405610819746133888e-01 1.158773123865142196e-01 1.652380794655512464e-01 0.000000000000000000e+00 5.014689950566444399e-01 5.066387578735722652e-01 2.842963408626736355e-01 7.049345358122726113e-01 8.659253923238736661e-01 6.482715575205129088e-01 6.687095055322225257e-01 7.019699090667312902e-01 2.419446332914765296e-01 1.667095864457767695e-01 4.074446099575977920e-01 2.584498253515659094e-01 3.796138754372175850e-01
2.216195701383857353e-01 3.530467804187142900e-01 7.105387590931541153e-01 8.786822523879170843e-01 5.229981240815239074e-01 2.267151389547207296e-01 6.239563893799838779e-01 4.487775377375132768e-01 5.112536440726527243e-01 4.373553678253706556e-01 6.503853991811372470e-01 5.763654997745037978e-01 7.475373388414636722e-01 3.953087477774472891e-01 2.899273610305255211e-01 7.161125749935658424e-01 6.068492030512788737e-01 6.525701786511053371e-01 8.435848371678369428e-01 9.142695585657163448e-01 1.746393654637899973e-01 5.014689950566444399e-01 0.000000000000000000e+00 3.863672613895712260e-01 6.152385217298905751e-01 9.481762116488793302e-01 6.131175005146995982e-01 6.768469006325514847e-01 8.840351439356659569e-01 7.750794483597091000e-01 2.304060250209646887e-01 3.399468278757425965e-01 3.859561397099607882e-01 5.898580472908652172e-01 8.643583483805115097e-01
6.324377464842003693e-01 9.652272092677450788e-01 3.615592623332642974e-01 9.015718020475710359e-01 5.736352392478238915e-01 3.967176902501335367e-01 6.465042175701452010e-01 7.084135089461163215e-01 4.992486409909070444e-01 4.166102078010495147e-01 7.957661191025772185e-01 4.022688969757417521e-01 8.247517486616845472e-01 4.745405271740458786e-01 3.591886124458663065e-01 6.284929357166915143e-01 3.484470995560435824e-01 5.002178516377211448e-01 4.785257728730558657e-01 6.297397589411672936e-01 4.393941413136182028e-01 5.066387578735722652e-01 3.863672613895712260e-01 0.000000000000000000e+00 9.663250379699521719e-01 3.591310161977481208e-01 2.828758992752035129e-01 4.092912149930421073e-01 7.163066543804268438e-01 1.874820903747667078e-01 5.162864226279704205e-01 8.915571727648738953e-01 1.529892963414453133e-01 6.728959493453319229e-01 2.295826526152506819e-01
4.063416572835288898e-01 4.998562755172145655e-01 5.220353011549243583e-01 1.843542216941050915e-01 3.461743858225921899e-01 7.212511920933387666e-01 5.179718922934075653e-01 7.134387495823091285e-01 2.988371050118324712e-01 4.372431238019141020e-01 5.072607228973563531e-01 5.586841704949173648e-01 3.099542285770725547e-01 6.237572906882489221e-01 8.453194707722107015e-01 3.966827089657610772e-01 4.708240772748775727e-01 6.771044785467998928e-01 5.722516045215728653e-01 2.911913313278559068e-01 4.726332935481740161e-01 2.842963408626736355e-01 6.152385217298905751e-01 9.663250379699521719e-01 0.000000000000000000e+00 6.235245510896854082e-01 2.303564254100519682e-01 2.510614391434273784e-02 9.687861288341034216e-01 4.839673523664674848e-01 5.372112696517133967e-01 4.382574629517065334e-01 8.455077669813162444e-01 6.903906818111638088e-01 1.996869441343669394e-01
5.578840086337025772e-01 3.171525439676727842e-01 5.814354683559154191e-01 4.229580761867264282e-01 6.228545745321465432e-01 6.871081695669667422e-01 4.970284276209855356e-01 5.278095352912504090e-01 7.468609376181508663e-01 3.905947720904687781e-01 3.570306718574167704e-01 8.113958309811433178e-01 7.630202168268480634e-01 2.009908423176188785e-01 9.127089962955192703e-01 8.024815938695749606e-01 7.754404992391896734e-01 5.167061361979508050e-01 5.724426974237080135e-01 4.201404148223181756e-01 6.641346798575729071e-01 7.049345358122726113e-01 9.481762116488793302e-01 3.591310161977481208e-01 6.235245510896854082e-01 0.000000000000000000e+00 4.425396395288260232e-01 4.490960614215006030e-01 5.060769553099127016e-01 3.645079800761953370e-01 8.909836319714281583e-01 8.623783244245601942e-01 2.605994176156419817e-01 8.471969372778681562e-01 2.578270985820022565e-01
2.984160988710776174e-01 6.415533069974448388e-01 8.806351214641600089e-01 7.858771028883797527e-01 1.694203373313066807e-01 7.035158268879557752e-01 6.659920304712493300e-01 4.991041437462061525e-01 4.859222671455459275e-01 3.486850171350702743e-01 5.455761393244071833e-01 3.265211833266770114e-01 5.405282339945627346e-01 5.813662028433985718e-01 3.326677267470792287e-01 2.908727054691271352e-01 7.188049927271843442e-01 2.396023865215788362e-01 8.825716256315510044e-01 1.946209915101080878e-01 8.570665838206128484e-01 8.659253923238736661e-01 6.131175005146995982e-01 2.828758992752035129e-01 2.303564254100519682e-01 4.425396395288260232e-01 0.000000000000000000e+00 3.009283660952193351e-01 4.423802783543779871e-01 7.198999270587661536e-01 5.257003838858266276e-01 9.332236265779754181e-01 7.266921933483514451e-01 4.908755364267469723e-01 4.578355939695089027e-01
8.687870688845948930e-01 7.974071988454246585e-01 3.208819451846092186e-01 1.766095208524627314e-01 5.448992184581452625e-01 1.182277641708753269e-01 7.384975423933033412e-01 2.114619805904969230e-01 8.566028641128600185e-01 3.210202191797226767e-01 5.486659247709815279e-01 4.599900732527114622e-01 2.777711829816778555e-01 5.695452989286935441e-01 4.971090034148620274e-01 6.390627111010129813e-01 4.759934296306512214e-01 4.143631232164029510e-01 4.172305360613256520e-01 4.646292581218572915e-01 7.236761916610721102e-01 6.482715575205129088e-01 6.768469006325514847e-01 4.092912149930421073e-01 2.510614391434273784e-02 4.490960614215006030e-01 3.009283660952193351e-01 0.000000000000000000e+00 4.892899189086702405e-01 8.696335989197232497e-01 8.194023130204990402e-01 1.137809549662074371e-01 2.875595294920694767e-01 6.655078134153035174e-01 4.570487243717138992e-01
4.968052389422391579e-01 5.536240953249100816e-01 8.668253096963161042e-01 5.691768591399606336e-01 1.228495267948751524e-01 2.231613679422685959e-01 5.345013689961254366e-01 3.949762410139023849e-01 3.724085880257019809e-01 9.165408334593705408e-02 9.513023216299154594e-01 1.633345545487741579e-01 6.287245685451525734e-01 7.151347819852779120e-01 5.655448161130033347e-01 1.488846661482924327e-01 5.859568449628144160e-01 3.188995668435009589e-01 8.591709378727705460e-01 7.519467006383069307e-01 4.121609173018884187e-01 6.687095055322225257e-01 8.840351439356659569e-01 7.163066543804268438e-01 9.687861288341034216e-01 5.060769553099127016e-01 4.423802783543779871e-01 4.892899189086702405e-01 0.000000000000000000e+00 4.709485048750328695e-01 8.996574111769839455e-01 5.194895046246906789e-01 5.022596421720749715e-01 7.502339457838607117e-01 2.539708706560335205e-01
7.098986663036981337e-01 8.032961607373378943e-01 6.101689415400700645e-01 7.454590604945149357e-01 2.358246427675016466e-01 8.309415930205116263e-01 5.869494869136619997e-01 4.027286782569556300e-01 4.697840398951360630e-01 6.871161520529133204e-01 4.278998292876469711e-01 8.490882251339553211e-01 8.193733749129326061e-01 3.377805176095911577e-01 5.328480986724385415e-01 3.252269376144611979e-01 4.448136677585325383e-01 8.093995196285512783e-01 8.582190283176882595e-01 3.650762608459313663e-01 6.952987163924966296e-01 7.019699090667312902e-01 7.750794483597091000e-01 1.874820903747667078e-01 4.839673523664674848e-01 3.645079800761953370e-01 7.198999270587661536e-01 8.696335989197232497e-01 4.709485048750328695e-01 0.000000000000000000e+00 4.091454610446036422e-01 4.574843374075178160e-01 8.120365340542901045e-01 1.506366164459956858e-01 4.917337124699444617e-01
5.712548908408916493e-01 7.568354073745919841e-01 3.182675082560387780e-01 4.445756390648221146e-01 8.341911279943323709e-01 3.021664197245412242e-01 5.540785555573157772e-01 9.668500061997028494e-01 5.911535085533782263e-01 5.765405395425833301e-01 7.935244948814368371e-02 9.395104530526068309e-01 5.519838079362326955e-01 8.384513443345343875e-01 7.831811876567450481e-01 3.519747423631545691e-01 4.765369134130135187e-01 6.065316686470413332e-01 4.532038940785803049e-01 4.772135013354864008e-01 8.112504669436371163e-01 2.419446332914765296e-01 2.304060250209646887e-01 5.162864226279704205e-01 5.372112696517133967e-01 8.909836319714281583e-01 5.257003838858266276e-01 8.194023130204990402e-01 8.996574111769839455e-01 4.091454610446036422e-01 0.000000000000000000e+00 8.554020528862782413e-01 7.506460588030589021e-01 8.937083235676237525e-01 8.469617778315124967e-01
6.970541468756794590e-01 5.373208570744312240e-01 5.626287477519569258e-01 3.350390802125512435e-01 6.331674735113399510e-01 3.412923458160707080e-01 8.203637382005941614e-01 4.892219772409379663e-01 3.530879043493510006e-01 3.716558075374236658e-01 5.740682743302287783e-01 3.330288960661440534e-01 1.915426090061160824e-01 3.709716908878581965e-01 6.591084420572793645e-01 2.803896889326799036e-01 2.586726656838936877e-01 7.175916221558151786e-01 2.812118740349240364e-01 2.768794486183251413e-01 4.257402116618271837e-01 1.667095864457767695e-01 3.399468278757425965e-01 8.915571727648738953e-01 4.382574629517065334e-01 8.623783244245601942e-01 9.332236265779754181e-01 1.137809549662074371e-01 5.194895046246906789e-01 4.574843374075178160e-01 8.554020528862782413e-01 0.000000000000000000e+00 1.357906406136616395e-01 2.792323913432247506e-01 3.308503228316054812e-01
4.602957062987236281e-01 3.666048821641289535e-01 1.747863496037108666e-01 7.913259008653569238e-01 4.645705463393535739e-01 5.047102385638061461e-01 5.637601312053095448e-01 6.473783336587257686e-01 4.975781355070487133e-01 9.269228981351872454e-01 4.130546840830471300e-01 7.585888812353632771e-01 8.063750487992854543e-01 4.478276124671193292e-01 8.560101134726925132e-01 6.608847339680881117e-01 1.844927242078391316e-01 3.072970748683008235e-01 6.768951091080277482e-01 2.215768050241763154e-01 4.694060347570293001e-01 4.074446099575977920e-01 3.859561397099607882e-01 1.529892963414453133e-01 8.455077669813162444e-01 2.605994176156419817e-01 7.266921933483514451e-01 2.875595294920694767e-01 5.022596421720749715e-01 8.120365340542901045e-01 7.506460588030589021e-01 1.357906406136616395e-01 0.000000000000000000e+00 5.531853269239291881e-01 3.648149910499814963e-01
3.758667121971052127e-01 8.896092285782370990e-01 4.225967988643588580e-01 6.239502480057204092e-01 5.672496679651024554e-01 5.209859343491372030e-01 5.280673172687462280e-01 8.068562274865362927e-01 8.532742377201123496e-01 5.621753720820035216e-01 2.293079502953337956e-01 3.881848207611278134e-01 6.226999673326196749e-01 1.871180804902755623e-01 3.686130755424112393e-01 1.365980091609287905e-01 7.112146487949427831e-01 9.100281827853673455e-01 2.033442768344103646e-01 2.864485166126332638e-01 4.857753022178232793e-01 2.584498253515659094e-01 5.898580472908652172e-01 6.728959493453319229e-01 6.903906818111638088e-01 8.471969372778681562e-01 4.908755364267469723e-01 6.655078134153035174e-01 7.502339457838607117e-01 1.506366164459956858e-01 8.937083235676237525e-01 2.792323913432247506e-01 5.531853269239291881e-01 0.000000000000000000e+00 9.579050895045293501e-01
7.568072202713695962e-01 4.496896211247933817e-01 2.319427409455173672e-01 5.222613548043328890e-01 2.131333389203817763e-01 6.425520074431013695e-01 5.429074386650872830e-01 7.342108268811073923e-01 3.799169110851621234e-01 7.057294721749609590e-01 3.982928505994103863e-01 2.031484983539327827e-01 5.652947094703877351e-01 7.481940206521323633e-01 7.176320289914184247e-02 5.595205186102569783e-01 2.072527617709803427e-01 4.733233231195737023e-01 3.838010034103367385e-01 9.219597828197436673e-01 4.013604927262662270e-01 3.796138754372175850e-01 8.643583483805115097e-01 2.295826526152506819e-01 1.996869441343669394e-01 2.578270985820022565e-01 4.578355939695089027e-01 4.570487243717138992e-01 2.539708706560335205e-01 4.917337124699444617e-01 8.469617778315124967e-01 3.308503228316054812e-01 3.648149910499814963e-01 9.579050895045293501e-01 0.000000000000000000e+00
