0.000000000000000000e+00 7.844508663582672181e-02 3.490029535117681880e-01 4.873349285415953247e-01 7.347850550241551426e-01 6.438388938079964152e-01 7.043452017429958634e-01 5.068269298874867879e-01 3.438274103463812015e-01 9.030468472537409585e-01 6.696928614243211619e-01 1.419320852621154261e-01 7.318681534273943079e-01 6.291440842085365137e-01 6.106188251896523811e-01 4.577288562936082106e-01 5.212668749715185790e-01 2.560575977031384065e-01 7.385877464284866800e-01 8.844592699574352901e-01 8.860632105087317134e-01 9.119243195903279364e-01 6.931417820652407968e-01 7.868384552231872942e-01 4.304025856178682052e-01 6.757889334177381579e-01 6.508842191963637447e-01 2.396295972094924509e-01 8.512499514758120611e-01 7.957040618271556953e-01 6.935733924486927604e-01 7.935472467759563386e-01 6.261641961754437213e-01 4.650775596900585951e-01 6.603440385341463603e-01
7.844508663582672181e-02 0.000000000000000000e+00 1.222357232626292145e-01 4.997684509281996590e-02 6.560259388489974031e-01 3.332556356830733701e-01 4.748531108686270263e-01 5.973084986892982506e-01 7.594567315719764622e-01 7.491585456735103676e-01 5.875169071456176617e-01 7.541678355380776466e-02 9.546374707200855347e-01 8.655034128151891659e-01 7.126009089810381170e-01 4.025214808785881893e-01 6.792831319573289228e-01 9.538902906006618831e-02 3.707276950367503487e-01 6.569014595679294466e-01 1.792578110089303456e-01 6.613457595968057490e-01 8.521198604394337739e-01 5.729700528746817234e-01 5.775360543707876992e-01 8.724557621050668121e-01 9.681761991630692954e-01 2.620262949153214227e-01 4.449715754279154889e-01 1.783076099948222581e-01 4.940490498996317204e-01 8.104243393044131549e-01 7.453288311152751477e-01 5.599967330310290370e-01 3.342890437726466768e-01
3.490029535117681880e-01 1.222357232626292145e-01 0.000000000000000000e+00 1.400667299062176019e-01 6.332572667393951971e-01 7.213853498472193593e-01 7.123260251630831874e-01 3.795812577211518657e-01 4.159659098110083941e-01 7.754800738654448189e-01 5.926553390640142416e-01 5.643337707209155063e-01 3.362796724143477523e-01 8.486469751999754507e-01 5.539553758005137940e-01 5.383389588830923556e-01 4.202898471997717489e-01 9.071769108028882034e-02 7.706979195041769870e-01 4.610092551822236873e-01 6.209114911595767783e-01 4.086908786087004031e-01 4.802781324610448377e-01 3.233824074719479080e-01 1.494200844512428850e-01 8.497830859396258152e-01 1.098881163571073794e-01 8.356169227202929761e-01 4.117585570565259201e-01 7.284057030474002659e-01 3.844909296703398760e-01 2.190473057633814946e-01 7.862779490737976662e-01 5.269873022077433689e-01 7.715516828817076123e-01
4.873349285415953247e-01 4.997684509281996590e-02 1.400667299062176019e-01 0.000000000000000000e+00 7.023259060589008840e-01 5.789930049596818673e-01 6.269019281634328200e-01 6.424081032593466078e-01 7.520409453141631007e-01 8.267899825674305259e-01 1.545547586989332589e-01 4.013806878143225676e-01 4.945887721891187305e-01 9.145889493832928263e-01 3.149103817764386526e-01 4.696842753486100142e-01 7.059193647333843469e-01 8.899482626984257516e-01 4.513118025779655484e-01 7.109780478305309792e-01 2.222198661818683973e-01 7.998279160003378685e-01 4.075998533920835998e-01 4.874479584765250006e-01 6.062084232701863140e-01 1.952256092222030281e-01 5.713296593364454168e-01 6.429447383026666296e-01 5.189627246402120919e-01 7.931291525445469670e-01 6.034650005683298568e-01 8.123713185882313059e-01 5.591671913902409585e-01 4.925811327184128618e-01 6.109543042600964480e-01
7.347850550241551426e-01 6.560259388489974031e-01 6.332572667393951971e-01 7.023259060589008840e-01 0.000000000000000000e+00 5.759404686707789711e-01 2.217237911473123047e-01 5.509718000369264734e-01 8.167280811964603426e-01 5.739577120236488694e-01 6.942585037069902709e-01 4.522894080335269074e-01 2.429623093659134536e-01 8.816808907662573302e-01 5.061493094411101401e-01 8.825641538027602095e-01 7.892497829014490929e-01 8.308878412659180812e-01 9.236805422788569864e-01 5.445188488093678503e-01 6.021011102038730245e-01 2.942882951273767533e-01 3.298839532357903948e-01 1.259934492729107847e-01 2.751018552095835790e-01 9.321324855612584948e-01 6.468128905700636366e-01 6.480364257738685518e-01 1.414130766560731667e-01 4.632580892469617684e-01 7.828096773075228221e-01 3.403992551235369701e-01 5.376787054632232721e-01 7.874787616359910647e-01 6.900285635401031126e-01
6.438388938079964152e-01 3.332556356830733701e-01 7.213853498472193593e-01 5.789930049596818673e-01 5.759404686707789711e-01 0.000000000000000000e+00 5.165030929960703343e-01 7.866883156639610242e-01 5.703765235750892781e-01 8.435992596949236644e-01 7.881553695361682710e-01 7.225859268391493506e-01 4.364843376375857620e-01 2.943139711188670904e-01 3.648548710416450458e-01 3.526187778546590601e-01 9.264952280007834329e-01 6.198208438084682470e-01 7.955756737486368024e-01 7.053096773656791774e-01 7.244029695380891365e-01 8.954424034004544453e-01 6.578333819315338449e-01 3.376557050609358956e-01 5.052547145259826955e-01 5.018389701814055526e-01 5.206239956136358149e-01 4.702813993909209511e-01 3.696739200716152585e-01 9.613537436990887697e-01 2.568346165179805629e-01 3.956864732472830104e-01 5.156585995062061833e-01 1.927401088073517066e-01 1.417085387327591262e-01
7.043452017429958634e-01 4.748531108686270263e-01 7.123260251630831874e-01 6.269019281634328200e-01 2.217237911473123047e-01 5.165030929960703343e-01 0.000000000000000000e+00 5.537477297876511884e-01 6.486579491886188542e-01 6.713607815189065464e-01 6.466744362393572754e-01 5.110402183654025876e-01 8.697012664426668760e-01 4.831510168174709685e-01 2.933065637024351857e-01 3.690337526246238453e-01 5.864256289422246082e-01 7.547591309267343007e-01 7.853547289208843152e-01 7.803563076764644668e-01 8.014241666574605238e-01 6.470392021212076905e-01 5.109108128976331820e-01 9.810578480274445567e-02 1.315205984240898074e-01 8.020859496505108321e-01 7.677023389774466633e-01 2.345192602607300003e-01 3.940162576371743497e-01 7.463316234979314734e-01 2.514183829465305164e-01 4.944766437428942396e-01 6.613574673338816767e-01 4.679828395360250415e-01 1.749590814011172668e-01
5.068269298874867879e-01 5.973084986892982506e-01 3.795812577211518657e-01 6.424081032593466078e-01 5.509718000369264734e-01 7.866883156639610242e-01 5.537477297876511884e-01 0.000000000000000000e+00 5.398500233179588381e-01 3.394886803266725095e-01 7.925861975273652549e-01 7.818921898362826139e-01 5.146572519191531248e-01 6.526654991809388573e-01 3.438998353442228595e-01 5.169064729385173251e-01 6.591926786187252141e-01 5.537367264986277071e-01 6.486591870975491059e-01 7.454122559183609109e-01 6.073488444929637797e-01 7.251992853256873373e-01 2.100781437957497944e-01 8.089379876985618445e-01 4.435108968442450506e-01 6.461511212583235242e-01 7.240849751222476760e-01 2.590833335987903219e-01 4.548076726576887330e-01 8.137620749268907883e-01 4.601743748920951727e-01 7.437228839032281602e-01 7.259620424787431858e-01 8.737080867406979978e-01 6.581431339754684195e-02
3.438274103463812015e-01 7.594567315719764622e-01 4.159659098110083941e-01 7.520409453141631007e-01 8.167280811964603426e-01 5.703765235750892781e-01 6.486579491886188542e-01 5.398500233179588381e-01 0.000000000000000000e+00 2.993435210405814839e-01 5.642474032174537024e-01 5.194756471414005983e-01 5.719791366189694859e-01 5.350312571183329924e-01 6.853359286714373333e-01 6.890804342927425719e-02 7.837625570666871822e-01 1.995460956936699892e-01 9.531602337900730859e-01 5.207653040647590714e-01 8.083857840141606133e-01 3.470375223762562911e-01 4.763342280424550657e-01 5.235677385253443283e-01 5.550368419628994854e-01 5.752978716610870347e-01 4.405882028591248112e-01 8.719979558060197977e-02 8.554926879616759905e-01 7.010655928691711392e-01 5.417346978230829224e-01 5.985893293928632453e-01 8.205889694523531563e-01 7.136937569355494837e-01 6.282342415172745831e-01
9.030468472537409585e-01 7.491585456735103676e-01 7.754800738654448189e-01 8.267899825674305259e-01 5.739577120236488694e-01 8.435992596949236644e-01 6.713607815189065464e-01 3.394886803266725095e-01 2.993435210405814839e-01 0.000000000000000000e+00 4.986002078930523718e-01 5.757312756746100213e-01 4.513480128808716740e-01 3.319839687779813087e-02 8.147572413065999886e-01 8.689657607779808224e-01 8.414996373957857045e-01 4.807520705298800601e-01 6.276059538094878043e-01 3.240357075569140211e-01 4.867841777200456743e-01 5.423194474915988827e-01 7.587155644865197779e-01 4.479796358970002945e-01 4.293470076242443256e-01 7.717276807895717683e-01 2.030157373502844420e-01 2.943094334963863856e-01 6.170386973826043064e-01 7.677750796361126895e-01 2.610836132030048828e-01 6.544260691727983303e-01 8.520935034304639721e-01 5.887427036355172838e-01 6.602100783637255832e-01
6.696928614243211619e-01 5.875169071456176617e-01 5.926553390640142416e-01 1.545547586989332589e-01 6.942585037069902709e-01 7.881553695361682710e-01 6.466744362393572754e-01 7.925861975273652549e-01 5.642474032174537024e-01 4.986002078930523718e-01 0.000000000000000000e+00 9.276645895870476721e-01 6.512435901669868521e-01 7.452007139222994736e-01 4.677023728459835938e-01 5.660672156637102104e-01 8.109891707556134977e-01 7.843818463692122656e-01 4.381373386423260130e-01 5.715264035876843618e-01 7.795171737519945854e-01 6.251021361714653723e-01 4.727424140527790586e-01 2.118475177232497231e-01 4.363630048488910673e-01 7.155399012531997727e-01 6.632603767143246953e-01 4.105492011166536059e-01 6.264398730703710783e-01 7.358772212815972713e-01 7.522458075426059487e-01 6.255528970949744139e-01 6.121653064471297423e-01 5.795301148765918953e-01 5.747999008447581826e-01
1.419320852621154261e-01 7.541678355380776466e-02 5.643337707209155063e-01 4.013806878143225676e-01 4.522894080335269074e-01 7.225859268391493506e-01 5.110402183654025876e-01 7.818921898362826139e-01 5.194756471414005983e-01 5.757312756746100213e-01 9.276645895870476721e-01 0.000000000000000000e+00 7.529895916225374242e-01 5.543787990356825457e-01 7.499936807805513972e-01 2.141978768417210077e-01 5.614707654945212401e-01 3.364991360987260038e-01 7.347419036266917836e-01 3.469743172945312093e-01 7.273541395762435080e-01 9.330236694356254246e-01 3.545715474315900839e-01 1.391775560255502642e-01 1.964491533169162585e-01 6.930086131918429260e-01 6.859868083266753569e-01 4.820051350834856918e-01 4.698329763607217435e-01 4.166741285972948017e-01 8.714597843660891741e-01 5.792838714269621381e-02 2.992475324794927616e-01 7.932616743557132644e-01 5.071501996131997370e-01
7.318681534273943079e-01 9.546374707200855347e-01 3.362796724143477523e-01 4.945887721891187305e-01 2.429623093659134536e-01 4.364843376375857620e-01 8.697012664426668760e-01 5.146572519191531248e-01 5.719791366189694859e-01 4.513480128808716740e-01 6.512435901669868521e-01 7.529895916225374242e-01 0.000000000000000000e+00 5.042353200868401331e-01 2.981609137692367018e-01 4.212940828551344774e-01 6.076094967162445348e-01 7.797004124707552775e-01 5.854387887561094406e-01 7.434943220062308900e-01 2.929788872577154812e-01 8.392357292155443460e-01 5.468363813774665960e-01 7.306924111948206457e-01 5.920749968561106469e-01 8.439312483095373629e-01 7.605296854641274695e-01 2.320532911437824808e-01 5.400654523095227422e-01 7.397601595800591401e-01 6.499143740567210337e-01 4.905478819637533183e-01 9.058685643435439028e-01 6.743821281634649889e-01 8.490190063195874881e-01
6.291440842085365137e-01 8.655034128151891659e-01 8.486469751999754507e-01 9.145889493832928263e-01 8.816808907662573302e-01 2.943139711188670904e-01 4.831510168174709685e-01 6.526654991809388573e-01 5.350312571183329924e-01 3.319839687779813087e-02 7.452007139222994736e-01 5.543787990356825457e-01 5.042353200868401331e-01 0.000000000000000000e+00 3.348897994338462247e-01 7.742126127940022196e-01 4.211429239946584691e-01 4.691169478065825293e-01 6.940767356268211508e-01 5.481628392269022321e-01 4.444394234438325264e-01 4.118961512261241076e-01 9.318243605212273017e-02 3.674809716436457374e-01 4.648791886058155076e-01 8.117967304307389664e-01 7.998075485009106256e-01 6.126544808589766689e-01 4.462461429160430315e-01 7.385488360210359371e-01 2.646502143730352641e-01 3.385484934597045026e-01 2.276046784818157587e-01 5.147032555017740929e-01 8.570769942806729658e-01
6.106188251896523811e-01 7.126009089810381170e-01 5.539553758005137940e-01 3.149103817764386526e-01 5.061493094411101401e-01 3.648548710416450458e-01 2.933065637024351857e-01 3.438998353442228595e-01 6.853359286714373333e-01 8.147572413065999886e-01 4.677023728459835938e-01 7.499936807805513972e-01 2.981609137692367018e-01 3.348897994338462247e-01 0.000000000000000000e+00 7.108295077603207224e-01 6.278026647938355076e-01 8.418726082767717944e-01 9.184192017667691665e-01 2.047703827805573695e-01 6.112048625450636763e-01 7.445303922066034419e-01 6.032964962997696690e-01 7.496917918637515665e-01 2.254180750208437667e-01 9.994128615909370073e-02 8.095770861415522157e-01 5.826732849278732917e-01 3.584517740061531343e-01 6.053639331420684888e-01 5.284265725074590581e-01 5.346056402606256253e-01 8.110357088464473785e-01 5.020245711369077934e-01 4.303385525861203043e-01
4.577288562936082106e-01 4.025214808785881893e-01 5.383389588830923556e-01 4.696842753486100142e-01 8.825641538027602095e-01 3.526187778546590601e-01 3.690337526246238453e-01 5.169064729385173251e-01 6.890804342927425719e-02 8.689657607779808224e-01 5.660672156637102104e-01 2.141978768417210077e-01 4.212940828551344774e-01 7.742126127940022196e-01 7.108295077603207224e-01 0.000000000000000000e+00 5.540648080752206273e-01 5.505456868278547633e-01 6.576049136341729495e-01 7.008845676415107473e-01 8.593904415105124706e-01 4.171336100811712244e-01 7.409794670185805288e-01 2.956710629078777020e-01 4.626874532813601282e-01 8.426784052069504760e-01 4.765832123262817577e-01 9.280129943198721643e-01 8.574492694927723369e-01 1.994465796109601841e-01 3.976492609222056496e-01 9.759373695698581042e-02 8.207102426268784168e-01 5.250560782836157792e-01 3.948391146126037921e-01
5.212668749715185790e-01 6.792831319573289228e-01 4.202898471997717489e-01 7.059193647333843469e-01 7.892497829014490929e-01 9.264952280007834329e-01 5.864256289422246082e-01 6.591926786187252141e-01 7.837625570666871822e-01 8.414996373957857045e-01 8.109891707556134977e-01 5.614707654945212401e-01 6.076094967162445348e-01 4.211429239946584691e-01 6.278026647938355076e-01 5.540648080752206273e-01 0.000000000000000000e+00 2.901499157525307404e-01 7.166831189849933725e-01 8.283205303538235809e-01 8.460519556847336808e-01 1.521810851552144461e-01 7.721522870441570596e-01 8.138819238878254314e-01 6.551493484102637321e-01 7.935671845084596443e-01 4.328234325854684594e-01 4.880923194975844703e-01 4.662290931299315488e-01 7.683240688718887546e-01 6.940565100490384554e-01 1.637898401686267436e-01 5.279264336739973862e-01 1.814729053775757661e-01 2.469075830724798137e-01
2.560575977031384065e-01 9.538902906006618831e-02 9.071769108028882034e-02 8.899482626984257516e-01 8.308878412659180812e-01 6.198208438084682470e-01 7.547591309267343007e-01 5.537367264986277071e-01 1.995460956936699892e-01 4.807520705298800601e-01 7.843818463692122656e-01 3.364991360987260038e-01 7.797004124707552775e-01 4.691169478065825293e-01 8.418726082767717944e-01 5.505456868278547633e-01 2.901499157525307404e-01 0.000000000000000000e+00 5.889211545753181287e-01 3.191739899778915923e-01 7.005529214491849066e-01 6.905416028806443673e-01 6.991489960316008556e-01 3.404337430054848457e-01 8.109025620333742967e-01 2.765037612676227163e-01 4.666942969126343654e-01 6.438087540904846584e-01 5.927976263925368583e-01 7.661265356984507946e-01 5.829520987319780634e-01 7.026250083197632668e-01 5.278081751912415687e-01 8.048927234227771788e-01 8.137812946091758093e-01
7.385877464284866800e-01 3.707276950367503487e-01 7.706979195041769870e-01 4.513118025779655484e-01 9.236805422788569864e-01 7.955756737486368024e-01 7.853547289208843152e-01 6.486591870975491059e-01 9.531602337900730859e-01 6.276059538094878043e-01 4.381373386423260130e-01 7.347419036266917836e-01 5.854387887561094406e-01 6.940767356268211508e-01 9.184192017667691665e-01 6.576049136341729495e-01 7.166831189849933725e-01 5.889211545753181287e-01 0.000000000000000000e+00 5.289334794312413601e-01 7.511223947101364207e-01 5.043069671583664260e-01 4.600139835167253999e-01 9.042558948558807597e-01 6.142595530658088165e-01 1.251750960704314242e-01 7.789243691147668125e-01 6.580423756259861090e-01 4.914735643706560908e-01 3.252757130988638834e-01 7.845975917238782182e-01 5.374915492210111667e-01 7.913996768635278567e-01 5.190449644973496035e-01 2.322425543001648274e-01
8.844592699574352901e-01 6.569014595679294466e-01 4.610092551822236873e-01 7.109780478305309792e-01 5.445188488093678503e-01 7.053096773656791774e-01 7.803563076764644668e-01 7.454122559183609109e-01 5.207653040647590714e-01 3.240357075569140211e-01 5.715264035876843618e-01 3.469743172945312093e-01 7.434943220062308900e-01 5.481628392269022321e-01 2.047703827805573695e-01 7.008845676415107473e-01 8.283205303538235809e-01 3.191739899778915923e-01 5.289334794312413601e-01 0.000000000000000000e+00 7.193041608019559163e-01 3.327809113950883080e-01 7.396726754145328542e-01 6.037254441263433247e-01 8.422271374498533358e-01 1.743645080773860156e-01 6.279497009775097949e-01 3.767547546823461491e-01 7.621923176106666364e-01 1.116133789214132088e-01 8.540578846043227479e-01 6.207659650783429184e-01 6.265502455433138440e-01 7.868269424189346939e-01 7.124755211281044165e-01
8.860632105087317134e-01 1.792578110089303456e-01 6.209114911595767783e-01 2.222198661818683973e-01 6.021011102038730245e-01 7.244029695380891365e-01 8.014241666574605238e-01 6.073488444929637797e-01 8.083857840141606133e-01 4.867841777200456743e-01 7.795171737519945854e-01 7.273541395762435080e-01 2.929788872577154812e-01 4.444394234438325264e-01 6.112048625450636763e-01 8.593904415105124706e-01 8.460519556847336808e-01 7.005529214491849066e-01 7.511223947101364207e-01 7.193041608019559163e-01 0.000000000000000000e+00 4.763438290915025797e-01 5.629357417295285382e-01 5.613939506134137947e-01 3.996079567508143970e-01 4.086638847167018973e-01 5.442344958067328875e-01 3.237541299540452888e-01 6.539317737009101572e-01 4.717035822597672179e-01 4.044155805942591941e-01 8.639806724206191557e-01 7.537569036754737661e-01 4.066118133763501064e-01 4.426005038361915944e-01
9.119243195903279364e-01 6.613457595968057490e-01 4.086908786087004031e-01 7.998279160003378685e-01 2.942882951273767533e-01 8.954424034004544453e-01 6.470392021212076905e-01 7.251992853256873373e-01 3.470375223762562911e-01 5.423194474915988827e-01 6.251021361714653723e-01 9.330236694356254246e-01 8.392357292155443460e-01 4.118961512261241076e-01 7.445303922066034419e-01 4.171336100811712244e-01 1.521810851552144461e-01 6.905416028806443673e-01 5.043069671583664260e-01 3.327809113950883080e-01 4.763438290915025797e-01 0.000000000000000000e+00 5.582500888740766776e-01 6.078519938586492977e-01 6.147615318580978983e-01 7.895925044683522742e-01 6.850690547323361468e-01 4.072356068562159592e-01 8.287776049453846605e-01 5.543553265060919832e-01 7.360511692569389197e-01 1.624020552910954152e-02 3.987569524819249978e-01 5.791464265035649595e-01 3.672652855644645831e-01
6.931417820652407968e-01 8.521198604394337739e-01 4.802781324610448377e-01 4.075998533920835998e-01 3.298839532357903948e-01 6.578333819315338449e-01 5.109108128976331820e-01 2.100781437957497944e-01 4.763342280424550657e-01 7.587155644865197779e-01 4.727424140527790586e-01 3.545715474315900839e-01 5.468363813774665960e-01 9.318243605212273017e-02 6.032964962997696690e-01 7.409794670185805288e-01 7.721522870441570596e-01 6.991489960316008556e-01 4.600139835167253999e-01 7.396726754145328542e-01 5.629357417295285382e-01 5.582500888740766776e-01 0.000000000000000000e+00 5.647292039137694619e-01 6.060310613542070346e-01 7.619323616922004661e-01 7.805453628287504220e-01 3.738619134514676867e-01 5.673996726876494590e-01 1.011513251176905381e-01 6.461536103610625581e-01 7.700224120010710216e-01 7.097833090957521573e-01 1.949656672842994820e-01 6.797904494766213723e-01
7.868384552231872942e-01 5.729700528746817234e-01 3.233824074719479080e-01 4.874479584765250006e-01 1.259934492729107847e-01 3.376557050609358956e-01 9.810578480274445567e-02 8.089379876985618445e-01 5.235677385253443283e-01 4.479796358970002945e-01 2.118475177232497231e-01 1.391775560255502642e-01 7.306924111948206457e-01 3.674809716436457374e-01 7.496917918637515665e-01 2.956710629078777020e-01 8.138819238878254314e-01 3.404337430054848457e-01 9.042558948558807597e-01 6.037254441263433247e-01 5.613939506134137947e-01 6.078519938586492977e-01 5.647292039137694619e-01 0.000000000000000000e+00 2.983287392449756048e-01 8.698729397378905936e-01 3.354243374781118447e-01 6.346345916803517451e-01 6.892443456798409418e-01 3.942774728876389800e-01 2.995638766065946146e-01 8.862878198435200083e-01 7.970281261611769086e-01 7.295452178876759008e-01 3.293895971997038430e-01
4.304025856178682052e-01 5.775360543707876992e-01 1.494200844512428850e-01 6.062084232701863140e-01 2.751018552095835790e-01 5.052547145259826955e-01 1.315205984240898074e-01 4.435108968442450506e-01 5.550368419628994854e-01 4.293470076242443256e-01 4.363630048488910673e-01 1.964491533169162585e-01 5.920749968561106469e-01 4.648791886058155076e-01 2.254180750208437667e-01 4.626874532813601282e-01 6.551493484102637321e-01 8.109025620333742967e-01 6.142595530658088165e-01 8.422271374498533358e-01 3.996079567508143970e-01 6.147615318580978983e-01 6.060310613542070346e-01 2.983287392449756048e-01 0.000000000000000000e+00 3.892532414431542076e-01 2.932787981953201006e-01 6.081906250493949173e-01 4.166596721234633316e-01 4.460163246964763961e-01 4.524062116100739384e-01 2.671598330013008615e-01 4.067326340396268947e-01 4.281193165155027791e-01 6.683243884968975701e-01
6.757889334177381579e-01 8.724557621050668121e-01 8.497830859396258152e-01 1.952256092222030281e-01 9.321324855612584948e-01 5.018389701814055526e-01 8.020859496505108321e-01 6.461511212583235242e-01 5.752978716610870347e-01 7.717276807895717683e-01 7.155399012531997727e-01 6.930086131918429260e-01 8.439312483095373629e-01 8.117967304307389664e-01 9.994128615909370073e-02 8.426784052069504760e-01 7.935671845084596443e-01 2.765037612676227163e-01 1.251750960704314242e-01 1.743645080773860156e-01 4.086638847167018973e-01 7.895925044683522742e-01 7.619323616922004661e-01 8.698729397378905936e-01 3.892532414431542076e-01 0.000000000000000000e+00 2.347442983065411992e-01 4.523304574694947400e-01 6.275698706344441380e-01 7.772164675527217792e-01 8.652170540447541303e-01 4.653479013877837023e-01 4.903325451131820278e-01 7.428408782269106947e-01 7.696447381461570814e-01
6.508842191963637447e-01 9.681761991630692954e-01 1.098881163571073794e-01 5.713296593364454168e-01 6.468128905700636366e-01 5.206239956136358149e-01 7.677023389774466633e-01 7.240849751222476760e-01 4.405882028591248112e-01 2.030157373502844420e-01 6.632603767143246953e-01 6.859868083266753569e-01 7.605296854641274695e-01 7.998075485009106256e-01 8.095770861415522157e-01 4.765832123262817577e-01 4.328234325854684594e-01 4.666942969126343654e-01 7.789243691147668125e-01 6.279497009775097949e-01 5.442344958067328875e-01 6.850690547323361468e-01 7.805453628287504220e-01 3.354243374781118447e-01 2.932787981953201006e-01 2.347442983065411992e-01 0.000000000000000000e+00 4.142797861574697982e-01 8.032518896599334379e-01 6.984167748915994789e-01 6.278869005850100660e-01 4.285842749511266092e-01 3.932008506624407040e-01 7.153830670144627479e-01 5.706154561684229076e-01
2.396295972094924509e-01 2.620262949153214227e-01 8.356169227202929761e-01 6.429447383026666296e-01 6.480364257738685518e-01 4.702813993909209511e-01 2.345192602607300003e-01 2.590833335987903219e-01 8.719979558060197977e-02 2.943094334963863856e-01 4.105492011166536059e-01 4.820051350834856918e-01 2.320532911437824808e-01 6.126544808589766689e-01 5.826732849278732917e-01 9.280129943198721643e-01 4.880923194975844703e-01 6.438087540904846584e-01 6.580423756259861090e-01 3.767547546823461491e-01 3.237541299540452888e-01 4.072356068562159592e-01 3.738619134514676867e-01 6.346345916803517451e-01 6.081906250493949173e-01 4.523304574694947400e-01 4.142797861574697982e-01 0.000000000000000000e+00 4.552344964018573137e-01 4.415972961734750957e-01 6.864279313641612479e-01 8.519101753320666992e-01 4.082348742114167428e-01 4.398169637691290434e-01 2.559533763162065156e-01
8.512499514758120611e-01 4.449715754279154889e-01 4.117585570565259201e-01 5.189627246402120919e-01 1.414130766560731667e-01 3.696739200716152585e-01 3.940162576371743497e-01 4.548076726576887330e-01 8.554926879616759905e-01 6.170386973826043064e-01 6.264398730703710783e-01 4.698329763607217435e-01 5.400654523095227422e-01 4.462461429160430315e-01 3.584517740061531343e-01 8.574492694927723369e-01 4.662290931299315488e-01 5.927976263925368583e-01 4.914735643706560908e-01 7.621923176106666364e-01 6.539317737009101572e-01 8.287776049453846605e-01 5.673996726876494590e-01 6.892443456798409418e-01 4.166596721234633316e-01 6.275698706344441380e-01 8.032518896599334379e-01 4.552344964018573137e-01 0.000000000000000000e+00 3.494274891104121039e-01 3.773687470789039433e-01 7.472120564751110194e-01 8.027698123134556774e-01 4.984868188921519616e-01 3.940627856092134840e-01
7.957040618271556953e-01 1.783076099948222581e-01 7.284057030474002659e-01 7.931291525445469670e-01 4.632580892469617684e-01 9.613537436990887697e-01 7.463316234979314734e-01 8.137620749268907883e-01 7.010655928691711392e-01 7.677750796361126895e-01 7.358772212815972713e-01 4.166741285972948017e-01 7.397601595800591401e-01 7.385488360210359371e-01 6.053639331420684888e-01 1.994465796109601841e-01 7.683240688718887546e-01 7.661265356984507946e-01 3.252757130988638834e-01 1.116133789214132088e-01 4.717035822597672179e-01 5.543553265060919832e-01 1.011513251176905381e-01 3.942774728876389800e-01 4.460163246964763961e-01 7.772164675527217792e-01 6.984167748915994789e-01 4.415972961734750957e-01 3.494274891104121039e-01 0.000000000000000000e+00 7.411041960394393335e-01 3.016328814435768058e-01 8.299615222950222915e-01 6.018554986203727974e-01 8.560154144761528139e-01
6.935733924486927604e-01 4.940490498996317204e-01 3.844909296703398760e-01 6.034650005683298568e-01 7.828096773075228221e-01 2.568346165179805629e-01 2.514183829465305164e-01 4.601743748920951727e-01 5.417346978230829224e-01 2.610836132030048828e-01 7.522458075426059487e-01 8.714597843660891741e-01 6.499143740567210337e-01 2.646502143730352641e-01 5.284265725074590581e-01 3.976492609222056496e-01 6.940565100490384554e-01 5.829520987319780634e-01 7.845975917238782182e-01 8.540578846043227479e-01 4.044155805942591941e-01 7.360511692569389197e-01 6.461536103610625581e-01 2.995638766065946146e-01 4.524062116100739384e-01 8.652170540447541303e-01 6.278869005850100660e-01 6.864279313641612479e-01 3.773687470789039433e-01 7.411041960394393335e-01 0.000000000000000000e+00 6.443310254842889995e-01 7.864449728741585988e-01 6.698809248187944654e-01 7.638708939287386368e-01
7.935472467759563386e-01 8.104243393044131549e-01 2.190473057633814946e-01 8.123713185882313059e-01 3.403992551235369701e-01 3.956864732472830104e-01 4.944766437428942396e-01 7.437228839032281602e-01 5.985893293928632453e-01 6.544260691727983303e-01 6.255528970949744139e-01 5.792838714269621381e-02 4.905478819637533183e-01 3.385484934597045026e-01 5.346056402606256253e-01 9.759373695698581042e-02 1.637898401686267436e-01 7.026250083197632668e-01 5.374915492210111667e-01 6.207659650783429184e-01 8.639806724206191557e-01 1.624020552910954152e-02 7.700224120010710216e-01 8.862878198435200083e-01 2.671598330013008615e-01 4.653479013877837023e-01 4.285842749511266092e-01 8.519101753320666992e-01 7.472120564751110194e-01 3.016328814435768058e-01 6.443310254842889995e-01 0.000000000000000000e+00 8.344302550339177671e-01 5.074567404061949283e-01 3.296494490051656845e-01
6.261641961754437213e-01 7.453288311152751477e-01 7.862779490737976662e-01 5.591671913902409585e-01 5.376787054632232721e-01 5.156585995062061833e-01 6.613574673338816767e-01 7.259620424787431858e-01 8.205889694523531563e-01 8.520935034304639721e-01 6.121653064471297423e-01 2.992475324794927616e-01 9.058685643435439028e-01 2.276046784818157587e-01 8.110357088464473785e-01 8.207102426268784168e-01 5.279264336739973862e-01 5.278081751912415687e-01 7.913996768635278567e-01 6.265502455433138440e-01 7.537569036754737661e-01 3.987569524819249978e-01 7.097833090957521573e-01 7.970281261611769086e-01 4.067326340396268947e-01 4.903325451131820278e-01 3.932008506624407040e-01 4.082348742114167428e-01 8.027698123134556774e-01 8.299615222950222915e-01 7.864449728741585988e-01 8.344302550339177671e-01 0.000000000000000000e+00 6.694418275896717452e-01 3.119273493107032058e-01
4.650775596900585951e-01 5.599967330310290370e-01 5.269873022077433689e-01 4.925811327184128618e-01 7.874787616359910647e-01 1.927401088073517066e-01 4.679828395360250415e-01 8.737080867406979978e-01 7.136937569355494837e-01 5.887427036355172838e-01 5.795301148765918953e-01 7.932616743557132644e-01 6.743821281634649889e-01 5.147032555017740929e-01 5.020245711369077934e-01 5.250560782836157792e-01 1.814729053775757661e-01 8.048927234227771788e-01 5.190449644973496035e-01 7.868269424189346939e-01 4.066118133763501064e-01 5.791464265035649595e-01 1.949656672842994820e-01 7.295452178876759008e-01 4.281193165155027791e-01 7.428408782269106947e-01 7.153830670144627479e-01 4.398169637691290434e-01 4.984868188921519616e-01 6.018554986203727974e-01 6.698809248187944654e-01 5.074567404061949283e-01 6.694418275896717452e-01 0.000000000000000000e+00 3.983404770241161241e-02
6.603440385341463603e-01 3.342890437726466768e-01 7.715516828817076123e-01 6.109543042600964480e-01 6.900285635401031126e-01 1.417085387327591262e-01 1.749590814011172668e-01 6.581431339754684195e-02 6.282342415172745831e-01 6.602100783637255832e-01 5.747999008447581826e-01 5.071501996131997370e-01 8.490190063195874881e-01 8.570769942806729658e-01 4.303385525861203043e-01 3.948391146126037921e-01 2.469075830724798137e-01 8.137812946091758093e-01 2.322425543001648274e-01 7.124755211281044165e-01 4.426005038361915944e-01 3.672652855644645831e-01 6.797904494766213723e-01 3.293895971997038430e-01 6.683243884968975701e-01 7.696447381461570814e-01 5.706154561684229076e-01 2.559533763162065156e-01 3.940627856092134840e-01 8.560154144761528139e-01 7.638708939287386368e-01 3.296494490051656845e-01 3.119273493107032058e-01 3.983404770241161241e-02 0.000000000000000000e+00
