0.000000000000000000e+00 3.591761214974209526e-01 6.198384087921409158e-01 5.675756353392165110e-01 1.996876173667118115e-01 1.313853998177302307e-01 3.336755331510570244e-01 9.015302391342960853e-01 5.130947005331587540e-01 4.602134562073941781e-01 4.996022957557778588e-01 8.731654053896562573e-01 4.128379479986924450e-01 7.803072874221316235e-01 8.636213975083433247e-01 2.566688534844407399e-01 5.439740125024168371e-01 7.189674662380185488e-02 3.313912660128478516e-01 2.549002590604838581e-01 5.868757648990113873e-01 7.228350230473054028e-01 7.424581866590973522e-02 1.004686742949167932e-01 6.926159782207896853e-01 5.918451286022626823e-01 6.802826377285846604e-01 5.344901820041999541e-01 6.754071919007129665e-01 6.843112082849759359e-01 5.309926060585475893e-01 3.920315786132017033e-01 6.447751392055035558e-01 1.659499951435213783e-01 5.200261962503014423e-01
3.591761214974209526e-01 0.000000000000000000e+00 6.459498612687946117e-01 7.181214625663032702e-01 5.383927554079821487e-01 5.871303583888313193e-01 7.452378135554305061e-02 8.519415198663340405e-01 1.948457516420745161e-01 2.601047475735652759e-01 4.279063572554852035e-01 6.762392160770457350e-01 7.267999257148609615e-01 5.947431052888974001e-01 8.344095894489849119e-01 1.453164652787208855e-01 5.346641452164845321e-01 3.767227022031053307e-01 5.005059695144292720e-01 7.164265968990137790e-01 1.637697140864424750e-01 5.163632817468351011e-01 4.169751203812576135e-01 5.464266329184864768e-01 1.504273492787437938e-01 2.401880101349090912e-01 2.126881254847787783e-01 8.358710468229748614e-01 4.491510306108309480e-01 4.227356876477846859e-01 3.247832122895700779e-01 5.312206600562556780e-01 4.829446219611455149e-01 8.885107238225199433e-01 2.624333197336760071e-01
6.198384087921409158e-01 6.459498612687946117e-01 0.000000000000000000e+00 9.217010734271169348e-01 6.716805736322990494e-01 6.561078634985215707e-01 3.557067875500909970e-01 7.747291396065560942e-01 5.415291482729354122e-01 5.762474719709662629e-01 5.237792222714381385e-01 5.028331212567698216e-01 6.902797387804104901e-01 3.813394331744816013e-01 1.484046461210204448e-01 2.862438744409320224e-01 4.924093008169168617e-01 4.010200585813281648e-01 4.104898997999477661e-01 4.233883479368233393e-01 4.114618018119513554e-01 6.731464131970970044e-01 5.194029696523762007e-01 2.983741610418483847e-01 7.586313850655181934e-01 3.485617253896194923e-01 4.793359662188678150e-01 5.959523720427992721e-01 2.362227170300325585e-01 7.279200889538900432e-01 4.808391431414663630e-01 9.348223451832419206e-01 3.198666287270505171e-01 1.034686479549776772e-01 5.942360512121839244e-01
5.675756353392165110e-01 7.181214625663032702e-01 9.217010734271169348e-01 0.000000000000000000e+00 3.942795711344050380e-01 9.075375588120351278e-01 1.154769339317395227e-01 4.978600561061148344e-01 5.824931039950929090e-01 4.426415353470948277e-01 3.503786361007560357e-01 3.332552933170008780e-01 3.230577132186079892e-01 4.495573346073772347e-01 6.696678532178741428e-01 2.469130757773402296e-01 1.842178602599241488e-01 4.619389537098084197e-01 5.496584036116820560e-01 6.165318925840311826e-01 5.627195712371938496e-01 4.310388324562784979e-01 7.820686243143821770e-01 4.974301333128419156e-01 5.234804135523818402e-01 4.502550667465260448e-01 6.391686913768110934e-01 2.798395451556242586e-01 3.492099952794516238e-01 5.843664299514359506e-01 4.302481128332983351e-01 5.509478646510626021e-01 6.383475047322273443e-01 2.013343658715142093e-01 5.374665730757438586e-01
1.996876173667118115e-01 5.383927554079821487e-01 6.716805736322990494e-01 3.942795711344050380e-01 0.000000000000000000e+00 4.781661620384339839e-01 6.355232127466121650e-01 7.185967978743591500e-01 2.462848057582889272e-01 7.932185776031546176e-01 4.534103789293224551e-01 5.132547937165174989e-01 7.925464348396973335e-01 4.558865867343697698e-01 9.876364334240032017e-01 5.414435264238246504e-01 6.658410041599960305e-01 5.174805040181313931e-01 7.317027330327307011e-01 6.537635124664522568e-01 8.423449428180354026e-01 4.502431570051619314e-01 5.692821370988850882e-01 3.438849361261105964e-01 1.114511753621421075e-01 3.429734777373938948e-01 5.166020317780876114e-01 5.086439923345749126e-01 9.132015189357609586e-01 7.144188645145040928e-01 5.726412437241137354e-01 3.244565151696556793e-01 7.110256560017167438e-01 8.538036698522074586e-01 4.876746014207044566e-01
1.313853998177302307e-01 5.871303583888313193e-01 6.561078634985215707e-01 9.075375588120351278e-01 4.781661620384339839e-01 0.000000000000000000e+00 4.734445154117260524e-01 3.161639497136308208e-01 3.900219371745528019e-01 2.118385343400717158e-01 5.068803851475552902e-01 7.286993630213958184e-01 4.214158155907757886e-01 4.469989046581627212e-01 7.209485572904668071e-01 5.225630720790228612e-01 5.728371632277839964e-01 8.112255661833862597e-01 3.199304687791759694e-02 3.311011873274716244e-02 3.704669026712513746e-01 3.674452332880343564e-01 4.245979212241824396e-01 9.417080896086866826e-01 6.462855421251196830e-01 5.503074705127577460e-01 4.799890270703003337e-01 7.498227927701768269e-01 6.265334389986909613e-01 8.543934318909762737e-01 5.978403181916869258e-01 3.204827096701567402e-01 1.580333221024899926e-01 3.304701773300038337e-01 6.423831065739855628e-01
3.336755331510570244e-01 7.452378135554305061e-02 3.557067875500909970e-01 1.154769339317395227e-01 6.355232127466121650e-01 4.734445154117260524e-01 0.000000000000000000e+00 2.103821782790752382e-01 4.710150003251531992e-01 4.408462986995240196e-01 7.588538115724865474e-01 4.082702707820703436e-01 9.686992800689180338e-01 7.135644053041755308e-01 5.956618537772007116e-01 3.441451983899727063e-01 1.400925281943938838e-01 5.516609166956714105e-01 5.454072865255510383e-01 4.232501459254521814e-01 4.194948911436079952e-01 7.671120698828357565e-01 8.842796188584578498e-02 8.759329202909030831e-01 4.804737995421212160e-01 5.265324999296671082e-01 5.701143911679272813e-01 5.619496163815829171e-01 6.644785633336453001e-01 4.990665921967872287e-01 8.058708721051475177e-01 8.517319668705366498e-01 6.514535420214300210e-01 4.669517407307882673e-01 3.946985002400679732e-01
9.015302391342960853e-01 8.519415198663340405e-01 7.747291396065560942e-01 4.978600561061148344e-01 7.185967978743591500e-01 3.161639497136308208e-01 2.103821782790752382e-01 0.000000000000000000e+00 6.880043467578005334e-01 6.250712669316108583e-01 6.643159505181331914e-01 8.223559465793884860e-01 4.711209374430219698e-01 1.845718665657482549e-01 6.421884242844788648e-01 5.480033083021869089e-01 6.606883033147625817e-01 8.546346622064249221e-01 6.891748272476641013e-01 2.762733978826026338e-01 5.382194761267373728e-01 5.129072827385070532e-01 7.556740422086233311e-01 8.560651598114603633e-01 3.915209095007796680e-01 7.286462186037399036e-01 3.482487092425157194e-01 3.207543630982535587e-01 5.561971600790500680e-01 8.298741798332072150e-01 2.253389352155135139e-01 7.708114918414985528e-01 6.153355662427285599e-01 8.170231399255960536e-01 4.144830451047449849e-01
5.130947005331587540e-01 1.948457516420745161e-01 5.415291482729354122e-01 5.824931039950929090e-01 2.462848057582889272e-01 3.900219371745528019e-01 4.710150003251531992e-01 6.880043467578005334e-01 0.000000000000000000e+00 2.926242147582808206e-01 9.066243852190214447e-01 7.559940012586821023e-01 1.858191692909775261e-01 4.959265274814378399e-01 4.690703856257886772e-01 7.106759902162244069e-01 5.413886534404765971e-01 7.307223435016597657e-01 6.656580888704637378e-01 1.718102246310286296e-01 3.566198476368653836e-01 7.780442774131212103e-01 7.995830022572332219e-01 3.020797865825015083e-01 3.868910757470913619e-01 1.665535529283996841e-01 5.768685393477643863e-01 7.319978618856072261e-01 5.609138692493806921e-01 3.600037433168061796e-01 6.389766331504963537e-01 6.136332176094949631e-02 4.906098035351556530e-01 3.982490695869069786e-01 8.291127392909878324e-01
4.602134562073941781e-01 2.601047475735652759e-01 5.762474719709662629e-01 4.426415353470948277e-01 7.932185776031546176e-01 2.118385343400717158e-01 4.408462986995240196e-01 6.250712669316108583e-01 2.926242147582808206e-01 0.000000000000000000e+00 9.570916623747804941e-02 3.714669634498337647e-01 7.430753660904354518e-01 4.287778427983527374e-01 5.206811720610324823e-01 5.935977085126944441e-01 7.635343610396582159e-01 3.644594709557790191e-01 3.458533593878011514e-01 4.500814995001393704e-01 7.393467269012631293e-01 3.654300360018472027e-01 6.705505650548122532e-01 3.358300190743627178e-01 7.141746796765640060e-01 5.276882869269275966e-01 4.639004520592223124e-01 8.477357381232619726e-02 2.564852842379719000e-01 6.701508930461339553e-01 5.108904837360039863e-01 2.408193630860685497e-01 3.732720628669430329e-01 5.610901026122003810e-01 5.123157399185155336e-01
4.996022957557778588e-01 4.279063572554852035e-01 5.237792222714381385e-01 3.503786361007560357e-01 4.534103789293224551e-01 5.068803851475552902e-01 7.588538115724865474e-01 6.643159505181331914e-01 9.066243852190214447e-01 9.570916623747804941e-02 0.000000000000000000e+00 3.326457091207746242e-01 4.066165354705439938e-01 8.430346313492498300e-01 7.695834602729902940e-01 3.566689466253307739e-01 5.187941719351261138e-01 5.788873133106331448e-01 5.410440469302930655e-01 5.325525181427801513e-01 8.201570736739304257e-01 5.855125231148554654e-01 4.380186720204548578e-02 5.702268701252081184e-01 5.072461592489883042e-01 2.692657146222983133e-01 2.001018388043765972e-01 7.705281814994811018e-01 4.977296050901083846e-01 8.278609016793750941e-01 5.232466568775056004e-01 6.542730834094498960e-01 5.171528067956572272e-01 5.017287758673030229e-01 3.896666220897937460e-01
8.731654053896562573e-01 6.762392160770457350e-01 5.028331212567698216e-01 3.332552933170008780e-01 5.132547937165174989e-01 7.286993630213958184e-01 4.082702707820703436e-01 8.223559465793884860e-01 7.559940012586821023e-01 3.714669634498337647e-01 3.326457091207746242e-01 0.000000000000000000e+00 1.553094618469554877e-01 5.650572707616007273e-01 4.027634330948599573e-01 4.647459609148576476e-01 5.143920052501078644e-01 4.350661382019858081e-01 2.584688068555446860e-01 6.928436666293436019e-01 5.905947870033517733e-01 8.694958155766510099e-01 4.646782946494938393e-01 8.312081764443450815e-01 4.662137200244740320e-01 3.957098093758829038e-01 8.897696646633200812e-01 2.897333870513546517e-01 4.444672109110515690e-01 5.001660857024252671e-01 3.181630118925866668e-01 7.979714040875429681e-01 2.286185127466506817e-01 7.017125026819519551e-01 6.094559353614628083e-01
4.128379479986924450e-01 7.267999257148609615e-01 6.902797387804104901e-01 3.230577132186079892e-01 7.925464348396973335e-01 4.214158155907757886e-01 9.686992800689180338e-01 4.711209374430219698e-01 1.858191692909775261e-01 7.430753660904354518e-01 4.066165354705439938e-01 1.553094618469554877e-01 0.000000000000000000e+00 2.442543720168068311e-01 6.559761830862553822e-01 5.130455131859150697e-01 5.336710155949675460e-01 5.412314023206179492e-01 3.324067396843606303e-01 4.027886544506295019e-01 5.425671367643389864e-01 6.779542802066808038e-01 3.681566815496931655e-01 7.863484205663606730e-01 4.646204614913769237e-01 4.663234100217381606e-01 5.046172202367088522e-01 4.025447283004797150e-01 4.628685704897343434e-01 5.195174239135014194e-01 4.369483217656319196e-01 2.935014669556323952e-01 3.290600581594644858e-01 6.871806387743895073e-01 4.793790454813935398e-01
7.803072874221316235e-01 5.947431052888974001e-01 3.813394331744816013e-01 4.495573346073772347e-01 4.558865867343697698e-01 4.469989046581627212e-01 7.135644053041755308e-01 1.845718665657482549e-01 4.959265274814378399e-01 4.287778427983527374e-01 8.430346313492498300e-01 5.650572707616007273e-01 2.442543720168068311e-01 0.000000000000000000e+00 4.917267853163446167e-01 1.298815688069147045e-01 6.532728952870975325e-01 4.750705180729952737e-01 8.228226663723856582e-01 4.901435441225197587e-01 6.830385892861430275e-01 4.977314142613211700e-01 4.472960598394578047e-01 3.199495414406511307e-01 6.370945863406120013e-01 4.689399127655373145e-01 4.687986264656361368e-01 1.612298849842490611e-01 3.424783327832725544e-01 8.508412130410812901e-01 9.075943903462186935e-01 3.817165077384971905e-01 5.298511738816835681e-01 7.540135282180540077e-01 8.053716810157869332e-01
8.636213975083433247e-01 8.344095894489849119e-01 1.484046461210204448e-01 6.696678532178741428e-01 9.876364334240032017e-01 7.209485572904668071e-01 5.956618537772007116e-01 6.421884242844788648e-01 4.690703856257886772e-01 5.206811720610324823e-01 7.695834602729902940e-01 4.027634330948599573e-01 6.559761830862553822e-01 4.917267853163446167e-01 0.000000000000000000e+00 1.370445473598468356e-01 4.712606746677461822e-01 5.030173958987318450e-01 7.745866309576578956e-01 2.469117964329865522e-01 3.761620064201387503e-02 4.083509440059203133e-01 4.877095025321336874e-01 1.264888966512922597e-01 3.802120056183982966e-01 3.974608994866228873e-01 4.547847182517759101e-01 4.881020397628694774e-01 1.250975945782231147e-01 4.694279684838896793e-01 4.170323741573165877e-01 8.240259320573084523e-01 7.491997477081258072e-02 7.407166237464346548e-01 5.966407903868062856e-01
2.566688534844407399e-01 1.453164652787208855e-01 2.862438744409320224e-01 2.469130757773402296e-01 5.414435264238246504e-01 5.225630720790228612e-01 3.441451983899727063e-01 5.480033083021869089e-01 7.106759902162244069e-01 5.935977085126944441e-01 3.566689466253307739e-01 4.647459609148576476e-01 5.130455131859150697e-01 1.298815688069147045e-01 1.370445473598468356e-01 0.000000000000000000e+00 8.300735864644415152e-01 7.946603098001886467e-01 5.965857179640380314e-01 4.934279006558505709e-01 7.241775769436145094e-01 4.828516459370664760e-01 4.236994458818584275e-01 5.801309432301708924e-01 9.127915029815883985e-01 9.383386094056482829e-01 8.221262732624017300e-01 3.582602272877546401e-01 9.050323604543668576e-01 7.136089469458331003e-01 5.627977804980679455e-01 5.628007066028690719e-01 4.940530108602405601e-01 4.128843722333105370e-01 2.015607425326045865e-01
5.439740125024168371e-01 5.346641452164845321e-01 4.924093008169168617e-01 1.842178602599241488e-01 6.658410041599960305e-01 5.728371632277839964e-01 1.400925281943938838e-01 6.606883033147625817e-01 5.413886534404765971e-01 7.635343610396582159e-01 5.187941719351261138e-01 5.143920052501078644e-01 5.336710155949675460e-01 6.532728952870975325e-01 4.712606746677461822e-01 8.300735864644415152e-01 0.000000000000000000e+00 5.499138172405733105e-01 4.010227023182181827e-01 7.381820680437496396e-01 3.064523149748108466e-01 6.196215947165450988e-01 6.862290412158351671e-01 6.575758421279567223e-01 1.327516177285161803e-01 9.053145323416129653e-01 7.324373596537550046e-01 7.275835189348152099e-01 4.888636384235723331e-01 5.478925510977896707e-01 4.218300242155021973e-01 7.681974793650014899e-01 3.823322399781604597e-01 8.731856339887027474e-01 1.831899829374503685e-01
7.189674662380185488e-02 3.767227022031053307e-01 4.010200585813281648e-01 4.619389537098084197e-01 5.174805040181313931e-01 8.112255661833862597e-01 5.516609166956714105e-01 8.546346622064249221e-01 7.307223435016597657e-01 3.644594709557790191e-01 5.788873133106331448e-01 4.350661382019858081e-01 5.412314023206179492e-01 4.750705180729952737e-01 5.030173958987318450e-01 7.946603098001886467e-01 5.499138172405733105e-01 0.000000000000000000e+00 7.563975613058093739e-02 8.326015062807013978e-01 5.085784820949329488e-01 5.088049030864740807e-01 4.767682101052023169e-01 5.229755460958009916e-01 8.776070287923336544e-01 6.541071660884285599e-01 4.389886620031867581e-01 5.977877219677043552e-01 5.896661877781239625e-01 5.633311218967540501e-02 5.821539811602890468e-01 7.005974493232112188e-01 8.359397606072178633e-01 9.149106350399934806e-01 2.709976009610095549e-01
3.313912660128478516e-01 5.005059695144292720e-01 4.104898997999477661e-01 5.496584036116820560e-01 7.317027330327307011e-01 3.199304687791759694e-02 5.454072865255510383e-01 6.891748272476641013e-01 6.656580888704637378e-01 3.458533593878011514e-01 5.410440469302930655e-01 2.584688068555446860e-01 3.324067396843606303e-01 8.228226663723856582e-01 7.745866309576578956e-01 5.965857179640380314e-01 4.010227023182181827e-01 7.563975613058093739e-02 0.000000000000000000e+00 1.863927815168463509e-01 3.357098998452509586e-01 7.665163424749401599e-01 3.911860496564580347e-01 4.556382441078795642e-01 8.464587169601637262e-01 5.467434211139001743e-01 7.777398956695218413e-01 5.370427008882158182e-01 6.345916847541794859e-01 2.525281898722991913e-01 4.038602456541888763e-01 3.513828671668525194e-01 5.130808765381683623e-01 3.687716966047796530e-01 4.570993575080417592e-01
2.549002590604838581e-01 7.164265968990137790e-01 4.233883479368233393e-01 6.165318925840311826e-01 6.537635124664522568e-01 3.311011873274716244e-02 4.232501459254521814e-01 2.762733978826026338e-01 1.718102246310286296e-01 4.500814995001393704e-01 5.325525181427801513e-01 6.928436666293436019e-01 4.027886544506295019e-01 4.901435441225197587e-01 2.469117964329865522e-01 4.934279006558505709e-01 7.381820680437496396e-01 8.326015062807013978e-01 1.863927815168463509e-01 0.000000000000000000e+00 5.747719178417067809e-01 1.032914072052016907e-01 8.350301566831721534e-01 4.264229067503751969e-01 4.251465140546770716e-01 8.697468902236149546e-01 7.887094217383213701e-01 5.186762121457306751e-01 5.166019454489148011e-01 5.160757927420734914e-01 5.067095698540098336e-01 8.086931476962878618e-01 3.853497885471998119e-01 1.412956933653248814e-01 6.599893407178024640e-01
5.868757648990113873e-01 1.637697140864424750e-01 4.114618018119513554e-01 5.627195712371938496e-01 8.423449428180354026e-01 3.704669026712513746e-01 4.194948911436079952e-01 5.382194761267373728e-01 3.566198476368653836e-01 7.393467269012631293e-01 8.201570736739304257e-01 5.905947870033517733e-01 5.425671367643389864e-01 6.830385892861430275e-01 3.761620064201387503e-02 7.241775769436145094e-01 3.064523149748108466e-01 5.085784820949329488e-01 3.357098998452509586e-01 5.747719178417067809e-01 0.000000000000000000e+00 7.245125750964922506e-01 4.714050841145759896e-01 6.376717111591617693e-01 5.734143000497897713e-01 5.102313563496491122e-01 3.146363769731601590e-01 3.678095714893088175e-01 6.464278072503412131e-01 4.253624610187469735e-01 3.754582584870045370e-01 3.691736167253923395e-01 9.710053977736586850e-01 8.961830521176945563e-01 5.499556387889966702e-01
7.228350230473054028e-01 5.163632817468351011e-01 6.731464131970970044e-01 4.310388324562784979e-01 4.502431570051619314e-01 3.674452332880343564e-01 7.671120698828357565e-01 5.129072827385070532e-01 7.780442774131212103e-01 3.654300360018472027e-01 5.855125231148554654e-01 8.694958155766510099e-01 6.779542802066808038e-01 4.977314142613211700e-01 4.083509440059203133e-01 4.828516459370664760e-01 6.196215947165450988e-01 5.088049030864740807e-01 7.665163424749401599e-01 1.032914072052016907e-01 7.245125750964922506e-01 0.000000000000000000e+00 6.095803226858650392e-01 5.662728131480045946e-01 4.965356390935317110e-01 4.283891428477587526e-01 3.338838769927017780e-01 2.430378617268570407e-01 7.542988146637652491e-02 5.266124001187281189e-01 7.646625712727306290e-02 7.736718569780391963e-01 2.700516385172814227e-01 5.061104774077529456e-01 5.907581495881395472e-01
7.424581866590973522e-02 4.169751203812576135e-01 5.194029696523762007e-01 7.820686243143821770e-01 5.692821370988850882e-01 4.245979212241824396e-01 8.842796188584578498e-02 7.556740422086233311e-01 7.995830022572332219e-01 6.705505650548122532e-01 4.380186720204548578e-02 4.646782946494938393e-01 3.681566815496931655e-01 4.472960598394578047e-01 4.877095025321336874e-01 4.236994458818584275e-01 6.862290412158351671e-01 4.767682101052023169e-01 3.911860496564580347e-01 8.350301566831721534e-01 4.714050841145759896e-01 6.095803226858650392e-01 0.000000000000000000e+00 2.189930212874750537e-01 4.939712730961852705e-01 8.367504503028246887e-01 9.198712081745782365e-01 9.262691829946747557e-01 4.052066438554065009e-01 1.637473315268779261e-01 1.103932795627255992e-01 8.218247186946374683e-01 4.460063542659896130e-01 4.061018483764394782e-01 9.506066473840175668e-01
1.004686742949167932e-01 5.464266329184864768e-01 2.983741610418483847e-01 4.974301333128419156e-01 3.438849361261105964e-01 9.417080896086866826e-01 8.759329202909030831e-01 8.560651598114603633e-01 3.020797865825015083e-01 3.358300190743627178e-01 5.702268701252081184e-01 8.312081764443450815e-01 7.863484205663606730e-01 3.199495414406511307e-01 1.264888966512922597e-01 5.801309432301708924e-01 6.575758421279567223e-01 5.229755460958009916e-01 4.556382441078795642e-01 4.264229067503751969e-01 6.376717111591617693e-01 5.662728131480045946e-01 2.189930212874750537e-01 0.000000000000000000e+00 4.676989754750127126e-01 4.693696069226263035e-01 3.500117117492542729e-01 2.977831140318108472e-01 7.928762981961481326e-01 5.966160773756035152e-01 6.283755436211608814e-01 6.815194207423092010e-01 6.219114125074520771e-01 4.721430608394500128e-01 5.341987329578608001e-01
6.926159782207896853e-01 1.504273492787437938e-01 7.586313850655181934e-01 5.234804135523818402e-01 1.114511753621421075e-01 6.462855421251196830e-01 4.804737995421212160e-01 3.915209095007796680e-01 3.868910757470913619e-01 7.141746796765640060e-01 5.072461592489883042e-01 4.662137200244740320e-01 4.646204614913769237e-01 6.370945863406120013e-01 3.802120056183982966e-01 9.127915029815883985e-01 1.327516177285161803e-01 8.776070287923336544e-01 8.464587169601637262e-01 4.251465140546770716e-01 5.734143000497897713e-01 4.965356390935317110e-01 4.939712730961852705e-01 4.676989754750127126e-01 0.000000000000000000e+00 4.609508960802096711e-01 5.424053431330684294e-01 1.267596593589014331e-01 1.270477553517014302e-01 4.665731732098755691e-01 3.542051370553619405e-01 7.379175267885451639e-01 5.058545852806852761e-01 3.029403415319049664e-01 2.422259352680344868e-01
5.918451286022626823e-01 2.401880101349090912e-01 3.485617253896194923e-01 4.502550667465260448e-01 3.429734777373938948e-01 5.503074705127577460e-01 5.265324999296671082e-01 7.286462186037399036e-01 1.665535529283996841e-01 5.276882869269275966e-01 2.692657146222983133e-01 3.957098093758829038e-01 4.663234100217381606e-01 4.689399127655373145e-01 3.974608994866228873e-01 9.383386094056482829e-01 9.053145323416129653e-01 6.541071660884285599e-01 5.467434211139001743e-01 8.697468902236149546e-01 5.102313563496491122e-01 4.283891428477587526e-01 8.367504503028246887e-01 4.693696069226263035e-01 4.609508960802096711e-01 0.000000000000000000e+00 4.316237904835885653e-01 9.432005012329816029e-01 6.128071542757353996e-01 3.293956991300216464e-01 5.004080525545083757e-01 1.863467923670535376e-01 2.352761656700275705e-01 4.474610438003624457e-01 4.211611354273596675e-01
6.802826377285846604e-01 2.126881254847787783e-01 4.793359662188678150e-01 6.391686913768110934e-01 5.166020317780876114e-01 4.799890270703003337e-01 5.701143911679272813e-01 3.482487092425157194e-01 5.768685393477643863e-01 4.639004520592223124e-01 2.001018388043765972e-01 8.897696646633200812e-01 5.046172202367088522e-01 4.687986264656361368e-01 4.547847182517759101e-01 8.221262732624017300e-01 7.324373596537550046e-01 4.389886620031867581e-01 7.777398956695218413e-01 7.887094217383213701e-01 3.146363769731601590e-01 3.338838769927017780e-01 9.198712081745782365e-01 3.500117117492542729e-01 5.424053431330684294e-01 4.316237904835885653e-01 0.000000000000000000e+00 2.105358407930818521e-01 8.590405783738002121e-01 4.847584413224511612e-01 2.847606831888014889e-01 4.218692307687031406e-01 6.631519131779717302e-01 5.297585739063449539e-01 8.398701116984980120e-01
5.344901820041999541e-01 8.358710468229748614e-01 5.959523720427992721e-01 2.798395451556242586e-01 5.086439923345749126e-01 7.498227927701768269e-01 5.619496163815829171e-01 3.207543630982535587e-01 7.319978618856072261e-01 8.477357381232619726e-02 7.705281814994811018e-01 2.897333870513546517e-01 4.025447283004797150e-01 1.612298849842490611e-01 4.881020397628694774e-01 3.582602272877546401e-01 7.275835189348152099e-01 5.977877219677043552e-01 5.370427008882158182e-01 5.186762121457306751e-01 3.678095714893088175e-01 2.430378617268570407e-01 9.262691829946747557e-01 2.977831140318108472e-01 1.267596593589014331e-01 9.432005012329816029e-01 2.105358407930818521e-01 0.000000000000000000e+00 7.136258213149704321e-01 6.783777155834556094e-01 4.115786309539366528e-01 5.343685640953637073e-01 2.311928405152539057e-01 3.380347664888311288e-01 8.554392017458993802e-01
6.754071919007129665e-01 4.491510306108309480e-01 2.362227170300325585e-01 3.492099952794516238e-01 9.132015189357609586e-01 6.265334389986909613e-01 6.644785633336453001e-01 5.561971600790500680e-01 5.609138692493806921e-01 2.564852842379719000e-01 4.977296050901083846e-01 4.444672109110515690e-01 4.628685704897343434e-01 3.424783327832725544e-01 1.250975945782231147e-01 9.050323604543668576e-01 4.888636384235723331e-01 5.896661877781239625e-01 6.345916847541794859e-01 5.166019454489148011e-01 6.464278072503412131e-01 7.542988146637652491e-02 4.052066438554065009e-01 7.928762981961481326e-01 1.270477553517014302e-01 6.128071542757353996e-01 8.590405783738002121e-01 7.136258213149704321e-01 0.000000000000000000e+00 9.587914646285145004e-02 8.484678214973153665e-01 9.600353139642063827e-01 2.376053309158456806e-01 5.227017703897717249e-01 1.290595187439607106e-01
6.843112082849759359e-01 4.227356876477846859e-01 7.279200889538900432e-01 5.843664299514359506e-01 7.144188645145040928e-01 8.543934318909762737e-01 4.990665921967872287e-01 8.298741798332072150e-01 3.600037433168061796e-01 6.701508930461339553e-01 8.278609016793750941e-01 5.001660857024252671e-01 5.195174239135014194e-01 8.508412130410812901e-01 4.694279684838896793e-01 7.136089469458331003e-01 5.478925510977896707e-01 5.633311218967540501e-02 2.525281898722991913e-01 5.160757927420734914e-01 4.253624610187469735e-01 5.266124001187281189e-01 1.637473315268779261e-01 5.966160773756035152e-01 4.665731732098755691e-01 3.293956991300216464e-01 4.847584413224511612e-01 6.783777155834556094e-01 9.587914646285145004e-02 0.000000000000000000e+00 6.034920125282379200e-01 7.158234069671285393e-01 7.919817473116341766e-01 4.529302322043374796e-01 4.851029176439055624e-01
5.309926060585475893e-01 3.247832122895700779e-01 4.808391431414663630e-01 4.302481128332983351e-01 5.726412437241137354e-01 5.978403181916869258e-01 8.058708721051475177e-01 2.253389352155135139e-01 6.389766331504963537e-01 5.108904837360039863e-01 5.232466568775056004e-01 3.181630118925866668e-01 4.369483217656319196e-01 9.075943903462186935e-01 4.170323741573165877e-01 5.627977804980679455e-01 4.218300242155021973e-01 5.821539811602890468e-01 4.038602456541888763e-01 5.067095698540098336e-01 3.754582584870045370e-01 7.646625712727306290e-02 1.103932795627255992e-01 6.283755436211608814e-01 3.542051370553619405e-01 5.004080525545083757e-01 2.847606831888014889e-01 4.115786309539366528e-01 8.484678214973153665e-01 6.034920125282379200e-01 0.000000000000000000e+00 7.144230147895702654e-01 3.758288646726427595e-01 4.952346283635811197e-01 1.350422174226042493e-01
3.920315786132017033e-01 5.312206600562556780e-01 9.348223451832419206e-01 5.509478646510626021e-01 3.244565151696556793e-01 3.204827096701567402e-01 8.517319668705366498e-01 7.708114918414985528e-01 6.136332176094949631e-02 2.408193630860685497e-01 6.542730834094498960e-01 7.979714040875429681e-01 2.935014669556323952e-01 3.817165077384971905e-01 8.240259320573084523e-01 5.628007066028690719e-01 7.681974793650014899e-01 7.005974493232112188e-01 3.513828671668525194e-01 8.086931476962878618e-01 3.691736167253923395e-01 7.736718569780391963e-01 8.218247186946374683e-01 6.815194207423092010e-01 7.379175267885451639e-01 1.863467923670535376e-01 4.218692307687031406e-01 5.343685640953637073e-01 9.600353139642063827e-01 7.158234069671285393e-01 7.144230147895702654e-01 0.000000000000000000e+00 1.254590759348170881e-01 5.290472009619151539e-01 3.869689167176827427e-01
6.447751392055035558e-01 4.829446219611455149e-01 3.198666287270505171e-01 6.383475047322273443e-01 7.110256560017167438e-01 1.580333221024899926e-01 6.514535420214300210e-01 6.153355662427285599e-01 4.906098035351556530e-01 3.732720628669430329e-01 5.171528067956572272e-01 2.286185127466506817e-01 3.290600581594644858e-01 5.298511738816835681e-01 7.491997477081258072e-02 4.940530108602405601e-01 3.823322399781604597e-01 8.359397606072178633e-01 5.130808765381683623e-01 3.853497885471998119e-01 9.710053977736586850e-01 2.700516385172814227e-01 4.460063542659896130e-01 6.219114125074520771e-01 5.058545852806852761e-01 2.352761656700275705e-01 6.631519131779717302e-01 2.311928405152539057e-01 2.376053309158456806e-01 7.919817473116341766e-01 3.758288646726427595e-01 1.254590759348170881e-01 0.000000000000000000e+00 2.045645027983965525e-01 3.867296575754949894e-01
1.659499951435213783e-01 8.885107238225199433e-01 1.034686479549776772e-01 2.013343658715142093e-01 8.538036698522074586e-01 3.304701773300038337e-01 4.669517407307882673e-01 8.170231399255960536e-01 3.982490695869069786e-01 5.610901026122003810e-01 5.017287758673030229e-01 7.017125026819519551e-01 6.871806387743895073e-01 7.540135282180540077e-01 7.407166237464346548e-01 4.128843722333105370e-01 8.731856339887027474e-01 9.149106350399934806e-01 3.687716966047796530e-01 1.412956933653248814e-01 8.961830521176945563e-01 5.061104774077529456e-01 4.061018483764394782e-01 4.721430608394500128e-01 3.029403415319049664e-01 4.474610438003624457e-01 5.297585739063449539e-01 3.380347664888311288e-01 5.227017703897717249e-01 4.529302322043374796e-01 4.952346283635811197e-01 5.290472009619151539e-01 2.045645027983965525e-01 0.000000000000000000e+00 2.073952528734488432e-01
5.200261962503014423e-01 2.624333197336760071e-01 5.942360512121839244e-01 5.374665730757438586e-01 4.876746014207044566e-01 6.423831065739855628e-01 3.946985002400679732e-01 4.144830451047449849e-01 8.291127392909878324e-01 5.123157399185155336e-01 3.896666220897937460e-01 6.094559353614628083e-01 4.793790454813935398e-01 8.053716810157869332e-01 5.966407903868062856e-01 2.015607425326045865e-01 1.831899829374503685e-01 2.709976009610095549e-01 4.570993575080417592e-01 6.599893407178024640e-01 5.499556387889966702e-01 5.907581495881395472e-01 9.506066473840175668e-01 5.341987329578608001e-01 2.422259352680344868e-01 4.211611354273596675e-01 8.398701116984980120e-01 8.554392017458993802e-01 1.290595187439607106e-01 4.851029176439055624e-01 1.350422174226042493e-01 3.869689167176827427e-01 3.867296575754949894e-01 2.073952528734488432e-01 0.000000000000000000e+00
