0.000000000000000000e+00 6.606271488992976337e-01 1.648570973151600727e-01 6.218907198129612901e-01 5.982224341126496370e-02 6.907043178423812879e-01 6.174488331899845583e-01 4.869705823821350310e-01 3.983491477592343011e-01 5.906272494495394820e-01 7.899052871667194831e-01 6.322444601264923802e-01 4.626476611050297505e-01 5.969121902206123709e-01 4.062711686191450844e-01 5.679941970866400069e-01 7.108168740934343033e-01 9.576264166579429027e-02 6.983591459863420781e-01 3.976323188674760201e-01 4.888029992369871124e-01 5.504853733970149765e-01 6.307847168034957930e-01 3.246707734187294081e-01 8.487493613460895814e-01 5.172036455910066222e-01 8.109853243338200901e-01 4.901691189545122063e-01 5.753703719116864956e-02 2.428960309277775065e-01 7.651414621256821258e-01 5.278142100928236990e-01 1.267877923084000935e-01 3.916463030956089386e-01 8.569032864521516357e-01
6.606271488992976337e-01 0.000000000000000000e+00 7.733796302195463657e-01 6.178279245731925773e-01 5.512351893575451189e-01 5.354141854504956832e-01 8.762404293638952346e-01 4.239050029601009739e-01 4.900013521467310174e-01 5.804393990482684673e-01 5.468361596000723690e-01 4.886653511706256503e-01 3.431327117326079534e-01 8.064395204433925102e-01 5.448301547029842373e-01 2.760039998925375437e-01 9.025968126773812328e-01 5.307755943509063767e-01 4.979396539901612684e-01 4.667600984170567902e-01 6.574355355774096354e-01 4.503062462016357848e-01 4.537383676285072220e-01 4.173080735834080457e-01 8.491866736285420547e-01 8.483014200422680506e-01 5.279199145321744613e-01 6.222643939391838686e-01 5.916778252330354704e-01 5.596502173273296687e-01 4.239462805843394744e-01 8.113443160624765893e-01 5.692212760241169844e-01 5.154081665396781364e-01 7.707129538543001646e-01
1.648570973151600727e-01 7.733796302195463657e-01 0.000000000000000000e+00 9.086727392279154714e-01 8.945570820270046797e-01 7.637187975604498025e-01 7.098189255163680489e-01 1.791838074967674332e-01 7.753359426239904151e-01 8.718642623153849414e-02 6.251785975150341290e-01 4.286913137118650297e-01 5.878175647972556650e-01 3.889332941188753945e-01 6.861779013071933608e-02 6.287424339375753402e-01 5.213937903252945372e-01 8.564937068974984857e-01 8.836921405863671364e-01 5.084696073898271607e-01 3.993463962534998801e-01 1.066196392207693910e-01 5.028425644608560674e-01 9.767004111050759940e-01 3.786969613367638932e-01 5.208671511469185056e-01 2.386310607997079170e-01 3.717069460653823487e-01 6.449836135203469434e-01 5.557562847410170148e-01 7.655918321263397441e-01 4.633303306012426792e-01 6.182912475836058741e-01 2.786260168152103200e-01 8.223151988816168600e-01
6.218907198129612901e-01 6.178279245731925773e-01 9.086727392279154714e-01 0.000000000000000000e+00 9.465002782192166730e-01 7.612135656046514764e-01 8.694671012309029834e-01 6.666640603438789281e-01 3.906883234044651321e-01 7.101565169329719929e-01 7.618554713874479134e-01 8.471111064919651934e-01 4.708779558966064149e-01 4.404295477673839665e-01 4.187458512521589071e-01 4.245183675910700893e-01 5.954908080223086930e-01 9.039180963950788072e-01 5.569074832930085428e-01 1.787729893397578262e-01 7.367319811750261405e-01 3.591640245480712812e-01 4.835318219473825341e-01 5.255285418226540717e-01 5.502045566475755045e-01 4.602657292270389555e-01 1.412916496128693300e-01 6.838742922404570379e-01 4.556949145360157938e-01 3.019793813428128804e-01 1.671182945580813595e-01 2.988287209132979849e-01 5.790433494932949454e-01 2.550152992135503172e-01 3.841383059631847674e-01
5.982224341126496370e-02 5.512351893575451189e-01 8.945570820270046797e-01 9.465002782192166730e-01 0.000000000000000000e+00 3.701026094889138252e-01 5.578956000728172437e-01 7.904733886036531265e-01 5.734412401266921755e-01 4.783806806917859089e-01 7.626616623710362752e-01 7.164132899348343297e-01 7.718542859449776250e-01 6.484596618042511862e-01 4.919692105163020468e-02 8.609434214842940358e-01 8.900046590231822652e-01 8.126178698207202622e-01 8.695472873813685499e-01 6.793139720945448046e-01 6.546332529438798620e-01 5.113349454794224869e-01 3.906685152698892161e-01 5.737344611168830877e-01 5.992476968479867327e-01 2.043873192122350746e-01 7.587143563036244931e-01 7.482681060398749251e-01 2.383410249369022627e-01 5.187251336065432650e-01 5.874568700811393374e-01 4.933559840091749082e-01 5.005934003894504380e-01 3.790671794083935175e-01 2.630121555250177767e-01
6.907043178423812879e-01 5.354141854504956832e-01 7.637187975604498025e-01 7.612135656046514764e-01 3.701026094889138252e-01 0.000000000000000000e+00 4.808847125890553520e-01 5.835995473365076514e-01 7.722118680985300410e-01 1.987451552367714980e-01 5.708236336522733989e-01 3.605493710229151771e-01 8.329980300785193581e-01 3.282869123501692132e-01 5.337603337677108151e-01 7.474770934106198528e-01 5.039080471433172725e-01 7.727860763026118684e-01 5.080025435840039849e-01 3.828813232165932945e-01 2.883401427383835980e-01 3.167533321323418027e-01 6.648711658105830313e-01 4.873948056431489650e-01 5.029208621316191286e-01 4.253838554311585862e-01 4.401877099479866717e-01 2.019397840702529257e-01 4.228441911684005516e-01 8.288632498923605985e-01 4.969299176283525910e-01 4.720435274579412588e-01 5.474912613560146690e-01 5.960895560916068536e-01 7.235306228307660792e-01
6.174488331899845583e-01 8.762404293638952346e-01 7.098189255163680489e-01 8.694671012309029834e-01 5.578956000728172437e-01 4.808847125890553520e-01 0.000000000000000000e+00 4.574282901457888961e-01 5.536818007990376156e-01 9.217432632340069043e-01 6.629629324316099748e-01 4.652158609238146725e-01 7.746896449973671439e-01 1.154509179535770924e-01 7.809313745643670091e-01 3.520981200204525985e-01 6.638114262690684164e-01 6.721697151029824013e-01 6.590667786265476114e-01 7.762603964976666493e-02 5.155397492749642652e-01 4.300113134600432874e-01 5.493937436477318581e-01 5.232040135760407384e-01 3.978885500641354822e-01 7.039348718224581747e-01 8.671683921981236942e-01 6.793609465917538337e-01 4.854104685658007790e-01 5.709702521881934167e-01 1.352711093835614609e-01 4.043766457174186590e-01 6.373690358810120138e-01 6.231039464924750249e-01 4.639030278709127542e-01
4.869705823821350310e-01 4.239050029601009739e-01 1.791838074967674332e-01 6.666640603438789281e-01 7.904733886036531265e-01 5.835995473365076514e-01 4.574282901457888961e-01 0.000000000000000000e+00 4.742792686012212711e-01 8.472322684491584432e-01 2.573779638260188518e-01 6.406227606977235034e-01 7.541684359058773435e-01 1.456948412088953093e-01 2.922245101819527791e-01 4.150773125842367461e-01 1.819648620360415081e-01 4.504395441702080949e-01 4.940232970562132286e-01 5.341634982996465997e-01 4.622807812993648957e-01 1.225362732681172240e-01 6.292436435690359486e-01 8.267183464227091383e-01 5.373748859739606587e-01 7.629776253301505662e-01 4.035981475545928898e-01 4.746774163519479339e-01 6.652346295887923144e-01 5.457007383498788666e-01 4.047838584731482947e-01 6.695168989210344979e-01 3.675225434143729597e-01 6.268756477956001216e-01 4.888489308204140849e-01
3.983491477592343011e-01 4.900013521467310174e-01 7.753359426239904151e-01 3.906883234044651321e-01 5.734412401266921755e-01 7.722118680985300410e-01 5.536818007990376156e-01 4.742792686012212711e-01 0.000000000000000000e+00 5.363386241109683317e-01 4.691442762816520062e-01 1.484311801327046210e-01 4.218823473288937920e-01 3.537296866413420782e-01 7.157446481542603101e-01 4.148012679782314693e-01 7.140555730712253579e-01 7.833956136399375936e-01 5.568795727280814178e-01 7.690430670576355876e-01 7.831385823294176873e-01 6.216349335913895491e-01 7.023836861628314221e-01 8.552938930053881617e-01 8.153564571032030361e-01 5.314340280595657440e-01 4.246762972416895376e-01 7.457358763979755611e-01 4.305317981673809080e-01 6.088530443605122411e-01 3.355384520407073135e-01 8.971073671788474257e-01 8.463291659825347146e-01 5.220731518568755281e-01 2.999533363868386315e-01
5.906272494495394820e-01 5.804393990482684673e-01 8.718642623153849414e-02 7.101565169329719929e-01 4.783806806917859089e-01 1.987451552367714980e-01 9.217432632340069043e-01 8.472322684491584432e-01 5.363386241109683317e-01 0.000000000000000000e+00 4.869989076038303555e-01 8.627519176541259549e-01 1.019735300961543967e-01 4.884388135804114128e-01 1.187474910035486997e-01 5.451158278951595548e-01 8.739981140390404857e-01 8.154246052007484424e-01 7.908652888833587191e-01 8.874425427976512237e-01 9.020466385789169816e-01 1.931683241442216092e-01 5.468394534289859887e-01 4.932427876804607036e-01 7.485642734839352830e-01 5.333092518850596209e-01 8.878556778116382109e-01 9.393141496900755394e-01 6.669554575866342150e-01 5.647837880498400853e-01 1.391894104172923807e-01 5.038322329005866518e-01 7.650545931514016740e-01 6.001745348142701886e-01 3.813466305580041626e-01
7.899052871667194831e-01 5.468361596000723690e-01 6.251785975150341290e-01 7.618554713874479134e-01 7.626616623710362752e-01 5.708236336522733989e-01 6.629629324316099748e-01 2.573779638260188518e-01 4.691442762816520062e-01 4.869989076038303555e-01 0.000000000000000000e+00 8.215340792666090408e-01 9.896569463219373475e-01 6.932258594421005782e-01 4.884910263539622433e-01 5.216276001386533911e-01 5.351491276495464744e-01 5.412003385080156326e-01 6.502927833003901981e-01 7.555905455489088096e-01 8.789973787537523897e-01 6.118951873540718900e-01 3.683571001037985182e-01 8.049773899840002578e-01 7.876515850954135534e-01 7.805520271104566810e-01 7.126446102032778507e-01 4.189461551005049245e-01 5.606681842337115640e-01 3.151526687096437573e-01 3.012444184735117436e-01 3.826355833289277752e-01 3.612551122474660925e-01 2.905541034121790767e-01 3.809512768647123071e-01
6.322444601264923802e-01 4.886653511706256503e-01 4.286913137118650297e-01 8.471111064919651934e-01 7.164132899348343297e-01 3.605493710229151771e-01 4.652158609238146725e-01 6.406227606977235034e-01 1.484311801327046210e-01 8.627519176541259549e-01 8.215340792666090408e-01 0.000000000000000000e+00 3.908277082032123317e-01 5.047375896162641373e-01 1.794018002592225325e-01 6.458111912664512566e-01 1.226474432260097336e-01 2.231603994803819657e-01 8.451868395034316528e-01 3.285033337079801274e-01 7.770172814978981712e-01 8.607451050878121013e-01 5.389510977745457510e-01 5.277155473756263149e-01 4.220665625783022179e-01 3.604686606438027852e-01 4.585457834579728664e-01 4.708175363681633141e-01 8.876821979759610404e-01 3.383148479184873714e-01 8.076431012987849156e-01 8.124206627031018702e-01 6.624041161672992173e-01 4.345083903718969798e-01 5.915115745793242397e-02
4.626476611050297505e-01 3.431327117326079534e-01 5.878175647972556650e-01 4.708779558966064149e-01 7.718542859449776250e-01 8.329980300785193581e-01 7.746896449973671439e-01 7.541684359058773435e-01 4.218823473288937920e-01 1.019735300961543967e-01 9.896569463219373475e-01 3.908277082032123317e-01 0.000000000000000000e+00 8.597712694305130743e-01 3.823670236381986332e-01 4.045497656455660507e-01 7.628231213716807346e-01 7.248207248732874142e-01 4.913342825619245180e-01 6.950433786218934706e-01 3.943312644663256039e-01 1.192157213559952300e-01 5.818069564640510061e-01 4.343152414883101886e-01 5.878967698400623387e-01 4.993618422127090728e-01 7.129451132130616431e-01 8.785665654426169091e-01 5.901655102238012596e-01 5.512128428559334159e-01 8.452049225617089823e-01 6.220400557462348878e-01 2.982669108562777671e-01 6.524688201158043155e-01 3.826301423763858178e-01
5.969121902206123709e-01 8.064395204433925102e-01 3.889332941188753945e-01 4.404295477673839665e-01 6.484596618042511862e-01 3.282869123501692132e-01 1.154509179535770924e-01 1.456948412088953093e-01 3.537296866413420782e-01 4.884388135804114128e-01 6.932258594421005782e-01 5.047375896162641373e-01 8.597712694305130743e-01 0.000000000000000000e+00 5.344677292419188763e-01 6.463575940246419904e-01 8.315055811820187825e-01 8.214778295803282226e-02 5.948458120993560527e-01 4.942998748087550909e-01 3.411222171692316896e-01 9.340423985306482990e-01 2.963104206975705202e-01 8.392587725944555821e-01 6.134129186397785372e-01 8.133119034720943663e-01 7.872805243980234291e-01 8.528897205311622987e-01 2.273696367590598566e-01 5.345419228627790176e-01 2.076076059695712850e-01 8.083337533645931217e-01 8.021211279558965179e-01 5.281783559893491464e-01 3.644022124411329111e-01
4.062711686191450844e-01 5.448301547029842373e-01 6.861779013071933608e-02 4.187458512521589071e-01 4.919692105163020468e-02 5.337603337677108151e-01 7.809313745643670091e-01 2.922245101819527791e-01 7.157446481542603101e-01 1.187474910035486997e-01 4.884910263539622433e-01 1.794018002592225325e-01 3.823670236381986332e-01 5.344677292419188763e-01 0.000000000000000000e+00 4.882064657117375361e-01 7.258327959995740652e-01 6.094569558640722251e-01 1.863181251723304843e-01 7.449220709905834958e-01 8.074024588505841482e-01 9.153885530578425023e-01 5.570376321584946666e-02 7.645536664484644529e-01 4.715856923426900993e-01 4.237025809424462275e-01 7.509083145595690789e-01 4.434796235197335790e-01 4.834935692303581334e-01 8.313919508393055047e-01 6.770397389217215345e-01 2.493769561789541123e-01 8.023263875337942608e-01 7.855209179939843800e-01 8.740984328719314522e-02
5.679941970866400069e-01 2.760039998925375437e-01 6.287424339375753402e-01 4.245183675910700893e-01 8.609434214842940358e-01 7.474770934106198528e-01 3.520981200204525985e-01 4.150773125842367461e-01 4.148012679782314693e-01 5.451158278951595548e-01 5.216276001386533911e-01 6.458111912664512566e-01 4.045497656455660507e-01 6.463575940246419904e-01 4.882064657117375361e-01 0.000000000000000000e+00 3.220188405601265291e-01 6.438397688080852443e-01 9.067440845764014323e-01 4.909457869610735492e-01 2.749693959521414821e-01 5.015820091253200275e-01 3.778271756460531705e-01 3.508610239649445073e-01 8.638722429351364251e-01 4.602565390970027592e-01 9.297645727949155336e-01 5.928859199918168343e-01 6.157885694748719274e-01 8.601508711045396938e-01 4.872874828053078144e-01 6.325153671861121207e-01 5.800389666912089126e-01 5.009371321000488653e-01 7.581258925793541437e-01
7.108168740934343033e-01 9.025968126773812328e-01 5.213937903252945372e-01 5.954908080223086930e-01 8.900046590231822652e-01 5.039080471433172725e-01 6.638114262690684164e-01 1.819648620360415081e-01 7.140555730712253579e-01 8.739981140390404857e-01 5.351491276495464744e-01 1.226474432260097336e-01 7.628231213716807346e-01 8.315055811820187825e-01 7.258327959995740652e-01 3.220188405601265291e-01 0.000000000000000000e+00 8.575847969599930121e-01 6.253290244322852187e-01 3.657079463525354512e-01 8.122149439903313395e-01 4.267808500571979025e-02 7.744498239947799068e-01 7.410680224066896749e-01 4.019423090694220213e-01 8.883330287062118913e-01 1.727112659678542439e-01 7.305917998440474292e-01 6.129922194441246308e-01 8.133623997593464328e-02 8.384514543011377663e-01 6.844554805378696427e-01 6.489529808486145246e-01 4.260000534817336426e-01 4.689531717703186442e-01
9.576264166579429027e-02 5.307755943509063767e-01 8.564937068974984857e-01 9.039180963950788072e-01 8.126178698207202622e-01 7.727860763026118684e-01 6.721697151029824013e-01 4.504395441702080949e-01 7.833956136399375936e-01 8.154246052007484424e-01 5.412003385080156326e-01 2.231603994803819657e-01 7.248207248732874142e-01 8.214778295803282226e-02 6.094569558640722251e-01 6.438397688080852443e-01 8.575847969599930121e-01 0.000000000000000000e+00 1.936076701127262822e-01 5.206270363447297322e-01 5.004948520836220993e-01 9.569222993693564661e-01 7.076601788699893314e-01 4.521834510603648383e-01 4.915004157709488841e-01 4.741330714380241340e-01 6.270192412784945102e-01 5.577244764806332800e-02 5.710113237008211939e-01 8.355343708740594622e-01 5.721877695169028666e-01 6.937046376093785049e-01 4.887399149500136764e-01 5.395538487740250133e-01 4.945283646709030534e-01
6.983591459863420781e-01 4.979396539901612684e-01 8.836921405863671364e-01 5.569074832930085428e-01 8.695472873813685499e-01 5.080025435840039849e-01 6.590667786265476114e-01 4.940232970562132286e-01 5.568795727280814178e-01 7.908652888833587191e-01 6.502927833003901981e-01 8.451868395034316528e-01 4.913342825619245180e-01 5.948458120993560527e-01 1.863181251723304843e-01 9.067440845764014323e-01 6.253290244322852187e-01 1.936076701127262822e-01 0.000000000000000000e+00 7.176942927044034359e-01 3.670390751538779028e-01 5.475015798404385681e-01 4.799346115894285170e-01 8.586832069488143926e-01 4.602929843737258442e-01 5.810156325942112954e-01 6.584870816039491981e-01 8.448243501146452950e-01 3.069599550444659375e-01 4.205081448330597049e-01 4.566328436405202584e-01 6.628906762416617582e-01 6.769382355380832994e-01 8.885901623937356719e-01 8.169958021944254689e-01
3.976323188674760201e-01 4.667600984170567902e-01 5.084696073898271607e-01 1.787729893397578262e-01 6.793139720945448046e-01 3.828813232165932945e-01 7.762603964976666493e-02 5.341634982996465997e-01 7.690430670576355876e-01 8.874425427976512237e-01 7.555905455489088096e-01 3.285033337079801274e-01 6.950433786218934706e-01 4.942998748087550909e-01 7.449220709905834958e-01 4.909457869610735492e-01 3.657079463525354512e-01 5.206270363447297322e-01 7.176942927044034359e-01 0.000000000000000000e+00 5.431525529927085927e-01 5.320481182530431008e-01 5.929524840106454864e-01 4.840438428956979067e-01 3.734318333942830970e-01 7.957055403905137769e-01 6.684027806193111321e-01 5.554842271334009540e-01 4.624726068624793185e-01 2.425307703097839829e-01 8.646171297976064096e-01 6.411220827682023726e-01 3.205847046592542604e-01 8.241158762841107599e-01 9.364050698049239951e-01
4.888029992369871124e-01 6.574355355774096354e-01 3.993463962534998801e-01 7.367319811750261405e-01 6.546332529438798620e-01 2.883401427383835980e-01 5.155397492749642652e-01 4.622807812993648957e-01 7.831385823294176873e-01 9.020466385789169816e-01 8.789973787537523897e-01 7.770172814978981712e-01 3.943312644663256039e-01 3.411222171692316896e-01 8.074024588505841482e-01 2.749693959521414821e-01 8.122149439903313395e-01 5.004948520836220993e-01 3.670390751538779028e-01 5.431525529927085927e-01 0.000000000000000000e+00 6.981017738580468368e-01 9.350544434622646284e-01 8.997999617013275886e-01 6.261265444254801027e-01 5.018331825221002962e-01 5.012963680442753533e-01 4.789452587379025572e-01 8.012220181820406406e-01 4.854966449960261277e-01 7.659965171394100825e-01 5.031778250984911827e-01 8.539674907391900938e-01 7.275612312677766091e-01 8.680801195716415508e-01
5.504853733970149765e-01 4.503062462016357848e-01 1.066196392207693910e-01 3.591640245480712812e-01 5.113349454794224869e-01 3.167533321323418027e-01 4.300113134600432874e-01 1.225362732681172240e-01 6.216349335913895491e-01 1.931683241442216092e-01 6.118951873540718900e-01 8.607451050878121013e-01 1.192157213559952300e-01 9.340423985306482990e-01 9.153885530578425023e-01 5.015820091253200275e-01 4.267808500571979025e-02 9.569222993693564661e-01 5.475015798404385681e-01 5.320481182530431008e-01 6.981017738580468368e-01 0.000000000000000000e+00 5.307150045262170046e-01 7.724514250237421997e-01 5.904472647838678867e-01 7.463425876729028463e-01 4.889765461497484478e-01 8.379537708018245379e-01 3.405928950530600074e-01 3.482443175615208553e-01 3.573850301362272996e-01 7.923713484333154700e-01 5.229405995798586115e-01 3.793694862918772781e-01 6.683114400916844167e-01
6.307847168034957930e-01 4.537383676285072220e-01 5.028425644608560674e-01 4.835318219473825341e-01 3.906685152698892161e-01 6.648711658105830313e-01 5.493937436477318581e-01 6.292436435690359486e-01 7.023836861628314221e-01 5.468394534289859887e-01 3.683571001037985182e-01 5.389510977745457510e-01 5.818069564640510061e-01 2.963104206975705202e-01 5.570376321584946666e-02 3.778271756460531705e-01 7.744498239947799068e-01 7.076601788699893314e-01 4.799346115894285170e-01 5.929524840106454864e-01 9.350544434622646284e-01 5.307150045262170046e-01 0.000000000000000000e+00 4.719465072228222202e-01 3.632439588307868061e-01 4.018176752436819488e-01 8.441369541983287927e-01 5.448781731850814714e-01 9.302732300000813304e-01 2.544028624791039861e-01 7.011574924969973255e-01 7.500105767681024549e-01 7.005282388868703247e-01 8.993014655021835946e-01 8.710213625063347731e-01
3.246707734187294081e-01 4.173080735834080457e-01 9.767004111050759940e-01 5.255285418226540717e-01 5.737344611168830877e-01 4.873948056431489650e-01 5.232040135760407384e-01 8.267183464227091383e-01 8.552938930053881617e-01 4.932427876804607036e-01 8.049773899840002578e-01 5.277155473756263149e-01 4.343152414883101886e-01 8.392587725944555821e-01 7.645536664484644529e-01 3.508610239649445073e-01 7.410680224066896749e-01 4.521834510603648383e-01 8.586832069488143926e-01 4.840438428956979067e-01 8.997999617013275886e-01 7.724514250237421997e-01 4.719465072228222202e-01 0.000000000000000000e+00 7.075358775271137768e-01 8.900262598367868483e-01 3.855004857197386059e-01 8.309711869812242968e-01 5.234703166213150460e-01 8.270369755784692245e-01 4.042573522617394777e-01 7.066418928277896638e-01 2.396862586120533378e-01 7.532193766701897886e-01 3.514092915345350399e-01
8.487493613460895814e-01 8.491866736285420547e-01 3.786969613367638932e-01 5.502045566475755045e-01 5.992476968479867327e-01 5.029208621316191286e-01 3.978885500641354822e-01 5.373748859739606587e-01 8.153564571032030361e-01 7.485642734839352830e-01 7.876515850954135534e-01 4.220665625783022179e-01 5.878967698400623387e-01 6.134129186397785372e-01 4.715856923426900993e-01 8.638722429351364251e-01 4.019423090694220213e-01 4.915004157709488841e-01 4.602929843737258442e-01 3.734318333942830970e-01 6.261265444254801027e-01 5.904472647838678867e-01 3.632439588307868061e-01 7.075358775271137768e-01 0.000000000000000000e+00 7.426730927415872152e-01 8.425787861730944517e-01 6.250457302598670939e-01 8.653946229808264778e-01 6.801123181377330962e-01 6.535383830558361140e-01 6.186897695382083118e-01 5.662038590821776296e-01 4.312803833506100859e-01 4.538889043246080446e-01
5.172036455910066222e-01 8.483014200422680506e-01 5.208671511469185056e-01 4.602657292270389555e-01 2.043873192122350746e-01 4.253838554311585862e-01 7.039348718224581747e-01 7.629776253301505662e-01 5.314340280595657440e-01 5.333092518850596209e-01 7.805520271104566810e-01 3.604686606438027852e-01 4.993618422127090728e-01 8.133119034720943663e-01 4.237025809424462275e-01 4.602565390970027592e-01 8.883330287062118913e-01 4.741330714380241340e-01 5.810156325942112954e-01 7.957055403905137769e-01 5.018331825221002962e-01 7.463425876729028463e-01 4.018176752436819488e-01 8.900262598367868483e-01 7.426730927415872152e-01 0.000000000000000000e+00 7.770576249967802163e-01 3.926706344044404440e-01 3.878628655949807325e-01 5.462977889761662098e-01 6.033305997215736571e-01 4.538620387289520330e-01 5.284420461601400110e-01 5.639837247168192347e-01 4.337670269033010451e-01
8.109853243338200901e-01 5.279199145321744613e-01 2.386310607997079170e-01 1.412916496128693300e-01 7.587143563036244931e-01 4.401877099479866717e-01 8.671683921981236942e-01 4.035981475545928898e-01 4.246762972416895376e-01 8.878556778116382109e-01 7.126446102032778507e-01 4.585457834579728664e-01 7.129451132130616431e-01 7.872805243980234291e-01 7.509083145595690789e-01 9.297645727949155336e-01 1.727112659678542439e-01 6.270192412784945102e-01 6.584870816039491981e-01 6.684027806193111321e-01 5.012963680442753533e-01 4.889765461497484478e-01 8.441369541983287927e-01 3.855004857197386059e-01 8.425787861730944517e-01 7.770576249967802163e-01 0.000000000000000000e+00 7.789766517106416766e-01 4.443503913250269055e-01 4.194413372110474825e-01 6.702594275014267522e-01 7.376438295564056169e-01 4.248983471300247228e-01 3.759711334743476296e-01 8.347582467253982230e-01
4.901691189545122063e-01 6.222643939391838686e-01 3.717069460653823487e-01 6.838742922404570379e-01 7.482681060398749251e-01 2.019397840702529257e-01 6.793609465917538337e-01 4.746774163519479339e-01 7.457358763979755611e-01 9.393141496900755394e-01 4.189461551005049245e-01 4.708175363681633141e-01 8.785665654426169091e-01 8.528897205311622987e-01 4.434796235197335790e-01 5.928859199918168343e-01 7.305917998440474292e-01 5.577244764806332800e-02 8.448243501146452950e-01 5.554842271334009540e-01 4.789452587379025572e-01 8.379537708018245379e-01 5.448781731850814714e-01 8.309711869812242968e-01 6.250457302598670939e-01 3.926706344044404440e-01 7.789766517106416766e-01 0.000000000000000000e+00 3.871611463183635138e-01 5.558815388063816920e-01 5.752179752408410618e-01 7.334676441384532231e-01 5.771745577589272314e-01 5.736690496264980066e-01 7.882439746730187657e-01
5.753703719116864956e-02 5.916778252330354704e-01 6.449836135203469434e-01 4.556949145360157938e-01 2.383410249369022627e-01 4.228441911684005516e-01 4.854104685658007790e-01 6.652346295887923144e-01 4.305317981673809080e-01 6.669554575866342150e-01 5.606681842337115640e-01 8.876821979759610404e-01 5.901655102238012596e-01 2.273696367590598566e-01 4.834935692303581334e-01 6.157885694748719274e-01 6.129922194441246308e-01 5.710113237008211939e-01 3.069599550444659375e-01 4.624726068624793185e-01 8.012220181820406406e-01 3.405928950530600074e-01 9.302732300000813304e-01 5.234703166213150460e-01 8.653946229808264778e-01 3.878628655949807325e-01 4.443503913250269055e-01 3.871611463183635138e-01 0.000000000000000000e+00 6.775454893553074509e-01 6.659266263653449425e-01 6.214910193918667947e-01 7.210621998727698712e-01 3.889628212574097743e-01 6.045200340316647658e-01
2.428960309277775065e-01 5.596502173273296687e-01 5.557562847410170148e-01 3.019793813428128804e-01 5.187251336065432650e-01 8.288632498923605985e-01 5.709702521881934167e-01 5.457007383498788666e-01 6.088530443605122411e-01 5.647837880498400853e-01 3.151526687096437573e-01 3.383148479184873714e-01 5.512128428559334159e-01 5.345419228627790176e-01 8.313919508393055047e-01 8.601508711045396938e-01 8.133623997593464328e-02 8.355343708740594622e-01 4.205081448330597049e-01 2.425307703097839829e-01 4.854966449960261277e-01 3.482443175615208553e-01 2.544028624791039861e-01 8.270369755784692245e-01 6.801123181377330962e-01 5.462977889761662098e-01 4.194413372110474825e-01 5.558815388063816920e-01 6.775454893553074509e-01 0.000000000000000000e+00 8.610528673877742012e-01 2.853208113740215435e-01 2.872033516910424966e-01 1.432568054168621430e-01 1.222841870634397976e-01
7.651414621256821258e-01 4.239462805843394744e-01 7.655918321263397441e-01 1.671182945580813595e-01 5.874568700811393374e-01 4.969299176283525910e-01 1.352711093835614609e-01 4.047838584731482947e-01 3.355384520407073135e-01 1.391894104172923807e-01 3.012444184735117436e-01 8.076431012987849156e-01 8.452049225617089823e-01 2.076076059695712850e-01 6.770397389217215345e-01 4.872874828053078144e-01 8.384514543011377663e-01 5.721877695169028666e-01 4.566328436405202584e-01 8.646171297976064096e-01 7.659965171394100825e-01 3.573850301362272996e-01 7.011574924969973255e-01 4.042573522617394777e-01 6.535383830558361140e-01 6.033305997215736571e-01 6.702594275014267522e-01 5.752179752408410618e-01 6.659266263653449425e-01 8.610528673877742012e-01 0.000000000000000000e+00 1.908608232064994414e-01 3.603683385412896345e-01 6.449725949837121775e-01 5.093662494682871245e-01
5.278142100928236990e-01 8.113443160624765893e-01 4.633303306012426792e-01 2.988287209132979849e-01 4.933559840091749082e-01 4.720435274579412588e-01 4.043766457174186590e-01 6.695168989210344979e-01 8.971073671788474257e-01 5.038322329005866518e-01 3.826355833289277752e-01 8.124206627031018702e-01 6.220400557462348878e-01 8.083337533645931217e-01 2.493769561789541123e-01 6.325153671861121207e-01 6.844554805378696427e-01 6.937046376093785049e-01 6.628906762416617582e-01 6.411220827682023726e-01 5.031778250984911827e-01 7.923713484333154700e-01 7.500105767681024549e-01 7.066418928277896638e-01 6.186897695382083118e-01 4.538620387289520330e-01 7.376438295564056169e-01 7.334676441384532231e-01 6.214910193918667947e-01 2.853208113740215435e-01 1.908608232064994414e-01 0.000000000000000000e+00 9.349862210193295997e-01 6.959703345303178690e-01 6.215462693572501029e-01
1.267877923084000935e-01 5.692212760241169844e-01 6.182912475836058741e-01 5.790433494932949454e-01 5.005934003894504380e-01 5.474912613560146690e-01 6.373690358810120138e-01 3.675225434143729597e-01 8.463291659825347146e-01 7.650545931514016740e-01 3.612551122474660925e-01 6.624041161672992173e-01 2.982669108562777671e-01 8.021211279558965179e-01 8.023263875337942608e-01 5.800389666912089126e-01 6.489529808486145246e-01 4.887399149500136764e-01 6.769382355380832994e-01 3.205847046592542604e-01 8.539674907391900938e-01 5.229405995798586115e-01 7.005282388868703247e-01 2.396862586120533378e-01 5.662038590821776296e-01 5.284420461601400110e-01 4.248983471300247228e-01 5.771745577589272314e-01 7.210621998727698712e-01 2.872033516910424966e-01 3.603683385412896345e-01 9.349862210193295997e-01 0.000000000000000000e+00 5.049790962423249541e-01 4.247245802939003667e-01
3.916463030956089386e-01 5.154081665396781364e-01 2.786260168152103200e-01 2.550152992135503172e-01 3.790671794083935175e-01 5.960895560916068536e-01 6.231039464924750249e-01 6.268756477956001216e-01 5.220731518568755281e-01 6.001745348142701886e-01 2.905541034121790767e-01 4.345083903718969798e-01 6.524688201158043155e-01 5.281783559893491464e-01 7.855209179939843800e-01 5.009371321000488653e-01 4.260000534817336426e-01 5.395538487740250133e-01 8.885901623937356719e-01 8.241158762841107599e-01 7.275612312677766091e-01 3.793694862918772781e-01 8.993014655021835946e-01 7.532193766701897886e-01 4.312803833506100859e-01 5.639837247168192347e-01 3.759711334743476296e-01 5.736690496264980066e-01 3.889628212574097743e-01 1.432568054168621430e-01 6.449725949837121775e-01 6.959703345303178690e-01 5.049790962423249541e-01 0.000000000000000000e+00 7.996551472712805086e-01
8.569032864521516357e-01 7.707129538543001646e-01 8.223151988816168600e-01 3.841383059631847674e-01 2.630121555250177767e-01 7.235306228307660792e-01 4.639030278709127542e-01 4.888489308204140849e-01 2.999533363868386315e-01 3.813466305580041626e-01 3.809512768647123071e-01 5.915115745793242397e-02 3.826301423763858178e-01 3.644022124411329111e-01 8.740984328719314522e-02 7.581258925793541437e-01 4.689531717703186442e-01 4.945283646709030534e-01 8.169958021944254689e-01 9.364050698049239951e-01 8.680801195716415508e-01 6.683114400916844167e-01 8.710213625063347731e-01 3.514092915345350399e-01 4.538889043246080446e-01 4.337670269033010451e-01 8.347582467253982230e-01 7.882439746730187657e-01 6.045200340316647658e-01 1.222841870634397976e-01 5.093662494682871245e-01 6.215462693572501029e-01 4.247245802939003667e-01 7.996551472712805086e-01 0.000000000000000000e+00
