0.000000000000000000e+00 4.055901727055650219e-01 4.410481025648126385e-01 9.431083637362218663e-01 7.233429578638315149e-01 3.664924908429521011e-01 6.619247113542197081e-01 4.428295192757385479e-01 5.616700444853990337e-01 8.046505259219843831e-01 4.329841557804505747e-01 2.807129035634357006e-01 4.952866225893553520e-01 8.030163814561641633e-01 6.665757527655873371e-01 7.055959716753865685e-01 5.456085019889151955e-01 5.605663596798353687e-01 3.552658992998325438e-01 6.163341728739569758e-01 2.272479526272095374e-01 9.378272938740372933e-02 7.725340007000608411e-01 6.030560395108921501e-01 5.654206881620962299e-01 5.840929936256710198e-01 8.565722870879566297e-01 8.675610879997370795e-01 6.505635162248285530e-01 8.049740361224724250e-01 3.697732758397056507e-01 2.574607248919524860e-01 8.422693784585124632e-01 7.098971471462156568e-01 3.144334046639914448e-01
4.055901727055650219e-01 0.000000000000000000e+00 1.659314827661724223e-01 6.625023207272322523e-01 3.665400785503885039e-01 3.735806173729305790e-02 7.421260296816233337e-01 6.769253788901034019e-01 3.454525918707060383e-01 1.040812979361354085e-01 5.483067026599617311e-01 3.179755314699386215e-01 8.189390189387042440e-01 8.537371958137691674e-01 2.073769960798542700e-01 6.296311739459362622e-01 1.845191430196118643e-01 2.560783577665238786e-01 1.705259877856335482e-01 5.504375932056420062e-01 4.026277283115723415e-01 5.755067015677242104e-01 6.309105049022665224e-01 6.691328673077727718e-01 4.150570140595974955e-01 6.765473606496981152e-01 7.741244976249912479e-01 6.683083175994224412e-01 6.469642915873212718e-01 6.554021168103106865e-01 8.559080452236519365e-01 3.712040191663801281e-01 3.894230153511974990e-01 5.923044228750946605e-01 6.038425333198048639e-01
4.410481025648126385e-01 1.659314827661724223e-01 0.000000000000000000e+00 5.266572718250301932e-01 8.691953878583122961e-01 8.785530612268017681e-01 5.566467495241008701e-01 7.585023163329083218e-01 3.410930122761688388e-01 2.035514453223440934e-01 7.918411097601629756e-02 3.605332892100951980e-01 1.792767576147301645e-01 3.328963824272906935e-01 4.210488006337649303e-01 1.831502211883656028e-01 4.610283348657296387e-01 4.665653520958183975e-01 3.803614437476344756e-01 2.307142116175722180e-01 4.984869058771346784e-01 4.981028345522907075e-01 3.667076205543793876e-01 7.792597466122481720e-01 4.743226619255088705e-01 3.362287495550601024e-01 7.378656261548131035e-01 4.107963182079675812e-01 2.830262288661405945e-01 4.185565123703929302e-01 2.535099227095767849e-01 9.648252984206084903e-01 3.446472869751386892e-01 5.780900968018622965e-01 7.675252620716245255e-01
9.431083637362218663e-01 6.625023207272322523e-01 5.266572718250301932e-01 0.000000000000000000e+00 7.671540224842590128e-01 5.079982922725307937e-01 5.005335907446282206e-01 4.084074172894247012e-01 5.396728452127473874e-01 8.746076388901369292e-01 3.046733271533937915e-01 6.013436081698502189e-01 6.856109154962055641e-01 5.640868711049533690e-01 5.827402940530695963e-01 7.169886833098828571e-01 9.025508582604103713e-01 1.302768477188325225e-01 6.217988614218052934e-01 4.011467411778302794e-01 4.404903283884910037e-01 1.387889123354597576e-01 2.922380545249719797e-01 4.328950390079202570e-01 3.030863842363857863e-01 8.024460440012084472e-01 7.857687489736921993e-01 4.573856573823942284e-01 7.578269692297374682e-01 6.848023811434027497e-01 9.163590579700970906e-01 4.442851662926572409e-02 5.791953166632598515e-01 3.979851979020186392e-01 4.240298846514269915e-01
7.233429578638315149e-01 3.665400785503885039e-01 8.691953878583122961e-01 7.671540224842590128e-01 0.000000000000000000e+00 7.042036953683004086e-01 4.302349345004807257e-01 4.962890082309552864e-01 8.304433212148283339e-01 6.441730013906659114e-01 6.432964661047657629e-02 7.189703981965495094e-02 8.236929922833129414e-01 8.197263432594122934e-01 7.756357214482361151e-01 4.510183037258660432e-01 2.403871031629286614e-01 3.108964579945738271e-01 4.609269751695092010e-01 8.987421995186348767e-01 6.474736200013662124e-01 4.816292545130005931e-01 2.554735732399201487e-01 4.625625424566668364e-01 4.438265957542337214e-01 5.062324763633156977e-01 6.570385494138025750e-01 3.436271349714555279e-01 6.449758358307435824e-01 5.467249660521580346e-01 5.585312171296704653e-01 5.501239947886116255e-01 8.012056792833901486e-01 2.035422937491074835e-01 2.420878778874637760e-01
3.664924908429521011e-01 3.735806173729305790e-02 8.785530612268017681e-01 5.079982922725307937e-01 7.042036953683004086e-01 0.000000000000000000e+00 3.607395986997159465e-01 6.593785773062281752e-01 1.473417229368741976e-01 9.000615177962998370e-01 4.003855744009134909e-01 8.690787289420565109e-02 7.527878392423017484e-01 6.915868413195388476e-01 3.971888622843505745e-01 4.966364657250824655e-01 4.129065454321486639e-01 4.687048161624791653e-01 4.052537219158107717e-01 3.167764546208682308e-01 7.235970064265961899e-01 7.265313349066508941e-01 5.187255440091411707e-01 5.637476269037788867e-01 5.838075428033282499e-01 3.288337708729922038e-01 6.551215219085176900e-01 4.708910410863976770e-01 4.683687148729466232e-01 5.000226165944277046e-01 4.877360410638333921e-01 9.112771475013003997e-01 2.560370630486551446e-01 6.405762058604880238e-01 3.665843043500708331e-01
6.619247113542197081e-01 7.421260296816233337e-01 5.566467495241008701e-01 5.005335907446282206e-01 4.302349345004807257e-01 3.607395986997159465e-01 0.000000000000000000e+00 4.090120825094322177e-01 5.095936996863990043e-01 2.945457353399544842e-01 5.851302103881379502e-01 6.904968781053650861e-01 4.829171221734311348e-01 3.778575367938860063e-01 4.255570050538286520e-01 3.768431252935084408e-01 8.166070824749386281e-01 6.543493531308505196e-01 4.781949217629539173e-01 8.780983529290833367e-01 1.555802258995456766e-01 4.545279450618586736e-01 6.841990883195230300e-01 1.803508586883871279e-01 4.209328398138414418e-01 2.798067797114294208e-01 6.149046143171008616e-01 3.935282022033338434e-01 3.346246889094298682e-01 7.897417468374769989e-01 4.238415758774013442e-01 6.525983239684167714e-01 4.344111591149846241e-01 5.212709594802986679e-01 3.711338561660224578e-01
4.428295192757385479e-01 6.769253788901034019e-01 7.585023163329083218e-01 4.084074172894247012e-01 4.962890082309552864e-01 6.593785773062281752e-01 4.090120825094322177e-01 0.000000000000000000e+00 4.516388910057210770e-01 2.597889737884502281e-01 9.569695944715685965e-01 7.665929365190901068e-01 7.404054302888702921e-01 3.992742444506619526e-01 4.847589308140148878e-02 6.947295792218903809e-01 5.124120162951989466e-01 6.711709284691301791e-01 4.131575517711995604e-01 1.901071054702095919e-01 6.226974550114838802e-01 7.111872970672937777e-01 1.935058075914809494e-01 6.487161666854024400e-01 2.637691637330650263e-01 1.449642885690781702e-01 3.662899816252164764e-01 5.204173960593425630e-01 2.120505769644239757e-01 3.181547355352484230e-01 5.638659450805219020e-01 7.879640679492703192e-01 7.852206767759429829e-01 8.001335580596449226e-01 3.038776587721933597e-01
5.616700444853990337e-01 3.454525918707060383e-01 3.410930122761688388e-01 5.396728452127473874e-01 8.304433212148283339e-01 1.473417229368741976e-01 5.095936996863990043e-01 4.516388910057210770e-01 0.000000000000000000e+00 8.042146160633483198e-01 7.729796853846342408e-01 4.334457841558089775e-01 8.241245485525328096e-01 6.474980045476523838e-01 6.726592597818048525e-01 4.928251143139855683e-01 2.370646038010143508e-01 4.356630278719819671e-01 5.110846248268146041e-01 8.445737872144618574e-01 4.929956784037352047e-01 6.929587596516508796e-01 5.665040324914946135e-01 1.964656435504527621e-01 5.633726717839602216e-01 4.322902147004100692e-01 5.490648846869823352e-01 6.245862406839687297e-01 7.361559003928612732e-01 6.830469640081854310e-01 9.715053885529250088e-01 2.668199371672261844e-01 8.687401458444135027e-01 4.761723542085268268e-01 2.659361714960419287e-01
8.046505259219843831e-01 1.040812979361354085e-01 2.035514453223440934e-01 8.746076388901369292e-01 6.441730013906659114e-01 9.000615177962998370e-01 2.945457353399544842e-01 2.597889737884502281e-01 8.042146160633483198e-01 0.000000000000000000e+00 3.447499873626870270e-01 6.306681930293094318e-01 9.666805846369483923e-01 2.999035092866064733e-01 1.429233919779432371e-01 1.113166196381693007e-01 4.975009016539487794e-01 5.202882738797443007e-01 8.074189366483119912e-01 2.433502209155355978e-01 4.586231694408786086e-01 8.226964220161200325e-01 7.984859408995708119e-01 1.670745489347837953e-01 4.791113089903947797e-01 3.304021980028909455e-01 3.651342854229833179e-01 9.299798559217036242e-01 1.586068836172143670e-01 6.082844852237576649e-01 5.207460563169992174e-01 5.870141471213008444e-01 2.169838700057302727e-02 5.684122649942877636e-01 3.727768778114874948e-01
4.329841557804505747e-01 5.483067026599617311e-01 7.918411097601629756e-02 3.046733271533937915e-01 6.432964661047657629e-02 4.003855744009134909e-01 5.851302103881379502e-01 9.569695944715685965e-01 7.729796853846342408e-01 3.447499873626870270e-01 0.000000000000000000e+00 5.358103190554803774e-01 5.016372856932416191e-01 3.191554354599104304e-01 3.342682610957041778e-01 7.675106378677354346e-02 5.755161129612615944e-01 8.008334404215176061e-01 3.808735821577741709e-01 1.713881677740547449e-02 2.008282273287108621e-01 2.463044237237156930e-01 4.536289443135483879e-01 3.803085750181189328e-01 2.589647254947523569e-01 6.605903657202281121e-01 8.214923101136748507e-01 4.908309417184500978e-01 4.405979205183653269e-01 5.886344781971744045e-01 8.689226558078426699e-01 2.727281096297153873e-01 9.715874636053429825e-01 6.085585366846679722e-01 7.652883405708333919e-01
2.807129035634357006e-01 3.179755314699386215e-01 3.605332892100951980e-01 6.013436081698502189e-01 7.189703981965495094e-02 8.690787289420565109e-02 6.904968781053650861e-01 7.665929365190901068e-01 4.334457841558089775e-01 6.306681930293094318e-01 5.358103190554803774e-01 0.000000000000000000e+00 8.302799685735891000e-01 8.815147011396520238e-01 8.514917216636235242e-01 8.229257715960205388e-01 7.676715499249026076e-01 2.096992949710551057e-01 7.007943033127556065e-01 5.386259560747225228e-01 4.047473103955616658e-01 3.595377162385142711e-01 7.351426649822154769e-01 5.952431978641530286e-01 4.133293183734084719e-01 4.506229459321116071e-01 3.182980356764251173e-01 9.415223602488760335e-01 5.140610826738412076e-01 6.175359853483719519e-01 4.201820976237128358e-01 6.280240697771567460e-01 5.014650642138717140e-01 5.156365901972861376e-01 4.444719534162374641e-01
4.952866225893553520e-01 8.189390189387042440e-01 1.792767576147301645e-01 6.856109154962055641e-01 8.236929922833129414e-01 7.527878392423017484e-01 4.829171221734311348e-01 7.404054302888702921e-01 8.241245485525328096e-01 9.666805846369483923e-01 5.016372856932416191e-01 8.302799685735891000e-01 0.000000000000000000e+00 3.691955486048377200e-01 5.832072168221735797e-02 3.389415098527023829e-01 8.035710521711993959e-01 6.770710617242943208e-01 9.695210250432536592e-01 4.700277903215428488e-01 5.607836699790114121e-01 4.442531730123107092e-01 6.353517940092103800e-01 9.885108709060166365e-01 6.843603521093331032e-01 2.421069269528246526e-01 8.459450054140720265e-01 6.590529193847942668e-01 8.750392808482782003e-01 2.166589869148027869e-01 4.517816574813322550e-01 5.633571182976693237e-02 6.287141993857285893e-01 4.127973248712120680e-01 1.054237384975384995e-01
8.030163814561641633e-01 8.537371958137691674e-01 3.328963824272906935e-01 5.640868711049533690e-01 8.197263432594122934e-01 6.915868413195388476e-01 3.778575367938860063e-01 3.992742444506619526e-01 6.474980045476523838e-01 2.999035092866064733e-01 3.191554354599104304e-01 8.815147011396520238e-01 3.691955486048377200e-01 0.000000000000000000e+00 4.204908142073804367e-01 2.652884321484075270e-01 7.697718402946549521e-01 1.657002079058008115e-01 4.780399316771496987e-01 7.023162009838825881e-01 4.308570485608712586e-01 2.117996612430147474e-01 6.021642950539434214e-01 5.724234727694477165e-01 7.862615906080385741e-01 5.997171466840629517e-01 7.213313460125794219e-01 5.141436874259859291e-01 7.718113033273494850e-01 5.551008384462049472e-01 7.103959269242788865e-01 5.066037784360363228e-01 4.704397002148456020e-01 5.920454178274744406e-01 3.533526335836624788e-01
6.665757527655873371e-01 2.073769960798542700e-01 4.210488006337649303e-01 5.827402940530695963e-01 7.756357214482361151e-01 3.971888622843505745e-01 4.255570050538286520e-01 4.847589308140148878e-02 6.726592597818048525e-01 1.429233919779432371e-01 3.342682610957041778e-01 8.514917216636235242e-01 5.832072168221735797e-02 4.204908142073804367e-01 0.000000000000000000e+00 8.290197480356864546e-02 2.282903148354076817e-01 4.367093434517108075e-01 2.414011922643323482e-01 7.279539227482092478e-01 3.876844855299803605e-01 3.019313633053005708e-01 5.489877941930381144e-01 1.954459818994613851e-01 2.225565713554638059e-01 3.153101739930552205e-01 5.407865315997817390e-01 2.631253895311366220e-01 3.502853345627234827e-01 4.104896414086492418e-01 7.359505535988286606e-01 7.481357966544204263e-01 7.968948747086904705e-01 3.613302000875354136e-01 2.000705290703026495e-01
7.055959716753865685e-01 6.296311739459362622e-01 1.831502211883656028e-01 7.169886833098828571e-01 4.510183037258660432e-01 4.966364657250824655e-01 3.768431252935084408e-01 6.947295792218903809e-01 4.928251143139855683e-01 1.113166196381693007e-01 7.675106378677354346e-02 8.229257715960205388e-01 3.389415098527023829e-01 2.652884321484075270e-01 8.290197480356864546e-02 0.000000000000000000e+00 4.198285269220925486e-01 8.409979918767247486e-01 8.345582630519319256e-01 4.122943954161703006e-01 7.333827275950469682e-01 4.942592832439672290e-01 7.119796626914184356e-01 7.482769382759688614e-01 3.609089720180417848e-01 4.773753098113620030e-01 4.881639015800009473e-01 3.875514133871952316e-01 8.820368641460525350e-01 7.424045512155666993e-01 8.195717971413246650e-01 6.318534066961282170e-01 5.664071537218721142e-01 4.527816901792149351e-01 3.137485468031778191e-01
5.456085019889151955e-01 1.845191430196118643e-01 4.610283348657296387e-01 9.025508582604103713e-01 2.403871031629286614e-01 4.129065454321486639e-01 8.166070824749386281e-01 5.124120162951989466e-01 2.370646038010143508e-01 4.975009016539487794e-01 5.755161129612615944e-01 7.676715499249026076e-01 8.035710521711993959e-01 7.697718402946549521e-01 2.282903148354076817e-01 4.198285269220925486e-01 0.000000000000000000e+00 2.252668404980000538e-01 4.042520665280608938e-01 5.612941284121046870e-01 7.070089256717593251e-01 3.893935721662459271e-01 3.142624891442405421e-01 4.992428221242888320e-01 2.420137455059426790e-01 2.856507075349248304e-01 4.196017802587308498e-01 3.380538221267037624e-02 3.536014416756663725e-01 7.398828773213178556e-01 2.973141900817665162e-01 2.495742900835899170e-01 5.517533524165106895e-01 4.194811580747990765e-01 5.461743617489458469e-01
5.605663596798353687e-01 2.560783577665238786e-01 4.665653520958183975e-01 1.302768477188325225e-01 3.108964579945738271e-01 4.687048161624791653e-01 6.543493531308505196e-01 6.711709284691301791e-01 4.356630278719819671e-01 5.202882738797443007e-01 8.008334404215176061e-01 2.096992949710551057e-01 6.770710617242943208e-01 1.657002079058008115e-01 4.367093434517108075e-01 8.409979918767247486e-01 2.252668404980000538e-01 0.000000000000000000e+00 3.225616235927498687e-01 3.348998661031353241e-01 5.357591746909067254e-01 8.136990664494887504e-01 5.401443872892586207e-01 6.003033185452933962e-01 5.651382559658921778e-01 8.104756167142903589e-01 9.011446154457203317e-01 5.698769222993965711e-01 4.729464129159366426e-01 4.587416772716275126e-01 1.039832921477507055e-01 5.505574227489150596e-01 5.945897354448087535e-01 4.753331883645839362e-01 8.532714850885130264e-01
3.552658992998325438e-01 1.705259877856335482e-01 3.803614437476344756e-01 6.217988614218052934e-01 4.609269751695092010e-01 4.052537219158107717e-01 4.781949217629539173e-01 4.131575517711995604e-01 5.110846248268146041e-01 8.074189366483119912e-01 3.808735821577741709e-01 7.007943033127556065e-01 9.695210250432536592e-01 4.780399316771496987e-01 2.414011922643323482e-01 8.345582630519319256e-01 4.042520665280608938e-01 3.225616235927498687e-01 0.000000000000000000e+00 2.818138436082314735e-01 1.158887731447376668e-01 4.356457802274358859e-01 2.546278333559383045e-01 4.931377234649621522e-01 5.547479727789469406e-01 1.439766454986189936e-01 7.185301605120740787e-01 6.354780502858341507e-01 8.350817009640778554e-01 5.027216870929076542e-01 5.331808914511315667e-01 3.845685302584785914e-01 6.209856149107089163e-01 5.208356700744209977e-01 4.165820849096327771e-01
6.163341728739569758e-01 5.504375932056420062e-01 2.307142116175722180e-01 4.011467411778302794e-01 8.987421995186348767e-01 3.167764546208682308e-01 8.780983529290833367e-01 1.901071054702095919e-01 8.445737872144618574e-01 2.433502209155355978e-01 1.713881677740547449e-02 5.386259560747225228e-01 4.700277903215428488e-01 7.023162009838825881e-01 7.279539227482092478e-01 4.122943954161703006e-01 5.612941284121046870e-01 3.348998661031353241e-01 2.818138436082314735e-01 0.000000000000000000e+00 6.605942312413938255e-01 4.254916528200030079e-01 5.954365809487330852e-01 1.416144962303703680e-01 7.551771661655835022e-01 6.326985682441249592e-01 6.752121516048216199e-01 8.151896294505042162e-01 8.156994576631184657e-01 7.188050355672135350e-01 6.441427114468196713e-01 5.760380743448396679e-01 2.586621820506279645e-01 8.522766207608656330e-02 1.870524016459589323e-01
2.272479526272095374e-01 4.026277283115723415e-01 4.984869058771346784e-01 4.404903283884910037e-01 6.474736200013662124e-01 7.235970064265961899e-01 1.555802258995456766e-01 6.226974550114838802e-01 4.929956784037352047e-01 4.586231694408786086e-01 2.008282273287108621e-01 4.047473103955616658e-01 5.607836699790114121e-01 4.308570485608712586e-01 3.876844855299803605e-01 7.333827275950469682e-01 7.070089256717593251e-01 5.357591746909067254e-01 1.158887731447376668e-01 6.605942312413938255e-01 0.000000000000000000e+00 3.696231610683264335e-01 5.831680355658668269e-01 1.674186790385018275e-01 8.472477039926233910e-01 3.935089482072663403e-01 3.531519671827842988e-02 5.755189735072957502e-01 3.896491559409190342e-01 9.275408071507758034e-01 5.265500940576044453e-01 3.638836129637351702e-01 4.930739810225719943e-01 4.926643602262227306e-01 7.236302586232876699e-01
9.378272938740372933e-02 5.755067015677242104e-01 4.981028345522907075e-01 1.387889123354597576e-01 4.816292545130005931e-01 7.265313349066508941e-01 4.545279450618586736e-01 7.111872970672937777e-01 6.929587596516508796e-01 8.226964220161200325e-01 2.463044237237156930e-01 3.595377162385142711e-01 4.442531730123107092e-01 2.117996612430147474e-01 3.019313633053005708e-01 4.942592832439672290e-01 3.893935721662459271e-01 8.136990664494887504e-01 4.356457802274358859e-01 4.254916528200030079e-01 3.696231610683264335e-01 0.000000000000000000e+00 5.842976926319891628e-01 4.180099185874477374e-01 4.572634593999828079e-01 8.479273702772112120e-01 4.501155779126086998e-01 8.340783891354401902e-01 8.211225298962029351e-01 8.358615471242314410e-02 4.987936289137848700e-01 5.780139989327071071e-01 1.416085135978161214e-01 6.483406571934344775e-01 4.487131214801406420e-01
7.725340007000608411e-01 6.309105049022665224e-01 3.667076205543793876e-01 2.922380545249719797e-01 2.554735732399201487e-01 5.187255440091411707e-01 6.841990883195230300e-01 1.935058075914809494e-01 5.665040324914946135e-01 7.984859408995708119e-01 4.536289443135483879e-01 7.351426649822154769e-01 6.353517940092103800e-01 6.021642950539434214e-01 5.489877941930381144e-01 7.119796626914184356e-01 3.142624891442405421e-01 5.401443872892586207e-01 2.546278333559383045e-01 5.954365809487330852e-01 5.831680355658668269e-01 5.842976926319891628e-01 0.000000000000000000e+00 3.466811794552898118e-01 7.583575696340784100e-01 7.465484048327735156e-01 1.989471323866085495e-01 1.990759951436961717e-01 3.127338883653184576e-01 2.079701545290255638e-01 4.177495452884630867e-01 4.515719918740374039e-01 6.656795627869170895e-01 5.759950066089134513e-01 2.451626731671756598e-01
6.030560395108921501e-01 6.691328673077727718e-01 7.792597466122481720e-01 4.328950390079202570e-01 4.625625424566668364e-01 5.637476269037788867e-01 1.803508586883871279e-01 6.487161666854024400e-01 1.964656435504527621e-01 1.670745489347837953e-01 3.803085750181189328e-01 5.952431978641530286e-01 9.885108709060166365e-01 5.724234727694477165e-01 1.954459818994613851e-01 7.482769382759688614e-01 4.992428221242888320e-01 6.003033185452933962e-01 4.931377234649621522e-01 1.416144962303703680e-01 1.674186790385018275e-01 4.180099185874477374e-01 3.466811794552898118e-01 0.000000000000000000e+00 4.619731721754348763e-01 9.503625206080899002e-01 4.776756582192188128e-01 3.460522504386220888e-01 3.245180539156222732e-01 4.155321190274896548e-02 7.715533580540863134e-01 6.260942954659214355e-01 5.807615224861386594e-01 7.717470440903875240e-01 5.839918578127059057e-01
5.654206881620962299e-01 4.150570140595974955e-01 4.743226619255088705e-01 3.030863842363857863e-01 4.438265957542337214e-01 5.838075428033282499e-01 4.209328398138414418e-01 2.637691637330650263e-01 5.633726717839602216e-01 4.791113089903947797e-01 2.589647254947523569e-01 4.133293183734084719e-01 6.843603521093331032e-01 7.862615906080385741e-01 2.225565713554638059e-01 3.609089720180417848e-01 2.420137455059426790e-01 5.651382559658921778e-01 5.547479727789469406e-01 7.551771661655835022e-01 8.472477039926233910e-01 4.572634593999828079e-01 7.583575696340784100e-01 4.619731721754348763e-01 0.000000000000000000e+00 3.885477353360162756e-01 8.121135095432846507e-01 5.320999334044920204e-01 8.902043638756351740e-01 4.323576715671298976e-01 6.616436528281139928e-01 7.554820897308182071e-01 3.955469898473556456e-01 3.701077398565411070e-01 7.909680896912181236e-01
5.840929936256710198e-01 6.765473606496981152e-01 3.362287495550601024e-01 8.024460440012084472e-01 5.062324763633156977e-01 3.288337708729922038e-01 2.798067797114294208e-01 1.449642885690781702e-01 4.322902147004100692e-01 3.304021980028909455e-01 6.605903657202281121e-01 4.506229459321116071e-01 2.421069269528246526e-01 5.997171466840629517e-01 3.153101739930552205e-01 4.773753098113620030e-01 2.856507075349248304e-01 8.104756167142903589e-01 1.439766454986189936e-01 6.326985682441249592e-01 3.935089482072663403e-01 8.479273702772112120e-01 7.465484048327735156e-01 9.503625206080899002e-01 3.885477353360162756e-01 0.000000000000000000e+00 5.219912354255477061e-01 6.257960663189429118e-01 4.428528350091444632e-01 7.451127844462582805e-01 5.739652073881550409e-01 5.862026827827443443e-01 4.512218996767120571e-01 4.253900448713598959e-01 4.302985729489257061e-01
8.565722870879566297e-01 7.741244976249912479e-01 7.378656261548131035e-01 7.857687489736921993e-01 6.570385494138025750e-01 6.551215219085176900e-01 6.149046143171008616e-01 3.662899816252164764e-01 5.490648846869823352e-01 3.651342854229833179e-01 8.214923101136748507e-01 3.182980356764251173e-01 8.459450054140720265e-01 7.213313460125794219e-01 5.407865315997817390e-01 4.881639015800009473e-01 4.196017802587308498e-01 9.011446154457203317e-01 7.185301605120740787e-01 6.752121516048216199e-01 3.531519671827842988e-02 4.501155779126086998e-01 1.989471323866085495e-01 4.776756582192188128e-01 8.121135095432846507e-01 5.219912354255477061e-01 0.000000000000000000e+00 1.230154425051393496e-01 7.634907631932640326e-01 3.676092157421494422e-01 4.032269705123975867e-01 7.509389122987775167e-01 4.289055939544477725e-01 4.948233530078155473e-01 3.365582411373819749e-01
8.675610879997370795e-01 6.683083175994224412e-01 4.107963182079675812e-01 4.573856573823942284e-01 3.436271349714555279e-01 4.708910410863976770e-01 3.935282022033338434e-01 5.204173960593425630e-01 6.245862406839687297e-01 9.299798559217036242e-01 4.908309417184500978e-01 9.415223602488760335e-01 6.590529193847942668e-01 5.141436874259859291e-01 2.631253895311366220e-01 3.875514133871952316e-01 3.380538221267037624e-02 5.698769222993965711e-01 6.354780502858341507e-01 8.151896294505042162e-01 5.755189735072957502e-01 8.340783891354401902e-01 1.990759951436961717e-01 3.460522504386220888e-01 5.320999334044920204e-01 6.257960663189429118e-01 1.230154425051393496e-01 0.000000000000000000e+00 5.936751550471220940e-01 4.342871367110512359e-01 8.020937441978738258e-01 7.563808292120108856e-01 1.743491576180598024e-01 2.545726916719404098e-01 3.572503776381644180e-01
6.505635162248285530e-01 6.469642915873212718e-01 2.830262288661405945e-01 7.578269692297374682e-01 6.449758358307435824e-01 4.683687148729466232e-01 3.346246889094298682e-01 2.120505769644239757e-01 7.361559003928612732e-01 1.586068836172143670e-01 4.405979205183653269e-01 5.140610826738412076e-01 8.750392808482782003e-01 7.718113033273494850e-01 3.502853345627234827e-01 8.820368641460525350e-01 3.536014416756663725e-01 4.729464129159366426e-01 8.350817009640778554e-01 8.156994576631184657e-01 3.896491559409190342e-01 8.211225298962029351e-01 3.127338883653184576e-01 3.245180539156222732e-01 8.902043638756351740e-01 4.428528350091444632e-01 7.634907631932640326e-01 5.936751550471220940e-01 0.000000000000000000e+00 2.416732788970641366e-01 4.999925480562281144e-01 4.144874265958715664e-01 8.668951713153381089e-01 8.776430752385289136e-01 7.106981618706780246e-01
8.049740361224724250e-01 6.554021168103106865e-01 4.185565123703929302e-01 6.848023811434027497e-01 5.467249660521580346e-01 5.000226165944277046e-01 7.897417468374769989e-01 3.181547355352484230e-01 6.830469640081854310e-01 6.082844852237576649e-01 5.886344781971744045e-01 6.175359853483719519e-01 2.166589869148027869e-01 5.551008384462049472e-01 4.104896414086492418e-01 7.424045512155666993e-01 7.398828773213178556e-01 4.587416772716275126e-01 5.027216870929076542e-01 7.188050355672135350e-01 9.275408071507758034e-01 8.358615471242314410e-02 2.079701545290255638e-01 4.155321190274896548e-02 4.323576715671298976e-01 7.451127844462582805e-01 3.676092157421494422e-01 4.342871367110512359e-01 2.416732788970641366e-01 0.000000000000000000e+00 3.868340366779428052e-01 2.303633435040507993e-01 8.119425444826373628e-01 8.649501182046381853e-01 5.612188289258620566e-01
3.697732758397056507e-01 8.559080452236519365e-01 2.535099227095767849e-01 9.163590579700970906e-01 5.585312171296704653e-01 4.877360410638333921e-01 4.238415758774013442e-01 5.638659450805219020e-01 9.715053885529250088e-01 5.207460563169992174e-01 8.689226558078426699e-01 4.201820976237128358e-01 4.517816574813322550e-01 7.103959269242788865e-01 7.359505535988286606e-01 8.195717971413246650e-01 2.973141900817665162e-01 1.039832921477507055e-01 5.331808914511315667e-01 6.441427114468196713e-01 5.265500940576044453e-01 4.987936289137848700e-01 4.177495452884630867e-01 7.715533580540863134e-01 6.616436528281139928e-01 5.739652073881550409e-01 4.032269705123975867e-01 8.020937441978738258e-01 4.999925480562281144e-01 3.868340366779428052e-01 0.000000000000000000e+00 4.484702027576505379e-01 8.720177448778869689e-01 3.692074480382047108e-01 4.989182506424293950e-01
2.574607248919524860e-01 3.712040191663801281e-01 9.648252984206084903e-01 4.442851662926572409e-02 5.501239947886116255e-01 9.112771475013003997e-01 6.525983239684167714e-01 7.879640679492703192e-01 2.668199371672261844e-01 5.870141471213008444e-01 2.727281096297153873e-01 6.280240697771567460e-01 5.633571182976693237e-02 5.066037784360363228e-01 7.481357966544204263e-01 6.318534066961282170e-01 2.495742900835899170e-01 5.505574227489150596e-01 3.845685302584785914e-01 5.760380743448396679e-01 3.638836129637351702e-01 5.780139989327071071e-01 4.515719918740374039e-01 6.260942954659214355e-01 7.554820897308182071e-01 5.862026827827443443e-01 7.509389122987775167e-01 7.563808292120108856e-01 4.144874265958715664e-01 2.303633435040507993e-01 4.484702027576505379e-01 0.000000000000000000e+00 9.007444344799111491e-01 5.237201624093694718e-01 6.214927603870685768e-01
8.422693784585124632e-01 3.894230153511974990e-01 3.446472869751386892e-01 5.791953166632598515e-01 8.012056792833901486e-01 2.560370630486551446e-01 4.344111591149846241e-01 7.852206767759429829e-01 8.687401458444135027e-01 2.169838700057302727e-02 9.715874636053429825e-01 5.014650642138717140e-01 6.287141993857285893e-01 4.704397002148456020e-01 7.968948747086904705e-01 5.664071537218721142e-01 5.517533524165106895e-01 5.945897354448087535e-01 6.209856149107089163e-01 2.586621820506279645e-01 4.930739810225719943e-01 1.416085135978161214e-01 6.656795627869170895e-01 5.807615224861386594e-01 3.955469898473556456e-01 4.512218996767120571e-01 4.289055939544477725e-01 1.743491576180598024e-01 8.668951713153381089e-01 8.119425444826373628e-01 8.720177448778869689e-01 9.007444344799111491e-01 0.000000000000000000e+00 5.405067728023850160e-01 6.544306065475882228e-01
7.098971471462156568e-01 5.923044228750946605e-01 5.780900968018622965e-01 3.979851979020186392e-01 2.035422937491074835e-01 6.405762058604880238e-01 5.212709594802986679e-01 8.001335580596449226e-01 4.761723542085268268e-01 5.684122649942877636e-01 6.085585366846679722e-01 5.156365901972861376e-01 4.127973248712120680e-01 5.920454178274744406e-01 3.613302000875354136e-01 4.527816901792149351e-01 4.194811580747990765e-01 4.753331883645839362e-01 5.208356700744209977e-01 8.522766207608656330e-02 4.926643602262227306e-01 6.483406571934344775e-01 5.759950066089134513e-01 7.717470440903875240e-01 3.701077398565411070e-01 4.253900448713598959e-01 4.948233530078155473e-01 2.545726916719404098e-01 8.776430752385289136e-01 8.649501182046381853e-01 3.692074480382047108e-01 5.237201624093694718e-01 5.405067728023850160e-01 0.000000000000000000e+00 7.788189002213161682e-01
3.144334046639914448e-01 6.038425333198048639e-01 7.675252620716245255e-01 4.240298846514269915e-01 2.420878778874637760e-01 3.665843043500708331e-01 3.711338561660224578e-01 3.038776587721933597e-01 2.659361714960419287e-01 3.727768778114874948e-01 7.652883405708333919e-01 4.444719534162374641e-01 1.054237384975384995e-01 3.533526335836624788e-01 2.000705290703026495e-01 3.137485468031778191e-01 5.461743617489458469e-01 8.532714850885130264e-01 4.165820849096327771e-01 1.870524016459589323e-01 7.236302586232876699e-01 4.487131214801406420e-01 2.451626731671756598e-01 5.839918578127059057e-01 7.909680896912181236e-01 4.302985729489257061e-01 3.365582411373819749e-01 3.572503776381644180e-01 7.106981618706780246e-01 5.612188289258620566e-01 4.989182506424293950e-01 6.214927603870685768e-01 6.544306065475882228e-01 7.788189002213161682e-01 0.000000000000000000e+00
