0.000000000000000000e+00 7.727157783713123340e-01 3.338555047958832178e-01 8.514840980794079472e-01 5.282316472589164702e-01 5.907745213357298297e-01 3.553056633426643351e-02 6.638136864578296770e-01 2.761762537369522041e-01 2.839477618667203274e-01 7.838605378633398679e-01 5.691824393048152686e-01 6.069975362856558920e-01 4.898418070044123218e-01 7.597993181366811122e-01 7.732971710987035507e-01 3.769044862074775737e-01 4.516731318851019417e-01 3.791230744861382451e-01 4.040242338310215953e-01 5.516144635614952385e-01 6.375414867515579731e-01 6.035294898942065167e-01 5.335848664115429019e-01 9.624461228633724996e-01 6.425155423633691631e-01 1.833648349312375636e-01 3.251380795765072551e-01 4.832820765356949932e-01 3.620288266220205164e-01 6.930924383755736606e-01 6.123526933128283778e-01 6.747723411881456634e-01 7.793254874367694374e-01 2.471139939418036946e-01
7.727157783713123340e-01 0.000000000000000000e+00 4.374452941778432802e-01 4.757660734768494049e-01 6.859670787010465620e-01 1.220614070660377415e-01 8.652345447662244116e-01 8.014724967039372761e-01 7.924631225016770530e-01 2.265685468557083748e-01 7.266701197155336356e-01 6.619216690338597386e-01 1.783588038997294123e-01 4.796458607012865083e-01 5.827615673846688882e-01 6.781038915324035798e-01 4.392736706998880969e-01 7.551287655435200419e-01 5.443869368042919543e-01 9.558421466141535650e-01 7.247768888697525558e-01 5.371514967079519254e-01 8.392658064136446772e-01 7.063249036525095503e-01 2.403238068710943365e-01 4.736228943838357019e-01 6.713148327317323139e-01 7.132112538369290711e-01 7.203362239640844766e-01 4.792258835155606134e-01 9.103763053552664797e-01 6.775934200058124635e-01 5.058825279339971281e-01 6.492517508945436777e-01 8.288034461061817293e-01
3.338555047958832178e-01 4.374452941778432802e-01 0.000000000000000000e+00 8.178130032410917405e-01 2.247461965901218495e-01 7.993847862196873377e-01 8.776212386215386241e-01 5.870639185172450425e-01 8.944592956963346442e-01 5.489178771699454451e-01 5.790319539609554145e-01 5.468962375117698560e-01 7.474635760930457007e-01 5.209196519833048100e-01 6.405907414411082801e-01 4.193403126787845769e-01 1.461458261884800436e-01 5.141107184509710049e-01 6.582020998206914442e-01 2.925651686045228628e-01 3.492424984224465345e-01 9.438492463532284216e-01 5.060093869157348268e-01 4.388788044469142391e-01 7.492049512847295256e-01 9.567755132395271422e-01 4.042750199418225776e-01 5.495123446236622744e-01 1.927732333650865604e-01 8.881652339844722244e-01 1.720022489613426409e-02 5.760679639158943210e-01 4.571398452210472252e-01 4.413818933094569852e-01 2.978885977246065186e-01
8.514840980794079472e-01 4.757660734768494049e-01 8.178130032410917405e-01 0.000000000000000000e+00 9.082632894144119229e-01 7.201470630969843967e-01 1.301848077828653416e-01 4.203144202437266719e-01 2.369225863018433742e-01 8.150121673383171617e-01 8.182171753302782680e-01 4.484843673715561141e-01 5.462967178876533270e-01 7.855348881204680112e-01 5.133727670072202320e-01 7.380340245586318737e-01 5.738713224187199646e-01 7.355454224155044685e-01 7.658109228692817627e-01 4.104544916559024759e-01 7.102098547093032010e-01 8.316931534016113181e-01 8.904360417008065909e-01 7.731822672724366630e-01 5.436633918271138732e-01 6.115939064727615726e-01 9.131543920509419543e-01 4.077189427400418897e-01 8.105937574296067094e-01 5.075122621730876471e-01 6.662390645029231395e-01 4.338466795023037115e-01 4.985580297960514051e-01 2.585631522725021503e-01 9.441902613260517718e-01
5.282316472589164702e-01 6.859670787010465620e-01 2.247461965901218495e-01 9.082632894144119229e-01 0.000000000000000000e+00 1.796581011156812568e-01 4.767924519371062320e-01 4.681409241314025138e-01 4.801440463670471614e-01 2.630833941521304453e-02 5.513396111326414051e-01 6.109666138940712532e-01 7.146384488765367138e-01 5.700192443523057761e-01 1.595144930101034531e-01 5.426367949561111681e-01 9.327585370293487443e-01 5.556407559079863390e-01 7.744398460226521452e-01 4.627567031422938904e-01 3.082242332420893627e-01 5.611313845048149229e-01 5.728188746594031766e-01 2.861921521285313297e-01 3.607236104240606478e-01 9.396289479916681842e-01 5.134564170930373539e-01 6.189002927574437374e-01 5.972857975990786272e-01 6.611492076215743641e-01 8.541351280339004592e-01 7.797520213584958615e-01 4.981952760140322400e-01 2.861636929572043408e-01 3.151926212043145714e-01
5.907745213357298297e-01 1.220614070660377415e-01 7.993847862196873377e-01 7.201470630969843967e-01 1.796581011156812568e-01 0.000000000000000000e+00 6.961908287529013917e-01 6.884466762515593086e-01 5.402421346773307320e-01 4.558564165089472597e-01 6.602606477601032919e-01 9.579622692244806892e-01 3.789215354669939195e-02 6.171390513964594149e-01 5.122764059186077912e-01 1.665020974258994979e-01 3.642604191942339642e-01 4.434353305756563723e-01 5.971966639166466084e-01 4.030020045563981190e-01 7.760268485168120289e-02 6.488496400163519251e-01 8.037828190509110904e-01 2.751756091840032448e-01 8.656872656561949153e-01 7.085026123193993719e-01 8.331495596696834038e-01 3.247499721667614914e-01 5.501462684268192405e-01 5.139423154503912627e-01 7.230141377777974387e-01 8.781373143839487083e-01 4.174251246641277335e-01 8.181129480047976132e-01 3.451588856310602305e-01
3.553056633426643351e-02 8.652345447662244116e-01 8.776212386215386241e-01 1.301848077828653416e-01 4.767924519371062320e-01 6.961908287529013917e-01 0.000000000000000000e+00 5.480214693348687272e-01 7.157809579233511688e-01 3.596929788793609695e-01 6.011805922074027198e-01 4.614528336556215637e-01 7.859156841208317923e-01 5.499433221609127953e-01 6.583052627389562872e-01 1.023484951023819756e-01 4.186810590861337888e-01 3.221522627868173561e-01 7.035033412503562955e-01 4.536165200844100021e-01 4.267357020265745704e-01 2.982107401740230479e-01 5.295391797174477944e-01 4.732709177535495138e-01 5.190972785615675100e-01 7.885342218594639796e-01 5.095412015938857175e-01 1.219137797422402136e-01 6.972859592286813069e-01 6.144967658568392110e-01 7.404355841447551878e-01 8.859749287167892895e-01 2.612702568213668419e-01 4.374792754207407208e-01 9.178667986287286640e-01
6.638136864578296770e-01 8.014724967039372761e-01 5.870639185172450425e-01 4.203144202437266719e-01 4.681409241314025138e-01 6.884466762515593086e-01 5.480214693348687272e-01 0.000000000000000000e+00 5.342863786507813240e-01 6.689209437907741584e-01 5.444311380337109041e-01 3.453233314945948207e-01 6.103195142444323151e-01 7.420049514078206343e-01 3.930831536014630645e-01 4.787167780059966016e-01 8.154854137404863312e-01 4.205001823522842019e-01 1.444947815570614136e-01 5.317321974634133808e-01 8.289316776503037332e-01 4.246674774858025803e-01 4.570650058995159304e-01 7.627495775665200650e-01 6.941261037640430454e-01 7.144325082673286254e-01 5.161586990109685580e-01 5.140172504427544808e-01 8.214548757547581737e-01 4.271118989849534975e-01 8.759168535426103963e-01 1.423748905705453094e-01 6.833805215701013180e-01 6.080665335920438785e-01 3.374677880312335621e-01
2.761762537369522041e-01 7.924631225016770530e-01 8.944592956963346442e-01 2.369225863018433742e-01 4.801440463670471614e-01 5.402421346773307320e-01 7.157809579233511688e-01 5.342863786507813240e-01 0.000000000000000000e+00 5.625268660006464971e-01 5.022951176122549821e-01 1.636095143210496428e-01 5.521858193327217057e-01 5.108401215576554577e-01 8.697934832561216023e-01 4.308219727195966575e-01 2.273297190136572832e-01 4.063434458238141533e-01 5.325487063272622557e-01 3.165698690381492098e-01 6.546918053861170428e-01 4.193489494765593739e-01 1.384493240561713856e-01 7.452107042728144393e-01 3.237746503185779945e-01 8.765467607177026554e-01 8.557895402839986732e-01 7.584455919576698069e-01 4.526873211273185205e-01 9.220056398333138503e-01 4.879855194325485312e-01 4.906534745313392287e-01 6.748062145549098556e-01 7.578479675318986475e-01 8.671241854095237400e-01
2.839477618667203274e-01 2.265685468557083748e-01 5.489178771699454451e-01 8.150121673383171617e-01 2.630833941521304453e-02 4.558564165089472597e-01 3.596929788793609695e-01 6.689209437907741584e-01 5.625268660006464971e-01 0.000000000000000000e+00 5.616517842275208228e-01 5.651662255633281839e-01 5.747728426296567772e-01 6.872523726116188669e-01 5.319856728357174047e-01 3.727004353059203412e-01 3.699736585307853987e-01 6.615223809772678987e-01 5.563920956513490612e-01 4.405305267946614256e-01 8.634978560761170652e-01 3.644840880171122399e-01 2.340202496932476395e-01 6.044342987767621356e-01 7.905507883686846426e-01 7.081454365440280618e-01 3.713467162162956692e-01 7.790702495334947963e-01 5.042367076576812490e-01 2.687391043867239926e-01 6.161467053977927044e-01 7.444453194122152562e-01 4.525691524896295337e-01 4.378078730241710126e-01 6.293335470730692105e-01
7.838605378633398679e-01 7.266701197155336356e-01 5.790319539609554145e-01 8.182171753302782680e-01 5.513396111326414051e-01 6.602606477601032919e-01 6.011805922074027198e-01 5.444311380337109041e-01 5.022951176122549821e-01 5.616517842275208228e-01 0.000000000000000000e+00 5.389549526559671566e-01 7.907288234393994308e-01 1.248040933927685447e-01 5.609809083271297681e-01 4.792409948580415024e-01 6.337653676423555815e-01 2.417992062351982385e-01 7.577586373304817657e-01 6.859752025761923777e-01 9.102008090323525646e-01 6.113167927868217166e-01 5.649373037608143022e-01 6.283685678831038013e-01 4.237385531706734376e-01 4.507737538724411186e-01 4.669850887617407742e-01 4.040282154958120819e-01 1.908458720921121232e-01 3.801422244815005347e-01 6.548901124949004782e-01 8.146322576405694571e-01 3.885027897083693782e-01 4.961413499121959947e-01 1.747859708485873798e-01
5.691824393048152686e-01 6.619216690338597386e-01 5.468962375117698560e-01 4.484843673715561141e-01 6.109666138940712532e-01 9.579622692244806892e-01 4.614528336556215637e-01 3.453233314945948207e-01 1.636095143210496428e-01 5.651662255633281839e-01 5.389549526559671566e-01 0.000000000000000000e+00 5.061899266814665621e-01 9.290583941902653686e-01 5.340182323322648639e-01 5.056170589012688454e-01 9.329701121244262652e-01 1.350210162639828848e-01 6.079885365419368526e-02 6.235633173858834422e-01 3.803093852156057553e-01 1.958440829904917191e-01 2.041513682763115289e-01 5.994334243975452114e-01 4.865560798339141346e-01 8.751382203648561120e-01 3.968847927217071803e-01 5.225809455040332230e-01 4.477560500071138816e-01 3.642210576865616556e-01 4.384919029916267696e-01 4.178409122520339580e-01 5.384804572612558182e-01 7.267239924354365055e-01 7.121826622170916998e-01
6.069975362856558920e-01 1.783588038997294123e-01 7.474635760930457007e-01 5.462967178876533270e-01 7.146384488765367138e-01 3.789215354669939195e-02 7.859156841208317923e-01 6.103195142444323151e-01 5.521858193327217057e-01 5.747728426296567772e-01 7.907288234393994308e-01 5.061899266814665621e-01 0.000000000000000000e+00 5.777403355543041519e-01 5.173164911019121348e-01 6.347759776414936272e-01 5.262397637645350734e-01 3.646091716253481718e-01 7.818409726260576731e-01 5.153355914597909093e-01 5.752927403819640961e-01 7.334597578948036656e-01 8.043804073814198041e-01 4.656586876097486005e-01 7.219916086407986988e-01 4.838009942821749343e-01 3.747694603425097415e-01 9.647938343447988174e-01 7.068494666298485996e-02 5.780106375395015483e-01 8.891735893007896019e-01 8.212733452168203829e-01 6.559004994903601116e-01 4.162466429642938670e-01 4.579206580197097143e-01
4.898418070044123218e-01 4.796458607012865083e-01 5.209196519833048100e-01 7.855348881204680112e-01 5.700192443523057761e-01 6.171390513964594149e-01 5.499433221609127953e-01 7.420049514078206343e-01 5.108401215576554577e-01 6.872523726116188669e-01 1.248040933927685447e-01 9.290583941902653686e-01 5.777403355543041519e-01 0.000000000000000000e+00 4.466449412804989749e-01 6.214929834592325397e-01 4.948542199718632406e-01 7.581226625958558119e-01 8.415818316753514994e-01 7.314920183834350276e-02 8.780183872213412899e-01 8.680518358535245227e-01 5.285530624641481268e-01 8.494283151212038696e-01 5.430221688432637084e-01 8.308049526726595246e-01 5.290710874711693767e-01 2.346795049829271396e-01 7.325486322256539173e-01 7.432970806211748327e-01 2.175942772532908354e-01 6.760146325336277018e-01 4.692084983405902521e-01 7.427690224654808215e-01 6.116519043541128742e-01
7.597993181366811122e-01 5.827615673846688882e-01 6.405907414411082801e-01 5.133727670072202320e-01 1.595144930101034531e-01 5.122764059186077912e-01 6.583052627389562872e-01 3.930831536014630645e-01 8.697934832561216023e-01 5.319856728357174047e-01 5.609809083271297681e-01 5.340182323322648639e-01 5.173164911019121348e-01 4.466449412804989749e-01 0.000000000000000000e+00 5.506500456687034584e-01 5.012700420378415345e-01 9.234196007247497118e-01 2.958569220602180749e-01 5.756297558092713373e-01 4.861898816289323966e-01 2.197666531480677587e-01 1.936952265514246818e-01 8.148405188964019663e-01 2.104450330068353692e-01 4.059167011750002274e-01 4.619463437190945987e-01 6.480193212013762860e-01 8.813083888503796537e-01 2.989874528989688862e-01 4.741152250174586191e-01 3.990643318322717459e-02 4.604877520319080042e-01 4.900540238639605750e-01 7.597541671398380103e-01
7.732971710987035507e-01 6.781038915324035798e-01 4.193403126787845769e-01 7.380340245586318737e-01 5.426367949561111681e-01 1.665020974258994979e-01 1.023484951023819756e-01 4.787167780059966016e-01 4.308219727195966575e-01 3.727004353059203412e-01 4.792409948580415024e-01 5.056170589012688454e-01 6.347759776414936272e-01 6.214929834592325397e-01 5.506500456687034584e-01 0.000000000000000000e+00 6.402631432959713376e-01 5.197770598047493085e-01 3.249400871239937483e-01 8.140254253716634469e-01 4.102661831413889071e-01 4.412360697634069018e-01 1.968470815244275363e-01 1.042584437394795116e-01 3.240656311653427601e-01 3.833291777084876228e-01 5.777641764036541838e-01 6.849451934955950172e-01 9.024373823573834663e-01 6.613724020418842997e-01 7.252471587226064775e-01 5.303761290758932656e-01 5.043307197119561991e-01 5.037486216417601526e-01 1.780906920899090196e-01
3.769044862074775737e-01 4.392736706998880969e-01 1.461458261884800436e-01 5.738713224187199646e-01 9.327585370293487443e-01 3.642604191942339642e-01 4.186810590861337888e-01 8.154854137404863312e-01 2.273297190136572832e-01 3.699736585307853987e-01 6.337653676423555815e-01 9.329701121244262652e-01 5.262397637645350734e-01 4.948542199718632406e-01 5.012700420378415345e-01 6.402631432959713376e-01 0.000000000000000000e+00 8.279914573392788135e-02 1.987922576213894121e-01 7.092486749176493133e-01 8.116539944948817364e-01 2.724106377487480746e-01 4.721261584748570050e-01 3.945832214663103077e-01 7.142078976696806247e-01 4.437076338206586978e-01 8.031000010371113218e-01 8.696464124222267333e-01 6.115748293387147649e-01 7.693778844704811659e-01 4.643792788951586759e-01 4.610296615973956680e-01 1.987973739303616760e-01 5.267962928904630360e-01 8.226947153471857455e-01
4.516731318851019417e-01 7.551287655435200419e-01 5.141107184509710049e-01 7.355454224155044685e-01 5.556407559079863390e-01 4.434353305756563723e-01 3.221522627868173561e-01 4.205001823522842019e-01 4.063434458238141533e-01 6.615223809772678987e-01 2.417992062351982385e-01 1.350210162639828848e-01 3.646091716253481718e-01 7.581226625958558119e-01 9.234196007247497118e-01 5.197770598047493085e-01 8.279914573392788135e-02 0.000000000000000000e+00 5.104936093951458753e-01 2.959203012853624526e-01 6.183200156146451132e-01 2.480188289298178028e-01 8.380449300807234492e-01 6.080060905701183405e-01 5.027526981715483290e-01 1.172529354260687384e-01 5.449695605048381353e-01 4.511081018058011316e-01 5.511003818404974774e-01 8.888387956685213087e-01 5.436979280673299719e-01 7.170369590846279451e-01 7.910800114117988446e-01 4.898530327807211204e-01 6.346203608551281850e-01
3.791230744861382451e-01 5.443869368042919543e-01 6.582020998206914442e-01 7.658109228692817627e-01 7.744398460226521452e-01 5.971966639166466084e-01 7.035033412503562955e-01 1.444947815570614136e-01 5.325487063272622557e-01 5.563920956513490612e-01 7.577586373304817657e-01 6.079885365419368526e-02 7.818409726260576731e-01 8.415818316753514994e-01 2.958569220602180749e-01 3.249400871239937483e-01 1.987922576213894121e-01 5.104936093951458753e-01 0.000000000000000000e+00 6.006909933476546337e-01 3.398640697752716711e-01 4.263461773719006143e-01 3.483268552061824508e-01 4.508701194253042499e-01 8.729575648727412318e-01 5.872923041850099946e-01 5.211420396194401672e-01 9.125092426037244575e-01 2.751662146632064543e-01 9.066657868831116129e-01 5.351485188686666561e-01 4.626367338489809633e-01 6.507447975193092482e-01 2.135572985431106185e-01 8.328466953903340686e-01
4.040242338310215953e-01 9.558421466141535650e-01 2.925651686045228628e-01 4.104544916559024759e-01 4.627567031422938904e-01 4.030020045563981190e-01 4.536165200844100021e-01 5.317321974634133808e-01 3.165698690381492098e-01 4.405305267946614256e-01 6.859752025761923777e-01 6.235633173858834422e-01 5.153355914597909093e-01 7.314920183834350276e-02 5.756297558092713373e-01 8.140254253716634469e-01 7.092486749176493133e-01 2.959203012853624526e-01 6.006909933476546337e-01 0.000000000000000000e+00 3.044600378288390141e-01 4.696963209728596822e-01 8.206316322278301989e-01 5.129584904474695506e-01 5.795282747779129107e-01 4.746681453733009870e-01 4.625974950785577411e-01 2.349807370810108598e-01 6.179375678892380375e-01 9.471929349435839196e-01 5.525455422192402377e-01 5.833983735876026033e-01 4.175270651392172239e-01 4.308957865614055915e-01 6.230314238366352342e-01
5.516144635614952385e-01 7.247768888697525558e-01 3.492424984224465345e-01 7.102098547093032010e-01 3.082242332420893627e-01 7.760268485168120289e-02 4.267357020265745704e-01 8.289316776503037332e-01 6.546918053861170428e-01 8.634978560761170652e-01 9.102008090323525646e-01 3.803093852156057553e-01 5.752927403819640961e-01 8.780183872213412899e-01 4.861898816289323966e-01 4.102661831413889071e-01 8.116539944948817364e-01 6.183200156146451132e-01 3.398640697752716711e-01 3.044600378288390141e-01 0.000000000000000000e+00 5.698646773370872332e-01 5.490540201167375400e-01 8.871452290186470080e-01 2.274920313163486529e-01 9.788248253446594216e-01 5.217423526764648489e-01 8.559519114441020982e-01 4.609840581416307370e-01 9.147701355746014062e-01 4.860870654504181321e-01 3.863812552176910664e-01 7.270349966257079188e-01 2.890412190345936772e-01 5.744206732244960811e-01
6.375414867515579731e-01 5.371514967079519254e-01 9.438492463532284216e-01 8.316931534016113181e-01 5.611313845048149229e-01 6.488496400163519251e-01 2.982107401740230479e-01 4.246674774858025803e-01 4.193489494765593739e-01 3.644840880171122399e-01 6.113167927868217166e-01 1.958440829904917191e-01 7.334597578948036656e-01 8.680518358535245227e-01 2.197666531480677587e-01 4.412360697634069018e-01 2.724106377487480746e-01 2.480188289298178028e-01 4.263461773719006143e-01 4.696963209728596822e-01 5.698646773370872332e-01 0.000000000000000000e+00 3.413748154642193278e-01 8.331629128059072631e-01 5.395476308492921369e-01 6.451403510004050101e-02 6.131525020045558438e-01 5.828858531138827459e-01 2.205618085160736541e-01 2.401506962896130526e-01 4.671258952275004206e-01 3.725898835610760296e-01 2.809580074859150400e-01 8.733594388794478913e-01 7.954514403869663575e-01
6.035294898942065167e-01 8.392658064136446772e-01 5.060093869157348268e-01 8.904360417008065909e-01 5.728188746594031766e-01 8.037828190509110904e-01 5.295391797174477944e-01 4.570650058995159304e-01 1.384493240561713856e-01 2.340202496932476395e-01 5.649373037608143022e-01 2.041513682763115289e-01 8.043804073814198041e-01 5.285530624641481268e-01 1.936952265514246818e-01 1.968470815244275363e-01 4.721261584748570050e-01 8.380449300807234492e-01 3.483268552061824508e-01 8.206316322278301989e-01 5.490540201167375400e-01 3.413748154642193278e-01 0.000000000000000000e+00 5.867077021570810125e-01 3.852635333967880937e-01 6.266486111717991525e-01 5.947111396877011735e-01 6.798812314447323368e-01 8.853368356113084925e-01 6.286717977730409412e-01 4.408549538831035286e-01 5.238594022483061829e-01 1.432983075662563888e-01 5.322965631787166529e-01 8.364498543899456795e-02
5.335848664115429019e-01 7.063249036525095503e-01 4.388788044469142391e-01 7.731822672724366630e-01 2.861921521285313297e-01 2.751756091840032448e-01 4.732709177535495138e-01 7.627495775665200650e-01 7.452107042728144393e-01 6.044342987767621356e-01 6.283685678831038013e-01 5.994334243975452114e-01 4.656586876097486005e-01 8.494283151212038696e-01 8.148405188964019663e-01 1.042584437394795116e-01 3.945832214663103077e-01 6.080060905701183405e-01 4.508701194253042499e-01 5.129584904474695506e-01 8.871452290186470080e-01 8.331629128059072631e-01 5.867077021570810125e-01 0.000000000000000000e+00 4.796377510493924357e-01 5.040753057579975271e-01 4.339489796283406697e-01 5.848223216275255654e-01 4.791937363639540703e-01 6.828169649141596631e-01 5.195857470843379122e-01 5.881968184786057208e-02 5.298408969928058987e-01 6.701427166435425242e-01 4.017935423043229592e-01
9.624461228633724996e-01 2.403238068710943365e-01 7.492049512847295256e-01 5.436633918271138732e-01 3.607236104240606478e-01 8.656872656561949153e-01 5.190972785615675100e-01 6.941261037640430454e-01 3.237746503185779945e-01 7.905507883686846426e-01 4.237385531706734376e-01 4.865560798339141346e-01 7.219916086407986988e-01 5.430221688432637084e-01 2.104450330068353692e-01 3.240656311653427601e-01 7.142078976696806247e-01 5.027526981715483290e-01 8.729575648727412318e-01 5.795282747779129107e-01 2.274920313163486529e-01 5.395476308492921369e-01 3.852635333967880937e-01 4.796377510493924357e-01 0.000000000000000000e+00 7.305874125204300240e-01 4.816399974831645503e-01 2.911711002497182621e-01 6.062421726123046195e-01 6.378140576377624438e-01 3.793569201549951697e-01 7.651215449089188159e-02 3.265190764535507162e-01 7.023625986908719199e-01 3.129667551651375001e-01
6.425155423633691631e-01 4.736228943838357019e-01 9.567755132395271422e-01 6.115939064727615726e-01 9.396289479916681842e-01 7.085026123193993719e-01 7.885342218594639796e-01 7.144325082673286254e-01 8.765467607177026554e-01 7.081454365440280618e-01 4.507737538724411186e-01 8.751382203648561120e-01 4.838009942821749343e-01 8.308049526726595246e-01 4.059167011750002274e-01 3.833291777084876228e-01 4.437076338206586978e-01 1.172529354260687384e-01 5.872923041850099946e-01 4.746681453733009870e-01 9.788248253446594216e-01 6.451403510004050101e-02 6.266486111717991525e-01 5.040753057579975271e-01 7.305874125204300240e-01 0.000000000000000000e+00 5.874219224556161967e-01 8.121463704109791459e-01 6.058273390720984031e-01 2.059757136310615411e-01 6.831588164863749979e-01 2.082473390477834752e-01 4.902665630317395995e-01 8.167675647017669238e-01 7.803694857028319332e-01
1.833648349312375636e-01 6.713148327317323139e-01 4.042750199418225776e-01 9.131543920509419543e-01 5.134564170930373539e-01 8.331495596696834038e-01 5.095412015938857175e-01 5.161586990109685580e-01 8.557895402839986732e-01 3.713467162162956692e-01 4.669850887617407742e-01 3.968847927217071803e-01 3.747694603425097415e-01 5.290710874711693767e-01 4.619463437190945987e-01 5.777641764036541838e-01 8.031000010371113218e-01 5.449695605048381353e-01 5.211420396194401672e-01 4.625974950785577411e-01 5.217423526764648489e-01 6.131525020045558438e-01 5.947111396877011735e-01 4.339489796283406697e-01 4.816399974831645503e-01 5.874219224556161967e-01 0.000000000000000000e+00 6.857909709098461981e-01 5.360221443326407265e-01 6.489130703286986046e-01 7.317719150372522519e-01 4.950100261898731091e-01 7.041731545653905355e-01 1.471346845109094414e-01 7.419243823599814824e-01
3.251380795765072551e-01 7.132112538369290711e-01 5.495123446236622744e-01 4.077189427400418897e-01 6.189002927574437374e-01 3.247499721667614914e-01 1.219137797422402136e-01 5.140172504427544808e-01 7.584455919576698069e-01 7.790702495334947963e-01 4.040282154958120819e-01 5.225809455040332230e-01 9.647938343447988174e-01 2.346795049829271396e-01 6.480193212013762860e-01 6.849451934955950172e-01 8.696464124222267333e-01 4.511081018058011316e-01 9.125092426037244575e-01 2.349807370810108598e-01 8.559519114441020982e-01 5.828858531138827459e-01 6.798812314447323368e-01 5.848223216275255654e-01 2.911711002497182621e-01 8.121463704109791459e-01 6.857909709098461981e-01 0.000000000000000000e+00 6.610044107532349056e-01 7.554478745008536000e-01 5.673193189615121090e-01 6.790272897281937059e-01 2.052628991115752477e-01 3.543582377910429737e-01 5.169062264137402885e-01
4.832820765356949932e-01 7.203362239640844766e-01 1.927732333650865604e-01 8.105937574296067094e-01 5.972857975990786272e-01 5.501462684268192405e-01 6.972859592286813069e-01 8.214548757547581737e-01 4.526873211273185205e-01 5.042367076576812490e-01 1.908458720921121232e-01 4.477560500071138816e-01 7.068494666298485996e-02 7.325486322256539173e-01 8.813083888503796537e-01 9.024373823573834663e-01 6.115748293387147649e-01 5.511003818404974774e-01 2.751662146632064543e-01 6.179375678892380375e-01 4.609840581416307370e-01 2.205618085160736541e-01 8.853368356113084925e-01 4.791937363639540703e-01 6.062421726123046195e-01 6.058273390720984031e-01 5.360221443326407265e-01 6.610044107532349056e-01 0.000000000000000000e+00 8.047649549727982077e-01 1.740784500369459420e-01 7.254908454962202269e-01 7.250504176065313278e-01 5.795745375238949837e-01 7.683749204488288242e-01
3.620288266220205164e-01 4.792258835155606134e-01 8.881652339844722244e-01 5.075122621730876471e-01 6.611492076215743641e-01 5.139423154503912627e-01 6.144967658568392110e-01 4.271118989849534975e-01 9.220056398333138503e-01 2.687391043867239926e-01 3.801422244815005347e-01 3.642210576865616556e-01 5.780106375395015483e-01 7.432970806211748327e-01 2.989874528989688862e-01 6.613724020418842997e-01 7.693778844704811659e-01 8.888387956685213087e-01 9.066657868831116129e-01 9.471929349435839196e-01 9.147701355746014062e-01 2.401506962896130526e-01 6.286717977730409412e-01 6.828169649141596631e-01 6.378140576377624438e-01 2.059757136310615411e-01 6.489130703286986046e-01 7.554478745008536000e-01 8.047649549727982077e-01 0.000000000000000000e+00 6.739913062314464298e-01 5.466940565774728311e-01 2.973010620676698190e-01 7.428621988499577444e-01 7.098292400180693518e-01
6.930924383755736606e-01 9.103763053552664797e-01 1.720022489613426409e-02 6.662390645029231395e-01 8.541351280339004592e-01 7.230141377777974387e-01 7.404355841447551878e-01 8.759168535426103963e-01 4.879855194325485312e-01 6.161467053977927044e-01 6.548901124949004782e-01 4.384919029916267696e-01 8.891735893007896019e-01 2.175942772532908354e-01 4.741152250174586191e-01 7.252471587226064775e-01 4.643792788951586759e-01 5.436979280673299719e-01 5.351485188686666561e-01 5.525455422192402377e-01 4.860870654504181321e-01 4.671258952275004206e-01 4.408549538831035286e-01 5.195857470843379122e-01 3.793569201549951697e-01 6.831588164863749979e-01 7.317719150372522519e-01 5.673193189615121090e-01 1.740784500369459420e-01 6.739913062314464298e-01 0.000000000000000000e+00 6.509171149137050749e-01 3.901175156681075396e-01 1.460511593678603948e-02 5.370151435435035481e-01
6.123526933128283778e-01 6.775934200058124635e-01 5.760679639158943210e-01 4.338466795023037115e-01 7.797520213584958615e-01 8.781373143839487083e-01 8.859749287167892895e-01 1.423748905705453094e-01 4.906534745313392287e-01 7.444453194122152562e-01 8.146322576405694571e-01 4.178409122520339580e-01 8.212733452168203829e-01 6.760146325336277018e-01 3.990643318322717459e-02 5.303761290758932656e-01 4.610296615973956680e-01 7.170369590846279451e-01 4.626367338489809633e-01 5.833983735876026033e-01 3.863812552176910664e-01 3.725898835610760296e-01 5.238594022483061829e-01 5.881968184786057208e-02 7.651215449089188159e-02 2.082473390477834752e-01 4.950100261898731091e-01 6.790272897281937059e-01 7.254908454962202269e-01 5.466940565774728311e-01 6.509171149137050749e-01 0.000000000000000000e+00 8.217122592891168420e-02 7.767099653782314483e-01 6.279471129805797025e-01
6.747723411881456634e-01 5.058825279339971281e-01 4.571398452210472252e-01 4.985580297960514051e-01 4.981952760140322400e-01 4.174251246641277335e-01 2.612702568213668419e-01 6.833805215701013180e-01 6.748062145549098556e-01 4.525691524896295337e-01 3.885027897083693782e-01 5.384804572612558182e-01 6.559004994903601116e-01 4.692084983405902521e-01 4.604877520319080042e-01 5.043307197119561991e-01 1.987973739303616760e-01 7.910800114117988446e-01 6.507447975193092482e-01 4.175270651392172239e-01 7.270349966257079188e-01 2.809580074859150400e-01 1.432983075662563888e-01 5.298408969928058987e-01 3.265190764535507162e-01 4.902665630317395995e-01 7.041731545653905355e-01 2.052628991115752477e-01 7.250504176065313278e-01 2.973010620676698190e-01 3.901175156681075396e-01 8.217122592891168420e-02 0.000000000000000000e+00 1.811296641103981031e-01 6.113431774641782113e-01
7.793254874367694374e-01 6.492517508945436777e-01 4.413818933094569852e-01 2.585631522725021503e-01 2.861636929572043408e-01 8.181129480047976132e-01 4.374792754207407208e-01 6.080665335920438785e-01 7.578479675318986475e-01 4.378078730241710126e-01 4.961413499121959947e-01 7.267239924354365055e-01 4.162466429642938670e-01 7.427690224654808215e-01 4.900540238639605750e-01 5.037486216417601526e-01 5.267962928904630360e-01 4.898530327807211204e-01 2.135572985431106185e-01 4.308957865614055915e-01 2.890412190345936772e-01 8.733594388794478913e-01 5.322965631787166529e-01 6.701427166435425242e-01 7.023625986908719199e-01 8.167675647017669238e-01 1.471346845109094414e-01 3.543582377910429737e-01 5.795745375238949837e-01 7.428621988499577444e-01 1.460511593678603948e-02 7.767099653782314483e-01 1.811296641103981031e-01 0.000000000000000000e+00 7.745676091126366680e-01
2.471139939418036946e-01 8.288034461061817293e-01 2.978885977246065186e-01 9.441902613260517718e-01 3.151926212043145714e-01 3.451588856310602305e-01 9.178667986287286640e-01 3.374677880312335621e-01 8.671241854095237400e-01 6.293335470730692105e-01 1.747859708485873798e-01 7.121826622170916998e-01 4.579206580197097143e-01 6.116519043541128742e-01 7.597541671398380103e-01 1.780906920899090196e-01 8.226947153471857455e-01 6.346203608551281850e-01 8.328466953903340686e-01 6.230314238366352342e-01 5.744206732244960811e-01 7.954514403869663575e-01 8.364498543899456795e-02 4.017935423043229592e-01 3.129667551651375001e-01 7.803694857028319332e-01 7.419243823599814824e-01 5.169062264137402885e-01 7.683749204488288242e-01 7.098292400180693518e-01 5.370151435435035481e-01 6.279471129805797025e-01 6.113431774641782113e-01 7.745676091126366680e-01 0.000000000000000000e+00
