0.000000000000000000e+00 5.058042537601059596e-01 1.939990943765108611e-01 6.002841801058966809e-01 3.496900879504364901e-01 4.288149288078919041e-01 3.239132878715011987e-01 6.367174826961004008e-01 3.046934352858556294e-01 2.860856808110285865e-01 8.341877363428018555e-01 8.049858063468084968e-01 7.601531308817277566e-01 6.870486138040026169e-01 5.727931376844032085e-01 7.262924882002933513e-01 6.044467637607484622e-01 6.718279829377690193e-01 4.139062719796114953e-01 4.456157520033180996e-01 3.299672857326555464e-01 6.150554814317548136e-01 7.961402712521957747e-01 5.788069803270512459e-01 4.962225708909812072e-01 3.886744767946707646e-01 4.997306426501887944e-01 8.651405604450770337e-01 5.285115475036801236e-01 4.437523351947513239e-01 1.996590406886424862e-01 5.546147719179130853e-01 6.674604828678669666e-01 1.008949930862876321e-01 3.648507563608245352e-01
5.058042537601059596e-01 0.000000000000000000e+00 7.871332023882396944e-01 7.701413084274476573e-01 3.512573280098288953e-01 3.597998702020891448e-01 6.209899610563658356e-01 4.885103970977100474e-02 3.228780213064745830e-01 4.438397999021450047e-01 4.423379300258077906e-01 7.482361241012059905e-01 4.496659569999675865e-01 5.576227390647140458e-01 7.847212769833337154e-01 5.496732016996102033e-01 2.628508483179733402e-01 6.343434208766853821e-01 4.725569546849751612e-01 4.548613821710230098e-01 6.895664312700864329e-01 5.399311723860047429e-01 4.908497848647678796e-01 8.706004525804251770e-01 5.224052888952747109e-01 5.888910526490536146e-01 4.886243624415037012e-01 6.300519080137350070e-01 5.380387139987624634e-01 7.423934209684741603e-01 4.974912153942565585e-01 4.719333877627701068e-01 4.009765837671563915e-01 9.231707019244261847e-01 6.404167457103830952e-01
1.939990943765108611e-01 7.871332023882396944e-01 0.000000000000000000e+00 7.884299188797448954e-01 4.075834157201845276e-01 7.464388482620905041e-01 8.269795064913312288e-01 4.037577900004608589e-01 3.905321123545881234e-01 4.469849388398605128e-01 6.077951652075286315e-01 3.371397136167904596e-01 4.395662159998259821e-01 9.224242460691436385e-01 2.867139687648056490e-01 7.013392978458659055e-01 5.761299070725458549e-01 4.300783339817083606e-01 4.793798888570415251e-01 4.355362431576201843e-01 6.330248664519404489e-01 3.345611639035442897e-01 3.955761437925586765e-01 4.687820604701768423e-01 2.980348698503736404e-01 4.157253596284045671e-01 3.972525709458988308e-01 9.613238343542112041e-01 2.836625918516432754e-01 5.639598988481808739e-01 4.827460768148585935e-01 5.735807943526209929e-01 6.637956621258269685e-01 5.397884145749433094e-01 9.370807861647230119e-01
6.002841801058966809e-01 7.701413084274476573e-01 7.884299188797448954e-01 0.000000000000000000e+00 6.476154969228649083e-01 1.561139252917379538e-01 4.878393056895440338e-01 5.178904036853959614e-01 3.783071423388153498e-01 4.993611027371293032e-01 8.755348395601534328e-01 5.383094912158947754e-02 4.949748649913366938e-01 6.096928377077943662e-01 8.010299409804233495e-01 4.976889472018566352e-01 5.092458925047625984e-01 7.299399475586978436e-01 6.031846061341038512e-01 6.865469973408035997e-01 7.040157037781124005e-01 7.108507801615688848e-01 1.061340414775363561e-01 4.788584493658466501e-01 5.689641036753139147e-01 3.150162821588138318e-01 8.466460609692554318e-01 7.873538205582739646e-01 8.947785554241907136e-01 8.198836307231187615e-01 4.253417937191095732e-01 8.511570007315689690e-01 8.745726654929792954e-01 3.844739027526413722e-01 3.380237945037423142e-02
3.496900879504364901e-01 3.512573280098288953e-01 4.075834157201845276e-01 6.476154969228649083e-01 0.000000000000000000e+00 3.121941119992773794e-01 9.310702229347758152e-01 5.473733575912885785e-01 4.639835514889896761e-01 4.765673382947931969e-01 8.837185454042716382e-01 7.619273135665534102e-01 5.299678754237401312e-01 2.801424278830418335e-01 3.755779605952347389e-01 3.756398563068164553e-01 8.416431372641772768e-01 1.388453931599320512e-01 1.060714166500568156e-01 8.409135539445073970e-01 6.545370952816473853e-01 5.739531453262293192e-01 9.250658664711715051e-01 7.973126646162131959e-01 8.673800466021195366e-01 8.758203346010291490e-01 7.043301080696101613e-01 4.651994149716538463e-01 7.823461402960718569e-01 1.960878192494786010e-02 7.579811208410514034e-01 4.007367042623942166e-01 8.942609178550301463e-01 6.171093313149897952e-01 2.031041363407446454e-01
4.288149288078919041e-01 3.597998702020891448e-01 7.464388482620905041e-01 1.561139252917379538e-01 3.121941119992773794e-01 0.000000000000000000e+00 3.939054667229144879e-01 7.897320390392243983e-01 3.785968367883483787e-01 8.432169978138503996e-02 7.838101632149433451e-01 5.657926925851850530e-01 5.673120597988184910e-01 5.485589964187199685e-01 9.812488345462362371e-01 6.142227761701517519e-01 8.273714049359723877e-01 2.666637489486023971e-01 8.180413887251084537e-01 7.024622872360339887e-01 7.635446752134678050e-01 3.689115759244048220e-01 5.860598709395306027e-01 6.811027903918339677e-01 5.877242176838959331e-01 3.732338886172266723e-01 6.965810025982368536e-01 3.619500649894222821e-01 8.346735264095300755e-01 7.547463111706338434e-01 2.783757532653300393e-01 9.678456517186170283e-01 4.312175257177653376e-01 8.234562769868729593e-01 7.246068194591055445e-01
3.239132878715011987e-01 6.209899610563658356e-01 8.269795064913312288e-01 4.878393056895440338e-01 9.310702229347758152e-01 3.939054667229144879e-01 0.000000000000000000e+00 5.874807991567898569e-01 1.640264371091927909e-01 4.680965348038915730e-01 2.771498814687807233e-01 6.614738772973406400e-01 1.457045318335626893e-01 8.832590024409812113e-01 4.986857771353217506e-01 5.952658295720969495e-02 9.229429137449211007e-01 1.827492218057742424e-01 1.204354649231303975e-01 4.373711462778442360e-01 5.094188229403877610e-01 8.051546921579521010e-01 5.655333475855460756e-01 3.716520007731112796e-01 8.545115669655584112e-01 3.904188236456522798e-01 6.628978853890337142e-01 5.240998187145263776e-01 4.954209739534879420e-01 2.746487275578555209e-01 2.082794115836790194e-01 7.234028347116061575e-01 6.365702480211881120e-01 3.547505474956494931e-01 5.519542613647534512e-01
6.367174826961004008e-01 4.885103970977100474e-02 4.037577900004608589e-01 5.178904036853959614e-01 5.473733575912885785e-01 7.897320390392243983e-01 5.874807991567898569e-01 0.000000000000000000e+00 6.555733112060501133e-01 3.084353603359443197e-01 5.737392507106779949e-01 4.235628720360156141e-01 6.127622179219263110e-01 6.474446938793908535e-01 4.405534215688311495e-01 4.565367481748911493e-01 8.740947108364295337e-01 4.885312901472236291e-01 7.765997091831255972e-01 3.878600502978628572e-01 2.642733296234982543e-01 9.778244915579947794e-02 7.170133185796265796e-01 5.064652932388001849e-01 4.816889573603672647e-01 6.249461888330523074e-01 1.253585447916938378e-01 9.793936091263166777e-01 5.384956264990325980e-01 8.599360689518509293e-01 5.716924369450037124e-01 4.676594209011387671e-01 5.838429619367757617e-01 9.123312995360968181e-01 5.770823185863704907e-01
3.046934352858556294e-01 3.228780213064745830e-01 3.905321123545881234e-01 3.783071423388153498e-01 4.639835514889896761e-01 3.785968367883483787e-01 1.640264371091927909e-01 6.555733112060501133e-01 0.000000000000000000e+00 2.984327127511220978e-01 7.870823009340919274e-01 4.186761434170369056e-01 9.794028925982958267e-01 4.898338500753425251e-01 6.479827809405052097e-01 6.867061064831002648e-01 6.911320226864194893e-01 7.553558968422950937e-01 5.159223162485249148e-01 5.385968908840106373e-01 4.474810609898373648e-01 4.942563858243345098e-01 4.270594838854345210e-01 3.283195505800180491e-01 3.638742454541147864e-01 5.609858328084735835e-01 6.814177002537191719e-02 8.080216696853043112e-01 7.402148491497879679e-01 4.216464789198667296e-01 4.300326548112207159e-01 6.402363427323389811e-01 5.423808107772690734e-01 8.486754350372837097e-01 3.544961277865403271e-01
2.860856808110285865e-01 4.438397999021450047e-01 4.469849388398605128e-01 4.993611027371293032e-01 4.765673382947931969e-01 8.432169978138503996e-02 4.680965348038915730e-01 3.084353603359443197e-01 2.984327127511220978e-01 0.000000000000000000e+00 8.498832395099638060e-01 6.627755365699132817e-01 4.362512486490730534e-01 7.874024419215277515e-01 3.458158734694042891e-01 2.000213965385451154e-01 4.623026322142927969e-01 4.196649629699923389e-01 1.017501724264787688e-01 4.719525991958130606e-01 1.379505542095903481e-01 9.223475703951073967e-01 3.908663609174667375e-01 3.698205079445092691e-01 3.315506691972325282e-01 8.032992246362743449e-01 5.224033768486091578e-01 9.102868074561279998e-01 7.314675427387422602e-01 7.269379546493570654e-01 5.296155773244094478e-01 8.056070013564163856e-01 2.787558705442594320e-01 3.631230845686536646e-01 2.954798228053305831e-01
8.341877363428018555e-01 4.423379300258077906e-01 6.077951652075286315e-01 8.755348395601534328e-01 8.837185454042716382e-01 7.838101632149433451e-01 2.771498814687807233e-01 5.737392507106779949e-01 7.870823009340919274e-01 8.498832395099638060e-01 0.000000000000000000e+00 6.812941776151710815e-01 9.192896257856790765e-01 3.591054877058312833e-01 1.977797599450590305e-01 7.820772970089018283e-01 7.509930782821612194e-01 9.043490813182208932e-01 3.677522478944244000e-01 3.864067654491402659e-01 5.299958565028268787e-01 5.477159599169411086e-01 3.896569411375579994e-01 8.039576957958605163e-01 8.560462046947197035e-01 5.394751547045997242e-01 8.741190121840896055e-01 9.670126109386271152e-01 7.406355850213917069e-01 4.958747627812169489e-01 7.499275286589903722e-01 9.105595349888904178e-01 4.620479737725873837e-01 5.435616938992855474e-01 1.510488582575694183e-01
8.049858063468084968e-01 7.482361241012059905e-01 3.371397136167904596e-01 5.383094912158947754e-02 7.619273135665534102e-01 5.657926925851850530e-01 6.614738772973406400e-01 4.235628720360156141e-01 4.186761434170369056e-01 6.627755365699132817e-01 6.812941776151710815e-01 0.000000000000000000e+00 2.637947559188854041e-01 5.694416833380742116e-01 2.627412392622429094e-01 4.307840528055048579e-01 4.375645079232496903e-01 4.386496606806754017e-01 4.140001942129493684e-01 5.767917869761906013e-01 7.468355125793422200e-01 3.163746026256660793e-01 4.666948841064110787e-01 4.891134825794419272e-01 5.693257927184233180e-01 3.580056708568963852e-01 2.292796784376928132e-01 5.168407063105081578e-01 7.561785883338203451e-01 6.007225996602150175e-01 5.981901226118166992e-01 5.502273090530894750e-01 7.399935270326867265e-01 4.620717606406644640e-01 3.236351082146075031e-01
7.601531308817277566e-01 4.496659569999675865e-01 4.395662159998259821e-01 4.949748649913366938e-01 5.299678754237401312e-01 5.673120597988184910e-01 1.457045318335626893e-01 6.127622179219263110e-01 9.794028925982958267e-01 4.362512486490730534e-01 9.192896257856790765e-01 2.637947559188854041e-01 0.000000000000000000e+00 4.734027550409172225e-01 6.955062698574843161e-01 9.662622024422035105e-01 5.052881521739789328e-01 5.090760009076861214e-01 3.072429920645424195e-01 9.402035729670155106e-02 4.575921473271871154e-01 6.642852364958919953e-01 7.251673489599070876e-01 8.521600318525461848e-01 7.617864445166686593e-01 7.279191565109819351e-01 9.081758623551816623e-01 8.206423721108584424e-01 9.425137723171250759e-02 3.465254523651475349e-01 7.504780777485084986e-01 8.152178321223781943e-01 4.265337796160398320e-01 8.791077281737964544e-01 6.269254190003317184e-01
6.870486138040026169e-01 5.576227390647140458e-01 9.224242460691436385e-01 6.096928377077943662e-01 2.801424278830418335e-01 5.485589964187199685e-01 8.832590024409812113e-01 6.474446938793908535e-01 4.898338500753425251e-01 7.874024419215277515e-01 3.591054877058312833e-01 5.694416833380742116e-01 4.734027550409172225e-01 0.000000000000000000e+00 4.870993597209021253e-01 5.542794924487801644e-01 7.032521757297307552e-01 6.993175067423140767e-01 3.516948263450816459e-01 8.693433094307165820e-01 8.146041810993105425e-01 8.124033177618157353e-01 8.911548599193781506e-01 8.498504253890559745e-01 1.429566797362600838e-01 5.234287904601506725e-01 9.289827798424359351e-01 9.061059636890189672e-01 5.218625708300064225e-01 7.871672175507311575e-01 8.246058837059400126e-01 9.333313614083833532e-01 8.963145325173772493e-01 9.212961992565569247e-01 8.286683839376827176e-01
5.727931376844032085e-01 7.847212769833337154e-01 2.867139687648056490e-01 8.010299409804233495e-01 3.755779605952347389e-01 9.812488345462362371e-01 4.986857771353217506e-01 4.405534215688311495e-01 6.479827809405052097e-01 3.458158734694042891e-01 1.977797599450590305e-01 2.627412392622429094e-01 6.955062698574843161e-01 4.870993597209021253e-01 0.000000000000000000e+00 7.060097386118026064e-01 6.028057905053572085e-01 3.844380617671162570e-01 6.270846847869933072e-01 7.373482726137345900e-01 1.222575697194562272e-01 5.324340904445131750e-01 9.705238457631012450e-01 7.484819616084770200e-01 4.291585537743941026e-01 4.591529584155798482e-01 4.497793316491900395e-01 5.294911897157212888e-01 6.660472061389561826e-01 3.211569320097165670e-01 6.576270364276923797e-01 4.733993309400252314e-01 1.845538885858630795e-01 3.407719957586262671e-01 1.149721536039816083e-02
7.262924882002933513e-01 5.496732016996102033e-01 7.013392978458659055e-01 4.976889472018566352e-01 3.756398563068164553e-01 6.142227761701517519e-01 5.952658295720969495e-02 4.565367481748911493e-01 6.867061064831002648e-01 2.000213965385451154e-01 7.820772970089018283e-01 4.307840528055048579e-01 9.662622024422035105e-01 5.542794924487801644e-01 7.060097386118026064e-01 0.000000000000000000e+00 4.715270035866624410e-01 7.777026923211320941e-01 3.964585221546924609e-01 8.437614361854985923e-01 4.754466879190513140e-01 2.702908257594158759e-01 6.590640790769441981e-01 4.022215801822289771e-01 5.133997608853622108e-01 3.305801731630101381e-01 5.515107277922433049e-01 2.723479414109872820e-01 6.361891930278635865e-01 4.145372900630719393e-01 5.922386334978664291e-01 7.455026910216744351e-01 7.650238480427014043e-01 4.694792021094233991e-01 8.751809320233718825e-01
6.044467637607484622e-01 2.628508483179733402e-01 5.761299070725458549e-01 5.092458925047625984e-01 8.416431372641772768e-01 8.273714049359723877e-01 9.229429137449211007e-01 8.740947108364295337e-01 6.911320226864194893e-01 4.623026322142927969e-01 7.509930782821612194e-01 4.375645079232496903e-01 5.052881521739789328e-01 7.032521757297307552e-01 6.028057905053572085e-01 4.715270035866624410e-01 0.000000000000000000e+00 8.360747218903501476e-01 7.884530821142400336e-01 4.765842452571318333e-01 8.439378002387196709e-01 8.487860316903267366e-01 7.238347156172897368e-01 4.706064794872038548e-01 5.602990313738722694e-01 4.752648048906837897e-02 4.269919651811802108e-01 3.639151221550065429e-01 3.991824998286351844e-01 5.376098165305753795e-01 7.834986196298374672e-01 5.717167205860238521e-01 5.456838564173254191e-01 3.340525644440820452e-01 5.375474727443223522e-01
6.718279829377690193e-01 6.343434208766853821e-01 4.300783339817083606e-01 7.299399475586978436e-01 1.388453931599320512e-01 2.666637489486023971e-01 1.827492218057742424e-01 4.885312901472236291e-01 7.553558968422950937e-01 4.196649629699923389e-01 9.043490813182208932e-01 4.386496606806754017e-01 5.090760009076861214e-01 6.993175067423140767e-01 3.844380617671162570e-01 7.777026923211320941e-01 8.360747218903501476e-01 0.000000000000000000e+00 5.719135005570226138e-01 4.299069674667856944e-01 4.970319073508788765e-02 3.987539105581162091e-01 3.509209679745970978e-01 7.183099251590570056e-01 7.193802147220416110e-01 4.127423658667052631e-01 5.787643813380616287e-01 4.514809767371082971e-01 4.618070336158153211e-01 6.767985706784840350e-01 1.517427144334309030e-01 4.993003226367175862e-01 7.507263339046181816e-01 5.565701460215916052e-01 6.087063397463435832e-01
4.139062719796114953e-01 4.725569546849751612e-01 4.793798888570415251e-01 6.031846061341038512e-01 1.060714166500568156e-01 8.180413887251084537e-01 1.204354649231303975e-01 7.765997091831255972e-01 5.159223162485249148e-01 1.017501724264787688e-01 3.677522478944244000e-01 4.140001942129493684e-01 3.072429920645424195e-01 3.516948263450816459e-01 6.270846847869933072e-01 3.964585221546924609e-01 7.884530821142400336e-01 5.719135005570226138e-01 0.000000000000000000e+00 6.458775853582103821e-01 6.287197826501296216e-01 7.120150671700415934e-01 5.317641616953469041e-01 1.829735271951510311e-01 4.603069828578739697e-01 6.097212068923751893e-01 4.498250745823045293e-01 2.163091953858897465e-01 5.259547063614006257e-01 8.758952969531917931e-01 8.747369004246747792e-01 4.105925528656348411e-01 2.802379746792375004e-01 5.986046762066885574e-01 1.596314898944365401e-01
4.456157520033180996e-01 4.548613821710230098e-01 4.355362431576201843e-01 6.865469973408035997e-01 8.409135539445073970e-01 7.024622872360339887e-01 4.373711462778442360e-01 3.878600502978628572e-01 5.385968908840106373e-01 4.719525991958130606e-01 3.864067654491402659e-01 5.767917869761906013e-01 9.402035729670155106e-02 8.693433094307165820e-01 7.373482726137345900e-01 8.437614361854985923e-01 4.765842452571318333e-01 4.299069674667856944e-01 6.458775853582103821e-01 0.000000000000000000e+00 6.751102130918867905e-01 2.852830642437257369e-01 4.316809006948391647e-01 9.388406371942383810e-01 6.634784233166934886e-01 2.926336262985131942e-01 6.699816119345688437e-01 4.434128345304393370e-01 8.971107103387904180e-01 4.125885735683264555e-01 9.633762874862417114e-02 6.370108045331914770e-01 4.852229849712749177e-01 5.096670992845395709e-01 6.927529675026858902e-01
3.299672857326555464e-01 6.895664312700864329e-01 6.330248664519404489e-01 7.040157037781124005e-01 6.545370952816473853e-01 7.635446752134678050e-01 5.094188229403877610e-01 2.642733296234982543e-01 4.474810609898373648e-01 1.379505542095903481e-01 5.299958565028268787e-01 7.468355125793422200e-01 4.575921473271871154e-01 8.146041810993105425e-01 1.222575697194562272e-01 4.754466879190513140e-01 8.439378002387196709e-01 4.970319073508788765e-02 6.287197826501296216e-01 6.751102130918867905e-01 0.000000000000000000e+00 6.590105445995336764e-01 7.247977938828668032e-01 7.059105644909884347e-01 5.768664845630088189e-01 4.770022248064108017e-01 9.369257146097567102e-01 4.023721439014396051e-01 7.845140145665902009e-01 6.525080302422207046e-01 8.964403260553275299e-01 2.954412869952885989e-01 9.167321266180494810e-01 8.759649657745924856e-01 7.127449397205003478e-01
6.150554814317548136e-01 5.399311723860047429e-01 3.345611639035442897e-01 7.108507801615688848e-01 5.739531453262293192e-01 3.689115759244048220e-01 8.051546921579521010e-01 9.778244915579947794e-02 4.942563858243345098e-01 9.223475703951073967e-01 5.477159599169411086e-01 3.163746026256660793e-01 6.642852364958919953e-01 8.124033177618157353e-01 5.324340904445131750e-01 2.702908257594158759e-01 8.487860316903267366e-01 3.987539105581162091e-01 7.120150671700415934e-01 2.852830642437257369e-01 6.590105445995336764e-01 0.000000000000000000e+00 5.088719814660418450e-01 1.781435206263721760e-01 3.703446969642193443e-01 8.845744864839458765e-01 7.644573531505443054e-01 5.911334727156345448e-01 9.677448222002176248e-01 3.935007040983626858e-01 6.638376666324257158e-01 7.733422019303607398e-01 3.830221558476942789e-02 7.046172478578409670e-01 7.345464154402572277e-01
7.961402712521957747e-01 4.908497848647678796e-01 3.955761437925586765e-01 1.061340414775363561e-01 9.250658664711715051e-01 5.860598709395306027e-01 5.655333475855460756e-01 7.170133185796265796e-01 4.270594838854345210e-01 3.908663609174667375e-01 3.896569411375579994e-01 4.666948841064110787e-01 7.251673489599070876e-01 8.911548599193781506e-01 9.705238457631012450e-01 6.590640790769441981e-01 7.238347156172897368e-01 3.509209679745970978e-01 5.317641616953469041e-01 4.316809006948391647e-01 7.247977938828668032e-01 5.088719814660418450e-01 0.000000000000000000e+00 8.231156681728896141e-01 6.096948454153381380e-01 5.571051275297962402e-01 6.343590347370453575e-01 6.085754816963218072e-01 3.299476482555073753e-01 5.091506708275819193e-01 8.199351062046311700e-01 6.261000098645292944e-01 8.792052639145195858e-01 6.623343762010500679e-01 4.842032580964972799e-01
5.788069803270512459e-01 8.706004525804251770e-01 4.687820604701768423e-01 4.788584493658466501e-01 7.973126646162131959e-01 6.811027903918339677e-01 3.716520007731112796e-01 5.064652932388001849e-01 3.283195505800180491e-01 3.698205079445092691e-01 8.039576957958605163e-01 4.891134825794419272e-01 8.521600318525461848e-01 8.498504253890559745e-01 7.484819616084770200e-01 4.022215801822289771e-01 4.706064794872038548e-01 7.183099251590570056e-01 1.829735271951510311e-01 9.388406371942383810e-01 7.059105644909884347e-01 1.781435206263721760e-01 8.231156681728896141e-01 0.000000000000000000e+00 1.143331186137557243e-01 8.973430473305628041e-01 5.637689085069906847e-01 7.875186083284231309e-01 7.728644330994262068e-01 4.853451492585058591e-01 6.238355113065606750e-01 4.681336449091502705e-01 4.410398826250559456e-01 1.497431711882511451e-01 6.921122035320628196e-01
4.962225708909812072e-01 5.224052888952747109e-01 2.980348698503736404e-01 5.689641036753139147e-01 8.673800466021195366e-01 5.877242176838959331e-01 8.545115669655584112e-01 4.816889573603672647e-01 3.638742454541147864e-01 3.315506691972325282e-01 8.560462046947197035e-01 5.693257927184233180e-01 7.617864445166686593e-01 1.429566797362600838e-01 4.291585537743941026e-01 5.133997608853622108e-01 5.602990313738722694e-01 7.193802147220416110e-01 4.603069828578739697e-01 6.634784233166934886e-01 5.768664845630088189e-01 3.703446969642193443e-01 6.096948454153381380e-01 1.143331186137557243e-01 0.000000000000000000e+00 7.425698997867322682e-01 4.628473270416438856e-01 5.380266879828830007e-01 7.538833124403208075e-01 3.273897696997748463e-01 5.529711975836324456e-01 5.379350343740654239e-01 7.911244938455764819e-01 5.462796615388003652e-01 5.859496819397251866e-01
3.886744767946707646e-01 5.888910526490536146e-01 4.157253596284045671e-01 3.150162821588138318e-01 8.758203346010291490e-01 3.732338886172266723e-01 3.904188236456522798e-01 6.249461888330523074e-01 5.609858328084735835e-01 8.032992246362743449e-01 5.394751547045997242e-01 3.580056708568963852e-01 7.279191565109819351e-01 5.234287904601506725e-01 4.591529584155798482e-01 3.305801731630101381e-01 4.752648048906837897e-02 4.127423658667052631e-01 6.097212068923751893e-01 2.926336262985131942e-01 4.770022248064108017e-01 8.845744864839458765e-01 5.571051275297962402e-01 8.973430473305628041e-01 7.425698997867322682e-01 0.000000000000000000e+00 8.078171321911264968e-01 8.337180867240119309e-01 4.573500534982110066e-01 6.407761932037386865e-01 5.910262216975555871e-01 1.349705965519697459e-01 4.015167357359253897e-01 4.305455477921731333e-01 9.608054462601620660e-01
4.997306426501887944e-01 4.886243624415037012e-01 3.972525709458988308e-01 8.466460609692554318e-01 7.043301080696101613e-01 6.965810025982368536e-01 6.628978853890337142e-01 1.253585447916938378e-01 6.814177002537191719e-02 5.224033768486091578e-01 8.741190121840896055e-01 2.292796784376928132e-01 9.081758623551816623e-01 9.289827798424359351e-01 4.497793316491900395e-01 5.515107277922433049e-01 4.269919651811802108e-01 5.787643813380616287e-01 4.498250745823045293e-01 6.699816119345688437e-01 9.369257146097567102e-01 7.644573531505443054e-01 6.343590347370453575e-01 5.637689085069906847e-01 4.628473270416438856e-01 8.078171321911264968e-01 0.000000000000000000e+00 7.089176701130864844e-01 9.249696121755073275e-01 4.865786775576061984e-01 3.342291770712830234e-01 7.896938968741555875e-01 7.883738251805905151e-01 9.212467521288085770e-01 3.228165970406521312e-01
8.651405604450770337e-01 6.300519080137350070e-01 9.613238343542112041e-01 7.873538205582739646e-01 4.651994149716538463e-01 3.619500649894222821e-01 5.240998187145263776e-01 9.793936091263166777e-01 8.080216696853043112e-01 9.102868074561279998e-01 9.670126109386271152e-01 5.168407063105081578e-01 8.206423721108584424e-01 9.061059636890189672e-01 5.294911897157212888e-01 2.723479414109872820e-01 3.639151221550065429e-01 4.514809767371082971e-01 2.163091953858897465e-01 4.434128345304393370e-01 4.023721439014396051e-01 5.911334727156345448e-01 6.085754816963218072e-01 7.875186083284231309e-01 5.380266879828830007e-01 8.337180867240119309e-01 7.089176701130864844e-01 0.000000000000000000e+00 2.360185849319905715e-01 8.167662407247957557e-01 6.913486441961758100e-01 5.980265672321058990e-01 6.731373044818993456e-01 6.566040756674891288e-01 3.930500789463997613e-01
5.285115475036801236e-01 5.380387139987624634e-01 2.836625918516432754e-01 8.947785554241907136e-01 7.823461402960718569e-01 8.346735264095300755e-01 4.954209739534879420e-01 5.384956264990325980e-01 7.402148491497879679e-01 7.314675427387422602e-01 7.406355850213917069e-01 7.561785883338203451e-01 9.425137723171250759e-02 5.218625708300064225e-01 6.660472061389561826e-01 6.361891930278635865e-01 3.991824998286351844e-01 4.618070336158153211e-01 5.259547063614006257e-01 8.971107103387904180e-01 7.845140145665902009e-01 9.677448222002176248e-01 3.299476482555073753e-01 7.728644330994262068e-01 7.538833124403208075e-01 4.573500534982110066e-01 9.249696121755073275e-01 2.360185849319905715e-01 0.000000000000000000e+00 3.831215227674624746e-01 8.563742707015034039e-01 4.175362595145888367e-01 5.024763584220668378e-01 4.340880209276729018e-01 8.085140922940875496e-01
4.437523351947513239e-01 7.423934209684741603e-01 5.639598988481808739e-01 8.198836307231187615e-01 1.960878192494786010e-02 7.547463111706338434e-01 2.746487275578555209e-01 8.599360689518509293e-01 4.216464789198667296e-01 7.269379546493570654e-01 4.958747627812169489e-01 6.007225996602150175e-01 3.465254523651475349e-01 7.871672175507311575e-01 3.211569320097165670e-01 4.145372900630719393e-01 5.376098165305753795e-01 6.767985706784840350e-01 8.758952969531917931e-01 4.125885735683264555e-01 6.525080302422207046e-01 3.935007040983626858e-01 5.091506708275819193e-01 4.853451492585058591e-01 3.273897696997748463e-01 6.407761932037386865e-01 4.865786775576061984e-01 8.167662407247957557e-01 3.831215227674624746e-01 0.000000000000000000e+00 8.084511812402023212e-01 4.776803544039812666e-01 7.627575931294061640e-01 8.020215145736931950e-01 6.111448902014365858e-01
1.996590406886424862e-01 4.974912153942565585e-01 4.827460768148585935e-01 4.253417937191095732e-01 7.579811208410514034e-01 2.783757532653300393e-01 2.082794115836790194e-01 5.716924369450037124e-01 4.300326548112207159e-01 5.296155773244094478e-01 7.499275286589903722e-01 5.981901226118166992e-01 7.504780777485084986e-01 8.246058837059400126e-01 6.576270364276923797e-01 5.922386334978664291e-01 7.834986196298374672e-01 1.517427144334309030e-01 8.747369004246747792e-01 9.633762874862417114e-02 8.964403260553275299e-01 6.638376666324257158e-01 8.199351062046311700e-01 6.238355113065606750e-01 5.529711975836324456e-01 5.910262216975555871e-01 3.342291770712830234e-01 6.913486441961758100e-01 8.563742707015034039e-01 8.084511812402023212e-01 0.000000000000000000e+00 8.991714154719474550e-01 7.659248907727065347e-01 2.606402412875659103e-01 4.122266084289866739e-01
5.546147719179130853e-01 4.719333877627701068e-01 5.735807943526209929e-01 8.511570007315689690e-01 4.007367042623942166e-01 9.678456517186170283e-01 7.234028347116061575e-01 4.676594209011387671e-01 6.402363427323389811e-01 8.056070013564163856e-01 9.105595349888904178e-01 5.502273090530894750e-01 8.152178321223781943e-01 9.333313614083833532e-01 4.733993309400252314e-01 7.455026910216744351e-01 5.717167205860238521e-01 4.993003226367175862e-01 4.105925528656348411e-01 6.370108045331914770e-01 2.954412869952885989e-01 7.733422019303607398e-01 6.261000098645292944e-01 4.681336449091502705e-01 5.379350343740654239e-01 1.349705965519697459e-01 7.896938968741555875e-01 5.980265672321058990e-01 4.175362595145888367e-01 4.776803544039812666e-01 8.991714154719474550e-01 0.000000000000000000e+00 6.454473841671890533e-01 7.456836427259615485e-01 8.587091914579227936e-01
6.674604828678669666e-01 4.009765837671563915e-01 6.637956621258269685e-01 8.745726654929792954e-01 8.942609178550301463e-01 4.312175257177653376e-01 6.365702480211881120e-01 5.838429619367757617e-01 5.423808107772690734e-01 2.787558705442594320e-01 4.620479737725873837e-01 7.399935270326867265e-01 4.265337796160398320e-01 8.963145325173772493e-01 1.845538885858630795e-01 7.650238480427014043e-01 5.456838564173254191e-01 7.507263339046181816e-01 2.802379746792375004e-01 4.852229849712749177e-01 9.167321266180494810e-01 3.830221558476942789e-02 8.792052639145195858e-01 4.410398826250559456e-01 7.911244938455764819e-01 4.015167357359253897e-01 7.883738251805905151e-01 6.731373044818993456e-01 5.024763584220668378e-01 7.627575931294061640e-01 7.659248907727065347e-01 6.454473841671890533e-01 0.000000000000000000e+00 4.770309302965218823e-01 3.319626484723351423e-01
1.008949930862876321e-01 9.231707019244261847e-01 5.397884145749433094e-01 3.844739027526413722e-01 6.171093313149897952e-01 8.234562769868729593e-01 3.547505474956494931e-01 9.123312995360968181e-01 8.486754350372837097e-01 3.631230845686536646e-01 5.435616938992855474e-01 4.620717606406644640e-01 8.791077281737964544e-01 9.212961992565569247e-01 3.407719957586262671e-01 4.694792021094233991e-01 3.340525644440820452e-01 5.565701460215916052e-01 5.986046762066885574e-01 5.096670992845395709e-01 8.759649657745924856e-01 7.046172478578409670e-01 6.623343762010500679e-01 1.497431711882511451e-01 5.462796615388003652e-01 4.305455477921731333e-01 9.212467521288085770e-01 6.566040756674891288e-01 4.340880209276729018e-01 8.020215145736931950e-01 2.606402412875659103e-01 7.456836427259615485e-01 4.770309302965218823e-01 0.000000000000000000e+00 8.660153083245778483e-01
3.648507563608245352e-01 6.404167457103830952e-01 9.370807861647230119e-01 3.380237945037423142e-02 2.031041363407446454e-01 7.246068194591055445e-01 5.519542613647534512e-01 5.770823185863704907e-01 3.544961277865403271e-01 2.954798228053305831e-01 1.510488582575694183e-01 3.236351082146075031e-01 6.269254190003317184e-01 8.286683839376827176e-01 1.149721536039816083e-02 8.751809320233718825e-01 5.375474727443223522e-01 6.087063397463435832e-01 1.596314898944365401e-01 6.927529675026858902e-01 7.127449397205003478e-01 7.345464154402572277e-01 4.842032580964972799e-01 6.921122035320628196e-01 5.859496819397251866e-01 9.608054462601620660e-01 3.228165970406521312e-01 3.930500789463997613e-01 8.085140922940875496e-01 6.111448902014365858e-01 4.122266084289866739e-01 8.587091914579227936e-01 3.319626484723351423e-01 8.660153083245778483e-01 0.000000000000000000e+00
