0.000000000000000000e+00 6.100579752573365155e-01 4.175247236032502696e-01 7.308474632985610953e-01 7.191589758020096035e-01 2.217839747254443106e-01 4.963609269253686507e-01 5.374111384712206840e-01 1.222895095967748702e-01 8.727412631711323199e-01 5.139110013816584610e-01 5.407561608905544492e-01 1.525277724848037031e-01 1.629252214254596209e-01 5.643646669678927807e-01 6.071276455451259935e-01 4.483079518732080992e-01 5.322432998165190776e-01 8.230461000493229928e-01 5.366889521463986679e-01 3.448651139255453635e-01 3.900486199055253067e-01 5.460931975903625668e-01 4.197389499437397253e-01 5.870744635134665934e-01 6.917696830847961387e-01 1.860234815393488894e-01 3.010129996053658163e-01 5.302716875520550044e-01 7.223599296625372590e-01 8.858956591136372127e-01 4.771702691192417634e-01 9.850566832408003126e-01 3.821734531248662803e-01 8.805667582642622282e-01
6.100579752573365155e-01 0.000000000000000000e+00 2.287892104446059838e-01 3.441849146938058546e-02 4.389473443240380357e-01 3.312593277970155015e-01 3.973814473021357041e-01 6.152700979234507761e-01 5.971207630587698212e-01 5.786215444080804460e-01 5.559599028951537347e-01 8.454107660427842008e-01 2.472655461378124864e-01 3.612059013768555982e-01 8.582919469645212684e-01 7.160668256712341417e-01 4.427124022163095862e-01 3.850810842071311635e-01 5.680671872349836171e-01 1.338598559464644344e-01 7.542619145965081540e-01 2.843697198566142448e-01 1.733372525121533725e-01 4.963237358796344090e-01 6.553270012109950748e-01 6.740566097678162283e-01 5.248991635597939354e-01 7.164560988841448541e-01 1.505680723994544667e-01 5.139256728250258810e-01 6.879900795914116740e-01 2.446171484261217000e-01 3.219940026209874295e-01 2.579521422788055851e-01 4.459538604269253081e-01
4.175247236032502696e-01 2.287892104446059838e-01 0.000000000000000000e+00 6.540154350594568067e-01 4.536429279934438563e-01 6.453086414705078155e-01 3.153942753996351600e-01 4.515096541635419403e-01 8.646715559998232603e-01 4.995588858399058751e-01 7.532899358018897429e-01 6.910654871871090288e-01 6.818384814401194927e-01 8.641800320178760764e-02 1.310911544199542811e-01 4.394678539216332336e-01 6.727336596760067344e-01 3.924981216741427192e-01 5.830894959665329225e-01 5.133398265070794331e-01 5.020113453807838466e-01 4.750654444597671722e-01 5.583581272310083055e-01 5.157776783283345434e-01 2.895888800231045668e-01 3.204053360886919832e-01 1.763378396659481817e-01 4.609994598180803260e-01 4.765187965959840621e-01 7.353877052383286372e-01 6.599119588017630100e-01 1.942807202619143969e-01 9.441621396892700968e-01 6.859962473427070329e-01 8.478567020482548067e-01
7.308474632985610953e-01 3.441849146938058546e-02 6.540154350594568067e-01 0.000000000000000000e+00 2.797064673046457672e-01 5.496140087002623353e-01 5.858307508091813443e-01 5.356799952909166995e-01 1.379084384747393255e-01 3.985507557539893497e-01 7.969533351845690117e-01 7.169944490515608448e-01 5.544009168089989448e-01 3.245866014144898060e-01 9.314664477093413941e-01 7.720100751156263597e-01 1.292346811199592826e-01 7.336171219222387130e-01 6.637470120589807898e-01 7.194091515277929449e-01 2.864366914699848499e-01 2.651681346185790766e-01 3.442987193702043980e-01 8.004384692420638547e-01 8.811047663913744721e-01 6.250085018252494740e-01 7.700526649490488929e-01 2.146999691008681932e-01 4.894285366061521536e-01 5.838934145925127606e-01 4.579015035869875572e-01 4.235099564463810640e-01 4.996272503245133834e-01 5.022749150138513530e-01 7.300243275192002113e-01
7.191589758020096035e-01 4.389473443240380357e-01 4.536429279934438563e-01 2.797064673046457672e-01 0.000000000000000000e+00 5.440902147021098312e-01 8.742314421784771472e-01 1.801160901684281113e-01 4.127922967712893687e-01 6.412184089936625586e-01 4.370984658126397249e-01 4.913670109479857939e-01 9.630784645495507057e-01 4.209462980925360309e-01 4.360268927507572334e-01 6.559242516147212321e-02 3.208133808115226637e-01 6.301370126315564146e-01 6.298569571813369405e-01 6.057024480010815282e-01 5.377214757100096110e-01 7.222851649718218248e-01 4.549567466697280183e-01 9.398554506748568738e-02 4.167693412318175805e-01 3.779843082622840189e-01 1.823233883122648002e-01 6.663789440251994822e-01 7.487561069429040650e-01 3.952294825840473869e-01 8.296066968635971151e-01 8.309978784822251718e-01 3.158431420664120637e-01 7.099279598817335168e-01 4.164736886834413676e-01
2.217839747254443106e-01 3.312593277970155015e-01 6.453086414705078155e-01 5.496140087002623353e-01 5.440902147021098312e-01 0.000000000000000000e+00 8.933265191094317270e-01 5.192248620909256651e-01 4.529214149310542004e-01 5.018355677352155375e-01 6.825918910144035401e-01 2.815801391673897758e-01 1.278226835333459710e-01 6.953159704411189246e-01 5.121441603595552339e-01 5.504378426131908419e-01 4.609971627223518609e-01 1.163259624531536307e-01 8.601341323595637078e-01 5.884725165004157654e-01 5.571387076273024430e-01 4.329748948689058352e-01 4.435312133617037578e-01 5.190006073831299194e-01 7.381742239550921347e-01 7.094089924866714414e-01 5.924791936179828467e-01 6.386717700919724017e-01 3.419439938344711050e-01 3.457877650222048183e-01 5.078102759045467485e-01 5.452208668090412491e-01 8.131707677144974777e-01 5.520996370191071367e-01 4.804482718056154456e-01
4.963609269253686507e-01 3.973814473021357041e-01 3.153942753996351600e-01 5.858307508091813443e-01 8.742314421784771472e-01 8.933265191094317270e-01 0.000000000000000000e+00 5.857363412310959694e-01 7.021971090886497402e-01 1.229031398108731965e-01 3.339298707029586533e-01 7.996456627772723369e-01 5.082475046601305779e-01 1.651811898766991082e-01 4.645140287696697401e-01 4.266383599148850791e-01 5.133804875626827302e-01 5.303204465558010172e-01 4.050374713465090259e-01 7.551378409143472137e-01 7.864468208119215209e-01 4.018249650851193899e-01 6.848332889640869059e-01 8.613107601731549989e-01 8.164004942182800928e-01 4.531765211427299933e-01 6.543330856152679287e-01 5.811594109094075922e-01 2.134517634970506950e-01 6.488972951865985550e-01 6.409654180486439312e-01 3.919991752407241958e-01 2.573091300526036962e-01 5.787115434306430162e-01 4.715118276384376861e-01
5.374111384712206840e-01 6.152700979234507761e-01 4.515096541635419403e-01 5.356799952909166995e-01 1.801160901684281113e-01 5.192248620909256651e-01 5.857363412310959694e-01 0.000000000000000000e+00 4.976002845630915217e-01 4.926488278999684445e-01 7.040623857610008862e-01 5.792548051924406582e-02 1.674255486562707951e-01 4.064964075958074630e-01 5.006773546572312883e-01 7.077190125389347664e-01 8.566359266883245560e-01 1.971020116688763091e-01 4.209495175763992014e-01 4.199046546672908775e-01 8.920113559356412924e-02 5.411421951740977843e-01 6.341491112653742102e-01 3.596835077486859600e-01 1.540877966755249684e-01 5.158389155372010704e-01 2.932021917779894515e-01 6.406340303575910333e-01 3.311187102204548038e-01 4.488462072532454772e-01 4.071797528983411851e-01 4.054762543503896977e-01 1.095086103085282092e-01 1.217113537221784503e-01 2.232567805888198698e-01
1.222895095967748702e-01 5.971207630587698212e-01 8.646715559998232603e-01 1.379084384747393255e-01 4.127922967712893687e-01 4.529214149310542004e-01 7.021971090886497402e-01 4.976002845630915217e-01 0.000000000000000000e+00 2.002208845453752328e-01 6.628127061318083157e-01 7.423205925810860695e-01 4.009296143662302025e-01 7.529218344415151698e-01 8.164226708881869854e-01 4.755009023028936577e-01 5.343381357099064033e-01 5.967620883542346100e-01 6.427011758478812231e-01 2.489460768794861112e-01 5.229789620944229611e-01 7.612635560057186002e-01 2.542108314389898149e-01 5.379628127461837384e-01 6.832637011137171479e-01 3.086149244367200617e-01 2.285943444752920328e-01 8.725532236480817438e-01 4.189902673192175131e-01 8.655695791822877183e-01 2.878788640139026134e-01 8.355133013771239847e-01 4.082917041649699597e-01 3.886264448248242243e-01 5.259910130752409874e-01
8.727412631711323199e-01 5.786215444080804460e-01 4.995588858399058751e-01 3.985507557539893497e-01 6.412184089936625586e-01 5.018355677352155375e-01 1.229031398108731965e-01 4.926488278999684445e-01 2.002208845453752328e-01 0.000000000000000000e+00 1.807019721571075932e-01 6.741098739951265628e-01 4.982934824925195350e-01 1.934785400252266863e-01 3.736247961300501741e-01 5.279125750443597331e-01 1.811283224563312588e-01 3.139534930679509506e-01 5.088639131289010020e-01 4.122532496528187318e-01 6.296005420346260095e-01 7.153131076058583115e-02 7.551440088225347402e-01 3.597098118849157977e-01 8.324253582669083329e-01 5.705154258500880760e-01 3.736465499679090807e-01 5.181719779852080876e-01 4.403474970596213400e-01 3.168303951948857611e-01 4.495054085406932076e-01 5.322382483047142232e-01 9.044994047950716265e-01 6.470280413488191940e-01 3.549129018321661722e-01
5.139110013816584610e-01 5.559599028951537347e-01 7.532899358018897429e-01 7.969533351845690117e-01 4.370984658126397249e-01 6.825918910144035401e-01 3.339298707029586533e-01 7.040623857610008862e-01 6.628127061318083157e-01 1.807019721571075932e-01 0.000000000000000000e+00 7.795918739911684714e-01 6.276942553406638092e-01 2.548632729125709373e-01 5.757533059002948317e-01 8.955501783438289953e-01 5.636442993769866794e-01 4.773708387868140779e-01 3.407087239228626663e-01 7.663008912470301581e-01 4.710869502022468902e-01 6.134253653835571862e-01 2.378302845875279736e-01 7.028941048288411819e-01 2.922561301142201917e-01 6.731011948259373323e-01 3.084669518375514619e-01 7.015626722824563899e-01 4.813000065000517247e-01 5.236866924948458957e-01 7.996623040099676283e-01 3.767954726433087043e-02 3.685157549384359688e-01 6.452040062179429381e-01 2.765639390883263271e-01
5.407561608905544492e-01 8.454107660427842008e-01 6.910654871871090288e-01 7.169944490515608448e-01 4.913670109479857939e-01 2.815801391673897758e-01 7.996456627772723369e-01 5.792548051924406582e-02 7.423205925810860695e-01 6.741098739951265628e-01 7.795918739911684714e-01 0.000000000000000000e+00 8.037104224797078089e-01 2.509173526478777339e-01 4.568272869406513337e-01 8.769957004412491930e-01 3.884349406253015946e-01 6.261804353428450653e-01 5.376302117637558053e-01 9.349183995458902885e-01 4.367354446873985552e-01 4.594684151056191990e-01 5.020214651684394846e-01 7.221557798504735226e-01 1.473560310778373461e-01 6.287943761362200235e-01 5.952991967078229418e-01 4.963567823745784202e-01 5.662774269136369165e-01 2.114045899417364427e-01 2.213312211115852080e-01 2.780730207159914924e-01 7.211841769084648135e-01 6.422548820338074282e-01 1.192946418111464624e-01
1.525277724848037031e-01 2.472655461378124864e-01 6.818384814401194927e-01 5.544009168089989448e-01 9.630784645495507057e-01 1.278226835333459710e-01 5.082475046601305779e-01 1.674255486562707951e-01 4.009296143662302025e-01 4.982934824925195350e-01 6.276942553406638092e-01 8.037104224797078089e-01 0.000000000000000000e+00 3.041064417584034008e-01 1.744271144695073161e-01 7.542581617909012159e-01 6.057471612152849350e-01 5.735876701651058118e-01 5.476857440773488239e-01 3.484034099418978903e-01 7.064447787138001811e-01 3.009747738434017661e-01 3.371879754657186035e-01 1.804161207622848595e-01 9.068519755144628380e-01 3.561397478514887194e-01 6.573909949975493827e-01 6.589030224423215731e-01 4.083775458700902306e-01 1.247755231614587901e-01 6.705974020612237574e-01 4.534779145240891429e-01 7.069575060862451910e-01 2.524064651552152538e-01 1.987634766766802619e-01
1.629252214254596209e-01 3.612059013768555982e-01 8.641800320178760764e-02 3.245866014144898060e-01 4.209462980925360309e-01 6.953159704411189246e-01 1.651811898766991082e-01 4.064964075958074630e-01 7.529218344415151698e-01 1.934785400252266863e-01 2.548632729125709373e-01 2.509173526478777339e-01 3.041064417584034008e-01 0.000000000000000000e+00 5.528835079822582710e-01 6.869173523608826937e-01 1.085283470941884598e-01 2.386915364748606327e-01 7.780875157352565852e-01 7.483515062945056417e-02 8.620505364426773731e-01 2.855182466279823084e-01 5.623525794091016605e-01 2.508514604705640583e-01 7.951567561328690692e-01 8.041426955112376262e-01 8.392901366544615049e-01 2.691467271658460891e-01 2.301868585364574282e-01 6.130992443883045429e-01 4.347596685312583586e-01 5.073213668625357053e-01 8.440429214178442052e-01 7.888450739187048422e-01 6.980481369476763120e-01
5.643646669678927807e-01 8.582919469645212684e-01 1.310911544199542811e-01 9.314664477093413941e-01 4.360268927507572334e-01 5.121441603595552339e-01 4.645140287696697401e-01 5.006773546572312883e-01 8.164226708881869854e-01 3.736247961300501741e-01 5.757533059002948317e-01 4.568272869406513337e-01 1.744271144695073161e-01 5.528835079822582710e-01 0.000000000000000000e+00 3.031881996171797988e-01 7.115006124644559504e-01 2.184556341915078193e-01 3.517809494802223158e-01 5.584040673200607596e-01 1.882994904244229550e-01 3.541294545636731184e-01 7.427690645608701070e-01 8.909506137569104256e-01 7.139273601433966387e-01 5.049267081214301456e-01 8.524180599135806613e-01 1.612145585148038740e-01 6.539011121843305574e-01 5.192326313268575966e-01 4.824902640170901091e-01 7.555399718915019047e-01 6.909472167434086431e-01 4.252106686368903876e-01 6.278120952524851583e-01
6.071276455451259935e-01 7.160668256712341417e-01 4.394678539216332336e-01 7.720100751156263597e-01 6.559242516147212321e-02 5.504378426131908419e-01 4.266383599148850791e-01 7.077190125389347664e-01 4.755009023028936577e-01 5.279125750443597331e-01 8.955501783438289953e-01 8.769957004412491930e-01 7.542581617909012159e-01 6.869173523608826937e-01 3.031881996171797988e-01 0.000000000000000000e+00 4.659029236546965436e-01 7.300523388867486974e-01 5.511840175314769441e-01 8.767370464572210587e-01 5.192573576792907097e-01 5.611419262498826832e-01 2.092897526325564472e-01 9.370663595532502388e-02 3.042698738747536824e-01 4.328392813316225829e-01 4.253268940396974229e-01 6.663600439919850071e-01 2.916664469271788573e-01 2.145669481141347923e-01 3.887057872299554129e-01 5.937557926375105488e-01 1.852130313573919773e-01 8.737143982800028574e-01 4.133424923368418380e-01
4.483079518732080992e-01 4.427124022163095862e-01 6.727336596760067344e-01 1.292346811199592826e-01 3.208133808115226637e-01 4.609971627223518609e-01 5.133804875626827302e-01 8.566359266883245560e-01 5.343381357099064033e-01 1.811283224563312588e-01 5.636442993769866794e-01 3.884349406253015946e-01 6.057471612152849350e-01 1.085283470941884598e-01 7.115006124644559504e-01 4.659029236546965436e-01 0.000000000000000000e+00 1.953945973497940303e-01 2.933571639363983241e-01 6.826527029911577671e-02 4.373472814316389234e-01 3.425635688150849845e-01 5.287444315903659930e-01 6.216515666798169137e-01 5.783763035238587147e-02 3.405639435689888916e-02 4.592616852023465035e-01 3.849114555396472848e-01 7.767967298112709029e-01 3.130020381219237313e-01 3.226576718088458584e-02 5.275700803133031025e-01 9.547612620400531824e-01 3.404788165342220729e-01 5.649382568552804296e-01
5.322432998165190776e-01 3.850810842071311635e-01 3.924981216741427192e-01 7.336171219222387130e-01 6.301370126315564146e-01 1.163259624531536307e-01 5.303204465558010172e-01 1.971020116688763091e-01 5.967620883542346100e-01 3.139534930679509506e-01 4.773708387868140779e-01 6.261804353428450653e-01 5.735876701651058118e-01 2.386915364748606327e-01 2.184556341915078193e-01 7.300523388867486974e-01 1.953945973497940303e-01 0.000000000000000000e+00 7.251330654273908660e-01 6.467755626857393247e-01 5.600923903244812152e-01 4.303593320024153845e-01 2.666835509425020678e-01 4.591634004650697598e-01 2.943159917383320612e-01 5.557357414042900512e-01 2.872002808925432915e-01 7.491027746602549886e-01 8.508033582032969999e-01 4.469819829667069366e-01 8.700904621241805081e-01 4.918427174439607419e-01 6.839215243835099489e-01 2.433519456546807680e-01 4.743529333693004002e-01
8.230461000493229928e-01 5.680671872349836171e-01 5.830894959665329225e-01 6.637470120589807898e-01 6.298569571813369405e-01 8.601341323595637078e-01 4.050374713465090259e-01 4.209495175763992014e-01 6.427011758478812231e-01 5.088639131289010020e-01 3.407087239228626663e-01 5.376302117637558053e-01 5.476857440773488239e-01 7.780875157352565852e-01 3.517809494802223158e-01 5.511840175314769441e-01 2.933571639363983241e-01 7.251330654273908660e-01 0.000000000000000000e+00 1.337069725127911779e-01 7.988052594151187069e-01 4.739478974648815846e-01 5.764206470736833454e-01 4.711475723910808489e-01 9.090232776232265444e-01 8.346568292749403373e-01 5.587358865568108346e-01 9.579784561951643074e-02 5.614572407085642869e-01 6.866581172629471208e-01 4.387445155273793640e-01 4.284351085918572943e-01 6.555065732206940554e-01 5.738877885653358435e-01 7.566202443721596893e-01
5.366889521463986679e-01 1.338598559464644344e-01 5.133398265070794331e-01 7.194091515277929449e-01 6.057024480010815282e-01 5.884725165004157654e-01 7.551378409143472137e-01 4.199046546672908775e-01 2.489460768794861112e-01 4.122532496528187318e-01 7.663008912470301581e-01 9.349183995458902885e-01 3.484034099418978903e-01 7.483515062945056417e-02 5.584040673200607596e-01 8.767370464572210587e-01 6.826527029911577671e-02 6.467755626857393247e-01 1.337069725127911779e-01 0.000000000000000000e+00 5.335965353671185962e-01 6.558306949464065561e-01 6.868872995106244383e-01 3.639959799618360803e-01 3.794681196283195002e-01 5.452561231277277543e-01 4.751681153363724319e-01 3.766166635533863549e-01 6.208250011627409748e-01 4.131312652905652083e-01 2.163697584810511665e-01 6.539879401846576679e-01 3.603716628639377362e-01 4.234609673197359814e-01 5.770028998678302656e-01
3.448651139255453635e-01 7.542619145965081540e-01 5.020113453807838466e-01 2.864366914699848499e-01 5.377214757100096110e-01 5.571387076273024430e-01 7.864468208119215209e-01 8.920113559356412924e-02 5.229789620944229611e-01 6.296005420346260095e-01 4.710869502022468902e-01 4.367354446873985552e-01 7.064447787138001811e-01 8.620505364426773731e-01 1.882994904244229550e-01 5.192573576792907097e-01 4.373472814316389234e-01 5.600923903244812152e-01 7.988052594151187069e-01 5.335965353671185962e-01 0.000000000000000000e+00 4.855547804106572496e-01 5.930506299513160773e-01 7.929560682695653284e-01 5.691262839650941263e-01 3.522426524322406216e-01 7.374537237411364909e-01 3.625806982185371119e-01 8.634587178276155184e-01 1.583184547248662755e-01 3.743184081055315193e-01 2.760662143398694424e-01 1.003723809750447504e-01 6.208345598250775144e-01 6.011571712777941112e-02
3.900486199055253067e-01 2.843697198566142448e-01 4.750654444597671722e-01 2.651681346185790766e-01 7.222851649718218248e-01 4.329748948689058352e-01 4.018249650851193899e-01 5.411421951740977843e-01 7.612635560057186002e-01 7.153131076058583115e-02 6.134253653835571862e-01 4.594684151056191990e-01 3.009747738434017661e-01 2.855182466279823084e-01 3.541294545636731184e-01 5.611419262498826832e-01 3.425635688150849845e-01 4.303593320024153845e-01 4.739478974648815846e-01 6.558306949464065561e-01 4.855547804106572496e-01 0.000000000000000000e+00 3.407425972441336937e-01 8.409156731100719817e-01 4.501653570578195152e-01 8.174150067065736325e-01 2.632121220804999329e-01 5.214927503676629605e-01 6.167554896377476226e-01 2.643934585355764977e-01 3.431288890412325654e-01 8.695451322599467847e-02 2.713030887346565834e-01 3.861312544258317381e-01 8.557703993837622036e-01
5.460931975903625668e-01 1.733372525121533725e-01 5.583581272310083055e-01 3.442987193702043980e-01 4.549567466697280183e-01 4.435312133617037578e-01 6.848332889640869059e-01 6.341491112653742102e-01 2.542108314389898149e-01 7.551440088225347402e-01 2.378302845875279736e-01 5.020214651684394846e-01 3.371879754657186035e-01 5.623525794091016605e-01 7.427690645608701070e-01 2.092897526325564472e-01 5.287444315903659930e-01 2.666835509425020678e-01 5.764206470736833454e-01 6.868872995106244383e-01 5.930506299513160773e-01 3.407425972441336937e-01 0.000000000000000000e+00 9.057765463438360865e-02 7.090867296240077611e-01 4.343005163276542624e-01 8.854432551577549049e-01 3.734887525953015097e-01 4.882327457882155719e-01 2.443839236453891894e-01 7.880456691765174160e-01 3.757037118981372270e-01 4.515671322760705930e-01 1.296442560846752245e-01 6.437175483539003817e-02
4.197389499437397253e-01 4.963237358796344090e-01 5.157776783283345434e-01 8.004384692420638547e-01 9.398554506748568738e-02 5.190006073831299194e-01 8.613107601731549989e-01 3.596835077486859600e-01 5.379628127461837384e-01 3.597098118849157977e-01 7.028941048288411819e-01 7.221557798504735226e-01 1.804161207622848595e-01 2.508514604705640583e-01 8.909506137569104256e-01 9.370663595532502388e-02 6.216515666798169137e-01 4.591634004650697598e-01 4.711475723910808489e-01 3.639959799618360803e-01 7.929560682695653284e-01 8.409156731100719817e-01 9.057765463438360865e-02 0.000000000000000000e+00 3.992176587267786125e-01 8.283910188968557353e-01 8.304266891426790309e-01 4.774971253239334579e-01 7.717815572177946226e-01 4.152656267011215485e-01 4.742268565451747131e-01 4.465312861924717325e-01 2.945986745150052100e-01 4.255681947711712487e-01 2.216415031728847795e-01
5.870744635134665934e-01 6.553270012109950748e-01 2.895888800231045668e-01 8.811047663913744721e-01 4.167693412318175805e-01 7.381742239550921347e-01 8.164004942182800928e-01 1.540877966755249684e-01 6.832637011137171479e-01 8.324253582669083329e-01 2.922561301142201917e-01 1.473560310778373461e-01 9.068519755144628380e-01 7.951567561328690692e-01 7.139273601433966387e-01 3.042698738747536824e-01 5.783763035238587147e-02 2.943159917383320612e-01 9.090232776232265444e-01 3.794681196283195002e-01 5.691262839650941263e-01 4.501653570578195152e-01 7.090867296240077611e-01 3.992176587267786125e-01 0.000000000000000000e+00 3.845194199579640149e-01 4.073264510980267872e-02 7.049071551611942876e-01 6.444226262085648305e-01 3.301557304536439919e-02 5.725789245019876628e-01 7.684062554272981238e-01 2.387463876564979159e-01 6.060043161799779643e-01 5.984877731917328525e-01
6.917696830847961387e-01 6.740566097678162283e-01 3.204053360886919832e-01 6.250085018252494740e-01 3.779843082622840189e-01 7.094089924866714414e-01 4.531765211427299933e-01 5.158389155372010704e-01 3.086149244367200617e-01 5.705154258500880760e-01 6.731011948259373323e-01 6.287943761362200235e-01 3.561397478514887194e-01 8.041426955112376262e-01 5.049267081214301456e-01 4.328392813316225829e-01 3.405639435689888916e-02 5.557357414042900512e-01 8.346568292749403373e-01 5.452561231277277543e-01 3.522426524322406216e-01 8.174150067065736325e-01 4.343005163276542624e-01 8.283910188968557353e-01 3.845194199579640149e-01 0.000000000000000000e+00 1.330272651688070296e-01 6.016743262833954553e-01 4.501489497791536509e-01 6.344182971108114355e-01 5.191748580760568998e-01 3.121152882046988042e-01 6.269822600138125201e-01 3.261004536617267968e-02 2.783415102682444409e-01
1.860234815393488894e-01 5.248991635597939354e-01 1.763378396659481817e-01 7.700526649490488929e-01 1.823233883122648002e-01 5.924791936179828467e-01 6.543330856152679287e-01 2.932021917779894515e-01 2.285943444752920328e-01 3.736465499679090807e-01 3.084669518375514619e-01 5.952991967078229418e-01 6.573909949975493827e-01 8.392901366544615049e-01 8.524180599135806613e-01 4.253268940396974229e-01 4.592616852023465035e-01 2.872002808925432915e-01 5.587358865568108346e-01 4.751681153363724319e-01 7.374537237411364909e-01 2.632121220804999329e-01 8.854432551577549049e-01 8.304266891426790309e-01 4.073264510980267872e-02 1.330272651688070296e-01 0.000000000000000000e+00 8.786397909365594172e-01 4.713355434209458017e-01 4.588704674238517356e-01 1.216205141534847378e-01 4.743482452504748648e-01 4.960709004802033029e-01 1.759280793313869884e-01 5.576199782250877979e-01
3.010129996053658163e-01 7.164560988841448541e-01 4.609994598180803260e-01 2.146999691008681932e-01 6.663789440251994822e-01 6.386717700919724017e-01 5.811594109094075922e-01 6.406340303575910333e-01 8.725532236480817438e-01 5.181719779852080876e-01 7.015626722824563899e-01 4.963567823745784202e-01 6.589030224423215731e-01 2.691467271658460891e-01 1.612145585148038740e-01 6.663600439919850071e-01 3.849114555396472848e-01 7.491027746602549886e-01 9.579784561951643074e-02 3.766166635533863549e-01 3.625806982185371119e-01 5.214927503676629605e-01 3.734887525953015097e-01 4.774971253239334579e-01 7.049071551611942876e-01 6.016743262833954553e-01 8.786397909365594172e-01 0.000000000000000000e+00 4.827017261299358375e-01 3.675385995150154406e-01 6.593247014643563997e-01 5.130593547242090491e-01 4.933216019011835152e-01 6.215416672410400967e-01 6.338794717506163190e-01
5.302716875520550044e-01 1.505680723994544667e-01 4.765187965959840621e-01 4.894285366061521536e-01 7.487561069429040650e-01 3.419439938344711050e-01 2.134517634970506950e-01 3.311187102204548038e-01 4.189902673192175131e-01 4.403474970596213400e-01 4.813000065000517247e-01 5.662774269136369165e-01 4.083775458700902306e-01 2.301868585364574282e-01 6.539011121843305574e-01 2.916664469271788573e-01 7.767967298112709029e-01 8.508033582032969999e-01 5.614572407085642869e-01 6.208250011627409748e-01 8.634587178276155184e-01 6.167554896377476226e-01 4.882327457882155719e-01 7.717815572177946226e-01 6.444226262085648305e-01 4.501489497791536509e-01 4.713355434209458017e-01 4.827017261299358375e-01 0.000000000000000000e+00 1.109502408178494326e-01 1.162055674768542879e-01 4.563412383187883670e-01 4.905953848707900744e-01 8.321673049140121403e-01 6.869542643087467315e-01
7.223599296625372590e-01 5.139256728250258810e-01 7.353877052383286372e-01 5.838934145925127606e-01 3.952294825840473869e-01 3.457877650222048183e-01 6.488972951865985550e-01 4.488462072532454772e-01 8.655695791822877183e-01 3.168303951948857611e-01 5.236866924948458957e-01 2.114045899417364427e-01 1.247755231614587901e-01 6.130992443883045429e-01 5.192326313268575966e-01 2.145669481141347923e-01 3.130020381219237313e-01 4.469819829667069366e-01 6.866581172629471208e-01 4.131312652905652083e-01 1.583184547248662755e-01 2.643934585355764977e-01 2.443839236453891894e-01 4.152656267011215485e-01 3.301557304536439919e-02 6.344182971108114355e-01 4.588704674238517356e-01 3.675385995150154406e-01 1.109502408178494326e-01 0.000000000000000000e+00 6.734155511415773621e-01 5.543549452367482200e-01 8.698364602165814530e-01 7.969860172271102661e-01 6.637758245707615634e-01
8.858956591136372127e-01 6.879900795914116740e-01 6.599119588017630100e-01 4.579015035869875572e-01 8.296066968635971151e-01 5.078102759045467485e-01 6.409654180486439312e-01 4.071797528983411851e-01 2.878788640139026134e-01 4.495054085406932076e-01 7.996623040099676283e-01 2.213312211115852080e-01 6.705974020612237574e-01 4.347596685312583586e-01 4.824902640170901091e-01 3.887057872299554129e-01 3.226576718088458584e-02 8.700904621241805081e-01 4.387445155273793640e-01 2.163697584810511665e-01 3.743184081055315193e-01 3.431288890412325654e-01 7.880456691765174160e-01 4.742268565451747131e-01 5.725789245019876628e-01 5.191748580760568998e-01 1.216205141534847378e-01 6.593247014643563997e-01 1.162055674768542879e-01 6.734155511415773621e-01 0.000000000000000000e+00 4.196600162477214235e-01 5.506255064208849248e-01 7.932234957413020204e-01 7.106414492157872020e-01
4.771702691192417634e-01 2.446171484261217000e-01 1.942807202619143969e-01 4.235099564463810640e-01 8.309978784822251718e-01 5.452208668090412491e-01 3.919991752407241958e-01 4.054762543503896977e-01 8.355133013771239847e-01 5.322382483047142232e-01 3.767954726433087043e-02 2.780730207159914924e-01 4.534779145240891429e-01 5.073213668625357053e-01 7.555399718915019047e-01 5.937557926375105488e-01 5.275700803133031025e-01 4.918427174439607419e-01 4.284351085918572943e-01 6.539879401846576679e-01 2.760662143398694424e-01 8.695451322599467847e-02 3.757037118981372270e-01 4.465312861924717325e-01 7.684062554272981238e-01 3.121152882046988042e-01 4.743482452504748648e-01 5.130593547242090491e-01 4.563412383187883670e-01 5.543549452367482200e-01 4.196600162477214235e-01 0.000000000000000000e+00 6.551729435441780991e-01 8.001061340636381747e-01 5.357077624266581850e-01
9.850566832408003126e-01 3.219940026209874295e-01 9.441621396892700968e-01 4.996272503245133834e-01 3.158431420664120637e-01 8.131707677144974777e-01 2.573091300526036962e-01 1.095086103085282092e-01 4.082917041649699597e-01 9.044994047950716265e-01 3.685157549384359688e-01 7.211841769084648135e-01 7.069575060862451910e-01 8.440429214178442052e-01 6.909472167434086431e-01 1.852130313573919773e-01 9.547612620400531824e-01 6.839215243835099489e-01 6.555065732206940554e-01 3.603716628639377362e-01 1.003723809750447504e-01 2.713030887346565834e-01 4.515671322760705930e-01 2.945986745150052100e-01 2.387463876564979159e-01 6.269822600138125201e-01 4.960709004802033029e-01 4.933216019011835152e-01 4.905953848707900744e-01 8.698364602165814530e-01 5.506255064208849248e-01 6.551729435441780991e-01 0.000000000000000000e+00 7.242875769995976709e-01 6.703444234027752247e-01
3.821734531248662803e-01 2.579521422788055851e-01 6.859962473427070329e-01 5.022749150138513530e-01 7.099279598817335168e-01 5.520996370191071367e-01 5.787115434306430162e-01 1.217113537221784503e-01 3.886264448248242243e-01 6.470280413488191940e-01 6.452040062179429381e-01 6.422548820338074282e-01 2.524064651552152538e-01 7.888450739187048422e-01 4.252106686368903876e-01 8.737143982800028574e-01 3.404788165342220729e-01 2.433519456546807680e-01 5.738877885653358435e-01 4.234609673197359814e-01 6.208345598250775144e-01 3.861312544258317381e-01 1.296442560846752245e-01 4.255681947711712487e-01 6.060043161799779643e-01 3.261004536617267968e-02 1.759280793313869884e-01 6.215416672410400967e-01 8.321673049140121403e-01 7.969860172271102661e-01 7.932234957413020204e-01 8.001061340636381747e-01 7.242875769995976709e-01 0.000000000000000000e+00 6.442306254888181538e-01
8.805667582642622282e-01 4.459538604269253081e-01 8.478567020482548067e-01 7.300243275192002113e-01 4.164736886834413676e-01 4.804482718056154456e-01 4.715118276384376861e-01 2.232567805888198698e-01 5.259910130752409874e-01 3.549129018321661722e-01 2.765639390883263271e-01 1.192946418111464624e-01 1.987634766766802619e-01 6.980481369476763120e-01 6.278120952524851583e-01 4.133424923368418380e-01 5.649382568552804296e-01 4.743529333693004002e-01 7.566202443721596893e-01 5.770028998678302656e-01 6.011571712777941112e-02 8.557703993837622036e-01 6.437175483539003817e-02 2.216415031728847795e-01 5.984877731917328525e-01 2.783415102682444409e-01 5.576199782250877979e-01 6.338794717506163190e-01 6.869542643087467315e-01 6.637758245707615634e-01 7.106414492157872020e-01 5.357077624266581850e-01 6.703444234027752247e-01 6.442306254888181538e-01 0.000000000000000000e+00
