0.000000000000000000e+00 7.942491659110344493e-01 4.739658452867009375e-01 3.714660167546064984e-01 2.935586743669230669e-01 3.259141374208591735e-01 3.432901244121951412e-01 2.561886618290221129e-01 8.377840980152855277e-01 5.118760439924729955e-01 5.323686692689855171e-01 5.814627394999727361e-01 8.414320970826434376e-01 4.949146751897042229e-01 8.612582834877937632e-01 4.969933659392650194e-01 4.872778366574910258e-01 2.476409267808092896e-01 5.532039786861684405e-01 3.506418570360925746e-01 7.622330393066832910e-01 8.106665706737627985e-01 8.652802355183697447e-02 3.663409361321763313e-01 4.062021517581029251e-01 1.579154695247607654e-01 7.865588363325264343e-01 3.762748461266252620e-01 5.824340660330993291e-01 7.800798836945913584e-01 5.700080594243290832e-01 8.467630661186832386e-01 6.434871468824243657e-01 8.036786734712338953e-01 5.058301695066949044e-01
7.942491659110344493e-01 0.000000000000000000e+00 5.734266725825396538e-01 4.616766563227062692e-01 7.549020887588653306e-01 4.952394738296567178e-01 8.620741245333216618e-01 5.528569233187454746e-01 5.661585132259359110e-01 5.546295110569259279e-01 9.073526688719815159e-01 5.547914636733349836e-01 3.848588221858913472e-01 5.852508687803378296e-01 6.443865209683650175e-01 6.025368400018452641e-01 9.312588108573145451e-01 3.213420926579042547e-01 4.273749424687414700e-01 7.048038572960019232e-01 3.323672199197771349e-01 4.910742076294641878e-01 4.657913859672750956e-01 2.400135453108845907e-01 6.434432175035427193e-01 4.576856871411311145e-01 4.396538979041194062e-01 6.349594944173925226e-01 8.237989862795318530e-01 6.697920819702256612e-01 5.424115781310209217e-01 8.249559638311085852e-01 1.162181156659045644e-01 5.888232991764921209e-01 4.271639554703040020e-01
4.739658452867009375e-01 5.734266725825396538e-01 0.000000000000000000e+00 4.520883639261903397e-01 5.129004482391976705e-01 4.939731451927047434e-01 8.451816895747286118e-01 9.182526128946775223e-01 1.740586186473896957e-01 7.607270860322175032e-01 5.842180283650558748e-01 8.044603351116286216e-01 1.103591011770340691e-01 7.441456368368000174e-01 5.483610060514629847e-01 7.793143791471003334e-01 3.729231964686397505e-01 4.011134769316304638e-01 6.295842232357014012e-01 9.013374110719825083e-01 1.115313036476882069e-01 2.477120352593820130e-02 6.586875803091118975e-01 3.083858948396659416e-01 9.042919837791680848e-01 4.469415493895706470e-01 3.833027595186509484e-01 4.204332129939281071e-01 4.978631979401635377e-01 1.912833837608157728e-01 4.044818547979003309e-01 4.604703962981519516e-01 2.526758462763345481e-01 6.315164518760210122e-01 7.579597489888029171e-01
3.714660167546064984e-01 4.616766563227062692e-01 4.520883639261903397e-01 0.000000000000000000e+00 3.937349415431175004e-01 8.516806970642909480e-02 1.320309310751599519e-01 3.888937889646727486e-01 4.563533731180253739e-01 7.610071259053888815e-01 6.098723663797854799e-01 3.914820302911260486e-01 6.434380000679453815e-01 4.406019426497332914e-01 6.375967954027556006e-01 8.496513005609320768e-01 7.359878916124008574e-01 7.546833748312380408e-01 6.302653188424109931e-01 7.532171107078076133e-01 8.654115798682741056e-01 2.287495748937904416e-01 7.048038621494364664e-01 7.230988896899255280e-01 3.011476014865036577e-01 2.437656542511836832e-01 1.237972202281515388e-01 7.491020530717422687e-01 5.062829688882979351e-01 4.725275214436421845e-01 4.398749612076474635e-01 3.747056438846118609e-01 8.045710208284975185e-01 9.459630100302740541e-02 5.762271219775881859e-01
2.935586743669230669e-01 7.549020887588653306e-01 5.129004482391976705e-01 3.937349415431175004e-01 0.000000000000000000e+00 7.712039323330905916e-01 3.595687498555327766e-01 3.957535332074806900e-01 5.658222403090229502e-01 7.922051783117383117e-01 5.548069804976445418e-01 7.648803049822467948e-01 3.230456678025874773e-01 4.979911321890301279e-01 2.404788385972239650e-01 4.205737583214456121e-01 4.078982248082532736e-01 8.689769496149818417e-01 6.705813308874476464e-01 4.101149407235094024e-01 4.104930183240247388e-01 5.422322734498155050e-01 8.628574967663769080e-01 5.070062831034882755e-01 6.545973084803635711e-02 8.909368649385460692e-01 6.845017332838736479e-01 3.353303464853785165e-01 3.190393842695582460e-01 5.057601026973799208e-01 6.303511689722776090e-01 8.473161195871699025e-01 6.964215733586531787e-01 7.586049323868047090e-01 2.902029854286646282e-01
3.259141374208591735e-01 4.952394738296567178e-01 4.939731451927047434e-01 8.516806970642909480e-02 7.712039323330905916e-01 0.000000000000000000e+00 3.624206201514050263e-01 4.921522705316558888e-01 8.378391598334521406e-01 2.706239261039249389e-01 5.295442462596426925e-01 8.112639657007478799e-01 4.598328641218070167e-01 4.577127929748447954e-01 4.623255192753977227e-01 7.526072620197552521e-01 5.181720528396613901e-01 6.701854324655209805e-02 5.618611537443184423e-01 6.270400510104595648e-01 6.799050208242080062e-01 9.843374711089738494e-01 5.455379686678423212e-01 7.571477860662907400e-01 5.119967768608806313e-01 7.394438740304600799e-01 4.026526995731248282e-01 8.183045105510454720e-01 5.693010990388462922e-01 4.902206762501660764e-01 8.147554853954176446e-01 1.142980145542017434e-01 5.267618892241151540e-01 3.057680751795310847e-01 2.595380693477951084e-01
3.432901244121951412e-01 8.620741245333216618e-01 8.451816895747286118e-01 1.320309310751599519e-01 3.595687498555327766e-01 3.624206201514050263e-01 0.000000000000000000e+00 6.766513968246457011e-01 4.365618349640216778e-01 7.852551401746007409e-01 2.458569461435891057e-01 4.533678940425525106e-01 4.317619551294327174e-01 3.815793451772818701e-01 7.905817181959871043e-01 7.895191205113409882e-01 5.229908828176262903e-01 7.901998747929807054e-01 3.655075642315369633e-01 6.433924657103720079e-01 7.403836130604253274e-01 5.534333101695553259e-01 1.615026165165149852e-01 8.664017946431079586e-02 6.700286229906688984e-01 8.005202681231285977e-01 7.132614340370404538e-01 7.662520176816027817e-01 8.348611328436725820e-01 3.566098791599733309e-01 9.064503917141960576e-01 8.497139914692724005e-01 6.533063506556573419e-01 5.324806964504171791e-01 6.254630742278064481e-01
2.561886618290221129e-01 5.528569233187454746e-01 9.182526128946775223e-01 3.888937889646727486e-01 3.957535332074806900e-01 4.921522705316558888e-01 6.766513968246457011e-01 0.000000000000000000e+00 9.033944099709448894e-01 4.767918161855046466e-01 1.052336535503155535e-01 8.176010633297547958e-01 3.866727410784482899e-01 3.825599127423413570e-01 5.703169879966680789e-01 8.061296418679357867e-01 2.587046114832058930e-01 1.942149532511922572e-01 4.978742033910866782e-01 4.392922629562316938e-01 2.540701370790876545e-01 4.961599233516576501e-01 4.140712625151171666e-01 1.173952395179231889e-01 3.521241918244322200e-01 4.771534608461202587e-01 4.974427208427453784e-01 6.950427942069523635e-01 7.752334735908540386e-01 4.051348654214046441e-01 9.459696189702453406e-01 9.185811484432224727e-01 2.170101955837361318e-01 3.191195274330189680e-01 2.580941263295697397e-01
8.377840980152855277e-01 5.661585132259359110e-01 1.740586186473896957e-01 4.563533731180253739e-01 5.658222403090229502e-01 8.378391598334521406e-01 4.365618349640216778e-01 9.033944099709448894e-01 0.000000000000000000e+00 7.358898487269931454e-01 4.571346518551821503e-01 4.859894620766179174e-01 5.402916257590129057e-02 1.149178103923716998e-01 9.437972377215757547e-01 7.927551903130931610e-01 7.497356762331548463e-01 7.848648460058504917e-02 1.269170301961648484e-01 1.354854864615715471e-01 5.829266031600031095e-01 1.458265020578538573e-01 1.403638016339912031e-01 7.620015660753949316e-01 6.850715743541303526e-01 5.037692360184143903e-01 6.710744004213660130e-01 4.342209857594458988e-01 7.957910084982591226e-01 5.712714027496186286e-01 9.093066767068485046e-01 3.773678888121816399e-01 2.993703535553251527e-01 5.394301653714625999e-01 7.661454051432448065e-01
5.118760439924729955e-01 5.546295110569259279e-01 7.607270860322175032e-01 7.610071259053888815e-01 7.922051783117383117e-01 2.706239261039249389e-01 7.852551401746007409e-01 4.767918161855046466e-01 7.358898487269931454e-01 0.000000000000000000e+00 2.566929754264342112e-01 8.600939973238488356e-01 8.136640017862492025e-01 6.781538850008514974e-01 8.411604326877664128e-01 7.239916390441994976e-01 5.071726908481368756e-01 6.544103399965830459e-01 4.595668862041130676e-01 7.395990340664626572e-01 2.036029312752535292e-01 1.500861439570446709e-01 5.930648179683106758e-01 7.438878536631168270e-01 2.080902771539178131e-01 5.945960336587037265e-01 7.216728482831529234e-01 4.283586297692163480e-01 3.508300352503516129e-01 7.858846490629705084e-01 3.083206772602822276e-01 5.733262768098856821e-01 7.962634004942092947e-01 6.102031633036602010e-01 6.056390897190658817e-01
5.323686692689855171e-01 9.073526688719815159e-01 5.842180283650558748e-01 6.098723663797854799e-01 5.548069804976445418e-01 5.295442462596426925e-01 2.458569461435891057e-01 1.052336535503155535e-01 4.571346518551821503e-01 2.566929754264342112e-01 0.000000000000000000e+00 6.252346853047484609e-01 3.240769417700020139e-01 3.885794519922433077e-01 4.798811832852005743e-01 6.176184724773952084e-01 4.289644870704623081e-02 5.363004466876519771e-01 7.240471775363839235e-01 8.713424895916590529e-01 6.386972891124216289e-01 3.248077205129757394e-01 7.058847445091926964e-01 6.307207233262319690e-01 3.980761270495057347e-01 3.725787961529547498e-01 7.701600548610517682e-01 4.324479150950275019e-01 3.904843138411344117e-01 1.494433751930406284e-01 6.344674939879790809e-01 7.405333114629448765e-01 1.181692604528294943e-01 6.422536378119717559e-01 6.688431679875912472e-01
5.814627394999727361e-01 5.547914636733349836e-01 8.044603351116286216e-01 3.914820302911260486e-01 7.648803049822467948e-01 8.112639657007478799e-01 4.533678940425525106e-01 8.176010633297547958e-01 4.859894620766179174e-01 8.600939973238488356e-01 6.252346853047484609e-01 0.000000000000000000e+00 1.722578830125226501e-01 6.149038271805929989e-01 7.499234416500120126e-01 1.479152130730592152e-01 3.769107820192520442e-01 3.702651227308338955e-01 6.375791356456350645e-01 4.851905633696568798e-01 4.781397704641535684e-01 5.712643215024870713e-01 7.976090919443846738e-01 3.966920156408941800e-01 9.160598748743766784e-01 7.874971622413307060e-01 5.935353052631371362e-01 4.448898639916774589e-01 5.809075882160354976e-01 5.914702413144554694e-01 5.724720941509545691e-01 5.927258308022180788e-01 5.654495255744549365e-01 1.275591340038209065e-01 4.715822814886080905e-01
8.414320970826434376e-01 3.848588221858913472e-01 1.103591011770340691e-01 6.434380000679453815e-01 3.230456678025874773e-01 4.598328641218070167e-01 4.317619551294327174e-01 3.866727410784482899e-01 5.402916257590129057e-02 8.136640017862492025e-01 3.240769417700020139e-01 1.722578830125226501e-01 0.000000000000000000e+00 1.281204327607633475e-01 7.154572504567466851e-01 4.569806532170471169e-01 4.412096380924054317e-01 5.683164864770211544e-01 6.773228293118310761e-01 6.468331935618110151e-02 7.945465831530755807e-01 7.344894228991343255e-01 8.170041479039655830e-01 8.961687949481694782e-01 5.114199098187943715e-02 6.402417689945644197e-01 2.611999218660934208e-01 8.706084767159079085e-01 5.728190357589513226e-01 8.443823807251789049e-01 7.695928321114648973e-01 5.183777844633679077e-01 6.171873998574737286e-01 2.546682298414391088e-01 9.218174587379751594e-01
4.949146751897042229e-01 5.852508687803378296e-01 7.441456368368000174e-01 4.406019426497332914e-01 4.979911321890301279e-01 4.577127929748447954e-01 3.815793451772818701e-01 3.825599127423413570e-01 1.149178103923716998e-01 6.781538850008514974e-01 3.885794519922433077e-01 6.149038271805929989e-01 1.281204327607633475e-01 0.000000000000000000e+00 6.003278778959399986e-01 4.718416913257716394e-01 5.721420423718319714e-01 3.772770641772558164e-01 2.632603782443817542e-01 6.432649590748540369e-01 3.377814921090355194e-01 4.540521745247538821e-01 8.766487863430645344e-01 3.848184418158607789e-01 4.202690414868618385e-01 7.897519286990988263e-01 2.769184185035087897e-01 8.643769300219807938e-01 3.442982350845512629e-01 5.829281912510317909e-01 1.377137186110841682e-01 6.638998972435078416e-01 9.411776047483196850e-01 4.725368246777683634e-02 2.628501033051407476e-01
8.612582834877937632e-01 6.443865209683650175e-01 5.483610060514629847e-01 6.375967954027556006e-01 2.404788385972239650e-01 4.623255192753977227e-01 7.905817181959871043e-01 5.703169879966680789e-01 9.437972377215757547e-01 8.411604326877664128e-01 4.798811832852005743e-01 7.499234416500120126e-01 7.154572504567466851e-01 6.003278778959399986e-01 0.000000000000000000e+00 4.560568439886655279e-01 8.132263146480650517e-01 5.411381493181920410e-01 4.209026099350517414e-01 4.331355737528773120e-01 4.725831462843276265e-01 4.715004857233072166e-01 2.326122685899383313e-01 4.259831767788769818e-01 4.028585220730564465e-01 1.453357689332520630e-01 4.545420183544742199e-01 3.768428163135284503e-02 5.227413999632956054e-01 2.100319259506614467e-01 7.875026106693308048e-01 5.801574752368630072e-01 7.625591423554810566e-01 6.556751343822073697e-01 7.657405893161229882e-01
4.969933659392650194e-01 6.025368400018452641e-01 7.793143791471003334e-01 8.496513005609320768e-01 4.205737583214456121e-01 7.526072620197552521e-01 7.895191205113409882e-01 8.061296418679357867e-01 7.927551903130931610e-01 7.239916390441994976e-01 6.176184724773952084e-01 1.479152130730592152e-01 4.569806532170471169e-01 4.718416913257716394e-01 4.560568439886655279e-01 0.000000000000000000e+00 6.561198017690514916e-01 4.459345146995252751e-01 5.754913512612986892e-01 7.749237901059675693e-01 7.073376813949959763e-01 1.787612409854447137e-01 6.816627333321314541e-01 7.948394635052030699e-01 3.190692718709668418e-01 1.547001849565090570e-01 7.855283828662532608e-01 3.490244430274427323e-01 7.705608336064053709e-01 8.211731641671122794e-01 2.891154117291993564e-01 8.684261193040898608e-02 4.733937310118250252e-01 2.895805144806709031e-01 2.269248926218971896e-01
4.872778366574910258e-01 9.312588108573145451e-01 3.729231964686397505e-01 7.359878916124008574e-01 4.078982248082532736e-01 5.181720528396613901e-01 5.229908828176262903e-01 2.587046114832058930e-01 7.497356762331548463e-01 5.071726908481368756e-01 4.289644870704623081e-02 3.769107820192520442e-01 4.412096380924054317e-01 5.721420423718319714e-01 8.132263146480650517e-01 6.561198017690514916e-01 0.000000000000000000e+00 7.115650370193349339e-01 6.448425939092722325e-01 8.688847439207548762e-01 4.089944818310311536e-01 8.287593382034852407e-01 5.564224271904361085e-01 1.028422518999325685e-01 4.910102680236662076e-01 8.665407987934443668e-01 7.759696896985559533e-01 1.064281145527903316e-01 4.391471019487261374e-01 6.144259036589347911e-01 4.887708429085609874e-01 5.426621824181576681e-01 7.670701044845453787e-01 2.758397744629683679e-01 5.217720267968288805e-01
2.476409267808092896e-01 3.213420926579042547e-01 4.011134769316304638e-01 7.546833748312380408e-01 8.689769496149818417e-01 6.701854324655209805e-02 7.901998747929807054e-01 1.942149532511922572e-01 7.848648460058504917e-02 6.544103399965830459e-01 5.363004466876519771e-01 3.702651227308338955e-01 5.683164864770211544e-01 3.772770641772558164e-01 5.411381493181920410e-01 4.459345146995252751e-01 7.115650370193349339e-01 0.000000000000000000e+00 2.444054092561107616e-01 5.359744154511940639e-01 5.890523233723712337e-01 4.826625652522525955e-01 3.848603647921219895e-01 4.282397000048933644e-01 5.010101084694932316e-01 2.832654020436763953e-01 5.877824733197951623e-01 4.680277913657551192e-01 8.319030901007021805e-01 4.999309390671120568e-01 5.490223505028675177e-01 8.591410428120916931e-01 8.493475861200654453e-01 6.812704196080201502e-01 9.031363251054681518e-01
5.532039786861684405e-01 4.273749424687414700e-01 6.295842232357014012e-01 6.302653188424109931e-01 6.705813308874476464e-01 5.618611537443184423e-01 3.655075642315369633e-01 4.978742033910866782e-01 1.269170301961648484e-01 4.595668862041130676e-01 7.240471775363839235e-01 6.375791356456350645e-01 6.773228293118310761e-01 2.632603782443817542e-01 4.209026099350517414e-01 5.754913512612986892e-01 6.448425939092722325e-01 2.444054092561107616e-01 0.000000000000000000e+00 1.920933279775566271e-01 3.833952688550558152e-01 5.548028089146990194e-01 6.488276078243836453e-01 9.151237987001514806e-01 7.960718167025222503e-01 6.994783326233571241e-01 1.638106872876670117e-01 4.884356271572161123e-01 2.693323617158862593e-01 5.096497414994527464e-01 5.032218730252548955e-01 8.186633965875091956e-01 4.277610532056488335e-01 7.289583269691505274e-01 7.158993041994379247e-01
3.506418570360925746e-01 7.048038572960019232e-01 9.013374110719825083e-01 7.532171107078076133e-01 4.101149407235094024e-01 6.270400510104595648e-01 6.433924657103720079e-01 4.392922629562316938e-01 1.354854864615715471e-01 7.395990340664626572e-01 8.713424895916590529e-01 4.851905633696568798e-01 6.468331935618110151e-02 6.432649590748540369e-01 4.331355737528773120e-01 7.749237901059675693e-01 8.688847439207548762e-01 5.359744154511940639e-01 1.920933279775566271e-01 0.000000000000000000e+00 5.495961463730716368e-01 5.458794422216620701e-01 6.276536308351038373e-01 3.884146368729770038e-01 5.190534911859158163e-01 5.272709993878451629e-01 4.304474752352299705e-01 8.107933418923529700e-02 5.549678703847187311e-01 5.167606818100765054e-01 4.790601224742071507e-01 4.549114896981585887e-01 1.073716101175222759e-01 4.891334829165865372e-01 8.608700561353122005e-01
7.622330393066832910e-01 3.323672199197771349e-01 1.115313036476882069e-01 8.654115798682741056e-01 4.104930183240247388e-01 6.799050208242080062e-01 7.403836130604253274e-01 2.540701370790876545e-01 5.829266031600031095e-01 2.036029312752535292e-01 6.386972891124216289e-01 4.781397704641535684e-01 7.945465831530755807e-01 3.377814921090355194e-01 4.725831462843276265e-01 7.073376813949959763e-01 4.089944818310311536e-01 5.890523233723712337e-01 3.833952688550558152e-01 5.495961463730716368e-01 0.000000000000000000e+00 4.022679560560527001e-01 4.771162460907588665e-01 4.172202602935239923e-01 6.308719513228507880e-01 5.237407636951280088e-01 8.068679824771430864e-01 2.303307209574434467e-01 2.879278263825290618e-01 6.599087548877107245e-01 7.569279653889731119e-01 8.568074316163558635e-01 3.241911858280457359e-01 6.272653725996790719e-01 7.373093664464952512e-01
8.106665706737627985e-01 4.910742076294641878e-01 2.477120352593820130e-02 2.287495748937904416e-01 5.422322734498155050e-01 9.843374711089738494e-01 5.534333101695553259e-01 4.961599233516576501e-01 1.458265020578538573e-01 1.500861439570446709e-01 3.248077205129757394e-01 5.712643215024870713e-01 7.344894228991343255e-01 4.540521745247538821e-01 4.715004857233072166e-01 1.787612409854447137e-01 8.287593382034852407e-01 4.826625652522525955e-01 5.548028089146990194e-01 5.458794422216620701e-01 4.022679560560527001e-01 0.000000000000000000e+00 3.955134363779954088e-01 7.531237433311358531e-01 5.325211393735549414e-01 6.894053347248814134e-01 5.670867563966633940e-01 4.730040118850826758e-01 6.423378185728804146e-01 9.275286693410152994e-01 5.588774404758789505e-01 8.903326652080822967e-02 2.490602490893053522e-01 7.828201813034663115e-01 3.831356631299707161e-01
8.652802355183697447e-02 4.657913859672750956e-01 6.586875803091118975e-01 7.048038621494364664e-01 8.628574967663769080e-01 5.455379686678423212e-01 1.615026165165149852e-01 4.140712625151171666e-01 1.403638016339912031e-01 5.930648179683106758e-01 7.058847445091926964e-01 7.976090919443846738e-01 8.170041479039655830e-01 8.766487863430645344e-01 2.326122685899383313e-01 6.816627333321314541e-01 5.564224271904361085e-01 3.848603647921219895e-01 6.488276078243836453e-01 6.276536308351038373e-01 4.771162460907588665e-01 3.955134363779954088e-01 0.000000000000000000e+00 5.365959518364642467e-01 5.357184296382552224e-01 4.351697586525483108e-01 5.069798736719954846e-01 7.387127465190455045e-01 8.737379651804138003e-01 8.348520520544309154e-01 6.983460045417924089e-01 2.783320629436285554e-01 2.123023410742083117e-01 5.766606001319625197e-01 5.120241458104906052e-01
3.663409361321763313e-01 2.400135453108845907e-01 3.083858948396659416e-01 7.230988896899255280e-01 5.070062831034882755e-01 7.571477860662907400e-01 8.664017946431079586e-02 1.173952395179231889e-01 7.620015660753949316e-01 7.438878536631168270e-01 6.307207233262319690e-01 3.966920156408941800e-01 8.961687949481694782e-01 3.848184418158607789e-01 4.259831767788769818e-01 7.948394635052030699e-01 1.028422518999325685e-01 4.282397000048933644e-01 9.151237987001514806e-01 3.884146368729770038e-01 4.172202602935239923e-01 7.531237433311358531e-01 5.365959518364642467e-01 0.000000000000000000e+00 6.151208637758130982e-01 3.128932745193282461e-01 5.773197137155177128e-01 7.436234024487626826e-01 7.416910744578656400e-01 4.178456221776433166e-01 2.645939306848784089e-01 5.575368779128500041e-01 9.218606923641441409e-01 3.431216911119643886e-01 4.754578008341540651e-01
4.062021517581029251e-01 6.434432175035427193e-01 9.042919837791680848e-01 3.011476014865036577e-01 6.545973084803635711e-02 5.119967768608806313e-01 6.700286229906688984e-01 3.521241918244322200e-01 6.850715743541303526e-01 2.080902771539178131e-01 3.980761270495057347e-01 9.160598748743766784e-01 5.114199098187943715e-02 4.202690414868618385e-01 4.028585220730564465e-01 3.190692718709668418e-01 4.910102680236662076e-01 5.010101084694932316e-01 7.960718167025222503e-01 5.190534911859158163e-01 6.308719513228507880e-01 5.325211393735549414e-01 5.357184296382552224e-01 6.151208637758130982e-01 0.000000000000000000e+00 2.497469679387070152e-01 6.778846692537695562e-01 3.145541344589618538e-01 3.018434457959009443e-01 8.681395604240386144e-01 4.979367353400054874e-02 8.074282789053008891e-01 9.890837533827067096e-01 7.442385293344317976e-01 8.351370244688010036e-01
1.579154695247607654e-01 4.576856871411311145e-01 4.469415493895706470e-01 2.437656542511836832e-01 8.909368649385460692e-01 7.394438740304600799e-01 8.005202681231285977e-01 4.771534608461202587e-01 5.037692360184143903e-01 5.945960336587037265e-01 3.725787961529547498e-01 7.874971622413307060e-01 6.402417689945644197e-01 7.897519286990988263e-01 1.453357689332520630e-01 1.547001849565090570e-01 8.665407987934443668e-01 2.832654020436763953e-01 6.994783326233571241e-01 5.272709993878451629e-01 5.237407636951280088e-01 6.894053347248814134e-01 4.351697586525483108e-01 3.128932745193282461e-01 2.497469679387070152e-01 0.000000000000000000e+00 5.972605004706461607e-01 7.037778592355918850e-01 2.598592646569656273e-01 8.725465976966286785e-01 8.739067093842188827e-01 5.331238387950645308e-01 4.309827667442071575e-01 8.936562358279775964e-01 6.652383914263750864e-01
7.865588363325264343e-01 4.396538979041194062e-01 3.833027595186509484e-01 1.237972202281515388e-01 6.845017332838736479e-01 4.026526995731248282e-01 7.132614340370404538e-01 4.974427208427453784e-01 6.710744004213660130e-01 7.216728482831529234e-01 7.701600548610517682e-01 5.935353052631371362e-01 2.611999218660934208e-01 2.769184185035087897e-01 4.545420183544742199e-01 7.855283828662532608e-01 7.759696896985559533e-01 5.877824733197951623e-01 1.638106872876670117e-01 4.304474752352299705e-01 8.068679824771430864e-01 5.670867563966633940e-01 5.069798736719954846e-01 5.773197137155177128e-01 6.778846692537695562e-01 5.972605004706461607e-01 0.000000000000000000e+00 7.422376041394340707e-01 6.229784357784522442e-01 3.361163846434948033e-01 5.041983909459351043e-01 6.057982620553763464e-01 4.678079866198274761e-01 5.492658190773802573e-01 5.164541477337868391e-01
3.762748461266252620e-01 6.349594944173925226e-01 4.204332129939281071e-01 7.491020530717422687e-01 3.353303464853785165e-01 8.183045105510454720e-01 7.662520176816027817e-01 6.950427942069523635e-01 4.342209857594458988e-01 4.283586297692163480e-01 4.324479150950275019e-01 4.448898639916774589e-01 8.706084767159079085e-01 8.643769300219807938e-01 3.768428163135284503e-02 3.490244430274427323e-01 1.064281145527903316e-01 4.680277913657551192e-01 4.884356271572161123e-01 8.107933418923529700e-02 2.303307209574434467e-01 4.730040118850826758e-01 7.387127465190455045e-01 7.436234024487626826e-01 3.145541344589618538e-01 7.037778592355918850e-01 7.422376041394340707e-01 0.000000000000000000e+00 4.508263505685519146e-01 2.113668038117070269e-01 5.359677053418557824e-01 1.073434740462163584e-01 4.341586932678657140e-01 5.444423370436093368e-01 9.157919980028793594e-01
5.824340660330993291e-01 8.237989862795318530e-01 4.978631979401635377e-01 5.062829688882979351e-01 3.190393842695582460e-01 5.693010990388462922e-01 8.348611328436725820e-01 7.752334735908540386e-01 7.957910084982591226e-01 3.508300352503516129e-01 3.904843138411344117e-01 5.809075882160354976e-01 5.728190357589513226e-01 3.442982350845512629e-01 5.227413999632956054e-01 7.705608336064053709e-01 4.391471019487261374e-01 8.319030901007021805e-01 2.693323617158862593e-01 5.549678703847187311e-01 2.879278263825290618e-01 6.423378185728804146e-01 8.737379651804138003e-01 7.416910744578656400e-01 3.018434457959009443e-01 2.598592646569656273e-01 6.229784357784522442e-01 4.508263505685519146e-01 0.000000000000000000e+00 2.793027244232829109e-01 5.465386681096892074e-01 5.091964328572726739e-01 1.496002562930807134e-01 7.920819419884055357e-01 3.966866178533745568e-01
7.800798836945913584e-01 6.697920819702256612e-01 1.912833837608157728e-01 4.725275214436421845e-01 5.057601026973799208e-01 4.902206762501660764e-01 3.566098791599733309e-01 4.051348654214046441e-01 5.712714027496186286e-01 7.858846490629705084e-01 1.494433751930406284e-01 5.914702413144554694e-01 8.443823807251789049e-01 5.829281912510317909e-01 2.100319259506614467e-01 8.211731641671122794e-01 6.144259036589347911e-01 4.999309390671120568e-01 5.096497414994527464e-01 5.167606818100765054e-01 6.599087548877107245e-01 9.275286693410152994e-01 8.348520520544309154e-01 4.178456221776433166e-01 8.681395604240386144e-01 8.725465976966286785e-01 3.361163846434948033e-01 2.113668038117070269e-01 2.793027244232829109e-01 0.000000000000000000e+00 6.728175404091971679e-01 6.267576355439401503e-01 8.162949799396870265e-01 2.769634288766925634e-01 5.933659509636894924e-01
5.700080594243290832e-01 5.424115781310209217e-01 4.044818547979003309e-01 4.398749612076474635e-01 6.303511689722776090e-01 8.147554853954176446e-01 9.064503917141960576e-01 9.459696189702453406e-01 9.093066767068485046e-01 3.083206772602822276e-01 6.344674939879790809e-01 5.724720941509545691e-01 7.695928321114648973e-01 1.377137186110841682e-01 7.875026106693308048e-01 2.891154117291993564e-01 4.887708429085609874e-01 5.490223505028675177e-01 5.032218730252548955e-01 4.790601224742071507e-01 7.569279653889731119e-01 5.588774404758789505e-01 6.983460045417924089e-01 2.645939306848784089e-01 4.979367353400054874e-02 8.739067093842188827e-01 5.041983909459351043e-01 5.359677053418557824e-01 5.465386681096892074e-01 6.728175404091971679e-01 0.000000000000000000e+00 7.920136241949820022e-01 4.355407513121031804e-01 1.397270400187785588e-01 2.482620208214545432e-01
8.467630661186832386e-01 8.249559638311085852e-01 4.604703962981519516e-01 3.747056438846118609e-01 8.473161195871699025e-01 1.142980145542017434e-01 8.497139914692724005e-01 9.185811484432224727e-01 3.773678888121816399e-01 5.733262768098856821e-01 7.405333114629448765e-01 5.927258308022180788e-01 5.183777844633679077e-01 6.638998972435078416e-01 5.801574752368630072e-01 8.684261193040898608e-02 5.426621824181576681e-01 8.591410428120916931e-01 8.186633965875091956e-01 4.549114896981585887e-01 8.568074316163558635e-01 8.903326652080822967e-02 2.783320629436285554e-01 5.575368779128500041e-01 8.074282789053008891e-01 5.331238387950645308e-01 6.057982620553763464e-01 1.073434740462163584e-01 5.091964328572726739e-01 6.267576355439401503e-01 7.920136241949820022e-01 0.000000000000000000e+00 7.498384436380743923e-01 3.117814121247819981e-01 5.178050661718920367e-01
6.434871468824243657e-01 1.162181156659045644e-01 2.526758462763345481e-01 8.045710208284975185e-01 6.964215733586531787e-01 5.267618892241151540e-01 6.533063506556573419e-01 2.170101955837361318e-01 2.993703535553251527e-01 7.962634004942092947e-01 1.181692604528294943e-01 5.654495255744549365e-01 6.171873998574737286e-01 9.411776047483196850e-01 7.625591423554810566e-01 4.733937310118250252e-01 7.670701044845453787e-01 8.493475861200654453e-01 4.277610532056488335e-01 1.073716101175222759e-01 3.241911858280457359e-01 2.490602490893053522e-01 2.123023410742083117e-01 9.218606923641441409e-01 9.890837533827067096e-01 4.309827667442071575e-01 4.678079866198274761e-01 4.341586932678657140e-01 1.496002562930807134e-01 8.162949799396870265e-01 4.355407513121031804e-01 7.498384436380743923e-01 0.000000000000000000e+00 8.593104748881276178e-01 5.722444806389093142e-01
8.036786734712338953e-01 5.888232991764921209e-01 6.315164518760210122e-01 9.459630100302740541e-02 7.586049323868047090e-01 3.057680751795310847e-01 5.324806964504171791e-01 3.191195274330189680e-01 5.394301653714625999e-01 6.102031633036602010e-01 6.422536378119717559e-01 1.275591340038209065e-01 2.546682298414391088e-01 4.725368246777683634e-02 6.556751343822073697e-01 2.895805144806709031e-01 2.758397744629683679e-01 6.812704196080201502e-01 7.289583269691505274e-01 4.891334829165865372e-01 6.272653725996790719e-01 7.828201813034663115e-01 5.766606001319625197e-01 3.431216911119643886e-01 7.442385293344317976e-01 8.936562358279775964e-01 5.492658190773802573e-01 5.444423370436093368e-01 7.920819419884055357e-01 2.769634288766925634e-01 1.397270400187785588e-01 3.117814121247819981e-01 8.593104748881276178e-01 0.000000000000000000e+00 8.717273484823557794e-01
5.058301695066949044e-01 4.271639554703040020e-01 7.579597489888029171e-01 5.762271219775881859e-01 2.902029854286646282e-01 2.595380693477951084e-01 6.254630742278064481e-01 2.580941263295697397e-01 7.661454051432448065e-01 6.056390897190658817e-01 6.688431679875912472e-01 4.715822814886080905e-01 9.218174587379751594e-01 2.628501033051407476e-01 7.657405893161229882e-01 2.269248926218971896e-01 5.217720267968288805e-01 9.031363251054681518e-01 7.158993041994379247e-01 8.608700561353122005e-01 7.373093664464952512e-01 3.831356631299707161e-01 5.120241458104906052e-01 4.754578008341540651e-01 8.351370244688010036e-01 6.652383914263750864e-01 5.164541477337868391e-01 9.157919980028793594e-01 3.966866178533745568e-01 5.933659509636894924e-01 2.482620208214545432e-01 5.178050661718920367e-01 5.722444806389093142e-01 8.717273484823557794e-01 0.000000000000000000e+00
