0.000000000000000000e+00 8.198982729049868468e-01 5.744957384370359410e-01 5.823623215159516864e-01 7.704648264952526082e-01 5.908505404930601834e-01 9.142533103539851602e-01 4.876173230583137896e-01 6.365352118631676381e-01 8.477291070006455209e-01 6.307904626364726486e-01 6.987992432346912253e-02 7.595967828011475076e-01 2.036503119539613271e-01 5.903452873752823571e-01 5.642118337191046606e-01 4.731987033630764561e-01 2.241565552229807246e-01 5.731590924393024089e-01 1.452173070377413833e-01 4.818680480474846206e-01 6.208780738801860100e-01 1.932415609313152816e-01 4.086274122715047863e-01 6.603754973877350443e-01 2.948969043883137298e-01 7.369536554537404749e-01 3.900171490850902201e-01 6.888038143415193826e-01 4.225681528959250866e-01 7.712014787316017195e-01 8.273369358898262638e-01 4.591430084645117260e-01 8.452412192790810241e-01 5.555798204535469242e-01
8.198982729049868468e-01 0.000000000000000000e+00 3.992917407435327415e-01 4.985449100847006432e-01 1.735954000138186237e-01 4.045686950518437852e-01 7.440263622402217836e-01 5.370376677792542131e-01 1.227673855516361878e-01 5.981950533834066164e-01 5.974498953265278134e-01 3.378530592182759085e-01 6.922148436697022067e-01 6.676188606496353817e-01 4.148132939860568746e-01 7.931475148505495731e-02 4.294981657917134044e-01 6.242351717844620840e-01 6.577968655196977377e-01 3.199334185195725211e-01 7.539257541804756935e-01 3.160470982166079246e-01 5.860773253420312745e-01 6.121797514346700719e-01 5.750034050091705762e-01 6.771014385734200891e-01 2.414209929815371858e-01 2.250593513859686645e-01 3.439264712130964408e-01 9.150696582208178720e-01 8.485552110025285089e-01 4.195827926166478816e-01 8.491634854688553391e-01 2.856032403665889063e-01 5.112932024580261192e-01
5.744957384370359410e-01 3.992917407435327415e-01 0.000000000000000000e+00 3.005199428594151345e-01 4.658550247829538749e-01 2.944627201045001974e-01 3.396780696209024120e-01 4.636162751687752381e-01 4.288030200619831755e-01 7.982201897319878281e-01 4.385926941335918094e-01 6.898099695298334222e-01 4.898479812653006027e-02 6.688040910038984821e-01 9.190592324068613816e-02 6.758186844976739049e-01 5.972541269169651112e-01 1.578934834079095406e-01 6.873978999316785465e-01 5.204097980253445943e-01 6.056219374404991918e-01 8.152174508965834843e-01 3.434591572649345892e-01 8.011735873415255504e-01 6.212750693272796054e-01 4.270581311135999703e-01 2.421123749305575945e-01 5.744414192546042353e-01 6.600513291100251756e-01 6.158194852428876542e-01 2.271640764224849285e-01 4.767437117889658516e-01 8.133081143627313159e-01 5.847376988695716094e-01 7.108100924032603185e-01
5.823623215159516864e-01 4.985449100847006432e-01 3.005199428594151345e-01 0.000000000000000000e+00 5.836167843073849504e-01 5.186148733897879559e-01 4.150808128280011333e-01 1.872161751634210392e-01 5.660509046655904930e-01 7.495808573099753680e-01 2.425258362264861578e-01 4.870673390601223951e-01 2.542123492734166268e-01 7.525805764389597030e-01 2.513561715841801658e-01 1.280987672672849742e-01 4.242242253181311429e-01 2.777570215795930331e-01 9.114594753426150664e-01 4.558644035723703469e-01 4.854418468611226833e-01 5.054028719868380870e-01 6.836219068752282801e-01 6.981502055794288619e-01 9.036467489449168111e-01 9.720587975033203598e-01 7.015670266158644530e-01 4.539228381154299385e-01 4.191222548222102162e-01 4.941138291291966578e-01 9.767790579199482348e-01 6.933408183597351560e-01 9.559816881853793191e-01 3.910813657275509225e-01 6.639887769214602997e-01
7.704648264952526082e-01 1.735954000138186237e-01 4.658550247829538749e-01 5.836167843073849504e-01 0.000000000000000000e+00 7.468340771061214856e-01 5.538841543205198503e-01 1.774489193826265243e-01 4.244835359684904774e-01 1.190158592729511078e-01 7.515435511250470046e-01 3.326531867320344227e-01 2.825176659929133915e-01 3.499868661319569529e-01 4.190210919265317524e-01 2.558553559159945645e-01 5.598735096657232457e-01 3.090119022711446117e-01 4.747844621929041553e-01 3.530657292818002446e-01 3.869058042850312407e-01 7.045140463948953435e-01 1.767854561226887000e-01 4.629998443945075870e-01 5.142887839852268161e-01 5.063710147402757933e-01 5.848692745721023600e-01 4.580349627557050440e-01 4.559416195593133381e-01 3.191065505534737001e-01 9.867986355628095563e-01 3.636814276556999403e-01 7.582157437048518966e-01 5.244304874310862230e-01 5.015593752628435542e-01
5.908505404930601834e-01 4.045686950518437852e-01 2.944627201045001974e-01 5.186148733897879559e-01 7.468340771061214856e-01 0.000000000000000000e+00 9.327190030516242514e-01 6.985335587702314886e-01 5.922463460988205419e-01 2.402521541738176225e-01 7.121396706274609745e-01 7.335892839016098232e-01 5.280046765826398314e-01 3.135015359592452922e-01 3.851892146655825355e-01 5.747783977912315212e-01 3.591989971857530439e-01 7.412022049871644924e-01 8.187527502483622488e-01 3.754327390438849665e-01 4.989580311187289396e-01 7.589434888595478768e-01 7.566572633043173735e-01 1.815687250199333747e-01 4.248208228818271537e-01 3.331278025228693873e-01 6.862528248092318872e-01 2.599738370428357204e-01 3.354716708423366445e-01 7.129435622002567863e-01 4.591403232513145416e-01 5.469368007967989609e-01 2.355417443603818883e-01 4.645684582128924989e-01 5.220906628161841034e-01
9.142533103539851602e-01 7.440263622402217836e-01 3.396780696209024120e-01 4.150808128280011333e-01 5.538841543205198503e-01 9.327190030516242514e-01 0.000000000000000000e+00 6.459610976168557173e-01 4.650402125049361013e-01 4.912097861635442153e-01 5.459852925776418342e-01 4.461407800725576411e-01 5.608318644812839704e-01 5.493449464619684086e-01 6.084576841313082962e-01 5.958345630945938165e-02 5.235757308212289907e-01 4.430636622022485760e-01 5.377770661203105096e-01 4.746161992598063040e-01 5.803734954656293299e-01 7.831194241017072066e-01 2.093820057791917488e-02 2.675363168268102276e-01 6.568256764873918740e-01 2.379079009681186463e-01 8.322550756115358883e-01 8.364725646502393364e-01 5.447749250830682399e-01 5.957687434744888266e-01 1.491632413691171832e-01 3.720233845495529712e-01 1.767116285260109665e-01 4.339791892632809955e-01 6.923202285170425574e-01
4.876173230583137896e-01 5.370376677792542131e-01 4.636162751687752381e-01 1.872161751634210392e-01 1.774489193826265243e-01 6.985335587702314886e-01 6.459610976168557173e-01 0.000000000000000000e+00 1.742559953433825415e-01 5.441301448210751346e-01 3.093305307877628474e-01 7.485138800716730767e-01 5.563769556374573710e-01 4.230416569562083229e-01 6.977691024001676512e-01 4.051583260997062008e-01 4.360621141861438232e-01 4.453706065327164842e-01 8.789442032116918657e-01 2.253614221190679556e-01 3.005798611635037698e-01 8.116160129769197651e-01 5.400957873066032366e-01 5.208978859303957654e-01 6.665667880112372545e-01 4.856607013911121151e-01 6.900242635640145838e-01 3.975514031600735909e-01 8.124037441564251338e-01 6.658217223406777130e-01 5.112194245807937243e-01 2.836058003689867490e-01 2.336833620343822249e-01 4.097324612511676900e-01 2.460529462201231921e-01
6.365352118631676381e-01 1.227673855516361878e-01 4.288030200619831755e-01 5.660509046655904930e-01 4.244835359684904774e-01 5.922463460988205419e-01 4.650402125049361013e-01 1.742559953433825415e-01 0.000000000000000000e+00 3.459714730201397526e-01 5.572469383379341501e-01 1.750997914734241379e-01 7.844985838341516082e-01 6.347388255955181968e-01 1.147704417514089359e-01 3.602386953384170698e-01 2.209041180706882157e-01 6.141330167755524316e-01 3.164981285720724902e-02 6.409158579906739650e-01 4.125838638528724345e-01 4.127446533141622687e-01 6.216729316240208192e-01 6.667670398933875919e-01 3.302114911586906398e-01 4.978607604466094849e-01 4.154041823560744584e-01 3.278796721946626302e-01 7.903269096874431243e-01 6.189303021908201252e-01 6.151929540998389845e-01 4.800326214610123321e-01 6.204187017670856896e-01 5.589739841094953920e-01 6.187453477423419113e-01
8.477291070006455209e-01 5.981950533834066164e-01 7.982201897319878281e-01 7.495808573099753680e-01 1.190158592729511078e-01 2.402521541738176225e-01 4.912097861635442153e-01 5.441301448210751346e-01 3.459714730201397526e-01 0.000000000000000000e+00 3.467334515553781582e-01 2.924336068637763963e-01 2.243742790004583654e-01 7.708024090792752192e-01 3.605802792707183957e-01 1.962643132116566047e-01 4.346187475214613460e-01 6.830596561357944463e-01 8.175749151810556281e-01 7.204286631878491498e-01 1.240737451035345273e-01 4.943081805339264445e-01 7.498491273324996431e-01 7.423335035546518856e-01 4.869552235050776945e-01 2.530757063091547687e-01 3.703057440742019701e-01 8.245940227526067368e-01 8.720999598456098401e-01 7.833750798802585624e-02 6.577717588371077007e-01 7.822302329356001227e-01 6.016456097104361245e-01 7.218068439067304443e-01 7.056321074017325445e-01
6.307904626364726486e-01 5.974498953265278134e-01 4.385926941335918094e-01 2.425258362264861578e-01 7.515435511250470046e-01 7.121396706274609745e-01 5.459852925776418342e-01 3.093305307877628474e-01 5.572469383379341501e-01 3.467334515553781582e-01 0.000000000000000000e+00 5.724140971368913977e-01 6.705585651739327524e-01 3.670160834227354507e-01 4.328781854885743741e-01 4.931666714457540457e-01 2.502078690156983032e-01 2.570181345177452448e-01 5.472607303889240882e-01 5.800179149660005251e-01 2.399065200439841061e-01 3.657726647892895477e-01 4.649073102086955789e-01 9.508202132766028214e-01 3.954317715633495212e-01 4.398969985992448040e-01 6.428858752341990446e-01 6.712428862411761177e-01 4.437625984109562216e-01 3.837418673210484243e-01 3.347826306626555670e-01 4.173330028564186112e-01 4.187051871520708346e-01 1.643429618634228984e-02 4.246884855191425112e-01
6.987992432346912253e-02 3.378530592182759085e-01 6.898099695298334222e-01 4.870673390601223951e-01 3.326531867320344227e-01 7.335892839016098232e-01 4.461407800725576411e-01 7.485138800716730767e-01 1.750997914734241379e-01 2.924336068637763963e-01 5.724140971368913977e-01 0.000000000000000000e+00 2.582599503157143594e-01 6.459714886710824500e-01 6.656742732850997601e-01 5.298485010196321010e-01 4.207142707181323327e-01 8.313501128783359340e-01 2.809383292105462893e-01 7.091699741208354890e-01 4.618137013976058580e-01 8.510263157868886985e-01 6.752600978244323038e-01 4.947812745322672789e-01 3.986874229403092329e-01 4.657848186400347368e-01 5.250837405658376200e-01 2.243842953654309191e-01 3.657337031763850388e-01 6.827793793047370885e-01 4.561006523869118867e-01 6.163973995319357302e-01 6.493496621452508055e-01 5.540856610110018732e-01 3.077450204042111448e-01
7.595967828011475076e-01 6.922148436697022067e-01 4.898479812653006027e-02 2.542123492734166268e-01 2.825176659929133915e-01 5.280046765826398314e-01 5.608318644812839704e-01 5.563769556374573710e-01 7.844985838341516082e-01 2.243742790004583654e-01 6.705585651739327524e-01 2.582599503157143594e-01 0.000000000000000000e+00 6.563967583804359851e-01 4.443705135226315717e-01 3.982823209119198404e-01 5.657771880769701944e-01 6.485166981557630717e-01 8.168962085775284265e-01 3.841329161725030583e-01 1.657183942822289535e-01 7.376772138252620792e-01 4.924960145904075937e-01 7.547472293350441230e-01 1.292342758361832988e-01 3.659842299235817609e-01 5.087813639309720637e-01 5.179357999574518701e-01 8.044457419057025049e-01 9.203321733703142549e-01 3.553783169116098151e-01 6.420344706637493015e-01 4.027396323424680125e-01 3.606200654344032808e-01 4.890969670113213263e-01
2.036503119539613271e-01 6.676188606496353817e-01 6.688040910038984821e-01 7.525805764389597030e-01 3.499868661319569529e-01 3.135015359592452922e-01 5.493449464619684086e-01 4.230416569562083229e-01 6.347388255955181968e-01 7.708024090792752192e-01 3.670160834227354507e-01 6.459714886710824500e-01 6.563967583804359851e-01 0.000000000000000000e+00 5.392231413426624709e-01 4.706344895915180460e-01 1.202430174938957652e-01 3.148964548626373983e-01 8.893847613104192140e-01 5.311850661826635900e-01 6.440059986450761276e-01 7.764828592866858115e-01 4.851751755745679073e-01 8.400944265041498937e-01 5.098444016685681479e-01 4.934684255065162062e-01 6.689590339538151742e-01 9.681745135054509177e-02 7.131279675572073096e-01 8.646617624625447807e-01 7.461257314459417422e-01 3.594147646653922390e-01 9.410865033057858042e-02 8.760919068621103589e-01 8.382210511361813943e-01
5.903452873752823571e-01 4.148132939860568746e-01 9.190592324068613816e-02 2.513561715841801658e-01 4.190210919265317524e-01 3.851892146655825355e-01 6.084576841313082962e-01 6.977691024001676512e-01 1.147704417514089359e-01 3.605802792707183957e-01 4.328781854885743741e-01 6.656742732850997601e-01 4.443705135226315717e-01 5.392231413426624709e-01 0.000000000000000000e+00 6.924616175773711246e-01 4.821625299253950447e-01 7.503150236609035240e-01 4.313262392173898285e-01 1.785959136681403159e-01 5.625610690304352346e-01 5.837483307231374763e-01 4.612923545757314225e-01 4.062712543740168436e-01 7.269375889688678427e-01 7.172474412387576104e-01 5.198379678090090383e-01 3.310513701052315572e-01 3.174388600830981844e-01 5.192307730687674150e-01 2.081497790309580487e-01 6.122326797338255577e-01 5.366440378481883711e-01 3.136219352331839905e-01 3.035015265848379218e-01
5.642118337191046606e-01 7.931475148505495731e-02 6.758186844976739049e-01 1.280987672672849742e-01 2.558553559159945645e-01 5.747783977912315212e-01 5.958345630945938165e-02 4.051583260997062008e-01 3.602386953384170698e-01 1.962643132116566047e-01 4.931666714457540457e-01 5.298485010196321010e-01 3.982823209119198404e-01 4.706344895915180460e-01 6.924616175773711246e-01 0.000000000000000000e+00 5.424270192029386761e-01 2.326967312299687007e-01 6.445951077787848149e-01 6.597043190033918814e-01 7.276894703014085142e-01 5.074091585332728416e-01 1.961651258379369933e-01 4.761159479299594266e-01 3.904902366188061080e-01 5.074360902310659505e-01 1.858781784350088673e-01 6.612909024980261341e-01 3.367793165527327437e-02 3.360660631211060956e-01 5.372845568523699766e-01 6.948344036798892454e-01 6.063778219284432502e-01 6.557330018469120780e-01 7.624171578619867162e-01
4.731987033630764561e-01 4.294981657917134044e-01 5.972541269169651112e-01 4.242242253181311429e-01 5.598735096657232457e-01 3.591989971857530439e-01 5.235757308212289907e-01 4.360621141861438232e-01 2.209041180706882157e-01 4.346187475214613460e-01 2.502078690156983032e-01 4.207142707181323327e-01 5.657771880769701944e-01 1.202430174938957652e-01 4.821625299253950447e-01 5.424270192029386761e-01 0.000000000000000000e+00 4.806238371552952193e-01 7.627809368125473277e-01 5.132566352347992522e-01 8.406043750923770652e-01 3.530791453204520924e-01 5.402129521356850983e-01 7.277398819060452162e-01 3.868810603450540953e-01 4.822978563001706354e-01 3.765008357012431528e-01 3.401781377788529181e-01 4.337177249431268811e-01 2.906663842070980053e-01 8.519582144412538582e-01 7.433040497399667768e-01 8.146982479111000153e-01 5.632236330456492635e-01 4.337440198556927196e-01
2.241565552229807246e-01 6.242351717844620840e-01 1.578934834079095406e-01 2.777570215795930331e-01 3.090119022711446117e-01 7.412022049871644924e-01 4.430636622022485760e-01 4.453706065327164842e-01 6.141330167755524316e-01 6.830596561357944463e-01 2.570181345177452448e-01 8.313501128783359340e-01 6.485166981557630717e-01 3.148964548626373983e-01 7.503150236609035240e-01 2.326967312299687007e-01 4.806238371552952193e-01 0.000000000000000000e+00 3.133990578489063705e-01 3.024711980084738849e-01 5.811418383292432654e-01 4.657211316424619829e-01 4.338010662942328732e-01 5.642889963967966382e-01 4.981348784620787118e-02 3.159838852626908889e-01 3.759592068673228704e-01 4.622747417825760485e-01 6.880647790966962773e-01 3.753734965282421454e-01 7.368495581401445227e-01 3.588160548148454643e-01 5.077415076807900718e-01 6.201251881974684244e-01 7.163970528127963089e-01
5.731590924393024089e-01 6.577968655196977377e-01 6.873978999316785465e-01 9.114594753426150664e-01 4.747844621929041553e-01 8.187527502483622488e-01 5.377770661203105096e-01 8.789442032116918657e-01 3.164981285720724902e-02 8.175749151810556281e-01 5.472607303889240882e-01 2.809383292105462893e-01 8.168962085775284265e-01 8.893847613104192140e-01 4.313262392173898285e-01 6.445951077787848149e-01 7.627809368125473277e-01 3.133990578489063705e-01 0.000000000000000000e+00 2.521056990712035040e-01 5.806244989889156605e-01 4.441905120748583791e-01 2.851997764043321393e-01 6.944803680108229127e-01 4.756852200661148555e-01 3.307693637429631739e-01 1.746603089484484173e-01 5.263145820385939366e-01 6.007334731641531533e-01 5.185761935849326765e-01 6.570370014955790872e-01 4.322177934896762053e-01 5.859763245463744941e-01 6.265770812635962361e-01 3.490860752679161849e-01
1.452173070377413833e-01 3.199334185195725211e-01 5.204097980253445943e-01 4.558644035723703469e-01 3.530657292818002446e-01 3.754327390438849665e-01 4.746161992598063040e-01 2.253614221190679556e-01 6.409158579906739650e-01 7.204286631878491498e-01 5.800179149660005251e-01 7.091699741208354890e-01 3.841329161725030583e-01 5.311850661826635900e-01 1.785959136681403159e-01 6.597043190033918814e-01 5.132566352347992522e-01 3.024711980084738849e-01 2.521056990712035040e-01 0.000000000000000000e+00 5.921026325797633660e-01 7.390795306666928521e-01 2.133947212120310688e-01 3.401410906770928055e-01 5.885219285505183251e-01 6.694696533345367850e-01 8.682997448495033410e-02 4.365810566372320123e-01 5.549078052335637556e-01 4.676578736700243710e-01 5.236860748261265019e-01 8.437805729826091117e-01 4.939501120254066735e-01 7.520966969926745627e-01 7.271256084640351780e-01
4.818680480474846206e-01 7.539257541804756935e-01 6.056219374404991918e-01 4.854418468611226833e-01 3.869058042850312407e-01 4.989580311187289396e-01 5.803734954656293299e-01 3.005798611635037698e-01 4.125838638528724345e-01 1.240737451035345273e-01 2.399065200439841061e-01 4.618137013976058580e-01 1.657183942822289535e-01 6.440059986450761276e-01 5.625610690304352346e-01 7.276894703014085142e-01 8.406043750923770652e-01 5.811418383292432654e-01 5.806244989889156605e-01 5.921026325797633660e-01 0.000000000000000000e+00 5.978925831800365742e-01 4.373165244604181323e-01 7.278116082993291158e-01 2.632976588292840203e-01 3.153881735387492058e-01 8.253381988510692935e-01 1.946670177926063672e-01 1.658990428367209669e-01 6.040828583741505442e-01 2.982208339236095407e-01 5.810677976205691486e-02 4.035027153305593695e-01 8.158773531684402336e-01 7.042672387104665921e-01
6.208780738801860100e-01 3.160470982166079246e-01 8.152174508965834843e-01 5.054028719868380870e-01 7.045140463948953435e-01 7.589434888595478768e-01 7.831194241017072066e-01 8.116160129769197651e-01 4.127446533141622687e-01 4.943081805339264445e-01 3.657726647892895477e-01 8.510263157868886985e-01 7.376772138252620792e-01 7.764828592866858115e-01 5.837483307231374763e-01 5.074091585332728416e-01 3.530791453204520924e-01 4.657211316424619829e-01 4.441905120748583791e-01 7.390795306666928521e-01 5.978925831800365742e-01 0.000000000000000000e+00 4.911697941520942190e-01 5.032030078818255925e-01 4.835183769252082153e-01 4.297777397688255507e-01 5.867515411992042518e-01 6.160679476196032622e-01 8.047964451084455018e-02 3.635136347305129023e-01 8.317986665579486516e-01 6.074543060529287164e-01 5.384897859592425728e-01 5.558642500001782505e-01 8.186848573165677045e-01
1.932415609313152816e-01 5.860773253420312745e-01 3.434591572649345892e-01 6.836219068752282801e-01 1.767854561226887000e-01 7.566572633043173735e-01 2.093820057791917488e-02 5.400957873066032366e-01 6.216729316240208192e-01 7.498491273324996431e-01 4.649073102086955789e-01 6.752600978244323038e-01 4.924960145904075937e-01 4.851751755745679073e-01 4.612923545757314225e-01 1.961651258379369933e-01 5.402129521356850983e-01 4.338010662942328732e-01 2.851997764043321393e-01 2.133947212120310688e-01 4.373165244604181323e-01 4.911697941520942190e-01 0.000000000000000000e+00 4.658732999287139576e-01 4.106449170640734669e-01 5.970521293437315302e-01 2.650223416318001624e-01 7.880465345127467547e-01 3.040311439168367214e-01 3.626247433224424332e-01 9.394933571446466569e-01 4.113569113544159883e-01 4.055798279197473377e-01 6.620315401247616194e-01 6.250874556019599959e-01
4.086274122715047863e-01 6.121797514346700719e-01 8.011735873415255504e-01 6.981502055794288619e-01 4.629998443945075870e-01 1.815687250199333747e-01 2.675363168268102276e-01 5.208978859303957654e-01 6.667670398933875919e-01 7.423335035546518856e-01 9.508202132766028214e-01 4.947812745322672789e-01 7.547472293350441230e-01 8.400944265041498937e-01 4.062712543740168436e-01 4.761159479299594266e-01 7.277398819060452162e-01 5.642889963967966382e-01 6.944803680108229127e-01 3.401410906770928055e-01 7.278116082993291158e-01 5.032030078818255925e-01 4.658732999287139576e-01 0.000000000000000000e+00 6.170064494777014463e-01 7.659734419133377159e-01 4.555718286387211435e-01 4.282794795062851989e-01 2.701698166096553333e-01 3.701968221593963659e-01 2.982868859258617222e-01 3.960793193715208549e-01 3.209859279398256104e-01 3.016695886163116569e-01 4.654353719887195373e-01
6.603754973877350443e-01 5.750034050091705762e-01 6.212750693272796054e-01 9.036467489449168111e-01 5.142887839852268161e-01 4.248208228818271537e-01 6.568256764873918740e-01 6.665667880112372545e-01 3.302114911586906398e-01 4.869552235050776945e-01 3.954317715633495212e-01 3.986874229403092329e-01 1.292342758361832988e-01 5.098444016685681479e-01 7.269375889688678427e-01 3.904902366188061080e-01 3.868810603450540953e-01 4.981348784620787118e-02 4.756852200661148555e-01 5.885219285505183251e-01 2.632976588292840203e-01 4.835183769252082153e-01 4.106449170640734669e-01 6.170064494777014463e-01 0.000000000000000000e+00 8.744121721690292226e-01 8.662499295679915168e-02 2.488935313382355519e-01 3.477785229759882135e-01 4.019715467953512422e-01 3.823474058994948965e-01 5.705157506223692554e-01 1.420791502590189603e-01 6.493436841222590683e-01 7.063630775719729193e-01
2.948969043883137298e-01 6.771014385734200891e-01 4.270581311135999703e-01 9.720587975033203598e-01 5.063710147402757933e-01 3.331278025228693873e-01 2.379079009681186463e-01 4.856607013911121151e-01 4.978607604466094849e-01 2.530757063091547687e-01 4.398969985992448040e-01 4.657848186400347368e-01 3.659842299235817609e-01 4.934684255065162062e-01 7.172474412387576104e-01 5.074360902310659505e-01 4.822978563001706354e-01 3.159838852626908889e-01 3.307693637429631739e-01 6.694696533345367850e-01 3.153881735387492058e-01 4.297777397688255507e-01 5.970521293437315302e-01 7.659734419133377159e-01 8.744121721690292226e-01 0.000000000000000000e+00 2.401072580559607261e-01 2.510048243069586960e-01 6.143404993343066778e-01 1.824911465115982567e-01 5.776039739549352348e-01 1.960410714960171275e-01 6.759799832256416785e-01 6.177633623771050519e-01 5.196040813027348326e-01
7.369536554537404749e-01 2.414209929815371858e-01 2.421123749305575945e-01 7.015670266158644530e-01 5.848692745721023600e-01 6.862528248092318872e-01 8.322550756115358883e-01 6.900242635640145838e-01 4.154041823560744584e-01 3.703057440742019701e-01 6.428858752341990446e-01 5.250837405658376200e-01 5.087813639309720637e-01 6.689590339538151742e-01 5.198379678090090383e-01 1.858781784350088673e-01 3.765008357012431528e-01 3.759592068673228704e-01 1.746603089484484173e-01 8.682997448495033410e-02 8.253381988510692935e-01 5.867515411992042518e-01 2.650223416318001624e-01 4.555718286387211435e-01 8.662499295679915168e-02 2.401072580559607261e-01 0.000000000000000000e+00 8.746486562971722556e-01 5.088320397123065053e-01 7.159824202061614296e-01 7.248411639116205674e-01 4.776731327492068635e-01 6.556429385647508656e-01 9.625016314606742451e-01 5.745290941139598040e-01
3.900171490850902201e-01 2.250593513859686645e-01 5.744414192546042353e-01 4.539228381154299385e-01 4.580349627557050440e-01 2.599738370428357204e-01 8.364725646502393364e-01 3.975514031600735909e-01 3.278796721946626302e-01 8.245940227526067368e-01 6.712428862411761177e-01 2.243842953654309191e-01 5.179357999574518701e-01 9.681745135054509177e-02 3.310513701052315572e-01 6.612909024980261341e-01 3.401781377788529181e-01 4.622747417825760485e-01 5.263145820385939366e-01 4.365810566372320123e-01 1.946670177926063672e-01 6.160679476196032622e-01 7.880465345127467547e-01 4.282794795062851989e-01 2.488935313382355519e-01 2.510048243069586960e-01 8.746486562971722556e-01 0.000000000000000000e+00 4.635415167785315038e-01 3.706007467338759409e-01 5.897199965939345923e-01 8.685755981803786607e-01 7.735737939861662138e-01 5.217302803707828396e-01 4.903413737141556483e-01
6.888038143415193826e-01 3.439264712130964408e-01 6.600513291100251756e-01 4.191222548222102162e-01 4.559416195593133381e-01 3.354716708423366445e-01 5.447749250830682399e-01 8.124037441564251338e-01 7.903269096874431243e-01 8.720999598456098401e-01 4.437625984109562216e-01 3.657337031763850388e-01 8.044457419057025049e-01 7.131279675572073096e-01 3.174388600830981844e-01 3.367793165527327437e-02 4.337177249431268811e-01 6.880647790966962773e-01 6.007334731641531533e-01 5.549078052335637556e-01 1.658990428367209669e-01 8.047964451084455018e-02 3.040311439168367214e-01 2.701698166096553333e-01 3.477785229759882135e-01 6.143404993343066778e-01 5.088320397123065053e-01 4.635415167785315038e-01 0.000000000000000000e+00 3.332993609261417634e-01 6.586298533949690448e-01 5.548070400656114343e-01 3.333514704614745083e-01 7.149742031485208926e-01 7.214680070828065617e-01
4.225681528959250866e-01 9.150696582208178720e-01 6.158194852428876542e-01 4.941138291291966578e-01 3.191065505534737001e-01 7.129435622002567863e-01 5.957687434744888266e-01 6.658217223406777130e-01 6.189303021908201252e-01 7.833750798802585624e-02 3.837418673210484243e-01 6.827793793047370885e-01 9.203321733703142549e-01 8.646617624625447807e-01 5.192307730687674150e-01 3.360660631211060956e-01 2.906663842070980053e-01 3.753734965282421454e-01 5.185761935849326765e-01 4.676578736700243710e-01 6.040828583741505442e-01 3.635136347305129023e-01 3.626247433224424332e-01 3.701968221593963659e-01 4.019715467953512422e-01 1.824911465115982567e-01 7.159824202061614296e-01 3.706007467338759409e-01 3.332993609261417634e-01 0.000000000000000000e+00 4.741923152184683854e-01 5.823323780647455816e-01 3.828857679461189489e-01 6.025324213779248428e-01 3.517323746521233696e-01
7.712014787316017195e-01 8.485552110025285089e-01 2.271640764224849285e-01 9.767790579199482348e-01 9.867986355628095563e-01 4.591403232513145416e-01 1.491632413691171832e-01 5.112194245807937243e-01 6.151929540998389845e-01 6.577717588371077007e-01 3.347826306626555670e-01 4.561006523869118867e-01 3.553783169116098151e-01 7.461257314459417422e-01 2.081497790309580487e-01 5.372845568523699766e-01 8.519582144412538582e-01 7.368495581401445227e-01 6.570370014955790872e-01 5.236860748261265019e-01 2.982208339236095407e-01 8.317986665579486516e-01 9.394933571446466569e-01 2.982868859258617222e-01 3.823474058994948965e-01 5.776039739549352348e-01 7.248411639116205674e-01 5.897199965939345923e-01 6.586298533949690448e-01 4.741923152184683854e-01 0.000000000000000000e+00 4.931606368118803263e-01 8.046454153422346600e-01 1.812556588256966084e-01 7.309101646174085420e-01
8.273369358898262638e-01 4.195827926166478816e-01 4.767437117889658516e-01 6.933408183597351560e-01 3.636814276556999403e-01 5.469368007967989609e-01 3.720233845495529712e-01 2.836058003689867490e-01 4.800326214610123321e-01 7.822302329356001227e-01 4.173330028564186112e-01 6.163973995319357302e-01 6.420344706637493015e-01 3.594147646653922390e-01 6.122326797338255577e-01 6.948344036798892454e-01 7.433040497399667768e-01 3.588160548148454643e-01 4.322177934896762053e-01 8.437805729826091117e-01 5.810677976205691486e-02 6.074543060529287164e-01 4.113569113544159883e-01 3.960793193715208549e-01 5.705157506223692554e-01 1.960410714960171275e-01 4.776731327492068635e-01 8.685755981803786607e-01 5.548070400656114343e-01 5.823323780647455816e-01 4.931606368118803263e-01 0.000000000000000000e+00 3.884820785354091144e-01 5.632124524544369626e-01 5.348783386585010957e-01
4.591430084645117260e-01 8.491634854688553391e-01 8.133081143627313159e-01 9.559816881853793191e-01 7.582157437048518966e-01 2.355417443603818883e-01 1.767116285260109665e-01 2.336833620343822249e-01 6.204187017670856896e-01 6.016456097104361245e-01 4.187051871520708346e-01 6.493496621452508055e-01 4.027396323424680125e-01 9.410865033057858042e-02 5.366440378481883711e-01 6.063778219284432502e-01 8.146982479111000153e-01 5.077415076807900718e-01 5.859763245463744941e-01 4.939501120254066735e-01 4.035027153305593695e-01 5.384897859592425728e-01 4.055798279197473377e-01 3.209859279398256104e-01 1.420791502590189603e-01 6.759799832256416785e-01 6.556429385647508656e-01 7.735737939861662138e-01 3.333514704614745083e-01 3.828857679461189489e-01 8.046454153422346600e-01 3.884820785354091144e-01 0.000000000000000000e+00 7.788159352372991950e-01 7.196086266969239364e-01
8.452412192790810241e-01 2.856032403665889063e-01 5.847376988695716094e-01 3.910813657275509225e-01 5.244304874310862230e-01 4.645684582128924989e-01 4.339791892632809955e-01 4.097324612511676900e-01 5.589739841094953920e-01 7.218068439067304443e-01 1.643429618634228984e-02 5.540856610110018732e-01 3.606200654344032808e-01 8.760919068621103589e-01 3.136219352331839905e-01 6.557330018469120780e-01 5.632236330456492635e-01 6.201251881974684244e-01 6.265770812635962361e-01 7.520966969926745627e-01 8.158773531684402336e-01 5.558642500001782505e-01 6.620315401247616194e-01 3.016695886163116569e-01 6.493436841222590683e-01 6.177633623771050519e-01 9.625016314606742451e-01 5.217302803707828396e-01 7.149742031485208926e-01 6.025324213779248428e-01 1.812556588256966084e-01 5.632124524544369626e-01 7.788159352372991950e-01 0.000000000000000000e+00 9.167832191775378003e-01
5.555798204535469242e-01 5.112932024580261192e-01 7.108100924032603185e-01 6.639887769214602997e-01 5.015593752628435542e-01 5.220906628161841034e-01 6.923202285170425574e-01 2.460529462201231921e-01 6.187453477423419113e-01 7.056321074017325445e-01 4.246884855191425112e-01 3.077450204042111448e-01 4.890969670113213263e-01 8.382210511361813943e-01 3.035015265848379218e-01 7.624171578619867162e-01 4.337440198556927196e-01 7.163970528127963089e-01 3.490860752679161849e-01 7.271256084640351780e-01 7.042672387104665921e-01 8.186848573165677045e-01 6.250874556019599959e-01 4.654353719887195373e-01 7.063630775719729193e-01 5.196040813027348326e-01 5.745290941139598040e-01 4.903413737141556483e-01 7.214680070828065617e-01 3.517323746521233696e-01 7.309101646174085420e-01 5.348783386585010957e-01 7.196086266969239364e-01 9.167832191775378003e-01 0.000000000000000000e+00
