0.000000000000000000e+00 2.499458843038644407e-01 4.589589730185281713e-01 5.216285532333218011e-01 3.870668808095941715e-01 7.801669390468015663e-01 5.124647707336050795e-01 4.653959175337327170e-01 6.286075821605785485e-01 6.142273051957387597e-01 4.893242781556177978e-01 2.040950483666728044e-01 2.123166873745986338e-01 1.966177621860092373e-01 7.185706995612611836e-01 6.096937460184213009e-01 8.202223009097246997e-01 7.466234324960023816e-01 5.755301704707369570e-01 8.598154024719815158e-01 4.837930711299026076e-01 1.795712083142174675e-01 7.421850559144003157e-01 5.083199999125707080e-01 3.580868861828536143e-01 4.426103506584774250e-01 1.884638989240338125e-01 2.155806076645458980e-01 6.455669692159204942e-01 2.187258099961170155e-01 5.308790720189568990e-01 4.024862296818985663e-01 3.185495875133836918e-01 5.585528518351543514e-01 4.644284319066403488e-01
2.499458843038644407e-01 0.000000000000000000e+00 4.366900432721737557e-01 6.027618860927272948e-01 3.440140619800198252e-01 5.348849201964581690e-01 6.071145301684603979e-01 8.946676337448165039e-01 1.044024270755927741e-01 4.063680433780481049e-01 8.848384146813983442e-01 6.266969286778449888e-01 5.738918308772722465e-01 3.347171766871543941e-01 8.266715312872021659e-01 5.275457840606421200e-01 6.225817418904162626e-01 6.192945414702797358e-01 4.452951656076781228e-01 2.654803529346472235e-01 5.492941160673947554e-01 5.002610791085375652e-01 9.109262568740095212e-01 7.745205280576714646e-01 2.978772804196956336e-01 4.834258284491545488e-01 5.401657001434927441e-01 3.465037344974509770e-01 5.961178542212506315e-01 5.015279269815093866e-01 4.450875356116729686e-01 4.980150055448075430e-01 4.690938483628791511e-01 2.852775496742128158e-01 4.268345523093385330e-01
4.589589730185281713e-01 4.366900432721737557e-01 0.000000000000000000e+00 2.417093207567947433e-01 3.842568399994846784e-01 6.823821165567740543e-01 7.081599584886114629e-01 5.151791271847643294e-01 2.040538186657512298e-01 3.408784651940309218e-01 4.862863952388137845e-01 5.541204679139992706e-01 1.688301618980616592e-01 4.473899920490104209e-01 6.275397806097672282e-01 4.123179953905441453e-01 3.634298711284081884e-01 1.176450468704491326e-01 5.144935796586107557e-01 2.033755040248590440e-01 7.149311915520912830e-01 5.083597991751380718e-01 6.414447642889178347e-01 4.382935676564939653e-01 3.008054691905056588e-01 3.989955281427562395e-01 4.952288936984067247e-01 4.400794090487751831e-01 4.136264675631766141e-01 5.308329975312644500e-01 8.358042055420441541e-01 5.829588719383306250e-01 7.014136679634455085e-01 2.435780151059388499e-01 7.716296829284781111e-01
5.216285532333218011e-01 6.027618860927272948e-01 2.417093207567947433e-01 0.000000000000000000e+00 4.779896890240921126e-01 7.789443804367388591e-01 5.178555211816457948e-01 6.306281912816922297e-01 6.052649573499332414e-01 3.152136653166629499e-01 7.806747794181136957e-01 9.395993208767341454e-01 6.114200593695321428e-01 4.775403509163564375e-01 3.346594610215402055e-01 6.665304928119309968e-01 5.036612802582501880e-01 9.601544310845266939e-02 8.403902735011223868e-01 2.804996410761602110e-01 2.431601186658505220e-01 2.752009019321451921e-01 4.395838181761106966e-01 7.868631778883821148e-01 6.516383250711268449e-01 4.974409105554459809e-01 4.963332756409707391e-01 3.310020012778051024e-01 2.942294255228734556e-01 5.207660109922327418e-01 6.433714611282466134e-01 2.710330034965398038e-01 7.899456430859008726e-01 5.521132115955926789e-01 6.261943144773014502e-01
3.870668808095941715e-01 3.440140619800198252e-01 3.842568399994846784e-01 4.779896890240921126e-01 0.000000000000000000e+00 3.709831445623280599e-01 9.040650376851023795e-01 2.131034869581885927e-01 2.334899159653167633e-01 2.533919360537081333e-01 4.863669982174309014e-01 9.083702694086221996e-01 9.183667336290216587e-01 5.338726656682332150e-01 4.522747729365018676e-01 5.442525811787783940e-01 4.490843345786763585e-01 5.244864960847913649e-01 3.327661560257897388e-01 3.597594916186752645e-01 2.814132890148534072e-01 8.233727385396105714e-02 4.921306551707348986e-01 2.963741670805886130e-02 4.227087893683002529e-01 4.633525172253960545e-01 5.016347562990881581e-01 6.358352646150263743e-01 3.764318855106237871e-01 6.310368407326882867e-01 5.063453057244542421e-01 6.140444076279629737e-01 3.387698626777881916e-01 3.417378883293042402e-01 4.602136411094437385e-01
7.801669390468015663e-01 5.348849201964581690e-01 6.823821165567740543e-01 7.789443804367388591e-01 3.709831445623280599e-01 0.000000000000000000e+00 6.319900864263249263e-01 3.299037817478658874e-01 7.218527051462875210e-02 4.804538628973164527e-01 3.588167190264316408e-01 7.148338260445112891e-01 2.442683083937825517e-01 3.864511330178196369e-01 1.241510663635476686e-01 8.232030158307206413e-01 2.745836119818416687e-01 3.110227701376961917e-01 2.480121572516764683e-01 3.980889355689831710e-01 5.356080863753603927e-01 8.272785961670857668e-01 8.392123661145201030e-02 7.546563185668071494e-01 8.261940985824194339e-01 4.708747518956631906e-01 5.416465436895852026e-01 2.823310674480845606e-01 4.795297571336117892e-01 4.989320252502589814e-01 2.231794494709680166e-01 8.691954921037683413e-01 8.186574986531798270e-01 4.109549002116741345e-01 3.562432501579906319e-01
5.124647707336050795e-01 6.071145301684603979e-01 7.081599584886114629e-01 5.178555211816457948e-01 9.040650376851023795e-01 6.319900864263249263e-01 0.000000000000000000e+00 7.803207450464594297e-01 4.715346040386992899e-01 6.860753367225860266e-01 2.375149231771163105e-01 4.707506301640882462e-01 4.098780270263271408e-01 6.547835366717984495e-01 5.922583314900115026e-01 8.580545040578828608e-01 6.204022035941747504e-01 3.987078492423217213e-01 6.508021420368963472e-01 9.023806866217742861e-01 6.660227081728391507e-01 9.261119409523427271e-01 4.051684870598164512e-01 6.323355555216505497e-01 8.702474794496075639e-01 6.533831397761429294e-01 4.007950058793356973e-01 7.163347594776179328e-01 1.217379447850165941e-01 9.512289984296455891e-01 3.122996342987670038e-01 3.050938471553684694e-01 2.321548087567092411e-01 4.615161840550541239e-01 2.759718401344133376e-01
4.653959175337327170e-01 8.946676337448165039e-01 5.151791271847643294e-01 6.306281912816922297e-01 2.131034869581885927e-01 3.299037817478658874e-01 7.803207450464594297e-01 0.000000000000000000e+00 7.508162859790527000e-01 3.260764137624964087e-01 8.207423481620401695e-02 8.012391025510032794e-01 4.300231121455172500e-01 9.686924099860966253e-01 5.331945356351082133e-01 3.731286201609314013e-01 2.685961605901921456e-01 5.472950628477555313e-01 6.427621938634127119e-01 4.831908728505397432e-01 8.582194162176268737e-01 8.958611681262219628e-01 4.550633249476868092e-01 3.907283138599307870e-01 9.596672809048512054e-02 2.166305090186125826e-01 4.369002388134782811e-01 1.553145066095282800e-01 2.992601315921370464e-01 1.724380741136586348e-01 3.792087923839682073e-01 5.204584532690280652e-01 5.591164611620602631e-02 3.343786392198018209e-01 6.123477822982912322e-01
6.286075821605785485e-01 1.044024270755927741e-01 2.040538186657512298e-01 6.052649573499332414e-01 2.334899159653167633e-01 7.218527051462875210e-02 4.715346040386992899e-01 7.508162859790527000e-01 0.000000000000000000e+00 8.740920600429116227e-01 7.252599650315060265e-01 5.403416724185566844e-01 4.797280137479077999e-01 7.411636634602702944e-01 3.602579499197881008e-01 6.395014147119462145e-01 4.706930826482513819e-01 4.508397937479695639e-01 6.884225769551697294e-01 7.710479577314710564e-01 6.213044262336331336e-01 6.483756519161369969e-01 5.785015534148235661e-01 8.231606900058827669e-01 5.348580120437149699e-01 5.110311121012230950e-01 5.246610305855120560e-01 7.507941575049432714e-01 5.323421840526652016e-01 6.380176633647742790e-01 7.115137982987774778e-01 3.963911509839561087e-01 1.708745746312666514e-01 4.241567430769462299e-01 5.489356785851117193e-01
6.142273051957387597e-01 4.063680433780481049e-01 3.408784651940309218e-01 3.152136653166629499e-01 2.533919360537081333e-01 4.804538628973164527e-01 6.860753367225860266e-01 3.260764137624964087e-01 8.740920600429116227e-01 0.000000000000000000e+00 3.251141465676371523e-01 4.854436651186240792e-01 8.583476999393340190e-01 4.313545241033804878e-01 5.365283048931105414e-01 4.278599549106263389e-01 8.413110805500135791e-01 7.603340249243304427e-01 8.333765661166174787e-01 8.428128983648800476e-01 2.972824560317838261e-01 4.128349015994449700e-01 4.203290007019279129e-01 6.905631030800551962e-01 5.989123144723483838e-01 7.099703342795923300e-01 5.512561223926903953e-01 7.746772212436310312e-01 2.147662835266012094e-01 4.609853986062723008e-01 7.073364249485240007e-01 5.379000504037324548e-01 4.974771677421339633e-01 6.057786694521613002e-01 8.980670577579006331e-01
4.893242781556177978e-01 8.848384146813983442e-01 4.862863952388137845e-01 7.806747794181136957e-01 4.863669982174309014e-01 3.588167190264316408e-01 2.375149231771163105e-01 8.207423481620401695e-02 7.252599650315060265e-01 3.251141465676371523e-01 0.000000000000000000e+00 6.342237793249781985e-01 5.311336267005115630e-01 3.256447801929931440e-01 7.122041910505977347e-01 2.117654862658534531e-01 6.951569880661623291e-02 1.843344238630127419e-01 3.590250423465166651e-01 3.340846577880564050e-01 5.342374096596396171e-01 3.747366788846806518e-01 1.185349237457238303e-01 1.037122316086013241e-01 2.412612359984928068e-01 3.604280121461276298e-01 8.471112424449023237e-01 5.579348957611394155e-01 4.653239526796940639e-01 4.957046742269304307e-01 9.212824617981986153e-01 2.935511196432332715e-01 2.454202136640711851e-01 4.516901647076737580e-01 6.630455230305598580e-01
2.040950483666728044e-01 6.266969286778449888e-01 5.541204679139992706e-01 9.395993208767341454e-01 9.083702694086221996e-01 7.148338260445112891e-01 4.707506301640882462e-01 8.012391025510032794e-01 5.403416724185566844e-01 4.854436651186240792e-01 6.342237793249781985e-01 0.000000000000000000e+00 1.734515646700210967e-01 7.913029831170600437e-01 5.417720092130827725e-01 5.193592533857671611e-01 9.017988731646693346e-01 5.756215974473379848e-01 2.556030469738861388e-01 5.849756863245061389e-01 4.585784944615568515e-01 7.037215768697162588e-01 2.682233829623461574e-01 9.386407990383738298e-02 4.710280530295781198e-01 6.679945873004551338e-01 7.911788208392827038e-01 3.508643920060225407e-01 5.564748550725537868e-01 8.501972060261089315e-01 8.097397822723169103e-01 5.838285746252048769e-01 5.445312826364929748e-01 1.970260926503430987e-01 8.409737543540172222e-01
2.123166873745986338e-01 5.738918308772722465e-01 1.688301618980616592e-01 6.114200593695321428e-01 9.183667336290216587e-01 2.442683083937825517e-01 4.098780270263271408e-01 4.300231121455172500e-01 4.797280137479077999e-01 8.583476999393340190e-01 5.311336267005115630e-01 1.734515646700210967e-01 0.000000000000000000e+00 6.573641839428524536e-01 2.569023569604019785e-01 7.152604844640781945e-01 8.857112789903078820e-01 2.660389863179800640e-01 4.180721426552799214e-01 7.681018685089959774e-01 8.287678744816019405e-01 3.047407644521302750e-01 1.947288499776468340e-01 3.404911694715257453e-01 3.319763710193951445e-01 4.130237887049242884e-01 1.803009784582821906e-01 3.696956487608200614e-01 2.616758407454401469e-01 9.395664395268661373e-01 6.225191988726987979e-01 4.839217922920702186e-01 3.922035479702394301e-01 6.620922026765103663e-01 8.000515597755368802e-01
1.966177621860092373e-01 3.347171766871543941e-01 4.473899920490104209e-01 4.775403509163564375e-01 5.338726656682332150e-01 3.864511330178196369e-01 6.547835366717984495e-01 9.686924099860966253e-01 7.411636634602702944e-01 4.313545241033804878e-01 3.256447801929931440e-01 7.913029831170600437e-01 6.573641839428524536e-01 0.000000000000000000e+00 5.201228394707410052e-01 8.409156361310234917e-01 2.308639278148961749e-01 8.154754013554834646e-01 8.375236871285831608e-01 4.172105039087067868e-01 5.840720562051607834e-01 3.956685512996951370e-01 3.023590779353877434e-01 4.637413771567804321e-01 1.453056838674933182e-01 8.791517672078423828e-01 6.956708740304906602e-01 3.167809360081306203e-01 4.640384596190106903e-01 5.945851419890899603e-01 2.567719109128824839e-01 4.819507177631914274e-01 2.821437994963988949e-01 2.232840835984671313e-01 6.837267741493572304e-01
7.185706995612611836e-01 8.266715312872021659e-01 6.275397806097672282e-01 3.346594610215402055e-01 4.522747729365018676e-01 1.241510663635476686e-01 5.922583314900115026e-01 5.331945356351082133e-01 3.602579499197881008e-01 5.365283048931105414e-01 7.122041910505977347e-01 5.417720092130827725e-01 2.569023569604019785e-01 5.201228394707410052e-01 0.000000000000000000e+00 5.050579811561873855e-01 7.544074110356764340e-01 1.204815275594905977e-02 2.259254276007288120e-01 4.977869408822290231e-01 2.961207854358631764e-01 4.502858046337119280e-01 8.202083665728285844e-01 5.530996048607550453e-01 4.249310354559669434e-01 2.569280072564799067e-01 1.451871735824693532e-01 3.088869414208184616e-01 4.749597569148424347e-01 2.950834511318497499e-01 2.811540137217907742e-01 6.227445130493745040e-01 5.862108635698664028e-01 9.256237834439984269e-02 4.018715556611287543e-01
6.096937460184213009e-01 5.275457840606421200e-01 4.123179953905441453e-01 6.665304928119309968e-01 5.442525811787783940e-01 8.232030158307206413e-01 8.580545040578828608e-01 3.731286201609314013e-01 6.395014147119462145e-01 4.278599549106263389e-01 2.117654862658534531e-01 5.193592533857671611e-01 7.152604844640781945e-01 8.409156361310234917e-01 5.050579811561873855e-01 0.000000000000000000e+00 1.360795259974472149e-01 4.958073975508847098e-01 8.757469014845682409e-01 4.632056496506290477e-01 4.999292202950758046e-01 2.457507723501224373e-01 3.403339573366516158e-01 4.560443466405732504e-01 5.425447716386482266e-01 2.544615642257815336e-01 3.230094745885977447e-01 5.196136895205361039e-01 7.293209160753937326e-01 4.109937216825106931e-01 6.923468591196049182e-01 5.734627469048253490e-01 4.145075418693586200e-01 4.823400544514271360e-01 8.858997259286600645e-01
8.202223009097246997e-01 6.225817418904162626e-01 3.634298711284081884e-01 5.036612802582501880e-01 4.490843345786763585e-01 2.745836119818416687e-01 6.204022035941747504e-01 2.685961605901921456e-01 4.706930826482513819e-01 8.413110805500135791e-01 6.951569880661623291e-02 9.017988731646693346e-01 8.857112789903078820e-01 2.308639278148961749e-01 7.544074110356764340e-01 1.360795259974472149e-01 0.000000000000000000e+00 6.582096103770838091e-01 4.962684766178823148e-01 6.339621276453175636e-01 3.588042671684781304e-01 3.533589298066489581e-01 4.221616218761158335e-01 3.105819934027710394e-01 8.646677971011107466e-01 4.910398427243859443e-01 4.972929228558019554e-01 8.172912160509593349e-01 4.755573833856831523e-01 2.431893045884526705e-01 8.416927255167444555e-01 8.561896738163843334e-01 3.665700968846932195e-01 3.203832807811086703e-01 5.518282653472045274e-01
7.466234324960023816e-01 6.192945414702797358e-01 1.176450468704491326e-01 9.601544310845266939e-02 5.244864960847913649e-01 3.110227701376961917e-01 3.987078492423217213e-01 5.472950628477555313e-01 4.508397937479695639e-01 7.603340249243304427e-01 1.843344238630127419e-01 5.756215974473379848e-01 2.660389863179800640e-01 8.154754013554834646e-01 1.204815275594905977e-02 4.958073975508847098e-01 6.582096103770838091e-01 0.000000000000000000e+00 1.488026074628815421e-01 5.489787297992289039e-01 2.717106277294520922e-01 2.969824810215139221e-01 3.622431045808623962e-01 4.425543211116577114e-01 6.181555705679373514e-01 8.818036770661048518e-01 5.177824642326500637e-01 6.208158730743824627e-01 7.846658571856397479e-01 3.201174617366153718e-02 4.427119743180149558e-01 2.340759925068370828e-01 5.184392293377246830e-01 6.145499991194344203e-01 9.012987076423193411e-01
5.755301704707369570e-01 4.452951656076781228e-01 5.144935796586107557e-01 8.403902735011223868e-01 3.327661560257897388e-01 2.480121572516764683e-01 6.508021420368963472e-01 6.427621938634127119e-01 6.884225769551697294e-01 8.333765661166174787e-01 3.590250423465166651e-01 2.556030469738861388e-01 4.180721426552799214e-01 8.375236871285831608e-01 2.259254276007288120e-01 8.757469014845682409e-01 4.962684766178823148e-01 1.488026074628815421e-01 0.000000000000000000e+00 4.913577096740586736e-01 7.622303909435981240e-01 2.685170433458917705e-01 8.923777890315255368e-01 4.647888378897712669e-01 8.767303513800761561e-01 6.211954436765537713e-01 2.878238848950520068e-01 7.857276201416413253e-01 4.409510792674755653e-01 7.089348785458808866e-01 4.252359239962832382e-01 4.243437029528631110e-01 7.411940712991391678e-01 1.371664068396247771e-01 6.095482006644823425e-01
8.598154024719815158e-01 2.654803529346472235e-01 2.033755040248590440e-01 2.804996410761602110e-01 3.597594916186752645e-01 3.980889355689831710e-01 9.023806866217742861e-01 4.831908728505397432e-01 7.710479577314710564e-01 8.428128983648800476e-01 3.340846577880564050e-01 5.849756863245061389e-01 7.681018685089959774e-01 4.172105039087067868e-01 4.977869408822290231e-01 4.632056496506290477e-01 6.339621276453175636e-01 5.489787297992289039e-01 4.913577096740586736e-01 0.000000000000000000e+00 3.262887524798285255e-01 4.929876608027881080e-01 8.303373589501629182e-01 4.314403774234740752e-01 6.046450444199695795e-01 1.668417107174806624e-01 4.001245534781299185e-01 2.495936542043880046e-01 3.163421045842016444e-01 5.486412676443690462e-01 3.078681516493321224e-01 2.620318872857524406e-01 3.423995612972487446e-01 2.271054361339991390e-01 9.077423426512942761e-01
4.837930711299026076e-01 5.492941160673947554e-01 7.149311915520912830e-01 2.431601186658505220e-01 2.814132890148534072e-01 5.356080863753603927e-01 6.660227081728391507e-01 8.582194162176268737e-01 6.213044262336331336e-01 2.972824560317838261e-01 5.342374096596396171e-01 4.585784944615568515e-01 8.287678744816019405e-01 5.840720562051607834e-01 2.961207854358631764e-01 4.999292202950758046e-01 3.588042671684781304e-01 2.717106277294520922e-01 7.622303909435981240e-01 3.262887524798285255e-01 0.000000000000000000e+00 5.520103058600788204e-01 2.173253091538972503e-01 6.397874473820492902e-01 1.910463830240364258e-01 4.857928324198685921e-01 7.270276137778819425e-02 4.345130137371799317e-01 4.128937664566613708e-01 5.762923502810259890e-01 3.270770225585672986e-01 5.913936323997279754e-01 3.809179664344010674e-01 6.456398664671366694e-01 4.816194557761298567e-01
1.795712083142174675e-01 5.002610791085375652e-01 5.083597991751380718e-01 2.752009019321451921e-01 8.233727385396105714e-02 8.272785961670857668e-01 9.261119409523427271e-01 8.958611681262219628e-01 6.483756519161369969e-01 4.128349015994449700e-01 3.747366788846806518e-01 7.037215768697162588e-01 3.047407644521302750e-01 3.956685512996951370e-01 4.502858046337119280e-01 2.457507723501224373e-01 3.533589298066489581e-01 2.969824810215139221e-01 2.685170433458917705e-01 4.929876608027881080e-01 5.520103058600788204e-01 0.000000000000000000e+00 5.156690984830070157e-01 7.891883187585136961e-01 5.190702387479080304e-01 3.682433550424054625e-01 1.154153725506880113e-01 5.633119732675571090e-01 2.320128171548756502e-01 4.708458015761652904e-01 5.682607756819952893e-01 6.943377496874063581e-01 3.528189875352881755e-01 5.569448652306010494e-01 5.899124692364294820e-01
7.421850559144003157e-01 9.109262568740095212e-01 6.414447642889178347e-01 4.395838181761106966e-01 4.921306551707348986e-01 8.392123661145201030e-02 4.051684870598164512e-01 4.550633249476868092e-01 5.785015534148235661e-01 4.203290007019279129e-01 1.185349237457238303e-01 2.682233829623461574e-01 1.947288499776468340e-01 3.023590779353877434e-01 8.202083665728285844e-01 3.403339573366516158e-01 4.221616218761158335e-01 3.622431045808623962e-01 8.923777890315255368e-01 8.303373589501629182e-01 2.173253091538972503e-01 5.156690984830070157e-01 0.000000000000000000e+00 8.645712972710926092e-01 4.090746037914091415e-01 3.299418727298191190e-01 5.457903773132924963e-01 6.683832105995797246e-01 7.350681328626162969e-01 1.624617118383535064e-01 3.925777698379419589e-01 6.016895378958315721e-01 6.221822704419232020e-01 5.536349300296909970e-01 1.945070564961924875e-01
5.083199999125707080e-01 7.745205280576714646e-01 4.382935676564939653e-01 7.868631778883821148e-01 2.963741670805886130e-02 7.546563185668071494e-01 6.323355555216505497e-01 3.907283138599307870e-01 8.231606900058827669e-01 6.905631030800551962e-01 1.037122316086013241e-01 9.386407990383738298e-02 3.404911694715257453e-01 4.637413771567804321e-01 5.530996048607550453e-01 4.560443466405732504e-01 3.105819934027710394e-01 4.425543211116577114e-01 4.647888378897712669e-01 4.314403774234740752e-01 6.397874473820492902e-01 7.891883187585136961e-01 8.645712972710926092e-01 0.000000000000000000e+00 6.710742078924922804e-01 5.825450630510315975e-01 4.369787217653531841e-01 6.253377726973761153e-01 4.424105164145463176e-01 9.430864518804705776e-01 5.051407075972248473e-01 5.151223051346898174e-01 7.480555873591927529e-01 5.456505290604141134e-01 1.788210472617244307e-01
3.580868861828536143e-01 2.978772804196956336e-01 3.008054691905056588e-01 6.516383250711268449e-01 4.227087893683002529e-01 8.261940985824194339e-01 8.702474794496075639e-01 9.596672809048512054e-02 5.348580120437149699e-01 5.989123144723483838e-01 2.412612359984928068e-01 4.710280530295781198e-01 3.319763710193951445e-01 1.453056838674933182e-01 4.249310354559669434e-01 5.425447716386482266e-01 8.646677971011107466e-01 6.181555705679373514e-01 8.767303513800761561e-01 6.046450444199695795e-01 1.910463830240364258e-01 5.190702387479080304e-01 4.090746037914091415e-01 6.710742078924922804e-01 0.000000000000000000e+00 2.823741217898245726e-01 7.735523757458191429e-01 2.398237023921101496e-01 9.218767367226565757e-02 2.885841090687987220e-01 5.194436326397267045e-01 7.274440694159038934e-01 5.548452769802622031e-01 5.126505917248154187e-01 7.895265459387910134e-01
4.426103506584774250e-01 4.834258284491545488e-01 3.989955281427562395e-01 4.974409105554459809e-01 4.633525172253960545e-01 4.708747518956631906e-01 6.533831397761429294e-01 2.166305090186125826e-01 5.110311121012230950e-01 7.099703342795923300e-01 3.604280121461276298e-01 6.679945873004551338e-01 4.130237887049242884e-01 8.791517672078423828e-01 2.569280072564799067e-01 2.544615642257815336e-01 4.910398427243859443e-01 8.818036770661048518e-01 6.211954436765537713e-01 1.668417107174806624e-01 4.857928324198685921e-01 3.682433550424054625e-01 3.299418727298191190e-01 5.825450630510315975e-01 2.823741217898245726e-01 0.000000000000000000e+00 4.372725267504335434e-01 5.707438036678669224e-01 3.616453172409936356e-01 6.776501398686631816e-01 3.013115807366169019e-01 6.924813708324683015e-01 7.451653376833313747e-01 7.251382334901920190e-01 3.663694221772954562e-01
1.884638989240338125e-01 5.401657001434927441e-01 4.952288936984067247e-01 4.963332756409707391e-01 5.016347562990881581e-01 5.416465436895852026e-01 4.007950058793356973e-01 4.369002388134782811e-01 5.246610305855120560e-01 5.512561223926903953e-01 8.471112424449023237e-01 7.911788208392827038e-01 1.803009784582821906e-01 6.956708740304906602e-01 1.451871735824693532e-01 3.230094745885977447e-01 4.972929228558019554e-01 5.177824642326500637e-01 2.878238848950520068e-01 4.001245534781299185e-01 7.270276137778819425e-02 1.154153725506880113e-01 5.457903773132924963e-01 4.369787217653531841e-01 7.735523757458191429e-01 4.372725267504335434e-01 0.000000000000000000e+00 5.582654008973599868e-01 6.591331140571107250e-01 2.211790872165636523e-01 4.411226845836059840e-01 4.274783230301224535e-01 8.712043450251057974e-01 5.323615508970238608e-01 1.414519729883520482e-01
2.155806076645458980e-01 3.465037344974509770e-01 4.400794090487751831e-01 3.310020012778051024e-01 6.358352646150263743e-01 2.823310674480845606e-01 7.163347594776179328e-01 1.553145066095282800e-01 7.507941575049432714e-01 7.746772212436310312e-01 5.579348957611394155e-01 3.508643920060225407e-01 3.696956487608200614e-01 3.167809360081306203e-01 3.088869414208184616e-01 5.196136895205361039e-01 8.172912160509593349e-01 6.208158730743824627e-01 7.857276201416413253e-01 2.495936542043880046e-01 4.345130137371799317e-01 5.633119732675571090e-01 6.683832105995797246e-01 6.253377726973761153e-01 2.398237023921101496e-01 5.707438036678669224e-01 5.582654008973599868e-01 0.000000000000000000e+00 1.353433381334823715e-01 5.362858178210418991e-01 4.201041951583639467e-02 3.260777627150896474e-01 3.255869276748435404e-01 4.291644815451991501e-01 2.449229143280498011e-01
6.455669692159204942e-01 5.961178542212506315e-01 4.136264675631766141e-01 2.942294255228734556e-01 3.764318855106237871e-01 4.795297571336117892e-01 1.217379447850165941e-01 2.992601315921370464e-01 5.323421840526652016e-01 2.147662835266012094e-01 4.653239526796940639e-01 5.564748550725537868e-01 2.616758407454401469e-01 4.640384596190106903e-01 4.749597569148424347e-01 7.293209160753937326e-01 4.755573833856831523e-01 7.846658571856397479e-01 4.409510792674755653e-01 3.163421045842016444e-01 4.128937664566613708e-01 2.320128171548756502e-01 7.350681328626162969e-01 4.424105164145463176e-01 9.218767367226565757e-02 3.616453172409936356e-01 6.591331140571107250e-01 1.353433381334823715e-01 0.000000000000000000e+00 7.207079661994146846e-01 4.781673445298306735e-01 5.029316706554685101e-01 6.634279221746195443e-01 1.190707546315578069e-01 5.985847167902444976e-01
2.187258099961170155e-01 5.015279269815093866e-01 5.308329975312644500e-01 5.207660109922327418e-01 6.310368407326882867e-01 4.989320252502589814e-01 9.512289984296455891e-01 1.724380741136586348e-01 6.380176633647742790e-01 4.609853986062723008e-01 4.957046742269304307e-01 8.501972060261089315e-01 9.395664395268661373e-01 5.945851419890899603e-01 2.950834511318497499e-01 4.109937216825106931e-01 2.431893045884526705e-01 3.201174617366153718e-02 7.089348785458808866e-01 5.486412676443690462e-01 5.762923502810259890e-01 4.708458015761652904e-01 1.624617118383535064e-01 9.430864518804705776e-01 2.885841090687987220e-01 6.776501398686631816e-01 2.211790872165636523e-01 5.362858178210418991e-01 7.207079661994146846e-01 0.000000000000000000e+00 4.146920253893255914e-01 2.660283068818749541e-01 5.718339952707353069e-01 5.483754540823424506e-01 8.900557162791200572e-01
5.308790720189568990e-01 4.450875356116729686e-01 8.358042055420441541e-01 6.433714611282466134e-01 5.063453057244542421e-01 2.231794494709680166e-01 3.122996342987670038e-01 3.792087923839682073e-01 7.115137982987774778e-01 7.073364249485240007e-01 9.212824617981986153e-01 8.097397822723169103e-01 6.225191988726987979e-01 2.567719109128824839e-01 2.811540137217907742e-01 6.923468591196049182e-01 8.416927255167444555e-01 4.427119743180149558e-01 4.252359239962832382e-01 3.078681516493321224e-01 3.270770225585672986e-01 5.682607756819952893e-01 3.925777698379419589e-01 5.051407075972248473e-01 5.194436326397267045e-01 3.013115807366169019e-01 4.411226845836059840e-01 4.201041951583639467e-02 4.781673445298306735e-01 4.146920253893255914e-01 0.000000000000000000e+00 3.475404184085058024e-01 5.505892210613052562e-01 4.747539860273642942e-01 2.684952651203608709e-01
4.024862296818985663e-01 4.980150055448075430e-01 5.829588719383306250e-01 2.710330034965398038e-01 6.140444076279629737e-01 8.691954921037683413e-01 3.050938471553684694e-01 5.204584532690280652e-01 3.963911509839561087e-01 5.379000504037324548e-01 2.935511196432332715e-01 5.838285746252048769e-01 4.839217922920702186e-01 4.819507177631914274e-01 6.227445130493745040e-01 5.734627469048253490e-01 8.561896738163843334e-01 2.340759925068370828e-01 4.243437029528631110e-01 2.620318872857524406e-01 5.913936323997279754e-01 6.943377496874063581e-01 6.016895378958315721e-01 5.151223051346898174e-01 7.274440694159038934e-01 6.924813708324683015e-01 4.274783230301224535e-01 3.260777627150896474e-01 5.029316706554685101e-01 2.660283068818749541e-01 3.475404184085058024e-01 0.000000000000000000e+00 1.908368495670452747e-01 8.330542121155142254e-01 5.624925299539373924e-01
3.185495875133836918e-01 4.690938483628791511e-01 7.014136679634455085e-01 7.899456430859008726e-01 3.387698626777881916e-01 8.186574986531798270e-01 2.321548087567092411e-01 5.591164611620602631e-02 1.708745746312666514e-01 4.974771677421339633e-01 2.454202136640711851e-01 5.445312826364929748e-01 3.922035479702394301e-01 2.821437994963988949e-01 5.862108635698664028e-01 4.145075418693586200e-01 3.665700968846932195e-01 5.184392293377246830e-01 7.411940712991391678e-01 3.423995612972487446e-01 3.809179664344010674e-01 3.528189875352881755e-01 6.221822704419232020e-01 7.480555873591927529e-01 5.548452769802622031e-01 7.451653376833313747e-01 8.712043450251057974e-01 3.255869276748435404e-01 6.634279221746195443e-01 5.718339952707353069e-01 5.505892210613052562e-01 1.908368495670452747e-01 0.000000000000000000e+00 3.841537620810641096e-01 4.785430515328146783e-01
5.585528518351543514e-01 2.852775496742128158e-01 2.435780151059388499e-01 5.521132115955926789e-01 3.417378883293042402e-01 4.109549002116741345e-01 4.615161840550541239e-01 3.343786392198018209e-01 4.241567430769462299e-01 6.057786694521613002e-01 4.516901647076737580e-01 1.970260926503430987e-01 6.620922026765103663e-01 2.232840835984671313e-01 9.256237834439984269e-02 4.823400544514271360e-01 3.203832807811086703e-01 6.145499991194344203e-01 1.371664068396247771e-01 2.271054361339991390e-01 6.456398664671366694e-01 5.569448652306010494e-01 5.536349300296909970e-01 5.456505290604141134e-01 5.126505917248154187e-01 7.251382334901920190e-01 5.323615508970238608e-01 4.291644815451991501e-01 1.190707546315578069e-01 5.483754540823424506e-01 4.747539860273642942e-01 8.330542121155142254e-01 3.841537620810641096e-01 0.000000000000000000e+00 2.791192169234867904e-01
4.644284319066403488e-01 4.268345523093385330e-01 7.716296829284781111e-01 6.261943144773014502e-01 4.602136411094437385e-01 3.562432501579906319e-01 2.759718401344133376e-01 6.123477822982912322e-01 5.489356785851117193e-01 8.980670577579006331e-01 6.630455230305598580e-01 8.409737543540172222e-01 8.000515597755368802e-01 6.837267741493572304e-01 4.018715556611287543e-01 8.858997259286600645e-01 5.518282653472045274e-01 9.012987076423193411e-01 6.095482006644823425e-01 9.077423426512942761e-01 4.816194557761298567e-01 5.899124692364294820e-01 1.945070564961924875e-01 1.788210472617244307e-01 7.895265459387910134e-01 3.663694221772954562e-01 1.414519729883520482e-01 2.449229143280498011e-01 5.985847167902444976e-01 8.900557162791200572e-01 2.684952651203608709e-01 5.624925299539373924e-01 4.785430515328146783e-01 2.791192169234867904e-01 0.000000000000000000e+00
