0.000000000000000000e+00 3.466816497931290986e-01 8.127241780417804318e-01 2.632916257595261378e-01 5.318918865080679570e-01 7.489836754914468431e-01 4.435721725955626416e-01 8.591440673420287499e-01 8.711443680317658700e-01 6.212852564113899856e-01 7.153056939361197575e-01 6.289138549622839136e-01 8.084147027755830273e-01 3.953053606449141721e-01 8.151069592331878777e-01 3.754831335763155753e-01 3.233959096239902298e-01 6.072164699252495801e-01 8.500278000676431134e-02 7.029790261640995741e-01 5.534516097682005142e-01 4.053259449976288620e-01 5.674180984393892846e-01 8.103469872928636963e-01 4.966018142476701924e-01 1.090629423042820401e-01 7.746232038215732363e-01 3.844300022961159025e-01 5.920817804525346784e-02 1.741738003271846025e-01 4.251670243741064725e-01 7.626729154909250852e-01 2.792858207915730473e-01 8.749093918081232157e-01 4.367963287892322466e-01
3.466816497931290986e-01 0.000000000000000000e+00 2.165058996254300983e-01 3.125123997577899937e-01 5.505336235100317666e-01 5.520961721650488041e-01 6.599458682667547205e-01 5.612046118644131720e-01 8.349622421877160861e-01 5.119093499708960993e-01 8.232878571342789886e-01 6.886392101142655431e-01 8.421368010983040220e-01 1.463388925914331784e-01 8.018234330586877512e-01 3.344205937990563093e-02 3.411861041494494984e-01 5.648170962380004712e-01 4.914936456677261867e-01 1.183041823457424702e-01 4.468831127774358092e-01 7.433892657891705280e-01 4.691491440977163530e-01 8.895273510209029677e-01 2.194396975735692923e-01 6.808434775086603663e-01 6.241230986647829937e-01 7.265264273344802515e-01 1.227195154874193284e-01 3.976811559448525379e-01 4.936427736547366329e-01 7.483284361593545153e-01 7.828338778845251866e-01 4.432744700106346913e-01 6.805546326844558180e-01
8.127241780417804318e-01 2.165058996254300983e-01 0.000000000000000000e+00 5.760167861467127004e-01 7.476201144758208850e-01 4.742760877966302191e-01 4.315948551768988839e-01 7.110207468700819877e-01 5.737886557345717176e-01 3.257313082910013313e-01 4.188281902618689045e-01 7.274098857953711361e-01 4.136274885033044968e-01 3.115709459824576033e-01 7.193827040711773257e-01 8.167050030070761579e-01 4.491384405619255893e-01 7.959484028432561864e-01 9.618845468273824473e-01 2.388724673815557087e-01 1.430351262312289373e-01 3.498807906524634137e-01 4.666579372714718121e-01 3.740930043681077732e-01 9.013318448617457790e-01 3.927493173447934582e-01 5.332718108721471451e-01 7.789450551412847590e-01 4.888873718501640653e-01 6.549500481466130619e-01 3.883284073393318270e-01 4.624294699231318861e-01 6.535951260008056041e-01 4.788855348869693329e-01 7.833799601458271145e-01
2.632916257595261378e-01 3.125123997577899937e-01 5.760167861467127004e-01 0.000000000000000000e+00 8.141024360870152687e-02 8.886111042458628706e-01 2.402437177886775910e-01 3.703280529490871054e-01 3.314977044225752567e-01 5.069932295500740871e-01 6.555933628912498090e-01 4.845319814546221182e-01 5.006942376618717105e-01 6.642714901282550377e-01 8.831849550889352418e-01 7.256520905766192797e-01 3.185976854751049192e-01 2.249120576094943980e-01 3.419557394529039174e-01 5.508227550434630082e-02 6.073820676628964854e-01 6.686534836602734400e-01 9.365629388307502579e-01 7.424503839336504818e-01 4.274485564543245575e-01 3.647419150803228871e-01 6.622654897570001697e-01 9.635073431650573728e-01 3.461693775901653614e-01 7.679891701566641249e-01 9.185493317273796254e-02 5.326665865106143816e-01 4.305561897649406444e-01 6.158150877473168583e-01 3.705659423750338188e-01
5.318918865080679570e-01 5.505336235100317666e-01 7.476201144758208850e-01 8.141024360870152687e-02 0.000000000000000000e+00 5.734285892883841385e-01 7.381908381125559249e-01 4.210020526320070733e-01 4.141916065933522462e-01 4.121473161886614611e-01 3.732724327273047038e-01 5.806223230980320782e-01 6.516263752625949257e-01 6.814682342681244176e-01 3.639854657528815984e-01 6.531525356076812727e-01 6.276040255223752640e-01 5.659369910695873918e-01 8.473997163169690872e-01 7.128498011445288940e-01 8.368507706975256699e-01 5.624596412869468098e-01 8.480331669593141886e-01 4.189105013503033326e-01 8.268304498647397471e-01 1.009598070729917918e-01 7.768666840490082715e-01 5.103900161653189826e-01 3.311933964417487775e-01 4.965868020011150463e-01 1.912376743937144741e-01 8.645423182085661962e-01 7.091954418458464859e-01 2.591020223885265317e-01 8.444101325604255193e-01
7.489836754914468431e-01 5.520961721650488041e-01 4.742760877966302191e-01 8.886111042458628706e-01 5.734285892883841385e-01 0.000000000000000000e+00 6.416304206171072888e-01 5.884981085979497095e-01 5.164815417868380276e-01 8.134110262169800265e-01 3.041784269003087737e-01 2.084058104360010377e-01 6.279499771848716660e-01 3.888782623925760573e-01 6.458495501442114151e-01 7.959067947010234345e-01 2.219738807864444219e-01 7.530857277586333609e-01 6.529548785250587351e-01 5.083956449291542334e-01 4.717156636012375670e-01 5.071785913742652419e-01 5.202110802997206296e-01 5.303217667254551682e-01 5.386476592742669434e-01 6.593270326843856388e-01 3.380264003144649587e-01 4.747143041656842755e-01 2.816259395131344156e-01 3.237527804686068933e-01 7.938759147637675095e-01 5.351908033199630488e-01 7.667501303091494025e-01 8.613689267504186509e-01 5.782010397952470626e-01
4.435721725955626416e-01 6.599458682667547205e-01 4.315948551768988839e-01 2.402437177886775910e-01 7.381908381125559249e-01 6.416304206171072888e-01 0.000000000000000000e+00 1.502027766934743713e-01 2.600850094174388394e-01 9.282573110351495238e-01 6.563207872265875986e-01 3.907760999584665162e-01 4.263072364708216377e-01 1.892474384757577011e-01 4.088846034775910909e-01 4.823769427250959585e-01 2.991274776959391701e-01 4.127372904397804132e-01 5.795774679298503207e-01 3.062010583364982441e-01 8.202704010056858230e-01 6.795729676683648357e-01 6.598462327858761745e-01 4.693326677552065451e-01 6.153612819941315371e-01 9.249028106995864640e-01 3.932474398312445496e-01 7.146203198988885230e-01 7.686589078359720162e-01 5.450304137802830518e-01 5.281698365905065362e-01 7.724960144913876059e-01 7.424666427910195932e-01 3.178750715251432712e-01 3.626771423704172603e-01
8.591440673420287499e-01 5.612046118644131720e-01 7.110207468700819877e-01 3.703280529490871054e-01 4.210020526320070733e-01 5.884981085979497095e-01 1.502027766934743713e-01 0.000000000000000000e+00 7.280775533737396943e-01 8.252289578266108760e-01 7.899394548526443849e-01 3.349410126774841068e-01 5.383064105138203326e-01 7.935797167672116181e-01 6.390387334049507650e-01 2.921550658992035920e-01 5.442456814292973011e-01 5.959736735297721522e-01 5.161651879070923155e-01 7.219706775068678306e-01 5.919719589484895295e-01 4.098387928197097518e-01 5.936193302172597663e-01 6.594170319545266112e-01 1.755545654694625757e-01 7.100234468376946939e-01 5.528943734646027952e-01 1.347253280523763586e-01 8.652902662239101428e-01 4.953449290364621005e-01 8.166296381277242666e-01 7.111010035789788741e-01 6.238682321894358784e-01 2.138353637409772245e-01 2.323368303875161800e-01
8.711443680317658700e-01 8.349622421877160861e-01 5.737886557345717176e-01 3.314977044225752567e-01 4.141916065933522462e-01 5.164815417868380276e-01 2.600850094174388394e-01 7.280775533737396943e-01 0.000000000000000000e+00 1.664037728763648749e-01 6.454329974761434663e-01 6.133579740318135798e-01 4.116743093661296982e-01 6.905616095966153889e-01 6.118329727358085002e-01 3.504178958756944962e-01 6.730779591974449527e-01 3.489378161369643960e-01 7.990264900306569551e-01 6.250183360804441035e-01 7.634468182370586220e-01 5.908921264528042006e-01 3.206737167658063603e-01 7.595274717537948694e-01 1.357873756134616583e-01 8.073840257544586674e-01 7.601511876383990618e-01 1.740391219262588107e-01 8.096322111534448585e-01 8.534682094768741845e-01 3.421287612018026891e-01 4.594854842146000040e-01 5.865168370283937449e-01 5.697716240002532739e-01 5.859959298684976892e-01
6.212852564113899856e-01 5.119093499708960993e-01 3.257313082910013313e-01 5.069932295500740871e-01 4.121473161886614611e-01 8.134110262169800265e-01 9.282573110351495238e-01 8.252289578266108760e-01 1.664037728763648749e-01 0.000000000000000000e+00 4.581880022732891522e-01 7.202636070143324520e-01 9.555368533585308910e-01 6.058955255816032004e-01 4.282650490321451286e-01 9.054601511245381484e-01 8.131041758879931081e-01 8.184766479943536011e-01 2.210279833725299903e-01 3.868449991608362004e-01 2.670043230963471959e-01 4.318479640422185351e-01 4.227231597572251309e-01 4.985281000884092539e-01 5.675830998713526920e-01 5.141669310630992973e-01 6.407481352906325700e-01 6.506839681195775160e-01 4.858005233807851653e-01 4.855352899893005114e-01 5.066051280627170694e-01 2.174366293692495677e-01 8.622876895910818185e-01 6.460045380701262552e-01 4.139387741676351928e-01
7.153056939361197575e-01 8.232878571342789886e-01 4.188281902618689045e-01 6.555933628912498090e-01 3.732724327273047038e-01 3.041784269003087737e-01 6.563207872265875986e-01 7.899394548526443849e-01 6.454329974761434663e-01 4.581880022732891522e-01 0.000000000000000000e+00 5.937811701529951414e-01 3.688204500128938745e-01 8.807517694560759169e-01 7.091861271105568409e-01 8.097175235377059854e-01 5.654265910223947866e-01 5.493116017229117132e-01 7.030061514629146746e-01 1.280168947646138644e-01 5.191236614401897320e-01 6.891748495665624974e-01 8.211759535006104560e-01 3.289942151040813334e-01 2.091532759644713080e-01 3.360238495595198049e-01 7.339283066255494203e-01 4.720439019538000269e-01 6.412517001500801506e-01 5.384075133333455776e-01 5.600082483933385147e-01 8.840815441793252738e-01 1.658287033671009825e-01 3.797137979080001391e-01 3.217723839061476521e-01
6.289138549622839136e-01 6.886392101142655431e-01 7.274098857953711361e-01 4.845319814546221182e-01 5.806223230980320782e-01 2.084058104360010377e-01 3.907760999584665162e-01 3.349410126774841068e-01 6.133579740318135798e-01 7.202636070143324520e-01 5.937811701529951414e-01 0.000000000000000000e+00 7.871686435071352239e-01 6.467701100295943917e-01 5.988253690035586496e-01 8.578106762402508689e-01 1.655367322870884284e-01 4.406155239744093954e-01 5.758382345876132957e-01 3.713963125302889856e-01 7.226294983743535294e-01 8.571887521386196696e-01 7.785284193164998534e-01 7.497553675343096025e-01 6.739329539145801906e-01 7.653336595847902712e-01 7.439920181688144396e-01 7.798548375151346246e-01 4.301063463838069589e-01 5.866855940078994358e-01 3.742334927811038492e-01 1.094356574571081486e-01 3.717416998080245172e-01 4.359324058464437157e-01 5.497655650877590894e-01
8.084147027755830273e-01 8.421368010983040220e-01 4.136274885033044968e-01 5.006942376618717105e-01 6.516263752625949257e-01 6.279499771848716660e-01 4.263072364708216377e-01 5.383064105138203326e-01 4.116743093661296982e-01 9.555368533585308910e-01 3.688204500128938745e-01 7.871686435071352239e-01 0.000000000000000000e+00 7.690905037773420050e-01 4.651173496661198947e-01 4.574481531030074044e-01 3.155025431729329144e-01 6.243559727290063366e-01 7.340994158429176020e-01 7.244831488656506835e-01 3.721735170022908989e-01 3.451590317959348786e-01 1.003562478255074497e-01 7.420665814824616291e-01 4.967418393964201373e-01 7.313670910302738637e-01 6.929520356469276443e-01 5.163641779740907323e-01 9.719550828059597691e-01 7.475812369396188650e-01 3.620003896789029674e-01 7.752397490001576852e-01 6.419741544197087313e-01 3.110519279023546968e-01 7.834045727038014828e-01
3.953053606449141721e-01 1.463388925914331784e-01 3.115709459824576033e-01 6.642714901282550377e-01 6.814682342681244176e-01 3.888782623925760573e-01 1.892474384757577011e-01 7.935797167672116181e-01 6.905616095966153889e-01 6.058955255816032004e-01 8.807517694560759169e-01 6.467701100295943917e-01 7.690905037773420050e-01 0.000000000000000000e+00 9.100959422448096081e-02 5.080811462182691640e-01 7.554990516060122729e-01 4.211039337919263992e-01 6.259386126286570207e-01 8.785802340929734777e-01 3.279277931432299509e-01 3.529124632000804063e-01 4.925455710032147216e-01 7.931085484262733187e-01 5.463456092156087074e-01 7.465689626975506865e-01 4.256214095236565687e-01 4.816960763653229671e-01 5.786620380332347935e-01 8.810428291569443182e-01 6.895454251283071878e-01 8.444100670097425265e-01 3.127273304401591014e-01 4.810658596627322425e-01 5.362883487879811506e-01
8.151069592331878777e-01 8.018234330586877512e-01 7.193827040711773257e-01 8.831849550889352418e-01 3.639854657528815984e-01 6.458495501442114151e-01 4.088846034775910909e-01 6.390387334049507650e-01 6.118329727358085002e-01 4.282650490321451286e-01 7.091861271105568409e-01 5.988253690035586496e-01 4.651173496661198947e-01 9.100959422448096081e-02 0.000000000000000000e+00 7.968254113442251318e-01 2.214935927263248505e-01 7.985153972910495890e-01 6.379062435917244311e-01 5.608638790510911409e-01 3.069122885307773441e-01 3.463047703555219847e-01 7.801042967925049254e-01 3.502403529333125709e-01 4.659459265751609292e-01 4.750460484003885542e-01 5.141529523213210773e-01 6.162152726131258085e-01 2.484115623635022585e-01 2.308435365540135176e-01 4.698385338919687237e-01 4.032228903069060566e-01 3.152428646176501648e-01 3.969550586714117868e-01 4.453769787889906295e-01
3.754831335763155753e-01 3.344205937990563093e-02 8.167050030070761579e-01 7.256520905766192797e-01 6.531525356076812727e-01 7.959067947010234345e-01 4.823769427250959585e-01 2.921550658992035920e-01 3.504178958756944962e-01 9.054601511245381484e-01 8.097175235377059854e-01 8.578106762402508689e-01 4.574481531030074044e-01 5.080811462182691640e-01 7.968254113442251318e-01 0.000000000000000000e+00 4.068415425408797303e-01 6.297039232047638713e-01 2.336641866621211039e-01 8.932383574880827792e-01 6.587246948364533505e-01 7.860329087940460813e-01 5.681789616676165000e-01 6.408823126061988784e-01 3.323105533343350126e-01 7.093582105920150926e-01 4.062531060638426839e-01 4.180836755398233406e-01 5.559273760149247012e-01 7.581018450259443542e-01 6.572840534983875882e-01 3.956815555594408451e-01 8.340553326854915905e-01 5.065177229009465432e-01 7.388719213920743600e-01
3.233959096239902298e-01 3.411861041494494984e-01 4.491384405619255893e-01 3.185976854751049192e-01 6.276040255223752640e-01 2.219738807864444219e-01 2.991274776959391701e-01 5.442456814292973011e-01 6.730779591974449527e-01 8.131041758879931081e-01 5.654265910223947866e-01 1.655367322870884284e-01 3.155025431729329144e-01 7.554990516060122729e-01 2.214935927263248505e-01 4.068415425408797303e-01 0.000000000000000000e+00 4.185020467403771094e-01 1.606891395861919092e-01 5.536945377222535214e-01 6.941555485536159420e-01 7.669646324938443893e-01 5.033668166972669056e-01 7.642007065971048174e-01 3.281652626902717973e-01 5.022110029203705750e-01 3.526242678194555502e-01 6.467490130401809534e-01 3.336962798869054225e-01 2.868810867433307377e-01 2.652942511171042517e-01 8.095293228536558638e-01 8.249344875518414000e-01 3.131028042161830838e-01 5.679480161161407636e-01
6.072164699252495801e-01 5.648170962380004712e-01 7.959484028432561864e-01 2.249120576094943980e-01 5.659369910695873918e-01 7.530857277586333609e-01 4.127372904397804132e-01 5.959736735297721522e-01 3.489378161369643960e-01 8.184766479943536011e-01 5.493116017229117132e-01 4.406155239744093954e-01 6.243559727290063366e-01 4.211039337919263992e-01 7.985153972910495890e-01 6.297039232047638713e-01 4.185020467403771094e-01 0.000000000000000000e+00 8.623919783681899265e-01 2.452758475547692774e-01 3.450477327099474301e-01 8.590479226388532119e-01 9.340780160132480248e-01 1.018208308926974448e-01 8.153362316362930962e-01 8.244967819964487132e-01 2.623903449754936279e-01 3.447161364462046906e-01 5.386879506124222505e-01 4.742585329738029931e-01 8.633439960232072163e-01 9.360302341193715847e-01 6.590223389652845043e-01 7.747954801076395448e-01 1.474141461140505704e-01
8.500278000676431134e-02 4.914936456677261867e-01 9.618845468273824473e-01 3.419557394529039174e-01 8.473997163169690872e-01 6.529548785250587351e-01 5.795774679298503207e-01 5.161651879070923155e-01 7.990264900306569551e-01 2.210279833725299903e-01 7.030061514629146746e-01 5.758382345876132957e-01 7.340994158429176020e-01 6.259386126286570207e-01 6.379062435917244311e-01 2.336641866621211039e-01 1.606891395861919092e-01 8.623919783681899265e-01 0.000000000000000000e+00 8.957546687877222524e-01 9.509623496808687904e-01 8.520939453986733358e-01 3.101556355992095004e-01 2.574221267323447693e-01 4.746686149867909710e-01 4.781717736978773892e-01 4.191726274748061032e-01 8.787918837155492824e-01 7.501718688417047254e-01 4.859939242016599326e-01 4.137108087520863231e-01 8.404316816877797081e-01 6.852290339249025308e-01 5.185368514951793628e-01 4.501394562667783150e-01
7.029790261640995741e-01 1.183041823457424702e-01 2.388724673815557087e-01 5.508227550434630082e-02 7.128498011445288940e-01 5.083956449291542334e-01 3.062010583364982441e-01 7.219706775068678306e-01 6.250183360804441035e-01 3.868449991608362004e-01 1.280168947646138644e-01 3.713963125302889856e-01 7.244831488656506835e-01 8.785802340929734777e-01 5.608638790510911409e-01 8.932383574880827792e-01 5.536945377222535214e-01 2.452758475547692774e-01 8.957546687877222524e-01 0.000000000000000000e+00 5.577406156157421746e-01 7.910753729996000683e-01 1.151892101444902949e-01 5.152339323001211557e-01 1.954449964404402773e-01 5.000374639797811049e-02 7.354972177594091276e-01 6.999629328068057710e-02 4.497392705441002336e-01 7.132041914170039743e-01 2.796082406296181433e-01 2.247454505941732239e-01 6.791470986527017306e-01 7.910314367437728533e-01 4.896817609192058995e-01
5.534516097682005142e-01 4.468831127774358092e-01 1.430351262312289373e-01 6.073820676628964854e-01 8.368507706975256699e-01 4.717156636012375670e-01 8.202704010056858230e-01 5.919719589484895295e-01 7.634468182370586220e-01 2.670043230963471959e-01 5.191236614401897320e-01 7.226294983743535294e-01 3.721735170022908989e-01 3.279277931432299509e-01 3.069122885307773441e-01 6.587246948364533505e-01 6.941555485536159420e-01 3.450477327099474301e-01 9.509623496808687904e-01 5.577406156157421746e-01 0.000000000000000000e+00 5.122629624482359922e-01 3.514369460592138839e-01 1.769085947520979696e-01 6.628922322201689088e-01 4.541978198700050706e-01 4.084744868215915425e-01 9.404006592091147532e-01 6.172183928327634739e-01 7.388562409119336927e-01 5.184671663132394137e-01 6.578976979970247996e-01 7.491082382964935338e-01 7.683238855288637703e-01 3.559234598891465873e-01
4.053259449976288620e-01 7.433892657891705280e-01 3.498807906524634137e-01 6.686534836602734400e-01 5.624596412869468098e-01 5.071785913742652419e-01 6.795729676683648357e-01 4.098387928197097518e-01 5.908921264528042006e-01 4.318479640422185351e-01 6.891748495665624974e-01 8.571887521386196696e-01 3.451590317959348786e-01 3.529124632000804063e-01 3.463047703555219847e-01 7.860329087940460813e-01 7.669646324938443893e-01 8.590479226388532119e-01 8.520939453986733358e-01 7.910753729996000683e-01 5.122629624482359922e-01 0.000000000000000000e+00 8.124089315220961449e-02 4.970628207328593451e-01 4.719146508621909764e-01 4.203859522180125041e-01 1.257735952281845426e-01 9.138869152307225185e-01 4.681349228797918594e-01 1.098314419135454356e-01 4.881646112019388806e-02 1.934769681037359357e-01 6.648954875211704474e-01 5.107208230219898448e-01 3.165697237593281255e-01
5.674180984393892846e-01 4.691491440977163530e-01 4.666579372714718121e-01 9.365629388307502579e-01 8.480331669593141886e-01 5.202110802997206296e-01 6.598462327858761745e-01 5.936193302172597663e-01 3.206737167658063603e-01 4.227231597572251309e-01 8.211759535006104560e-01 7.785284193164998534e-01 1.003562478255074497e-01 4.925455710032147216e-01 7.801042967925049254e-01 5.681789616676165000e-01 5.033668166972669056e-01 9.340780160132480248e-01 3.101556355992095004e-01 1.151892101444902949e-01 3.514369460592138839e-01 8.124089315220961449e-02 0.000000000000000000e+00 5.657536082485189466e-01 8.645341391836254274e-01 8.027260678691164886e-01 7.280678905309860838e-01 5.714954574137592891e-01 1.721377594276746192e-01 7.666693618174375002e-01 8.940400814077017477e-01 4.223889788676553625e-01 9.272080297551397177e-01 9.474490636207608674e-01 3.993388041155719881e-01
8.103469872928636963e-01 8.895273510209029677e-01 3.740930043681077732e-01 7.424503839336504818e-01 4.189105013503033326e-01 5.303217667254551682e-01 4.693326677552065451e-01 6.594170319545266112e-01 7.595274717537948694e-01 4.985281000884092539e-01 3.289942151040813334e-01 7.497553675343096025e-01 7.420665814824616291e-01 7.931085484262733187e-01 3.502403529333125709e-01 6.408823126061988784e-01 7.642007065971048174e-01 1.018208308926974448e-01 2.574221267323447693e-01 5.152339323001211557e-01 1.769085947520979696e-01 4.970628207328593451e-01 5.657536082485189466e-01 0.000000000000000000e+00 5.291184101945243246e-01 7.230001138922490522e-01 4.093150032562616336e-01 8.144886119056962137e-01 8.847971759270378822e-02 2.322858537134200874e-01 2.140194436772721032e-01 8.875309467622672921e-01 3.251534737878798431e-01 2.845374964907776971e-01 5.808963203239340123e-01
4.966018142476701924e-01 2.194396975735692923e-01 9.013318448617457790e-01 4.274485564543245575e-01 8.268304498647397471e-01 5.386476592742669434e-01 6.153612819941315371e-01 1.755545654694625757e-01 1.357873756134616583e-01 5.675830998713526920e-01 2.091532759644713080e-01 6.739329539145801906e-01 4.967418393964201373e-01 5.463456092156087074e-01 4.659459265751609292e-01 3.323105533343350126e-01 3.281652626902717973e-01 8.153362316362930962e-01 4.746686149867909710e-01 1.954449964404402773e-01 6.628922322201689088e-01 4.719146508621909764e-01 8.645341391836254274e-01 5.291184101945243246e-01 0.000000000000000000e+00 8.504144776714319676e-01 6.340826032113322519e-02 8.008387240384102768e-01 9.141973241286789342e-01 7.618592071217822337e-02 3.667149256502176824e-01 9.604224490358415078e-01 5.489873841804766563e-01 3.242992093975473056e-01 2.241303810374565275e-01
1.090629423042820401e-01 6.808434775086603663e-01 3.927493173447934582e-01 3.647419150803228871e-01 1.009598070729917918e-01 6.593270326843856388e-01 9.249028106995864640e-01 7.100234468376946939e-01 8.073840257544586674e-01 5.141669310630992973e-01 3.360238495595198049e-01 7.653336595847902712e-01 7.313670910302738637e-01 7.465689626975506865e-01 4.750460484003885542e-01 7.093582105920150926e-01 5.022110029203705750e-01 8.244967819964487132e-01 4.781717736978773892e-01 5.000374639797811049e-02 4.541978198700050706e-01 4.203859522180125041e-01 8.027260678691164886e-01 7.230001138922490522e-01 8.504144776714319676e-01 0.000000000000000000e+00 3.154631971911592281e-01 7.996064793996220388e-01 6.927405741096275271e-01 2.087928558429319459e-01 8.040627045226215186e-01 8.546004377188045620e-01 6.045855887652517024e-01 3.572447936483378328e-01 7.458551931077320729e-01
7.746232038215732363e-01 6.241230986647829937e-01 5.332718108721471451e-01 6.622654897570001697e-01 7.768666840490082715e-01 3.380264003144649587e-01 3.932474398312445496e-01 5.528943734646027952e-01 7.601511876383990618e-01 6.407481352906325700e-01 7.339283066255494203e-01 7.439920181688144396e-01 6.929520356469276443e-01 4.256214095236565687e-01 5.141529523213210773e-01 4.062531060638426839e-01 3.526242678194555502e-01 2.623903449754936279e-01 4.191726274748061032e-01 7.354972177594091276e-01 4.084744868215915425e-01 1.257735952281845426e-01 7.280678905309860838e-01 4.093150032562616336e-01 6.340826032113322519e-02 3.154631971911592281e-01 0.000000000000000000e+00 5.774040043306895020e-01 7.637671917592477877e-01 1.951231029939997086e-01 7.497786751710118214e-01 3.775930069556399093e-02 7.874227320712368083e-01 8.424308621488414417e-01 7.281812433264649442e-01
3.844300022961159025e-01 7.265264273344802515e-01 7.789450551412847590e-01 9.635073431650573728e-01 5.103900161653189826e-01 4.747143041656842755e-01 7.146203198988885230e-01 1.347253280523763586e-01 1.740391219262588107e-01 6.506839681195775160e-01 4.720439019538000269e-01 7.798548375151346246e-01 5.163641779740907323e-01 4.816960763653229671e-01 6.162152726131258085e-01 4.180836755398233406e-01 6.467490130401809534e-01 3.447161364462046906e-01 8.787918837155492824e-01 6.999629328068057710e-02 9.404006592091147532e-01 9.138869152307225185e-01 5.714954574137592891e-01 8.144886119056962137e-01 8.008387240384102768e-01 7.996064793996220388e-01 5.774040043306895020e-01 0.000000000000000000e+00 4.220658423329765041e-01 6.021392556175398925e-01 9.411599089191735601e-01 5.336170538167227528e-01 4.182948534244660399e-01 4.609025809780127325e-01 5.521391158609796346e-01
5.920817804525346784e-02 1.227195154874193284e-01 4.888873718501640653e-01 3.461693775901653614e-01 3.311933964417487775e-01 2.816259395131344156e-01 7.686589078359720162e-01 8.652902662239101428e-01 8.096322111534448585e-01 4.858005233807851653e-01 6.412517001500801506e-01 4.301063463838069589e-01 9.719550828059597691e-01 5.786620380332347935e-01 2.484115623635022585e-01 5.559273760149247012e-01 3.336962798869054225e-01 5.386879506124222505e-01 7.501718688417047254e-01 4.497392705441002336e-01 6.172183928327634739e-01 4.681349228797918594e-01 1.721377594276746192e-01 8.847971759270378822e-02 9.141973241286789342e-01 6.927405741096275271e-01 7.637671917592477877e-01 4.220658423329765041e-01 0.000000000000000000e+00 6.881671341405340980e-01 5.174727771538183418e-01 4.339843497026652508e-01 4.985245803847603296e-01 1.751881185759881498e-01 5.577115345115922773e-01
1.741738003271846025e-01 3.976811559448525379e-01 6.549500481466130619e-01 7.679891701566641249e-01 4.965868020011150463e-01 3.237527804686068933e-01 5.450304137802830518e-01 4.953449290364621005e-01 8.534682094768741845e-01 4.855352899893005114e-01 5.384075133333455776e-01 5.866855940078994358e-01 7.475812369396188650e-01 8.810428291569443182e-01 2.308435365540135176e-01 7.581018450259443542e-01 2.868810867433307377e-01 4.742585329738029931e-01 4.859939242016599326e-01 7.132041914170039743e-01 7.388562409119336927e-01 1.098314419135454356e-01 7.666693618174375002e-01 2.322858537134200874e-01 7.618592071217822337e-02 2.087928558429319459e-01 1.951231029939997086e-01 6.021392556175398925e-01 6.881671341405340980e-01 0.000000000000000000e+00 6.633689018868953458e-01 8.111237333229481816e-01 9.785036568022476011e-02 3.810752315522496492e-01 2.412891426425832209e-01
4.251670243741064725e-01 4.936427736547366329e-01 3.883284073393318270e-01 9.185493317273796254e-02 1.912376743937144741e-01 7.938759147637675095e-01 5.281698365905065362e-01 8.166296381277242666e-01 3.421287612018026891e-01 5.066051280627170694e-01 5.600082483933385147e-01 3.742334927811038492e-01 3.620003896789029674e-01 6.895454251283071878e-01 4.698385338919687237e-01 6.572840534983875882e-01 2.652942511171042517e-01 8.633439960232072163e-01 4.137108087520863231e-01 2.796082406296181433e-01 5.184671663132394137e-01 4.881646112019388806e-02 8.940400814077017477e-01 2.140194436772721032e-01 3.667149256502176824e-01 8.040627045226215186e-01 7.497786751710118214e-01 9.411599089191735601e-01 5.174727771538183418e-01 6.633689018868953458e-01 0.000000000000000000e+00 8.434696371715658669e-01 8.675681423932120051e-01 2.182962770782752582e-01 4.435643912429176883e-01
7.626729154909250852e-01 7.483284361593545153e-01 4.624294699231318861e-01 5.326665865106143816e-01 8.645423182085661962e-01 5.351908033199630488e-01 7.724960144913876059e-01 7.111010035789788741e-01 4.594854842146000040e-01 2.174366293692495677e-01 8.840815441793252738e-01 1.094356574571081486e-01 7.752397490001576852e-01 8.444100670097425265e-01 4.032228903069060566e-01 3.956815555594408451e-01 8.095293228536558638e-01 9.360302341193715847e-01 8.404316816877797081e-01 2.247454505941732239e-01 6.578976979970247996e-01 1.934769681037359357e-01 4.223889788676553625e-01 8.875309467622672921e-01 9.604224490358415078e-01 8.546004377188045620e-01 3.775930069556399093e-02 5.336170538167227528e-01 4.339843497026652508e-01 8.111237333229481816e-01 8.434696371715658669e-01 0.000000000000000000e+00 5.193873880150848832e-01 8.427297398493633906e-01 8.690562625765552163e-01
2.792858207915730473e-01 7.828338778845251866e-01 6.535951260008056041e-01 4.305561897649406444e-01 7.091954418458464859e-01 7.667501303091494025e-01 7.424666427910195932e-01 6.238682321894358784e-01 5.865168370283937449e-01 8.622876895910818185e-01 1.658287033671009825e-01 3.717416998080245172e-01 6.419741544197087313e-01 3.127273304401591014e-01 3.152428646176501648e-01 8.340553326854915905e-01 8.249344875518414000e-01 6.590223389652845043e-01 6.852290339249025308e-01 6.791470986527017306e-01 7.491082382964935338e-01 6.648954875211704474e-01 9.272080297551397177e-01 3.251534737878798431e-01 5.489873841804766563e-01 6.045855887652517024e-01 7.874227320712368083e-01 4.182948534244660399e-01 4.985245803847603296e-01 9.785036568022476011e-02 8.675681423932120051e-01 5.193873880150848832e-01 0.000000000000000000e+00 6.561283164677371715e-01 8.010043465912327632e-01
8.749093918081232157e-01 4.432744700106346913e-01 4.788855348869693329e-01 6.158150877473168583e-01 2.591020223885265317e-01 8.613689267504186509e-01 3.178750715251432712e-01 2.138353637409772245e-01 5.697716240002532739e-01 6.460045380701262552e-01 3.797137979080001391e-01 4.359324058464437157e-01 3.110519279023546968e-01 4.810658596627322425e-01 3.969550586714117868e-01 5.065177229009465432e-01 3.131028042161830838e-01 7.747954801076395448e-01 5.185368514951793628e-01 7.910314367437728533e-01 7.683238855288637703e-01 5.107208230219898448e-01 9.474490636207608674e-01 2.845374964907776971e-01 3.242992093975473056e-01 3.572447936483378328e-01 8.424308621488414417e-01 4.609025809780127325e-01 1.751881185759881498e-01 3.810752315522496492e-01 2.182962770782752582e-01 8.427297398493633906e-01 6.561283164677371715e-01 0.000000000000000000e+00 6.406294971943603533e-01
4.367963287892322466e-01 6.805546326844558180e-01 7.833799601458271145e-01 3.705659423750338188e-01 8.444101325604255193e-01 5.782010397952470626e-01 3.626771423704172603e-01 2.323368303875161800e-01 5.859959298684976892e-01 4.139387741676351928e-01 3.217723839061476521e-01 5.497655650877590894e-01 7.834045727038014828e-01 5.362883487879811506e-01 4.453769787889906295e-01 7.388719213920743600e-01 5.679480161161407636e-01 1.474141461140505704e-01 4.501394562667783150e-01 4.896817609192058995e-01 3.559234598891465873e-01 3.165697237593281255e-01 3.993388041155719881e-01 5.808963203239340123e-01 2.241303810374565275e-01 7.458551931077320729e-01 7.281812433264649442e-01 5.521391158609796346e-01 5.577115345115922773e-01 2.412891426425832209e-01 4.435643912429176883e-01 8.690562625765552163e-01 8.010043465912327632e-01 6.406294971943603533e-01 0.000000000000000000e+00
