0.000000000000000000e+00 5.782349609365819987e-01 5.870878230668418185e-01 5.078200852799819032e-01 3.873234702163888543e-01 5.485983143453900812e-01 8.460662458670082930e-01 4.168980200549171622e-01 4.504963533962779154e-01 8.722977297834539900e-01 1.264144795436966673e-01 5.735648489564154628e-01 5.346051075547235687e-01 5.134075991218890467e-01 3.072127345821085154e-01 2.089558439801124656e-01 5.348200066920627549e-01 8.240238117100618931e-01 5.203224770128728194e-01 4.942249101426099411e-01 4.236688305922483577e-01 8.203181234581564674e-01 4.237263295375736094e-01 3.700897658121161671e-01 6.207934088409055029e-01 4.897286308469121496e-01 3.107495906215393955e-01 3.812002437295945456e-01 3.694687282742293855e-01 7.835334467223911137e-01 4.829149710347783175e-01 1.782088412195641514e-01 2.730921120278891889e-01 1.981671006575564942e-01 9.699208044747431590e-01
5.782349609365819987e-01 0.000000000000000000e+00 5.099482414461742330e-01 6.704723004831600885e-01 4.976034499009769352e-01 7.871038773079450657e-01 5.097197016438731465e-01 5.351911721310955716e-01 9.049467796720747081e-01 5.090870769926902906e-01 9.068720135468122390e-02 6.784376839174404150e-01 5.207071818645006012e-01 4.337850398467336666e-01 2.222960785977976528e-01 7.785586544419199617e-01 4.277594262261338320e-01 7.279222995357405024e-01 5.345272812048377231e-01 1.131649570813997308e-01 4.460519501931040631e-01 4.328354289245479047e-01 2.144128828552313570e-01 4.207825807035038279e-01 4.456119865913570899e-01 5.464015363292347160e-01 6.965188624704150566e-01 6.211330492812592308e-01 8.210478241292773482e-02 2.598108040977646915e-01 1.515104333744329290e-01 4.910183551249599487e-01 3.195266196889530175e-01 8.108452867535844710e-01 8.564913855863125480e-01
5.870878230668418185e-01 5.099482414461742330e-01 0.000000000000000000e+00 3.487945512130093961e-01 5.601345250552274280e-01 6.192457370402136840e-01 4.450279750253617328e-01 2.818884915631072463e-01 1.334830762136576254e-01 8.864469084774704299e-01 1.413112736048797169e-01 5.056477089896427302e-01 3.367062763974650319e-01 5.132920431297693931e-01 8.447627319651451749e-01 5.553336457887031452e-01 6.565522171308539878e-01 3.108318462575618835e-01 5.250199317059823789e-01 7.317293843088290561e-01 4.289022513825714311e-01 3.355736277648032617e-01 4.727370632619804502e-01 9.176488663944322166e-01 8.703745236062692126e-01 3.551379045220869335e-01 4.984081890226558231e-01 6.561971712499542475e-01 6.433027112901572586e-01 3.550663983205966101e-01 2.418270735153865703e-01 6.979968977803026053e-01 4.857644943000088977e-01 6.025944571918790960e-01 2.197983529898153154e-01
5.078200852799819032e-01 6.704723004831600885e-01 3.487945512130093961e-01 0.000000000000000000e+00 3.529053732071431027e-01 4.102735097032046974e-01 2.964837695982647237e-01 4.744566296193378774e-01 2.151568277106651328e-01 7.166290939311931174e-01 3.375466970092930730e-01 3.991623913038288007e-01 8.549786205455036647e-01 5.740180470982181316e-01 7.633351790356084354e-01 9.248020226260211807e-02 3.715177557488915649e-01 6.299041929093072145e-01 3.185297221928490297e-01 9.522453085853159749e-01 4.451072806570961493e-01 9.564113934458418065e-02 5.903038311133939064e-01 4.854720977530825321e-01 5.662026466909377831e-01 4.131737403526776764e-01 5.748365538987162404e-01 3.534680781117465198e-01 5.678804255494576125e-01 4.489855376015324806e-01 6.325562215555657897e-02 2.129085395357577237e-01 8.578122691810446954e-01 3.717010342740619810e-01 3.485098759334349650e-01
3.873234702163888543e-01 4.976034499009769352e-01 5.601345250552274280e-01 3.529053732071431027e-01 0.000000000000000000e+00 5.846870488366664453e-01 4.885787455006262991e-01 5.381713579270920311e-01 6.338048620166776281e-01 2.847629213102307322e-01 2.916796315393147543e-01 8.761678570951973999e-01 8.778568186446567001e-01 6.868938258386130258e-01 5.043632173999181845e-01 4.348105500407287716e-01 6.289055471654820817e-01 9.101683880250508452e-01 4.372345221132994397e-01 1.269233749634067765e-01 6.357091833277392912e-01 5.951509826379000057e-01 5.114986874599172229e-01 8.561212283197610073e-01 3.527600492437407143e-01 6.042466956983112425e-01 7.489200079106880237e-01 5.906388034907397167e-01 7.277827667341623119e-01 4.692230068991487535e-02 7.447304883118798235e-01 8.611481727035192879e-01 1.398813283538837826e-01 8.496627614446059518e-01 6.396862719422842236e-01
5.485983143453900812e-01 7.871038773079450657e-01 6.192457370402136840e-01 4.102735097032046974e-01 5.846870488366664453e-01 0.000000000000000000e+00 2.009726148782651767e-01 6.317991663050166462e-01 4.570947694229193226e-01 7.140528923864672972e-01 5.637477395523505797e-01 4.458787663006411051e-01 9.133275512115701655e-02 4.320798336116221106e-01 6.424245993891491979e-01 4.506478084174418974e-01 1.985649521004168028e-01 8.896983599808689913e-01 4.831145573047500030e-01 7.551649259639134915e-01 9.660657233858049864e-02 4.266098440984678053e-01 4.434978212182766333e-01 6.076331034530475517e-01 8.610236957704044958e-01 4.349623857219114265e-01 6.804292675985865735e-01 2.771750757792587061e-01 9.964789944633307694e-01 2.019426342770237470e-01 8.429102841692628356e-01 2.101215845847152486e-01 4.040815713099042972e-01 7.752349291799904840e-01 8.826847368076371492e-01
8.460662458670082930e-01 5.097197016438731465e-01 4.450279750253617328e-01 2.964837695982647237e-01 4.885787455006262991e-01 2.009726148782651767e-01 0.000000000000000000e+00 5.417890068929203107e-01 4.862732017898593884e-01 7.284592566876120223e-01 8.437055059175589955e-01 1.534661061902209411e-01 5.022736059373048567e-01 4.787717363793919101e-01 7.320599487365941904e-01 1.191766396558280316e-02 7.712647775207530643e-01 2.884763001471939980e-01 8.710318492526702983e-01 4.182167717980386223e-01 7.189868364653209110e-01 4.556677482840335580e-01 4.458183074470811746e-01 3.470076475059938881e-01 4.629472369771548967e-01 6.239033094461301499e-01 1.166473238807216317e-01 5.631328243863160665e-01 4.452664514431263210e-01 7.169191130992442762e-01 3.037439379378659710e-01 2.198581865587752038e-01 5.348480796137722315e-01 7.181805303929532647e-01 4.885557249199989349e-01
4.168980200549171622e-01 5.351911721310955716e-01 2.818884915631072463e-01 4.744566296193378774e-01 5.381713579270920311e-01 6.317991663050166462e-01 5.417890068929203107e-01 0.000000000000000000e+00 8.402445871708416059e-01 8.802999324209286325e-01 5.670611254008499635e-01 5.259508301692967791e-01 4.924783563406105458e-01 8.059254199107868111e-01 4.311355464893074085e-01 9.122524361330118792e-01 7.947614484568037430e-01 8.182922016624361028e-01 4.598974877913577508e-01 7.183133195107704871e-01 6.495418740284399917e-01 2.802923340005389896e-01 9.851114644442312551e-01 1.747851577098969433e-01 3.959997077556088874e-01 6.124049473128114762e-01 4.228943019008839510e-01 4.571707973484059884e-01 5.653432318539053369e-01 6.007469022259446234e-01 5.453688511699492647e-01 3.154214169400589851e-01 3.668428218327638435e-01 2.987215614137122000e-01 5.847228496620160421e-01
4.504963533962779154e-01 9.049467796720747081e-01 1.334830762136576254e-01 2.151568277106651328e-01 6.338048620166776281e-01 4.570947694229193226e-01 4.862732017898593884e-01 8.402445871708416059e-01 0.000000000000000000e+00 5.061565075879458364e-01 6.695147126337239740e-01 4.518703878299665799e-01 7.113654923377048522e-01 7.992422784086328225e-01 7.606393909202384673e-01 5.726810256442040892e-01 6.205930172694151814e-01 4.105657275478892254e-01 1.329570501741899058e-01 5.327714684626927433e-01 1.730413189717771028e-01 8.779269173064441212e-01 8.720717749842687994e-02 7.192600776292179532e-01 5.894811568314251016e-02 7.271014407501205090e-01 1.876833332591144599e-01 1.889398970740104877e-01 6.137142934188341004e-01 6.946068986287508018e-01 6.336726856809102859e-01 9.377673892373505904e-02 5.448803825662997813e-01 2.627701017208691203e-01 4.041705369249455893e-01
8.722977297834539900e-01 5.090870769926902906e-01 8.864469084774704299e-01 7.166290939311931174e-01 2.847629213102307322e-01 7.140528923864672972e-01 7.284592566876120223e-01 8.802999324209286325e-01 5.061565075879458364e-01 0.000000000000000000e+00 6.807456916095779853e-01 4.803681781453917887e-01 2.827098464937279898e-01 3.003218097973738843e-01 4.768017933401954567e-01 4.817670381229963716e-01 7.331161208506562499e-01 3.610578667136346009e-01 2.954001458034537508e-01 2.780676035510948330e-01 7.770182922691630800e-01 7.669678793815019047e-01 8.168917593969045043e-01 7.796553292000727442e-01 6.001678428538519405e-01 3.630700346166656489e-01 6.259230063776796138e-01 6.949453303298589457e-01 4.213680831926643888e-01 2.789204023333825555e-01 3.223943666087378812e-01 9.383240491464355237e-01 4.891283064941986392e-01 4.820829527562876526e-01 1.522692758267698565e-01
1.264144795436966673e-01 9.068720135468122390e-02 1.413112736048797169e-01 3.375466970092930730e-01 2.916796315393147543e-01 5.637477395523505797e-01 8.437055059175589955e-01 5.670611254008499635e-01 6.695147126337239740e-01 6.807456916095779853e-01 0.000000000000000000e+00 6.512839174447742074e-01 1.543191250735357345e-01 3.835650033838925443e-01 2.777888849587061282e-01 5.868435713311780377e-01 5.744685366212772815e-01 6.515223114447655783e-01 1.639393684173724441e-01 2.691421111099266961e-01 5.590793991386122652e-01 8.339606117418816300e-01 3.300230808005583105e-01 1.708265227662849606e-01 3.277121501075364041e-02 6.954021962016777580e-01 4.198284725258691341e-01 5.589379022684268783e-01 5.829861648917955552e-01 1.660248466078382279e-01 2.651247743367233234e-01 7.571465134242882922e-01 2.202341171300004063e-01 7.636970469725730126e-01 5.801893796242345580e-01
5.735648489564154628e-01 6.784376839174404150e-01 5.056477089896427302e-01 3.991623913038288007e-01 8.761678570951973999e-01 4.458787663006411051e-01 1.534661061902209411e-01 5.259508301692967791e-01 4.518703878299665799e-01 4.803681781453917887e-01 6.512839174447742074e-01 0.000000000000000000e+00 8.312537547035034891e-01 5.965564656071318250e-01 6.501770878709385304e-01 1.927986648179341733e-01 8.526803030196196120e-01 2.593363950078599878e-01 4.339266214513607389e-01 7.140169217525341727e-01 3.480826709783135797e-01 4.102400192814441571e-01 5.244254595512533035e-01 5.623340703470691704e-01 6.617167631756031287e-01 3.865322027551941764e-01 4.872559517953467534e-01 7.579509787262503906e-01 9.190604647943630967e-01 6.784224114233804448e-01 4.843339033395729909e-01 3.061401249605837371e-01 4.617581545514582997e-01 8.438917114966106858e-01 7.420322265076527701e-01
5.346051075547235687e-01 5.207071818645006012e-01 3.367062763974650319e-01 8.549786205455036647e-01 8.778568186446567001e-01 9.133275512115701655e-02 5.022736059373048567e-01 4.924783563406105458e-01 7.113654923377048522e-01 2.827098464937279898e-01 1.543191250735357345e-01 8.312537547035034891e-01 0.000000000000000000e+00 7.792564812585884848e-01 8.844633474078162916e-01 7.572408258114036173e-01 7.351289874673693214e-01 6.673658463501044302e-01 5.661106455790015923e-01 5.161948669154559077e-01 3.100459743145934088e-01 5.559721922092870638e-01 4.415739245523091494e-01 5.822735803186173120e-01 7.004292137657401884e-01 2.981091838125558557e-01 5.524587076075473391e-01 5.226788473117902623e-01 1.796578520653124844e-01 7.923283081905463376e-01 8.078282820278522847e-01 5.271765880912608893e-01 2.467192198933538805e-01 3.114128106171812904e-01 9.772083138238216726e-01
5.134075991218890467e-01 4.337850398467336666e-01 5.132920431297693931e-01 5.740180470982181316e-01 6.868938258386130258e-01 4.320798336116221106e-01 4.787717363793919101e-01 8.059254199107868111e-01 7.992422784086328225e-01 3.003218097973738843e-01 3.835650033838925443e-01 5.965564656071318250e-01 7.792564812585884848e-01 0.000000000000000000e+00 2.382842431438026154e-01 6.428441194641056899e-01 4.422401629207162732e-01 4.117000733928665168e-01 4.780639362815907734e-01 8.978330689894944427e-01 2.153799803905602772e-01 8.666682722790154392e-01 2.377177611169034588e-01 4.753392301421264787e-01 4.885997884171816019e-01 5.814523883207755039e-01 2.277987897831946773e-01 3.576440473806132836e-01 5.694086666275057773e-01 2.791577205501598047e-01 7.172458715071170499e-01 8.549628055669388216e-01 4.723526827846696308e-01 3.066328118796613489e-01 9.403195452473736005e-01
3.072127345821085154e-01 2.222960785977976528e-01 8.447627319651451749e-01 7.633351790356084354e-01 5.043632173999181845e-01 6.424245993891491979e-01 7.320599487365941904e-01 4.311355464893074085e-01 7.606393909202384673e-01 4.768017933401954567e-01 2.777888849587061282e-01 6.501770878709385304e-01 8.844633474078162916e-01 2.382842431438026154e-01 0.000000000000000000e+00 4.905780292444384960e-01 6.716529240278062973e-01 7.321644961685038755e-01 2.874826410485651351e-01 4.878890664298558555e-01 5.953931211783110022e-01 5.647437923934387483e-01 4.885916463911873509e-01 8.783235848022343806e-01 5.510246688860622744e-01 4.393304354018741087e-01 6.800707723393565329e-01 5.813039486377299392e-01 8.777796240180824050e-01 8.210862917040804287e-01 4.808203679291507826e-01 8.043955100205832931e-01 7.880632267190473828e-01 8.390234814525148188e-01 5.504221498482531061e-01
2.089558439801124656e-01 7.785586544419199617e-01 5.553336457887031452e-01 9.248020226260211807e-02 4.348105500407287716e-01 4.506478084174418974e-01 1.191766396558280316e-02 9.122524361330118792e-01 5.726810256442040892e-01 4.817670381229963716e-01 5.868435713311780377e-01 1.927986648179341733e-01 7.572408258114036173e-01 6.428441194641056899e-01 4.905780292444384960e-01 0.000000000000000000e+00 5.214274841115112968e-01 4.078508260081661896e-01 7.308793404696183327e-01 5.622848456181419596e-01 9.351878646121911665e-01 2.277325731043264856e-01 5.467305055897111465e-01 6.619070225773665550e-02 8.263605504954996128e-01 6.038083207274873576e-01 1.492929150894189982e-01 6.415670762961007689e-01 2.098541309460292825e-01 1.397596712774885619e-01 8.380810683482506906e-01 4.963712998714063240e-01 7.267763791065364742e-01 4.361122448938840601e-01 5.780299985206340807e-01
5.348200066920627549e-01 4.277594262261338320e-01 6.565522171308539878e-01 3.715177557488915649e-01 6.289055471654820817e-01 1.985649521004168028e-01 7.712647775207530643e-01 7.947614484568037430e-01 6.205930172694151814e-01 7.331161208506562499e-01 5.744685366212772815e-01 8.526803030196196120e-01 7.351289874673693214e-01 4.422401629207162732e-01 6.716529240278062973e-01 5.214274841115112968e-01 0.000000000000000000e+00 4.958077437646016827e-01 5.639678147252568108e-01 8.784439456605410701e-01 5.333956416473756290e-01 5.930469867123894234e-01 8.876971615743504129e-01 5.872535954990509843e-01 9.286236719982534638e-01 5.234599380759417109e-01 2.967722763099117644e-01 5.357086841580278591e-01 3.445526462790222677e-01 4.691522969982830915e-01 7.830783599227864045e-01 3.267041470725067231e-01 3.744501464527700829e-01 6.983473514615257116e-02 3.536573527694965025e-01
8.240238117100618931e-01 7.279222995357405024e-01 3.108318462575618835e-01 6.299041929093072145e-01 9.101683880250508452e-01 8.896983599808689913e-01 2.884763001471939980e-01 8.182922016624361028e-01 4.105657275478892254e-01 3.610578667136346009e-01 6.515223114447655783e-01 2.593363950078599878e-01 6.673658463501044302e-01 4.117000733928665168e-01 7.321644961685038755e-01 4.078508260081661896e-01 4.958077437646016827e-01 0.000000000000000000e+00 4.182713526807376736e-01 9.386876187318493603e-01 5.252868938382747599e-01 8.004605692447228638e-01 5.777215445075132294e-01 8.057773065514787225e-01 5.580445952116561692e-01 4.494799605217761895e-01 1.138717746898418870e-01 3.842617310048477286e-01 3.995543957267148061e-01 9.155664260623049833e-01 9.062696855444711819e-01 9.446737031001967155e-01 6.972208459532301950e-01 7.517282201466017888e-01 5.390841873422557162e-01
5.203224770128728194e-01 5.345272812048377231e-01 5.250199317059823789e-01 3.185297221928490297e-01 4.372345221132994397e-01 4.831145573047500030e-01 8.710318492526702983e-01 4.598974877913577508e-01 1.329570501741899058e-01 2.954001458034537508e-01 1.639393684173724441e-01 4.339266214513607389e-01 5.661106455790015923e-01 4.780639362815907734e-01 2.874826410485651351e-01 7.308793404696183327e-01 5.639678147252568108e-01 4.182713526807376736e-01 0.000000000000000000e+00 1.672438798779652958e-01 2.233299257267428173e-01 5.570028176554999710e-01 9.503250764065773737e-02 5.860858802997008787e-01 4.524290747597187745e-01 4.705522576575696392e-01 7.442713018613583698e-01 2.686433642852996684e-01 9.774709306098995354e-01 6.661912351370258278e-01 6.209234757999899657e-01 7.422768577513905175e-01 4.387601415792974358e-02 2.921093396942975318e-02 9.280853951365191090e-01
4.942249101426099411e-01 1.131649570813997308e-01 7.317293843088290561e-01 9.522453085853159749e-01 1.269233749634067765e-01 7.551649259639134915e-01 4.182167717980386223e-01 7.183133195107704871e-01 5.327714684626927433e-01 2.780676035510948330e-01 2.691421111099266961e-01 7.140169217525341727e-01 5.161948669154559077e-01 8.978330689894944427e-01 4.878890664298558555e-01 5.622848456181419596e-01 8.784439456605410701e-01 9.386876187318493603e-01 1.672438798779652958e-01 0.000000000000000000e+00 2.863013416230506536e-01 3.854237204678218065e-01 4.073253140606929446e-01 3.452256670554104678e-01 6.185012460753427366e-01 7.130112235947447807e-01 5.596950224254022555e-01 4.972780582222413037e-01 8.856418234611338480e-01 5.237573383419033002e-01 3.705305533660021577e-01 8.816122333627103291e-01 6.984403564357821725e-02 1.353165464851563415e-01 2.985043794359474867e-01
4.236688305922483577e-01 4.460519501931040631e-01 4.289022513825714311e-01 4.451072806570961493e-01 6.357091833277392912e-01 9.660657233858049864e-02 7.189868364653209110e-01 6.495418740284399917e-01 1.730413189717771028e-01 7.770182922691630800e-01 5.590793991386122652e-01 3.480826709783135797e-01 3.100459743145934088e-01 2.153799803905602772e-01 5.953931211783110022e-01 9.351878646121911665e-01 5.333956416473756290e-01 5.252868938382747599e-01 2.233299257267428173e-01 2.863013416230506536e-01 0.000000000000000000e+00 4.198386319561077107e-01 7.592735357274412733e-01 4.253775162470634918e-01 3.413125631368865154e-01 5.970357045731535806e-01 5.437698111202970974e-01 5.019476659562756016e-01 3.865026498309583336e-01 2.198448879573476900e-01 3.366586152443072910e-01 6.165949621315920393e-01 6.201090049323397801e-01 4.627426146445962618e-01 4.216142484597348306e-01
8.203181234581564674e-01 4.328354289245479047e-01 3.355736277648032617e-01 9.564113934458418065e-02 5.951509826379000057e-01 4.266098440984678053e-01 4.556677482840335580e-01 2.802923340005389896e-01 8.779269173064441212e-01 7.669678793815019047e-01 8.339606117418816300e-01 4.102400192814441571e-01 5.559721922092870638e-01 8.666682722790154392e-01 5.647437923934387483e-01 2.277325731043264856e-01 5.930469867123894234e-01 8.004605692447228638e-01 5.570028176554999710e-01 3.854237204678218065e-01 4.198386319561077107e-01 0.000000000000000000e+00 5.076952129005901648e-01 2.963833642037901339e-01 7.777336590703692876e-01 7.254722382649683166e-01 6.426703155913244814e-01 7.506775219116214037e-01 6.139285744013811552e-01 9.811812610760675124e-01 5.640289455983000799e-01 5.512540146994164836e-01 6.917332075575454153e-01 9.311616874967021396e-01 7.327106464531905061e-01
4.237263295375736094e-01 2.144128828552313570e-01 4.727370632619804502e-01 5.903038311133939064e-01 5.114986874599172229e-01 4.434978212182766333e-01 4.458183074470811746e-01 9.851114644442312551e-01 8.720717749842687994e-02 8.168917593969045043e-01 3.300230808005583105e-01 5.244254595512533035e-01 4.415739245523091494e-01 2.377177611169034588e-01 4.885916463911873509e-01 5.467305055897111465e-01 8.876971615743504129e-01 5.777215445075132294e-01 9.503250764065773737e-02 4.073253140606929446e-01 7.592735357274412733e-01 5.076952129005901648e-01 0.000000000000000000e+00 2.133913813188171305e-01 5.112414437449934734e-01 3.555822005985623813e-01 6.837255527862318161e-01 6.215339749412644998e-01 6.533389333827426260e-01 5.259292377741653368e-01 4.298103362393095872e-01 3.867563150526723281e-01 5.358246391815169041e-01 4.350432753944305508e-01 3.497761867897611898e-01
3.700897658121161671e-01 4.207825807035038279e-01 9.176488663944322166e-01 4.854720977530825321e-01 8.561212283197610073e-01 6.076331034530475517e-01 3.470076475059938881e-01 1.747851577098969433e-01 7.192600776292179532e-01 7.796553292000727442e-01 1.708265227662849606e-01 5.623340703470691704e-01 5.822735803186173120e-01 4.753392301421264787e-01 8.783235848022343806e-01 6.619070225773665550e-02 5.872535954990509843e-01 8.057773065514787225e-01 5.860858802997008787e-01 3.452256670554104678e-01 4.253775162470634918e-01 2.963833642037901339e-01 2.133913813188171305e-01 0.000000000000000000e+00 7.712560622766689855e-01 3.554924317565882896e-01 5.976798297887946365e-01 7.226397199851166686e-01 7.902533598229126710e-01 2.793504839578695442e-01 5.680186956371804374e-01 1.706010469879348790e-01 4.325691112677372829e-01 1.881215326836080948e-01 5.237503469406344925e-01
6.207934088409055029e-01 4.456119865913570899e-01 8.703745236062692126e-01 5.662026466909377831e-01 3.527600492437407143e-01 8.610236957704044958e-01 4.629472369771548967e-01 3.959997077556088874e-01 5.894811568314251016e-02 6.001678428538519405e-01 3.277121501075364041e-02 6.617167631756031287e-01 7.004292137657401884e-01 4.885997884171816019e-01 5.510246688860622744e-01 8.263605504954996128e-01 9.286236719982534638e-01 5.580445952116561692e-01 4.524290747597187745e-01 6.185012460753427366e-01 3.413125631368865154e-01 7.777336590703692876e-01 5.112414437449934734e-01 7.712560622766689855e-01 0.000000000000000000e+00 5.824721904903573666e-01 3.262296340572549136e-01 2.328042489223197675e-01 3.428581902160228179e-01 3.073113560406431910e-01 1.464634561216232589e-01 6.246570376396141100e-01 7.521925337594201899e-01 3.000818655710334459e-01 1.792697442822451803e-01
4.897286308469121496e-01 5.464015363292347160e-01 3.551379045220869335e-01 4.131737403526776764e-01 6.042466956983112425e-01 4.349623857219114265e-01 6.239033094461301499e-01 6.124049473128114762e-01 7.271014407501205090e-01 3.630700346166656489e-01 6.954021962016777580e-01 3.865322027551941764e-01 2.981091838125558557e-01 5.814523883207755039e-01 4.393304354018741087e-01 6.038083207274873576e-01 5.234599380759417109e-01 4.494799605217761895e-01 4.705522576575696392e-01 7.130112235947447807e-01 5.970357045731535806e-01 7.254722382649683166e-01 3.555822005985623813e-01 3.554924317565882896e-01 5.824721904903573666e-01 0.000000000000000000e+00 1.392887362538318130e-01 4.883519543538945018e-01 5.075517020408025770e-01 3.667678385823199827e-01 8.991114391696453101e-01 9.016784204325355434e-01 2.233129957091039008e-01 4.793157615197116139e-01 8.226179186647619712e-01
3.107495906215393955e-01 6.965188624704150566e-01 4.984081890226558231e-01 5.748365538987162404e-01 7.489200079106880237e-01 6.804292675985865735e-01 1.166473238807216317e-01 4.228943019008839510e-01 1.876833332591144599e-01 6.259230063776796138e-01 4.198284725258691341e-01 4.872559517953467534e-01 5.524587076075473391e-01 2.277987897831946773e-01 6.800707723393565329e-01 1.492929150894189982e-01 2.967722763099117644e-01 1.138717746898418870e-01 7.442713018613583698e-01 5.596950224254022555e-01 5.437698111202970974e-01 6.426703155913244814e-01 6.837255527862318161e-01 5.976798297887946365e-01 3.262296340572549136e-01 1.392887362538318130e-01 0.000000000000000000e+00 5.099337809276884848e-01 8.858864285485612555e-01 8.901973459636387531e-01 1.263465494013849000e-02 2.002258843029316449e-01 8.145120428870644691e-01 7.057814002882037974e-01 5.701762486313168843e-01
3.812002437295945456e-01 6.211330492812592308e-01 6.561971712499542475e-01 3.534680781117465198e-01 5.906388034907397167e-01 2.771750757792587061e-01 5.631328243863160665e-01 4.571707973484059884e-01 1.889398970740104877e-01 6.949453303298589457e-01 5.589379022684268783e-01 7.579509787262503906e-01 5.226788473117902623e-01 3.576440473806132836e-01 5.813039486377299392e-01 6.415670762961007689e-01 5.357086841580278591e-01 3.842617310048477286e-01 2.686433642852996684e-01 4.972780582222413037e-01 5.019476659562756016e-01 7.506775219116214037e-01 6.215339749412644998e-01 7.226397199851166686e-01 2.328042489223197675e-01 4.883519543538945018e-01 5.099337809276884848e-01 0.000000000000000000e+00 3.478377464787940632e-02 5.256182129157973559e-01 7.457374198201774940e-01 5.634641763444619977e-01 2.735826293484365790e-01 7.114517484116451573e-01 2.226285202570024158e-01
3.694687282742293855e-01 8.210478241292773482e-02 6.433027112901572586e-01 5.678804255494576125e-01 7.277827667341623119e-01 9.964789944633307694e-01 4.452664514431263210e-01 5.653432318539053369e-01 6.137142934188341004e-01 4.213680831926643888e-01 5.829861648917955552e-01 9.190604647943630967e-01 1.796578520653124844e-01 5.694086666275057773e-01 8.777796240180824050e-01 2.098541309460292825e-01 3.445526462790222677e-01 3.995543957267148061e-01 9.774709306098995354e-01 8.856418234611338480e-01 3.865026498309583336e-01 6.139285744013811552e-01 6.533389333827426260e-01 7.902533598229126710e-01 3.428581902160228179e-01 5.075517020408025770e-01 8.858864285485612555e-01 3.478377464787940632e-02 0.000000000000000000e+00 4.547658395058700731e-01 7.761700956030714860e-01 6.635524767014477909e-01 7.131687597142859492e-01 6.463831940630637707e-01 4.410647610556669429e-01
7.835334467223911137e-01 2.598108040977646915e-01 3.550663983205966101e-01 4.489855376015324806e-01 4.692230068991487535e-02 2.019426342770237470e-01 7.169191130992442762e-01 6.007469022259446234e-01 6.946068986287508018e-01 2.789204023333825555e-01 1.660248466078382279e-01 6.784224114233804448e-01 7.923283081905463376e-01 2.791577205501598047e-01 8.210862917040804287e-01 1.397596712774885619e-01 4.691522969982830915e-01 9.155664260623049833e-01 6.661912351370258278e-01 5.237573383419033002e-01 2.198448879573476900e-01 9.811812610760675124e-01 5.259292377741653368e-01 2.793504839578695442e-01 3.073113560406431910e-01 3.667678385823199827e-01 8.901973459636387531e-01 5.256182129157973559e-01 4.547658395058700731e-01 0.000000000000000000e+00 3.141608049821556503e-01 8.589573915403662108e-01 3.349187920235674465e-01 3.451739546091364685e-01 8.346487940114690751e-01
4.829149710347783175e-01 1.515104333744329290e-01 2.418270735153865703e-01 6.325562215555657897e-02 7.447304883118798235e-01 8.429102841692628356e-01 3.037439379378659710e-01 5.453688511699492647e-01 6.336726856809102859e-01 3.223943666087378812e-01 2.651247743367233234e-01 4.843339033395729909e-01 8.078282820278522847e-01 7.172458715071170499e-01 4.808203679291507826e-01 8.380810683482506906e-01 7.830783599227864045e-01 9.062696855444711819e-01 6.209234757999899657e-01 3.705305533660021577e-01 3.366586152443072910e-01 5.640289455983000799e-01 4.298103362393095872e-01 5.680186956371804374e-01 1.464634561216232589e-01 8.991114391696453101e-01 1.263465494013849000e-02 7.457374198201774940e-01 7.761700956030714860e-01 3.141608049821556503e-01 0.000000000000000000e+00 5.996104452696690013e-01 1.483474063348613203e-01 5.108206784970067416e-01 4.288617255696406394e-01
1.782088412195641514e-01 4.910183551249599487e-01 6.979968977803026053e-01 2.129085395357577237e-01 8.611481727035192879e-01 2.101215845847152486e-01 2.198581865587752038e-01 3.154214169400589851e-01 9.377673892373505904e-02 9.383240491464355237e-01 7.571465134242882922e-01 3.061401249605837371e-01 5.271765880912608893e-01 8.549628055669388216e-01 8.043955100205832931e-01 4.963712998714063240e-01 3.267041470725067231e-01 9.446737031001967155e-01 7.422768577513905175e-01 8.816122333627103291e-01 6.165949621315920393e-01 5.512540146994164836e-01 3.867563150526723281e-01 1.706010469879348790e-01 6.246570376396141100e-01 9.016784204325355434e-01 2.002258843029316449e-01 5.634641763444619977e-01 6.635524767014477909e-01 8.589573915403662108e-01 5.996104452696690013e-01 0.000000000000000000e+00 6.714836665555217188e-01 4.135054957061599090e-01 7.782536262147766726e-01
2.730921120278891889e-01 3.195266196889530175e-01 4.857644943000088977e-01 8.578122691810446954e-01 1.398813283538837826e-01 4.040815713099042972e-01 5.348480796137722315e-01 3.668428218327638435e-01 5.448803825662997813e-01 4.891283064941986392e-01 2.202341171300004063e-01 4.617581545514582997e-01 2.467192198933538805e-01 4.723526827846696308e-01 7.880632267190473828e-01 7.267763791065364742e-01 3.744501464527700829e-01 6.972208459532301950e-01 4.387601415792974358e-02 6.984403564357821725e-02 6.201090049323397801e-01 6.917332075575454153e-01 5.358246391815169041e-01 4.325691112677372829e-01 7.521925337594201899e-01 2.233129957091039008e-01 8.145120428870644691e-01 2.735826293484365790e-01 7.131687597142859492e-01 3.349187920235674465e-01 1.483474063348613203e-01 6.714836665555217188e-01 0.000000000000000000e+00 3.736757457195239995e-01 7.697078209183976227e-01
1.981671006575564942e-01 8.108452867535844710e-01 6.025944571918790960e-01 3.717010342740619810e-01 8.496627614446059518e-01 7.752349291799904840e-01 7.181805303929532647e-01 2.987215614137122000e-01 2.627701017208691203e-01 4.820829527562876526e-01 7.636970469725730126e-01 8.438917114966106858e-01 3.114128106171812904e-01 3.066328118796613489e-01 8.390234814525148188e-01 4.361122448938840601e-01 6.983473514615257116e-02 7.517282201466017888e-01 2.921093396942975318e-02 1.353165464851563415e-01 4.627426146445962618e-01 9.311616874967021396e-01 4.350432753944305508e-01 1.881215326836080948e-01 3.000818655710334459e-01 4.793157615197116139e-01 7.057814002882037974e-01 7.114517484116451573e-01 6.463831940630637707e-01 3.451739546091364685e-01 5.108206784970067416e-01 4.135054957061599090e-01 3.736757457195239995e-01 0.000000000000000000e+00 1.521005493104270467e-01
9.699208044747431590e-01 8.564913855863125480e-01 2.197983529898153154e-01 3.485098759334349650e-01 6.396862719422842236e-01 8.826847368076371492e-01 4.885557249199989349e-01 5.847228496620160421e-01 4.041705369249455893e-01 1.522692758267698565e-01 5.801893796242345580e-01 7.420322265076527701e-01 9.772083138238216726e-01 9.403195452473736005e-01 5.504221498482531061e-01 5.780299985206340807e-01 3.536573527694965025e-01 5.390841873422557162e-01 9.280853951365191090e-01 2.985043794359474867e-01 4.216142484597348306e-01 7.327106464531905061e-01 3.497761867897611898e-01 5.237503469406344925e-01 1.792697442822451803e-01 8.226179186647619712e-01 5.701762486313168843e-01 2.226285202570024158e-01 4.410647610556669429e-01 8.346487940114690751e-01 4.288617255696406394e-01 7.782536262147766726e-01 7.697078209183976227e-01 1.521005493104270467e-01 0.000000000000000000e+00
