0.000000000000000000e+00 8.939262797473623845e-01 2.009709318577116433e-01 2.936780475756400888e-01 5.010173121566210419e-01 8.890994580615281251e-01 5.484973079567969645e-01 9.505895637562106204e-01 1.520024038511070819e-01 5.868755186947178792e-01 8.174669194849060183e-01 8.806683632784726434e-01 8.912922514072364466e-01 8.101296899785892514e-01 6.925854934596060719e-01 4.352280665426214723e-01 1.905163736359158366e-01 9.070992132447395218e-01 4.844708999462243315e-01 4.729717299080609672e-01 3.428762618508320315e-01 6.624915651128993055e-01 4.499047602812009661e-01 3.318621234113285356e-01 8.039179277630661424e-01 3.552339565667314569e-01 8.299111107296536227e-01 3.808781192089676915e-01 4.269701703579661389e-01 5.408531516658203753e-01 2.479453609072601594e-01 3.590809375327045361e-01 5.504189132580487032e-01 5.664578524788602687e-01 7.114940540744993935e-01
8.939262797473623845e-01 0.000000000000000000e+00 8.157475566728178418e-01 1.775206331514582181e-01 7.064790988233327074e-01 4.945719878946877035e-01 7.119517832335520158e-01 4.750664284167802065e-01 5.519469446574833960e-01 2.780350693799938377e-01 7.507193526540041351e-01 7.252488213758773172e-01 4.349703648304081294e-01 5.874168909837711450e-01 6.508987067615163991e-01 6.290558921970902384e-01 5.429855584096658916e-01 5.237868493820210247e-01 4.920255185640341478e-01 6.357326604578327212e-01 5.189466621302247784e-01 8.534270269534760534e-01 5.199337530831315002e-01 4.266828847500765409e-01 9.797066201445598921e-01 1.067142746935234587e-01 6.390424575190017942e-01 8.818536618769718949e-01 1.991380763254899655e-01 4.835495630917379106e-01 4.531500701271186649e-01 3.237466181708187341e-01 5.457940544813151273e-01 6.493673271373467948e-01 8.707608311050079042e-01
2.009709318577116433e-01 8.157475566728178418e-01 0.000000000000000000e+00 7.258309242151114171e-01 3.188464433064406300e-01 4.609257093037423259e-01 8.346056029642464624e-01 8.412072957061988987e-01 4.443482124310769721e-01 3.043666360262446968e-01 3.919857140548182461e-01 8.061869801576841965e-01 5.545510405089995043e-01 7.337298228653486021e-01 4.768922015327310970e-01 8.384740782777215795e-01 6.756867474915302374e-01 7.410006839444703841e-01 1.381657272811968040e-01 5.260434762622467897e-01 5.142225508187839855e-01 5.508706514950207911e-01 9.070730300732475770e-01 8.838208345727947002e-01 8.593461675066818017e-01 6.251812091191972787e-01 8.119030929707555799e-01 5.882067431317667960e-01 8.406628548496986042e-01 2.988058104831426975e-01 9.039079328355910103e-01 6.315601957632778207e-01 6.947813554070670916e-01 6.112640486258478223e-01 4.423535849962481059e-01
2.936780475756400888e-01 1.775206331514582181e-01 7.258309242151114171e-01 0.000000000000000000e+00 7.178080787613900782e-01 4.833349051345981473e-01 4.869060666774849833e-01 4.568325353132057232e-01 5.757824652262980569e-01 3.819835807140797290e-01 3.760399285007209880e-01 7.884350256203978002e-01 8.246609592305573777e-01 3.666856803570629486e-01 2.678742567421224519e-01 7.860101322713792804e-01 2.687434174939737908e-01 7.846045952387226130e-01 4.779500588303334241e-01 4.609829870176213040e-01 1.712504267464561858e-01 3.594276341532928187e-01 7.849771044972533307e-01 8.600191609002693083e-01 4.130386161147395763e-01 2.975556243341546114e-01 8.703430865206862599e-01 8.582301835597092587e-01 7.967235639881056208e-01 2.996176008957236458e-01 4.136449214647869299e-01 5.300515357669346450e-01 4.485091608430902266e-01 9.082991307513528234e-01 2.200347393613774349e-01
5.010173121566210419e-01 7.064790988233327074e-01 3.188464433064406300e-01 7.178080787613900782e-01 0.000000000000000000e+00 7.397246690519094781e-01 6.798862799743589092e-01 7.498180440897705967e-01 7.012419300439134418e-01 6.594788431864005984e-01 6.237180658418766122e-01 1.192823764334666192e-01 2.228788415490053909e-01 4.265953108203747179e-01 9.160276647593250665e-01 2.747050624369589134e-01 7.364953449296143262e-01 6.470889759787760154e-01 9.006549737936755395e-01 4.925565557292216345e-01 3.885923216551555592e-01 6.644674155200681609e-01 3.905179849924985125e-01 8.236816815704670613e-01 4.464407591848121304e-01 6.007579256730917194e-01 7.431561820156806775e-02 4.021363183955348752e-01 5.258980318555386280e-01 2.407878567712514462e-01 4.057667207722788771e-01 4.282005500436034673e-01 5.103328381980845041e-01 7.018549394729700630e-01 7.495547888526423730e-01
8.890994580615281251e-01 4.945719878946877035e-01 4.609257093037423259e-01 4.833349051345981473e-01 7.397246690519094781e-01 0.000000000000000000e+00 3.215582495836396548e-01 5.917153653727887930e-01 7.587940790971942073e-01 5.474744801787325699e-01 4.242694855546738086e-01 6.187940535517273410e-01 8.540326851450485979e-01 9.577146300311791816e-01 2.231509411069008131e-01 6.920925161952984350e-01 7.345848451243994770e-01 8.117037806026083935e-02 7.847509258832563450e-01 5.270929441642880908e-01 7.160965567158352751e-01 1.014730671293363473e-01 7.453980449457613400e-01 4.788424706448477508e-01 7.009524966342693952e-01 3.348095985023422649e-01 4.741081900768983615e-01 2.879001427440338601e-01 7.128491332052989682e-01 5.931832368975120673e-01 4.673886541113167481e-01 3.508196782274669578e-01 7.506664517284838967e-01 4.196849452828307347e-01 3.580695451001774110e-01
5.484973079567969645e-01 7.119517832335520158e-01 8.346056029642464624e-01 4.869060666774849833e-01 6.798862799743589092e-01 3.215582495836396548e-01 0.000000000000000000e+00 3.219123114967685773e-01 9.370295192908779658e-01 6.590536130842068463e-01 2.941270926071650749e-01 4.753218389198905491e-01 8.532745623125219669e-01 3.406090133569941170e-01 7.300754883039175525e-01 8.189181054004579519e-01 9.247695441562806540e-01 7.624605635033459006e-01 6.807480364726402611e-01 1.524662018561576127e-01 8.220047320612717812e-01 8.479459474716684042e-01 5.862520682077480005e-01 2.953289690874725260e-01 7.019583259341648507e-01 7.502369693976499443e-01 4.824111908743683452e-01 2.765621511323745896e-01 8.566460801878761355e-02 5.594934899095027614e-01 5.033625538613015760e-01 5.031971904722541966e-01 5.156129812257179701e-01 6.625471419309958421e-01 3.841009619336507308e-01
9.505895637562106204e-01 4.750664284167802065e-01 8.412072957061988987e-01 4.568325353132057232e-01 7.498180440897705967e-01 5.917153653727887930e-01 3.219123114967685773e-01 0.000000000000000000e+00 2.594166525694370229e-01 6.469700231175377070e-01 5.087319607959168710e-01 6.220985729449877155e-01 8.569552129059969658e-01 4.929740456474138166e-01 5.209274771808545257e-01 7.436536936398692177e-01 4.418448238993650246e-01 8.255857994135329392e-01 2.296345568264933079e-01 6.785459063659005086e-01 3.961354797771871605e-01 3.028155727123358343e-01 2.776333774375933094e-01 6.013162929427768866e-01 9.875904907224986040e-02 5.051026341793323216e-01 8.238237785109887579e-01 4.371746003567942851e-01 5.163634906396163959e-01 4.067317283172398046e-01 5.936752810946048786e-01 6.645978319921429511e-01 2.064656046208221962e-01 4.878850699584638129e-01 3.797300336157770628e-01
1.520024038511070819e-01 5.519469446574833960e-01 4.443482124310769721e-01 5.757824652262980569e-01 7.012419300439134418e-01 7.587940790971942073e-01 9.370295192908779658e-01 2.594166525694370229e-01 0.000000000000000000e+00 4.351047534290971019e-01 2.610417454133197035e-01 6.030045434083024514e-01 4.910711489276304298e-01 2.299884773221400058e-01 3.062035764702589757e-01 4.144265377088257596e-01 4.012809615107521544e-01 8.823543700663851741e-01 4.776123679541178779e-01 8.824231347944568871e-01 9.399134860840423489e-01 7.949625037477776601e-01 6.210548122000749682e-01 6.206089108138335142e-01 7.199448774061061318e-01 7.443757125937879859e-01 4.994522068268856252e-01 5.061888893977666282e-01 7.886726867501987481e-01 8.480412914332602359e-02 7.185284719862509162e-01 6.311720858360169162e-01 6.463264178677622374e-01 3.935831318134749846e-01 4.373338445374538863e-01
5.868755186947178792e-01 2.780350693799938377e-01 3.043666360262446968e-01 3.819835807140797290e-01 6.594788431864005984e-01 5.474744801787325699e-01 6.590536130842068463e-01 6.469700231175377070e-01 4.351047534290971019e-01 0.000000000000000000e+00 7.999258402559784598e-01 5.319652057457384675e-01 3.175715291353621295e-01 7.823784238383231227e-01 4.997447196102027811e-01 8.251828742818916318e-01 5.055080944223314665e-01 7.219881114305221059e-01 4.663564574257454409e-01 8.441141090144471670e-01 5.713773820705854156e-01 9.499809026597938466e-01 3.698549558401552639e-01 5.590165606437770274e-01 2.342477651569285779e-01 6.014864810191383748e-01 5.279196132154497789e-01 5.347703553334459681e-01 4.295116119600008164e-01 6.447746500853663854e-01 4.545069889573701838e-01 7.684533375712765402e-01 4.194124408196873155e-01 7.341563926798923001e-01 5.286668512072463244e-01
8.174669194849060183e-01 7.507193526540041351e-01 3.919857140548182461e-01 3.760399285007209880e-01 6.237180658418766122e-01 4.242694855546738086e-01 2.941270926071650749e-01 5.087319607959168710e-01 2.610417454133197035e-01 7.999258402559784598e-01 0.000000000000000000e+00 5.632101217073082200e-01 4.586530579528774187e-01 4.311463986912532631e-01 6.529829777277934566e-01 5.158337934233160338e-01 8.592925221216113352e-01 4.519734940189809591e-01 7.855978229761766407e-01 4.146077016021493811e-01 5.266253084180958499e-01 4.499502881201090099e-01 1.817713861339621539e-01 8.935038145450302505e-01 6.194750280125098651e-01 5.503661032475994919e-01 8.272546144427175285e-01 6.061446272605069963e-01 7.724572670192826340e-01 8.208408712448926892e-01 4.019299373191032032e-01 4.740689686302499428e-01 4.838970780414759143e-01 8.391344581271181768e-01 6.502365959213519675e-01
8.806683632784726434e-01 7.252488213758773172e-01 8.061869801576841965e-01 7.884350256203978002e-01 1.192823764334666192e-01 6.187940535517273410e-01 4.753218389198905491e-01 6.220985729449877155e-01 6.030045434083024514e-01 5.319652057457384675e-01 5.632101217073082200e-01 0.000000000000000000e+00 6.963183392892617896e-01 1.362560228060255008e-01 4.510603896069438346e-01 5.455428244411860694e-01 4.021655635727625633e-01 8.096180030376882719e-01 8.804850245957811516e-01 2.374909735736882022e-01 3.422526947701187705e-01 1.631074546309151385e-01 7.921781092321331652e-01 5.095568538907807588e-01 8.954278081352838869e-01 4.998679803814231049e-01 7.586058322771913609e-01 5.629361461751989371e-01 4.825932981127513677e-01 4.172391627388356006e-01 6.233715075181153198e-01 6.461155302614693952e-01 3.271925015552076821e-01 3.502440187165021812e-01 5.813922471359478372e-02
8.912922514072364466e-01 4.349703648304081294e-01 5.545510405089995043e-01 8.246609592305573777e-01 2.228788415490053909e-01 8.540326851450485979e-01 8.532745623125219669e-01 8.569552129059969658e-01 4.910711489276304298e-01 3.175715291353621295e-01 4.586530579528774187e-01 6.963183392892617896e-01 0.000000000000000000e+00 8.492404588127342446e-01 6.163011673632986520e-01 6.261317483720162391e-01 4.175413655329497931e-01 4.198706985009964532e-01 1.724825673854361030e-01 7.862493683301912117e-01 4.606315747989499498e-01 1.727466259814263161e-01 6.176305516690199227e-01 8.177564339109537617e-01 4.814684408631376700e-01 8.400103495700339540e-01 3.425145412012918222e-01 7.585683802654230590e-02 7.074449334389776300e-01 8.224520153140397749e-01 3.880390238557214211e-01 7.759215763667944854e-01 6.976304682994990403e-01 6.364776740277657829e-01 7.602583056254734739e-01
8.101296899785892514e-01 5.874168909837711450e-01 7.337298228653486021e-01 3.666856803570629486e-01 4.265953108203747179e-01 9.577146300311791816e-01 3.406090133569941170e-01 4.929740456474138166e-01 2.299884773221400058e-01 7.823784238383231227e-01 4.311463986912532631e-01 1.362560228060255008e-01 8.492404588127342446e-01 0.000000000000000000e+00 6.135728356774710068e-01 4.877371237048140906e-01 8.607889629245264462e-01 5.600869461330268972e-01 6.117411954644925709e-01 7.102572452666890968e-01 2.453267211875266307e-01 1.674504529927709484e-01 5.118081598755503947e-01 4.880479962243041703e-01 3.015390902269512452e-01 5.644318544329522958e-01 1.068560839095423765e-01 7.788791168148003763e-01 7.269648630840263026e-01 4.515665450310958895e-01 2.722955795784891553e-01 1.666036981755986135e-01 1.419527615287397015e-01 6.874764543668572259e-01 4.503857600165013242e-01
6.925854934596060719e-01 6.508987067615163991e-01 4.768922015327310970e-01 2.678742567421224519e-01 9.160276647593250665e-01 2.231509411069008131e-01 7.300754883039175525e-01 5.209274771808545257e-01 3.062035764702589757e-01 4.997447196102027811e-01 6.529829777277934566e-01 4.510603896069438346e-01 6.163011673632986520e-01 6.135728356774710068e-01 0.000000000000000000e+00 7.687171952684173082e-01 8.117648750765549259e-01 6.937468798210544296e-01 5.512903424864212809e-02 5.135833374779870120e-01 3.371966971546535019e-01 6.459081927179100013e-01 6.228547625137031973e-01 1.770705030383309397e-01 7.500796316851883194e-01 5.617837254919757495e-01 6.616114646969197821e-01 6.818834977416796672e-01 5.422747140064867466e-01 8.666353442962733133e-01 5.212186602474367936e-01 8.984898798005456211e-01 6.656423394550917694e-01 5.465299170841737553e-01 2.785896731845302621e-01
4.352280665426214723e-01 6.290558921970902384e-01 8.384740782777215795e-01 7.860101322713792804e-01 2.747050624369589134e-01 6.920925161952984350e-01 8.189181054004579519e-01 7.436536936398692177e-01 4.144265377088257596e-01 8.251828742818916318e-01 5.158337934233160338e-01 5.455428244411860694e-01 6.261317483720162391e-01 4.877371237048140906e-01 7.687171952684173082e-01 0.000000000000000000e+00 7.895019449377703724e-01 5.597259561812106821e-01 1.987961278966231538e-01 8.888962617896092322e-01 7.754145076633762734e-01 5.275776358380627196e-01 6.338516152105340140e-01 8.715957396900836374e-01 1.448991287463733402e-01 7.651090971668963459e-01 2.434230639445114086e-01 4.908075576499964510e-01 4.862757770017369086e-01 2.646139862784935293e-02 4.638921943725418662e-01 8.620817525556319083e-01 4.999437458269702095e-01 1.111326211758690286e-01 6.365940516569787988e-01
1.905163736359158366e-01 5.429855584096658916e-01 6.756867474915302374e-01 2.687434174939737908e-01 7.364953449296143262e-01 7.345848451243994770e-01 9.247695441562806540e-01 4.418448238993650246e-01 4.012809615107521544e-01 5.055080944223314665e-01 8.592925221216113352e-01 4.021655635727625633e-01 4.175413655329497931e-01 8.607889629245264462e-01 8.117648750765549259e-01 7.895019449377703724e-01 0.000000000000000000e+00 8.277126075694174467e-01 4.626209103388800314e-01 3.466645720234310390e-01 7.155627285875685306e-01 8.610684903956907776e-01 5.152584309495766846e-01 4.877787087087294693e-01 3.067665964617419250e-01 8.243256639820059073e-01 6.410867562570814471e-01 9.754412834511201336e-01 4.252458074699229096e-01 6.778540556172659715e-01 1.656926876718778363e-01 6.557286585290851288e-01 6.717907125954930558e-01 5.710905667709813560e-01 3.491549413202458263e-01
9.070992132447395218e-01 5.237868493820210247e-01 7.410006839444703841e-01 7.846045952387226130e-01 6.470889759787760154e-01 8.117037806026083935e-02 7.624605635033459006e-01 8.255857994135329392e-01 8.823543700663851741e-01 7.219881114305221059e-01 4.519734940189809591e-01 8.096180030376882719e-01 4.198706985009964532e-01 5.600869461330268972e-01 6.937468798210544296e-01 5.597259561812106821e-01 8.277126075694174467e-01 0.000000000000000000e+00 7.720544472205794762e-01 9.110175428041120682e-01 7.761938902080518510e-01 3.009204124083263432e-01 7.669697561607979885e-01 3.011493182188926809e-01 7.075361778995921114e-01 3.152620508011636513e-01 8.379719794974320735e-01 1.326416754515274965e-01 3.980272485746433331e-01 4.957264007145067986e-01 2.678942905340182534e-01 8.498550579594517096e-01 8.306024154862268194e-01 8.178280879115842339e-01 4.242147787721623486e-01
4.844708999462243315e-01 4.920255185640341478e-01 1.381657272811968040e-01 4.779500588303334241e-01 9.006549737936755395e-01 7.847509258832563450e-01 6.807480364726402611e-01 2.296345568264933079e-01 4.776123679541178779e-01 4.663564574257454409e-01 7.855978229761766407e-01 8.804850245957811516e-01 1.724825673854361030e-01 6.117411954644925709e-01 5.512903424864212809e-02 1.987961278966231538e-01 4.626209103388800314e-01 7.720544472205794762e-01 0.000000000000000000e+00 6.011175774032584407e-01 1.384043364277799393e-01 3.680029528311314357e-01 8.162160645131215642e-01 4.918105077453970853e-01 5.983623530441184446e-01 9.490381922236832413e-01 1.751710736735238028e-01 5.135103863778078814e-01 7.060673101306972343e-01 5.268100222781171293e-01 4.226127922962245043e-01 5.258547493675067575e-01 5.925867981146998309e-01 6.455739305433733088e-01 1.561990607162500044e-02
4.729717299080609672e-01 6.357326604578327212e-01 5.260434762622467897e-01 4.609829870176213040e-01 4.925565557292216345e-01 5.270929441642880908e-01 1.524662018561576127e-01 6.785459063659005086e-01 8.824231347944568871e-01 8.441141090144471670e-01 4.146077016021493811e-01 2.374909735736882022e-01 7.862493683301912117e-01 7.102572452666890968e-01 5.135833374779870120e-01 8.888962617896092322e-01 3.466645720234310390e-01 9.110175428041120682e-01 6.011175774032584407e-01 0.000000000000000000e+00 5.298041345085341414e-01 7.935000887268019998e-01 7.672930393186423448e-01 5.860878607835129372e-01 6.850535509342019491e-01 3.320636307177717850e-01 1.044478344686946558e-01 6.034605437718940646e-01 7.230415347033234408e-01 5.199812552236948715e-01 4.730083449242247218e-01 1.669397040135308652e-01 7.703581437872173421e-01 6.817974726859195034e-01 4.846986420882125612e-01
3.428762618508320315e-01 5.189466621302247784e-01 5.142225508187839855e-01 1.712504267464561858e-01 3.885923216551555592e-01 7.160965567158352751e-01 8.220047320612717812e-01 3.961354797771871605e-01 9.399134860840423489e-01 5.713773820705854156e-01 5.266253084180958499e-01 3.422526947701187705e-01 4.606315747989499498e-01 2.453267211875266307e-01 3.371966971546535019e-01 7.754145076633762734e-01 7.155627285875685306e-01 7.761938902080518510e-01 1.384043364277799393e-01 5.298041345085341414e-01 0.000000000000000000e+00 6.344975023584862317e-01 6.156149584407653030e-01 6.853424093151130325e-01 9.495633979610581532e-01 8.502941591641353103e-01 6.569751888560363406e-01 5.217106312046876360e-01 8.076306163758674161e-01 8.617126427103163344e-01 3.951113341578731397e-01 5.020626623606887495e-01 8.724148544231307145e-01 7.579301039732939671e-01 3.652936532219599464e-01
6.624915651128993055e-01 8.534270269534760534e-01 5.508706514950207911e-01 3.594276341532928187e-01 6.644674155200681609e-01 1.014730671293363473e-01 8.479459474716684042e-01 3.028155727123358343e-01 7.949625037477776601e-01 9.499809026597938466e-01 4.499502881201090099e-01 1.631074546309151385e-01 1.727466259814263161e-01 1.674504529927709484e-01 6.459081927179100013e-01 5.275776358380627196e-01 8.610684903956907776e-01 3.009204124083263432e-01 3.680029528311314357e-01 7.935000887268019998e-01 6.344975023584862317e-01 0.000000000000000000e+00 5.197952549502071751e-01 8.816041062037118792e-01 6.239772031331685120e-01 5.521440856271444542e-01 8.205821480925612477e-01 4.742504317911034883e-01 5.132933607630917328e-01 1.831634381422210800e-01 5.424393074292932493e-01 7.365209820287983433e-01 6.512768571749368851e-01 5.253742616434086132e-01 2.211529355204412406e-01
4.499047602812009661e-01 5.199337530831315002e-01 9.070730300732475770e-01 7.849771044972533307e-01 3.905179849924985125e-01 7.453980449457613400e-01 5.862520682077480005e-01 2.776333774375933094e-01 6.210548122000749682e-01 3.698549558401552639e-01 1.817713861339621539e-01 7.921781092321331652e-01 6.176305516690199227e-01 5.118081598755503947e-01 6.228547625137031973e-01 6.338516152105340140e-01 5.152584309495766846e-01 7.669697561607979885e-01 8.162160645131215642e-01 7.672930393186423448e-01 6.156149584407653030e-01 5.197952549502071751e-01 0.000000000000000000e+00 2.817890990313441923e-01 5.591834371840143092e-01 2.339052348574172935e-01 8.375812046387964838e-01 8.644394374422545990e-01 3.821193860520413210e-01 8.202121703701767963e-01 5.957668932960367147e-01 9.642862950871373684e-01 6.637005426734092772e-01 7.052145213115567079e-01 1.191716907423134852e-01
3.318621234113285356e-01 4.266828847500765409e-01 8.838208345727947002e-01 8.600191609002693083e-01 8.236816815704670613e-01 4.788424706448477508e-01 2.953289690874725260e-01 6.013162929427768866e-01 6.206089108138335142e-01 5.590165606437770274e-01 8.935038145450302505e-01 5.095568538907807588e-01 8.177564339109537617e-01 4.880479962243041703e-01 1.770705030383309397e-01 8.715957396900836374e-01 4.877787087087294693e-01 3.011493182188926809e-01 4.918105077453970853e-01 5.860878607835129372e-01 6.853424093151130325e-01 8.816041062037118792e-01 2.817890990313441923e-01 0.000000000000000000e+00 7.305885286586346616e-01 8.812040636151198258e-01 7.809693198906317857e-01 5.191389232425044353e-01 8.564214446890208166e-01 2.480075445760017150e-01 9.282463765192801031e-01 4.617924277307204339e-01 8.818810134236410025e-01 6.947795342393325857e-01 4.510827507938230951e-01
8.039179277630661424e-01 9.797066201445598921e-01 8.593461675066818017e-01 4.130386161147395763e-01 4.464407591848121304e-01 7.009524966342693952e-01 7.019583259341648507e-01 9.875904907224986040e-02 7.199448774061061318e-01 2.342477651569285779e-01 6.194750280125098651e-01 8.954278081352838869e-01 4.814684408631376700e-01 3.015390902269512452e-01 7.500796316851883194e-01 1.448991287463733402e-01 3.067665964617419250e-01 7.075361778995921114e-01 5.983623530441184446e-01 6.850535509342019491e-01 9.495633979610581532e-01 6.239772031331685120e-01 5.591834371840143092e-01 7.305885286586346616e-01 0.000000000000000000e+00 3.914743884989173583e-01 7.323005463600767984e-01 6.210192331201940252e-01 9.242829357148130143e-01 4.702162040454208047e-01 6.834917751152103094e-01 7.422327027401587340e-01 7.887586288470772589e-01 7.683267692510404867e-01 1.776543445564792156e-01
3.552339565667314569e-01 1.067142746935234587e-01 6.251812091191972787e-01 2.975556243341546114e-01 6.007579256730917194e-01 3.348095985023422649e-01 7.502369693976499443e-01 5.051026341793323216e-01 7.443757125937879859e-01 6.014864810191383748e-01 5.503661032475994919e-01 4.998679803814231049e-01 8.400103495700339540e-01 5.644318544329522958e-01 5.617837254919757495e-01 7.651090971668963459e-01 8.243256639820059073e-01 3.152620508011636513e-01 9.490381922236832413e-01 3.320636307177717850e-01 8.502941591641353103e-01 5.521440856271444542e-01 2.339052348574172935e-01 8.812040636151198258e-01 3.914743884989173583e-01 0.000000000000000000e+00 6.479931914676478888e-01 2.853181351579507918e-01 6.146249983376750325e-01 7.614547654199546045e-01 7.066062145874205669e-01 5.748758869189268816e-01 6.953803485657502614e-01 4.148108038294330280e-01 8.875494757031501258e-01
8.299111107296536227e-01 6.390424575190017942e-01 8.119030929707555799e-01 8.703430865206862599e-01 7.431561820156806775e-02 4.741081900768983615e-01 4.824111908743683452e-01 8.238237785109887579e-01 4.994522068268856252e-01 5.279196132154497789e-01 8.272546144427175285e-01 7.586058322771913609e-01 3.425145412012918222e-01 1.068560839095423765e-01 6.616114646969197821e-01 2.434230639445114086e-01 6.410867562570814471e-01 8.379719794974320735e-01 1.751710736735238028e-01 1.044478344686946558e-01 6.569751888560363406e-01 8.205821480925612477e-01 8.375812046387964838e-01 7.809693198906317857e-01 7.323005463600767984e-01 6.479931914676478888e-01 0.000000000000000000e+00 4.480997892084049306e-01 4.794396831512708346e-01 6.381434373277419247e-01 3.737957987117415670e-01 4.146752271584254745e-01 5.517252311126072950e-01 4.617920377086215389e-01 8.510305804201514501e-01
3.808781192089676915e-01 8.818536618769718949e-01 5.882067431317667960e-01 8.582301835597092587e-01 4.021363183955348752e-01 2.879001427440338601e-01 2.765621511323745896e-01 4.371746003567942851e-01 5.061888893977666282e-01 5.347703553334459681e-01 6.061446272605069963e-01 5.629361461751989371e-01 7.585683802654230590e-02 7.788791168148003763e-01 6.818834977416796672e-01 4.908075576499964510e-01 9.754412834511201336e-01 1.326416754515274965e-01 5.135103863778078814e-01 6.034605437718940646e-01 5.217106312046876360e-01 4.742504317911034883e-01 8.644394374422545990e-01 5.191389232425044353e-01 6.210192331201940252e-01 2.853181351579507918e-01 4.480997892084049306e-01 0.000000000000000000e+00 3.095883861452105590e-01 5.375627857253744146e-01 6.629838300474562018e-01 4.962704784967031935e-01 3.380072353573008170e-01 2.489769841037181575e-01 8.621374799827965507e-01
4.269701703579661389e-01 1.991380763254899655e-01 8.406628548496986042e-01 7.967235639881056208e-01 5.258980318555386280e-01 7.128491332052989682e-01 8.566460801878761355e-02 5.163634906396163959e-01 7.886726867501987481e-01 4.295116119600008164e-01 7.724572670192826340e-01 4.825932981127513677e-01 7.074449334389776300e-01 7.269648630840263026e-01 5.422747140064867466e-01 4.862757770017369086e-01 4.252458074699229096e-01 3.980272485746433331e-01 7.060673101306972343e-01 7.230415347033234408e-01 8.076306163758674161e-01 5.132933607630917328e-01 3.821193860520413210e-01 8.564214446890208166e-01 9.242829357148130143e-01 6.146249983376750325e-01 4.794396831512708346e-01 3.095883861452105590e-01 0.000000000000000000e+00 7.958975754278898584e-01 8.440785225650719870e-01 8.637174206840166901e-01 8.869176755899356168e-01 2.857889020732647944e-01 4.028835832150318153e-01
5.408531516658203753e-01 4.835495630917379106e-01 2.988058104831426975e-01 2.996176008957236458e-01 2.407878567712514462e-01 5.931832368975120673e-01 5.594934899095027614e-01 4.067317283172398046e-01 8.480412914332602359e-02 6.447746500853663854e-01 8.208408712448926892e-01 4.172391627388356006e-01 8.224520153140397749e-01 4.515665450310958895e-01 8.666353442962733133e-01 2.646139862784935293e-02 6.778540556172659715e-01 4.957264007145067986e-01 5.268100222781171293e-01 5.199812552236948715e-01 8.617126427103163344e-01 1.831634381422210800e-01 8.202121703701767963e-01 2.480075445760017150e-01 4.702162040454208047e-01 7.614547654199546045e-01 6.381434373277419247e-01 5.375627857253744146e-01 7.958975754278898584e-01 0.000000000000000000e+00 4.077039734342502442e-01 4.328647070366942740e-01 7.312635481770248802e-01 6.055345024480920380e-01 6.600513070804754356e-01
2.479453609072601594e-01 4.531500701271186649e-01 9.039079328355910103e-01 4.136449214647869299e-01 4.057667207722788771e-01 4.673886541113167481e-01 5.033625538613015760e-01 5.936752810946048786e-01 7.185284719862509162e-01 4.545069889573701838e-01 4.019299373191032032e-01 6.233715075181153198e-01 3.880390238557214211e-01 2.722955795784891553e-01 5.212186602474367936e-01 4.638921943725418662e-01 1.656926876718778363e-01 2.678942905340182534e-01 4.226127922962245043e-01 4.730083449242247218e-01 3.951113341578731397e-01 5.424393074292932493e-01 5.957668932960367147e-01 9.282463765192801031e-01 6.834917751152103094e-01 7.066062145874205669e-01 3.737957987117415670e-01 6.629838300474562018e-01 8.440785225650719870e-01 4.077039734342502442e-01 0.000000000000000000e+00 3.098639041228289370e-01 2.096274398823473328e-01 2.942839318210212496e-01 7.923481336459766711e-01
3.590809375327045361e-01 3.237466181708187341e-01 6.315601957632778207e-01 5.300515357669346450e-01 4.282005500436034673e-01 3.508196782274669578e-01 5.031971904722541966e-01 6.645978319921429511e-01 6.311720858360169162e-01 7.684533375712765402e-01 4.740689686302499428e-01 6.461155302614693952e-01 7.759215763667944854e-01 1.666036981755986135e-01 8.984898798005456211e-01 8.620817525556319083e-01 6.557286585290851288e-01 8.498550579594517096e-01 5.258547493675067575e-01 1.669397040135308652e-01 5.020626623606887495e-01 7.365209820287983433e-01 9.642862950871373684e-01 4.617924277307204339e-01 7.422327027401587340e-01 5.748758869189268816e-01 4.146752271584254745e-01 4.962704784967031935e-01 8.637174206840166901e-01 4.328647070366942740e-01 3.098639041228289370e-01 0.000000000000000000e+00 4.899503041946801085e-01 6.700894387589457768e-01 4.862094889885730797e-01
5.504189132580487032e-01 5.457940544813151273e-01 6.947813554070670916e-01 4.485091608430902266e-01 5.103328381980845041e-01 7.506664517284838967e-01 5.156129812257179701e-01 2.064656046208221962e-01 6.463264178677622374e-01 4.194124408196873155e-01 4.838970780414759143e-01 3.271925015552076821e-01 6.976304682994990403e-01 1.419527615287397015e-01 6.656423394550917694e-01 4.999437458269702095e-01 6.717907125954930558e-01 8.306024154862268194e-01 5.925867981146998309e-01 7.703581437872173421e-01 8.724148544231307145e-01 6.512768571749368851e-01 6.637005426734092772e-01 8.818810134236410025e-01 7.887586288470772589e-01 6.953803485657502614e-01 5.517252311126072950e-01 3.380072353573008170e-01 8.869176755899356168e-01 7.312635481770248802e-01 2.096274398823473328e-01 4.899503041946801085e-01 0.000000000000000000e+00 4.799940433820384378e-01 8.645262367064761033e-01
5.664578524788602687e-01 6.493673271373467948e-01 6.112640486258478223e-01 9.082991307513528234e-01 7.018549394729700630e-01 4.196849452828307347e-01 6.625471419309958421e-01 4.878850699584638129e-01 3.935831318134749846e-01 7.341563926798923001e-01 8.391344581271181768e-01 3.502440187165021812e-01 6.364776740277657829e-01 6.874764543668572259e-01 5.465299170841737553e-01 1.111326211758690286e-01 5.710905667709813560e-01 8.178280879115842339e-01 6.455739305433733088e-01 6.817974726859195034e-01 7.579301039732939671e-01 5.253742616434086132e-01 7.052145213115567079e-01 6.947795342393325857e-01 7.683267692510404867e-01 4.148108038294330280e-01 4.617920377086215389e-01 2.489769841037181575e-01 2.857889020732647944e-01 6.055345024480920380e-01 2.942839318210212496e-01 6.700894387589457768e-01 4.799940433820384378e-01 0.000000000000000000e+00 5.867195209641092868e-01
7.114940540744993935e-01 8.707608311050079042e-01 4.423535849962481059e-01 2.200347393613774349e-01 7.495547888526423730e-01 3.580695451001774110e-01 3.841009619336507308e-01 3.797300336157770628e-01 4.373338445374538863e-01 5.286668512072463244e-01 6.502365959213519675e-01 5.813922471359478372e-02 7.602583056254734739e-01 4.503857600165013242e-01 2.785896731845302621e-01 6.365940516569787988e-01 3.491549413202458263e-01 4.242147787721623486e-01 1.561990607162500044e-02 4.846986420882125612e-01 3.652936532219599464e-01 2.211529355204412406e-01 1.191716907423134852e-01 4.510827507938230951e-01 1.776543445564792156e-01 8.875494757031501258e-01 8.510305804201514501e-01 8.621374799827965507e-01 4.028835832150318153e-01 6.600513070804754356e-01 7.923481336459766711e-01 4.862094889885730797e-01 8.645262367064761033e-01 5.867195209641092868e-01 0.000000000000000000e+00
