0.000000000000000000e+00 7.064061033112930543e-01 3.405647909145075869e-01 4.186511202847175150e-01 4.012508398392958253e-01 6.864369791053424041e-01 4.581517454421029090e-01 3.344124841442492890e-01 2.112356824517528375e-01 5.869028195403160897e-01 4.341931846168158859e-01 8.671235381839281775e-01 5.419341861765475388e-01 2.817357780096529929e-01 5.005663104431702370e-01 5.772237475124359918e-01 5.811718412655400012e-01 7.758027310154057554e-01 8.306388236065750386e-01 5.353452231284827612e-01 3.244530101764994123e-01 2.232437157078857037e-01 5.477919914387062716e-01 4.658820591005564671e-01 4.535922606223197207e-02 5.496768004598757695e-01 5.329570385619402106e-01 5.273042702020205308e-01 4.379150578895157908e-01 7.741198836498657254e-01 4.255973253900291464e-01 4.555680721637318520e-01 8.323657524332866986e-01 1.655427842162426888e-01 6.734549476502260656e-01
7.064061033112930543e-01 0.000000000000000000e+00 4.909627793267117846e-01 9.181248214088628679e-01 5.198082165631700002e-01 2.895692534993610234e-01 3.846858320030214218e-01 7.399670086507941225e-01 4.558091539764477784e-01 4.875717894066992075e-01 7.837582919315472241e-01 4.591062911535404578e-01 5.001413814448674167e-01 5.029698496883128200e-01 2.896987403019107843e-01 9.773247676332830203e-01 7.130522364038187622e-01 3.359337028026585514e-01 1.545717968752529092e-01 4.770163097622112103e-01 6.249204685015414817e-01 2.345996335358911944e-01 8.734144466623410263e-01 7.295833872592447644e-01 5.095746852085487610e-01 1.396901773230617705e-01 5.105922470536733426e-01 2.995758359621690792e-01 2.400604247840972816e-01 7.554348854695984716e-01 5.565347887306247854e-01 2.273247363489665496e-01 7.708149846901014568e-01 3.285014460679573367e-01 5.320096108789671430e-01
3.405647909145075869e-01 4.909627793267117846e-01 0.000000000000000000e+00 5.476854778102053789e-01 8.152564638709057787e-01 2.827227570128635348e-01 4.756083996252489232e-01 5.029239266127309982e-01 5.121670563469832294e-01 7.732415795605060982e-01 5.357227617992944557e-01 8.415290427206911783e-01 2.713467780350162228e-01 5.531067031690531932e-01 6.864521416499762552e-01 6.842691049909743750e-01 5.218513177650965229e-01 3.155663236748397216e-01 4.599338243753902100e-01 5.042068439374889355e-01 3.583155368441585109e-01 5.332618808509035357e-01 6.699972450977250693e-01 1.088323855532380424e-01 9.678762799453330956e-01 4.514131414456066249e-01 3.131547101949102574e-01 6.272924287598093951e-01 5.489255726370125821e-01 5.944692369963536782e-01 9.230812996932055148e-01 6.288597994230011867e-01 1.425177503483331387e-01 4.828030598066300749e-01 3.115591560775140545e-01
4.186511202847175150e-01 9.181248214088628679e-01 5.476854778102053789e-01 0.000000000000000000e+00 7.020042832732119598e-01 3.964349686440381548e-01 8.147355695766529404e-01 4.018508115930223279e-01 4.594609942713510642e-01 3.538086533257017718e-01 7.400724865823519183e-01 5.339504555902183647e-01 7.534461344801839378e-01 1.376683440696241378e-01 5.024154485749572352e-01 3.536714355882120131e-02 5.504454426702842795e-01 4.507293130298541395e-01 8.116284711894690140e-01 8.248368216872609127e-01 5.130460361737936292e-01 6.533044546076918202e-01 1.642785677922878884e-01 6.319813692393954074e-01 6.677173621696219641e-01 4.221411818851190656e-01 7.624599541444878614e-01 9.656442701358667335e-01 8.174288962808502479e-01 6.518546793943456041e-01 1.779004751901337444e-01 3.509882655734951618e-01 6.028840778196649097e-01 3.619581594295596116e-01 4.362183108675725673e-01
4.012508398392958253e-01 5.198082165631700002e-01 8.152564638709057787e-01 7.020042832732119598e-01 0.000000000000000000e+00 5.921329205271753660e-01 5.516123447397277557e-01 4.075652141793089656e-01 7.765091428916193195e-01 6.830942074264156894e-02 3.782752466636182809e-01 7.618120792453146883e-01 7.884712575721255501e-01 6.927573629928460708e-01 6.515820815965815971e-01 7.647083838352146667e-01 5.500667129136720401e-01 8.710353534616639415e-01 5.094744351187017184e-01 1.344393954563408711e-01 5.088567610491714355e-01 7.562886665997027302e-01 3.974270680642358888e-01 3.875819383030980614e-01 8.043883352369793904e-01 5.168291474168609234e-01 5.046334360626079096e-01 4.998519343250759084e-01 4.327945230794812415e-01 3.888263371419942160e-01 3.688602425514018179e-01 8.332441244823731719e-01 4.499940814653324850e-02 3.459348840873764930e-01 4.268946868971276731e-01
6.864369791053424041e-01 2.895692534993610234e-01 2.827227570128635348e-01 3.964349686440381548e-01 5.921329205271753660e-01 0.000000000000000000e+00 4.833588759222548492e-01 7.249962509949806622e-01 7.488431097403134284e-01 8.097526453717540651e-01 4.215807518518058794e-01 6.000361560761138247e-01 8.649873259463908282e-01 7.800012489006329375e-01 3.994736990029541523e-01 7.479414250284311949e-01 6.581547698894685272e-01 6.209506239799860161e-01 3.727584320596811773e-01 9.342065200199469732e-01 1.899216496165473944e-01 3.447899871361591040e-01 7.438740005185936477e-01 1.459422283364141260e-01 4.512756005414479965e-01 4.446723132066529582e-01 5.028954761375686866e-01 5.189240066228353321e-01 5.545480779081299882e-01 7.405573491851985546e-01 6.002129098727408962e-01 8.680978175531246510e-01 6.472977619339297384e-01 5.571149395125714054e-01 1.574363569567771570e-01
4.581517454421029090e-01 3.846858320030214218e-01 4.756083996252489232e-01 8.147355695766529404e-01 5.516123447397277557e-01 4.833588759222548492e-01 0.000000000000000000e+00 7.649721326625261719e-01 7.735784192961355776e-01 4.217513467371931113e-01 4.051222115639407928e-01 2.825966613546356254e-01 1.183425248121343643e-01 4.987356040080031527e-01 4.568758469004841616e-01 5.873756768173566956e-01 4.951228606763773410e-01 4.799602515207614939e-01 2.904416553281427005e-01 4.274527130924730689e-01 5.480960986493677023e-01 1.841689703378669440e-01 1.167282815925526629e-01 2.929261846778120626e-01 6.848578184222606779e-01 1.531102417353352729e-01 6.187523808427786154e-01 5.430625223123954903e-01 5.171433598327411785e-01 3.944847863135969579e-01 7.660600889518109913e-01 8.796043696070643403e-01 4.888097367174703556e-01 4.467929553016736777e-01 6.702014287259494552e-02
3.344124841442492890e-01 7.399670086507941225e-01 5.029239266127309982e-01 4.018508115930223279e-01 4.075652141793089656e-01 7.249962509949806622e-01 7.649721326625261719e-01 0.000000000000000000e+00 7.508562331160637537e-01 3.660166469772010434e-01 1.492169378515129097e-01 5.046108722555664450e-01 4.518812832144650793e-01 6.037154794703496474e-01 9.228301454432901174e-01 6.123136575154152217e-01 8.222456809068552364e-01 7.032194421376865012e-01 4.567241056798390653e-01 4.184432045850489112e-01 4.588062752687456780e-01 2.489154189333734335e-01 7.537375694429719886e-01 6.028497376491496196e-01 6.618930691422826307e-01 4.513341195704410058e-01 7.991476669601719207e-01 8.302839374383317317e-01 5.610482771806239999e-01 4.575345823608746310e-01 8.766472092491603973e-01 4.012398069492820740e-01 4.323852840375035367e-01 4.216232909820711305e-01 5.847967556866844330e-01
2.112356824517528375e-01 4.558091539764477784e-01 5.121670563469832294e-01 4.594609942713510642e-01 7.765091428916193195e-01 7.488431097403134284e-01 7.735784192961355776e-01 7.508562331160637537e-01 0.000000000000000000e+00 2.251198304088187774e-01 3.970124008947422678e-01 7.980095916036908932e-01 8.141520066596417138e-01 8.041442620770051786e-01 7.075709328174687451e-01 6.467335242075031854e-01 5.767705860872980317e-01 5.656822401275125589e-01 4.766873020984980225e-01 6.287504054749133431e-01 4.776156039315751500e-01 2.840231864367888104e-01 7.004722748897396212e-02 4.760758083777204552e-01 9.297690844756447692e-01 5.692061851297972597e-01 3.506077501238740179e-01 4.908230592860588493e-01 5.250063621295129046e-01 9.562393213173900897e-01 8.759821764873576555e-02 5.869988722579408957e-01 3.843359296039252637e-01 6.267828331779028428e-01 4.719338654171122416e-01
5.869028195403160897e-01 4.875717894066992075e-01 7.732415795605060982e-01 3.538086533257017718e-01 6.830942074264156894e-02 8.097526453717540651e-01 4.217513467371931113e-01 3.660166469772010434e-01 2.251198304088187774e-01 0.000000000000000000e+00 4.091592203354016410e-01 7.920974230474127076e-01 3.942631247112857173e-01 4.733753875851900439e-01 5.440619634882697397e-01 4.673187980383125550e-01 3.760216154429315560e-01 5.776797945053102623e-01 4.989747703109275734e-01 3.611270068818583923e-01 7.393338058657320522e-01 5.296418872428035884e-01 1.981013355047880342e-01 4.442705388691228774e-01 5.670754924387277907e-01 5.066237214841089465e-01 5.167074801159553532e-01 3.328516007719544145e-01 1.615318258226903225e-01 4.071999014497261760e-01 3.135370891347117883e-01 5.737356386448422274e-01 4.183362853861469222e-01 8.916698940009843977e-01 5.984712572613881676e-01
4.341931846168158859e-01 7.837582919315472241e-01 5.357227617992944557e-01 7.400724865823519183e-01 3.782752466636182809e-01 4.215807518518058794e-01 4.051222115639407928e-01 1.492169378515129097e-01 3.970124008947422678e-01 4.091592203354016410e-01 0.000000000000000000e+00 5.362558092328704173e-01 7.821028243142091885e-01 5.430665238276839446e-01 7.457070680184660905e-01 2.155144761916816254e-01 9.118957028101342122e-01 5.182158427316686522e-01 4.559306376318728593e-01 2.719715858570292966e-02 5.080901619213342713e-01 2.990238988217135407e-01 2.581069513949931782e-01 5.950727725249248534e-01 5.519788398094684911e-01 2.930717193340750537e-01 6.234748483182835921e-01 4.042647859389404408e-01 2.298372235439876121e-01 8.169178189260930534e-01 2.182235389843271145e-01 5.338356320225032814e-01 7.894018207822600663e-01 6.635635299254022401e-01 5.164954837386946940e-01
8.671235381839281775e-01 4.591062911535404578e-01 8.415290427206911783e-01 5.339504555902183647e-01 7.618120792453146883e-01 6.000361560761138247e-01 2.825966613546356254e-01 5.046108722555664450e-01 7.980095916036908932e-01 7.920974230474127076e-01 5.362558092328704173e-01 0.000000000000000000e+00 5.440000663991995111e-02 3.647825007160745425e-01 9.013756270579605934e-01 3.349766936782196947e-01 2.853603248955906002e-01 4.233793287061723420e-01 4.490531335175708683e-01 6.071082936853609002e-01 7.775944981617487484e-01 5.465092506457169819e-01 8.582361278993120290e-01 1.171747922490207205e-01 2.861793610722223602e-01 9.375741795848714366e-01 3.765533794420959923e-01 7.911183525180975895e-01 7.415065812874175322e-01 5.596539172215913016e-01 3.415365712286669853e-01 7.882684178211006865e-01 4.095157272365687051e-01 8.682579146824698224e-01 6.390516957990410862e-01
5.419341861765475388e-01 5.001413814448674167e-01 2.713467780350162228e-01 7.534461344801839378e-01 7.884712575721255501e-01 8.649873259463908282e-01 1.183425248121343643e-01 4.518812832144650793e-01 8.141520066596417138e-01 3.942631247112857173e-01 7.821028243142091885e-01 5.440000663991995111e-02 0.000000000000000000e+00 3.009121933135231464e-01 6.464304930409187078e-01 3.931813452071489801e-01 4.264382923049200302e-01 3.427262090336968825e-01 4.317380004914173064e-02 3.346750412617677806e-01 2.655584560429188890e-01 3.563195991225853732e-02 6.375774040659238917e-01 7.730123173736619391e-01 2.562356162048081698e-01 2.942382882640728337e-01 9.774150936556692537e-01 4.861043908546502368e-01 4.402006598205544519e-01 6.092197677087476393e-01 8.992119604703920910e-01 5.677605164716238439e-01 1.840677671698627282e-01 6.998270876908544436e-01 6.426524927388097552e-01
2.817357780096529929e-01 5.029698496883128200e-01 5.531067031690531932e-01 1.376683440696241378e-01 6.927573629928460708e-01 7.800012489006329375e-01 4.987356040080031527e-01 6.037154794703496474e-01 8.041442620770051786e-01 4.733753875851900439e-01 5.430665238276839446e-01 3.647825007160745425e-01 3.009121933135231464e-01 0.000000000000000000e+00 5.630989552814539278e-01 3.357865927409166007e-01 7.345132944465192493e-01 4.569968903018442608e-01 7.313291410408242488e-01 6.812041904587429197e-01 4.023524225471154514e-01 4.143197331921387727e-01 2.015227492149862520e-02 3.300552162058943417e-01 3.255380979006761155e-01 9.085591392619780660e-01 1.131350960256449767e-01 7.561585084129602841e-01 6.719991141969727799e-01 3.309369475631217528e-01 1.717107267255630898e-01 4.824576026209978497e-01 6.369650126764725417e-01 4.925040360648741955e-01 4.005749172031897731e-01
5.005663104431702370e-01 2.896987403019107843e-01 6.864521416499762552e-01 5.024154485749572352e-01 6.515820815965815971e-01 3.994736990029541523e-01 4.568758469004841616e-01 9.228301454432901174e-01 7.075709328174687451e-01 5.440619634882697397e-01 7.457070680184660905e-01 9.013756270579605934e-01 6.464304930409187078e-01 5.630989552814539278e-01 0.000000000000000000e+00 8.591713046838624912e-01 4.937972335350545028e-01 1.622893846337513102e-01 3.508550224595350375e-01 7.871088000509215421e-01 9.281794642947966967e-01 5.660208852659233125e-01 6.255374684816736863e-01 4.880850535024343628e-01 4.532605236576590646e-01 5.305195277075587246e-01 7.297842136759986609e-01 1.880623964456484831e-02 4.739544659717546127e-01 6.038522991427734965e-01 2.865371539437947535e-01 4.793507220694529503e-01 2.790485305667755878e-01 5.038803396009092772e-01 6.723691658140635852e-01
5.772237475124359918e-01 9.773247676332830203e-01 6.842691049909743750e-01 3.536714355882120131e-02 7.647083838352146667e-01 7.479414250284311949e-01 5.873756768173566956e-01 6.123136575154152217e-01 6.467335242075031854e-01 4.673187980383125550e-01 2.155144761916816254e-01 3.349766936782196947e-01 3.931813452071489801e-01 3.357865927409166007e-01 8.591713046838624912e-01 0.000000000000000000e+00 2.302610740490983465e-01 7.484332149157366665e-01 4.385493760674729624e-01 5.656050839331583369e-01 5.743300614209385646e-01 8.005311695987595844e-01 4.991494157666130360e-01 8.429720077403968226e-01 4.465574925572421972e-01 1.635805044020318677e-01 6.060990128416570144e-01 5.990189552036975229e-01 6.502755691852896147e-01 7.341786970646226873e-01 2.922898685173700439e-01 3.067961197096727988e-01 6.474033117082392819e-01 5.892241891875515947e-01 5.292387217364398211e-01
5.811718412655400012e-01 7.130522364038187622e-01 5.218513177650965229e-01 5.504454426702842795e-01 5.500667129136720401e-01 6.581547698894685272e-01 4.951228606763773410e-01 8.222456809068552364e-01 5.767705860872980317e-01 3.760216154429315560e-01 9.118957028101342122e-01 2.853603248955906002e-01 4.264382923049200302e-01 7.345132944465192493e-01 4.937972335350545028e-01 2.302610740490983465e-01 0.000000000000000000e+00 7.454662024815927879e-01 8.408917532786466253e-01 3.143858577903055895e-01 7.311505290993738360e-01 5.583176325630005987e-01 4.227547267067949255e-01 4.351187717684319445e-01 7.110659270191876935e-01 5.944129659202912475e-02 3.702386501571863775e-02 4.881741819534237692e-01 9.835818246978191848e-01 7.538078136904935445e-01 7.141970879248460413e-01 6.522715706577975059e-02 8.375362775661457926e-01 6.049525747026145428e-01 6.738674777395763371e-01
7.758027310154057554e-01 3.359337028026585514e-01 3.155663236748397216e-01 4.507293130298541395e-01 8.710353534616639415e-01 6.209506239799860161e-01 4.799602515207614939e-01 7.032194421376865012e-01 5.656822401275125589e-01 5.776797945053102623e-01 5.182158427316686522e-01 4.233793287061723420e-01 3.427262090336968825e-01 4.569968903018442608e-01 1.622893846337513102e-01 7.484332149157366665e-01 7.454662024815927879e-01 0.000000000000000000e+00 7.266063803003962596e-01 4.789329087118584516e-01 8.615766590282160076e-01 6.988486733762107050e-01 6.893419346230507117e-01 7.191876637812277817e-02 4.264186574529610918e-01 3.006955776850044337e-01 5.042055778187499726e-01 7.283340069224755187e-01 6.298989612522172266e-01 1.741424271732223694e-01 8.550741942621360447e-01 5.056631770120230129e-01 3.357335560316359047e-01 3.707694297569869013e-01 8.689850700482061319e-01
8.306388236065750386e-01 1.545717968752529092e-01 4.599338243753902100e-01 8.116284711894690140e-01 5.094744351187017184e-01 3.727584320596811773e-01 2.904416553281427005e-01 4.567241056798390653e-01 4.766873020984980225e-01 4.989747703109275734e-01 4.559306376318728593e-01 4.490531335175708683e-01 4.317380004914173064e-02 7.313291410408242488e-01 3.508550224595350375e-01 4.385493760674729624e-01 8.408917532786466253e-01 7.266063803003962596e-01 0.000000000000000000e+00 8.241759823018172115e-01 4.395104193377048496e-01 4.798390916037273413e-01 6.671049394685055756e-01 8.652670224167320345e-01 4.296113672526633565e-01 5.627110815537985644e-01 5.431776154953227298e-01 5.551394353526450942e-01 8.092553501162216278e-01 4.825998286026433881e-02 4.163765344082003272e-01 4.597425936024882587e-01 6.375985580075185233e-01 4.715331214152815309e-01 3.897740639197981305e-01
5.353452231284827612e-01 4.770163097622112103e-01 5.042068439374889355e-01 8.248368216872609127e-01 1.344393954563408711e-01 9.342065200199469732e-01 4.274527130924730689e-01 4.184432045850489112e-01 6.287504054749133431e-01 3.611270068818583923e-01 2.719715858570292966e-02 6.071082936853609002e-01 3.346750412617677806e-01 6.812041904587429197e-01 7.871088000509215421e-01 5.656050839331583369e-01 3.143858577903055895e-01 4.789329087118584516e-01 8.241759823018172115e-01 0.000000000000000000e+00 2.120146474304307471e-02 6.082520230853163401e-01 3.259515808020001515e-01 8.293043529413827164e-01 5.137403616698048570e-01 2.245621866277568435e-01 8.091582552296822106e-01 5.348458522718471109e-01 3.164841418771456860e-01 1.929467635355291977e-01 6.241515578543460618e-01 5.207269776232315017e-02 5.646744113582835567e-01 3.978541402480120226e-01 7.913216148202164568e-01
3.244530101764994123e-01 6.249204685015414817e-01 3.583155368441585109e-01 5.130460361737936292e-01 5.088567610491714355e-01 1.899216496165473944e-01 5.480960986493677023e-01 4.588062752687456780e-01 4.776156039315751500e-01 7.393338058657320522e-01 5.080901619213342713e-01 7.775944981617487484e-01 2.655584560429188890e-01 4.023524225471154514e-01 9.281794642947966967e-01 5.743300614209385646e-01 7.311505290993738360e-01 8.615766590282160076e-01 4.395104193377048496e-01 2.120146474304307471e-02 0.000000000000000000e+00 6.960816304215209360e-01 6.879330058961166117e-01 4.590240354234585429e-01 2.465095990190072639e-01 3.982342179125127890e-01 9.339993521826883693e-02 8.430951381406694978e-01 5.092845298879082883e-01 5.302928158937931791e-01 8.776751320120561584e-01 4.190437023896254054e-01 6.948872866426958339e-01 3.339340999092966222e-01 7.190738991486029796e-01
2.232437157078857037e-01 2.345996335358911944e-01 5.332618808509035357e-01 6.533044546076918202e-01 7.562886665997027302e-01 3.447899871361591040e-01 1.841689703378669440e-01 2.489154189333734335e-01 2.840231864367888104e-01 5.296418872428035884e-01 2.990238988217135407e-01 5.465092506457169819e-01 3.563195991225853732e-02 4.143197331921387727e-01 5.660208852659233125e-01 8.005311695987595844e-01 5.583176325630005987e-01 6.988486733762107050e-01 4.798390916037273413e-01 6.082520230853163401e-01 6.960816304215209360e-01 0.000000000000000000e+00 6.740264711192578417e-01 7.412817297527519722e-01 5.126002577132274807e-01 4.655639632912962345e-01 5.981131324179951303e-01 5.711939552368792139e-01 8.128368470313225291e-01 5.559882129572011333e-01 5.972642450587901664e-01 6.031877989002842888e-01 2.869407541414670249e-01 3.718876812023541589e-01 2.095153265278185684e-01
5.477919914387062716e-01 8.734144466623410263e-01 6.699972450977250693e-01 1.642785677922878884e-01 3.974270680642358888e-01 7.438740005185936477e-01 1.167282815925526629e-01 7.537375694429719886e-01 7.004722748897396212e-02 1.981013355047880342e-01 2.581069513949931782e-01 8.582361278993120290e-01 6.375774040659238917e-01 2.015227492149862520e-02 6.255374684816736863e-01 4.991494157666130360e-01 4.227547267067949255e-01 6.893419346230507117e-01 6.671049394685055756e-01 3.259515808020001515e-01 6.879330058961166117e-01 6.740264711192578417e-01 0.000000000000000000e+00 6.208661030980658913e-01 5.022759723720023883e-01 8.708180464042682978e-01 7.155821025642308264e-01 4.085886205069901300e-01 8.634061706750195686e-01 5.006005632393935034e-01 7.894054354378403637e-01 5.311923638222251220e-01 6.523432310281542801e-01 4.370512250602218707e-01 4.112155258505122424e-01
4.658820591005564671e-01 7.295833872592447644e-01 1.088323855532380424e-01 6.319813692393954074e-01 3.875819383030980614e-01 1.459422283364141260e-01 2.929261846778120626e-01 6.028497376491496196e-01 4.760758083777204552e-01 4.442705388691228774e-01 5.950727725249248534e-01 1.171747922490207205e-01 7.730123173736619391e-01 3.300552162058943417e-01 4.880850535024343628e-01 8.429720077403968226e-01 4.351187717684319445e-01 7.191876637812277817e-02 8.652670224167320345e-01 8.293043529413827164e-01 4.590240354234585429e-01 7.412817297527519722e-01 6.208661030980658913e-01 0.000000000000000000e+00 5.338109784104334565e-01 3.494598328111676588e-01 5.934711816735503964e-01 7.605439545394582224e-01 8.802493950614059814e-01 3.119694838160893546e-01 2.263922993819992291e-01 9.004889978761735359e-01 9.243982506319741166e-01 4.994246600187834395e-01 8.683188529711283188e-01
4.535922606223197207e-02 5.095746852085487610e-01 9.678762799453330956e-01 6.677173621696219641e-01 8.043883352369793904e-01 4.512756005414479965e-01 6.848578184222606779e-01 6.618930691422826307e-01 9.297690844756447692e-01 5.670754924387277907e-01 5.519788398094684911e-01 2.861793610722223602e-01 2.562356162048081698e-01 3.255380979006761155e-01 4.532605236576590646e-01 4.465574925572421972e-01 7.110659270191876935e-01 4.264186574529610918e-01 4.296113672526633565e-01 5.137403616698048570e-01 2.465095990190072639e-01 5.126002577132274807e-01 5.022759723720023883e-01 5.338109784104334565e-01 0.000000000000000000e+00 4.622262215173345012e-01 7.480065416537386991e-01 4.178970926789186691e-01 6.226913772884135057e-01 3.996926410096044990e-01 6.401247134903984559e-01 7.913256658921766773e-01 5.108687578940667162e-01 5.146871483699309024e-01 5.909671156376441470e-01
5.496768004598757695e-01 1.396901773230617705e-01 4.514131414456066249e-01 4.221411818851190656e-01 5.168291474168609234e-01 4.446723132066529582e-01 1.531102417353352729e-01 4.513341195704410058e-01 5.692061851297972597e-01 5.066237214841089465e-01 2.930717193340750537e-01 9.375741795848714366e-01 2.942382882640728337e-01 9.085591392619780660e-01 5.305195277075587246e-01 1.635805044020318677e-01 5.944129659202912475e-02 3.006955776850044337e-01 5.627110815537985644e-01 2.245621866277568435e-01 3.982342179125127890e-01 4.655639632912962345e-01 8.708180464042682978e-01 3.494598328111676588e-01 4.622262215173345012e-01 0.000000000000000000e+00 7.684062736836347884e-01 2.554537697480253611e-01 9.150686296081439464e-01 4.916589869167447002e-01 8.517795650396791096e-01 4.050968144936825666e-01 5.070265609289950071e-01 8.645714299376190404e-01 4.898330884800720653e-01
5.329570385619402106e-01 5.105922470536733426e-01 3.131547101949102574e-01 7.624599541444878614e-01 5.046334360626079096e-01 5.028954761375686866e-01 6.187523808427786154e-01 7.991476669601719207e-01 3.506077501238740179e-01 5.167074801159553532e-01 6.234748483182835921e-01 3.765533794420959923e-01 9.774150936556692537e-01 1.131350960256449767e-01 7.297842136759986609e-01 6.060990128416570144e-01 3.702386501571863775e-02 5.042055778187499726e-01 5.431776154953227298e-01 8.091582552296822106e-01 9.339993521826883693e-02 5.981131324179951303e-01 7.155821025642308264e-01 5.934711816735503964e-01 7.480065416537386991e-01 7.684062736836347884e-01 0.000000000000000000e+00 2.162798692928131761e-01 3.434909471669759240e-01 3.732245442622942333e-01 2.178237632770334553e-01 1.036343747205035193e-01 8.681399710246247015e-01 5.500395257185205500e-01 5.807021102926779310e-02
5.273042702020205308e-01 2.995758359621690792e-01 6.272924287598093951e-01 9.656442701358667335e-01 4.998519343250759084e-01 5.189240066228353321e-01 5.430625223123954903e-01 8.302839374383317317e-01 4.908230592860588493e-01 3.328516007719544145e-01 4.042647859389404408e-01 7.911183525180975895e-01 4.861043908546502368e-01 7.561585084129602841e-01 1.880623964456484831e-02 5.990189552036975229e-01 4.881741819534237692e-01 7.283340069224755187e-01 5.551394353526450942e-01 5.348458522718471109e-01 8.430951381406694978e-01 5.711939552368792139e-01 4.085886205069901300e-01 7.605439545394582224e-01 4.178970926789186691e-01 2.554537697480253611e-01 2.162798692928131761e-01 0.000000000000000000e+00 2.806015943619227793e-01 5.930299703558643554e-01 1.334725304685747682e-01 5.439648953234427209e-01 6.464009476028969026e-01 4.759748734846836471e-01 5.872127691744033484e-01
4.379150578895157908e-01 2.400604247840972816e-01 5.489255726370125821e-01 8.174288962808502479e-01 4.327945230794812415e-01 5.545480779081299882e-01 5.171433598327411785e-01 5.610482771806239999e-01 5.250063621295129046e-01 1.615318258226903225e-01 2.298372235439876121e-01 7.415065812874175322e-01 4.402006598205544519e-01 6.719991141969727799e-01 4.739544659717546127e-01 6.502755691852896147e-01 9.835818246978191848e-01 6.298989612522172266e-01 8.092553501162216278e-01 3.164841418771456860e-01 5.092845298879082883e-01 8.128368470313225291e-01 8.634061706750195686e-01 8.802493950614059814e-01 6.226913772884135057e-01 9.150686296081439464e-01 3.434909471669759240e-01 2.806015943619227793e-01 0.000000000000000000e+00 5.505890356669128627e-01 8.968551260005845904e-01 3.447912941452055957e-01 7.268787990000658006e-01 6.788144487778633440e-01 7.151753077972098360e-01
7.741198836498657254e-01 7.554348854695984716e-01 5.944692369963536782e-01 6.518546793943456041e-01 3.888263371419942160e-01 7.405573491851985546e-01 3.944847863135969579e-01 4.575345823608746310e-01 9.562393213173900897e-01 4.071999014497261760e-01 8.169178189260930534e-01 5.596539172215913016e-01 6.092197677087476393e-01 3.309369475631217528e-01 6.038522991427734965e-01 7.341786970646226873e-01 7.538078136904935445e-01 1.741424271732223694e-01 4.825998286026433881e-02 1.929467635355291977e-01 5.302928158937931791e-01 5.559882129572011333e-01 5.006005632393935034e-01 3.119694838160893546e-01 3.996926410096044990e-01 4.916589869167447002e-01 3.732245442622942333e-01 5.930299703558643554e-01 5.505890356669128627e-01 0.000000000000000000e+00 5.788654248480262776e-01 8.110096675348719142e-01 8.192609812403122138e-01 6.540712331246096856e-01 4.485739384859842582e-01
4.255973253900291464e-01 5.565347887306247854e-01 9.230812996932055148e-01 1.779004751901337444e-01 3.688602425514018179e-01 6.002129098727408962e-01 7.660600889518109913e-01 8.766472092491603973e-01 8.759821764873576555e-02 3.135370891347117883e-01 2.182235389843271145e-01 3.415365712286669853e-01 8.992119604703920910e-01 1.717107267255630898e-01 2.865371539437947535e-01 2.922898685173700439e-01 7.141970879248460413e-01 8.550741942621360447e-01 4.163765344082003272e-01 6.241515578543460618e-01 8.776751320120561584e-01 5.972642450587901664e-01 7.894054354378403637e-01 2.263922993819992291e-01 6.401247134903984559e-01 8.517795650396791096e-01 2.178237632770334553e-01 1.334725304685747682e-01 8.968551260005845904e-01 5.788654248480262776e-01 0.000000000000000000e+00 5.266241018354871350e-01 8.593024900218284579e-01 5.300809591637015705e-01 7.285765534398402909e-01
4.555680721637318520e-01 2.273247363489665496e-01 6.288597994230011867e-01 3.509882655734951618e-01 8.332441244823731719e-01 8.680978175531246510e-01 8.796043696070643403e-01 4.012398069492820740e-01 5.869988722579408957e-01 5.737356386448422274e-01 5.338356320225032814e-01 7.882684178211006865e-01 5.677605164716238439e-01 4.824576026209978497e-01 4.793507220694529503e-01 3.067961197096727988e-01 6.522715706577975059e-02 5.056631770120230129e-01 4.597425936024882587e-01 5.207269776232315017e-02 4.190437023896254054e-01 6.031877989002842888e-01 5.311923638222251220e-01 9.004889978761735359e-01 7.913256658921766773e-01 4.050968144936825666e-01 1.036343747205035193e-01 5.439648953234427209e-01 3.447912941452055957e-01 8.110096675348719142e-01 5.266241018354871350e-01 0.000000000000000000e+00 5.691839563085736575e-01 5.199400949338792710e-01 7.819064059708068504e-01
8.323657524332866986e-01 7.708149846901014568e-01 1.425177503483331387e-01 6.028840778196649097e-01 4.499940814653324850e-02 6.472977619339297384e-01 4.888097367174703556e-01 4.323852840375035367e-01 3.843359296039252637e-01 4.183362853861469222e-01 7.894018207822600663e-01 4.095157272365687051e-01 1.840677671698627282e-01 6.369650126764725417e-01 2.790485305667755878e-01 6.474033117082392819e-01 8.375362775661457926e-01 3.357335560316359047e-01 6.375985580075185233e-01 5.646744113582835567e-01 6.948872866426958339e-01 2.869407541414670249e-01 6.523432310281542801e-01 9.243982506319741166e-01 5.108687578940667162e-01 5.070265609289950071e-01 8.681399710246247015e-01 6.464009476028969026e-01 7.268787990000658006e-01 8.192609812403122138e-01 8.593024900218284579e-01 5.691839563085736575e-01 0.000000000000000000e+00 6.114607890190686401e-01 4.842531822129131358e-01
1.655427842162426888e-01 3.285014460679573367e-01 4.828030598066300749e-01 3.619581594295596116e-01 3.459348840873764930e-01 5.571149395125714054e-01 4.467929553016736777e-01 4.216232909820711305e-01 6.267828331779028428e-01 8.916698940009843977e-01 6.635635299254022401e-01 8.682579146824698224e-01 6.998270876908544436e-01 4.925040360648741955e-01 5.038803396009092772e-01 5.892241891875515947e-01 6.049525747026145428e-01 3.707694297569869013e-01 4.715331214152815309e-01 3.978541402480120226e-01 3.339340999092966222e-01 3.718876812023541589e-01 4.370512250602218707e-01 4.994246600187834395e-01 5.146871483699309024e-01 8.645714299376190404e-01 5.500395257185205500e-01 4.759748734846836471e-01 6.788144487778633440e-01 6.540712331246096856e-01 5.300809591637015705e-01 5.199400949338792710e-01 6.114607890190686401e-01 0.000000000000000000e+00 4.376618938133169934e-01
6.734549476502260656e-01 5.320096108789671430e-01 3.115591560775140545e-01 4.362183108675725673e-01 4.268946868971276731e-01 1.574363569567771570e-01 6.702014287259494552e-02 5.847967556866844330e-01 4.719338654171122416e-01 5.984712572613881676e-01 5.164954837386946940e-01 6.390516957990410862e-01 6.426524927388097552e-01 4.005749172031897731e-01 6.723691658140635852e-01 5.292387217364398211e-01 6.738674777395763371e-01 8.689850700482061319e-01 3.897740639197981305e-01 7.913216148202164568e-01 7.190738991486029796e-01 2.095153265278185684e-01 4.112155258505122424e-01 8.683188529711283188e-01 5.909671156376441470e-01 4.898330884800720653e-01 5.807021102926779310e-02 5.872127691744033484e-01 7.151753077972098360e-01 4.485739384859842582e-01 7.285765534398402909e-01 7.819064059708068504e-01 4.842531822129131358e-01 4.376618938133169934e-01 0.000000000000000000e+00
