0.000000000000000000e+00 4.752585892946360469e-01 1.336385374401197756e-01 4.162579756506153417e-01 6.951724994016239556e-01 2.932084429904828760e-01 7.691025247712113266e-01 4.919458598917773595e-01 7.069351077523778892e-01 6.937968463239237993e-01 8.045700504841815093e-01 4.406270355001989381e-01 4.943549596776695698e-01 8.073780390617222302e-01 7.785067338329008102e-01 5.159304281346080989e-01 8.713707363787122073e-01 3.785862516912913978e-01 8.246620562648894204e-01 7.471220499243683699e-01 5.202949800270828540e-01 6.459735454439720082e-01 5.756202188416759125e-01 4.413370155038683906e-01 3.857753605162088650e-01 8.711723534488409193e-01 6.464981306974473263e-01 7.247738192645967192e-01 5.204633435393786201e-01 5.157737018537074114e-01 3.902782692486589378e-01 8.619955890122371622e-01 4.619008680249395704e-01 2.610339773927209395e-01 1.303347337561274744e-01
4.752585892946360469e-01 0.000000000000000000e+00 1.628040430594330790e-01 7.131693356516257687e-01 7.747914815529133303e-02 4.956923103492500982e-01 9.734478972588753720e-01 6.910291895585936039e-01 6.610255506537254799e-02 6.012566219193438144e-01 4.118128544683245518e-01 2.672330759477301032e-01 1.549530443497255661e-01 7.099494033240349999e-01 4.052123828100140379e-02 4.105391017151391320e-01 5.251276907448516607e-01 5.908190053575894662e-01 4.372187450949089338e-01 8.461116959631701517e-01 5.352274624566403238e-01 1.518811426727465497e-01 9.164460256815508687e-01 5.611454620469893406e-01 7.351723638288549800e-01 2.356481535750896694e-01 8.390540675864892606e-01 2.381852173652388993e-01 4.038567720904223668e-01 5.085542999882117776e-01 5.450163397347913552e-01 7.662732842959083523e-01 7.466816937229745488e-01 8.999664717111717227e-01 6.150307608556022654e-01
1.336385374401197756e-01 1.628040430594330790e-01 0.000000000000000000e+00 9.042330299359095935e-01 3.606935435979191085e-01 4.052827644762261317e-01 4.248394505399308296e-01 3.687064533398592969e-01 4.480702032292185888e-01 5.110498955812627919e-01 5.364294093252703899e-01 8.467449527498152051e-01 1.067313994273766387e-01 3.447331791557228797e-01 5.122382241762035715e-01 7.766510206755563583e-01 3.868439524653854988e-01 3.008919335392674643e-01 5.465776939626781905e-01 7.872995737936427929e-02 4.534302391214780625e-01 8.036257753019477867e-01 1.009109899205937744e-01 4.697979965087933918e-01 7.602164547278758011e-01 3.987877918344184258e-01 2.949839728923672189e-01 3.115825808896157678e-01 3.476865420057154710e-01 3.453358138958377843e-01 3.807987240293821407e-01 8.419665790188153309e-01 4.181198909323862734e-01 6.257593951309203817e-01 6.158618321098204840e-01
4.162579756506153417e-01 7.131693356516257687e-01 9.042330299359095935e-01 0.000000000000000000e+00 5.866200610856104891e-01 5.216839056408595354e-01 8.057285460504333141e-01 4.033975733329271396e-01 4.905122960022682554e-01 9.826967480175807790e-02 1.291600771232556122e-01 3.067047606729109699e-01 8.181821957460955197e-01 7.803730809597377860e-01 4.643076195012049712e-01 8.778917205927521117e-01 8.145393977867606550e-01 5.693405486768403634e-01 7.320727084361889903e-01 8.354398638229226792e-01 3.418630810155274258e-01 2.884843787026575290e-01 6.964579586483373719e-01 8.601319464024916872e-01 3.917305923686921210e-01 8.830308254517148514e-01 7.708316531988866904e-01 8.219361062991987765e-01 9.126771392771733105e-01 3.452447478471588616e-01 5.981283478871426418e-01 3.998103533337005189e-01 6.700857140277565183e-01 9.012333188070487111e-03 3.001502028580024239e-01
6.951724994016239556e-01 7.747914815529133303e-02 3.606935435979191085e-01 5.866200610856104891e-01 0.000000000000000000e+00 2.039609344288477177e-01 5.252959901578121427e-01 5.357422028281871862e-01 6.385723470022783843e-01 8.375876291089997538e-01 6.013274613101206034e-01 4.459014161938886778e-01 6.290561111197463529e-01 8.670938162379338010e-01 6.744196954208563355e-01 1.346210866209102130e-01 5.583707195694569414e-01 6.817574466543392386e-01 3.914047073759366890e-01 4.175007194316894266e-01 7.901745435615946667e-01 7.670654589673169266e-01 8.516026530492906144e-01 4.138066384374748941e-01 4.165479617753526931e-01 7.795154953701828315e-01 6.488981897181265168e-01 1.559516591743683733e-01 5.338704772505010743e-01 4.339066467933840876e-01 8.567118401572240138e-01 4.953249661648679303e-01 7.137518582297919245e-01 4.549933570918222592e-01 4.489011715023701887e-01
2.932084429904828760e-01 4.956923103492500982e-01 4.052827644762261317e-01 5.216839056408595354e-01 2.039609344288477177e-01 0.000000000000000000e+00 1.593468977464764791e-01 7.221924423084181699e-01 4.445732019178398331e-01 7.169965841507330850e-02 7.518798763244604055e-01 5.312280722842606107e-01 7.629847346909381933e-01 8.906451353240620872e-01 5.373056632893684625e-01 4.576129773694583847e-01 7.208999838336325183e-01 1.140570072413197300e-01 4.730353505003084824e-01 8.890923289609597990e-01 2.542350792502973689e-01 4.641216513946194722e-01 7.640690213533654074e-01 2.642177151968770898e-01 5.422388804709959986e-01 8.037193128462223335e-01 1.487552674496649407e-01 9.116194154070811351e-02 8.542272245135584807e-01 1.011570047909332581e-01 1.940955315985163354e-01 7.354897126295834031e-01 7.634121084011578073e-01 8.640890342469749186e-01 5.876947148811080268e-01
7.691025247712113266e-01 9.734478972588753720e-01 4.248394505399308296e-01 8.057285460504333141e-01 5.252959901578121427e-01 1.593468977464764791e-01 0.000000000000000000e+00 9.243412366185734808e-01 5.394728926083081078e-01 4.659270515461908513e-01 8.262937614494114680e-01 1.368759566056274024e-01 7.260984957317515587e-01 8.486357251288683123e-01 3.603768425450348811e-01 6.134632923626113232e-01 3.181329172949393658e-01 5.279918549762868674e-01 7.631309778750088313e-01 8.558018265999007834e-01 6.917820695107868012e-01 6.229689161848899204e-01 9.948289207760541153e-02 5.531385638195661647e-01 7.941415770167978838e-01 3.291182679948689849e-01 1.755804627191273060e-01 5.068735646053068589e-02 4.636900462858702388e-01 1.408922813402884167e-01 4.426306256462798627e-01 7.964228611605776997e-01 5.409821343120457815e-01 4.494672669969930201e-01 4.829995515955879393e-01
4.919458598917773595e-01 6.910291895585936039e-01 3.687064533398592969e-01 4.033975733329271396e-01 5.357422028281871862e-01 7.221924423084181699e-01 9.243412366185734808e-01 0.000000000000000000e+00 7.034519137386423537e-01 9.086199675452328872e-01 8.662089761549767175e-01 7.850361312344547038e-01 2.541757320547126109e-01 7.080088321502802096e-01 1.960488539974005739e-01 4.672600158091760325e-01 3.506481076062427649e-01 4.006706410962606602e-01 9.574501181301757757e-01 6.579391131601377563e-01 5.340221962716980020e-01 6.748655239365084491e-01 2.912762964388080356e-01 4.204427372625221260e-01 1.335152066614597732e-01 6.526956377922763508e-01 4.376314551431000344e-01 8.438080490506549847e-01 4.177320308850050457e-01 2.695069355272208811e-01 1.254108845350789814e-01 3.875943917015609586e-01 7.499229852707332000e-01 5.418319516198684127e-01 4.835205599678293331e-01
7.069351077523778892e-01 6.610255506537254799e-02 4.480702032292185888e-01 4.905122960022682554e-01 6.385723470022783843e-01 4.445732019178398331e-01 5.394728926083081078e-01 7.034519137386423537e-01 0.000000000000000000e+00 6.423323476235565099e-02 3.872673987374746774e-01 6.635716261252078141e-01 6.805410247273748769e-01 3.670861930945998330e-01 4.557026884050158211e-01 5.316938955430798863e-01 8.180647927221875726e-01 7.287705584900773248e-01 8.069251867728894911e-01 5.797119611139228690e-01 5.542482132703324682e-01 7.920685724052362042e-01 3.218787515129435395e-01 4.905459830752537664e-01 4.436786218716385344e-01 7.114315748349733237e-01 9.041903583477355344e-01 2.377244563310230985e-01 8.476996085340902098e-01 7.968439266995399617e-01 7.648981622804718050e-02 6.976155713678127146e-01 2.644323247525931508e-01 7.106960656507161911e-01 4.582905746388945545e-01
6.937968463239237993e-01 6.012566219193438144e-01 5.110498955812627919e-01 9.826967480175807790e-02 8.375876291089997538e-01 7.169965841507330850e-02 4.659270515461908513e-01 9.086199675452328872e-01 6.423323476235565099e-02 0.000000000000000000e+00 3.450704367657204119e-01 4.857701593827389308e-01 6.772329602651528946e-01 5.108352745977797760e-01 9.445396917074886378e-01 4.448596005046379642e-01 7.370686613467647419e-02 2.852360220034145799e-01 7.219079538099482107e-01 3.005290403243782160e-01 2.642897647617410972e-01 1.138188685108091347e-01 5.776753135503187586e-01 3.946755492573998936e-01 5.150956994352529073e-01 7.009614486418376256e-01 7.643344081967466952e-01 4.524359466182139577e-01 8.930592264830972127e-01 8.306116932858036428e-01 1.355463746960681171e-01 2.897155956551657474e-01 5.435313981964766672e-01 4.134504033365375419e-01 6.151404004686145122e-02
8.045700504841815093e-01 4.118128544683245518e-01 5.364294093252703899e-01 1.291600771232556122e-01 6.013274613101206034e-01 7.518798763244604055e-01 8.262937614494114680e-01 8.662089761549767175e-01 3.872673987374746774e-01 3.450704367657204119e-01 0.000000000000000000e+00 1.125872891039151336e-01 7.256049375364584941e-01 4.594446126184948409e-01 7.126300176070934356e-01 5.640086826725374536e-01 7.710614564371931490e-01 7.932033088176291269e-01 8.385196292036320997e-01 7.889128718692126618e-01 5.399310273201205490e-01 6.494778653874357932e-01 1.499979755607289134e-01 8.468653967973852614e-01 8.367115521043865245e-01 6.575802229155573997e-01 3.250976395533227148e-01 6.758150677197688472e-01 6.715484558253995706e-01 8.299394262033434888e-01 6.773504337788033292e-01 5.545797181108389484e-01 4.795237918659081555e-01 1.953301160365433775e-01 4.409426855524670175e-01
4.406270355001989381e-01 2.672330759477301032e-01 8.467449527498152051e-01 3.067047606729109699e-01 4.459014161938886778e-01 5.312280722842606107e-01 1.368759566056274024e-01 7.850361312344547038e-01 6.635716261252078141e-01 4.857701593827389308e-01 1.125872891039151336e-01 0.000000000000000000e+00 4.175705448257996943e-01 8.205686858472920342e-01 6.841657368277396234e-01 6.640978619404720451e-01 8.987296119082262003e-01 4.728054052106789307e-01 6.446379709746119513e-01 5.029531947508234513e-01 3.486630950242792792e-01 6.081057189861149848e-01 8.158816967060974479e-01 8.444306852471015201e-01 4.233330027236479332e-01 3.316856558729385784e-01 6.773009997410790461e-01 4.120156922065237315e-01 4.937489198172216320e-01 2.478118613767062994e-01 7.749037201345387871e-02 6.213588513467304120e-01 6.627378781630421933e-01 8.526325053052040692e-01 7.908141012875151699e-01
4.943549596776695698e-01 1.549530443497255661e-01 1.067313994273766387e-01 8.181821957460955197e-01 6.290561111197463529e-01 7.629847346909381933e-01 7.260984957317515587e-01 2.541757320547126109e-01 6.805410247273748769e-01 6.772329602651528946e-01 7.256049375364584941e-01 4.175705448257996943e-01 0.000000000000000000e+00 5.313489977525784891e-01 2.899130331500285873e-01 5.327100169630160087e-01 5.163276080786557420e-01 5.567634170411629446e-01 6.888643081965404313e-01 8.535924587073985270e-01 9.241136512613405962e-01 5.106703478542418129e-01 6.826339468565946200e-01 3.036502625863726212e-01 4.377203898903510582e-01 3.386515055261323237e-01 6.719727009091380765e-01 6.130779475981951165e-01 4.606427315297199621e-01 8.132119475954355803e-01 4.325846008119182962e-01 3.229413866507651054e-01 2.000348746372649922e-01 7.062708463336240250e-01 2.304826413904271509e-01
8.073780390617222302e-01 7.099494033240349999e-01 3.447331791557228797e-01 7.803730809597377860e-01 8.670938162379338010e-01 8.906451353240620872e-01 8.486357251288683123e-01 7.080088321502802096e-01 3.670861930945998330e-01 5.108352745977797760e-01 4.594446126184948409e-01 8.205686858472920342e-01 5.313489977525784891e-01 0.000000000000000000e+00 6.571943412302032606e-01 9.040694018878725480e-01 8.144201908897337194e-01 5.115511513151342893e-01 4.622173649102770954e-01 1.034184396277755269e-01 3.434922508509126171e-01 4.600711777305435124e-01 8.324276146618996286e-01 8.093189878084918742e-01 4.911509573247782590e-01 8.440321148379553717e-01 5.980333819133125672e-01 5.077550671423061157e-01 5.387908166176049729e-01 9.051055197503929950e-01 7.710684826866875952e-01 4.670609076668234549e-01 3.529103736044889583e-01 5.110913683727191792e-01 4.448009542348815848e-01
7.785067338329008102e-01 4.052123828100140379e-02 5.122382241762035715e-01 4.643076195012049712e-01 6.744196954208563355e-01 5.373056632893684625e-01 3.603768425450348811e-01 1.960488539974005739e-01 4.557026884050158211e-01 9.445396917074886378e-01 7.126300176070934356e-01 6.841657368277396234e-01 2.899130331500285873e-01 6.571943412302032606e-01 0.000000000000000000e+00 4.652363782120720326e-01 1.677263020583670272e-01 2.872643575913296221e-01 4.507477400282243751e-01 3.359309006505446504e-01 6.886409969244799978e-01 4.109646812214304834e-01 8.793069606477911249e-01 4.459328931385150852e-01 5.883400086189872757e-01 1.049103348840082495e-01 5.385210503333971443e-01 9.475069471340247240e-02 6.343467657494130663e-01 2.213397776108276815e-01 4.955672922850180018e-01 5.255163056606172445e-01 4.202608437140649134e-01 7.223067902192492618e-01 6.274353844823218340e-01
5.159304281346080989e-01 4.105391017151391320e-01 7.766510206755563583e-01 8.778917205927521117e-01 1.346210866209102130e-01 4.576129773694583847e-01 6.134632923626113232e-01 4.672600158091760325e-01 5.316938955430798863e-01 4.448596005046379642e-01 5.640086826725374536e-01 6.640978619404720451e-01 5.327100169630160087e-01 9.040694018878725480e-01 4.652363782120720326e-01 0.000000000000000000e+00 9.249992016522778915e-02 4.975546934765907592e-01 6.890942102736136166e-01 5.106136637888487595e-01 9.266453209837952620e-01 7.496416730986714683e-01 8.894140554499414542e-01 7.181480357965472905e-01 8.521566564063125515e-01 4.329095060332620593e-01 7.384792105724944378e-01 4.935181239879108950e-01 4.422765854129655505e-01 6.067011221298096446e-01 5.985980743521696068e-01 2.420212974078297385e-01 6.756673953664178445e-01 5.209915372453119975e-01 8.557177111906347777e-01
8.713707363787122073e-01 5.251276907448516607e-01 3.868439524653854988e-01 8.145393977867606550e-01 5.583707195694569414e-01 7.208999838336325183e-01 3.181329172949393658e-01 3.506481076062427649e-01 8.180647927221875726e-01 7.370686613467647419e-02 7.710614564371931490e-01 8.987296119082262003e-01 5.163276080786557420e-01 8.144201908897337194e-01 1.677263020583670272e-01 9.249992016522778915e-02 0.000000000000000000e+00 6.943818192870330197e-01 5.814973444072735198e-01 5.470799745869139308e-01 1.784247265749421829e-01 3.585529859192179702e-01 7.206733062781925936e-01 5.403913252339065387e-01 3.938395365072621113e-01 4.030401436229190670e-01 1.465043782979338349e-01 8.351253171712875734e-01 5.683906692337190592e-01 3.595043285551313694e-01 4.968782427069911023e-01 7.011674408118435675e-01 7.381504386992654432e-01 3.237162538421168301e-01 6.895448672229798071e-01
3.785862516912913978e-01 5.908190053575894662e-01 3.008919335392674643e-01 5.693405486768403634e-01 6.817574466543392386e-01 1.140570072413197300e-01 5.279918549762868674e-01 4.006706410962606602e-01 7.287705584900773248e-01 2.852360220034145799e-01 7.932033088176291269e-01 4.728054052106789307e-01 5.567634170411629446e-01 5.115511513151342893e-01 2.872643575913296221e-01 4.975546934765907592e-01 6.943818192870330197e-01 0.000000000000000000e+00 3.624228331596714980e-01 4.396560022886615848e-01 5.441259035777729069e-01 5.846710184216689088e-01 7.466505629989941273e-01 5.102395965927790655e-01 5.325650366414502734e-01 3.079991898290564967e-01 5.879020253481805902e-01 5.648673092774502136e-01 5.510154259938132570e-01 6.737187201611012366e-01 6.864548662279859048e-01 5.713333848635190337e-01 9.255269343619982880e-01 8.087642667061879509e-01 7.546673069806311140e-01
8.246620562648894204e-01 4.372187450949089338e-01 5.465776939626781905e-01 7.320727084361889903e-01 3.914047073759366890e-01 4.730353505003084824e-01 7.631309778750088313e-01 9.574501181301757757e-01 8.069251867728894911e-01 7.219079538099482107e-01 8.385196292036320997e-01 6.446379709746119513e-01 6.888643081965404313e-01 4.622173649102770954e-01 4.507477400282243751e-01 6.890942102736136166e-01 5.814973444072735198e-01 3.624228331596714980e-01 0.000000000000000000e+00 1.733710177488617665e-01 8.162094529535384169e-01 3.469642903366869646e-01 6.633669441948384371e-01 7.652311876715909289e-01 8.393709108958686826e-01 9.020703063133016508e-01 3.652342134596224255e-01 5.296443703792941271e-01 3.953988990742426934e-01 3.468772590922623023e-01 5.680449187087859286e-01 7.105483945280360869e-01 7.899320003497511955e-01 4.048537527303828210e-01 5.594561358612885060e-01
7.471220499243683699e-01 8.461116959631701517e-01 7.872995737936427929e-02 8.354398638229226792e-01 4.175007194316894266e-01 8.890923289609597990e-01 8.558018265999007834e-01 6.579391131601377563e-01 5.797119611139228690e-01 3.005290403243782160e-01 7.889128718692126618e-01 5.029531947508234513e-01 8.535924587073985270e-01 1.034184396277755269e-01 3.359309006505446504e-01 5.106136637888487595e-01 5.470799745869139308e-01 4.396560022886615848e-01 1.733710177488617665e-01 0.000000000000000000e+00 2.457988029943469765e-02 5.606795237112666141e-01 5.613391965873500977e-01 7.851583404364363972e-01 6.795865588704352867e-01 7.215869677681328032e-01 2.755624666014419022e-01 4.502007027358503888e-01 7.890809516598495943e-01 8.464391375957701635e-01 8.039845376475545091e-01 3.092577761488020105e-01 1.945779371194230611e-01 7.253876852459308910e-01 5.796287585097426032e-01
5.202949800270828540e-01 5.352274624566403238e-01 4.534302391214780625e-01 3.418630810155274258e-01 7.901745435615946667e-01 2.542350792502973689e-01 6.917820695107868012e-01 5.340221962716980020e-01 5.542482132703324682e-01 2.642897647617410972e-01 5.399310273201205490e-01 3.486630950242792792e-01 9.241136512613405962e-01 3.434922508509126171e-01 6.886409969244799978e-01 9.266453209837952620e-01 1.784247265749421829e-01 5.441259035777729069e-01 8.162094529535384169e-01 2.457988029943469765e-02 0.000000000000000000e+00 6.033856594746274116e-01 8.118595927136778023e-01 8.246738545358467398e-01 5.765273321913387816e-01 4.788357559215807857e-01 6.325017420901258847e-01 1.488313319597219797e-01 7.967831768026274464e-01 3.223110074166281036e-01 7.534884436259579044e-01 5.531203777598545646e-01 7.631069698989688677e-01 2.197898562933719158e-01 6.180205622539467480e-01
6.459735454439720082e-01 1.518811426727465497e-01 8.036257753019477867e-01 2.884843787026575290e-01 7.670654589673169266e-01 4.641216513946194722e-01 6.229689161848899204e-01 6.748655239365084491e-01 7.920685724052362042e-01 1.138188685108091347e-01 6.494778653874357932e-01 6.081057189861149848e-01 5.106703478542418129e-01 4.600711777305435124e-01 4.109646812214304834e-01 7.496416730986714683e-01 3.585529859192179702e-01 5.846710184216689088e-01 3.469642903366869646e-01 5.606795237112666141e-01 6.033856594746274116e-01 0.000000000000000000e+00 4.812161780778480002e-01 7.084365752624232071e-01 4.900423247290786044e-01 5.796121245916481257e-01 6.091204254851511068e-01 5.948101189839911651e-01 3.041756070274518331e-01 3.995972723118045300e-01 6.472362073588813214e-01 6.311341765228690726e-01 6.534684193160480437e-01 6.723026041174715584e-01 2.466284917727367965e-01
5.756202188416759125e-01 9.164460256815508687e-01 1.009109899205937744e-01 6.964579586483373719e-01 8.516026530492906144e-01 7.640690213533654074e-01 9.948289207760541153e-02 2.912762964388080356e-01 3.218787515129435395e-01 5.776753135503187586e-01 1.499979755607289134e-01 8.158816967060974479e-01 6.826339468565946200e-01 8.324276146618996286e-01 8.793069606477911249e-01 8.894140554499414542e-01 7.206733062781925936e-01 7.466505629989941273e-01 6.633669441948384371e-01 5.613391965873500977e-01 8.118595927136778023e-01 4.812161780778480002e-01 0.000000000000000000e+00 1.858486124600690070e-01 4.303773807360304904e-01 6.131633618883949310e-01 5.413487810134063327e-01 8.164265711420557459e-01 5.029525073131109192e-01 5.453548489133943633e-01 9.285896269919764467e-01 5.143016797287320863e-01 2.615808336995948391e-01 5.383271349689464635e-01 3.144000836111976449e-01
4.413370155038683906e-01 5.611454620469893406e-01 4.697979965087933918e-01 8.601319464024916872e-01 4.138066384374748941e-01 2.642177151968770898e-01 5.531385638195661647e-01 4.204427372625221260e-01 4.905459830752537664e-01 3.946755492573998936e-01 8.468653967973852614e-01 8.444306852471015201e-01 3.036502625863726212e-01 8.093189878084918742e-01 4.459328931385150852e-01 7.181480357965472905e-01 5.403913252339065387e-01 5.102395965927790655e-01 7.652311876715909289e-01 7.851583404364363972e-01 8.246738545358467398e-01 7.084365752624232071e-01 1.858486124600690070e-01 0.000000000000000000e+00 7.934767543284950708e-01 3.186160608501071856e-01 5.146921073125014789e-01 6.091867845699503459e-01 6.769053257668835588e-01 5.482084111199815313e-01 7.478037899919323106e-01 5.151902349572696771e-01 5.740053469949402132e-01 5.843066575861844969e-01 4.114969609056775557e-01
3.857753605162088650e-01 7.351723638288549800e-01 7.602164547278758011e-01 3.917305923686921210e-01 4.165479617753526931e-01 5.422388804709959986e-01 7.941415770167978838e-01 1.335152066614597732e-01 4.436786218716385344e-01 5.150956994352529073e-01 8.367115521043865245e-01 4.233330027236479332e-01 4.377203898903510582e-01 4.911509573247782590e-01 5.883400086189872757e-01 8.521566564063125515e-01 3.938395365072621113e-01 5.325650366414502734e-01 8.393709108958686826e-01 6.795865588704352867e-01 5.765273321913387816e-01 4.900423247290786044e-01 4.303773807360304904e-01 7.934767543284950708e-01 0.000000000000000000e+00 5.929780074122991129e-01 5.619522440965272203e-01 6.335625246113888442e-01 3.962021200724547554e-01 7.604709605588184651e-01 7.235636139068881700e-01 6.950767283526837481e-01 4.182111863685906705e-01 4.857483174240093682e-01 5.198173705686068846e-01
8.711723534488409193e-01 2.356481535750896694e-01 3.987877918344184258e-01 8.830308254517148514e-01 7.795154953701828315e-01 8.037193128462223335e-01 3.291182679948689849e-01 6.526956377922763508e-01 7.114315748349733237e-01 7.009614486418376256e-01 6.575802229155573997e-01 3.316856558729385784e-01 3.386515055261323237e-01 8.440321148379553717e-01 1.049103348840082495e-01 4.329095060332620593e-01 4.030401436229190670e-01 3.079991898290564967e-01 9.020703063133016508e-01 7.215869677681328032e-01 4.788357559215807857e-01 5.796121245916481257e-01 6.131633618883949310e-01 3.186160608501071856e-01 5.929780074122991129e-01 0.000000000000000000e+00 6.759929067679217862e-01 7.554632625475410368e-01 5.721587014460852716e-01 4.960840919620570499e-01 5.306278268799562436e-01 4.796851338417806310e-01 2.218557765738224941e-01 3.206214601117040597e-01 7.070165559225218832e-01
6.464981306974473263e-01 8.390540675864892606e-01 2.949839728923672189e-01 7.708316531988866904e-01 6.488981897181265168e-01 1.487552674496649407e-01 1.755804627191273060e-01 4.376314551431000344e-01 9.041903583477355344e-01 7.643344081967466952e-01 3.250976395533227148e-01 6.773009997410790461e-01 6.719727009091380765e-01 5.980333819133125672e-01 5.385210503333971443e-01 7.384792105724944378e-01 1.465043782979338349e-01 5.879020253481805902e-01 3.652342134596224255e-01 2.755624666014419022e-01 6.325017420901258847e-01 6.091204254851511068e-01 5.413487810134063327e-01 5.146921073125014789e-01 5.619522440965272203e-01 6.759929067679217862e-01 0.000000000000000000e+00 7.132686917533377358e-01 2.306252929552706776e-01 2.844220554996125250e-01 3.216166995268653350e-01 6.452166322221066785e-01 6.125871149459275466e-01 4.920290047074875606e-01 8.269455686767275271e-01
7.247738192645967192e-01 2.381852173652388993e-01 3.115825808896157678e-01 8.219361062991987765e-01 1.559516591743683733e-01 9.116194154070811351e-02 5.068735646053068589e-02 8.438080490506549847e-01 2.377244563310230985e-01 4.524359466182139577e-01 6.758150677197688472e-01 4.120156922065237315e-01 6.130779475981951165e-01 5.077550671423061157e-01 9.475069471340247240e-02 4.935181239879108950e-01 8.351253171712875734e-01 5.648673092774502136e-01 5.296443703792941271e-01 4.502007027358503888e-01 1.488313319597219797e-01 5.948101189839911651e-01 8.164265711420557459e-01 6.091867845699503459e-01 6.335625246113888442e-01 7.554632625475410368e-01 7.132686917533377358e-01 0.000000000000000000e+00 8.424659442457194114e-01 4.598474626264302811e-01 7.235517958653910897e-01 6.138513699262289069e-01 5.201993018783996892e-01 4.856430564246334569e-01 8.115114159754335255e-01
5.204633435393786201e-01 4.038567720904223668e-01 3.476865420057154710e-01 9.126771392771733105e-01 5.338704772505010743e-01 8.542272245135584807e-01 4.636900462858702388e-01 4.177320308850050457e-01 8.476996085340902098e-01 8.930592264830972127e-01 6.715484558253995706e-01 4.937489198172216320e-01 4.606427315297199621e-01 5.387908166176049729e-01 6.343467657494130663e-01 4.422765854129655505e-01 5.683906692337190592e-01 5.510154259938132570e-01 3.953988990742426934e-01 7.890809516598495943e-01 7.967831768026274464e-01 3.041756070274518331e-01 5.029525073131109192e-01 6.769053257668835588e-01 3.962021200724547554e-01 5.721587014460852716e-01 2.306252929552706776e-01 8.424659442457194114e-01 0.000000000000000000e+00 1.889318049785546627e-01 8.614315350303703989e-01 6.836503406442500097e-01 6.839111265069087731e-01 8.042373051532427652e-01 4.688122215478491839e-01
5.157737018537074114e-01 5.085542999882117776e-01 3.453358138958377843e-01 3.452447478471588616e-01 4.339066467933840876e-01 1.011570047909332581e-01 1.408922813402884167e-01 2.695069355272208811e-01 7.968439266995399617e-01 8.306116932858036428e-01 8.299394262033434888e-01 2.478118613767062994e-01 8.132119475954355803e-01 9.051055197503929950e-01 2.213397776108276815e-01 6.067011221298096446e-01 3.595043285551313694e-01 6.737187201611012366e-01 3.468772590922623023e-01 8.464391375957701635e-01 3.223110074166281036e-01 3.995972723118045300e-01 5.453548489133943633e-01 5.482084111199815313e-01 7.604709605588184651e-01 4.960840919620570499e-01 2.844220554996125250e-01 4.598474626264302811e-01 1.889318049785546627e-01 0.000000000000000000e+00 5.842162897967443369e-01 4.686409714015079553e-01 4.861318614154849782e-01 4.322522095258023445e-01 7.299332025687786940e-01
3.902782692486589378e-01 5.450163397347913552e-01 3.807987240293821407e-01 5.981283478871426418e-01 8.567118401572240138e-01 1.940955315985163354e-01 4.426306256462798627e-01 1.254108845350789814e-01 7.648981622804718050e-02 1.355463746960681171e-01 6.773504337788033292e-01 7.749037201345387871e-02 4.325846008119182962e-01 7.710684826866875952e-01 4.955672922850180018e-01 5.985980743521696068e-01 4.968782427069911023e-01 6.864548662279859048e-01 5.680449187087859286e-01 8.039845376475545091e-01 7.534884436259579044e-01 6.472362073588813214e-01 9.285896269919764467e-01 7.478037899919323106e-01 7.235636139068881700e-01 5.306278268799562436e-01 3.216166995268653350e-01 7.235517958653910897e-01 8.614315350303703989e-01 5.842162897967443369e-01 0.000000000000000000e+00 5.175325129462092777e-01 7.823066584318614236e-01 4.664215426569472411e-01 1.224186054228363352e-01
8.619955890122371622e-01 7.662732842959083523e-01 8.419665790188153309e-01 3.998103533337005189e-01 4.953249661648679303e-01 7.354897126295834031e-01 7.964228611605776997e-01 3.875943917015609586e-01 6.976155713678127146e-01 2.897155956551657474e-01 5.545797181108389484e-01 6.213588513467304120e-01 3.229413866507651054e-01 4.670609076668234549e-01 5.255163056606172445e-01 2.420212974078297385e-01 7.011674408118435675e-01 5.713333848635190337e-01 7.105483945280360869e-01 3.092577761488020105e-01 5.531203777598545646e-01 6.311341765228690726e-01 5.143016797287320863e-01 5.151902349572696771e-01 6.950767283526837481e-01 4.796851338417806310e-01 6.452166322221066785e-01 6.138513699262289069e-01 6.836503406442500097e-01 4.686409714015079553e-01 5.175325129462092777e-01 0.000000000000000000e+00 7.799724355709671819e-01 4.939241042905976875e-01 8.075678290465783116e-01
4.619008680249395704e-01 7.466816937229745488e-01 4.181198909323862734e-01 6.700857140277565183e-01 7.137518582297919245e-01 7.634121084011578073e-01 5.409821343120457815e-01 7.499229852707332000e-01 2.644323247525931508e-01 5.435313981964766672e-01 4.795237918659081555e-01 6.627378781630421933e-01 2.000348746372649922e-01 3.529103736044889583e-01 4.202608437140649134e-01 6.756673953664178445e-01 7.381504386992654432e-01 9.255269343619982880e-01 7.899320003497511955e-01 1.945779371194230611e-01 7.631069698989688677e-01 6.534684193160480437e-01 2.615808336995948391e-01 5.740053469949402132e-01 4.182111863685906705e-01 2.218557765738224941e-01 6.125871149459275466e-01 5.201993018783996892e-01 6.839111265069087731e-01 4.861318614154849782e-01 7.823066584318614236e-01 7.799724355709671819e-01 0.000000000000000000e+00 7.887949441593560262e-01 4.965408005165519723e-01
2.610339773927209395e-01 8.999664717111717227e-01 6.257593951309203817e-01 9.012333188070487111e-03 4.549933570918222592e-01 8.640890342469749186e-01 4.494672669969930201e-01 5.418319516198684127e-01 7.106960656507161911e-01 4.134504033365375419e-01 1.953301160365433775e-01 8.526325053052040692e-01 7.062708463336240250e-01 5.110913683727191792e-01 7.223067902192492618e-01 5.209915372453119975e-01 3.237162538421168301e-01 8.087642667061879509e-01 4.048537527303828210e-01 7.253876852459308910e-01 2.197898562933719158e-01 6.723026041174715584e-01 5.383271349689464635e-01 5.843066575861844969e-01 4.857483174240093682e-01 3.206214601117040597e-01 4.920290047074875606e-01 4.856430564246334569e-01 8.042373051532427652e-01 4.322522095258023445e-01 4.664215426569472411e-01 4.939241042905976875e-01 7.887949441593560262e-01 0.000000000000000000e+00 3.711622945968111598e-01
1.303347337561274744e-01 6.150307608556022654e-01 6.158618321098204840e-01 3.001502028580024239e-01 4.489011715023701887e-01 5.876947148811080268e-01 4.829995515955879393e-01 4.835205599678293331e-01 4.582905746388945545e-01 6.151404004686145122e-02 4.409426855524670175e-01 7.908141012875151699e-01 2.304826413904271509e-01 4.448009542348815848e-01 6.274353844823218340e-01 8.557177111906347777e-01 6.895448672229798071e-01 7.546673069806311140e-01 5.594561358612885060e-01 5.796287585097426032e-01 6.180205622539467480e-01 2.466284917727367965e-01 3.144000836111976449e-01 4.114969609056775557e-01 5.198173705686068846e-01 7.070165559225218832e-01 8.269455686767275271e-01 8.115114159754335255e-01 4.688122215478491839e-01 7.299332025687786940e-01 1.224186054228363352e-01 8.075678290465783116e-01 4.965408005165519723e-01 3.711622945968111598e-01 0.000000000000000000e+00
