0.000000000000000000e+00 4.773204506012170278e-01 6.400041286731186219e-01 8.448283968937908561e-02 8.726430146266797028e-01 3.378479085175012386e-01 9.368424116171560900e-01 4.691290566723388400e-01 6.191384011604141868e-01 4.241425004039533486e-01 3.916628431498870855e-01 6.823214480248558367e-01 4.084799895574605100e-01 7.334043974290603840e-01 5.762863722074662576e-02 5.175906812101003229e-01 6.628524405327321789e-01 8.288436881729490668e-01 7.594821725362917997e-01 2.694251314055345348e-01 7.288006979416908893e-01 6.515631751334124422e-01 2.247042203733776722e-01 8.274684341791722630e-01 5.108903421581479920e-01 5.365424276971735296e-01 7.051318226097008646e-01 3.536024534012679466e-01 8.677986227129639296e-01 1.704372948449520142e-01 6.140067525273725790e-01 7.956057813018103664e-01 9.270917746684834704e-01 2.008077131082184330e-01 8.256953887817515270e-01
4.773204506012170278e-01 0.000000000000000000e+00 5.096091992829872019e-01 7.302101797626034951e-01 7.018180084727421164e-01 4.708711924825883521e-01 1.241873690309175382e-01 7.961917543682091036e-01 2.447606766790616506e-01 6.438328259404986209e-01 9.619929219711924606e-01 5.232099814047909137e-01 4.760508161610972899e-01 4.656894274232170061e-01 7.353472265763243421e-01 8.456687825730433428e-01 2.663535370980499861e-01 9.103989701700334614e-01 2.411674950455373612e-01 5.845392173164851712e-01 3.386409052512723838e-01 3.266152940495924417e-01 7.312392084494145905e-01 3.425277972947427529e-01 5.266593668900561021e-01 6.395216809054933282e-01 5.470132065420024725e-01 3.659408356894996439e-01 2.250865608952721808e-01 8.500842106048750457e-01 4.618933310599150355e-01 6.497716173238468063e-01 4.822764618495010702e-01 5.598701349441492781e-01 5.762606822980061994e-01
6.400041286731186219e-01 5.096091992829872019e-01 0.000000000000000000e+00 2.157900868506757996e-01 4.881336749459606050e-01 5.956042863531061382e-01 6.371097293660907823e-01 7.468558451684148558e-01 4.143294129608083853e-01 8.251003179548266342e-01 4.879056328816411270e-01 4.863151505044605027e-02 4.593256799965597104e-01 2.656313958570654110e-01 7.439995118545705832e-01 1.516145207769518111e-01 5.462393171569586148e-01 4.060382731847527737e-01 8.652157454730137198e-01 8.492727849992698363e-01 5.351410968586128858e-01 4.451049007395960766e-01 3.299471693044554454e-01 9.686721406693814540e-01 4.621447946847242472e-01 5.184946854574585817e-01 4.921306831197450049e-01 8.884258749208364669e-01 2.032036060183961546e-01 8.445700209617694743e-01 7.741292042706737764e-01 8.051403178091961488e-01 5.940792032431527758e-01 6.798154137309477818e-01 5.137781929097552380e-01
8.448283968937908561e-02 7.302101797626034951e-01 2.157900868506757996e-01 0.000000000000000000e+00 5.447337801183774753e-01 8.648138466130453894e-01 7.642873307603238464e-01 3.770140148449913076e-01 4.281408433845501071e-01 4.964486751294585054e-01 5.263833249496479016e-01 7.704565609722058284e-01 5.826585058445914456e-01 6.336522146882912487e-01 3.537800134947112207e-01 8.195423930637686372e-01 6.687823414260007926e-02 7.104573336048207732e-01 4.055960854347868683e-01 6.421000028896162171e-02 4.368131643147420418e-01 2.833934337900471112e-01 8.446855153541057426e-01 9.718064402805060009e-01 5.918986895181710395e-02 4.511229159382279530e-02 7.067149957572007590e-01 5.609954680770394830e-01 8.179459431530871072e-01 3.206954420791343630e-01 5.535310456529694001e-01 9.738602014278330277e-01 4.077750975441425951e-01 1.202017933082329959e-01 8.018252501269738097e-01
8.726430146266797028e-01 7.018180084727421164e-01 4.881336749459606050e-01 5.447337801183774753e-01 0.000000000000000000e+00 6.962551575536665149e-01 5.045442338731528364e-01 3.263484186820685418e-01 5.771263473750722905e-01 2.313379105456089269e-01 4.502159664127672323e-01 1.587029371891890417e-01 6.024794513060552914e-01 7.238250175928153674e-01 7.665728263241807783e-01 5.798679398366956006e-01 6.743635257296480834e-01 5.936405527744488264e-01 5.268842427404083484e-01 9.157934100995821503e-01 3.996322551058095751e-01 9.314970840256386886e-02 8.724679748219101860e-01 3.468755791177733361e-01 8.555554788086761064e-01 9.119911522976666962e-01 2.930508303354627531e-01 4.003391094457438015e-01 2.382670828132965601e-01 9.406031310178486482e-01 4.673312318994920500e-01 3.901106625649273241e-01 5.770412482214858363e-01 6.605143460236344577e-01 7.429220639730924614e-01
3.378479085175012386e-01 4.708711924825883521e-01 5.956042863531061382e-01 8.648138466130453894e-01 6.962551575536665149e-01 0.000000000000000000e+00 8.700150258080803223e-01 6.880399681445035220e-01 9.126746952458444362e-01 6.077537025615111776e-01 8.808225741936619446e-01 8.243846481382954838e-01 4.859068087491237864e-01 4.577196532993961786e-01 1.195065294980343085e-01 8.978707012133146925e-02 4.776524966643591608e-01 7.270042005567038945e-01 7.731035268929813409e-01 8.553817807815644603e-01 3.682999186466952568e-01 8.513500125647879280e-01 3.899683189003215755e-01 2.394257930242383314e-01 4.561123669669249758e-01 8.849558084432748162e-01 7.584824494583332077e-01 8.342033131697974557e-01 6.809646172270046316e-01 4.543902248796576337e-01 1.417065709486396985e-01 7.634615539704137088e-01 8.978316596329658505e-01 3.541269299249246716e-01 2.601955569172044180e-01
9.368424116171560900e-01 1.241873690309175382e-01 6.371097293660907823e-01 7.642873307603238464e-01 5.045442338731528364e-01 8.700150258080803223e-01 0.000000000000000000e+00 6.946980343373883038e-01 2.270803894739510942e-01 8.633041855062877357e-01 3.828320291062561331e-01 1.928918816369883382e-01 4.661557305346757940e-01 9.385112912286404097e-01 4.933155805776850422e-01 8.097292647074385563e-01 3.120115875660375293e-01 9.502916548746418446e-01 6.211712238952750154e-01 6.243911466761941087e-01 2.344755626293696382e-01 6.539523834189636675e-01 5.176257976585183496e-01 8.987028350854695535e-01 4.714587672709178445e-01 4.438637110017462639e-01 4.682101559980975658e-01 5.702683909384134164e-01 6.383118276916023293e-01 6.753058830261671197e-01 4.259083259792604825e-01 6.549511840059302203e-01 2.977093307663392086e-01 5.815581973125143467e-01 5.685640925850810046e-02
4.691290566723388400e-01 7.961917543682091036e-01 7.468558451684148558e-01 3.770140148449913076e-01 3.263484186820685418e-01 6.880399681445035220e-01 6.946980343373883038e-01 0.000000000000000000e+00 6.503440331908109107e-01 4.157891096435998857e-01 7.100794674356804004e-01 1.033474997527596972e-01 4.014007594924164923e-01 8.798408629201550646e-01 6.339542011858607662e-01 1.645744180874990636e-01 4.672521438325888399e-01 7.500228672060034185e-01 6.076840596527095517e-01 3.611202711586748437e-01 4.910350286775754247e-01 6.686966448403359742e-01 6.412397418832118667e-01 1.123598305376369844e-01 7.605256941517294367e-01 7.135230219498643889e-01 5.590824027910055172e-01 4.333305386474087251e-01 8.577001190633060101e-01 8.901787991116429932e-01 3.731348968648229847e-01 7.636899395326871565e-01 5.743935370525812267e-01 8.168261599401329676e-01 6.183350093606538866e-01
6.191384011604141868e-01 2.447606766790616506e-01 4.143294129608083853e-01 4.281408433845501071e-01 5.771263473750722905e-01 9.126746952458444362e-01 2.270803894739510942e-01 6.503440331908109107e-01 0.000000000000000000e+00 1.315705739880954628e-01 7.932088271447252925e-01 6.315040383698304893e-01 3.803550614293537691e-01 1.004975636339304756e-01 9.019955223999421845e-01 4.413163063311876799e-01 3.407972653735189539e-01 7.211366069684712610e-01 8.326020255576248585e-01 3.603935212539733923e-01 4.972994800782338243e-01 8.970707025703673620e-01 7.793275452057981667e-01 3.248660873129307625e-01 4.603066606341786327e-01 3.243746808248191837e-01 5.651634011666955004e-01 4.865072209351671284e-01 7.507231428310198185e-01 5.310994107878371784e-01 1.720903272781764137e-01 4.856310325957037821e-01 1.693822844950350071e-01 4.201028362091407398e-01 5.953262919622004379e-01
4.241425004039533486e-01 6.438328259404986209e-01 8.251003179548266342e-01 4.964486751294585054e-01 2.313379105456089269e-01 6.077537025615111776e-01 8.633041855062877357e-01 4.157891096435998857e-01 1.315705739880954628e-01 0.000000000000000000e+00 4.994315408150842295e-01 6.459303687164854590e-01 5.354537594016596236e-01 8.393307482779450712e-01 4.870206128198538709e-01 7.424654969194663945e-01 7.594814756328946981e-01 4.633410575278733567e-01 3.776648757673792267e-01 3.223368167969126730e-01 8.101202536267665399e-01 4.829286777011251863e-01 8.906717051078443248e-01 3.516377043308306360e-01 7.053808672084171949e-01 3.752913079017763387e-01 4.880181440052585584e-01 7.884728099593458772e-01 4.821534362855001699e-01 3.508101863080097527e-01 8.090287844859723743e-01 6.361163287913551567e-01 2.707804763933652215e-01 2.639998149984076337e-01 4.585826433862582041e-01
3.916628431498870855e-01 9.619929219711924606e-01 4.879056328816411270e-01 5.263833249496479016e-01 4.502159664127672323e-01 8.808225741936619446e-01 3.828320291062561331e-01 7.100794674356804004e-01 7.932088271447252925e-01 4.994315408150842295e-01 0.000000000000000000e+00 6.733978307014960585e-01 2.903457122613197772e-01 4.701694468122047388e-02 1.056691795466446759e-01 7.158266925083081045e-01 7.044193825923693586e-01 8.342845036935220282e-01 8.846844178293937766e-01 7.518492474380702451e-01 3.856889493211528852e-01 4.482772569283438036e-01 3.965976061861901103e-01 3.844301302820709587e-01 9.321590139907369732e-01 5.058622829714587432e-01 3.733907777669179806e-01 4.450747050679397798e-01 4.667318104579499805e-01 7.366456453063784382e-01 8.742253479529189519e-01 8.309696917752478207e-01 5.782819987356612179e-01 6.652819594649769241e-01 3.607091956229812046e-01
6.823214480248558367e-01 5.232099814047909137e-01 4.863151505044605027e-02 7.704565609722058284e-01 1.587029371891890417e-01 8.243846481382954838e-01 1.928918816369883382e-01 1.033474997527596972e-01 6.315040383698304893e-01 6.459303687164854590e-01 6.733978307014960585e-01 0.000000000000000000e+00 3.291997167389751344e-01 6.716360766065143650e-01 9.531142227232669573e-01 2.058480219535516187e-01 3.919552281873560640e-01 7.028098644968625575e-01 2.924246743143201765e-01 5.445400067055021776e-01 3.385772505143975764e-01 5.532483262743037589e-01 5.648382759201819869e-02 4.184822096527910373e-01 5.596733318089832654e-01 5.588440502264292453e-01 7.802002919654096313e-01 5.553133222563488847e-01 5.088814679835820254e-01 3.906663395295270624e-01 4.669878340568807129e-01 6.904680904553004428e-01 2.787551044334526384e-01 8.312156048402974395e-02 8.103933266198333207e-01
4.084799895574605100e-01 4.760508161610972899e-01 4.593256799965597104e-01 5.826585058445914456e-01 6.024794513060552914e-01 4.859068087491237864e-01 4.661557305346757940e-01 4.014007594924164923e-01 3.803550614293537691e-01 5.354537594016596236e-01 2.903457122613197772e-01 3.291997167389751344e-01 0.000000000000000000e+00 5.335021504980628215e-01 8.132570548419308931e-01 2.640355396887614781e-01 6.811160112360690189e-01 8.645928888127285550e-01 3.215129390392076347e-01 3.313145295943953350e-01 4.448591982897752706e-01 5.775032808039898269e-01 4.997370544627098288e-01 6.518854488332267438e-01 2.230120902978890984e-01 4.005370038382715658e-01 6.334781016525988795e-01 9.535946703916118317e-01 8.734465439477044901e-01 9.106123573799695947e-02 7.542164037688825484e-01 4.965820501493185546e-01 3.395919316670060750e-01 1.507352817820306612e-01 6.253602043023505086e-01
7.334043974290603840e-01 4.656894274232170061e-01 2.656313958570654110e-01 6.336522146882912487e-01 7.238250175928153674e-01 4.577196532993961786e-01 9.385112912286404097e-01 8.798408629201550646e-01 1.004975636339304756e-01 8.393307482779450712e-01 4.701694468122047388e-02 6.716360766065143650e-01 5.335021504980628215e-01 0.000000000000000000e+00 6.138704421928713462e-01 5.861592493894528522e-01 6.317148177763957095e-01 4.748802762566337043e-01 3.752933974817557750e-01 4.081139437019412064e-01 4.794507339187402128e-01 7.262338006016544334e-01 5.469955561967982938e-01 4.251297825616764392e-01 7.216991837398292198e-01 4.013034589649204231e-01 6.208201548787515289e-01 7.558258433122675424e-01 4.115428525929489267e-01 6.089321636247790881e-01 6.359976520107066822e-01 4.917871920916572215e-01 4.831316524413274416e-01 6.186240151134143606e-01 9.549538007250273353e-01
5.762863722074662576e-02 7.353472265763243421e-01 7.439995118545705832e-01 3.537800134947112207e-01 7.665728263241807783e-01 1.195065294980343085e-01 4.933155805776850422e-01 6.339542011858607662e-01 9.019955223999421845e-01 4.870206128198538709e-01 1.056691795466446759e-01 9.531142227232669573e-01 8.132570548419308931e-01 6.138704421928713462e-01 0.000000000000000000e+00 7.588564505568262675e-01 9.134467749127895830e-01 7.873194153903176895e-01 4.842675302152165684e-01 6.743451461073870501e-01 6.740438007832043610e-01 8.919648788095113634e-02 5.399915083533588511e-01 3.888752814489405685e-01 7.863275008154855250e-01 5.613040688817241275e-01 6.325933277461091020e-01 4.510299576580979464e-01 9.430952810809219988e-01 2.518540085795237804e-01 8.752019891711380062e-01 3.806641873364886020e-01 4.940991908377952435e-01 8.596238841747552151e-01 5.804512218845512272e-01
5.175906812101003229e-01 8.456687825730433428e-01 1.516145207769518111e-01 8.195423930637686372e-01 5.798679398366956006e-01 8.978707012133146925e-02 8.097292647074385563e-01 1.645744180874990636e-01 4.413163063311876799e-01 7.424654969194663945e-01 7.158266925083081045e-01 2.058480219535516187e-01 2.640355396887614781e-01 5.861592493894528522e-01 7.588564505568262675e-01 0.000000000000000000e+00 8.332979172663887990e-01 3.632082720485496075e-01 2.204212369312057440e-01 5.190859046817908329e-01 2.890876809673048609e-01 7.234257794080178883e-01 8.081284356817377557e-01 4.867810276864538155e-01 7.983986639192741652e-01 3.218587395369506554e-01 4.415038831902420857e-01 7.345508526248772929e-01 8.139390970206534792e-01 2.411893972115063400e-01 8.969383398393855344e-01 3.947284943829637571e-01 5.700795871987895946e-02 8.429977289018726339e-01 5.008985913392036693e-01
6.628524405327321789e-01 2.663535370980499861e-01 5.462393171569586148e-01 6.687823414260007926e-02 6.743635257296480834e-01 4.776524966643591608e-01 3.120115875660375293e-01 4.672521438325888399e-01 3.407972653735189539e-01 7.594814756328946981e-01 7.044193825923693586e-01 3.919552281873560640e-01 6.811160112360690189e-01 6.317148177763957095e-01 9.134467749127895830e-01 8.332979172663887990e-01 0.000000000000000000e+00 3.604186459762037109e-01 3.773761617488256004e-01 3.730531959674940889e-01 8.233941888717131175e-01 5.193996175471418120e-01 5.969227352558930111e-01 4.014385972970643812e-01 8.426404702976355576e-01 1.655432822409758087e-01 3.218329299010816991e-01 5.046404622345965763e-01 1.488465902372030358e-01 6.272184184882055868e-01 1.425700568082125530e-01 8.488399704845144278e-01 3.734544807868966920e-01 6.510853704572994172e-01 5.391847356541673575e-01
8.288436881729490668e-01 9.103989701700334614e-01 4.060382731847527737e-01 7.104573336048207732e-01 5.936405527744488264e-01 7.270042005567038945e-01 9.502916548746418446e-01 7.500228672060034185e-01 7.211366069684712610e-01 4.633410575278733567e-01 8.342845036935220282e-01 7.028098644968625575e-01 8.645928888127285550e-01 4.748802762566337043e-01 7.873194153903176895e-01 3.632082720485496075e-01 3.604186459762037109e-01 0.000000000000000000e+00 5.283755517883523822e-01 4.980462082046744343e-01 3.220727494903783406e-01 8.058747159286017148e-02 2.003016434063639717e-01 8.426196974018996810e-01 4.653566142580189968e-01 3.740021693201972530e-01 3.662782523383357192e-01 6.629676700022107960e-01 6.479833279027298332e-01 5.729673154139617308e-01 5.642593433616793774e-02 9.593732954307060412e-01 8.054466555762351820e-01 5.060439240314547060e-01 6.276205059148818322e-01
7.594821725362917997e-01 2.411674950455373612e-01 8.652157454730137198e-01 4.055960854347868683e-01 5.268842427404083484e-01 7.731035268929813409e-01 6.211712238952750154e-01 6.076840596527095517e-01 8.326020255576248585e-01 3.776648757673792267e-01 8.846844178293937766e-01 2.924246743143201765e-01 3.215129390392076347e-01 3.752933974817557750e-01 4.842675302152165684e-01 2.204212369312057440e-01 3.773761617488256004e-01 5.283755517883523822e-01 0.000000000000000000e+00 5.252149172566967783e-01 2.952128018857921310e-01 8.082704675081215928e-01 7.771843834295508735e-01 6.004991936323589297e-01 8.155537195954063456e-01 4.737199855957148764e-01 4.616949409155457484e-01 6.680744629033406046e-01 5.990917554946625367e-01 7.598143382558685266e-01 1.652999723498824736e-01 5.750655950758891688e-01 4.104006431939946076e-01 2.618576723687274233e-01 3.665638644234494592e-01
2.694251314055345348e-01 5.845392173164851712e-01 8.492727849992698363e-01 6.421000028896162171e-02 9.157934100995821503e-01 8.553817807815644603e-01 6.243911466761941087e-01 3.611202711586748437e-01 3.603935212539733923e-01 3.223368167969126730e-01 7.518492474380702451e-01 5.445400067055021776e-01 3.313145295943953350e-01 4.081139437019412064e-01 6.743451461073870501e-01 5.190859046817908329e-01 3.730531959674940889e-01 4.980462082046744343e-01 5.252149172566967783e-01 0.000000000000000000e+00 9.058834469392267330e-01 4.614302054564996536e-01 3.786332311719833310e-01 5.640257346885255707e-01 5.889892080099903282e-01 3.853234170395911651e-01 3.187755044284913963e-01 2.325287754753535274e-01 6.022720242528217804e-01 8.820663373247670247e-01 5.302853673924843303e-01 5.660193766548330396e-01 6.339258491056256606e-01 4.775978759549168173e-01 4.701600409599506203e-01
7.288006979416908893e-01 3.386409052512723838e-01 5.351410968586128858e-01 4.368131643147420418e-01 3.996322551058095751e-01 3.682999186466952568e-01 2.344755626293696382e-01 4.910350286775754247e-01 4.972994800782338243e-01 8.101202536267665399e-01 3.856889493211528852e-01 3.385772505143975764e-01 4.448591982897752706e-01 4.794507339187402128e-01 6.740438007832043610e-01 2.890876809673048609e-01 8.233941888717131175e-01 3.220727494903783406e-01 2.952128018857921310e-01 9.058834469392267330e-01 0.000000000000000000e+00 1.876610617028441341e-01 8.618853460155813107e-01 8.141270179493099723e-01 4.797986298741872546e-01 3.332691114986425784e-01 7.929514869661649090e-01 4.235742350304373405e-01 4.685748329580516902e-01 8.215024674024493656e-01 4.539154561411878896e-01 4.877566223915605903e-01 6.834148819559622279e-01 4.561852970240670158e-01 7.009394396570871599e-01
6.515631751334124422e-01 3.266152940495924417e-01 4.451049007395960766e-01 2.833934337900471112e-01 9.314970840256386886e-02 8.513500125647879280e-01 6.539523834189636675e-01 6.686966448403359742e-01 8.970707025703673620e-01 4.829286777011251863e-01 4.482772569283438036e-01 5.532483262743037589e-01 5.775032808039898269e-01 7.262338006016544334e-01 8.919648788095113634e-02 7.234257794080178883e-01 5.193996175471418120e-01 8.058747159286017148e-02 8.082704675081215928e-01 4.614302054564996536e-01 1.876610617028441341e-01 0.000000000000000000e+00 7.570289940147962859e-01 4.499283718423052192e-01 1.586230827948346134e-01 7.892039626143826370e-01 7.349288337269994642e-01 7.942732592700447736e-01 5.750064417264342254e-01 4.808130888383185808e-01 5.202166387834195049e-02 5.351262160110764610e-01 6.741058157210617630e-01 6.371385680824371844e-01 8.689362465951997461e-01
2.247042203733776722e-01 7.312392084494145905e-01 3.299471693044554454e-01 8.446855153541057426e-01 8.724679748219101860e-01 3.899683189003215755e-01 5.176257976585183496e-01 6.412397418832118667e-01 7.793275452057981667e-01 8.906717051078443248e-01 3.965976061861901103e-01 5.648382759201819869e-02 4.997370544627098288e-01 5.469955561967982938e-01 5.399915083533588511e-01 8.081284356817377557e-01 5.969227352558930111e-01 2.003016434063639717e-01 7.771843834295508735e-01 3.786332311719833310e-01 8.618853460155813107e-01 7.570289940147962859e-01 0.000000000000000000e+00 7.631942970719323149e-01 5.854716969142630401e-01 1.853031789465523493e-01 5.297468472296308351e-01 2.426264381716368712e-01 8.056768625317893839e-01 4.308878035247888372e-01 8.304313280162340938e-01 6.732543099047190172e-01 2.755130521628860185e-01 8.932244005689919941e-01 3.101562128685119712e-01
8.274684341791722630e-01 3.425277972947427529e-01 9.686721406693814540e-01 9.718064402805060009e-01 3.468755791177733361e-01 2.394257930242383314e-01 8.987028350854695535e-01 1.123598305376369844e-01 3.248660873129307625e-01 3.516377043308306360e-01 3.844301302820709587e-01 4.184822096527910373e-01 6.518854488332267438e-01 4.251297825616764392e-01 3.888752814489405685e-01 4.867810276864538155e-01 4.014385972970643812e-01 8.426196974018996810e-01 6.004991936323589297e-01 5.640257346885255707e-01 8.141270179493099723e-01 4.499283718423052192e-01 7.631942970719323149e-01 0.000000000000000000e+00 3.621485960495107737e-01 6.992154969490922412e-01 5.499706904323988788e-01 3.323047329999461175e-01 9.694660553207480325e-01 4.734488214211469148e-01 2.043437686479787074e-01 3.552761965654213094e-01 7.979855388885451761e-01 5.376947641378355680e-01 7.299264750651995870e-01
5.108903421581479920e-01 5.266593668900561021e-01 4.621447946847242472e-01 5.918986895181710395e-02 8.555554788086761064e-01 4.561123669669249758e-01 4.714587672709178445e-01 7.605256941517294367e-01 4.603066606341786327e-01 7.053808672084171949e-01 9.321590139907369732e-01 5.596733318089832654e-01 2.230120902978890984e-01 7.216991837398292198e-01 7.863275008154855250e-01 7.983986639192741652e-01 8.426404702976355576e-01 4.653566142580189968e-01 8.155537195954063456e-01 5.889892080099903282e-01 4.797986298741872546e-01 1.586230827948346134e-01 5.854716969142630401e-01 3.621485960495107737e-01 0.000000000000000000e+00 6.350721334779821925e-01 6.348594447989066580e-01 7.565406050547627270e-01 7.083002207677964179e-01 4.016389505773714785e-01 1.424292287839179494e-01 8.903434740406959147e-01 1.315320288724035613e-01 8.435666482229648988e-01 8.015891783238122681e-01
5.365424276971735296e-01 6.395216809054933282e-01 5.184946854574585817e-01 4.511229159382279530e-02 9.119911522976666962e-01 8.849558084432748162e-01 4.438637110017462639e-01 7.135230219498643889e-01 3.243746808248191837e-01 3.752913079017763387e-01 5.058622829714587432e-01 5.588440502264292453e-01 4.005370038382715658e-01 4.013034589649204231e-01 5.613040688817241275e-01 3.218587395369506554e-01 1.655432822409758087e-01 3.740021693201972530e-01 4.737199855957148764e-01 3.853234170395911651e-01 3.332691114986425784e-01 7.892039626143826370e-01 1.853031789465523493e-01 6.992154969490922412e-01 6.350721334779821925e-01 0.000000000000000000e+00 6.909446215856216433e-01 8.931549463374988118e-01 7.760641001619705825e-01 3.438554526673336942e-01 8.315143782499283542e-01 7.341389347948150679e-01 1.877953303037419586e-01 6.502703144145390857e-01 5.925949564030559280e-01
7.051318226097008646e-01 5.470132065420024725e-01 4.921306831197450049e-01 7.067149957572007590e-01 2.930508303354627531e-01 7.584824494583332077e-01 4.682101559980975658e-01 5.590824027910055172e-01 5.651634011666955004e-01 4.880181440052585584e-01 3.733907777669179806e-01 7.802002919654096313e-01 6.334781016525988795e-01 6.208201548787515289e-01 6.325933277461091020e-01 4.415038831902420857e-01 3.218329299010816991e-01 3.662782523383357192e-01 4.616949409155457484e-01 3.187755044284913963e-01 7.929514869661649090e-01 7.349288337269994642e-01 5.297468472296308351e-01 5.499706904323988788e-01 6.348594447989066580e-01 6.909446215856216433e-01 0.000000000000000000e+00 7.315214255981513647e-01 8.696976614020941465e-01 7.012035472364279709e-01 4.201084206853413217e-01 8.116646947606303009e-01 9.087112867499997915e-01 4.328486286533077543e-01 3.065067597569358648e-01
3.536024534012679466e-01 3.659408356894996439e-01 8.884258749208364669e-01 5.609954680770394830e-01 4.003391094457438015e-01 8.342033131697974557e-01 5.702683909384134164e-01 4.333305386474087251e-01 4.865072209351671284e-01 7.884728099593458772e-01 4.450747050679397798e-01 5.553133222563488847e-01 9.535946703916118317e-01 7.558258433122675424e-01 4.510299576580979464e-01 7.345508526248772929e-01 5.046404622345965763e-01 6.629676700022107960e-01 6.680744629033406046e-01 2.325287754753535274e-01 4.235742350304373405e-01 7.942732592700447736e-01 2.426264381716368712e-01 3.323047329999461175e-01 7.565406050547627270e-01 8.931549463374988118e-01 7.315214255981513647e-01 0.000000000000000000e+00 8.591315362877072204e-02 6.405552093937287861e-01 4.237942906353147632e-01 9.560412322411635522e-01 8.780765009639850405e-01 6.173544430151443052e-01 7.386374601852470079e-01
8.677986227129639296e-01 2.250865608952721808e-01 2.032036060183961546e-01 8.179459431530871072e-01 2.382670828132965601e-01 6.809646172270046316e-01 6.383118276916023293e-01 8.577001190633060101e-01 7.507231428310198185e-01 4.821534362855001699e-01 4.667318104579499805e-01 5.088814679835820254e-01 8.734465439477044901e-01 4.115428525929489267e-01 9.430952810809219988e-01 8.139390970206534792e-01 1.488465902372030358e-01 6.479833279027298332e-01 5.990917554946625367e-01 6.022720242528217804e-01 4.685748329580516902e-01 5.750064417264342254e-01 8.056768625317893839e-01 9.694660553207480325e-01 7.083002207677964179e-01 7.760641001619705825e-01 8.696976614020941465e-01 8.591315362877072204e-02 0.000000000000000000e+00 1.565630298753089011e-01 4.068233326467449174e-01 3.401580846677165759e-01 5.043181037350794593e-01 3.237306484543223117e-02 5.343423084855614125e-01
1.704372948449520142e-01 8.500842106048750457e-01 8.445700209617694743e-01 3.206954420791343630e-01 9.406031310178486482e-01 4.543902248796576337e-01 6.753058830261671197e-01 8.901787991116429932e-01 5.310994107878371784e-01 3.508101863080097527e-01 7.366456453063784382e-01 3.906663395295270624e-01 9.106123573799695947e-02 6.089321636247790881e-01 2.518540085795237804e-01 2.411893972115063400e-01 6.272184184882055868e-01 5.729673154139617308e-01 7.598143382558685266e-01 8.820663373247670247e-01 8.215024674024493656e-01 4.808130888383185808e-01 4.308878035247888372e-01 4.734488214211469148e-01 4.016389505773714785e-01 3.438554526673336942e-01 7.012035472364279709e-01 6.405552093937287861e-01 1.565630298753089011e-01 0.000000000000000000e+00 9.059969547665920331e-01 2.711487879432245007e-01 4.012626983675832704e-01 7.261059630462264325e-01 8.755390765922377305e-01
6.140067525273725790e-01 4.618933310599150355e-01 7.741292042706737764e-01 5.535310456529694001e-01 4.673312318994920500e-01 1.417065709486396985e-01 4.259083259792604825e-01 3.731348968648229847e-01 1.720903272781764137e-01 8.090287844859723743e-01 8.742253479529189519e-01 4.669878340568807129e-01 7.542164037688825484e-01 6.359976520107066822e-01 8.752019891711380062e-01 8.969383398393855344e-01 1.425700568082125530e-01 5.642593433616793774e-02 1.652999723498824736e-01 5.302853673924843303e-01 4.539154561411878896e-01 5.202166387834195049e-02 8.304313280162340938e-01 2.043437686479787074e-01 1.424292287839179494e-01 8.315143782499283542e-01 4.201084206853413217e-01 4.237942906353147632e-01 4.068233326467449174e-01 9.059969547665920331e-01 0.000000000000000000e+00 2.947819808373109973e-01 8.402755604161941116e-01 8.265169266352127009e-01 8.116099406462382593e-01
7.956057813018103664e-01 6.497716173238468063e-01 8.051403178091961488e-01 9.738602014278330277e-01 3.901106625649273241e-01 7.634615539704137088e-01 6.549511840059302203e-01 7.636899395326871565e-01 4.856310325957037821e-01 6.361163287913551567e-01 8.309696917752478207e-01 6.904680904553004428e-01 4.965820501493185546e-01 4.917871920916572215e-01 3.806641873364886020e-01 3.947284943829637571e-01 8.488399704845144278e-01 9.593732954307060412e-01 5.750655950758891688e-01 5.660193766548330396e-01 4.877566223915605903e-01 5.351262160110764610e-01 6.732543099047190172e-01 3.552761965654213094e-01 8.903434740406959147e-01 7.341389347948150679e-01 8.116646947606303009e-01 9.560412322411635522e-01 3.401580846677165759e-01 2.711487879432245007e-01 2.947819808373109973e-01 0.000000000000000000e+00 5.588858703004182527e-01 8.147825763094347362e-01 4.627555370022840564e-01
9.270917746684834704e-01 4.822764618495010702e-01 5.940792032431527758e-01 4.077750975441425951e-01 5.770412482214858363e-01 8.978316596329658505e-01 2.977093307663392086e-01 5.743935370525812267e-01 1.693822844950350071e-01 2.707804763933652215e-01 5.782819987356612179e-01 2.787551044334526384e-01 3.395919316670060750e-01 4.831316524413274416e-01 4.940991908377952435e-01 5.700795871987895946e-02 3.734544807868966920e-01 8.054466555762351820e-01 4.104006431939946076e-01 6.339258491056256606e-01 6.834148819559622279e-01 6.741058157210617630e-01 2.755130521628860185e-01 7.979855388885451761e-01 1.315320288724035613e-01 1.877953303037419586e-01 9.087112867499997915e-01 8.780765009639850405e-01 5.043181037350794593e-01 4.012626983675832704e-01 8.402755604161941116e-01 5.588858703004182527e-01 0.000000000000000000e+00 3.919453474805353888e-01 1.184345961274562709e-01
2.008077131082184330e-01 5.598701349441492781e-01 6.798154137309477818e-01 1.202017933082329959e-01 6.605143460236344577e-01 3.541269299249246716e-01 5.815581973125143467e-01 8.168261599401329676e-01 4.201028362091407398e-01 2.639998149984076337e-01 6.652819594649769241e-01 8.312156048402974395e-02 1.507352817820306612e-01 6.186240151134143606e-01 8.596238841747552151e-01 8.429977289018726339e-01 6.510853704572994172e-01 5.060439240314547060e-01 2.618576723687274233e-01 4.775978759549168173e-01 4.561852970240670158e-01 6.371385680824371844e-01 8.932244005689919941e-01 5.376947641378355680e-01 8.435666482229648988e-01 6.502703144145390857e-01 4.328486286533077543e-01 6.173544430151443052e-01 3.237306484543223117e-02 7.261059630462264325e-01 8.265169266352127009e-01 8.147825763094347362e-01 3.919453474805353888e-01 0.000000000000000000e+00 6.021025133555951703e-01
8.256953887817515270e-01 5.762606822980061994e-01 5.137781929097552380e-01 8.018252501269738097e-01 7.429220639730924614e-01 2.601955569172044180e-01 5.685640925850810046e-02 6.183350093606538866e-01 5.953262919622004379e-01 4.585826433862582041e-01 3.607091956229812046e-01 8.103933266198333207e-01 6.253602043023505086e-01 9.549538007250273353e-01 5.804512218845512272e-01 5.008985913392036693e-01 5.391847356541673575e-01 6.276205059148818322e-01 3.665638644234494592e-01 4.701600409599506203e-01 7.009394396570871599e-01 8.689362465951997461e-01 3.101562128685119712e-01 7.299264750651995870e-01 8.015891783238122681e-01 5.925949564030559280e-01 3.065067597569358648e-01 7.386374601852470079e-01 5.343423084855614125e-01 8.755390765922377305e-01 8.116099406462382593e-01 4.627555370022840564e-01 1.184345961274562709e-01 6.021025133555951703e-01 0.000000000000000000e+00
