0.000000000000000000e+00 4.895588136674663415e-01 4.374633229180240335e-01 9.260178687367636163e-01 5.599977730844366564e-01 3.091200567923396703e-01 2.392310252972253415e-01 1.249021585395260203e-01 4.661603214016961094e-01 2.238468495224428256e-01 7.841174274123681176e-01 9.283685100436075421e-01 5.827998938140733776e-01 8.100886617981435389e-01 4.500981558300251040e-01 2.364702416333647195e-01 5.235257488530995484e-01 5.690875922087557104e-01 8.110198990210431003e-01 5.205755581983406710e-02 1.829568714805839269e-01 8.972682161528410250e-01 7.347593025044503179e-01 7.265970667727376098e-01 1.538988660477574877e-01 7.325139234787816367e-01 7.019499974840688328e-01 3.368636621442293588e-01 3.314131726465600059e-01 5.661229101774420958e-01 4.339826440065653879e-01 5.822912363066784502e-01 6.630484427791576429e-01 7.112564128515856954e-01 8.318520636220143594e-01
4.895588136674663415e-01 0.000000000000000000e+00 5.217344586539556239e-01 5.133111223730195682e-01 4.820753840362262954e-01 1.976915881789937934e-01 4.120708047339085023e-01 6.951841349243840229e-01 4.718737370250226659e-01 2.053176958132081342e-01 1.753641197585307232e-01 8.588447887905210631e-01 4.817020872080469140e-01 5.484471108492443570e-01 1.369900956789640301e-01 1.432925745356031788e-01 8.093962882797200997e-01 8.167250927873983546e-01 5.786866267738621783e-01 6.174287916259224573e-01 8.385516295888030269e-01 5.091662148482514194e-01 8.311845963094177669e-02 4.141555001133874203e-01 6.085510223844508015e-01 5.195838907436876042e-01 3.514933415652664039e-01 7.191276409140472392e-01 4.263215941139572029e-01 4.165859610848361982e-01 4.415985433655905679e-01 1.733745144521323667e-01 5.378352900281428983e-01 6.183514562912649781e-01 2.613872907305747617e-01
4.374633229180240335e-01 5.217344586539556239e-01 0.000000000000000000e+00 8.443384843243921800e-01 2.058582061371458938e-01 8.715455534793179471e-01 6.346631807423019911e-01 4.315976784022034218e-01 5.015893516838575428e-01 3.049727854290507079e-01 3.313605879304892810e-01 5.515306843096006162e-01 7.573148819914827801e-01 4.820160300014416643e-01 7.970773840715074110e-01 3.177439004676798628e-01 8.717303467683810148e-01 4.368503398332354015e-01 4.264317446744314566e-02 7.584811704211191774e-01 6.781348654389847130e-01 1.377552197422039493e-01 4.842176026437199354e-01 2.959647308258874787e-01 6.983795520317113148e-01 7.303731275019578195e-01 3.058054428767286170e-01 7.646016401750348468e-01 4.648465327990980445e-01 5.508771983088498470e-01 9.624030565132402071e-02 7.079722100405299035e-01 6.879629990390270233e-01 5.850039084637037590e-01 3.544432008797366862e-01
9.260178687367636163e-01 5.133111223730195682e-01 8.443384843243921800e-01 0.000000000000000000e+00 3.835263959009789225e-01 2.786032634609094671e-01 2.398031133719011887e-01 5.063062944171317081e-01 4.812363377326522862e-01 7.692854064199450281e-01 7.640201692379477993e-01 7.788939484278294412e-01 4.624587964790541905e-01 3.968801977748556142e-01 6.024419416353308243e-01 6.879494995658187451e-01 1.244804978371234494e-01 3.827986226506629452e-01 8.351168907268167185e-01 4.555492987137551575e-01 4.588970236348905996e-01 7.525288185047329659e-01 8.190436644208674011e-01 2.752688516598145174e-01 1.722387041848683076e-01 8.461586392888604813e-01 3.853150921027250764e-01 2.432266041537627377e-01 6.516433021920740032e-01 5.613586756433524005e-01 1.640478682521272491e-01 5.073107664614586731e-01 5.210824974094694362e-01 4.826738338936814587e-01 4.329735267523595610e-01
5.599977730844366564e-01 4.820753840362262954e-01 2.058582061371458938e-01 3.835263959009789225e-01 0.000000000000000000e+00 1.854152273960787412e-01 2.702213767707197234e-01 9.294681278695222648e-01 4.958072767844540207e-01 5.100285708464723511e-01 5.155998847716126710e-01 7.363589070928577840e-02 4.672216355897957918e-01 9.071195584309335036e-01 4.243513498057029931e-01 6.475541709620165065e-01 7.710038961432879034e-01 9.056677621859665628e-01 8.719109992220047678e-01 3.785390515626005925e-01 2.126375982973247591e-01 2.384467543902422104e-01 5.531422360991165021e-01 4.419050603051841719e-01 8.980694067108403456e-01 6.905712874777095722e-01 3.620075432818609107e-01 3.126979944986459925e-01 2.227233065807888712e-01 2.739885290459411760e-01 3.206216831508689746e-01 5.115438921332209343e-01 9.082047150931835677e-01 4.018312890838026119e-01 1.638875994123994984e-01
3.091200567923396703e-01 1.976915881789937934e-01 8.715455534793179471e-01 2.786032634609094671e-01 1.854152273960787412e-01 0.000000000000000000e+00 3.094431877513764695e-01 6.007018893676587812e-01 3.840954306701673815e-01 5.044440466722923677e-01 2.562496497637962722e-01 6.943775642032053996e-01 5.756372904574804661e-01 2.374242751895982440e-01 4.807916483269147334e-01 6.543939911167304668e-01 2.337027177248008902e-01 9.007209001363958301e-02 4.971115422443259102e-01 8.943334210951023877e-01 7.461555939975519358e-01 7.382319622126284342e-01 8.375738221709165821e-01 6.228436547207514273e-01 1.843567499955684474e-01 4.003861739351968208e-01 2.540347055709206714e-01 9.331304344458546396e-01 8.721765450334688641e-01 4.790658873555619368e-01 3.158619811693398338e-01 3.569517972845979714e-01 8.297299706681344755e-01 1.624052569866605289e-01 5.204369861593154400e-01
2.392310252972253415e-01 4.120708047339085023e-01 6.346631807423019911e-01 2.398031133719011887e-01 2.702213767707197234e-01 3.094431877513764695e-01 0.000000000000000000e+00 2.033708743596309709e-01 3.121621431389199897e-01 7.189088548068032214e-01 2.927926219965191201e-01 5.771087178580983634e-01 4.920813253577868140e-01 5.241829519849321439e-01 6.635734933151107295e-01 5.076692740667830828e-01 4.363098099932899432e-01 2.923521601963809946e-01 7.980569379932881402e-01 4.505140153282398696e-01 3.852407653139395816e-01 4.368802400006153164e-01 6.388839253560163467e-01 4.400281049412593237e-01 1.917008555468850961e-01 7.442785109849812120e-01 5.400010999471103190e-01 8.803445933692547465e-01 5.331786731180612193e-01 5.074559446073945157e-01 6.795018147937524899e-01 5.477054204609925758e-01 8.731900361940043709e-01 5.984760221132270352e-01 5.693787725692140977e-01
1.249021585395260203e-01 6.951841349243840229e-01 4.315976784022034218e-01 5.063062944171317081e-01 9.294681278695222648e-01 6.007018893676587812e-01 2.033708743596309709e-01 0.000000000000000000e+00 4.436302563916648678e-01 7.548672348513779662e-01 5.475798499201067759e-01 5.893074361674088824e-01 4.015219566791343730e-01 3.455773066788615511e-01 8.023175804911618636e-01 7.801174508259525187e-01 5.923233977547880391e-01 6.896968818812310165e-01 7.664186487596688080e-01 3.840399759670990454e-01 5.952132074701922404e-01 3.529249792236505145e-01 7.220655355552606514e-01 7.382423705967908756e-01 6.234038636080301288e-01 4.649292922511933379e-01 7.151661786986400760e-01 4.582761497266669148e-01 3.339553577182458044e-01 3.335745726615514384e-01 6.169703443139344934e-01 8.028838690234892939e-01 5.782906658884616746e-01 2.870013788377787645e-01 7.586142460330486115e-01
4.661603214016961094e-01 4.718737370250226659e-01 5.015893516838575428e-01 4.812363377326522862e-01 4.958072767844540207e-01 3.840954306701673815e-01 3.121621431389199897e-01 4.436302563916648678e-01 0.000000000000000000e+00 1.046828416990895905e-01 5.473432860098741415e-01 7.868038608166922909e-01 4.282726599978418092e-01 5.711065941536379587e-01 4.356005732950455345e-01 3.794227706152079604e-01 5.345875271578750532e-01 5.138456476837280906e-01 4.780334988972654298e-01 8.053158842529326567e-01 7.509017730825264803e-01 4.152784628910987652e-01 4.924460638481839014e-01 8.233691359111009467e-01 5.913768867302919841e-01 3.820066767850959222e-01 3.159702515622684338e-01 7.322881732000564581e-01 2.790948484249169415e-01 8.041104579321580736e-01 5.318279236575860214e-01 7.256610536128746958e-01 1.987644148553412982e-01 4.400626765367610660e-01 7.347410486772245619e-01
2.238468495224428256e-01 2.053176958132081342e-01 3.049727854290507079e-01 7.692854064199450281e-01 5.100285708464723511e-01 5.044440466722923677e-01 7.189088548068032214e-01 7.548672348513779662e-01 1.046828416990895905e-01 0.000000000000000000e+00 5.027280160131835096e-01 3.049043566985129017e-01 2.204434589672666922e-01 6.785962206118711926e-02 5.857741035822650044e-02 5.798268632079164320e-01 7.829482405554575308e-01 5.392628380897800389e-01 8.759522893022604340e-01 4.628585729108864455e-01 1.398488807185411797e-01 4.966260452627624944e-01 1.266070133980152779e-01 3.137631638781577248e-01 5.284166751161076814e-01 6.831802092201035848e-01 5.089338452262557322e-01 6.379152399920489103e-01 4.796343732791396031e-01 1.796664522697242194e-01 5.580857147427867870e-01 4.934752457513523205e-01 6.310394193863859691e-01 7.441624409509106641e-01 4.696680108771813522e-01
7.841174274123681176e-01 1.753641197585307232e-01 3.313605879304892810e-01 7.640201692379477993e-01 5.155998847716126710e-01 2.562496497637962722e-01 2.927926219965191201e-01 5.475798499201067759e-01 5.473432860098741415e-01 5.027280160131835096e-01 0.000000000000000000e+00 7.414128941822029084e-01 2.603072128070589297e-01 5.861049002422257237e-01 5.011224696637663900e-01 5.633446805075273955e-01 1.618432939625016331e-01 5.480293183350197772e-01 6.313131086429191186e-02 2.666750368326640253e-01 3.365534989224358009e-01 7.604724963069449117e-01 8.799108284181722528e-02 4.136310421052080688e-01 5.613965885588114713e-01 6.251714426924450674e-01 8.378173458837386844e-01 6.262152780809112640e-01 8.255898472991622938e-01 7.425061855379242459e-01 7.806127251744140461e-01 4.909046911827056325e-01 7.639605000264486634e-01 7.747613240516906252e-01 7.689917446050175132e-01
9.283685100436075421e-01 8.588447887905210631e-01 5.515306843096006162e-01 7.788939484278294412e-01 7.363589070928577840e-02 6.943775642032053996e-01 5.771087178580983634e-01 5.893074361674088824e-01 7.868038608166922909e-01 3.049043566985129017e-01 7.414128941822029084e-01 0.000000000000000000e+00 6.838917203133356715e-01 5.663416669349121690e-01 7.419049119668130743e-02 4.817455336223924189e-01 6.612384837772138368e-01 4.771256745722426418e-01 5.308201100945360018e-01 5.971147571212420679e-01 4.068868252239403183e-01 4.696547436836465694e-01 6.395537797787662626e-01 6.504058022297670716e-01 5.056100784740731324e-01 5.790444710389088812e-01 7.301602423097122152e-01 1.968846337728992757e-01 5.019136286779788403e-01 2.310742429495934447e-01 5.127586700320353463e-01 4.312794079857555918e-01 4.629330466814427503e-01 8.467154521940065681e-01 7.026326056021870992e-01
5.827998938140733776e-01 4.817020872080469140e-01 7.573148819914827801e-01 4.624587964790541905e-01 4.672216355897957918e-01 5.756372904574804661e-01 4.920813253577868140e-01 4.015219566791343730e-01 4.282726599978418092e-01 2.204434589672666922e-01 2.603072128070589297e-01 6.838917203133356715e-01 0.000000000000000000e+00 5.053651918137973542e-01 7.107053498441177064e-01 4.542775165131886506e-01 5.349827248412708514e-01 6.280363609360822830e-01 4.386158918872284929e-01 7.791309687229694969e-01 3.143512575977027712e-01 6.502907411669676119e-01 6.840312764023201986e-01 1.805496517958827818e-01 3.632561167695670390e-01 4.195219174666944273e-01 4.725232530881646187e-01 4.322164781427567659e-01 6.106064051209458832e-02 5.956868143791079762e-01 3.486581335119018910e-01 8.484734075487828653e-01 4.731748556311763387e-01 8.307543031307040859e-01 3.634230328455995140e-01
8.100886617981435389e-01 5.484471108492443570e-01 4.820160300014416643e-01 3.968801977748556142e-01 9.071195584309335036e-01 2.374242751895982440e-01 5.241829519849321439e-01 3.455773066788615511e-01 5.711065941536379587e-01 6.785962206118711926e-02 5.861049002422257237e-01 5.663416669349121690e-01 5.053651918137973542e-01 0.000000000000000000e+00 3.381793811514630654e-01 3.513644507933743055e-01 4.671584170718994788e-01 4.578010574349110628e-01 2.114754805231333634e-01 8.787600174239040829e-01 8.427778336657654190e-01 2.334613465941995925e-01 6.085184934899585674e-01 8.272727780230109129e-01 6.915159367620424824e-01 6.212129493164099125e-01 6.001407888781822297e-01 3.773455091812609741e-01 4.642410785757108971e-01 6.089503806693811194e-01 6.840281537161694292e-01 8.462912645552150837e-01 3.990191047668969482e-01 5.975861237750060839e-01 1.007173443573774474e-01
4.500981558300251040e-01 1.369900956789640301e-01 7.970773840715074110e-01 6.024419416353308243e-01 4.243513498057029931e-01 4.807916483269147334e-01 6.635734933151107295e-01 8.023175804911618636e-01 4.356005732950455345e-01 5.857741035822650044e-02 5.011224696637663900e-01 7.419049119668130743e-02 7.107053498441177064e-01 3.381793811514630654e-01 0.000000000000000000e+00 2.303635652114660592e-01 6.951755550903628844e-01 6.640529078061834234e-01 7.916271277723267996e-01 3.651961216732206306e-01 5.971620690241201679e-01 4.258778734309317526e-01 5.415658132543319514e-01 7.776352753023760833e-01 1.138156896914340743e-01 3.982422880930228670e-01 5.383575308577195351e-01 5.925698601317866965e-01 6.482385357386746261e-01 1.096836760296698854e-01 3.969953555738580664e-01 4.077575216839711691e-01 7.154648059258250647e-01 6.610374200984843185e-01 4.890430734896084042e-01
2.364702416333647195e-01 1.432925745356031788e-01 3.177439004676798628e-01 6.879494995658187451e-01 6.475541709620165065e-01 6.543939911167304668e-01 5.076692740667830828e-01 7.801174508259525187e-01 3.794227706152079604e-01 5.798268632079164320e-01 5.633446805075273955e-01 4.817455336223924189e-01 4.542775165131886506e-01 3.513644507933743055e-01 2.303635652114660592e-01 0.000000000000000000e+00 1.824155254342548771e-01 5.534224135702836556e-01 6.174942607496687330e-01 3.395335233618956838e-01 6.424583439839650634e-01 4.123753956176544055e-01 4.473924084725321992e-01 4.816658136030042558e-01 7.583106423026733101e-01 8.416859618355332362e-01 8.661755332689330400e-01 6.605669292212044130e-01 2.553147849576213879e-01 8.902434622686219434e-01 4.089506232646593631e-01 5.094744259448996671e-01 5.905566035351091925e-01 4.991480538524305510e-01 5.218469194919526100e-01
5.235257488530995484e-01 8.093962882797200997e-01 8.717303467683810148e-01 1.244804978371234494e-01 7.710038961432879034e-01 2.337027177248008902e-01 4.363098099932899432e-01 5.923233977547880391e-01 5.345875271578750532e-01 7.829482405554575308e-01 1.618432939625016331e-01 6.612384837772138368e-01 5.349827248412708514e-01 4.671584170718994788e-01 6.951755550903628844e-01 1.824155254342548771e-01 0.000000000000000000e+00 2.749972128165882324e-01 3.581431465029917272e-01 2.038276382845654044e-01 4.065340028257035110e-01 4.608745818958697171e-01 4.127358900861990421e-01 6.140171608400395442e-01 7.394381524454117782e-01 4.495479367807271309e-01 8.070221492869209534e-01 3.384191795449158491e-01 3.295369244528585373e-01 2.318788312396067308e-01 6.435057200300557945e-01 2.891994746565599295e-01 3.906317332466197612e-01 5.086660043179465074e-01 7.731333455048505776e-01
5.690875922087557104e-01 8.167250927873983546e-01 4.368503398332354015e-01 3.827986226506629452e-01 9.056677621859665628e-01 9.007209001363958301e-02 2.923521601963809946e-01 6.896968818812310165e-01 5.138456476837280906e-01 5.392628380897800389e-01 5.480293183350197772e-01 4.771256745722426418e-01 6.280363609360822830e-01 4.578010574349110628e-01 6.640529078061834234e-01 5.534224135702836556e-01 2.749972128165882324e-01 0.000000000000000000e+00 8.138805446916290709e-01 1.159202860189861850e-01 5.209475064198424432e-01 5.687966514037025023e-01 3.484127744730478593e-01 3.586593583922849660e-01 4.300778646714887854e-01 3.364444193881603318e-01 6.406279072657368179e-01 4.433145624945479257e-01 4.226598020564736879e-01 3.274131745265996818e-01 5.803789271014496709e-01 4.248243057499623276e-01 5.740331864144281315e-01 7.877219566396653772e-01 4.059607577719283045e-01
8.110198990210431003e-01 5.786866267738621783e-01 4.264317446744314566e-02 8.351168907268167185e-01 8.719109992220047678e-01 4.971115422443259102e-01 7.980569379932881402e-01 7.664186487596688080e-01 4.780334988972654298e-01 8.759522893022604340e-01 6.313131086429191186e-02 5.308201100945360018e-01 4.386158918872284929e-01 2.114754805231333634e-01 7.916271277723267996e-01 6.174942607496687330e-01 3.581431465029917272e-01 8.138805446916290709e-01 0.000000000000000000e+00 6.800962627960611684e-01 7.741743136230141431e-01 3.791158944459616653e-01 7.816120125408876351e-01 3.150781227287086095e-01 1.785897008212804504e-01 1.357467551309261000e-01 8.155490434169461178e-01 7.859492417841702494e-01 8.764963338173084040e-01 8.440721712120212716e-01 8.060592187908088846e-02 4.250730107520723222e-01 2.713130809736706839e-01 5.050719108165645510e-01 6.873049250510174790e-01
5.205755581983406710e-02 6.174287916259224573e-01 7.584811704211191774e-01 4.555492987137551575e-01 3.785390515626005925e-01 8.943334210951023877e-01 4.505140153282398696e-01 3.840399759670990454e-01 8.053158842529326567e-01 4.628585729108864455e-01 2.666750368326640253e-01 5.971147571212420679e-01 7.791309687229694969e-01 8.787600174239040829e-01 3.651961216732206306e-01 3.395335233618956838e-01 2.038276382845654044e-01 1.159202860189861850e-01 6.800962627960611684e-01 0.000000000000000000e+00 4.771913765354942605e-01 7.991580478225683848e-01 4.833667089679572482e-01 6.999862774864620274e-01 3.971961220877879284e-01 7.870990446954420072e-01 7.051587171707500712e-01 4.924495496905519909e-01 9.020438243347659313e-01 3.815975798826300447e-01 5.755524012973849413e-01 8.395817981086948212e-01 6.720311298725145654e-01 8.312354343541212831e-01 2.449725059150401618e-01
1.829568714805839269e-01 8.385516295888030269e-01 6.781348654389847130e-01 4.588970236348905996e-01 2.126375982973247591e-01 7.461555939975519358e-01 3.852407653139395816e-01 5.952132074701922404e-01 7.509017730825264803e-01 1.398488807185411797e-01 3.365534989224358009e-01 4.068868252239403183e-01 3.143512575977027712e-01 8.427778336657654190e-01 5.971620690241201679e-01 6.424583439839650634e-01 4.065340028257035110e-01 5.209475064198424432e-01 7.741743136230141431e-01 4.771913765354942605e-01 0.000000000000000000e+00 6.906802840248065234e-01 4.072301768705031133e-01 7.651605689113086806e-01 5.109975372149385686e-01 3.007423498418013708e-01 5.352098359376669112e-01 5.370855293245717643e-01 8.042502423154680447e-01 7.357974614480161657e-01 1.385908268247261210e-01 7.442170676700567977e-01 3.423145955424573561e-01 2.822559873641875550e-01 8.633365171890385881e-01
8.972682161528410250e-01 5.091662148482514194e-01 1.377552197422039493e-01 7.525288185047329659e-01 2.384467543902422104e-01 7.382319622126284342e-01 4.368802400006153164e-01 3.529249792236505145e-01 4.152784628910987652e-01 4.966260452627624944e-01 7.604724963069449117e-01 4.696547436836465694e-01 6.502907411669676119e-01 2.334613465941995925e-01 4.258778734309317526e-01 4.123753956176544055e-01 4.608745818958697171e-01 5.687966514037025023e-01 3.791158944459616653e-01 7.991580478225683848e-01 6.906802840248065234e-01 0.000000000000000000e+00 7.608515201021186503e-01 6.069605519688389128e-01 6.253610832105834794e-01 3.542312477398734671e-01 6.768542005316735555e-01 6.433055857941898381e-01 5.985877081137678246e-01 4.432480438834800474e-01 4.383760308271039685e-01 1.924192107079152336e-01 8.448205404800470664e-01 6.788038586212090664e-01 7.541600124496746771e-01
7.347593025044503179e-01 8.311845963094177669e-02 4.842176026437199354e-01 8.190436644208674011e-01 5.531422360991165021e-01 8.375738221709165821e-01 6.388839253560163467e-01 7.220655355552606514e-01 4.924460638481839014e-01 1.266070133980152779e-01 8.799108284181722528e-02 6.395537797787662626e-01 6.840312764023201986e-01 6.085184934899585674e-01 5.415658132543319514e-01 4.473924084725321992e-01 4.127358900861990421e-01 3.484127744730478593e-01 7.816120125408876351e-01 4.833667089679572482e-01 4.072301768705031133e-01 7.608515201021186503e-01 0.000000000000000000e+00 5.431655726468833656e-01 3.424363260098646222e-01 4.734029176304109798e-01 2.914240746139643568e-01 9.602099145191935747e-01 9.593652127115667172e-01 1.322582136835672717e-01 1.688013882642094288e-01 7.280557520039161457e-01 6.717728441279990914e-01 1.885612607852108491e-01 6.061905007716912319e-01
7.265970667727376098e-01 4.141555001133874203e-01 2.959647308258874787e-01 2.752688516598145174e-01 4.419050603051841719e-01 6.228436547207514273e-01 4.400281049412593237e-01 7.382423705967908756e-01 8.233691359111009467e-01 3.137631638781577248e-01 4.136310421052080688e-01 6.504058022297670716e-01 1.805496517958827818e-01 8.272727780230109129e-01 7.776352753023760833e-01 4.816658136030042558e-01 6.140171608400395442e-01 3.586593583922849660e-01 3.150781227287086095e-01 6.999862774864620274e-01 7.651605689113086806e-01 6.069605519688389128e-01 5.431655726468833656e-01 0.000000000000000000e+00 5.273778895692118329e-01 7.033515245302057739e-01 4.689789143228898505e-01 6.079598916099521189e-01 6.405980774345783058e-01 4.281585406604267452e-01 6.464089959016200426e-01 1.599950050265094292e-01 7.863093761802091297e-01 4.919104747649296061e-01 7.986706709339583821e-01
1.538988660477574877e-01 6.085510223844508015e-01 6.983795520317113148e-01 1.722387041848683076e-01 8.980694067108403456e-01 1.843567499955684474e-01 1.917008555468850961e-01 6.234038636080301288e-01 5.913768867302919841e-01 5.284166751161076814e-01 5.613965885588114713e-01 5.056100784740731324e-01 3.632561167695670390e-01 6.915159367620424824e-01 1.138156896914340743e-01 7.583106423026733101e-01 7.394381524454117782e-01 4.300778646714887854e-01 1.785897008212804504e-01 3.971961220877879284e-01 5.109975372149385686e-01 6.253610832105834794e-01 3.424363260098646222e-01 5.273778895692118329e-01 0.000000000000000000e+00 6.529167098659907076e-01 1.193004134763039348e-01 1.170449495132018791e-01 5.181015110024325132e-01 9.389215806261541619e-01 8.873393919814309694e-01 8.004111764329882028e-01 8.666813967880282465e-01 9.545645438531749072e-01 7.182920242850250325e-01
7.325139234787816367e-01 5.195838907436876042e-01 7.303731275019578195e-01 8.461586392888604813e-01 6.905712874777095722e-01 4.003861739351968208e-01 7.442785109849812120e-01 4.649292922511933379e-01 3.820066767850959222e-01 6.831802092201035848e-01 6.251714426924450674e-01 5.790444710389088812e-01 4.195219174666944273e-01 6.212129493164099125e-01 3.982422880930228670e-01 8.416859618355332362e-01 4.495479367807271309e-01 3.364444193881603318e-01 1.357467551309261000e-01 7.870990446954420072e-01 3.007423498418013708e-01 3.542312477398734671e-01 4.734029176304109798e-01 7.033515245302057739e-01 6.529167098659907076e-01 0.000000000000000000e+00 9.080772157877958772e-01 3.769532652164160336e-01 8.415853364583605334e-01 7.512374766602458731e-01 9.101095187497458827e-01 5.758263754785125643e-01 3.448305779995919362e-01 4.451971900075333832e-01 5.024406600035402626e-02
7.019499974840688328e-01 3.514933415652664039e-01 3.058054428767286170e-01 3.853150921027250764e-01 3.620075432818609107e-01 2.540347055709206714e-01 5.400010999471103190e-01 7.151661786986400760e-01 3.159702515622684338e-01 5.089338452262557322e-01 8.378173458837386844e-01 7.301602423097122152e-01 4.725232530881646187e-01 6.001407888781822297e-01 5.383575308577195351e-01 8.661755332689330400e-01 8.070221492869209534e-01 6.406279072657368179e-01 8.155490434169461178e-01 7.051587171707500712e-01 5.352098359376669112e-01 6.768542005316735555e-01 2.914240746139643568e-01 4.689789143228898505e-01 1.193004134763039348e-01 9.080772157877958772e-01 0.000000000000000000e+00 5.338372785838241263e-01 7.931294067241150270e-01 9.301830981312955160e-01 4.288637461406507034e-01 3.569042849685993279e-01 9.310975247973386493e-01 8.521897630110631949e-01 3.201676178106683257e-01
3.368636621442293588e-01 7.191276409140472392e-01 7.646016401750348468e-01 2.432266041537627377e-01 3.126979944986459925e-01 9.331304344458546396e-01 8.803445933692547465e-01 4.582761497266669148e-01 7.322881732000564581e-01 6.379152399920489103e-01 6.262152780809112640e-01 1.968846337728992757e-01 4.322164781427567659e-01 3.773455091812609741e-01 5.925698601317866965e-01 6.605669292212044130e-01 3.384191795449158491e-01 4.433145624945479257e-01 7.859492417841702494e-01 4.924495496905519909e-01 5.370855293245717643e-01 6.433055857941898381e-01 9.602099145191935747e-01 6.079598916099521189e-01 1.170449495132018791e-01 3.769532652164160336e-01 5.338372785838241263e-01 0.000000000000000000e+00 5.873362498187175706e-01 5.270693044110013048e-01 7.134904460337923027e-01 9.049147967016160088e-01 2.597807672968783788e-01 6.279825706001723740e-01 5.147473499405150754e-01
3.314131726465600059e-01 4.263215941139572029e-01 4.648465327990980445e-01 6.516433021920740032e-01 2.227233065807888712e-01 8.721765450334688641e-01 5.331786731180612193e-01 3.339553577182458044e-01 2.790948484249169415e-01 4.796343732791396031e-01 8.255898472991622938e-01 5.019136286779788403e-01 6.106064051209458832e-02 4.642410785757108971e-01 6.482385357386746261e-01 2.553147849576213879e-01 3.295369244528585373e-01 4.226598020564736879e-01 8.764963338173084040e-01 9.020438243347659313e-01 8.042502423154680447e-01 5.985877081137678246e-01 9.593652127115667172e-01 6.405980774345783058e-01 5.181015110024325132e-01 8.415853364583605334e-01 7.931294067241150270e-01 5.873362498187175706e-01 0.000000000000000000e+00 6.199762534257007296e-01 2.452186073183023618e-01 4.404722235069449265e-01 5.024962624787753240e-01 2.732585108781248051e-01 5.066286400443330562e-01
5.661229101774420958e-01 4.165859610848361982e-01 5.508771983088498470e-01 5.613586756433524005e-01 2.739885290459411760e-01 4.790658873555619368e-01 5.074559446073945157e-01 3.335745726615514384e-01 8.041104579321580736e-01 1.796664522697242194e-01 7.425061855379242459e-01 2.310742429495934447e-01 5.956868143791079762e-01 6.089503806693811194e-01 1.096836760296698854e-01 8.902434622686219434e-01 2.318788312396067308e-01 3.274131745265996818e-01 8.440721712120212716e-01 3.815975798826300447e-01 7.357974614480161657e-01 4.432480438834800474e-01 1.322582136835672717e-01 4.281585406604267452e-01 9.389215806261541619e-01 7.512374766602458731e-01 9.301830981312955160e-01 5.270693044110013048e-01 6.199762534257007296e-01 0.000000000000000000e+00 6.638385386870976346e-01 5.443316395180342049e-01 5.727680436548399090e-01 2.225489769435056164e-01 4.583217976249549519e-01
4.339826440065653879e-01 4.415985433655905679e-01 9.624030565132402071e-02 1.640478682521272491e-01 3.206216831508689746e-01 3.158619811693398338e-01 6.795018147937524899e-01 6.169703443139344934e-01 5.318279236575860214e-01 5.580857147427867870e-01 7.806127251744140461e-01 5.127586700320353463e-01 3.486581335119018910e-01 6.840281537161694292e-01 3.969953555738580664e-01 4.089506232646593631e-01 6.435057200300557945e-01 5.803789271014496709e-01 8.060592187908088846e-02 5.755524012973849413e-01 1.385908268247261210e-01 4.383760308271039685e-01 1.688013882642094288e-01 6.464089959016200426e-01 8.873393919814309694e-01 9.101095187497458827e-01 4.288637461406507034e-01 7.134904460337923027e-01 2.452186073183023618e-01 6.638385386870976346e-01 0.000000000000000000e+00 2.035904801536264630e-01 4.763390829417140093e-01 8.979379123613766556e-01 8.721677195190120635e-01
5.822912363066784502e-01 1.733745144521323667e-01 7.079722100405299035e-01 5.073107664614586731e-01 5.115438921332209343e-01 3.569517972845979714e-01 5.477054204609925758e-01 8.028838690234892939e-01 7.256610536128746958e-01 4.934752457513523205e-01 4.909046911827056325e-01 4.312794079857555918e-01 8.484734075487828653e-01 8.462912645552150837e-01 4.077575216839711691e-01 5.094744259448996671e-01 2.891994746565599295e-01 4.248243057499623276e-01 4.250730107520723222e-01 8.395817981086948212e-01 7.442170676700567977e-01 1.924192107079152336e-01 7.280557520039161457e-01 1.599950050265094292e-01 8.004111764329882028e-01 5.758263754785125643e-01 3.569042849685993279e-01 9.049147967016160088e-01 4.404722235069449265e-01 5.443316395180342049e-01 2.035904801536264630e-01 0.000000000000000000e+00 3.456215896419796429e-01 4.735928264808948462e-01 7.084857773891747312e-01
6.630484427791576429e-01 5.378352900281428983e-01 6.879629990390270233e-01 5.210824974094694362e-01 9.082047150931835677e-01 8.297299706681344755e-01 8.731900361940043709e-01 5.782906658884616746e-01 1.987644148553412982e-01 6.310394193863859691e-01 7.639605000264486634e-01 4.629330466814427503e-01 4.731748556311763387e-01 3.990191047668969482e-01 7.154648059258250647e-01 5.905566035351091925e-01 3.906317332466197612e-01 5.740331864144281315e-01 2.713130809736706839e-01 6.720311298725145654e-01 3.423145955424573561e-01 8.448205404800470664e-01 6.717728441279990914e-01 7.863093761802091297e-01 8.666813967880282465e-01 3.448305779995919362e-01 9.310975247973386493e-01 2.597807672968783788e-01 5.024962624787753240e-01 5.727680436548399090e-01 4.763390829417140093e-01 3.456215896419796429e-01 0.000000000000000000e+00 8.190103266679318317e-01 9.754022938089869088e-01
7.112564128515856954e-01 6.183514562912649781e-01 5.850039084637037590e-01 4.826738338936814587e-01 4.018312890838026119e-01 1.624052569866605289e-01 5.984760221132270352e-01 2.870013788377787645e-01 4.400626765367610660e-01 7.441624409509106641e-01 7.747613240516906252e-01 8.467154521940065681e-01 8.307543031307040859e-01 5.975861237750060839e-01 6.610374200984843185e-01 4.991480538524305510e-01 5.086660043179465074e-01 7.877219566396653772e-01 5.050719108165645510e-01 8.312354343541212831e-01 2.822559873641875550e-01 6.788038586212090664e-01 1.885612607852108491e-01 4.919104747649296061e-01 9.545645438531749072e-01 4.451971900075333832e-01 8.521897630110631949e-01 6.279825706001723740e-01 2.732585108781248051e-01 2.225489769435056164e-01 8.979379123613766556e-01 4.735928264808948462e-01 8.190103266679318317e-01 0.000000000000000000e+00 5.611879073747518820e-01
8.318520636220143594e-01 2.613872907305747617e-01 3.544432008797366862e-01 4.329735267523595610e-01 1.638875994123994984e-01 5.204369861593154400e-01 5.693787725692140977e-01 7.586142460330486115e-01 7.347410486772245619e-01 4.696680108771813522e-01 7.689917446050175132e-01 7.026326056021870992e-01 3.634230328455995140e-01 1.007173443573774474e-01 4.890430734896084042e-01 5.218469194919526100e-01 7.731333455048505776e-01 4.059607577719283045e-01 6.873049250510174790e-01 2.449725059150401618e-01 8.633365171890385881e-01 7.541600124496746771e-01 6.061905007716912319e-01 7.986706709339583821e-01 7.182920242850250325e-01 5.024406600035402626e-02 3.201676178106683257e-01 5.147473499405150754e-01 5.066286400443330562e-01 4.583217976249549519e-01 8.721677195190120635e-01 7.084857773891747312e-01 9.754022938089869088e-01 5.611879073747518820e-01 0.000000000000000000e+00
