0.000000000000000000e+00 8.277452025080838105e-01 7.970676095952131668e-01 8.642491279235577917e-01 5.154538878874445063e-01 5.504178325409858630e-01 7.249228939653196147e-01 5.350643445037681634e-01 5.445588315686524794e-01 6.890848681181305224e-01 7.210690515367235154e-01 9.497357212323329634e-01 7.775485761583329491e-01 2.614305697393370931e-01 7.610857159188795240e-01 4.752800100319301557e-01 4.628152534902474358e-02 3.822471205037357711e-01 7.799779308606298311e-01 5.035893217865827776e-01 1.817189751740307946e-01 7.488813795631177328e-01 1.558530734633828407e-01 5.062879539881839364e-01 4.161139632376266717e-01 9.221765953298407537e-01 1.634762354674802465e-01 5.632117623659765870e-01 8.901995076321724820e-01 5.746679295302548063e-02 4.048109322444614078e-01 3.500612130524483057e-01 6.156763779794707236e-01 6.714325749488812001e-01 4.985616431710361285e-01
8.277452025080838105e-01 0.000000000000000000e+00 2.426050129243230158e-01 5.407924846986900125e-01 6.600024876756551695e-01 2.483123585027648961e-01 7.322446454668241067e-01 7.337706557024410436e-01 1.274891539439379495e-01 6.792503075221985043e-01 1.247335110857749063e-01 7.221195603371475258e-01 1.656366415475720721e-01 8.532374185784792342e-01 9.314622386910493823e-01 4.844444284416739022e-01 9.325534740936867184e-01 1.885663903086706172e-01 6.584997614446461700e-01 4.557801699962814590e-01 6.530512564147499255e-01 9.137619358897470789e-01 7.055917571936405341e-01 1.536001079109629575e-01 4.291166969423098609e-01 5.978821114328377595e-01 7.340700713282114487e-01 6.920722623434676368e-01 8.174551482928901214e-01 7.467740666447935105e-01 6.153080660767131782e-01 5.415704839318330466e-01 4.795870893248110334e-01 7.241251475041754482e-01 8.829086375550421195e-01
7.970676095952131668e-01 2.426050129243230158e-01 0.000000000000000000e+00 3.654709801140710868e-01 5.879125436599341725e-01 3.228921939397674246e-01 4.305189571004582327e-01 1.454751576452572581e-01 8.381615725062354638e-01 8.843539545430086912e-01 3.815735578383645521e-01 2.030890715331192808e-01 7.768021478194098162e-01 6.570987595835493522e-01 5.609031347969579695e-01 5.301731088606280728e-01 8.649253618912520203e-01 3.507626071523153310e-01 7.361311476409387877e-01 4.042607926437928878e-01 4.014752312449611504e-01 4.815718050741584211e-01 6.451806428114152947e-01 2.550729439231095297e-01 8.461020804885772684e-01 2.853483584857764987e-01 7.303997448939572035e-01 3.920875680654783979e-01 7.820807065488546428e-01 6.984394974820592461e-01 9.330495885245035925e-01 6.184860429115991431e-01 5.330957264911336813e-01 7.648681947827954408e-01 4.715009947382133304e-01
8.642491279235577917e-01 5.407924846986900125e-01 3.654709801140710868e-01 0.000000000000000000e+00 8.902880376935026208e-01 7.177269263079832928e-01 8.166359555204358855e-01 5.947569677013572198e-01 9.025092942459473910e-01 4.762900620121186535e-01 6.046359101595470964e-01 5.939406838644396558e-01 4.231092560794471602e-01 4.655483787936717244e-01 9.312624011708721117e-01 3.466080930092148016e-01 1.399634791115206278e-01 7.608658569482853462e-01 3.894594516553450125e-01 3.123668057779822593e-01 5.722580590469970030e-01 4.909916758198756837e-01 2.597527118031445204e-01 4.032243130269003162e-01 6.813913277524674683e-02 9.061485711041362689e-01 8.329524887912314046e-01 7.238277759985467519e-01 8.524377277095097627e-01 6.927937223760505248e-01 6.942044454393305752e-01 3.718223431633055909e-01 7.334552594814515158e-01 7.823633800692486595e-01 4.297898001069394014e-01
5.154538878874445063e-01 6.600024876756551695e-01 5.879125436599341725e-01 8.902880376935026208e-01 0.000000000000000000e+00 6.291512957592120259e-01 7.968822746499611975e-01 8.421066003559709578e-01 4.851672199414666653e-01 7.613657052612787801e-01 2.564992961843167718e-01 5.310286174667817605e-01 3.558944487284560476e-01 6.748149794518327749e-01 8.973269640916543555e-01 8.465282146963969412e-01 5.270992780692086432e-01 8.499364297209877073e-01 7.868866092811719337e-01 8.132223057728289461e-01 4.588491189384511504e-01 8.597223054305151990e-01 1.736007236357981487e-01 8.444895624940942369e-01 4.911066312016559854e-01 7.357393451097502535e-01 9.328128485765764255e-01 7.785413228273035946e-01 8.963056365985344609e-02 6.027267082270980625e-01 6.310392696763568177e-01 5.112681315696515627e-01 6.796062225817556257e-01 3.505910019931485766e-01 5.200537372815083881e-01
5.504178325409858630e-01 2.483123585027648961e-01 3.228921939397674246e-01 7.177269263079832928e-01 6.291512957592120259e-01 0.000000000000000000e+00 6.771477179264473456e-01 6.932285575710747105e-01 4.923718071506431593e-01 6.625560359246838171e-01 5.600471767747154939e-01 4.595235415524823730e-01 5.504292987908034895e-01 4.235002735893224068e-01 5.970965779251236061e-01 5.486289421189307625e-01 1.838176530764120686e-01 5.606239238227512800e-01 5.666337013771266529e-01 4.527019213361243022e-01 4.896528310312501242e-01 4.300330934086298851e-01 6.829354792266868479e-01 4.698937174095149660e-01 5.017347098627504831e-01 1.353700958108534635e-01 5.486045557363006253e-01 8.452022969057231272e-01 6.708222363599625204e-01 1.980722996370576361e-02 8.233141674647201924e-01 3.832003398151920814e-01 2.684654599707516631e-01 6.049750868189565089e-01 8.716364544483636845e-01
7.249228939653196147e-01 7.322446454668241067e-01 4.305189571004582327e-01 8.166359555204358855e-01 7.968822746499611975e-01 6.771477179264473456e-01 0.000000000000000000e+00 4.473008493369386995e-01 6.856504463962349583e-01 7.213940342779910919e-01 8.728035679689727377e-02 4.437174322605430543e-02 3.113458984312670319e-01 6.311571845331047648e-01 1.293701991498108494e-01 3.674246797915409202e-01 3.585982418113285997e-01 5.616969465422990693e-01 1.197948747646774281e-01 3.802923364183393717e-01 8.458568887999595720e-01 7.261193559423018140e-01 5.839514398272871443e-01 4.697284050323148330e-01 7.360760936805366139e-02 8.094673654701931564e-01 6.357903516809884081e-01 9.165330851182438288e-01 1.321498143599034725e-01 4.151078754220737244e-01 2.771884808865072714e-01 1.838903665209191685e-01 5.189149812630244885e-02 6.363301287939397977e-01 4.740252821554378215e-01
5.350643445037681634e-01 7.337706557024410436e-01 1.454751576452572581e-01 5.947569677013572198e-01 8.421066003559709578e-01 6.932285575710747105e-01 4.473008493369386995e-01 0.000000000000000000e+00 8.818394135744480611e-01 5.118744807638896388e-01 6.025539475385118804e-01 8.464317138230537108e-01 4.413368549514329886e-01 5.063931051604793065e-01 7.431800292083664550e-01 5.044669885617393268e-01 8.641242594496423290e-01 8.713280994664900359e-01 7.880775688280131641e-01 5.833249726899677468e-01 2.307481587360489250e-01 5.193366442432796326e-01 4.998973556116122485e-01 4.100588149579491581e-01 1.369040245489271390e-01 7.504121916834560757e-01 6.718769004758220476e-01 5.571435499806318692e-01 5.021098760846848252e-01 3.089419118585176594e-01 5.901514553988927991e-01 4.613787630178677879e-01 2.016207688031227963e-01 6.010114520898788282e-01 9.429822024982150719e-01
5.445588315686524794e-01 1.274891539439379495e-01 8.381615725062354638e-01 9.025092942459473910e-01 4.851672199414666653e-01 4.923718071506431593e-01 6.856504463962349583e-01 8.818394135744480611e-01 0.000000000000000000e+00 4.911946712615946620e-01 6.381588197254562944e-01 3.528002764801835278e-01 6.850076799696949159e-01 5.283245777931662168e-01 5.071601027485694857e-01 1.483189896942064268e-01 6.243765926445954406e-02 4.097545138202386417e-01 5.101097256188652507e-01 6.184704698468572737e-01 5.284290016295817294e-01 6.156707468827276042e-01 8.798588274597416437e-01 9.113195221121170864e-01 6.917545925166306287e-01 1.281471889881296011e-01 3.621984957674780903e-01 5.014970673070439089e-01 4.350925264624667110e-01 3.399139217556912396e-01 7.553977776526019650e-01 6.201894720444658393e-01 5.481708870868795547e-01 5.218580169687094816e-01 4.834933515472856769e-01
6.890848681181305224e-01 6.792503075221985043e-01 8.843539545430086912e-01 4.762900620121186535e-01 7.613657052612787801e-01 6.625560359246838171e-01 7.213940342779910919e-01 5.118744807638896388e-01 4.911946712615946620e-01 0.000000000000000000e+00 5.215373064625579147e-01 4.756336630876344396e-01 4.194181687573575457e-01 5.034682673270514108e-01 8.431643685660359377e-01 8.026519979836721497e-01 1.713748107604202708e-01 4.132513872486878181e-01 1.910493191906647015e-01 4.056514671497205571e-01 8.372259465489165775e-01 1.263619554689177082e-02 3.447863091389816725e-01 5.444798246640529804e-01 4.555043935121563248e-01 5.127963559718309305e-01 6.550022397202861502e-01 4.772870121165456725e-01 2.151529073406236447e-01 4.745593327983712029e-01 2.494944796201509218e-01 2.786617345419612479e-01 4.230775413128203821e-01 7.743816922863216989e-01 8.597379855245648184e-01
7.210690515367235154e-01 1.247335110857749063e-01 3.815735578383645521e-01 6.046359101595470964e-01 2.564992961843167718e-01 5.600471767747154939e-01 8.728035679689727377e-02 6.025539475385118804e-01 6.381588197254562944e-01 5.215373064625579147e-01 0.000000000000000000e+00 5.668851106862908829e-01 7.769667170779763765e-01 5.304383245659984869e-01 7.236477036108576177e-01 8.183519488226864702e-01 7.775470409418383522e-02 5.921861567493240663e-01 4.871171854699982706e-01 7.201987165622967257e-01 7.640056425887020719e-01 6.573675516687522702e-01 7.155856009111719596e-01 8.388651777819660094e-01 8.520362665399364710e-01 1.314403100965610971e-02 4.491027393956943947e-01 4.307969122941675555e-01 2.330939133423722276e-01 4.665485681208569879e-01 4.675856694484201159e-01 8.743483573254590135e-02 7.464603233087101497e-01 8.854130982168444408e-01 3.924809525659493925e-01
9.497357212323329634e-01 7.221195603371475258e-01 2.030890715331192808e-01 5.939406838644396558e-01 5.310286174667817605e-01 4.595235415524823730e-01 4.437174322605430543e-02 8.464317138230537108e-01 3.528002764801835278e-01 4.756336630876344396e-01 5.668851106862908829e-01 0.000000000000000000e+00 6.996592421543510465e-01 5.843025373586889781e-01 9.133841372294715377e-01 6.947778804090175564e-01 5.199487119433241489e-01 4.595881478259276620e-01 5.628434667126582802e-01 8.659119886770731966e-01 7.184515356825074139e-01 5.955251201803692940e-01 3.046063693310950837e-01 6.366275603821649476e-01 5.720691729964266781e-01 8.178233510546919494e-01 7.015930405597091690e-01 4.091569543225459515e-01 8.000286341338138651e-01 4.470409910555981914e-01 5.627380586014349984e-01 3.727519530927079217e-01 4.026475194827071613e-01 3.943767080100059053e-01 5.734145540031276855e-01
7.775485761583329491e-01 1.656366415475720721e-01 7.768021478194098162e-01 4.231092560794471602e-01 3.558944487284560476e-01 5.504292987908034895e-01 3.113458984312670319e-01 4.413368549514329886e-01 6.850076799696949159e-01 4.194181687573575457e-01 7.769667170779763765e-01 6.996592421543510465e-01 0.000000000000000000e+00 8.161941560661774009e-01 5.920550611529351581e-01 1.543829578403368430e-01 7.270018709773045096e-01 2.667804675185991292e-01 6.967325196751035232e-01 7.910932425114488575e-01 3.725198712044875959e-01 7.967552438444589491e-01 8.599303323545962607e-01 2.747001662171698610e-01 2.990595333552317214e-01 3.115933870854177279e-01 5.229551545123275469e-01 1.103981345761726462e-01 7.141360576872129995e-01 5.839699229768896549e-01 5.194343377124682748e-01 1.922099221201645225e-01 5.555214705615645343e-01 3.098561537232114027e-01 4.792062582009412042e-01
2.614305697393370931e-01 8.532374185784792342e-01 6.570987595835493522e-01 4.655483787936717244e-01 6.748149794518327749e-01 4.235002735893224068e-01 6.311571845331047648e-01 5.063931051604793065e-01 5.283245777931662168e-01 5.034682673270514108e-01 5.304383245659984869e-01 5.843025373586889781e-01 8.161941560661774009e-01 0.000000000000000000e+00 3.872819482677589686e-01 1.967326073907141870e-01 4.969978555071075110e-01 4.370512582671089441e-01 7.190638660879018484e-01 9.018498560502907768e-01 9.377322323792408598e-01 5.514833067436208935e-01 6.880261051150038387e-01 4.466567995881342013e-01 5.381174792182349398e-01 8.135541237698615813e-01 4.047943343121321869e-01 4.381058756187043990e-01 8.104917894421541646e-01 1.889937640819697173e-01 5.438488200434777875e-01 7.152700213288519793e-01 3.522357461824500713e-01 5.090785077597124175e-01 8.352725594367331752e-01
7.610857159188795240e-01 9.314622386910493823e-01 5.609031347969579695e-01 9.312624011708721117e-01 8.973269640916543555e-01 5.970965779251236061e-01 1.293701991498108494e-01 7.431800292083664550e-01 5.071601027485694857e-01 8.431643685660359377e-01 7.236477036108576177e-01 9.133841372294715377e-01 5.920550611529351581e-01 3.872819482677589686e-01 0.000000000000000000e+00 7.196845733145049717e-01 4.193074536335950619e-01 5.173732537616745342e-01 8.931988025962070976e-01 7.151332755096708738e-01 6.425984736286806109e-01 6.081139854309063342e-01 4.310876594983495402e-01 3.356718607848568903e-01 5.243998168393029236e-01 8.022734975135976665e-01 5.393226534459873989e-01 8.792990877246322778e-01 6.523186040452348955e-01 6.020289330820318696e-01 9.513555706301468629e-01 3.501456294676434933e-01 4.130298074897362781e-01 7.314748764954623894e-01 4.284806263879448740e-01
4.752800100319301557e-01 4.844444284416739022e-01 5.301731088606280728e-01 3.466080930092148016e-01 8.465282146963969412e-01 5.486289421189307625e-01 3.674246797915409202e-01 5.044669885617393268e-01 1.483189896942064268e-01 8.026519979836721497e-01 8.183519488226864702e-01 6.947778804090175564e-01 1.543829578403368430e-01 1.967326073907141870e-01 7.196845733145049717e-01 0.000000000000000000e+00 3.093447650149595551e-01 7.815979099981194000e-01 1.834588413941157237e-01 3.087629863817112907e-01 6.278742469663227688e-01 6.160468040369455611e-01 7.434433977112047121e-01 6.279981540009629271e-01 5.588130756581173308e-01 2.186361871816994151e-01 6.167944334211907798e-01 3.132310100870361325e-02 3.045031886540714439e-01 6.595830269709481719e-01 5.285467506448764397e-01 6.841704491614489791e-01 7.892867803360876788e-01 2.772235040498169933e-01 4.689882229439409356e-01
4.628152534902474358e-02 9.325534740936867184e-01 8.649253618912520203e-01 1.399634791115206278e-01 5.270992780692086432e-01 1.838176530764120686e-01 3.585982418113285997e-01 8.641242594496423290e-01 6.243765926445954406e-02 1.713748107604202708e-01 7.775470409418383522e-02 5.199487119433241489e-01 7.270018709773045096e-01 4.969978555071075110e-01 4.193074536335950619e-01 3.093447650149595551e-01 0.000000000000000000e+00 9.377708191915932190e-01 3.790738097395038309e-01 6.464972947815684767e-01 4.099854803618647736e-01 5.252802050888019103e-01 3.990430773684290333e-01 5.681304259326412920e-01 4.447592970848422977e-01 2.305266917378747671e-01 6.581651350289532409e-01 6.530505812072405769e-01 4.955824888969599940e-01 3.518115771087821919e-01 5.395867690312114995e-01 4.978498829473677612e-01 2.908851280682633322e-01 5.375908181130236718e-01 8.590723335733947419e-01
3.822471205037357711e-01 1.885663903086706172e-01 3.507626071523153310e-01 7.608658569482853462e-01 8.499364297209877073e-01 5.606239238227512800e-01 5.616969465422990693e-01 8.713280994664900359e-01 4.097545138202386417e-01 4.132513872486878181e-01 5.921861567493240663e-01 4.595881478259276620e-01 2.667804675185991292e-01 4.370512582671089441e-01 5.173732537616745342e-01 7.815979099981194000e-01 9.377708191915932190e-01 0.000000000000000000e+00 4.884549672727256375e-01 6.774711458098654493e-01 7.204073526154247675e-01 7.988754527414689832e-01 5.429804591815606818e-01 1.402489257250610910e-01 4.981891207635810725e-01 8.443756744371834211e-01 7.658668486631837746e-01 4.719052198412402310e-01 2.891153768376932831e-01 8.747262968752267387e-01 4.374663544547021110e-01 5.926782291302725714e-01 3.979762113186642303e-01 8.485391222308691361e-01 4.043290336350868763e-01
7.799779308606298311e-01 6.584997614446461700e-01 7.361311476409387877e-01 3.894594516553450125e-01 7.868866092811719337e-01 5.666337013771266529e-01 1.197948747646774281e-01 7.880775688280131641e-01 5.101097256188652507e-01 1.910493191906647015e-01 4.871171854699982706e-01 5.628434667126582802e-01 6.967325196751035232e-01 7.190638660879018484e-01 8.931988025962070976e-01 1.834588413941157237e-01 3.790738097395038309e-01 4.884549672727256375e-01 0.000000000000000000e+00 1.683302812437034168e-01 3.696227904572313427e-01 4.618817262828022741e-01 2.786439321947925540e-01 1.342559576125235132e-01 5.244682421453378263e-01 9.118853394055614903e-01 5.314978244884787095e-01 7.158218020478934740e-01 3.074995871931722746e-01 5.098856620151590580e-01 4.139419785665318097e-01 4.080340354870489739e-01 1.534875758580633853e-01 4.871992585164535150e-01 4.044100073627029390e-01
5.035893217865827776e-01 4.557801699962814590e-01 4.042607926437928878e-01 3.123668057779822593e-01 8.132223057728289461e-01 4.527019213361243022e-01 3.802923364183393717e-01 5.833249726899677468e-01 6.184704698468572737e-01 4.056514671497205571e-01 7.201987165622967257e-01 8.659119886770731966e-01 7.910932425114488575e-01 9.018498560502907768e-01 7.151332755096708738e-01 3.087629863817112907e-01 6.464972947815684767e-01 6.774711458098654493e-01 1.683302812437034168e-01 0.000000000000000000e+00 1.402601630281499201e-01 4.241190218138991552e-01 6.264290083239506535e-01 7.996575479726905078e-01 7.226467477059930200e-01 6.935409092982486312e-01 2.795550101103074780e-01 4.884762039985328097e-01 5.480953937105830232e-01 8.930408377414553733e-01 2.364184058105659458e-01 8.766421291160682028e-01 6.232814647591152779e-01 5.567516740920729346e-01 9.775274857413827068e-01
1.817189751740307946e-01 6.530512564147499255e-01 4.014752312449611504e-01 5.722580590469970030e-01 4.588491189384511504e-01 4.896528310312501242e-01 8.458568887999595720e-01 2.307481587360489250e-01 5.284290016295817294e-01 8.372259465489165775e-01 7.640056425887020719e-01 7.184515356825074139e-01 3.725198712044875959e-01 9.377322323792408598e-01 6.425984736286806109e-01 6.278742469663227688e-01 4.099854803618647736e-01 7.204073526154247675e-01 3.696227904572313427e-01 1.402601630281499201e-01 0.000000000000000000e+00 7.676927991634512338e-01 9.045917484634644623e-01 7.392714226871466288e-01 7.523380627806590670e-01 7.642943418715981707e-01 4.420286115657431902e-01 3.563094995026421241e-01 6.704026027911669239e-01 7.987384501799038583e-01 7.287031446966680814e-01 7.937938704849873961e-01 6.200312218683311505e-01 3.251062297978604132e-01 4.346459639406193287e-01
7.488813795631177328e-01 9.137619358897470789e-01 4.815718050741584211e-01 4.909916758198756837e-01 8.597223054305151990e-01 4.300330934086298851e-01 7.261193559423018140e-01 5.193366442432796326e-01 6.156707468827276042e-01 1.263619554689177082e-02 6.573675516687522702e-01 5.955251201803692940e-01 7.967552438444589491e-01 5.514833067436208935e-01 6.081139854309063342e-01 6.160468040369455611e-01 5.252802050888019103e-01 7.988754527414689832e-01 4.618817262828022741e-01 4.241190218138991552e-01 7.676927991634512338e-01 0.000000000000000000e+00 4.876942541433516576e-01 4.341202918501779751e-01 6.701938003611418448e-01 8.681253893402053334e-01 3.599930712392338528e-01 3.671698508534804173e-02 7.074353621991102958e-01 7.712441482381084956e-01 6.985259362265809902e-01 4.933640690066984358e-01 6.067125584593864307e-01 7.197443369356091303e-01 1.475788726799034389e-01
1.558530734633828407e-01 7.055917571936405341e-01 6.451806428114152947e-01 2.597527118031445204e-01 1.736007236357981487e-01 6.829354792266868479e-01 5.839514398272871443e-01 4.998973556116122485e-01 8.798588274597416437e-01 3.447863091389816725e-01 7.155856009111719596e-01 3.046063693310950837e-01 8.599303323545962607e-01 6.880261051150038387e-01 4.310876594983495402e-01 7.434433977112047121e-01 3.990430773684290333e-01 5.429804591815606818e-01 2.786439321947925540e-01 6.264290083239506535e-01 9.045917484634644623e-01 4.876942541433516576e-01 0.000000000000000000e+00 8.186594391688613026e-01 1.159933544164689634e-01 9.127806545160985774e-01 4.487800392556755003e-01 3.409029254486322658e-01 3.800367297710073866e-01 4.995149377029632909e-01 4.053375530639725666e-01 4.049922827336537301e-01 8.138606974815362216e-01 1.029633044307899370e-01 8.029101922607191355e-01
5.062879539881839364e-01 1.536001079109629575e-01 2.550729439231095297e-01 4.032243130269003162e-01 8.444895624940942369e-01 4.698937174095149660e-01 4.697284050323148330e-01 4.100588149579491581e-01 9.113195221121170864e-01 5.444798246640529804e-01 8.388651777819660094e-01 6.366275603821649476e-01 2.747001662171698610e-01 4.466567995881342013e-01 3.356718607848568903e-01 6.279981540009629271e-01 5.681304259326412920e-01 1.402489257250610910e-01 1.342559576125235132e-01 7.996575479726905078e-01 7.392714226871466288e-01 4.341202918501779751e-01 8.186594391688613026e-01 0.000000000000000000e+00 1.468408048562517276e-01 2.148460877891844589e-01 7.889229272511257829e-01 2.962840899888552482e-02 5.530084203507664720e-01 8.927220945808539421e-01 4.067863483287760262e-01 7.932507822338241699e-01 7.936449394890605635e-01 8.772820450504033030e-01 5.849044892326262790e-01
4.161139632376266717e-01 4.291166969423098609e-01 8.461020804885772684e-01 6.813913277524674683e-02 4.911066312016559854e-01 5.017347098627504831e-01 7.360760936805366139e-02 1.369040245489271390e-01 6.917545925166306287e-01 4.555043935121563248e-01 8.520362665399364710e-01 5.720691729964266781e-01 2.990595333552317214e-01 5.381174792182349398e-01 5.243998168393029236e-01 5.588130756581173308e-01 4.447592970848422977e-01 4.981891207635810725e-01 5.244682421453378263e-01 7.226467477059930200e-01 7.523380627806590670e-01 6.701938003611418448e-01 1.159933544164689634e-01 1.468408048562517276e-01 0.000000000000000000e+00 4.421574455248032387e-01 8.157345448272923516e-01 8.217424793115080117e-01 4.038915600974449793e-01 5.802175268686359244e-01 1.673086340994927035e-01 9.134463474577740882e-01 4.178388186107125923e-01 2.091157903860612621e-01 5.555394026712826561e-01
9.221765953298407537e-01 5.978821114328377595e-01 2.853483584857764987e-01 9.061485711041362689e-01 7.357393451097502535e-01 1.353700958108534635e-01 8.094673654701931564e-01 7.504121916834560757e-01 1.281471889881296011e-01 5.127963559718309305e-01 1.314403100965610971e-02 8.178233510546919494e-01 3.115933870854177279e-01 8.135541237698615813e-01 8.022734975135976665e-01 2.186361871816994151e-01 2.305266917378747671e-01 8.443756744371834211e-01 9.118853394055614903e-01 6.935409092982486312e-01 7.642943418715981707e-01 8.681253893402053334e-01 9.127806545160985774e-01 2.148460877891844589e-01 4.421574455248032387e-01 0.000000000000000000e+00 3.946142082833972164e-01 4.581095863521651990e-01 3.602466248223075707e-01 3.425696598734165321e-01 5.215660477356249825e-01 8.006357019852767820e-01 3.627534772236768457e-01 3.271659881431133732e-01 5.385660632786497537e-01
1.634762354674802465e-01 7.340700713282114487e-01 7.303997448939572035e-01 8.329524887912314046e-01 9.328128485765764255e-01 5.486045557363006253e-01 6.357903516809884081e-01 6.718769004758220476e-01 3.621984957674780903e-01 6.550022397202861502e-01 4.491027393956943947e-01 7.015930405597091690e-01 5.229551545123275469e-01 4.047943343121321869e-01 5.393226534459873989e-01 6.167944334211907798e-01 6.581651350289532409e-01 7.658668486631837746e-01 5.314978244884787095e-01 2.795550101103074780e-01 4.420286115657431902e-01 3.599930712392338528e-01 4.487800392556755003e-01 7.889229272511257829e-01 8.157345448272923516e-01 3.946142082833972164e-01 0.000000000000000000e+00 8.065218609015309958e-01 7.092906169365746916e-01 4.007115395600245877e-01 6.999682011384662506e-01 7.817670230643254392e-01 5.522333642999498471e-01 5.934346940932876402e-01 8.509790650639239562e-01
5.632117623659765870e-01 6.920722623434676368e-01 3.920875680654783979e-01 7.238277759985467519e-01 7.785413228273035946e-01 8.452022969057231272e-01 9.165330851182438288e-01 5.571435499806318692e-01 5.014970673070439089e-01 4.772870121165456725e-01 4.307969122941675555e-01 4.091569543225459515e-01 1.103981345761726462e-01 4.381058756187043990e-01 8.792990877246322778e-01 3.132310100870361325e-02 6.530505812072405769e-01 4.719052198412402310e-01 7.158218020478934740e-01 4.884762039985328097e-01 3.563094995026421241e-01 3.671698508534804173e-02 3.409029254486322658e-01 2.962840899888552482e-02 8.217424793115080117e-01 4.581095863521651990e-01 8.065218609015309958e-01 0.000000000000000000e+00 1.166875779087862552e-01 2.019744901778146584e-01 7.408983562829867253e-01 1.196288126314795086e-01 6.255982218601018330e-01 5.663799053386855409e-01 5.071537018232041838e-01
8.901995076321724820e-01 8.174551482928901214e-01 7.820807065488546428e-01 8.524377277095097627e-01 8.963056365985344609e-02 6.708222363599625204e-01 1.321498143599034725e-01 5.021098760846848252e-01 4.350925264624667110e-01 2.151529073406236447e-01 2.330939133423722276e-01 8.000286341338138651e-01 7.141360576872129995e-01 8.104917894421541646e-01 6.523186040452348955e-01 3.045031886540714439e-01 4.955824888969599940e-01 2.891153768376932831e-01 3.074995871931722746e-01 5.480953937105830232e-01 6.704026027911669239e-01 7.074353621991102958e-01 3.800367297710073866e-01 5.530084203507664720e-01 4.038915600974449793e-01 3.602466248223075707e-01 7.092906169365746916e-01 1.166875779087862552e-01 0.000000000000000000e+00 8.326570414365571660e-01 7.977306604713256810e-01 3.680789066319671288e-01 3.500571539923411080e-01 5.208015398806209451e-01 4.044193816390592722e-01
5.746679295302548063e-02 7.467740666447935105e-01 6.984394974820592461e-01 6.927937223760505248e-01 6.027267082270980625e-01 1.980722996370576361e-02 4.151078754220737244e-01 3.089419118585176594e-01 3.399139217556912396e-01 4.745593327983712029e-01 4.665485681208569879e-01 4.470409910555981914e-01 5.839699229768896549e-01 1.889937640819697173e-01 6.020289330820318696e-01 6.595830269709481719e-01 3.518115771087821919e-01 8.747262968752267387e-01 5.098856620151590580e-01 8.930408377414553733e-01 7.987384501799038583e-01 7.712441482381084956e-01 4.995149377029632909e-01 8.927220945808539421e-01 5.802175268686359244e-01 3.425696598734165321e-01 4.007115395600245877e-01 2.019744901778146584e-01 8.326570414365571660e-01 0.000000000000000000e+00 5.201867199642348227e-01 6.604925583580671944e-01 5.476707934502678121e-01 6.824718500050076520e-01 2.724297019101908912e-01
4.048109322444614078e-01 6.153080660767131782e-01 9.330495885245035925e-01 6.942044454393305752e-01 6.310392696763568177e-01 8.233141674647201924e-01 2.771884808865072714e-01 5.901514553988927991e-01 7.553977776526019650e-01 2.494944796201509218e-01 4.675856694484201159e-01 5.627380586014349984e-01 5.194343377124682748e-01 5.438488200434777875e-01 9.513555706301468629e-01 5.285467506448764397e-01 5.395867690312114995e-01 4.374663544547021110e-01 4.139419785665318097e-01 2.364184058105659458e-01 7.287031446966680814e-01 6.985259362265809902e-01 4.053375530639725666e-01 4.067863483287760262e-01 1.673086340994927035e-01 5.215660477356249825e-01 6.999682011384662506e-01 7.408983562829867253e-01 7.977306604713256810e-01 5.201867199642348227e-01 0.000000000000000000e+00 7.905087344997985266e-02 8.640401345710129188e-01 5.057280765591385396e-01 5.641345700406976693e-01
3.500612130524483057e-01 5.415704839318330466e-01 6.184860429115991431e-01 3.718223431633055909e-01 5.112681315696515627e-01 3.832003398151920814e-01 1.838903665209191685e-01 4.613787630178677879e-01 6.201894720444658393e-01 2.786617345419612479e-01 8.743483573254590135e-02 3.727519530927079217e-01 1.922099221201645225e-01 7.152700213288519793e-01 3.501456294676434933e-01 6.841704491614489791e-01 4.978498829473677612e-01 5.926782291302725714e-01 4.080340354870489739e-01 8.766421291160682028e-01 7.937938704849873961e-01 4.933640690066984358e-01 4.049922827336537301e-01 7.932507822338241699e-01 9.134463474577740882e-01 8.006357019852767820e-01 7.817670230643254392e-01 1.196288126314795086e-01 3.680789066319671288e-01 6.604925583580671944e-01 7.905087344997985266e-02 0.000000000000000000e+00 6.900282110556945625e-01 3.514024638805781087e-01 2.867679464051957061e-01
6.156763779794707236e-01 4.795870893248110334e-01 5.330957264911336813e-01 7.334552594814515158e-01 6.796062225817556257e-01 2.684654599707516631e-01 5.189149812630244885e-02 2.016207688031227963e-01 5.481708870868795547e-01 4.230775413128203821e-01 7.464603233087101497e-01 4.026475194827071613e-01 5.555214705615645343e-01 3.522357461824500713e-01 4.130298074897362781e-01 7.892867803360876788e-01 2.908851280682633322e-01 3.979762113186642303e-01 1.534875758580633853e-01 6.232814647591152779e-01 6.200312218683311505e-01 6.067125584593864307e-01 8.138606974815362216e-01 7.936449394890605635e-01 4.178388186107125923e-01 3.627534772236768457e-01 5.522333642999498471e-01 6.255982218601018330e-01 3.500571539923411080e-01 5.476707934502678121e-01 8.640401345710129188e-01 6.900282110556945625e-01 0.000000000000000000e+00 7.019273464306057253e-01 4.993712527905418974e-01
6.714325749488812001e-01 7.241251475041754482e-01 7.648681947827954408e-01 7.823633800692486595e-01 3.505910019931485766e-01 6.049750868189565089e-01 6.363301287939397977e-01 6.010114520898788282e-01 5.218580169687094816e-01 7.743816922863216989e-01 8.854130982168444408e-01 3.943767080100059053e-01 3.098561537232114027e-01 5.090785077597124175e-01 7.314748764954623894e-01 2.772235040498169933e-01 5.375908181130236718e-01 8.485391222308691361e-01 4.871992585164535150e-01 5.567516740920729346e-01 3.251062297978604132e-01 7.197443369356091303e-01 1.029633044307899370e-01 8.772820450504033030e-01 2.091157903860612621e-01 3.271659881431133732e-01 5.934346940932876402e-01 5.663799053386855409e-01 5.208015398806209451e-01 6.824718500050076520e-01 5.057280765591385396e-01 3.514024638805781087e-01 7.019273464306057253e-01 0.000000000000000000e+00 5.438102756233832435e-01
4.985616431710361285e-01 8.829086375550421195e-01 4.715009947382133304e-01 4.297898001069394014e-01 5.200537372815083881e-01 8.716364544483636845e-01 4.740252821554378215e-01 9.429822024982150719e-01 4.834933515472856769e-01 8.597379855245648184e-01 3.924809525659493925e-01 5.734145540031276855e-01 4.792062582009412042e-01 8.352725594367331752e-01 4.284806263879448740e-01 4.689882229439409356e-01 8.590723335733947419e-01 4.043290336350868763e-01 4.044100073627029390e-01 9.775274857413827068e-01 4.346459639406193287e-01 1.475788726799034389e-01 8.029101922607191355e-01 5.849044892326262790e-01 5.555394026712826561e-01 5.385660632786497537e-01 8.509790650639239562e-01 5.071537018232041838e-01 4.044193816390592722e-01 2.724297019101908912e-01 5.641345700406976693e-01 2.867679464051957061e-01 4.993712527905418974e-01 5.438102756233832435e-01 0.000000000000000000e+00
