0.000000000000000000e+00 2.196935988144431418e-01 5.490103173094633693e-01 4.716914165788007596e-01 4.400340421221374254e-01 6.111591043258491895e-01 5.383572648192569421e-01 6.434151201860356384e-01 6.854427202245462203e-01 6.516937563158820002e-01 8.936600990333667394e-01 5.611028222677293398e-01 1.189017515098963473e-01 4.125275078506140947e-01 5.940650015308415188e-01 5.172335581673841443e-01 4.039672944895651985e-01 6.331990157597603419e-01 4.006177224020492922e-01 1.783019033419639410e-01 6.858718227152051927e-01 7.870740898304200428e-01 5.484889913062728217e-01 4.903054153932492887e-01 5.493358283880017678e-01 2.734328931568361654e-01 8.313200431367135934e-01 5.067387251858211927e-01 6.881645598030523558e-01 5.338726160644886587e-01 4.655375018548584265e-01 3.237060115616102740e-01 2.475540310570844005e-01 2.960500335632846869e-01 6.774388185540944907e-01
2.196935988144431418e-01 0.000000000000000000e+00 3.304423513447693472e-01 5.762705966533197000e-01 1.678067643317836533e-01 4.424563059778737761e-01 4.434105799943766080e-01 5.119872984440800856e-01 4.721425967538279145e-01 2.487705688519133984e-01 4.672059651959361015e-01 3.899862754490683314e-01 7.844623036775166813e-01 3.395207988737396487e-01 7.496147143696880732e-01 6.627347509425060013e-01 4.745371845834002178e-01 6.358264765849450662e-01 7.050771472373766890e-01 4.027419119244074475e-01 5.514271361450671094e-01 4.335229252350946694e-01 1.843871958491737351e-01 7.158360940579724385e-01 2.010584132745777963e-01 7.442904860200912909e-01 7.992746602753163510e-01 5.322670942886865708e-01 6.900026092155442381e-01 3.214855631847527428e-01 4.173882407589751820e-01 5.553719996039371276e-01 5.328051566505251913e-01 7.049548417391198196e-01 8.228034052111388164e-01
5.490103173094633693e-01 3.304423513447693472e-01 0.000000000000000000e+00 6.307023423531906703e-01 3.817842228604689248e-01 3.577252753660185025e-01 6.782370855193793346e-01 6.825788941727507497e-01 5.099580103139951248e-01 3.510146004497659566e-01 7.604200809488437240e-01 4.221656241409742494e-01 3.734666367306389567e-01 7.863505403171613395e-01 1.636273293568756282e-01 4.935737047528152566e-01 5.610023837624628085e-01 3.024106766034336258e-01 6.033584624928352014e-01 2.910041382857710968e-01 8.356811882407416681e-01 6.884013103154384972e-01 2.814749724057277191e-01 5.749925901220211966e-01 5.265790342402408841e-01 3.252193086957707591e-01 6.568495679176407087e-01 6.592752961440412340e-01 6.084929894218270574e-01 5.815909697237608977e-01 2.558478862475014326e-01 7.442155728594359587e-01 7.263224363450730969e-01 8.296081889909009410e-01 4.814009490373509781e-01
4.716914165788007596e-01 5.762705966533197000e-01 6.307023423531906703e-01 0.000000000000000000e+00 5.105126318760905280e-01 4.969096804410435553e-01 3.723719083538143959e-01 4.178287830287465421e-01 2.715999745637042717e-01 4.515738438033359281e-01 6.624589958147171220e-01 6.399825547789080860e-01 3.357896840599059463e-01 4.860376514477313115e-01 5.979868553235889728e-01 8.394814340655427642e-01 4.278941971110747922e-01 5.291852004766586237e-01 5.292414095158491927e-01 2.862604251766905916e-01 8.102903182911602720e-01 6.300570647288766812e-01 4.395045524675240678e-01 4.571002595863055129e-01 6.417907166757046422e-01 2.235196273430802849e-01 9.758767785679189899e-01 9.515258844866698595e-01 4.573683423627934452e-01 4.509595774740637886e-01 8.381600090619976129e-01 4.893114194288331054e-01 6.854631218791249481e-01 2.621716469792659820e-01 3.948625825022445968e-01
4.400340421221374254e-01 1.678067643317836533e-01 3.817842228604689248e-01 5.105126318760905280e-01 0.000000000000000000e+00 3.827110868455996240e-02 7.325638458816996490e-01 4.273692384764571361e-01 4.159190674961963374e-01 6.992908566267900250e-01 3.226711678910267889e-01 7.344953083319287757e-01 5.871298560743647421e-01 6.298693376282210599e-01 3.607448517860514237e-01 6.819052296919377865e-01 2.862646796441608021e-01 5.007570086426991196e-01 6.678901807494814769e-01 6.057438585124794717e-01 7.488994586325958824e-01 8.432617662942061276e-01 4.242551085496727437e-01 7.077697561019118400e-01 1.904167949228680046e-01 2.618450937126686195e-01 3.658216786290943157e-01 4.479851317832831414e-01 1.283823180102455774e-01 3.152965832967735693e-01 2.393111339467051679e-01 4.428081433413970647e-01 1.198568025535399206e-01 8.682915571743945460e-01 3.455238566134495315e-01
6.111591043258491895e-01 4.424563059778737761e-01 3.577252753660185025e-01 4.969096804410435553e-01 3.827110868455996240e-02 0.000000000000000000e+00 8.288200546246129452e-01 8.123832008520561754e-01 6.472257153611685743e-01 6.805248615257106781e-01 5.651595174983610192e-01 1.476056554393856413e-01 3.403309900525173792e-01 6.354282364900210034e-02 7.971983767549015720e-01 6.999669700072086442e-01 1.381771650075984126e-01 7.590261744064044080e-01 4.644399367535635426e-01 8.125406261902270444e-01 5.164224282987903702e-01 6.705562851689056414e-01 4.261748651110043862e-01 4.287066294604823247e-01 4.777855840857242464e-01 6.178227685540615965e-01 1.592546015713178775e-01 1.124005923435231757e-01 2.879815575078071843e-01 7.090394918436954130e-01 5.295520081846221139e-01 7.791781848778082109e-01 1.619732929411631384e-01 3.824011975092065918e-01 3.312744384442252721e-01
5.383572648192569421e-01 4.434105799943766080e-01 6.782370855193793346e-01 3.723719083538143959e-01 7.325638458816996490e-01 8.288200546246129452e-01 0.000000000000000000e+00 3.197938426434896453e-01 4.122798289323805765e-01 5.173141277973875019e-02 4.748201778327379996e-01 5.133713939155548633e-01 6.425638366528385603e-02 4.539466821009843223e-01 5.740607982728198611e-01 7.323161939972532286e-01 6.673217382929047536e-01 6.928111963768799342e-01 5.074830583403709960e-01 5.930627995315815859e-01 1.963075843104009621e-01 2.240299305189601409e-01 2.441386305303577808e-01 6.003665930351835822e-01 4.833027495361810200e-01 2.465861848755067365e-01 7.758788307870734258e-01 6.364508863981387377e-01 2.082282544855340589e-01 7.464911494382449053e-01 8.002074057736514590e-01 4.648224559326850081e-01 6.681433037451371959e-01 6.727238165224936894e-01 4.096846441878486678e-01
6.434151201860356384e-01 5.119872984440800856e-01 6.825788941727507497e-01 4.178287830287465421e-01 4.273692384764571361e-01 8.123832008520561754e-01 3.197938426434896453e-01 0.000000000000000000e+00 4.952598532705132506e-02 3.134688535673526011e-01 4.086968595233030355e-01 5.970506628605043442e-01 5.245005393486761314e-01 6.841218573045912965e-01 4.648181885839801630e-01 9.542615008331889470e-02 7.208309776492318743e-01 6.193942841348603068e-01 7.717066223559265747e-01 4.613566709110679120e-01 2.278801224239351830e-01 2.023957320468494081e-01 8.577971776099237999e-01 2.860530969924479638e-01 7.440725816179916130e-01 8.068248200911876111e-01 1.429200052854533443e-01 5.438730666306443862e-01 5.181098328994555580e-01 4.030801195112050372e-01 8.507397184235886423e-01 7.735893205468260536e-01 3.566969673790929551e-01 1.749454352326826889e-01 5.092677646836494265e-01
6.854427202245462203e-01 4.721425967538279145e-01 5.099580103139951248e-01 2.715999745637042717e-01 4.159190674961963374e-01 6.472257153611685743e-01 4.122798289323805765e-01 4.952598532705132506e-02 0.000000000000000000e+00 6.433240369020819527e-01 7.535811430422422186e-01 4.750567369537447293e-01 3.945210909166123603e-01 7.896184251919359243e-01 3.752330610341088057e-01 4.316293244190381184e-01 9.166342958857540690e-01 4.165436476746930961e-01 2.593406649289076160e-01 7.931242218892975426e-02 8.086153164156255624e-01 4.782579879232246034e-01 2.693273135224592552e-01 1.361518941677802852e-01 8.256286301797414184e-01 1.831268467552452650e-01 4.564517219094003653e-01 9.245730772789307883e-01 3.167382656784497041e-01 6.429975540896112340e-01 5.149742184249552768e-01 2.088906109624494856e-01 5.544758011439300249e-01 7.025892161986257989e-02 1.557380273359820766e-01
6.516937563158820002e-01 2.487705688519133984e-01 3.510146004497659566e-01 4.515738438033359281e-01 6.992908566267900250e-01 6.805248615257106781e-01 5.173141277973875019e-02 3.134688535673526011e-01 6.433240369020819527e-01 0.000000000000000000e+00 3.404945862523596212e-01 8.718073709260159010e-01 5.769371823825004686e-01 2.022764208144070541e-01 4.701483909255210203e-01 5.379143352360784558e-01 5.588954388727331857e-01 8.669878943449835784e-01 3.515660520393458777e-01 4.577847251434100095e-01 8.114795824881206876e-01 4.066651169365556040e-01 5.544090844196459811e-01 4.593496470546798993e-01 1.758396400023382045e-01 7.158715188669219076e-01 4.499474787433875855e-01 6.008195106572854494e-01 6.971602299498518285e-01 4.533472228186350983e-01 2.522302450108491190e-01 9.160857937166116960e-01 6.010289781431303879e-01 1.357904470788410256e-01 6.325113872071395082e-01
8.936600990333667394e-01 4.672059651959361015e-01 7.604200809488437240e-01 6.624589958147171220e-01 3.226711678910267889e-01 5.651595174983610192e-01 4.748201778327379996e-01 4.086968595233030355e-01 7.535811430422422186e-01 3.404945862523596212e-01 0.000000000000000000e+00 4.865828315632891865e-02 6.728471058554696960e-01 4.053318593787558211e-01 8.244418294784550127e-01 6.039018468047738786e-01 7.659199910736409489e-01 6.020263626039110694e-01 5.500342205333539347e-01 2.265873361278564202e-01 1.825738176257619694e-01 6.867085851468450741e-01 5.925050265847308095e-01 6.856033620525208150e-01 7.225832510679950360e-01 4.220338041488161385e-01 4.824435456013932422e-01 4.903524216873144659e-01 8.145932459021232308e-01 4.147229393158639033e-01 3.022731421934646834e-01 6.727559787901999933e-01 8.281845772579583542e-01 4.533785995894881182e-01 7.505299287149652665e-01
5.611028222677293398e-01 3.899862754490683314e-01 4.221656241409742494e-01 6.399825547789080860e-01 7.344953083319287757e-01 1.476056554393856413e-01 5.133713939155548633e-01 5.970506628605043442e-01 4.750567369537447293e-01 8.718073709260159010e-01 4.865828315632891865e-02 0.000000000000000000e+00 7.496060793745157325e-01 3.519561618160955696e-01 7.644230318649239964e-01 2.775706683053274504e-01 7.055118659034177453e-01 4.301398204764547151e-01 4.385270379682525976e-01 6.512828331791473691e-01 2.475056315198422840e-01 9.214178312545773242e-01 3.343457528078562224e-01 7.857245632224403309e-01 6.422177780324441754e-01 3.420931724566622645e-01 2.951268784635784348e-01 2.673855195977118404e-01 6.935007740476755167e-01 6.614707627172400350e-01 4.114240081481543854e-01 7.976369421417317529e-01 5.847752510483599231e-01 6.468373185601874464e-01 4.379886760554219105e-01
1.189017515098963473e-01 7.844623036775166813e-01 3.734666367306389567e-01 3.357896840599059463e-01 5.871298560743647421e-01 3.403309900525173792e-01 6.425638366528385603e-02 5.245005393486761314e-01 3.945210909166123603e-01 5.769371823825004686e-01 6.728471058554696960e-01 7.496060793745157325e-01 0.000000000000000000e+00 8.128625878703250596e-01 5.346251999521922649e-01 6.683021689880430660e-01 5.934736777502216398e-01 6.034287563861204795e-01 1.755849019662424904e-01 3.955662713908296713e-01 5.064433559519110339e-01 5.442702861369510536e-01 9.321934866131047492e-01 4.191994363578937510e-01 4.787500195535963621e-01 5.505605685397138016e-01 1.258093252445657839e-01 8.495887809445883398e-01 1.092959404646041133e-01 1.638114893406137362e-01 4.753792621722915390e-01 9.059531591431414510e-01 6.460778171431156292e-01 7.564043851477573188e-01 7.177782611884213626e-01
4.125275078506140947e-01 3.395207988737396487e-01 7.863505403171613395e-01 4.860376514477313115e-01 6.298693376282210599e-01 6.354282364900210034e-02 4.539466821009843223e-01 6.841218573045912965e-01 7.896184251919359243e-01 2.022764208144070541e-01 4.053318593787558211e-01 3.519561618160955696e-01 8.128625878703250596e-01 0.000000000000000000e+00 5.126384610783030205e-02 4.213520723128322265e-01 8.285158007755064613e-01 2.667529522620663007e-01 4.463582205148092785e-01 8.053216200746859954e-02 5.232563462727519710e-01 5.595855284682564879e-01 7.997818259113974593e-01 6.300604972279157945e-01 4.266667730454832830e-01 6.801002381756660053e-01 5.924900491077790265e-01 5.855134338315033382e-01 9.039879643634796125e-01 7.042413597184586926e-01 3.355776141272256430e-01 2.106265110475223357e-01 3.228676037115236763e-01 4.233860266892219837e-01 3.695998194560140004e-01
5.940650015308415188e-01 7.496147143696880732e-01 1.636273293568756282e-01 5.979868553235889728e-01 3.607448517860514237e-01 7.971983767549015720e-01 5.740607982728198611e-01 4.648181885839801630e-01 3.752330610341088057e-01 4.701483909255210203e-01 8.244418294784550127e-01 7.644230318649239964e-01 5.346251999521922649e-01 5.126384610783030205e-02 0.000000000000000000e+00 5.975440264256938194e-01 3.426588893371440570e-01 7.008419505151055606e-01 1.930538916425619256e-01 6.626460861730492091e-01 8.570687053794424637e-01 7.143627374816134967e-01 5.356969479804621903e-01 5.688237475481711103e-01 7.224768253188265099e-01 6.213434069655026093e-01 4.534338190295944537e-01 6.114516167118909662e-01 2.934634092470695954e-01 3.818322514274267721e-01 6.165899870313205078e-01 1.025112736561749616e-01 4.303574507074179323e-01 7.866799777118069770e-01 9.194533480652822277e-01
5.172335581673841443e-01 6.627347509425060013e-01 4.935737047528152566e-01 8.394814340655427642e-01 6.819052296919377865e-01 6.999669700072086442e-01 7.323161939972532286e-01 9.542615008331889470e-02 4.316293244190381184e-01 5.379143352360784558e-01 6.039018468047738786e-01 2.775706683053274504e-01 6.683021689880430660e-01 4.213520723128322265e-01 5.975440264256938194e-01 0.000000000000000000e+00 8.476949393518349307e-01 4.253852431414439916e-01 5.207956109496979513e-01 7.678066041866438152e-02 2.996789826217663988e-01 6.161819436402220518e-01 4.600959894108097581e-01 3.832886718955815786e-01 3.581478370063868599e-01 4.695092972903789352e-01 5.520567837054131122e-01 6.712178312339233122e-01 2.546453522828977523e-01 5.608737938483521202e-01 6.433090253050901541e-01 4.773223224878950788e-01 1.403420246190234533e-01 2.112087046793565404e-01 2.299317806576480772e-01
4.039672944895651985e-01 4.745371845834002178e-01 5.610023837624628085e-01 4.278941971110747922e-01 2.862646796441608021e-01 1.381771650075984126e-01 6.673217382929047536e-01 7.208309776492318743e-01 9.166342958857540690e-01 5.588954388727331857e-01 7.659199910736409489e-01 7.055118659034177453e-01 5.934736777502216398e-01 8.285158007755064613e-01 3.426588893371440570e-01 8.476949393518349307e-01 0.000000000000000000e+00 6.466992811206482283e-01 2.600270610320066789e-01 2.186429580206997736e-01 2.125999678985655006e-01 6.419875497240430384e-01 3.339707470669952549e-01 5.207526639166437654e-01 4.433184589087426075e-01 3.298327719289736448e-01 3.466033693950809069e-01 7.688250585735931786e-01 5.521061781989773376e-01 1.292114157247876705e-01 2.548800726210675438e-01 2.573747846457430932e-01 5.244940526405130754e-01 8.989408615019869320e-01 5.246091791944595961e-02
6.331990157597603419e-01 6.358264765849450662e-01 3.024106766034336258e-01 5.291852004766586237e-01 5.007570086426991196e-01 7.590261744064044080e-01 6.928111963768799342e-01 6.193942841348603068e-01 4.165436476746930961e-01 8.669878943449835784e-01 6.020263626039110694e-01 4.301398204764547151e-01 6.034287563861204795e-01 2.667529522620663007e-01 7.008419505151055606e-01 4.253852431414439916e-01 6.466992811206482283e-01 0.000000000000000000e+00 4.390922985612424334e-01 5.745833588653264101e-01 5.556800949610730678e-01 4.252422413202997520e-01 5.868568667439895137e-01 6.305157474290458142e-01 4.864999466185092603e-01 5.301740064680625641e-01 5.475760677712273594e-01 6.340727558710459455e-01 4.698929316615572116e-01 3.890720158002495266e-01 4.216730612722627836e-01 4.430330298397429090e-01 6.461712269601582737e-01 3.503189759616497367e-01 5.291611858807661051e-01
4.006177224020492922e-01 7.050771472373766890e-01 6.033584624928352014e-01 5.292414095158491927e-01 6.678901807494814769e-01 4.644399367535635426e-01 5.074830583403709960e-01 7.717066223559265747e-01 2.593406649289076160e-01 3.515660520393458777e-01 5.500342205333539347e-01 4.385270379682525976e-01 1.755849019662424904e-01 4.463582205148092785e-01 1.930538916425619256e-01 5.207956109496979513e-01 2.600270610320066789e-01 4.390922985612424334e-01 0.000000000000000000e+00 6.916029246474706405e-01 4.291508867583672115e-01 7.985457661584147715e-01 2.041588001344036840e-01 4.978514561339641431e-01 5.002064541395894182e-01 6.867392029177065149e-01 7.400430375956947859e-01 5.994551363652331766e-01 6.122359107518888788e-01 3.669593296582606134e-01 2.021717586252065324e-01 6.400617581877912077e-01 5.971065191332474154e-01 5.016161736788913306e-01 5.382167650105945667e-01
1.783019033419639410e-01 4.027419119244074475e-01 2.910041382857710968e-01 2.862604251766905916e-01 6.057438585124794717e-01 8.125406261902270444e-01 5.930627995315815859e-01 4.613566709110679120e-01 7.931242218892975426e-02 4.577847251434100095e-01 2.265873361278564202e-01 6.512828331791473691e-01 3.955662713908296713e-01 8.053216200746859954e-02 6.626460861730492091e-01 7.678066041866438152e-02 2.186429580206997736e-01 5.745833588653264101e-01 6.916029246474706405e-01 0.000000000000000000e+00 3.469792439298282072e-01 5.713925215901295429e-01 3.599612580743137835e-01 5.263705429221205989e-01 6.430845639429549898e-01 5.477214952253141034e-01 2.465095641178960406e-01 5.474239763217527699e-01 2.428146514657538724e-01 6.658295014634674214e-01 9.029759631489617799e-01 5.870196355564090140e-01 4.814975811264416983e-01 6.360283399743155153e-01 6.243770967200319433e-01
6.858718227152051927e-01 5.514271361450671094e-01 8.356811882407416681e-01 8.102903182911602720e-01 7.488994586325958824e-01 5.164224282987903702e-01 1.963075843104009621e-01 2.278801224239351830e-01 8.086153164156255624e-01 8.114795824881206876e-01 1.825738176257619694e-01 2.475056315198422840e-01 5.064433559519110339e-01 5.232563462727519710e-01 8.570687053794424637e-01 2.996789826217663988e-01 2.125999678985655006e-01 5.556800949610730678e-01 4.291508867583672115e-01 3.469792439298282072e-01 0.000000000000000000e+00 2.819835004483658425e-01 6.862137118058604379e-01 5.954505490113539690e-01 5.442893404354809395e-01 8.850359978325375021e-01 8.613988343321754559e-01 3.189234904947071403e-01 7.058407835617799275e-01 5.448738200707966550e-01 7.616068400880439127e-01 5.487649811120497434e-01 6.290012579512987978e-02 7.553492261066037106e-01 3.463208905689149075e-01
7.870740898304200428e-01 4.335229252350946694e-01 6.884013103154384972e-01 6.300570647288766812e-01 8.432617662942061276e-01 6.705562851689056414e-01 2.240299305189601409e-01 2.023957320468494081e-01 4.782579879232246034e-01 4.066651169365556040e-01 6.867085851468450741e-01 9.214178312545773242e-01 5.442702861369510536e-01 5.595855284682564879e-01 7.143627374816134967e-01 6.161819436402220518e-01 6.419875497240430384e-01 4.252422413202997520e-01 7.985457661584147715e-01 5.713925215901295429e-01 2.819835004483658425e-01 0.000000000000000000e+00 5.527710397901619555e-01 5.701283733553963451e-01 4.135465116045862755e-01 6.679123947026603947e-01 6.239719250004791551e-01 8.421072779113621953e-01 7.170125500977093669e-01 8.892572785302028660e-01 3.559249247969373253e-01 6.653128144252821174e-01 6.959627362611152668e-01 8.168248546979254288e-01 6.712593602070084930e-01
5.484889913062728217e-01 1.843871958491737351e-01 2.814749724057277191e-01 4.395045524675240678e-01 4.242551085496727437e-01 4.261748651110043862e-01 2.441386305303577808e-01 8.577971776099237999e-01 2.693273135224592552e-01 5.544090844196459811e-01 5.925050265847308095e-01 3.343457528078562224e-01 9.321934866131047492e-01 7.997818259113974593e-01 5.356969479804621903e-01 4.600959894108097581e-01 3.339707470669952549e-01 5.868568667439895137e-01 2.041588001344036840e-01 3.599612580743137835e-01 6.862137118058604379e-01 5.527710397901619555e-01 0.000000000000000000e+00 7.465167997339605677e-01 7.002466310631354496e-01 6.003429810966063318e-01 5.434405599054326075e-01 4.633640065561255850e-01 2.133241771488090244e-01 2.488625635061353092e-01 8.388651642376238060e-01 8.653151653374748786e-01 4.964502539041226181e-01 9.050219564582404619e-01 4.257169785176219690e-01
4.903054153932492887e-01 7.158360940579724385e-01 5.749925901220211966e-01 4.571002595863055129e-01 7.077697561019118400e-01 4.287066294604823247e-01 6.003665930351835822e-01 2.860530969924479638e-01 1.361518941677802852e-01 4.593496470546798993e-01 6.856033620525208150e-01 7.857245632224403309e-01 4.191994363578937510e-01 6.300604972279157945e-01 5.688237475481711103e-01 3.832886718955815786e-01 5.207526639166437654e-01 6.305157474290458142e-01 4.978514561339641431e-01 5.263705429221205989e-01 5.954505490113539690e-01 5.701283733553963451e-01 7.465167997339605677e-01 0.000000000000000000e+00 6.587573530205625971e-01 7.441298383170653619e-01 4.451456297511977023e-01 4.162887001757980543e-01 4.921487397514462403e-01 8.581223096784329485e-01 2.958574370656905095e-01 8.186192409626269484e-01 8.658735400768298174e-01 8.372441110003152609e-01 7.923970786942222677e-01
5.493358283880017678e-01 2.010584132745777963e-01 5.265790342402408841e-01 6.417907166757046422e-01 1.904167949228680046e-01 4.777855840857242464e-01 4.833027495361810200e-01 7.440725816179916130e-01 8.256286301797414184e-01 1.758396400023382045e-01 7.225832510679950360e-01 6.422177780324441754e-01 4.787500195535963621e-01 4.266667730454832830e-01 7.224768253188265099e-01 3.581478370063868599e-01 4.433184589087426075e-01 4.864999466185092603e-01 5.002064541395894182e-01 6.430845639429549898e-01 5.442893404354809395e-01 4.135465116045862755e-01 7.002466310631354496e-01 6.587573530205625971e-01 0.000000000000000000e+00 4.400722860826264959e-01 4.012977304232632214e-01 4.074269963525821714e-01 6.192830117273970814e-01 5.358800885787782242e-01 8.513496343189963511e-02 7.122642555860694280e-01 5.144823347715790085e-01 5.603841937566824694e-01 3.055097895572097544e-01
2.734328931568361654e-01 7.442904860200912909e-01 3.252193086957707591e-01 2.235196273430802849e-01 2.618450937126686195e-01 6.178227685540615965e-01 2.465861848755067365e-01 8.068248200911876111e-01 1.831268467552452650e-01 7.158715188669219076e-01 4.220338041488161385e-01 3.420931724566622645e-01 5.505605685397138016e-01 6.801002381756660053e-01 6.213434069655026093e-01 4.695092972903789352e-01 3.298327719289736448e-01 5.301740064680625641e-01 6.867392029177065149e-01 5.477214952253141034e-01 8.850359978325375021e-01 6.679123947026603947e-01 6.003429810966063318e-01 7.441298383170653619e-01 4.400722860826264959e-01 0.000000000000000000e+00 2.785300064838192036e-01 4.480613851680792514e-02 3.425984493993426971e-01 7.323434267210358062e-01 3.166902926012175046e-01 4.763569800805032006e-01 5.617338122646717835e-01 8.702291343995316453e-01 7.760653715937144703e-01
8.313200431367135934e-01 7.992746602753163510e-01 6.568495679176407087e-01 9.758767785679189899e-01 3.658216786290943157e-01 1.592546015713178775e-01 7.758788307870734258e-01 1.429200052854533443e-01 4.564517219094003653e-01 4.499474787433875855e-01 4.824435456013932422e-01 2.951268784635784348e-01 1.258093252445657839e-01 5.924900491077790265e-01 4.534338190295944537e-01 5.520567837054131122e-01 3.466033693950809069e-01 5.475760677712273594e-01 7.400430375956947859e-01 2.465095641178960406e-01 8.613988343321754559e-01 6.239719250004791551e-01 5.434405599054326075e-01 4.451456297511977023e-01 4.012977304232632214e-01 2.785300064838192036e-01 0.000000000000000000e+00 5.802435304959405737e-01 6.312159815240330207e-01 8.294626688149986382e-02 6.765432482587980800e-01 8.659664575031098543e-01 8.620174367331230325e-01 7.161072189496896501e-01 3.914019387439691133e-01
5.067387251858211927e-01 5.322670942886865708e-01 6.592752961440412340e-01 9.515258844866698595e-01 4.479851317832831414e-01 1.124005923435231757e-01 6.364508863981387377e-01 5.438730666306443862e-01 9.245730772789307883e-01 6.008195106572854494e-01 4.903524216873144659e-01 2.673855195977118404e-01 8.495887809445883398e-01 5.855134338315033382e-01 6.114516167118909662e-01 6.712178312339233122e-01 7.688250585735931786e-01 6.340727558710459455e-01 5.994551363652331766e-01 5.474239763217527699e-01 3.189234904947071403e-01 8.421072779113621953e-01 4.633640065561255850e-01 4.162887001757980543e-01 4.074269963525821714e-01 4.480613851680792514e-02 5.802435304959405737e-01 0.000000000000000000e+00 5.257228078540561178e-01 5.498225811870889324e-01 2.014943817662368519e-01 2.919396692834250739e-01 5.123149910950239860e-01 7.394984829380553126e-01 7.077280392909994777e-01
6.881645598030523558e-01 6.900026092155442381e-01 6.084929894218270574e-01 4.573683423627934452e-01 1.283823180102455774e-01 2.879815575078071843e-01 2.082282544855340589e-01 5.181098328994555580e-01 3.167382656784497041e-01 6.971602299498518285e-01 8.145932459021232308e-01 6.935007740476755167e-01 1.092959404646041133e-01 9.039879643634796125e-01 2.934634092470695954e-01 2.546453522828977523e-01 5.521061781989773376e-01 4.698929316615572116e-01 6.122359107518888788e-01 2.428146514657538724e-01 7.058407835617799275e-01 7.170125500977093669e-01 2.133241771488090244e-01 4.921487397514462403e-01 6.192830117273970814e-01 3.425984493993426971e-01 6.312159815240330207e-01 5.257228078540561178e-01 0.000000000000000000e+00 8.280392906040290324e-01 1.993244492137711266e-01 6.016443977119485531e-01 4.564378714208646715e-01 6.685996484253893257e-01 8.434506903437957170e-01
5.338726160644886587e-01 3.214855631847527428e-01 5.815909697237608977e-01 4.509595774740637886e-01 3.152965832967735693e-01 7.090394918436954130e-01 7.464911494382449053e-01 4.030801195112050372e-01 6.429975540896112340e-01 4.533472228186350983e-01 4.147229393158639033e-01 6.614707627172400350e-01 1.638114893406137362e-01 7.042413597184586926e-01 3.818322514274267721e-01 5.608737938483521202e-01 1.292114157247876705e-01 3.890720158002495266e-01 3.669593296582606134e-01 6.658295014634674214e-01 5.448738200707966550e-01 8.892572785302028660e-01 2.488625635061353092e-01 8.581223096784329485e-01 5.358800885787782242e-01 7.323434267210358062e-01 8.294626688149986382e-02 5.498225811870889324e-01 8.280392906040290324e-01 0.000000000000000000e+00 6.655542983077893382e-01 3.164709202842495017e-01 6.903685882873862312e-01 8.512020968092028905e-01 8.120576386576474626e-01
4.655375018548584265e-01 4.173882407589751820e-01 2.558478862475014326e-01 8.381600090619976129e-01 2.393111339467051679e-01 5.295520081846221139e-01 8.002074057736514590e-01 8.507397184235886423e-01 5.149742184249552768e-01 2.522302450108491190e-01 3.022731421934646834e-01 4.114240081481543854e-01 4.753792621722915390e-01 3.355776141272256430e-01 6.165899870313205078e-01 6.433090253050901541e-01 2.548800726210675438e-01 4.216730612722627836e-01 2.021717586252065324e-01 9.029759631489617799e-01 7.616068400880439127e-01 3.559249247969373253e-01 8.388651642376238060e-01 2.958574370656905095e-01 8.513496343189963511e-02 3.166902926012175046e-01 6.765432482587980800e-01 2.014943817662368519e-01 1.993244492137711266e-01 6.655542983077893382e-01 0.000000000000000000e+00 3.232713681044826481e-01 8.119031519340740299e-01 4.722680840935820079e-01 7.913384969728165519e-02
3.237060115616102740e-01 5.553719996039371276e-01 7.442155728594359587e-01 4.893114194288331054e-01 4.428081433413970647e-01 7.791781848778082109e-01 4.648224559326850081e-01 7.735893205468260536e-01 2.088906109624494856e-01 9.160857937166116960e-01 6.727559787901999933e-01 7.976369421417317529e-01 9.059531591431414510e-01 2.106265110475223357e-01 1.025112736561749616e-01 4.773223224878950788e-01 2.573747846457430932e-01 4.430330298397429090e-01 6.400617581877912077e-01 5.870196355564090140e-01 5.487649811120497434e-01 6.653128144252821174e-01 8.653151653374748786e-01 8.186192409626269484e-01 7.122642555860694280e-01 4.763569800805032006e-01 8.659664575031098543e-01 2.919396692834250739e-01 6.016443977119485531e-01 3.164709202842495017e-01 3.232713681044826481e-01 0.000000000000000000e+00 4.541387008562169370e-01 4.332793441151175928e-01 5.374496442301472943e-01
2.475540310570844005e-01 5.328051566505251913e-01 7.263224363450730969e-01 6.854631218791249481e-01 1.198568025535399206e-01 1.619732929411631384e-01 6.681433037451371959e-01 3.566969673790929551e-01 5.544758011439300249e-01 6.010289781431303879e-01 8.281845772579583542e-01 5.847752510483599231e-01 6.460778171431156292e-01 3.228676037115236763e-01 4.303574507074179323e-01 1.403420246190234533e-01 5.244940526405130754e-01 6.461712269601582737e-01 5.971065191332474154e-01 4.814975811264416983e-01 6.290012579512987978e-02 6.959627362611152668e-01 4.964502539041226181e-01 8.658735400768298174e-01 5.144823347715790085e-01 5.617338122646717835e-01 8.620174367331230325e-01 5.123149910950239860e-01 4.564378714208646715e-01 6.903685882873862312e-01 8.119031519340740299e-01 4.541387008562169370e-01 0.000000000000000000e+00 2.480551770669480183e-01 7.520921558566340259e-01
2.960500335632846869e-01 7.049548417391198196e-01 8.296081889909009410e-01 2.621716469792659820e-01 8.682915571743945460e-01 3.824011975092065918e-01 6.727238165224936894e-01 1.749454352326826889e-01 7.025892161986257989e-02 1.357904470788410256e-01 4.533785995894881182e-01 6.468373185601874464e-01 7.564043851477573188e-01 4.233860266892219837e-01 7.866799777118069770e-01 2.112087046793565404e-01 8.989408615019869320e-01 3.503189759616497367e-01 5.016161736788913306e-01 6.360283399743155153e-01 7.553492261066037106e-01 8.168248546979254288e-01 9.050219564582404619e-01 8.372441110003152609e-01 5.603841937566824694e-01 8.702291343995316453e-01 7.161072189496896501e-01 7.394984829380553126e-01 6.685996484253893257e-01 8.512020968092028905e-01 4.722680840935820079e-01 4.332793441151175928e-01 2.480551770669480183e-01 0.000000000000000000e+00 5.818702526526979835e-01
6.774388185540944907e-01 8.228034052111388164e-01 4.814009490373509781e-01 3.948625825022445968e-01 3.455238566134495315e-01 3.312744384442252721e-01 4.096846441878486678e-01 5.092677646836494265e-01 1.557380273359820766e-01 6.325113872071395082e-01 7.505299287149652665e-01 4.379886760554219105e-01 7.177782611884213626e-01 3.695998194560140004e-01 9.194533480652822277e-01 2.299317806576480772e-01 5.246091791944595961e-02 5.291611858807661051e-01 5.382167650105945667e-01 6.243770967200319433e-01 3.463208905689149075e-01 6.712593602070084930e-01 4.257169785176219690e-01 7.923970786942222677e-01 3.055097895572097544e-01 7.760653715937144703e-01 3.914019387439691133e-01 7.077280392909994777e-01 8.434506903437957170e-01 8.120576386576474626e-01 7.913384969728165519e-02 5.374496442301472943e-01 7.520921558566340259e-01 5.818702526526979835e-01 0.000000000000000000e+00
