0.000000000000000000e+00 5.489290632593362140e-01 6.410696189351392515e-01 4.450357564181047776e-01 4.910845538402056620e-01 4.449356060892841747e-01 6.238691571638956823e-01 3.789238479938278337e-01 6.508537264798480715e-01 4.219159981959826333e-01 5.328541031713831533e-01 4.009109445082896794e-01 6.385136729474818473e-01 8.112770059921632360e-01 3.890162947204223731e-01 6.981801360526324052e-01 4.325644110101151685e-01 6.306389562110883418e-01 7.141650201251134034e-01 7.842504849555652635e-01 3.746156415499609649e-01 1.608871312664206799e-01 4.959339427359216179e-01 4.696596060554930618e-01 4.582961256532567251e-01 5.885668645499337881e-01 7.966984806358157201e-01 4.830974405292757234e-01 6.097847027019639432e-01 2.747978406863769152e-01 2.281948815278569687e-01 3.426575082599803146e-01 6.504409748488262366e-01 2.905325526839513950e-01 6.012767409953638786e-01
5.489290632593362140e-01 0.000000000000000000e+00 4.074562406053895414e-01 9.418507421986080930e-01 7.831746405575312764e-01 6.846016463076891601e-01 2.633615204132393472e-01 8.568769567813376842e-01 5.742639478998208258e-01 4.079538231659138314e-01 3.085133679797121831e-01 3.577205973124289451e-01 4.491109936481429421e-01 5.478572748461326691e-01 4.554364077856439263e-01 7.280227431815773365e-01 8.410050624950309306e-01 5.162569432902048838e-01 3.760756322004518148e-01 6.202103748389178328e-01 2.643701564239459012e-01 3.771250327025151283e-01 6.437257593616108053e-01 9.085718596763601163e-01 6.718725802377535361e-01 7.483041723958760993e-01 4.973979909024676682e-01 5.652373082923719538e-01 7.351703017968124199e-01 4.605172724034493070e-01 7.662061781822264717e-01 4.484627197540808630e-01 6.074181764758231905e-01 6.561424828586788216e-01 3.088525489744983199e-01
6.410696189351392515e-01 4.074562406053895414e-01 0.000000000000000000e+00 5.729281059514435004e-01 8.097006336032886997e-01 5.387832243974499669e-01 6.127401006845925036e-01 6.973984547212237484e-01 4.467711768790416094e-01 4.746025008956018532e-01 6.867666449843905507e-01 1.705287989568015083e-01 5.906442589098921392e-01 8.924309037347782914e-01 4.562579227539599325e-01 7.369886635986619972e-01 6.749797091428129114e-01 5.088075532048765837e-01 4.805605355566910375e-01 4.359409886669182721e-01 5.869729490565849250e-01 4.089877884887093140e-01 3.108028008648625606e-01 5.926112723506071767e-01 4.834573684211512234e-01 5.780718292669642100e-01 6.029456197733700229e-01 5.115114764801260705e-01 4.390167503381548486e-01 3.207410630145489661e-01 7.821407696444693247e-01 4.799933606844532519e-01 5.565184858050988836e-01 7.075732060258259626e-01 6.864066656833833768e-01
4.450357564181047776e-01 9.418507421986080930e-01 5.729281059514435004e-01 0.000000000000000000e+00 5.949385287704331837e-01 4.599883587413448605e-01 3.371691126775719916e-01 4.881143278123407647e-01 7.387967046424959161e-02 3.757770041812967809e-01 4.705660682359873448e-01 9.294242113220518853e-01 5.300605999043291883e-01 5.115282465129766809e-01 4.502555169787554323e-01 6.016303749674640766e-01 8.232981628375926064e-01 7.568645632796608957e-01 8.124464419414967331e-01 3.317044708470626713e-01 6.289914729907675195e-01 4.960154013081393143e-01 3.555947170806128543e-01 8.487199544144883312e-01 2.710220949560027126e-01 8.423770414747731028e-01 6.381378098438915680e-01 4.801453927871811023e-01 6.583534342245147553e-01 6.475451880867122423e-01 4.671920845050934190e-01 9.287912919502646636e-01 8.008720581883481682e-01 4.522868147790384263e-01 4.140340977598183647e-01
4.910845538402056620e-01 7.831746405575312764e-01 8.097006336032886997e-01 5.949385287704331837e-01 0.000000000000000000e+00 3.603116389266760589e-01 4.051727981988073046e-01 7.920057227541079659e-01 6.190665807618080940e-01 7.477497251686358037e-01 6.493567264079382895e-01 8.083671224670603284e-01 8.482447922781699567e-01 8.012224803803804640e-01 6.710111630641465430e-01 7.978730843328090128e-01 4.678267150488509274e-01 5.023355334348102996e-01 8.004253622002293067e-01 4.642111734436270010e-01 5.276151349905244814e-01 2.044694793453156745e-01 3.066049887982196243e-01 6.256630593905834203e-01 4.864421891456616742e-01 4.658651188618860295e-01 2.926706243611980618e-01 1.997944247793598249e-01 9.216123260605209033e-01 8.704770868234452674e-01 2.861180050069837000e-01 9.062147054289988457e-01 1.722380579860386396e-01 5.973701059690716964e-01 3.664765689258741022e-01
4.449356060892841747e-01 6.846016463076891601e-01 5.387832243974499669e-01 4.599883587413448605e-01 3.603116389266760589e-01 0.000000000000000000e+00 5.656573063156399295e-01 6.505308673314160739e-01 5.312557976723907283e-01 2.692389129484421550e-01 2.919750884970146454e-01 2.887927311177570511e-01 5.458053503281632413e-01 2.206435439794413034e-01 4.680083088191623886e-01 9.025490596772072216e-01 1.880713242145570785e-02 6.761697583209296258e-01 2.893725119707560856e-01 8.410875730189198984e-01 6.791367380718738023e-01 6.714173583961206004e-01 8.600146913070627619e-01 4.296245548162698769e-01 2.432097492098712621e-01 2.870256251013747484e-01 4.007975567157736063e-01 5.027909564579606805e-01 4.512435520830074820e-01 3.839332336692972136e-01 7.987861138773890701e-01 3.093440477521890442e-01 8.947741188163359505e-01 2.016756969999176086e-01 9.359718430761145846e-01
6.238691571638956823e-01 2.633615204132393472e-01 6.127401006845925036e-01 3.371691126775719916e-01 4.051727981988073046e-01 5.656573063156399295e-01 0.000000000000000000e+00 2.228870686479293983e-01 5.273450139761669542e-01 8.334068173218345255e-01 6.328385147862689575e-01 3.384830807797797325e-01 7.131109236562637177e-01 2.652879092971910380e-01 3.559100748482192378e-01 6.866083809305747465e-01 5.569214128661572616e-01 6.063588581183212423e-01 3.405983852182128402e-01 2.548562743564993793e-01 3.025387441828545354e-01 3.685208288006855959e-01 4.671868953337583452e-01 5.796612760643409246e-01 2.479420733340576000e-02 4.382949758470420787e-01 1.602469752927017654e-01 3.564150297317087990e-01 4.432734192555585206e-01 4.268710868928475843e-01 5.549108558556958837e-01 5.073210285776352801e-01 4.021305966622560346e-01 5.882558164121544086e-01 2.926161252069137131e-02
3.789238479938278337e-01 8.568769567813376842e-01 6.973984547212237484e-01 4.881143278123407647e-01 7.920057227541079659e-01 6.505308673314160739e-01 2.228870686479293983e-01 0.000000000000000000e+00 5.905612836748026506e-01 4.298856937661981181e-01 6.437706835007148687e-01 5.269549766468822893e-02 5.235731804025991476e-01 7.660607725153181224e-01 7.273538120968260356e-01 5.128431445795944565e-01 2.312318261871992853e-01 5.248461225091123339e-01 5.161735940413298973e-01 8.007056961923026961e-01 8.670031506128816901e-01 5.501571041315403976e-01 8.710830711719350639e-01 5.511807815110609798e-01 7.035440464044195874e-01 1.845447972039122586e-01 4.502064204463962493e-01 6.524601199025638065e-01 9.226005494577305122e-01 3.728028108206844493e-01 3.253647485909950676e-01 8.772863683740592666e-01 7.468503464210409781e-01 5.659557975705780120e-01 4.058319454139265314e-01
6.508537264798480715e-01 5.742639478998208258e-01 4.467711768790416094e-01 7.387967046424959161e-02 6.190665807618080940e-01 5.312557976723907283e-01 5.273450139761669542e-01 5.905612836748026506e-01 0.000000000000000000e+00 5.503574552333403425e-01 3.963543891789744755e-02 3.607967516772380145e-01 7.636488750323685570e-01 4.396909250735688834e-01 5.904543647040377818e-01 5.303325850062565738e-01 6.581753405566579396e-01 2.157505096980198989e-01 2.284045667899223808e-01 6.840827036679066886e-01 5.099243647826190440e-01 4.163913495476357918e-01 4.696299992876480922e-01 5.791062147708282426e-01 7.156235818488141387e-01 4.390693169889979819e-01 3.720134507497225851e-01 7.567691555753330857e-01 6.855301136819565988e-01 4.481990865676915847e-01 3.942773330165669776e-01 1.052882249994515629e-01 5.004764513606605458e-01 5.185962000602246658e-01 4.757893848346892995e-01
4.219159981959826333e-01 4.079538231659138314e-01 4.746025008956018532e-01 3.757770041812967809e-01 7.477497251686358037e-01 2.692389129484421550e-01 8.334068173218345255e-01 4.298856937661981181e-01 5.503574552333403425e-01 0.000000000000000000e+00 2.695078887495980235e-01 9.396736996835797218e-01 2.830193788595210536e-01 5.108236756211479435e-01 3.051155555341880099e-01 5.698807770163414332e-01 4.096599934255827913e-01 1.606928375711597079e-01 1.773022802821723198e-01 9.936426432340128567e-02 3.749402316645181754e-01 3.513746499140950608e-01 2.715071775273644183e-01 6.192923950594265703e-01 7.240089356546781652e-01 4.924551981446309012e-01 3.731242566396485993e-01 1.118086917992282547e-01 2.765237962830098262e-01 2.537958636821269209e-01 1.262505144354860720e-01 6.156948952694836219e-01 2.166595431789193338e-01 4.429852131310326735e-01 7.114887026833041084e-01
5.328541031713831533e-01 3.085133679797121831e-01 6.867666449843905507e-01 4.705660682359873448e-01 6.493567264079382895e-01 2.919750884970146454e-01 6.328385147862689575e-01 6.437706835007148687e-01 3.963543891789744755e-02 2.695078887495980235e-01 0.000000000000000000e+00 3.902854344209256698e-01 8.421609023463425547e-01 5.643833547548932073e-01 4.147276881051048525e-01 7.675281640661933968e-01 3.215720551862184529e-01 4.651599196805483727e-01 6.287317613103364788e-01 3.983716201538765600e-01 3.372509525423503796e-01 5.043866772687773947e-01 5.364034476380774574e-01 4.332791604060315938e-01 5.686010891002741818e-01 6.827894590369714134e-01 6.284589013793250301e-01 3.154788272497829338e-01 5.038215896903411872e-01 6.573954606123029176e-01 5.917622518871772375e-01 6.898547050071542897e-01 1.199674382699137398e-01 5.483230531268559194e-01 4.674684551416522504e-01
4.009109445082896794e-01 3.577205973124289451e-01 1.705287989568015083e-01 9.294242113220518853e-01 8.083671224670603284e-01 2.887927311177570511e-01 3.384830807797797325e-01 5.269549766468822893e-02 3.607967516772380145e-01 9.396736996835797218e-01 3.902854344209256698e-01 0.000000000000000000e+00 5.986575898637758186e-02 1.692508377879851089e-01 3.277309636066903509e-01 4.757874430964297852e-01 6.285688867622049036e-01 6.042517624713217295e-01 2.350659609289453833e-01 4.065369292959429837e-01 2.567835271738236891e-01 6.073234601012702516e-01 5.387008357722771201e-01 7.661013429964600441e-01 7.660303948704405563e-01 2.837887596834166581e-01 4.580668327200503320e-01 5.266010988352569644e-01 4.817902824507105941e-01 8.232274232378311574e-01 2.514875162385302731e-01 6.646819319438213025e-01 7.021002076718461105e-01 5.016077484623631122e-01 1.935903765436115531e-01
6.385136729474818473e-01 4.491109936481429421e-01 5.906442589098921392e-01 5.300605999043291883e-01 8.482447922781699567e-01 5.458053503281632413e-01 7.131109236562637177e-01 5.235731804025991476e-01 7.636488750323685570e-01 2.830193788595210536e-01 8.421609023463425547e-01 5.986575898637758186e-02 0.000000000000000000e+00 6.301330730693190940e-01 7.787509601733918485e-01 5.486907857856904158e-01 2.610347985251249003e-02 5.158729882563767299e-01 7.328068745232776404e-01 7.757366437477253296e-01 4.482430999843164399e-01 6.091692697553974245e-01 5.111594995198089908e-01 3.690110749182923255e-01 4.236184009074829282e-01 4.039491581580503254e-01 5.474172378389645655e-01 7.760158013750235728e-01 3.192503870254410070e-01 6.534620524456704604e-01 8.514035774472084039e-01 7.346793591179910932e-01 2.925951227241230246e-01 5.895574737149074096e-01 3.792825007346344313e-01
8.112770059921632360e-01 5.478572748461326691e-01 8.924309037347782914e-01 5.115282465129766809e-01 8.012224803803804640e-01 2.206435439794413034e-01 2.652879092971910380e-01 7.660607725153181224e-01 4.396909250735688834e-01 5.108236756211479435e-01 5.643833547548932073e-01 1.692508377879851089e-01 6.301330730693190940e-01 0.000000000000000000e+00 6.399850533450982537e-01 4.946099754373102231e-01 8.899219851161774830e-01 8.089819384324112850e-01 6.602621221152095154e-01 4.064193304373223681e-01 7.896812838494969844e-01 3.129496235010538197e-01 3.654644623980487506e-01 5.174905679455814589e-01 4.226924716326522780e-01 5.408978925533614035e-01 4.036522097894319483e-01 3.473612263493127128e-01 6.212571210961439494e-01 5.784400065484027742e-01 5.807015575944238783e-01 3.880805481708531346e-01 6.407991507593591152e-01 3.595192844998165715e-01 4.237670476354189475e-01
3.890162947204223731e-01 4.554364077856439263e-01 4.562579227539599325e-01 4.502555169787554323e-01 6.710111630641465430e-01 4.680083088191623886e-01 3.559100748482192378e-01 7.273538120968260356e-01 5.904543647040377818e-01 3.051155555341880099e-01 4.147276881051048525e-01 3.277309636066903509e-01 7.787509601733918485e-01 6.399850533450982537e-01 0.000000000000000000e+00 5.541171469584569298e-01 5.034430435988614949e-01 5.464032849309801154e-01 5.626712686331099000e-01 6.497691405664030029e-01 6.565417549299761291e-01 3.775978297299731334e-02 1.745486533720803646e-01 3.548699981807073023e-01 5.655906416365268363e-01 4.998991899241999048e-01 7.123134580330168220e-01 7.476342680622518611e-01 7.429674267276312749e-01 6.396496265947616555e-01 4.959709737094964432e-01 7.984565701879096089e-01 4.034401212383786905e-01 6.338686737985330666e-01 6.363638387429939591e-01
6.981801360526324052e-01 7.280227431815773365e-01 7.369886635986619972e-01 6.016303749674640766e-01 7.978730843328090128e-01 9.025490596772072216e-01 6.866083809305747465e-01 5.128431445795944565e-01 5.303325850062565738e-01 5.698807770163414332e-01 7.675281640661933968e-01 4.757874430964297852e-01 5.486907857856904158e-01 4.946099754373102231e-01 5.541171469584569298e-01 0.000000000000000000e+00 5.110008767222070647e-01 7.790242433634748664e-01 3.523299080881797662e-01 3.002592232263336935e-01 4.235584581566171902e-01 5.009125313263217416e-01 4.085623993339055904e-01 3.170110476229833218e-01 9.166594247877544177e-01 4.428227909473201329e-01 3.293984059112030072e-01 6.265078787446065611e-01 5.790772241106929563e-01 5.620197440404122169e-01 6.261619522114048042e-02 5.083586766903231968e-01 2.615390604598054614e-01 4.316958851016567955e-01 4.056682864664514776e-01
4.325644110101151685e-01 8.410050624950309306e-01 6.749797091428129114e-01 8.232981628375926064e-01 4.678267150488509274e-01 1.880713242145570785e-02 5.569214128661572616e-01 2.312318261871992853e-01 6.581753405566579396e-01 4.096599934255827913e-01 3.215720551862184529e-01 6.285688867622049036e-01 2.610347985251249003e-02 8.899219851161774830e-01 5.034430435988614949e-01 5.110008767222070647e-01 0.000000000000000000e+00 1.548901738127835825e-01 4.896834587189249910e-01 6.551139191555461760e-01 3.913118759543960934e-01 2.064785535928429505e-01 6.391273862411823714e-01 3.243827054322182546e-01 3.444526422342659711e-01 1.553712710769218353e-01 7.273951239107505629e-01 2.070891486714168117e-01 4.766170131342779559e-01 4.570455849833615636e-01 8.452572652974985612e-01 2.371443388951127718e-01 4.062075742766323438e-01 6.500744900028270212e-01 7.256199648370988964e-01
6.306389562110883418e-01 5.162569432902048838e-01 5.088075532048765837e-01 7.568645632796608957e-01 5.023355334348102996e-01 6.761697583209296258e-01 6.063588581183212423e-01 5.248461225091123339e-01 2.157505096980198989e-01 1.606928375711597079e-01 4.651599196805483727e-01 6.042517624713217295e-01 5.158729882563767299e-01 8.089819384324112850e-01 5.464032849309801154e-01 7.790242433634748664e-01 1.548901738127835825e-01 0.000000000000000000e+00 6.955110990741560917e-01 5.453665775246387959e-01 3.082385045079651942e-01 5.974426984884638747e-01 9.655127143450209504e-01 4.886731797861608717e-01 1.859836219137138702e-01 1.293436483584404773e-01 7.613682513440986899e-01 2.628253080391655949e-01 8.475597416814002472e-01 8.231729216308111274e-01 3.520160656389715870e-01 1.502199122980472090e-01 2.007309539723786118e-01 2.226902776004663354e-01 7.279878397927598277e-01
7.141650201251134034e-01 3.760756322004518148e-01 4.805605355566910375e-01 8.124464419414967331e-01 8.004253622002293067e-01 2.893725119707560856e-01 3.405983852182128402e-01 5.161735940413298973e-01 2.284045667899223808e-01 1.773022802821723198e-01 6.287317613103364788e-01 2.350659609289453833e-01 7.328068745232776404e-01 6.602621221152095154e-01 5.626712686331099000e-01 3.523299080881797662e-01 4.896834587189249910e-01 6.955110990741560917e-01 0.000000000000000000e+00 9.350375802175171502e-01 2.089681789333324158e-01 6.171394273773703754e-01 7.255573593021003020e-01 3.226996120811735924e-01 6.852690847720013245e-01 3.199755259506059657e-01 7.805295490209839260e-01 4.774937759902029288e-01 2.760830211559970881e-01 4.470972406637749863e-01 5.870127869737439275e-01 9.657753343987502959e-01 6.053032398967673755e-01 6.468762020538640911e-01 4.026110433571783997e-01
7.842504849555652635e-01 6.202103748389178328e-01 4.359409886669182721e-01 3.317044708470626713e-01 4.642111734436270010e-01 8.410875730189198984e-01 2.548562743564993793e-01 8.007056961923026961e-01 6.840827036679066886e-01 9.936426432340128567e-02 3.983716201538765600e-01 4.065369292959429837e-01 7.757366437477253296e-01 4.064193304373223681e-01 6.497691405664030029e-01 3.002592232263336935e-01 6.551139191555461760e-01 5.453665775246387959e-01 9.350375802175171502e-01 0.000000000000000000e+00 4.495585627497702963e-01 4.667591237796756554e-01 3.596155524669578663e-01 2.279413192921792009e-01 2.849040984813184796e-01 1.306118368746206349e-01 6.770961263623507254e-01 5.378727708686705800e-01 7.372862933420556431e-01 6.890092431783225724e-01 3.371610031819017861e-01 4.625595172337634842e-01 7.382467559720982120e-01 2.814671598390505181e-01 5.258293652742150881e-01
3.746156415499609649e-01 2.643701564239459012e-01 5.869729490565849250e-01 6.289914729907675195e-01 5.276151349905244814e-01 6.791367380718738023e-01 3.025387441828545354e-01 8.670031506128816901e-01 5.099243647826190440e-01 3.749402316645181754e-01 3.372509525423503796e-01 2.567835271738236891e-01 4.482430999843164399e-01 7.896812838494969844e-01 6.565417549299761291e-01 4.235584581566171902e-01 3.913118759543960934e-01 3.082385045079651942e-01 2.089681789333324158e-01 4.495585627497702963e-01 0.000000000000000000e+00 3.246541959652999854e-01 5.220206305495853627e-01 1.108107750850363393e-01 6.217514845909388743e-01 6.817226168822204668e-01 8.048595712215408371e-01 2.397968776626717702e-01 4.542608495747413877e-01 6.416929088070544296e-01 6.948786326546583236e-01 5.273942147282527637e-01 9.152058526633033431e-01 6.551608561341742965e-01 4.332343675178355058e-01
1.608871312664206799e-01 3.771250327025151283e-01 4.089877884887093140e-01 4.960154013081393143e-01 2.044694793453156745e-01 6.714173583961206004e-01 3.685208288006855959e-01 5.501571041315403976e-01 4.163913495476357918e-01 3.513746499140950608e-01 5.043866772687773947e-01 6.073234601012702516e-01 6.091692697553974245e-01 3.129496235010538197e-01 3.775978297299731334e-02 5.009125313263217416e-01 2.064785535928429505e-01 5.974426984884638747e-01 6.171394273773703754e-01 4.667591237796756554e-01 3.246541959652999854e-01 0.000000000000000000e+00 2.240027757383620255e-01 5.958079225330403794e-02 6.082655851268687908e-01 6.084133618234892626e-01 9.000841094031275524e-01 3.174816343317622414e-01 4.526766126888219777e-01 3.761989210323531951e-01 5.139982948885430947e-01 4.567495498515524166e-01 1.448358586214241184e-01 5.180911574895186167e-01 3.943062125257730810e-01
4.959339427359216179e-01 6.437257593616108053e-01 3.108028008648625606e-01 3.555947170806128543e-01 3.066049887982196243e-01 8.600146913070627619e-01 4.671868953337583452e-01 8.710830711719350639e-01 4.696299992876480922e-01 2.715071775273644183e-01 5.364034476380774574e-01 5.387008357722771201e-01 5.111594995198089908e-01 3.654644623980487506e-01 1.745486533720803646e-01 4.085623993339055904e-01 6.391273862411823714e-01 9.655127143450209504e-01 7.255573593021003020e-01 3.596155524669578663e-01 5.220206305495853627e-01 2.240027757383620255e-01 0.000000000000000000e+00 6.454919195466684023e-01 7.312466131108890099e-01 5.631243491682346169e-01 7.252246533604179701e-01 7.850270719684926402e-02 7.572944919962600885e-01 2.124994536182428506e-01 8.878188348003568375e-02 3.389060094828421077e-01 1.265575141750053811e-01 2.263676456640592027e-01 7.184381667573391805e-01
4.696596060554930618e-01 9.085718596763601163e-01 5.926112723506071767e-01 8.487199544144883312e-01 6.256630593905834203e-01 4.296245548162698769e-01 5.796612760643409246e-01 5.511807815110609798e-01 5.791062147708282426e-01 6.192923950594265703e-01 4.332791604060315938e-01 7.661013429964600441e-01 3.690110749182923255e-01 5.174905679455814589e-01 3.548699981807073023e-01 3.170110476229833218e-01 3.243827054322182546e-01 4.886731797861608717e-01 3.226996120811735924e-01 2.279413192921792009e-01 1.108107750850363393e-01 5.958079225330403794e-02 6.454919195466684023e-01 0.000000000000000000e+00 7.416925443757971248e-01 2.425687300709911676e-01 2.771880164238295086e-01 9.547609347060717067e-01 6.975574969083456756e-01 6.523234141486384807e-01 4.910671034865702334e-01 7.671649857736945188e-01 5.388769557293503487e-01 6.999886685959115784e-01 5.110063854852664456e-01
4.582961256532567251e-01 6.718725802377535361e-01 4.834573684211512234e-01 2.710220949560027126e-01 4.864421891456616742e-01 2.432097492098712621e-01 2.479420733340576000e-02 7.035440464044195874e-01 7.156235818488141387e-01 7.240089356546781652e-01 5.686010891002741818e-01 7.660303948704405563e-01 4.236184009074829282e-01 4.226924716326522780e-01 5.655906416365268363e-01 9.166594247877544177e-01 3.444526422342659711e-01 1.859836219137138702e-01 6.852690847720013245e-01 2.849040984813184796e-01 6.217514845909388743e-01 6.082655851268687908e-01 7.312466131108890099e-01 7.416925443757971248e-01 0.000000000000000000e+00 9.584447064590632115e-01 5.098406876355685569e-01 4.017362057064147174e-01 5.889934378059197284e-01 4.854837958805425790e-01 6.333070954212147718e-01 6.451801135886834349e-01 2.856227808957244596e-01 4.820678881674483884e-02 6.251798013175881019e-01
5.885668645499337881e-01 7.483041723958760993e-01 5.780718292669642100e-01 8.423770414747731028e-01 4.658651188618860295e-01 2.870256251013747484e-01 4.382949758470420787e-01 1.845447972039122586e-01 4.390693169889979819e-01 4.924551981446309012e-01 6.827894590369714134e-01 2.837887596834166581e-01 4.039491581580503254e-01 5.408978925533614035e-01 4.998991899241999048e-01 4.428227909473201329e-01 1.553712710769218353e-01 1.293436483584404773e-01 3.199755259506059657e-01 1.306118368746206349e-01 6.817226168822204668e-01 6.084133618234892626e-01 5.631243491682346169e-01 2.425687300709911676e-01 9.584447064590632115e-01 0.000000000000000000e+00 1.735607682763535831e-01 4.307903430258941402e-01 7.546726612815556345e-01 2.622287555283880911e-01 5.811191992663775618e-01 6.683705382337696843e-01 6.297411986577899912e-01 8.837951462553799153e-01 5.581274724185794067e-01
7.966984806358157201e-01 4.973979909024676682e-01 6.029456197733700229e-01 6.381378098438915680e-01 2.926706243611980618e-01 4.007975567157736063e-01 1.602469752927017654e-01 4.502064204463962493e-01 3.720134507497225851e-01 3.731242566396485993e-01 6.284589013793250301e-01 4.580668327200503320e-01 5.474172378389645655e-01 4.036522097894319483e-01 7.123134580330168220e-01 3.293984059112030072e-01 7.273951239107505629e-01 7.613682513440986899e-01 7.805295490209839260e-01 6.770961263623507254e-01 8.048595712215408371e-01 9.000841094031275524e-01 7.252246533604179701e-01 2.771880164238295086e-01 5.098406876355685569e-01 1.735607682763535831e-01 0.000000000000000000e+00 5.297101777399080280e-01 2.326448220124995858e-01 3.377782895550785480e-01 8.136097210381295630e-01 1.086572175714608512e-01 6.475787670600888779e-01 3.319501425724112886e-01 7.781001816416368566e-01
4.830974405292757234e-01 5.652373082923719538e-01 5.115114764801260705e-01 4.801453927871811023e-01 1.997944247793598249e-01 5.027909564579606805e-01 3.564150297317087990e-01 6.524601199025638065e-01 7.567691555753330857e-01 1.118086917992282547e-01 3.154788272497829338e-01 5.266010988352569644e-01 7.760158013750235728e-01 3.473612263493127128e-01 7.476342680622518611e-01 6.265078787446065611e-01 2.070891486714168117e-01 2.628253080391655949e-01 4.774937759902029288e-01 5.378727708686705800e-01 2.397968776626717702e-01 3.174816343317622414e-01 7.850270719684926402e-02 9.547609347060717067e-01 4.017362057064147174e-01 4.307903430258941402e-01 5.297101777399080280e-01 0.000000000000000000e+00 4.579350846408508646e-01 7.769325972577690864e-01 3.801179291450315079e-01 7.307837147373732467e-01 8.858112422211374959e-01 6.692072800433543911e-01 3.777664296568260527e-01
6.097847027019639432e-01 7.351703017968124199e-01 4.390167503381548486e-01 6.583534342245147553e-01 9.216123260605209033e-01 4.512435520830074820e-01 4.432734192555585206e-01 9.226005494577305122e-01 6.855301136819565988e-01 2.765237962830098262e-01 5.038215896903411872e-01 4.817902824507105941e-01 3.192503870254410070e-01 6.212571210961439494e-01 7.429674267276312749e-01 5.790772241106929563e-01 4.766170131342779559e-01 8.475597416814002472e-01 2.760830211559970881e-01 7.372862933420556431e-01 4.542608495747413877e-01 4.526766126888219777e-01 7.572944919962600885e-01 6.975574969083456756e-01 5.889934378059197284e-01 7.546726612815556345e-01 2.326448220124995858e-01 4.579350846408508646e-01 0.000000000000000000e+00 5.919116859223405580e-01 7.499573741763306822e-01 2.498679174179415097e-01 8.369609532557885645e-01 3.797192768219752601e-01 6.024089011359335943e-01
2.747978406863769152e-01 4.605172724034493070e-01 3.207410630145489661e-01 6.475451880867122423e-01 8.704770868234452674e-01 3.839332336692972136e-01 4.268710868928475843e-01 3.728028108206844493e-01 4.481990865676915847e-01 2.537958636821269209e-01 6.573954606123029176e-01 8.232274232378311574e-01 6.534620524456704604e-01 5.784400065484027742e-01 6.396496265947616555e-01 5.620197440404122169e-01 4.570455849833615636e-01 8.231729216308111274e-01 4.470972406637749863e-01 6.890092431783225724e-01 6.416929088070544296e-01 3.761989210323531951e-01 2.124994536182428506e-01 6.523234141486384807e-01 4.854837958805425790e-01 2.622287555283880911e-01 3.377782895550785480e-01 7.769325972577690864e-01 5.919116859223405580e-01 0.000000000000000000e+00 7.189794255283749047e-01 6.901531859462393115e-01 2.323717172902651507e-01 6.840510158527595141e-01 7.440044889980910181e-01
2.281948815278569687e-01 7.662061781822264717e-01 7.821407696444693247e-01 4.671920845050934190e-01 2.861180050069837000e-01 7.987861138773890701e-01 5.549108558556958837e-01 3.253647485909950676e-01 3.942773330165669776e-01 1.262505144354860720e-01 5.917622518871772375e-01 2.514875162385302731e-01 8.514035774472084039e-01 5.807015575944238783e-01 4.959709737094964432e-01 6.261619522114048042e-02 8.452572652974985612e-01 3.520160656389715870e-01 5.870127869737439275e-01 3.371610031819017861e-01 6.948786326546583236e-01 5.139982948885430947e-01 8.878188348003568375e-02 4.910671034865702334e-01 6.333070954212147718e-01 5.811191992663775618e-01 8.136097210381295630e-01 3.801179291450315079e-01 7.499573741763306822e-01 7.189794255283749047e-01 0.000000000000000000e+00 3.980745622546300599e-01 3.876841351871651575e-01 3.828466378051419428e-01 3.837940594778285197e-01
3.426575082599803146e-01 4.484627197540808630e-01 4.799933606844532519e-01 9.287912919502646636e-01 9.062147054289988457e-01 3.093440477521890442e-01 5.073210285776352801e-01 8.772863683740592666e-01 1.052882249994515629e-01 6.156948952694836219e-01 6.898547050071542897e-01 6.646819319438213025e-01 7.346793591179910932e-01 3.880805481708531346e-01 7.984565701879096089e-01 5.083586766903231968e-01 2.371443388951127718e-01 1.502199122980472090e-01 9.657753343987502959e-01 4.625595172337634842e-01 5.273942147282527637e-01 4.567495498515524166e-01 3.389060094828421077e-01 7.671649857736945188e-01 6.451801135886834349e-01 6.683705382337696843e-01 1.086572175714608512e-01 7.307837147373732467e-01 2.498679174179415097e-01 6.901531859462393115e-01 3.980745622546300599e-01 0.000000000000000000e+00 3.390701205645036964e-01 8.140199802312453325e-02 4.734388658599715805e-01
6.504409748488262366e-01 6.074181764758231905e-01 5.565184858050988836e-01 8.008720581883481682e-01 1.722380579860386396e-01 8.947741188163359505e-01 4.021305966622560346e-01 7.468503464210409781e-01 5.004764513606605458e-01 2.166595431789193338e-01 1.199674382699137398e-01 7.021002076718461105e-01 2.925951227241230246e-01 6.407991507593591152e-01 4.034401212383786905e-01 2.615390604598054614e-01 4.062075742766323438e-01 2.007309539723786118e-01 6.053032398967673755e-01 7.382467559720982120e-01 9.152058526633033431e-01 1.448358586214241184e-01 1.265575141750053811e-01 5.388769557293503487e-01 2.856227808957244596e-01 6.297411986577899912e-01 6.475787670600888779e-01 8.858112422211374959e-01 8.369609532557885645e-01 2.323717172902651507e-01 3.876841351871651575e-01 3.390701205645036964e-01 0.000000000000000000e+00 4.514752704138418338e-01 3.230409861074543532e-01
2.905325526839513950e-01 6.561424828586788216e-01 7.075732060258259626e-01 4.522868147790384263e-01 5.973701059690716964e-01 2.016756969999176086e-01 5.882558164121544086e-01 5.659557975705780120e-01 5.185962000602246658e-01 4.429852131310326735e-01 5.483230531268559194e-01 5.016077484623631122e-01 5.895574737149074096e-01 3.595192844998165715e-01 6.338686737985330666e-01 4.316958851016567955e-01 6.500744900028270212e-01 2.226902776004663354e-01 6.468762020538640911e-01 2.814671598390505181e-01 6.551608561341742965e-01 5.180911574895186167e-01 2.263676456640592027e-01 6.999886685959115784e-01 4.820678881674483884e-02 8.837951462553799153e-01 3.319501425724112886e-01 6.692072800433543911e-01 3.797192768219752601e-01 6.840510158527595141e-01 3.828466378051419428e-01 8.140199802312453325e-02 4.514752704138418338e-01 0.000000000000000000e+00 4.925697521242111687e-01
6.012767409953638786e-01 3.088525489744983199e-01 6.864066656833833768e-01 4.140340977598183647e-01 3.664765689258741022e-01 9.359718430761145846e-01 2.926161252069137131e-02 4.058319454139265314e-01 4.757893848346892995e-01 7.114887026833041084e-01 4.674684551416522504e-01 1.935903765436115531e-01 3.792825007346344313e-01 4.237670476354189475e-01 6.363638387429939591e-01 4.056682864664514776e-01 7.256199648370988964e-01 7.279878397927598277e-01 4.026110433571783997e-01 5.258293652742150881e-01 4.332343675178355058e-01 3.943062125257730810e-01 7.184381667573391805e-01 5.110063854852664456e-01 6.251798013175881019e-01 5.581274724185794067e-01 7.781001816416368566e-01 3.777664296568260527e-01 6.024089011359335943e-01 7.440044889980910181e-01 3.837940594778285197e-01 4.734388658599715805e-01 3.230409861074543532e-01 4.925697521242111687e-01 0.000000000000000000e+00
