0.000000000000000000e+00 7.626266189061493561e-01 6.125684107805072776e-01 4.786398189219934207e-01 5.784352614813906834e-01 6.055844834771428875e-01 5.399464761831402893e-01 6.486353660099739571e-01 4.075451474749858249e-02 7.921668786821565167e-01 5.037645696982354648e-01 3.084069314383823257e-01 5.089839994169520487e-01 2.060202879294261713e-01 1.549694434639315999e-01 3.265801048286228747e-01 6.803156161711858552e-01 9.179684592133592336e-01 5.597357484400412586e-01 6.605712710361062445e-01 8.146198521335761278e-01 6.624677431099100788e-01 6.271523721400964479e-01 7.140172690290891300e-01 8.015550687546949549e-01 4.464451305577022966e-01 4.451715164086790244e-01 3.628604133730940484e-01 4.441498939386047673e-01 5.302277941672393080e-01 5.991761753614970321e-01 4.872449401430904437e-01 3.035376256492755553e-01 3.884213168945327421e-01 9.243004224286150983e-01
7.626266189061493561e-01 0.000000000000000000e+00 9.102882500303910440e-01 8.151575000306230390e-01 6.289329414914432981e-01 4.922176277479334283e-01 8.772642912578865193e-01 6.967582724477248135e-01 4.643359565867449246e-01 7.119785911604363804e-01 5.308988507763285902e-01 5.990085684926145237e-01 8.452394995034020475e-01 6.049674667128022154e-01 6.005311330358302779e-01 7.232479374686506812e-01 9.476781289162377053e-01 6.532545059030798740e-01 1.989808427061289242e-01 7.185784582081156113e-01 4.836446957709605865e-02 4.477494145355539468e-01 3.895050246985405362e-01 8.113678142798820270e-01 8.764889868469400991e-01 8.543015795712156635e-01 3.272690135840961578e-01 6.650733765107048612e-01 3.781627181783129288e-01 3.671446343818045577e-01 3.931778968567093413e-01 4.606632178053897131e-01 9.277394790701747329e-01 6.343515237541292873e-01 1.530315911339783508e-01
6.125684107805072776e-01 9.102882500303910440e-01 0.000000000000000000e+00 5.253421620905758260e-01 5.162681903499983793e-01 9.351140475279295927e-02 5.354068442390221838e-01 5.620852150416424386e-01 4.441018356951650370e-01 5.227399139723639676e-01 4.830839897115145054e-01 3.753246240489092056e-01 9.317605544415026309e-01 4.920666392671301792e-01 5.125024931963730879e-01 4.601897855006177318e-01 8.826754244499821489e-01 3.132152199116079450e-01 4.930399854684897054e-02 8.792424235026783386e-01 6.410263370456372733e-01 5.192374753816779709e-01 6.147231258571993484e-01 4.969700796934306553e-01 5.311561360686207767e-01 6.451590016212691570e-01 3.132380685363954642e-01 8.313536094073923355e-01 3.493192448895580116e-01 8.542357764474963755e-01 2.275980534326858540e-01 3.328353753137215376e-01 3.612015069332878969e-01 8.335445758376636149e-01 7.129079986680595393e-01
4.786398189219934207e-01 8.151575000306230390e-01 5.253421620905758260e-01 0.000000000000000000e+00 4.216154388027194000e-01 1.240276797133392783e-01 6.398451661336899132e-01 2.966748007040151958e-01 7.560445770428030343e-01 8.398507819521846551e-01 4.241531279539341170e-01 3.052165087682725542e-01 5.188767336954063225e-01 5.962456612233204556e-01 3.785650316681891114e-01 8.022993844209252989e-01 4.693321971211192323e-01 3.237729439820448141e-01 7.431369828878602313e-01 1.034861020202605397e-01 7.621898296720193144e-01 6.170451091004468536e-01 1.333001571343257474e-01 4.256974072013000043e-01 9.761326615170906607e-02 8.809193430588848628e-01 2.307756000896693804e-01 6.670368543835965003e-01 4.233386286020240918e-01 7.236103547356156351e-01 3.667400294750697842e-01 2.710358777778482109e-01 7.569043846155210087e-02 7.020621873223492626e-01 3.358139096936473833e-01
5.784352614813906834e-01 6.289329414914432981e-01 5.162681903499983793e-01 4.216154388027194000e-01 0.000000000000000000e+00 7.388584238391998626e-01 8.254247896035493692e-01 6.733638608802983150e-01 5.046946106905401130e-01 8.653279922204273333e-01 3.784726499033098657e-01 8.820585416084046892e-01 4.340906138232598632e-01 5.952810802241647048e-01 4.318009539949939080e-01 4.671412437571080822e-01 6.975160144652563510e-01 5.862015396380163557e-01 3.547711226282052599e-01 2.532214280994898870e-01 3.700965752488521998e-01 2.704401207481353930e-01 6.037989594273451832e-01 4.693934209947151492e-01 6.683704101773667583e-01 9.251678380094051635e-01 8.577129462799700788e-01 2.291947735199797442e-01 6.001876286592011667e-01 5.340567445105841582e-01 5.904507921158005379e-01 3.399113300387844872e-01 7.740155296253639072e-01 1.749387471325485333e-01 5.020675934668702434e-01
6.055844834771428875e-01 4.922176277479334283e-01 9.351140475279295927e-02 1.240276797133392783e-01 7.388584238391998626e-01 0.000000000000000000e+00 3.221053259717855388e-01 4.329867932360940141e-01 5.387159587772025748e-01 8.850815721325021590e-01 4.730146063084605945e-01 8.321602395111113992e-01 3.365077184260275578e-01 8.283396119142348857e-01 4.251819805781053008e-01 8.139702216657862532e-01 5.297014734529521540e-01 5.197699675499617422e-01 5.982547978460502902e-01 4.860586492074701059e-01 6.115105694655936786e-01 5.546904125939898789e-01 4.886948993137024133e-01 3.467054280666295729e-01 4.572188575213880779e-01 8.635033612963873839e-01 3.746433432862436019e-01 3.353697995085263561e-01 8.862513884301930212e-01 4.544506128861986460e-01 5.134228645602199048e-01 6.526427754481450849e-01 5.431102851018516642e-01 3.868478111290743482e-01 4.090034400773941980e-01
5.399464761831402893e-01 8.772642912578865193e-01 5.354068442390221838e-01 6.398451661336899132e-01 8.254247896035493692e-01 3.221053259717855388e-01 0.000000000000000000e+00 4.662329379398426066e-01 5.156125624372945859e-01 6.012517067606395482e-01 3.068298862789011761e-01 8.428772700470519297e-01 2.227450990002286524e-01 6.157655516607436486e-01 5.117584363750116161e-01 7.904309859093576751e-01 5.132632521615345667e-01 4.738541500113410132e-01 1.193796192676125356e-01 4.504702878398986754e-01 7.639674987764784042e-01 4.827596551804568259e-01 7.459509531719905606e-01 4.286450128022283868e-01 9.811834652375355237e-01 5.850422660225589322e-01 5.293495429579226919e-01 4.554433460508766629e-02 4.288058515581853469e-01 8.356838532788677387e-01 1.706818755376122709e-01 4.278304324483847010e-01 9.693452347475353115e-01 7.720538999617099218e-02 6.227376541765787810e-01
6.486353660099739571e-01 6.967582724477248135e-01 5.620852150416424386e-01 2.966748007040151958e-01 6.733638608802983150e-01 4.329867932360940141e-01 4.662329379398426066e-01 0.000000000000000000e+00 3.720950336512129919e-01 2.328715924280287952e-01 1.784655471579060793e-01 5.652300617732919363e-01 4.449901084960212194e-01 5.437315254809551579e-01 3.226829356476676458e-01 4.879474790651791571e-01 4.712256678052129111e-01 5.303462914695524777e-01 4.943427243929993664e-01 7.478192616829880679e-01 9.030798916089941564e-01 4.849355286610586013e-01 9.092405650668955452e-02 3.523018718173608343e-01 9.113632851476319852e-01 6.475325121933788175e-01 4.947952464140271123e-01 3.098998145798417259e-01 8.981072588281102664e-01 6.356262434947814732e-01 7.547039038726467419e-01 8.917812522270260889e-01 4.336961056058295516e-01 5.606821339168273077e-01 3.652339412764417093e-01
4.075451474749858249e-02 4.643359565867449246e-01 4.441018356951650370e-01 7.560445770428030343e-01 5.046946106905401130e-01 5.387159587772025748e-01 5.156125624372945859e-01 3.720950336512129919e-01 0.000000000000000000e+00 9.156497603606977842e-01 7.154186346917451589e-01 1.581149504795179017e-01 7.652420714409788882e-01 7.364835099214129821e-01 3.357677456195131138e-01 8.797065671813039112e-01 8.695707118561453175e-01 2.513028511940317289e-01 7.861817558712612675e-01 3.158566035383578718e-01 5.804841991162954518e-01 5.053579330784778723e-01 7.327389262275667559e-01 7.567024434854596748e-01 5.506177658545887699e-01 8.004658629694221261e-01 3.697444016869359529e-01 5.945277229556342746e-01 4.420385773043721822e-01 1.498290229311789457e-01 8.238444540796017179e-01 1.020466944813115395e-01 9.221085222637692702e-01 7.684017411199491887e-01 3.564081879770715222e-01
7.921668786821565167e-01 7.119785911604363804e-01 5.227399139723639676e-01 8.398507819521846551e-01 8.653279922204273333e-01 8.850815721325021590e-01 6.012517067606395482e-01 2.328715924280287952e-01 9.156497603606977842e-01 0.000000000000000000e+00 2.462575308579427746e-01 3.435403226742020366e-01 8.243042795227467634e-01 6.155023357202760170e-01 5.144932901670107306e-01 7.281790321679137978e-01 4.588464532139290286e-01 4.579038434552876735e-01 7.732754974070745746e-01 4.929836562404664724e-01 7.816762978557990627e-01 4.098684836089149242e-01 3.858323908521947843e-01 3.437768539524320710e-01 7.442213726351950553e-01 3.803972470273195849e-01 5.523188697666002733e-01 8.204821686425034510e-01 4.956179909753393176e-01 5.408164011199522170e-01 5.540952546102487775e-01 5.448492233987357602e-01 7.838609111176987332e-01 6.498307112091746829e-01 5.207548526611984752e-01
5.037645696982354648e-01 5.308988507763285902e-01 4.830839897115145054e-01 4.241531279539341170e-01 3.784726499033098657e-01 4.730146063084605945e-01 3.068298862789011761e-01 1.784655471579060793e-01 7.154186346917451589e-01 2.462575308579427746e-01 0.000000000000000000e+00 6.527415490575664281e-01 5.411599054724200997e-01 3.458094085047380695e-01 4.830185554079104993e-01 3.976338398002666197e-01 4.213150854246358601e-01 2.660667698611963727e-01 7.603302281659609640e-01 8.570911565247415487e-01 8.295165212047729275e-01 9.609347160180821135e-01 8.293312940192425486e-01 4.494808927062320936e-01 4.663991053028545553e-01 2.382440708211417957e-01 9.163257161355318203e-01 7.534210276072517143e-01 5.576464565299947829e-01 6.663327228807107705e-01 8.722126556260252350e-01 3.540606219000006494e-01 4.937245510605813292e-01 7.096448577761574894e-01 4.455676366025262958e-02
3.084069314383823257e-01 5.990085684926145237e-01 3.753246240489092056e-01 3.052165087682725542e-01 8.820585416084046892e-01 8.321602395111113992e-01 8.428772700470519297e-01 5.652300617732919363e-01 1.581149504795179017e-01 3.435403226742020366e-01 6.527415490575664281e-01 0.000000000000000000e+00 7.789722329021477876e-01 6.551415122882586761e-01 8.919963927914754676e-01 7.634228092893975415e-01 7.300654112928803841e-01 7.040800570599931030e-01 7.971461288872321305e-01 2.280679399044918676e-01 5.309483414263034273e-01 2.499192291102070307e-03 8.477801157270609123e-01 8.834837433631550496e-01 6.411542421665885616e-01 7.773971487124453628e-01 8.268955962756096012e-01 2.869961798102698136e-01 4.214486737302548525e-01 7.276081251992363441e-01 5.280695365224075122e-01 4.270247863331940175e-01 1.996986091960883947e-01 4.216354039588651181e-01 6.974113284068585994e-01
5.089839994169520487e-01 8.452394995034020475e-01 9.317605544415026309e-01 5.188767336954063225e-01 4.340906138232598632e-01 3.365077184260275578e-01 2.227450990002286524e-01 4.449901084960212194e-01 7.652420714409788882e-01 8.243042795227467634e-01 5.411599054724200997e-01 7.789722329021477876e-01 0.000000000000000000e+00 5.261593061619296297e-01 3.686560573732410306e-01 7.498241105347883684e-01 5.160136952137431843e-01 7.502224003714923484e-01 3.973245323230774617e-01 8.177203324128023976e-02 4.312018289275068028e-01 2.928183285843483641e-01 2.077820515046976402e-01 7.486506359045421721e-01 3.662491922778217113e-01 4.884054438416621791e-01 3.077197022942663729e-01 8.499594051920678073e-01 9.918008114931087249e-02 7.678589724282458562e-02 5.049136561542000301e-01 6.796306061529375775e-01 1.548440301374109929e-01 8.404676256029206538e-01 8.499996359037536031e-01
2.060202879294261713e-01 6.049674667128022154e-01 4.920666392671301792e-01 5.962456612233204556e-01 5.952810802241647048e-01 8.283396119142348857e-01 6.157655516607436486e-01 5.437315254809551579e-01 7.364835099214129821e-01 6.155023357202760170e-01 3.458094085047380695e-01 6.551415122882586761e-01 5.261593061619296297e-01 0.000000000000000000e+00 7.573200227610885626e-01 4.657504231123579808e-01 7.220950087281813312e-01 4.698257949278866752e-01 1.767226370721047823e-01 7.476371016119109925e-01 3.464958555968261078e-01 3.786460099319332029e-01 6.894496166183262664e-01 3.291848831384396323e-01 5.095692750423024275e-01 8.022143707145571456e-01 7.623205995783454147e-01 4.636522379374205527e-01 3.686874749592322642e-01 7.771686794980963153e-01 7.288390408695630818e-01 2.429504901864164568e-01 7.875827159307751124e-01 6.487432136398210147e-01 9.314765785285121780e-01
1.549694434639315999e-01 6.005311330358302779e-01 5.125024931963730879e-01 3.785650316681891114e-01 4.318009539949939080e-01 4.251819805781053008e-01 5.117584363750116161e-01 3.226829356476676458e-01 3.357677456195131138e-01 5.144932901670107306e-01 4.830185554079104993e-01 8.919963927914754676e-01 3.686560573732410306e-01 7.573200227610885626e-01 0.000000000000000000e+00 9.127991248490711085e-01 3.912970278069548558e-01 5.121699202315830313e-01 1.770776368998375205e-01 7.246176698872928146e-01 4.926738605840442764e-01 4.463375177606496158e-01 5.999186988869237291e-01 7.730216312391742228e-01 1.539347181211938587e-01 4.930074420446544092e-01 7.413739232015130742e-01 4.450598149999565045e-01 4.838868565174566094e-01 7.845196481693934576e-01 5.199247968258586816e-01 4.662876748090746259e-01 6.368406483523987305e-01 8.237602588940626802e-01 4.087773820856341889e-01
3.265801048286228747e-01 7.232479374686506812e-01 4.601897855006177318e-01 8.022993844209252989e-01 4.671412437571080822e-01 8.139702216657862532e-01 7.904309859093576751e-01 4.879474790651791571e-01 8.797065671813039112e-01 7.281790321679137978e-01 3.976338398002666197e-01 7.634228092893975415e-01 7.498241105347883684e-01 4.657504231123579808e-01 9.127991248490711085e-01 0.000000000000000000e+00 3.435974808500251720e-01 4.822303346683122216e-01 3.188576693251943261e-01 6.903882098588818295e-01 7.799765396260840422e-01 5.909901851579977272e-01 1.092326989173527663e-01 9.386889222642349484e-01 4.808620654659679916e-01 6.554762609938877826e-01 5.218227458366119231e-01 3.181877178078648116e-01 1.890361458776683712e-01 8.041489291531251915e-01 7.733907459482252111e-01 7.955331903618949596e-01 3.151429144583339781e-02 9.476455633393136013e-01 4.609162122768307168e-01
6.803156161711858552e-01 9.476781289162377053e-01 8.826754244499821489e-01 4.693321971211192323e-01 6.975160144652563510e-01 5.297014734529521540e-01 5.132632521615345667e-01 4.712256678052129111e-01 8.695707118561453175e-01 4.588464532139290286e-01 4.213150854246358601e-01 7.300654112928803841e-01 5.160136952137431843e-01 7.220950087281813312e-01 3.912970278069548558e-01 3.435974808500251720e-01 0.000000000000000000e+00 5.392568338942617112e-01 7.888007029045498442e-01 4.846624142286772297e-01 4.421637360320025412e-01 5.096380322886113756e-01 8.249682047092536941e-01 3.582439797653667046e-01 4.195059099621274989e-01 8.005802041737539732e-01 4.676708860773469700e-01 7.443775131585079752e-01 2.166877468631769332e-01 2.293604671892293112e-01 5.221097654482014239e-01 4.293022360500316492e-01 7.435873042009233380e-01 3.842725438124027226e-01 3.690734020281193906e-01
9.179684592133592336e-01 6.532545059030798740e-01 3.132152199116079450e-01 3.237729439820448141e-01 5.862015396380163557e-01 5.197699675499617422e-01 4.738541500113410132e-01 5.303462914695524777e-01 2.513028511940317289e-01 4.579038434552876735e-01 2.660667698611963727e-01 7.040800570599931030e-01 7.502224003714923484e-01 4.698257949278866752e-01 5.121699202315830313e-01 4.822303346683122216e-01 5.392568338942617112e-01 0.000000000000000000e+00 5.459175270192446749e-01 6.316637079646862940e-01 2.883787340342411909e-01 2.262866632827347235e-01 6.808937623428481523e-01 2.817697324363919731e-01 5.475736002683012638e-01 8.918996246301902353e-01 3.038742443245614488e-01 4.877665673060378460e-01 9.068592617465787153e-01 5.749283555812062518e-01 7.614163094305705926e-01 5.186157427826386668e-01 8.277354000961649749e-01 8.404639322745568464e-01 4.608032258871238573e-01
5.597357484400412586e-01 1.989808427061289242e-01 4.930399854684897054e-02 7.431369828878602313e-01 3.547711226282052599e-01 5.982547978460502902e-01 1.193796192676125356e-01 4.943427243929993664e-01 7.861817558712612675e-01 7.732754974070745746e-01 7.603302281659609640e-01 7.971461288872321305e-01 3.973245323230774617e-01 1.767226370721047823e-01 1.770776368998375205e-01 3.188576693251943261e-01 7.888007029045498442e-01 5.459175270192446749e-01 0.000000000000000000e+00 4.106109862900826912e-01 3.852947087319070207e-01 3.692483112949664914e-01 4.721906710786433203e-01 5.636199513490562918e-01 6.647225412565649361e-01 3.824920913950676793e-01 5.197565978164524481e-01 7.527482764883333122e-01 3.392113017821549725e-01 4.946973443654678615e-01 3.908732092685580084e-01 2.062720543315454957e-01 7.774341094726561208e-01 4.319815462970933995e-01 5.873758462063730645e-01
6.605712710361062445e-01 7.185784582081156113e-01 8.792424235026783386e-01 1.034861020202605397e-01 2.532214280994898870e-01 4.860586492074701059e-01 4.504702878398986754e-01 7.478192616829880679e-01 3.158566035383578718e-01 4.929836562404664724e-01 8.570911565247415487e-01 2.280679399044918676e-01 8.177203324128023976e-02 7.476371016119109925e-01 7.246176698872928146e-01 6.903882098588818295e-01 4.846624142286772297e-01 6.316637079646862940e-01 4.106109862900826912e-01 0.000000000000000000e+00 5.698843660394998789e-01 5.736146223177704950e-01 8.938591304637939494e-01 4.218717460505778671e-01 2.700934534610870408e-01 7.597144330126437417e-01 3.353591682477616853e-01 2.380749526317912368e-01 4.173087743399011562e-01 7.949162685256663252e-01 3.762462559728000921e-01 5.719277151350504740e-01 6.622268968554608781e-01 4.328961610602245491e-01 6.297161621382008079e-02
8.146198521335761278e-01 4.836446957709605865e-02 6.410263370456372733e-01 7.621898296720193144e-01 3.700965752488521998e-01 6.115105694655936786e-01 7.639674987764784042e-01 9.030798916089941564e-01 5.804841991162954518e-01 7.816762978557990627e-01 8.295165212047729275e-01 5.309483414263034273e-01 4.312018289275068028e-01 3.464958555968261078e-01 4.926738605840442764e-01 7.799765396260840422e-01 4.421637360320025412e-01 2.883787340342411909e-01 3.852947087319070207e-01 5.698843660394998789e-01 0.000000000000000000e+00 9.305540307695233659e-01 7.865923914964212393e-01 3.365703219450307815e-01 5.563491076517150802e-01 4.291823640002870865e-01 4.867073251444974380e-01 8.497702292508623190e-01 7.936050505058236393e-01 7.272919951203302702e-01 4.616632585908965192e-01 8.318232438842236842e-01 4.351421062102489024e-01 3.864900760734683027e-01 7.308781658956751137e-01
6.624677431099100788e-01 4.477494145355539468e-01 5.192374753816779709e-01 6.170451091004468536e-01 2.704401207481353930e-01 5.546904125939898789e-01 4.827596551804568259e-01 4.849355286610586013e-01 5.053579330784778723e-01 4.098684836089149242e-01 9.609347160180821135e-01 2.499192291102070307e-03 2.928183285843483641e-01 3.786460099319332029e-01 4.463375177606496158e-01 5.909901851579977272e-01 5.096380322886113756e-01 2.262866632827347235e-01 3.692483112949664914e-01 5.736146223177704950e-01 9.305540307695233659e-01 0.000000000000000000e+00 3.951082731230393108e-02 5.550074425965964009e-01 4.884818531728564728e-01 8.279159204010975159e-01 8.817903105493976046e-01 2.912335585795345905e-01 4.296304622745631407e-01 3.352169180859940756e-01 4.233916394063985122e-01 6.117276265149435011e-01 6.721174563735816676e-01 4.956457047001087690e-01 5.607789469793204029e-01
6.271523721400964479e-01 3.895050246985405362e-01 6.147231258571993484e-01 1.333001571343257474e-01 6.037989594273451832e-01 4.886948993137024133e-01 7.459509531719905606e-01 9.092405650668955452e-02 7.327389262275667559e-01 3.858323908521947843e-01 8.293312940192425486e-01 8.477801157270609123e-01 2.077820515046976402e-01 6.894496166183262664e-01 5.999186988869237291e-01 1.092326989173527663e-01 8.249682047092536941e-01 6.808937623428481523e-01 4.721906710786433203e-01 8.938591304637939494e-01 7.865923914964212393e-01 3.951082731230393108e-02 0.000000000000000000e+00 5.479827758263695614e-01 6.465056218461957549e-01 6.359645041940915622e-01 7.176333115744772950e-01 9.044994816383415959e-01 1.857849923984445928e-01 8.693521835666204733e-01 9.804184513805626056e-01 3.754219869893500316e-01 3.196483507731904816e-01 2.979598563690494251e-01 7.077971337482820147e-01
7.140172690290891300e-01 8.113678142798820270e-01 4.969700796934306553e-01 4.256974072013000043e-01 4.693934209947151492e-01 3.467054280666295729e-01 4.286450128022283868e-01 3.523018718173608343e-01 7.567024434854596748e-01 3.437768539524320710e-01 4.494808927062320936e-01 8.834837433631550496e-01 7.486506359045421721e-01 3.291848831384396323e-01 7.730216312391742228e-01 9.386889222642349484e-01 3.582439797653667046e-01 2.817697324363919731e-01 5.636199513490562918e-01 4.218717460505778671e-01 3.365703219450307815e-01 5.550074425965964009e-01 5.479827758263695614e-01 0.000000000000000000e+00 1.411942957400151855e-01 6.038950148022169673e-01 1.123682102499288238e-01 4.410077891604817224e-01 3.583874730922397278e-01 9.785159759316475192e-02 2.624409454313499923e-01 4.751533157497828119e-01 7.872579558815191447e-01 7.123929460801716740e-01 6.656300911508516993e-01
8.015550687546949549e-01 8.764889868469400991e-01 5.311561360686207767e-01 9.761326615170906607e-02 6.683704101773667583e-01 4.572188575213880779e-01 9.811834652375355237e-01 9.113632851476319852e-01 5.506177658545887699e-01 7.442213726351950553e-01 4.663991053028545553e-01 6.411542421665885616e-01 3.662491922778217113e-01 5.095692750423024275e-01 1.539347181211938587e-01 4.808620654659679916e-01 4.195059099621274989e-01 5.475736002683012638e-01 6.647225412565649361e-01 2.700934534610870408e-01 5.563491076517150802e-01 4.884818531728564728e-01 6.465056218461957549e-01 1.411942957400151855e-01 0.000000000000000000e+00 3.614938932606530098e-01 5.894134778972919264e-01 8.165339461920817499e-02 1.018056956639863397e-01 4.566555776300890157e-01 2.691168395937010294e-01 1.763673088437887060e-01 6.156932617387462781e-01 1.827172998143531402e-01 7.273284446435234196e-01
4.464451305577022966e-01 8.543015795712156635e-01 6.451590016212691570e-01 8.809193430588848628e-01 9.251678380094051635e-01 8.635033612963873839e-01 5.850422660225589322e-01 6.475325121933788175e-01 8.004658629694221261e-01 3.803972470273195849e-01 2.382440708211417957e-01 7.773971487124453628e-01 4.884054438416621791e-01 8.022143707145571456e-01 4.930074420446544092e-01 6.554762609938877826e-01 8.005802041737539732e-01 8.918996246301902353e-01 3.824920913950676793e-01 7.597144330126437417e-01 4.291823640002870865e-01 8.279159204010975159e-01 6.359645041940915622e-01 6.038950148022169673e-01 3.614938932606530098e-01 0.000000000000000000e+00 6.497332295735940288e-01 3.517608052772065452e-01 4.440083659148990058e-01 6.243233094132153438e-01 6.621279267679773817e-01 4.233910460791210362e-01 8.835433380470725240e-01 9.924019738433098592e-02 9.189241830345359352e-01
4.451715164086790244e-01 3.272690135840961578e-01 3.132380685363954642e-01 2.307756000896693804e-01 8.577129462799700788e-01 3.746433432862436019e-01 5.293495429579226919e-01 4.947952464140271123e-01 3.697444016869359529e-01 5.523188697666002733e-01 9.163257161355318203e-01 8.268955962756096012e-01 3.077197022942663729e-01 7.623205995783454147e-01 7.413739232015130742e-01 5.218227458366119231e-01 4.676708860773469700e-01 3.038742443245614488e-01 5.197565978164524481e-01 3.353591682477616853e-01 4.867073251444974380e-01 8.817903105493976046e-01 7.176333115744772950e-01 1.123682102499288238e-01 5.894134778972919264e-01 6.497332295735940288e-01 0.000000000000000000e+00 3.272600570207992998e-01 9.158794428699146284e-01 6.952372241913591377e-01 2.524470827007541107e-01 6.587584903628209698e-01 8.286218230961615028e-01 5.091081256861392790e-01 7.107638143579196877e-01
3.628604133730940484e-01 6.650733765107048612e-01 8.313536094073923355e-01 6.670368543835965003e-01 2.291947735199797442e-01 3.353697995085263561e-01 4.554433460508766629e-02 3.098998145798417259e-01 5.945277229556342746e-01 8.204821686425034510e-01 7.534210276072517143e-01 2.869961798102698136e-01 8.499594051920678073e-01 4.636522379374205527e-01 4.450598149999565045e-01 3.181877178078648116e-01 7.443775131585079752e-01 4.877665673060378460e-01 7.527482764883333122e-01 2.380749526317912368e-01 8.497702292508623190e-01 2.912335585795345905e-01 9.044994816383415959e-01 4.410077891604817224e-01 8.165339461920817499e-02 3.517608052772065452e-01 3.272600570207992998e-01 0.000000000000000000e+00 6.355810917156459183e-01 8.799793081555737917e-01 1.106072333165825095e-01 2.232418789308533713e-01 7.600703160722301899e-01 1.539785111350374103e-01 5.611068849367393252e-01
4.441498939386047673e-01 3.781627181783129288e-01 3.493192448895580116e-01 4.233386286020240918e-01 6.001876286592011667e-01 8.862513884301930212e-01 4.288058515581853469e-01 8.981072588281102664e-01 4.420385773043721822e-01 4.956179909753393176e-01 5.576464565299947829e-01 4.214486737302548525e-01 9.918008114931087249e-02 3.686874749592322642e-01 4.838868565174566094e-01 1.890361458776683712e-01 2.166877468631769332e-01 9.068592617465787153e-01 3.392113017821549725e-01 4.173087743399011562e-01 7.936050505058236393e-01 4.296304622745631407e-01 1.857849923984445928e-01 3.583874730922397278e-01 1.018056956639863397e-01 4.440083659148990058e-01 9.158794428699146284e-01 6.355810917156459183e-01 0.000000000000000000e+00 5.270587571972091823e-01 7.180555158222452494e-01 8.012610672004004675e-01 1.467411708320428554e-01 2.074064715194178232e-01 1.764271647559634282e-01
5.302277941672393080e-01 3.671446343818045577e-01 8.542357764474963755e-01 7.236103547356156351e-01 5.340567445105841582e-01 4.544506128861986460e-01 8.356838532788677387e-01 6.356262434947814732e-01 1.498290229311789457e-01 5.408164011199522170e-01 6.663327228807107705e-01 7.276081251992363441e-01 7.678589724282458562e-02 7.771686794980963153e-01 7.845196481693934576e-01 8.041489291531251915e-01 2.293604671892293112e-01 5.749283555812062518e-01 4.946973443654678615e-01 7.949162685256663252e-01 7.272919951203302702e-01 3.352169180859940756e-01 8.693521835666204733e-01 9.785159759316475192e-02 4.566555776300890157e-01 6.243233094132153438e-01 6.952372241913591377e-01 8.799793081555737917e-01 5.270587571972091823e-01 0.000000000000000000e+00 3.574614856598374302e-01 8.208985842389822096e-01 7.710690287851224012e-01 4.201924519970961502e-01 9.319547596790420663e-01
5.991761753614970321e-01 3.931778968567093413e-01 2.275980534326858540e-01 3.667400294750697842e-01 5.904507921158005379e-01 5.134228645602199048e-01 1.706818755376122709e-01 7.547039038726467419e-01 8.238444540796017179e-01 5.540952546102487775e-01 8.722126556260252350e-01 5.280695365224075122e-01 5.049136561542000301e-01 7.288390408695630818e-01 5.199247968258586816e-01 7.733907459482252111e-01 5.221097654482014239e-01 7.614163094305705926e-01 3.908732092685580084e-01 3.762462559728000921e-01 4.616632585908965192e-01 4.233916394063985122e-01 9.804184513805626056e-01 2.624409454313499923e-01 2.691168395937010294e-01 6.621279267679773817e-01 2.524470827007541107e-01 1.106072333165825095e-01 7.180555158222452494e-01 3.574614856598374302e-01 0.000000000000000000e+00 3.986396964043026347e-01 5.287550729684480366e-01 1.108713303009728479e-01 5.012217335315404254e-01
4.872449401430904437e-01 4.606632178053897131e-01 3.328353753137215376e-01 2.710358777778482109e-01 3.399113300387844872e-01 6.526427754481450849e-01 4.278304324483847010e-01 8.917812522270260889e-01 1.020466944813115395e-01 5.448492233987357602e-01 3.540606219000006494e-01 4.270247863331940175e-01 6.796306061529375775e-01 2.429504901864164568e-01 4.662876748090746259e-01 7.955331903618949596e-01 4.293022360500316492e-01 5.186157427826386668e-01 2.062720543315454957e-01 5.719277151350504740e-01 8.318232438842236842e-01 6.117276265149435011e-01 3.754219869893500316e-01 4.751533157497828119e-01 1.763673088437887060e-01 4.233910460791210362e-01 6.587584903628209698e-01 2.232418789308533713e-01 8.012610672004004675e-01 8.208985842389822096e-01 3.986396964043026347e-01 0.000000000000000000e+00 6.606654404965470739e-01 7.791644630896905621e-01 3.998134416383969381e-02
3.035376256492755553e-01 9.277394790701747329e-01 3.612015069332878969e-01 7.569043846155210087e-02 7.740155296253639072e-01 5.431102851018516642e-01 9.693452347475353115e-01 4.336961056058295516e-01 9.221085222637692702e-01 7.838609111176987332e-01 4.937245510605813292e-01 1.996986091960883947e-01 1.548440301374109929e-01 7.875827159307751124e-01 6.368406483523987305e-01 3.151429144583339781e-02 7.435873042009233380e-01 8.277354000961649749e-01 7.774341094726561208e-01 6.622268968554608781e-01 4.351421062102489024e-01 6.721174563735816676e-01 3.196483507731904816e-01 7.872579558815191447e-01 6.156932617387462781e-01 8.835433380470725240e-01 8.286218230961615028e-01 7.600703160722301899e-01 1.467411708320428554e-01 7.710690287851224012e-01 5.287550729684480366e-01 6.606654404965470739e-01 0.000000000000000000e+00 6.265148513894532867e-01 7.477325943314516721e-03
3.884213168945327421e-01 6.343515237541292873e-01 8.335445758376636149e-01 7.020621873223492626e-01 1.749387471325485333e-01 3.868478111290743482e-01 7.720538999617099218e-02 5.606821339168273077e-01 7.684017411199491887e-01 6.498307112091746829e-01 7.096448577761574894e-01 4.216354039588651181e-01 8.404676256029206538e-01 6.487432136398210147e-01 8.237602588940626802e-01 9.476455633393136013e-01 3.842725438124027226e-01 8.404639322745568464e-01 4.319815462970933995e-01 4.328961610602245491e-01 3.864900760734683027e-01 4.956457047001087690e-01 2.979598563690494251e-01 7.123929460801716740e-01 1.827172998143531402e-01 9.924019738433098592e-02 5.091081256861392790e-01 1.539785111350374103e-01 2.074064715194178232e-01 4.201924519970961502e-01 1.108713303009728479e-01 7.791644630896905621e-01 6.265148513894532867e-01 0.000000000000000000e+00 8.702854011426441883e-01
9.243004224286150983e-01 1.530315911339783508e-01 7.129079986680595393e-01 3.358139096936473833e-01 5.020675934668702434e-01 4.090034400773941980e-01 6.227376541765787810e-01 3.652339412764417093e-01 3.564081879770715222e-01 5.207548526611984752e-01 4.455676366025262958e-02 6.974113284068585994e-01 8.499996359037536031e-01 9.314765785285121780e-01 4.087773820856341889e-01 4.609162122768307168e-01 3.690734020281193906e-01 4.608032258871238573e-01 5.873758462063730645e-01 6.297161621382008079e-02 7.308781658956751137e-01 5.607789469793204029e-01 7.077971337482820147e-01 6.656300911508516993e-01 7.273284446435234196e-01 9.189241830345359352e-01 7.107638143579196877e-01 5.611068849367393252e-01 1.764271647559634282e-01 9.319547596790420663e-01 5.012217335315404254e-01 3.998134416383969381e-02 7.477325943314516721e-03 8.702854011426441883e-01 0.000000000000000000e+00
