0.000000000000000000e+00 4.458962421797443287e-01 7.400794935633812077e-01 2.938698123763717196e-01 4.703945023692259753e-01 3.499576431799860110e-01 3.474073209396888462e-01 2.655493111954538854e-01 5.601457617270819700e-01 7.916086833784419241e-01 2.724529541792369836e-01 7.938348574290945425e-01 2.789742590870449845e-01 2.560811614765614586e-01 8.278444887509007755e-01 4.665178635242145377e-01 8.038875599394423865e-01 7.542998399777723906e-01 2.486447731587252408e-01 4.554610877649252210e-01 2.506548360227199845e-01 2.695382961738218008e-01 3.661372092203146744e-01 5.241104031837657828e-01 5.506853930023951627e-01 1.618635498010377871e-01 4.708587697429526542e-01 4.218918146744363162e-01 6.517950192477153237e-01 2.812313510633237534e-01 6.498952058804079446e-01 6.494282988611514984e-01 2.548269239972594802e-01 4.990621372815725043e-01 5.250130925491118816e-01
4.458962421797443287e-01 0.000000000000000000e+00 6.225753372923445994e-01 5.684322814491167275e-01 8.412681224923359569e-01 1.930457013608538608e-01 2.627989999221080897e-02 5.223507870135161157e-01 3.607767765719776532e-01 6.770226293146123231e-01 4.811059250390919972e-01 4.349652158219732279e-01 5.181534121672171089e-01 5.400558444077177001e-01 7.096595935089116125e-01 3.288532463363857961e-01 5.118994448580295176e-01 5.792447750290939945e-01 4.155913582696501019e-01 6.054993081227060259e-01 9.234044710046316329e-01 5.544606976423094302e-01 4.483636699831032302e-01 4.309340365263588102e-01 6.437394925822224057e-01 3.452266518021406272e-01 3.016400784793555889e-01 7.223431643717691530e-01 4.970214927689398099e-01 5.077755274241673167e-01 2.331642466683967463e-01 7.500325582455739104e-01 2.340519262602415718e-01 3.806805855763767954e-01 7.164789026380358195e-01
7.400794935633812077e-01 6.225753372923445994e-01 0.000000000000000000e+00 7.792231313760861200e-01 5.080120379028808530e-01 5.867323771876024052e-01 4.167278529773403850e-01 1.531078745259843998e-01 9.035649141628868675e-01 5.940901453414508815e-01 7.041175278391329506e-01 9.508924703737426931e-01 5.758467717088278093e-01 5.892871104334135302e-01 5.426662533722768078e-01 5.727775483988595262e-01 4.698775259732311249e-01 5.228982461107500868e-01 5.039509047807624320e-01 7.532140947478023207e-01 7.573528030100180608e-01 2.223183700385316097e-01 6.248233893124395255e-01 8.221356908198496072e-02 8.434263494706086828e-01 3.804447774115354841e-01 5.285860292704280816e-01 7.709401130496860155e-01 8.461533276914268153e-01 1.476894499298309626e-01 3.870652984096852878e-01 5.078466094754421345e-01 2.069413282235643692e-01 3.788365004887676579e-01 2.058058306439496388e-01
2.938698123763717196e-01 5.684322814491167275e-01 7.792231313760861200e-01 0.000000000000000000e+00 6.560333518290579757e-01 5.290208156587475896e-01 4.245113966839594299e-01 2.339860183289521056e-01 8.086873207218926440e-01 1.706074785640308011e-01 6.446076174008563697e-01 2.192612153984691004e-01 6.444893300418399473e-01 6.664498935715738037e-01 2.322941974533040410e-01 6.787374956933955872e-01 5.181689747476856400e-01 2.644693328882109506e-01 6.664327280941327869e-01 2.759406681674211326e-01 4.137436003102483717e-01 4.896282372464114130e-01 7.692865755863576016e-01 2.798027623706722533e-01 4.656847760970382888e-01 9.416041464491775592e-01 3.325031546113675907e-01 4.616441630847651911e-01 8.289328021663470158e-01 6.173562963112144697e-01 8.374719432457629065e-01 7.079233342742963231e-01 1.571347017615738473e-01 8.206452224136066009e-01 9.357583561717686127e-02
4.703945023692259753e-01 8.412681224923359569e-01 5.080120379028808530e-01 6.560333518290579757e-01 0.000000000000000000e+00 3.919327592756599032e-01 3.694721543832629740e-01 2.952387920025945078e-02 3.191596587903928750e-01 3.271358990363211205e-01 7.218093522716009236e-01 1.757535947185431269e-01 6.284074073038192765e-01 9.150987670302337396e-01 3.906908301174407683e-01 6.859001079644406751e-01 4.044492957292309399e-01 3.434021742271019528e-01 4.609685194110147988e-01 4.337193665644500928e-02 4.010921637417770302e-01 7.444071216950909342e-01 2.762128458385472163e-01 5.851988366669620412e-01 5.527968700276848502e-01 4.703249699456670818e-01 7.769270276323680946e-01 8.842311195286367553e-01 5.194185061470406595e-01 1.449606261942499863e-01 3.407710967920656864e-01 7.564313884682479783e-01 3.730216699392920887e-01 5.728668258769149535e-01 7.327068150150263248e-01
3.499576431799860110e-01 1.930457013608538608e-01 5.867323771876024052e-01 5.290208156587475896e-01 3.919327592756599032e-01 0.000000000000000000e+00 1.656692597383528920e-01 9.459165153751140087e-01 3.356096105194334434e-01 3.954447845338698864e-01 3.833643705320131656e-01 8.587573516271528318e-01 7.698229179185174242e-01 6.344545401705579124e-01 5.518623791076699980e-01 7.756299203708073575e-01 6.196246865062938758e-01 4.442716818811529578e-01 3.868580069924061338e-01 6.657890574340035172e-01 6.877198518519345161e-01 3.908765266830646068e-01 2.094205901004390080e-01 2.410983361282530435e-01 3.257063508243541738e-01 3.773267169389492581e-01 7.036496057660825976e-01 7.364033831982907952e-02 7.930075443968092053e-01 7.498413636921523739e-01 4.305585540384754273e-01 6.871535966116690819e-01 5.049988266123559555e-01 5.515935193086972665e-01 5.598183339794086111e-01
3.474073209396888462e-01 2.627989999221080897e-02 4.167278529773403850e-01 4.245113966839594299e-01 3.694721543832629740e-01 1.656692597383528920e-01 0.000000000000000000e+00 1.507529489826442415e-01 4.460525018937830932e-01 1.451623588201016446e-01 4.508890824930828489e-01 5.379247274931455713e-01 3.706706467365513680e-01 1.078222035578330074e-01 8.838131894139451550e-01 4.912350188231804360e-01 8.572874888409771632e-01 3.703443038997958348e-01 8.588981864967248914e-01 5.326376183146016574e-01 6.749831390708292966e-01 1.948687734644330982e-01 5.638838599416717834e-02 4.725218266448188986e-01 5.558674324637746800e-02 7.198167846544405446e-01 7.778374590607181061e-01 1.101207872770976204e-01 7.361562772776746311e-01 5.422477407624131107e-01 6.951046156911098173e-01 3.515763067622493798e-01 2.825938657781594254e-01 7.617960438442262783e-01 1.815850988957611323e-01
2.655493111954538854e-01 5.223507870135161157e-01 1.531078745259843998e-01 2.339860183289521056e-01 2.952387920025945078e-02 9.459165153751140087e-01 1.507529489826442415e-01 0.000000000000000000e+00 7.119717965516807467e-01 4.095813467701229227e-01 4.711390884897576070e-01 4.051814756720729660e-01 1.462720274047366598e-01 4.202814504269581364e-01 8.311538876614350535e-01 6.854852779043094646e-01 1.522429897932856546e-01 5.590582727594632928e-01 6.503705347958097516e-01 2.347229118385890101e-01 8.632785272332046400e-01 6.900192012691264143e-01 6.503049211578011413e-01 6.184193413846207354e-01 6.668986932408386137e-01 5.034332134482280008e-01 3.882687263655491550e-01 6.257447455386001556e-01 5.857006953725925058e-01 3.161820947774939272e-01 4.785968391220389861e-01 7.630673527074458562e-01 5.774058020928428681e-01 1.580748875008553544e-01 5.210338180062484836e-01
5.601457617270819700e-01 3.607767765719776532e-01 9.035649141628868675e-01 8.086873207218926440e-01 3.191596587903928750e-01 3.356096105194334434e-01 4.460525018937830932e-01 7.119717965516807467e-01 0.000000000000000000e+00 8.492670411768632466e-01 4.853451662306946801e-01 7.659223998086779339e-01 5.032890144956410072e-01 8.493955471329571738e-01 8.238017032260868122e-01 2.771062399118636721e-01 8.228726305395004381e-01 5.497793731569433628e-01 7.117528393276459919e-01 7.029052663975667858e-01 2.682078695944745128e-01 7.879904234858075007e-01 7.208795179400946385e-01 5.031634781610334617e-01 2.798059754848379876e-01 4.026714466961308081e-01 3.077617807906750103e-01 7.197246742855176738e-01 6.218071563961280468e-02 3.611469653050686790e-01 4.960822711430212806e-02 5.478108528224989726e-01 1.988611441563680748e-01 4.385309787428558481e-01 3.554570521970694674e-01
7.916086833784419241e-01 6.770226293146123231e-01 5.940901453414508815e-01 1.706074785640308011e-01 3.271358990363211205e-01 3.954447845338698864e-01 1.451623588201016446e-01 4.095813467701229227e-01 8.492670411768632466e-01 0.000000000000000000e+00 7.226924982489457694e-01 8.568516922507327660e-01 9.522379395628028931e-01 5.344806525099838890e-01 4.903456556957326851e-01 6.478360552642511427e-01 8.250556169882590218e-01 4.147675962078037903e-01 7.062555911857104629e-01 4.070288485571506021e-01 7.305141624767517161e-01 8.324521672013101004e-01 1.540997079108263335e-01 4.541047970291759439e-01 5.200330679417610735e-01 3.865527721777589076e-01 2.724678056117648128e-01 2.846316968510225753e-01 4.805002925512676937e-01 5.916623182696483241e-01 4.885375098689029305e-01 2.548659310847634085e-01 4.358195603508384641e-01 7.274114729573667448e-01 4.586784680917097567e-01
2.724529541792369836e-01 4.811059250390919972e-01 7.041175278391329506e-01 6.446076174008563697e-01 7.218093522716009236e-01 3.833643705320131656e-01 4.508890824930828489e-01 4.711390884897576070e-01 4.853451662306946801e-01 7.226924982489457694e-01 0.000000000000000000e+00 1.899646695200782887e-01 8.550584783050526605e-01 7.070890057689191988e-01 4.864534099087248764e-01 4.074881626763995346e-01 5.165757789566903790e-01 6.179592219154418364e-01 6.201076668679055270e-01 6.274469406054862253e-01 3.924124573004237337e-01 2.314383135527726676e-01 6.030331076820585334e-01 3.910094966315681431e-01 5.537471711882584469e-01 8.398108211371435594e-01 7.403198416483720568e-01 5.528325353374264894e-01 6.276607446687538783e-01 5.368880027505489316e-01 5.556031341729423811e-01 1.507371934667809388e-01 4.472362676340216892e-01 7.427252286893977207e-01 6.692969669291627399e-01
7.938348574290945425e-01 4.349652158219732279e-01 9.508924703737426931e-01 2.192612153984691004e-01 1.757535947185431269e-01 8.587573516271528318e-01 5.379247274931455713e-01 4.051814756720729660e-01 7.659223998086779339e-01 8.568516922507327660e-01 1.899646695200782887e-01 0.000000000000000000e+00 4.323000982918780988e-01 2.999104548697189010e-01 3.867300457299063798e-01 5.025035334879790483e-01 3.387231213107759764e-01 6.060417904002218803e-01 1.731619448630167257e-01 5.080355692013175384e-01 6.194566190133790062e-01 4.410766718307825851e-01 3.706951325865997515e-01 4.749978437426753963e-01 7.193602358724007217e-01 4.339328762071711920e-01 8.680763877982718979e-01 6.581356618294609273e-01 7.691216497465842572e-01 7.075957265160541798e-01 1.382571885083694330e-01 6.624155557736746136e-01 8.832232110377462586e-01 8.785146219266073420e-01 3.261394067756256954e-01
2.789742590870449845e-01 5.181534121672171089e-01 5.758467717088278093e-01 6.444893300418399473e-01 6.284074073038192765e-01 7.698229179185174242e-01 3.706706467365513680e-01 1.462720274047366598e-01 5.032890144956410072e-01 9.522379395628028931e-01 8.550584783050526605e-01 4.323000982918780988e-01 0.000000000000000000e+00 5.042810418526599836e-01 9.337580801120298757e-01 8.130650532745409276e-01 3.781665770344486699e-01 7.153931459620614941e-01 9.523429698575538449e-01 4.480892864892010441e-01 5.149173642396009942e-01 2.119362931544439554e-01 4.924110738119664155e-01 6.438063703567578067e-01 4.383558032322361631e-01 7.223664763230519537e-01 7.606424645289531217e-01 2.981507457472523104e-01 7.134467357004242727e-01 1.682199542649801538e-01 2.698571059037134789e-01 2.564190654572142125e-01 9.207519088368352200e-01 6.030468030667266444e-01 1.956254692665162498e-01
2.560811614765614586e-01 5.400558444077177001e-01 5.892871104334135302e-01 6.664498935715738037e-01 9.150987670302337396e-01 6.344545401705579124e-01 1.078222035578330074e-01 4.202814504269581364e-01 8.493955471329571738e-01 5.344806525099838890e-01 7.070890057689191988e-01 2.999104548697189010e-01 5.042810418526599836e-01 0.000000000000000000e+00 6.690982717221548581e-01 4.798029945255589679e-01 7.017266891386011451e-01 5.723283424678060616e-01 7.287301487026437430e-01 1.857443812198427135e-01 4.467923654721131510e-01 4.428818682686929131e-01 4.702607798655800142e-01 3.587890235189223342e-01 3.976752393028565313e-01 7.376245632991695889e-01 7.799816783074434712e-01 8.657962206819207474e-01 5.280088300815637403e-01 6.067130715632631510e-01 9.210561238996584077e-01 5.836458079355981710e-01 5.701445933853219739e-01 6.011943735044075199e-01 7.660273741001284442e-01
8.278444887509007755e-01 7.096595935089116125e-01 5.426662533722768078e-01 2.322941974533040410e-01 3.906908301174407683e-01 5.518623791076699980e-01 8.838131894139451550e-01 8.311538876614350535e-01 8.238017032260868122e-01 4.903456556957326851e-01 4.864534099087248764e-01 3.867300457299063798e-01 9.337580801120298757e-01 6.690982717221548581e-01 0.000000000000000000e+00 1.195923759654312635e-01 4.001681070627287062e-01 6.567024857058050280e-01 4.198693283686480426e-01 7.003966175971383379e-01 6.130155549095797074e-01 5.611393982026964267e-01 6.324610276991730062e-01 3.441213632500701447e-01 7.937357838468392934e-01 9.312757113560727884e-01 2.761877101342440355e-01 1.262597297360045223e-01 5.105946837660961801e-01 2.845500569775361588e-01 2.579012278886338994e-01 1.747516470912240383e-01 8.653800223149776816e-01 4.213135325159996780e-01 6.160803448181224606e-01
4.665178635242145377e-01 3.288532463363857961e-01 5.727775483988595262e-01 6.787374956933955872e-01 6.859001079644406751e-01 7.756299203708073575e-01 4.912350188231804360e-01 6.854852779043094646e-01 2.771062399118636721e-01 6.478360552642511427e-01 4.074881626763995346e-01 5.025035334879790483e-01 8.130650532745409276e-01 4.798029945255589679e-01 1.195923759654312635e-01 0.000000000000000000e+00 7.305904661517810261e-01 2.471448803650023729e-01 4.880428789778595844e-01 3.645309523680199115e-01 7.081428108477004768e-01 7.222684317294145728e-01 4.446675584743399190e-01 5.851167025674440803e-01 5.060049411019760246e-01 4.832899823655620319e-01 3.303565225448641396e-01 5.293855414639183632e-01 6.736632274951812605e-01 4.296905496715812678e-01 4.415287547385934874e-01 1.410194358236739332e-01 3.781295559799909278e-01 8.011250007181329735e-01 3.094401930302094206e-01
8.038875599394423865e-01 5.118994448580295176e-01 4.698775259732311249e-01 5.181689747476856400e-01 4.044492957292309399e-01 6.196246865062938758e-01 8.572874888409771632e-01 1.522429897932856546e-01 8.228726305395004381e-01 8.250556169882590218e-01 5.165757789566903790e-01 3.387231213107759764e-01 3.781665770344486699e-01 7.017266891386011451e-01 4.001681070627287062e-01 7.305904661517810261e-01 0.000000000000000000e+00 7.783115243217268997e-01 7.278615896685225461e-01 6.742686133251505343e-01 3.855340623300463343e-01 5.287255705256785898e-01 4.594769868489638198e-01 5.496257930231378541e-01 6.413158282983507652e-01 6.871256083050432117e-01 3.955136059772735302e-01 5.226526657523163921e-01 2.119876830192330419e-01 3.463840833778953909e-01 2.918818989067828440e-01 4.377128866108805361e-01 4.801602708791761764e-01 3.088643300593861829e-01 7.464548307395728610e-01
7.542998399777723906e-01 5.792447750290939945e-01 5.228982461107500868e-01 2.644693328882109506e-01 3.434021742271019528e-01 4.442716818811529578e-01 3.703443038997958348e-01 5.590582727594632928e-01 5.497793731569433628e-01 4.147675962078037903e-01 6.179592219154418364e-01 6.060417904002218803e-01 7.153931459620614941e-01 5.723283424678060616e-01 6.567024857058050280e-01 2.471448803650023729e-01 7.783115243217268997e-01 0.000000000000000000e+00 4.808601835892927778e-01 2.572508138672184863e-01 6.298907396505264433e-01 7.005024562323942661e-01 4.060428528206943555e-01 1.395638839172248513e-01 6.025689337720202543e-01 2.439193111835985528e-01 7.229522022105653312e-01 6.004034374435177623e-01 2.128387639398989784e-01 3.001567800724107560e-01 5.663100186513646550e-01 8.187214851994362164e-01 5.142746175249067742e-01 1.569855368322115030e-01 6.210003961747071477e-01
2.486447731587252408e-01 4.155913582696501019e-01 5.039509047807624320e-01 6.664327280941327869e-01 4.609685194110147988e-01 3.868580069924061338e-01 8.588981864967248914e-01 6.503705347958097516e-01 7.117528393276459919e-01 7.062555911857104629e-01 6.201076668679055270e-01 1.731619448630167257e-01 9.523429698575538449e-01 7.287301487026437430e-01 4.198693283686480426e-01 4.880428789778595844e-01 7.278615896685225461e-01 4.808601835892927778e-01 0.000000000000000000e+00 3.518919611332157471e-01 4.253558594224661760e-01 4.612528755458347174e-01 5.699137867568440097e-01 8.894386324688989820e-01 3.487384150866171817e-01 4.167501422775895525e-01 4.958098412944336730e-01 4.013233854863103023e-01 5.586986256736181655e-01 5.935512709850894186e-01 6.981551970524415562e-01 9.095689111964068152e-01 7.759325424100531610e-01 5.473983413378608054e-01 5.260449335394570269e-01
4.554610877649252210e-01 6.054993081227060259e-01 7.532140947478023207e-01 2.759406681674211326e-01 4.337193665644500928e-02 6.657890574340035172e-01 5.326376183146016574e-01 2.347229118385890101e-01 7.029052663975667858e-01 4.070288485571506021e-01 6.274469406054862253e-01 5.080355692013175384e-01 4.480892864892010441e-01 1.857443812198427135e-01 7.003966175971383379e-01 3.645309523680199115e-01 6.742686133251505343e-01 2.572508138672184863e-01 3.518919611332157471e-01 0.000000000000000000e+00 3.571506187053585801e-01 5.247934737659467608e-01 6.705523376212524367e-01 7.938820219745663653e-01 5.654014236994600040e-01 4.894905989084225584e-01 5.514687425583311153e-01 5.255484993489363266e-01 2.090244234885967334e-01 3.793343946425079549e-01 5.344008818318609633e-01 2.910942158082431841e-01 8.541982146268849441e-01 4.582265805634348488e-01 5.017423379013297158e-01
2.506548360227199845e-01 9.234044710046316329e-01 7.573528030100180608e-01 4.137436003102483717e-01 4.010921637417770302e-01 6.877198518519345161e-01 6.749831390708292966e-01 8.632785272332046400e-01 2.682078695944745128e-01 7.305141624767517161e-01 3.924124573004237337e-01 6.194566190133790062e-01 5.149173642396009942e-01 4.467923654721131510e-01 6.130155549095797074e-01 7.081428108477004768e-01 3.855340623300463343e-01 6.298907396505264433e-01 4.253558594224661760e-01 3.571506187053585801e-01 0.000000000000000000e+00 4.500084943776256896e-01 9.483485034744520981e-01 3.036691314875545333e-01 5.688922555732043307e-01 1.774100843502555147e-01 5.318808194905511044e-01 7.461595338305653247e-01 4.602197095499502844e-01 4.486922725558468716e-01 5.012090748331832213e-01 6.075180587491920692e-01 4.848588758517699548e-01 4.431011237603219022e-01 5.570747555352925096e-01
2.695382961738218008e-01 5.544606976423094302e-01 2.223183700385316097e-01 4.896282372464114130e-01 7.444071216950909342e-01 3.908765266830646068e-01 1.948687734644330982e-01 6.900192012691264143e-01 7.879904234858075007e-01 8.324521672013101004e-01 2.314383135527726676e-01 4.410766718307825851e-01 2.119362931544439554e-01 4.428818682686929131e-01 5.611393982026964267e-01 7.222684317294145728e-01 5.287255705256785898e-01 7.005024562323942661e-01 4.612528755458347174e-01 5.247934737659467608e-01 4.500084943776256896e-01 0.000000000000000000e+00 3.941693104268010894e-01 5.479771926577642338e-01 2.205592915781917629e-02 4.630096367269268542e-01 4.504339561020041516e-01 1.115270088349804567e-01 2.387852471910167917e-01 5.594841040024400858e-01 2.922061746671882343e-01 1.362232683858661808e-01 5.994973391002089702e-01 5.607070669941849328e-01 5.561758275874562063e-01
3.661372092203146744e-01 4.483636699831032302e-01 6.248233893124395255e-01 7.692865755863576016e-01 2.762128458385472163e-01 2.094205901004390080e-01 5.638838599416717834e-02 6.503049211578011413e-01 7.208795179400946385e-01 1.540997079108263335e-01 6.030331076820585334e-01 3.706951325865997515e-01 4.924110738119664155e-01 4.702607798655800142e-01 6.324610276991730062e-01 4.446675584743399190e-01 4.594769868489638198e-01 4.060428528206943555e-01 5.699137867568440097e-01 6.705523376212524367e-01 9.483485034744520981e-01 3.941693104268010894e-01 0.000000000000000000e+00 2.032676028597890650e-02 3.424755230215518753e-01 6.353420539827091540e-01 5.870404058463087882e-01 5.264511608606610160e-01 2.218070666568686677e-01 3.300138661790842920e-01 7.429702740223296242e-01 2.592352739651730964e-01 2.199492602105729278e-01 3.027993905210337733e-01 3.127208582052346530e-01
5.241104031837657828e-01 4.309340365263588102e-01 8.221356908198496072e-02 2.798027623706722533e-01 5.851988366669620412e-01 2.410983361282530435e-01 4.725218266448188986e-01 6.184193413846207354e-01 5.031634781610334617e-01 4.541047970291759439e-01 3.910094966315681431e-01 4.749978437426753963e-01 6.438063703567578067e-01 3.587890235189223342e-01 3.441213632500701447e-01 5.851167025674440803e-01 5.496257930231378541e-01 1.395638839172248513e-01 8.894386324688989820e-01 7.938820219745663653e-01 3.036691314875545333e-01 5.479771926577642338e-01 2.032676028597890650e-02 0.000000000000000000e+00 5.731673587507187806e-01 5.987933900400292941e-01 4.946666007687277600e-01 5.628073591156915745e-01 7.548226945284846057e-01 5.990209324587720818e-01 1.436020431681439558e-02 9.425573017735171533e-01 7.926797384856034689e-01 7.615249573401287053e-01 1.443217979238818893e-01
5.506853930023951627e-01 6.437394925822224057e-01 8.434263494706086828e-01 4.656847760970382888e-01 5.527968700276848502e-01 3.257063508243541738e-01 5.558674324637746800e-02 6.668986932408386137e-01 2.798059754848379876e-01 5.200330679417610735e-01 5.537471711882584469e-01 7.193602358724007217e-01 4.383558032322361631e-01 3.976752393028565313e-01 7.937357838468392934e-01 5.060049411019760246e-01 6.413158282983507652e-01 6.025689337720202543e-01 3.487384150866171817e-01 5.654014236994600040e-01 5.688922555732043307e-01 2.205592915781917629e-02 3.424755230215518753e-01 5.731673587507187806e-01 0.000000000000000000e+00 4.044459551948942910e-01 9.424832331292142262e-01 3.313399696578782638e-01 3.142816926253854115e-01 2.967507036434627876e-01 6.814440508037259425e-01 5.247735339152650447e-01 4.210451632634308328e-01 5.470237301676531549e-01 7.943132294121695303e-01
1.618635498010377871e-01 3.452266518021406272e-01 3.804447774115354841e-01 9.416041464491775592e-01 4.703249699456670818e-01 3.773267169389492581e-01 7.198167846544405446e-01 5.034332134482280008e-01 4.026714466961308081e-01 3.865527721777589076e-01 8.398108211371435594e-01 4.339328762071711920e-01 7.223664763230519537e-01 7.376245632991695889e-01 9.312757113560727884e-01 4.832899823655620319e-01 6.871256083050432117e-01 2.439193111835985528e-01 4.167501422775895525e-01 4.894905989084225584e-01 1.774100843502555147e-01 4.630096367269268542e-01 6.353420539827091540e-01 5.987933900400292941e-01 4.044459551948942910e-01 0.000000000000000000e+00 4.749991453195337998e-01 5.890528856113264045e-01 3.401840730006212565e-01 4.288436638522475919e-01 4.597538141865476491e-01 6.564723368162406203e-02 7.333303759816205414e-01 4.127954219513109702e-01 1.895533781468302648e-01
4.708587697429526542e-01 3.016400784793555889e-01 5.285860292704280816e-01 3.325031546113675907e-01 7.769270276323680946e-01 7.036496057660825976e-01 7.778374590607181061e-01 3.882687263655491550e-01 3.077617807906750103e-01 2.724678056117648128e-01 7.403198416483720568e-01 8.680763877982718979e-01 7.606424645289531217e-01 7.799816783074434712e-01 2.761877101342440355e-01 3.303565225448641396e-01 3.955136059772735302e-01 7.229522022105653312e-01 4.958098412944336730e-01 5.514687425583311153e-01 5.318808194905511044e-01 4.504339561020041516e-01 5.870404058463087882e-01 4.946666007687277600e-01 9.424832331292142262e-01 4.749991453195337998e-01 0.000000000000000000e+00 3.104917949980924297e-01 3.444921733016992338e-01 4.508625842299346376e-01 3.682595493879720072e-01 5.771143755333545400e-01 3.763175123971563840e-01 7.218574391780465671e-01 6.987355775073819109e-01
4.218918146744363162e-01 7.223431643717691530e-01 7.709401130496860155e-01 4.616441630847651911e-01 8.842311195286367553e-01 7.364033831982907952e-02 1.101207872770976204e-01 6.257447455386001556e-01 7.197246742855176738e-01 2.846316968510225753e-01 5.528325353374264894e-01 6.581356618294609273e-01 2.981507457472523104e-01 8.657962206819207474e-01 1.262597297360045223e-01 5.293855414639183632e-01 5.226526657523163921e-01 6.004034374435177623e-01 4.013233854863103023e-01 5.255484993489363266e-01 7.461595338305653247e-01 1.115270088349804567e-01 5.264511608606610160e-01 5.628073591156915745e-01 3.313399696578782638e-01 5.890528856113264045e-01 3.104917949980924297e-01 0.000000000000000000e+00 3.104586463572414079e-01 4.603286086387059495e-01 3.168024506919171479e-01 4.221080434280570781e-01 7.257850830148135923e-01 5.124942515493364770e-01 3.377044903309734947e-01
6.517950192477153237e-01 4.970214927689398099e-01 8.461533276914268153e-01 8.289328021663470158e-01 5.194185061470406595e-01 7.930075443968092053e-01 7.361562772776746311e-01 5.857006953725925058e-01 6.218071563961280468e-02 4.805002925512676937e-01 6.276607446687538783e-01 7.691216497465842572e-01 7.134467357004242727e-01 5.280088300815637403e-01 5.105946837660961801e-01 6.736632274951812605e-01 2.119876830192330419e-01 2.128387639398989784e-01 5.586986256736181655e-01 2.090244234885967334e-01 4.602197095499502844e-01 2.387852471910167917e-01 2.218070666568686677e-01 7.548226945284846057e-01 3.142816926253854115e-01 3.401840730006212565e-01 3.444921733016992338e-01 3.104586463572414079e-01 0.000000000000000000e+00 7.875249667829717914e-01 8.184832929467389384e-01 6.490826459672172088e-01 5.695083303082871806e-01 4.745435301426175201e-01 5.327899475367161575e-01
2.812313510633237534e-01 5.077755274241673167e-01 1.476894499298309626e-01 6.173562963112144697e-01 1.449606261942499863e-01 7.498413636921523739e-01 5.422477407624131107e-01 3.161820947774939272e-01 3.611469653050686790e-01 5.916623182696483241e-01 5.368880027505489316e-01 7.075957265160541798e-01 1.682199542649801538e-01 6.067130715632631510e-01 2.845500569775361588e-01 4.296905496715812678e-01 3.463840833778953909e-01 3.001567800724107560e-01 5.935512709850894186e-01 3.793343946425079549e-01 4.486922725558468716e-01 5.594841040024400858e-01 3.300138661790842920e-01 5.990209324587720818e-01 2.967507036434627876e-01 4.288436638522475919e-01 4.508625842299346376e-01 4.603286086387059495e-01 7.875249667829717914e-01 0.000000000000000000e+00 5.203718848225169502e-01 4.785495019394548355e-01 7.262016497713541519e-01 2.410719846305346969e-01 7.866036640236018229e-01
6.498952058804079446e-01 2.331642466683967463e-01 3.870652984096852878e-01 8.374719432457629065e-01 3.407710967920656864e-01 4.305585540384754273e-01 6.951046156911098173e-01 4.785968391220389861e-01 4.960822711430212806e-02 4.885375098689029305e-01 5.556031341729423811e-01 1.382571885083694330e-01 2.698571059037134789e-01 9.210561238996584077e-01 2.579012278886338994e-01 4.415287547385934874e-01 2.918818989067828440e-01 5.663100186513646550e-01 6.981551970524415562e-01 5.344008818318609633e-01 5.012090748331832213e-01 2.922061746671882343e-01 7.429702740223296242e-01 1.436020431681439558e-02 6.814440508037259425e-01 4.597538141865476491e-01 3.682595493879720072e-01 3.168024506919171479e-01 8.184832929467389384e-01 5.203718848225169502e-01 0.000000000000000000e+00 3.799659091708667003e-01 4.355878899480890576e-01 1.433981392700015567e-01 5.125528101608842757e-01
6.494282988611514984e-01 7.500325582455739104e-01 5.078466094754421345e-01 7.079233342742963231e-01 7.564313884682479783e-01 6.871535966116690819e-01 3.515763067622493798e-01 7.630673527074458562e-01 5.478108528224989726e-01 2.548659310847634085e-01 1.507371934667809388e-01 6.624155557736746136e-01 2.564190654572142125e-01 5.836458079355981710e-01 1.747516470912240383e-01 1.410194358236739332e-01 4.377128866108805361e-01 8.187214851994362164e-01 9.095689111964068152e-01 2.910942158082431841e-01 6.075180587491920692e-01 1.362232683858661808e-01 2.592352739651730964e-01 9.425573017735171533e-01 5.247735339152650447e-01 6.564723368162406203e-02 5.771143755333545400e-01 4.221080434280570781e-01 6.490826459672172088e-01 4.785495019394548355e-01 3.799659091708667003e-01 0.000000000000000000e+00 6.005261514511039955e-01 6.157199641681354585e-01 3.904725061292461108e-01
2.548269239972594802e-01 2.340519262602415718e-01 2.069413282235643692e-01 1.571347017615738473e-01 3.730216699392920887e-01 5.049988266123559555e-01 2.825938657781594254e-01 5.774058020928428681e-01 1.988611441563680748e-01 4.358195603508384641e-01 4.472362676340216892e-01 8.832232110377462586e-01 9.207519088368352200e-01 5.701445933853219739e-01 8.653800223149776816e-01 3.781295559799909278e-01 4.801602708791761764e-01 5.142746175249067742e-01 7.759325424100531610e-01 8.541982146268849441e-01 4.848588758517699548e-01 5.994973391002089702e-01 2.199492602105729278e-01 7.926797384856034689e-01 4.210451632634308328e-01 7.333303759816205414e-01 3.763175123971563840e-01 7.257850830148135923e-01 5.695083303082871806e-01 7.262016497713541519e-01 4.355878899480890576e-01 6.005261514511039955e-01 0.000000000000000000e+00 9.133536913305619898e-01 6.498435530561619267e-01
4.990621372815725043e-01 3.806805855763767954e-01 3.788365004887676579e-01 8.206452224136066009e-01 5.728668258769149535e-01 5.515935193086972665e-01 7.617960438442262783e-01 1.580748875008553544e-01 4.385309787428558481e-01 7.274114729573667448e-01 7.427252286893977207e-01 8.785146219266073420e-01 6.030468030667266444e-01 6.011943735044075199e-01 4.213135325159996780e-01 8.011250007181329735e-01 3.088643300593861829e-01 1.569855368322115030e-01 5.473983413378608054e-01 4.582265805634348488e-01 4.431011237603219022e-01 5.607070669941849328e-01 3.027993905210337733e-01 7.615249573401287053e-01 5.470237301676531549e-01 4.127954219513109702e-01 7.218574391780465671e-01 5.124942515493364770e-01 4.745435301426175201e-01 2.410719846305346969e-01 1.433981392700015567e-01 6.157199641681354585e-01 9.133536913305619898e-01 0.000000000000000000e+00 8.407127230973672205e-01
5.250130925491118816e-01 7.164789026380358195e-01 2.058058306439496388e-01 9.357583561717686127e-02 7.327068150150263248e-01 5.598183339794086111e-01 1.815850988957611323e-01 5.210338180062484836e-01 3.554570521970694674e-01 4.586784680917097567e-01 6.692969669291627399e-01 3.261394067756256954e-01 1.956254692665162498e-01 7.660273741001284442e-01 6.160803448181224606e-01 3.094401930302094206e-01 7.464548307395728610e-01 6.210003961747071477e-01 5.260449335394570269e-01 5.017423379013297158e-01 5.570747555352925096e-01 5.561758275874562063e-01 3.127208582052346530e-01 1.443217979238818893e-01 7.943132294121695303e-01 1.895533781468302648e-01 6.987355775073819109e-01 3.377044903309734947e-01 5.327899475367161575e-01 7.866036640236018229e-01 5.125528101608842757e-01 3.904725061292461108e-01 6.498435530561619267e-01 8.407127230973672205e-01 0.000000000000000000e+00
