0.000000000000000000e+00 6.672545120307187272e-01 4.488911716604669921e-01 5.289718868391154460e-01 7.179362129428790151e-01 3.810034415520147655e-01 5.524026536293601408e-01 1.946214419696208342e-01 6.174178077431067280e-01 4.615814074266451073e-01 1.771326933440625639e-01 1.763304931429174882e-01 3.089266517004021217e-01 8.097215822888157444e-01 5.942162944702835681e-01 8.029365158854515627e-01 7.965045276043773992e-01 5.889568446137753988e-01 1.149410204210060127e-01 9.510375077169683777e-01 7.450183334074931274e-01 7.616192071004792563e-01 8.305141524984197554e-01 4.161606489574639633e-01 8.142824270272643883e-01 7.538898522790812295e-01 7.337636039604202853e-01 8.143902442061243807e-01 6.231056550794011883e-01 4.376387351326427311e-01 8.379582002793505291e-01 2.769578751715154885e-01 8.323626359331308677e-01 4.525742100199651174e-01 4.669873772520387045e-01
6.672545120307187272e-01 0.000000000000000000e+00 5.232289238028072775e-01 8.703231201338607059e-02 6.917727588589264176e-01 4.365357838759174047e-01 7.694704431497814134e-01 7.982495268129172761e-01 5.660804605147058410e-01 3.425653912907639098e-01 4.234165271782305284e-01 5.848270836269022777e-01 2.587772922549044230e-01 3.204898933444700893e-01 6.609785110761933202e-01 4.707258674356613604e-01 3.478719204015712219e-01 5.117771934504392606e-01 5.133040903777175146e-01 6.339304119370822166e-01 5.032388921317534347e-01 3.733343580886163693e-01 5.782720622964631074e-01 4.875237164404356838e-01 7.396543982643706272e-01 3.740124394845233957e-01 4.973958695134375052e-01 4.144951827721347071e-01 6.884863605625727301e-01 2.925962044538246154e-01 4.991364123352899362e-01 1.948266859856168098e-01 7.054798578229722894e-01 7.178427457579685811e-01 8.849533273538738865e-01
4.488911716604669921e-01 5.232289238028072775e-01 0.000000000000000000e+00 8.656656215783564701e-01 6.804846457795383774e-01 1.847081090665251280e-01 7.085196897085064283e-01 6.341365679389927568e-01 8.609526518571184450e-01 4.546908919329180065e-01 3.503089974301258902e-01 5.986169751600565192e-01 5.006347835717761541e-01 5.702234646982701216e-01 3.642899961375708484e-01 4.255962532812815335e-01 2.524138380301114148e-01 4.001515754992799878e-01 4.502043188036251586e-01 3.916453398214520543e-01 8.314930945921941152e-01 5.674941462403625403e-01 4.204313699544217631e-01 3.788368081565050005e-01 4.413284194157001128e-01 3.922429878880516751e-01 6.631837505620410411e-01 4.910593098722715877e-01 5.111789652395578587e-01 5.446301445400001384e-01 5.140747992387701970e-01 8.985432949623632926e-01 1.483907858787658629e-01 9.483763712994108808e-01 5.020863414214651321e-01
5.289718868391154460e-01 8.703231201338607059e-02 8.656656215783564701e-01 0.000000000000000000e+00 7.173564883214939014e-01 2.628955384561718622e-01 8.587000463623151170e-02 2.599178177664603351e-01 7.738413224170125337e-01 2.968306479130687903e-01 9.245982912728887282e-01 6.782066886615771839e-01 4.077546895991955855e-01 7.670045429799086101e-01 5.093161227050388984e-01 8.745974103803287880e-01 7.792968390259668032e-01 4.948437197078066618e-01 1.413043026758425968e-01 5.729384488470677939e-01 7.916930973762230650e-01 4.316923967655255101e-01 8.719866998157668192e-01 5.491363941114107972e-01 7.655142673276106313e-01 8.602733117908900606e-01 3.693222202569986790e-01 5.836096988544494657e-01 7.552064165502090365e-01 3.727776369235366039e-01 8.590572008349924849e-01 7.738703753550184583e-01 4.253027739943956442e-01 7.777014104870161315e-01 5.321533547514479823e-01
7.179362129428790151e-01 6.917727588589264176e-01 6.804846457795383774e-01 7.173564883214939014e-01 0.000000000000000000e+00 4.178800074738687198e-01 7.167103560156229403e-01 6.271923149743192649e-01 4.623230493665250740e-01 5.450427228708316640e-01 3.035306588027966712e-01 6.357818006562545587e-01 9.501349540531391913e-01 3.303777262476516041e-01 2.010069871863947588e-01 5.035534346297232400e-01 2.816954389219228361e-01 9.272517125116134240e-01 4.499270145930511777e-01 7.434449603001977991e-01 5.669244566765282434e-01 8.727187093752539759e-01 7.027596605055626000e-01 3.417420467962755115e-01 9.110471701667577360e-01 6.614329878033268217e-01 3.528720733022572831e-01 8.813396562562767489e-01 7.284985737550805363e-01 7.764414572634678047e-01 5.257662003637819659e-01 3.733589757258621855e-01 4.564781673851698307e-01 8.504366012771242822e-01 4.553041016579937872e-01
3.810034415520147655e-01 4.365357838759174047e-01 1.847081090665251280e-01 2.628955384561718622e-01 4.178800074738687198e-01 0.000000000000000000e+00 6.874113318041950027e-01 3.166255984289041425e-01 2.679328434317544971e-01 5.518619214935431838e-01 8.676549050396742402e-01 8.160702224470187671e-01 4.310186486799251759e-01 4.307431464327804993e-01 3.389624269888381614e-01 6.673912439167892785e-01 6.578712846841179296e-01 2.528985096984457392e-01 6.971387352793249059e-01 2.641801001497185997e-01 3.368525818286538520e-01 8.998896844722840127e-01 5.631084454910892934e-01 9.631868808539622018e-01 9.208286892032485627e-01 4.078130733173391809e-01 4.153139879332061746e-01 4.992801178384709271e-01 3.472665751059058614e-01 1.574451777661890484e-01 5.830809946773201080e-01 1.082576441555763713e-01 7.037379679476646333e-01 5.326056961236618204e-01 6.008207360550278375e-01
5.524026536293601408e-01 7.694704431497814134e-01 7.085196897085064283e-01 8.587000463623151170e-02 7.167103560156229403e-01 6.874113318041950027e-01 0.000000000000000000e+00 8.268782565196042267e-01 6.143493509817539167e-01 7.591344205226779884e-01 5.963448214866534647e-01 4.156598208833805486e-01 8.193741425256937383e-01 5.456415471900013525e-01 4.882008527496844441e-01 5.062126675896294614e-01 6.501103729490891325e-01 3.521639504892400963e-01 1.109944119494247206e-01 5.765760709307301557e-01 9.534084903104522724e-02 5.454050830982666298e-01 8.251464630032669945e-01 5.754328208416936707e-01 5.242669099593975091e-01 3.848545623408298200e-01 8.791992338438354704e-01 2.134793970007466957e-01 3.394785703803514521e-01 1.944576555912833071e-01 4.857481136599780536e-01 4.484137677955434831e-01 4.331191601622466636e-01 4.397012582062069241e-01 5.084893621996553481e-01
1.946214419696208342e-01 7.982495268129172761e-01 6.341365679389927568e-01 2.599178177664603351e-01 6.271923149743192649e-01 3.166255984289041425e-01 8.268782565196042267e-01 0.000000000000000000e+00 5.097777220570431922e-01 2.189221836504006702e-01 6.455810287765900712e-01 4.298370478621007518e-01 5.356005643755863410e-01 7.220013121964330427e-01 5.809289018408270167e-01 5.193148649689185437e-01 8.481303910366120302e-01 4.752760736947198583e-01 8.808607698552389786e-01 4.625086345533194199e-01 4.515234712537433692e-01 2.884627440462866343e-01 3.650900036137081361e-01 2.948665278864749384e-01 5.525152463920648405e-01 4.716604154641814151e-01 8.320652570074622556e-01 8.734075159236278640e-01 8.529419168416316754e-01 8.392760898895029742e-01 6.773938374980703614e-02 6.823764320418941320e-01 4.098413063435346615e-01 1.372359670977745250e-01 8.155172701657338319e-01
6.174178077431067280e-01 5.660804605147058410e-01 8.609526518571184450e-01 7.738413224170125337e-01 4.623230493665250740e-01 2.679328434317544971e-01 6.143493509817539167e-01 5.097777220570431922e-01 0.000000000000000000e+00 5.400284083131259294e-01 4.451413135960124445e-01 6.000115628988623717e-01 3.971661141286753627e-01 6.553605227977560288e-01 4.882559421810543920e-01 6.349709013135482749e-01 1.458897907898911717e-01 4.047290746383104265e-01 3.942031666185414895e-01 3.832389103587158785e-01 1.545845499463204265e-01 6.581794688234955393e-01 8.282351334055040315e-01 4.798073885757828116e-01 5.162657437063837840e-01 6.926593181476672356e-01 7.997033259024490803e-01 5.933473370197593910e-01 5.079714951080174234e-01 2.598113172099952295e-01 6.465959014034446950e-01 5.649104237840937293e-01 3.387968095609425467e-01 6.914836662915451182e-01 8.486554818027169933e-01
4.615814074266451073e-01 3.425653912907639098e-01 4.546908919329180065e-01 2.968306479130687903e-01 5.450427228708316640e-01 5.518619214935431838e-01 7.591344205226779884e-01 2.189221836504006702e-01 5.400284083131259294e-01 0.000000000000000000e+00 3.749381829104009856e-01 4.666905014913908523e-01 4.543277519417902588e-01 2.515758008182189531e-01 3.771054620526739787e-01 6.875183012685115447e-01 5.559700848021370545e-01 6.860010747280751442e-01 6.876846959742750620e-01 7.079592587683674054e-01 5.557068647813475648e-01 4.194558855096319205e-01 4.773324770853018539e-01 3.443563341722332138e-01 4.551960691961062233e-01 5.264108366143342987e-01 6.818268929735691319e-01 3.306145046223378792e-01 8.040609313480500120e-01 5.024874770095855148e-01 5.414125007899481812e-01 6.291517078569296428e-01 3.057202255108594224e-01 7.367138578776766256e-01 8.061044740331697600e-01
1.771326933440625639e-01 4.234165271782305284e-01 3.503089974301258902e-01 9.245982912728887282e-01 3.035306588027966712e-01 8.676549050396742402e-01 5.963448214866534647e-01 6.455810287765900712e-01 4.451413135960124445e-01 3.749381829104009856e-01 0.000000000000000000e+00 5.106190149498170960e-01 5.089274978224733736e-01 2.115365281022351107e-01 5.652249176957275800e-01 6.552261405945007944e-01 1.579250956187325805e-01 5.041916842529844400e-01 8.454538993721147921e-01 7.293653385694298663e-01 5.252890324238708164e-01 8.563551139440934712e-01 6.570761407327772030e-01 7.595316960193040368e-01 4.125539171409727812e-01 3.821453533411793835e-01 6.816242293630929705e-01 6.730890191542311385e-01 5.874817182821825412e-01 3.531016561308540358e-01 5.750481350172409467e-01 6.304954492144827505e-01 2.650134006643781737e-01 7.244264038262101524e-01 4.425378315992981593e-01
1.763304931429174882e-01 5.848270836269022777e-01 5.986169751600565192e-01 6.782066886615771839e-01 6.357818006562545587e-01 8.160702224470187671e-01 4.156598208833805486e-01 4.298370478621007518e-01 6.000115628988623717e-01 4.666905014913908523e-01 5.106190149498170960e-01 0.000000000000000000e+00 3.004542926302317118e-01 4.274780461191470815e-01 6.657729597832934276e-01 5.191160104787073681e-01 3.875079925169410133e-01 4.736358455897031750e-01 5.073665086674838953e-01 9.014785133807741158e-01 4.220931705585626026e-01 5.388407626353082236e-01 5.574445259472052827e-01 4.120949987258352154e-01 1.180130300345474392e-01 1.360088136160451100e-01 5.277221054605971684e-01 4.603015730771067293e-01 9.408528499370155673e-01 9.681403905343848315e-01 8.127591178355804136e-01 8.021817100517105725e-01 4.650550973315465964e-01 5.113825694399780630e-01 7.512757445852558114e-02
3.089266517004021217e-01 2.587772922549044230e-01 5.006347835717761541e-01 4.077546895991955855e-01 9.501349540531391913e-01 4.310186486799251759e-01 8.193741425256937383e-01 5.356005643755863410e-01 3.971661141286753627e-01 4.543277519417902588e-01 5.089274978224733736e-01 3.004542926302317118e-01 0.000000000000000000e+00 8.866518788722278499e-01 2.074468868806427224e-01 4.687188992512592023e-01 6.818765310606329511e-01 7.763131035268067137e-01 3.739486289388929130e-01 8.976687041338482498e-01 3.760858767588575180e-01 8.690155088154483121e-01 3.498115187831412065e-01 5.965260729442303234e-01 4.398696347624133640e-01 6.604377704939901061e-02 4.801931334676615148e-01 4.671984663166420804e-01 6.748330810424689741e-01 8.328802714228490389e-01 4.715904790146723258e-01 4.607777523842199185e-01 7.916817593748161075e-01 3.333524485867207510e-01 5.384076849714123369e-01
8.097215822888157444e-01 3.204898933444700893e-01 5.702234646982701216e-01 7.670045429799086101e-01 3.303777262476516041e-01 4.307431464327804993e-01 5.456415471900013525e-01 7.220013121964330427e-01 6.553605227977560288e-01 2.515758008182189531e-01 2.115365281022351107e-01 4.274780461191470815e-01 8.866518788722278499e-01 0.000000000000000000e+00 5.007742213438559631e-01 4.319509673714334586e-01 2.459268467437463468e-01 3.792117814881695859e-01 4.383789979986867369e-01 2.308137561809687210e-01 6.462126548863265096e-01 5.415141043839201140e-01 6.844115497811082971e-01 4.519804005547232162e-01 6.923921402301490557e-01 5.005951853938869212e-01 5.417817067236445627e-01 2.158394395427566392e-01 1.766080122020592391e-01 6.347076917815231978e-01 6.590724264186955672e-01 6.911578992693822032e-01 8.704343849062541327e-01 6.596134883880733213e-01 3.484767347364439161e-01
5.942162944702835681e-01 6.609785110761933202e-01 3.642899961375708484e-01 5.093161227050388984e-01 2.010069871863947588e-01 3.389624269888381614e-01 4.882008527496844441e-01 5.809289018408270167e-01 4.882559421810543920e-01 3.771054620526739787e-01 5.652249176957275800e-01 6.657729597832934276e-01 2.074468868806427224e-01 5.007742213438559631e-01 0.000000000000000000e+00 4.240585672450761234e-01 3.770838062108653466e-01 3.366514459028024930e-02 4.723176890794827942e-01 1.055957922498056423e-01 7.081598014145802367e-01 5.399794983512589130e-01 4.880240360817254541e-01 4.748892691506217956e-01 8.375170909608488090e-01 9.273342436328575467e-01 4.291146313935825241e-01 5.360466799987427811e-01 5.463417862715456153e-01 3.547692571842497311e-01 1.666735598401127838e-01 6.854046288928923314e-01 4.339333812248188926e-01 8.966303165818365617e-01 3.776717022868643081e-01
8.029365158854515627e-01 4.707258674356613604e-01 4.255962532812815335e-01 8.745974103803287880e-01 5.035534346297232400e-01 6.673912439167892785e-01 5.062126675896294614e-01 5.193148649689185437e-01 6.349709013135482749e-01 6.875183012685115447e-01 6.552261405945007944e-01 5.191160104787073681e-01 4.687188992512592023e-01 4.319509673714334586e-01 4.240585672450761234e-01 0.000000000000000000e+00 4.659365685777848709e-01 3.888610212868653937e-01 4.617640231713393550e-01 5.127342914043844235e-01 2.657517135416888054e-01 4.833902939116521136e-01 4.122824622426090602e-01 9.423428355634808629e-01 5.932638614336072092e-01 3.939056031104541944e-01 8.275301269605778165e-01 4.098006451143093032e-01 4.784678510124643624e-01 6.673078916952845940e-02 7.602196010214190558e-01 7.345119977043969017e-01 4.663212575913375790e-01 6.568769559213191167e-01 8.576211236542790051e-01
7.965045276043773992e-01 3.478719204015712219e-01 2.524138380301114148e-01 7.792968390259668032e-01 2.816954389219228361e-01 6.578712846841179296e-01 6.501103729490891325e-01 8.481303910366120302e-01 1.458897907898911717e-01 5.559700848021370545e-01 1.579250956187325805e-01 3.875079925169410133e-01 6.818765310606329511e-01 2.459268467437463468e-01 3.770838062108653466e-01 4.659365685777848709e-01 0.000000000000000000e+00 7.858205000431197629e-01 7.490294011889099268e-01 5.211848642827188183e-01 1.456312589377223299e-01 8.983747029163382525e-01 7.337027103969484543e-02 5.408312876693768256e-01 7.298490974689619826e-01 8.521906393532887591e-01 7.569028661485636134e-01 3.542757443913601145e-01 2.828569175892105547e-01 4.474538683668812244e-01 5.297643629947965671e-01 7.408901072687457123e-01 2.570818705887503164e-01 4.053403639165855665e-01 6.109677771630585008e-01
5.889568446137753988e-01 5.117771934504392606e-01 4.001515754992799878e-01 4.948437197078066618e-01 9.272517125116134240e-01 2.528985096984457392e-01 3.521639504892400963e-01 4.752760736947198583e-01 4.047290746383104265e-01 6.860010747280751442e-01 5.041916842529844400e-01 4.736358455897031750e-01 7.763131035268067137e-01 3.792117814881695859e-01 3.366514459028024930e-02 3.888610212868653937e-01 7.858205000431197629e-01 0.000000000000000000e+00 6.534124518138444415e-01 5.087271746455479526e-01 5.265562622747167465e-01 3.626848696629736413e-01 9.572772636609034880e-01 5.002172811101883720e-01 1.696447075436826046e-01 6.369063209603731401e-01 9.103336798170480471e-02 5.574594883524631728e-01 6.371863005937979940e-01 2.716816999006307909e-01 2.098180410004722996e-01 8.349053565990223191e-01 1.148388859618023616e-01 9.415284155851449954e-01 6.569376893205363110e-01
1.149410204210060127e-01 5.133040903777175146e-01 4.502043188036251586e-01 1.413043026758425968e-01 4.499270145930511777e-01 6.971387352793249059e-01 1.109944119494247206e-01 8.808607698552389786e-01 3.942031666185414895e-01 6.876846959742750620e-01 8.454538993721147921e-01 5.073665086674838953e-01 3.739486289388929130e-01 4.383789979986867369e-01 4.723176890794827942e-01 4.617640231713393550e-01 7.490294011889099268e-01 6.534124518138444415e-01 0.000000000000000000e+00 6.067171174669290235e-01 6.940509782149656415e-01 5.122056136596492282e-01 7.065497083941494338e-01 3.079067416677644942e-01 5.151409522430474563e-01 5.095091878205610936e-01 6.927230072810630634e-01 8.015120946273545099e-01 5.642045007317366689e-01 4.504087049024254052e-01 6.655363205937427917e-01 5.365416629247785618e-01 4.848707428509990147e-01 8.700021934822590453e-01 7.550672171878789474e-01
9.510375077169683777e-01 6.339304119370822166e-01 3.916453398214520543e-01 5.729384488470677939e-01 7.434449603001977991e-01 2.641801001497185997e-01 5.765760709307301557e-01 4.625086345533194199e-01 3.832389103587158785e-01 7.079592587683674054e-01 7.293653385694298663e-01 9.014785133807741158e-01 8.976687041338482498e-01 2.308137561809687210e-01 1.055957922498056423e-01 5.127342914043844235e-01 5.211848642827188183e-01 5.087271746455479526e-01 6.067171174669290235e-01 0.000000000000000000e+00 7.106997579234086704e-01 5.588175165996336347e-01 2.932150258637520324e-01 8.128074547543771011e-01 6.691327258454619065e-01 1.457816819544129894e-01 6.558772229992836378e-01 2.412859036685801595e-01 6.300146618502417972e-01 5.042259554961466828e-01 7.246673649673240902e-01 7.285676713201463262e-01 6.425474911138331358e-01 6.531516009030353676e-01 4.472294913600447508e-01
7.450183334074931274e-01 5.032388921317534347e-01 8.314930945921941152e-01 7.916930973762230650e-01 5.669244566765282434e-01 3.368525818286538520e-01 9.534084903104522724e-02 4.515234712537433692e-01 1.545845499463204265e-01 5.557068647813475648e-01 5.252890324238708164e-01 4.220931705585626026e-01 3.760858767588575180e-01 6.462126548863265096e-01 7.081598014145802367e-01 2.657517135416888054e-01 1.456312589377223299e-01 5.265562622747167465e-01 6.940509782149656415e-01 7.106997579234086704e-01 0.000000000000000000e+00 7.022158635709057073e-01 2.328385597168618482e-01 8.205981302842499936e-01 7.823082133214745992e-01 5.994065251558973184e-01 4.893599557133030964e-01 5.493929542597464355e-01 1.776112731714555304e-01 4.941287427574700963e-01 6.879355211669788694e-01 7.884408402311976483e-01 1.991755996456143762e-01 7.227962244108865342e-02 4.298871493359354146e-01
7.616192071004792563e-01 3.733343580886163693e-01 5.674941462403625403e-01 4.316923967655255101e-01 8.727187093752539759e-01 8.998896844722840127e-01 5.454050830982666298e-01 2.884627440462866343e-01 6.581794688234955393e-01 4.194558855096319205e-01 8.563551139440934712e-01 5.388407626353082236e-01 8.690155088154483121e-01 5.415141043839201140e-01 5.399794983512589130e-01 4.833902939116521136e-01 8.983747029163382525e-01 3.626848696629736413e-01 5.122056136596492282e-01 5.588175165996336347e-01 7.022158635709057073e-01 0.000000000000000000e+00 7.315323037051073563e-01 5.794298930352743682e-01 7.569436462258107845e-01 8.511095358054767690e-01 9.600013282788941726e-01 2.655395247265922576e-01 3.584566685514427586e-01 6.306836538683490145e-01 2.814416009422212595e-01 4.661755202157076838e-01 6.620539823197707507e-01 6.470471036310756485e-01 5.247487155429604311e-01
8.305141524984197554e-01 5.782720622964631074e-01 4.204313699544217631e-01 8.719866998157668192e-01 7.027596605055626000e-01 5.631084454910892934e-01 8.251464630032669945e-01 3.650900036137081361e-01 8.282351334055040315e-01 4.773324770853018539e-01 6.570761407327772030e-01 5.574445259472052827e-01 3.498115187831412065e-01 6.844115497811082971e-01 4.880240360817254541e-01 4.122824622426090602e-01 7.337027103969484543e-02 9.572772636609034880e-01 7.065497083941494338e-01 2.932150258637520324e-01 2.328385597168618482e-01 7.315323037051073563e-01 0.000000000000000000e+00 6.514418268732228290e-01 5.856413903088957262e-01 7.722945852260980626e-01 5.465816249635699897e-01 4.802048229265479251e-01 8.874087156297449930e-01 1.402534844992499030e-01 7.004786497867467876e-01 7.129019604511678265e-01 6.248054115925522067e-01 3.873885316881431895e-01 4.818298148645281387e-01
4.161606489574639633e-01 4.875237164404356838e-01 3.788368081565050005e-01 5.491363941114107972e-01 3.417420467962755115e-01 9.631868808539622018e-01 5.754328208416936707e-01 2.948665278864749384e-01 4.798073885757828116e-01 3.443563341722332138e-01 7.595316960193040368e-01 4.120949987258352154e-01 5.965260729442303234e-01 4.519804005547232162e-01 4.748892691506217956e-01 9.423428355634808629e-01 5.408312876693768256e-01 5.002172811101883720e-01 3.079067416677644942e-01 8.128074547543771011e-01 8.205981302842499936e-01 5.794298930352743682e-01 6.514418268732228290e-01 0.000000000000000000e+00 3.013148157470800226e-01 8.696688056346986162e-01 4.665713761736471343e-01 4.291901979206809714e-01 4.196916443606223401e-01 2.510752164433354139e-01 2.687154091290536728e-01 2.234856833244882046e-01 9.620768129542778269e-01 8.470106862590011110e-01 2.279895637994633351e-02
8.142824270272643883e-01 7.396543982643706272e-01 4.413284194157001128e-01 7.655142673276106313e-01 9.110471701667577360e-01 9.208286892032485627e-01 5.242669099593975091e-01 5.525152463920648405e-01 5.162657437063837840e-01 4.551960691961062233e-01 4.125539171409727812e-01 1.180130300345474392e-01 4.398696347624133640e-01 6.923921402301490557e-01 8.375170909608488090e-01 5.932638614336072092e-01 7.298490974689619826e-01 1.696447075436826046e-01 5.151409522430474563e-01 6.691327258454619065e-01 7.823082133214745992e-01 7.569436462258107845e-01 5.856413903088957262e-01 3.013148157470800226e-01 0.000000000000000000e+00 6.376475277354438642e-01 1.610488399095214573e-01 7.320492748941809236e-01 4.041760661092167473e-01 5.268215356025373053e-01 9.027035160293355176e-01 4.255860521823974785e-01 4.647393347265365571e-01 5.379178997100655391e-01 3.676502038442513443e-01
7.538898522790812295e-01 3.740124394845233957e-01 3.922429878880516751e-01 8.602733117908900606e-01 6.614329878033268217e-01 4.078130733173391809e-01 3.848545623408298200e-01 4.716604154641814151e-01 6.926593181476672356e-01 5.264108366143342987e-01 3.821453533411793835e-01 1.360088136160451100e-01 6.604377704939901061e-02 5.005951853938869212e-01 9.273342436328575467e-01 3.939056031104541944e-01 8.521906393532887591e-01 6.369063209603731401e-01 5.095091878205610936e-01 1.457816819544129894e-01 5.994065251558973184e-01 8.511095358054767690e-01 7.722945852260980626e-01 8.696688056346986162e-01 6.376475277354438642e-01 0.000000000000000000e+00 4.829743378878608717e-01 8.046256785941477974e-01 4.339142742048538448e-01 5.232454887267867782e-01 7.171775385089590449e-01 8.361249437431206299e-01 3.348368646586046271e-01 6.348076595686128476e-01 8.452076224080508071e-01
7.337636039604202853e-01 4.973958695134375052e-01 6.631837505620410411e-01 3.693222202569986790e-01 3.528720733022572831e-01 4.153139879332061746e-01 8.791992338438354704e-01 8.320652570074622556e-01 7.997033259024490803e-01 6.818268929735691319e-01 6.816242293630929705e-01 5.277221054605971684e-01 4.801931334676615148e-01 5.417817067236445627e-01 4.291146313935825241e-01 8.275301269605778165e-01 7.569028661485636134e-01 9.103336798170480471e-02 6.927230072810630634e-01 6.558772229992836378e-01 4.893599557133030964e-01 9.600013282788941726e-01 5.465816249635699897e-01 4.665713761736471343e-01 1.610488399095214573e-01 4.829743378878608717e-01 0.000000000000000000e+00 5.140695944849072996e-01 6.607311023414436102e-01 3.973956483521530192e-01 4.133497390942459382e-01 1.842404786281298668e-01 6.772782413002821356e-01 4.133324081408159545e-01 3.809833889905896998e-01
8.143902442061243807e-01 4.144951827721347071e-01 4.910593098722715877e-01 5.836096988544494657e-01 8.813396562562767489e-01 4.992801178384709271e-01 2.134793970007466957e-01 8.734075159236278640e-01 5.933473370197593910e-01 3.306145046223378792e-01 6.730890191542311385e-01 4.603015730771067293e-01 4.671984663166420804e-01 2.158394395427566392e-01 5.360466799987427811e-01 4.098006451143093032e-01 3.542757443913601145e-01 5.574594883524631728e-01 8.015120946273545099e-01 2.412859036685801595e-01 5.493929542597464355e-01 2.655395247265922576e-01 4.802048229265479251e-01 4.291901979206809714e-01 7.320492748941809236e-01 8.046256785941477974e-01 5.140695944849072996e-01 0.000000000000000000e+00 6.840193807688872418e-01 5.015164540387884173e-01 2.395194801612956503e-01 1.667284454548420003e-01 6.038964020506120134e-01 6.206412839593666853e-01 1.796325305330054856e-01
6.231056550794011883e-01 6.884863605625727301e-01 5.111789652395578587e-01 7.552064165502090365e-01 7.284985737550805363e-01 3.472665751059058614e-01 3.394785703803514521e-01 8.529419168416316754e-01 5.079714951080174234e-01 8.040609313480500120e-01 5.874817182821825412e-01 9.408528499370155673e-01 6.748330810424689741e-01 1.766080122020592391e-01 5.463417862715456153e-01 4.784678510124643624e-01 2.828569175892105547e-01 6.371863005937979940e-01 5.642045007317366689e-01 6.300146618502417972e-01 1.776112731714555304e-01 3.584566685514427586e-01 8.874087156297449930e-01 4.196916443606223401e-01 4.041760661092167473e-01 4.339142742048538448e-01 6.607311023414436102e-01 6.840193807688872418e-01 0.000000000000000000e+00 7.551280990340701882e-01 5.796200284016186366e-01 6.508115226052939573e-01 7.824648604081211323e-01 3.827481692761998122e-01 4.804635109988864006e-01
4.376387351326427311e-01 2.925962044538246154e-01 5.446301445400001384e-01 3.727776369235366039e-01 7.764414572634678047e-01 1.574451777661890484e-01 1.944576555912833071e-01 8.392760898895029742e-01 2.598113172099952295e-01 5.024874770095855148e-01 3.531016561308540358e-01 9.681403905343848315e-01 8.328802714228490389e-01 6.347076917815231978e-01 3.547692571842497311e-01 6.673078916952845940e-02 4.474538683668812244e-01 2.716816999006307909e-01 4.504087049024254052e-01 5.042259554961466828e-01 4.941287427574700963e-01 6.306836538683490145e-01 1.402534844992499030e-01 2.510752164433354139e-01 5.268215356025373053e-01 5.232454887267867782e-01 3.973956483521530192e-01 5.015164540387884173e-01 7.551280990340701882e-01 0.000000000000000000e+00 4.064169016411333102e-01 8.942359270673949645e-01 3.127336400778277792e-01 6.305535817102723151e-01 4.528313233415926509e-01
8.379582002793505291e-01 4.991364123352899362e-01 5.140747992387701970e-01 8.590572008349924849e-01 5.257662003637819659e-01 5.830809946773201080e-01 4.857481136599780536e-01 6.773938374980703614e-02 6.465959014034446950e-01 5.414125007899481812e-01 5.750481350172409467e-01 8.127591178355804136e-01 4.715904790146723258e-01 6.590724264186955672e-01 1.666735598401127838e-01 7.602196010214190558e-01 5.297643629947965671e-01 2.098180410004722996e-01 6.655363205937427917e-01 7.246673649673240902e-01 6.879355211669788694e-01 2.814416009422212595e-01 7.004786497867467876e-01 2.687154091290536728e-01 9.027035160293355176e-01 7.171775385089590449e-01 4.133497390942459382e-01 2.395194801612956503e-01 5.796200284016186366e-01 4.064169016411333102e-01 0.000000000000000000e+00 6.141168824735248055e-01 8.837961899538367971e-01 7.313708436179117145e-01 6.274703914425527884e-01
2.769578751715154885e-01 1.948266859856168098e-01 8.985432949623632926e-01 7.738703753550184583e-01 3.733589757258621855e-01 1.082576441555763713e-01 4.484137677955434831e-01 6.823764320418941320e-01 5.649104237840937293e-01 6.291517078569296428e-01 6.304954492144827505e-01 8.021817100517105725e-01 4.607777523842199185e-01 6.911578992693822032e-01 6.854046288928923314e-01 7.345119977043969017e-01 7.408901072687457123e-01 8.349053565990223191e-01 5.365416629247785618e-01 7.285676713201463262e-01 7.884408402311976483e-01 4.661755202157076838e-01 7.129019604511678265e-01 2.234856833244882046e-01 4.255860521823974785e-01 8.361249437431206299e-01 1.842404786281298668e-01 1.667284454548420003e-01 6.508115226052939573e-01 8.942359270673949645e-01 6.141168824735248055e-01 0.000000000000000000e+00 5.601950260031622886e-01 4.991669979245227928e-01 3.936021621962328410e-01
8.323626359331308677e-01 7.054798578229722894e-01 1.483907858787658629e-01 4.253027739943956442e-01 4.564781673851698307e-01 7.037379679476646333e-01 4.331191601622466636e-01 4.098413063435346615e-01 3.387968095609425467e-01 3.057202255108594224e-01 2.650134006643781737e-01 4.650550973315465964e-01 7.916817593748161075e-01 8.704343849062541327e-01 4.339333812248188926e-01 4.663212575913375790e-01 2.570818705887503164e-01 1.148388859618023616e-01 4.848707428509990147e-01 6.425474911138331358e-01 1.991755996456143762e-01 6.620539823197707507e-01 6.248054115925522067e-01 9.620768129542778269e-01 4.647393347265365571e-01 3.348368646586046271e-01 6.772782413002821356e-01 6.038964020506120134e-01 7.824648604081211323e-01 3.127336400778277792e-01 8.837961899538367971e-01 5.601950260031622886e-01 0.000000000000000000e+00 5.000918534406478821e-01 9.490936124215432201e-01
4.525742100199651174e-01 7.178427457579685811e-01 9.483763712994108808e-01 7.777014104870161315e-01 8.504366012771242822e-01 5.326056961236618204e-01 4.397012582062069241e-01 1.372359670977745250e-01 6.914836662915451182e-01 7.367138578776766256e-01 7.244264038262101524e-01 5.113825694399780630e-01 3.333524485867207510e-01 6.596134883880733213e-01 8.966303165818365617e-01 6.568769559213191167e-01 4.053403639165855665e-01 9.415284155851449954e-01 8.700021934822590453e-01 6.531516009030353676e-01 7.227962244108865342e-02 6.470471036310756485e-01 3.873885316881431895e-01 8.470106862590011110e-01 5.379178997100655391e-01 6.348076595686128476e-01 4.133324081408159545e-01 6.206412839593666853e-01 3.827481692761998122e-01 6.305535817102723151e-01 7.313708436179117145e-01 4.991669979245227928e-01 5.000918534406478821e-01 0.000000000000000000e+00 5.572743065334873069e-01
4.669873772520387045e-01 8.849533273538738865e-01 5.020863414214651321e-01 5.321533547514479823e-01 4.553041016579937872e-01 6.008207360550278375e-01 5.084893621996553481e-01 8.155172701657338319e-01 8.486554818027169933e-01 8.061044740331697600e-01 4.425378315992981593e-01 7.512757445852558114e-02 5.384076849714123369e-01 3.484767347364439161e-01 3.776717022868643081e-01 8.576211236542790051e-01 6.109677771630585008e-01 6.569376893205363110e-01 7.550672171878789474e-01 4.472294913600447508e-01 4.298871493359354146e-01 5.247487155429604311e-01 4.818298148645281387e-01 2.279895637994633351e-02 3.676502038442513443e-01 8.452076224080508071e-01 3.809833889905896998e-01 1.796325305330054856e-01 4.804635109988864006e-01 4.528313233415926509e-01 6.274703914425527884e-01 3.936021621962328410e-01 9.490936124215432201e-01 5.572743065334873069e-01 0.000000000000000000e+00
