0.000000000000000000e+00 3.354733459873609491e-01 1.249430045835655534e-01 6.142522316077740907e-01 8.067814980706923267e-01 3.399503349406908237e-01 9.137529801826027587e-01 1.718314903482485723e-01 2.060104710832273978e-01 4.187408252962490085e-01 8.994580018888040929e-01 5.045168815732662404e-01 2.619162584325025467e-01 4.100821818205824809e-01 1.993326756989799442e-02 7.195869897376696578e-01 8.425809967080897245e-01 1.961326010237758322e-01 5.356438115631861896e-02 6.492863761465893502e-01 8.046245013589592432e-02 5.576395193887098145e-01 4.582477330056420328e-01 1.823239320044836020e-01 6.415492778140208241e-01 4.652949597043388730e-01 6.655331785348435059e-01 6.526553618343059471e-01 5.091453678128186056e-01 7.131184480487685606e-01 8.212851342094581453e-01 9.494207335896301947e-01 1.672148397821745514e-01 8.844477756986076633e-01 3.961752422278211894e-01
3.354733459873609491e-01 0.000000000000000000e+00 9.068472253259662885e-01 2.976200473264758450e-01 8.746124501982768251e-01 5.871104506102065024e-01 5.031368170165969600e-01 4.479260927175934826e-01 4.229888822763255285e-01 9.695792025875238362e-01 3.339448455943893612e-01 5.759751489393731827e-01 4.809803387403417951e-01 6.442501750376253833e-01 2.435423088079463616e-02 3.616799785364569475e-01 7.077952589556705254e-01 8.242987159197416869e-01 3.939945201131856978e-01 4.931416286027565654e-01 7.255034936680001545e-01 3.858180795692623954e-01 5.290479616929011364e-01 5.598403038776418317e-01 7.619941877187569323e-01 6.621556043787955037e-01 4.304198812391101248e-01 4.409550064257307112e-01 7.800478008211078063e-01 3.490200471592331821e-01 3.045432032439113756e-01 5.462019676885639941e-01 7.900622981835802028e-01 3.783646793874746450e-01 5.385524604628596501e-01
1.249430045835655534e-01 9.068472253259662885e-01 0.000000000000000000e+00 8.339534121277843992e-01 3.417331691229492652e-01 1.343798536203656413e-01 4.123949971507668844e-01 5.536775501055304360e-01 5.292902432720584249e-01 8.882670985827072485e-01 8.653112379813883148e-01 3.112309409783550196e-01 5.765885512105759503e-01 3.667517326457715443e-01 5.752603968038784155e-01 6.058561812932375945e-01 1.939557478540725466e-01 7.326436265768507816e-01 9.315526614233179403e-01 5.269122405120127972e-01 2.746588244547809587e-01 7.259255861115873065e-01 6.685762771900478629e-01 5.686908486271975427e-01 9.628333973007809909e-01 6.845345845937849116e-01 7.459567879713946414e-01 6.745751537999057357e-01 4.526153662402129796e-01 5.273399865485598470e-01 3.923978527888521972e-01 5.426508544004533530e-01 3.819657662288707400e-01 3.845333643060192541e-01 6.435270936288322030e-01
6.142522316077740907e-01 2.976200473264758450e-01 8.339534121277843992e-01 0.000000000000000000e+00 6.704593824168934013e-01 3.143404600109106495e-01 7.946533605107550802e-01 4.669028793569766633e-01 7.078980115454271971e-01 5.365832964224299673e-01 5.064921570658875716e-01 4.152187100680257981e-01 8.108936562386697133e-01 4.834092176781615291e-01 9.275483983404400057e-01 6.720193409352279712e-01 2.843099080747481522e-01 3.430467028851419409e-01 7.477376212657819154e-01 8.454385407730891089e-01 7.400396521052208243e-01 5.193467978958595799e-01 3.500183019185051370e-01 7.512229901621592099e-01 7.826240820447317725e-01 2.797198116605540408e-01 1.548175079885406591e-01 5.774544183339485048e-01 7.873756231957649288e-01 6.944248828797886519e-01 3.299196965329561637e-01 6.287849349772504093e-01 7.079701390852312093e-01 7.392614396851598935e-01 5.663820061637648839e-01
8.067814980706923267e-01 8.746124501982768251e-01 3.417331691229492652e-01 6.704593824168934013e-01 0.000000000000000000e+00 6.448056180075190102e-01 6.355856263137784623e-01 8.119431065258406743e-01 7.728140000984411451e-01 2.947838776362354807e-01 4.594125426498998355e-01 4.424280169259704465e-01 4.688629010444810841e-01 5.243491681279064398e-01 6.566583592192192231e-01 7.419738804955435807e-01 6.048477766726444438e-01 6.939434885346450477e-01 4.635821499268767409e-01 8.116222105584807167e-01 7.169845737477795744e-01 6.469623268489115286e-01 7.805431871577972469e-01 5.082459973730284464e-01 7.598657576668579328e-01 1.205931157122306363e-01 2.556435715877518611e-01 7.549991855963995580e-01 8.817796768957618658e-01 5.903575006224832666e-01 8.481466616464695685e-01 4.165665775263434067e-01 8.885142879464673626e-01 5.124579036310541458e-01 8.306264858629619496e-01
3.399503349406908237e-01 5.871104506102065024e-01 1.343798536203656413e-01 3.143404600109106495e-01 6.448056180075190102e-01 0.000000000000000000e+00 3.693154539164998362e-01 4.342607978773369570e-01 3.812808340296640064e-01 1.399227282982992149e-01 8.246382171276829265e-01 6.790659470686860599e-01 4.669532838364065519e-01 8.193870136994497733e-01 5.050075052733865588e-01 6.742695994528391523e-02 7.355209730430534165e-01 6.976894417780616919e-01 3.632589838915199487e-01 2.681743574436314947e-01 5.477370316841126963e-01 5.811583407584786087e-01 7.611815716865950598e-01 1.474106802443937436e-01 2.585980315803565466e-01 3.398867796652358386e-01 4.839908163373645711e-01 3.124646294607703600e-01 7.856342431668487114e-01 3.387796192178125221e-01 1.346015694607807234e-01 6.259758434708802000e-01 3.606198453453658415e-01 4.658280331174009525e-01 7.836260386823640234e-01
9.137529801826027587e-01 5.031368170165969600e-01 4.123949971507668844e-01 7.946533605107550802e-01 6.355856263137784623e-01 3.693154539164998362e-01 0.000000000000000000e+00 5.016795561866895792e-01 4.775336384898231645e-01 4.847539054675930048e-01 4.036505570798171183e-01 6.628432693600684322e-01 2.376977733037351770e-01 3.450869766022995888e-01 1.496194625727464977e-01 3.848029010907736969e-01 7.516497026964922279e-01 3.534865046599090510e-01 7.217517491865099721e-01 5.224500890858199131e-01 9.507952541552751047e-01 4.343118952018713563e-01 3.376048909651967467e-01 4.673967978150482261e-01 7.147612747664251476e-01 8.016702613116570841e-01 1.610214539342657014e-01 7.824020415023682506e-01 4.001608854411486949e-02 5.875231467420324316e-01 6.258608043598028470e-01 6.653253362839515184e-01 9.955295157548360585e-02 4.360383817002661533e-01 8.249120363492785657e-01
1.718314903482485723e-01 4.479260927175934826e-01 5.536775501055304360e-01 4.669028793569766633e-01 8.119431065258406743e-01 4.342607978773369570e-01 5.016795561866895792e-01 0.000000000000000000e+00 5.547323997536477425e-01 1.638443550099049073e-01 5.556352648298961139e-01 4.543629678705562447e-01 8.848092563768892305e-01 6.613402879423827541e-01 8.047238412941732921e-01 7.925951171122991301e-01 3.088986391638586237e-01 3.905908543846476344e-01 6.817991595755669154e-01 4.110248144653458335e-01 3.000958745868462785e-01 7.510493229992761810e-01 8.263164879751160319e-01 8.342697929599836026e-01 5.073932821680615657e-01 7.157324648011025303e-01 6.124728697791679277e-01 8.303374761553525829e-01 8.393823257236802116e-01 3.271622521574152342e-01 8.177188724158159783e-01 2.318976267202703667e-01 3.763954620000162787e-01 1.999805868199061587e-01 7.357818862179097419e-01
2.060104710832273978e-01 4.229888822763255285e-01 5.292902432720584249e-01 7.078980115454271971e-01 7.728140000984411451e-01 3.812808340296640064e-01 4.775336384898231645e-01 5.547323997536477425e-01 0.000000000000000000e+00 9.191150008124249204e-01 8.220079449176018738e-01 6.477252835112259355e-01 3.916393878583304677e-01 4.400124946482050214e-01 8.093803151938998575e-01 3.406769518273253250e-01 1.499274941981442177e-01 6.698481823784537825e-01 7.520086483145738132e-01 6.631093795042226624e-01 2.111601686398568711e-01 4.861576113815027633e-01 8.432698496823927137e-01 9.837977299071001269e-01 7.642428017610243263e-01 7.344738130345596083e-01 5.995662926579430341e-01 6.190294698075045066e-01 7.452044020605991248e-01 6.520972078763875857e-01 5.075826327866046483e-01 2.047407462701860137e-01 4.423903116073333863e-01 7.208730771520722724e-01 7.569284910021880641e-01
4.187408252962490085e-01 9.695792025875238362e-01 8.882670985827072485e-01 5.365832964224299673e-01 2.947838776362354807e-01 1.399227282982992149e-01 4.847539054675930048e-01 1.638443550099049073e-01 9.191150008124249204e-01 0.000000000000000000e+00 1.821022030383565582e-01 5.321739715029969453e-01 4.121028547392635022e-01 2.115378303971167107e-01 4.946268266601859809e-01 8.010325683508351391e-01 5.531269831061211839e-01 6.075238244586491643e-01 8.154415932953261725e-01 5.698156190486682870e-01 4.413843598260970280e-01 7.509101026634752429e-01 4.920202979211546479e-01 7.582736780495533679e-01 6.765917123442831693e-01 6.210779337940299794e-01 4.339408683697389968e-01 7.637457661661601893e-01 6.793451485273527268e-01 8.403166599080174048e-01 4.035070526843511640e-01 4.770562142884851586e-01 5.905534371445120279e-01 8.710931357483862048e-01 2.164051525051455815e-01
8.994580018888040929e-01 3.339448455943893612e-01 8.653112379813883148e-01 5.064921570658875716e-01 4.594125426498998355e-01 8.246382171276829265e-01 4.036505570798171183e-01 5.556352648298961139e-01 8.220079449176018738e-01 1.821022030383565582e-01 0.000000000000000000e+00 4.783415861851140205e-01 5.747916319941772656e-01 4.207204089162243643e-01 5.770021714746095265e-01 5.244825635082002169e-01 7.080793302488304075e-01 4.946422147341593689e-01 8.112223504609319402e-01 5.839872312889901051e-01 6.133814314632082265e-01 2.692402744545646098e-01 1.217031626062330396e-01 4.154847060647169910e-01 5.840360591558173553e-01 7.312676071312029791e-02 7.597685966061727969e-01 4.546465668068484511e-01 8.590375437085018273e-01 7.860880378585763939e-01 4.508964467256056929e-01 6.899245129887743300e-02 8.247351234848259161e-01 4.441706135286516144e-01 7.666809488668838712e-01
5.045168815732662404e-01 5.759751489393731827e-01 3.112309409783550196e-01 4.152187100680257981e-01 4.424280169259704465e-01 6.790659470686860599e-01 6.628432693600684322e-01 4.543629678705562447e-01 6.477252835112259355e-01 5.321739715029969453e-01 4.783415861851140205e-01 0.000000000000000000e+00 3.781229033470981937e-01 2.173564113517671981e-01 1.205509476962226545e-01 3.235751551110582769e-01 7.237380530193560091e-02 9.031270567355662582e-01 7.230016913016674707e-01 7.579366084831942185e-01 3.088082242759940810e-01 8.068520593444927780e-01 8.650624994415494484e-01 4.759849863163631012e-01 6.066039045172799682e-01 2.761835509900663621e-01 6.936843723379789717e-01 2.038515549193443688e-01 8.953270676223483715e-01 3.686730692911116547e-01 4.287655848570240402e-01 7.517362939585278125e-01 7.246794952517929822e-01 9.345000476136244849e-01 1.605456920162999790e-01
2.619162584325025467e-01 4.809803387403417951e-01 5.765885512105759503e-01 8.108936562386697133e-01 4.688629010444810841e-01 4.669532838364065519e-01 2.376977733037351770e-01 8.848092563768892305e-01 3.916393878583304677e-01 4.121028547392635022e-01 5.747916319941772656e-01 3.781229033470981937e-01 0.000000000000000000e+00 5.335163627530074004e-01 1.292015173989191634e-01 7.945621140871467203e-01 3.376059992207982585e-01 9.645219005051930417e-02 5.895737814859087766e-01 1.375929049930812997e-01 7.837392993036373934e-01 9.372307617694937143e-01 4.447885412188729570e-01 4.511769205141082928e-01 8.786392695134912501e-01 6.203154745531181957e-01 2.308213864594496068e-01 9.499540050162189608e-01 5.058063400586270131e-01 9.052804314437066235e-01 5.089074354512046483e-01 2.614361208382995905e-01 6.517860802613719695e-01 3.696496988263642813e-01 3.411095910482422333e-01
4.100821818205824809e-01 6.442501750376253833e-01 3.667517326457715443e-01 4.834092176781615291e-01 5.243491681279064398e-01 8.193870136994497733e-01 3.450869766022995888e-01 6.613402879423827541e-01 4.400124946482050214e-01 2.115378303971167107e-01 4.207204089162243643e-01 2.173564113517671981e-01 5.335163627530074004e-01 0.000000000000000000e+00 7.295110058633267336e-01 2.637967899851024756e-01 5.078023654571945933e-01 4.432837267049952734e-01 9.001396012029899696e-01 3.960994077031292360e-01 7.897132556795859459e-01 6.503567689075469005e-01 7.148712601530273769e-01 6.320355993751964885e-01 4.825483011786511622e-01 2.844406899138552935e-01 2.657106763776376779e-01 8.349479732428339851e-01 4.188682463799405786e-01 3.131166778299300235e-01 7.430930887811841856e-01 4.546218418993286936e-01 8.522589300842571269e-01 7.452434690638973791e-01 9.279112126597575116e-01
1.993326756989799442e-02 2.435423088079463616e-02 5.752603968038784155e-01 9.275483983404400057e-01 6.566583592192192231e-01 5.050075052733865588e-01 1.496194625727464977e-01 8.047238412941732921e-01 8.093803151938998575e-01 4.946268266601859809e-01 5.770021714746095265e-01 1.205509476962226545e-01 1.292015173989191634e-01 7.295110058633267336e-01 0.000000000000000000e+00 9.092455122436191584e-01 5.986376738096546024e-01 3.148858013374544185e-01 4.759285187444895482e-01 3.782144437094024925e-01 7.421301028787894438e-01 2.486673477498422269e-01 6.288887560107659924e-01 9.208515551717171288e-01 4.527257737085815803e-01 8.789361599387224278e-01 7.815421198830757588e-01 4.050588071772643350e-01 8.792079955492353438e-01 4.523613864020015751e-01 4.935114581340661610e-01 8.172412858359729970e-01 8.192789145400152240e-01 2.821303450117953471e-01 7.178557175020328085e-01
7.195869897376696578e-01 3.616799785364569475e-01 6.058561812932375945e-01 6.720193409352279712e-01 7.419738804955435807e-01 6.742695994528391523e-02 3.848029010907736969e-01 7.925951171122991301e-01 3.406769518273253250e-01 8.010325683508351391e-01 5.244825635082002169e-01 3.235751551110582769e-01 7.945621140871467203e-01 2.637967899851024756e-01 9.092455122436191584e-01 0.000000000000000000e+00 7.786780041980693179e-01 8.235674793010634431e-01 9.414237507472055233e-01 3.872875933948220495e-01 4.877250284031933725e-01 8.931641087192103701e-01 1.383638842390286783e-01 3.900151523346531701e-01 4.265908846018167666e-01 6.649422055716647240e-01 5.331206134170471955e-01 9.222968597096542487e-01 6.234922072214512667e-01 5.445505064271620732e-01 8.936481543765233404e-01 9.146408369312097886e-01 6.903124206604416280e-02 3.958368637222112740e-01 4.712411837405854897e-01
8.425809967080897245e-01 7.077952589556705254e-01 1.939557478540725466e-01 2.843099080747481522e-01 6.048477766726444438e-01 7.355209730430534165e-01 7.516497026964922279e-01 3.088986391638586237e-01 1.499274941981442177e-01 5.531269831061211839e-01 7.080793302488304075e-01 7.237380530193560091e-02 3.376059992207982585e-01 5.078023654571945933e-01 5.986376738096546024e-01 7.786780041980693179e-01 0.000000000000000000e+00 7.249703628391002130e-01 7.667420823699750976e-01 6.018417976708290151e-01 5.115708773506681961e-01 2.729086433876699580e-01 9.224319465653770811e-01 5.711277344597238681e-01 8.269661864352524372e-01 4.242659746779435248e-01 4.142918644031510778e-01 7.076710352528805537e-01 6.456456950460367494e-01 5.161190766730003876e-01 7.375290466943800194e-01 3.871174218242072196e-01 4.682046790023444149e-01 7.966092844219219149e-02 6.757130772044608324e-01
1.961326010237758322e-01 8.242987159197416869e-01 7.326436265768507816e-01 3.430467028851419409e-01 6.939434885346450477e-01 6.976894417780616919e-01 3.534865046599090510e-01 3.905908543846476344e-01 6.698481823784537825e-01 6.075238244586491643e-01 4.946422147341593689e-01 9.031270567355662582e-01 9.645219005051930417e-02 4.432837267049952734e-01 3.148858013374544185e-01 8.235674793010634431e-01 7.249703628391002130e-01 0.000000000000000000e+00 3.600104029306352427e-01 1.318725280770047803e-01 4.421379392740755754e-01 7.738069453137621512e-01 5.957724801105108714e-01 5.038826173978572243e-01 5.038401473808515885e-01 7.463187220545935974e-01 4.060285416531305147e-01 3.066446313733340312e-01 5.830590906186876587e-01 8.185856616031226274e-01 4.545777849008775795e-01 3.916760040427842982e-01 7.244491865054403235e-01 8.331089705732708239e-01 4.576552839088941504e-01
5.356438115631861896e-02 3.939945201131856978e-01 9.315526614233179403e-01 7.477376212657819154e-01 4.635821499268767409e-01 3.632589838915199487e-01 7.217517491865099721e-01 6.817991595755669154e-01 7.520086483145738132e-01 8.154415932953261725e-01 8.112223504609319402e-01 7.230016913016674707e-01 5.895737814859087766e-01 9.001396012029899696e-01 4.759285187444895482e-01 9.414237507472055233e-01 7.667420823699750976e-01 3.600104029306352427e-01 0.000000000000000000e+00 7.168691446404253931e-01 9.001551242294163480e-01 4.577816161549397300e-01 5.826367033753263591e-01 3.139657313044208475e-01 8.770436041827724960e-01 7.260690335649753191e-01 7.723214577027535110e-01 4.993286996346525397e-01 4.159447765715019729e-01 3.935380329720141734e-01 3.441009455676261042e-01 5.152988129667428474e-01 6.224382619248843840e-01 7.633191663987799469e-01 4.077711109587898730e-01
6.492863761465893502e-01 4.931416286027565654e-01 5.269122405120127972e-01 8.454385407730891089e-01 8.116222105584807167e-01 2.681743574436314947e-01 5.224500890858199131e-01 4.110248144653458335e-01 6.631093795042226624e-01 5.698156190486682870e-01 5.839872312889901051e-01 7.579366084831942185e-01 1.375929049930812997e-01 3.960994077031292360e-01 3.782144437094024925e-01 3.872875933948220495e-01 6.018417976708290151e-01 1.318725280770047803e-01 7.168691446404253931e-01 0.000000000000000000e+00 1.319988176135402647e-01 3.622944537292789313e-01 4.021866316660074325e-01 4.904515010422773047e-01 4.991353388034703853e-01 4.993288864216058887e-01 2.577388470654611297e-01 2.446312009681306798e-01 6.796043715502666505e-01 7.883023588880722077e-01 7.815145440973998436e-01 5.921436670164700322e-01 4.584869841351804087e-01 8.302690886263075498e-01 5.467184124744663976e-01
8.046245013589592432e-02 7.255034936680001545e-01 2.746588244547809587e-01 7.400396521052208243e-01 7.169845737477795744e-01 5.477370316841126963e-01 9.507952541552751047e-01 3.000958745868462785e-01 2.111601686398568711e-01 4.413843598260970280e-01 6.133814314632082265e-01 3.088082242759940810e-01 7.837392993036373934e-01 7.897132556795859459e-01 7.421301028787894438e-01 4.877250284031933725e-01 5.115708773506681961e-01 4.421379392740755754e-01 9.001551242294163480e-01 1.319988176135402647e-01 0.000000000000000000e+00 5.943741649895026846e-01 4.505982695589922926e-01 8.206649749650323233e-01 8.834221157743082919e-02 4.424574884663914354e-01 4.532157938185400470e-01 5.381758809834212842e-01 8.259256899323503820e-01 4.716679128635252738e-01 4.540523763681177938e-01 2.034965791722227468e-01 7.999142826210615675e-01 7.224166198328045851e-01 7.416914807454135783e-01
5.576395193887098145e-01 3.858180795692623954e-01 7.259255861115873065e-01 5.193467978958595799e-01 6.469623268489115286e-01 5.811583407584786087e-01 4.343118952018713563e-01 7.510493229992761810e-01 4.861576113815027633e-01 7.509101026634752429e-01 2.692402744545646098e-01 8.068520593444927780e-01 9.372307617694937143e-01 6.503567689075469005e-01 2.486673477498422269e-01 8.931641087192103701e-01 2.729086433876699580e-01 7.738069453137621512e-01 4.577816161549397300e-01 3.622944537292789313e-01 5.943741649895026846e-01 0.000000000000000000e+00 8.577979401746360644e-01 4.601396477610674718e-01 8.454754763820304664e-01 1.133035289331530970e-01 7.146600642181797358e-01 5.120802045005572456e-01 2.408752133579050714e-01 7.253440612870512005e-01 8.389793759075678814e-01 4.024767721535457143e-01 4.943547927407475062e-01 3.691085675520213716e-01 6.997375617238724699e-01
4.582477330056420328e-01 5.290479616929011364e-01 6.685762771900478629e-01 3.500183019185051370e-01 7.805431871577972469e-01 7.611815716865950598e-01 3.376048909651967467e-01 8.263164879751160319e-01 8.432698496823927137e-01 4.920202979211546479e-01 1.217031626062330396e-01 8.650624994415494484e-01 4.447885412188729570e-01 7.148712601530273769e-01 6.288887560107659924e-01 1.383638842390286783e-01 9.224319465653770811e-01 5.957724801105108714e-01 5.826367033753263591e-01 4.021866316660074325e-01 4.505982695589922926e-01 8.577979401746360644e-01 0.000000000000000000e+00 4.449089624924109643e-01 4.178820185359224948e-01 5.160528007158428077e-01 6.567344695137519173e-01 7.567834667994213227e-01 3.922268667454501534e-01 2.669248327296585011e-01 8.361138412031580147e-01 7.540271101129555342e-01 5.529104823033917926e-01 2.965848879910285008e-01 6.528175529086714945e-01
1.823239320044836020e-01 5.598403038776418317e-01 5.686908486271975427e-01 7.512229901621592099e-01 5.082459973730284464e-01 1.474106802443937436e-01 4.673967978150482261e-01 8.342697929599836026e-01 9.837977299071001269e-01 7.582736780495533679e-01 4.154847060647169910e-01 4.759849863163631012e-01 4.511769205141082928e-01 6.320355993751964885e-01 9.208515551717171288e-01 3.900151523346531701e-01 5.711277344597238681e-01 5.038826173978572243e-01 3.139657313044208475e-01 4.904515010422773047e-01 8.206649749650323233e-01 4.601396477610674718e-01 4.449089624924109643e-01 0.000000000000000000e+00 7.703865530739464340e-01 7.747174561476062316e-01 7.784893212318988454e-01 3.635737330572786918e-01 2.276703380187350412e-01 4.771065656253015153e-01 8.247712579834134417e-01 3.475284424796722393e-01 7.257078684492177523e-01 5.582431610674905009e-01 7.680815820675888084e-01
6.415492778140208241e-01 7.619941877187569323e-01 9.628333973007809909e-01 7.826240820447317725e-01 7.598657576668579328e-01 2.585980315803565466e-01 7.147612747664251476e-01 5.073932821680615657e-01 7.642428017610243263e-01 6.765917123442831693e-01 5.840360591558173553e-01 6.066039045172799682e-01 8.786392695134912501e-01 4.825483011786511622e-01 4.527257737085815803e-01 4.265908846018167666e-01 8.269661864352524372e-01 5.038401473808515885e-01 8.770436041827724960e-01 4.991353388034703853e-01 8.834221157743082919e-02 8.454754763820304664e-01 4.178820185359224948e-01 7.703865530739464340e-01 0.000000000000000000e+00 7.575261199369470733e-01 8.372171254512705829e-02 1.114742988318877526e-01 3.704738926760468010e-01 3.824983393567955026e-01 9.078703620146892916e-01 7.486854991336662213e-01 7.396886243400826455e-01 6.783002294080453520e-01 7.820482697463109201e-01
4.652949597043388730e-01 6.621556043787955037e-01 6.845345845937849116e-01 2.797198116605540408e-01 1.205931157122306363e-01 3.398867796652358386e-01 8.016702613116570841e-01 7.157324648011025303e-01 7.344738130345596083e-01 6.210779337940299794e-01 7.312676071312029791e-02 2.761835509900663621e-01 6.203154745531181957e-01 2.844406899138552935e-01 8.789361599387224278e-01 6.649422055716647240e-01 4.242659746779435248e-01 7.463187220545935974e-01 7.260690335649753191e-01 4.993288864216058887e-01 4.424574884663914354e-01 1.133035289331530970e-01 5.160528007158428077e-01 7.747174561476062316e-01 7.575261199369470733e-01 0.000000000000000000e+00 1.815500140429824327e-01 4.487859545825219065e-01 6.069292742950609387e-01 1.857927895504278837e-01 6.732741138537601255e-01 4.280510340801688129e-01 5.665733727509222328e-01 9.573212777060113865e-01 8.735579468468570585e-01
6.655331785348435059e-01 4.304198812391101248e-01 7.459567879713946414e-01 1.548175079885406591e-01 2.556435715877518611e-01 4.839908163373645711e-01 1.610214539342657014e-01 6.124728697791679277e-01 5.995662926579430341e-01 4.339408683697389968e-01 7.597685966061727969e-01 6.936843723379789717e-01 2.308213864594496068e-01 2.657106763776376779e-01 7.815421198830757588e-01 5.331206134170471955e-01 4.142918644031510778e-01 4.060285416531305147e-01 7.723214577027535110e-01 2.577388470654611297e-01 4.532157938185400470e-01 7.146600642181797358e-01 6.567344695137519173e-01 7.784893212318988454e-01 8.372171254512705829e-02 1.815500140429824327e-01 0.000000000000000000e+00 4.472083026040842846e-01 8.962740672982261181e-01 4.306841927767437461e-01 4.101408438642101251e-01 6.468708042518235279e-01 6.482607523101659996e-01 5.630310394618156522e-01 3.655862447248918179e-01
6.526553618343059471e-01 4.409550064257307112e-01 6.745751537999057357e-01 5.774544183339485048e-01 7.549991855963995580e-01 3.124646294607703600e-01 7.824020415023682506e-01 8.303374761553525829e-01 6.190294698075045066e-01 7.637457661661601893e-01 4.546465668068484511e-01 2.038515549193443688e-01 9.499540050162189608e-01 8.349479732428339851e-01 4.050588071772643350e-01 9.222968597096542487e-01 7.076710352528805537e-01 3.066446313733340312e-01 4.993286996346525397e-01 2.446312009681306798e-01 5.381758809834212842e-01 5.120802045005572456e-01 7.567834667994213227e-01 3.635737330572786918e-01 1.114742988318877526e-01 4.487859545825219065e-01 4.472083026040842846e-01 0.000000000000000000e+00 5.163016819157846271e-01 4.367106977260682421e-01 7.825115344718900356e-01 8.204809778427164524e-01 1.865651114175599368e-01 3.485479277086764860e-01 2.419202655731679252e-01
5.091453678128186056e-01 7.800478008211078063e-01 4.526153662402129796e-01 7.873756231957649288e-01 8.817796768957618658e-01 7.856342431668487114e-01 4.001608854411486949e-02 8.393823257236802116e-01 7.452044020605991248e-01 6.793451485273527268e-01 8.590375437085018273e-01 8.953270676223483715e-01 5.058063400586270131e-01 4.188682463799405786e-01 8.792079955492353438e-01 6.234922072214512667e-01 6.456456950460367494e-01 5.830590906186876587e-01 4.159447765715019729e-01 6.796043715502666505e-01 8.259256899323503820e-01 2.408752133579050714e-01 3.922268667454501534e-01 2.276703380187350412e-01 3.704738926760468010e-01 6.069292742950609387e-01 8.962740672982261181e-01 5.163016819157846271e-01 0.000000000000000000e+00 4.282659488997442310e-01 4.099885491439857477e-01 5.479632964184475430e-01 7.774936487139374464e-01 5.037701256811633055e-01 2.844533217964511085e-01
7.131184480487685606e-01 3.490200471592331821e-01 5.273399865485598470e-01 6.944248828797886519e-01 5.903575006224832666e-01 3.387796192178125221e-01 5.875231467420324316e-01 3.271622521574152342e-01 6.520972078763875857e-01 8.403166599080174048e-01 7.860880378585763939e-01 3.686730692911116547e-01 9.052804314437066235e-01 3.131166778299300235e-01 4.523613864020015751e-01 5.445505064271620732e-01 5.161190766730003876e-01 8.185856616031226274e-01 3.935380329720141734e-01 7.883023588880722077e-01 4.716679128635252738e-01 7.253440612870512005e-01 2.669248327296585011e-01 4.771065656253015153e-01 3.824983393567955026e-01 1.857927895504278837e-01 4.306841927767437461e-01 4.367106977260682421e-01 4.282659488997442310e-01 0.000000000000000000e+00 5.469841218441509056e-01 4.884639802412322207e-01 4.284285360493184092e-01 3.823412465466438648e-01 6.668890184784537212e-01
8.212851342094581453e-01 3.045432032439113756e-01 3.923978527888521972e-01 3.299196965329561637e-01 8.481466616464695685e-01 1.346015694607807234e-01 6.258608043598028470e-01 8.177188724158159783e-01 5.075826327866046483e-01 4.035070526843511640e-01 4.508964467256056929e-01 4.287655848570240402e-01 5.089074354512046483e-01 7.430930887811841856e-01 4.935114581340661610e-01 8.936481543765233404e-01 7.375290466943800194e-01 4.545777849008775795e-01 3.441009455676261042e-01 7.815145440973998436e-01 4.540523763681177938e-01 8.389793759075678814e-01 8.361138412031580147e-01 8.247712579834134417e-01 9.078703620146892916e-01 6.732741138537601255e-01 4.101408438642101251e-01 7.825115344718900356e-01 4.099885491439857477e-01 5.469841218441509056e-01 0.000000000000000000e+00 9.019188478731592351e-01 4.313071813993083481e-01 4.766322671563015811e-01 7.050822238393799068e-01
9.494207335896301947e-01 5.462019676885639941e-01 5.426508544004533530e-01 6.287849349772504093e-01 4.165665775263434067e-01 6.259758434708802000e-01 6.653253362839515184e-01 2.318976267202703667e-01 2.047407462701860137e-01 4.770562142884851586e-01 6.899245129887743300e-02 7.517362939585278125e-01 2.614361208382995905e-01 4.546218418993286936e-01 8.172412858359729970e-01 9.146408369312097886e-01 3.871174218242072196e-01 3.916760040427842982e-01 5.152988129667428474e-01 5.921436670164700322e-01 2.034965791722227468e-01 4.024767721535457143e-01 7.540271101129555342e-01 3.475284424796722393e-01 7.486854991336662213e-01 4.280510340801688129e-01 6.468708042518235279e-01 8.204809778427164524e-01 5.479632964184475430e-01 4.884639802412322207e-01 9.019188478731592351e-01 0.000000000000000000e+00 4.245159930168880269e-01 4.615504351550455686e-01 7.519235339419068076e-01
1.672148397821745514e-01 7.900622981835802028e-01 3.819657662288707400e-01 7.079701390852312093e-01 8.885142879464673626e-01 3.606198453453658415e-01 9.955295157548360585e-02 3.763954620000162787e-01 4.423903116073333863e-01 5.905534371445120279e-01 8.247351234848259161e-01 7.246794952517929822e-01 6.517860802613719695e-01 8.522589300842571269e-01 8.192789145400152240e-01 6.903124206604416280e-02 4.682046790023444149e-01 7.244491865054403235e-01 6.224382619248843840e-01 4.584869841351804087e-01 7.999142826210615675e-01 4.943547927407475062e-01 5.529104823033917926e-01 7.257078684492177523e-01 7.396886243400826455e-01 5.665733727509222328e-01 6.482607523101659996e-01 1.865651114175599368e-01 7.774936487139374464e-01 4.284285360493184092e-01 4.313071813993083481e-01 4.245159930168880269e-01 0.000000000000000000e+00 8.382697760143577037e-01 6.640017967137770150e-01
8.844477756986076633e-01 3.783646793874746450e-01 3.845333643060192541e-01 7.392614396851598935e-01 5.124579036310541458e-01 4.658280331174009525e-01 4.360383817002661533e-01 1.999805868199061587e-01 7.208730771520722724e-01 8.710931357483862048e-01 4.441706135286516144e-01 9.345000476136244849e-01 3.696496988263642813e-01 7.452434690638973791e-01 2.821303450117953471e-01 3.958368637222112740e-01 7.966092844219219149e-02 8.331089705732708239e-01 7.633191663987799469e-01 8.302690886263075498e-01 7.224166198328045851e-01 3.691085675520213716e-01 2.965848879910285008e-01 5.582431610674905009e-01 6.783002294080453520e-01 9.573212777060113865e-01 5.630310394618156522e-01 3.485479277086764860e-01 5.037701256811633055e-01 3.823412465466438648e-01 4.766322671563015811e-01 4.615504351550455686e-01 8.382697760143577037e-01 0.000000000000000000e+00 9.619090001106651577e-01
3.961752422278211894e-01 5.385524604628596501e-01 6.435270936288322030e-01 5.663820061637648839e-01 8.306264858629619496e-01 7.836260386823640234e-01 8.249120363492785657e-01 7.357818862179097419e-01 7.569284910021880641e-01 2.164051525051455815e-01 7.666809488668838712e-01 1.605456920162999790e-01 3.411095910482422333e-01 9.279112126597575116e-01 7.178557175020328085e-01 4.712411837405854897e-01 6.757130772044608324e-01 4.576552839088941504e-01 4.077711109587898730e-01 5.467184124744663976e-01 7.416914807454135783e-01 6.997375617238724699e-01 6.528175529086714945e-01 7.680815820675888084e-01 7.820482697463109201e-01 8.735579468468570585e-01 3.655862447248918179e-01 2.419202655731679252e-01 2.844533217964511085e-01 6.668890184784537212e-01 7.050822238393799068e-01 7.519235339419068076e-01 6.640017967137770150e-01 9.619090001106651577e-01 0.000000000000000000e+00
