0.000000000000000000e+00 2.638212049994560493e-01 5.951466509547296280e-01 5.065959191278488483e-01 7.236007757026783338e-01 2.922999970301284334e-01 5.003507355444154481e-01 5.105480543373402957e-01 4.315475553014210264e-01 5.037712158338294444e-01 5.900738430888976538e-01 2.281145065967585817e-01 8.193592015606860901e-01 5.384370316558564351e-01 3.603365551611785733e-01 3.922108589123971534e-01 6.059771936654797519e-01 5.200817590942068414e-01 3.955176736903248669e-01 5.050526846980377682e-01 2.679387740639529447e-01 4.839933862755969041e-01 4.377685425501310901e-01 4.324365164787145055e-01 6.362619130142899149e-01 4.698028579745225364e-01 4.949078763914794843e-01 4.823605014047333550e-01 5.571883126379650886e-01 2.716490082390597971e-01 6.790240518331587261e-01 8.374637651696619223e-01 4.944435363140959883e-01 4.447572322129909050e-01 1.057030773093441400e-01
2.638212049994560493e-01 0.000000000000000000e+00 3.370978121652808968e-01 8.238469893359121610e-01 1.791328966789929589e-01 4.380658627387909454e-01 7.831514983625007531e-01 4.749030685987700728e-01 4.668916039814201002e-01 7.080904735731604616e-01 4.933455001989439648e-01 5.714104529214047989e-01 6.028775683478818648e-01 7.883466286282533320e-01 3.089596525742127064e-01 4.293696310195022625e-01 4.752350008283349747e-01 4.717753428146830297e-01 5.652293102644727618e-01 7.184344752770283060e-01 4.739626053250656224e-01 7.992999326552816530e-01 6.704118499653205498e-01 4.342670362427967223e-01 3.620259513974604104e-01 7.173666683450528048e-01 5.730639864013726825e-01 6.967533806582064670e-01 2.342944120461319946e-01 4.327878408652948705e-01 2.511772860142280073e-01 5.489967982347316866e-01 5.823234336845750647e-01 7.102651617698745312e-01 3.306214338502584393e-01
5.951466509547296280e-01 3.370978121652808968e-01 0.000000000000000000e+00 7.441988309656151213e-01 5.146489511228016234e-01 1.556169026556974977e-01 6.988797474776810015e-01 5.168551144377221407e-01 5.764627142251450564e-01 7.410675671905204709e-01 6.440180407928479678e-01 8.193788545986998573e-01 3.158235441362210461e-01 2.827063596303112103e-01 1.993883447174357726e-01 5.327646061150181911e-02 5.237129908106094023e-01 8.663064821610060307e-01 8.830354591240311413e-01 6.014920085393258287e-01 4.005424761561419134e-01 1.833079962950019404e-01 4.962569500086543850e-01 8.379464470689106381e-01 3.394521606172710149e-01 3.567527595752697511e-01 5.166960534113629322e-01 4.806655780830796920e-01 6.808381058678409925e-01 8.615976645589380478e-01 5.192881014295960274e-01 3.901302109536160523e-01 7.265716921777237713e-01 5.459278353292540409e-01 2.396528670783574788e-01
5.065959191278488483e-01 8.238469893359121610e-01 7.441988309656151213e-01 0.000000000000000000e+00 7.904612397763869369e-01 4.233961964949827239e-01 5.151535033186223078e-01 3.962493884633391250e-01 1.851703959147003031e-01 5.744228493514857981e-01 4.278369865180021159e-01 7.270932187947887204e-01 8.342302324484950349e-01 6.924054816334059836e-01 5.905036282780407042e-01 7.883452817369405174e-01 1.467103804514422460e-01 5.728091611757376578e-01 7.336623107783938336e-01 6.027441701180802358e-01 8.297909626065136379e-01 5.584435597631803860e-01 8.279906077218914806e-01 3.002187521061948638e-01 3.323988934921449090e-01 3.675098997307269522e-01 2.358509589579366184e-01 4.691077044720753930e-01 4.710506791084700939e-01 4.769231463385714687e-01 4.763331724978381310e-01 5.766942374865011711e-01 8.472410753797134930e-01 5.809801202701139200e-01 2.686831543777994380e-01
7.236007757026783338e-01 1.791328966789929589e-01 5.146489511228016234e-01 7.904612397763869369e-01 0.000000000000000000e+00 5.653418864264245780e-01 5.545520554034403249e-01 4.929862983079680294e-01 4.950266484424964419e-01 2.184336188902291642e-02 1.050742366354279200e-01 5.115692463655525657e-01 4.604947800657825940e-01 6.890279954385636341e-01 2.918686776687520190e-01 9.329286947251871354e-01 7.470961186627842476e-01 3.446796804278769444e-01 6.169620023944961673e-01 3.578381607286844623e-01 4.328922790570116641e-01 4.599985115901331634e-01 3.717504680101110237e-01 5.775707264351351844e-01 8.669981912863995444e-01 3.987252947011739046e-01 3.793780612521095996e-01 5.863674338481577042e-01 9.721584044914532985e-02 2.404415778464844555e-01 7.506853700977256239e-01 5.731282690406346303e-01 2.658243827868471687e-01 7.731440472027362176e-01 6.385423117021415962e-01
2.922999970301284334e-01 4.380658627387909454e-01 1.556169026556974977e-01 4.233961964949827239e-01 5.653418864264245780e-01 0.000000000000000000e+00 7.320591052240407182e-01 1.399133179172473707e-02 2.819403954875415730e-01 4.253324913207796043e-01 6.362938148454246878e-01 5.652338898003785861e-01 1.464886490691715837e-01 1.936659891405372313e-01 7.733959328068578110e-01 7.562008124252685981e-01 7.298848890916176391e-01 4.031178846092713930e-01 5.894512388073233078e-01 6.319311213607063937e-01 4.254799848435433240e-01 4.979302259489903348e-01 2.194268747098520045e-01 8.490114581092150781e-02 8.190371317281150976e-01 2.387724461444128976e-01 4.938350704754266851e-01 2.317868735049583018e-01 4.883320983867679432e-01 6.526783067651090731e-01 6.938979416669881495e-01 6.407810383129819432e-01 5.634760663766480437e-01 4.954102205300750517e-01 5.902470232316812115e-01
5.003507355444154481e-01 7.831514983625007531e-01 6.988797474776810015e-01 5.151535033186223078e-01 5.545520554034403249e-01 7.320591052240407182e-01 0.000000000000000000e+00 5.807770438231725230e-01 2.769931615810308223e-01 9.237376073677049382e-01 3.489506761510912103e-01 6.695808334815867013e-01 1.978319044179865371e-01 5.617655257722933282e-01 4.416761104544762451e-01 3.099486907042242056e-01 6.441037860368368229e-01 9.346384354269903216e-01 5.163931056475593584e-01 5.217013684624619563e-01 7.627249083286730125e-01 4.627515041781179450e-01 9.326679800224582095e-01 4.454232786819140033e-01 5.754910890061650797e-01 5.326941695743641070e-01 4.066775399967135218e-01 1.419657432975283129e-01 6.327847096500061053e-01 2.668108452808209963e-01 2.195909298871717152e-01 8.065249931047224763e-02 3.262405193374733336e-01 6.119810043422416745e-01 5.732689016115127822e-01
5.105480543373402957e-01 4.749030685987700728e-01 5.168551144377221407e-01 3.962493884633391250e-01 4.929862983079680294e-01 1.399133179172473707e-02 5.807770438231725230e-01 0.000000000000000000e+00 4.303449388091912242e-01 3.858678175051833970e-01 4.276678217269667126e-01 4.440237342696272682e-01 5.286589372040896295e-01 6.185582119074282126e-01 5.124370200736567682e-01 4.779725450009744137e-01 4.596796283190352495e-01 7.885350645583851792e-01 8.021995255054962248e-01 4.409730587577647132e-01 5.681498410182762582e-01 6.734910619355124473e-01 4.066241171605906590e-01 2.411529268303073126e-01 5.157623620439955037e-01 9.214820927525719796e-01 4.025312215252320747e-01 2.100041965792611709e-01 7.355458411014843545e-01 4.080174697255579686e-01 3.538077070546898906e-01 7.869135771885940045e-01 5.880858857596544809e-01 4.873649938344866150e-01 1.375611593403769373e-01
4.315475553014210264e-01 4.668916039814201002e-01 5.764627142251450564e-01 1.851703959147003031e-01 4.950266484424964419e-01 2.819403954875415730e-01 2.769931615810308223e-01 4.303449388091912242e-01 0.000000000000000000e+00 5.877682560728154648e-01 3.674238393868644592e-01 6.848636321940346772e-01 9.394548440568362135e-01 4.156991887716916523e-01 7.603229918770386675e-01 6.884464088390251923e-01 2.222801775818787351e-01 6.845953742518128271e-01 1.613278800671075208e-01 7.283141685553291556e-01 7.010996442985506505e-01 5.801998991867560740e-01 2.241698328824631714e-01 3.140857466183292757e-01 1.827021234252290127e-01 7.572815905996957975e-01 6.178599371395363526e-01 2.126869510172592070e-01 5.966982194729593125e-01 2.806223207957643240e-01 3.531735228882137978e-01 6.446599843236440197e-01 2.144330792734320257e-01 4.059870086478382656e-01 8.675390474617827863e-01
5.037712158338294444e-01 7.080904735731604616e-01 7.410675671905204709e-01 5.744228493514857981e-01 2.184336188902291642e-02 4.253324913207796043e-01 9.237376073677049382e-01 3.858678175051833970e-01 5.877682560728154648e-01 0.000000000000000000e+00 4.246833124157735062e-01 8.643094395339148139e-01 4.822614093472509800e-01 3.450376831116870324e-01 5.100459860931437772e-01 5.731771513016281627e-01 6.041077015236993031e-01 3.414868363228211190e-01 1.114130126544548016e-01 5.731264146693721973e-01 4.918279497980908577e-01 4.599513450039095508e-01 5.684195871928935384e-01 6.886468121939063325e-01 3.654259558676568043e-01 4.151156468921094467e-01 4.610582076582019906e-01 3.949508808337611754e-01 5.133179350669002661e-01 5.281732669458369944e-01 8.347369415114251900e-01 6.715561964758902658e-01 4.394777861042423184e-01 2.186890828660440489e-01 6.846121864312401106e-01
5.900738430888976538e-01 4.933455001989439648e-01 6.440180407928479678e-01 4.278369865180021159e-01 1.050742366354279200e-01 6.362938148454246878e-01 3.489506761510912103e-01 4.276678217269667126e-01 3.674238393868644592e-01 4.246833124157735062e-01 0.000000000000000000e+00 7.803134950085118815e-01 7.465651082347516398e-01 4.274180532967580826e-01 2.010437057939906680e-02 5.834814223054050064e-01 6.617658421305427918e-01 6.365547522000920555e-01 3.968687949417775140e-01 4.939377920913088360e-01 4.003572554091796576e-01 6.635169183999762854e-01 9.130818889645393455e-01 2.256330805603685707e-01 7.100429823003029384e-02 1.569332680915591638e-01 5.092665068867689993e-01 8.247453702957849853e-01 4.616015069203441845e-01 9.760271498258924483e-01 4.937826411886813149e-01 5.682772806656235520e-01 9.298786299223733565e-01 3.976679344088150936e-01 6.205607415004235072e-01
2.281145065967585817e-01 5.714104529214047989e-01 8.193788545986998573e-01 7.270932187947887204e-01 5.115692463655525657e-01 5.652338898003785861e-01 6.695808334815867013e-01 4.440237342696272682e-01 6.848636321940346772e-01 8.643094395339148139e-01 7.803134950085118815e-01 0.000000000000000000e+00 6.064966528266815260e-01 1.315456267587196137e-01 5.276800066086562158e-01 3.905627990389732296e-01 2.207125349131763281e-01 7.619705005652560592e-01 2.448237428403940985e-01 5.917046372265855059e-01 4.668756536051162920e-01 9.250501934592912923e-01 4.815629566756476354e-01 7.259495824479976767e-01 4.549824782903716947e-01 2.087645540327306981e-01 6.554990647134746329e-01 3.522162887356360406e-01 6.014331060092683590e-01 3.461763226280202277e-01 8.445195612137536001e-01 5.609440080017671360e-01 7.481986002660697688e-01 4.994001900813549444e-01 3.759600552816110275e-01
8.193592015606860901e-01 6.028775683478818648e-01 3.158235441362210461e-01 8.342302324484950349e-01 4.604947800657825940e-01 1.464886490691715837e-01 1.978319044179865371e-01 5.286589372040896295e-01 9.394548440568362135e-01 4.822614093472509800e-01 7.465651082347516398e-01 6.064966528266815260e-01 0.000000000000000000e+00 5.486136543153860012e-01 6.684000655797914803e-01 7.096581455065842370e-01 3.990710069748777400e-01 5.608358663607897476e-01 5.688894986292634126e-01 3.932307664204124364e-01 3.237577313195422191e-01 3.876832226115081714e-01 8.117823168044693283e-01 4.405548445701429339e-01 1.587548617877744261e-01 3.412882112393068601e-01 6.380232950261842673e-01 3.439822673384617113e-01 1.125754610419905655e-01 9.355365468823189090e-01 5.494441759705176453e-01 5.309224705913861975e-01 4.590003003284325311e-01 4.892116528117546048e-01 1.965891264518925263e-01
5.384370316558564351e-01 7.883466286282533320e-01 2.827063596303112103e-01 6.924054816334059836e-01 6.890279954385636341e-01 1.936659891405372313e-01 5.617655257722933282e-01 6.185582119074282126e-01 4.156991887716916523e-01 3.450376831116870324e-01 4.274180532967580826e-01 1.315456267587196137e-01 5.486136543153860012e-01 0.000000000000000000e+00 2.154048681081008887e-01 6.111360203121848356e-01 6.828223410874857402e-01 4.165045672115856856e-01 2.958033449458959963e-01 7.283908891272026231e-01 5.483302570261975317e-01 7.909730564557555521e-01 7.884572535445367736e-01 4.928748176437275919e-01 5.980945109323292375e-01 5.299824979356244636e-01 6.998620415047899224e-01 4.145281896392847276e-01 6.083363927246228098e-01 4.427603669281305332e-01 4.201517439510690233e-01 2.261507632639352394e-01 3.934273586898348607e-01 8.488193439536071416e-01 9.667305239658684490e-01
3.603365551611785733e-01 3.089596525742127064e-01 1.993883447174357726e-01 5.905036282780407042e-01 2.918686776687520190e-01 7.733959328068578110e-01 4.416761104544762451e-01 5.124370200736567682e-01 7.603229918770386675e-01 5.100459860931437772e-01 2.010437057939906680e-02 5.276800066086562158e-01 6.684000655797914803e-01 2.154048681081008887e-01 0.000000000000000000e+00 6.116531176354829125e-01 5.127608356750767982e-01 6.762005496677659933e-01 4.458741815833503486e-01 4.849816361510564389e-01 2.546958803039923724e-01 3.932191442669393799e-01 6.427035451992366699e-01 3.188231634540539261e-01 7.123709191389338002e-01 5.323689949963437140e-01 6.700933086403138006e-01 5.484772041021308553e-01 6.054290483804012357e-01 4.695241339286482241e-01 1.707710374634159312e-01 4.283711832052415347e-01 2.189781995009724147e-01 4.658280058604407636e-01 7.588049495198030403e-01
3.922108589123971534e-01 4.293696310195022625e-01 5.327646061150181911e-02 7.883452817369405174e-01 9.329286947251871354e-01 7.562008124252685981e-01 3.099486907042242056e-01 4.779725450009744137e-01 6.884464088390251923e-01 5.731771513016281627e-01 5.834814223054050064e-01 3.905627990389732296e-01 7.096581455065842370e-01 6.111360203121848356e-01 6.116531176354829125e-01 0.000000000000000000e+00 1.305878357479338669e-01 7.419304754739001195e-01 7.811449828805077100e-01 8.651983292454872299e-01 4.096900114179886643e-01 1.447912395238885042e-01 3.895025224284764942e-01 3.859019527042555353e-01 6.022231946760879806e-01 8.728147354342405961e-01 3.790769046779445262e-01 6.127801807037011050e-01 8.056355591391073379e-02 4.008238437097434437e-01 6.485420452601617924e-01 7.700005632867303884e-01 7.254862116148288465e-01 9.839300367566230499e-01 3.707919070869069023e-01
6.059771936654797519e-01 4.752350008283349747e-01 5.237129908106094023e-01 1.467103804514422460e-01 7.470961186627842476e-01 7.298848890916176391e-01 6.441037860368368229e-01 4.596796283190352495e-01 2.222801775818787351e-01 6.041077015236993031e-01 6.617658421305427918e-01 2.207125349131763281e-01 3.990710069748777400e-01 6.828223410874857402e-01 5.127608356750767982e-01 1.305878357479338669e-01 0.000000000000000000e+00 5.910640351981190088e-01 2.763697468414663128e-01 5.443751755856214292e-01 6.190464488275573274e-01 6.248676584240753229e-01 7.743021100686495739e-01 7.177864231658190874e-01 5.110722331750779945e-01 8.935393758148897358e-01 2.442022597243254378e-01 4.885436996381719021e-01 4.849895344273861819e-01 5.397569621767658310e-01 6.381544159999104071e-01 2.351969892072518220e-01 6.110087146432350291e-01 4.330230147052426815e-01 9.226087263550559747e-01
5.200817590942068414e-01 4.717753428146830297e-01 8.663064821610060307e-01 5.728091611757376578e-01 3.446796804278769444e-01 4.031178846092713930e-01 9.346384354269903216e-01 7.885350645583851792e-01 6.845953742518128271e-01 3.414868363228211190e-01 6.365547522000920555e-01 7.619705005652560592e-01 5.608358663607897476e-01 4.165045672115856856e-01 6.762005496677659933e-01 7.419304754739001195e-01 5.910640351981190088e-01 0.000000000000000000e+00 8.110863932832932388e-01 1.038715495387810828e-01 6.103615858246702608e-01 6.136722528550648814e-01 4.607521133360623078e-01 3.488589065671021117e-01 4.338757457458726208e-01 6.325600262211457103e-01 6.221162977733267763e-01 7.471634472066910337e-01 7.619619189163775452e-01 1.715192766386874901e-02 5.551153532400665558e-01 4.546928950141966297e-01 6.985671365790743215e-01 7.919069542862255950e-01 2.050575730726276191e-01
3.955176736903248669e-01 5.652293102644727618e-01 8.830354591240311413e-01 7.336623107783938336e-01 6.169620023944961673e-01 5.894512388073233078e-01 5.163931056475593584e-01 8.021995255054962248e-01 1.613278800671075208e-01 1.114130126544548016e-01 3.968687949417775140e-01 2.448237428403940985e-01 5.688894986292634126e-01 2.958033449458959963e-01 4.458741815833503486e-01 7.811449828805077100e-01 2.763697468414663128e-01 8.110863932832932388e-01 0.000000000000000000e+00 2.265848682580580142e-01 3.812059525257568415e-01 8.690222596630159391e-01 5.478718321327189500e-01 2.864096991558346961e-01 8.790059613772933655e-01 3.976543089412523102e-01 9.248651196689559040e-01 3.169954253592103255e-01 4.433254476773137998e-01 1.672870559194912787e-01 9.732006495736307272e-01 1.824098366106839952e-01 8.806153734268185040e-02 5.947105121572378028e-01 3.387943996007410918e-01
5.050526846980377682e-01 7.184344752770283060e-01 6.014920085393258287e-01 6.027441701180802358e-01 3.578381607286844623e-01 6.319311213607063937e-01 5.217013684624619563e-01 4.409730587577647132e-01 7.283141685553291556e-01 5.731264146693721973e-01 4.939377920913088360e-01 5.917046372265855059e-01 3.932307664204124364e-01 7.283908891272026231e-01 4.849816361510564389e-01 8.651983292454872299e-01 5.443751755856214292e-01 1.038715495387810828e-01 2.265848682580580142e-01 0.000000000000000000e+00 5.429355781834079853e-01 5.982641296288431221e-01 5.418602523828464079e-01 4.196603581280964890e-01 7.519080884574712575e-01 5.251972806909407376e-01 4.651404781759150842e-01 6.933582119275432110e-01 3.539810746205466763e-01 5.140271407697475370e-01 8.476952261863979210e-01 2.202287028817626613e-01 4.061128854292265777e-01 8.098679204962659917e-01 6.687730398062745607e-01
2.679387740639529447e-01 4.739626053250656224e-01 4.005424761561419134e-01 8.297909626065136379e-01 4.328922790570116641e-01 4.254799848435433240e-01 7.627249083286730125e-01 5.681498410182762582e-01 7.010996442985506505e-01 4.918279497980908577e-01 4.003572554091796576e-01 4.668756536051162920e-01 3.237577313195422191e-01 5.483302570261975317e-01 2.546958803039923724e-01 4.096900114179886643e-01 6.190464488275573274e-01 6.103615858246702608e-01 3.812059525257568415e-01 5.429355781834079853e-01 0.000000000000000000e+00 6.523500839749918345e-01 5.406969842778795998e-01 8.094124096154322601e-01 5.551451318969311544e-01 4.827318054803083069e-01 5.683184967945764665e-01 3.976475220503131736e-01 6.796642806507841028e-01 5.695831859727755742e-01 2.338131300743084839e-02 7.644257797157457679e-01 4.309055151315927534e-01 4.959010583759062563e-01 3.636761803509339086e-01
4.839933862755969041e-01 7.992999326552816530e-01 1.833079962950019404e-01 5.584435597631803860e-01 4.599985115901331634e-01 4.979302259489903348e-01 4.627515041781179450e-01 6.734910619355124473e-01 5.801998991867560740e-01 4.599513450039095508e-01 6.635169183999762854e-01 9.250501934592912923e-01 3.876832226115081714e-01 7.909730564557555521e-01 3.932191442669393799e-01 1.447912395238885042e-01 6.248676584240753229e-01 6.136722528550648814e-01 8.690222596630159391e-01 5.982641296288431221e-01 6.523500839749918345e-01 0.000000000000000000e+00 6.031316131077355536e-01 5.206051840116792118e-01 4.747700829952764545e-01 8.657697064993250535e-01 5.454270440058985869e-01 5.896406660261477306e-01 8.417907055637098290e-01 5.480910098033682232e-01 9.294585636486373259e-01 6.462795891044750274e-01 8.777354362344603755e-01 4.813067373353185907e-01 5.665667632419956190e-01
4.377685425501310901e-01 6.704118499653205498e-01 4.962569500086543850e-01 8.279906077218914806e-01 3.717504680101110237e-01 2.194268747098520045e-01 9.326679800224582095e-01 4.066241171605906590e-01 2.241698328824631714e-01 5.684195871928935384e-01 9.130818889645393455e-01 4.815629566756476354e-01 8.117823168044693283e-01 7.884572535445367736e-01 6.427035451992366699e-01 3.895025224284764942e-01 7.743021100686495739e-01 4.607521133360623078e-01 5.478718321327189500e-01 5.418602523828464079e-01 5.406969842778795998e-01 6.031316131077355536e-01 0.000000000000000000e+00 2.868984201658774102e-01 8.807092007706751602e-01 3.151162336714924406e-01 5.751334367828115912e-01 3.983456565993441223e-01 5.096783580431472060e-01 7.292432316509556145e-01 6.467050313192006517e-01 7.454187186937226706e-01 6.334014456331016341e-01 2.104723749151644618e-01 2.306896293512701313e-01
4.324365164787145055e-01 4.342670362427967223e-01 8.379464470689106381e-01 3.002187521061948638e-01 5.775707264351351844e-01 8.490114581092150781e-02 4.454232786819140033e-01 2.411529268303073126e-01 3.140857466183292757e-01 6.886468121939063325e-01 2.256330805603685707e-01 7.259495824479976767e-01 4.405548445701429339e-01 4.928748176437275919e-01 3.188231634540539261e-01 3.859019527042555353e-01 7.177864231658190874e-01 3.488589065671021117e-01 2.864096991558346961e-01 4.196603581280964890e-01 8.094124096154322601e-01 5.206051840116792118e-01 2.868984201658774102e-01 0.000000000000000000e+00 6.685322858405645663e-01 4.450156460585285578e-01 8.934008421878720796e-01 3.983001904408018379e-01 9.288185487106366267e-01 5.712378563623077277e-02 6.798385360688852241e-01 2.498546787164033223e-01 1.899210464681773125e-01 1.299306415034096052e-01 1.842016241471687854e-01
6.362619130142899149e-01 3.620259513974604104e-01 3.394521606172710149e-01 3.323988934921449090e-01 8.669981912863995444e-01 8.190371317281150976e-01 5.754910890061650797e-01 5.157623620439955037e-01 1.827021234252290127e-01 3.654259558676568043e-01 7.100429823003029384e-02 4.549824782903716947e-01 1.587548617877744261e-01 5.980945109323292375e-01 7.123709191389338002e-01 6.022231946760879806e-01 5.110722331750779945e-01 4.338757457458726208e-01 8.790059613772933655e-01 7.519080884574712575e-01 5.551451318969311544e-01 4.747700829952764545e-01 8.807092007706751602e-01 6.685322858405645663e-01 0.000000000000000000e+00 6.366204932750606504e-01 8.492527397281355306e-01 6.263890826260049005e-01 8.296452082346388313e-01 5.272200319803757029e-01 6.929312221075207834e-01 7.657068719224944253e-01 2.484831596301920742e-01 4.759057834989001146e-01 1.446401773734857232e-01
4.698028579745225364e-01 7.173666683450528048e-01 3.567527595752697511e-01 3.675098997307269522e-01 3.987252947011739046e-01 2.387724461444128976e-01 5.326941695743641070e-01 9.214820927525719796e-01 7.572815905996957975e-01 4.151156468921094467e-01 1.569332680915591638e-01 2.087645540327306981e-01 3.412882112393068601e-01 5.299824979356244636e-01 5.323689949963437140e-01 8.728147354342405961e-01 8.935393758148897358e-01 6.325600262211457103e-01 3.976543089412523102e-01 5.251972806909407376e-01 4.827318054803083069e-01 8.657697064993250535e-01 3.151162336714924406e-01 4.450156460585285578e-01 6.366204932750606504e-01 0.000000000000000000e+00 6.799562381606679695e-01 5.134679711715672834e-01 5.811566197805952960e-01 7.363107747350128296e-01 8.992114355532319081e-01 8.775311811541361973e-01 6.028064129108341440e-01 5.075748520689233878e-01 3.387858711581317461e-01
4.949078763914794843e-01 5.730639864013726825e-01 5.166960534113629322e-01 2.358509589579366184e-01 3.793780612521095996e-01 4.938350704754266851e-01 4.066775399967135218e-01 4.025312215252320747e-01 6.178599371395363526e-01 4.610582076582019906e-01 5.092665068867689993e-01 6.554990647134746329e-01 6.380232950261842673e-01 6.998620415047899224e-01 6.700933086403138006e-01 3.790769046779445262e-01 2.442022597243254378e-01 6.221162977733267763e-01 9.248651196689559040e-01 4.651404781759150842e-01 5.683184967945764665e-01 5.454270440058985869e-01 5.751334367828115912e-01 8.934008421878720796e-01 8.492527397281355306e-01 6.799562381606679695e-01 0.000000000000000000e+00 1.340873297196880642e-01 9.089928945626786216e-01 3.824360198344065598e-01 7.591372374617013641e-01 3.690668400354826240e-01 6.274228573913720464e-01 9.476540052997939334e-02 3.568709443290966066e-01
4.823605014047333550e-01 6.967533806582064670e-01 4.806655780830796920e-01 4.691077044720753930e-01 5.863674338481577042e-01 2.317868735049583018e-01 1.419657432975283129e-01 2.100041965792611709e-01 2.126869510172592070e-01 3.949508808337611754e-01 8.247453702957849853e-01 3.522162887356360406e-01 3.439822673384617113e-01 4.145281896392847276e-01 5.484772041021308553e-01 6.127801807037011050e-01 4.885436996381719021e-01 7.471634472066910337e-01 3.169954253592103255e-01 6.933582119275432110e-01 3.976475220503131736e-01 5.896406660261477306e-01 3.983456565993441223e-01 3.983001904408018379e-01 6.263890826260049005e-01 5.134679711715672834e-01 1.340873297196880642e-01 0.000000000000000000e+00 5.434231709294735646e-01 1.678959147516835282e-01 8.438043115818408824e-01 7.430124250127712049e-01 1.691848171886717322e-02 2.933208151761346194e-01 4.388775367030485208e-01
5.571883126379650886e-01 2.342944120461319946e-01 6.808381058678409925e-01 4.710506791084700939e-01 9.721584044914532985e-02 4.883320983867679432e-01 6.327847096500061053e-01 7.355458411014843545e-01 5.966982194729593125e-01 5.133179350669002661e-01 4.616015069203441845e-01 6.014331060092683590e-01 1.125754610419905655e-01 6.083363927246228098e-01 6.054290483804012357e-01 8.056355591391073379e-02 4.849895344273861819e-01 7.619619189163775452e-01 4.433254476773137998e-01 3.539810746205466763e-01 6.796642806507841028e-01 8.417907055637098290e-01 5.096783580431472060e-01 9.288185487106366267e-01 8.296452082346388313e-01 5.811566197805952960e-01 9.089928945626786216e-01 5.434231709294735646e-01 0.000000000000000000e+00 7.535262146091603608e-01 3.443775574912754101e-01 1.463223692417695565e-01 6.666132382285707703e-01 5.743069821730433233e-01 5.064995838867256683e-01
2.716490082390597971e-01 4.327878408652948705e-01 8.615976645589380478e-01 4.769231463385714687e-01 2.404415778464844555e-01 6.526783067651090731e-01 2.668108452808209963e-01 4.080174697255579686e-01 2.806223207957643240e-01 5.281732669458369944e-01 9.760271498258924483e-01 3.461763226280202277e-01 9.355365468823189090e-01 4.427603669281305332e-01 4.695241339286482241e-01 4.008238437097434437e-01 5.397569621767658310e-01 1.715192766386874901e-02 1.672870559194912787e-01 5.140271407697475370e-01 5.695831859727755742e-01 5.480910098033682232e-01 7.292432316509556145e-01 5.712378563623077277e-02 5.272200319803757029e-01 7.363107747350128296e-01 3.824360198344065598e-01 1.678959147516835282e-01 7.535262146091603608e-01 0.000000000000000000e+00 9.537808397265645777e-02 3.631930598693533518e-01 7.503823412061112474e-01 4.753501260800387374e-01 6.999791422876794345e-01
6.790240518331587261e-01 2.511772860142280073e-01 5.192881014295960274e-01 4.763331724978381310e-01 7.506853700977256239e-01 6.938979416669881495e-01 2.195909298871717152e-01 3.538077070546898906e-01 3.531735228882137978e-01 8.347369415114251900e-01 4.937826411886813149e-01 8.445195612137536001e-01 5.494441759705176453e-01 4.201517439510690233e-01 1.707710374634159312e-01 6.485420452601617924e-01 6.381544159999104071e-01 5.551153532400665558e-01 9.732006495736307272e-01 8.476952261863979210e-01 2.338131300743084839e-02 9.294585636486373259e-01 6.467050313192006517e-01 6.798385360688852241e-01 6.929312221075207834e-01 8.992114355532319081e-01 7.591372374617013641e-01 8.438043115818408824e-01 3.443775574912754101e-01 9.537808397265645777e-02 0.000000000000000000e+00 7.266398949282359965e-02 2.620563136046391017e-01 9.149540816075388827e-01 3.762414078051528610e-01
8.374637651696619223e-01 5.489967982347316866e-01 3.901302109536160523e-01 5.766942374865011711e-01 5.731282690406346303e-01 6.407810383129819432e-01 8.065249931047224763e-02 7.869135771885940045e-01 6.446599843236440197e-01 6.715561964758902658e-01 5.682772806656235520e-01 5.609440080017671360e-01 5.309224705913861975e-01 2.261507632639352394e-01 4.283711832052415347e-01 7.700005632867303884e-01 2.351969892072518220e-01 4.546928950141966297e-01 1.824098366106839952e-01 2.202287028817626613e-01 7.644257797157457679e-01 6.462795891044750274e-01 7.454187186937226706e-01 2.498546787164033223e-01 7.657068719224944253e-01 8.775311811541361973e-01 3.690668400354826240e-01 7.430124250127712049e-01 1.463223692417695565e-01 3.631930598693533518e-01 7.266398949282359965e-02 0.000000000000000000e+00 6.725944766162835764e-01 8.798931691428425461e-01 8.457351754282131928e-01
4.944435363140959883e-01 5.823234336845750647e-01 7.265716921777237713e-01 8.472410753797134930e-01 2.658243827868471687e-01 5.634760663766480437e-01 3.262405193374733336e-01 5.880858857596544809e-01 2.144330792734320257e-01 4.394777861042423184e-01 9.298786299223733565e-01 7.481986002660697688e-01 4.590003003284325311e-01 3.934273586898348607e-01 2.189781995009724147e-01 7.254862116148288465e-01 6.110087146432350291e-01 6.985671365790743215e-01 8.806153734268185040e-02 4.061128854292265777e-01 4.309055151315927534e-01 8.777354362344603755e-01 6.334014456331016341e-01 1.899210464681773125e-01 2.484831596301920742e-01 6.028064129108341440e-01 6.274228573913720464e-01 1.691848171886717322e-02 6.666132382285707703e-01 7.503823412061112474e-01 2.620563136046391017e-01 6.725944766162835764e-01 0.000000000000000000e+00 4.340612615908582272e-01 7.580933867070462906e-01
4.447572322129909050e-01 7.102651617698745312e-01 5.459278353292540409e-01 5.809801202701139200e-01 7.731440472027362176e-01 4.954102205300750517e-01 6.119810043422416745e-01 4.873649938344866150e-01 4.059870086478382656e-01 2.186890828660440489e-01 3.976679344088150936e-01 4.994001900813549444e-01 4.892116528117546048e-01 8.488193439536071416e-01 4.658280058604407636e-01 9.839300367566230499e-01 4.330230147052426815e-01 7.919069542862255950e-01 5.947105121572378028e-01 8.098679204962659917e-01 4.959010583759062563e-01 4.813067373353185907e-01 2.104723749151644618e-01 1.299306415034096052e-01 4.759057834989001146e-01 5.075748520689233878e-01 9.476540052997939334e-02 2.933208151761346194e-01 5.743069821730433233e-01 4.753501260800387374e-01 9.149540816075388827e-01 8.798931691428425461e-01 4.340612615908582272e-01 0.000000000000000000e+00 3.824812961081723861e-01
1.057030773093441400e-01 3.306214338502584393e-01 2.396528670783574788e-01 2.686831543777994380e-01 6.385423117021415962e-01 5.902470232316812115e-01 5.732689016115127822e-01 1.375611593403769373e-01 8.675390474617827863e-01 6.846121864312401106e-01 6.205607415004235072e-01 3.759600552816110275e-01 1.965891264518925263e-01 9.667305239658684490e-01 7.588049495198030403e-01 3.707919070869069023e-01 9.226087263550559747e-01 2.050575730726276191e-01 3.387943996007410918e-01 6.687730398062745607e-01 3.636761803509339086e-01 5.665667632419956190e-01 2.306896293512701313e-01 1.842016241471687854e-01 1.446401773734857232e-01 3.387858711581317461e-01 3.568709443290966066e-01 4.388775367030485208e-01 5.064995838867256683e-01 6.999791422876794345e-01 3.762414078051528610e-01 8.457351754282131928e-01 7.580933867070462906e-01 3.824812961081723861e-01 0.000000000000000000e+00
