0.000000000000000000e+00 7.721628952414993918e-01 8.528599962010159352e-01 8.718069290168941610e-01 6.909064511577542866e-01 4.953156437615828245e-01 4.758068357654553493e-01 4.866910592149582548e-01 6.347333447479930335e-01 6.249721300064172702e-01 5.181661585843568840e-01 2.263340877127692496e-01 2.357201533366968249e-01 8.014565557071411384e-01 4.568626852074375022e-01 4.821808866161461649e-01 7.408422987121641157e-01 4.641433997315729254e-01 3.204019613346744122e-01 7.934358291992618106e-01 4.004029427016599363e-01 7.530133830902927539e-01 7.916303170096170572e-01 7.416287049816888688e-01 5.089647414696805150e-01 7.737592441325729098e-01 3.507071489429258726e-01 7.252279151421237025e-01 4.914266856992668409e-01 7.239612928859693319e-01 8.978379131621780918e-01 7.687677063210121009e-01 3.862051170263495203e-01 6.875184394244358010e-01 4.724041222473800428e-01
7.721628952414993918e-01 0.000000000000000000e+00 6.963883195954868599e-01 4.120662093885115174e-01 4.698904624914632677e-01 4.785061085598629194e-01 8.026312044288513858e-01 5.296529644810465953e-01 6.826876009112946564e-01 9.499684535308401401e-01 6.693609053566955680e-01 5.402991904780682919e-01 5.305444579631229951e-01 5.368744622625187812e-01 7.060204050892362471e-01 7.719824346238548518e-01 5.076131340005313186e-01 6.336056896201597288e-01 4.905853651156174000e-01 4.272072003019038999e-01 6.353923266458156860e-01 3.553821839986031073e-01 6.463158934114251464e-01 2.923055098139283325e-01 2.677928630959971468e-01 7.447596800191490507e-01 6.502788487557757957e-01 1.029058703037537548e-01 7.777280258415077974e-01 5.296017230565894796e-01 6.827223063961762595e-01 7.971826515245896694e-01 8.675797279608246093e-01 4.496733436844378984e-01 5.544826974620438165e-01
8.528599962010159352e-01 6.963883195954868599e-01 0.000000000000000000e+00 8.387339504652123745e-01 7.138412604224555480e-01 4.465255831512563445e-01 4.986752797761793143e-01 5.271470757899755499e-01 3.928120218548695197e-01 1.090945970689317646e-01 6.399107909721823972e-01 4.760847321811241262e-01 5.030580212103308302e-01 7.638246530491563657e-01 9.786710796848874239e-02 7.893709848450132238e-01 4.926560096379862808e-01 3.868087236863723688e-01 3.112135490945292515e-01 8.044458761002021285e-01 4.403254055335620309e-01 5.048003634375997084e-01 4.398954679514745503e-01 6.978673796263659135e-01 3.960641316838093839e-01 1.297330929480687844e-01 3.993777123086737491e-01 8.030293739416627385e-01 3.399560705774177238e-01 7.104822564518235017e-01 4.177054428758322224e-01 3.725543123905679654e-01 3.740368968594611765e-01 4.794600729526924399e-01 1.397695689036718703e-01
8.718069290168941610e-01 4.120662093885115174e-01 8.387339504652123745e-01 0.000000000000000000e+00 4.240520461799445751e-01 6.253758448161487182e-01 6.638421423132786492e-01 5.808612979463423365e-01 9.565256840951917860e-01 5.284873513533762113e-01 5.929781856288652842e-01 2.920101659677254435e-01 6.827711055313767652e-02 8.219775376081429608e-01 3.961271322682950458e-01 6.485875625517997234e-01 5.910179467074172521e-01 2.063719295397979381e-01 4.692399610669775734e-01 8.030512266984308756e-01 5.606994000703331427e-01 6.168350297761724388e-01 7.014958703637986792e-01 5.463252576390688064e-01 5.665967651669483462e-01 4.384666393435343590e-02 7.827877654316091061e-01 7.374211699302404277e-01 8.389912798342715750e-01 5.250327124099114506e-01 4.716470355330923958e-01 6.968868046807336070e-01 6.894428274560537862e-01 8.503336946401562901e-01 5.120902416783048583e-01
6.909064511577542866e-01 4.698904624914632677e-01 7.138412604224555480e-01 4.240520461799445751e-01 0.000000000000000000e+00 5.655653066223653713e-01 5.139721232982203958e-01 6.679372742547775577e-01 3.010013027585130563e-01 9.410719510614713457e-01 7.358690774579529359e-01 6.735761671231053072e-01 4.446148016373998035e-01 6.238370690614610803e-01 4.053575450589135265e-01 8.353322154904976315e-01 8.559656738058146752e-01 7.564146848831241332e-01 8.631818349649147404e-01 7.711152553113618247e-01 3.903198184369710555e-01 3.649799108500847433e-01 7.361955625588114671e-01 3.201355014459641990e-01 8.593435060665163272e-01 5.555492712029554969e-01 5.298472328348780014e-01 6.396538091000618653e-01 5.778553226915918994e-01 7.374558887592839174e-01 4.553930613462688348e-01 8.809933099644603471e-01 5.546927892741813082e-01 5.365788550263508316e-01 6.125724507547775088e-01
4.953156437615828245e-01 4.785061085598629194e-01 4.465255831512563445e-01 6.253758448161487182e-01 5.655653066223653713e-01 0.000000000000000000e+00 7.630416400802000343e-01 6.255144420881297851e-01 7.325350362975120433e-01 6.476246741968739729e-01 2.779818318010698341e-01 1.853559795795550746e-01 5.455857882466234043e-01 3.221219889478369458e-01 5.996511094233778483e-01 4.310494336158229300e-01 6.294499089571098382e-01 4.684843293332961456e-01 5.124890740067733486e-01 6.208926308010727091e-01 4.566448334799786402e-01 1.546082314258742096e-01 8.192864842675959824e-01 7.178505107373617244e-01 5.041777376048228732e-01 3.585465217076484468e-01 6.589439159070815677e-01 7.003098481229051986e-01 4.699156054432019891e-01 8.420805763326690840e-01 5.086987334424686313e-01 7.322338490161954816e-01 7.192726957653816644e-01 4.489275172470801323e-01 7.501997494532677280e-01
4.758068357654553493e-01 8.026312044288513858e-01 4.986752797761793143e-01 6.638421423132786492e-01 5.139721232982203958e-01 7.630416400802000343e-01 0.000000000000000000e+00 9.437955749419568718e-02 1.293742357001321786e-01 3.123256883974292464e-01 5.140081089119443725e-01 3.570465272672878609e-01 6.202873278071243668e-01 5.839713415549784292e-01 4.684411578247414942e-01 8.871900212235476202e-01 7.018271000435132301e-01 9.016748945878305666e-01 3.645475430236695402e-01 4.764542519680358690e-01 1.226483911889828526e-01 5.328819298736496846e-01 4.320418668219441760e-01 3.113116944650842211e-01 6.182010211054186355e-01 4.631707457579886666e-01 6.142344815124378687e-01 5.058814691038493461e-01 7.087861532882979709e-01 3.883759736604017188e-01 4.411657845112509913e-01 6.325156309091150009e-01 1.397959982040282156e-01 5.667250127604932519e-01 5.607912276732291978e-01
4.866910592149582548e-01 5.296529644810465953e-01 5.271470757899755499e-01 5.808612979463423365e-01 6.679372742547775577e-01 6.255144420881297851e-01 9.437955749419568718e-02 0.000000000000000000e+00 4.189437935145038927e-01 1.764462763018899705e-01 3.016611924006278866e-01 5.429507206263914920e-01 5.316064126074838692e-01 5.485303522690665456e-01 3.974886793810962216e-01 6.244419558432265926e-01 5.538064984241066746e-01 5.004136412150630431e-01 8.870632965613918230e-01 4.944965062723588045e-01 5.810164294637312210e-01 3.245277033286984025e-01 7.621988093462384040e-02 9.585623616690619464e-02 8.229274391154894897e-01 5.335842032834579030e-01 4.638161004417439837e-01 5.738556923949216237e-01 3.543916013672193666e-01 1.474401049360652416e-01 7.824481176294844076e-01 4.068620742744029628e-01 5.035822060242045595e-01 6.354399045875250840e-01 7.861481566451851144e-01
6.347333447479930335e-01 6.826876009112946564e-01 3.928120218548695197e-01 9.565256840951917860e-01 3.010013027585130563e-01 7.325350362975120433e-01 1.293742357001321786e-01 4.189437935145038927e-01 0.000000000000000000e+00 8.108955749562034576e-01 2.194206283665233737e-01 4.812357764407241834e-01 1.413445478730550597e-01 5.205804525416561912e-01 6.916606620686035489e-01 7.549582736237414604e-01 8.289255680199600906e-01 2.886125515550426734e-01 7.606161099155204219e-01 4.747739882389654942e-01 5.240580232914756609e-01 2.379835353059425451e-01 1.426284590598062008e-01 4.936773212663108090e-01 2.667769776562242123e-01 5.062865048507310117e-01 3.607101673559046096e-01 4.362587716776133440e-01 3.689183725264721381e-01 3.466108674216481500e-01 4.976368093172105489e-01 3.760283742091283798e-01 8.349755032304007063e-01 6.797312063954898953e-01 5.785010320293306751e-01
6.249721300064172702e-01 9.499684535308401401e-01 1.090945970689317646e-01 5.284873513533762113e-01 9.410719510614713457e-01 6.476246741968739729e-01 3.123256883974292464e-01 1.764462763018899705e-01 8.108955749562034576e-01 0.000000000000000000e+00 1.946600347001030684e-01 8.464709237808467623e-01 6.800040564785581054e-01 1.170641101423092190e-01 9.189824199691583040e-01 8.322364193843330149e-01 5.800966809963450377e-01 4.587925544289465085e-01 5.001491220680562844e-01 2.207436812833043493e-01 6.435660922388424243e-01 5.611557590673044160e-01 4.988349355629897453e-01 3.992172489535650848e-01 6.910636272991562690e-01 5.809077468176888637e-01 2.224531303199091536e-01 3.442626579733486514e-01 8.563130444201823011e-01 6.573167991438777502e-01 3.718428976860139734e-01 5.552194142393129805e-01 5.931171296026649387e-01 8.188202309396193090e-01 8.976332890811793419e-01
5.181661585843568840e-01 6.693609053566955680e-01 6.399107909721823972e-01 5.929781856288652842e-01 7.358690774579529359e-01 2.779818318010698341e-01 5.140081089119443725e-01 3.016611924006278866e-01 2.194206283665233737e-01 1.946600347001030684e-01 0.000000000000000000e+00 8.062453967008511579e-01 5.132028316041418181e-01 4.987760199769212255e-01 1.428619346203693352e-01 4.650211533844284539e-01 1.467672062509154385e-01 6.949321505628149875e-01 7.286307105068456913e-01 5.288433326635761933e-01 6.359203305957618069e-01 2.064874478116378032e-01 7.819152568378823220e-01 6.599306126362842750e-01 8.100567290699705048e-01 5.791002442084373092e-01 7.349036531397500349e-01 7.026945065944849578e-01 4.631565721770095068e-01 2.518992251508505031e-01 6.898618631296637993e-01 4.293312228452553780e-01 9.059703203414666284e-01 2.548930455981178733e-01 1.072049253477813657e-01
2.263340877127692496e-01 5.402991904780682919e-01 4.760847321811241262e-01 2.920101659677254435e-01 6.735761671231053072e-01 1.853559795795550746e-01 3.570465272672878609e-01 5.429507206263914920e-01 4.812357764407241834e-01 8.464709237808467623e-01 8.062453967008511579e-01 0.000000000000000000e+00 5.462225144578276570e-01 2.941763194659915426e-01 5.253795576710539317e-01 4.568873190524970207e-01 8.165832435393087785e-01 8.439006489421330137e-02 4.099460276751911714e-01 7.132268442213520743e-01 6.506231762329419688e-01 6.322157385699667120e-01 4.014304255799890364e-01 7.411117142285104098e-01 4.969559901740512875e-01 4.964378787953439565e-01 3.927452861694125663e-01 8.803049452757563120e-01 9.548024836565618401e-01 4.635999923523284050e-01 6.299969078830817137e-01 8.330552834286268915e-01 5.270043529057149012e-01 4.138427605727428849e-01 4.861139093205681938e-01
2.357201533366968249e-01 5.305444579631229951e-01 5.030580212103308302e-01 6.827711055313767652e-02 4.446148016373998035e-01 5.455857882466234043e-01 6.202873278071243668e-01 5.316064126074838692e-01 1.413445478730550597e-01 6.800040564785581054e-01 5.132028316041418181e-01 5.462225144578276570e-01 0.000000000000000000e+00 8.283051308603475160e-01 8.266732581391399437e-01 8.098268636021115352e-01 4.238124296517142842e-02 7.543456129717263092e-01 6.918960182603656195e-01 7.972063469478116726e-01 9.132418590763309307e-01 4.096541670840441185e-01 7.162297843797452712e-01 7.678964597474177145e-01 7.451729445547609076e-01 8.071211598976002488e-01 3.515629630276936868e-01 3.434749254204194635e-01 8.960988307867576719e-01 4.742112884146485463e-01 8.576694015449564112e-01 4.615025929715161346e-01 7.836703486439602351e-01 3.308594951899195280e-01 5.466139061427466306e-02
8.014565557071411384e-01 5.368744622625187812e-01 7.638246530491563657e-01 8.219775376081429608e-01 6.238370690614610803e-01 3.221219889478369458e-01 5.839713415549784292e-01 5.485303522690665456e-01 5.205804525416561912e-01 1.170641101423092190e-01 4.987760199769212255e-01 2.941763194659915426e-01 8.283051308603475160e-01 0.000000000000000000e+00 6.253978098099849392e-01 3.914013186392777954e-01 7.438219552239309085e-01 7.757740172115609179e-01 7.100206846392727034e-01 2.649419218891599925e-01 7.367144276801644853e-01 6.631756368860837192e-01 5.484172884121520930e-01 4.067217645297771522e-01 7.723191994708725749e-01 3.969760815803300424e-01 7.801818078248790034e-01 7.387756048253218966e-01 5.392825872918380892e-01 5.343006490689989896e-01 4.367160226508940424e-01 4.182586612404434190e-01 2.034075859513240214e-01 3.832720099768514022e-01 5.728734462201714450e-01
4.568626852074375022e-01 7.060204050892362471e-01 9.786710796848874239e-02 3.961271322682950458e-01 4.053575450589135265e-01 5.996511094233778483e-01 4.684411578247414942e-01 3.974886793810962216e-01 6.916606620686035489e-01 9.189824199691583040e-01 1.428619346203693352e-01 5.253795576710539317e-01 8.266732581391399437e-01 6.253978098099849392e-01 0.000000000000000000e+00 5.404441503987678086e-01 1.510936357595795698e-01 8.018301590850707150e-01 5.059631674268469936e-01 5.930529812020333136e-01 4.315269326707849018e-01 7.299514970641395317e-01 4.105080621192355173e-01 1.832874991024764366e-01 7.737353806424656089e-01 3.867821668903352328e-01 3.424234888435151447e-01 7.477576616959036304e-01 8.780613776179428953e-01 9.575961385102695900e-01 5.757509843108341574e-01 1.606965169196852283e-01 7.545979763630843440e-01 3.906256110850412355e-01 5.909961919956303600e-01
4.821808866161461649e-01 7.719824346238548518e-01 7.893709848450132238e-01 6.485875625517997234e-01 8.353322154904976315e-01 4.310494336158229300e-01 8.871900212235476202e-01 6.244419558432265926e-01 7.549582736237414604e-01 8.322364193843330149e-01 4.650211533844284539e-01 4.568873190524970207e-01 8.098268636021115352e-01 3.914013186392777954e-01 5.404441503987678086e-01 0.000000000000000000e+00 6.224130371484470903e-01 4.127919451062629363e-01 7.120458053656658626e-01 6.867992154543314243e-01 7.392333893752849328e-01 7.341863553446097423e-01 3.390369262764357794e-01 5.206394229825803688e-01 4.890553106172681463e-01 7.011840267130813320e-01 4.751124266944153907e-01 2.795949689888111989e-01 4.065084433420618204e-02 9.460745536201746742e-01 5.101052035284311392e-01 5.583288900214323780e-01 3.831909591475163301e-01 2.399990164933847314e-01 8.409981535019461774e-01
7.408422987121641157e-01 5.076131340005313186e-01 4.926560096379862808e-01 5.910179467074172521e-01 8.559656738058146752e-01 6.294499089571098382e-01 7.018271000435132301e-01 5.538064984241066746e-01 8.289255680199600906e-01 5.800966809963450377e-01 1.467672062509154385e-01 8.165832435393087785e-01 4.238124296517142842e-02 7.438219552239309085e-01 1.510936357595795698e-01 6.224130371484470903e-01 0.000000000000000000e+00 9.167100654368929291e-01 1.832607505709680229e-01 5.434005017086767086e-01 8.388650519494960101e-01 7.392954201173305151e-01 7.116103990358488840e-01 6.486859977934620325e-01 1.361483055965468925e-01 4.521609480966005123e-01 5.016183383206604951e-01 4.464938730902889286e-01 9.253049113874057818e-01 5.602508545354447644e-01 8.296634918289034211e-01 7.654814971168159010e-01 4.941562092517866600e-01 7.184291326488048135e-01 9.165035082943253641e-01
4.641433997315729254e-01 6.336056896201597288e-01 3.868087236863723688e-01 2.063719295397979381e-01 7.564146848831241332e-01 4.684843293332961456e-01 9.016748945878305666e-01 5.004136412150630431e-01 2.886125515550426734e-01 4.587925544289465085e-01 6.949321505628149875e-01 8.439006489421330137e-02 7.543456129717263092e-01 7.757740172115609179e-01 8.018301590850707150e-01 4.127919451062629363e-01 9.167100654368929291e-01 0.000000000000000000e+00 3.383762611713061474e-01 7.651669788063010236e-01 1.544700720920541004e-01 4.124221792492303584e-01 7.476811579096278582e-01 8.420137938502747499e-01 3.638172537724653766e-01 7.945065844198904159e-01 5.968319303585223334e-01 8.308142579744899336e-01 1.801588741190867649e-01 7.648080726941890450e-01 2.547016226002637995e-01 6.963858605331608720e-01 8.731359542261765139e-01 9.159667718746443699e-01 3.976530915516949261e-01
3.204019613346744122e-01 4.905853651156174000e-01 3.112135490945292515e-01 4.692399610669775734e-01 8.631818349649147404e-01 5.124890740067733486e-01 3.645475430236695402e-01 8.870632965613918230e-01 7.606161099155204219e-01 5.001491220680562844e-01 7.286307105068456913e-01 4.099460276751911714e-01 6.918960182603656195e-01 7.100206846392727034e-01 5.059631674268469936e-01 7.120458053656658626e-01 1.832607505709680229e-01 3.383762611713061474e-01 0.000000000000000000e+00 2.711411940867413106e-01 7.677092215042955470e-01 6.574505022033134694e-01 6.385705767319558301e-01 8.663643852553919444e-01 6.724315532156419639e-01 8.405479812580427534e-01 3.690898215323769049e-01 6.264220487957474770e-01 6.384437302007288650e-01 6.651680461049269688e-01 3.632225971311643375e-01 8.431874851603760046e-01 8.953349199184439389e-01 3.981059662400627808e-01 7.903776322527267251e-01
7.934358291992618106e-01 4.272072003019038999e-01 8.044458761002021285e-01 8.030512266984308756e-01 7.711152553113618247e-01 6.208926308010727091e-01 4.764542519680358690e-01 4.944965062723588045e-01 4.747739882389654942e-01 2.207436812833043493e-01 5.288433326635761933e-01 7.132268442213520743e-01 7.972063469478116726e-01 2.649419218891599925e-01 5.930529812020333136e-01 6.867992154543314243e-01 5.434005017086767086e-01 7.651669788063010236e-01 2.711411940867413106e-01 0.000000000000000000e+00 2.465805870926501830e-01 5.541311831931351461e-01 3.160004230073151232e-01 3.940902206890106729e-01 6.106671729203287935e-01 8.119556015084736789e-01 6.881166029137992801e-01 3.692546417859317032e-01 5.121869501067494168e-01 4.817479690364518952e-01 5.347202689048722313e-01 4.930088336364346624e-02 5.921466129683921054e-01 5.626743472563364712e-01 9.475501632758149828e-01
4.004029427016599363e-01 6.353923266458156860e-01 4.403254055335620309e-01 5.606994000703331427e-01 3.903198184369710555e-01 4.566448334799786402e-01 1.226483911889828526e-01 5.810164294637312210e-01 5.240580232914756609e-01 6.435660922388424243e-01 6.359203305957618069e-01 6.506231762329419688e-01 9.132418590763309307e-01 7.367144276801644853e-01 4.315269326707849018e-01 7.392333893752849328e-01 8.388650519494960101e-01 1.544700720920541004e-01 7.677092215042955470e-01 2.465805870926501830e-01 0.000000000000000000e+00 7.103846111123579554e-01 6.845513279507948745e-01 5.383818777268966072e-01 5.194139743628176653e-01 4.871425348856471271e-01 7.100917875703798288e-01 4.816765056896868402e-01 8.728876958317282053e-01 4.243389868231638995e-01 9.312775989962666090e-01 3.845841463761042189e-01 7.341039929474362236e-01 8.922502334894071296e-01 5.825334281135536862e-01
7.530133830902927539e-01 3.553821839986031073e-01 5.048003634375997084e-01 6.168350297761724388e-01 3.649799108500847433e-01 1.546082314258742096e-01 5.328819298736496846e-01 3.245277033286984025e-01 2.379835353059425451e-01 5.611557590673044160e-01 2.064874478116378032e-01 6.322157385699667120e-01 4.096541670840441185e-01 6.631756368860837192e-01 7.299514970641395317e-01 7.341863553446097423e-01 7.392954201173305151e-01 4.124221792492303584e-01 6.574505022033134694e-01 5.541311831931351461e-01 7.103846111123579554e-01 0.000000000000000000e+00 8.590542201471300654e-01 9.353993875746638986e-01 1.032309868127279096e-01 5.196886295597133998e-01 7.030017052478566564e-01 5.299573737998691803e-01 5.394660787540379587e-01 7.527095295677055375e-01 4.581564899060615592e-01 6.070612717895373933e-01 1.521903253766286879e-01 3.822581421022648862e-01 2.324918270200598824e-01
7.916303170096170572e-01 6.463158934114251464e-01 4.398954679514745503e-01 7.014958703637986792e-01 7.361955625588114671e-01 8.192864842675959824e-01 4.320418668219441760e-01 7.621988093462384040e-02 1.426284590598062008e-01 4.988349355629897453e-01 7.819152568378823220e-01 4.014304255799890364e-01 7.162297843797452712e-01 5.484172884121520930e-01 4.105080621192355173e-01 3.390369262764357794e-01 7.116103990358488840e-01 7.476811579096278582e-01 6.385705767319558301e-01 3.160004230073151232e-01 6.845513279507948745e-01 8.590542201471300654e-01 0.000000000000000000e+00 2.200081386838177444e-01 3.543203799059928549e-01 5.320585563677819874e-01 1.239899722356142542e-01 4.914451995758225000e-01 7.620221835415188494e-01 4.896236249585163014e-01 9.479531088027244312e-01 5.870649543409713900e-01 1.950967966172058032e-01 8.642007947417195135e-01 2.114185147908148599e-01
7.416287049816888688e-01 2.923055098139283325e-01 6.978673796263659135e-01 5.463252576390688064e-01 3.201355014459641990e-01 7.178505107373617244e-01 3.113116944650842211e-01 9.585623616690619464e-02 4.936773212663108090e-01 3.992172489535650848e-01 6.599306126362842750e-01 7.411117142285104098e-01 7.678964597474177145e-01 4.067217645297771522e-01 1.832874991024764366e-01 5.206394229825803688e-01 6.486859977934620325e-01 8.420137938502747499e-01 8.663643852553919444e-01 3.940902206890106729e-01 5.383818777268966072e-01 9.353993875746638986e-01 2.200081386838177444e-01 0.000000000000000000e+00 2.108587847602831911e-01 4.869410448769419530e-01 9.552467042770489414e-01 5.821412650459472093e-01 5.030730472209999915e-01 4.140880082107820659e-01 3.139259762535521747e-01 8.152411265334924551e-01 6.914259280813820352e-01 3.575258678871249263e-01 6.025225579528573627e-01
5.089647414696805150e-01 2.677928630959971468e-01 3.960641316838093839e-01 5.665967651669483462e-01 8.593435060665163272e-01 5.041777376048228732e-01 6.182010211054186355e-01 8.229274391154894897e-01 2.667769776562242123e-01 6.910636272991562690e-01 8.100567290699705048e-01 4.969559901740512875e-01 7.451729445547609076e-01 7.723191994708725749e-01 7.737353806424656089e-01 4.890553106172681463e-01 1.361483055965468925e-01 3.638172537724653766e-01 6.724315532156419639e-01 6.106671729203287935e-01 5.194139743628176653e-01 1.032309868127279096e-01 3.543203799059928549e-01 2.108587847602831911e-01 0.000000000000000000e+00 5.299319616972852920e-01 8.029741015677560600e-01 5.525652955559877677e-01 4.883541279596453899e-01 4.815696893237909615e-01 7.061172978148787527e-01 4.177295062528843528e-01 8.927840398778815745e-01 2.897730455799339411e-01 7.320620671076083497e-03
7.737592441325729098e-01 7.447596800191490507e-01 1.297330929480687844e-01 4.384666393435343590e-02 5.555492712029554969e-01 3.585465217076484468e-01 4.631707457579886666e-01 5.335842032834579030e-01 5.062865048507310117e-01 5.809077468176888637e-01 5.791002442084373092e-01 4.964378787953439565e-01 8.071211598976002488e-01 3.969760815803300424e-01 3.867821668903352328e-01 7.011840267130813320e-01 4.521609480966005123e-01 7.945065844198904159e-01 8.405479812580427534e-01 8.119556015084736789e-01 4.871425348856471271e-01 5.196886295597133998e-01 5.320585563677819874e-01 4.869410448769419530e-01 5.299319616972852920e-01 0.000000000000000000e+00 6.507335920399913709e-01 7.132461036697146373e-01 3.961978184463204045e-01 4.944516977323686335e-01 4.170783985134401961e-01 3.001064824871978454e-01 8.609765157172701855e-01 1.575093203154517285e-01 4.554605817594704065e-01
3.507071489429258726e-01 6.502788487557757957e-01 3.993777123086737491e-01 7.827877654316091061e-01 5.298472328348780014e-01 6.589439159070815677e-01 6.142344815124378687e-01 4.638161004417439837e-01 3.607101673559046096e-01 2.224531303199091536e-01 7.349036531397500349e-01 3.927452861694125663e-01 3.515629630276936868e-01 7.801818078248790034e-01 3.424234888435151447e-01 4.751124266944153907e-01 5.016183383206604951e-01 5.968319303585223334e-01 3.690898215323769049e-01 6.881166029137992801e-01 7.100917875703798288e-01 7.030017052478566564e-01 1.239899722356142542e-01 9.552467042770489414e-01 8.029741015677560600e-01 6.507335920399913709e-01 0.000000000000000000e+00 5.091779146690760260e-01 2.235334940829609152e-01 6.410788022483911996e-01 7.370948803277809214e-01 7.236677304302279179e-01 8.889410817646493657e-01 3.234531422656837796e-01 3.695166416176029478e-01
7.252279151421237025e-01 1.029058703037537548e-01 8.030293739416627385e-01 7.374211699302404277e-01 6.396538091000618653e-01 7.003098481229051986e-01 5.058814691038493461e-01 5.738556923949216237e-01 4.362587716776133440e-01 3.442626579733486514e-01 7.026945065944849578e-01 8.803049452757563120e-01 3.434749254204194635e-01 7.387756048253218966e-01 7.477576616959036304e-01 2.795949689888111989e-01 4.464938730902889286e-01 8.308142579744899336e-01 6.264220487957474770e-01 3.692546417859317032e-01 4.816765056896868402e-01 5.299573737998691803e-01 4.914451995758225000e-01 5.821412650459472093e-01 5.525652955559877677e-01 7.132461036697146373e-01 5.091779146690760260e-01 0.000000000000000000e+00 3.003398653169211396e-01 7.662289863620423969e-01 4.873975094967979427e-01 5.929148066315458321e-01 5.271553692074892883e-01 6.249892406104802234e-01 6.683074478096475701e-01
4.914266856992668409e-01 7.777280258415077974e-01 3.399560705774177238e-01 8.389912798342715750e-01 5.778553226915918994e-01 4.699156054432019891e-01 7.087861532882979709e-01 3.543916013672193666e-01 3.689183725264721381e-01 8.563130444201823011e-01 4.631565721770095068e-01 9.548024836565618401e-01 8.960988307867576719e-01 5.392825872918380892e-01 8.780613776179428953e-01 4.065084433420618204e-02 9.253049113874057818e-01 1.801588741190867649e-01 6.384437302007288650e-01 5.121869501067494168e-01 8.728876958317282053e-01 5.394660787540379587e-01 7.620221835415188494e-01 5.030730472209999915e-01 4.883541279596453899e-01 3.961978184463204045e-01 2.235334940829609152e-01 3.003398653169211396e-01 0.000000000000000000e+00 8.774911203428392703e-01 5.110193293598190856e-01 6.105975166190940051e-01 3.305934037002278281e-01 9.057265106388759923e-01 4.511332771850427581e-01
7.239612928859693319e-01 5.296017230565894796e-01 7.104822564518235017e-01 5.250327124099114506e-01 7.374558887592839174e-01 8.420805763326690840e-01 3.883759736604017188e-01 1.474401049360652416e-01 3.466108674216481500e-01 6.573167991438777502e-01 2.518992251508505031e-01 4.635999923523284050e-01 4.742112884146485463e-01 5.343006490689989896e-01 9.575961385102695900e-01 9.460745536201746742e-01 5.602508545354447644e-01 7.648080726941890450e-01 6.651680461049269688e-01 4.817479690364518952e-01 4.243389868231638995e-01 7.527095295677055375e-01 4.896236249585163014e-01 4.140880082107820659e-01 4.815696893237909615e-01 4.944516977323686335e-01 6.410788022483911996e-01 7.662289863620423969e-01 8.774911203428392703e-01 0.000000000000000000e+00 5.459241250014874591e-01 2.374794275280798228e-01 5.442053228531997799e-01 3.884641671517646278e-01 5.129505719904956518e-01
8.978379131621780918e-01 6.827223063961762595e-01 4.177054428758322224e-01 4.716470355330923958e-01 4.553930613462688348e-01 5.086987334424686313e-01 4.411657845112509913e-01 7.824481176294844076e-01 4.976368093172105489e-01 3.718428976860139734e-01 6.898618631296637993e-01 6.299969078830817137e-01 8.576694015449564112e-01 4.367160226508940424e-01 5.757509843108341574e-01 5.101052035284311392e-01 8.296634918289034211e-01 2.547016226002637995e-01 3.632225971311643375e-01 5.347202689048722313e-01 9.312775989962666090e-01 4.581564899060615592e-01 9.479531088027244312e-01 3.139259762535521747e-01 7.061172978148787527e-01 4.170783985134401961e-01 7.370948803277809214e-01 4.873975094967979427e-01 5.110193293598190856e-01 5.459241250014874591e-01 0.000000000000000000e+00 5.653874591536434124e-01 7.646943588548312798e-01 5.388532828732404134e-01 2.943759928500530032e-01
7.687677063210121009e-01 7.971826515245896694e-01 3.725543123905679654e-01 6.968868046807336070e-01 8.809933099644603471e-01 7.322338490161954816e-01 6.325156309091150009e-01 4.068620742744029628e-01 3.760283742091283798e-01 5.552194142393129805e-01 4.293312228452553780e-01 8.330552834286268915e-01 4.615025929715161346e-01 4.182586612404434190e-01 1.606965169196852283e-01 5.583288900214323780e-01 7.654814971168159010e-01 6.963858605331608720e-01 8.431874851603760046e-01 4.930088336364346624e-02 3.845841463761042189e-01 6.070612717895373933e-01 5.870649543409713900e-01 8.152411265334924551e-01 4.177295062528843528e-01 3.001064824871978454e-01 7.236677304302279179e-01 5.929148066315458321e-01 6.105975166190940051e-01 2.374794275280798228e-01 5.653874591536434124e-01 0.000000000000000000e+00 6.757169928550901261e-01 1.758187994548344735e-01 5.318063853372336780e-01
3.862051170263495203e-01 8.675797279608246093e-01 3.740368968594611765e-01 6.894428274560537862e-01 5.546927892741813082e-01 7.192726957653816644e-01 1.397959982040282156e-01 5.035822060242045595e-01 8.349755032304007063e-01 5.931171296026649387e-01 9.059703203414666284e-01 5.270043529057149012e-01 7.836703486439602351e-01 2.034075859513240214e-01 7.545979763630843440e-01 3.831909591475163301e-01 4.941562092517866600e-01 8.731359542261765139e-01 8.953349199184439389e-01 5.921466129683921054e-01 7.341039929474362236e-01 1.521903253766286879e-01 1.950967966172058032e-01 6.914259280813820352e-01 8.927840398778815745e-01 8.609765157172701855e-01 8.889410817646493657e-01 5.271553692074892883e-01 3.305934037002278281e-01 5.442053228531997799e-01 7.646943588548312798e-01 6.757169928550901261e-01 0.000000000000000000e+00 3.550504629646129562e-01 1.713810158714247356e-01
6.875184394244358010e-01 4.496733436844378984e-01 4.794600729526924399e-01 8.503336946401562901e-01 5.365788550263508316e-01 4.489275172470801323e-01 5.667250127604932519e-01 6.354399045875250840e-01 6.797312063954898953e-01 8.188202309396193090e-01 2.548930455981178733e-01 4.138427605727428849e-01 3.308594951899195280e-01 3.832720099768514022e-01 3.906256110850412355e-01 2.399990164933847314e-01 7.184291326488048135e-01 9.159667718746443699e-01 3.981059662400627808e-01 5.626743472563364712e-01 8.922502334894071296e-01 3.822581421022648862e-01 8.642007947417195135e-01 3.575258678871249263e-01 2.897730455799339411e-01 1.575093203154517285e-01 3.234531422656837796e-01 6.249892406104802234e-01 9.057265106388759923e-01 3.884641671517646278e-01 5.388532828732404134e-01 1.758187994548344735e-01 3.550504629646129562e-01 0.000000000000000000e+00 1.629614383505386677e-01
4.724041222473800428e-01 5.544826974620438165e-01 1.397695689036718703e-01 5.120902416783048583e-01 6.125724507547775088e-01 7.501997494532677280e-01 5.607912276732291978e-01 7.861481566451851144e-01 5.785010320293306751e-01 8.976332890811793419e-01 1.072049253477813657e-01 4.861139093205681938e-01 5.466139061427466306e-02 5.728734462201714450e-01 5.909961919956303600e-01 8.409981535019461774e-01 9.165035082943253641e-01 3.976530915516949261e-01 7.903776322527267251e-01 9.475501632758149828e-01 5.825334281135536862e-01 2.324918270200598824e-01 2.114185147908148599e-01 6.025225579528573627e-01 7.320620671076083497e-03 4.554605817594704065e-01 3.695166416176029478e-01 6.683074478096475701e-01 4.511332771850427581e-01 5.129505719904956518e-01 2.943759928500530032e-01 5.318063853372336780e-01 1.713810158714247356e-01 1.629614383505386677e-01 0.000000000000000000e+00
