0.000000000000000000e+00 7.970148309461713154e-01 4.117259261613621657e-01 7.402072614107978454e-01 2.824432180267006376e-01 1.035290162065672925e-01 5.685727291928044380e-01 1.423486622603789553e-01 5.603922898744917447e-01 6.179142442884741904e-01 8.686901226478542792e-01 5.315417576700379731e-01 5.177267050918812341e-01 8.655542896116413809e-01 1.386640259333796754e-01 4.305166148405891735e-01 5.775570798637277292e-01 4.931737724245224275e-01 2.714120766736690671e-01 5.469144807673853581e-01 2.474305576162371123e-01 7.971016770140888497e-01 7.486387355294840118e-01 8.341436497609533429e-01 9.207635759542887044e-02 6.268599020967349222e-01 6.411976366751968026e-01 5.599641726109190198e-01 4.427889118174691552e-01 5.917683878314823342e-01 8.913412598293066758e-01 8.099288638408755903e-01 7.488234438180096930e-01 5.167069930993127835e-01 4.453338565472552690e-01
7.970148309461713154e-01 0.000000000000000000e+00 5.153687510574178621e-01 6.900200872271583519e-01 6.798141223683727974e-01 3.419496512272823807e-01 8.970876262176376015e-01 4.953703022236490283e-01 4.803477426768753000e-01 6.644169953798795270e-01 4.541642023461833766e-02 9.190856312241855175e-01 9.495932916551184100e-01 7.884824157516836518e-01 7.302269879501035454e-01 3.343103820315909691e-01 9.748962418851396805e-01 1.275155186910325034e-01 3.675733120274259913e-01 3.111463252531131429e-01 4.913873528684603587e-01 8.302879409032088986e-01 4.772448908461989769e-01 2.464352240033000352e-01 3.083196562948481989e-01 4.313777338799654748e-01 5.001439125018590781e-01 5.905011677859826058e-01 5.222902704760761239e-01 3.645934165916031588e-02 5.842024107318952719e-01 6.253809034594196570e-01 4.683093091311263390e-01 7.383475436629821642e-01 3.593816000154991808e-01
4.117259261613621657e-01 5.153687510574178621e-01 0.000000000000000000e+00 1.517727879067981567e-01 8.572327193799040845e-01 9.389102060515406301e-01 8.144284552432798918e-01 2.062491716861730717e-01 8.813451354776574709e-01 5.593518115810911517e-01 8.900456338674540557e-01 8.589777988550681975e-01 6.171379140298485222e-01 4.947564647466458632e-01 8.235129260789658678e-01 6.247535215257093988e-01 7.221255511907159752e-01 5.838797865949749699e-01 4.756256474548931079e-01 4.890495549072906845e-01 7.407777952544576383e-01 8.454034620637416175e-01 5.809246284361230250e-01 8.660867480177708577e-01 6.344549006949514736e-01 9.592748075300561172e-01 6.943028762307187352e-01 4.889116927672902957e-01 3.186745249954029413e-01 9.121642753888097310e-01 7.289878388974585510e-01 4.740433448342658562e-01 7.297412237591824891e-01 8.032010097329009835e-01 3.150017589558405939e-01
7.402072614107978454e-01 6.900200872271583519e-01 1.517727879067981567e-01 0.000000000000000000e+00 3.843836782367066607e-01 6.697809963564274049e-01 6.584164736796596085e-01 6.675555198393785528e-01 4.025573291822038824e-01 7.225406837984722497e-01 2.222105416120689902e-02 8.478133716069089498e-01 5.220362504829472172e-01 7.573684455902014445e-01 3.260984585223157262e-01 9.148926900554916752e-01 2.497707913883181197e-01 9.020616461198343039e-01 3.546336271265402296e-01 6.803647895588019745e-01 4.093039836569023482e-02 5.311284515965314368e-01 7.045585166485575090e-01 4.456065834704372453e-01 7.471244713770474055e-01 4.113461175487335697e-01 2.708867692673305738e-01 8.684628332436654663e-01 4.770960852780272710e-01 4.863933777921208845e-01 4.341043366120803659e-01 2.812780645701259408e-01 7.032686468805180446e-01 7.282360101396683216e-01 3.007081137174130170e-01
2.824432180267006376e-01 6.798141223683727974e-01 8.572327193799040845e-01 3.843836782367066607e-01 0.000000000000000000e+00 6.012021057349982156e-01 3.037318352571415359e-01 4.847861100048453387e-01 6.466203025086620926e-01 7.379919790892556231e-01 8.514466534448434931e-01 6.963588636723037073e-01 8.684127731704633923e-01 1.562726549840244283e-01 6.662852486456343204e-01 8.860335568856532173e-01 6.556732269550220593e-01 4.883533892660453235e-01 1.797433211152459354e-01 4.889589915169488821e-01 1.716662617924206158e-01 7.650908795564020926e-01 8.423923700171578322e-01 6.128362699327711827e-01 2.538139393118864495e-01 8.305406889910671442e-01 5.015348102564461952e-01 8.572512296030455614e-01 4.895039357616293163e-01 2.088206130548738715e-01 6.959037203697649998e-01 9.200362060064086744e-01 7.877569183422199472e-01 5.918082976038785414e-01 4.521375747277482371e-01
1.035290162065672925e-01 3.419496512272823807e-01 9.389102060515406301e-01 6.697809963564274049e-01 6.012021057349982156e-01 0.000000000000000000e+00 1.263090764984363679e-01 7.823523236391043412e-01 6.482490622865844099e-01 6.864090288880766444e-01 7.233195727444534651e-01 5.010034527985469666e-01 4.980494860241284072e-01 5.438937612576637548e-01 7.515825489807115289e-02 5.406993332329665947e-01 4.834944244405188774e-01 7.893810656280481064e-01 5.892157702305107492e-01 8.895923361251769634e-01 8.465023437321673727e-01 4.085216399409981047e-01 5.424510429044225868e-01 4.215477253942915836e-01 7.287621390412319933e-01 8.266245581004849630e-01 3.964485992733803310e-01 3.153515192690584668e-01 8.948987192203439189e-01 3.205399268523190237e-01 8.525734000863403050e-01 5.774862561496310054e-01 4.176490299721672961e-01 5.729019687970063890e-01 8.028201715841806196e-01
5.685727291928044380e-01 8.970876262176376015e-01 8.144284552432798918e-01 6.584164736796596085e-01 3.037318352571415359e-01 1.263090764984363679e-01 0.000000000000000000e+00 3.342915740103067357e-01 4.154771288078552560e-01 1.560111772550080711e-01 2.159530245501362078e-01 4.644342248056759770e-01 6.357561972979641762e-01 6.455851170330421107e-01 8.101198298932911213e-01 7.091667879971369493e-01 3.362613143591036691e-01 2.079569186329019992e-01 5.907100966560031585e-01 8.503787128636524084e-01 4.110042184505453555e-01 4.745480467953998027e-01 6.243280809213269666e-01 5.427037224143227423e-01 6.469761617528281272e-01 5.179059007449332563e-01 7.818075309799598083e-01 1.721156960649408152e-01 4.122344243796248753e-01 5.111445823051858905e-01 4.437218339883426954e-01 1.428119449114858552e-01 7.018225407131534199e-01 5.080696893474361264e-01 3.446163452553711037e-01
1.423486622603789553e-01 4.953703022236490283e-01 2.062491716861730717e-01 6.675555198393785528e-01 4.847861100048453387e-01 7.823523236391043412e-01 3.342915740103067357e-01 0.000000000000000000e+00 4.712364087428894122e-01 7.564130430926520043e-01 4.004962594152748911e-01 7.279030374610007126e-01 4.820976402183602127e-01 4.912694151627485795e-01 6.580768894092524635e-01 5.279906229652828742e-01 9.024259867906148092e-01 6.644792928724387870e-01 5.079242196983608792e-01 4.767650321714788086e-01 5.519385431253540641e-01 5.165383119080075858e-01 8.283853628323387674e-01 8.015826166248090079e-01 7.976580389206577859e-01 6.354723064511376140e-01 8.081991839292050894e-01 6.003601316367102037e-01 4.304632321682984042e-01 7.142912726428857217e-01 4.115361145109621144e-01 3.357943161907721019e-01 4.839505508661313682e-01 4.809803214580455344e-01 5.071840004013848935e-01
5.603922898744917447e-01 4.803477426768753000e-01 8.813451354776574709e-01 4.025573291822038824e-01 6.466203025086620926e-01 6.482490622865844099e-01 4.154771288078552560e-01 4.712364087428894122e-01 0.000000000000000000e+00 8.535603771021320618e-01 3.619332685743148481e-01 7.818103188737002274e-01 4.353948818286930700e-01 8.133775256729375291e-01 3.285531599807893777e-01 6.466976576076410854e-02 3.993055684572802133e-01 3.356830672234596413e-01 2.391484293866614763e-01 8.639170487936027598e-01 2.567835868924427389e-01 8.438002818792025295e-01 7.113190299069289679e-01 9.411395990245231546e-01 1.515057491452349581e-01 8.338069769120557417e-01 8.027205693595296232e-01 8.488750730005775180e-01 9.291435770766180990e-01 3.113445434100470255e-01 3.050579227769230073e-01 3.919379353580976777e-01 7.188540735619508570e-01 7.711776134169281427e-01 3.356269238966627100e-01
6.179142442884741904e-01 6.644169953798795270e-01 5.593518115810911517e-01 7.225406837984722497e-01 7.379919790892556231e-01 6.864090288880766444e-01 1.560111772550080711e-01 7.564130430926520043e-01 8.535603771021320618e-01 0.000000000000000000e+00 4.268947602249889006e-01 4.391647044930978572e-01 3.002426757827854620e-01 3.906164844066000730e-01 3.784316557889939037e-01 8.145338745402134206e-01 7.777521368908656418e-01 1.650834969861068036e-01 7.397673064037714186e-01 5.028433361740960450e-01 4.830307794288797862e-01 4.765063135847906195e-01 2.547300228316979331e-01 2.607262969791883100e-01 4.662301513375498585e-01 6.826591992571884315e-01 5.688786294301038104e-01 8.994035120810408568e-01 2.076636215093310422e-01 7.982433555561214700e-01 5.432378025753779038e-01 8.709805554189335997e-01 7.653436245088518497e-02 4.742431754030008162e-01 6.606684401213038793e-01
8.686901226478542792e-01 4.541642023461833766e-02 8.900456338674540557e-01 2.222105416120689902e-02 8.514466534448434931e-01 7.233195727444534651e-01 2.159530245501362078e-01 4.004962594152748911e-01 3.619332685743148481e-01 4.268947602249889006e-01 0.000000000000000000e+00 4.232090176434718520e-01 3.014939898071447022e-01 5.384306493781103597e-01 8.764204235163624013e-01 3.563224108997771200e-01 1.006136706413773840e-01 6.427192323896881998e-01 8.551548087546820831e-01 8.237105399342878886e-01 7.285166624495955645e-01 2.428644602192950308e-01 6.403427723900284585e-01 8.525197772814294694e-01 6.448210483065528464e-01 7.480313683347599163e-01 6.305685194081436240e-01 6.624950143443089079e-01 7.960624910580601510e-01 4.372954253438288141e-01 4.266069141551842581e-01 6.612392339259842711e-01 3.311042318652877015e-01 9.378608609106776628e-01 3.629599998239322889e-01
5.315417576700379731e-01 9.190856312241855175e-01 8.589777988550681975e-01 8.478133716069089498e-01 6.963588636723037073e-01 5.010034527985469666e-01 4.644342248056759770e-01 7.279030374610007126e-01 7.818103188737002274e-01 4.391647044930978572e-01 4.232090176434718520e-01 0.000000000000000000e+00 8.697520856606830719e-01 7.385387548852521133e-01 3.965188330706657105e-01 9.881396992741000584e-01 7.844688642810904167e-01 6.713270614654340829e-01 8.688605180752554391e-01 5.421553674117185473e-02 4.238149574244273188e-01 8.305961556794820844e-01 5.415586641490726105e-01 5.277972177624694616e-01 6.454771580045532975e-01 2.697484129405384179e-01 5.462382820156763685e-01 4.870701304466258375e-01 6.054657198647586114e-01 4.839788149949343365e-01 5.217605811325620735e-01 5.597282400650800405e-01 2.338111503521971279e-01 5.452694131715497550e-01 4.845086043917971041e-01
5.177267050918812341e-01 9.495932916551184100e-01 6.171379140298485222e-01 5.220362504829472172e-01 8.684127731704633923e-01 4.980494860241284072e-01 6.357561972979641762e-01 4.820976402183602127e-01 4.353948818286930700e-01 3.002426757827854620e-01 3.014939898071447022e-01 8.697520856606830719e-01 0.000000000000000000e+00 5.419288277301301804e-01 1.660822943785258410e-01 4.837807760050724659e-01 7.479156930289975191e-01 8.477596270954748103e-01 5.337010847151688608e-01 4.277447377462090250e-01 6.359975703947116088e-01 3.993606259404612890e-01 6.313295251141530784e-01 4.545275540016596172e-01 1.340837793673008704e-01 7.932303158612352689e-01 5.939653536984539350e-01 5.438674872585291808e-01 3.840445298961048248e-01 4.391819323611493298e-01 5.442409890210804235e-01 5.622937115552593124e-01 8.632371141386963043e-01 5.489955414883584961e-01 8.706288116624720796e-01
8.655542896116413809e-01 7.884824157516836518e-01 4.947564647466458632e-01 7.573684455902014445e-01 1.562726549840244283e-01 5.438937612576637548e-01 6.455851170330421107e-01 4.912694151627485795e-01 8.133775256729375291e-01 3.906164844066000730e-01 5.384306493781103597e-01 7.385387548852521133e-01 5.419288277301301804e-01 0.000000000000000000e+00 5.169561945942462433e-01 4.220794248470112753e-01 5.323825682795848557e-01 7.917057387170550742e-01 2.518980977302968105e-01 3.258004699226508816e-01 3.280614708806036672e-01 5.518067081932578333e-01 3.589789998984194153e-01 4.930180510693224494e-01 5.722832500311372250e-01 6.860846511784384205e-01 7.418847674584301277e-01 6.375969117328802449e-01 8.263568232926892243e-01 5.575075526302117890e-01 9.052229211368278960e-01 5.721429183493292880e-01 2.502979420850864889e-01 6.656727218972178228e-01 6.410338156104103957e-01
1.386640259333796754e-01 7.302269879501035454e-01 8.235129260789658678e-01 3.260984585223157262e-01 6.662852486456343204e-01 7.515825489807115289e-02 8.101198298932911213e-01 6.580768894092524635e-01 3.285531599807893777e-01 3.784316557889939037e-01 8.764204235163624013e-01 3.965188330706657105e-01 1.660822943785258410e-01 5.169561945942462433e-01 0.000000000000000000e+00 4.282116746244503114e-01 7.409303633813744128e-01 4.256012149579406767e-01 4.139661456295013475e-01 4.758030001771044182e-01 3.384101204187806577e-01 4.989960507682142943e-01 5.095519103026786567e-01 2.735183821389736147e-01 7.087820824911201800e-01 7.672648901145056044e-01 4.400099004822297100e-01 4.957291408922195330e-01 4.807185305101941974e-01 8.634696886003989658e-01 6.770290673413825733e-02 9.822651969149501783e-01 4.969667737768035942e-01 8.442201513698780468e-01 4.802713635881732945e-01
4.305166148405891735e-01 3.343103820315909691e-01 6.247535215257093988e-01 9.148926900554916752e-01 8.860335568856532173e-01 5.406993332329665947e-01 7.091667879971369493e-01 5.279906229652828742e-01 6.466976576076410854e-02 8.145338745402134206e-01 3.563224108997771200e-01 9.881396992741000584e-01 4.837807760050724659e-01 4.220794248470112753e-01 4.282116746244503114e-01 0.000000000000000000e+00 8.420243019407878116e-01 5.076460285290667063e-01 9.190974501708500943e-01 7.999068843516592420e-01 8.307658386600587086e-01 7.382212388059363750e-01 1.119109626553610459e-01 4.367596357145387964e-01 8.153036574829639616e-01 7.786142528231281279e-01 7.792405938301842916e-01 7.073700990759879126e-01 4.002124791501080470e-01 7.343963728750416697e-01 3.867631228135762766e-01 1.992309722685063900e-01 2.743986505331610370e-01 1.134588247445533216e-01 4.805188410985072323e-01
5.775570798637277292e-01 9.748962418851396805e-01 7.221255511907159752e-01 2.497707913883181197e-01 6.556732269550220593e-01 4.834944244405188774e-01 3.362613143591036691e-01 9.024259867906148092e-01 3.993055684572802133e-01 7.777521368908656418e-01 1.006136706413773840e-01 7.844688642810904167e-01 7.479156930289975191e-01 5.323825682795848557e-01 7.409303633813744128e-01 8.420243019407878116e-01 0.000000000000000000e+00 2.300587287062021424e-01 8.465653336516468785e-01 5.980971125750618178e-01 8.941298594084123863e-01 7.144914454316573238e-01 5.369533776640162959e-01 8.778024374607191760e-01 2.181400945981568362e-01 6.209829285387283848e-01 3.126384151714468596e-01 2.730626782985838830e-01 3.934340922557303388e-01 8.479903621032207628e-01 4.281897747508228158e-01 8.492954119357319920e-01 4.750752634762668292e-01 7.287325755219353773e-01 6.171861571046592942e-01
4.931737724245224275e-01 1.275155186910325034e-01 5.838797865949749699e-01 9.020616461198343039e-01 4.883533892660453235e-01 7.893810656280481064e-01 2.079569186329019992e-01 6.644792928724387870e-01 3.356830672234596413e-01 1.650834969861068036e-01 6.427192323896881998e-01 6.713270614654340829e-01 8.477596270954748103e-01 7.917057387170550742e-01 4.256012149579406767e-01 5.076460285290667063e-01 2.300587287062021424e-01 0.000000000000000000e+00 5.816656485776795504e-01 7.363626160919292118e-01 6.270995501156959584e-01 6.961837955831879921e-01 3.075555653332222583e-01 6.630608573389390470e-01 6.913907035178618044e-01 4.664012969237493755e-01 8.474339461973612320e-01 6.841102573262437536e-01 4.805010191248214602e-01 8.750411409215697045e-01 2.208080703328783034e-01 8.335093446443035958e-01 3.513566795525616127e-01 6.067170563225254831e-01 7.704297183718860076e-01
2.714120766736690671e-01 3.675733120274259913e-01 4.756256474548931079e-01 3.546336271265402296e-01 1.797433211152459354e-01 5.892157702305107492e-01 5.907100966560031585e-01 5.079242196983608792e-01 2.391484293866614763e-01 7.397673064037714186e-01 8.551548087546820831e-01 8.688605180752554391e-01 5.337010847151688608e-01 2.518980977302968105e-01 4.139661456295013475e-01 9.190974501708500943e-01 8.465653336516468785e-01 5.816656485776795504e-01 0.000000000000000000e+00 4.477265265955060469e-01 5.755161161711467299e-01 6.233090911148611024e-01 6.504287330595127647e-01 2.328605946414162853e-01 3.940782602616259567e-01 5.338474447358725339e-01 3.270160427830565153e-01 4.365242787922018475e-01 7.361575832777572659e-01 8.454437516402140140e-01 4.282434898114590993e-01 5.484257665141647475e-01 4.027147299076730413e-01 3.574187048293364644e-01 5.148009565114741726e-01
5.469144807673853581e-01 3.111463252531131429e-01 4.890495549072906845e-01 6.803647895588019745e-01 4.889589915169488821e-01 8.895923361251769634e-01 8.503787128636524084e-01 4.767650321714788086e-01 8.639170487936027598e-01 5.028433361740960450e-01 8.237105399342878886e-01 5.421553674117185473e-02 4.277447377462090250e-01 3.258004699226508816e-01 4.758030001771044182e-01 7.999068843516592420e-01 5.980971125750618178e-01 7.363626160919292118e-01 4.477265265955060469e-01 0.000000000000000000e+00 2.937876364905689375e-01 3.703232080106606539e-01 5.092362978489597403e-01 5.486189140203359127e-01 5.461773898738234712e-01 1.592080525447822081e-01 6.607223257262810900e-01 7.806199076362567713e-01 3.889351992010896542e-01 5.879504153297714364e-01 4.896080290531427681e-01 8.529896586390441904e-01 1.586260687705601802e-01 6.440135700076641267e-01 5.189495817172178338e-01
2.474305576162371123e-01 4.913873528684603587e-01 7.407777952544576383e-01 4.093039836569023482e-02 1.716662617924206158e-01 8.465023437321673727e-01 4.110042184505453555e-01 5.519385431253540641e-01 2.567835868924427389e-01 4.830307794288797862e-01 7.285166624495955645e-01 4.238149574244273188e-01 6.359975703947116088e-01 3.280614708806036672e-01 3.384101204187806577e-01 8.307658386600587086e-01 8.941298594084123863e-01 6.270995501156959584e-01 5.755161161711467299e-01 2.937876364905689375e-01 0.000000000000000000e+00 7.021511351085010233e-01 7.744925494134371480e-01 6.796029194812506224e-01 7.070306412196393220e-01 5.284687675770580739e-01 1.820051353587681664e-01 5.123086311805842286e-01 5.159483499995699551e-01 7.130762576737574854e-01 3.912063463773193250e-01 4.486528633623613760e-01 6.527298834419521523e-01 6.942029392220452344e-01 4.036373911133825931e-01
7.971016770140888497e-01 8.302879409032088986e-01 8.454034620637416175e-01 5.311284515965314368e-01 7.650908795564020926e-01 4.085216399409981047e-01 4.745480467953998027e-01 5.165383119080075858e-01 8.438002818792025295e-01 4.765063135847906195e-01 2.428644602192950308e-01 8.305961556794820844e-01 3.993606259404612890e-01 5.518067081932578333e-01 4.989960507682142943e-01 7.382212388059363750e-01 7.144914454316573238e-01 6.961837955831879921e-01 6.233090911148611024e-01 3.703232080106606539e-01 7.021511351085010233e-01 0.000000000000000000e+00 3.508746502471420947e-01 7.627608582896373557e-01 5.093692556509632485e-01 3.352591356963220415e-01 8.916764922356796852e-01 7.453180252368134528e-01 8.042819335088243760e-01 4.663581162192382279e-01 2.770657104682683336e-01 1.546696185739199758e-01 3.902771406128615617e-01 5.046540071328942112e-01 6.270990656612890346e-01
7.486387355294840118e-01 4.772448908461989769e-01 5.809246284361230250e-01 7.045585166485575090e-01 8.423923700171578322e-01 5.424510429044225868e-01 6.243280809213269666e-01 8.283853628323387674e-01 7.113190299069289679e-01 2.547300228316979331e-01 6.403427723900284585e-01 5.415586641490726105e-01 6.313295251141530784e-01 3.589789998984194153e-01 5.095519103026786567e-01 1.119109626553610459e-01 5.369533776640162959e-01 3.075555653332222583e-01 6.504287330595127647e-01 5.092362978489597403e-01 7.744925494134371480e-01 3.508746502471420947e-01 0.000000000000000000e+00 1.375326254906585888e-01 7.410707377957079789e-01 3.231036677012945058e-01 4.488833107740009543e-01 4.425906868289397611e-02 3.358591998337090434e-01 7.485603306196689788e-01 8.172486573959053535e-01 1.855649817980684624e-01 4.315981120991264630e-01 2.921286504888891411e-01 4.195384726988616864e-01
8.341436497609533429e-01 2.464352240033000352e-01 8.660867480177708577e-01 4.456065834704372453e-01 6.128362699327711827e-01 4.215477253942915836e-01 5.427037224143227423e-01 8.015826166248090079e-01 9.411395990245231546e-01 2.607262969791883100e-01 8.525197772814294694e-01 5.277972177624694616e-01 4.545275540016596172e-01 4.930180510693224494e-01 2.735183821389736147e-01 4.367596357145387964e-01 8.778024374607191760e-01 6.630608573389390470e-01 2.328605946414162853e-01 5.486189140203359127e-01 6.796029194812506224e-01 7.627608582896373557e-01 1.375326254906585888e-01 0.000000000000000000e+00 5.590155200042001837e-01 9.090437991027537912e-01 7.160850395598824525e-01 8.674186350891872621e-01 9.620296663754742683e-01 8.885839723670041490e-02 3.313970220074872186e-01 7.202299158778224797e-01 8.025377337337058492e-01 7.489076098503748558e-01 5.974145008729091488e-01
9.207635759542887044e-02 3.083196562948481989e-01 6.344549006949514736e-01 7.471244713770474055e-01 2.538139393118864495e-01 7.287621390412319933e-01 6.469761617528281272e-01 7.976580389206577859e-01 1.515057491452349581e-01 4.662301513375498585e-01 6.448210483065528464e-01 6.454771580045532975e-01 1.340837793673008704e-01 5.722832500311372250e-01 7.087820824911201800e-01 8.153036574829639616e-01 2.181400945981568362e-01 6.913907035178618044e-01 3.940782602616259567e-01 5.461773898738234712e-01 7.070306412196393220e-01 5.093692556509632485e-01 7.410707377957079789e-01 5.590155200042001837e-01 0.000000000000000000e+00 7.044393102578681010e-01 6.713544181536426070e-01 3.171802938833808150e-01 4.440233578663133063e-02 3.922010500315936676e-01 7.413808554934879780e-01 7.547162169384682429e-01 4.065284097338159874e-01 7.180115685485490840e-01 4.130507220435242210e-01
6.268599020967349222e-01 4.313777338799654748e-01 9.592748075300561172e-01 4.113461175487335697e-01 8.305406889910671442e-01 8.266245581004849630e-01 5.179059007449332563e-01 6.354723064511376140e-01 8.338069769120557417e-01 6.826591992571884315e-01 7.480313683347599163e-01 2.697484129405384179e-01 7.932303158612352689e-01 6.860846511784384205e-01 7.672648901145056044e-01 7.786142528231281279e-01 6.209829285387283848e-01 4.664012969237493755e-01 5.338474447358725339e-01 1.592080525447822081e-01 5.284687675770580739e-01 3.352591356963220415e-01 3.231036677012945058e-01 9.090437991027537912e-01 7.044393102578681010e-01 0.000000000000000000e+00 9.184745277536592312e-01 3.093343258737358825e-01 4.616891453078419416e-01 6.443067682758059078e-01 6.719792060149032409e-01 3.441082366343211074e-01 9.025620089295840476e-01 1.189196919552322207e-01 9.172901108202718978e-01
6.411976366751968026e-01 5.001439125018590781e-01 6.943028762307187352e-01 2.708867692673305738e-01 5.015348102564461952e-01 3.964485992733803310e-01 7.818075309799598083e-01 8.081991839292050894e-01 8.027205693595296232e-01 5.688786294301038104e-01 6.305685194081436240e-01 5.462382820156763685e-01 5.939653536984539350e-01 7.418847674584301277e-01 4.400099004822297100e-01 7.792405938301842916e-01 3.126384151714468596e-01 8.474339461973612320e-01 3.270160427830565153e-01 6.607223257262810900e-01 1.820051353587681664e-01 8.916764922356796852e-01 4.488833107740009543e-01 7.160850395598824525e-01 6.713544181536426070e-01 9.184745277536592312e-01 0.000000000000000000e+00 5.257354026512039979e-01 4.826225383469993080e-01 5.731936035081528491e-01 8.782106430310544498e-01 3.929511021667532744e-01 8.124813579308871603e-01 1.852972232526238772e-01 4.977984998981365705e-01
5.599641726109190198e-01 5.905011677859826058e-01 4.889116927672902957e-01 8.684628332436654663e-01 8.572512296030455614e-01 3.153515192690584668e-01 1.721156960649408152e-01 6.003601316367102037e-01 8.488750730005775180e-01 8.994035120810408568e-01 6.624950143443089079e-01 4.870701304466258375e-01 5.438674872585291808e-01 6.375969117328802449e-01 4.957291408922195330e-01 7.073700990759879126e-01 2.730626782985838830e-01 6.841102573262437536e-01 4.365242787922018475e-01 7.806199076362567713e-01 5.123086311805842286e-01 7.453180252368134528e-01 4.425906868289397611e-02 8.674186350891872621e-01 3.171802938833808150e-01 3.093343258737358825e-01 5.257354026512039979e-01 0.000000000000000000e+00 4.481223641280241421e-01 5.331105704905565457e-01 3.311773659964395988e-01 4.521316106524310152e-01 3.903562581017713251e-01 5.344262091569293993e-01 7.025876507613466604e-01
4.427889118174691552e-01 5.222902704760761239e-01 3.186745249954029413e-01 4.770960852780272710e-01 4.895039357616293163e-01 8.948987192203439189e-01 4.122344243796248753e-01 4.304632321682984042e-01 9.291435770766180990e-01 2.076636215093310422e-01 7.960624910580601510e-01 6.054657198647586114e-01 3.840445298961048248e-01 8.263568232926892243e-01 4.807185305101941974e-01 4.002124791501080470e-01 3.934340922557303388e-01 4.805010191248214602e-01 7.361575832777572659e-01 3.889351992010896542e-01 5.159483499995699551e-01 8.042819335088243760e-01 3.358591998337090434e-01 9.620296663754742683e-01 4.440233578663133063e-02 4.616891453078419416e-01 4.826225383469993080e-01 4.481223641280241421e-01 0.000000000000000000e+00 4.700628748824336456e-01 9.060201118651829422e-01 9.147272643739898790e-01 7.317823782698831270e-01 3.976881195093504573e-01 6.688545962596489369e-01
5.917683878314823342e-01 3.645934165916031588e-02 9.121642753888097310e-01 4.863933777921208845e-01 2.088206130548738715e-01 3.205399268523190237e-01 5.111445823051858905e-01 7.142912726428857217e-01 3.113445434100470255e-01 7.982433555561214700e-01 4.372954253438288141e-01 4.839788149949343365e-01 4.391819323611493298e-01 5.575075526302117890e-01 8.634696886003989658e-01 7.343963728750416697e-01 8.479903621032207628e-01 8.750411409215697045e-01 8.454437516402140140e-01 5.879504153297714364e-01 7.130762576737574854e-01 4.663581162192382279e-01 7.485603306196689788e-01 8.885839723670041490e-02 3.922010500315936676e-01 6.443067682758059078e-01 5.731936035081528491e-01 5.331105704905565457e-01 4.700628748824336456e-01 0.000000000000000000e+00 6.014736744451313344e-01 6.608798399547859415e-01 5.694908506189160224e-01 6.447184839349193730e-01 9.004651056617628546e-01
8.913412598293066758e-01 5.842024107318952719e-01 7.289878388974585510e-01 4.341043366120803659e-01 6.959037203697649998e-01 8.525734000863403050e-01 4.437218339883426954e-01 4.115361145109621144e-01 3.050579227769230073e-01 5.432378025753779038e-01 4.266069141551842581e-01 5.217605811325620735e-01 5.442409890210804235e-01 9.052229211368278960e-01 6.770290673413825733e-02 3.867631228135762766e-01 4.281897747508228158e-01 2.208080703328783034e-01 4.282434898114590993e-01 4.896080290531427681e-01 3.912063463773193250e-01 2.770657104682683336e-01 8.172486573959053535e-01 3.313970220074872186e-01 7.413808554934879780e-01 6.719792060149032409e-01 8.782106430310544498e-01 3.311773659964395988e-01 9.060201118651829422e-01 6.014736744451313344e-01 0.000000000000000000e+00 8.056037796112769378e-01 7.623775734883535549e-01 5.903414108676527938e-01 7.397924181450237224e-01
8.099288638408755903e-01 6.253809034594196570e-01 4.740433448342658562e-01 2.812780645701259408e-01 9.200362060064086744e-01 5.774862561496310054e-01 1.428119449114858552e-01 3.357943161907721019e-01 3.919379353580976777e-01 8.709805554189335997e-01 6.612392339259842711e-01 5.597282400650800405e-01 5.622937115552593124e-01 5.721429183493292880e-01 9.822651969149501783e-01 1.992309722685063900e-01 8.492954119357319920e-01 8.335093446443035958e-01 5.484257665141647475e-01 8.529896586390441904e-01 4.486528633623613760e-01 1.546696185739199758e-01 1.855649817980684624e-01 7.202299158778224797e-01 7.547162169384682429e-01 3.441082366343211074e-01 3.929511021667532744e-01 4.521316106524310152e-01 9.147272643739898790e-01 6.608798399547859415e-01 8.056037796112769378e-01 0.000000000000000000e+00 1.393186699860438083e-01 6.389267428576191898e-01 1.575390455236924669e-01
7.488234438180096930e-01 4.683093091311263390e-01 7.297412237591824891e-01 7.032686468805180446e-01 7.877569183422199472e-01 4.176490299721672961e-01 7.018225407131534199e-01 4.839505508661313682e-01 7.188540735619508570e-01 7.653436245088518497e-02 3.311042318652877015e-01 2.338111503521971279e-01 8.632371141386963043e-01 2.502979420850864889e-01 4.969667737768035942e-01 2.743986505331610370e-01 4.750752634762668292e-01 3.513566795525616127e-01 4.027147299076730413e-01 1.586260687705601802e-01 6.527298834419521523e-01 3.902771406128615617e-01 4.315981120991264630e-01 8.025377337337058492e-01 4.065284097338159874e-01 9.025620089295840476e-01 8.124813579308871603e-01 3.903562581017713251e-01 7.317823782698831270e-01 5.694908506189160224e-01 7.623775734883535549e-01 1.393186699860438083e-01 0.000000000000000000e+00 8.578690404125230984e-01 5.740087701169207524e-01
5.167069930993127835e-01 7.383475436629821642e-01 8.032010097329009835e-01 7.282360101396683216e-01 5.918082976038785414e-01 5.729019687970063890e-01 5.080696893474361264e-01 4.809803214580455344e-01 7.711776134169281427e-01 4.742431754030008162e-01 9.378608609106776628e-01 5.452694131715497550e-01 5.489955414883584961e-01 6.656727218972178228e-01 8.442201513698780468e-01 1.134588247445533216e-01 7.287325755219353773e-01 6.067170563225254831e-01 3.574187048293364644e-01 6.440135700076641267e-01 6.942029392220452344e-01 5.046540071328942112e-01 2.921286504888891411e-01 7.489076098503748558e-01 7.180115685485490840e-01 1.189196919552322207e-01 1.852972232526238772e-01 5.344262091569293993e-01 3.976881195093504573e-01 6.447184839349193730e-01 5.903414108676527938e-01 6.389267428576191898e-01 8.578690404125230984e-01 0.000000000000000000e+00 9.374544903407134866e-01
4.453338565472552690e-01 3.593816000154991808e-01 3.150017589558405939e-01 3.007081137174130170e-01 4.521375747277482371e-01 8.028201715841806196e-01 3.446163452553711037e-01 5.071840004013848935e-01 3.356269238966627100e-01 6.606684401213038793e-01 3.629599998239322889e-01 4.845086043917971041e-01 8.706288116624720796e-01 6.410338156104103957e-01 4.802713635881732945e-01 4.805188410985072323e-01 6.171861571046592942e-01 7.704297183718860076e-01 5.148009565114741726e-01 5.189495817172178338e-01 4.036373911133825931e-01 6.270990656612890346e-01 4.195384726988616864e-01 5.974145008729091488e-01 4.130507220435242210e-01 9.172901108202718978e-01 4.977984998981365705e-01 7.025876507613466604e-01 6.688545962596489369e-01 9.004651056617628546e-01 7.397924181450237224e-01 1.575390455236924669e-01 5.740087701169207524e-01 9.374544903407134866e-01 0.000000000000000000e+00
