0.000000000000000000e+00 4.132964085771246854e-01 5.714886200804540906e-01 7.564940357759478706e-01 8.760204263868257568e-01 9.543214855370403260e-01 4.420536892385167893e-01 4.253216775796938576e-01 8.757939265950471786e-01 8.268627252408304873e-01 7.063084405782307229e-01 2.829373386668667667e-01 2.599824013416116020e-01 6.069444152599816622e-01 3.896979042632487955e-01 6.073567671737331031e-01 4.466996775018627353e-01 2.201660905205150565e-01 7.848604662571916357e-01 4.017009344457060371e-01 8.356832149896684658e-01 4.557989514804349218e-01 1.659177541852677740e-01 4.874591084655104933e-01 4.453393437537999655e-01 5.618597180549226300e-01 6.855658888817488528e-01 7.917267323530305934e-01 3.548228468540606251e-01 1.031830186569424601e-01 5.005272974569463518e-01 4.238792658855046191e-01 3.166164251509654970e-01 7.695590486806432873e-01 5.086847938863870988e-01
4.132964085771246854e-01 0.000000000000000000e+00 4.847122831051517977e-01 5.203437497803042877e-01 1.448425407306684898e-01 1.070195328633901655e-01 6.889268220613293803e-01 7.072687359835261312e-02 3.837212069732238717e-01 5.082971157595422840e-01 8.427061650030800433e-01 2.285497828985016966e-01 4.478769119857688441e-01 1.144161242413036517e-01 5.324974812880680641e-01 3.113579099453402388e-01 7.184417740987636414e-02 4.650216606433575928e-01 3.523001230927940708e-01 8.723685489548893557e-01 5.477267317849023875e-01 5.010264515980347166e-01 5.373193286412228931e-01 2.281567898843623876e-01 6.276092532110120192e-01 8.691904715052618524e-01 3.252401061157710327e-01 3.600595781216098246e-01 3.196774755557479919e-01 3.252397804960358574e-01 5.804982682973119923e-01 2.270150212041003313e-01 3.355589641025157333e-01 2.640722097016294789e-01 2.410350045900003790e-01
5.714886200804540906e-01 4.847122831051517977e-01 0.000000000000000000e+00 3.249424161810689493e-01 3.963202305154808203e-01 6.827171569687826569e-01 2.738507558577680800e-01 4.366482272081162463e-01 4.205693216469249540e-01 6.129150658580914124e-01 7.241103419888279547e-01 5.425473511141039040e-01 6.288456371197064243e-01 5.192311745043745042e-01 7.181880875614764514e-01 5.255521607473568890e-01 8.093660493861274396e-01 6.347894845627649607e-01 2.035511748095596429e-01 5.952989416913401222e-01 7.380207868769628199e-01 4.840157510414385134e-01 5.019672289908770901e-01 3.982220006552986136e-01 6.413958913865023259e-01 5.730310359592697411e-01 1.075824532743483442e-01 3.218802756861841585e-01 7.076503163237897187e-01 6.217426281757545414e-01 3.088890671851762804e-01 4.587342332120472044e-01 2.900268981745323105e-01 4.406696912684766598e-01 2.444734751261932182e-01
7.564940357759478706e-01 5.203437497803042877e-01 3.249424161810689493e-01 0.000000000000000000e+00 4.571261186936080856e-01 4.747754162098086206e-01 4.850019783181217514e-01 8.884762770482048655e-01 9.152441314053794130e-01 2.159120085981516279e-01 8.829671521577313609e-01 8.465651037167871706e-01 6.624260796802973195e-01 4.846486620898926567e-02 5.469371025607943082e-01 5.794897680969166576e-01 7.684113348448056158e-01 3.638432952055195013e-01 4.832620006397636558e-01 8.276352226605910856e-01 5.130152587488190363e-01 3.178167062250357722e-01 3.548689878922718366e-01 8.118851812969924975e-01 6.643576560620865212e-01 5.273071294819275945e-01 9.039886003528938563e-01 4.132355971215129209e-01 1.863412584791103166e-01 1.682591724898073737e-01 9.147164942433338997e-02 1.935039093960221335e-01 4.136717104373270337e-01 6.610784446420963079e-01 6.469567981204298324e-01
8.760204263868257568e-01 1.448425407306684898e-01 3.963202305154808203e-01 4.571261186936080856e-01 0.000000000000000000e+00 5.601574927057715314e-01 4.448321640428062884e-01 6.424076798341664674e-01 7.581819777403764338e-01 3.396489804109699140e-01 3.685044290923974453e-01 5.738368457763318720e-01 3.265746207867689099e-01 9.287448110859559680e-01 2.053658653738467121e-01 2.607026572119748309e-01 1.883294429195665476e-01 3.571166283023511356e-01 3.142846776938660325e-01 7.171073684283765237e-01 5.133420582135815868e-01 5.675482563043016127e-01 3.135709062590175122e-01 4.737464225161010511e-01 5.682788579802435791e-01 9.369370218656641880e-01 4.174408461459882536e-01 6.889599452135448665e-01 1.090468738992929065e-01 6.616408906779076560e-01 8.095101481739260807e-01 3.207327476691663737e-01 2.956906973601273192e-01 8.598562130678304438e-01 5.872475923574720369e-01
9.543214855370403260e-01 1.070195328633901655e-01 6.827171569687826569e-01 4.747754162098086206e-01 5.601574927057715314e-01 0.000000000000000000e+00 7.306317953851665381e-01 2.005646158737205420e-01 5.100543798650855054e-01 5.011760294819533890e-01 3.288238597585835254e-02 3.095481108316715524e-01 7.899374432217307618e-01 7.543543436398483237e-01 5.038309380152947714e-01 5.338496465148678816e-01 5.002674760764049822e-01 3.837299093824986240e-01 3.072219735211427771e-01 7.603665998522011193e-01 9.319379985675941835e-01 3.599449570124102493e-01 1.209082206772140733e-01 9.257686815282779591e-01 4.459473448536951934e-01 7.784508807987512435e-01 1.963906752590760529e-01 7.190522797024999635e-01 2.132478882109916096e-01 5.716181152194974580e-01 4.573528848309490469e-01 2.092301767276960600e-01 3.277183209465162061e-01 9.882790119388609185e-01 5.079022473770429258e-01
4.420536892385167893e-01 6.889268220613293803e-01 2.738507558577680800e-01 4.850019783181217514e-01 4.448321640428062884e-01 7.306317953851665381e-01 0.000000000000000000e+00 6.863401692931736520e-01 6.113614616027212012e-01 6.545173022311074895e-01 3.027476256500429286e-01 5.325440939621264302e-01 1.254496686419004359e-01 6.494174873052797059e-01 7.935485732382993040e-01 4.142172770739469545e-01 5.978726616103980929e-01 7.398218383575085877e-01 4.948899440209102440e-01 5.263029286999972856e-01 5.695206909903407499e-01 3.233589402772503174e-01 5.952802007885698021e-01 4.983863060091210384e-01 3.490637405644122504e-01 5.942629222773465614e-01 4.124736579682162785e-01 3.944248641572846159e-01 7.371934713062373579e-01 7.184608207202078933e-01 4.855736401852920325e-01 1.885440451233826309e-01 7.566151939285392647e-02 7.348673134096650461e-01 4.753826258539091687e-01
4.253216775796938576e-01 7.072687359835261312e-02 4.366482272081162463e-01 8.884762770482048655e-01 6.424076798341664674e-01 2.005646158737205420e-01 6.863401692931736520e-01 0.000000000000000000e+00 3.299305914660043415e-01 5.476258311819452995e-01 7.316625564730847575e-01 2.506107756959110588e-01 2.076607363442682930e-01 9.632685006013891327e-01 5.290881155132993729e-01 4.382981760697118867e-01 5.107237738784320413e-01 7.258172169136047902e-01 7.800939494879562952e-01 5.968577922027485938e-01 4.715291861536998752e-01 4.010511519796552404e-01 3.789567957546202126e-01 4.971691973780507645e-01 3.993947449315965459e-01 6.387746561134588497e-01 4.139470987889579123e-01 6.462482532890843068e-01 9.009419375177155631e-01 3.966485888421108497e-01 9.767884653095169067e-01 5.189445089358087904e-01 4.249900948869571038e-01 5.095107851183076075e-01 7.676463860982434273e-01
8.757939265950471786e-01 3.837212069732238717e-01 4.205693216469249540e-01 9.152441314053794130e-01 7.581819777403764338e-01 5.100543798650855054e-01 6.113614616027212012e-01 3.299305914660043415e-01 0.000000000000000000e+00 5.512786831038329893e-02 8.712142719600372009e-01 4.327037325957550085e-01 4.147143086522732669e-01 7.394366033338093391e-01 5.985552467912456098e-01 7.167017971156599554e-01 8.325035391813373487e-01 2.351738034224695184e-01 3.637223918475755990e-01 5.879920409931556069e-01 2.178625160058347277e-01 4.035348958515778683e-01 3.346172024923467214e-01 9.117883255457018832e-01 6.039292760719339181e-02 9.568791192346182140e-02 4.845159481325423956e-01 7.117582990540853860e-01 5.827397256989375052e-01 5.102994338093695958e-01 5.207659725647315607e-01 4.991719050219777243e-01 5.405195369156665652e-01 2.081331292775732145e-01 4.091187454721420536e-01
8.268627252408304873e-01 5.082971157595422840e-01 6.129150658580914124e-01 2.159120085981516279e-01 3.396489804109699140e-01 5.011760294819533890e-01 6.545173022311074895e-01 5.476258311819452995e-01 5.512786831038329893e-02 0.000000000000000000e+00 5.709054400290303199e-01 5.835373652549713519e-01 2.915422278349308338e-01 3.892851831374933846e-01 3.486032770413949322e-01 8.401239084332898788e-01 3.207500258124722503e-01 4.804732768530884379e-01 3.906848729068038706e-01 1.485088459635965918e-01 4.499908998275192751e-01 4.319103412699746292e-01 6.636245455372564717e-01 3.729767838738033414e-01 7.222602933899635591e-01 4.068275223948624175e-01 3.434597023822393291e-01 7.933301580207646753e-01 7.049086076437136583e-01 2.594052921427097980e-01 1.142010805418212094e-01 4.158550197268140458e-02 3.206846626295801750e-01 5.725241808450313163e-01 9.277704869771907781e-02
7.063084405782307229e-01 8.427061650030800433e-01 7.241103419888279547e-01 8.829671521577313609e-01 3.685044290923974453e-01 3.288238597585835254e-02 3.027476256500429286e-01 7.316625564730847575e-01 8.712142719600372009e-01 5.709054400290303199e-01 0.000000000000000000e+00 6.435446244603408861e-01 5.507150404675209554e-01 5.879178066924400925e-01 8.542479733301796552e-01 3.386504726887228922e-01 7.445880514683582696e-01 4.596167639372990554e-01 7.426506845204257079e-01 8.843748353359002223e-01 5.023885785924713243e-01 3.139173555556110662e-01 4.247857809982242827e-01 6.294820743966172971e-01 8.270209350791994929e-01 4.781732102482578184e-01 7.951467854556404369e-02 5.705432175363295277e-01 6.876574310717222804e-01 5.632480417239515980e-01 6.453728460223465691e-01 6.732202415488088842e-01 6.499631087573249921e-01 7.312984678184797360e-02 6.477622288336559730e-01
2.829373386668667667e-01 2.285497828985016966e-01 5.425473511141039040e-01 8.465651037167871706e-01 5.738368457763318720e-01 3.095481108316715524e-01 5.325440939621264302e-01 2.506107756959110588e-01 4.327037325957550085e-01 5.835373652549713519e-01 6.435446244603408861e-01 0.000000000000000000e+00 7.143488563141691117e-01 3.957842121017771664e-01 5.173078332441445326e-01 8.665450402824316223e-01 5.575986678585873602e-01 5.318606496186273347e-01 5.758973733938042017e-01 2.847686370764926922e-01 5.656568546858269375e-01 3.439664552999605052e-01 3.697478642279749539e-01 5.443392085405747149e-01 7.447821420224320921e-01 5.000812134422876198e-01 2.037047064196155777e-01 5.727285134281246970e-01 7.916725675786999705e-01 1.684083238533886639e-01 6.291631474660479562e-01 8.037574725836128531e-01 4.219575124924889176e-01 6.259327028386567626e-01 5.211117106955837075e-01
2.599824013416116020e-01 4.478769119857688441e-01 6.288456371197064243e-01 6.624260796802973195e-01 3.265746207867689099e-01 7.899374432217307618e-01 1.254496686419004359e-01 2.076607363442682930e-01 4.147143086522732669e-01 2.915422278349308338e-01 5.507150404675209554e-01 7.143488563141691117e-01 0.000000000000000000e+00 7.770819026011321906e-01 4.269446496009458025e-01 7.532762715626708516e-01 6.187202369830892001e-01 4.797649866428485566e-01 5.860645632546815920e-01 6.323631992464497920e-01 6.521982664395976625e-01 3.352132371771408548e-01 3.116998502511654223e-01 4.813618140174413251e-01 1.097351656321350344e-01 8.563039219959078796e-02 8.523494293706725955e-01 3.803074559885440409e-01 3.350837626082976417e-01 6.074085429027968885e-01 7.410399464034880257e-01 5.432821172422497291e-01 6.319983188455091661e-01 5.078458375935203106e-01 7.482506354637659118e-01
6.069444152599816622e-01 1.144161242413036517e-01 5.192311745043745042e-01 4.846486620898926567e-02 9.287448110859559680e-01 7.543543436398483237e-01 6.494174873052797059e-01 9.632685006013891327e-01 7.394366033338093391e-01 3.892851831374933846e-01 5.879178066924400925e-01 3.957842121017771664e-01 7.770819026011321906e-01 0.000000000000000000e+00 6.370826913393208280e-01 4.423288242425819083e-01 2.690020451761867548e-01 3.894035683171465090e-01 2.150051471572510531e-01 8.960270531454974652e-01 5.975751205109504083e-01 6.744532611226367047e-01 2.226739310341744327e-01 3.113074146422902810e-01 3.189420331375181217e-01 5.926786140165872796e-01 7.416002221463254829e-01 1.506923307322017846e-01 9.093418011390543843e-01 6.837131931382517402e-01 7.169346859768340741e-01 6.707279777521983899e-01 2.326208182085153231e-01 7.633736692732687734e-01 5.821462915143442718e-01
3.896979042632487955e-01 5.324974812880680641e-01 7.181880875614764514e-01 5.469371025607943082e-01 2.053658653738467121e-01 5.038309380152947714e-01 7.935485732382993040e-01 5.290881155132993729e-01 5.985552467912456098e-01 3.486032770413949322e-01 8.542479733301796552e-01 5.173078332441445326e-01 4.269446496009458025e-01 6.370826913393208280e-01 0.000000000000000000e+00 4.434733560083328197e-01 9.568599001347146693e-01 2.683738568534926872e-01 4.773132087731496442e-01 7.558759101604283215e-01 5.394879477950351720e-01 3.816630169205861289e-01 3.297741101751250348e-01 4.288737815650094376e-01 3.882851492899701551e-01 9.966546738053927434e-02 2.010895596555198894e-01 5.546758291335447399e-01 8.019663283817641819e-01 7.381554572910303813e-01 4.876375544344432877e-01 3.224032022718307244e-01 4.022200223619217807e-01 5.672000358712581125e-02 1.974312939135036693e-01
6.073567671737331031e-01 3.113579099453402388e-01 5.255521607473568890e-01 5.794897680969166576e-01 2.607026572119748309e-01 5.338496465148678816e-01 4.142172770739469545e-01 4.382981760697118867e-01 7.167017971156599554e-01 8.401239084332898788e-01 3.386504726887228922e-01 8.665450402824316223e-01 7.532762715626708516e-01 4.423288242425819083e-01 4.434733560083328197e-01 0.000000000000000000e+00 8.814679902951532142e-01 3.600732501206123093e-01 1.307796156419456235e-01 4.990355486396941820e-01 5.205962479197006054e-01 7.328011289576191745e-01 8.215514684530638156e-01 5.135749021690605431e-01 6.074432860587781757e-01 4.689415841971813492e-01 4.898033417221365760e-01 7.318804327736898596e-01 8.555299277233325839e-01 6.021967198023447931e-01 6.731388151544077658e-01 3.297024460073796903e-01 4.328355755300980490e-01 6.097861579669161536e-01 2.387604615308720479e-01
4.466996775018627353e-01 7.184417740987636414e-02 8.093660493861274396e-01 7.684113348448056158e-01 1.883294429195665476e-01 5.002674760764049822e-01 5.978726616103980929e-01 5.107237738784320413e-01 8.325035391813373487e-01 3.207500258124722503e-01 7.445880514683582696e-01 5.575986678585873602e-01 6.187202369830892001e-01 2.690020451761867548e-01 9.568599001347146693e-01 8.814679902951532142e-01 0.000000000000000000e+00 4.203878967444925063e-01 4.020503054460018433e-01 5.221557571077769522e-01 4.584873236711055622e-01 8.751819795024922133e-01 5.993880209183296559e-01 5.728549278529198041e-01 2.845341723496715991e-01 3.825675243165042039e-01 2.985232682545408966e-01 7.838900922747826794e-01 7.729506379477577571e-01 7.658192800735932337e-01 7.552444268372355829e-01 4.939091780420767908e-01 6.103663072248135535e-01 2.765250162145224677e-01 4.828577708573049687e-01
2.201660905205150565e-01 4.650216606433575928e-01 6.347894845627649607e-01 3.638432952055195013e-01 3.571166283023511356e-01 3.837299093824986240e-01 7.398218383575085877e-01 7.258172169136047902e-01 2.351738034224695184e-01 4.804732768530884379e-01 4.596167639372990554e-01 5.318606496186273347e-01 4.797649866428485566e-01 3.894035683171465090e-01 2.683738568534926872e-01 3.600732501206123093e-01 4.203878967444925063e-01 0.000000000000000000e+00 6.249328312257064200e-01 6.813743722556703242e-01 7.834371812605342988e-01 6.255782146943367206e-01 1.854647692699540329e-01 3.335254077246249116e-01 4.922505404675975860e-01 6.186415288899550502e-01 5.246391397910057375e-01 5.711426309349314501e-01 8.206823681258428316e-01 3.815415933328026865e-01 6.461004224253221739e-01 4.764462048017481521e-01 7.585216960533764929e-01 6.478352023055067299e-01 7.827334002981302108e-01
7.848604662571916357e-01 3.523001230927940708e-01 2.035511748095596429e-01 4.832620006397636558e-01 3.142846776938660325e-01 3.072219735211427771e-01 4.948899440209102440e-01 7.800939494879562952e-01 3.637223918475755990e-01 3.906848729068038706e-01 7.426506845204257079e-01 5.758973733938042017e-01 5.860645632546815920e-01 2.150051471572510531e-01 4.773132087731496442e-01 1.307796156419456235e-01 4.020503054460018433e-01 6.249328312257064200e-01 0.000000000000000000e+00 3.519818904004611837e-01 5.974569289027378272e-01 4.986288919119527541e-01 9.117019583973187125e-01 9.207319799500068846e-01 6.280232387817945572e-01 8.861526081228475737e-01 4.847329430153321517e-01 5.322525698725270038e-01 6.012489766315565198e-01 4.223814688735340050e-01 5.386763354520667235e-01 2.104255420270583765e-01 2.953794618903168856e-01 6.675761340301940017e-01 4.019428891142657889e-01
4.017009344457060371e-01 8.723685489548893557e-01 5.952989416913401222e-01 8.276352226605910856e-01 7.171073684283765237e-01 7.603665998522011193e-01 5.263029286999972856e-01 5.968577922027485938e-01 5.879920409931556069e-01 1.485088459635965918e-01 8.843748353359002223e-01 2.847686370764926922e-01 6.323631992464497920e-01 8.960270531454974652e-01 7.558759101604283215e-01 4.990355486396941820e-01 5.221557571077769522e-01 6.813743722556703242e-01 3.519818904004611837e-01 0.000000000000000000e+00 4.488172937654773542e-01 3.498436484020133186e-01 3.852734837126311485e-01 8.624988990876284456e-01 2.878914028840290351e-01 2.378412627064313556e-01 6.222288784016505314e-01 5.808347738929666715e-01 6.823711811123384097e-01 2.991277721251705546e-01 4.447448090903551865e-01 5.137154491189432903e-01 1.900821483527622702e-01 7.516180807885322057e-01 1.393812045121237686e-01
8.356832149896684658e-01 5.477267317849023875e-01 7.380207868769628199e-01 5.130152587488190363e-01 5.133420582135815868e-01 9.319379985675941835e-01 5.695206909903407499e-01 4.715291861536998752e-01 2.178625160058347277e-01 4.499908998275192751e-01 5.023885785924713243e-01 5.656568546858269375e-01 6.521982664395976625e-01 5.975751205109504083e-01 5.394879477950351720e-01 5.205962479197006054e-01 4.584873236711055622e-01 7.834371812605342988e-01 5.974569289027378272e-01 4.488172937654773542e-01 0.000000000000000000e+00 6.049555955692446085e-01 4.019970229832960928e-01 6.616069241597051231e-01 2.712198571332287145e-01 7.845722443170788374e-01 6.439701232113357321e-01 2.302408326832640628e-01 7.767239943926853574e-01 5.282761226307526314e-01 1.878957452426610608e-01 5.817593168867414288e-01 6.028130167856641242e-01 5.085885619923677936e-01 3.857356612840160959e-01
4.557989514804349218e-01 5.010264515980347166e-01 4.840157510414385134e-01 3.178167062250357722e-01 5.675482563043016127e-01 3.599449570124102493e-01 3.233589402772503174e-01 4.010511519796552404e-01 4.035348958515778683e-01 4.319103412699746292e-01 3.139173555556110662e-01 3.439664552999605052e-01 3.352132371771408548e-01 6.744532611226367047e-01 3.816630169205861289e-01 7.328011289576191745e-01 8.751819795024922133e-01 6.255782146943367206e-01 4.986288919119527541e-01 3.498436484020133186e-01 6.049555955692446085e-01 0.000000000000000000e+00 4.897171338819542585e-01 3.674181719946140179e-01 7.104310196254715049e-02 7.976430896770275725e-01 5.141826994528875261e-01 5.586026150221292674e-01 4.988350431645420247e-01 6.276746732544101759e-01 3.574056286820952444e-01 5.130210489069407798e-01 7.729823228000358704e-01 1.040774593872060283e-01 6.822195289939148033e-01
1.659177541852677740e-01 5.373193286412228931e-01 5.019672289908770901e-01 3.548689878922718366e-01 3.135709062590175122e-01 1.209082206772140733e-01 5.952802007885698021e-01 3.789567957546202126e-01 3.346172024923467214e-01 6.636245455372564717e-01 4.247857809982242827e-01 3.697478642279749539e-01 3.116998502511654223e-01 2.226739310341744327e-01 3.297741101751250348e-01 8.215514684530638156e-01 5.993880209183296559e-01 1.854647692699540329e-01 9.117019583973187125e-01 3.852734837126311485e-01 4.019970229832960928e-01 4.897171338819542585e-01 0.000000000000000000e+00 4.791342344500135741e-01 4.077566264825356890e-01 5.105825905230726436e-01 3.080626623470971714e-01 8.100271798932838774e-01 4.969446526214696402e-01 4.733551010157567296e-01 8.855255982658939429e-01 4.223496748803096668e-01 7.035361214138584618e-01 1.208078187572867446e-01 6.864698536903885984e-01
4.874591084655104933e-01 2.281567898843623876e-01 3.982220006552986136e-01 8.118851812969924975e-01 4.737464225161010511e-01 9.257686815282779591e-01 4.983863060091210384e-01 4.971691973780507645e-01 9.117883255457018832e-01 3.729767838738033414e-01 6.294820743966172971e-01 5.443392085405747149e-01 4.813618140174413251e-01 3.113074146422902810e-01 4.288737815650094376e-01 5.135749021690605431e-01 5.728549278529198041e-01 3.335254077246249116e-01 9.207319799500068846e-01 8.624988990876284456e-01 6.616069241597051231e-01 3.674181719946140179e-01 4.791342344500135741e-01 0.000000000000000000e+00 9.325636929809035802e-01 4.181358952478747004e-01 2.767426132568711061e-01 3.105603110077113094e-01 3.288740104450892376e-01 8.535468242699680852e-01 4.908033544614294752e-01 2.369528294906351196e-01 3.620873743561476843e-01 5.960416221657383051e-01 7.846546033923229579e-02
4.453393437537999655e-01 6.276092532110120192e-01 6.413958913865023259e-01 6.643576560620865212e-01 5.682788579802435791e-01 4.459473448536951934e-01 3.490637405644122504e-01 3.993947449315965459e-01 6.039292760719339181e-02 7.222602933899635591e-01 8.270209350791994929e-01 7.447821420224320921e-01 1.097351656321350344e-01 3.189420331375181217e-01 3.882851492899701551e-01 6.074432860587781757e-01 2.845341723496715991e-01 4.922505404675975860e-01 6.280232387817945572e-01 2.878914028840290351e-01 2.712198571332287145e-01 7.104310196254715049e-02 4.077566264825356890e-01 9.325636929809035802e-01 0.000000000000000000e+00 1.051971705839820359e-01 5.581660104232155639e-01 7.805236665349521985e-01 8.324797166172031027e-01 8.425853130789173751e-01 4.921872483110113494e-01 6.108610468865299792e-01 8.027422295030979260e-01 3.424904072949322975e-01 7.223914799578866619e-01
5.618597180549226300e-01 8.691904715052618524e-01 5.730310359592697411e-01 5.273071294819275945e-01 9.369370218656641880e-01 7.784508807987512435e-01 5.942629222773465614e-01 6.387746561134588497e-01 9.568791192346182140e-02 4.068275223948624175e-01 4.781732102482578184e-01 5.000812134422876198e-01 8.563039219959078796e-02 5.926786140165872796e-01 9.966546738053927434e-02 4.689415841971813492e-01 3.825675243165042039e-01 6.186415288899550502e-01 8.861526081228475737e-01 2.378412627064313556e-01 7.845722443170788374e-01 7.976430896770275725e-01 5.105825905230726436e-01 4.181358952478747004e-01 1.051971705839820359e-01 0.000000000000000000e+00 1.539408549255331105e-01 6.026209445930049702e-01 4.701535493583703929e-01 3.278241492129033707e-01 3.348850135193722766e-01 7.146867504362632850e-01 1.388155422979679976e-01 7.353147234264991727e-01 8.029617145747874885e-01
6.855658888817488528e-01 3.252401061157710327e-01 1.075824532743483442e-01 9.039886003528938563e-01 4.174408461459882536e-01 1.963906752590760529e-01 4.124736579682162785e-01 4.139470987889579123e-01 4.845159481325423956e-01 3.434597023822393291e-01 7.951467854556404369e-02 2.037047064196155777e-01 8.523494293706725955e-01 7.416002221463254829e-01 2.010895596555198894e-01 4.898033417221365760e-01 2.985232682545408966e-01 5.246391397910057375e-01 4.847329430153321517e-01 6.222288784016505314e-01 6.439701232113357321e-01 5.141826994528875261e-01 3.080626623470971714e-01 2.767426132568711061e-01 5.581660104232155639e-01 1.539408549255331105e-01 0.000000000000000000e+00 4.031513517825724424e-01 1.602925704598164303e-01 6.324893628225976006e-01 1.749757479819821215e-01 5.234443771166420456e-01 2.863851944579315356e-01 3.193025318755844388e-01 5.552073448308751935e-01
7.917267323530305934e-01 3.600595781216098246e-01 3.218802756861841585e-01 4.132355971215129209e-01 6.889599452135448665e-01 7.190522797024999635e-01 3.944248641572846159e-01 6.462482532890843068e-01 7.117582990540853860e-01 7.933301580207646753e-01 5.705432175363295277e-01 5.727285134281246970e-01 3.803074559885440409e-01 1.506923307322017846e-01 5.546758291335447399e-01 7.318804327736898596e-01 7.838900922747826794e-01 5.711426309349314501e-01 5.322525698725270038e-01 5.808347738929666715e-01 2.302408326832640628e-01 5.586026150221292674e-01 8.100271798932838774e-01 3.105603110077113094e-01 7.805236665349521985e-01 6.026209445930049702e-01 4.031513517825724424e-01 0.000000000000000000e+00 6.528673474904439500e-01 4.660693751913954075e-01 2.537375690661155536e-01 4.257233894095044380e-01 7.056622634511666714e-01 4.158938197417567650e-01 5.049466672372895371e-01
3.548228468540606251e-01 3.196774755557479919e-01 7.076503163237897187e-01 1.863412584791103166e-01 1.090468738992929065e-01 2.132478882109916096e-01 7.371934713062373579e-01 9.009419375177155631e-01 5.827397256989375052e-01 7.049086076437136583e-01 6.876574310717222804e-01 7.916725675786999705e-01 3.350837626082976417e-01 9.093418011390543843e-01 8.019663283817641819e-01 8.555299277233325839e-01 7.729506379477577571e-01 8.206823681258428316e-01 6.012489766315565198e-01 6.823711811123384097e-01 7.767239943926853574e-01 4.988350431645420247e-01 4.969446526214696402e-01 3.288740104450892376e-01 8.324797166172031027e-01 4.701535493583703929e-01 1.602925704598164303e-01 6.528673474904439500e-01 0.000000000000000000e+00 2.491204939919590688e-01 7.384209801240996240e-01 2.294009901547969799e-01 1.681067470725210455e-01 2.501968079225728170e-01 2.933195054850370465e-01
1.031830186569424601e-01 3.252397804960358574e-01 6.217426281757545414e-01 1.682591724898073737e-01 6.616408906779076560e-01 5.716181152194974580e-01 7.184608207202078933e-01 3.966485888421108497e-01 5.102994338093695958e-01 2.594052921427097980e-01 5.632480417239515980e-01 1.684083238533886639e-01 6.074085429027968885e-01 6.837131931382517402e-01 7.381554572910303813e-01 6.021967198023447931e-01 7.658192800735932337e-01 3.815415933328026865e-01 4.223814688735340050e-01 2.991277721251705546e-01 5.282761226307526314e-01 6.276746732544101759e-01 4.733551010157567296e-01 8.535468242699680852e-01 8.425853130789173751e-01 3.278241492129033707e-01 6.324893628225976006e-01 4.660693751913954075e-01 2.491204939919590688e-01 0.000000000000000000e+00 3.930525378896072564e-01 1.480002296419298813e-01 9.364244261337104636e-01 1.101767787037933877e-01 9.756776832457969562e-02
5.005272974569463518e-01 5.804982682973119923e-01 3.088890671851762804e-01 9.147164942433338997e-02 8.095101481739260807e-01 4.573528848309490469e-01 4.855736401852920325e-01 9.767884653095169067e-01 5.207659725647315607e-01 1.142010805418212094e-01 6.453728460223465691e-01 6.291631474660479562e-01 7.410399464034880257e-01 7.169346859768340741e-01 4.876375544344432877e-01 6.731388151544077658e-01 7.552444268372355829e-01 6.461004224253221739e-01 5.386763354520667235e-01 4.447448090903551865e-01 1.878957452426610608e-01 3.574056286820952444e-01 8.855255982658939429e-01 4.908033544614294752e-01 4.921872483110113494e-01 3.348850135193722766e-01 1.749757479819821215e-01 2.537375690661155536e-01 7.384209801240996240e-01 3.930525378896072564e-01 0.000000000000000000e+00 4.451439598891576699e-01 3.556657069646179670e-01 3.465517445056798818e-01 7.763010452761689439e-01
4.238792658855046191e-01 2.270150212041003313e-01 4.587342332120472044e-01 1.935039093960221335e-01 3.207327476691663737e-01 2.092301767276960600e-01 1.885440451233826309e-01 5.189445089358087904e-01 4.991719050219777243e-01 4.158550197268140458e-02 6.732202415488088842e-01 8.037574725836128531e-01 5.432821172422497291e-01 6.707279777521983899e-01 3.224032022718307244e-01 3.297024460073796903e-01 4.939091780420767908e-01 4.764462048017481521e-01 2.104255420270583765e-01 5.137154491189432903e-01 5.817593168867414288e-01 5.130210489069407798e-01 4.223496748803096668e-01 2.369528294906351196e-01 6.108610468865299792e-01 7.146867504362632850e-01 5.234443771166420456e-01 4.257233894095044380e-01 2.294009901547969799e-01 1.480002296419298813e-01 4.451439598891576699e-01 0.000000000000000000e+00 3.916962128568602375e-01 8.343362143875283632e-01 4.446098621899451375e-01
3.166164251509654970e-01 3.355589641025157333e-01 2.900268981745323105e-01 4.136717104373270337e-01 2.956906973601273192e-01 3.277183209465162061e-01 7.566151939285392647e-02 4.249900948869571038e-01 5.405195369156665652e-01 3.206846626295801750e-01 6.499631087573249921e-01 4.219575124924889176e-01 6.319983188455091661e-01 2.326208182085153231e-01 4.022200223619217807e-01 4.328355755300980490e-01 6.103663072248135535e-01 7.585216960533764929e-01 2.953794618903168856e-01 1.900821483527622702e-01 6.028130167856641242e-01 7.729823228000358704e-01 7.035361214138584618e-01 3.620873743561476843e-01 8.027422295030979260e-01 1.388155422979679976e-01 2.863851944579315356e-01 7.056622634511666714e-01 1.681067470725210455e-01 9.364244261337104636e-01 3.556657069646179670e-01 3.916962128568602375e-01 0.000000000000000000e+00 1.156942761381930529e-01 2.968890724627236688e-01
7.695590486806432873e-01 2.640722097016294789e-01 4.406696912684766598e-01 6.610784446420963079e-01 8.598562130678304438e-01 9.882790119388609185e-01 7.348673134096650461e-01 5.095107851183076075e-01 2.081331292775732145e-01 5.725241808450313163e-01 7.312984678184797360e-02 6.259327028386567626e-01 5.078458375935203106e-01 7.633736692732687734e-01 5.672000358712581125e-02 6.097861579669161536e-01 2.765250162145224677e-01 6.478352023055067299e-01 6.675761340301940017e-01 7.516180807885322057e-01 5.085885619923677936e-01 1.040774593872060283e-01 1.208078187572867446e-01 5.960416221657383051e-01 3.424904072949322975e-01 7.353147234264991727e-01 3.193025318755844388e-01 4.158938197417567650e-01 2.501968079225728170e-01 1.101767787037933877e-01 3.465517445056798818e-01 8.343362143875283632e-01 1.156942761381930529e-01 0.000000000000000000e+00 6.055450186591719852e-01
5.086847938863870988e-01 2.410350045900003790e-01 2.444734751261932182e-01 6.469567981204298324e-01 5.872475923574720369e-01 5.079022473770429258e-01 4.753826258539091687e-01 7.676463860982434273e-01 4.091187454721420536e-01 9.277704869771907781e-02 6.477622288336559730e-01 5.211117106955837075e-01 7.482506354637659118e-01 5.821462915143442718e-01 1.974312939135036693e-01 2.387604615308720479e-01 4.828577708573049687e-01 7.827334002981302108e-01 4.019428891142657889e-01 1.393812045121237686e-01 3.857356612840160959e-01 6.822195289939148033e-01 6.864698536903885984e-01 7.846546033923229579e-02 7.223914799578866619e-01 8.029617145747874885e-01 5.552073448308751935e-01 5.049466672372895371e-01 2.933195054850370465e-01 9.756776832457969562e-02 7.763010452761689439e-01 4.446098621899451375e-01 2.968890724627236688e-01 6.055450186591719852e-01 0.000000000000000000e+00
