0.000000000000000000e+00 8.333819796099989352e-01 2.930192460760476791e-01 4.963087461894656327e-01 5.011977249946973911e-01 9.455989383753865551e-02 5.154238334134888522e-01 9.400104654251878467e-01 6.143745857809833621e-01 5.210971925491317824e-01 4.427678215352804925e-01 1.526950885859758023e-01 2.622792509174121101e-01 4.322875949881939683e-01 4.942758298260488958e-01 1.995866393562129026e-01 7.867596218173645850e-01 7.779920184543918094e-01 1.380129600935571799e-01 2.354408651577747369e-01 3.870507001926076773e-01 2.377766036588303544e-01 4.619655020067469087e-01 3.187371512769787696e-01 3.294507502947593425e-01 4.819152225961408353e-01 6.368633536948413720e-01 4.625761170791096721e-01 5.377235356984590986e-01 4.137950952564651841e-01 3.667695614068721133e-01 1.007933031766905518e-01 3.976694830206112252e-01 4.957479317695178689e-01 2.807653368870522415e-01
8.333819796099989352e-01 0.000000000000000000e+00 2.822122347360895844e-01 4.245275052137826854e-01 2.923735782612796319e-01 4.598540237481814064e-01 4.370718186022910512e-01 7.132465839445184530e-01 1.496255940223466530e-01 5.592860732150592984e-01 9.397815879466191458e-01 5.691034149937257425e-02 8.884341301352329801e-01 4.305989391031549429e-01 4.237836086847769357e-01 4.943524835337976264e-01 2.352114637752127368e-01 8.374173377558118414e-01 7.969213136501847039e-01 3.077821042023031195e-01 5.835208261473650015e-01 5.491879036537773429e-01 9.103613892534442309e-01 7.057499962350772815e-01 7.653723754625141318e-01 5.246592741899247514e-01 8.468153093582785340e-01 4.083507564394151523e-01 4.905562528399022848e-01 8.376541781488163751e-01 9.082760677870782562e-02 6.252385782652730706e-01 7.752407852070111183e-01 3.440300866868941654e-01 2.533808126578095399e-01
2.930192460760476791e-01 2.822122347360895844e-01 0.000000000000000000e+00 5.853493644928944306e-01 3.784947702748923115e-01 5.936444747857809734e-01 8.593854676683295724e-01 6.794791098903451010e-01 5.116775793422325691e-01 8.441756879336140829e-01 7.276901997909801523e-02 2.252308128789499708e-01 6.254560002613481773e-01 5.774772189586167004e-01 9.208196437382253352e-01 1.728098260821007148e-01 3.716500565583765181e-01 7.256606299378502989e-01 1.397840973770519968e-01 4.773463366885254411e-01 4.860348175195545739e-01 7.466043684185568186e-01 5.627284824060615476e-01 4.955801845824097107e-01 8.347000242520827840e-01 6.585804806531009303e-01 2.370244226779306684e-01 5.305578914447540706e-01 6.223040773881761689e-01 5.450028819503740518e-01 1.890340137496832607e-01 7.932992892836066012e-02 8.702573263761419486e-01 8.680527515499416591e-01 3.245439934561948903e-01
4.963087461894656327e-01 4.245275052137826854e-01 5.853493644928944306e-01 0.000000000000000000e+00 3.587275775262857014e-01 2.162672424227323198e-01 4.632493379701922986e-01 2.213601556290663019e-01 8.083226995178132146e-01 6.023621626837019072e-01 4.439356788593467051e-01 2.987196993119339283e-01 1.587541624589020595e-01 6.287144929105523694e-01 5.565847424219436679e-01 4.057732802363920310e-01 7.128880808151804027e-01 3.443055929341995447e-01 5.119238220182384946e-01 6.781077483230286695e-01 6.170312896177412298e-01 5.302418772044056317e-01 3.571370417835930122e-01 4.320192509675603310e-01 3.168566354657151862e-01 7.059357742667098368e-01 5.109095584772278542e-01 7.715705238791339404e-01 8.299772877618272204e-01 4.032620190357768530e-01 7.052333825942602719e-01 6.610065480807156835e-01 3.711346151950802308e-01 6.216167511389766309e-01 4.933095065092307219e-01
5.011977249946973911e-01 2.923735782612796319e-01 3.784947702748923115e-01 3.587275775262857014e-01 0.000000000000000000e+00 2.786038478113701533e-01 5.085413522758723825e-01 6.873604334460163834e-01 9.194007781096388277e-01 3.596004997940104309e-01 1.845262268771125092e-01 3.294725472143271716e-01 4.242096368979074716e-01 7.472859246551298851e-01 7.428701009653250198e-01 6.669680133413051770e-01 7.922404726349039361e-01 2.918892637243337695e-01 3.229089436683738046e-01 4.055483959744300981e-01 3.838160140405200704e-01 6.234919951109183511e-01 6.813214622654515384e-01 4.279249784466227502e-01 8.137806417260176062e-01 8.416962744582821010e-01 7.877488373214810435e-01 8.810379191172841296e-01 4.570168386078178324e-01 4.572097750426650231e-01 5.353083538321042889e-01 7.094581619390947225e-01 3.489555275374804921e-01 4.009172108933875545e-01 5.048284063633670105e-01
9.455989383753865551e-02 4.598540237481814064e-01 5.936444747857809734e-01 2.162672424227323198e-01 2.786038478113701533e-01 0.000000000000000000e+00 1.685420375551279770e-01 2.944141226644687581e-01 4.585731581795785550e-01 6.705179323782525236e-01 3.745907402529948804e-01 3.766030055396393239e-01 2.881813440928423509e-01 9.436403064090697068e-01 8.024688391660768083e-01 6.332122482888307147e-01 6.802090056909004812e-01 7.458644796035241997e-01 2.688344040707119076e-01 5.160455568044703956e-01 2.315200249980842728e-01 8.359734584706919325e-01 7.070072008056458301e-01 7.719606128162636027e-01 4.612869699459128947e-01 4.667106815292167976e-01 4.957837166364817416e-01 8.557254155435448650e-01 8.944063597514271269e-01 7.741992990286528098e-01 8.225222253355102264e-01 7.214924935475364176e-02 8.686993252579684466e-01 7.366258202814204292e-01 5.909561232876801018e-01
5.154238334134888522e-01 4.370718186022910512e-01 8.593854676683295724e-01 4.632493379701922986e-01 5.085413522758723825e-01 1.685420375551279770e-01 0.000000000000000000e+00 5.412132140629157817e-01 6.578013974189682589e-01 4.175889724934804814e-01 4.893548297448659934e-01 5.979652688813235084e-01 4.016755303336594363e-01 8.133890346848480224e-01 4.055313419706632061e-01 4.706960785075980369e-01 4.559962848825688253e-01 2.792869397536162923e-01 3.237618060588705049e-01 6.647913278051981179e-01 8.971077214964691127e-01 5.401216108154832662e-01 3.006901730424302865e-01 8.117328586379484179e-01 1.802619222799660692e-01 4.986008928742592383e-01 2.469378903350643029e-01 4.188018083094369737e-01 5.899587219292575790e-01 7.646714574934291297e-01 4.550260956335804297e-01 4.209276250236081984e-01 4.832816879608827776e-01 4.138438416843761014e-01 3.460362812417319134e-01
9.400104654251878467e-01 7.132465839445184530e-01 6.794791098903451010e-01 2.213601556290663019e-01 6.873604334460163834e-01 2.944141226644687581e-01 5.412132140629157817e-01 0.000000000000000000e+00 4.489405821673505548e-01 4.484560378734636643e-01 2.512841245489972897e-01 5.748065606102819025e-01 1.789778831668335513e-01 8.332090486542658159e-01 8.105395264752091045e-02 4.872079538642424268e-01 3.846441129497578104e-01 8.973311614007712933e-01 6.649363208566769767e-01 4.076220380655894426e-01 4.653370053019841857e-01 5.534405692816062317e-01 6.988115897128256426e-01 8.902090088053595807e-01 7.022108163311630014e-01 2.747055554661759214e-01 2.997638006247852482e-01 8.080445262624942337e-01 2.514431270577245359e-01 4.546144924910855978e-01 7.960608261747661452e-01 5.064498714181350225e-01 2.600974187940763294e-01 3.897418076150253041e-01 1.193686293290813216e-01
6.143745857809833621e-01 1.496255940223466530e-01 5.116775793422325691e-01 8.083226995178132146e-01 9.194007781096388277e-01 4.585731581795785550e-01 6.578013974189682589e-01 4.489405821673505548e-01 0.000000000000000000e+00 4.272963923126234520e-01 5.359532764558199158e-01 3.884645186239483738e-01 7.512495645501668928e-01 7.388397519890179677e-01 5.981339020087271807e-01 6.551962405653026789e-01 2.818571528875332133e-01 6.923157886360307156e-01 5.535572536667165977e-01 2.825738890546058979e-01 1.935698474955338533e-01 8.866652923476470161e-01 2.291893968996676634e-01 6.290905348763825566e-01 2.702392529016132139e-01 9.752690089127511452e-01 6.651803300119720763e-01 7.007876929554097689e-01 5.402082395816567573e-01 5.671027716525708362e-01 6.870030781271271314e-01 5.422401320698622129e-01 5.669484712954482308e-01 9.307924005983283511e-01 5.009342506404794726e-01
5.210971925491317824e-01 5.592860732150592984e-01 8.441756879336140829e-01 6.023621626837019072e-01 3.596004997940104309e-01 6.705179323782525236e-01 4.175889724934804814e-01 4.484560378734636643e-01 4.272963923126234520e-01 0.000000000000000000e+00 6.506069986266554972e-01 5.899028803316215264e-01 3.908466779031540828e-01 1.106273351125812709e-01 7.786330882756411498e-01 2.095969912999636753e-01 4.666943017445766562e-01 5.043305217533237128e-01 3.349000560371810931e-01 6.977317633189912272e-01 3.936278754538769520e-01 4.982867360399879098e-01 9.003492255761929020e-01 1.913270993603610748e-01 9.003657894921388571e-01 2.419994669589437819e-01 1.080528701562436522e-01 4.481071722560344139e-01 4.340146087670880282e-01 6.868555849527068213e-01 2.681735268821677232e-01 2.641927651039904790e-01 5.542632779279312860e-01 6.636879650903435568e-01 4.343265876999070629e-01
4.427678215352804925e-01 9.397815879466191458e-01 7.276901997909801523e-02 4.439356788593467051e-01 1.845262268771125092e-01 3.745907402529948804e-01 4.893548297448659934e-01 2.512841245489972897e-01 5.359532764558199158e-01 6.506069986266554972e-01 0.000000000000000000e+00 8.630548245751288317e-01 5.415588745146762140e-01 4.774377489832580257e-01 5.127422108400131462e-01 5.097255592950159508e-01 6.516784769545147515e-02 2.491474102198822926e-01 4.675377971345398009e-01 1.317489658154986643e-01 1.433284501234084463e-01 8.032491987727994331e-01 9.432061854981456106e-01 8.078069286062943277e-01 6.218606638472820025e-01 5.707026961712935442e-01 2.640016133129984843e-01 6.891357013562720013e-01 4.101020447757964815e-01 8.563334995600131450e-01 7.114137859945726117e-01 6.179487133300332058e-02 2.912108083458219698e-01 7.621013596127873546e-01 5.727352529402331971e-01
1.526950885859758023e-01 5.691034149937257425e-02 2.252308128789499708e-01 2.987196993119339283e-01 3.294725472143271716e-01 3.766030055396393239e-01 5.979652688813235084e-01 5.748065606102819025e-01 3.884645186239483738e-01 5.899028803316215264e-01 8.630548245751288317e-01 0.000000000000000000e+00 6.056438573739864051e-01 3.794419226761304720e-01 4.118471874793089293e-01 6.759110761071480677e-01 3.821850403834644583e-01 4.077336149043120361e-02 3.481400577414709430e-01 4.926701068921161553e-01 4.429172660204447332e-01 5.011958646292080655e-01 8.772847685878734092e-01 3.473925677903881848e-01 5.360988051508550623e-01 4.105017634649836822e-01 4.567914469154381041e-01 7.799717887939348060e-01 3.486605135078927331e-01 7.598893557340515859e-01 9.040698868444474456e-01 7.551693764562805722e-01 5.232667136227000526e-01 8.793529021262365131e-01 3.820763185475504198e-01
2.622792509174121101e-01 8.884341301352329801e-01 6.254560002613481773e-01 1.587541624589020595e-01 4.242096368979074716e-01 2.881813440928423509e-01 4.016755303336594363e-01 1.789778831668335513e-01 7.512495645501668928e-01 3.908466779031540828e-01 5.415588745146762140e-01 6.056438573739864051e-01 0.000000000000000000e+00 1.563882092995407813e-01 3.588836035687397175e-01 3.890422258065551198e-01 7.395257599983022789e-01 3.342732652372697455e-01 4.964313332325320238e-01 5.917705421655249376e-01 4.789973435415668113e-01 7.846869939425462626e-01 3.894168549370317089e-01 6.890335237379838773e-01 4.425053389965828976e-01 4.603258093475919854e-01 4.546746815941344333e-01 5.579949665750311150e-01 4.880891624532696094e-01 7.547482204353148649e-01 3.463932707244143927e-01 5.765455858584334070e-01 8.595450758984932715e-01 8.930675156274561211e-01 1.764939189321228508e-01
4.322875949881939683e-01 4.305989391031549429e-01 5.774772189586167004e-01 6.287144929105523694e-01 7.472859246551298851e-01 9.436403064090697068e-01 8.133890346848480224e-01 8.332090486542658159e-01 7.388397519890179677e-01 1.106273351125812709e-01 4.774377489832580257e-01 3.794419226761304720e-01 1.563882092995407813e-01 0.000000000000000000e+00 8.343678197845566524e-01 4.441363924155456999e-01 3.983143356966492021e-01 5.110661393207098779e-01 8.750085977086543565e-01 8.436499345855215104e-01 1.917749000606971954e-01 4.493738442778866249e-01 7.232215913321019540e-01 5.393549244955704314e-01 6.616155136950263582e-01 6.248309982844925115e-01 5.917236370502071408e-01 3.630022117023865569e-01 5.568981338012350957e-01 3.197926913709755459e-01 3.071717994428363463e-01 7.436084567654799304e-01 2.259944204537822632e-01 3.932015224339022730e-01 6.116472643315365998e-01
4.942758298260488958e-01 4.237836086847769357e-01 9.208196437382253352e-01 5.565847424219436679e-01 7.428701009653250198e-01 8.024688391660768083e-01 4.055313419706632061e-01 8.105395264752091045e-02 5.981339020087271807e-01 7.786330882756411498e-01 5.127422108400131462e-01 4.118471874793089293e-01 3.588836035687397175e-01 8.343678197845566524e-01 0.000000000000000000e+00 5.521173322759396207e-01 3.967266499571365235e-01 7.403617604481574910e-01 4.150523224131807964e-01 5.929673611816224099e-01 7.263551708610705981e-01 6.520774179368673540e-01 4.773193631497961720e-01 7.504753009919735707e-01 5.255156669705439709e-01 5.445633284997347667e-01 4.325477414600527593e-01 3.181027390738178084e-02 5.638203356468621807e-01 5.408174716872411469e-01 4.414166445558143637e-01 3.783204915574522320e-01 4.211784244542954858e-01 8.514209704462435413e-01 6.731367036953995742e-01
1.995866393562129026e-01 4.943524835337976264e-01 1.728098260821007148e-01 4.057732802363920310e-01 6.669680133413051770e-01 6.332122482888307147e-01 4.706960785075980369e-01 4.872079538642424268e-01 6.551962405653026789e-01 2.095969912999636753e-01 5.097255592950159508e-01 6.759110761071480677e-01 3.890422258065551198e-01 4.441363924155456999e-01 5.521173322759396207e-01 0.000000000000000000e+00 3.966576055588796335e-01 5.108013804158755278e-01 5.028886958406122432e-01 8.659780723608844211e-01 5.459813379448297255e-01 4.650718488795274053e-01 1.574720568989447234e-01 5.122986259755868410e-01 5.546315718800527428e-01 5.146438863285222043e-01 8.405715226844110433e-01 2.080626804411784270e-01 5.756240162053017917e-01 4.697008484988692278e-01 5.583110672580364753e-01 3.127948409206064984e-01 2.363169987645920012e-01 8.916751342833844074e-01 3.726686353858479350e-01
7.867596218173645850e-01 2.352114637752127368e-01 3.716500565583765181e-01 7.128880808151804027e-01 7.922404726349039361e-01 6.802090056909004812e-01 4.559962848825688253e-01 3.846441129497578104e-01 2.818571528875332133e-01 4.666943017445766562e-01 6.516784769545147515e-02 3.821850403834644583e-01 7.395257599983022789e-01 3.983143356966492021e-01 3.967266499571365235e-01 3.966576055588796335e-01 0.000000000000000000e+00 4.320066393683441586e-02 7.295766450936016501e-01 2.667191214049962622e-01 3.027286494832073238e-01 5.193076263681384308e-01 5.278226291526786351e-01 7.671212634412372111e-01 4.510322001275210990e-01 4.109309096937862060e-01 4.545450685008274316e-01 4.935440483827960856e-01 8.520118871548698625e-01 2.463505589438638177e-01 3.347988787949176537e-01 3.106718903404198651e-01 8.567858558115799550e-01 2.429608513779088486e-01 6.548153862112768842e-01
7.779920184543918094e-01 8.374173377558118414e-01 7.256606299378502989e-01 3.443055929341995447e-01 2.918892637243337695e-01 7.458644796035241997e-01 2.792869397536162923e-01 8.973311614007712933e-01 6.923157886360307156e-01 5.043305217533237128e-01 2.491474102198822926e-01 4.077336149043120361e-02 3.342732652372697455e-01 5.110661393207098779e-01 7.403617604481574910e-01 5.108013804158755278e-01 4.320066393683441586e-02 0.000000000000000000e+00 6.888051918461186585e-01 3.660408896689303360e-01 8.624950663997815736e-01 2.442555949728892895e-01 4.222523574024461546e-01 4.063546336166967698e-01 7.675896873119261166e-01 3.117434507369942209e-01 2.586316913849482368e-01 1.114556227538692212e-01 6.088929454589746548e-01 7.228194276051308487e-01 4.440849677729332701e-01 7.078499569776310896e-01 4.240975051146325669e-01 7.511314706733596136e-01 4.448182220640354290e-01
1.380129600935571799e-01 7.969213136501847039e-01 1.397840973770519968e-01 5.119238220182384946e-01 3.229089436683738046e-01 2.688344040707119076e-01 3.237618060588705049e-01 6.649363208566769767e-01 5.535572536667165977e-01 3.349000560371810931e-01 4.675377971345398009e-01 3.481400577414709430e-01 4.964313332325320238e-01 8.750085977086543565e-01 4.150523224131807964e-01 5.028886958406122432e-01 7.295766450936016501e-01 6.888051918461186585e-01 0.000000000000000000e+00 5.218002296495776182e-01 6.560498686328642970e-01 4.019151575343847815e-01 4.819754683468578382e-01 2.200163489742220646e-01 4.028384815785859274e-01 4.290715974429756829e-01 4.579594282532880589e-01 3.118769052863330504e-01 8.496913862886259494e-01 7.662296067643130648e-01 7.419744974375008795e-01 2.294242719284942944e-01 6.515371424455731475e-01 7.540690828906195797e-01 9.149247194650867998e-01
2.354408651577747369e-01 3.077821042023031195e-01 4.773463366885254411e-01 6.781077483230286695e-01 4.055483959744300981e-01 5.160455568044703956e-01 6.647913278051981179e-01 4.076220380655894426e-01 2.825738890546058979e-01 6.977317633189912272e-01 1.317489658154986643e-01 4.926701068921161553e-01 5.917705421655249376e-01 8.436499345855215104e-01 5.929673611816224099e-01 8.659780723608844211e-01 2.667191214049962622e-01 3.660408896689303360e-01 5.218002296495776182e-01 0.000000000000000000e+00 7.809275910101147744e-01 5.611254817417653529e-01 2.744230942112967364e-01 3.503038208538118425e-01 5.973929822178878357e-01 6.751525447672159785e-01 7.984286471785106976e-01 7.808206671315252034e-01 5.887282869349713676e-01 4.188246928411283321e-01 6.228014579866155698e-01 6.542861212145709704e-01 7.713258092891783768e-01 6.813083811091396047e-01 6.062338442754670043e-01
3.870507001926076773e-01 5.835208261473650015e-01 4.860348175195545739e-01 6.170312896177412298e-01 3.838160140405200704e-01 2.315200249980842728e-01 8.971077214964691127e-01 4.653370053019841857e-01 1.935698474955338533e-01 3.936278754538769520e-01 1.433284501234084463e-01 4.429172660204447332e-01 4.789973435415668113e-01 1.917749000606971954e-01 7.263551708610705981e-01 5.459813379448297255e-01 3.027286494832073238e-01 8.624950663997815736e-01 6.560498686328642970e-01 7.809275910101147744e-01 0.000000000000000000e+00 4.593520048134747125e-01 6.044320899750033060e-01 4.659805181464777291e-01 6.282888682893310595e-01 8.816292834315035964e-01 8.641061149134807717e-01 8.449104416014676655e-01 8.649897589447790303e-01 5.370596196221344432e-01 8.424092053564211646e-01 1.471703841925845468e-01 3.216906060791919764e-01 2.465888864190164398e-01 7.234501992432892381e-01
2.377766036588303544e-01 5.491879036537773429e-01 7.466043684185568186e-01 5.302418772044056317e-01 6.234919951109183511e-01 8.359734584706919325e-01 5.401216108154832662e-01 5.534405692816062317e-01 8.866652923476470161e-01 4.982867360399879098e-01 8.032491987727994331e-01 5.011958646292080655e-01 7.846869939425462626e-01 4.493738442778866249e-01 6.520774179368673540e-01 4.650718488795274053e-01 5.193076263681384308e-01 2.442555949728892895e-01 4.019151575343847815e-01 5.611254817417653529e-01 4.593520048134747125e-01 0.000000000000000000e+00 1.776033623987943733e-01 6.630590979152278797e-01 1.286781643337668868e-01 4.595358509893837651e-01 8.511716351186215945e-02 5.051122004539562171e-01 4.759094424820090596e-01 3.739207770089819083e-01 3.426057257064798467e-01 5.032016545867488144e-01 5.775820986494282216e-01 3.674714303556596007e-01 2.293774184307213471e-01
4.619655020067469087e-01 9.103613892534442309e-01 5.627284824060615476e-01 3.571370417835930122e-01 6.813214622654515384e-01 7.070072008056458301e-01 3.006901730424302865e-01 6.988115897128256426e-01 2.291893968996676634e-01 9.003492255761929020e-01 9.432061854981456106e-01 8.772847685878734092e-01 3.894168549370317089e-01 7.232215913321019540e-01 4.773193631497961720e-01 1.574720568989447234e-01 5.278226291526786351e-01 4.222523574024461546e-01 4.819754683468578382e-01 2.744230942112967364e-01 6.044320899750033060e-01 1.776033623987943733e-01 0.000000000000000000e+00 4.917862149500595859e-01 5.389763560866709380e-01 8.120509321892908083e-01 5.651668649991502535e-01 5.249475049885041766e-01 2.856600790959741287e-01 9.172509498400789330e-01 5.362048173059483780e-01 4.171499364417560196e-01 3.496857378896273127e-01 4.182981022234413260e-01 6.471752442701572683e-01
3.187371512769787696e-01 7.057499962350772815e-01 4.955801845824097107e-01 4.320192509675603310e-01 4.279249784466227502e-01 7.719606128162636027e-01 8.117328586379484179e-01 8.902090088053595807e-01 6.290905348763825566e-01 1.913270993603610748e-01 8.078069286062943277e-01 3.473925677903881848e-01 6.890335237379838773e-01 5.393549244955704314e-01 7.504753009919735707e-01 5.122986259755868410e-01 7.671212634412372111e-01 4.063546336166967698e-01 2.200163489742220646e-01 3.503038208538118425e-01 4.659805181464777291e-01 6.630590979152278797e-01 4.917862149500595859e-01 0.000000000000000000e+00 6.982188406788331081e-01 3.533928374468293665e-01 4.856813895477503640e-01 2.999187189151268917e-01 5.700433583989107378e-01 4.147343618645170649e-01 9.289849917010422065e-01 2.971348075134167543e-01 6.428360526667431518e-01 4.058019570902750006e-01 7.589295987936919285e-01
3.294507502947593425e-01 7.653723754625141318e-01 8.347000242520827840e-01 3.168566354657151862e-01 8.137806417260176062e-01 4.612869699459128947e-01 1.802619222799660692e-01 7.022108163311630014e-01 2.702392529016132139e-01 9.003657894921388571e-01 6.218606638472820025e-01 5.360988051508550623e-01 4.425053389965828976e-01 6.616155136950263582e-01 5.255156669705439709e-01 5.546315718800527428e-01 4.510322001275210990e-01 7.675896873119261166e-01 4.028384815785859274e-01 5.973929822178878357e-01 6.282888682893310595e-01 1.286781643337668868e-01 5.389763560866709380e-01 6.982188406788331081e-01 0.000000000000000000e+00 4.308576285134685380e-01 6.603593258291465817e-01 6.939114083629462915e-01 8.296780378690500335e-01 6.820293942320524438e-01 3.964198912786219831e-01 3.596483567213524246e-01 4.333280546679010858e-01 8.180664504973063078e-01 7.285261456639868793e-02
4.819152225961408353e-01 5.246592741899247514e-01 6.585804806531009303e-01 7.059357742667098368e-01 8.416962744582821010e-01 4.667106815292167976e-01 4.986008928742592383e-01 2.747055554661759214e-01 9.752690089127511452e-01 2.419994669589437819e-01 5.707026961712935442e-01 4.105017634649836822e-01 4.603258093475919854e-01 6.248309982844925115e-01 5.445633284997347667e-01 5.146438863285222043e-01 4.109309096937862060e-01 3.117434507369942209e-01 4.290715974429756829e-01 6.751525447672159785e-01 8.816292834315035964e-01 4.595358509893837651e-01 8.120509321892908083e-01 3.533928374468293665e-01 4.308576285134685380e-01 0.000000000000000000e+00 8.085410592820916342e-01 2.179158379186101335e-01 8.012167178610575258e-01 8.634612873805269651e-01 7.819024659739044480e-01 4.149891530022080666e-01 2.743067303419363112e-01 3.009128624481230974e-01 7.120734245622695191e-01
6.368633536948413720e-01 8.468153093582785340e-01 2.370244226779306684e-01 5.109095584772278542e-01 7.877488373214810435e-01 4.957837166364817416e-01 2.469378903350643029e-01 2.997638006247852482e-01 6.651803300119720763e-01 1.080528701562436522e-01 2.640016133129984843e-01 4.567914469154381041e-01 4.546746815941344333e-01 5.917236370502071408e-01 4.325477414600527593e-01 8.405715226844110433e-01 4.545450685008274316e-01 2.586316913849482368e-01 4.579594282532880589e-01 7.984286471785106976e-01 8.641061149134807717e-01 8.511716351186215945e-02 5.651668649991502535e-01 4.856813895477503640e-01 6.603593258291465817e-01 8.085410592820916342e-01 0.000000000000000000e+00 3.222170020700522164e-01 4.525232157227762064e-01 4.828123850971421938e-01 3.697590672377046306e-01 2.171690733018394326e-01 8.377870969905460985e-01 9.102432437056673376e-01 5.170058164283485302e-01
4.625761170791096721e-01 4.083507564394151523e-01 5.305578914447540706e-01 7.715705238791339404e-01 8.810379191172841296e-01 8.557254155435448650e-01 4.188018083094369737e-01 8.080445262624942337e-01 7.007876929554097689e-01 4.481071722560344139e-01 6.891357013562720013e-01 7.799717887939348060e-01 5.579949665750311150e-01 3.630022117023865569e-01 3.181027390738178084e-02 2.080626804411784270e-01 4.935440483827960856e-01 1.114556227538692212e-01 3.118769052863330504e-01 7.808206671315252034e-01 8.449104416014676655e-01 5.051122004539562171e-01 5.249475049885041766e-01 2.999187189151268917e-01 6.939114083629462915e-01 2.179158379186101335e-01 3.222170020700522164e-01 0.000000000000000000e+00 3.686480570499129916e-01 1.545288168992281497e-01 7.021889197344625133e-01 3.471259554471710640e-01 3.601586836373404932e-01 2.664132188057850570e-01 4.583010581679546336e-01
5.377235356984590986e-01 4.905562528399022848e-01 6.223040773881761689e-01 8.299772877618272204e-01 4.570168386078178324e-01 8.944063597514271269e-01 5.899587219292575790e-01 2.514431270577245359e-01 5.402082395816567573e-01 4.340146087670880282e-01 4.101020447757964815e-01 3.486605135078927331e-01 4.880891624532696094e-01 5.568981338012350957e-01 5.638203356468621807e-01 5.756240162053017917e-01 8.520118871548698625e-01 6.088929454589746548e-01 8.496913862886259494e-01 5.887282869349713676e-01 8.649897589447790303e-01 4.759094424820090596e-01 2.856600790959741287e-01 5.700433583989107378e-01 8.296780378690500335e-01 8.012167178610575258e-01 4.525232157227762064e-01 3.686480570499129916e-01 0.000000000000000000e+00 1.733205643609821989e-01 6.981369198397667786e-01 8.270723934002102151e-01 5.592918773582910008e-01 7.284889153781848314e-01 3.419127267376421697e-01
4.137950952564651841e-01 8.376541781488163751e-01 5.450028819503740518e-01 4.032620190357768530e-01 4.572097750426650231e-01 7.741992990286528098e-01 7.646714574934291297e-01 4.546144924910855978e-01 5.671027716525708362e-01 6.868555849527068213e-01 8.563334995600131450e-01 7.598893557340515859e-01 7.547482204353148649e-01 3.197926913709755459e-01 5.408174716872411469e-01 4.697008484988692278e-01 2.463505589438638177e-01 7.228194276051308487e-01 7.662296067643130648e-01 4.188246928411283321e-01 5.370596196221344432e-01 3.739207770089819083e-01 9.172509498400789330e-01 4.147343618645170649e-01 6.820293942320524438e-01 8.634612873805269651e-01 4.828123850971421938e-01 1.545288168992281497e-01 1.733205643609821989e-01 0.000000000000000000e+00 3.512839949155497354e-01 5.039841197934493700e-01 7.770696836043514688e-01 4.039731186877802416e-01 6.716897323085743166e-01
3.667695614068721133e-01 9.082760677870782562e-02 1.890340137496832607e-01 7.052333825942602719e-01 5.353083538321042889e-01 8.225222253355102264e-01 4.550260956335804297e-01 7.960608261747661452e-01 6.870030781271271314e-01 2.681735268821677232e-01 7.114137859945726117e-01 9.040698868444474456e-01 3.463932707244143927e-01 3.071717994428363463e-01 4.414166445558143637e-01 5.583110672580364753e-01 3.347988787949176537e-01 4.440849677729332701e-01 7.419744974375008795e-01 6.228014579866155698e-01 8.424092053564211646e-01 3.426057257064798467e-01 5.362048173059483780e-01 9.289849917010422065e-01 3.964198912786219831e-01 7.819024659739044480e-01 3.697590672377046306e-01 7.021889197344625133e-01 6.981369198397667786e-01 3.512839949155497354e-01 0.000000000000000000e+00 7.826822304217722071e-01 8.852700950162335491e-01 3.435354643279127096e-01 3.699148800030992446e-01
1.007933031766905518e-01 6.252385782652730706e-01 7.932992892836066012e-02 6.610065480807156835e-01 7.094581619390947225e-01 7.214924935475364176e-02 4.209276250236081984e-01 5.064498714181350225e-01 5.422401320698622129e-01 2.641927651039904790e-01 6.179487133300332058e-02 7.551693764562805722e-01 5.765455858584334070e-01 7.436084567654799304e-01 3.783204915574522320e-01 3.127948409206064984e-01 3.106718903404198651e-01 7.078499569776310896e-01 2.294242719284942944e-01 6.542861212145709704e-01 1.471703841925845468e-01 5.032016545867488144e-01 4.171499364417560196e-01 2.971348075134167543e-01 3.596483567213524246e-01 4.149891530022080666e-01 2.171690733018394326e-01 3.471259554471710640e-01 8.270723934002102151e-01 5.039841197934493700e-01 7.826822304217722071e-01 0.000000000000000000e+00 3.157040669404915789e-01 2.879143608789618280e-01 2.059105852071645426e-01
3.976694830206112252e-01 7.752407852070111183e-01 8.702573263761419486e-01 3.711346151950802308e-01 3.489555275374804921e-01 8.686993252579684466e-01 4.832816879608827776e-01 2.600974187940763294e-01 5.669484712954482308e-01 5.542632779279312860e-01 2.912108083458219698e-01 5.232667136227000526e-01 8.595450758984932715e-01 2.259944204537822632e-01 4.211784244542954858e-01 2.363169987645920012e-01 8.567858558115799550e-01 4.240975051146325669e-01 6.515371424455731475e-01 7.713258092891783768e-01 3.216906060791919764e-01 5.775820986494282216e-01 3.496857378896273127e-01 6.428360526667431518e-01 4.333280546679010858e-01 2.743067303419363112e-01 8.377870969905460985e-01 3.601586836373404932e-01 5.592918773582910008e-01 7.770696836043514688e-01 8.852700950162335491e-01 3.157040669404915789e-01 0.000000000000000000e+00 4.150466194726400437e-01 4.871017461563896811e-01
4.957479317695178689e-01 3.440300866868941654e-01 8.680527515499416591e-01 6.216167511389766309e-01 4.009172108933875545e-01 7.366258202814204292e-01 4.138438416843761014e-01 3.897418076150253041e-01 9.307924005983283511e-01 6.636879650903435568e-01 7.621013596127873546e-01 8.793529021262365131e-01 8.930675156274561211e-01 3.932015224339022730e-01 8.514209704462435413e-01 8.916751342833844074e-01 2.429608513779088486e-01 7.511314706733596136e-01 7.540690828906195797e-01 6.813083811091396047e-01 2.465888864190164398e-01 3.674714303556596007e-01 4.182981022234413260e-01 4.058019570902750006e-01 8.180664504973063078e-01 3.009128624481230974e-01 9.102432437056673376e-01 2.664132188057850570e-01 7.284889153781848314e-01 4.039731186877802416e-01 3.435354643279127096e-01 2.879143608789618280e-01 4.150466194726400437e-01 0.000000000000000000e+00 3.116076622571812837e-01
2.807653368870522415e-01 2.533808126578095399e-01 3.245439934561948903e-01 4.933095065092307219e-01 5.048284063633670105e-01 5.909561232876801018e-01 3.460362812417319134e-01 1.193686293290813216e-01 5.009342506404794726e-01 4.343265876999070629e-01 5.727352529402331971e-01 3.820763185475504198e-01 1.764939189321228508e-01 6.116472643315365998e-01 6.731367036953995742e-01 3.726686353858479350e-01 6.548153862112768842e-01 4.448182220640354290e-01 9.149247194650867998e-01 6.062338442754670043e-01 7.234501992432892381e-01 2.293774184307213471e-01 6.471752442701572683e-01 7.589295987936919285e-01 7.285261456639868793e-02 7.120734245622695191e-01 5.170058164283485302e-01 4.583010581679546336e-01 3.419127267376421697e-01 6.716897323085743166e-01 3.699148800030992446e-01 2.059105852071645426e-01 4.871017461563896811e-01 3.116076622571812837e-01 0.000000000000000000e+00
