0.000000000000000000e+00 6.384834853116866382e-01 5.477729307680501147e-01 7.326446368756547312e-01 5.528670124201968683e-01 5.888245200268955593e-01 3.626631937799956185e-01 3.335690652393573652e-01 6.433530828176350358e-01 5.306673950387836847e-01 9.056952839120415710e-01 3.945801671929561882e-01 4.669687704671064976e-01 7.508203260399564094e-01 7.618704277868324493e-01 3.771864899991434483e-01 8.833798961552890017e-01 4.136994240781097787e-01 4.913327441213835023e-01 3.946017812843085060e-01 2.799793318466039516e-01 7.180645496099844483e-01 3.106215440785929927e-01 7.671823501375857335e-01 6.018649122276583663e-01 4.656868193894890817e-01 5.604281353982010216e-01 4.360502092147497399e-01 3.491884127428486195e-01 1.906588159990526554e-01 6.833555363001403427e-01 2.057517822256165196e-01 4.244447192508379318e-01 6.899665530615695097e-01 4.602724028378734067e-01
6.384834853116866382e-01 0.000000000000000000e+00 6.848352610234842430e-01 8.243903627253419408e-01 7.962663164000005622e-01 3.033148659527170610e-01 3.624006972535652737e-01 4.502775357620140695e-01 2.600922761107820613e-01 7.108911100225590030e-02 8.680027730204071812e-01 8.697556103655144089e-01 5.746359681881680892e-01 9.043364569487668536e-01 6.162899325810116125e-01 1.619652543671153966e-01 9.390894028820939710e-02 4.226319759899977990e-01 7.075682520926082075e-01 5.011561481022538400e-01 2.682346934042485476e-01 9.030786676770494736e-01 4.068336400696984656e-01 4.843286756182796915e-01 7.464854346269721441e-01 4.024708749144526587e-01 7.132561889226426421e-01 3.154196960601726163e-01 6.849203769255284291e-01 4.917758321008929290e-01 6.054505791535513826e-01 4.942042550471831275e-01 3.905640331306955426e-01 4.395767562644068427e-01 4.836569612365815285e-01
5.477729307680501147e-01 6.848352610234842430e-01 0.000000000000000000e+00 1.374869990927062302e-01 4.120426846895325346e-01 4.104204331321056332e-01 7.109830560152222700e-01 3.008639389565818112e-01 3.195460102832753391e-01 7.279962929375061176e-01 5.587337243938873543e-01 4.665426402098790115e-01 2.987805402246914710e-01 8.148653777954240063e-02 3.781837280224780162e-01 7.838434564051710574e-02 8.694112226063476223e-01 4.164686276976713453e-01 2.110943248495506519e-01 1.260796064716673270e-01 4.669990349604543067e-01 3.825103642616971555e-01 4.922194824293794624e-01 3.247138959677206005e-01 6.613806543232302326e-01 3.463996415046747823e-01 5.028282800172836353e-01 4.919951779054900221e-01 1.924920451067111404e-01 2.730454072431380830e-01 8.182756084784048589e-01 6.872386295185231031e-01 4.811135314721420309e-01 4.980731201494082439e-01 7.999946417157710599e-01
7.326446368756547312e-01 8.243903627253419408e-01 1.374869990927062302e-01 0.000000000000000000e+00 3.543811063432526498e-01 7.559266229903306433e-01 5.333882673275476272e-01 1.618901744478162819e-01 5.919473533277146426e-01 7.949294277883331983e-01 5.639681673746644863e-01 4.918349826437228844e-01 5.232567956077123217e-01 6.831010448988952266e-01 4.307295370823921443e-01 4.573825714972319378e-01 3.836129510465777215e-01 6.647489377979995950e-01 5.714748966098932570e-01 3.439967179431252520e-01 5.874358751613473206e-01 6.685933556224432639e-01 4.760526791175603289e-01 4.705152126798755052e-01 2.270060819865089563e-01 7.798568520483649680e-01 7.130981479180895644e-01 2.356145967572232935e-01 3.384839857029223187e-01 7.463622989707138222e-01 9.706931246837569027e-01 6.197175331153838007e-01 4.834518424062753117e-01 3.761765168513157009e-01 4.570285860501626107e-01
5.528670124201968683e-01 7.962663164000005622e-01 4.120426846895325346e-01 3.543811063432526498e-01 0.000000000000000000e+00 5.790258968735766398e-01 5.176903518451092534e-01 6.449427325754384377e-01 7.535976093123106789e-01 6.485268692313089778e-01 7.316890735094343512e-01 6.817063640660814272e-01 7.885840767044304256e-01 6.618029622093402065e-01 4.676769489565322790e-01 6.760284172124741975e-01 5.305199282529637905e-02 6.340911600640579682e-01 5.971006814698185394e-01 7.747884399750442075e-01 9.180496481714583989e-02 4.047342300229548884e-01 3.278868720900953715e-01 6.161454557587446867e-01 2.970036427689694003e-01 7.734605578673893200e-01 5.169468048680703198e-01 4.548844937190564819e-01 5.942532646863238899e-01 3.790834570066908826e-01 5.814311259905611262e-01 6.758239357913060630e-01 7.690935811250882992e-01 1.041637277078854007e-01 4.854261366530280841e-01
5.888245200268955593e-01 3.033148659527170610e-01 4.104204331321056332e-01 7.559266229903306433e-01 5.790258968735766398e-01 0.000000000000000000e+00 6.729305656397233104e-01 8.390375026563192673e-01 6.802520230360762366e-01 6.680207028952399595e-01 7.042789076415648664e-01 1.495072609652404738e-01 6.935416183109486266e-01 5.565166866172529536e-01 9.417186657086207280e-01 4.130528360434356783e-01 3.749383303325256600e-01 5.576566188060292362e-01 5.496645086175251382e-01 3.683909836506934488e-01 6.420663711540812724e-01 5.302358602821068967e-01 5.241156156513138153e-01 4.026880943711371175e-01 3.863129398893155320e-01 3.509167817983566695e-01 8.002612293445292568e-01 4.828951248801521823e-01 5.853019444246116976e-01 4.307743188294038128e-01 5.563708069577454340e-01 5.024665131385008809e-01 6.507549112097303912e-01 4.373710443005812687e-01 4.458463897757520278e-01
3.626631937799956185e-01 3.624006972535652737e-01 7.109830560152222700e-01 5.333882673275476272e-01 5.176903518451092534e-01 6.729305656397233104e-01 0.000000000000000000e+00 7.149531925935723731e-01 2.777473394753242619e-01 3.135563618850587542e-01 6.640818722454255862e-01 3.281096419345272963e-01 4.704874654126908196e-01 4.660105098168240145e-01 2.370285007398099109e-01 6.266445129618493093e-01 4.821998601722626288e-01 4.945385243634932149e-01 6.875277427891312021e-01 6.447540733173291461e-01 3.212907412771984772e-01 9.037778717334021827e-01 4.749651140657304427e-01 2.254886865111800365e-01 5.199124103843306699e-01 4.668905075827696205e-01 5.653426525999828423e-01 1.855703484913279189e-01 1.232369793554777271e-01 6.574936088961930158e-01 6.140680880672679809e-01 6.198975630468273046e-01 6.400266982883051625e-01 7.570317034559719271e-01 7.695261266278690115e-01
3.335690652393573652e-01 4.502775357620140695e-01 3.008639389565818112e-01 1.618901744478162819e-01 6.449427325754384377e-01 8.390375026563192673e-01 7.149531925935723731e-01 0.000000000000000000e+00 7.653363665893057055e-01 6.288026459257132217e-01 6.783300848086416535e-01 1.220294411185639527e-01 3.720590957912128793e-01 5.529202875185574850e-01 3.326404937240373672e-01 6.202513226959418535e-01 3.411140289209512733e-01 7.022412115543330557e-01 3.440643234098873515e-01 5.223052027419383680e-01 2.342066758161227558e-01 3.908561881844324071e-01 4.040294843501578970e-01 3.872825858302066937e-01 4.912446509774124337e-01 5.411717904964807868e-01 4.638096197051116421e-01 5.888851414044423693e-01 8.990160095356456438e-01 3.424055825873185688e-01 2.640595345957821860e-01 3.200256733111693230e-01 7.295086659445038091e-01 7.613970418954718600e-01 4.511077810116803088e-01
6.433530828176350358e-01 2.600922761107820613e-01 3.195460102832753391e-01 5.919473533277146426e-01 7.535976093123106789e-01 6.802520230360762366e-01 2.777473394753242619e-01 7.653363665893057055e-01 0.000000000000000000e+00 8.022795695574609365e-01 2.830470120866410144e-01 6.160435897076260714e-01 5.338040076398145040e-01 5.107156758276669706e-01 9.194287725002228129e-01 1.863838894183381667e-01 5.230370831948862875e-01 2.196297027015238212e-01 9.892351681105101546e-01 8.711591430578810025e-01 4.397936925072685188e-01 7.220941291955532693e-01 7.296176945188979079e-01 2.652533757259509795e-01 1.804481424235214737e-01 7.004030692723159923e-01 6.508822152112077042e-01 1.066702622135364820e-01 6.054189564795042777e-01 5.042977096480893984e-01 6.850561846956818579e-01 8.623605328090829802e-01 5.271651508235100092e-01 3.711162849044467027e-01 4.265809039700202421e-01
5.306673950387836847e-01 7.108911100225590030e-02 7.279962929375061176e-01 7.949294277883331983e-01 6.485268692313089778e-01 6.680207028952399595e-01 3.135563618850587542e-01 6.288026459257132217e-01 8.022795695574609365e-01 0.000000000000000000e+00 4.906557971656036465e-01 9.253647300764772377e-02 9.690330652941161471e-01 5.228401472663447569e-01 4.420409917294558788e-01 3.705419875770772364e-01 5.266159816206397171e-01 5.982038773794697839e-01 3.642775758644854478e-01 5.617430453601073292e-01 3.746987920332112143e-01 4.390429278072816022e-01 6.323025349862807509e-01 4.068554984158705423e-01 4.252512301649883364e-01 6.072865593416472141e-01 7.647712213459256780e-01 7.080408417705332802e-01 6.842753184609755568e-01 3.259346362363597649e-01 5.986818764049228747e-01 4.445255506214988994e-01 4.777193687771356112e-01 7.679258526795296191e-02 4.005475044548676422e-01
9.056952839120415710e-01 8.680027730204071812e-01 5.587337243938873543e-01 5.639681673746644863e-01 7.316890735094343512e-01 7.042789076415648664e-01 6.640818722454255862e-01 6.783300848086416535e-01 2.830470120866410144e-01 4.906557971656036465e-01 0.000000000000000000e+00 7.668788571195366277e-01 2.223250505421622836e-01 9.577563365265254758e-01 4.002241148314718555e-01 8.257412317430875559e-01 8.407744344449969986e-01 1.483844600191006613e-01 6.077233356318885171e-01 1.944949475324341814e-01 4.708394759807566499e-01 6.527467174835792640e-01 5.963632508175229496e-01 5.810420209699160843e-01 7.701118864951731480e-01 1.731051582750540163e-01 5.390171692278269422e-01 6.728704114256015556e-01 7.253002426945279746e-01 1.403724168804563188e-01 5.058569775175251193e-01 8.800007052057214896e-01 8.120828257580027243e-01 5.423491563042062147e-01 2.972360612067638241e-01
3.945801671929561882e-01 8.697556103655144089e-01 4.665426402098790115e-01 4.918349826437228844e-01 6.817063640660814272e-01 1.495072609652404738e-01 3.281096419345272963e-01 1.220294411185639527e-01 6.160435897076260714e-01 9.253647300764772377e-02 7.668788571195366277e-01 0.000000000000000000e+00 6.711280489941958693e-01 4.688820033183336289e-01 7.878206670127241296e-01 8.497131755839700817e-01 7.820672822367025212e-01 9.160493250884580441e-01 4.249392823490252824e-01 6.753074879477973802e-01 7.438159876872154630e-01 5.498910371632150795e-01 3.801845703977910773e-01 8.181484534743908021e-01 3.614648092476023811e-01 6.762916022281165729e-01 3.418380927554651727e-01 6.152713976229456927e-02 4.746601097065139552e-01 2.371249509795690935e-01 4.620691875041516017e-02 4.058059713753271458e-01 8.634092234274591826e-01 8.079645707526712517e-01 6.892920843109842099e-01
4.669687704671064976e-01 5.746359681881680892e-01 2.987805402246914710e-01 5.232567956077123217e-01 7.885840767044304256e-01 6.935416183109486266e-01 4.704874654126908196e-01 3.720590957912128793e-01 5.338040076398145040e-01 9.690330652941161471e-01 2.223250505421622836e-01 6.711280489941958693e-01 0.000000000000000000e+00 7.827010000420175917e-01 8.992242165234187734e-01 3.689658124032748066e-01 9.025138283662726968e-01 6.854117938405980270e-01 5.198746507256979399e-01 4.160055228768528846e-01 4.562984453622572767e-01 7.268393315723150616e-01 7.655473560675702949e-01 4.056330610657697955e-01 7.396531510388371089e-01 7.410796900064432480e-01 6.297559693652748924e-01 4.440820950775520304e-01 2.322569155517159034e-01 6.472674836186643743e-01 6.424845201512432435e-01 2.201788660149842647e-01 4.635422097267970498e-01 4.342452032701230591e-01 9.311850502906484639e-01
7.508203260399564094e-01 9.043364569487668536e-01 8.148653777954240063e-02 6.831010448988952266e-01 6.618029622093402065e-01 5.565166866172529536e-01 4.660105098168240145e-01 5.529202875185574850e-01 5.107156758276669706e-01 5.228401472663447569e-01 9.577563365265254758e-01 4.688820033183336289e-01 7.827010000420175917e-01 0.000000000000000000e+00 3.889490654574446760e-01 5.049213060565366229e-01 7.996803518395008137e-01 2.734630172124314917e-01 8.246250272462288811e-01 9.867854083233191798e-01 6.089009782269785287e-01 6.203885688344774607e-01 1.757879916453705116e-01 3.201217994958980850e-01 5.531067590690754709e-01 2.973906553731385238e-01 7.200441116900989647e-01 8.378796817839451183e-02 6.401149614683869782e-01 5.756073126679078777e-01 7.127222150050163130e-01 6.881462698043483428e-01 2.663131985941790125e-01 8.671188274629946235e-01 8.362773122747887422e-01
7.618704277868324493e-01 6.162899325810116125e-01 3.781837280224780162e-01 4.307295370823921443e-01 4.676769489565322790e-01 9.417186657086207280e-01 2.370285007398099109e-01 3.326404937240373672e-01 9.194287725002228129e-01 4.420409917294558788e-01 4.002241148314718555e-01 7.878206670127241296e-01 8.992242165234187734e-01 3.889490654574446760e-01 0.000000000000000000e+00 4.920321465800918115e-01 5.732577568107339872e-01 5.766864939710625304e-01 5.647595616508399585e-02 5.764006076096219733e-01 3.943402396045828096e-01 5.889341829018407415e-01 3.575526255291371358e-01 3.988350701296136114e-01 7.704874469272445792e-01 2.113743322677825165e-01 6.143503726889480987e-01 7.374957518864004857e-01 5.883848749751630081e-01 4.529363126228666547e-01 4.766268540319086866e-01 5.649313248496994344e-01 5.288507181074588726e-01 3.394347921757743247e-01 8.530946693936239944e-01
3.771864899991434483e-01 1.619652543671153966e-01 7.838434564051710574e-02 4.573825714972319378e-01 6.760284172124741975e-01 4.130528360434356783e-01 6.266445129618493093e-01 6.202513226959418535e-01 1.863838894183381667e-01 3.705419875770772364e-01 8.257412317430875559e-01 8.497131755839700817e-01 3.689658124032748066e-01 5.049213060565366229e-01 4.920321465800918115e-01 0.000000000000000000e+00 6.568073627254759073e-01 9.072873112546977481e-01 2.473341122151949678e-01 3.437576608395385147e-01 5.368623241014158776e-02 3.146442755299393434e-01 4.212379432932007450e-01 1.009117167878345045e-01 8.967228584962156912e-01 7.406270261358371965e-01 8.214776438029958161e-01 7.232824872358057933e-01 3.674499515633474767e-01 5.763638423396117982e-01 5.714427824481336238e-01 5.050996453806035902e-01 6.038938043510304610e-01 8.452029984263413898e-01 4.076516834742660578e-01
8.833798961552890017e-01 9.390894028820939710e-02 8.694112226063476223e-01 3.836129510465777215e-01 5.305199282529637905e-02 3.749383303325256600e-01 4.821998601722626288e-01 3.411140289209512733e-01 5.230370831948862875e-01 5.266159816206397171e-01 8.407744344449969986e-01 7.820672822367025212e-01 9.025138283662726968e-01 7.996803518395008137e-01 5.732577568107339872e-01 6.568073627254759073e-01 0.000000000000000000e+00 3.227253139038319674e-01 1.571061570838795385e-01 3.267888081514325194e-01 1.936553733467871741e-02 5.983101328167296229e-01 8.379962603288126921e-01 4.422090092139197015e-01 5.296924238642908289e-01 6.478219806051892515e-01 7.475991334616793882e-01 3.993410927861867910e-01 2.619835166579083108e-01 4.723418481540275216e-01 3.536552274772393756e-01 8.147869756750082404e-01 5.941723247328183355e-01 3.208266893611759207e-01 5.984092240197633750e-01
4.136994240781097787e-01 4.226319759899977990e-01 4.164686276976713453e-01 6.647489377979995950e-01 6.340911600640579682e-01 5.576566188060292362e-01 4.945385243634932149e-01 7.022412115543330557e-01 2.196297027015238212e-01 5.982038773794697839e-01 1.483844600191006613e-01 9.160493250884580441e-01 6.854117938405980270e-01 2.734630172124314917e-01 5.766864939710625304e-01 9.072873112546977481e-01 3.227253139038319674e-01 0.000000000000000000e+00 2.156938729144526334e-01 4.338042546374070163e-01 1.182366249290365823e-01 4.300981044800274988e-01 4.927280716134119221e-01 7.860403936364075417e-01 5.208258060817390067e-01 7.782439372002891709e-02 7.072047949067075123e-01 3.400624497456849471e-01 6.368234499902016843e-01 1.961069375533416315e-01 1.405007079514563051e-01 3.601280674173048535e-01 6.072552654480696255e-01 5.759376348371318954e-01 3.166003994113423814e-01
4.913327441213835023e-01 7.075682520926082075e-01 2.110943248495506519e-01 5.714748966098932570e-01 5.971006814698185394e-01 5.496645086175251382e-01 6.875277427891312021e-01 3.440643234098873515e-01 9.892351681105101546e-01 3.642775758644854478e-01 6.077233356318885171e-01 4.249392823490252824e-01 5.198746507256979399e-01 8.246250272462288811e-01 5.647595616508399585e-02 2.473341122151949678e-01 1.571061570838795385e-01 2.156938729144526334e-01 0.000000000000000000e+00 5.864364296930690834e-01 4.456825382934423430e-01 5.467508407763241873e-01 4.926124590948517401e-01 5.914247396788269162e-01 6.098313234507728442e-01 3.609609606128094117e-01 6.803805567221707928e-01 4.090282293979974892e-01 6.294653788250841320e-01 6.508288927346392860e-01 1.118646817406384608e-01 3.873125548068876434e-01 4.781451114121351154e-01 4.749838342370187316e-01 2.659644357384127744e-01
3.946017812843085060e-01 5.011561481022538400e-01 1.260796064716673270e-01 3.439967179431252520e-01 7.747884399750442075e-01 3.683909836506934488e-01 6.447540733173291461e-01 5.223052027419383680e-01 8.711591430578810025e-01 5.617430453601073292e-01 1.944949475324341814e-01 6.753074879477973802e-01 4.160055228768528846e-01 9.867854083233191798e-01 5.764006076096219733e-01 3.437576608395385147e-01 3.267888081514325194e-01 4.338042546374070163e-01 5.864364296930690834e-01 0.000000000000000000e+00 4.429617920665582798e-01 4.254664306469672086e-01 4.753602641764054226e-01 5.655705306260928600e-01 8.502143445630063745e-01 9.946055519989702720e-01 7.615130817851445411e-01 4.774411343417890863e-01 5.463095003741578193e-01 4.886349536856082754e-01 5.944635297291765985e-01 4.543563788905724543e-01 7.916105485226474503e-01 7.994886862594028365e-01 4.695787620821882946e-01
2.799793318466039516e-01 2.682346934042485476e-01 4.669990349604543067e-01 5.874358751613473206e-01 9.180496481714583989e-02 6.420663711540812724e-01 3.212907412771984772e-01 2.342066758161227558e-01 4.397936925072685188e-01 3.746987920332112143e-01 4.708394759807566499e-01 7.438159876872154630e-01 4.562984453622572767e-01 6.089009782269785287e-01 3.943402396045828096e-01 5.368623241014158776e-02 1.936553733467871741e-02 1.182366249290365823e-01 4.456825382934423430e-01 4.429617920665582798e-01 0.000000000000000000e+00 7.149401270071505943e-01 3.962004308653831464e-01 4.631494651380700933e-01 6.641717522198407053e-01 1.053718623943549204e-01 7.326020994948911902e-02 4.452923043385733637e-01 7.504205738650252533e-01 5.402528790412323145e-01 8.424076273470828546e-01 5.051749511302348061e-01 5.300829142879961431e-01 5.045815243934024252e-01 5.503146310348666637e-01
7.180645496099844483e-01 9.030786676770494736e-01 3.825103642616971555e-01 6.685933556224432639e-01 4.047342300229548884e-01 5.302358602821068967e-01 9.037778717334021827e-01 3.908561881844324071e-01 7.220941291955532693e-01 4.390429278072816022e-01 6.527467174835792640e-01 5.498910371632150795e-01 7.268393315723150616e-01 6.203885688344774607e-01 5.889341829018407415e-01 3.146442755299393434e-01 5.983101328167296229e-01 4.300981044800274988e-01 5.467508407763241873e-01 4.254664306469672086e-01 7.149401270071505943e-01 0.000000000000000000e+00 8.110416683925361081e-01 5.727899111304521895e-01 2.514430167133059335e-01 7.342862124921882838e-01 6.898934618526126883e-01 3.696944668039218174e-01 5.704893809177833397e-01 1.094948741322312458e-01 4.959638847373961656e-01 6.067818055716370784e-01 5.103592882806030628e-01 7.098551645318041947e-01 4.520950477281990842e-01
3.106215440785929927e-01 4.068336400696984656e-01 4.922194824293794624e-01 4.760526791175603289e-01 3.278868720900953715e-01 5.241156156513138153e-01 4.749651140657304427e-01 4.040294843501578970e-01 7.296176945188979079e-01 6.323025349862807509e-01 5.963632508175229496e-01 3.801845703977910773e-01 7.655473560675702949e-01 1.757879916453705116e-01 3.575526255291371358e-01 4.212379432932007450e-01 8.379962603288126921e-01 4.927280716134119221e-01 4.926124590948517401e-01 4.753602641764054226e-01 3.962004308653831464e-01 8.110416683925361081e-01 0.000000000000000000e+00 8.865808321239109224e-01 5.013686502188015037e-01 4.332128746549596676e-01 3.545927783111250120e-01 3.284436797222740623e-01 7.060447000359740821e-01 4.503864916409827668e-01 6.885431146263973901e-01 6.271719041873308198e-01 3.199062922855425706e-01 5.014103881121649842e-01 8.193719091503633978e-01
7.671823501375857335e-01 4.843286756182796915e-01 3.247138959677206005e-01 4.705152126798755052e-01 6.161454557587446867e-01 4.026880943711371175e-01 2.254886865111800365e-01 3.872825858302066937e-01 2.652533757259509795e-01 4.068554984158705423e-01 5.810420209699160843e-01 8.181484534743908021e-01 4.056330610657697955e-01 3.201217994958980850e-01 3.988350701296136114e-01 1.009117167878345045e-01 4.422090092139197015e-01 7.860403936364075417e-01 5.914247396788269162e-01 5.655705306260928600e-01 4.631494651380700933e-01 5.727899111304521895e-01 8.865808321239109224e-01 0.000000000000000000e+00 4.735871847463994921e-01 3.404017444145717719e-01 6.488294986072202786e-01 6.782427660611149989e-01 8.639226981495855551e-01 4.862534753600623594e-01 7.513360556122977707e-01 5.857893591187197657e-01 6.445776757581891392e-01 4.255475769045136691e-01 6.613206535278626230e-01
6.018649122276583663e-01 7.464854346269721441e-01 6.613806543232302326e-01 2.270060819865089563e-01 2.970036427689694003e-01 3.863129398893155320e-01 5.199124103843306699e-01 4.912446509774124337e-01 1.804481424235214737e-01 4.252512301649883364e-01 7.701118864951731480e-01 3.614648092476023811e-01 7.396531510388371089e-01 5.531067590690754709e-01 7.704874469272445792e-01 8.967228584962156912e-01 5.296924238642908289e-01 5.208258060817390067e-01 6.098313234507728442e-01 8.502143445630063745e-01 6.641717522198407053e-01 2.514430167133059335e-01 5.013686502188015037e-01 4.735871847463994921e-01 0.000000000000000000e+00 7.340359653198975654e-01 5.589696330724751583e-01 4.501856493232975764e-01 5.086808779476096332e-01 7.416201800341140071e-01 2.124465013475236863e-01 4.515908653047876475e-01 2.707750376077455723e-01 6.080181990326262165e-01 8.684160788733970016e-01
4.656868193894890817e-01 4.024708749144526587e-01 3.463996415046747823e-01 7.798568520483649680e-01 7.734605578673893200e-01 3.509167817983566695e-01 4.668905075827696205e-01 5.411717904964807868e-01 7.004030692723159923e-01 6.072865593416472141e-01 1.731051582750540163e-01 6.762916022281165729e-01 7.410796900064432480e-01 2.973906553731385238e-01 2.113743322677825165e-01 7.406270261358371965e-01 6.478219806051892515e-01 7.782439372002891709e-02 3.609609606128094117e-01 9.946055519989702720e-01 1.053718623943549204e-01 7.342862124921882838e-01 4.332128746549596676e-01 3.404017444145717719e-01 7.340359653198975654e-01 0.000000000000000000e+00 3.968570115920944108e-01 4.692891718672350110e-01 4.563244406790205598e-01 6.493595297908236752e-01 4.803098522334448561e-01 3.271056913997627547e-01 2.263367231528226053e-01 3.664640423615470599e-01 5.442706934234783356e-01
5.604281353982010216e-01 7.132561889226426421e-01 5.028282800172836353e-01 7.130981479180895644e-01 5.169468048680703198e-01 8.002612293445292568e-01 5.653426525999828423e-01 4.638096197051116421e-01 6.508822152112077042e-01 7.647712213459256780e-01 5.390171692278269422e-01 3.418380927554651727e-01 6.297559693652748924e-01 7.200441116900989647e-01 6.143503726889480987e-01 8.214776438029958161e-01 7.475991334616793882e-01 7.072047949067075123e-01 6.803805567221707928e-01 7.615130817851445411e-01 7.326020994948911902e-02 6.898934618526126883e-01 3.545927783111250120e-01 6.488294986072202786e-01 5.589696330724751583e-01 3.968570115920944108e-01 0.000000000000000000e+00 7.631044058363830596e-01 4.493863365789385611e-02 6.404123562870205344e-01 9.225355537981050347e-01 7.503870790690223558e-01 5.117140202941613536e-01 8.106119572285275243e-01 2.151013829585575188e-01
4.360502092147497399e-01 3.154196960601726163e-01 4.919951779054900221e-01 2.356145967572232935e-01 4.548844937190564819e-01 4.828951248801521823e-01 1.855703484913279189e-01 5.888851414044423693e-01 1.066702622135364820e-01 7.080408417705332802e-01 6.728704114256015556e-01 6.152713976229456927e-02 4.440820950775520304e-01 8.378796817839451183e-02 7.374957518864004857e-01 7.232824872358057933e-01 3.993410927861867910e-01 3.400624497456849471e-01 4.090282293979974892e-01 4.774411343417890863e-01 4.452923043385733637e-01 3.696944668039218174e-01 3.284436797222740623e-01 6.782427660611149989e-01 4.501856493232975764e-01 4.692891718672350110e-01 7.631044058363830596e-01 0.000000000000000000e+00 3.018856092330631791e-01 6.888111649391788216e-01 5.040677759319243112e-01 6.441256281677018025e-01 7.839305332803079285e-01 7.013622174203975046e-01 1.814257378135545329e-01
3.491884127428486195e-01 6.849203769255284291e-01 1.924920451067111404e-01 3.384839857029223187e-01 5.942532646863238899e-01 5.853019444246116976e-01 1.232369793554777271e-01 8.990160095356456438e-01 6.054189564795042777e-01 6.842753184609755568e-01 7.253002426945279746e-01 4.746601097065139552e-01 2.322569155517159034e-01 6.401149614683869782e-01 5.883848749751630081e-01 3.674499515633474767e-01 2.619835166579083108e-01 6.368234499902016843e-01 6.294653788250841320e-01 5.463095003741578193e-01 7.504205738650252533e-01 5.704893809177833397e-01 7.060447000359740821e-01 8.639226981495855551e-01 5.086808779476096332e-01 4.563244406790205598e-01 4.493863365789385611e-02 3.018856092330631791e-01 0.000000000000000000e+00 6.361984277749617167e-01 5.314052759278078408e-01 6.937778859740866277e-01 6.902299124399295938e-01 3.969682190036795122e-01 1.427818719533863190e-01
1.906588159990526554e-01 4.917758321008929290e-01 2.730454072431380830e-01 7.463622989707138222e-01 3.790834570066908826e-01 4.307743188294038128e-01 6.574936088961930158e-01 3.424055825873185688e-01 5.042977096480893984e-01 3.259346362363597649e-01 1.403724168804563188e-01 2.371249509795690935e-01 6.472674836186643743e-01 5.756073126679078777e-01 4.529363126228666547e-01 5.763638423396117982e-01 4.723418481540275216e-01 1.961069375533416315e-01 6.508288927346392860e-01 4.886349536856082754e-01 5.402528790412323145e-01 1.094948741322312458e-01 4.503864916409827668e-01 4.862534753600623594e-01 7.416201800341140071e-01 6.493595297908236752e-01 6.404123562870205344e-01 6.888111649391788216e-01 6.361984277749617167e-01 0.000000000000000000e+00 2.535923700865029273e-01 8.553253073609690116e-01 1.794147513645832914e-01 9.085874840940626473e-01 5.979096180006282513e-02
6.833555363001403427e-01 6.054505791535513826e-01 8.182756084784048589e-01 9.706931246837569027e-01 5.814311259905611262e-01 5.563708069577454340e-01 6.140680880672679809e-01 2.640595345957821860e-01 6.850561846956818579e-01 5.986818764049228747e-01 5.058569775175251193e-01 4.620691875041516017e-02 6.424845201512432435e-01 7.127222150050163130e-01 4.766268540319086866e-01 5.714427824481336238e-01 3.536552274772393756e-01 1.405007079514563051e-01 1.118646817406384608e-01 5.944635297291765985e-01 8.424076273470828546e-01 4.959638847373961656e-01 6.885431146263973901e-01 7.513360556122977707e-01 2.124465013475236863e-01 4.803098522334448561e-01 9.225355537981050347e-01 5.040677759319243112e-01 5.314052759278078408e-01 2.535923700865029273e-01 0.000000000000000000e+00 5.090870073184607936e-01 6.964440292471719696e-01 6.948346220564167730e-01 4.929560476487434562e-01
2.057517822256165196e-01 4.942042550471831275e-01 6.872386295185231031e-01 6.197175331153838007e-01 6.758239357913060630e-01 5.024665131385008809e-01 6.198975630468273046e-01 3.200256733111693230e-01 8.623605328090829802e-01 4.445255506214988994e-01 8.800007052057214896e-01 4.058059713753271458e-01 2.201788660149842647e-01 6.881462698043483428e-01 5.649313248496994344e-01 5.050996453806035902e-01 8.147869756750082404e-01 3.601280674173048535e-01 3.873125548068876434e-01 4.543563788905724543e-01 5.051749511302348061e-01 6.067818055716370784e-01 6.271719041873308198e-01 5.857893591187197657e-01 4.515908653047876475e-01 3.271056913997627547e-01 7.503870790690223558e-01 6.441256281677018025e-01 6.937778859740866277e-01 8.553253073609690116e-01 5.090870073184607936e-01 0.000000000000000000e+00 9.498075276682143020e-01 5.894831688450454799e-01 9.066420937716763717e-01
4.244447192508379318e-01 3.905640331306955426e-01 4.811135314721420309e-01 4.834518424062753117e-01 7.690935811250882992e-01 6.507549112097303912e-01 6.400266982883051625e-01 7.295086659445038091e-01 5.271651508235100092e-01 4.777193687771356112e-01 8.120828257580027243e-01 8.634092234274591826e-01 4.635422097267970498e-01 2.663131985941790125e-01 5.288507181074588726e-01 6.038938043510304610e-01 5.941723247328183355e-01 6.072552654480696255e-01 4.781451114121351154e-01 7.916105485226474503e-01 5.300829142879961431e-01 5.103592882806030628e-01 3.199062922855425706e-01 6.445776757581891392e-01 2.707750376077455723e-01 2.263367231528226053e-01 5.117140202941613536e-01 7.839305332803079285e-01 6.902299124399295938e-01 1.794147513645832914e-01 6.964440292471719696e-01 9.498075276682143020e-01 0.000000000000000000e+00 2.916792261526219843e-01 4.556446512827336814e-01
6.899665530615695097e-01 4.395767562644068427e-01 4.980731201494082439e-01 3.761765168513157009e-01 1.041637277078854007e-01 4.373710443005812687e-01 7.570317034559719271e-01 7.613970418954718600e-01 3.711162849044467027e-01 7.679258526795296191e-02 5.423491563042062147e-01 8.079645707526712517e-01 4.342452032701230591e-01 8.671188274629946235e-01 3.394347921757743247e-01 8.452029984263413898e-01 3.208266893611759207e-01 5.759376348371318954e-01 4.749838342370187316e-01 7.994886862594028365e-01 5.045815243934024252e-01 7.098551645318041947e-01 5.014103881121649842e-01 4.255475769045136691e-01 6.080181990326262165e-01 3.664640423615470599e-01 8.106119572285275243e-01 7.013622174203975046e-01 3.969682190036795122e-01 9.085874840940626473e-01 6.948346220564167730e-01 5.894831688450454799e-01 2.916792261526219843e-01 0.000000000000000000e+00 6.921625696306943354e-01
4.602724028378734067e-01 4.836569612365815285e-01 7.999946417157710599e-01 4.570285860501626107e-01 4.854261366530280841e-01 4.458463897757520278e-01 7.695261266278690115e-01 4.511077810116803088e-01 4.265809039700202421e-01 4.005475044548676422e-01 2.972360612067638241e-01 6.892920843109842099e-01 9.311850502906484639e-01 8.362773122747887422e-01 8.530946693936239944e-01 4.076516834742660578e-01 5.984092240197633750e-01 3.166003994113423814e-01 2.659644357384127744e-01 4.695787620821882946e-01 5.503146310348666637e-01 4.520950477281990842e-01 8.193719091503633978e-01 6.613206535278626230e-01 8.684160788733970016e-01 5.442706934234783356e-01 2.151013829585575188e-01 1.814257378135545329e-01 1.427818719533863190e-01 5.979096180006282513e-02 4.929560476487434562e-01 9.066420937716763717e-01 4.556446512827336814e-01 6.921625696306943354e-01 0.000000000000000000e+00
