0.000000000000000000e+00 4.825039215539100868e-01 4.029745428176844668e-01 5.953744100379911863e-01 5.958667809117380587e-01 7.177480315579068959e-01 9.753439762394555679e-01 9.564878575012514261e-02 6.228547948204432583e-01 5.380766072632348074e-01 5.503736716677546381e-01 1.422846334501111087e-01 5.501759387890415853e-01 2.368985085190243867e-01 9.112582904076356183e-01 5.570321067421108996e-01 5.926259877821109523e-01 4.358966430178300433e-01 5.536985629452562119e-01 5.053059748600603474e-01 4.893932903570129556e-01 4.103337940112733451e-01 6.043839029972919441e-02 5.133377866460380190e-01 5.007093617066268321e-01 2.403881346679096476e-01 7.774548258303282111e-01 4.988047971362999378e-01 4.919323105161809151e-01 7.820756140406029955e-01 5.036857927573319405e-01 8.138309698729159214e-01 4.329780965648624136e-01 5.024082646804912677e-01 5.388673726338480963e-01
4.825039215539100868e-01 0.000000000000000000e+00 1.849706608404121377e-01 2.936990396869613162e-01 1.072072910586785444e-01 3.948537056845881632e-01 3.976370323669483620e-01 4.870754656766148050e-01 2.188124973565024334e-01 6.065128660059478927e-01 3.542481511457337140e-01 6.087918261927651731e-01 2.532189105087602199e-01 1.300137398042475745e-01 5.419336733641939574e-01 1.150299765437278188e-01 4.429896091446698936e-01 1.181263468101633185e-01 7.563462971312946426e-01 7.763597648404962914e-02 8.338125163705210063e-01 3.321501416816681207e-01 4.047824669360843841e-01 5.215049925621015880e-01 9.100274816444817727e-01 3.633255985054396064e-01 4.996900831774091500e-01 1.014103099068757174e-01 2.696560573712303843e-01 7.480197565758606171e-01 6.781678151504642038e-01 8.233214172915583884e-01 7.431107661138832698e-01 5.887779369604315693e-01 5.443333173399477198e-01
4.029745428176844668e-01 1.849706608404121377e-01 0.000000000000000000e+00 4.161153550564510306e-01 6.512936076831736809e-01 6.818537093600884891e-01 5.768622990270463324e-01 3.180263092205099507e-01 5.127633074076141106e-01 6.496765088915090747e-01 6.440943554453270048e-01 4.000918292917299279e-01 4.654050657326077034e-01 2.764827985539785593e-01 4.022614045670062088e-01 8.248357100342085246e-01 5.956934706635704790e-01 7.078635735226721515e-01 1.393912046366442836e-01 1.215222545508714003e-01 5.868795320789736980e-01 2.574158110351224549e-01 4.749451112529293750e-01 4.616716053354417704e-01 3.980999646141777926e-01 1.726537830841330390e-01 6.856213562778177284e-01 5.054204118099433485e-01 4.613823959136640340e-01 6.025792969613283923e-01 7.506494676720999459e-01 3.758616638769352036e-01 4.116430254665942590e-01 7.633106349531841861e-01 3.533126495830216651e-01
5.953744100379911863e-01 2.936990396869613162e-01 4.161153550564510306e-01 0.000000000000000000e+00 9.047152180075004324e-01 7.637082892462756512e-01 3.128511601561182465e-01 8.170084939234908417e-01 8.171819624592265852e-01 4.578718277992308017e-01 5.207137250303922604e-01 1.829086399548690567e-01 6.916978401968003620e-01 3.001674506311912127e-01 4.147561233122897262e-01 3.773085479667844244e-01 1.916340907975121466e-01 5.153754173202461653e-01 5.845633118929254302e-01 5.931546413134796136e-01 5.681978352897171236e-01 4.701499193358732454e-01 2.595415171340906824e-01 2.229791078475132915e-01 5.305985577950073084e-01 2.334290223459913882e-01 3.477680297613667815e-01 2.191923742334417335e-01 6.482819003785955658e-01 5.619316939837224467e-01 1.812781094787889735e-01 7.992702139884544366e-01 7.798847514201991959e-01 3.578968061693895697e-01 5.776979610369453733e-02
5.958667809117380587e-01 1.072072910586785444e-01 6.512936076831736809e-01 9.047152180075004324e-01 0.000000000000000000e+00 5.118772116795915483e-01 5.741273876858301595e-01 6.070992580890812729e-01 9.002088736336646413e-01 4.142346694481612301e-01 8.432820919508692281e-01 3.691006908243382179e-01 1.829350958283607609e-01 2.422201960568559354e-01 7.193255586560409753e-01 3.329910190033099626e-01 6.415468703694039432e-01 5.282785628480588525e-01 6.161527396566609527e-01 6.617382271682690220e-01 2.092262724858676703e-01 7.698940166662817663e-01 3.735233464246681123e-01 6.500597945881447792e-01 4.331954314803262429e-01 3.793585959908527538e-01 3.183115950081649159e-01 1.222800431799450083e-01 4.197058221684136781e-01 6.486025262038412897e-01 7.395812890976800613e-01 4.585221021105201356e-01 4.219997848303542742e-01 3.580370695786787572e-01 4.880550908703895074e-01
7.177480315579068959e-01 3.948537056845881632e-01 6.818537093600884891e-01 7.637082892462756512e-01 5.118772116795915483e-01 0.000000000000000000e+00 3.746609567762024806e-01 7.448154334965527701e-01 4.322702921577542545e-01 8.901578405732615273e-01 6.179989868526306607e-01 7.258648758708337034e-01 5.000757609562217487e-01 6.072925837332474597e-01 1.326069761300067151e-01 5.823247569401485135e-01 2.639572183969851604e-01 4.712638006337168672e-01 8.701892996489204446e-01 7.727840052146672800e-01 5.502106207468241417e-01 5.620082836132813675e-01 2.093607523361235012e-01 2.569100324234611654e-01 4.042933658687807852e-01 3.865174099033472643e-01 2.311452529989627136e-01 2.190102662033769354e-01 4.735506475150932926e-01 3.768040542845707552e-01 5.632121385153866511e-01 2.691797591642761667e-01 2.791659890844985226e-01 6.369628464879171226e-01 4.286191437087741862e-01
9.753439762394555679e-01 3.976370323669483620e-01 5.768622990270463324e-01 3.128511601561182465e-01 5.741273876858301595e-01 3.746609567762024806e-01 0.000000000000000000e+00 3.915990030394519428e-01 7.711118622876921291e-01 6.270698355314399119e-01 2.896975337132768891e-01 1.139014863193323346e-01 6.183453368545211992e-01 1.545645695313934143e-01 1.658643354699689265e-01 3.519009333768909342e-01 4.779480863143188429e-01 2.451488478806688187e-01 4.446260514764766580e-01 6.259889138352660032e-01 3.950373872161196398e-01 2.061799770384408204e-01 6.650246554695702361e-01 5.845992868383342866e-01 6.321173562041659810e-01 8.190015023995682597e-01 4.548559918932696400e-01 2.987787378719389819e-01 8.277076857191056902e-01 5.008244265061612133e-01 7.933197970738865568e-01 4.922424420983010918e-01 7.807577595890214939e-01 4.079628789865852867e-01 1.901252986338838324e-01
9.564878575012514261e-02 4.870754656766148050e-01 3.180263092205099507e-01 8.170084939234908417e-01 6.070992580890812729e-01 7.448154334965527701e-01 3.915990030394519428e-01 0.000000000000000000e+00 4.510742242945433023e-01 3.070401797694349844e-01 3.516861799059355365e-01 7.598510820501025442e-01 4.600303467318515582e-01 2.755231126576007661e-01 4.433752754038520205e-01 4.165588247957630053e-01 9.024164371693237374e-01 3.804191922773029200e-01 7.357430995585598765e-01 5.015316282038614348e-01 1.225141619491271205e-01 8.421291100425627452e-01 7.020879553286663022e-02 6.731233597614876274e-01 3.769062247247181308e-01 4.550715849006324309e-01 5.124448429735498634e-01 2.650752552743503854e-01 2.851802872844567682e-01 4.877473116865798652e-01 8.145585613208907727e-01 4.599389352068804504e-01 4.011490405653995728e-01 3.623725470964180850e-01 4.438207957293706096e-01
6.228547948204432583e-01 2.188124973565024334e-01 5.127633074076141106e-01 8.171819624592265852e-01 9.002088736336646413e-01 4.322702921577542545e-01 7.711118622876921291e-01 4.510742242945433023e-01 0.000000000000000000e+00 2.061511968757557822e-01 5.512146998320253122e-01 7.316483985548428715e-01 1.720421559403485512e-01 3.410404187909835683e-01 6.851134985942470834e-01 8.676961695715330602e-01 5.597516114734052417e-01 8.250094652948370966e-01 3.924435079977898755e-01 7.334961667922289541e-01 3.399280607249425268e-01 5.425618248146357736e-01 6.696351382241101380e-01 2.494013300140800193e-01 5.512274611586901463e-01 2.338782830136914015e-01 4.842447916108515438e-01 3.049819350845615062e-01 9.327124277805589614e-01 3.858333120042691800e-01 5.855137689937878198e-01 2.330838472010046125e-01 1.971999562703586895e-01 5.259666906442369561e-01 5.713559288726426377e-01
5.380766072632348074e-01 6.065128660059478927e-01 6.496765088915090747e-01 4.578718277992308017e-01 4.142346694481612301e-01 8.901578405732615273e-01 6.270698355314399119e-01 3.070401797694349844e-01 2.061511968757557822e-01 0.000000000000000000e+00 7.234443961064536133e-01 8.032983336917778328e-01 8.756212796924200958e-02 5.405168325520657291e-01 9.257677312762524480e-01 8.026643850808199421e-01 1.529665469104794506e-01 3.423740796047299861e-01 6.802744705448390272e-01 7.698655291992615446e-01 4.429888403517348583e-01 3.379115654598708884e-01 6.883247613885508098e-01 4.372639152604523294e-01 4.327075728382912545e-01 8.373007663812221946e-01 5.906063620238328760e-01 7.238057204478886009e-01 5.835637102146365995e-01 7.013930484074502036e-01 4.756442123423928470e-01 1.662111011551191675e-01 6.528886869344949773e-01 4.624183971704444729e-01 8.232088077397103909e-01
5.503736716677546381e-01 3.542481511457337140e-01 6.440943554453270048e-01 5.207137250303922604e-01 8.432820919508692281e-01 6.179989868526306607e-01 2.896975337132768891e-01 3.516861799059355365e-01 5.512146998320253122e-01 7.234443961064536133e-01 0.000000000000000000e+00 6.883551708753653520e-01 8.295723435889266195e-01 2.588520481014489061e-02 1.402283027328005138e-01 4.908912436398811807e-01 4.055779933606146193e-01 5.627854326382449868e-01 6.661157532134267534e-01 8.368521617834600024e-01 4.777085449825261843e-01 6.412441658598677652e-01 4.326623587857417741e-01 7.324375222755752368e-01 7.881808832377593665e-01 2.329514352820672984e-01 4.008840210994313868e-01 7.264261422888639297e-01 5.096881849415157983e-01 3.756169947065579606e-01 3.481883345516030293e-01 8.415870021921090238e-01 1.775671936747058588e-01 5.214386271525146554e-01 6.700360152050206519e-01
1.422846334501111087e-01 6.087918261927651731e-01 4.000918292917299279e-01 1.829086399548690567e-01 3.691006908243382179e-01 7.258648758708337034e-01 1.139014863193323346e-01 7.598510820501025442e-01 7.316483985548428715e-01 8.032983336917778328e-01 6.883551708753653520e-01 0.000000000000000000e+00 7.324337261167424007e-02 4.258459696357805302e-01 4.329283437954420943e-01 6.840244455275410473e-01 8.741432161992623850e-02 6.799005520977128292e-01 4.207434710525077559e-01 4.788373607071763627e-01 6.640732592259113165e-01 8.060951760090890872e-01 6.833236182310290507e-01 4.477609524418681985e-01 2.797755358065449061e-01 5.989463090768566422e-01 8.992697481865850051e-01 1.039847133691098602e-01 5.372502657656716973e-01 6.956917661948899267e-01 6.052476443033979470e-01 6.325979261192886671e-01 1.638059446287978282e-01 2.698138364979063009e-01 2.262763860285039175e-01
5.501759387890415853e-01 2.532189105087602199e-01 4.654050657326077034e-01 6.916978401968003620e-01 1.829350958283607609e-01 5.000757609562217487e-01 6.183453368545211992e-01 4.600303467318515582e-01 1.720421559403485512e-01 8.756212796924200958e-02 8.295723435889266195e-01 7.324337261167424007e-02 0.000000000000000000e+00 7.401798333054272483e-01 1.752309707177182041e-01 6.629965020695756106e-01 2.276883235273376993e-01 3.763463370563484567e-01 3.351939850463615533e-01 5.223958625732461059e-02 7.408381961176351282e-01 5.655214608777980878e-01 6.805706507194264621e-01 3.159939751254322582e-01 7.976540852664658621e-01 8.689898952146153377e-01 5.424747922874606498e-01 2.874209539551778603e-01 7.407052949216947901e-01 2.743139185397773794e-01 4.944773143713776520e-01 5.344546821644713397e-01 3.188475271873590366e-01 4.079705451821654116e-01 8.110927276290810228e-01
2.368985085190243867e-01 1.300137398042475745e-01 2.764827985539785593e-01 3.001674506311912127e-01 2.422201960568559354e-01 6.072925837332474597e-01 1.545645695313934143e-01 2.755231126576007661e-01 3.410404187909835683e-01 5.405168325520657291e-01 2.588520481014489061e-02 4.258459696357805302e-01 7.401798333054272483e-01 0.000000000000000000e+00 7.386884715538286628e-01 5.939381962078131849e-01 3.985694540983902856e-01 6.147868515474866902e-01 3.822487711365348817e-01 3.115660465529618284e-01 4.962761823336867550e-01 7.296911312298492991e-01 9.156790506129608431e-02 1.489245395868286637e-01 8.339197235329958158e-01 6.372482203625964292e-01 2.911513387729148805e-01 3.848219082479193420e-01 4.423769550691711849e-01 5.685419755992868751e-01 4.931338791976245806e-01 2.117222182764621485e-01 1.555708793893929021e-01 4.014045925708881191e-01 7.860578614072222248e-01
9.112582904076356183e-01 5.419336733641939574e-01 4.022614045670062088e-01 4.147561233122897262e-01 7.193255586560409753e-01 1.326069761300067151e-01 1.658643354699689265e-01 4.433752754038520205e-01 6.851134985942470834e-01 9.257677312762524480e-01 1.402283027328005138e-01 4.329283437954420943e-01 1.752309707177182041e-01 7.386884715538286628e-01 0.000000000000000000e+00 5.377712273061164838e-01 6.598905711387428319e-01 5.256574184615856460e-01 3.043419472753894905e-01 5.945208244466630987e-01 7.630590187393392343e-01 2.041420563985657521e-01 9.330129335757577635e-01 5.203919779570620463e-01 5.706830714513169145e-01 3.332339655012149793e-01 6.060157144790653261e-01 5.406926357087237234e-01 6.523555481689127244e-01 4.931521857438436740e-01 1.534602506339919903e-01 4.564235484207460614e-01 5.131090957903090555e-01 5.722414331505222274e-01 9.378763169135142519e-01
5.570321067421108996e-01 1.150299765437278188e-01 8.248357100342085246e-01 3.773085479667844244e-01 3.329910190033099626e-01 5.823247569401485135e-01 3.519009333768909342e-01 4.165588247957630053e-01 8.676961695715330602e-01 8.026643850808199421e-01 4.908912436398811807e-01 6.840244455275410473e-01 6.629965020695756106e-01 5.939381962078131849e-01 5.377712273061164838e-01 0.000000000000000000e+00 2.417818659985561114e-01 4.636594425200443181e-01 2.585214663080511732e-01 9.155791644781694494e-01 5.909064882167525123e-01 6.607316659017917759e-01 5.199335872785191270e-01 5.002491531470458774e-01 6.751659026897329774e-01 5.328522641539268356e-01 4.927627008980946521e-01 7.533414721582027962e-01 4.681757660981178404e-01 4.182462514954012334e-01 8.067933395843753797e-01 4.342361532653644662e-01 3.315686881855761658e-01 9.041566239154075202e-01 5.853393943945039979e-01
5.926259877821109523e-01 4.429896091446698936e-01 5.956934706635704790e-01 1.916340907975121466e-01 6.415468703694039432e-01 2.639572183969851604e-01 4.779480863143188429e-01 9.024164371693237374e-01 5.597516114734052417e-01 1.529665469104794506e-01 4.055779933606146193e-01 8.741432161992623850e-02 2.276883235273376993e-01 3.985694540983902856e-01 6.598905711387428319e-01 2.417818659985561114e-01 0.000000000000000000e+00 9.117366146648941960e-02 8.896272352242099446e-01 6.690566638870700800e-01 5.537632985441325317e-01 8.909724355742523194e-01 4.527193473000403756e-01 5.718580593647550891e-01 9.072590212475823979e-01 6.548978537369840591e-01 5.118972247005000309e-01 4.261518095051233246e-01 4.644403233458455071e-01 4.899222138093054513e-01 1.456805066362975021e-01 5.230467004656599306e-01 7.356255020174515824e-01 4.484069703420786590e-01 6.248280672614272557e-01
4.358966430178300433e-01 1.181263468101633185e-01 7.078635735226721515e-01 5.153754173202461653e-01 5.282785628480588525e-01 4.712638006337168672e-01 2.451488478806688187e-01 3.804191922773029200e-01 8.250094652948370966e-01 3.423740796047299861e-01 5.627854326382449868e-01 6.799005520977128292e-01 3.763463370563484567e-01 6.147868515474866902e-01 5.256574184615856460e-01 4.636594425200443181e-01 9.117366146648941960e-02 0.000000000000000000e+00 5.228262013443421008e-01 5.051207889687874264e-01 7.735346285225334073e-01 7.212168036021819884e-01 6.906345697105603643e-01 1.356807740354667446e-01 7.408630449995915468e-01 4.704310127483036785e-01 4.063864605293961985e-01 2.272686900558198997e-01 2.224107694820088021e-01 9.808421156385416229e-02 1.516473606113657446e-01 5.227799840282145727e-01 8.890417586925135618e-01 4.101305680827693756e-01 2.927763868529333902e-01
5.536985629452562119e-01 7.563462971312946426e-01 1.393912046366442836e-01 5.845633118929254302e-01 6.161527396566609527e-01 8.701892996489204446e-01 4.446260514764766580e-01 7.357430995585598765e-01 3.924435079977898755e-01 6.802744705448390272e-01 6.661157532134267534e-01 4.207434710525077559e-01 3.351939850463615533e-01 3.822487711365348817e-01 3.043419472753894905e-01 2.585214663080511732e-01 8.896272352242099446e-01 5.228262013443421008e-01 0.000000000000000000e+00 4.915367210047563162e-01 6.249008970699591048e-01 6.776372055395741834e-01 1.376714780116730652e-01 5.275620212497207362e-01 5.268278887773507613e-01 7.285256247352954739e-01 3.509774130603587894e-01 7.679201691915112926e-01 1.614161163064770088e-01 4.460827934226926361e-01 3.217322086145741333e-01 1.192567189797295035e-01 3.639619248637613325e-01 2.245015203880865728e-01 9.160335379329278549e-01
5.053059748600603474e-01 7.763597648404962914e-02 1.215222545508714003e-01 5.931546413134796136e-01 6.617382271682690220e-01 7.727840052146672800e-01 6.259889138352660032e-01 5.015316282038614348e-01 7.334961667922289541e-01 7.698655291992615446e-01 8.368521617834600024e-01 4.788373607071763627e-01 5.223958625732461059e-02 3.115660465529618284e-01 5.945208244466630987e-01 9.155791644781694494e-01 6.690566638870700800e-01 5.051207889687874264e-01 4.915367210047563162e-01 0.000000000000000000e+00 5.053190038014639951e-01 3.527025966725830797e-01 3.197509053874290075e-01 4.112556868894906015e-01 2.299838082912096238e-01 3.047146112561207598e-01 3.181336345889432815e-01 5.002950625280284669e-01 7.325108972262073248e-01 7.086438280730207318e-01 7.569283520566949530e-02 7.617335530201622129e-01 5.934633106295108540e-01 3.822804065301938503e-01 4.056857981760543796e-01
4.893932903570129556e-01 8.338125163705210063e-01 5.868795320789736980e-01 5.681978352897171236e-01 2.092262724858676703e-01 5.502106207468241417e-01 3.950373872161196398e-01 1.225141619491271205e-01 3.399280607249425268e-01 4.429888403517348583e-01 4.777085449825261843e-01 6.640732592259113165e-01 7.408381961176351282e-01 4.962761823336867550e-01 7.630590187393392343e-01 5.909064882167525123e-01 5.537632985441325317e-01 7.735346285225334073e-01 6.249008970699591048e-01 5.053190038014639951e-01 0.000000000000000000e+00 4.494834008826073535e-01 2.290793270768279877e-01 8.166855404787332073e-02 6.970973222339338360e-01 2.254310891244430404e-01 5.310998903596605425e-01 8.473824686748656632e-01 2.188024362268866374e-01 5.533911944424478868e-01 6.370441301995277694e-01 3.915194740299008380e-01 4.850357370370213528e-01 8.703342436087058154e-01 4.758854839035137063e-01
4.103337940112733451e-01 3.321501416816681207e-01 2.574158110351224549e-01 4.701499193358732454e-01 7.698940166662817663e-01 5.620082836132813675e-01 2.061799770384408204e-01 8.421291100425627452e-01 5.425618248146357736e-01 3.379115654598708884e-01 6.412441658598677652e-01 8.060951760090890872e-01 5.655214608777980878e-01 7.296911312298492991e-01 2.041420563985657521e-01 6.607316659017917759e-01 8.909724355742523194e-01 7.212168036021819884e-01 6.776372055395741834e-01 3.527025966725830797e-01 4.494834008826073535e-01 0.000000000000000000e+00 2.954188741586568634e-01 6.068625805933942630e-01 3.757349619193030010e-01 8.161949343568468684e-01 6.147206893072652001e-01 5.217108187464676305e-01 7.182906541921444399e-01 2.101637565133593621e-01 9.534641449404348545e-01 5.248514335767916483e-01 5.841754657640942927e-01 4.836967703181254130e-01 6.455489501329816360e-01
6.043839029972919441e-02 4.047824669360843841e-01 4.749451112529293750e-01 2.595415171340906824e-01 3.735233464246681123e-01 2.093607523361235012e-01 6.650246554695702361e-01 7.020879553286663022e-02 6.696351382241101380e-01 6.883247613885508098e-01 4.326623587857417741e-01 6.833236182310290507e-01 6.805706507194264621e-01 9.156790506129608431e-02 9.330129335757577635e-01 5.199335872785191270e-01 4.527193473000403756e-01 6.906345697105603643e-01 1.376714780116730652e-01 3.197509053874290075e-01 2.290793270768279877e-01 2.954188741586568634e-01 0.000000000000000000e+00 8.023205181983192880e-01 6.253247490589588509e-01 9.564343193250389730e-01 6.191647713817495235e-01 7.529851416946236053e-01 6.736693297397225999e-01 4.847483593155747505e-01 7.326230965791813432e-01 4.649953923980444381e-01 6.225600695375358429e-01 5.927633702697521212e-01 6.576927004689038236e-01
5.133377866460380190e-01 5.215049925621015880e-01 4.616716053354417704e-01 2.229791078475132915e-01 6.500597945881447792e-01 2.569100324234611654e-01 5.845992868383342866e-01 6.731233597614876274e-01 2.494013300140800193e-01 4.372639152604523294e-01 7.324375222755752368e-01 4.477609524418681985e-01 3.159939751254322582e-01 1.489245395868286637e-01 5.203919779570620463e-01 5.002491531470458774e-01 5.718580593647550891e-01 1.356807740354667446e-01 5.275620212497207362e-01 4.112556868894906015e-01 8.166855404787332073e-02 6.068625805933942630e-01 8.023205181983192880e-01 0.000000000000000000e+00 2.479977350618010334e-01 1.798717907879709976e-01 9.691824979567864595e-02 5.997685601126800936e-01 7.865043980231600784e-01 5.695646865434429440e-01 4.526091810123675785e-01 4.629347259749405086e-01 5.540482125632486543e-01 8.903605852507554541e-01 6.310565438825820328e-01
5.007093617066268321e-01 9.100274816444817727e-01 3.980999646141777926e-01 5.305985577950073084e-01 4.331954314803262429e-01 4.042933658687807852e-01 6.321173562041659810e-01 3.769062247247181308e-01 5.512274611586901463e-01 4.327075728382912545e-01 7.881808832377593665e-01 2.797755358065449061e-01 7.976540852664658621e-01 8.339197235329958158e-01 5.706830714513169145e-01 6.751659026897329774e-01 9.072590212475823979e-01 7.408630449995915468e-01 5.268278887773507613e-01 2.299838082912096238e-01 6.970973222339338360e-01 3.757349619193030010e-01 6.253247490589588509e-01 2.479977350618010334e-01 0.000000000000000000e+00 8.007825854995265225e-01 5.246518723808200058e-01 7.349449587353251712e-02 4.134775718122934984e-01 5.209083213269697366e-01 4.756092835609249669e-01 2.574455718496811985e-01 7.636326666352502013e-01 5.892779081240933081e-01 7.006586123673939070e-01
2.403881346679096476e-01 3.633255985054396064e-01 1.726537830841330390e-01 2.334290223459913882e-01 3.793585959908527538e-01 3.865174099033472643e-01 8.190015023995682597e-01 4.550715849006324309e-01 2.338782830136914015e-01 8.373007663812221946e-01 2.329514352820672984e-01 5.989463090768566422e-01 8.689898952146153377e-01 6.372482203625964292e-01 3.332339655012149793e-01 5.328522641539268356e-01 6.548978537369840591e-01 4.704310127483036785e-01 7.285256247352954739e-01 3.047146112561207598e-01 2.254310891244430404e-01 8.161949343568468684e-01 9.564343193250389730e-01 1.798717907879709976e-01 8.007825854995265225e-01 0.000000000000000000e+00 7.834858438243433865e-01 3.427504569594816974e-01 6.394866194244939184e-01 4.335762149754283090e-01 3.265018468144370578e-01 7.272395563134654850e-01 5.796616227907538388e-01 2.805120380239574107e-01 5.163276357425143903e-01
7.774548258303282111e-01 4.996900831774091500e-01 6.856213562778177284e-01 3.477680297613667815e-01 3.183115950081649159e-01 2.311452529989627136e-01 4.548559918932696400e-01 5.124448429735498634e-01 4.842447916108515438e-01 5.906063620238328760e-01 4.008840210994313868e-01 8.992697481865850051e-01 5.424747922874606498e-01 2.911513387729148805e-01 6.060157144790653261e-01 4.927627008980946521e-01 5.118972247005000309e-01 4.063864605293961985e-01 3.509774130603587894e-01 3.181336345889432815e-01 5.310998903596605425e-01 6.147206893072652001e-01 6.191647713817495235e-01 9.691824979567864595e-02 5.246518723808200058e-01 7.834858438243433865e-01 0.000000000000000000e+00 4.783161772552387836e-01 6.066075462919693351e-01 8.743719760115433726e-01 8.899812612621293972e-01 8.460081412994773231e-01 3.739693562357582213e-01 2.780206037904513483e-01 7.111838896318325443e-01
4.988047971362999378e-01 1.014103099068757174e-01 5.054204118099433485e-01 2.191923742334417335e-01 1.222800431799450083e-01 2.190102662033769354e-01 2.987787378719389819e-01 2.650752552743503854e-01 3.049819350845615062e-01 7.238057204478886009e-01 7.264261422888639297e-01 1.039847133691098602e-01 2.874209539551778603e-01 3.848219082479193420e-01 5.406926357087237234e-01 7.533414721582027962e-01 4.261518095051233246e-01 2.272686900558198997e-01 7.679201691915112926e-01 5.002950625280284669e-01 8.473824686748656632e-01 5.217108187464676305e-01 7.529851416946236053e-01 5.997685601126800936e-01 7.349449587353251712e-02 3.427504569594816974e-01 4.783161772552387836e-01 0.000000000000000000e+00 3.707345688425734975e-01 6.627981795513100405e-01 4.905306346083030400e-01 1.867980088915829895e-01 5.009890850031519793e-01 4.428420961647661636e-01 7.691416614060395673e-01
4.919323105161809151e-01 2.696560573712303843e-01 4.613823959136640340e-01 6.482819003785955658e-01 4.197058221684136781e-01 4.735506475150932926e-01 8.277076857191056902e-01 2.851802872844567682e-01 9.327124277805589614e-01 5.835637102146365995e-01 5.096881849415157983e-01 5.372502657656716973e-01 7.407052949216947901e-01 4.423769550691711849e-01 6.523555481689127244e-01 4.681757660981178404e-01 4.644403233458455071e-01 2.224107694820088021e-01 1.614161163064770088e-01 7.325108972262073248e-01 2.188024362268866374e-01 7.182906541921444399e-01 6.736693297397225999e-01 7.865043980231600784e-01 4.134775718122934984e-01 6.394866194244939184e-01 6.066075462919693351e-01 3.707345688425734975e-01 0.000000000000000000e+00 7.513928717412439173e-01 4.582475997418500313e-01 7.574514379685028942e-01 6.148877029389692161e-01 4.418063342629420798e-01 4.681587195346695873e-01
7.820756140406029955e-01 7.480197565758606171e-01 6.025792969613283923e-01 5.619316939837224467e-01 6.486025262038412897e-01 3.768040542845707552e-01 5.008244265061612133e-01 4.877473116865798652e-01 3.858333120042691800e-01 7.013930484074502036e-01 3.756169947065579606e-01 6.956917661948899267e-01 2.743139185397773794e-01 5.685419755992868751e-01 4.931521857438436740e-01 4.182462514954012334e-01 4.899222138093054513e-01 9.808421156385416229e-02 4.460827934226926361e-01 7.086438280730207318e-01 5.533911944424478868e-01 2.101637565133593621e-01 4.847483593155747505e-01 5.695646865434429440e-01 5.209083213269697366e-01 4.335762149754283090e-01 8.743719760115433726e-01 6.627981795513100405e-01 7.513928717412439173e-01 0.000000000000000000e+00 4.653829841964635672e-01 7.464230036993538819e-01 6.237937603109542373e-01 3.148162026641053157e-01 2.843608160703561261e-01
5.036857927573319405e-01 6.781678151504642038e-01 7.506494676720999459e-01 1.812781094787889735e-01 7.395812890976800613e-01 5.632121385153866511e-01 7.933197970738865568e-01 8.145585613208907727e-01 5.855137689937878198e-01 4.756442123423928470e-01 3.481883345516030293e-01 6.052476443033979470e-01 4.944773143713776520e-01 4.931338791976245806e-01 1.534602506339919903e-01 8.067933395843753797e-01 1.456805066362975021e-01 1.516473606113657446e-01 3.217322086145741333e-01 7.569283520566949530e-02 6.370441301995277694e-01 9.534641449404348545e-01 7.326230965791813432e-01 4.526091810123675785e-01 4.756092835609249669e-01 3.265018468144370578e-01 8.899812612621293972e-01 4.905306346083030400e-01 4.582475997418500313e-01 4.653829841964635672e-01 0.000000000000000000e+00 6.286774430575197137e-01 8.276753673080898821e-01 8.194598286761722861e-01 9.647937738375691463e-01
8.138309698729159214e-01 8.233214172915583884e-01 3.758616638769352036e-01 7.992702139884544366e-01 4.585221021105201356e-01 2.691797591642761667e-01 4.922424420983010918e-01 4.599389352068804504e-01 2.330838472010046125e-01 1.662111011551191675e-01 8.415870021921090238e-01 6.325979261192886671e-01 5.344546821644713397e-01 2.117222182764621485e-01 4.564235484207460614e-01 4.342361532653644662e-01 5.230467004656599306e-01 5.227799840282145727e-01 1.192567189797295035e-01 7.617335530201622129e-01 3.915194740299008380e-01 5.248514335767916483e-01 4.649953923980444381e-01 4.629347259749405086e-01 2.574455718496811985e-01 7.272395563134654850e-01 8.460081412994773231e-01 1.867980088915829895e-01 7.574514379685028942e-01 7.464230036993538819e-01 6.286774430575197137e-01 0.000000000000000000e+00 4.832758655917122059e-01 2.866215127633400250e-01 2.081469254100609956e-01
4.329780965648624136e-01 7.431107661138832698e-01 4.116430254665942590e-01 7.798847514201991959e-01 4.219997848303542742e-01 2.791659890844985226e-01 7.807577595890214939e-01 4.011490405653995728e-01 1.971999562703586895e-01 6.528886869344949773e-01 1.775671936747058588e-01 1.638059446287978282e-01 3.188475271873590366e-01 1.555708793893929021e-01 5.131090957903090555e-01 3.315686881855761658e-01 7.356255020174515824e-01 8.890417586925135618e-01 3.639619248637613325e-01 5.934633106295108540e-01 4.850357370370213528e-01 5.841754657640942927e-01 6.225600695375358429e-01 5.540482125632486543e-01 7.636326666352502013e-01 5.796616227907538388e-01 3.739693562357582213e-01 5.009890850031519793e-01 6.148877029389692161e-01 6.237937603109542373e-01 8.276753673080898821e-01 4.832758655917122059e-01 0.000000000000000000e+00 4.108721545462123981e-01 2.059439154789007853e-01
5.024082646804912677e-01 5.887779369604315693e-01 7.633106349531841861e-01 3.578968061693895697e-01 3.580370695786787572e-01 6.369628464879171226e-01 4.079628789865852867e-01 3.623725470964180850e-01 5.259666906442369561e-01 4.624183971704444729e-01 5.214386271525146554e-01 2.698138364979063009e-01 4.079705451821654116e-01 4.014045925708881191e-01 5.722414331505222274e-01 9.041566239154075202e-01 4.484069703420786590e-01 4.101305680827693756e-01 2.245015203880865728e-01 3.822804065301938503e-01 8.703342436087058154e-01 4.836967703181254130e-01 5.927633702697521212e-01 8.903605852507554541e-01 5.892779081240933081e-01 2.805120380239574107e-01 2.780206037904513483e-01 4.428420961647661636e-01 4.418063342629420798e-01 3.148162026641053157e-01 8.194598286761722861e-01 2.866215127633400250e-01 4.108721545462123981e-01 0.000000000000000000e+00 1.046881507549821677e-01
5.388673726338480963e-01 5.443333173399477198e-01 3.533126495830216651e-01 5.776979610369453733e-02 4.880550908703895074e-01 4.286191437087741862e-01 1.901252986338838324e-01 4.438207957293706096e-01 5.713559288726426377e-01 8.232088077397103909e-01 6.700360152050206519e-01 2.262763860285039175e-01 8.110927276290810228e-01 7.860578614072222248e-01 9.378763169135142519e-01 5.853393943945039979e-01 6.248280672614272557e-01 2.927763868529333902e-01 9.160335379329278549e-01 4.056857981760543796e-01 4.758854839035137063e-01 6.455489501329816360e-01 6.576927004689038236e-01 6.310565438825820328e-01 7.006586123673939070e-01 5.163276357425143903e-01 7.111838896318325443e-01 7.691416614060395673e-01 4.681587195346695873e-01 2.843608160703561261e-01 9.647937738375691463e-01 2.081469254100609956e-01 2.059439154789007853e-01 1.046881507549821677e-01 0.000000000000000000e+00
