0.000000000000000000e+00 7.098064637876844163e-01 5.227974417400517160e-01 7.635644458368633369e-01 3.318393339191214597e-01 5.323037418695983902e-01 8.302492208488001513e-01 5.471532225985770159e-01 4.422797555468923059e-01 3.686484091124324625e-01 7.501986471584805027e-01 5.387982491537827157e-01 8.356313616939059497e-01 6.462650761915683661e-01 4.295937022836381347e-01 7.035799414905785643e-02 7.840385837051808693e-01 7.017450492550283414e-01 5.346592784081027894e-01 3.947085942360670785e-01 3.418723564011215688e-01 3.663700560550885998e-01 2.903898448894825512e-01 5.171194661022879835e-01 6.736954847639992083e-01 4.566812374847728506e-01 7.151967201704476640e-01 6.601869286281892846e-01 1.916012601215649758e-01 7.836065069404105632e-01 4.456771686313169001e-01 6.193948939255009556e-01 1.575896116805065583e-01 9.354672001927004654e-01 6.625533805342530558e-01
7.098064637876844163e-01 0.000000000000000000e+00 6.781064902794171623e-01 5.451593762605497773e-01 6.233852528184541386e-01 3.821960486260910228e-01 5.522137097129564687e-01 9.601909401064256944e-01 8.130863359330798845e-01 7.477847246366927658e-01 6.320659584838203005e-01 1.237841079173614967e-01 5.539065228867048329e-01 4.186835125505006805e-01 1.190765558173370042e-01 4.903466375465028171e-01 3.710166922558675306e-01 3.750276906578466907e-01 7.715506638282609853e-02 6.818281798629237667e-01 2.974497479458544369e-01 4.696823552188150730e-01 2.992995877728510390e-01 3.148827146894439544e-01 6.503323008405007544e-01 3.885063911807026260e-01 7.871810217390052822e-01 7.989138579557650832e-01 3.962303705150338473e-01 3.607098809159274833e-01 8.376335470152418416e-01 5.036377037302068871e-01 3.743037929734822633e-01 5.675572378556337227e-01 6.370341922078897046e-01
5.227974417400517160e-01 6.781064902794171623e-01 0.000000000000000000e+00 2.322532523251460423e-01 4.218927721471846803e-01 9.125831436180787959e-01 7.335728823063423221e-01 8.923776210060767600e-01 3.152425587859198353e-01 8.281344134950185953e-01 2.750776547391946547e-01 8.315059092938235086e-01 7.346006803810447572e-01 2.566880243538144368e-01 4.072808829917834439e-01 4.529031702998658759e-01 4.760367384590830087e-01 2.285061002629430460e-01 8.474764953231563869e-01 3.045628819274567300e-01 7.586723908061439037e-01 5.399829702440801515e-01 4.750109148444281448e-01 7.798458057810021549e-01 6.672343320018112589e-01 9.170110212394666505e-01 5.485535809203869739e-01 8.485920707286646048e-01 7.735767073431245588e-01 5.180321221982844282e-01 3.939816699197782879e-01 5.296102424913582407e-01 5.154867083171797981e-01 3.771947955697046995e-01 4.152375114767488107e-01
7.635644458368633369e-01 5.451593762605497773e-01 2.322532523251460423e-01 0.000000000000000000e+00 7.083909402218896423e-01 5.420435370781273576e-02 6.720313631258185705e-01 7.337705663942292178e-01 8.607789673194787827e-02 6.614142830620530766e-01 3.651395678932070066e-01 4.914099474024297143e-01 7.697167604844070699e-01 5.794930532743580720e-01 6.186929555965297034e-01 4.270564985642420486e-01 7.719277809720015426e-01 7.088599360227769708e-01 1.003471171290577502e-01 6.311975994232035259e-01 8.696309370394603722e-01 8.283242955657805773e-01 3.617367950734576842e-01 7.722830658468100573e-01 3.468161691115160261e-01 7.384554568311633149e-01 5.419324357177706109e-01 4.341637683177457241e-01 4.297454439676638982e-01 4.945313521362029174e-01 4.738744918367078784e-01 6.827150888549053942e-01 4.774329099636974716e-01 5.862572952761222478e-01 4.199699272961254781e-01
3.318393339191214597e-01 6.233852528184541386e-01 4.218927721471846803e-01 7.083909402218896423e-01 0.000000000000000000e+00 6.624514848181430882e-01 5.538794801792865652e-01 5.006911357899382908e-01 5.442956785773405137e-01 5.506403960769516992e-01 6.095131628678642777e-01 6.729693687806888036e-01 4.800645478621867746e-02 6.331480383660449407e-01 4.144150324380966310e-01 8.485131277432590435e-01 9.043624852439029471e-01 7.071907258930645312e-01 8.924338358891692469e-01 9.476057631847125684e-01 6.028077750879755614e-01 3.712349531316591067e-01 4.872248621827813819e-01 6.374486722678953665e-01 4.010311614548938697e-01 7.580143716076781502e-02 5.242283428097568310e-01 2.170637408840205840e-01 8.419431454239452162e-01 5.952034464804716318e-01 5.251318250879892791e-01 8.010906071844030585e-01 7.874232467885800002e-01 4.994969581238646872e-01 4.494336489546839619e-01
5.323037418695983902e-01 3.821960486260910228e-01 9.125831436180787959e-01 5.420435370781273576e-02 6.624514848181430882e-01 0.000000000000000000e+00 4.455202300723340447e-01 7.999057174122957692e-01 5.900740925942884463e-01 1.745232952806825555e-01 7.941741857120807602e-01 9.371923452520293241e-01 3.351749714261669788e-01 4.537871935966824033e-01 4.667479997516454926e-01 8.464101920423612313e-01 3.127906447720175676e-01 6.488733517029581233e-01 6.142696659986577323e-01 4.319569142937593753e-01 3.921346120135478230e-01 6.798127483408828997e-01 7.906957623473036545e-01 6.035077539534030588e-01 4.077928692884883466e-01 7.905195434882504868e-01 3.498944734147981794e-01 3.403123040693122880e-01 6.333727988719299873e-01 7.847297426905994744e-01 3.228521867270867096e-01 2.826737971662117710e-01 7.514385605524137590e-01 5.517252750245547066e-01 7.303691719237250801e-01
8.302492208488001513e-01 5.522137097129564687e-01 7.335728823063423221e-01 6.720313631258185705e-01 5.538794801792865652e-01 4.455202300723340447e-01 0.000000000000000000e+00 6.426215758607721762e-01 5.790489737772575030e-01 3.913346434547583796e-01 8.979763406769052381e-01 9.556609280649526195e-01 5.136576591084629495e-01 3.873397869889110279e-01 4.222151702022880482e-01 8.187344146923819510e-01 7.814410932864312986e-01 6.971313728633832252e-01 6.399384936808381052e-01 4.471223066923729617e-01 4.399561008756030511e-01 4.707775536848616271e-01 2.608842362260642700e-01 7.756723627615307315e-01 4.520952665879630628e-01 5.823631805115705440e-01 3.832771891371268280e-01 1.777689790755612176e-01 6.038303755571757803e-01 5.141335810751632707e-01 5.016552224864485598e-01 4.175900772563589936e-01 7.366463830572431704e-01 1.687347493161021061e-01 3.366102276346388256e-01
5.471532225985770159e-01 9.601909401064256944e-01 8.923776210060767600e-01 7.337705663942292178e-01 5.006911357899382908e-01 7.999057174122957692e-01 6.426215758607721762e-01 0.000000000000000000e+00 9.021638731840281311e-01 2.900232434368957835e-01 5.524422538724964582e-01 4.875388133920431910e-01 4.580299025698185700e-01 8.305303830364673123e-01 9.088911587771413281e-01 8.328256888713793105e-01 5.636140325384640937e-01 7.292105543410762891e-01 8.887139372493497724e-01 5.854824857037748131e-01 5.339338606806159904e-01 3.896455527783657669e-01 8.724724593700309283e-01 3.753499578345713683e-01 7.771923413275476644e-01 4.516691486834669145e-01 8.805077210840103197e-01 2.821960177995015417e-01 8.931080007214130534e-01 8.069839805955023593e-01 4.815678368985450986e-01 6.359259848717189190e-01 5.132894873566118399e-01 9.272600271032683805e-01 3.035103550861898425e-01
4.422797555468923059e-01 8.130863359330798845e-01 3.152425587859198353e-01 8.607789673194787827e-02 5.442956785773405137e-01 5.900740925942884463e-01 5.790489737772575030e-01 9.021638731840281311e-01 0.000000000000000000e+00 1.441970545406749959e-01 7.445932238675867509e-02 3.263158707057004504e-01 4.960055323200504573e-01 8.893380832950188442e-01 8.155966301217112413e-01 2.052156807234221114e-01 4.881907787455667669e-01 3.083171006753446797e-01 8.444635775520347165e-01 5.521074021897200979e-01 5.598817637083399745e-01 7.527176447218627553e-01 5.774805439450674260e-01 4.156049130723163954e-01 2.810748405122230897e-01 5.098691250081546222e-01 7.390624497918560909e-01 9.367204262799148085e-01 4.818236108236728099e-01 8.635458179379683630e-01 7.477945902815715806e-01 4.980835454301265064e-01 2.938690116879712488e-01 1.307180044679682185e-01 5.046188095305583765e-01
3.686484091124324625e-01 7.477847246366927658e-01 8.281344134950185953e-01 6.614142830620530766e-01 5.506403960769516992e-01 1.745232952806825555e-01 3.913346434547583796e-01 2.900232434368957835e-01 1.441970545406749959e-01 0.000000000000000000e+00 8.229348898853965366e-01 4.846989470199458139e-01 2.565658722819326720e-01 3.733358801711330055e-01 8.981082275942311455e-01 1.014271598636128369e-01 5.379054315375020323e-02 5.564917893633714030e-01 2.865798137802074153e-01 9.462187599593373522e-01 1.659707101612151181e-01 5.342493636022596082e-01 5.670053286455197794e-01 7.721626858064010168e-01 6.357966420004103059e-01 7.088287232411790706e-01 6.055455134355121061e-01 9.117969409348832821e-01 8.916510547302982648e-01 5.246246716335459803e-01 3.160084431400999039e-01 4.507626721566989070e-01 4.036153316858385187e-01 2.405463552145075123e-01 4.589459241654321731e-01
7.501986471584805027e-01 6.320659584838203005e-01 2.750776547391946547e-01 3.651395678932070066e-01 6.095131628678642777e-01 7.941741857120807602e-01 8.979763406769052381e-01 5.524422538724964582e-01 7.445932238675867509e-02 8.229348898853965366e-01 0.000000000000000000e+00 2.343944437220271682e-01 3.131186592490488030e-01 6.244166069812439046e-01 5.395911809085464084e-01 4.401401154328984378e-01 3.002923547627058820e-01 3.271000633750238418e-01 8.139510124195681318e-01 8.212401374882712934e-01 8.230572304555631158e-01 5.307194948396013467e-01 7.211079331428585926e-01 3.712620104808515564e-01 4.945556254821282249e-01 8.310707179510741227e-01 4.959198526570712806e-01 6.884555696449707884e-01 8.124100283123998345e-01 6.932072386022471999e-01 8.993652277191256372e-01 7.590755652210006144e-01 7.064176990289234848e-01 6.087920931617778475e-01 8.566180904903649695e-01
5.387982491537827157e-01 1.237841079173614967e-01 8.315059092938235086e-01 4.914099474024297143e-01 6.729693687806888036e-01 9.371923452520293241e-01 9.556609280649526195e-01 4.875388133920431910e-01 3.263158707057004504e-01 4.846989470199458139e-01 2.343944437220271682e-01 0.000000000000000000e+00 8.673764396794276799e-01 9.780585010177100802e-01 7.263605811633353504e-01 6.242368576608913200e-01 7.227935005026220328e-01 1.965777745223450945e-01 7.827213930482768145e-01 6.065363751945757054e-01 7.435583019581153419e-01 2.782630884978055663e-01 5.440581300617837179e-01 2.013058245325030082e-01 2.792847462822400928e-01 8.037424467275695594e-01 3.558510090941321424e-01 2.597350247473915186e-01 7.506685090456982623e-01 3.592016410129416637e-01 4.728001415427985910e-01 3.440934421545098765e-01 6.919756327439030574e-01 3.585469427479336946e-01 9.608573597438774261e-02
8.356313616939059497e-01 5.539065228867048329e-01 7.346006803810447572e-01 7.697167604844070699e-01 4.800645478621867746e-02 3.351749714261669788e-01 5.136576591084629495e-01 4.580299025698185700e-01 4.960055323200504573e-01 2.565658722819326720e-01 3.131186592490488030e-01 8.673764396794276799e-01 0.000000000000000000e+00 1.791062267847229883e-01 7.190039102713204899e-01 1.766687874476898790e-01 4.988073041357826698e-01 5.496292396439361738e-01 5.957168034341564500e-01 7.115836066598593135e-01 4.886722029932789590e-01 7.322538730897154569e-01 8.462774248943222277e-01 7.772121266428567710e-01 3.624947924839504454e-01 6.667250039056976663e-01 3.611822111050318473e-01 6.571146223003152542e-01 4.994611507302014197e-01 4.620277775249755359e-01 4.855005437294545034e-01 7.943304482044857284e-01 4.903537603120232680e-01 4.655266209231443963e-01 3.926213155337608396e-01
6.462650761915683661e-01 4.186835125505006805e-01 2.566880243538144368e-01 5.794930532743580720e-01 6.331480383660449407e-01 4.537871935966824033e-01 3.873397869889110279e-01 8.305303830364673123e-01 8.893380832950188442e-01 3.733358801711330055e-01 6.244166069812439046e-01 9.780585010177100802e-01 1.791062267847229883e-01 0.000000000000000000e+00 5.498817489373667433e-01 8.603487383416941192e-02 5.267364742734481631e-01 4.073129022090844487e-01 9.050110531065680419e-01 6.205231082813180699e-01 4.254193215549878504e-01 4.932067076712740028e-01 4.753303393930439769e-01 5.276336017917253596e-01 3.027194958895725874e-01 4.538630669825032271e-01 5.531421249175878518e-01 1.553648066229452729e-01 7.007790768555413052e-01 8.508651810247660485e-01 7.160651573184398933e-01 8.004176989348319449e-01 4.693201968348102993e-01 8.419047753828372560e-01 4.448791360409319884e-01
4.295937022836381347e-01 1.190765558173370042e-01 4.072808829917834439e-01 6.186929555965297034e-01 4.144150324380966310e-01 4.667479997516454926e-01 4.222151702022880482e-01 9.088911587771413281e-01 8.155966301217112413e-01 8.981082275942311455e-01 5.395911809085464084e-01 7.263605811633353504e-01 7.190039102713204899e-01 5.498817489373667433e-01 0.000000000000000000e+00 1.556180587307911534e-01 7.350608893565009350e-01 5.529697221758345105e-01 5.685535004393514891e-01 4.766243613252515998e-01 9.433319537898963159e-01 9.938526281562687359e-02 8.567991672556850569e-01 2.902267209387130453e-01 2.986474817617430499e-01 6.692878818730777502e-01 4.919002622992830198e-01 3.426362570551411690e-01 5.372247477804414917e-02 5.086187430781110574e-01 3.363070339194209613e-01 7.010925258892847234e-01 7.563795595962344853e-01 4.141389935217482665e-01 1.399872874183926141e-01
7.035799414905785643e-02 4.903466375465028171e-01 4.529031702998658759e-01 4.270564985642420486e-01 8.485131277432590435e-01 8.464101920423612313e-01 8.187344146923819510e-01 8.328256888713793105e-01 2.052156807234221114e-01 1.014271598636128369e-01 4.401401154328984378e-01 6.242368576608913200e-01 1.766687874476898790e-01 8.603487383416941192e-02 1.556180587307911534e-01 0.000000000000000000e+00 5.496342546180077449e-01 7.649415186680097456e-01 4.798494077114349166e-01 1.703792359756770014e-01 7.383067243300728277e-01 8.027465101736956932e-01 9.119313925146241839e-01 7.178682707835787324e-01 7.174453301831976715e-01 5.456428827353730915e-01 4.354668828417877502e-01 7.379557934025537946e-01 3.625764001275623150e-01 4.957344219455078194e-01 8.289040717018912874e-01 1.961301969243525178e-01 9.461384289164378458e-01 4.276611964030324620e-01 2.758075731138960318e-01
7.840385837051808693e-01 3.710166922558675306e-01 4.760367384590830087e-01 7.719277809720015426e-01 9.043624852439029471e-01 3.127906447720175676e-01 7.814410932864312986e-01 5.636140325384640937e-01 4.881907787455667669e-01 5.379054315375020323e-02 3.002923547627058820e-01 7.227935005026220328e-01 4.988073041357826698e-01 5.267364742734481631e-01 7.350608893565009350e-01 5.496342546180077449e-01 0.000000000000000000e+00 5.881086196608664718e-01 8.112223121373668411e-01 4.258768541788578443e-01 2.831439285130026295e-01 5.817212681674022168e-01 3.297771870499927038e-01 6.177567083487032207e-01 5.596214606004809022e-01 4.430777687019032407e-01 6.612295938675458729e-01 4.034770526750568465e-01 6.402783489109125092e-01 6.460437813101145288e-01 8.591566894113309427e-01 7.519150027434463590e-01 6.738830797969864728e-01 6.806407297411056767e-01 8.798762459913694878e-01
7.017450492550283414e-01 3.750276906578466907e-01 2.285061002629430460e-01 7.088599360227769708e-01 7.071907258930645312e-01 6.488733517029581233e-01 6.971313728633832252e-01 7.292105543410762891e-01 3.083171006753446797e-01 5.564917893633714030e-01 3.271000633750238418e-01 1.965777745223450945e-01 5.496292396439361738e-01 4.073129022090844487e-01 5.529697221758345105e-01 7.649415186680097456e-01 5.881086196608664718e-01 0.000000000000000000e+00 4.396545717974350009e-01 7.894695896929171397e-01 8.097557917222291124e-01 7.268824685863678470e-01 6.789474780672614118e-01 4.997217989352569223e-01 4.450625586573045966e-01 8.657917190650563644e-01 5.561508580568634841e-01 6.706262117350580976e-02 8.385845652288359542e-01 1.989766194438235547e-01 5.268515204153340070e-01 3.388075746724273363e-01 7.424293365385392640e-01 6.902394047056612525e-01 3.730823409537356583e-01
5.346592784081027894e-01 7.715506638282609853e-02 8.474764953231563869e-01 1.003471171290577502e-01 8.924338358891692469e-01 6.142696659986577323e-01 6.399384936808381052e-01 8.887139372493497724e-01 8.444635775520347165e-01 2.865798137802074153e-01 8.139510124195681318e-01 7.827213930482768145e-01 5.957168034341564500e-01 9.050110531065680419e-01 5.685535004393514891e-01 4.798494077114349166e-01 8.112223121373668411e-01 4.396545717974350009e-01 0.000000000000000000e+00 6.865029237217019631e-01 7.894829462318599944e-01 5.753081945081972570e-01 5.152208453869209226e-01 3.299974821000073444e-01 4.988279995541700096e-01 4.362695157351441089e-01 4.538595547941101649e-01 4.578281673416850772e-01 6.292918017886715010e-01 6.886745630476253099e-01 5.758059188602830947e-01 5.162204980180864489e-01 3.873815389010418220e-01 7.731590297561208303e-02 2.970258782668805386e-01
3.947085942360670785e-01 6.818281798629237667e-01 3.045628819274567300e-01 6.311975994232035259e-01 9.476057631847125684e-01 4.319569142937593753e-01 4.471223066923729617e-01 5.854824857037748131e-01 5.521074021897200979e-01 9.462187599593373522e-01 8.212401374882712934e-01 6.065363751945757054e-01 7.115836066598593135e-01 6.205231082813180699e-01 4.766243613252515998e-01 1.703792359756770014e-01 4.258768541788578443e-01 7.894695896929171397e-01 6.865029237217019631e-01 0.000000000000000000e+00 8.730209839265103966e-01 5.631978043421423941e-01 7.450829999032266837e-01 5.995235290736617983e-01 4.362290035035016333e-01 2.437024273862016255e-01 9.185277654929757674e-01 7.762945199259110307e-01 7.600385509433167375e-01 4.785410201207396796e-01 4.514072540514331155e-01 1.023893415982526367e-01 6.984237525542711378e-01 5.568840642603509750e-01 8.144286638084405894e-01
3.418723564011215688e-01 2.974497479458544369e-01 7.586723908061439037e-01 8.696309370394603722e-01 6.028077750879755614e-01 3.921346120135478230e-01 4.399561008756030511e-01 5.339338606806159904e-01 5.598817637083399745e-01 1.659707101612151181e-01 8.230572304555631158e-01 7.435583019581153419e-01 4.886722029932789590e-01 4.254193215549878504e-01 9.433319537898963159e-01 7.383067243300728277e-01 2.831439285130026295e-01 8.097557917222291124e-01 7.894829462318599944e-01 8.730209839265103966e-01 0.000000000000000000e+00 6.561610313687398222e-01 5.233622268789361875e-01 7.567135330371375090e-01 4.365508215197870800e-01 4.541836261989940504e-01 6.498940576688563286e-01 4.608054363976805679e-01 1.730743801632114165e-01 4.687927812065098010e-01 3.067978413958921124e-01 8.324835471664605580e-01 7.588839875162340931e-01 7.243736972593095569e-01 9.322343621557491744e-01
3.663700560550885998e-01 4.696823552188150730e-01 5.399829702440801515e-01 8.283242955657805773e-01 3.712349531316591067e-01 6.798127483408828997e-01 4.707775536848616271e-01 3.896455527783657669e-01 7.527176447218627553e-01 5.342493636022596082e-01 5.307194948396013467e-01 2.782630884978055663e-01 7.322538730897154569e-01 4.932067076712740028e-01 9.938526281562687359e-02 8.027465101736956932e-01 5.817212681674022168e-01 7.268824685863678470e-01 5.753081945081972570e-01 5.631978043421423941e-01 6.561610313687398222e-01 0.000000000000000000e+00 6.159376798380715723e-01 9.069805711119560687e-01 6.797130631395442713e-01 5.294238359655005777e-01 7.233595096905082178e-01 5.479276119217970642e-01 5.574379910325687471e-01 2.682681979333781941e-01 5.183874068285863057e-01 3.687798109416717263e-01 2.040700215125988981e-01 2.540619015800688052e-01 6.455248282974925811e-01
2.903898448894825512e-01 2.992995877728510390e-01 4.750109148444281448e-01 3.617367950734576842e-01 4.872248621827813819e-01 7.906957623473036545e-01 2.608842362260642700e-01 8.724724593700309283e-01 5.774805439450674260e-01 5.670053286455197794e-01 7.211079331428585926e-01 5.440581300617837179e-01 8.462774248943222277e-01 4.753303393930439769e-01 8.567991672556850569e-01 9.119313925146241839e-01 3.297771870499927038e-01 6.789474780672614118e-01 5.152208453869209226e-01 7.450829999032266837e-01 5.233622268789361875e-01 6.159376798380715723e-01 0.000000000000000000e+00 3.042563895595817858e-01 5.657752278637961929e-02 5.569039478065039850e-01 3.354846778065614377e-01 4.435926028462422455e-01 3.890140319766199895e-01 5.070124438237990638e-01 9.289233256143784034e-01 7.429119002778170611e-01 4.471119907287247064e-01 1.581033935029299009e-01 5.688151776006252769e-01
5.171194661022879835e-01 3.148827146894439544e-01 7.798458057810021549e-01 7.722830658468100573e-01 6.374486722678953665e-01 6.035077539534030588e-01 7.756723627615307315e-01 3.753499578345713683e-01 4.156049130723163954e-01 7.721626858064010168e-01 3.712620104808515564e-01 2.013058245325030082e-01 7.772121266428567710e-01 5.276336017917253596e-01 2.902267209387130453e-01 7.178682707835787324e-01 6.177567083487032207e-01 4.997217989352569223e-01 3.299974821000073444e-01 5.995235290736617983e-01 7.567135330371375090e-01 9.069805711119560687e-01 3.042563895595817858e-01 0.000000000000000000e+00 5.271529143430455644e-01 2.228555083504520085e-01 4.722832342729327282e-01 8.435240040466522871e-01 5.889003913980217497e-01 1.800113234391690353e-01 5.470661674658445772e-01 8.677023434504409494e-01 7.205428147436272468e-01 7.993871724413541546e-01 4.710757552794775371e-02
6.736954847639992083e-01 6.503323008405007544e-01 6.672343320018112589e-01 3.468161691115160261e-01 4.010311614548938697e-01 4.077928692884883466e-01 4.520952665879630628e-01 7.771923413275476644e-01 2.810748405122230897e-01 6.357966420004103059e-01 4.945556254821282249e-01 2.792847462822400928e-01 3.624947924839504454e-01 3.027194958895725874e-01 2.986474817617430499e-01 7.174453301831976715e-01 5.596214606004809022e-01 4.450625586573045966e-01 4.988279995541700096e-01 4.362290035035016333e-01 4.365508215197870800e-01 6.797130631395442713e-01 5.657752278637961929e-02 5.271529143430455644e-01 0.000000000000000000e+00 2.276857571320503038e-01 3.828825668096507706e-01 4.764557522975186310e-01 5.158203534619567598e-01 8.522877552541893165e-01 7.034675459850743273e-01 5.703329763477855696e-01 2.613023759987643246e-01 7.827511513840971213e-01 4.103030474721597320e-01
4.566812374847728506e-01 3.885063911807026260e-01 9.170110212394666505e-01 7.384554568311633149e-01 7.580143716076781502e-02 7.905195434882504868e-01 5.823631805115705440e-01 4.516691486834669145e-01 5.098691250081546222e-01 7.088287232411790706e-01 8.310707179510741227e-01 8.037424467275695594e-01 6.667250039056976663e-01 4.538630669825032271e-01 6.692878818730777502e-01 5.456428827353730915e-01 4.430777687019032407e-01 8.657917190650563644e-01 4.362695157351441089e-01 2.437024273862016255e-01 4.541836261989940504e-01 5.294238359655005777e-01 5.569039478065039850e-01 2.228555083504520085e-01 2.276857571320503038e-01 0.000000000000000000e+00 4.060918586894882720e-01 1.396666928117691886e-01 3.916090447542120989e-01 2.017845201431230917e-01 6.932269666197099500e-01 7.622564761438210823e-01 4.003853829993911373e-01 6.015161252647297507e-01 5.648905690077652419e-01
7.151967201704476640e-01 7.871810217390052822e-01 5.485535809203869739e-01 5.419324357177706109e-01 5.242283428097568310e-01 3.498944734147981794e-01 3.832771891371268280e-01 8.805077210840103197e-01 7.390624497918560909e-01 6.055455134355121061e-01 4.959198526570712806e-01 3.558510090941321424e-01 3.611822111050318473e-01 5.531421249175878518e-01 4.919002622992830198e-01 4.354668828417877502e-01 6.612295938675458729e-01 5.561508580568634841e-01 4.538595547941101649e-01 9.185277654929757674e-01 6.498940576688563286e-01 7.233595096905082178e-01 3.354846778065614377e-01 4.722832342729327282e-01 3.828825668096507706e-01 4.060918586894882720e-01 0.000000000000000000e+00 8.987859420564594526e-01 9.197844580991458852e-01 3.379228366902036207e-01 7.529760706132284653e-01 5.715185037443859528e-01 7.049288855947255517e-01 3.626804623336281064e-01 1.784660679084986157e-01
6.601869286281892846e-01 7.989138579557650832e-01 8.485920707286646048e-01 4.341637683177457241e-01 2.170637408840205840e-01 3.403123040693122880e-01 1.777689790755612176e-01 2.821960177995015417e-01 9.367204262799148085e-01 9.117969409348832821e-01 6.884555696449707884e-01 2.597350247473915186e-01 6.571146223003152542e-01 1.553648066229452729e-01 3.426362570551411690e-01 7.379557934025537946e-01 4.034770526750568465e-01 6.706262117350580976e-02 4.578281673416850772e-01 7.762945199259110307e-01 4.608054363976805679e-01 5.479276119217970642e-01 4.435926028462422455e-01 8.435240040466522871e-01 4.764557522975186310e-01 1.396666928117691886e-01 8.987859420564594526e-01 0.000000000000000000e+00 7.819528833916581378e-01 4.479219646513644681e-01 5.349649331636632255e-01 1.490790874736687699e-01 7.202713423407238746e-01 3.120668175017810020e-02 4.956250133533137703e-01
1.916012601215649758e-01 3.962303705150338473e-01 7.735767073431245588e-01 4.297454439676638982e-01 8.419431454239452162e-01 6.333727988719299873e-01 6.038303755571757803e-01 8.931080007214130534e-01 4.818236108236728099e-01 8.916510547302982648e-01 8.124100283123998345e-01 7.506685090456982623e-01 4.994611507302014197e-01 7.007790768555413052e-01 5.372247477804414917e-02 3.625764001275623150e-01 6.402783489109125092e-01 8.385845652288359542e-01 6.292918017886715010e-01 7.600385509433167375e-01 1.730743801632114165e-01 5.574379910325687471e-01 3.890140319766199895e-01 5.889003913980217497e-01 5.158203534619567598e-01 3.916090447542120989e-01 9.197844580991458852e-01 7.819528833916581378e-01 0.000000000000000000e+00 8.252559338800089517e-01 1.041430980744795232e-01 3.264141613616933224e-02 9.521499280192292636e-01 4.449095514541055452e-01 5.302884342913450899e-01
7.836065069404105632e-01 3.607098809159274833e-01 5.180321221982844282e-01 4.945313521362029174e-01 5.952034464804716318e-01 7.847297426905994744e-01 5.141335810751632707e-01 8.069839805955023593e-01 8.635458179379683630e-01 5.246246716335459803e-01 6.932072386022471999e-01 3.592016410129416637e-01 4.620277775249755359e-01 8.508651810247660485e-01 5.086187430781110574e-01 4.957344219455078194e-01 6.460437813101145288e-01 1.989766194438235547e-01 6.886745630476253099e-01 4.785410201207396796e-01 4.687927812065098010e-01 2.682681979333781941e-01 5.070124438237990638e-01 1.800113234391690353e-01 8.522877552541893165e-01 2.017845201431230917e-01 3.379228366902036207e-01 4.479219646513644681e-01 8.252559338800089517e-01 0.000000000000000000e+00 8.676813607047847432e-01 4.727228258890887047e-01 4.869023575406724036e-01 5.575471900115507307e-01 7.776634658364429686e-01
4.456771686313169001e-01 8.376335470152418416e-01 3.939816699197782879e-01 4.738744918367078784e-01 5.251318250879892791e-01 3.228521867270867096e-01 5.016552224864485598e-01 4.815678368985450986e-01 7.477945902815715806e-01 3.160084431400999039e-01 8.993652277191256372e-01 4.728001415427985910e-01 4.855005437294545034e-01 7.160651573184398933e-01 3.363070339194209613e-01 8.289040717018912874e-01 8.591566894113309427e-01 5.268515204153340070e-01 5.758059188602830947e-01 4.514072540514331155e-01 3.067978413958921124e-01 5.183874068285863057e-01 9.289233256143784034e-01 5.470661674658445772e-01 7.034675459850743273e-01 6.932269666197099500e-01 7.529760706132284653e-01 5.349649331636632255e-01 1.041430980744795232e-01 8.676813607047847432e-01 0.000000000000000000e+00 5.220334722372639291e-01 6.173881898202726592e-01 2.723179730333032400e-01 2.734524470544383856e-01
6.193948939255009556e-01 5.036377037302068871e-01 5.296102424913582407e-01 6.827150888549053942e-01 8.010906071844030585e-01 2.826737971662117710e-01 4.175900772563589936e-01 6.359259848717189190e-01 4.980835454301265064e-01 4.507626721566989070e-01 7.590755652210006144e-01 3.440934421545098765e-01 7.943304482044857284e-01 8.004176989348319449e-01 7.010925258892847234e-01 1.961301969243525178e-01 7.519150027434463590e-01 3.388075746724273363e-01 5.162204980180864489e-01 1.023893415982526367e-01 8.324835471664605580e-01 3.687798109416717263e-01 7.429119002778170611e-01 8.677023434504409494e-01 5.703329763477855696e-01 7.622564761438210823e-01 5.715185037443859528e-01 1.490790874736687699e-01 3.264141613616933224e-02 4.727228258890887047e-01 5.220334722372639291e-01 0.000000000000000000e+00 7.518289044938131216e-01 3.262660783234168083e-01 2.976799283516675110e-01
1.575896116805065583e-01 3.743037929734822633e-01 5.154867083171797981e-01 4.774329099636974716e-01 7.874232467885800002e-01 7.514385605524137590e-01 7.366463830572431704e-01 5.132894873566118399e-01 2.938690116879712488e-01 4.036153316858385187e-01 7.064176990289234848e-01 6.919756327439030574e-01 4.903537603120232680e-01 4.693201968348102993e-01 7.563795595962344853e-01 9.461384289164378458e-01 6.738830797969864728e-01 7.424293365385392640e-01 3.873815389010418220e-01 6.984237525542711378e-01 7.588839875162340931e-01 2.040700215125988981e-01 4.471119907287247064e-01 7.205428147436272468e-01 2.613023759987643246e-01 4.003853829993911373e-01 7.049288855947255517e-01 7.202713423407238746e-01 9.521499280192292636e-01 4.869023575406724036e-01 6.173881898202726592e-01 7.518289044938131216e-01 0.000000000000000000e+00 5.250835641227407091e-01 3.768452925960769084e-01
9.354672001927004654e-01 5.675572378556337227e-01 3.771947955697046995e-01 5.862572952761222478e-01 4.994969581238646872e-01 5.517252750245547066e-01 1.687347493161021061e-01 9.272600271032683805e-01 1.307180044679682185e-01 2.405463552145075123e-01 6.087920931617778475e-01 3.585469427479336946e-01 4.655266209231443963e-01 8.419047753828372560e-01 4.141389935217482665e-01 4.276611964030324620e-01 6.806407297411056767e-01 6.902394047056612525e-01 7.731590297561208303e-02 5.568840642603509750e-01 7.243736972593095569e-01 2.540619015800688052e-01 1.581033935029299009e-01 7.993871724413541546e-01 7.827511513840971213e-01 6.015161252647297507e-01 3.626804623336281064e-01 3.120668175017810020e-02 4.449095514541055452e-01 5.575471900115507307e-01 2.723179730333032400e-01 3.262660783234168083e-01 5.250835641227407091e-01 0.000000000000000000e+00 3.877220385474198783e-01
6.625533805342530558e-01 6.370341922078897046e-01 4.152375114767488107e-01 4.199699272961254781e-01 4.494336489546839619e-01 7.303691719237250801e-01 3.366102276346388256e-01 3.035103550861898425e-01 5.046188095305583765e-01 4.589459241654321731e-01 8.566180904903649695e-01 9.608573597438774261e-02 3.926213155337608396e-01 4.448791360409319884e-01 1.399872874183926141e-01 2.758075731138960318e-01 8.798762459913694878e-01 3.730823409537356583e-01 2.970258782668805386e-01 8.144286638084405894e-01 9.322343621557491744e-01 6.455248282974925811e-01 5.688151776006252769e-01 4.710757552794775371e-02 4.103030474721597320e-01 5.648905690077652419e-01 1.784660679084986157e-01 4.956250133533137703e-01 5.302884342913450899e-01 7.776634658364429686e-01 2.734524470544383856e-01 2.976799283516675110e-01 3.768452925960769084e-01 3.877220385474198783e-01 0.000000000000000000e+00
