0.000000000000000000e+00 6.644101055034384862e-01 6.504982901516458416e-01 5.261340519320758524e-01 3.895245308456734556e-01 2.147987490261666355e-01 1.606886548110740831e-01 3.040162227664015004e-01 3.108403638426736615e-01 6.035485299903083911e-01 8.715915936759963678e-01 5.606387487824897597e-01 5.416211041007839011e-01 8.501832163921752006e-02 3.963729777342709371e-01 4.974755657655241525e-01 8.868348972288910836e-01 5.763247446697099541e-01 2.961998562196981322e-01 1.130917445352563888e-01 4.745484698389520473e-01 1.661511064643517166e-01 8.482080276433019428e-01 8.782966407312176038e-01 8.427887002914670189e-01 6.173640998141111114e-01 1.311296524201358560e-01 5.680326030046288777e-01 4.430670483806850024e-01 5.650913242266856207e-01 1.277795311093775643e-01 2.384637767407211673e-01 4.917942564467256972e-01 5.569411419594723078e-01 7.177216535111989870e-01
6.644101055034384862e-01 0.000000000000000000e+00 2.606679353275642708e-01 5.035267844123302305e-01 7.168030736121850932e-01 6.764177412254774868e-01 6.459420322660647251e-01 8.122794175949903384e-01 6.154272242434059015e-01 5.526178719443398668e-01 7.510740224554650624e-01 3.513756127391434170e-01 6.171204155058356289e-01 1.632855732518095904e-01 7.758355999134181058e-01 4.663267181656648441e-01 4.122149312059387727e-01 6.874898864948841837e-01 1.465836071391503070e-01 4.697097846798308218e-01 2.942552042265252354e-01 9.800187106415103599e-02 4.412557564301340385e-01 4.508380521539084862e-01 2.113375993631289584e-01 3.857456405295810464e-01 3.509850680557474734e-01 3.625993973100475887e-01 7.481623681595095388e-01 2.350050537991855704e-01 8.074622348765975177e-01 6.444678991291561410e-01 3.608423091322414678e-01 3.552709234205142508e-01 1.603051390706907720e-01
6.504982901516458416e-01 2.606679353275642708e-01 0.000000000000000000e+00 9.158434111609479178e-01 7.760431704436804301e-01 7.879642739434193910e-01 2.092261956797450972e-01 4.987417712943379988e-01 4.160379143087272746e-01 3.964472061231743005e-01 4.599872017032126115e-01 7.456141955607611393e-01 4.363518077971879627e-01 2.726956251130862041e-01 3.556358093293576772e-01 1.530115133025381491e-01 5.115921773819724905e-01 3.752575804485224764e-01 7.024971389228419349e-01 3.923370736126493008e-01 5.117388184650497607e-01 3.811084093251560501e-01 5.291949875508625833e-01 4.977357201787364072e-01 1.029173425020695198e-01 2.848532248002788592e-01 5.556488304342779294e-01 6.704286639625203215e-01 3.435790423236013136e-01 4.719073492852992602e-01 6.219945778726482244e-01 2.968163409197769331e-01 4.998146480790858215e-01 2.958842133598821866e-01 6.353427835525093936e-02
5.261340519320758524e-01 5.035267844123302305e-01 9.158434111609479178e-01 0.000000000000000000e+00 3.939766396107018398e-01 5.697691667492099654e-01 1.786606875456520083e-01 2.864592919254742576e-01 7.655639795137409997e-01 7.644994806204568061e-01 4.030558345139041432e-01 5.085292389042644912e-01 4.794248751333563541e-01 3.085713982772872455e-01 3.289126219937675843e-01 7.159544469844116854e-01 5.104338935512662268e-01 9.310355650757420332e-01 6.639624722860832939e-01 8.008427307869718792e-01 5.107881021551788914e-01 8.782598051568950570e-01 9.596564929057405102e-02 4.736391603490387459e-01 4.090483877245651434e-01 4.583364272308502185e-01 5.131390380873337431e-01 8.662114027097740365e-01 5.681045725730283769e-01 1.472197259662407776e-01 1.338612139806338863e-01 6.035798283747408899e-01 9.256813001949878439e-01 4.381090245690186236e-01 7.639473307487371079e-01
3.895245308456734556e-01 7.168030736121850932e-01 7.760431704436804301e-01 3.939766396107018398e-01 0.000000000000000000e+00 4.855835687835537429e-01 1.595650303897386824e-01 2.583971375274020099e-01 1.826128638302363383e-01 5.834058842956902913e-01 6.383682110835435797e-01 2.794339207412407378e-01 3.585941654633567621e-01 7.091801035071445547e-01 5.583180271576271281e-01 6.428666195641073999e-01 7.311520206800390387e-01 7.500263698629112685e-01 2.982434251908909761e-01 7.247484649008324453e-01 6.360754020159866684e-01 6.183771643875943802e-01 5.275448620211751205e-01 8.985710237403460310e-01 6.576708136340843058e-01 3.933706228115348980e-01 3.741086474931615280e-01 2.053029524983874810e-01 1.674906418878390202e-01 7.152860859728854548e-01 2.302348760078523071e-01 9.642949889314356149e-02 6.726482052590605498e-01 3.421470048706156120e-01 5.955731565486623857e-01
2.147987490261666355e-01 6.764177412254774868e-01 7.879642739434193910e-01 5.697691667492099654e-01 4.855835687835537429e-01 0.000000000000000000e+00 5.115459645676729838e-01 8.403429536718047821e-01 6.358059949333637606e-01 3.376691524006428247e-01 3.693246081915383394e-01 6.965864604083933376e-01 8.177015151950099980e-01 7.505202812868436713e-01 5.322495309332213598e-01 5.568042034385760619e-01 8.385955555996429389e-01 3.251598803468430665e-01 4.675383493166832549e-01 3.288640214606967649e-01 4.083636980262285165e-01 4.539399914108490086e-01 4.687886015011190621e-01 4.029677051342671623e-01 6.808703897101890945e-01 6.709641568809432410e-02 8.759144513046993596e-01 5.046208521134210034e-01 2.911618611017993130e-01 4.670720940415635791e-01 3.874217749083453954e-01 3.762018247357982181e-01 4.624348780466751574e-01 7.413272232771259684e-01 5.189866273963982257e-01
1.606886548110740831e-01 6.459420322660647251e-01 2.092261956797450972e-01 1.786606875456520083e-01 1.595650303897386824e-01 5.115459645676729838e-01 0.000000000000000000e+00 3.060425658793597403e-01 7.611709877984951245e-01 5.805249072396194698e-01 5.467635527842482634e-01 7.352498306603282296e-01 8.024208821022542626e-01 6.034889936159666401e-01 8.909002106416481492e-01 1.706879773372794729e-01 7.020304436058359965e-01 6.071570816342239940e-01 6.630994146325328575e-01 5.941026649312575181e-01 7.953087037969002182e-01 7.323718128647964676e-01 3.398212805218291388e-01 2.266027310979669140e-01 1.536457526839176690e-01 6.884779679540480313e-01 7.627504887240293963e-01 5.214144836748634271e-01 5.079208633637495307e-01 5.306987051928842014e-01 5.503370192781537051e-01 7.581077689897248728e-01 2.521026139101335550e-01 5.160231065757282520e-01 5.361385615193032805e-01
3.040162227664015004e-01 8.122794175949903384e-01 4.987417712943379988e-01 2.864592919254742576e-01 2.583971375274020099e-01 8.403429536718047821e-01 3.060425658793597403e-01 0.000000000000000000e+00 7.514169775352530500e-01 6.687124147381178219e-01 2.971428919750012110e-01 4.549437237257588640e-01 5.981069372655980487e-01 5.368576497137339532e-01 4.904129593121483444e-01 4.602136293537377187e-01 4.683260875099590215e-01 1.810924344917693718e-01 2.659412487233151490e-01 7.011878264991451282e-01 7.906016675410973971e-01 1.993643033573049284e-01 1.071270234803314292e-01 8.958803206675074460e-01 7.329144171525325824e-01 8.614378792588804901e-01 4.184625751726711584e-01 5.678379342913959515e-01 2.428667111630160302e-01 4.750664393425561016e-01 4.039660179683043917e-01 8.625038046189825724e-01 7.941527742752783059e-01 5.524719480118045478e-01 4.604212890647235712e-01
3.108403638426736615e-01 6.154272242434059015e-01 4.160379143087272746e-01 7.655639795137409997e-01 1.826128638302363383e-01 6.358059949333637606e-01 7.611709877984951245e-01 7.514169775352530500e-01 0.000000000000000000e+00 4.047179412355480510e-01 5.739565698882009848e-01 3.849293366905421898e-01 7.470331216132267693e-01 5.617186190221429287e-01 1.743498002082077836e-01 4.003680693974198679e-01 8.411836933266381156e-01 8.172657855642315727e-01 2.209888373199158096e-01 3.146346569696335527e-01 5.045494578226175086e-01 6.317205576713820214e-01 5.973337111518541853e-01 9.126235527027553029e-01 7.736565100848301624e-01 3.649987858958988474e-01 7.723283147373003477e-01 7.713645923901321089e-01 5.221795913009740220e-01 3.834840709066714703e-01 7.699728507469792982e-01 4.455211240384074900e-01 8.121351534799823302e-01 3.985226148307114413e-01 2.353915104368813349e-01
6.035485299903083911e-01 5.526178719443398668e-01 3.964472061231743005e-01 7.644994806204568061e-01 5.834058842956902913e-01 3.376691524006428247e-01 5.805249072396194698e-01 6.687124147381178219e-01 4.047179412355480510e-01 0.000000000000000000e+00 5.077411221732197610e-02 5.132478307599490641e-01 5.083829284640658530e-01 7.242962777186930934e-01 3.146608537115279658e-01 1.448880646455885657e-01 8.854039332295081666e-01 5.695693526375127380e-01 6.449846987430322143e-01 8.302817973008322916e-01 8.821857190782995684e-01 8.453855595941238699e-01 1.657160061373401660e-01 2.874416329338784770e-01 3.026096398091026041e-01 6.020852224413683063e-01 2.371270223838339852e-01 5.953977535957208911e-01 3.185511927411145416e-01 3.516103593623878254e-01 4.882889513292402173e-01 5.246708949983551751e-01 4.184076244632254360e-01 1.575061227625707549e-01 3.018996470240840058e-01
8.715915936759963678e-01 7.510740224554650624e-01 4.599872017032126115e-01 4.030558345139041432e-01 6.383682110835435797e-01 3.693246081915383394e-01 5.467635527842482634e-01 2.971428919750012110e-01 5.739565698882009848e-01 5.077411221732197610e-02 0.000000000000000000e+00 5.138223649366875367e-01 3.991209413939950101e-01 5.680177390510263713e-01 4.929096018435092375e-01 4.929495413878501875e-01 6.331842688571951427e-01 9.118045199507114340e-01 5.973159501942441052e-01 3.868699239047508343e-01 4.445538307517968857e-01 9.233624807125679901e-01 3.077823146737295179e-01 6.366948953408706480e-01 2.281731333181660215e-01 2.035451358407016631e-01 5.132753586994056594e-01 6.162887053090202460e-01 8.579674666285863616e-01 9.591605922599868439e-01 3.777856158189645819e-01 8.475595005349196853e-01 2.975316206881575276e-01 7.021738361282321428e-01 6.110806421110346331e-01
5.606387487824897597e-01 3.513756127391434170e-01 7.456141955607611393e-01 5.085292389042644912e-01 2.794339207412407378e-01 6.965864604083933376e-01 7.352498306603282296e-01 4.549437237257588640e-01 3.849293366905421898e-01 5.132478307599490641e-01 5.138223649366875367e-01 0.000000000000000000e+00 7.815498144312410522e-01 2.194983715934141211e-01 4.909196910205795850e-01 7.068764449544225892e-01 1.285006289304689853e-01 4.498000130886042891e-01 3.808759998385398138e-01 6.274037310066180595e-01 5.894901250738451282e-01 8.231162679499349766e-01 1.980353308790544498e-01 2.178544426038427906e-01 7.683571775845421392e-01 3.820428093805390279e-01 5.889483868814848755e-01 9.495013050438894098e-02 2.501339674962903548e-01 4.037068335723591472e-01 8.656464081215727857e-01 6.713628419063728536e-01 5.588836017054092942e-01 1.853468595938121410e-01 6.011282185405411038e-01
5.416211041007839011e-01 6.171204155058356289e-01 4.363518077971879627e-01 4.794248751333563541e-01 3.585941654633567621e-01 8.177015151950099980e-01 8.024208821022542626e-01 5.981069372655980487e-01 7.470331216132267693e-01 5.083829284640658530e-01 3.991209413939950101e-01 7.815498144312410522e-01 0.000000000000000000e+00 2.283437100466569891e-01 5.140740925887908874e-01 8.148683216779601945e-01 3.949156062486585683e-01 3.318353431846257640e-01 4.478891596196830638e-01 7.714132237904882672e-01 6.765516882469237991e-01 6.100138549639674279e-01 4.770021820896732656e-01 2.070165094117217830e-01 2.319618273405217312e-01 1.170703049146185615e-01 5.343603759128672248e-01 1.338679019420655480e-01 3.800034968676286873e-01 7.421013308835988642e-01 5.759506972203790598e-01 5.232954788307128124e-01 6.341099121762523438e-01 3.333280788173781373e-01 4.379242310796418458e-01
8.501832163921752006e-02 1.632855732518095904e-01 2.726956251130862041e-01 3.085713982772872455e-01 7.091801035071445547e-01 7.505202812868436713e-01 6.034889936159666401e-01 5.368576497137339532e-01 5.617186190221429287e-01 7.242962777186930934e-01 5.680177390510263713e-01 2.194983715934141211e-01 2.283437100466569891e-01 0.000000000000000000e+00 3.692311786765478665e-02 5.470928796426377527e-01 4.602326946748953596e-01 1.862453007552883344e-01 3.982133980895953274e-01 1.831592984301360083e-01 4.103903811377869193e-01 5.610544248360397335e-01 4.826136847015279896e-01 4.954704350184776507e-01 4.772498931483227236e-01 7.908560377787869911e-01 3.561987651480159611e-01 2.798067211883188410e-01 8.088834737747301329e-01 7.922256391197188830e-01 7.759966213103719479e-01 8.546777522497699398e-01 2.578028513381203091e-01 5.704007327494402535e-01 1.054068198318306449e-01
3.963729777342709371e-01 7.758355999134181058e-01 3.556358093293576772e-01 3.289126219937675843e-01 5.583180271576271281e-01 5.322495309332213598e-01 8.909002106416481492e-01 4.904129593121483444e-01 1.743498002082077836e-01 3.146608537115279658e-01 4.929096018435092375e-01 4.909196910205795850e-01 5.140740925887908874e-01 3.692311786765478665e-02 0.000000000000000000e+00 4.841997792849276339e-01 5.547784719784576435e-01 6.050504860997841794e-01 4.835134673236394787e-01 7.030157992876762130e-01 1.783093623203556577e-01 3.212064631326108088e-01 3.773647979949162345e-01 3.948567811034552344e-01 7.579263165938010527e-01 6.711096345882997527e-01 3.284681123842115857e-01 6.849221810768774121e-01 4.726378959804857782e-01 1.732372149628312874e-01 7.208911986934143368e-01 5.700251072952554621e-01 8.508972269232812913e-01 1.098639173926324597e-01 3.973296018803574858e-01
4.974755657655241525e-01 4.663267181656648441e-01 1.530115133025381491e-01 7.159544469844116854e-01 6.428666195641073999e-01 5.568042034385760619e-01 1.706879773372794729e-01 4.602136293537377187e-01 4.003680693974198679e-01 1.448880646455885657e-01 4.929495413878501875e-01 7.068764449544225892e-01 8.148683216779601945e-01 5.470928796426377527e-01 4.841997792849276339e-01 0.000000000000000000e+00 1.504542489744631339e-01 3.842052443314424859e-01 4.728816759184626406e-01 6.178155313307838181e-01 7.614369970925694009e-01 6.087334798418742032e-01 5.549917978329439450e-01 3.722484352370610816e-01 6.357257256397432776e-01 3.576029847045394394e-01 4.523851099461635439e-01 4.519424841844331131e-01 4.020119498071010877e-01 1.072342774048974379e-01 7.841329222888021588e-01 6.629560076368385957e-01 5.823286884700745736e-01 7.320254375225567767e-01 6.460973743564197846e-01
8.868348972288910836e-01 4.122149312059387727e-01 5.115921773819724905e-01 5.104338935512662268e-01 7.311520206800390387e-01 8.385955555996429389e-01 7.020304436058359965e-01 4.683260875099590215e-01 8.411836933266381156e-01 8.854039332295081666e-01 6.331842688571951427e-01 1.285006289304689853e-01 3.949156062486585683e-01 4.602326946748953596e-01 5.547784719784576435e-01 1.504542489744631339e-01 0.000000000000000000e+00 3.568108683467564601e-01 4.612991725042808744e-01 7.954237445027303455e-01 4.873166827710749827e-01 7.336490460080589138e-01 8.550426854122123999e-01 2.702436368895769769e-01 2.783766958041280493e-01 5.607992391344860383e-01 9.587726651326269334e-01 1.396853107634774549e-01 5.435429990817658430e-01 4.638792771392214465e-01 5.092040676116913467e-01 4.688141653999353120e-01 2.785032368835207439e-01 4.481803707829265515e-01 6.253925039069576641e-01
5.763247446697099541e-01 6.874898864948841837e-01 3.752575804485224764e-01 9.310355650757420332e-01 7.500263698629112685e-01 3.251598803468430665e-01 6.071570816342239940e-01 1.810924344917693718e-01 8.172657855642315727e-01 5.695693526375127380e-01 9.118045199507114340e-01 4.498000130886042891e-01 3.318353431846257640e-01 1.862453007552883344e-01 6.050504860997841794e-01 3.842052443314424859e-01 3.568108683467564601e-01 0.000000000000000000e+00 4.536162843013492041e-01 4.242100927728189586e-01 6.848370870256992315e-01 7.951462461005733839e-01 2.643835931850018195e-01 5.711419255681051688e-01 6.897971831638310958e-01 8.267833422998644988e-01 6.017709974221940872e-01 4.248225482188561219e-01 7.303919441708175420e-01 8.153258122314164247e-01 2.118554701317026945e-01 6.283085958931902137e-01 5.482330025662840445e-01 3.126476071957408620e-01 5.336515921614244373e-01
2.961998562196981322e-01 1.465836071391503070e-01 7.024971389228419349e-01 6.639624722860832939e-01 2.982434251908909761e-01 4.675383493166832549e-01 6.630994146325328575e-01 2.659412487233151490e-01 2.209888373199158096e-01 6.449846987430322143e-01 5.973159501942441052e-01 3.808759998385398138e-01 4.478891596196830638e-01 3.982133980895953274e-01 4.835134673236394787e-01 4.728816759184626406e-01 4.612991725042808744e-01 4.536162843013492041e-01 0.000000000000000000e+00 7.805022669481120889e-01 6.751479482333777593e-02 2.216297300251832691e-01 5.558230894621251084e-01 5.039187051632876280e-01 2.592557702510580597e-01 4.997210220092916377e-01 7.743971851485800251e-01 6.677184757818400707e-01 5.181750846914743303e-01 7.616613322962197952e-01 3.888483955384407498e-01 1.871023064551801118e-01 2.976859336097664732e-01 4.158465040406132962e-01 4.202092386145793723e-01
1.130917445352563888e-01 4.697097846798308218e-01 3.923370736126493008e-01 8.008427307869718792e-01 7.247484649008324453e-01 3.288640214606967649e-01 5.941026649312575181e-01 7.011878264991451282e-01 3.146346569696335527e-01 8.302817973008322916e-01 3.868699239047508343e-01 6.274037310066180595e-01 7.714132237904882672e-01 1.831592984301360083e-01 7.030157992876762130e-01 6.178155313307838181e-01 7.954237445027303455e-01 4.242100927728189586e-01 7.805022669481120889e-01 0.000000000000000000e+00 4.357427856549420109e-01 9.070524567715014808e-01 8.439545744724722409e-01 6.157583516263542833e-01 5.141652298133219112e-01 6.687278434663104232e-01 7.186284883841760340e-01 9.160667363834329446e-01 8.776069827112615851e-01 4.196841769220254204e-01 4.740737429953660875e-01 3.492202910137561789e-01 8.752742281047856121e-01 8.924153105545403752e-01 7.754286902378217938e-01
4.745484698389520473e-01 2.942552042265252354e-01 5.117388184650497607e-01 5.107881021551788914e-01 6.360754020159866684e-01 4.083636980262285165e-01 7.953087037969002182e-01 7.906016675410973971e-01 5.045494578226175086e-01 8.821857190782995684e-01 4.445538307517968857e-01 5.894901250738451282e-01 6.765516882469237991e-01 4.103903811377869193e-01 1.783093623203556577e-01 7.614369970925694009e-01 4.873166827710749827e-01 6.848370870256992315e-01 6.751479482333777593e-02 4.357427856549420109e-01 0.000000000000000000e+00 3.238678006307698087e-01 6.014562218575381092e-01 4.069231143979302190e-01 2.820279710445009469e-01 5.831620545625970653e-02 5.494261269819996629e-01 5.573916085152101907e-01 5.617569722602338000e-01 7.873364492929986191e-01 2.153636803519369813e-01 5.473510309300717580e-01 8.764467924014812672e-01 5.342316057119780304e-01 3.185488950298339672e-01
1.661511064643517166e-01 9.800187106415103599e-02 3.811084093251560501e-01 8.782598051568950570e-01 6.183771643875943802e-01 4.539399914108490086e-01 7.323718128647964676e-01 1.993643033573049284e-01 6.317205576713820214e-01 8.453855595941238699e-01 9.233624807125679901e-01 8.231162679499349766e-01 6.100138549639674279e-01 5.610544248360397335e-01 3.212064631326108088e-01 6.087334798418742032e-01 7.336490460080589138e-01 7.951462461005733839e-01 2.216297300251832691e-01 9.070524567715014808e-01 3.238678006307698087e-01 0.000000000000000000e+00 5.806913957598541787e-01 4.035863663335909624e-01 6.436467111367047966e-01 9.011428232209712785e-01 9.617282439033025820e-02 6.430866443625385953e-01 5.368801285394367850e-01 4.992417106231659130e-01 1.878654871029030726e-01 4.989380445866583025e-01 5.617661829083755443e-01 7.470888238110295898e-01 7.906551028530792724e-01
8.482080276433019428e-01 4.412557564301340385e-01 5.291949875508625833e-01 9.596564929057405102e-02 5.275448620211751205e-01 4.687886015011190621e-01 3.398212805218291388e-01 1.071270234803314292e-01 5.973337111518541853e-01 1.657160061373401660e-01 3.077823146737295179e-01 1.980353308790544498e-01 4.770021820896732656e-01 4.826136847015279896e-01 3.773647979949162345e-01 5.549917978329439450e-01 8.550426854122123999e-01 2.643835931850018195e-01 5.558230894621251084e-01 8.439545744724722409e-01 6.014562218575381092e-01 5.806913957598541787e-01 0.000000000000000000e+00 7.763921011062091537e-01 9.556354768675272560e-01 6.064310090792645047e-01 4.698886172093479363e-01 8.192219063194294826e-02 4.420024038879968309e-01 5.939915258039976109e-01 3.178231894632735921e-01 4.883848672634647503e-01 7.600954086294501311e-01 7.135501885058996852e-01 6.403554638444093339e-01
8.782966407312176038e-01 4.508380521539084862e-01 4.977357201787364072e-01 4.736391603490387459e-01 8.985710237403460310e-01 4.029677051342671623e-01 2.266027310979669140e-01 8.958803206675074460e-01 9.126235527027553029e-01 2.874416329338784770e-01 6.366948953408706480e-01 2.178544426038427906e-01 2.070165094117217830e-01 4.954704350184776507e-01 3.948567811034552344e-01 3.722484352370610816e-01 2.702436368895769769e-01 5.711419255681051688e-01 5.039187051632876280e-01 6.157583516263542833e-01 4.069231143979302190e-01 4.035863663335909624e-01 7.763921011062091537e-01 0.000000000000000000e+00 3.170973531310219418e-01 1.977975290462836711e-01 6.743804958260029014e-01 3.743045321499121059e-01 2.500717516843362631e-01 9.055669130459629290e-01 5.924403506428395083e-01 5.609976903079583188e-01 1.875417524186836493e-01 5.345289810343181180e-01 5.858629145042602016e-01
8.427887002914670189e-01 2.113375993631289584e-01 1.029173425020695198e-01 4.090483877245651434e-01 6.576708136340843058e-01 6.808703897101890945e-01 1.536457526839176690e-01 7.329144171525325824e-01 7.736565100848301624e-01 3.026096398091026041e-01 2.281731333181660215e-01 7.683571775845421392e-01 2.319618273405217312e-01 4.772498931483227236e-01 7.579263165938010527e-01 6.357257256397432776e-01 2.783766958041280493e-01 6.897971831638310958e-01 2.592557702510580597e-01 5.141652298133219112e-01 2.820279710445009469e-01 6.436467111367047966e-01 9.556354768675272560e-01 3.170973531310219418e-01 0.000000000000000000e+00 6.193776893398472705e-01 1.182776610936613904e-01 3.964447363039151906e-01 9.049717274328117345e-01 3.980619602661694123e-01 6.222932753500307612e-01 1.962599484642042480e-01 8.687249003919914614e-01 8.104067435798022467e-01 4.683700857533902306e-01
6.173640998141111114e-01 3.857456405295810464e-01 2.848532248002788592e-01 4.583364272308502185e-01 3.933706228115348980e-01 6.709641568809432410e-02 6.884779679540480313e-01 8.614378792588804901e-01 3.649987858958988474e-01 6.020852224413683063e-01 2.035451358407016631e-01 3.820428093805390279e-01 1.170703049146185615e-01 7.908560377787869911e-01 6.711096345882997527e-01 3.576029847045394394e-01 5.607992391344860383e-01 8.267833422998644988e-01 4.997210220092916377e-01 6.687278434663104232e-01 5.831620545625970653e-02 9.011428232209712785e-01 6.064310090792645047e-01 1.977975290462836711e-01 6.193776893398472705e-01 0.000000000000000000e+00 6.221159901244027735e-02 5.555059998467859472e-01 5.038237471203612650e-01 6.332934537904592043e-01 5.774985214850714144e-01 3.934553040747980068e-01 9.210557093684091923e-01 4.875057202113476928e-01 4.772070360381832632e-01
1.311296524201358560e-01 3.509850680557474734e-01 5.556488304342779294e-01 5.131390380873337431e-01 3.741086474931615280e-01 8.759144513046993596e-01 7.627504887240293963e-01 4.184625751726711584e-01 7.723283147373003477e-01 2.371270223838339852e-01 5.132753586994056594e-01 5.889483868814848755e-01 5.343603759128672248e-01 3.561987651480159611e-01 3.284681123842115857e-01 4.523851099461635439e-01 9.587726651326269334e-01 6.017709974221940872e-01 7.743971851485800251e-01 7.186284883841760340e-01 5.494261269819996629e-01 9.617282439033025820e-02 4.698886172093479363e-01 6.743804958260029014e-01 1.182776610936613904e-01 6.221159901244027735e-02 0.000000000000000000e+00 3.392349540447540113e-01 5.899659216616106594e-01 5.881407945360649370e-01 6.974281809329485604e-01 7.557041889882740726e-01 6.380919040604797754e-01 7.162982769227459467e-01 4.136352273384382716e-01
5.680326030046288777e-01 3.625993973100475887e-01 6.704286639625203215e-01 8.662114027097740365e-01 2.053029524983874810e-01 5.046208521134210034e-01 5.214144836748634271e-01 5.678379342913959515e-01 7.713645923901321089e-01 5.953977535957208911e-01 6.162887053090202460e-01 9.495013050438894098e-02 1.338679019420655480e-01 2.798067211883188410e-01 6.849221810768774121e-01 4.519424841844331131e-01 1.396853107634774549e-01 4.248225482188561219e-01 6.677184757818400707e-01 9.160667363834329446e-01 5.573916085152101907e-01 6.430866443625385953e-01 8.192219063194294826e-02 3.743045321499121059e-01 3.964447363039151906e-01 5.555059998467859472e-01 3.392349540447540113e-01 0.000000000000000000e+00 1.791444947159510637e-01 5.859696027525509443e-01 3.161596712764039863e-01 3.992361232953076655e-01 4.718190622956048297e-01 2.300247757957911698e-01 2.920230007690505225e-01
4.430670483806850024e-01 7.481623681595095388e-01 3.435790423236013136e-01 5.681045725730283769e-01 1.674906418878390202e-01 2.911618611017993130e-01 5.079208633637495307e-01 2.428667111630160302e-01 5.221795913009740220e-01 3.185511927411145416e-01 8.579674666285863616e-01 2.501339674962903548e-01 3.800034968676286873e-01 8.088834737747301329e-01 4.726378959804857782e-01 4.020119498071010877e-01 5.435429990817658430e-01 7.303919441708175420e-01 5.181750846914743303e-01 8.776069827112615851e-01 5.617569722602338000e-01 5.368801285394367850e-01 4.420024038879968309e-01 2.500717516843362631e-01 9.049717274328117345e-01 5.038237471203612650e-01 5.899659216616106594e-01 1.791444947159510637e-01 0.000000000000000000e+00 3.916028703134475375e-01 4.657310325551287100e-01 3.441793368569988631e-01 3.766463561823196748e-01 1.187915174959676134e-01 5.621611967848207936e-01
5.650913242266856207e-01 2.350050537991855704e-01 4.719073492852992602e-01 1.472197259662407776e-01 7.152860859728854548e-01 4.670720940415635791e-01 5.306987051928842014e-01 4.750664393425561016e-01 3.834840709066714703e-01 3.516103593623878254e-01 9.591605922599868439e-01 4.037068335723591472e-01 7.421013308835988642e-01 7.922256391197188830e-01 1.732372149628312874e-01 1.072342774048974379e-01 4.638792771392214465e-01 8.153258122314164247e-01 7.616613322962197952e-01 4.196841769220254204e-01 7.873364492929986191e-01 4.992417106231659130e-01 5.939915258039976109e-01 9.055669130459629290e-01 3.980619602661694123e-01 6.332934537904592043e-01 5.881407945360649370e-01 5.859696027525509443e-01 3.916028703134475375e-01 0.000000000000000000e+00 7.941980967376021106e-01 2.327198460495136789e-01 2.378464627655004771e-01 5.942440773935222520e-01 6.879871007415960804e-01
1.277795311093775643e-01 8.074622348765975177e-01 6.219945778726482244e-01 1.338612139806338863e-01 2.302348760078523071e-01 3.874217749083453954e-01 5.503370192781537051e-01 4.039660179683043917e-01 7.699728507469792982e-01 4.882889513292402173e-01 3.777856158189645819e-01 8.656464081215727857e-01 5.759506972203790598e-01 7.759966213103719479e-01 7.208911986934143368e-01 7.841329222888021588e-01 5.092040676116913467e-01 2.118554701317026945e-01 3.888483955384407498e-01 4.740737429953660875e-01 2.153636803519369813e-01 1.878654871029030726e-01 3.178231894632735921e-01 5.924403506428395083e-01 6.222932753500307612e-01 5.774985214850714144e-01 6.974281809329485604e-01 3.161596712764039863e-01 4.657310325551287100e-01 7.941980967376021106e-01 0.000000000000000000e+00 1.340373176406731703e-01 5.899786365471175742e-01 5.636363804982129633e-01 1.562304197012664986e-01
2.384637767407211673e-01 6.444678991291561410e-01 2.968163409197769331e-01 6.035798283747408899e-01 9.642949889314356149e-02 3.762018247357982181e-01 7.581077689897248728e-01 8.625038046189825724e-01 4.455211240384074900e-01 5.246708949983551751e-01 8.475595005349196853e-01 6.713628419063728536e-01 5.232954788307128124e-01 8.546777522497699398e-01 5.700251072952554621e-01 6.629560076368385957e-01 4.688141653999353120e-01 6.283085958931902137e-01 1.871023064551801118e-01 3.492202910137561789e-01 5.473510309300717580e-01 4.989380445866583025e-01 4.883848672634647503e-01 5.609976903079583188e-01 1.962599484642042480e-01 3.934553040747980068e-01 7.557041889882740726e-01 3.992361232953076655e-01 3.441793368569988631e-01 2.327198460495136789e-01 1.340373176406731703e-01 0.000000000000000000e+00 6.819753743115637423e-01 3.550723227544681504e-01 8.551202640622274087e-01
4.917942564467256972e-01 3.608423091322414678e-01 4.998146480790858215e-01 9.256813001949878439e-01 6.726482052590605498e-01 4.624348780466751574e-01 2.521026139101335550e-01 7.941527742752783059e-01 8.121351534799823302e-01 4.184076244632254360e-01 2.975316206881575276e-01 5.588836017054092942e-01 6.341099121762523438e-01 2.578028513381203091e-01 8.508972269232812913e-01 5.823286884700745736e-01 2.785032368835207439e-01 5.482330025662840445e-01 2.976859336097664732e-01 8.752742281047856121e-01 8.764467924014812672e-01 5.617661829083755443e-01 7.600954086294501311e-01 1.875417524186836493e-01 8.687249003919914614e-01 9.210557093684091923e-01 6.380919040604797754e-01 4.718190622956048297e-01 3.766463561823196748e-01 2.378464627655004771e-01 5.899786365471175742e-01 6.819753743115637423e-01 0.000000000000000000e+00 4.571763810768061931e-01 4.359966778643510898e-01
5.569411419594723078e-01 3.552709234205142508e-01 2.958842133598821866e-01 4.381090245690186236e-01 3.421470048706156120e-01 7.413272232771259684e-01 5.160231065757282520e-01 5.524719480118045478e-01 3.985226148307114413e-01 1.575061227625707549e-01 7.021738361282321428e-01 1.853468595938121410e-01 3.333280788173781373e-01 5.704007327494402535e-01 1.098639173926324597e-01 7.320254375225567767e-01 4.481803707829265515e-01 3.126476071957408620e-01 4.158465040406132962e-01 8.924153105545403752e-01 5.342316057119780304e-01 7.470888238110295898e-01 7.135501885058996852e-01 5.345289810343181180e-01 8.104067435798022467e-01 4.875057202113476928e-01 7.162982769227459467e-01 2.300247757957911698e-01 1.187915174959676134e-01 5.942440773935222520e-01 5.636363804982129633e-01 3.550723227544681504e-01 4.571763810768061931e-01 0.000000000000000000e+00 4.288804659152365417e-01
7.177216535111989870e-01 1.603051390706907720e-01 6.353427835525093936e-02 7.639473307487371079e-01 5.955731565486623857e-01 5.189866273963982257e-01 5.361385615193032805e-01 4.604212890647235712e-01 2.353915104368813349e-01 3.018996470240840058e-01 6.110806421110346331e-01 6.011282185405411038e-01 4.379242310796418458e-01 1.054068198318306449e-01 3.973296018803574858e-01 6.460973743564197846e-01 6.253925039069576641e-01 5.336515921614244373e-01 4.202092386145793723e-01 7.754286902378217938e-01 3.185488950298339672e-01 7.906551028530792724e-01 6.403554638444093339e-01 5.858629145042602016e-01 4.683700857533902306e-01 4.772070360381832632e-01 4.136352273384382716e-01 2.920230007690505225e-01 5.621611967848207936e-01 6.879871007415960804e-01 1.562304197012664986e-01 8.551202640622274087e-01 4.359966778643510898e-01 4.288804659152365417e-01 0.000000000000000000e+00
