0.000000000000000000e+00 9.230200669398588298e-01 5.107983004107178315e-01 8.686166838798003997e-01 6.872291092250688571e-01 6.767406757868845713e-01 3.600068504514717382e-01 6.723654565870569311e-01 1.195942311968107852e-01 9.162302331662642851e-01 5.368601171044358189e-01 6.212127659824674408e-01 6.616611985148602715e-01 4.146632248383287367e-01 5.150217311843539036e-01 9.171883432152294624e-01 3.814453429477404622e-01 4.569199240448053034e-01 4.924825451215438799e-01 5.821977429267402027e-01 4.916798366363741013e-01 7.192596751652158282e-01 9.248548953722341981e-01 3.870780755522885697e-01 9.183927166650536211e-01 4.206775366224496104e-01 7.711138698593582586e-01 1.083158347444203029e-01 7.064208413612993454e-01 7.037318000073311541e-01 2.713360418274183838e-01 6.622016614101170484e-01 2.936933951012055122e-01 6.002570197511002403e-01 5.155609330202520768e-01
9.230200669398588298e-01 0.000000000000000000e+00 6.798445173358744764e-01 2.209560528838023230e-01 9.057509161423527022e-01 6.140637853987317429e-01 2.807067573696034324e-01 7.943904086187739688e-01 4.637548686531385855e-01 4.991393535746491694e-01 8.317946944234716478e-01 5.306576098362612015e-01 3.111032267455775546e-01 6.881394075999025528e-01 7.442056886820451744e-01 8.202171383825240802e-02 5.448147133754537297e-01 4.785678367618053097e-01 7.484001525751444728e-01 5.615497576551257142e-01 8.818789604062864385e-01 4.535817316348487171e-01 3.381621833672891486e-01 5.429162251637461578e-01 4.545423943988387006e-01 9.612392243667189362e-01 5.412278782754461615e-01 5.322431824872271289e-01 6.597837364898747614e-01 4.860044962551277603e-01 4.643022406794866663e-01 2.404214766688776983e-01 3.906761688649269537e-01 7.078862510782241158e-01 4.910147601839828235e-01
5.107983004107178315e-01 6.798445173358744764e-01 0.000000000000000000e+00 1.961027525522043291e-01 5.748929634132082800e-01 4.507037280469524676e-01 7.111358820624380517e-01 8.063493574009151788e-01 4.479745576257899708e-01 4.697202318282628908e-01 5.610849784511487970e-01 7.406034173446173208e-01 6.847125016947003262e-01 3.775332585239820071e-01 6.102648275480457851e-01 4.511671945546478213e-01 9.270033067293972362e-01 6.635476987170474406e-01 4.498277800665534398e-01 4.260044056820332381e-01 4.173107829912081623e-01 2.703155484797645225e-01 7.668371038717102239e-01 3.698349714976504332e-01 3.985691288070294380e-01 3.680483126899478652e-01 4.044428573261242832e-01 2.961826845866939451e-01 7.903995498264482222e-02 9.587772751712491104e-01 4.236050084312447117e-01 9.403829172565338901e-01 5.843962847092990520e-01 4.464149122693844562e-01 1.100781098092615817e-01
8.686166838798003997e-01 2.209560528838023230e-01 1.961027525522043291e-01 0.000000000000000000e+00 4.976830646526247959e-01 5.149430369093377369e-01 4.898600439542113438e-01 7.172010413395346617e-01 7.688622932058213344e-01 3.131398149396921182e-01 8.530318205271542054e-01 7.096211445856799305e-01 3.917200976680524915e-01 5.741908255959555785e-01 5.199877207169476545e-01 7.218834889816014844e-01 8.374090529334015098e-01 4.728356888352394094e-01 4.789291902094884867e-01 9.629466474872800941e-01 9.074971050156314112e-01 3.668219019710533546e-01 5.746571587136971582e-01 8.293210434044482326e-01 2.301395391274949631e-01 5.958673010578766638e-01 4.286457504738951374e-01 5.427278718664513280e-01 3.553295594276738023e-01 5.608178543029891383e-01 8.670105798093749039e-01 8.322320561946653372e-01 5.377833305348419524e-01 4.057366430960942516e-01 9.277140622505236633e-02
6.872291092250688571e-01 9.057509161423527022e-01 5.748929634132082800e-01 4.976830646526247959e-01 0.000000000000000000e+00 3.220194248665464998e-01 4.394188567504149212e-01 8.569297378980973434e-01 6.275947288482313091e-01 2.491228822079458727e-01 8.087882148851230912e-01 5.226973982026806853e-01 6.625559265880680559e-01 9.130181041444768164e-01 5.983705282742025622e-01 9.101774180235271405e-01 4.931944013067334764e-01 6.329484935156717285e-01 9.658810252539595798e-02 8.847220031771262372e-01 7.803817383784579231e-01 2.574899851291146957e-01 7.272019297956793249e-01 6.429907224889771511e-01 3.371317510611996360e-01 5.898196765817204090e-01 2.851557488645931060e-01 4.478694322098270564e-01 3.506330286306988397e-01 2.852798435168876212e-01 6.488361580786865535e-01 7.936291651659127533e-01 7.654464489302275076e-01 7.277124063075826044e-01 5.238066512779038231e-01
6.767406757868845713e-01 6.140637853987317429e-01 4.507037280469524676e-01 5.149430369093377369e-01 3.220194248665464998e-01 0.000000000000000000e+00 4.345222309460975429e-01 4.419340366289019606e-01 4.613776623482591654e-01 7.010717507746975219e-01 5.878605858988765753e-01 6.413881809462909089e-01 5.070412724834212348e-01 9.280278655158391565e-01 7.802865659361901685e-01 9.308540922156414155e-01 6.275121664889664608e-01 6.343983028663411350e-01 3.788590911743884293e-01 8.478529160789982644e-01 5.669210779163714742e-01 5.774193853726505843e-01 6.142742786905752705e-01 4.925409760481095911e-01 5.658594821201297087e-01 6.385935209040968230e-01 5.808768255186856910e-01 6.399034851773330868e-01 3.160199180141471942e-01 4.113023842774486405e-01 6.767574765380506285e-01 3.839787789104162630e-01 4.004658260218710852e-01 2.680386443939943852e-01 3.269403314334450861e-01
3.600068504514717382e-01 2.807067573696034324e-01 7.111358820624380517e-01 4.898600439542113438e-01 4.394188567504149212e-01 4.345222309460975429e-01 0.000000000000000000e+00 8.144778863096107102e-01 4.500488086429771939e-01 5.531553350054785323e-01 4.807010788606215224e-01 6.135992543704544833e-01 8.614356834514276251e-01 4.016980586249051521e-01 5.191528940535095060e-01 4.416384923631426207e-01 9.022707684210653500e-01 3.830832575499764081e-01 6.319019551320853578e-01 1.790967753734468149e-01 4.933469682115397270e-01 4.315557528274248655e-01 6.342825776754588141e-01 4.815472536683194638e-01 8.543696235266713401e-01 3.962137458423226621e-01 3.851076060354185482e-01 7.707053837902128057e-01 5.065206207415096085e-01 5.613949999629455068e-01 5.089027176849896250e-01 8.271756994804199126e-01 4.387804640635843967e-01 1.227304043061896444e-01 3.131455959535895950e-01
6.723654565870569311e-01 7.943904086187739688e-01 8.063493574009151788e-01 7.172010413395346617e-01 8.569297378980973434e-01 4.419340366289019606e-01 8.144778863096107102e-01 0.000000000000000000e+00 7.854691587732209879e-01 9.108450995193080324e-01 8.619388574771305045e-01 4.585870876114684358e-01 3.670891383506974526e-01 8.826985097941854042e-01 7.050948129787379948e-01 3.216594786217339963e-01 6.047275345762568310e-01 3.160884905677415757e-01 8.095170614751099336e-01 8.728837243871760965e-01 3.480611605753606286e-01 6.835688013193668144e-01 7.242121307962336996e-01 5.912988344462909440e-01 4.989059893487375885e-01 5.308941926740605721e-01 5.948349454717998253e-01 8.698586950623112823e-01 2.271639775952556395e-01 5.560794310113824634e-01 8.329225074019518393e-01 6.841364168992219996e-01 3.048526480143773920e-01 6.355762736097795296e-01 6.918228810658270111e-01
1.195942311968107852e-01 4.637548686531385855e-01 4.479745576257899708e-01 7.688622932058213344e-01 6.275947288482313091e-01 4.613776623482591654e-01 4.500488086429771939e-01 7.854691587732209879e-01 0.000000000000000000e+00 6.189857508188592039e-01 4.317448626228815867e-01 6.773158052714741695e-01 5.552628497426970178e-01 6.173726200164462163e-01 7.411134093479647689e-01 9.303529089887099257e-01 7.689664888546305921e-01 4.697024995065104402e-01 3.496465665692475855e-01 5.055351947667565682e-01 7.637879035579442366e-02 2.394245112123302155e-01 7.152541846801430125e-01 2.613573976811003341e-01 6.237854574088609327e-01 4.252957277757394294e-01 4.609816646636972770e-01 8.050602057842533021e-01 8.204303731546035428e-01 4.722656550082992566e-01 4.106908655200381952e-01 1.300278631162102849e-01 7.267345400329012772e-01 4.668917584159665846e-01 6.870112052026461358e-01
9.162302331662642851e-01 4.991393535746491694e-01 4.697202318282628908e-01 3.131398149396921182e-01 2.491228822079458727e-01 7.010717507746975219e-01 5.531553350054785323e-01 9.108450995193080324e-01 6.189857508188592039e-01 0.000000000000000000e+00 7.565559716132569390e-01 5.637864274535286935e-01 4.491738547780088631e-01 5.030242587141422472e-01 3.812352799756006383e-01 8.933014667240424256e-02 1.911600828185228140e-01 3.895533521459587090e-01 8.369282175531888024e-01 4.977234686382887019e-01 8.689656067456492661e-01 1.705773294766459447e-01 8.387179761261940314e-01 5.004432631535291609e-01 7.745749370468020256e-01 8.005111736977388315e-01 8.775748166782436632e-01 4.315873702892081831e-01 3.979073330579337431e-01 8.857389598317693125e-01 9.163358294523080705e-01 7.582330509067314317e-01 2.905316493887596385e-01 5.763135920261330813e-01 3.409837075558319053e-01
5.368601171044358189e-01 8.317946944234716478e-01 5.610849784511487970e-01 8.530318205271542054e-01 8.087882148851230912e-01 5.878605858988765753e-01 4.807010788606215224e-01 8.619388574771305045e-01 4.317448626228815867e-01 7.565559716132569390e-01 0.000000000000000000e+00 4.288970426515577583e-01 1.493107279421955758e-01 6.578508726865006651e-01 5.379961640929940003e-01 3.608500031697527977e-01 1.644370934878923718e-01 8.282889887977452625e-01 4.428246808958777314e-01 8.793239967818557989e-01 4.888839742066535266e-01 3.806863922561370961e-01 6.667603309570597769e-01 1.852325690170729677e-01 5.650428919524816962e-01 6.549366061591015420e-01 5.142671329726532514e-01 9.420260416649877122e-01 5.103619013006510663e-01 8.855654771893665123e-01 6.671100835297547604e-01 6.236462018254798068e-01 5.397751390257387039e-01 1.214339759831777332e-01 5.204441269790766045e-01
6.212127659824674408e-01 5.306576098362612015e-01 7.406034173446173208e-01 7.096211445856799305e-01 5.226973982026806853e-01 6.413881809462909089e-01 6.135992543704544833e-01 4.585870876114684358e-01 6.773158052714741695e-01 5.637864274535286935e-01 4.288970426515577583e-01 0.000000000000000000e+00 8.672270354182964880e-02 4.025913030118981051e-01 5.908044554870968135e-01 4.203684780688317080e-01 2.900778298187497439e-01 5.978921066002296225e-01 4.599528049482612402e-01 8.096568010383125014e-01 5.255748376412923140e-01 5.037457465608461415e-01 7.184017083233747991e-01 2.285712176456888844e-01 4.109767964601442336e-01 4.892340594886287475e-01 2.060171281751758121e-01 2.559529546572028025e-01 9.320183225038122243e-01 2.460332545389011250e-01 5.327280900977668932e-01 4.553578710211700908e-01 1.345177530331994609e-01 4.439752032385756997e-01 5.911608706693887161e-01
6.616611985148602715e-01 3.111032267455775546e-01 6.847125016947003262e-01 3.917200976680524915e-01 6.625559265880680559e-01 5.070412724834212348e-01 8.614356834514276251e-01 3.670891383506974526e-01 5.552628497426970178e-01 4.491738547780088631e-01 1.493107279421955758e-01 8.672270354182964880e-02 0.000000000000000000e+00 8.711213274724827205e-01 6.603497005561126398e-01 5.660273086628533346e-01 4.423735376112807316e-01 9.251459398960601987e-01 7.159269592186585651e-01 5.347975985488137018e-01 4.669086698732948792e-01 9.353116186127706788e-01 6.378513059258565931e-01 3.833602176671089268e-01 4.007036304260366277e-01 8.490936029742034430e-01 4.214190281962252316e-01 2.071956036342292862e-02 6.660163156691376596e-01 6.187357844278531527e-01 5.874500480478070941e-01 5.796669488437375950e-01 7.820793325418783359e-01 9.506557468359810859e-02 6.751370382381802759e-01
4.146632248383287367e-01 6.881394075999025528e-01 3.775332585239820071e-01 5.741908255959555785e-01 9.130181041444768164e-01 9.280278655158391565e-01 4.016980586249051521e-01 8.826985097941854042e-01 6.173726200164462163e-01 5.030242587141422472e-01 6.578508726865006651e-01 4.025913030118981051e-01 8.711213274724827205e-01 0.000000000000000000e+00 4.434919291380063910e-01 6.940806840001749745e-01 1.564121133444380529e-01 2.753103592550621981e-01 1.515596577663411715e-01 8.263366095001873912e-01 8.139078409986866269e-01 2.859896234095515855e-01 7.522347847522793396e-01 1.779596778665262224e-01 1.267906666212389455e-01 4.536835572019395912e-01 3.390707775161719284e-01 7.980443437656599137e-01 8.233268443033355810e-01 2.031256955362990002e-01 4.327218143514867110e-01 1.044622030987875094e-01 3.714615930952840928e-01 7.866939256057872143e-01 2.567757032389859084e-01
5.150217311843539036e-01 7.442056886820451744e-01 6.102648275480457851e-01 5.199877207169476545e-01 5.983705282742025622e-01 7.802865659361901685e-01 5.191528940535095060e-01 7.050948129787379948e-01 7.411134093479647689e-01 3.812352799756006383e-01 5.379961640929940003e-01 5.908044554870968135e-01 6.603497005561126398e-01 4.434919291380063910e-01 0.000000000000000000e+00 3.221545670853176446e-01 2.267296241386533850e-01 5.273103377779705392e-01 5.099683674763473284e-01 3.278800565267065426e-01 8.583716879947356215e-01 5.557497527790508096e-01 6.018444026909769429e-01 4.694380681930651056e-01 7.594055086125650611e-01 9.582541297939073388e-02 3.091191606233235079e-01 3.585715060134905818e-01 4.755316081072110679e-01 6.198521985513165689e-01 7.098972756887649282e-01 5.232807499746319202e-01 4.530711840887987063e-01 2.645231856014753080e-01 1.288884405531266486e-01
9.171883432152294624e-01 8.202171383825240802e-02 4.511671945546478213e-01 7.218834889816014844e-01 9.101774180235271405e-01 9.308540922156414155e-01 4.416384923631426207e-01 3.216594786217339963e-01 9.303529089887099257e-01 8.933014667240424256e-02 3.608500031697527977e-01 4.203684780688317080e-01 5.660273086628533346e-01 6.940806840001749745e-01 3.221545670853176446e-01 0.000000000000000000e+00 8.381948815679451936e-02 6.610912963654067553e-01 8.174874347510985295e-01 4.968488658287059101e-01 4.737582305201504251e-01 6.372667420232314139e-01 4.593974266448283550e-01 5.115483880187465804e-01 5.895479272201096244e-01 4.342002925844132832e-01 4.843901351881136907e-01 3.512169520850970672e-01 5.764057019946575711e-01 5.919613581367955124e-01 4.564098876656695891e-01 7.311325523862794995e-01 4.139031700916054324e-01 1.120498744583946493e-01 5.822345407580342691e-01
3.814453429477404622e-01 5.448147133754537297e-01 9.270033067293972362e-01 8.374090529334015098e-01 4.931944013067334764e-01 6.275121664889664608e-01 9.022707684210653500e-01 6.047275345762568310e-01 7.689664888546305921e-01 1.911600828185228140e-01 1.644370934878923718e-01 2.900778298187497439e-01 4.423735376112807316e-01 1.564121133444380529e-01 2.267296241386533850e-01 8.381948815679451936e-02 0.000000000000000000e+00 4.725772696650652471e-01 4.698694237354651970e-01 5.512914062032947538e-01 9.414411752225601004e-01 4.996752685148924678e-01 3.924187684422128508e-01 5.543775315207039034e-01 2.364748640345847308e-01 2.495205018412537390e-01 8.913580050810026023e-01 5.607567479586160752e-01 6.314918731094061322e-01 9.454774593862599330e-01 4.874873804655874832e-01 5.811552072904826449e-01 5.827227650541882964e-01 3.140001570126111918e-01 8.104481517604299468e-01
4.569199240448053034e-01 4.785678367618053097e-01 6.635476987170474406e-01 4.728356888352394094e-01 6.329484935156717285e-01 6.343983028663411350e-01 3.830832575499764081e-01 3.160884905677415757e-01 4.697024995065104402e-01 3.895533521459587090e-01 8.282889887977452625e-01 5.978921066002296225e-01 9.251459398960601987e-01 2.753103592550621981e-01 5.273103377779705392e-01 6.610912963654067553e-01 4.725772696650652471e-01 0.000000000000000000e+00 6.995705874970550298e-01 7.959630898123524201e-01 2.460143823426938769e-01 4.363193090622456971e-01 4.832413687217492204e-01 9.184189551112353911e-01 2.969421719707601159e-01 4.522146968422918745e-01 9.657637517292050333e-01 9.210824523158259725e-01 6.631956692341023363e-01 4.085862187237278564e-01 6.984538447237775838e-02 8.742429679515081320e-01 8.018649084904700963e-01 8.385708701935961074e-01 8.434782457080787221e-01
4.924825451215438799e-01 7.484001525751444728e-01 4.498277800665534398e-01 4.789291902094884867e-01 9.658810252539595798e-02 3.788590911743884293e-01 6.319019551320853578e-01 8.095170614751099336e-01 3.496465665692475855e-01 8.369282175531888024e-01 4.428246808958777314e-01 4.599528049482612402e-01 7.159269592186585651e-01 1.515596577663411715e-01 5.099683674763473284e-01 8.174874347510985295e-01 4.698694237354651970e-01 6.995705874970550298e-01 0.000000000000000000e+00 3.824504249369423126e-01 5.578529680614936481e-01 8.609729922387774348e-01 7.086224657479474054e-01 9.691544099138249546e-01 7.518721126075600392e-01 6.462248551811959896e-01 4.252837552052549652e-01 4.154370173208224437e-01 3.341823543873728153e-01 3.801770489567304345e-01 2.501850524387586594e-01 6.266453962960020219e-01 5.171319282523889616e-01 9.029791879963015022e-01 6.485882211455918922e-01
5.821977429267402027e-01 5.615497576551257142e-01 4.260044056820332381e-01 9.629466474872800941e-01 8.847220031771262372e-01 8.478529160789982644e-01 1.790967753734468149e-01 8.728837243871760965e-01 5.055351947667565682e-01 4.977234686382887019e-01 8.793239967818557989e-01 8.096568010383125014e-01 5.347975985488137018e-01 8.263366095001873912e-01 3.278800565267065426e-01 4.968488658287059101e-01 5.512914062032947538e-01 7.959630898123524201e-01 3.824504249369423126e-01 0.000000000000000000e+00 6.217603767601215248e-01 2.671684557085488576e-01 5.590053675311119630e-01 1.877213532545428665e-01 4.229704971748244891e-01 8.064343323071322400e-01 5.740637521662650400e-02 5.690059905265142381e-01 7.217783867461895486e-01 7.675925672478415285e-01 6.424731416563099762e-01 6.182803509813562526e-01 5.749998374189519978e-01 1.761723252862990030e-02 7.296600294290864763e-01
4.916798366363741013e-01 8.818789604062864385e-01 4.173107829912081623e-01 9.074971050156314112e-01 7.803817383784579231e-01 5.669210779163714742e-01 4.933469682115397270e-01 3.480611605753606286e-01 7.637879035579442366e-02 8.689656067456492661e-01 4.888839742066535266e-01 5.255748376412923140e-01 4.669086698732948792e-01 8.139078409986866269e-01 8.583716879947356215e-01 4.737582305201504251e-01 9.414411752225601004e-01 2.460143823426938769e-01 5.578529680614936481e-01 6.217603767601215248e-01 0.000000000000000000e+00 6.138513140095985809e-01 9.294039708656711696e-01 2.959720718088281743e-01 7.500758302982086789e-01 5.924046794722630516e-01 3.524360598319239424e-01 6.180078117476247579e-01 3.755299059545443852e-01 2.630729216737699439e-01 6.713772742169639152e-01 4.602777561438019527e-01 4.309964384034923879e-01 4.825711493919031536e-01 7.510904435715937133e-01
7.192596751652158282e-01 4.535817316348487171e-01 2.703155484797645225e-01 3.668219019710533546e-01 2.574899851291146957e-01 5.774193853726505843e-01 4.315557528274248655e-01 6.835688013193668144e-01 2.394245112123302155e-01 1.705773294766459447e-01 3.806863922561370961e-01 5.037457465608461415e-01 9.353116186127706788e-01 2.859896234095515855e-01 5.557497527790508096e-01 6.372667420232314139e-01 4.996752685148924678e-01 4.363193090622456971e-01 8.609729922387774348e-01 2.671684557085488576e-01 6.138513140095985809e-01 0.000000000000000000e+00 4.945915191787564336e-02 6.826343196659175883e-01 6.975510383072397458e-01 4.718813173788117821e-01 1.396943982471940959e-01 4.272797419847110811e-01 7.409915877045976096e-01 5.234034171046157979e-01 9.356710396454996914e-01 2.345640671538410382e-01 7.998867435995761221e-01 6.336643054172075296e-02 6.041917245856393004e-01
9.248548953722341981e-01 3.381621833672891486e-01 7.668371038717102239e-01 5.746571587136971582e-01 7.272019297956793249e-01 6.142742786905752705e-01 6.342825776754588141e-01 7.242121307962336996e-01 7.152541846801430125e-01 8.387179761261940314e-01 6.667603309570597769e-01 7.184017083233747991e-01 6.378513059258565931e-01 7.522347847522793396e-01 6.018444026909769429e-01 4.593974266448283550e-01 3.924187684422128508e-01 4.832413687217492204e-01 7.086224657479474054e-01 5.590053675311119630e-01 9.294039708656711696e-01 4.945915191787564336e-02 0.000000000000000000e+00 5.359862675385127506e-01 4.973192513416284100e-01 7.552323032364089972e-01 7.183809066500085327e-01 7.956485902304142321e-01 7.477563588845793641e-01 4.217972258334089508e-01 5.252463213611159309e-01 4.484343463722553214e-01 5.617662926789770417e-01 5.182967239354890898e-01 5.457907648352142704e-01
3.870780755522885697e-01 5.429162251637461578e-01 3.698349714976504332e-01 8.293210434044482326e-01 6.429907224889771511e-01 4.925409760481095911e-01 4.815472536683194638e-01 5.912988344462909440e-01 2.613573976811003341e-01 5.004432631535291609e-01 1.852325690170729677e-01 2.285712176456888844e-01 3.833602176671089268e-01 1.779596778665262224e-01 4.694380681930651056e-01 5.115483880187465804e-01 5.543775315207039034e-01 9.184189551112353911e-01 9.691544099138249546e-01 1.877213532545428665e-01 2.959720718088281743e-01 6.826343196659175883e-01 5.359862675385127506e-01 0.000000000000000000e+00 5.426723307124768914e-01 5.946925715877686702e-01 2.327919650321922385e-01 5.402861315665359321e-01 7.841834369993907483e-01 5.323056509920460755e-01 5.760842201903964011e-01 8.038733814179714887e-01 4.353185307885347188e-01 2.161963618101878648e-01 1.820355208921967116e-01
9.183927166650536211e-01 4.545423943988387006e-01 3.985691288070294380e-01 2.301395391274949631e-01 3.371317510611996360e-01 5.658594821201297087e-01 8.543696235266713401e-01 4.989059893487375885e-01 6.237854574088609327e-01 7.745749370468020256e-01 5.650428919524816962e-01 4.109767964601442336e-01 4.007036304260366277e-01 1.267906666212389455e-01 7.594055086125650611e-01 5.895479272201096244e-01 2.364748640345847308e-01 2.969421719707601159e-01 7.518721126075600392e-01 4.229704971748244891e-01 7.500758302982086789e-01 6.975510383072397458e-01 4.973192513416284100e-01 5.426723307124768914e-01 0.000000000000000000e+00 7.566492760222739422e-01 2.223772583460347230e-01 5.561931602905467731e-01 8.264624015284660619e-01 6.720968756113370191e-01 4.646234392059339635e-01 9.180468642621477660e-01 3.604724715681617564e-01 8.098496305202410595e-01 8.242578664929189891e-01
4.206775366224496104e-01 9.612392243667189362e-01 3.680483126899478652e-01 5.958673010578766638e-01 5.898196765817204090e-01 6.385935209040968230e-01 3.962137458423226621e-01 5.308941926740605721e-01 4.252957277757394294e-01 8.005111736977388315e-01 6.549366061591015420e-01 4.892340594886287475e-01 8.490936029742034430e-01 4.536835572019395912e-01 9.582541297939073388e-02 4.342002925844132832e-01 2.495205018412537390e-01 4.522146968422918745e-01 6.462248551811959896e-01 8.064343323071322400e-01 5.924046794722630516e-01 4.718813173788117821e-01 7.552323032364089972e-01 5.946925715877686702e-01 7.566492760222739422e-01 0.000000000000000000e+00 4.381968918909429078e-01 4.875494017337064778e-01 4.147233099538299994e-01 1.776814420596164457e-01 9.158222097725200461e-01 7.852617637369836423e-01 5.129860577245543007e-01 5.334808758760234415e-01 4.194810056219038796e-01
7.711138698593582586e-01 5.412278782754461615e-01 4.044428573261242832e-01 4.286457504738951374e-01 2.851557488645931060e-01 5.808768255186856910e-01 3.851076060354185482e-01 5.948349454717998253e-01 4.609816646636972770e-01 8.775748166782436632e-01 5.142671329726532514e-01 2.060171281751758121e-01 4.214190281962252316e-01 3.390707775161719284e-01 3.091191606233235079e-01 4.843901351881136907e-01 8.913580050810026023e-01 9.657637517292050333e-01 4.252837552052549652e-01 5.740637521662650400e-02 3.524360598319239424e-01 1.396943982471940959e-01 7.183809066500085327e-01 2.327919650321922385e-01 2.223772583460347230e-01 4.381968918909429078e-01 0.000000000000000000e+00 3.715882384199452049e-01 3.448650931261942887e-02 2.243761419061409690e-01 3.344618542537326489e-01 3.106598026109335109e-01 4.578227709515281241e-01 6.359846468915320017e-01 9.556267215445720664e-01
1.083158347444203029e-01 5.322431824872271289e-01 2.961826845866939451e-01 5.427278718664513280e-01 4.478694322098270564e-01 6.399034851773330868e-01 7.707053837902128057e-01 8.698586950623112823e-01 8.050602057842533021e-01 4.315873702892081831e-01 9.420260416649877122e-01 2.559529546572028025e-01 2.071956036342292862e-02 7.980443437656599137e-01 3.585715060134905818e-01 3.512169520850970672e-01 5.607567479586160752e-01 9.210824523158259725e-01 4.154370173208224437e-01 5.690059905265142381e-01 6.180078117476247579e-01 4.272797419847110811e-01 7.956485902304142321e-01 5.402861315665359321e-01 5.561931602905467731e-01 4.875494017337064778e-01 3.715882384199452049e-01 0.000000000000000000e+00 6.461349053974700940e-01 4.576469131831013004e-01 5.947921437900712816e-01 4.245039452387479040e-01 8.020776152210310483e-01 4.634580695054442701e-01 6.534474216319795525e-01
7.064208413612993454e-01 6.597837364898747614e-01 7.903995498264482222e-02 3.553295594276738023e-01 3.506330286306988397e-01 3.160199180141471942e-01 5.065206207415096085e-01 2.271639775952556395e-01 8.204303731546035428e-01 3.979073330579337431e-01 5.103619013006510663e-01 9.320183225038122243e-01 6.660163156691376596e-01 8.233268443033355810e-01 4.755316081072110679e-01 5.764057019946575711e-01 6.314918731094061322e-01 6.631956692341023363e-01 3.341823543873728153e-01 7.217783867461895486e-01 3.755299059545443852e-01 7.409915877045976096e-01 7.477563588845793641e-01 7.841834369993907483e-01 8.264624015284660619e-01 4.147233099538299994e-01 3.448650931261942887e-02 6.461349053974700940e-01 0.000000000000000000e+00 5.733841937896935192e-01 7.873800023987720387e-01 7.262226894745349437e-01 5.941522275765583894e-01 7.895742236656715374e-01 8.211859883291522388e-01
7.037318000073311541e-01 4.860044962551277603e-01 9.587772751712491104e-01 5.608178543029891383e-01 2.852798435168876212e-01 4.113023842774486405e-01 5.613949999629455068e-01 5.560794310113824634e-01 4.722656550082992566e-01 8.857389598317693125e-01 8.855654771893665123e-01 2.460332545389011250e-01 6.187357844278531527e-01 2.031256955362990002e-01 6.198521985513165689e-01 5.919613581367955124e-01 9.454774593862599330e-01 4.085862187237278564e-01 3.801770489567304345e-01 7.675925672478415285e-01 2.630729216737699439e-01 5.234034171046157979e-01 4.217972258334089508e-01 5.323056509920460755e-01 6.720968756113370191e-01 1.776814420596164457e-01 2.243761419061409690e-01 4.576469131831013004e-01 5.733841937896935192e-01 0.000000000000000000e+00 4.458511118965624020e-01 4.535178537457574821e-01 5.869749919058934173e-01 5.011762378522321981e-01 6.807898617296470611e-02
2.713360418274183838e-01 4.643022406794866663e-01 4.236050084312447117e-01 8.670105798093749039e-01 6.488361580786865535e-01 6.767574765380506285e-01 5.089027176849896250e-01 8.329225074019518393e-01 4.106908655200381952e-01 9.163358294523080705e-01 6.671100835297547604e-01 5.327280900977668932e-01 5.874500480478070941e-01 4.327218143514867110e-01 7.098972756887649282e-01 4.564098876656695891e-01 4.874873804655874832e-01 6.984538447237775838e-02 2.501850524387586594e-01 6.424731416563099762e-01 6.713772742169639152e-01 9.356710396454996914e-01 5.252463213611159309e-01 5.760842201903964011e-01 4.646234392059339635e-01 9.158222097725200461e-01 3.344618542537326489e-01 5.947921437900712816e-01 7.873800023987720387e-01 4.458511118965624020e-01 0.000000000000000000e+00 4.665110661415398097e-01 2.937678400835102011e-01 6.561837158152425964e-01 4.418634786698509287e-01
6.622016614101170484e-01 2.404214766688776983e-01 9.403829172565338901e-01 8.322320561946653372e-01 7.936291651659127533e-01 3.839787789104162630e-01 8.271756994804199126e-01 6.841364168992219996e-01 1.300278631162102849e-01 7.582330509067314317e-01 6.236462018254798068e-01 4.553578710211700908e-01 5.796669488437375950e-01 1.044622030987875094e-01 5.232807499746319202e-01 7.311325523862794995e-01 5.811552072904826449e-01 8.742429679515081320e-01 6.266453962960020219e-01 6.182803509813562526e-01 4.602777561438019527e-01 2.345640671538410382e-01 4.484343463722553214e-01 8.038733814179714887e-01 9.180468642621477660e-01 7.852617637369836423e-01 3.106598026109335109e-01 4.245039452387479040e-01 7.262226894745349437e-01 4.535178537457574821e-01 4.665110661415398097e-01 0.000000000000000000e+00 8.964495492665114362e-01 4.842697046554785278e-01 7.414775407307987454e-01
2.936933951012055122e-01 3.906761688649269537e-01 5.843962847092990520e-01 5.377833305348419524e-01 7.654464489302275076e-01 4.004658260218710852e-01 4.387804640635843967e-01 3.048526480143773920e-01 7.267345400329012772e-01 2.905316493887596385e-01 5.397751390257387039e-01 1.345177530331994609e-01 7.820793325418783359e-01 3.714615930952840928e-01 4.530711840887987063e-01 4.139031700916054324e-01 5.827227650541882964e-01 8.018649084904700963e-01 5.171319282523889616e-01 5.749998374189519978e-01 4.309964384034923879e-01 7.998867435995761221e-01 5.617662926789770417e-01 4.353185307885347188e-01 3.604724715681617564e-01 5.129860577245543007e-01 4.578227709515281241e-01 8.020776152210310483e-01 5.941522275765583894e-01 5.869749919058934173e-01 2.937678400835102011e-01 8.964495492665114362e-01 0.000000000000000000e+00 7.061046505881356516e-01 7.793061469618811632e-02
6.002570197511002403e-01 7.078862510782241158e-01 4.464149122693844562e-01 4.057366430960942516e-01 7.277124063075826044e-01 2.680386443939943852e-01 1.227304043061896444e-01 6.355762736097795296e-01 4.668917584159665846e-01 5.763135920261330813e-01 1.214339759831777332e-01 4.439752032385756997e-01 9.506557468359810859e-02 7.866939256057872143e-01 2.645231856014753080e-01 1.120498744583946493e-01 3.140001570126111918e-01 8.385708701935961074e-01 9.029791879963015022e-01 1.761723252862990030e-02 4.825711493919031536e-01 6.336643054172075296e-02 5.182967239354890898e-01 2.161963618101878648e-01 8.098496305202410595e-01 5.334808758760234415e-01 6.359846468915320017e-01 4.634580695054442701e-01 7.895742236656715374e-01 5.011762378522321981e-01 6.561837158152425964e-01 4.842697046554785278e-01 7.061046505881356516e-01 0.000000000000000000e+00 7.907477301475521747e-01
5.155609330202520768e-01 4.910147601839828235e-01 1.100781098092615817e-01 9.277140622505236633e-02 5.238066512779038231e-01 3.269403314334450861e-01 3.131455959535895950e-01 6.918228810658270111e-01 6.870112052026461358e-01 3.409837075558319053e-01 5.204441269790766045e-01 5.911608706693887161e-01 6.751370382381802759e-01 2.567757032389859084e-01 1.288884405531266486e-01 5.822345407580342691e-01 8.104481517604299468e-01 8.434782457080787221e-01 6.485882211455918922e-01 7.296600294290864763e-01 7.510904435715937133e-01 6.041917245856393004e-01 5.457907648352142704e-01 1.820355208921967116e-01 8.242578664929189891e-01 4.194810056219038796e-01 9.556267215445720664e-01 6.534474216319795525e-01 8.211859883291522388e-01 6.807898617296470611e-02 4.418634786698509287e-01 7.414775407307987454e-01 7.793061469618811632e-02 7.907477301475521747e-01 0.000000000000000000e+00
