0.000000000000000000e+00 5.772984402295814332e-01 3.026273947281562515e-01 4.470105030898021692e-01 5.580320341737839973e-01 5.278287892717972163e-01 4.724519811419478077e-01 5.412314326822746935e-01 3.921770624874320599e-01 8.758414220742900547e-01 4.101825742487222315e-01 2.731205767430892051e-01 5.049417837050960145e-01 6.753691080600018326e-01 2.234555432493309790e-01 2.933957421334972837e-01 4.629981802761105603e-01 1.642841586341413640e-01 9.320891383771097161e-01 4.948376290432518476e-01 3.407523383581313459e-01 4.921522344573269203e-01 4.630610003215137604e-01 3.077209418819433218e-01 6.736349477653762463e-01 5.495934145914851410e-01 6.727604786919956226e-01 6.123253474755361303e-01 6.447190282590280486e-01 3.469066250220839143e-01 3.932786855625148292e-01 6.396007072637890367e-01 2.008140596323118587e-01 5.678376361555124152e-01 5.053672806508701099e-01
5.772984402295814332e-01 0.000000000000000000e+00 4.106351592941763773e-01 6.664376241498504161e-01 6.691689009860442017e-01 4.931784943983649194e-01 6.816895291183681094e-01 4.301060604777123819e-01 2.828492196743017661e-01 8.632991269446803617e-01 4.451584019293163275e-01 8.799807457454436044e-01 3.225954882691159931e-01 5.617145326145602802e-01 6.496977495531529589e-01 7.225688755965744559e-01 4.288527988709428529e-01 6.083786418864296497e-01 5.378038743566716517e-01 6.756277801939447603e-01 4.835806266941792275e-01 9.275351052633895588e-02 4.170932139938837713e-01 2.206269379717026302e-01 4.204767252575098979e-01 3.909958236957333799e-01 7.599877226383338069e-01 6.437107467020775076e-01 5.437438018107140225e-01 1.358216582802987960e-01 1.945364006098886378e-01 9.055766669470051156e-01 1.699588283563171487e-01 7.557603627051334705e-01 7.678032438246091829e-01
3.026273947281562515e-01 4.106351592941763773e-01 0.000000000000000000e+00 4.548408060757415106e-01 2.543258277348840468e-01 2.588645470298318041e-01 6.091248208070461079e-01 5.704999809811635014e-01 3.443991567495796602e-02 5.860012014155548954e-01 6.509856952041541689e-01 6.662757352360336727e-01 6.707910431968766574e-01 4.157026292257993694e-01 9.758754471142028208e-02 4.964273019735626624e-01 5.681108110491520646e-01 8.209605763738867523e-01 6.940353185567986749e-01 5.261106315442112269e-01 7.283941294138935874e-01 7.175447443331461894e-01 6.088413597112607434e-01 3.427143716320927291e-01 4.347205809934370224e-01 8.824108963980744624e-01 5.070304496690132279e-01 5.338877845460712201e-01 7.806348410897010481e-01 3.557692634670455711e-01 3.468544644285589951e-01 9.707829054909196120e-01 5.464743357246302224e-01 7.744232871372640492e-01 7.223359569360856547e-01
4.470105030898021692e-01 6.664376241498504161e-01 4.548408060757415106e-01 0.000000000000000000e+00 7.234193795283569983e-01 4.618312286979635584e-01 5.387911824746907108e-01 7.753824337146091317e-01 6.900299311159354687e-01 3.070367533837874419e-01 3.118774839788397424e-01 4.959051902340037010e-01 4.219119070664583138e-01 4.313448445372481399e-01 7.337677831584801247e-01 1.186087603104332144e-01 7.680667161544412203e-01 7.195533015379027564e-01 8.355818345339935949e-01 4.807585961915488704e-01 4.722612782780900575e-01 4.864391075438899703e-01 4.717291714501616329e-01 6.770316659611628207e-01 5.279587486641450500e-01 1.571781821388569256e-01 1.083233652984558759e-01 8.430964111970424835e-01 6.234904776544913929e-01 7.093262370674441319e-01 8.503942853925281486e-01 6.615356040630664403e-01 4.380864666405033803e-01 6.235362435799234326e-01 7.690910591272215324e-02
5.580320341737839973e-01 6.691689009860442017e-01 2.543258277348840468e-01 7.234193795283569983e-01 0.000000000000000000e+00 6.493982302374390336e-01 5.862335831886429371e-01 6.813526334188064748e-01 5.708509456149670758e-01 5.074710373471726932e-01 7.758421776333457309e-01 4.830327296952274252e-01 5.383963086723270175e-01 3.804218744257471529e-01 6.091029420332063626e-01 2.314402443430018108e-01 6.452097354491592718e-01 1.852413593113013679e-01 7.850621409543299123e-01 4.552557555895646590e-01 5.258354584598762260e-01 5.727207465220938154e-01 8.152496404481172076e-01 5.456034486488569035e-01 4.603458356359675929e-01 6.648375302508569007e-01 4.675456522963376549e-01 8.935788325409403932e-01 1.290369663623728291e-01 6.475576900955748449e-01 2.693221524823636859e-01 7.997298255124354327e-01 6.984704295585656419e-01 5.326528559841007260e-01 5.405440208684276771e-01
5.278287892717972163e-01 4.931784943983649194e-01 2.588645470298318041e-01 4.618312286979635584e-01 6.493982302374390336e-01 0.000000000000000000e+00 4.846296901835378534e-01 8.590273922188605971e-01 3.802761001947967401e-01 4.694398295230056140e-01 8.518064264933324914e-01 2.942849005059952061e-01 3.997641381869190824e-01 2.076743570528528648e-01 8.807199351777492691e-01 6.119837306632046614e-01 7.885264606336733761e-01 1.939002205684125513e-01 2.832670359105535773e-01 8.097847557637740668e-01 2.468541770155243120e-01 1.030578743595510494e-01 5.594412501756641509e-01 5.581453215241609644e-01 7.853793092542333820e-01 3.059111317629558680e-01 6.576519318365252609e-01 9.219159107271419629e-01 7.339836137685407103e-01 1.781389537733446549e-01 5.351115013469259774e-01 5.414751046436085957e-01 1.856492261824428391e-01 2.914575666294013656e-01 2.123792078585668985e-01
4.724519811419478077e-01 6.816895291183681094e-01 6.091248208070461079e-01 5.387911824746907108e-01 5.862335831886429371e-01 4.846296901835378534e-01 0.000000000000000000e+00 7.112165822676317362e-01 4.570572178961640475e-02 6.516266727162610684e-01 4.562445981591670696e-01 1.895191649156870994e-01 3.566662071675352763e-01 8.148743951991801460e-01 1.391486432113082650e-01 4.594169395486252805e-01 8.874537651667206983e-01 9.204217100269523888e-02 5.072955630458161336e-01 4.374433302553733527e-01 4.514178682244007756e-01 8.285981422203836377e-02 4.452631988187612522e-01 5.142058791835765197e-01 4.698149189664038161e-01 2.595242941938125658e-01 4.934925786784878921e-01 5.851803864039181180e-01 4.830530664415063624e-01 4.950269542793447330e-01 8.956057531717336317e-01 5.598977808825208458e-01 2.687076735025961671e-01 4.825401074349881525e-01 6.128051095278409521e-01
5.412314326822746935e-01 4.301060604777123819e-01 5.704999809811635014e-01 7.753824337146091317e-01 6.813526334188064748e-01 8.590273922188605971e-01 7.112165822676317362e-01 0.000000000000000000e+00 5.528969366194598223e-01 4.261246843117903471e-01 1.777402770376467767e-01 2.066000827916036897e-01 3.162381821567338269e-01 2.858611503715614566e-01 2.275504768499764241e-01 5.077974028400156215e-01 8.674247895776965311e-01 9.636893543956007724e-01 4.713387181131541426e-01 6.150987600758736074e-01 4.687378326931229133e-01 8.705218941477116390e-01 7.375247337823997995e-01 6.251897019941252687e-01 6.159059237029197442e-01 7.666510335522263020e-01 6.103953303249411988e-01 8.045969354494135750e-01 4.211494403312290302e-01 4.519058732195611605e-01 2.122709500390288495e-01 5.788563625432091575e-01 8.287912953115582626e-01 8.139532499502835083e-01 2.910403677000118483e-01
3.921770624874320599e-01 2.828492196743017661e-01 3.443991567495796602e-02 6.900299311159354687e-01 5.708509456149670758e-01 3.802761001947967401e-01 4.570572178961640475e-02 5.528969366194598223e-01 0.000000000000000000e+00 8.699183249124540218e-01 4.048986567470297948e-01 5.418955594532637310e-01 5.507865256799608922e-01 3.862772903099651045e-01 3.829532638217553187e-01 6.447384341309594369e-01 7.655186385932738480e-01 5.292814034967479042e-01 5.028282581041511046e-01 3.914219036606351176e-01 3.824072090684100811e-01 5.118109004226408798e-01 9.482525984353229465e-01 2.621301619411217088e-01 7.383713981741568677e-01 7.432583395067138277e-01 8.433800364890066126e-01 5.945177302867118430e-01 1.654381298084444119e-01 2.140912714357829927e-01 7.906196159003557877e-01 3.890424405560081178e-01 2.004336441843241889e-01 5.604861769860236542e-02 4.873579414990594771e-01
8.758414220742900547e-01 8.632991269446803617e-01 5.860012014155548954e-01 3.070367533837874419e-01 5.074710373471726932e-01 4.694398295230056140e-01 6.516266727162610684e-01 4.261246843117903471e-01 8.699183249124540218e-01 0.000000000000000000e+00 4.693286354582844599e-01 7.331681957228992630e-01 5.052457092958746454e-01 6.699499290303305710e-01 1.471697635608956167e-01 8.741588922443255250e-01 6.841339189090969164e-01 2.237632061263564176e-01 6.341883661667897520e-01 5.221807363221500076e-01 7.577594273876347986e-01 7.610574206238948092e-01 9.056352766724169445e-01 2.823679781090921437e-01 7.579098073421330906e-01 8.151310603197785554e-01 4.364167534679883609e-01 4.021947938883196905e-02 6.655532124536878147e-02 4.642754400709098728e-01 3.309285395702740162e-01 5.925723618273597282e-01 8.154730915828743987e-01 4.752398349745722284e-01 7.575068005305878316e-01
4.101825742487222315e-01 4.451584019293163275e-01 6.509856952041541689e-01 3.118774839788397424e-01 7.758421776333457309e-01 8.518064264933324914e-01 4.562445981591670696e-01 1.777402770376467767e-01 4.048986567470297948e-01 4.693286354582844599e-01 0.000000000000000000e+00 4.641586373307232671e-01 5.898498821602448094e-01 1.258976965581054541e-01 8.789092136856158088e-01 3.716033582200588548e-01 6.879904811077002247e-01 3.763357670791153131e-01 5.770300416809595045e-01 2.771448876708286768e-01 4.500405177543653212e-01 3.431197841686892680e-01 6.434039666273994040e-01 7.763063404612813301e-01 7.406456866526284211e-01 6.744744488867092658e-01 6.345115922690461874e-01 4.503540255426444761e-01 3.046713711818289649e-01 5.627669771198826609e-01 3.573596789027181364e-01 1.339675436988374546e-01 6.221269060115839356e-01 5.728681569662289474e-01 2.567505210708742602e-01
2.731205767430892051e-01 8.799807457454436044e-01 6.662757352360336727e-01 4.959051902340037010e-01 4.830327296952274252e-01 2.942849005059952061e-01 1.895191649156870994e-01 2.066000827916036897e-01 5.418955594532637310e-01 7.331681957228992630e-01 4.641586373307232671e-01 0.000000000000000000e+00 8.256656563931880077e-01 3.884424020610717232e-01 4.539053226649142347e-01 3.986931352025615549e-01 5.009010861960830896e-01 1.453577473960794286e-01 8.944931015457255885e-01 4.415227241355479393e-01 3.811587114785935926e-01 4.840936023755356143e-01 5.127027485176816057e-01 5.649726713076652640e-01 2.376014618811036483e-01 6.254478901553668369e-01 6.759883338161873922e-01 3.273990515376034027e-01 4.096216113474944742e-01 3.878596823590042542e-01 7.381672621053307903e-01 5.758226914961190879e-01 4.428920535810387804e-01 5.779720165133728216e-02 9.511756194697031930e-01
5.049417837050960145e-01 3.225954882691159931e-01 6.707910431968766574e-01 4.219119070664583138e-01 5.383963086723270175e-01 3.997641381869190824e-01 3.566662071675352763e-01 3.162381821567338269e-01 5.507865256799608922e-01 5.052457092958746454e-01 5.898498821602448094e-01 8.256656563931880077e-01 0.000000000000000000e+00 8.064313467727617368e-01 1.355424660685287108e-01 5.632435036278637952e-01 4.818888886718515341e-01 5.604206630320658356e-01 7.551743086276530015e-01 1.503468448753729758e-01 8.383986420507101300e-01 1.944871304082770869e-01 3.945039349753127755e-01 9.119661218754657739e-01 4.782298929435525592e-01 7.504702554089476285e-01 8.155921988004675161e-01 1.333603505685633239e-01 6.703936493833314580e-01 4.094892818544666468e-01 1.598961658262196828e-01 6.846159860530190988e-01 5.272930312163683908e-01 8.565285915216318546e-01 2.862277972683696659e-01
6.753691080600018326e-01 5.617145326145602802e-01 4.157026292257993694e-01 4.313448445372481399e-01 3.804218744257471529e-01 2.076743570528528648e-01 8.148743951991801460e-01 2.858611503715614566e-01 3.862772903099651045e-01 6.699499290303305710e-01 1.258976965581054541e-01 3.884424020610717232e-01 8.064313467727617368e-01 0.000000000000000000e+00 8.091854091108159341e-01 1.401832790350423519e-01 5.940773886909140877e-01 4.649163034644870351e-01 6.967043640991694708e-01 4.074598894731311094e-01 1.538545779956210779e-01 4.309250620503668472e-01 3.624142817565810804e-01 2.139329869121693317e-01 3.277960526647269446e-01 4.683030923470541396e-01 7.864618741864868312e-01 4.068952044511608968e-01 3.197584849617597369e-01 5.527678382754133146e-01 8.106074226726056597e-01 5.846901276492644239e-01 3.310800635282523108e-01 2.637542019592169495e-01 9.329668162065647419e-01
2.234555432493309790e-01 6.496977495531529589e-01 9.758754471142028208e-02 7.337677831584801247e-01 6.091029420332063626e-01 8.807199351777492691e-01 1.391486432113082650e-01 2.275504768499764241e-01 3.829532638217553187e-01 1.471697635608956167e-01 8.789092136856158088e-01 4.539053226649142347e-01 1.355424660685287108e-01 8.091854091108159341e-01 0.000000000000000000e+00 3.812506026871869125e-01 5.140123912961692687e-01 3.324279082523692308e-01 4.965845251389225945e-01 4.897057936489363494e-01 2.225272571315531911e-01 3.317970210664324404e-01 6.184200810805443593e-01 4.208237732544265475e-01 5.194362055750396667e-01 9.797183916099885259e-01 8.469507744592005283e-01 8.641656012086191829e-01 6.133566988501533146e-01 5.581967628147121996e-01 1.548321998989178327e-01 4.633300794094861730e-01 6.001341020232791035e-01 3.437904563050375728e-02 9.978390676169718310e-02
2.933957421334972837e-01 7.225688755965744559e-01 4.964273019735626624e-01 1.186087603104332144e-01 2.314402443430018108e-01 6.119837306632046614e-01 4.594169395486252805e-01 5.077974028400156215e-01 6.447384341309594369e-01 8.741588922443255250e-01 3.716033582200588548e-01 3.986931352025615549e-01 5.632435036278637952e-01 1.401832790350423519e-01 3.812506026871869125e-01 0.000000000000000000e+00 5.549596223073191004e-01 7.268489335754575453e-01 4.930000561060605135e-01 2.480037105979550627e-01 8.590252766044401689e-01 1.605848937818032951e-01 2.899999798720775956e-01 1.596804728565128784e-01 6.444064425251528894e-01 4.173287619456743647e-01 3.318743581546149679e-01 4.453457774621984999e-01 3.756836676294130206e-01 6.203087011238416215e-01 8.986079027421909338e-01 7.564048168070055533e-01 5.916103293779955141e-01 5.050965012501983376e-01 5.779076311701685231e-01
4.629981802761105603e-01 4.288527988709428529e-01 5.681108110491520646e-01 7.680667161544412203e-01 6.452097354491592718e-01 7.885264606336733761e-01 8.874537651667206983e-01 8.674247895776965311e-01 7.655186385932738480e-01 6.841339189090969164e-01 6.879904811077002247e-01 5.009010861960830896e-01 4.818888886718515341e-01 5.940773886909140877e-01 5.140123912961692687e-01 5.549596223073191004e-01 0.000000000000000000e+00 4.774091406060386733e-01 4.009883937094148587e-01 6.372795423279922211e-01 5.539988749224579179e-01 3.865708662837027410e-01 9.472236697884479639e-01 8.721916478776428061e-01 2.192526309752639846e-01 5.321257735856095294e-01 2.408465668057253595e-01 4.905561958145276957e-01 5.159566550382996830e-01 6.050486462960622536e-01 3.408213584496795345e-01 5.790818647398146002e-01 5.401960340035513175e-01 1.535932772448937444e-01 3.602289188611760284e-01
1.642841586341413640e-01 6.083786418864296497e-01 8.209605763738867523e-01 7.195533015379027564e-01 1.852413593113013679e-01 1.939002205684125513e-01 9.204217100269523888e-02 9.636893543956007724e-01 5.292814034967479042e-01 2.237632061263564176e-01 3.763357670791153131e-01 1.453577473960794286e-01 5.604206630320658356e-01 4.649163034644870351e-01 3.324279082523692308e-01 7.268489335754575453e-01 4.774091406060386733e-01 0.000000000000000000e+00 4.501885727264277604e-01 1.533868936937526906e-01 8.375504090580410121e-01 7.796105215026594148e-01 2.549937358230345286e-01 2.412544464338963746e-01 5.137440662506134181e-01 9.875997187283436229e-02 7.639458000539558480e-01 3.770571849466330949e-01 5.286703542156021562e-01 7.979742396890756595e-01 3.867623267052890945e-01 7.723675642958668375e-01 1.903186528452150972e-01 6.412656272049317430e-01 6.734558055927073461e-01
9.320891383771097161e-01 5.378038743566716517e-01 6.940353185567986749e-01 8.355818345339935949e-01 7.850621409543299123e-01 2.832670359105535773e-01 5.072955630458161336e-01 4.713387181131541426e-01 5.028282581041511046e-01 6.341883661667897520e-01 5.770300416809595045e-01 8.944931015457255885e-01 7.551743086276530015e-01 6.967043640991694708e-01 4.965845251389225945e-01 4.930000561060605135e-01 4.009883937094148587e-01 4.501885727264277604e-01 0.000000000000000000e+00 5.012416986951555575e-01 6.803484370740420228e-01 6.065668564607136215e-01 9.031568682943401649e-01 4.254063129280414302e-01 8.766099276522776318e-02 8.260608969048022221e-02 8.809431221045265215e-01 5.505811917533812716e-01 7.458044519115047954e-01 4.588260110890640675e-02 6.009483565630853175e-01 5.663494698615607614e-01 6.610684631423300317e-01 8.232832649643315737e-01 7.175023036221781503e-01
4.948376290432518476e-01 6.756277801939447603e-01 5.261106315442112269e-01 4.807585961915488704e-01 4.552557555895646590e-01 8.097847557637740668e-01 4.374433302553733527e-01 6.150987600758736074e-01 3.914219036606351176e-01 5.221807363221500076e-01 2.771448876708286768e-01 4.415227241355479393e-01 1.503468448753729758e-01 4.074598894731311094e-01 4.897057936489363494e-01 2.480037105979550627e-01 6.372795423279922211e-01 1.533868936937526906e-01 5.012416986951555575e-01 0.000000000000000000e+00 4.623143093762636102e-01 9.119025049752127465e-02 6.635416584700633003e-01 5.232721820953870617e-01 5.318437494619328021e-01 5.482802829891972873e-01 1.167495145113816024e-01 5.413457826149702390e-01 9.417222197563098751e-01 3.883338736040321537e-01 6.670930182202483572e-01 5.271956508755144544e-01 4.409950263205041354e-01 3.737185312329893150e-01 2.263791583910231831e-01
3.407523383581313459e-01 4.835806266941792275e-01 7.283941294138935874e-01 4.722612782780900575e-01 5.258354584598762260e-01 2.468541770155243120e-01 4.514178682244007756e-01 4.687378326931229133e-01 3.824072090684100811e-01 7.577594273876347986e-01 4.500405177543653212e-01 3.811587114785935926e-01 8.383986420507101300e-01 1.538545779956210779e-01 2.225272571315531911e-01 8.590252766044401689e-01 5.539988749224579179e-01 8.375504090580410121e-01 6.803484370740420228e-01 4.623143093762636102e-01 0.000000000000000000e+00 6.482323490108162778e-01 4.925990806289176072e-01 5.143594073419182067e-01 8.935565412205874747e-01 3.360148868033377978e-01 3.658806034089859827e-01 4.214065275733413496e-01 6.042304337560602256e-01 6.102087339575046343e-01 4.057325012075208015e-01 2.424254199551179045e-02 6.535638966676680095e-01 2.386841724928804309e-01 8.114688473405937685e-01
4.921522344573269203e-01 9.275351052633895588e-02 7.175447443331461894e-01 4.864391075438899703e-01 5.727207465220938154e-01 1.030578743595510494e-01 8.285981422203836377e-02 8.705218941477116390e-01 5.118109004226408798e-01 7.610574206238948092e-01 3.431197841686892680e-01 4.840936023755356143e-01 1.944871304082770869e-01 4.309250620503668472e-01 3.317970210664324404e-01 1.605848937818032951e-01 3.865708662837027410e-01 7.796105215026594148e-01 6.065668564607136215e-01 9.119025049752127465e-02 6.482323490108162778e-01 0.000000000000000000e+00 6.109319196834943622e-01 4.761184694704828080e-01 9.844289403722392695e-01 6.945424409785536657e-01 6.990235231725627774e-01 4.310067663707338181e-01 5.531862789395944890e-01 7.094462515380539624e-02 1.300718921150884055e-01 6.090644430652453201e-01 5.190969987149958165e-01 4.045928523155697953e-01 3.463187285840755303e-01
4.630610003215137604e-01 4.170932139938837713e-01 6.088413597112607434e-01 4.717291714501616329e-01 8.152496404481172076e-01 5.594412501756641509e-01 4.452631988187612522e-01 7.375247337823997995e-01 9.482525984353229465e-01 9.056352766724169445e-01 6.434039666273994040e-01 5.127027485176816057e-01 3.945039349753127755e-01 3.624142817565810804e-01 6.184200810805443593e-01 2.899999798720775956e-01 9.472236697884479639e-01 2.549937358230345286e-01 9.031568682943401649e-01 6.635416584700633003e-01 4.925990806289176072e-01 6.109319196834943622e-01 0.000000000000000000e+00 6.206128412609355216e-01 4.253702523608752228e-01 4.838823488510294868e-01 4.120379161492971898e-01 6.073086563570175844e-01 4.160751512364671556e-01 7.743407267541495553e-01 6.165682331186445042e-01 4.647612403690273841e-01 3.212656844675447765e-01 1.804905483183636417e-01 5.344897586522212585e-01
3.077209418819433218e-01 2.206269379717026302e-01 3.427143716320927291e-01 6.770316659611628207e-01 5.456034486488569035e-01 5.581453215241609644e-01 5.142058791835765197e-01 6.251897019941252687e-01 2.621301619411217088e-01 2.823679781090921437e-01 7.763063404612813301e-01 5.649726713076652640e-01 9.119661218754657739e-01 2.139329869121693317e-01 4.208237732544265475e-01 1.596804728565128784e-01 8.721916478776428061e-01 2.412544464338963746e-01 4.254063129280414302e-01 5.232721820953870617e-01 5.143594073419182067e-01 4.761184694704828080e-01 6.206128412609355216e-01 0.000000000000000000e+00 5.871689473803785031e-01 1.758926219344194575e-01 3.462953969598578929e-01 2.478523449543019452e-01 6.483856458494609010e-01 9.079868655007634626e-01 1.069486620584900183e-01 5.174865459197970363e-01 1.156392248463452566e-01 7.510337235294580749e-01 3.671781758807332041e-01
6.736349477653762463e-01 4.204767252575098979e-01 4.347205809934370224e-01 5.279587486641450500e-01 4.603458356359675929e-01 7.853793092542333820e-01 4.698149189664038161e-01 6.159059237029197442e-01 7.383713981741568677e-01 7.579098073421330906e-01 7.406456866526284211e-01 2.376014618811036483e-01 4.782298929435525592e-01 3.277960526647269446e-01 5.194362055750396667e-01 6.444064425251528894e-01 2.192526309752639846e-01 5.137440662506134181e-01 8.766099276522776318e-02 5.318437494619328021e-01 8.935565412205874747e-01 9.844289403722392695e-01 4.253702523608752228e-01 5.871689473803785031e-01 0.000000000000000000e+00 5.117953401602058916e-01 6.795945142811492534e-01 7.369628503452783086e-01 3.938000215407098104e-01 5.759899829268355642e-01 7.190341038666987483e-01 5.030711955354720821e-01 4.719300118330621019e-01 4.700228268267167553e-01 2.930109764640456138e-01
5.495934145914851410e-01 3.909958236957333799e-01 8.824108963980744624e-01 1.571781821388569256e-01 6.648375302508569007e-01 3.059111317629558680e-01 2.595242941938125658e-01 7.666510335522263020e-01 7.432583395067138277e-01 8.151310603197785554e-01 6.744744488867092658e-01 6.254478901553668369e-01 7.504702554089476285e-01 4.683030923470541396e-01 9.797183916099885259e-01 4.173287619456743647e-01 5.321257735856095294e-01 9.875997187283436229e-02 8.260608969048022221e-02 5.482802829891972873e-01 3.360148868033377978e-01 6.945424409785536657e-01 4.838823488510294868e-01 1.758926219344194575e-01 5.117953401602058916e-01 0.000000000000000000e+00 1.774165628970628683e-01 7.367525350542212248e-01 5.399289907461779503e-01 8.080346449428498223e-01 7.902427390489932257e-01 6.410123353265229085e-01 5.048078387751905316e-01 5.151297426115013511e-01 3.535356764586869427e-01
6.727604786919956226e-01 7.599877226383338069e-01 5.070304496690132279e-01 1.083233652984558759e-01 4.675456522963376549e-01 6.576519318365252609e-01 4.934925786784878921e-01 6.103953303249411988e-01 8.433800364890066126e-01 4.364167534679883609e-01 6.345115922690461874e-01 6.759883338161873922e-01 8.155921988004675161e-01 7.864618741864868312e-01 8.469507744592005283e-01 3.318743581546149679e-01 2.408465668057253595e-01 7.639458000539558480e-01 8.809431221045265215e-01 1.167495145113816024e-01 3.658806034089859827e-01 6.990235231725627774e-01 4.120379161492971898e-01 3.462953969598578929e-01 6.795945142811492534e-01 1.774165628970628683e-01 0.000000000000000000e+00 6.033317265096740378e-01 6.974862788482636411e-01 5.125541263336881315e-01 1.947575309543051469e-01 6.389392359742782634e-01 5.900221524505344650e-01 1.445644733985728680e-01 6.691045259151291447e-01
6.123253474755361303e-01 6.437107467020775076e-01 5.338877845460712201e-01 8.430964111970424835e-01 8.935788325409403932e-01 9.219159107271419629e-01 5.851803864039181180e-01 8.045969354494135750e-01 5.945177302867118430e-01 4.021947938883196905e-02 4.503540255426444761e-01 3.273990515376034027e-01 1.333603505685633239e-01 4.068952044511608968e-01 8.641656012086191829e-01 4.453457774621984999e-01 4.905561958145276957e-01 3.770571849466330949e-01 5.505811917533812716e-01 5.413457826149702390e-01 4.214065275733413496e-01 4.310067663707338181e-01 6.073086563570175844e-01 2.478523449543019452e-01 7.369628503452783086e-01 7.367525350542212248e-01 6.033317265096740378e-01 0.000000000000000000e+00 3.021814704398694262e-01 3.808456667163644394e-01 5.381765625242902473e-01 3.709307319764506561e-01 4.831329331115711279e-01 3.751177907908079256e-01 3.120349988637778349e-01
6.447190282590280486e-01 5.437438018107140225e-01 7.806348410897010481e-01 6.234904776544913929e-01 1.290369663623728291e-01 7.339836137685407103e-01 4.830530664415063624e-01 4.211494403312290302e-01 1.654381298084444119e-01 6.655532124536878147e-02 3.046713711818289649e-01 4.096216113474944742e-01 6.703936493833314580e-01 3.197584849617597369e-01 6.133566988501533146e-01 3.756836676294130206e-01 5.159566550382996830e-01 5.286703542156021562e-01 7.458044519115047954e-01 9.417222197563098751e-01 6.042304337560602256e-01 5.531862789395944890e-01 4.160751512364671556e-01 6.483856458494609010e-01 3.938000215407098104e-01 5.399289907461779503e-01 6.974862788482636411e-01 3.021814704398694262e-01 0.000000000000000000e+00 7.754285485327137017e-01 1.269224928598094992e-01 6.229319178931328471e-01 4.886803064159105370e-01 4.281497054055312113e-01 7.625320623643412343e-01
3.469066250220839143e-01 1.358216582802987960e-01 3.557692634670455711e-01 7.093262370674441319e-01 6.475576900955748449e-01 1.781389537733446549e-01 4.950269542793447330e-01 4.519058732195611605e-01 2.140912714357829927e-01 4.642754400709098728e-01 5.627669771198826609e-01 3.878596823590042542e-01 4.094892818544666468e-01 5.527678382754133146e-01 5.581967628147121996e-01 6.203087011238416215e-01 6.050486462960622536e-01 7.979742396890756595e-01 4.588260110890640675e-02 3.883338736040321537e-01 6.102087339575046343e-01 7.094462515380539624e-02 7.743407267541495553e-01 9.079868655007634626e-01 5.759899829268355642e-01 8.080346449428498223e-01 5.125541263336881315e-01 3.808456667163644394e-01 7.754285485327137017e-01 0.000000000000000000e+00 5.450587972181649699e-01 4.476095292170870765e-01 6.928959677426148600e-01 3.684162177588081177e-01 6.484425991201353545e-01
3.932786855625148292e-01 1.945364006098886378e-01 3.468544644285589951e-01 8.503942853925281486e-01 2.693221524823636859e-01 5.351115013469259774e-01 8.956057531717336317e-01 2.122709500390288495e-01 7.906196159003557877e-01 3.309285395702740162e-01 3.573596789027181364e-01 7.381672621053307903e-01 1.598961658262196828e-01 8.106074226726056597e-01 1.548321998989178327e-01 8.986079027421909338e-01 3.408213584496795345e-01 3.867623267052890945e-01 6.009483565630853175e-01 6.670930182202483572e-01 4.057325012075208015e-01 1.300718921150884055e-01 6.165682331186445042e-01 1.069486620584900183e-01 7.190341038666987483e-01 7.902427390489932257e-01 1.947575309543051469e-01 5.381765625242902473e-01 1.269224928598094992e-01 5.450587972181649699e-01 0.000000000000000000e+00 7.023272557930613225e-01 5.699469154379948055e-01 5.169505486318310972e-01 7.289569672850579884e-01
6.396007072637890367e-01 9.055766669470051156e-01 9.707829054909196120e-01 6.615356040630664403e-01 7.997298255124354327e-01 5.414751046436085957e-01 5.598977808825208458e-01 5.788563625432091575e-01 3.890424405560081178e-01 5.925723618273597282e-01 1.339675436988374546e-01 5.758226914961190879e-01 6.846159860530190988e-01 5.846901276492644239e-01 4.633300794094861730e-01 7.564048168070055533e-01 5.790818647398146002e-01 7.723675642958668375e-01 5.663494698615607614e-01 5.271956508755144544e-01 2.424254199551179045e-02 6.090644430652453201e-01 4.647612403690273841e-01 5.174865459197970363e-01 5.030711955354720821e-01 6.410123353265229085e-01 6.389392359742782634e-01 3.709307319764506561e-01 6.229319178931328471e-01 4.476095292170870765e-01 7.023272557930613225e-01 0.000000000000000000e+00 6.078049156783547069e-01 1.024602058151863893e-01 1.075093167864550336e-01
2.008140596323118587e-01 1.699588283563171487e-01 5.464743357246302224e-01 4.380864666405033803e-01 6.984704295585656419e-01 1.856492261824428391e-01 2.687076735025961671e-01 8.287912953115582626e-01 2.004336441843241889e-01 8.154730915828743987e-01 6.221269060115839356e-01 4.428920535810387804e-01 5.272930312163683908e-01 3.310800635282523108e-01 6.001341020232791035e-01 5.916103293779955141e-01 5.401960340035513175e-01 1.903186528452150972e-01 6.610684631423300317e-01 4.409950263205041354e-01 6.535638966676680095e-01 5.190969987149958165e-01 3.212656844675447765e-01 1.156392248463452566e-01 4.719300118330621019e-01 5.048078387751905316e-01 5.900221524505344650e-01 4.831329331115711279e-01 4.886803064159105370e-01 6.928959677426148600e-01 5.699469154379948055e-01 6.078049156783547069e-01 0.000000000000000000e+00 4.289084290755952322e-01 2.602897860014362630e-01
5.678376361555124152e-01 7.557603627051334705e-01 7.744232871372640492e-01 6.235362435799234326e-01 5.326528559841007260e-01 2.914575666294013656e-01 4.825401074349881525e-01 8.139532499502835083e-01 5.604861769860236542e-02 4.752398349745722284e-01 5.728681569662289474e-01 5.779720165133728216e-02 8.565285915216318546e-01 2.637542019592169495e-01 3.437904563050375728e-02 5.050965012501983376e-01 1.535932772448937444e-01 6.412656272049317430e-01 8.232832649643315737e-01 3.737185312329893150e-01 2.386841724928804309e-01 4.045928523155697953e-01 1.804905483183636417e-01 7.510337235294580749e-01 4.700228268267167553e-01 5.151297426115013511e-01 1.445644733985728680e-01 3.751177907908079256e-01 4.281497054055312113e-01 3.684162177588081177e-01 5.169505486318310972e-01 1.024602058151863893e-01 4.289084290755952322e-01 0.000000000000000000e+00 4.217069838799453740e-01
5.053672806508701099e-01 7.678032438246091829e-01 7.223359569360856547e-01 7.690910591272215324e-02 5.405440208684276771e-01 2.123792078585668985e-01 6.128051095278409521e-01 2.910403677000118483e-01 4.873579414990594771e-01 7.575068005305878316e-01 2.567505210708742602e-01 9.511756194697031930e-01 2.862277972683696659e-01 9.329668162065647419e-01 9.978390676169718310e-02 5.779076311701685231e-01 3.602289188611760284e-01 6.734558055927073461e-01 7.175023036221781503e-01 2.263791583910231831e-01 8.114688473405937685e-01 3.463187285840755303e-01 5.344897586522212585e-01 3.671781758807332041e-01 2.930109764640456138e-01 3.535356764586869427e-01 6.691045259151291447e-01 3.120349988637778349e-01 7.625320623643412343e-01 6.484425991201353545e-01 7.289569672850579884e-01 1.075093167864550336e-01 2.602897860014362630e-01 4.217069838799453740e-01 0.000000000000000000e+00
