0.000000000000000000e+00 4.421261984466889894e-01 8.833051278648575977e-01 9.270488802775861403e-01 3.725686243812436071e-01 4.179712218722825279e-01 6.003887886114170902e-01 5.258420425098939699e-01 6.007947404520377344e-01 3.654318069206490827e-01 6.749285360500827391e-01 7.162753848173135651e-01 7.872692755393834174e-01 3.012804227818824954e-01 7.246270417792616270e-01 9.084004379646789529e-01 4.394739503251580137e-01 1.666205485465299674e-01 1.137901257390921961e-01 9.013403555970631587e-01 8.935657752044464663e-01 7.025786528159814193e-01 5.473361876938911408e-01 5.267064383833515162e-01 8.873165503511358798e-01 5.038877287307316211e-01 4.772031968413463776e-01 3.332354166071864743e-01 2.357804404396662279e-01 4.158555301480504340e-02 7.063592283444908304e-01 5.101317857642755360e-01 7.074060045945113062e-01 7.945995098022410330e-01 7.383131117148931111e-01
4.421261984466889894e-01 0.000000000000000000e+00 6.933654589290026982e-01 1.453202077543519488e-01 4.368961903688020065e-01 4.500296187395854686e-01 5.206690901428390195e-01 2.625994442307043597e-01 5.513454291902291082e-01 8.002065636145878624e-01 5.384442935941428088e-01 3.265624372827307109e-01 5.172674710959392907e-01 4.008187942046897989e-01 4.646558991587694254e-01 5.269912383083288354e-01 3.966155902127278532e-01 3.094556847321187631e-01 5.643284040194236351e-01 4.295537119892395284e-01 6.873277518536529129e-01 5.480334229206054175e-01 4.522718428127464052e-01 7.582102562995565176e-01 3.756187111148623914e-01 2.348330969309443406e-01 3.899503285044445544e-01 9.055896898108370952e-01 5.650610938557817375e-01 4.489002334297493846e-01 4.518140195298265827e-01 4.703714457025500728e-01 1.647492670851121721e-01 6.025543485762345775e-01 5.196186819780822530e-01
8.833051278648575977e-01 6.933654589290026982e-01 0.000000000000000000e+00 5.823989155536148932e-01 1.739788357559856058e-01 3.804584094479495082e-01 5.084453318172542646e-01 8.852204389486985070e-01 5.958512626497999287e-01 4.222467868415261116e-01 4.680541831155545784e-01 2.623140363174460976e-01 4.677773305465243170e-01 5.579272292520653931e-01 4.666186920935671556e-01 1.042641760381360916e-01 2.647877111176464293e-01 4.865260568196301261e-01 7.113962989223707734e-01 1.356429696846839228e-01 7.727747855206004157e-01 4.803893646690871044e-01 3.907708798613398482e-01 4.593862456415880313e-01 5.201845112599972065e-01 3.072555727323479924e-01 4.117671438885416313e-01 7.056949660556764981e-01 2.672163739566990603e-01 4.152978879780858112e-01 3.790163003539344100e-01 4.135978330345631004e-01 4.143345472183515010e-01 5.244230353390491040e-01 2.177519702342745056e-02
9.270488802775861403e-01 1.453202077543519488e-01 5.823989155536148932e-01 0.000000000000000000e+00 1.631139702010262482e-01 3.704203217675428594e-01 5.319449805150245902e-01 3.651329682077120165e-02 3.604243689611861257e-01 4.006209484287881484e-02 7.500107506187283501e-01 7.653173547444613867e-01 4.284688689839727949e-01 5.044418548904209265e-01 6.592909752823543634e-01 5.006061956329969087e-01 4.418020083064225778e-01 5.589871637991883357e-01 6.223918656479520140e-01 5.187763783911806259e-01 4.512698558778324709e-01 7.188975856497732408e-01 9.153233680020387286e-01 5.045925685637394631e-01 7.513992111698527543e-01 7.985258229053049384e-01 6.782130800988248609e-01 3.930080272997704682e-01 4.155784817097724626e-01 6.096210792321080651e-01 3.130644579698429464e-01 7.390067310650070276e-01 6.890910307144959557e-02 8.078633851679868361e-01 5.043863968643993445e-01
3.725686243812436071e-01 4.368961903688020065e-01 1.739788357559856058e-01 1.631139702010262482e-01 0.000000000000000000e+00 8.531069248413269968e-01 6.274079382157489171e-01 8.604557748347526624e-01 8.277171926882872510e-01 6.120701083174234780e-01 3.978735920260998427e-01 8.488257378671986153e-01 6.997149968981906110e-01 5.498598119900599546e-01 7.481978712690081634e-01 4.200299419753779073e-01 7.788450489980571767e-01 6.130007123708736128e-01 8.024713348504382004e-01 6.289469708100140499e-01 3.275686067693915904e-01 5.753364414105434088e-01 5.786758560911124949e-01 5.176929128009329917e-01 5.453765584237231234e-01 5.267766470704746684e-01 4.989251111128398808e-01 2.211250171030443301e-01 3.163619734562219676e-01 8.465651597324079791e-01 5.180357097082598505e-01 5.290179306349473976e-01 7.232421628418634896e-01 6.259965949630785786e-01 7.870670889028663630e-01
4.179712218722825279e-01 4.500296187395854686e-01 3.804584094479495082e-01 3.704203217675428594e-01 8.531069248413269968e-01 0.000000000000000000e+00 5.264782774042588986e-01 3.504971496732477987e-01 8.481884305421758530e-01 2.029446861079922670e-01 5.714608239668107492e-01 2.200969011295412781e-01 5.862674546809554244e-01 4.205016503195919131e-01 6.433591808825516178e-01 1.718052898972660669e-01 8.138289405714160818e-01 7.806357957388377899e-01 4.021345200310195711e-01 1.738543065555046008e-01 4.189458982594250758e-01 6.060451831484974239e-01 5.001434066197698591e-01 4.883980423378039282e-01 4.841083541393776946e-01 2.491508181313306647e-02 2.995607510978137711e-02 8.844583709241888858e-01 8.731543698170474155e-01 5.094722673397414914e-01 3.661131223920238154e-01 4.424493253705053530e-01 8.668480497616541935e-01 4.254377223258318796e-01 4.137490150612787576e-01
6.003887886114170902e-01 5.206690901428390195e-01 5.084453318172542646e-01 5.319449805150245902e-01 6.274079382157489171e-01 5.264782774042588986e-01 0.000000000000000000e+00 4.155376875011336235e-01 8.758926870524885722e-02 8.543258220749482268e-01 6.872402199297840131e-01 9.538909548560734475e-01 3.597300922836992321e-01 1.754805467634356075e-01 4.149374994304334541e-01 4.378347261123866074e-01 3.930303319848992283e-01 5.795241662771433155e-01 3.792148612035957100e-01 4.092335831542897040e-01 5.126151919246337840e-01 5.102673218496829310e-01 8.827037810162317033e-01 4.783976657595249704e-01 5.487039118885532751e-01 1.972484203041947604e-01 3.929407100461337343e-01 7.549052701952512212e-01 8.455167854968436147e-01 6.349295005255143343e-01 9.463283084236311371e-01 6.155581632641243806e-01 7.276307933909811343e-01 4.543366928135983418e-01 7.542513420985910155e-01
5.258420425098939699e-01 2.625994442307043597e-01 8.852204389486985070e-01 3.651329682077120165e-02 8.604557748347526624e-01 3.504971496732477987e-01 4.155376875011336235e-01 0.000000000000000000e+00 5.316008470298170252e-01 1.131547708023686871e-01 4.308193161240102542e-01 3.550452387858614722e-01 4.694954666328284842e-01 5.064917612266354174e-01 5.914475520355694238e-01 4.474804573092491244e-01 4.915932361397191142e-01 6.374176160218576470e-01 5.277449873206783160e-01 7.339538518583101911e-01 2.578933307717899415e-01 4.191228523821047824e-01 5.001691125420808515e-01 7.235314938613397473e-01 3.781813996776104969e-01 8.516209198836809380e-01 8.501939561369320497e-02 2.116803015468954330e-01 4.799976061742616817e-01 9.164387334619695791e-01 5.216166353852038640e-01 4.858212070738280319e-01 9.328262884760218920e-01 3.909499493213765553e-01 5.066379568972556591e-01
6.007947404520377344e-01 5.513454291902291082e-01 5.958512626497999287e-01 3.604243689611861257e-01 8.277171926882872510e-01 8.481884305421758530e-01 8.758926870524885722e-02 5.316008470298170252e-01 0.000000000000000000e+00 7.036606014753388205e-01 7.329421422114481555e-01 8.247628314242110292e-01 3.352552007091642583e-01 9.701519653768517770e-01 5.421513583196070352e-01 7.947658634583494308e-01 5.069092202316263229e-01 3.940818419981501064e-01 4.251030635339497210e-01 5.095179218685714773e-01 4.081584153366840106e-01 6.712442088528033368e-01 8.936036109655989268e-01 4.722520013761737356e-01 6.957898685091661317e-01 5.912432957145379309e-01 8.345156650879368421e-01 7.516201891562959148e-01 4.415148253962724034e-01 3.282748746102072124e-01 2.204875528098267923e-01 7.471724657092577715e-01 5.129504192333385060e-01 3.581748289875489322e-01 6.562383508366570473e-01
3.654318069206490827e-01 8.002065636145878624e-01 4.222467868415261116e-01 4.006209484287881484e-02 6.120701083174234780e-01 2.029446861079922670e-01 8.543258220749482268e-01 1.131547708023686871e-01 7.036606014753388205e-01 0.000000000000000000e+00 9.495963363155468517e-02 6.148543632291069150e-01 7.920111311800133169e-01 7.916882774494320429e-01 3.498094593250554718e-01 4.061622210448616599e-01 7.521344995309471315e-01 4.272880153878165221e-01 3.048168518506643720e-01 1.441524295377610843e-01 8.049118883042823969e-01 5.052032494413754016e-01 6.036946786802204201e-01 2.181109932432058196e-01 8.518339452833803005e-01 7.492066577518059489e-01 6.795308589089084084e-01 5.548468125306538212e-01 4.910685974439336077e-01 2.674761420212637408e-01 4.609240302944738743e-01 3.852624067422661391e-01 5.092436689116566217e-01 2.436013717810435741e-01 5.097354222204306673e-01
6.749285360500827391e-01 5.384442935941428088e-01 4.680541831155545784e-01 7.500107506187283501e-01 3.978735920260998427e-01 5.714608239668107492e-01 6.872402199297840131e-01 4.308193161240102542e-01 7.329421422114481555e-01 9.495963363155468517e-02 0.000000000000000000e+00 6.519310176044825766e-01 1.261008185906307144e-01 6.766106143815400209e-01 4.652571351413665734e-01 7.923904849238062598e-01 2.786849329647106410e-01 7.459893881676387117e-01 6.997366945843837005e-01 5.809883895158809430e-01 4.659271125787041168e-01 5.984537527675740654e-01 5.584645200361915141e-01 5.311843692106058556e-01 6.128392582186847903e-01 4.951655684202475038e-01 7.207970824524518871e-01 6.486485897456697458e-01 5.016318771631576023e-01 4.529515205558366508e-01 7.168880915205393389e-01 9.113745376877132598e-01 1.315330649131948304e-01 3.767316808145770857e-01 5.114385463173893864e-01
7.162753848173135651e-01 3.265624372827307109e-01 2.623140363174460976e-01 7.653173547444613867e-01 8.488257378671986153e-01 2.200969011295412781e-01 9.538909548560734475e-01 3.550452387858614722e-01 8.247628314242110292e-01 6.148543632291069150e-01 6.519310176044825766e-01 0.000000000000000000e+00 6.385233726005110633e-01 6.531034751256409310e-01 7.684102028977644050e-01 5.032478375200513110e-01 6.428995531256072038e-01 6.012171562829391469e-01 1.154614777263167635e-01 1.044519869976043847e-01 8.558652631079954887e-01 4.971399263286552239e-01 5.345027436238647400e-01 4.249018967403985769e-01 8.453959143911520258e-01 2.589544769899705390e-01 8.016935694538258605e-01 5.033045532031886760e-01 7.420712077152602504e-02 5.371267174402525324e-01 4.811308553407592226e-01 5.630422946340798429e-01 4.932067082653266432e-01 6.082055806771069495e-01 5.020022168163602583e-01
7.872692755393834174e-01 5.172674710959392907e-01 4.677773305465243170e-01 4.284688689839727949e-01 6.997149968981906110e-01 5.862674546809554244e-01 3.597300922836992321e-01 4.694954666328284842e-01 3.352552007091642583e-01 7.920111311800133169e-01 1.261008185906307144e-01 6.385233726005110633e-01 0.000000000000000000e+00 8.680280628678564980e-01 1.819353193589289264e-01 5.501595240218540850e-01 7.938711091872212577e-01 2.693233555084787456e-01 3.515303269904540562e-01 8.098932609743534350e-01 2.091840550626604123e-01 1.940468350530103470e-01 5.020075586675645241e-01 6.168392237197255490e-01 4.145210828591219254e-01 5.951940962412024527e-01 2.953446098410170695e-01 2.976562117552301601e-01 3.333227393892198576e-01 5.190517839336850070e-01 1.240288467152028673e-01 1.714510375275901666e-02 5.488442026096409521e-01 2.620866590600400281e-01 5.331196306874970148e-01
3.012804227818824954e-01 4.008187942046897989e-01 5.579272292520653931e-01 5.044418548904209265e-01 5.498598119900599546e-01 4.205016503195919131e-01 1.754805467634356075e-01 5.064917612266354174e-01 9.701519653768517770e-01 7.916882774494320429e-01 6.766106143815400209e-01 6.531034751256409310e-01 8.680280628678564980e-01 0.000000000000000000e+00 6.012589842176774280e-01 6.692540273699145725e-01 5.064183267975681524e-01 4.633222416065360116e-01 1.257600346600792340e-01 6.839860769483370184e-01 3.800256381639076642e-01 7.357965767209428964e-02 6.240020083412023411e-01 6.582782870338097503e-01 5.887369619980696855e-01 4.122266543616165957e-01 8.953422498571381727e-01 6.745090543605789524e-01 3.861235403241984887e-01 4.004623324660048223e-01 8.394761973925762844e-01 4.710911464483857891e-02 4.962384325203166857e-01 4.860572125229955520e-01 7.699359281642148556e-02
7.246270417792616270e-01 4.646558991587694254e-01 4.666186920935671556e-01 6.592909752823543634e-01 7.481978712690081634e-01 6.433591808825516178e-01 4.149374994304334541e-01 5.914475520355694238e-01 5.421513583196070352e-01 3.498094593250554718e-01 4.652571351413665734e-01 7.684102028977644050e-01 1.819353193589289264e-01 6.012589842176774280e-01 0.000000000000000000e+00 7.377979065934721081e-01 1.048847353984654340e-01 4.312007312198776754e-01 8.645755782874382511e-01 5.494852956874490824e-01 6.504518619743951957e-01 7.516953308872482697e-01 8.412928587004273595e-01 5.485320585332968957e-01 4.104441349429528985e-01 9.366705763215228409e-01 1.337508801660716728e-01 7.794709920382527635e-01 5.904116375722836541e-01 3.801085220104051254e-01 2.938811295354419872e-01 6.545225492189488126e-01 6.537539382073183081e-01 5.054397838342894467e-01 2.354903541159018010e-01
9.084004379646789529e-01 5.269912383083288354e-01 1.042641760381360916e-01 5.006061956329969087e-01 4.200299419753779073e-01 1.718052898972660669e-01 4.378347261123866074e-01 4.474804573092491244e-01 7.947658634583494308e-01 4.061622210448616599e-01 7.923904849238062598e-01 5.032478375200513110e-01 5.501595240218540850e-01 6.692540273699145725e-01 7.377979065934721081e-01 0.000000000000000000e+00 3.377553091710112643e-01 4.104774904585127837e-01 2.828385378915808657e-01 3.138483652988901529e-01 3.937915910022144472e-01 7.788486384975878973e-01 5.117902060850934021e-01 4.733987082406383995e-01 4.850420839859670430e-02 4.360592190787461186e-01 5.026626907878724015e-01 3.479869727675519719e-01 8.110632040371255069e-01 3.417391643578147065e-01 7.173462547321151073e-01 7.035357901535675973e-01 8.123001557651505777e-01 8.050874226807289702e-01 8.569842064567915196e-01
4.394739503251580137e-01 3.966155902127278532e-01 2.647877111176464293e-01 4.418020083064225778e-01 7.788450489980571767e-01 8.138289405714160818e-01 3.930303319848992283e-01 4.915932361397191142e-01 5.069092202316263229e-01 7.521344995309471315e-01 2.786849329647106410e-01 6.428995531256072038e-01 7.938711091872212577e-01 5.064183267975681524e-01 1.048847353984654340e-01 3.377553091710112643e-01 0.000000000000000000e+00 7.394090760245954908e-01 7.878817608994712618e-01 8.730781812218647575e-01 6.782501766694899459e-01 5.598760500400028484e-01 3.376219761710194112e-01 8.140952570383678255e-01 5.234502047237616917e-01 2.209084104778660240e-01 4.370991572468599928e-01 7.003304122992819458e-01 6.292162712101244670e-01 5.022703103808814351e-01 5.274664269087279145e-01 8.212465447675605379e-01 3.245168212799506846e-01 1.390020198366223037e-01 1.261069584687940504e-01
1.666205485465299674e-01 3.094556847321187631e-01 4.865260568196301261e-01 5.589871637991883357e-01 6.130007123708736128e-01 7.806357957388377899e-01 5.795241662771433155e-01 6.374176160218576470e-01 3.940818419981501064e-01 4.272880153878165221e-01 7.459893881676387117e-01 6.012171562829391469e-01 2.693233555084787456e-01 4.633222416065360116e-01 4.312007312198776754e-01 4.104774904585127837e-01 7.394090760245954908e-01 0.000000000000000000e+00 3.663760439945574765e-01 4.953409742050238207e-01 3.860268271776539084e-01 4.569001713842966161e-01 5.086156744416965303e-01 2.575991928130818565e-01 4.968109360371503191e-01 2.899944925183103317e-01 3.724424270277615356e-01 5.569033184584212259e-01 5.815371967204255865e-01 3.706945282466851399e-01 7.189440278315748500e-01 5.059173316741353288e-01 5.413777120441461976e-01 4.205229059406256353e-01 4.735978726205227751e-01
1.137901257390921961e-01 5.643284040194236351e-01 7.113962989223707734e-01 6.223918656479520140e-01 8.024713348504382004e-01 4.021345200310195711e-01 3.792148612035957100e-01 5.277449873206783160e-01 4.251030635339497210e-01 3.048168518506643720e-01 6.997366945843837005e-01 1.154614777263167635e-01 3.515303269904540562e-01 1.257600346600792340e-01 8.645755782874382511e-01 2.828385378915808657e-01 7.878817608994712618e-01 3.663760439945574765e-01 0.000000000000000000e+00 3.354739854917943020e-01 7.148045784599226238e-01 2.729553258687357209e-01 7.049451052657171868e-01 1.254198408892016614e-01 1.660060627971085001e-01 7.540736279924975527e-02 8.235415845092802778e-01 2.631164054036999600e-01 7.825718674695694155e-01 3.918696800390729651e-01 7.363529158174622058e-01 4.940763233662932019e-01 3.139725046637368289e-01 3.198672970793766668e-01 4.953942831743649577e-01
9.013403555970631587e-01 4.295537119892395284e-01 1.356429696846839228e-01 5.187763783911806259e-01 6.289469708100140499e-01 1.738543065555046008e-01 4.092335831542897040e-01 7.339538518583101911e-01 5.095179218685714773e-01 1.441524295377610843e-01 5.809883895158809430e-01 1.044519869976043847e-01 8.098932609743534350e-01 6.839860769483370184e-01 5.494852956874490824e-01 3.138483652988901529e-01 8.730781812218647575e-01 4.953409742050238207e-01 3.354739854917943020e-01 0.000000000000000000e+00 6.048824351178442305e-01 2.553898647306500624e-01 6.763841872944220679e-01 4.719544125681023328e-01 3.169167620288005915e-01 3.851794119619181278e-01 9.228506044425222044e-01 7.576616285010375762e-01 3.102624833256303338e-01 1.786033370394684017e-01 3.145642741006033916e-01 2.146406882804400285e-01 8.216316735356987699e-01 5.753640817213693248e-01 1.126977045236016162e-01
8.935657752044464663e-01 6.873277518536529129e-01 7.727747855206004157e-01 4.512698558778324709e-01 3.275686067693915904e-01 4.189458982594250758e-01 5.126151919246337840e-01 2.578933307717899415e-01 4.081584153366840106e-01 8.049118883042823969e-01 4.659271125787041168e-01 8.558652631079954887e-01 2.091840550626604123e-01 3.800256381639076642e-01 6.504518619743951957e-01 3.937915910022144472e-01 6.782501766694899459e-01 3.860268271776539084e-01 7.148045784599226238e-01 6.048824351178442305e-01 0.000000000000000000e+00 5.643661685337909573e-01 4.086823322512744827e-01 6.070172012790209237e-01 1.238681553466448593e-01 4.697697257168535478e-01 1.755603008736317250e-01 2.408792121040500556e-01 6.261403040315915991e-01 9.676550627390452242e-01 4.612361570351349305e-01 3.435404687071383911e-01 5.129771640709652747e-01 4.087427794520626101e-01 9.189133172555696838e-01
7.025786528159814193e-01 5.480334229206054175e-01 4.803893646690871044e-01 7.188975856497732408e-01 5.753364414105434088e-01 6.060451831484974239e-01 5.102673218496829310e-01 4.191228523821047824e-01 6.712442088528033368e-01 5.052032494413754016e-01 5.984537527675740654e-01 4.971399263286552239e-01 1.940468350530103470e-01 7.357965767209428964e-02 7.516953308872482697e-01 7.788486384975878973e-01 5.598760500400028484e-01 4.569001713842966161e-01 2.729553258687357209e-01 2.553898647306500624e-01 5.643661685337909573e-01 0.000000000000000000e+00 7.808381051747154133e-01 8.821670153292933136e-01 7.429817752610865522e-01 8.873986422885435932e-01 5.445460941837696467e-01 3.581963548921169860e-01 5.461831263025008765e-01 5.364970802773397773e-01 4.713623182518907329e-01 8.133459725988045896e-01 5.231109104644002805e-01 6.953483837620958452e-01 1.409694635644412886e-01
5.473361876938911408e-01 4.522718428127464052e-01 3.907708798613398482e-01 9.153233680020387286e-01 5.786758560911124949e-01 5.001434066197698591e-01 8.827037810162317033e-01 5.001691125420808515e-01 8.936036109655989268e-01 6.036946786802204201e-01 5.584645200361915141e-01 5.345027436238647400e-01 5.020075586675645241e-01 6.240020083412023411e-01 8.412928587004273595e-01 5.117902060850934021e-01 3.376219761710194112e-01 5.086156744416965303e-01 7.049451052657171868e-01 6.763841872944220679e-01 4.086823322512744827e-01 7.808381051747154133e-01 0.000000000000000000e+00 7.006292033334635683e-01 4.763740009390989294e-01 6.032446086979870170e-01 2.598676388060124909e-01 2.558497279940572522e-01 5.144417833907571902e-01 4.981645535831635829e-01 9.306349439846612892e-01 1.608082425612199495e-01 7.305266154533547329e-01 6.896995035149566800e-01 5.660631988719275753e-01
5.267064383833515162e-01 7.582102562995565176e-01 4.593862456415880313e-01 5.045925685637394631e-01 5.176929128009329917e-01 4.883980423378039282e-01 4.783976657595249704e-01 7.235314938613397473e-01 4.722520013761737356e-01 2.181109932432058196e-01 5.311843692106058556e-01 4.249018967403985769e-01 6.168392237197255490e-01 6.582782870338097503e-01 5.485320585332968957e-01 4.733987082406383995e-01 8.140952570383678255e-01 2.575991928130818565e-01 1.254198408892016614e-01 4.719544125681023328e-01 6.070172012790209237e-01 8.821670153292933136e-01 7.006292033334635683e-01 0.000000000000000000e+00 3.108426503602060853e-01 2.954020265346769536e-01 6.453445806129906037e-01 1.842991751280512736e-01 5.523645162156862742e-01 9.533888745486029936e-02 5.353416685913445772e-01 5.908224027582565929e-01 5.599772558495592634e-01 5.376615340705489521e-01 7.693566993435352330e-01
8.873165503511358798e-01 3.756187111148623914e-01 5.201845112599972065e-01 7.513992111698527543e-01 5.453765584237231234e-01 4.841083541393776946e-01 5.487039118885532751e-01 3.781813996776104969e-01 6.957898685091661317e-01 8.518339452833803005e-01 6.128392582186847903e-01 8.453959143911520258e-01 4.145210828591219254e-01 5.887369619980696855e-01 4.104441349429528985e-01 4.850420839859670430e-02 5.234502047237616917e-01 4.968109360371503191e-01 1.660060627971085001e-01 3.169167620288005915e-01 1.238681553466448593e-01 7.429817752610865522e-01 4.763740009390989294e-01 3.108426503602060853e-01 0.000000000000000000e+00 5.263442327424021627e-01 4.947379585488107523e-01 5.885382977528339499e-01 6.887218182831512658e-01 5.415778682762109053e-01 4.450269647809671492e-01 9.714260890922284952e-01 2.828546400902777203e-01 7.789584492649501701e-01 5.349539584079323618e-01
5.038877287307316211e-01 2.348330969309443406e-01 3.072555727323479924e-01 7.985258229053049384e-01 5.267766470704746684e-01 2.491508181313306647e-02 1.972484203041947604e-01 8.516209198836809380e-01 5.912432957145379309e-01 7.492066577518059489e-01 4.951655684202475038e-01 2.589544769899705390e-01 5.951940962412024527e-01 4.122266543616165957e-01 9.366705763215228409e-01 4.360592190787461186e-01 2.209084104778660240e-01 2.899944925183103317e-01 7.540736279924975527e-02 3.851794119619181278e-01 4.697697257168535478e-01 8.873986422885435932e-01 6.032446086979870170e-01 2.954020265346769536e-01 5.263442327424021627e-01 0.000000000000000000e+00 9.162705133256980883e-01 4.885010504414699639e-01 5.567511753499556626e-01 8.604734425655231611e-01 3.780514637837884551e-01 6.771011084980946837e-01 4.186361688521794133e-01 1.049417118256915638e-01 7.096469222984980174e-02
4.772031968413463776e-01 3.899503285044445544e-01 4.117671438885416313e-01 6.782130800988248609e-01 4.989251111128398808e-01 2.995607510978137711e-02 3.929407100461337343e-01 8.501939561369320497e-02 8.345156650879368421e-01 6.795308589089084084e-01 7.207970824524518871e-01 8.016935694538258605e-01 2.953446098410170695e-01 8.953422498571381727e-01 1.337508801660716728e-01 5.026626907878724015e-01 4.370991572468599928e-01 3.724424270277615356e-01 8.235415845092802778e-01 9.228506044425222044e-01 1.755603008736317250e-01 5.445460941837696467e-01 2.598676388060124909e-01 6.453445806129906037e-01 4.947379585488107523e-01 9.162705133256980883e-01 0.000000000000000000e+00 4.717626872703941099e-01 6.678369184730712504e-01 9.299081656276640961e-01 1.738665498146056976e-01 3.516518319571196871e-01 5.958601031871296749e-01 6.461114775498859597e-01 9.002968559911319613e-01
3.332354166071864743e-01 9.055896898108370952e-01 7.056949660556764981e-01 3.930080272997704682e-01 2.211250171030443301e-01 8.844583709241888858e-01 7.549052701952512212e-01 2.116803015468954330e-01 7.516201891562959148e-01 5.548468125306538212e-01 6.486485897456697458e-01 5.033045532031886760e-01 2.976562117552301601e-01 6.745090543605789524e-01 7.794709920382527635e-01 3.479869727675519719e-01 7.003304122992819458e-01 5.569033184584212259e-01 2.631164054036999600e-01 7.576616285010375762e-01 2.408792121040500556e-01 3.581963548921169860e-01 2.558497279940572522e-01 1.842991751280512736e-01 5.885382977528339499e-01 4.885010504414699639e-01 4.717626872703941099e-01 0.000000000000000000e+00 2.255720509275008778e-01 5.470099966134553959e-01 4.946169551711248058e-01 6.365892699072643879e-01 8.175077609444352245e-01 6.622322103192711529e-01 9.244422220986726613e-01
2.357804404396662279e-01 5.650610938557817375e-01 2.672163739566990603e-01 4.155784817097724626e-01 3.163619734562219676e-01 8.731543698170474155e-01 8.455167854968436147e-01 4.799976061742616817e-01 4.415148253962724034e-01 4.910685974439336077e-01 5.016318771631576023e-01 7.420712077152602504e-02 3.333227393892198576e-01 3.861235403241984887e-01 5.904116375722836541e-01 8.110632040371255069e-01 6.292162712101244670e-01 5.815371967204255865e-01 7.825718674695694155e-01 3.102624833256303338e-01 6.261403040315915991e-01 5.461831263025008765e-01 5.144417833907571902e-01 5.523645162156862742e-01 6.887218182831512658e-01 5.567511753499556626e-01 6.678369184730712504e-01 2.255720509275008778e-01 0.000000000000000000e+00 6.269026699940096758e-01 8.146498052881607776e-01 7.476681462035759118e-01 2.442604577961637879e-01 6.639915335332172708e-01 6.665765724200420905e-01
4.158555301480504340e-02 4.489002334297493846e-01 4.152978879780858112e-01 6.096210792321080651e-01 8.465651597324079791e-01 5.094722673397414914e-01 6.349295005255143343e-01 9.164387334619695791e-01 3.282748746102072124e-01 2.674761420212637408e-01 4.529515205558366508e-01 5.371267174402525324e-01 5.190517839336850070e-01 4.004623324660048223e-01 3.801085220104051254e-01 3.417391643578147065e-01 5.022703103808814351e-01 3.706945282466851399e-01 3.918696800390729651e-01 1.786033370394684017e-01 9.676550627390452242e-01 5.364970802773397773e-01 4.981645535831635829e-01 9.533888745486029936e-02 5.415778682762109053e-01 8.604734425655231611e-01 9.299081656276640961e-01 5.470099966134553959e-01 6.269026699940096758e-01 0.000000000000000000e+00 1.386270469931115690e-01 2.960891064145878548e-01 5.842244900204878189e-01 4.861743822047838171e-01 6.569358610528479581e-01
7.063592283444908304e-01 4.518140195298265827e-01 3.790163003539344100e-01 3.130644579698429464e-01 5.180357097082598505e-01 3.661131223920238154e-01 9.463283084236311371e-01 5.216166353852038640e-01 2.204875528098267923e-01 4.609240302944738743e-01 7.168880915205393389e-01 4.811308553407592226e-01 1.240288467152028673e-01 8.394761973925762844e-01 2.938811295354419872e-01 7.173462547321151073e-01 5.274664269087279145e-01 7.189440278315748500e-01 7.363529158174622058e-01 3.145642741006033916e-01 4.612361570351349305e-01 4.713623182518907329e-01 9.306349439846612892e-01 5.353416685913445772e-01 4.450269647809671492e-01 3.780514637837884551e-01 1.738665498146056976e-01 4.946169551711248058e-01 8.146498052881607776e-01 1.386270469931115690e-01 0.000000000000000000e+00 8.250635855045009848e-01 8.235266697130213531e-01 3.882868800520796748e-01 4.731985350654207001e-01
5.101317857642755360e-01 4.703714457025500728e-01 4.135978330345631004e-01 7.390067310650070276e-01 5.290179306349473976e-01 4.424493253705053530e-01 6.155581632641243806e-01 4.858212070738280319e-01 7.471724657092577715e-01 3.852624067422661391e-01 9.113745376877132598e-01 5.630422946340798429e-01 1.714510375275901666e-02 4.710911464483857891e-02 6.545225492189488126e-01 7.035357901535675973e-01 8.212465447675605379e-01 5.059173316741353288e-01 4.940763233662932019e-01 2.146406882804400285e-01 3.435404687071383911e-01 8.133459725988045896e-01 1.608082425612199495e-01 5.908224027582565929e-01 9.714260890922284952e-01 6.771011084980946837e-01 3.516518319571196871e-01 6.365892699072643879e-01 7.476681462035759118e-01 2.960891064145878548e-01 8.250635855045009848e-01 0.000000000000000000e+00 4.913987245204239906e-01 5.154389254348914484e-01 4.074056535517568411e-01
7.074060045945113062e-01 1.647492670851121721e-01 4.143345472183515010e-01 6.890910307144959557e-02 7.232421628418634896e-01 8.668480497616541935e-01 7.276307933909811343e-01 9.328262884760218920e-01 5.129504192333385060e-01 5.092436689116566217e-01 1.315330649131948304e-01 4.932067082653266432e-01 5.488442026096409521e-01 4.962384325203166857e-01 6.537539382073183081e-01 8.123001557651505777e-01 3.245168212799506846e-01 5.413777120441461976e-01 3.139725046637368289e-01 8.216316735356987699e-01 5.129771640709652747e-01 5.231109104644002805e-01 7.305266154533547329e-01 5.599772558495592634e-01 2.828546400902777203e-01 4.186361688521794133e-01 5.958601031871296749e-01 8.175077609444352245e-01 2.442604577961637879e-01 5.842244900204878189e-01 8.235266697130213531e-01 4.913987245204239906e-01 0.000000000000000000e+00 9.477907737630064666e-02 9.587796320904247160e-01
7.945995098022410330e-01 6.025543485762345775e-01 5.244230353390491040e-01 8.078633851679868361e-01 6.259965949630785786e-01 4.254377223258318796e-01 4.543366928135983418e-01 3.909499493213765553e-01 3.581748289875489322e-01 2.436013717810435741e-01 3.767316808145770857e-01 6.082055806771069495e-01 2.620866590600400281e-01 4.860572125229955520e-01 5.054397838342894467e-01 8.050874226807289702e-01 1.390020198366223037e-01 4.205229059406256353e-01 3.198672970793766668e-01 5.753640817213693248e-01 4.087427794520626101e-01 6.953483837620958452e-01 6.896995035149566800e-01 5.376615340705489521e-01 7.789584492649501701e-01 1.049417118256915638e-01 6.461114775498859597e-01 6.622322103192711529e-01 6.639915335332172708e-01 4.861743822047838171e-01 3.882868800520796748e-01 5.154389254348914484e-01 9.477907737630064666e-02 0.000000000000000000e+00 7.632905700503815893e-01
7.383131117148931111e-01 5.196186819780822530e-01 2.177519702342745056e-02 5.043863968643993445e-01 7.870670889028663630e-01 4.137490150612787576e-01 7.542513420985910155e-01 5.066379568972556591e-01 6.562383508366570473e-01 5.097354222204306673e-01 5.114385463173893864e-01 5.020022168163602583e-01 5.331196306874970148e-01 7.699359281642148556e-02 2.354903541159018010e-01 8.569842064567915196e-01 1.261069584687940504e-01 4.735978726205227751e-01 4.953942831743649577e-01 1.126977045236016162e-01 9.189133172555696838e-01 1.409694635644412886e-01 5.660631988719275753e-01 7.693566993435352330e-01 5.349539584079323618e-01 7.096469222984980174e-02 9.002968559911319613e-01 9.244422220986726613e-01 6.665765724200420905e-01 6.569358610528479581e-01 4.731985350654207001e-01 4.074056535517568411e-01 9.587796320904247160e-01 7.632905700503815893e-01 0.000000000000000000e+00
