0.000000000000000000e+00 3.629807553462744973e-01 4.448286791449880262e-01 6.486953625209633811e-01 5.848288315175952379e-01 5.753477976210080724e-01 7.190019566709757726e-01 2.816334621772944580e-01 1.444554247360119170e-02 4.325245864281891950e-01 3.864972176351288979e-01 3.975122418421369042e-01 5.501345564761190854e-01 8.828254617988786634e-01 4.500597379354858707e-01 5.764704805135327792e-01 5.348858620277527898e-01 5.140141053716683617e-01 5.567238774588191275e-01 5.878643725505177109e-01 6.982145755751307803e-01 6.491707774246729956e-01 4.659648514123062579e-01 2.116554392809593121e-01 1.180286536106802675e-01 5.095341859245335892e-01 3.537544621612990214e-01 6.309625798905105221e-01 4.670351095164483324e-01 6.050155538394259569e-01 5.352727927181371026e-01 7.395359187569239268e-01 7.882698773138177017e-01 4.827622543158709978e-01 2.710096467368060535e-01
3.629807553462744973e-01 0.000000000000000000e+00 4.740002472057049943e-01 2.959099765948727256e-01 5.811329179881099538e-01 4.214260422115725380e-01 8.497370354919698832e-01 2.664808893899472952e-01 1.557751349706344435e-01 5.568276386094261898e-01 4.969078107008568779e-01 5.416407106787015646e-01 2.861897977468422782e-01 7.861549858510732403e-01 8.414387540250196640e-01 6.696582227855275571e-01 5.031306619354438681e-01 3.164563016026783471e-01 1.588814833009122296e-02 5.458388052797094048e-01 8.934298729965145514e-01 6.498854234478123049e-01 6.131537827155905118e-01 6.289038878820767398e-01 5.728843571127111289e-01 3.255844375147911585e-01 5.433935931469959790e-01 4.396682056162099506e-01 7.665120868674335508e-01 3.496724469688283210e-01 7.822580160402397009e-01 8.771265074553353802e-01 5.208912247036914245e-01 4.027679922256292011e-01 3.901830232613696658e-01
4.448286791449880262e-01 4.740002472057049943e-01 0.000000000000000000e+00 6.924570244344480097e-01 3.296691182517477170e-01 3.607302122173119407e-01 3.001781136061164590e-01 1.934542631692222070e-01 5.077390943828080649e-01 4.186485135278896763e-01 1.808833761860940692e-01 8.974549490741484670e-01 6.252639130698973702e-01 5.277110789155846637e-01 6.406761671997796004e-01 7.300191292257355302e-01 7.125384898289029989e-01 7.224727965205686164e-01 8.392244931205837810e-01 3.850538516562609370e-01 7.449142290440318170e-01 6.610505270597397676e-01 8.628672654417650634e-01 6.210226727834746718e-01 8.797388122236637908e-01 9.643133198525919436e-01 8.483196920410895903e-01 4.271791141429757133e-01 2.519729661530883957e-01 1.593379621416880498e-01 7.115781505426048703e-01 3.007182463034664965e-01 4.265816850516268577e-01 7.675521540613053917e-01 7.266303257044695041e-01
6.486953625209633811e-01 2.959099765948727256e-01 6.924570244344480097e-01 0.000000000000000000e+00 6.437507368734586288e-01 1.692632694236333446e-01 2.864134989985784863e-01 8.016080024111580382e-01 3.596435266286527321e-01 3.955555620557511531e-01 4.856605060093226456e-01 3.468507190067287027e-01 5.914687178921964605e-01 4.778990440003310636e-01 5.248683952678241393e-01 5.602614662368015086e-01 7.370660215007069915e-01 5.523654979683909616e-01 5.575306689623512613e-01 1.808704532771642226e-01 2.779403552108586917e-01 7.295164611110687147e-01 6.505114703368370943e-01 6.717072690341293617e-01 1.274696350671192802e-01 4.482624473243161933e-01 5.317664642047570389e-01 6.475806673658930368e-01 4.871309221985664073e-01 4.412345087684564349e-01 8.112320974637972082e-01 9.174500599557369185e-01 2.698713096608713613e-01 4.653384111220768005e-01 4.764669648336217755e-01
5.848288315175952379e-01 5.811329179881099538e-01 3.296691182517477170e-01 6.437507368734586288e-01 0.000000000000000000e+00 6.096406625129846546e-01 8.341583183206662255e-01 4.665041621022903984e-01 2.107181073644321945e-01 5.845810671685472970e-01 5.534542685780550197e-01 5.711037813606069102e-01 5.373665171340603619e-01 6.272584614106372358e-01 7.948440258727411667e-01 2.901845207323757170e-01 2.466773534162273185e-01 4.118261556759966746e-01 6.659257086057643882e-01 4.511792119807277457e-01 3.670566769144009700e-01 7.231537986998644030e-01 2.409271767736682612e-01 5.624889577506364535e-01 5.134241836338759857e-01 7.255115845800583774e-01 8.016944199126736503e-01 6.835305397944992922e-01 4.490578394177467403e-01 3.830994696700979474e-01 5.929735564094212874e-01 5.204047686224320124e-01 3.240524870976381200e-01 3.255398630573979601e-01 4.077127361286732032e-01
5.753477976210080724e-01 4.214260422115725380e-01 3.607302122173119407e-01 1.692632694236333446e-01 6.096406625129846546e-01 0.000000000000000000e+00 2.014628639877497074e-01 3.201285071641842839e-01 7.451432405707967277e-01 7.598761018664110800e-01 1.092169045095105484e-01 5.180222511098216964e-01 2.533461955364860740e-01 6.456858536348786259e-01 4.362498884976224733e-01 6.584907539473134896e-01 6.086961995387805135e-01 6.734934507180454499e-01 3.889358212358707823e-01 4.707643172249528218e-01 8.547108834586740755e-01 6.741889745758453678e-01 2.281398556663298827e-01 4.925381392172546446e-01 5.461449901639785498e-01 7.705283402901694778e-01 3.066263257090768857e-01 4.334645651190182636e-01 3.089240550692892162e-01 5.972593134275818727e-01 6.167719300862906096e-01 6.484883241364860496e-01 5.136730357263254998e-01 3.714717623876760966e-01 3.624976307091742900e-01
7.190019566709757726e-01 8.497370354919698832e-01 3.001781136061164590e-01 2.864134989985784863e-01 8.341583183206662255e-01 2.014628639877497074e-01 0.000000000000000000e+00 4.747027543010962081e-01 2.866115564243604252e-01 1.850799806286855809e-01 4.562635867868536366e-02 5.710029561743794613e-01 5.380013069811170334e-01 7.589344538857283329e-01 3.063778684953956666e-01 3.120036192574122680e-01 4.988307999439266505e-01 1.885445855900759193e-01 5.862117443171181996e-01 4.184109024849829161e-01 6.736650691271173219e-01 1.938707163893675922e-01 2.542250614441233791e-01 4.029103265148479274e-01 7.223983544057850370e-01 2.851386030030557128e-01 5.493296979565673865e-01 2.559697335965550602e-01 4.421668919780613605e-01 4.061521621166237495e-01 5.620102505382924551e-01 2.178368265884356170e-01 2.364199027216982163e-01 8.680914759558013838e-01 8.960283124734537141e-01
2.816334621772944580e-01 2.664808893899472952e-01 1.934542631692222070e-01 8.016080024111580382e-01 4.665041621022903984e-01 3.201285071641842839e-01 4.747027543010962081e-01 0.000000000000000000e+00 6.218980309306356702e-01 2.955874832877031233e-01 3.226178332537382176e-01 2.657097355289679275e-01 2.694054312782754312e-01 7.428979888261428854e-01 5.078773379493803919e-01 1.863602152039951498e-01 5.630296366550679998e-02 3.527654673085495185e-01 4.596047489301139377e-01 5.539903951650937408e-01 6.798225775446842256e-01 4.894381229932200372e-01 4.082502127163487593e-01 8.567484791768389396e-01 8.613877027550165266e-01 4.778932220088356053e-01 3.880657794443831965e-01 7.773149715171614460e-01 2.703859040438948425e-01 4.399357599881484893e-01 6.751718323153069745e-01 9.176600384460718018e-01 8.429125934106791451e-01 3.295592406473348834e-01 4.841063037724905316e-01
1.444554247360119170e-02 1.557751349706344435e-01 5.077390943828080649e-01 3.596435266286527321e-01 2.107181073644321945e-01 7.451432405707967277e-01 2.866115564243604252e-01 6.218980309306356702e-01 0.000000000000000000e+00 8.196055346312713930e-01 7.685061564414099600e-01 8.488064500189775874e-01 7.513323503663866809e-01 7.496958047072392883e-01 6.109312674179945279e-01 8.593641752831773228e-01 7.810995540263010462e-01 7.387409531081016167e-01 3.778895844147456273e-01 6.044208576374608954e-01 8.648807937771431087e-01 1.658311882389662539e-01 5.975582838615897119e-01 2.003262918318127195e-01 5.711965882581877541e-01 5.148264102147870336e-01 5.412148726067009807e-01 4.702960110612233735e-01 3.759256709983270772e-01 6.674861103045970356e-01 5.439487315922788557e-01 7.007853049982513127e-01 4.091622096840319411e-01 2.478208654373974529e-01 6.147568197944865975e-01
4.325245864281891950e-01 5.568276386094261898e-01 4.186485135278896763e-01 3.955555620557511531e-01 5.845810671685472970e-01 7.598761018664110800e-01 1.850799806286855809e-01 2.955874832877031233e-01 8.196055346312713930e-01 0.000000000000000000e+00 2.847336301087843302e-01 4.974143342591211270e-01 5.191248089297822998e-01 6.071006366259864562e-01 4.827810719798797390e-01 7.395826299808742066e-01 5.011921403357140203e-01 5.549023956616095932e-01 6.728417927934930987e-01 7.353421993778916921e-01 2.397000771514939954e-01 5.681265192220579241e-01 1.191245847073302278e-01 9.069259404320391127e-01 8.242212277991283198e-01 6.110199917678336146e-01 8.716983259265049799e-01 3.949654301478081608e-01 3.520975799377422666e-01 6.660854047072967132e-01 6.633077231833721665e-01 2.730773404944698557e-01 4.984768715698323915e-01 2.877238948008775665e-01 6.713949302793029705e-01
3.864972176351288979e-01 4.969078107008568779e-01 1.808833761860940692e-01 4.856605060093226456e-01 5.534542685780550197e-01 1.092169045095105484e-01 4.562635867868536366e-02 3.226178332537382176e-01 7.685061564414099600e-01 2.847336301087843302e-01 0.000000000000000000e+00 7.545187973494844602e-01 4.792423562492154065e-02 6.822493705692664889e-01 4.975515368742730593e-01 6.231756413678370965e-01 8.808790227540177487e-01 4.810569726149678260e-01 5.599637409191104975e-01 2.394291404946423674e-01 1.435869533647397001e-01 5.108651084388369235e-01 4.396530603507301516e-01 4.570980691888895109e-01 7.054030858132064319e-01 3.937278277234633750e-01 6.529293653951986354e-01 7.272901144463758127e-01 4.907855142459791598e-01 1.808173210300422218e-01 2.658454750072870576e-01 5.080743242465118881e-01 7.133829628166488135e-01 7.010700529026300254e-01 3.162339074969472419e-01
3.975122418421369042e-01 5.416407106787015646e-01 8.974549490741484670e-01 3.468507190067287027e-01 5.711037813606069102e-01 5.180222511098216964e-01 5.710029561743794613e-01 2.657097355289679275e-01 8.488064500189775874e-01 4.974143342591211270e-01 7.545187973494844602e-01 0.000000000000000000e+00 4.734284587092386087e-01 7.392051229684657443e-01 1.832484691364436591e-01 3.615589020459188396e-01 5.925236854353910232e-01 7.823436793505327280e-01 6.240628536009641403e-01 5.806586560393187657e-01 5.652779124275728595e-01 7.805233830319564525e-01 5.300313863020393867e-01 5.147549050886510713e-01 5.616158097373202818e-01 6.984460092771435091e-01 3.001076094641799141e-01 3.952795709105307864e-01 3.886663687317598037e-01 6.990761293747458360e-01 6.100863085915401163e-01 5.453297907307214087e-01 7.029420408866478009e-01 4.127409394341602367e-01 5.319217041669668244e-01
5.501345564761190854e-01 2.861897977468422782e-01 6.252639130698973702e-01 5.914687178921964605e-01 5.373665171340603619e-01 2.533461955364860740e-01 5.380013069811170334e-01 2.694054312782754312e-01 7.513323503663866809e-01 5.191248089297822998e-01 4.792423562492154065e-02 4.734284587092386087e-01 0.000000000000000000e+00 7.655685205373599089e-01 7.949707945802368947e-01 3.916818987529672169e-01 1.906985414191416650e-01 5.764972739806822899e-01 4.748427728039499307e-01 5.236731299497692227e-01 8.192608468762467844e-01 8.392258896992621509e-01 7.550570301227110814e-01 2.026459053264074717e-01 5.247085440657216493e-01 2.597078762374182004e-01 8.843562455829117042e-01 6.143329014726337522e-01 5.135366352849728422e-01 5.775947626867160567e-01 8.902677843350255138e-01 4.762063021614895142e-01 2.859570611565148690e-01 7.369799418760072385e-01 1.669050887605759703e-01
8.828254617988786634e-01 7.861549858510732403e-01 5.277110789155846637e-01 4.778990440003310636e-01 6.272584614106372358e-01 6.456858536348786259e-01 7.589344538857283329e-01 7.428979888261428854e-01 7.496958047072392883e-01 6.071006366259864562e-01 6.822493705692664889e-01 7.392051229684657443e-01 7.655685205373599089e-01 0.000000000000000000e+00 2.534569304168942105e-01 3.012283293870886558e-01 6.470680834317749097e-01 3.561211990634199354e-01 6.047531556346384951e-01 5.059690857456704549e-01 4.597075641964595283e-01 5.267847295539180852e-01 1.567135976052826951e-01 8.125858272222847845e-01 7.559284431660242554e-01 6.689072565419880156e-01 4.914455515200583102e-01 3.617421572744732861e-01 6.179109907062326768e-01 4.018615509677910813e-01 4.729054045457602440e-01 8.352875977911551342e-01 7.268361738004831540e-01 5.180062527265745231e-01 4.252769261204233930e-01
4.500597379354858707e-01 8.414387540250196640e-01 6.406761671997796004e-01 5.248683952678241393e-01 7.948440258727411667e-01 4.362498884976224733e-01 3.063778684953956666e-01 5.078773379493803919e-01 6.109312674179945279e-01 4.827810719798797390e-01 4.975515368742730593e-01 1.832484691364436591e-01 7.949707945802368947e-01 2.534569304168942105e-01 0.000000000000000000e+00 5.604685282375242439e-01 9.186013758276720953e-01 3.612595390632241110e-01 2.794366664971763559e-01 4.789007793347656028e-01 2.996538020655898360e-01 2.556931515251067433e-01 7.829692069096941820e-01 8.477383054623846004e-01 9.310618236063850084e-01 9.875091540363534204e-02 3.878240500369444232e-01 1.203301693050151666e-02 5.224097860708321051e-02 9.537422310348969701e-01 4.710474660967622906e-01 8.465617355272180289e-01 4.962224735844096846e-01 7.333275927641967895e-01 4.234395566526845123e-01
5.764704805135327792e-01 6.696582227855275571e-01 7.300191292257355302e-01 5.602614662368015086e-01 2.901845207323757170e-01 6.584907539473134896e-01 3.120036192574122680e-01 1.863602152039951498e-01 8.593641752831773228e-01 7.395826299808742066e-01 6.231756413678370965e-01 3.615589020459188396e-01 3.916818987529672169e-01 3.012283293870886558e-01 5.604685282375242439e-01 0.000000000000000000e+00 5.744482562619214194e-01 3.915061813057564288e-01 3.904983386117101274e-01 2.820324519886434622e-01 3.714401285760721150e-01 8.924033624429921208e-01 4.624956784338518645e-01 4.785593695427142746e-01 5.106762682270239440e-01 4.593848672474361017e-01 1.249015279964444947e-01 5.636277246303807997e-01 9.057419023727670826e-01 3.371368166740032479e-01 7.368267062748257157e-02 9.090087306714675908e-01 6.723008735256823520e-01 7.467715037971117686e-02 4.146875867068313681e-01
5.348858620277527898e-01 5.031306619354438681e-01 7.125384898289029989e-01 7.370660215007069915e-01 2.466773534162273185e-01 6.086961995387805135e-01 4.988307999439266505e-01 5.630296366550679998e-02 7.810995540263010462e-01 5.011921403357140203e-01 8.808790227540177487e-01 5.925236854353910232e-01 1.906985414191416650e-01 6.470680834317749097e-01 9.186013758276720953e-01 5.744482562619214194e-01 0.000000000000000000e+00 1.572648728096478488e-01 4.771878734986150228e-01 5.881225173393611616e-02 4.869365510904246630e-01 4.683458817768553217e-01 8.430593725600956656e-01 2.600093401706273788e-01 7.416900964050352485e-01 2.118762561980712111e-01 7.192620879440587700e-01 4.932850160372889703e-01 2.182184102691935301e-01 2.179438430272878646e-01 4.184973508200828807e-01 9.366293077893494967e-01 5.325573634143383472e-01 5.247363466874375160e-01 3.644330001522222418e-01
5.140141053716683617e-01 3.164563016026783471e-01 7.224727965205686164e-01 5.523654979683909616e-01 4.118261556759966746e-01 6.734934507180454499e-01 1.885445855900759193e-01 3.527654673085495185e-01 7.387409531081016167e-01 5.549023956616095932e-01 4.810569726149678260e-01 7.823436793505327280e-01 5.764972739806822899e-01 3.561211990634199354e-01 3.612595390632241110e-01 3.915061813057564288e-01 1.572648728096478488e-01 0.000000000000000000e+00 8.640580193143270193e-01 1.881078476418504009e-01 2.419387410888843570e-01 5.157607425244177257e-01 7.223479110820106852e-01 8.979815832571120815e-01 5.646845310885151292e-01 4.018369728578686240e-01 7.878619134944755409e-01 5.876051656353084018e-01 6.614504029622435555e-01 5.138872333658757174e-01 7.870288376663145957e-01 7.695773104757634986e-01 5.194642924228927150e-01 4.076312374757870560e-01 2.343450085690069740e-01
5.567238774588191275e-01 1.588814833009122296e-02 8.392244931205837810e-01 5.575306689623512613e-01 6.659257086057643882e-01 3.889358212358707823e-01 5.862117443171181996e-01 4.596047489301139377e-01 3.778895844147456273e-01 6.728417927934930987e-01 5.599637409191104975e-01 6.240628536009641403e-01 4.748427728039499307e-01 6.047531556346384951e-01 2.794366664971763559e-01 3.904983386117101274e-01 4.771878734986150228e-01 8.640580193143270193e-01 0.000000000000000000e+00 8.074421161082194764e-01 8.213821176348917730e-01 4.125716687557515749e-01 5.995147972633927402e-01 2.819271645139591054e-01 4.731612142387160436e-01 1.855484036112495794e-01 4.688580229740815786e-01 4.654292727559108389e-01 7.979818854778710779e-01 6.416128201032251788e-01 4.356895573693092549e-01 5.121524157976804492e-01 5.101915646911011626e-01 5.775046293860103264e-01 4.327686229645163474e-01
5.878643725505177109e-01 5.458388052797094048e-01 3.850538516562609370e-01 1.808704532771642226e-01 4.511792119807277457e-01 4.707643172249528218e-01 4.184109024849829161e-01 5.539903951650937408e-01 6.044208576374608954e-01 7.353421993778916921e-01 2.394291404946423674e-01 5.806586560393187657e-01 5.236731299497692227e-01 5.059690857456704549e-01 4.789007793347656028e-01 2.820324519886434622e-01 5.881225173393611616e-02 1.881078476418504009e-01 8.074421161082194764e-01 0.000000000000000000e+00 5.144597244744866238e-01 1.039286103128472805e-01 6.809603333637832545e-01 5.265273273186542591e-01 7.703525080490114529e-01 2.662533346947421053e-01 5.759729253389316295e-01 6.232041217034243186e-01 4.745948304522257799e-01 4.413897479233785393e-01 6.217732321083540015e-01 4.348419521529500176e-01 4.929237313245748986e-01 4.749307291182942037e-01 4.850218805010296785e-01
6.982145755751307803e-01 8.934298729965145514e-01 7.449142290440318170e-01 2.779403552108586917e-01 3.670566769144009700e-01 8.547108834586740755e-01 6.736650691271173219e-01 6.798225775446842256e-01 8.648807937771431087e-01 2.397000771514939954e-01 1.435869533647397001e-01 5.652779124275728595e-01 8.192608468762467844e-01 4.597075641964595283e-01 2.996538020655898360e-01 3.714401285760721150e-01 4.869365510904246630e-01 2.419387410888843570e-01 8.213821176348917730e-01 5.144597244744866238e-01 0.000000000000000000e+00 4.076547542059653639e-01 5.253057843475457123e-01 1.578012275053730651e-01 5.513593123591808975e-01 1.811862326680229174e-01 3.696040009958556638e-01 3.199623304677666757e-01 7.419410695882546758e-01 8.928634530253223289e-01 7.320127230537465390e-01 3.015062337138632587e-01 6.905881589544955457e-01 8.655557607414202659e-01 1.607194654252919186e-01
6.491707774246729956e-01 6.498854234478123049e-01 6.610505270597397676e-01 7.295164611110687147e-01 7.231537986998644030e-01 6.741889745758453678e-01 1.938707163893675922e-01 4.894381229932200372e-01 1.658311882389662539e-01 5.681265192220579241e-01 5.108651084388369235e-01 7.805233830319564525e-01 8.392258896992621509e-01 5.267847295539180852e-01 2.556931515251067433e-01 8.924033624429921208e-01 4.683458817768553217e-01 5.157607425244177257e-01 4.125716687557515749e-01 1.039286103128472805e-01 4.076547542059653639e-01 0.000000000000000000e+00 6.638555628180857759e-01 1.023953368299699296e-01 5.211416245281070836e-01 5.268080140587348970e-01 3.171626853459101891e-01 6.693417157954641983e-01 8.142833514943685902e-01 9.622225237493091665e-01 3.972689964538045904e-01 7.033032688600658888e-01 4.979879440367193655e-01 4.927995005855175803e-01 4.256620842607264921e-01
4.659648514123062579e-01 6.131537827155905118e-01 8.628672654417650634e-01 6.505114703368370943e-01 2.409271767736682612e-01 2.281398556663298827e-01 2.542250614441233791e-01 4.082502127163487593e-01 5.975582838615897119e-01 1.191245847073302278e-01 4.396530603507301516e-01 5.300313863020393867e-01 7.550570301227110814e-01 1.567135976052826951e-01 7.829692069096941820e-01 4.624956784338518645e-01 8.430593725600956656e-01 7.223479110820106852e-01 5.995147972633927402e-01 6.809603333637832545e-01 5.253057843475457123e-01 6.638555628180857759e-01 0.000000000000000000e+00 8.955618353148598887e-01 5.295050102718024121e-01 5.858256825700245418e-01 5.864106054296944759e-01 1.300720184389801970e-01 5.017455608430094749e-01 6.072424466965097301e-01 1.335994434262298691e-01 8.647818892513432498e-01 3.789688890119179421e-01 5.215098551151172712e-01 4.629791011454609251e-01
2.116554392809593121e-01 6.289038878820767398e-01 6.210226727834746718e-01 6.717072690341293617e-01 5.624889577506364535e-01 4.925381392172546446e-01 4.029103265148479274e-01 8.567484791768389396e-01 2.003262918318127195e-01 9.069259404320391127e-01 4.570980691888895109e-01 5.147549050886510713e-01 2.026459053264074717e-01 8.125858272222847845e-01 8.477383054623846004e-01 4.785593695427142746e-01 2.600093401706273788e-01 8.979815832571120815e-01 2.819271645139591054e-01 5.265273273186542591e-01 1.578012275053730651e-01 1.023953368299699296e-01 8.955618353148598887e-01 0.000000000000000000e+00 2.085578161631979066e-01 2.631849154375391908e-01 4.995522425273775657e-01 3.989791567652707371e-01 5.498523126788686932e-01 7.204620302606579152e-01 2.070100619443430712e-01 2.120060846516459430e-01 4.524542731870236922e-01 6.692885083052577677e-01 5.875216554320339402e-01
1.180286536106802675e-01 5.728843571127111289e-01 8.797388122236637908e-01 1.274696350671192802e-01 5.134241836338759857e-01 5.461449901639785498e-01 7.223983544057850370e-01 8.613877027550165266e-01 5.711965882581877541e-01 8.242212277991283198e-01 7.054030858132064319e-01 5.616158097373202818e-01 5.247085440657216493e-01 7.559284431660242554e-01 9.310618236063850084e-01 5.106762682270239440e-01 7.416900964050352485e-01 5.646845310885151292e-01 4.731612142387160436e-01 7.703525080490114529e-01 5.513593123591808975e-01 5.211416245281070836e-01 5.295050102718024121e-01 2.085578161631979066e-01 0.000000000000000000e+00 4.757764572329749031e-01 4.892380583524564841e-01 5.037854043643262836e-01 5.318292677782592293e-01 5.634413733878693709e-01 4.083744790039855466e-01 5.457710771333330602e-01 4.239173735755047412e-01 1.760588411765461325e-01 4.449384623816496909e-01
5.095341859245335892e-01 3.255844375147911585e-01 9.643133198525919436e-01 4.482624473243161933e-01 7.255115845800583774e-01 7.705283402901694778e-01 2.851386030030557128e-01 4.778932220088356053e-01 5.148264102147870336e-01 6.110199917678336146e-01 3.937278277234633750e-01 6.984460092771435091e-01 2.597078762374182004e-01 6.689072565419880156e-01 9.875091540363534204e-02 4.593848672474361017e-01 2.118762561980712111e-01 4.018369728578686240e-01 1.855484036112495794e-01 2.662533346947421053e-01 1.811862326680229174e-01 5.268080140587348970e-01 5.858256825700245418e-01 2.631849154375391908e-01 4.757764572329749031e-01 0.000000000000000000e+00 7.523869127211362251e-01 5.452119491812141838e-01 5.903123856541041548e-01 7.873539695933251537e-02 5.405520954653590948e-01 4.847876977058557801e-01 4.716577765524365695e-01 4.431765537134885191e-01 8.259776699310592551e-01
3.537544621612990214e-01 5.433935931469959790e-01 8.483196920410895903e-01 5.317664642047570389e-01 8.016944199126736503e-01 3.066263257090768857e-01 5.493296979565673865e-01 3.880657794443831965e-01 5.412148726067009807e-01 8.716983259265049799e-01 6.529293653951986354e-01 3.001076094641799141e-01 8.843562455829117042e-01 4.914455515200583102e-01 3.878240500369444232e-01 1.249015279964444947e-01 7.192620879440587700e-01 7.878619134944755409e-01 4.688580229740815786e-01 5.759729253389316295e-01 3.696040009958556638e-01 3.171626853459101891e-01 5.864106054296944759e-01 4.995522425273775657e-01 4.892380583524564841e-01 7.523869127211362251e-01 0.000000000000000000e+00 4.740473603521913604e-01 3.698143538839387956e-01 8.120948384739183901e-01 7.576090387683473981e-01 2.132487878510377355e-01 1.448356322344862557e-01 4.508989650034669339e-01 9.556386864444339491e-01
6.309625798905105221e-01 4.396682056162099506e-01 4.271791141429757133e-01 6.475806673658930368e-01 6.835305397944992922e-01 4.334645651190182636e-01 2.559697335965550602e-01 7.773149715171614460e-01 4.702960110612233735e-01 3.949654301478081608e-01 7.272901144463758127e-01 3.952795709105307864e-01 6.143329014726337522e-01 3.617421572744732861e-01 1.203301693050151666e-02 5.636277246303807997e-01 4.932850160372889703e-01 5.876051656353084018e-01 4.654292727559108389e-01 6.232041217034243186e-01 3.199623304677666757e-01 6.693417157954641983e-01 1.300720184389801970e-01 3.989791567652707371e-01 5.037854043643262836e-01 5.452119491812141838e-01 4.740473603521913604e-01 0.000000000000000000e+00 6.807735387182929365e-01 6.090719946983990107e-01 4.727609390873137585e-01 6.624598507058112595e-01 5.654453582850021975e-01 3.053931487708640979e-01 3.340795867271144637e-01
4.670351095164483324e-01 7.665120868674335508e-01 2.519729661530883957e-01 4.871309221985664073e-01 4.490578394177467403e-01 3.089240550692892162e-01 4.421668919780613605e-01 2.703859040438948425e-01 3.759256709983270772e-01 3.520975799377422666e-01 4.907855142459791598e-01 3.886663687317598037e-01 5.135366352849728422e-01 6.179109907062326768e-01 5.224097860708321051e-02 9.057419023727670826e-01 2.182184102691935301e-01 6.614504029622435555e-01 7.979818854778710779e-01 4.745948304522257799e-01 7.419410695882546758e-01 8.142833514943685902e-01 5.017455608430094749e-01 5.498523126788686932e-01 5.318292677782592293e-01 5.903123856541041548e-01 3.698143538839387956e-01 6.807735387182929365e-01 0.000000000000000000e+00 6.645357680635837205e-01 3.044859954110346045e-01 2.881011689293078160e-01 7.938076900750449250e-01 5.498594942881587233e-01 8.905429588468980473e-01
6.050155538394259569e-01 3.496724469688283210e-01 1.593379621416880498e-01 4.412345087684564349e-01 3.830994696700979474e-01 5.972593134275818727e-01 4.061521621166237495e-01 4.399357599881484893e-01 6.674861103045970356e-01 6.660854047072967132e-01 1.808173210300422218e-01 6.990761293747458360e-01 5.775947626867160567e-01 4.018615509677910813e-01 9.537422310348969701e-01 3.371368166740032479e-01 2.179438430272878646e-01 5.138872333658757174e-01 6.416128201032251788e-01 4.413897479233785393e-01 8.928634530253223289e-01 9.622225237493091665e-01 6.072424466965097301e-01 7.204620302606579152e-01 5.634413733878693709e-01 7.873539695933251537e-02 8.120948384739183901e-01 6.090719946983990107e-01 6.645357680635837205e-01 0.000000000000000000e+00 5.497627941628016046e-01 8.666712275095880269e-01 4.316664086713250525e-01 9.439256737145064191e-01 4.352652726751400358e-01
5.352727927181371026e-01 7.822580160402397009e-01 7.115781505426048703e-01 8.112320974637972082e-01 5.929735564094212874e-01 6.167719300862906096e-01 5.620102505382924551e-01 6.751718323153069745e-01 5.439487315922788557e-01 6.633077231833721665e-01 2.658454750072870576e-01 6.100863085915401163e-01 8.902677843350255138e-01 4.729054045457602440e-01 4.710474660967622906e-01 7.368267062748257157e-02 4.184973508200828807e-01 7.870288376663145957e-01 4.356895573693092549e-01 6.217732321083540015e-01 7.320127230537465390e-01 3.972689964538045904e-01 1.335994434262298691e-01 2.070100619443430712e-01 4.083744790039855466e-01 5.405520954653590948e-01 7.576090387683473981e-01 4.727609390873137585e-01 3.044859954110346045e-01 5.497627941628016046e-01 0.000000000000000000e+00 5.259056227724515642e-01 9.686314035933143440e-01 1.877767852037980356e-01 4.136871468526878148e-01
7.395359187569239268e-01 8.771265074553353802e-01 3.007182463034664965e-01 9.174500599557369185e-01 5.204047686224320124e-01 6.484883241364860496e-01 2.178368265884356170e-01 9.176600384460718018e-01 7.007853049982513127e-01 2.730773404944698557e-01 5.080743242465118881e-01 5.453297907307214087e-01 4.762063021614895142e-01 8.352875977911551342e-01 8.465617355272180289e-01 9.090087306714675908e-01 9.366293077893494967e-01 7.695773104757634986e-01 5.121524157976804492e-01 4.348419521529500176e-01 3.015062337138632587e-01 7.033032688600658888e-01 8.647818892513432498e-01 2.120060846516459430e-01 5.457710771333330602e-01 4.847876977058557801e-01 2.132487878510377355e-01 6.624598507058112595e-01 2.881011689293078160e-01 8.666712275095880269e-01 5.259056227724515642e-01 0.000000000000000000e+00 4.784939348097836942e-01 9.833241778080025197e-01 2.892885540584430037e-01
7.882698773138177017e-01 5.208912247036914245e-01 4.265816850516268577e-01 2.698713096608713613e-01 3.240524870976381200e-01 5.136730357263254998e-01 2.364199027216982163e-01 8.429125934106791451e-01 4.091622096840319411e-01 4.984768715698323915e-01 7.133829628166488135e-01 7.029420408866478009e-01 2.859570611565148690e-01 7.268361738004831540e-01 4.962224735844096846e-01 6.723008735256823520e-01 5.325573634143383472e-01 5.194642924228927150e-01 5.101915646911011626e-01 4.929237313245748986e-01 6.905881589544955457e-01 4.979879440367193655e-01 3.789688890119179421e-01 4.524542731870236922e-01 4.239173735755047412e-01 4.716577765524365695e-01 1.448356322344862557e-01 5.654453582850021975e-01 7.938076900750449250e-01 4.316664086713250525e-01 9.686314035933143440e-01 4.784939348097836942e-01 0.000000000000000000e+00 8.384943547854792900e-01 1.289149221514943600e-01
4.827622543158709978e-01 4.027679922256292011e-01 7.675521540613053917e-01 4.653384111220768005e-01 3.255398630573979601e-01 3.714717623876760966e-01 8.680914759558013838e-01 3.295592406473348834e-01 2.478208654373974529e-01 2.877238948008775665e-01 7.010700529026300254e-01 4.127409394341602367e-01 7.369799418760072385e-01 5.180062527265745231e-01 7.333275927641967895e-01 7.467715037971117686e-02 5.247363466874375160e-01 4.076312374757870560e-01 5.775046293860103264e-01 4.749307291182942037e-01 8.655557607414202659e-01 4.927995005855175803e-01 5.215098551151172712e-01 6.692885083052577677e-01 1.760588411765461325e-01 4.431765537134885191e-01 4.508989650034669339e-01 3.053931487708640979e-01 5.498594942881587233e-01 9.439256737145064191e-01 1.877767852037980356e-01 9.833241778080025197e-01 8.384943547854792900e-01 0.000000000000000000e+00 5.732853693096302550e-01
2.710096467368060535e-01 3.901830232613696658e-01 7.266303257044695041e-01 4.764669648336217755e-01 4.077127361286732032e-01 3.624976307091742900e-01 8.960283124734537141e-01 4.841063037724905316e-01 6.147568197944865975e-01 6.713949302793029705e-01 3.162339074969472419e-01 5.319217041669668244e-01 1.669050887605759703e-01 4.252769261204233930e-01 4.234395566526845123e-01 4.146875867068313681e-01 3.644330001522222418e-01 2.343450085690069740e-01 4.327686229645163474e-01 4.850218805010296785e-01 1.607194654252919186e-01 4.256620842607264921e-01 4.629791011454609251e-01 5.875216554320339402e-01 4.449384623816496909e-01 8.259776699310592551e-01 9.556386864444339491e-01 3.340795867271144637e-01 8.905429588468980473e-01 4.352652726751400358e-01 4.136871468526878148e-01 2.892885540584430037e-01 1.289149221514943600e-01 5.732853693096302550e-01 0.000000000000000000e+00
