0.000000000000000000e+00 3.720391524858144283e-01 1.190494944526160337e-01 3.895471818081880366e-01 6.624850543621463306e-01 6.123149343585702065e-01 6.694133915061299955e-01 5.970930735299940784e-01 1.798791891411797295e-01 4.204747442925581002e-01 4.477342439595929369e-01 2.113366546027469761e-01 5.481000714499829618e-01 2.804998965188978399e-01 9.642734812311360981e-01 6.903543614027407571e-01 2.645729670529000099e-01 7.067831053926186824e-01 8.972753641526611812e-01 5.043218704221041904e-01 5.717524158949991442e-01 5.334238420011274684e-01 4.473531637046396781e-01 2.524869117594548129e-01 4.299647597987698022e-01 5.073796950004043627e-01 9.109611484175190732e-01 1.890773100068970924e-01 5.422428243369481482e-01 4.921225425119901686e-01 7.500099542315831203e-01 3.507263308329687246e-01 2.351436059686450308e-01 6.451010158630106073e-01 2.328305100785459103e-01
3.720391524858144283e-01 0.000000000000000000e+00 7.311198897449084910e-01 7.627626681911241491e-01 9.255042560291786291e-01 7.469472197926414481e-01 7.652353746318119043e-01 3.159791436026841982e-01 4.540870517874334711e-01 5.141724228120758688e-01 4.823146395655902863e-01 5.253164265220420237e-01 7.772697460361381872e-01 7.806838848148869303e-01 5.903117021779382689e-01 2.479371141724521221e-01 4.484647083637389176e-01 6.835958293998583013e-01 3.990960183251268112e-01 2.879248683959865218e-01 8.190115562751399958e-01 4.303741263181347643e-01 4.617969443571011690e-01 5.543004437194156697e-01 4.712303189580044904e-01 1.621523831651881520e-01 3.625131349045174756e-01 3.911784324816461322e-01 7.659902650954888426e-01 3.587735282531219205e-01 1.331814726501007184e-01 8.107897103533328043e-01 3.822881636395483729e-01 4.729266872584189096e-01 9.219261948921896321e-01
1.190494944526160337e-01 7.311198897449084910e-01 0.000000000000000000e+00 3.942310910327059270e-01 6.059549639206996963e-01 3.252616939790022865e-01 5.604259904182113949e-01 5.464795259110952763e-01 9.517105336087938738e-01 6.168837559045167174e-01 4.596142736738763612e-01 4.085722750482889687e-02 5.275981867459060837e-01 9.217381950430043602e-01 2.692408688089866775e-01 4.778776461313904433e-01 7.669785015092760450e-01 7.286996490588534270e-01 7.471582331875278316e-01 3.864104654597910748e-01 3.865338755238083568e-01 6.836968914325762814e-01 7.542524224762710006e-01 3.665337700801888365e-01 3.640729539480798138e-01 8.721309467996566367e-01 5.076681501150146492e-01 2.360998949349318865e-01 4.843884056101046554e-01 4.537840121978715113e-01 4.490941769967542463e-01 6.439023340065848089e-01 5.788031967556948043e-01 4.048217249040899635e-01 6.816371683801436543e-01
3.895471818081880366e-01 7.627626681911241491e-01 3.942310910327059270e-01 0.000000000000000000e+00 6.151561369857778683e-01 8.198041381182348264e-01 5.604436017773304357e-01 5.599273436082825572e-01 8.441189604602883367e-01 5.894405720538273830e-01 4.502101216368176173e-01 3.954795282068080398e-01 3.427524676186103902e-01 3.250132228124899547e-01 9.149362541537054971e-01 3.050881771902950734e-01 7.829047574815120036e-01 7.321326335692821541e-01 5.775731273886506312e-01 7.360922533228531073e-01 6.829922238550727442e-01 5.817135250804508217e-01 6.433061799900352540e-01 7.883547965414113845e-01 3.464011031274032426e-01 5.107042151608677250e-01 3.160807281794466572e-01 5.084709970321545924e-01 9.653523283587439607e-01 7.777229153963993724e-01 6.923553353269923383e-01 6.828775354819924814e-01 2.855100348011734290e-01 1.352641977314837929e-01 4.618474306181480360e-01
6.624850543621463306e-01 9.255042560291786291e-01 6.059549639206996963e-01 6.151561369857778683e-01 0.000000000000000000e+00 6.447816528805616620e-01 5.064382935914991668e-01 5.342517153031349775e-01 5.266046849223444681e-01 7.332182541257878938e-01 4.214929024141543801e-01 2.650640282201501274e-01 4.935829427213325182e-01 8.427222979091262278e-01 4.110510647038903009e-01 3.321835180656005360e-01 9.370554909320505388e-02 5.304340234465321213e-01 3.970836225095807359e-01 5.088999687861743837e-01 4.096884041274695409e-01 7.601045303148508125e-01 5.236037022371673455e-01 6.169809322263708484e-01 5.564651364395822863e-01 4.135343167775599182e-01 5.021833042231704791e-01 5.128165285959207509e-01 4.341383130502647347e-01 4.819876222059032989e-01 4.839222894098010319e-01 7.736370699479280244e-01 4.048895320755381277e-01 4.571448302037113276e-01 2.250745002384213489e-01
6.123149343585702065e-01 7.469472197926414481e-01 3.252616939790022865e-01 8.198041381182348264e-01 6.447816528805616620e-01 0.000000000000000000e+00 2.191956872222506902e-01 6.323077690537388662e-01 5.964988127404660112e-01 5.263154946094374953e-01 5.932486935185825594e-01 4.454845100754514231e-01 1.952467789710107260e-01 7.825172885388114175e-01 1.982142733567071047e-01 2.816019385569631384e-01 3.698615160099965049e-01 3.400982323179474465e-01 2.242229763264974585e-01 6.689129892214380479e-01 7.979332707491870735e-01 7.797830092961521853e-01 8.418099691240288340e-01 4.881216455810076793e-01 8.987261298676028076e-01 1.247060305221526777e-01 4.589207454143356957e-01 6.191785286718715087e-01 7.753825023891860457e-01 7.470205007096661909e-01 4.098919498183400956e-01 5.508494255348235225e-01 3.761097351368890562e-01 1.155646577580064505e-01 6.069119198100759727e-01
6.694133915061299955e-01 7.652353746318119043e-01 5.604259904182113949e-01 5.604436017773304357e-01 5.064382935914991668e-01 2.191956872222506902e-01 0.000000000000000000e+00 6.695613078672353335e-01 6.768972610480172847e-01 5.476779252722954183e-01 1.161392996038800307e-01 5.725145435791673121e-01 2.830080765687816857e-01 5.241084181098019101e-01 2.313907517564766092e-01 6.981009091724148519e-01 6.876252239366720254e-01 3.960294804037538530e-01 3.264720269413357023e-01 3.846255061895459959e-01 9.697773682944921259e-02 4.949741073982047990e-01 7.024022914975744936e-01 6.884566106332545843e-01 7.955214361643270227e-01 4.433826804565104696e-01 5.528743275563621218e-01 5.674081692020940260e-01 6.123315850549926331e-01 3.955921567031980279e-01 5.733835161711945405e-01 6.170008955705943432e-01 3.820101304355246752e-01 2.070902670228910170e-01 6.806457262569888256e-01
5.970930735299940784e-01 3.159791436026841982e-01 5.464795259110952763e-01 5.599273436082825572e-01 5.342517153031349775e-01 6.323077690537388662e-01 6.695613078672353335e-01 0.000000000000000000e+00 7.462979600633090627e-01 6.670374029854615472e-01 7.665417882776730529e-01 3.971788254209096536e-01 9.464783165844932178e-01 5.819825388105587249e-01 4.737658664913376727e-01 9.331027163124637758e-01 7.489754086063442617e-01 9.609886820408279906e-01 8.338116825733516979e-01 3.848092579599398655e-01 2.369039348931338829e-01 8.102453253024047841e-01 6.073857640355576626e-01 7.510808396740904502e-01 6.976375952808125946e-01 7.099305799491022473e-01 5.111616174469522100e-01 2.517972380207272320e-01 5.662480786064247873e-01 9.263482359055386084e-01 6.848898487555554748e-01 3.513925182822513205e-01 9.713360203901055812e-01 4.836164097854556143e-02 6.737880420770796519e-01
1.798791891411797295e-01 4.540870517874334711e-01 9.517105336087938738e-01 8.441189604602883367e-01 5.266046849223444681e-01 5.964988127404660112e-01 6.768972610480172847e-01 7.462979600633090627e-01 0.000000000000000000e+00 6.099409137839679751e-01 2.664195814252740546e-01 3.213700955881917398e-01 4.445307003175521521e-01 2.419977865519696014e-01 4.295687038479073516e-01 3.079643776935244714e-01 1.547296600003097433e-01 3.034268392575850681e-01 2.223706574536356007e-01 6.456029585803841897e-01 4.734975469871458564e-01 2.072538106917304335e-01 4.333790206435495507e-01 7.318186156696957489e-01 2.216307812178484049e-01 7.700012516860139655e-01 6.391318536023976593e-01 5.805067700347412707e-01 3.679743911528465250e-01 4.499323726435351944e-01 3.687169020665143071e-01 4.541620619557025229e-01 3.995308719957872956e-01 2.426304658684305116e-01 3.028980955076933657e-01
4.204747442925581002e-01 5.141724228120758688e-01 6.168837559045167174e-01 5.894405720538273830e-01 7.332182541257878938e-01 5.263154946094374953e-01 5.476779252722954183e-01 6.670374029854615472e-01 6.099409137839679751e-01 0.000000000000000000e+00 4.010302846869361892e-01 6.709212347554042166e-01 6.273648392175056321e-01 4.584707221188367710e-01 7.645465629256630313e-01 4.719437945555883807e-01 5.330798792872037950e-01 5.110657376532052876e-01 6.120918376452789689e-01 5.500324699724137290e-01 8.614373331093105879e-02 2.155663098152340584e-01 3.825656928656031575e-01 4.645705399817001147e-01 7.716547852212344294e-01 8.008057337429468348e-01 6.565875444593527455e-02 4.493155228194426476e-01 4.998946487461778387e-01 3.681666277446661306e-01 7.910696372683465594e-01 4.084363694009766066e-01 7.629003462175965034e-01 5.642792553383942922e-01 7.924157543087940736e-01
4.477342439595929369e-01 4.823146395655902863e-01 4.596142736738763612e-01 4.502101216368176173e-01 4.214929024141543801e-01 5.932486935185825594e-01 1.161392996038800307e-01 7.665417882776730529e-01 2.664195814252740546e-01 4.010302846869361892e-01 0.000000000000000000e+00 3.492033479982825095e-01 3.967631904811229626e-01 5.316967778319394711e-01 4.208563304311646602e-01 2.478819046853086849e-02 2.852137500799842851e-01 5.281517721991674241e-01 8.729623077302781642e-01 5.777687064560993457e-01 2.161421358629726508e-01 6.426952511202763674e-01 7.363834790201144731e-01 5.425694828982932094e-01 3.321929293954409279e-01 4.232362964954763385e-01 1.317073351257690428e-01 2.995482497814876410e-01 2.755885868696724694e-01 6.766940520490427602e-01 4.770255749968222436e-01 5.745769146599857269e-01 5.965356525763951812e-01 5.884740652315649800e-01 1.479941671640150336e-01
2.113366546027469761e-01 5.253164265220420237e-01 4.085722750482889687e-02 3.954795282068080398e-01 2.650640282201501274e-01 4.454845100754514231e-01 5.725145435791673121e-01 3.971788254209096536e-01 3.213700955881917398e-01 6.709212347554042166e-01 3.492033479982825095e-01 0.000000000000000000e+00 5.767572686865389819e-01 7.202390764486608088e-01 4.576513208160037927e-01 4.335437467961294478e-01 5.767917948530372207e-01 3.070332148932836125e-01 5.308929836825009296e-01 3.262018573395354393e-01 4.701903343667876989e-01 4.047182644313611632e-01 7.501471321076227383e-01 7.079124071249807137e-01 3.812883899070879101e-01 3.546172786399889310e-01 1.805999240438930231e-01 4.399890030909860417e-01 9.415667205528921446e-01 8.111802780654431277e-01 7.640480127144150257e-01 5.961133413291633820e-01 6.606321596423018194e-01 4.102081795479477488e-01 8.125845559268236595e-01
5.481000714499829618e-01 7.772697460361381872e-01 5.275981867459060837e-01 3.427524676186103902e-01 4.935829427213325182e-01 1.952467789710107260e-01 2.830080765687816857e-01 9.464783165844932178e-01 4.445307003175521521e-01 6.273648392175056321e-01 3.967631904811229626e-01 5.767572686865389819e-01 0.000000000000000000e+00 4.138265986535846208e-01 2.205895424624969570e-01 6.722049836618805285e-01 7.159330899836024997e-01 3.309526387389108981e-01 5.027305487982662857e-01 6.392289423391069869e-01 3.289427290165025664e-01 4.567883207474353058e-01 2.387050151149385790e-01 7.163099459614714615e-01 5.274205243863516746e-01 2.791546688564690015e-01 4.473002834517337822e-01 6.432593488652537106e-01 3.301749670662583180e-01 6.595038643762571873e-01 7.062912636647524778e-01 3.887550001789176202e-01 2.516513395139721165e-01 7.902079521083287261e-01 2.602125921840673373e-01
2.804998965188978399e-01 7.806838848148869303e-01 9.217381950430043602e-01 3.250132228124899547e-01 8.427222979091262278e-01 7.825172885388114175e-01 5.241084181098019101e-01 5.819825388105587249e-01 2.419977865519696014e-01 4.584707221188367710e-01 5.316967778319394711e-01 7.202390764486608088e-01 4.138265986535846208e-01 0.000000000000000000e+00 1.692980711371091518e-01 7.217076326464129110e-01 2.755630406293180235e-01 2.427228119134018369e-01 4.015636400160153552e-01 2.862110400400246224e-01 2.502731057705421813e-01 3.746660380632959031e-01 5.335553744361072326e-01 2.706710335672413703e-01 6.146998466529255412e-01 3.160004358905980082e-01 7.924162403414876099e-01 5.504949022611441700e-01 7.117698114271859833e-01 8.294979642643915962e-01 5.555097521463420174e-01 8.227954325924596857e-01 7.216341030031442338e-01 3.197333219044969366e-01 5.174685964351841694e-01
9.642734812311360981e-01 5.903117021779382689e-01 2.692408688089866775e-01 9.149362541537054971e-01 4.110510647038903009e-01 1.982142733567071047e-01 2.313907517564766092e-01 4.737658664913376727e-01 4.295687038479073516e-01 7.645465629256630313e-01 4.208563304311646602e-01 4.576513208160037927e-01 2.205895424624969570e-01 1.692980711371091518e-01 0.000000000000000000e+00 4.086663891591157949e-01 7.763045006899149669e-01 1.627023074478994857e-01 3.841863791239437109e-01 8.002080592252595048e-01 9.348669870764140244e-01 4.298256908287924061e-01 5.152556028644513786e-01 6.184887284175755173e-01 7.080136384484803092e-02 3.461713105883500452e-01 3.052433924700722057e-01 5.129785240745927677e-01 7.363638292977822131e-01 4.504114768235941701e-01 5.758916400101554700e-01 7.049254311902515280e-01 1.126710502387514579e-01 5.181245800607722218e-01 7.368709775116194516e-01
6.903543614027407571e-01 2.479371141724521221e-01 4.778776461313904433e-01 3.050881771902950734e-01 3.321835180656005360e-01 2.816019385569631384e-01 6.981009091724148519e-01 9.331027163124637758e-01 3.079643776935244714e-01 4.719437945555883807e-01 2.478819046853086849e-02 4.335437467961294478e-01 6.722049836618805285e-01 7.217076326464129110e-01 4.086663891591157949e-01 0.000000000000000000e+00 5.513870257097086558e-01 6.141172165693657981e-01 4.636626828832355884e-01 5.081050911622402300e-01 6.020452505647835295e-01 7.122736213657833160e-01 6.973395135077032903e-01 5.595625271076798413e-01 2.815310965616630856e-01 1.721380210561052060e-01 5.758747820984603250e-01 9.469510536450995719e-01 8.880557467176848352e-01 4.241848402930610273e-01 7.453600727971499973e-01 2.303457250563740732e-01 4.008066282517663836e-01 4.242095798795830763e-01 6.551872736462123203e-01
2.645729670529000099e-01 4.484647083637389176e-01 7.669785015092760450e-01 7.829047574815120036e-01 9.370554909320505388e-02 3.698615160099965049e-01 6.876252239366720254e-01 7.489754086063442617e-01 1.547296600003097433e-01 5.330798792872037950e-01 2.852137500799842851e-01 5.767917948530372207e-01 7.159330899836024997e-01 2.755630406293180235e-01 7.763045006899149669e-01 5.513870257097086558e-01 0.000000000000000000e+00 4.669927109695928280e-01 1.792953612307361944e-01 2.816200889204985569e-01 4.033151037044780396e-01 5.461281433234365101e-01 9.049132202115061085e-01 5.755838060540745538e-01 2.250737978408292594e-01 6.659923668407836672e-01 4.271074196344334939e-01 9.244053609292339768e-01 4.287758509772008897e-01 1.685621830454132608e-01 5.726873517516637424e-01 7.136997853212729837e-01 7.545762596914781239e-01 8.689217923419365608e-01 2.861635837905763813e-01
7.067831053926186824e-01 6.835958293998583013e-01 7.286996490588534270e-01 7.321326335692821541e-01 5.304340234465321213e-01 3.400982323179474465e-01 3.960294804037538530e-01 9.609886820408279906e-01 3.034268392575850681e-01 5.110657376532052876e-01 5.281517721991674241e-01 3.070332148932836125e-01 3.309526387389108981e-01 2.427228119134018369e-01 1.627023074478994857e-01 6.141172165693657981e-01 4.669927109695928280e-01 0.000000000000000000e+00 9.703032173185733855e-01 1.835583273218978073e-01 4.883798459494041455e-01 4.733388890992560327e-01 6.362744374399684766e-01 2.551552084839548984e-01 5.072342240838582095e-01 2.950398907672333593e-01 7.071792593820895867e-01 3.617379078306016682e-01 4.549177717045360669e-02 6.435348556300157785e-01 3.691585600975508807e-01 6.540582964491837847e-01 3.900367477906929170e-01 5.306500485454321847e-01 6.685806920301874401e-01
8.972753641526611812e-01 3.990960183251268112e-01 7.471582331875278316e-01 5.775731273886506312e-01 3.970836225095807359e-01 2.242229763264974585e-01 3.264720269413357023e-01 8.338116825733516979e-01 2.223706574536356007e-01 6.120918376452789689e-01 8.729623077302781642e-01 5.308929836825009296e-01 5.027305487982662857e-01 4.015636400160153552e-01 3.841863791239437109e-01 4.636626828832355884e-01 1.792953612307361944e-01 9.703032173185733855e-01 0.000000000000000000e+00 5.008859823092437491e-01 4.704152310994866859e-01 3.445053020132687882e-01 6.394632605756733756e-01 3.136401251872479312e-01 6.610256229863313848e-01 5.708959625521654591e-01 2.308089527940526686e-01 4.280535124236366507e-01 5.792764932556180302e-01 4.080906760660663046e-01 3.710850972382780943e-01 4.898959144344109395e-01 5.719304217226545139e-01 4.142800270945836139e-01 5.037010374936590207e-01
5.043218704221041904e-01 2.879248683959865218e-01 3.864104654597910748e-01 7.360922533228531073e-01 5.088999687861743837e-01 6.689129892214380479e-01 3.846255061895459959e-01 3.848092579599398655e-01 6.456029585803841897e-01 5.500324699724137290e-01 5.777687064560993457e-01 3.262018573395354393e-01 6.392289423391069869e-01 2.862110400400246224e-01 8.002080592252595048e-01 5.081050911622402300e-01 2.816200889204985569e-01 1.835583273218978073e-01 5.008859823092437491e-01 0.000000000000000000e+00 9.263678969387549866e-01 9.570551834693585835e-02 2.788146708003240715e-01 8.715652460561127413e-01 8.760015537309785438e-01 4.935815135296504619e-01 2.458183213171059311e-01 6.801704244414974454e-01 4.985612089785207424e-01 5.185864673914168943e-01 1.627469805960997107e-01 9.058323531094634173e-01 3.045307266332155094e-01 4.256642467691412746e-01 6.698931229735762827e-01
5.717524158949991442e-01 8.190115562751399958e-01 3.865338755238083568e-01 6.829922238550727442e-01 4.096884041274695409e-01 7.979332707491870735e-01 9.697773682944921259e-02 2.369039348931338829e-01 4.734975469871458564e-01 8.614373331093105879e-02 2.161421358629726508e-01 4.701903343667876989e-01 3.289427290165025664e-01 2.502731057705421813e-01 9.348669870764140244e-01 6.020452505647835295e-01 4.033151037044780396e-01 4.883798459494041455e-01 4.704152310994866859e-01 9.263678969387549866e-01 0.000000000000000000e+00 5.431092284007126292e-01 7.286074385309246892e-01 5.367386373105098585e-01 5.982110640525475365e-01 7.184331045598006948e-01 4.601729612190763596e-01 1.991432727327764329e-01 3.422482277209490942e-01 5.471841743608767406e-01 3.404799109646751143e-01 5.165379152916839134e-01 5.224499555141524088e-01 5.477675283966710884e-01 7.268093315812973465e-01
5.334238420011274684e-01 4.303741263181347643e-01 6.836968914325762814e-01 5.817135250804508217e-01 7.601045303148508125e-01 7.797830092961521853e-01 4.949741073982047990e-01 8.102453253024047841e-01 2.072538106917304335e-01 2.155663098152340584e-01 6.426952511202763674e-01 4.047182644313611632e-01 4.567883207474353058e-01 3.746660380632959031e-01 4.298256908287924061e-01 7.122736213657833160e-01 5.461281433234365101e-01 4.733388890992560327e-01 3.445053020132687882e-01 9.570551834693585835e-02 5.431092284007126292e-01 0.000000000000000000e+00 3.529854890658750688e-01 2.411258064073095175e-01 3.085034299406529401e-01 5.216005090941426836e-01 2.249967078525996200e-01 6.684249781556756975e-01 5.072334796437680815e-01 2.365654652870542440e-01 1.044920935576501009e-01 7.439827147031647936e-01 3.692073743000210406e-01 5.567626872345520228e-01 3.641620767038623585e-01
4.473531637046396781e-01 4.617969443571011690e-01 7.542524224762710006e-01 6.433061799900352540e-01 5.236037022371673455e-01 8.418099691240288340e-01 7.024022914975744936e-01 6.073857640355576626e-01 4.333790206435495507e-01 3.825656928656031575e-01 7.363834790201144731e-01 7.501471321076227383e-01 2.387050151149385790e-01 5.335553744361072326e-01 5.152556028644513786e-01 6.973395135077032903e-01 9.049132202115061085e-01 6.362744374399684766e-01 6.394632605756733756e-01 2.788146708003240715e-01 7.286074385309246892e-01 3.529854890658750688e-01 0.000000000000000000e+00 4.157925899650671830e-01 5.229230711169245982e-01 6.471636144475564345e-01 2.656000077955159577e-01 8.573833185087857967e-01 6.629204284081012810e-01 2.832546412979544126e-01 5.334356016055324945e-01 2.765388419855537294e-01 4.835236534145479492e-01 2.575837939671459798e-01 2.332924902241672316e-01
2.524869117594548129e-01 5.543004437194156697e-01 3.665337700801888365e-01 7.883547965414113845e-01 6.169809322263708484e-01 4.881216455810076793e-01 6.884566106332545843e-01 7.510808396740904502e-01 7.318186156696957489e-01 4.645705399817001147e-01 5.425694828982932094e-01 7.079124071249807137e-01 7.163099459614714615e-01 2.706710335672413703e-01 6.184887284175755173e-01 5.595625271076798413e-01 5.755838060540745538e-01 2.551552084839548984e-01 3.136401251872479312e-01 8.715652460561127413e-01 5.367386373105098585e-01 2.411258064073095175e-01 4.157925899650671830e-01 0.000000000000000000e+00 4.603827029170350915e-01 9.454099447134813872e-01 5.654728256320024071e-01 7.554783021898971995e-01 1.801634463488670512e-01 5.707902584141052449e-01 7.588744558857311029e-01 3.294034359463116068e-01 6.570885306251645908e-01 1.265236563068454778e-01 3.900223373564362661e-01
4.299647597987698022e-01 4.712303189580044904e-01 3.640729539480798138e-01 3.464011031274032426e-01 5.564651364395822863e-01 8.987261298676028076e-01 7.955214361643270227e-01 6.976375952808125946e-01 2.216307812178484049e-01 7.716547852212344294e-01 3.321929293954409279e-01 3.812883899070879101e-01 5.274205243863516746e-01 6.146998466529255412e-01 7.080136384484803092e-02 2.815310965616630856e-01 2.250737978408292594e-01 5.072342240838582095e-01 6.610256229863313848e-01 8.760015537309785438e-01 5.982110640525475365e-01 3.085034299406529401e-01 5.229230711169245982e-01 4.603827029170350915e-01 0.000000000000000000e+00 5.718895612145822316e-01 7.464353127992950920e-01 8.199584998238027556e-01 2.132799152356093519e-01 3.226178849239172974e-01 3.998862426338378184e-01 6.446443033214233065e-01 4.969035962975524301e-01 3.844309724499530567e-01 4.748247177477788461e-01
5.073796950004043627e-01 1.621523831651881520e-01 8.721309467996566367e-01 5.107042151608677250e-01 4.135343167775599182e-01 1.247060305221526777e-01 4.433826804565104696e-01 7.099305799491022473e-01 7.700012516860139655e-01 8.008057337429468348e-01 4.232362964954763385e-01 3.546172786399889310e-01 2.791546688564690015e-01 3.160004358905980082e-01 3.461713105883500452e-01 1.721380210561052060e-01 6.659923668407836672e-01 2.950398907672333593e-01 5.708959625521654591e-01 4.935815135296504619e-01 7.184331045598006948e-01 5.216005090941426836e-01 6.471636144475564345e-01 9.454099447134813872e-01 5.718895612145822316e-01 0.000000000000000000e+00 6.156265167690293527e-01 2.817679821310800081e-01 3.700670919021867844e-01 4.585374924604874169e-01 7.728090246062108148e-01 7.716182681981802460e-01 5.057313998891201923e-01 2.748345416114014172e-01 5.682514316231492835e-01
9.109611484175190732e-01 3.625131349045174756e-01 5.076681501150146492e-01 3.160807281794466572e-01 5.021833042231704791e-01 4.589207454143356957e-01 5.528743275563621218e-01 5.111616174469522100e-01 6.391318536023976593e-01 6.565875444593527455e-02 1.317073351257690428e-01 1.805999240438930231e-01 4.473002834517337822e-01 7.924162403414876099e-01 3.052433924700722057e-01 5.758747820984603250e-01 4.271074196344334939e-01 7.071792593820895867e-01 2.308089527940526686e-01 2.458183213171059311e-01 4.601729612190763596e-01 2.249967078525996200e-01 2.656000077955159577e-01 5.654728256320024071e-01 7.464353127992950920e-01 6.156265167690293527e-01 0.000000000000000000e+00 6.366528204401233904e-01 6.264100259399523196e-01 4.444899685942698686e-01 2.144123271450322221e-01 8.734306805843846666e-01 5.504331995634081931e-02 3.071368163494080372e-01 6.037822841918760730e-01
1.890773100068970924e-01 3.911784324816461322e-01 2.360998949349318865e-01 5.084709970321545924e-01 5.128165285959207509e-01 6.191785286718715087e-01 5.674081692020940260e-01 2.517972380207272320e-01 5.805067700347412707e-01 4.493155228194426476e-01 2.995482497814876410e-01 4.399890030909860417e-01 6.432593488652537106e-01 5.504949022611441700e-01 5.129785240745927677e-01 9.469510536450995719e-01 9.244053609292339768e-01 3.617379078306016682e-01 4.280535124236366507e-01 6.801704244414974454e-01 1.991432727327764329e-01 6.684249781556756975e-01 8.573833185087857967e-01 7.554783021898971995e-01 8.199584998238027556e-01 2.817679821310800081e-01 6.366528204401233904e-01 0.000000000000000000e+00 6.630283388449894622e-01 3.420381838001710362e-01 2.832799994473689242e-01 6.125737778074911155e-01 5.418545894836946930e-01 3.259378407793449561e-01 7.942665764392150551e-01
5.422428243369481482e-01 7.659902650954888426e-01 4.843884056101046554e-01 9.653523283587439607e-01 4.341383130502647347e-01 7.753825023891860457e-01 6.123315850549926331e-01 5.662480786064247873e-01 3.679743911528465250e-01 4.998946487461778387e-01 2.755885868696724694e-01 9.415667205528921446e-01 3.301749670662583180e-01 7.117698114271859833e-01 7.363638292977822131e-01 8.880557467176848352e-01 4.287758509772008897e-01 4.549177717045360669e-02 5.792764932556180302e-01 4.985612089785207424e-01 3.422482277209490942e-01 5.072334796437680815e-01 6.629204284081012810e-01 1.801634463488670512e-01 2.132799152356093519e-01 3.700670919021867844e-01 6.264100259399523196e-01 6.630283388449894622e-01 0.000000000000000000e+00 7.342530748430275978e-01 8.788162497110437732e-01 5.759208297782898445e-01 7.851707008519717146e-01 4.708385400618654293e-01 6.666013556175826027e-01
4.921225425119901686e-01 3.587735282531219205e-01 4.537840121978715113e-01 7.777229153963993724e-01 4.819876222059032989e-01 7.470205007096661909e-01 3.955921567031980279e-01 9.263482359055386084e-01 4.499323726435351944e-01 3.681666277446661306e-01 6.766940520490427602e-01 8.111802780654431277e-01 6.595038643762571873e-01 8.294979642643915962e-01 4.504114768235941701e-01 4.241848402930610273e-01 1.685621830454132608e-01 6.435348556300157785e-01 4.080906760660663046e-01 5.185864673914168943e-01 5.471841743608767406e-01 2.365654652870542440e-01 2.832546412979544126e-01 5.707902584141052449e-01 3.226178849239172974e-01 4.585374924604874169e-01 4.444899685942698686e-01 3.420381838001710362e-01 7.342530748430275978e-01 0.000000000000000000e+00 1.688600181356447738e-01 9.138191853632779971e-01 9.482170609101947534e-02 8.157585306500805267e-01 7.739420000628474128e-01
7.500099542315831203e-01 1.331814726501007184e-01 4.490941769967542463e-01 6.923553353269923383e-01 4.839222894098010319e-01 4.098919498183400956e-01 5.733835161711945405e-01 6.848898487555554748e-01 3.687169020665143071e-01 7.910696372683465594e-01 4.770255749968222436e-01 7.640480127144150257e-01 7.062912636647524778e-01 5.555097521463420174e-01 5.758916400101554700e-01 7.453600727971499973e-01 5.726873517516637424e-01 3.691585600975508807e-01 3.710850972382780943e-01 1.627469805960997107e-01 3.404799109646751143e-01 1.044920935576501009e-01 5.334356016055324945e-01 7.588744558857311029e-01 3.998862426338378184e-01 7.728090246062108148e-01 2.144123271450322221e-01 2.832799994473689242e-01 8.788162497110437732e-01 1.688600181356447738e-01 0.000000000000000000e+00 3.985641012193317234e-01 6.950764063804426574e-01 4.465727825245401350e-01 6.563314298009685910e-01
3.507263308329687246e-01 8.107897103533328043e-01 6.439023340065848089e-01 6.828775354819924814e-01 7.736370699479280244e-01 5.508494255348235225e-01 6.170008955705943432e-01 3.513925182822513205e-01 4.541620619557025229e-01 4.084363694009766066e-01 5.745769146599857269e-01 5.961133413291633820e-01 3.887550001789176202e-01 8.227954325924596857e-01 7.049254311902515280e-01 2.303457250563740732e-01 7.136997853212729837e-01 6.540582964491837847e-01 4.898959144344109395e-01 9.058323531094634173e-01 5.165379152916839134e-01 7.439827147031647936e-01 2.765388419855537294e-01 3.294034359463116068e-01 6.446443033214233065e-01 7.716182681981802460e-01 8.734306805843846666e-01 6.125737778074911155e-01 5.759208297782898445e-01 9.138191853632779971e-01 3.985641012193317234e-01 0.000000000000000000e+00 6.813196727986378098e-01 5.871590130224269011e-01 7.773524235206720201e-01
2.351436059686450308e-01 3.822881636395483729e-01 5.788031967556948043e-01 2.855100348011734290e-01 4.048895320755381277e-01 3.761097351368890562e-01 3.820101304355246752e-01 9.713360203901055812e-01 3.995308719957872956e-01 7.629003462175965034e-01 5.965356525763951812e-01 6.606321596423018194e-01 2.516513395139721165e-01 7.216341030031442338e-01 1.126710502387514579e-01 4.008066282517663836e-01 7.545762596914781239e-01 3.900367477906929170e-01 5.719304217226545139e-01 3.045307266332155094e-01 5.224499555141524088e-01 3.692073743000210406e-01 4.835236534145479492e-01 6.570885306251645908e-01 4.969035962975524301e-01 5.057313998891201923e-01 5.504331995634081931e-02 5.418545894836946930e-01 7.851707008519717146e-01 9.482170609101947534e-02 6.950764063804426574e-01 6.813196727986378098e-01 0.000000000000000000e+00 5.412748563566370796e-01 5.981352107509230187e-01
6.451010158630106073e-01 4.729266872584189096e-01 4.048217249040899635e-01 1.352641977314837929e-01 4.571448302037113276e-01 1.155646577580064505e-01 2.070902670228910170e-01 4.836164097854556143e-02 2.426304658684305116e-01 5.642792553383942922e-01 5.884740652315649800e-01 4.102081795479477488e-01 7.902079521083287261e-01 3.197333219044969366e-01 5.181245800607722218e-01 4.242095798795830763e-01 8.689217923419365608e-01 5.306500485454321847e-01 4.142800270945836139e-01 4.256642467691412746e-01 5.477675283966710884e-01 5.567626872345520228e-01 2.575837939671459798e-01 1.265236563068454778e-01 3.844309724499530567e-01 2.748345416114014172e-01 3.071368163494080372e-01 3.259378407793449561e-01 4.708385400618654293e-01 8.157585306500805267e-01 4.465727825245401350e-01 5.871590130224269011e-01 5.412748563566370796e-01 0.000000000000000000e+00 6.493560834497511536e-01
2.328305100785459103e-01 9.219261948921896321e-01 6.816371683801436543e-01 4.618474306181480360e-01 2.250745002384213489e-01 6.069119198100759727e-01 6.806457262569888256e-01 6.737880420770796519e-01 3.028980955076933657e-01 7.924157543087940736e-01 1.479941671640150336e-01 8.125845559268236595e-01 2.602125921840673373e-01 5.174685964351841694e-01 7.368709775116194516e-01 6.551872736462123203e-01 2.861635837905763813e-01 6.685806920301874401e-01 5.037010374936590207e-01 6.698931229735762827e-01 7.268093315812973465e-01 3.641620767038623585e-01 2.332924902241672316e-01 3.900223373564362661e-01 4.748247177477788461e-01 5.682514316231492835e-01 6.037822841918760730e-01 7.942665764392150551e-01 6.666013556175826027e-01 7.739420000628474128e-01 6.563314298009685910e-01 7.773524235206720201e-01 5.981352107509230187e-01 6.493560834497511536e-01 0.000000000000000000e+00
