0.000000000000000000e+00 8.962550244255438336e-01 3.182989807412501815e-01 5.659944703823908130e-01 7.978691516089045921e-01 4.576385142931029271e-01 7.535521345976363694e-01 6.184757571567979229e-01 5.152799335371125444e-01 1.025733095080030299e-01 6.420471081292165039e-01 3.127889976958683760e-01 4.363435560341036301e-01 4.251125397770830205e-01 5.594499508999646320e-01 4.852027034073735368e-01 7.752748420553979836e-01 4.113444216145702437e-01 6.316807708006553224e-01 3.389747855216780903e-01 8.098620644722427375e-01 6.464013676928925811e-01 5.104645671163469123e-01 3.964738612679473695e-01 6.458591113981794196e-01 6.375179241083970272e-01 4.731838213759128609e-01 2.020592086363783846e-01 6.240066536222528271e-01 6.877101277400081702e-01 4.606473377776042488e-01 7.775845767368763095e-01 4.557190189566979743e-01 3.530674762034403669e-01 3.117135796091283773e-01
8.962550244255438336e-01 0.000000000000000000e+00 8.136069774696703671e-01 1.907018317768930937e-01 3.941463249173973171e-01 1.738804153424741150e-01 4.527189506154939425e-01 1.501367886544304753e-01 3.417344678976964589e-01 7.323841992754813734e-01 7.157630398616001699e-01 9.188233157259695361e-01 8.678145979538178789e-01 5.031174318862613459e-01 8.448757268599065284e-01 3.324002258361390405e-01 7.620538210318350547e-01 9.091553075575423692e-01 4.756276181677168702e-01 4.298216380034980411e-02 6.745127191066401240e-01 2.512510199588525728e-01 7.676375503533106048e-01 5.548168725579325500e-01 4.851962716404176756e-01 7.778142356629050846e-01 5.408890874018210670e-01 4.204887332927091381e-01 4.559993151080768969e-01 6.180270170140298447e-01 1.163904253644579834e-01 2.546189977252774073e-01 2.055295522082212223e-01 5.873356593958167782e-01 8.438672932083099987e-01
3.182989807412501815e-01 8.136069774696703671e-01 0.000000000000000000e+00 3.987661618016929976e-01 9.922052658247415557e-02 8.251626235410042254e-01 4.314328024830553221e-01 6.298832819819918383e-01 6.681980136974587925e-01 1.361763912538188626e-01 8.706622178281686608e-01 6.494124917885196746e-01 4.317458396363856865e-01 1.120780520946246250e-01 5.558038233337909695e-01 8.361659332170793268e-01 3.579877768631093415e-01 2.669620768471163696e-01 5.007430117826880966e-01 4.119416591196897737e-01 4.862044780363740104e-01 6.591017124266600469e-01 3.981491614896739417e-01 6.381383005486473969e-01 6.524990989620825799e-01 8.666356499555155635e-01 2.543641248303157854e-01 8.855018437445629775e-01 6.798873699409273552e-01 7.028165244888184837e-01 4.558320374802851127e-01 7.650178292275098269e-01 4.153120965720549784e-01 8.509907829003737767e-01 4.734500986757439467e-01
5.659944703823908130e-01 1.907018317768930937e-01 3.987661618016929976e-01 0.000000000000000000e+00 4.179284616662901630e-01 1.368901149646519766e-01 8.338237780638075858e-01 6.642563308281925760e-01 9.296324460246001564e-01 4.738809614165970241e-01 8.176690561397281787e-01 9.201634601443622330e-01 5.822804085248519668e-01 8.021863548508751940e-01 5.331333202941463956e-01 6.016142811953024694e-01 1.684986555456341462e-01 1.570892097702569767e-01 4.999033204164948230e-01 2.189312504654667979e-01 4.716993088242124599e-01 7.846797539475653949e-01 3.985898872741013843e-01 8.310811693294184455e-01 8.585865065424924669e-01 1.061699515894030110e-01 4.937925799190922005e-01 3.942049832084854599e-01 5.037527832199839573e-01 6.639786840514254607e-01 4.562186072224838629e-01 4.324957060595732705e-01 2.843991103158267642e-01 2.911180728087647829e-01 7.275056745390854340e-01
7.978691516089045921e-01 3.941463249173973171e-01 9.922052658247415557e-02 4.179284616662901630e-01 0.000000000000000000e+00 5.646691776137653385e-01 3.887363463064965607e-01 7.165247631231366210e-01 6.412878551750791356e-01 5.019499600031943620e-01 8.491546109757182048e-01 5.952397469533687868e-02 8.406010045767930983e-01 5.218286532866067695e-01 7.913093939767639196e-01 5.799254291032605035e-01 6.388145926477777348e-01 8.819870935495677244e-01 6.010284628821550568e-01 7.016787417424111828e-01 3.520372146754550124e-01 7.220721531397491511e-01 7.112103796847462078e-01 5.041354708010921115e-01 3.878830646238828339e-01 7.699579975246373387e-01 4.312294589493609331e-01 6.622887050769576955e-01 9.154288502452803122e-01 8.929972437492934567e-01 9.038151795896633978e-01 4.932771600749054075e-01 5.335017750552450977e-01 7.902197344606889384e-01 1.639814243129100735e-02
4.576385142931029271e-01 1.738804153424741150e-01 8.251626235410042254e-01 1.368901149646519766e-01 5.646691776137653385e-01 0.000000000000000000e+00 4.648750711868868124e-01 5.298491071196712587e-01 8.172243009365964816e-01 8.621071302797698177e-01 5.117454955392053417e-02 7.084903023332322913e-02 3.613592050328364724e-01 8.022344283289936095e-01 8.338450758274678076e-01 7.678249295235060057e-01 4.565973237201255142e-01 6.480525036276162387e-01 7.495229023021239279e-01 7.553582276864108103e-01 8.149877713323775419e-01 5.291903340886516816e-01 7.982359545237270870e-01 1.410853734213537436e-01 2.445692607584792899e-01 6.085689328375916141e-01 2.986224194547584809e-01 6.680309395476484724e-01 4.798219053554845792e-01 4.146137519285300055e-01 5.577063367659178539e-01 7.888235902006006661e-01 5.819727825621687778e-01 5.542906124125868139e-01 6.822338211663452334e-01
7.535521345976363694e-01 4.527189506154939425e-01 4.314328024830553221e-01 8.338237780638075858e-01 3.887363463064965607e-01 4.648750711868868124e-01 0.000000000000000000e+00 9.191144164219910984e-01 3.212695240104451178e-01 7.669097843009236026e-01 5.816123318053217917e-01 6.444138800428125258e-01 3.920003299463597490e-01 5.424161320134694986e-01 9.584622056693243852e-01 7.349034522664206204e-01 9.163251815563207003e-01 4.429865774202140227e-01 3.753226369600206613e-01 4.228791559205984374e-01 7.300139200318405130e-01 9.672087125069472879e-01 6.319275178644492286e-01 2.251518526236159223e-01 5.365013990703908497e-01 3.895374138640349537e-01 6.845882162965204465e-01 1.410118759250127418e-01 1.288287159393005643e-01 3.287389305399623929e-01 1.473865670502592096e-01 8.224568345886703602e-01 5.233003567279120860e-01 9.116007349320316422e-01 5.491970024582635279e-01
6.184757571567979229e-01 1.501367886544304753e-01 6.298832819819918383e-01 6.642563308281925760e-01 7.165247631231366210e-01 5.298491071196712587e-01 9.191144164219910984e-01 0.000000000000000000e+00 7.239511573402428457e-01 8.238510746517593297e-01 7.789974564795596468e-01 5.481376004402194191e-01 2.011934206537511205e-01 6.684105077800506223e-01 7.529323579501667751e-01 9.340949341785507176e-01 6.569959813152350669e-01 3.755904768290674323e-01 5.091419970272383910e-01 4.858633902995848075e-01 7.141922525682085077e-01 3.770723381051233059e-01 4.097065303622884347e-01 2.318552557165854955e-01 7.033331271071707747e-02 7.184112584715836025e-01 8.291880474674718782e-01 8.236159515945372656e-01 5.319091155992391462e-01 4.611727779220518020e-01 4.301495462109409806e-01 6.179604516062289221e-01 5.472656335406954620e-01 6.128347881164704081e-01 3.645475424714709201e-01
5.152799335371125444e-01 3.417344678976964589e-01 6.681980136974587925e-01 9.296324460246001564e-01 6.412878551750791356e-01 8.172243009365964816e-01 3.212695240104451178e-01 7.239511573402428457e-01 0.000000000000000000e+00 4.760044700202684664e-01 4.966491090310674039e-01 8.683984090062895067e-01 4.793844923033665495e-01 4.077966784288961088e-01 8.817826874828639250e-01 5.773810236156198261e-01 6.756568488488416957e-01 9.218673452205342622e-01 4.699772328393854171e-01 7.064987553310044799e-01 4.644875312856079352e-01 7.007295384731786481e-01 5.224121598994916349e-01 5.501469130373336514e-01 3.370254930745283373e-01 2.702097207936706713e-01 3.184025709152546457e-01 6.939259993967359375e-01 5.239891072290737695e-01 4.001215964241877643e-01 8.081335692223190481e-01 2.113418954242574088e-01 3.895506557007633042e-01 4.609964839027531625e-01 7.694330915106122326e-01
1.025733095080030299e-01 7.323841992754813734e-01 1.361763912538188626e-01 4.738809614165970241e-01 5.019499600031943620e-01 8.621071302797698177e-01 7.669097843009236026e-01 8.238510746517593297e-01 4.760044700202684664e-01 0.000000000000000000e+00 8.945168417405554573e-01 8.601864473941693845e-01 4.190887343860134617e-01 8.695617105941971792e-01 7.569498619246712856e-01 1.950121564534866847e-01 5.164795675267384034e-01 9.001165575983278710e-01 6.522581493393594387e-01 5.371819145900638137e-01 3.953599872758971623e-01 8.847424480384940004e-01 5.508998158161335645e-01 8.296337514233200761e-01 8.819470842471740513e-01 5.404440121698352861e-01 2.882094151038909757e-01 1.813284507430812376e-02 4.510863089180529029e-01 5.235528007336699430e-01 7.491442885364152371e-02 4.607004951226725264e-01 6.319967393435927949e-01 3.074261409373763021e-01 8.889802558693722379e-01
6.420471081292165039e-01 7.157630398616001699e-01 8.706622178281686608e-01 8.176690561397281787e-01 8.491546109757182048e-01 5.117454955392053417e-02 5.816123318053217917e-01 7.789974564795596468e-01 4.966491090310674039e-01 8.945168417405554573e-01 0.000000000000000000e+00 4.860305446831128529e-01 5.378940934491254211e-01 5.959153785942611359e-01 1.420153715369379954e-01 4.377019208054647170e-01 8.962045723596548941e-01 2.701320022733519899e-01 8.817018053230386565e-01 4.464337953329149955e-01 6.244776721162534905e-01 8.483879500851025934e-01 5.713570368668103860e-01 2.499893544407819079e-01 7.554027101454454662e-01 7.287228566773569227e-01 1.834564570229150204e-01 4.934358996950728438e-01 4.478193201512215560e-01 4.101856032598543145e-01 1.483155732003924587e-01 5.872214534330282287e-01 5.002233227216560385e-01 9.460630199404602703e-01 5.035509163538640642e-01
3.127889976958683760e-01 9.188233157259695361e-01 6.494124917885196746e-01 9.201634601443622330e-01 5.952397469533687868e-02 7.084903023332322913e-02 6.444138800428125258e-01 5.481376004402194191e-01 8.683984090062895067e-01 8.601864473941693845e-01 4.860305446831128529e-01 0.000000000000000000e+00 2.991621667821778296e-01 6.839710879752872730e-01 4.415757682677602380e-01 6.249652974793149518e-01 4.719029495958829146e-01 6.465387870226049216e-01 4.767015651606406057e-01 4.287857735112642898e-01 6.948856056299601569e-01 5.968598636900301901e-01 3.208538163695873191e-01 1.534340129886935244e-01 8.808167303784735225e-01 4.012962801123642342e-01 6.483630463538048172e-01 8.567321961522080809e-01 6.052876726765212823e-01 7.994750074973326903e-01 6.723315348022924631e-01 7.461736965221843487e-01 3.958928101742720251e-01 3.035877832559661371e-01 4.787082182582585443e-01
4.363435560341036301e-01 8.678145979538178789e-01 4.317458396363856865e-01 5.822804085248519668e-01 8.406010045767930983e-01 3.613592050328364724e-01 3.920003299463597490e-01 2.011934206537511205e-01 4.793844923033665495e-01 4.190887343860134617e-01 5.378940934491254211e-01 2.991621667821778296e-01 0.000000000000000000e+00 7.123643384277864588e-01 9.464941607742394236e-01 5.506761236655036695e-01 4.333704647589539105e-01 4.893195387346507830e-01 8.224602623201688889e-01 8.802011985926794235e-01 8.062243667714075190e-01 4.595583063242644761e-01 6.297240104904004987e-01 1.287905810355279845e-01 4.142509272519127039e-01 1.889359986394976154e-01 5.064281636096088501e-01 9.527515485878279566e-01 6.392475301712152724e-01 4.288640882109707730e-01 5.002421822145819430e-01 4.865424081520791089e-01 5.700634620981525069e-01 6.024708698609939628e-01 5.084724861159011233e-01
4.251125397770830205e-01 5.031174318862613459e-01 1.120780520946246250e-01 8.021863548508751940e-01 5.218286532866067695e-01 8.022344283289936095e-01 5.424161320134694986e-01 6.684105077800506223e-01 4.077966784288961088e-01 8.695617105941971792e-01 5.959153785942611359e-01 6.839710879752872730e-01 7.123643384277864588e-01 0.000000000000000000e+00 3.561265258752044915e-01 5.405515247006253965e-01 4.305637451724119158e-01 6.054087467200588435e-01 6.931932570279162320e-01 7.316335724916698258e-01 1.296454546831881105e-01 9.203202861665520373e-01 4.469015944607379054e-01 9.517128848478799696e-01 8.361009230130183045e-01 7.757238183779899821e-01 2.690446505429705537e-01 1.263428719449302129e-01 8.457812750247477585e-01 5.635392698120922361e-01 7.371596556395082489e-01 5.022268023672262771e-01 3.922011371481066710e-01 4.302778869355138314e-01 3.918920883203868000e-01
5.594499508999646320e-01 8.448757268599065284e-01 5.558038233337909695e-01 5.331333202941463956e-01 7.913093939767639196e-01 8.338450758274678076e-01 9.584622056693243852e-01 7.529323579501667751e-01 8.817826874828639250e-01 7.569498619246712856e-01 1.420153715369379954e-01 4.415757682677602380e-01 9.464941607742394236e-01 3.561265258752044915e-01 0.000000000000000000e+00 6.302771911958233719e-01 5.116079544599145823e-01 5.248829305538849077e-01 5.933502004628821158e-01 4.006335764471399830e-01 6.892540029867563200e-01 2.024523632160066811e-01 5.932838526822324932e-01 5.069051724313490270e-01 4.701809918397875654e-01 5.127739237376562897e-01 6.702346085376158502e-01 2.805795473498020609e-01 7.933744981180956835e-01 1.095415596607292041e-01 7.335971310087874286e-01 5.540057141413280428e-01 7.049528979825554487e-01 8.100645882562608202e-01 2.342084953435635830e-01
4.852027034073735368e-01 3.324002258361390405e-01 8.361659332170793268e-01 6.016142811953024694e-01 5.799254291032605035e-01 7.678249295235060057e-01 7.349034522664206204e-01 9.340949341785507176e-01 5.773810236156198261e-01 1.950121564534866847e-01 4.377019208054647170e-01 6.249652974793149518e-01 5.506761236655036695e-01 5.405515247006253965e-01 6.302771911958233719e-01 0.000000000000000000e+00 7.439393337310219456e-01 9.289168341745301927e-01 5.121167619668751669e-01 7.411583132220780357e-01 6.493879953010228689e-02 6.735756872051257282e-01 3.085465007888906763e-01 7.815600619354088341e-01 8.486312417087592541e-01 7.602579938449554042e-01 7.367881089475258882e-01 3.874990040938421365e-01 8.862021898131329234e-01 8.905813133918399904e-01 8.124438992544833482e-01 3.505593680887301167e-01 2.909851471847395010e-01 3.232367311700790058e-02 4.825148853117072201e-01
7.752748420553979836e-01 7.620538210318350547e-01 3.579877768631093415e-01 1.684986555456341462e-01 6.388145926477777348e-01 4.565973237201255142e-01 9.163251815563207003e-01 6.569959813152350669e-01 6.756568488488416957e-01 5.164795675267384034e-01 8.962045723596548941e-01 4.719029495958829146e-01 4.333704647589539105e-01 4.305637451724119158e-01 5.116079544599145823e-01 7.439393337310219456e-01 0.000000000000000000e+00 7.688568037573841885e-01 7.679782963272906438e-01 4.596083079288623141e-01 4.744907461536725379e-01 7.729141123071188169e-01 8.799290083684343511e-01 5.269459506022169393e-01 6.746862012187561097e-01 5.430277307040418666e-01 6.615729291194363260e-01 4.438215214453918311e-01 8.909695763302818428e-01 7.354859559817648051e-01 5.121596093591879173e-01 7.489428078773341380e-01 5.511516770995796843e-01 1.070586138085111161e-01 4.600478998232221395e-01
4.113444216145702437e-01 9.091553075575423692e-01 2.669620768471163696e-01 1.570892097702569767e-01 8.819870935495677244e-01 6.480525036276162387e-01 4.429865774202140227e-01 3.755904768290674323e-01 9.218673452205342622e-01 9.001165575983278710e-01 2.701320022733519899e-01 6.465387870226049216e-01 4.893195387346507830e-01 6.054087467200588435e-01 5.248829305538849077e-01 9.289168341745301927e-01 7.688568037573841885e-01 0.000000000000000000e+00 7.601597310728900325e-01 8.970837561100886148e-02 3.507081915820700058e-01 3.352029739929619501e-01 7.095595700454764287e-01 5.024966897788980535e-01 4.652673457427740633e-01 1.833848872288529330e-01 4.942394143512178761e-01 8.808630858326552682e-01 5.944262790690981735e-01 8.377388187408429943e-01 1.441828546966472668e-01 8.150887215814066611e-01 6.844879865217157189e-02 6.129567246176031992e-01 3.478795854962357659e-01
6.316807708006553224e-01 4.756276181677168702e-01 5.007430117826880966e-01 4.999033204164948230e-01 6.010284628821550568e-01 7.495229023021239279e-01 3.753226369600206613e-01 5.091419970272383910e-01 4.699772328393854171e-01 6.522581493393594387e-01 8.817018053230386565e-01 4.767015651606406057e-01 8.224602623201688889e-01 6.931932570279162320e-01 5.933502004628821158e-01 5.121167619668751669e-01 7.679782963272906438e-01 7.601597310728900325e-01 0.000000000000000000e+00 3.298586377670947312e-01 1.164755514823756499e-01 3.011055417795214240e-01 8.308360592497019415e-01 4.287206015629892453e-01 4.871866260082581834e-01 6.643654115639234803e-01 5.716178292522491322e-01 2.106436545814313055e-01 4.533528382030374559e-01 4.251674599550774869e-01 1.577688123404492604e-01 2.972884547556026158e-01 6.297952089769978112e-01 8.972800830852050158e-01 3.980045484270715583e-01
3.389747855216780903e-01 4.298216380034980411e-02 4.119416591196897737e-01 2.189312504654667979e-01 7.016787417424111828e-01 7.553582276864108103e-01 4.228791559205984374e-01 4.858633902995848075e-01 7.064987553310044799e-01 5.371819145900638137e-01 4.464337953329149955e-01 4.287857735112642898e-01 8.802011985926794235e-01 7.316335724916698258e-01 4.006335764471399830e-01 7.411583132220780357e-01 4.596083079288623141e-01 8.970837561100886148e-02 3.298586377670947312e-01 0.000000000000000000e+00 1.810144176748185174e-01 7.636876245788647433e-01 6.916791835219382456e-01 4.342482586205023698e-01 5.091130396545555659e-01 6.916832360341140795e-01 5.453970419286354732e-01 6.908135141123497025e-01 1.143974386334785098e-01 8.739157723157149338e-01 8.423869403259393041e-01 8.337762456254746990e-01 4.320263679621368369e-01 5.745009147120253568e-01 4.703365667249558846e-01
8.098620644722427375e-01 6.745127191066401240e-01 4.862044780363740104e-01 4.716993088242124599e-01 3.520372146754550124e-01 8.149877713323775419e-01 7.300139200318405130e-01 7.141922525682085077e-01 4.644875312856079352e-01 3.953599872758971623e-01 6.244776721162534905e-01 6.948856056299601569e-01 8.062243667714075190e-01 1.296454546831881105e-01 6.892540029867563200e-01 6.493879953010228689e-02 4.744907461536725379e-01 3.507081915820700058e-01 1.164755514823756499e-01 1.810144176748185174e-01 0.000000000000000000e+00 5.973706415888953014e-01 6.488255299971489309e-01 6.138945079160562646e-01 4.875262774177595015e-01 4.646847038933580309e-01 6.737281684551541527e-01 8.371012212374341344e-01 3.349465654296501782e-01 5.723131152031366575e-01 7.680681713809327515e-01 9.331145901025171829e-01 5.294284741155401708e-01 7.746276212915443882e-01 5.734200943361520419e-01
6.464013676928925811e-01 2.512510199588525728e-01 6.591017124266600469e-01 7.846797539475653949e-01 7.220721531397491511e-01 5.291903340886516816e-01 9.672087125069472879e-01 3.770723381051233059e-01 7.007295384731786481e-01 8.847424480384940004e-01 8.483879500851025934e-01 5.968598636900301901e-01 4.595583063242644761e-01 9.203202861665520373e-01 2.024523632160066811e-01 6.735756872051257282e-01 7.729141123071188169e-01 3.352029739929619501e-01 3.011055417795214240e-01 7.636876245788647433e-01 5.973706415888953014e-01 0.000000000000000000e+00 2.987585231957524678e-01 1.194869829788307025e-01 6.537306770173546555e-01 3.613223470660525960e-01 2.061934710632682966e-01 7.740745054781226209e-01 3.660568691249931339e-01 5.753239627778139464e-01 5.242384968063884543e-01 8.878906877321479651e-01 1.450797202508388173e-01 4.756802949424084881e-01 5.214432937163613335e-01
5.104645671163469123e-01 7.676375503533106048e-01 3.981491614896739417e-01 3.985898872741013843e-01 7.112103796847462078e-01 7.982359545237270870e-01 6.319275178644492286e-01 4.097065303622884347e-01 5.224121598994916349e-01 5.508998158161335645e-01 5.713570368668103860e-01 3.208538163695873191e-01 6.297240104904004987e-01 4.469015944607379054e-01 5.932838526822324932e-01 3.085465007888906763e-01 8.799290083684343511e-01 7.095595700454764287e-01 8.308360592497019415e-01 6.916791835219382456e-01 6.488255299971489309e-01 2.987585231957524678e-01 0.000000000000000000e+00 2.257552833423222272e-01 4.868197191213256558e-01 6.556527472879011276e-01 6.361233529404257681e-01 3.007617060642911455e-01 5.770742894592970629e-01 5.881437086050328444e-01 4.868775827627467856e-01 4.900648157257990745e-01 8.371152427231594029e-01 4.775234178402400498e-01 3.292967084551150503e-01
3.964738612679473695e-01 5.548168725579325500e-01 6.381383005486473969e-01 8.310811693294184455e-01 5.041354708010921115e-01 1.410853734213537436e-01 2.251518526236159223e-01 2.318552557165854955e-01 5.501469130373336514e-01 8.296337514233200761e-01 2.499893544407819079e-01 1.534340129886935244e-01 1.287905810355279845e-01 9.517128848478799696e-01 5.069051724313490270e-01 7.815600619354088341e-01 5.269459506022169393e-01 5.024966897788980535e-01 4.287206015629892453e-01 4.342482586205023698e-01 6.138945079160562646e-01 1.194869829788307025e-01 2.257552833423222272e-01 0.000000000000000000e+00 7.517106693838340181e-01 7.946923090815877222e-01 4.740576024460744220e-01 9.265908768710171550e-01 5.849577208571631326e-01 8.453833813575686307e-01 5.863055498982647773e-01 7.460481538909363719e-01 4.871619848687473997e-01 4.812917918751200008e-01 5.257226273342497924e-01
6.458591113981794196e-01 4.851962716404176756e-01 6.524990989620825799e-01 8.585865065424924669e-01 3.878830646238828339e-01 2.445692607584792899e-01 5.365013990703908497e-01 7.033331271071707747e-02 3.370254930745283373e-01 8.819470842471740513e-01 7.554027101454454662e-01 8.808167303784735225e-01 4.142509272519127039e-01 8.361009230130183045e-01 4.701809918397875654e-01 8.486312417087592541e-01 6.746862012187561097e-01 4.652673457427740633e-01 4.871866260082581834e-01 5.091130396545555659e-01 4.875262774177595015e-01 6.537306770173546555e-01 4.868197191213256558e-01 7.517106693838340181e-01 0.000000000000000000e+00 7.492867679347672283e-01 5.581186029899997125e-01 6.783634887230464150e-01 5.400895869604496191e-01 4.048866958573344443e-01 9.548180981578597848e-01 7.848394024955959170e-01 7.857192595905363453e-01 6.092644225718630846e-01 1.260230194133902248e-01
6.375179241083970272e-01 7.778142356629050846e-01 8.666356499555155635e-01 1.061699515894030110e-01 7.699579975246373387e-01 6.085689328375916141e-01 3.895374138640349537e-01 7.184112584715836025e-01 2.702097207936706713e-01 5.404440121698352861e-01 7.287228566773569227e-01 4.012962801123642342e-01 1.889359986394976154e-01 7.757238183779899821e-01 5.127739237376562897e-01 7.602579938449554042e-01 5.430277307040418666e-01 1.833848872288529330e-01 6.643654115639234803e-01 6.916832360341140795e-01 4.646847038933580309e-01 3.613223470660525960e-01 6.556527472879011276e-01 7.946923090815877222e-01 7.492867679347672283e-01 0.000000000000000000e+00 6.043645669264601228e-01 1.932217689799952121e-01 7.900372612075672318e-01 5.159865253238407057e-01 6.783898819180049777e-01 9.031374937688527726e-01 1.340410797200470849e-01 3.192731917979345635e-01 6.501882584311509117e-01
4.731838213759128609e-01 5.408890874018210670e-01 2.543641248303157854e-01 4.937925799190922005e-01 4.312294589493609331e-01 2.986224194547584809e-01 6.845882162965204465e-01 8.291880474674718782e-01 3.184025709152546457e-01 2.882094151038909757e-01 1.834564570229150204e-01 6.483630463538048172e-01 5.064281636096088501e-01 2.690446505429705537e-01 6.702346085376158502e-01 7.367881089475258882e-01 6.615729291194363260e-01 4.942394143512178761e-01 5.716178292522491322e-01 5.453970419286354732e-01 6.737281684551541527e-01 2.061934710632682966e-01 6.361233529404257681e-01 4.740576024460744220e-01 5.581186029899997125e-01 6.043645669264601228e-01 0.000000000000000000e+00 7.513183758810109136e-01 5.846869868848811880e-01 4.626871318409392919e-01 3.635010249623132905e-01 4.258437804144722949e-01 5.239712553619031432e-01 3.994368610861986357e-01 7.060884812661433196e-01
2.020592086363783846e-01 4.204887332927091381e-01 8.855018437445629775e-01 3.942049832084854599e-01 6.622887050769576955e-01 6.680309395476484724e-01 1.410118759250127418e-01 8.236159515945372656e-01 6.939259993967359375e-01 1.813284507430812376e-02 4.934358996950728438e-01 8.567321961522080809e-01 9.527515485878279566e-01 1.263428719449302129e-01 2.805795473498020609e-01 3.874990040938421365e-01 4.438215214453918311e-01 8.808630858326552682e-01 2.106436545814313055e-01 6.908135141123497025e-01 8.371012212374341344e-01 7.740745054781226209e-01 3.007617060642911455e-01 9.265908768710171550e-01 6.783634887230464150e-01 1.932217689799952121e-01 7.513183758810109136e-01 0.000000000000000000e+00 4.616370225102658376e-01 5.253512222400704701e-01 6.407678377514454127e-01 7.160125719853813742e-01 4.063662479853057952e-01 6.494200962505161101e-01 1.412708830320308362e-01
6.240066536222528271e-01 4.559993151080768969e-01 6.798873699409273552e-01 5.037527832199839573e-01 9.154288502452803122e-01 4.798219053554845792e-01 1.288287159393005643e-01 5.319091155992391462e-01 5.239891072290737695e-01 4.510863089180529029e-01 4.478193201512215560e-01 6.052876726765212823e-01 6.392475301712152724e-01 8.457812750247477585e-01 7.933744981180956835e-01 8.862021898131329234e-01 8.909695763302818428e-01 5.944262790690981735e-01 4.533528382030374559e-01 1.143974386334785098e-01 3.349465654296501782e-01 3.660568691249931339e-01 5.770742894592970629e-01 5.849577208571631326e-01 5.400895869604496191e-01 7.900372612075672318e-01 5.846869868848811880e-01 4.616370225102658376e-01 0.000000000000000000e+00 4.162533062863944533e-01 4.881506944575190188e-01 3.307615584789994623e-01 4.298787529155823628e-01 2.818111217983021444e-01 8.275963915778756785e-01
6.877101277400081702e-01 6.180270170140298447e-01 7.028165244888184837e-01 6.639786840514254607e-01 8.929972437492934567e-01 4.146137519285300055e-01 3.287389305399623929e-01 4.611727779220518020e-01 4.001215964241877643e-01 5.235528007336699430e-01 4.101856032598543145e-01 7.994750074973326903e-01 4.288640882109707730e-01 5.635392698120922361e-01 1.095415596607292041e-01 8.905813133918399904e-01 7.354859559817648051e-01 8.377388187408429943e-01 4.251674599550774869e-01 8.739157723157149338e-01 5.723131152031366575e-01 5.753239627778139464e-01 5.881437086050328444e-01 8.453833813575686307e-01 4.048866958573344443e-01 5.159865253238407057e-01 4.626871318409392919e-01 5.253512222400704701e-01 4.162533062863944533e-01 0.000000000000000000e+00 7.921402110600916924e-01 5.491701470284324760e-01 2.942658865541922797e-01 9.209030651884452245e-01 7.077791320646746875e-01
4.606473377776042488e-01 1.163904253644579834e-01 4.558320374802851127e-01 4.562186072224838629e-01 9.038151795896633978e-01 5.577063367659178539e-01 1.473865670502592096e-01 4.301495462109409806e-01 8.081335692223190481e-01 7.491442885364152371e-02 1.483155732003924587e-01 6.723315348022924631e-01 5.002421822145819430e-01 7.371596556395082489e-01 7.335971310087874286e-01 8.124438992544833482e-01 5.121596093591879173e-01 1.441828546966472668e-01 1.577688123404492604e-01 8.423869403259393041e-01 7.680681713809327515e-01 5.242384968063884543e-01 4.868775827627467856e-01 5.863055498982647773e-01 9.548180981578597848e-01 6.783898819180049777e-01 3.635010249623132905e-01 6.407678377514454127e-01 4.881506944575190188e-01 7.921402110600916924e-01 0.000000000000000000e+00 4.310917843694382356e-01 3.531385877017294006e-01 9.094759627925146361e-01 4.667321228496313368e-01
7.775845767368763095e-01 2.546189977252774073e-01 7.650178292275098269e-01 4.324957060595732705e-01 4.932771600749054075e-01 7.888235902006006661e-01 8.224568345886703602e-01 6.179604516062289221e-01 2.113418954242574088e-01 4.607004951226725264e-01 5.872214534330282287e-01 7.461736965221843487e-01 4.865424081520791089e-01 5.022268023672262771e-01 5.540057141413280428e-01 3.505593680887301167e-01 7.489428078773341380e-01 8.150887215814066611e-01 2.972884547556026158e-01 8.337762456254746990e-01 9.331145901025171829e-01 8.878906877321479651e-01 4.900648157257990745e-01 7.460481538909363719e-01 7.848394024955959170e-01 9.031374937688527726e-01 4.258437804144722949e-01 7.160125719853813742e-01 3.307615584789994623e-01 5.491701470284324760e-01 4.310917843694382356e-01 0.000000000000000000e+00 4.009502478582767093e-01 2.695553084367183772e-01 5.085747937884346204e-01
4.557190189566979743e-01 2.055295522082212223e-01 4.153120965720549784e-01 2.843991103158267642e-01 5.335017750552450977e-01 5.819727825621687778e-01 5.233003567279120860e-01 5.472656335406954620e-01 3.895506557007633042e-01 6.319967393435927949e-01 5.002233227216560385e-01 3.958928101742720251e-01 5.700634620981525069e-01 3.922011371481066710e-01 7.049528979825554487e-01 2.909851471847395010e-01 5.511516770995796843e-01 6.844879865217157189e-02 6.297952089769978112e-01 4.320263679621368369e-01 5.294284741155401708e-01 1.450797202508388173e-01 8.371152427231594029e-01 4.871619848687473997e-01 7.857192595905363453e-01 1.340410797200470849e-01 5.239712553619031432e-01 4.063662479853057952e-01 4.298787529155823628e-01 2.942658865541922797e-01 3.531385877017294006e-01 4.009502478582767093e-01 0.000000000000000000e+00 7.559566036511384812e-01 4.937719190038705741e-01
3.530674762034403669e-01 5.873356593958167782e-01 8.509907829003737767e-01 2.911180728087647829e-01 7.902197344606889384e-01 5.542906124125868139e-01 9.116007349320316422e-01 6.128347881164704081e-01 4.609964839027531625e-01 3.074261409373763021e-01 9.460630199404602703e-01 3.035877832559661371e-01 6.024708698609939628e-01 4.302778869355138314e-01 8.100645882562608202e-01 3.232367311700790058e-02 1.070586138085111161e-01 6.129567246176031992e-01 8.972800830852050158e-01 5.745009147120253568e-01 7.746276212915443882e-01 4.756802949424084881e-01 4.775234178402400498e-01 4.812917918751200008e-01 6.092644225718630846e-01 3.192731917979345635e-01 3.994368610861986357e-01 6.494200962505161101e-01 2.818111217983021444e-01 9.209030651884452245e-01 9.094759627925146361e-01 2.695553084367183772e-01 7.559566036511384812e-01 0.000000000000000000e+00 8.873166580154383531e-01
3.117135796091283773e-01 8.438672932083099987e-01 4.734500986757439467e-01 7.275056745390854340e-01 1.639814243129100735e-02 6.822338211663452334e-01 5.491970024582635279e-01 3.645475424714709201e-01 7.694330915106122326e-01 8.889802558693722379e-01 5.035509163538640642e-01 4.787082182582585443e-01 5.084724861159011233e-01 3.918920883203868000e-01 2.342084953435635830e-01 4.825148853117072201e-01 4.600478998232221395e-01 3.478795854962357659e-01 3.980045484270715583e-01 4.703365667249558846e-01 5.734200943361520419e-01 5.214432937163613335e-01 3.292967084551150503e-01 5.257226273342497924e-01 1.260230194133902248e-01 6.501882584311509117e-01 7.060884812661433196e-01 1.412708830320308362e-01 8.275963915778756785e-01 7.077791320646746875e-01 4.667321228496313368e-01 5.085747937884346204e-01 4.937719190038705741e-01 8.873166580154383531e-01 0.000000000000000000e+00
