0.000000000000000000e+00 1.833350179384477530e-01 2.677661940806322916e-01 7.183027454139234713e-01 2.892854825945040398e-01 4.529540053617865381e-01 5.929829909723258741e-01 1.214744290900978685e-01 3.131577133385479716e-01 5.338912420438503004e-01 8.336816108556928118e-01 2.329195780744143796e-01 1.623735784240002422e-01 4.672577534665292021e-01 3.370563591801506442e-01 1.197384098258397200e-01 4.710468529798483295e-01 2.123281603908696580e-01 5.526978990032596073e-01 8.314969603103545825e-01 4.944537042853975883e-01 8.626315514320737066e-01 2.146338077282353707e-01 6.167593753818558788e-01 2.338881730354471777e-01 4.663770996453945883e-01 5.895755950400161094e-02 4.697698752814109535e-01 5.396925567487429465e-01 9.099984781864201011e-01 3.188503948363782814e-01 2.313987962606497972e-01 4.735608278230099000e-01 3.884538370013959074e-01 1.448175302248051466e-01
1.833350179384477530e-01 0.000000000000000000e+00 7.028288549951333675e-01 4.033810091379365081e-01 6.663499176277609681e-02 7.591777746172803099e-01 4.535531894064233072e-01 5.195204250099700882e-01 3.499475149841257959e-02 4.141580091196300217e-01 3.492896021459889200e-01 3.889931198082878794e-01 5.415618913315578542e-01 5.018995082866343216e-01 3.111539504718022764e-01 3.697109788586226964e-01 9.063189298112119818e-01 6.356666480551977916e-01 6.297537982985662586e-01 7.773268006423502685e-01 5.335522222427817596e-01 5.104991527567642740e-01 3.253540977471036655e-01 4.538246206040141839e-02 5.414378131967960694e-01 5.309800333278109630e-01 8.579184510172035427e-01 5.950123056913165787e-01 5.413598897154545675e-01 4.760348546542654824e-01 3.651400915213861564e-01 3.623747938783800082e-01 2.910610281123243159e-01 8.590208566008408209e-01 5.240705057380139475e-01
2.677661940806322916e-01 7.028288549951333675e-01 0.000000000000000000e+00 7.659429919149673971e-01 8.488751651588681835e-01 4.171539934628089030e-01 4.816093544477867416e-01 6.835209089211613520e-01 4.492123807726506324e-01 1.453782847851573523e-01 2.105290617928312624e-01 1.382575875635663198e-01 1.403450063807702985e-01 4.615871076311066079e-01 6.851880491927415662e-01 6.170338985386094599e-01 7.178706540416188719e-01 8.548872559576432550e-01 8.105040766650815076e-01 6.730212232954656537e-01 5.481824890938115091e-01 2.477861716985024776e-01 3.192842825777653104e-01 5.930298408513416941e-01 7.407279431787867630e-01 7.585007976196607160e-01 8.877071186131193503e-01 6.225911041185538952e-02 5.676830041093179346e-01 6.219011965919980511e-01 5.733633986726112131e-01 7.623226038775560154e-01 4.822075676171600489e-01 5.204227457964658576e-01 5.080627764383369716e-01
7.183027454139234713e-01 4.033810091379365081e-01 7.659429919149673971e-01 0.000000000000000000e+00 4.763816721338156590e-01 9.251227717954269014e-01 6.041502222371447628e-01 5.738196236658137384e-01 2.248815507688006754e-01 4.514216927577379690e-01 4.757183921991015030e-01 2.333073272696438993e-01 6.915359068251449859e-01 7.894463712173009906e-01 3.798123137389770587e-01 4.921897637621097110e-01 1.346561183496627345e-01 8.197153467597494414e-01 6.613296004236461911e-01 8.397087729530954281e-01 3.951180120782745719e-01 5.403947156982554789e-01 1.334912194423947263e-01 5.654468022839165275e-01 2.790389961963086751e-01 9.456921766223072012e-01 5.122369980853869187e-01 4.532261090838816120e-01 5.661791751957129248e-01 5.303714263132163209e-01 4.167732166932826554e-01 9.066026583104001002e-01 1.858534698592354539e-01 3.287730365237366836e-01 3.437346342671468991e-01
2.892854825945040398e-01 6.663499176277609681e-02 8.488751651588681835e-01 4.763816721338156590e-01 0.000000000000000000e+00 1.769833354468713926e-01 8.166115289124245002e-01 9.297618800653243420e-01 7.220357708704016053e-01 4.602506930208450919e-01 5.073922536866499744e-01 3.059618596895099518e-01 5.381409345239178688e-01 6.385067705233478108e-01 8.894271048407759173e-01 3.392978438269131924e-01 8.334854260389750191e-01 8.362499928979538755e-01 9.564392665178853559e-01 3.222196274773189151e-01 6.623292592489977704e-01 7.818974440243309232e-01 4.381127958903978103e-01 3.026824029888062206e-01 7.704562025532176728e-01 4.564719417060992268e-01 5.896146937604038740e-01 3.541287861639564327e-01 3.516530947462056522e-01 8.338759593038569395e-01 1.242486417463607440e-01 3.860638954685219337e-01 1.158070531326492736e-01 7.386378246935272340e-01 4.207988177424101806e-01
4.529540053617865381e-01 7.591777746172803099e-01 4.171539934628089030e-01 9.251227717954269014e-01 1.769833354468713926e-01 0.000000000000000000e+00 5.454100033445669071e-01 5.794422766061134711e-01 4.846077837598117277e-01 9.599745738604530398e-01 6.041680543620742139e-01 6.384556484481767047e-01 4.922458000460402938e-01 6.386579702201025110e-01 4.086703575313648806e-01 7.578909313460180375e-01 4.387338055678852156e-01 5.260856644285309969e-01 4.507573080957635314e-01 5.130583919411022542e-01 1.932755719082784873e-01 4.860087604721502474e-01 4.520267139100491161e-01 4.395432831175906108e-01 4.669935017588193737e-01 6.391758108041973863e-01 6.296676942447367864e-01 8.822743941764785713e-01 6.184103423319115000e-01 3.137737058234091325e-01 6.302557537954602829e-01 2.999613653100165478e-01 5.299041503488644000e-01 5.992993900968093257e-01 8.703398093428650339e-01
5.929829909723258741e-01 4.535531894064233072e-01 4.816093544477867416e-01 6.041502222371447628e-01 8.166115289124245002e-01 5.454100033445669071e-01 0.000000000000000000e+00 4.543943886588994174e-01 3.073283081520664650e-01 9.689708129564438277e-01 3.270764106938880422e-01 5.460761617821776603e-01 2.801889103790133895e-01 9.097807461661482353e-01 9.452843863707827143e-02 5.738222518004089112e-01 1.895263507886471022e-01 6.525415987159211006e-01 3.455450697495523471e-01 2.850251860479969257e-01 5.822315717495927245e-01 8.579373822240470293e-01 3.491163911186220825e-01 7.666270519936626560e-01 6.065708675869250222e-01 8.877245601783867457e-01 9.667832439082283402e-01 5.011273043486409451e-01 4.300945685417220110e-01 4.884263495798915056e-01 6.246629234465638225e-01 4.382462950638675858e-01 8.475718175996435066e-01 7.390180792028346879e-01 6.451324228093128221e-01
1.214744290900978685e-01 5.195204250099700882e-01 6.835209089211613520e-01 5.738196236658137384e-01 9.297618800653243420e-01 5.794422766061134711e-01 4.543943886588994174e-01 0.000000000000000000e+00 1.621190358194181114e-01 9.309279383998281254e-01 5.431443395326708279e-01 2.201368320049081895e-01 6.155243600094778555e-01 2.288563037526164523e-01 4.656030399057834446e-01 6.888670014182222134e-01 8.655566277698869548e-01 7.271222488838635645e-02 4.518316231422069285e-01 4.349836640619706429e-01 6.074446183121882115e-01 4.136359654000656416e-01 3.361032250469946359e-01 7.367421780671381537e-01 4.105771294306598262e-01 7.068293586083148616e-01 8.883503741101996809e-01 5.125730286884485620e-01 6.291531033183352939e-01 8.006399881333712276e-01 3.713338148366084890e-01 2.517036597556116528e-01 9.742387248541453104e-01 6.670514399006524098e-01 1.799923007522420404e-01
3.131577133385479716e-01 3.499475149841257959e-02 4.492123807726506324e-01 2.248815507688006754e-01 7.220357708704016053e-01 4.846077837598117277e-01 3.073283081520664650e-01 1.621190358194181114e-01 0.000000000000000000e+00 3.837502013860356609e-01 1.217104086150837539e-01 5.574959288894412168e-01 3.080446368389574974e-01 1.371218668344418301e-01 9.378756847423252996e-02 6.299686055185308442e-01 5.192479432360316283e-01 4.578038415909279069e-01 5.738279834906686583e-01 2.111004771496915455e-01 7.036158238497853823e-01 8.531040722842542223e-01 5.896277670134013604e-01 6.767492014536118372e-01 7.603738834875328756e-01 5.932341215397458623e-01 1.540119827306840605e-02 4.094363206537918742e-01 7.192525924603483389e-01 3.944344452478937280e-01 5.989108309190476209e-01 3.439917941822555059e-01 8.476393158188308963e-01 6.209459564978789814e-01 5.756641822984811530e-01
5.338912420438503004e-01 4.141580091196300217e-01 1.453782847851573523e-01 4.514216927577379690e-01 4.602506930208450919e-01 9.599745738604530398e-01 9.689708129564438277e-01 9.309279383998281254e-01 3.837502013860356609e-01 0.000000000000000000e+00 1.347871554204510547e-01 1.593090927122849942e-01 5.786237096160975479e-01 8.188211431976971655e-01 4.950467061169080973e-01 5.069075244417569071e-01 5.528042509050405950e-01 5.426318920086625752e-01 5.479421983079020286e-01 9.732761520462646088e-01 2.110283594969626364e-01 5.079352932449288094e-02 2.998537222915642619e-01 3.333637768156335612e-01 4.292390957612256530e-01 4.614089451415843701e-01 8.557135499046202298e-01 7.325001364832446349e-01 2.393686936399043175e-01 3.086825003403640411e-01 1.548172295789335129e-01 6.411983432922263582e-01 8.702220060534915369e-01 8.372535789685560115e-01 9.325183000049321880e-01
8.336816108556928118e-01 3.492896021459889200e-01 2.105290617928312624e-01 4.757183921991015030e-01 5.073922536866499744e-01 6.041680543620742139e-01 3.270764106938880422e-01 5.431443395326708279e-01 1.217104086150837539e-01 1.347871554204510547e-01 0.000000000000000000e+00 4.822286503550285985e-01 5.799397177780736268e-01 2.220565095462087024e-01 3.963855832705283078e-01 2.088623419271323778e-01 1.233230658276437963e-01 6.056431307628415972e-01 8.921655623381057332e-01 5.746567805385237593e-01 5.022280788650757000e-02 5.236269279412349986e-01 2.077286817244667905e-01 6.267342151117684113e-01 5.546944160754094799e-01 8.463881332173257555e-01 3.396284703385494819e-01 5.612576903847391607e-01 6.524778623649416520e-01 6.944971778677762053e-01 7.973105659980929127e-01 4.625771546698587144e-01 6.074426201273884773e-01 6.255514679328232353e-01 8.727913404983551615e-01
2.329195780744143796e-01 3.889931198082878794e-01 1.382575875635663198e-01 2.333073272696438993e-01 3.059618596895099518e-01 6.384556484481767047e-01 5.460761617821776603e-01 2.201368320049081895e-01 5.574959288894412168e-01 1.593090927122849942e-01 4.822286503550285985e-01 0.000000000000000000e+00 3.998918507342185125e-01 8.435334232493920670e-01 5.571831092489857307e-01 9.150618339443187255e-01 5.150836035608785668e-01 4.738522968754009801e-01 5.642935461996252400e-01 3.891350064126589126e-01 8.802745471014996603e-01 6.198710343039062209e-01 7.783773689796161799e-01 7.058372264550689668e-01 3.052042096592704756e-01 1.292618592182221970e-01 3.498948768383026708e-01 1.628802713487688125e-01 3.166997331026905060e-01 6.386595594886795846e-01 1.325950907466850737e-01 3.848897013083369956e-01 6.419191356341450438e-01 5.373264068867362742e-01 6.917062020600457384e-01
1.623735784240002422e-01 5.415618913315578542e-01 1.403450063807702985e-01 6.915359068251449859e-01 5.381409345239178688e-01 4.922458000460402938e-01 2.801889103790133895e-01 6.155243600094778555e-01 3.080446368389574974e-01 5.786237096160975479e-01 5.799397177780736268e-01 3.998918507342185125e-01 0.000000000000000000e+00 3.633159943412900827e-01 8.266350767192787163e-01 3.091391996321528057e-01 4.475468746906159367e-01 4.493397151895035524e-01 3.983520300531843694e-01 5.073193516054796959e-01 6.191581018961505034e-01 4.169347997719585752e-01 4.189371334640800137e-01 5.818856594243095870e-01 6.199283578148109264e-01 1.417237612028902083e-01 5.218872136868989431e-01 5.322333481050806059e-01 6.383175684314768006e-01 8.457811279648630443e-02 4.348153707033517446e-01 5.053304554210529265e-01 2.376929903354941809e-01 2.699891621858433455e-01 7.415065995234906282e-01
4.672577534665292021e-01 5.018995082866343216e-01 4.615871076311066079e-01 7.894463712173009906e-01 6.385067705233478108e-01 6.386579702201025110e-01 9.097807461661482353e-01 2.288563037526164523e-01 1.371218668344418301e-01 8.188211431976971655e-01 2.220565095462087024e-01 8.435334232493920670e-01 3.633159943412900827e-01 0.000000000000000000e+00 7.006160193550698967e-01 6.480037262764313244e-01 5.469119876442589678e-01 4.247445022397228209e-01 7.623292809001975812e-01 2.667362435194097214e-01 5.021562504722850706e-01 8.739750621138974163e-01 5.492166114909687868e-01 6.333002893809736022e-01 1.172217357071843047e-01 6.865463676447249863e-01 6.612043200133764786e-01 4.727604309125597593e-01 5.325535329104231774e-01 9.479546604292866663e-01 9.419094563334823311e-02 4.803248739114829302e-01 4.695369103207572836e-01 5.587672391701292707e-01 3.977769647075181658e-01
3.370563591801506442e-01 3.111539504718022764e-01 6.851880491927415662e-01 3.798123137389770587e-01 8.894271048407759173e-01 4.086703575313648806e-01 9.452843863707827143e-02 4.656030399057834446e-01 9.378756847423252996e-02 4.950467061169080973e-01 3.963855832705283078e-01 5.571831092489857307e-01 8.266350767192787163e-01 7.006160193550698967e-01 0.000000000000000000e+00 9.389942781764637481e-01 6.599045456702057333e-02 9.004283406672521917e-01 6.533717254211164338e-01 5.494842332964802178e-01 7.743945910840350777e-01 6.750285099167468994e-01 2.571142697111571951e-01 7.822415747335155212e-01 7.765841138906277585e-01 3.537538238458136641e-01 2.082589508762904273e-01 4.585502657361059109e-01 4.895775442445218784e-01 8.872015696559787390e-01 6.034493053169726062e-01 8.954523684602253564e-01 2.147213617196879198e-01 7.346910857345542167e-01 8.021768571949939863e-01
1.197384098258397200e-01 3.697109788586226964e-01 6.170338985386094599e-01 4.921897637621097110e-01 3.392978438269131924e-01 7.578909313460180375e-01 5.738222518004089112e-01 6.888670014182222134e-01 6.299686055185308442e-01 5.069075244417569071e-01 2.088623419271323778e-01 9.150618339443187255e-01 3.091391996321528057e-01 6.480037262764313244e-01 9.389942781764637481e-01 0.000000000000000000e+00 6.941740300877902170e-02 7.241184878969129102e-01 3.455447778588620622e-01 7.482619091566429237e-01 1.427179860445859649e-02 1.643703282113094799e-01 1.392389638326152479e-01 7.263925260930457206e-01 7.262765530751110754e-01 6.759724869373670009e-01 5.930893703116634219e-01 5.524911231297593428e-01 7.426250781175687266e-01 4.061755553041814237e-01 5.270081383452465129e-01 4.639605717763919390e-01 5.353012140291359966e-01 3.745624359573627160e-01 4.591728673467002642e-01
4.710468529798483295e-01 9.063189298112119818e-01 7.178706540416188719e-01 1.346561183496627345e-01 8.334854260389750191e-01 4.387338055678852156e-01 1.895263507886471022e-01 8.655566277698869548e-01 5.192479432360316283e-01 5.528042509050405950e-01 1.233230658276437963e-01 5.150836035608785668e-01 4.475468746906159367e-01 5.469119876442589678e-01 6.599045456702057333e-02 6.941740300877902170e-02 0.000000000000000000e+00 2.047971324475011956e-01 2.481297863701860673e-01 5.321526191633756397e-01 3.744885626192877570e-01 6.377768403067074487e-01 5.410473692155000069e-01 5.482381810431339320e-01 9.255219150429188080e-01 3.538012900886521317e-01 2.908402362270170460e-01 1.475705669499537409e-01 8.894932545248721567e-01 2.773143653064073511e-01 6.376613696883687288e-01 6.413418245893398595e-01 8.086985525274341668e-01 2.234516411176310502e-01 8.389266523361017525e-01
2.123281603908696580e-01 6.356666480551977916e-01 8.548872559576432550e-01 8.197153467597494414e-01 8.362499928979538755e-01 5.260856644285309969e-01 6.525415987159211006e-01 7.271222488838635645e-02 4.578038415909279069e-01 5.426318920086625752e-01 6.056431307628415972e-01 4.738522968754009801e-01 4.493397151895035524e-01 4.247445022397228209e-01 9.004283406672521917e-01 7.241184878969129102e-01 2.047971324475011956e-01 0.000000000000000000e+00 1.333819760871242099e-01 4.253370642009707270e-01 2.062993560864706533e-01 8.530128869765734034e-01 7.012643511679557129e-01 4.608576482518024209e-01 1.919512635950952895e-01 4.367480469119924824e-01 6.612056603493933205e-01 6.716745934548864483e-01 4.174706177923993011e-01 2.023096362001005621e-01 7.564104375730811292e-01 6.457925849732979451e-01 1.588423523306317087e-01 5.299445847230903617e-01 2.395311508625421748e-01
5.526978990032596073e-01 6.297537982985662586e-01 8.105040766650815076e-01 6.613296004236461911e-01 9.564392665178853559e-01 4.507573080957635314e-01 3.455450697495523471e-01 4.518316231422069285e-01 5.738279834906686583e-01 5.479421983079020286e-01 8.921655623381057332e-01 5.642935461996252400e-01 3.983520300531843694e-01 7.623292809001975812e-01 6.533717254211164338e-01 3.455447778588620622e-01 2.481297863701860673e-01 1.333819760871242099e-01 0.000000000000000000e+00 5.720650955168853358e-01 5.146299810830192722e-01 9.308110601563790443e-01 5.366385490492993071e-01 1.761303882245985886e-01 1.667757923771259199e-01 5.326192210086077017e-01 4.155591890689662726e-01 3.230075392189740158e-01 9.012176942037211091e-01 3.314523896362017719e-01 4.573521533707787246e-01 2.265374232423333911e-02 7.440992182839629709e-01 6.008758215506667666e-01 5.115263404261193303e-01
8.314969603103545825e-01 7.773268006423502685e-01 6.730212232954656537e-01 8.397087729530954281e-01 3.222196274773189151e-01 5.130583919411022542e-01 2.850251860479969257e-01 4.349836640619706429e-01 2.111004771496915455e-01 9.732761520462646088e-01 5.746567805385237593e-01 3.891350064126589126e-01 5.073193516054796959e-01 2.667362435194097214e-01 5.494842332964802178e-01 7.482619091566429237e-01 5.321526191633756397e-01 4.253370642009707270e-01 5.720650955168853358e-01 0.000000000000000000e+00 2.414654080339309616e-01 6.735898249920945213e-01 3.426808427310197303e-01 4.825238281384147676e-01 4.441957250687214032e-01 2.085660820653889025e-01 1.192365343660673482e-01 8.872036155842382144e-01 1.934113202360195904e-01 7.720321456695273810e-01 8.500670540876114067e-01 6.012693154330146506e-01 4.507779354811445316e-01 5.664033997800028697e-01 1.573931055428767212e-01
4.944537042853975883e-01 5.335522222427817596e-01 5.481824890938115091e-01 3.951180120782745719e-01 6.623292592489977704e-01 1.932755719082784873e-01 5.822315717495927245e-01 6.074446183121882115e-01 7.036158238497853823e-01 2.110283594969626364e-01 5.022280788650757000e-02 8.802745471014996603e-01 6.191581018961505034e-01 5.021562504722850706e-01 7.743945910840350777e-01 1.427179860445859649e-02 3.744885626192877570e-01 2.062993560864706533e-01 5.146299810830192722e-01 2.414654080339309616e-01 0.000000000000000000e+00 8.495954659667851461e-01 1.136813600113161238e-01 4.421125088494974875e-01 3.199200223734890991e-01 5.385200512114965976e-01 3.697861245976344913e-01 6.302110472442128408e-01 4.400521429963670794e-01 3.603910383677829676e-01 4.643858858362557851e-01 3.282368184090422858e-01 4.942253112543600335e-01 8.162788250955035352e-01 7.472470308808829564e-01
8.626315514320737066e-01 5.104991527567642740e-01 2.477861716985024776e-01 5.403947156982554789e-01 7.818974440243309232e-01 4.860087604721502474e-01 8.579373822240470293e-01 4.136359654000656416e-01 8.531040722842542223e-01 5.079352932449288094e-02 5.236269279412349986e-01 6.198710343039062209e-01 4.169347997719585752e-01 8.739750621138974163e-01 6.750285099167468994e-01 1.643703282113094799e-01 6.377768403067074487e-01 8.530128869765734034e-01 9.308110601563790443e-01 6.735898249920945213e-01 8.495954659667851461e-01 0.000000000000000000e+00 4.008486321686978160e-01 5.581192254524413032e-01 3.757102000864926405e-01 7.788751405323122157e-01 8.379990268624173400e-01 5.739835600943835603e-01 3.735776569497067934e-01 4.153414327419936436e-01 7.814333657248709875e-01 8.270852850676083667e-01 7.805264920048076149e-01 6.505670918444361739e-01 3.070650497366090859e-01
2.146338077282353707e-01 3.253540977471036655e-01 3.192842825777653104e-01 1.334912194423947263e-01 4.381127958903978103e-01 4.520267139100491161e-01 3.491163911186220825e-01 3.361032250469946359e-01 5.896277670134013604e-01 2.998537222915642619e-01 2.077286817244667905e-01 7.783773689796161799e-01 4.189371334640800137e-01 5.492166114909687868e-01 2.571142697111571951e-01 1.392389638326152479e-01 5.410473692155000069e-01 7.012643511679557129e-01 5.366385490492993071e-01 3.426808427310197303e-01 1.136813600113161238e-01 4.008486321686978160e-01 0.000000000000000000e+00 3.900784692260761410e-02 6.827202223713733087e-01 2.306863559076834935e-01 6.764940141644424365e-01 4.483567137348034581e-01 2.668000621958923624e-01 5.494117910337382726e-01 4.554953880607426342e-01 4.928029264107450236e-01 2.093393351535496327e-01 4.513057687689333575e-01 4.641454897046619621e-01
6.167593753818558788e-01 4.538246206040141839e-02 5.930298408513416941e-01 5.654468022839165275e-01 3.026824029888062206e-01 4.395432831175906108e-01 7.666270519936626560e-01 7.367421780671381537e-01 6.767492014536118372e-01 3.333637768156335612e-01 6.267342151117684113e-01 7.058372264550689668e-01 5.818856594243095870e-01 6.333002893809736022e-01 7.822415747335155212e-01 7.263925260930457206e-01 5.482381810431339320e-01 4.608576482518024209e-01 1.761303882245985886e-01 4.825238281384147676e-01 4.421125088494974875e-01 5.581192254524413032e-01 3.900784692260761410e-02 0.000000000000000000e+00 2.979806463065943212e-01 4.968875059818326223e-01 4.767943611686942251e-02 6.556988941156174366e-01 4.041220998927936847e-01 2.886342194267720318e-01 5.777648234341470346e-01 7.081934069248376762e-01 8.127183322877785665e-01 8.296298147792791067e-02 2.129253180020242997e-01
2.338881730354471777e-01 5.414378131967960694e-01 7.407279431787867630e-01 2.790389961963086751e-01 7.704562025532176728e-01 4.669935017588193737e-01 6.065708675869250222e-01 4.105771294306598262e-01 7.603738834875328756e-01 4.292390957612256530e-01 5.546944160754094799e-01 3.052042096592704756e-01 6.199283578148109264e-01 1.172217357071843047e-01 7.765841138906277585e-01 7.262765530751110754e-01 9.255219150429188080e-01 1.919512635950952895e-01 1.667757923771259199e-01 4.441957250687214032e-01 3.199200223734890991e-01 3.757102000864926405e-01 6.827202223713733087e-01 2.979806463065943212e-01 0.000000000000000000e+00 5.490992055113808057e-01 3.463531291671378964e-01 4.774534241086271225e-01 6.623778129186767005e-01 4.335458753786336494e-01 3.752625291535562346e-01 5.912747216615651391e-01 3.009970364515788810e-01 4.556243200535869953e-01 2.175357751844507748e-01
4.663770996453945883e-01 5.309800333278109630e-01 7.585007976196607160e-01 9.456921766223072012e-01 4.564719417060992268e-01 6.391758108041973863e-01 8.877245601783867457e-01 7.068293586083148616e-01 5.932341215397458623e-01 4.614089451415843701e-01 8.463881332173257555e-01 1.292618592182221970e-01 1.417237612028902083e-01 6.865463676447249863e-01 3.537538238458136641e-01 6.759724869373670009e-01 3.538012900886521317e-01 4.367480469119924824e-01 5.326192210086077017e-01 2.085660820653889025e-01 5.385200512114965976e-01 7.788751405323122157e-01 2.306863559076834935e-01 4.968875059818326223e-01 5.490992055113808057e-01 0.000000000000000000e+00 8.964832679904417567e-01 2.295596988235572011e-01 2.262396663818010412e-01 4.204951636503236889e-01 4.088780050679716727e-01 7.657756808281612759e-01 5.267134502985232336e-01 3.228705081747257344e-01 7.825753136538908805e-01
5.895755950400161094e-02 8.579184510172035427e-01 8.877071186131193503e-01 5.122369980853869187e-01 5.896146937604038740e-01 6.296676942447367864e-01 9.667832439082283402e-01 8.883503741101996809e-01 1.540119827306840605e-02 8.557135499046202298e-01 3.396284703385494819e-01 3.498948768383026708e-01 5.218872136868989431e-01 6.612043200133764786e-01 2.082589508762904273e-01 5.930893703116634219e-01 2.908402362270170460e-01 6.612056603493933205e-01 4.155591890689662726e-01 1.192365343660673482e-01 3.697861245976344913e-01 8.379990268624173400e-01 6.764940141644424365e-01 4.767943611686942251e-02 3.463531291671378964e-01 8.964832679904417567e-01 0.000000000000000000e+00 5.426410890133712694e-01 4.980909155878239791e-01 9.186275382236841480e-01 6.778657429243410970e-01 4.416755935744414163e-01 7.827384731818176622e-01 2.771269706669367006e-01 5.237511629897404486e-01
4.697698752814109535e-01 5.950123056913165787e-01 6.225911041185538952e-02 4.532261090838816120e-01 3.541287861639564327e-01 8.822743941764785713e-01 5.011273043486409451e-01 5.125730286884485620e-01 4.094363206537918742e-01 7.325001364832446349e-01 5.612576903847391607e-01 1.628802713487688125e-01 5.322333481050806059e-01 4.727604309125597593e-01 4.585502657361059109e-01 5.524911231297593428e-01 1.475705669499537409e-01 6.716745934548864483e-01 3.230075392189740158e-01 8.872036155842382144e-01 6.302110472442128408e-01 5.739835600943835603e-01 4.483567137348034581e-01 6.556988941156174366e-01 4.774534241086271225e-01 2.295596988235572011e-01 5.426410890133712694e-01 0.000000000000000000e+00 1.253450259128064959e-01 6.277098699081520294e-01 2.272135223754782052e-01 7.052012405517722460e-01 4.204878374073471314e-01 1.679673785883736281e-01 4.302743891117218333e-01
5.396925567487429465e-01 5.413598897154545675e-01 5.676830041093179346e-01 5.661791751957129248e-01 3.516530947462056522e-01 6.184103423319115000e-01 4.300945685417220110e-01 6.291531033183352939e-01 7.192525924603483389e-01 2.393686936399043175e-01 6.524778623649416520e-01 3.166997331026905060e-01 6.383175684314768006e-01 5.325535329104231774e-01 4.895775442445218784e-01 7.426250781175687266e-01 8.894932545248721567e-01 4.174706177923993011e-01 9.012176942037211091e-01 1.934113202360195904e-01 4.400521429963670794e-01 3.735776569497067934e-01 2.668000621958923624e-01 4.041220998927936847e-01 6.623778129186767005e-01 2.262396663818010412e-01 4.980909155878239791e-01 1.253450259128064959e-01 0.000000000000000000e+00 4.760454083994101193e-01 8.601214331659507994e-01 8.864614981673473171e-01 7.792328781661030934e-01 8.014541851090006830e-01 5.628076981158560699e-01
9.099984781864201011e-01 4.760348546542654824e-01 6.219011965919980511e-01 5.303714263132163209e-01 8.338759593038569395e-01 3.137737058234091325e-01 4.884263495798915056e-01 8.006399881333712276e-01 3.944344452478937280e-01 3.086825003403640411e-01 6.944971778677762053e-01 6.386595594886795846e-01 8.457811279648630443e-02 9.479546604292866663e-01 8.872015696559787390e-01 4.061755553041814237e-01 2.773143653064073511e-01 2.023096362001005621e-01 3.314523896362017719e-01 7.720321456695273810e-01 3.603910383677829676e-01 4.153414327419936436e-01 5.494117910337382726e-01 2.886342194267720318e-01 4.335458753786336494e-01 4.204951636503236889e-01 9.186275382236841480e-01 6.277098699081520294e-01 4.760454083994101193e-01 0.000000000000000000e+00 5.570997328604301302e-01 7.611683073314479131e-02 5.348804318584962081e-01 6.292048223853810018e-01 3.038839337649208439e-01
3.188503948363782814e-01 3.651400915213861564e-01 5.733633986726112131e-01 4.167732166932826554e-01 1.242486417463607440e-01 6.302557537954602829e-01 6.246629234465638225e-01 3.713338148366084890e-01 5.989108309190476209e-01 1.548172295789335129e-01 7.973105659980929127e-01 1.325950907466850737e-01 4.348153707033517446e-01 9.419094563334823311e-02 6.034493053169726062e-01 5.270081383452465129e-01 6.376613696883687288e-01 7.564104375730811292e-01 4.573521533707787246e-01 8.500670540876114067e-01 4.643858858362557851e-01 7.814333657248709875e-01 4.554953880607426342e-01 5.777648234341470346e-01 3.752625291535562346e-01 4.088780050679716727e-01 6.778657429243410970e-01 2.272135223754782052e-01 8.601214331659507994e-01 5.570997328604301302e-01 0.000000000000000000e+00 3.984040341102412786e-01 2.884992095398785095e-01 5.603008052247463455e-01 4.101033904746466119e-01
2.313987962606497972e-01 3.623747938783800082e-01 7.623226038775560154e-01 9.066026583104001002e-01 3.860638954685219337e-01 2.999613653100165478e-01 4.382462950638675858e-01 2.517036597556116528e-01 3.439917941822555059e-01 6.411983432922263582e-01 4.625771546698587144e-01 3.848897013083369956e-01 5.053304554210529265e-01 4.803248739114829302e-01 8.954523684602253564e-01 4.639605717763919390e-01 6.413418245893398595e-01 6.457925849732979451e-01 2.265374232423333911e-02 6.012693154330146506e-01 3.282368184090422858e-01 8.270852850676083667e-01 4.928029264107450236e-01 7.081934069248376762e-01 5.912747216615651391e-01 7.657756808281612759e-01 4.416755935744414163e-01 7.052012405517722460e-01 8.864614981673473171e-01 7.611683073314479131e-02 3.984040341102412786e-01 0.000000000000000000e+00 3.469193173120572737e-01 5.871934987317513066e-01 9.098685382138915756e-02
4.735608278230099000e-01 2.910610281123243159e-01 4.822075676171600489e-01 1.858534698592354539e-01 1.158070531326492736e-01 5.299041503488644000e-01 8.475718175996435066e-01 9.742387248541453104e-01 8.476393158188308963e-01 8.702220060534915369e-01 6.074426201273884773e-01 6.419191356341450438e-01 2.376929903354941809e-01 4.695369103207572836e-01 2.147213617196879198e-01 5.353012140291359966e-01 8.086985525274341668e-01 1.588423523306317087e-01 7.440992182839629709e-01 4.507779354811445316e-01 4.942253112543600335e-01 7.805264920048076149e-01 2.093393351535496327e-01 8.127183322877785665e-01 3.009970364515788810e-01 5.267134502985232336e-01 7.827384731818176622e-01 4.204878374073471314e-01 7.792328781661030934e-01 5.348804318584962081e-01 2.884992095398785095e-01 3.469193173120572737e-01 0.000000000000000000e+00 4.082563215048493621e-01 3.664198660980105271e-01
3.884538370013959074e-01 8.590208566008408209e-01 5.204227457964658576e-01 3.287730365237366836e-01 7.386378246935272340e-01 5.992993900968093257e-01 7.390180792028346879e-01 6.670514399006524098e-01 6.209459564978789814e-01 8.372535789685560115e-01 6.255514679328232353e-01 5.373264068867362742e-01 2.699891621858433455e-01 5.587672391701292707e-01 7.346910857345542167e-01 3.745624359573627160e-01 2.234516411176310502e-01 5.299445847230903617e-01 6.008758215506667666e-01 5.664033997800028697e-01 8.162788250955035352e-01 6.505670918444361739e-01 4.513057687689333575e-01 8.296298147792791067e-02 4.556243200535869953e-01 3.228705081747257344e-01 2.771269706669367006e-01 1.679673785883736281e-01 8.014541851090006830e-01 6.292048223853810018e-01 5.603008052247463455e-01 5.871934987317513066e-01 4.082563215048493621e-01 0.000000000000000000e+00 6.461334361811904570e-01
1.448175302248051466e-01 5.240705057380139475e-01 5.080627764383369716e-01 3.437346342671468991e-01 4.207988177424101806e-01 8.703398093428650339e-01 6.451324228093128221e-01 1.799923007522420404e-01 5.756641822984811530e-01 9.325183000049321880e-01 8.727913404983551615e-01 6.917062020600457384e-01 7.415065995234906282e-01 3.977769647075181658e-01 8.021768571949939863e-01 4.591728673467002642e-01 8.389266523361017525e-01 2.395311508625421748e-01 5.115263404261193303e-01 1.573931055428767212e-01 7.472470308808829564e-01 3.070650497366090859e-01 4.641454897046619621e-01 2.129253180020242997e-01 2.175357751844507748e-01 7.825753136538908805e-01 5.237511629897404486e-01 4.302743891117218333e-01 5.628076981158560699e-01 3.038839337649208439e-01 4.101033904746466119e-01 9.098685382138915756e-02 3.664198660980105271e-01 6.461334361811904570e-01 0.000000000000000000e+00
