0.000000000000000000e+00 6.425020946666066823e-01 2.234397986008828108e-01 1.292651489654468300e-01 3.347887852118854868e-01 3.994863778135632204e-01 4.989677720391694216e-01 5.069631917785805131e-01 4.798998891479576701e-01 7.922161479873248702e-01 5.787273364416107846e-01 4.259978670333375295e-01 6.678241136241529485e-01 5.104842647879335171e-01 5.567357673059418754e-01 7.174930511210093620e-01 5.425193755374508875e-01 4.320438467351122025e-01 1.980776214654665357e-01 7.322227028884531475e-01 7.583671152003623739e-01 7.395749262848463346e-01 6.058426408929018514e-01 2.776901250489937079e-01 6.144154004083549614e-01 3.343134338000031125e-01 3.278316645699728138e-01 3.393330776401509707e-01 5.390546711410659775e-01 6.514586429836988213e-01 1.902090420421195804e-01 8.024960020777804903e-01 5.875414718326574803e-01 4.096869813890238188e-01 2.798827157919647757e-02
6.425020946666066823e-01 0.000000000000000000e+00 7.987052555824081246e-01 4.523634975481033438e-01 3.691545316381413810e-01 6.727087782812674055e-01 5.380201842383767197e-01 3.272477763295179587e-01 5.443832837688939996e-01 4.683555079693539347e-01 3.824061311983548705e-01 5.705030889507571867e-01 4.442439910068368136e-01 3.958414104176050108e-01 2.178888848355802210e-01 2.693946242764755361e-02 8.023427449860722760e-01 1.148584458257233543e-01 5.360717909862366959e-01 7.168105201175415386e-01 7.133032178323840400e-01 8.248625470359222112e-01 9.271867378206442023e-01 3.012833767451256195e-01 6.002393856338537059e-01 7.517368335691185788e-01 5.258566059678413396e-01 5.321233974865571259e-01 6.201725176259866856e-01 8.317460165294529029e-01 6.229642085716492472e-01 8.156248976462947553e-01 7.695125703785997695e-01 4.482245322072413996e-01 6.402238437231796420e-01
2.234397986008828108e-01 7.987052555824081246e-01 0.000000000000000000e+00 3.458570412052722753e-01 4.916114793145606177e-01 1.495521017864612778e-01 5.584629374892668974e-01 4.430185371851984577e-01 5.687700321639832524e-01 6.197676057424454932e-01 8.910139714418781054e-01 6.610128083474938743e-01 5.267762756037490668e-01 4.505662385995535812e-01 2.165496740545606036e-01 3.217609668649584198e-01 3.904336006184928043e-01 5.801377341112279318e-01 9.155223404090837569e-01 4.665320615042368169e-01 7.505313815607017602e-01 5.570678671544496696e-01 4.903448891818277811e-01 4.836964339527606294e-01 4.349022487960744199e-01 5.009863832042465992e-01 7.179091683464873253e-01 5.280323575362074751e-01 6.062248453073564303e-01 9.785503530910855119e-02 2.487528046748643251e-01 3.888414177024533402e-01 2.879049560935134089e-01 2.935003258191415942e-01 7.692488552025007476e-01
1.292651489654468300e-01 4.523634975481033438e-01 3.458570412052722753e-01 0.000000000000000000e+00 8.683726981929185129e-01 3.604905441460813931e-01 2.526766315372855898e-01 3.056048741045557238e-01 4.644166805107142193e-01 4.038350996299642781e-01 6.506002226989930914e-01 6.454791853093527765e-01 2.427477797431586426e-01 5.109875632500431308e-01 7.629202353128275993e-01 5.352662851067353511e-01 3.402476664931872730e-01 6.412660024053133956e-01 2.741343174942962868e-01 6.324158804866982786e-01 5.337265734238505477e-01 7.048686408697397709e-01 2.880326637372628840e-01 6.227724530982365891e-01 3.499445133020906984e-01 5.206433192410834243e-01 7.181314099559686914e-01 1.815249020520631751e-01 5.445540777515801567e-01 5.575462490484700551e-01 4.461049865236804690e-01 4.371749638664420567e-01 3.852623988808959732e-01 3.192547469168403040e-01 6.498267979348776313e-01
3.347887852118854868e-01 3.691545316381413810e-01 4.916114793145606177e-01 8.683726981929185129e-01 0.000000000000000000e+00 5.416606653792969128e-01 7.020562920369020077e-01 6.936404949924783736e-01 1.054959260720094161e-01 6.611551336443087790e-01 2.808616295453873479e-01 8.571262747993960707e-01 9.554004359533370128e-01 4.617801909610418365e-01 4.110329673499276693e-01 3.782307513493496920e-01 5.963907062697790806e-01 5.675339557339400542e-01 3.983624472081064294e-01 1.952413248620135100e-01 4.859198968165063803e-01 4.247746558104720238e-01 6.078401743662221746e-01 2.657938420709711203e-01 5.481915178740853767e-01 4.477253948334366518e-01 6.157050340995626758e-01 4.824953215606383461e-01 6.238322476614426293e-01 3.410467571629273165e-01 3.544020628957257335e-01 5.685061847917463052e-01 4.815984715310916986e-01 3.808422251310294437e-01 6.127532952115350984e-01
3.994863778135632204e-01 6.727087782812674055e-01 1.495521017864612778e-01 3.604905441460813931e-01 5.416606653792969128e-01 0.000000000000000000e+00 7.014227004944356691e-01 7.158804930110269638e-01 6.184673917944477628e-01 1.465180668158211352e-01 4.331233776416687498e-02 7.349389905008710810e-01 6.710723226727354218e-01 2.022422618478019185e-01 5.458291003796625906e-01 3.685277112239973563e-01 5.971077526400931923e-01 3.503880775325001196e-01 5.868764243698559868e-01 3.821157554294442038e-01 4.339724487851359669e-01 7.909150893433145590e-01 5.223446608804596103e-01 5.519419813753811965e-01 5.473549283339611549e-01 4.302588870651726793e-01 3.813355705198063217e-01 7.472858106018183122e-01 3.612176197496506092e-01 3.359455802364740284e-01 4.601190616742475425e-01 1.545377597537791470e-01 3.300079607242087931e-01 5.524146823978549614e-01 4.776431689266441016e-01
4.989677720391694216e-01 5.380201842383767197e-01 5.584629374892668974e-01 2.526766315372855898e-01 7.020562920369020077e-01 7.014227004944356691e-01 0.000000000000000000e+00 3.506798309711791073e-01 4.872919217902015321e-01 6.013510168626851060e-01 7.326534586265958104e-01 4.910974995400954057e-01 4.685390088111029971e-01 4.418513858995941623e-01 6.692726048966120000e-01 2.098445021288651846e-01 5.857716775318552171e-01 2.183031843946581230e-01 7.899576003099230137e-01 6.695873183791154482e-01 7.584973827923038314e-01 2.078124342000650104e-01 3.627984557762761741e-01 1.723822239976249282e-01 3.460377447505803561e-01 4.340036193978469292e-01 6.051549500960091699e-01 3.644155359763027735e-01 6.629807439100702249e-01 5.289482418718034484e-01 7.028131734492819582e-01 1.128414283260463780e-01 3.695028038221090938e-01 2.834484251756841378e-01 3.667462633363942626e-01
5.069631917785805131e-01 3.272477763295179587e-01 4.430185371851984577e-01 3.056048741045557238e-01 6.936404949924783736e-01 7.158804930110269638e-01 3.506798309711791073e-01 0.000000000000000000e+00 2.878928402644496121e-01 6.090317697333890168e-01 2.482752708657874896e-01 5.010798343326647863e-01 6.438898155598764550e-01 4.351834915206095333e-01 3.823174023795863907e-01 8.014996631314041942e-02 4.912914506679208482e-01 9.218471521040343397e-01 8.196743625055353810e-01 5.799224764010839639e-01 8.552267669077950885e-01 1.678244054115298756e-01 3.440811595014656721e-01 7.197170574054980730e-01 5.267059975357832879e-01 3.797917955640286447e-01 6.005026253859383489e-01 8.039663467083782988e-01 7.696175812699515006e-01 7.065462235458477291e-01 6.836586373691040386e-01 2.385253169665119133e-01 7.985387581756777653e-01 5.651556547831186883e-01 7.906915200886426298e-01
4.798998891479576701e-01 5.443832837688939996e-01 5.687700321639832524e-01 4.644166805107142193e-01 1.054959260720094161e-01 6.184673917944477628e-01 4.872919217902015321e-01 2.878928402644496121e-01 0.000000000000000000e+00 1.372191784476827214e-01 1.108063947161715967e-01 2.870607865719788654e-01 6.916852926705007176e-01 1.335128501044108296e-01 5.359163585616191217e-01 2.081388272291029296e-01 5.756377012593232312e-01 4.828365010877521124e-01 4.588785587317821824e-01 5.246848140665727467e-01 5.492979248622381627e-01 6.785281104853504441e-01 3.055145050370356996e-01 4.618791904442886009e-01 8.471763333536903584e-01 8.583916511985402176e-01 6.616357394477990761e-01 9.254926244537722280e-01 5.590525743972500905e-01 8.315528797765111557e-01 5.626454643118391497e-01 3.919359248445901667e-01 5.670659538756686047e-01 8.973054505107689316e-01 3.205015736170475082e-01
7.922161479873248702e-01 4.683555079693539347e-01 6.197676057424454932e-01 4.038350996299642781e-01 6.611551336443087790e-01 1.465180668158211352e-01 6.013510168626851060e-01 6.090317697333890168e-01 1.372191784476827214e-01 0.000000000000000000e+00 6.392493261227356616e-01 2.545372338249200506e-01 2.692084835026681278e-01 4.467727567220698415e-01 3.396042360111436453e-01 5.053279261094154595e-01 2.664870496982163495e-01 6.498445696842287678e-01 5.608690571560323024e-01 1.820329405196517980e-01 2.554908428557999267e-01 4.925594923079936738e-01 4.695473580579343498e-01 1.890919605587740859e-01 3.947918599547337593e-01 6.454614384156975859e-02 5.824926870380074950e-01 4.847434129279749593e-01 4.635429697641814117e-01 3.989950700631206271e-01 2.924780725637142753e-01 6.860656648847909267e-01 3.251151956418384392e-01 3.258844696545888375e-01 4.296057969020011802e-02
5.787273364416107846e-01 3.824061311983548705e-01 8.910139714418781054e-01 6.506002226989930914e-01 2.808616295453873479e-01 4.331233776416687498e-02 7.326534586265958104e-01 2.482752708657874896e-01 1.108063947161715967e-01 6.392493261227356616e-01 0.000000000000000000e+00 2.780457256859092396e-01 1.129974697950274498e-01 5.329455652884946826e-01 6.148580687577283044e-01 8.722048444018741797e-01 6.065975090772366407e-01 4.993246401339961338e-01 2.705639751361952339e-01 2.765268675827985412e-01 9.044736269593212086e-01 4.492044386311796478e-01 9.085497906945846358e-01 3.271589142958728491e-01 6.221814836949500771e-01 6.910547094109539268e-01 5.809934484046482828e-01 8.154209915283701093e-01 3.645391611873658455e-01 9.082874295534065778e-01 4.212484616288670880e-01 2.532939211092345988e-01 3.827358207740436669e-01 4.061449848361853299e-02 2.623600560708237994e-01
4.259978670333375295e-01 5.705030889507571867e-01 6.610128083474938743e-01 6.454791853093527765e-01 8.571262747993960707e-01 7.349389905008710810e-01 4.910974995400954057e-01 5.010798343326647863e-01 2.870607865719788654e-01 2.545372338249200506e-01 2.780457256859092396e-01 0.000000000000000000e+00 7.231607127915123945e-01 2.006933047045367235e-01 8.492607862247650852e-01 6.658187334684291248e-01 5.065785173391981200e-01 6.486491079627176859e-01 3.584692130655443565e-01 7.091545228305004001e-01 5.904567170603099990e-01 4.978107675508804952e-01 1.608206485791684459e-01 3.846719601827517931e-01 2.849299591941827359e-01 7.668456268561754108e-01 7.463834262897315330e-01 1.272203405715137681e-01 2.391117907579337620e-01 1.829131492068597487e-01 1.341026514466843733e-01 5.511612988140631719e-01 6.024662199957142583e-02 7.263251295583648126e-01 4.191492400397583418e-01
6.678241136241529485e-01 4.442439910068368136e-01 5.267762756037490668e-01 2.427477797431586426e-01 9.554004359533370128e-01 6.710723226727354218e-01 4.685390088111029971e-01 6.438898155598764550e-01 6.916852926705007176e-01 2.692084835026681278e-01 1.129974697950274498e-01 7.231607127915123945e-01 0.000000000000000000e+00 5.843959278452028894e-01 1.514646230796323767e-01 3.547175872044205924e-02 8.812542710241393351e-01 7.865185923853983407e-01 7.062376745195644290e-01 7.014540564136930723e-01 7.979411128097873007e-01 4.755717313452787476e-01 9.068939423270692135e-01 5.372137237423011413e-01 3.652678291809198785e-01 7.308496248034324072e-01 4.143245647328612780e-01 3.314318723521721965e-01 6.109530951220309980e-02 7.498891498537723077e-01 5.337817137595900485e-01 3.070816778202840602e-01 6.996416583661970723e-01 5.380998242157444267e-01 8.955759072737254911e-01
5.104842647879335171e-01 3.958414104176050108e-01 4.505662385995535812e-01 5.109875632500431308e-01 4.617801909610418365e-01 2.022422618478019185e-01 4.418513858995941623e-01 4.351834915206095333e-01 1.335128501044108296e-01 4.467727567220698415e-01 5.329455652884946826e-01 2.006933047045367235e-01 5.843959278452028894e-01 0.000000000000000000e+00 8.632904138744775802e-01 3.932833439683061094e-01 7.474441426683846590e-01 5.039284077733294787e-01 5.204895729808396432e-01 3.344451012450427307e-01 4.537211760926466719e-01 3.703756309882126896e-01 8.129276493024104600e-01 7.118807049448917512e-01 2.593096743228998635e-01 2.197481290056817471e-01 5.076713029625162799e-01 2.152611864265660535e-01 2.152188314484888565e-01 6.540943606925651022e-01 9.033516858512817826e-01 4.260864420099617078e-01 4.408265962405084615e-01 1.505487675648140566e-01 4.541368310119754392e-01
5.567357673059418754e-01 2.178888848355802210e-01 2.165496740545606036e-01 7.629202353128275993e-01 4.110329673499276693e-01 5.458291003796625906e-01 6.692726048966120000e-01 3.823174023795863907e-01 5.359163585616191217e-01 3.396042360111436453e-01 6.148580687577283044e-01 8.492607862247650852e-01 1.514646230796323767e-01 8.632904138744775802e-01 0.000000000000000000e+00 5.967354833662363855e-01 3.732152761065385405e-01 5.814838901814465277e-01 8.485369591123392841e-02 3.442619314482505688e-01 4.252896378583982395e-01 4.203882356270748355e-01 7.022687320526873611e-01 5.700564796467003648e-01 3.970706326144518572e-01 2.549016039555400681e-01 4.313210075482429295e-01 4.508608747919339299e-01 5.086983296367750818e-01 7.199357166210980097e-01 2.096026393894231399e-01 8.534602533793433921e-02 5.943030393682893209e-01 4.816062945760265501e-01 2.179265762851892996e-01
7.174930511210093620e-01 2.693946242764755361e-02 3.217609668649584198e-01 5.352662851067353511e-01 3.782307513493496920e-01 3.685277112239973563e-01 2.098445021288651846e-01 8.014996631314041942e-02 2.081388272291029296e-01 5.053279261094154595e-01 8.722048444018741797e-01 6.658187334684291248e-01 3.547175872044205924e-02 3.932833439683061094e-01 5.967354833662363855e-01 0.000000000000000000e+00 1.783177972306344006e-01 1.987843185194246853e-01 7.921562219669509020e-01 3.836879678327669296e-01 6.288458528589024876e-01 3.312486179226277194e-01 2.385916448753153674e-01 7.418406315226477865e-01 4.750591200747082965e-01 4.017137426472954242e-01 6.154452005313264529e-01 6.272263343958323079e-01 2.494520958728719817e-01 6.366493704185316460e-01 3.045351482315908909e-01 6.319818635047342870e-01 5.016917642313805104e-01 3.688745092800910785e-01 4.466448688433056757e-01
5.425193755374508875e-01 8.023427449860722760e-01 3.904336006184928043e-01 3.402476664931872730e-01 5.963907062697790806e-01 5.971077526400931923e-01 5.857716775318552171e-01 4.912914506679208482e-01 5.756377012593232312e-01 2.664870496982163495e-01 6.065975090772366407e-01 5.065785173391981200e-01 8.812542710241393351e-01 7.474441426683846590e-01 3.732152761065385405e-01 1.783177972306344006e-01 0.000000000000000000e+00 1.318693734567295550e-01 4.550466417902553351e-01 2.091511945448297216e-01 8.890736795113246549e-01 6.659644189592965891e-01 9.484386385173171341e-01 4.145436943581414235e-01 5.786286909312314819e-01 4.890037919768935870e-01 3.714678313476796889e-01 5.696680723309269778e-01 4.293064468619280927e-01 6.004365954892039170e-01 6.805351654711617737e-01 7.154971465636432715e-01 9.166952970905364317e-01 9.370503221803383465e-01 7.525894261055583456e-01
4.320438467351122025e-01 1.148584458257233543e-01 5.801377341112279318e-01 6.412660024053133956e-01 5.675339557339400542e-01 3.503880775325001196e-01 2.183031843946581230e-01 9.218471521040343397e-01 4.828365010877521124e-01 6.498445696842287678e-01 4.993246401339961338e-01 6.486491079627176859e-01 7.865185923853983407e-01 5.039284077733294787e-01 5.814838901814465277e-01 1.987843185194246853e-01 1.318693734567295550e-01 0.000000000000000000e+00 4.220686394838134570e-01 7.359495185083848590e-01 4.870850155271501669e-01 1.788415348280106842e-01 6.705497384837402208e-01 8.378268767599497124e-01 5.445517618644131197e-01 5.324640574669439186e-01 7.659697602516757353e-01 1.994900439394053926e-01 1.428499988039635404e-01 4.385869838543986488e-01 2.556515624271354925e-01 6.438987989287570102e-01 7.100937574063580504e-01 3.945524539975835410e-01 4.283334715857702868e-01
1.980776214654665357e-01 5.360717909862366959e-01 9.155223404090837569e-01 2.741343174942962868e-01 3.983624472081064294e-01 5.868764243698559868e-01 7.899576003099230137e-01 8.196743625055353810e-01 4.588785587317821824e-01 5.608690571560323024e-01 2.705639751361952339e-01 3.584692130655443565e-01 7.062376745195644290e-01 5.204895729808396432e-01 8.485369591123392841e-02 7.921562219669509020e-01 4.550466417902553351e-01 4.220686394838134570e-01 0.000000000000000000e+00 6.851114687425982064e-01 8.730646175331353565e-01 5.074020542072281703e-01 2.807787677029924267e-01 3.893380843134779390e-01 5.294916011691972457e-01 6.108679364599036710e-01 4.463910798305329442e-01 5.592931429852071590e-01 8.001108771787421858e-01 5.071028393613961072e-01 7.270154006569817806e-01 1.524788795357006066e-01 5.868049247078926944e-01 6.800188728591459730e-01 6.169162138263042383e-01
7.322227028884531475e-01 7.168105201175415386e-01 4.665320615042368169e-01 6.324158804866982786e-01 1.952413248620135100e-01 3.821157554294442038e-01 6.695873183791154482e-01 5.799224764010839639e-01 5.246848140665727467e-01 1.820329405196517980e-01 2.765268675827985412e-01 7.091545228305004001e-01 7.014540564136930723e-01 3.344451012450427307e-01 3.442619314482505688e-01 3.836879678327669296e-01 2.091511945448297216e-01 7.359495185083848590e-01 6.851114687425982064e-01 0.000000000000000000e+00 4.923367293803916911e-01 6.377423410308673546e-01 4.467756087686851618e-01 4.390312352461986367e-01 8.116562289444892997e-01 6.276132321527891911e-01 4.881286855168223693e-01 6.215744863259209385e-01 6.094056072380377165e-01 4.355545869303393269e-01 7.518364228517180337e-01 6.970770426451321500e-01 6.533592004790821361e-01 6.256362202178271659e-01 2.808488652545775288e-01
7.583671152003623739e-01 7.133032178323840400e-01 7.505313815607017602e-01 5.337265734238505477e-01 4.859198968165063803e-01 4.339724487851359669e-01 7.584973827923038314e-01 8.552267669077950885e-01 5.492979248622381627e-01 2.554908428557999267e-01 9.044736269593212086e-01 5.904567170603099990e-01 7.979411128097873007e-01 4.537211760926466719e-01 4.252896378583982395e-01 6.288458528589024876e-01 8.890736795113246549e-01 4.870850155271501669e-01 8.730646175331353565e-01 4.923367293803916911e-01 0.000000000000000000e+00 4.745665678687195355e-01 3.378941691686909166e-01 8.447186970877613721e-01 6.766714461626270882e-01 4.984854591243186306e-01 8.515253477915043501e-01 6.408955641111715451e-01 9.140850269173628195e-01 7.752458684296050784e-01 3.930871345721094201e-01 5.248827547713764696e-01 3.587917235975498498e-01 4.169530633812838505e-01 5.825449692146931202e-01
7.395749262848463346e-01 8.248625470359222112e-01 5.570678671544496696e-01 7.048686408697397709e-01 4.247746558104720238e-01 7.909150893433145590e-01 2.078124342000650104e-01 1.678244054115298756e-01 6.785281104853504441e-01 4.925594923079936738e-01 4.492044386311796478e-01 4.978107675508804952e-01 4.755717313452787476e-01 3.703756309882126896e-01 4.203882356270748355e-01 3.312486179226277194e-01 6.659644189592965891e-01 1.788415348280106842e-01 5.074020542072281703e-01 6.377423410308673546e-01 4.745665678687195355e-01 0.000000000000000000e+00 9.343056789870151091e-01 4.914138840384343343e-01 5.102345651825823669e-01 1.750889064766377734e-01 5.112983685943444101e-01 4.693767309004879817e-01 3.910671603470325941e-01 5.065580041037348602e-01 4.657955868691534551e-01 6.321030777731323491e-01 8.075490758700309968e-01 7.162913653808566927e-01 5.911207398148466963e-01
6.058426408929018514e-01 9.271867378206442023e-01 4.903448891818277811e-01 2.880326637372628840e-01 6.078401743662221746e-01 5.223446608804596103e-01 3.627984557762761741e-01 3.440811595014656721e-01 3.055145050370356996e-01 4.695473580579343498e-01 9.085497906945846358e-01 1.608206485791684459e-01 9.068939423270692135e-01 8.129276493024104600e-01 7.022687320526873611e-01 2.385916448753153674e-01 9.484386385173171341e-01 6.705497384837402208e-01 2.807787677029924267e-01 4.467756087686851618e-01 3.378941691686909166e-01 9.343056789870151091e-01 0.000000000000000000e+00 7.950573296857564864e-01 4.530928081475698033e-01 8.837815532446537947e-01 2.242629944196386504e-01 6.428391770087962254e-01 3.938929733163362146e-01 4.830212702625921173e-01 1.817287871830516321e-01 6.032911975424618545e-01 6.235044393327768830e-01 4.361535729873996514e-01 3.523770022713146322e-01
2.776901250489937079e-01 3.012833767451256195e-01 4.836964339527606294e-01 6.227724530982365891e-01 2.657938420709711203e-01 5.519419813753811965e-01 1.723822239976249282e-01 7.197170574054980730e-01 4.618791904442886009e-01 1.890919605587740859e-01 3.271589142958728491e-01 3.846719601827517931e-01 5.372137237423011413e-01 7.118807049448917512e-01 5.700564796467003648e-01 7.418406315226477865e-01 4.145436943581414235e-01 8.378268767599497124e-01 3.893380843134779390e-01 4.390312352461986367e-01 8.447186970877613721e-01 4.914138840384343343e-01 7.950573296857564864e-01 0.000000000000000000e+00 2.385295712572298443e-01 3.388931129221464111e-01 4.779421514525944992e-01 4.980893980067383486e-01 7.824688395893547588e-01 3.517427869927414186e-01 4.520865644678841999e-01 4.591594649049913768e-01 4.536414862932895975e-01 3.829096484468667017e-01 2.922101904305898223e-01
6.144154004083549614e-01 6.002393856338537059e-01 4.349022487960744199e-01 3.499445133020906984e-01 5.481915178740853767e-01 5.473549283339611549e-01 3.460377447505803561e-01 5.267059975357832879e-01 8.471763333536903584e-01 3.947918599547337593e-01 6.221814836949500771e-01 2.849299591941827359e-01 3.652678291809198785e-01 2.593096743228998635e-01 3.970706326144518572e-01 4.750591200747082965e-01 5.786286909312314819e-01 5.445517618644131197e-01 5.294916011691972457e-01 8.116562289444892997e-01 6.766714461626270882e-01 5.102345651825823669e-01 4.530928081475698033e-01 2.385295712572298443e-01 0.000000000000000000e+00 5.482118133583424591e-01 6.125110307736915116e-01 7.585761080195360107e-01 1.626843876448795800e-01 4.694248077771764893e-01 2.775485677712725141e-01 7.239368628813603879e-01 5.495513968456009479e-01 5.851691240282267392e-01 1.722151470306544363e-01
3.343134338000031125e-01 7.517368335691185788e-01 5.009863832042465992e-01 5.206433192410834243e-01 4.477253948334366518e-01 4.302588870651726793e-01 4.340036193978469292e-01 3.797917955640286447e-01 8.583916511985402176e-01 6.454614384156975859e-02 6.910547094109539268e-01 7.668456268561754108e-01 7.308496248034324072e-01 2.197481290056817471e-01 2.549016039555400681e-01 4.017137426472954242e-01 4.890037919768935870e-01 5.324640574669439186e-01 6.108679364599036710e-01 6.276132321527891911e-01 4.984854591243186306e-01 1.750889064766377734e-01 8.837815532446537947e-01 3.388931129221464111e-01 5.482118133583424591e-01 0.000000000000000000e+00 4.758835316735079979e-01 4.825892753508111976e-01 5.125345177037570199e-01 4.874901463489982878e-01 2.899069376701746137e-01 4.359461774617498508e-01 3.466947826074542327e-01 3.833444177529409247e-01 8.867911731199967784e-01
3.278316645699728138e-01 5.258566059678413396e-01 7.179091683464873253e-01 7.181314099559686914e-01 6.157050340995626758e-01 3.813355705198063217e-01 6.051549500960091699e-01 6.005026253859383489e-01 6.616357394477990761e-01 5.824926870380074950e-01 5.809934484046482828e-01 7.463834262897315330e-01 4.143245647328612780e-01 5.076713029625162799e-01 4.313210075482429295e-01 6.154452005313264529e-01 3.714678313476796889e-01 7.659697602516757353e-01 4.463910798305329442e-01 4.881286855168223693e-01 8.515253477915043501e-01 5.112983685943444101e-01 2.242629944196386504e-01 4.779421514525944992e-01 6.125110307736915116e-01 4.758835316735079979e-01 0.000000000000000000e+00 8.069634825821782043e-01 6.255221371150097021e-01 2.588730570831829780e-01 1.118569286746068370e-01 4.710827341767410692e-01 3.568336390465505215e-01 4.244970504444554038e-01 1.981849922755694049e-01
3.393330776401509707e-01 5.321233974865571259e-01 5.280323575362074751e-01 1.815249020520631751e-01 4.824953215606383461e-01 7.472858106018183122e-01 3.644155359763027735e-01 8.039663467083782988e-01 9.254926244537722280e-01 4.847434129279749593e-01 8.154209915283701093e-01 1.272203405715137681e-01 3.314318723521721965e-01 2.152611864265660535e-01 4.508608747919339299e-01 6.272263343958323079e-01 5.696680723309269778e-01 1.994900439394053926e-01 5.592931429852071590e-01 6.215744863259209385e-01 6.408955641111715451e-01 4.693767309004879817e-01 6.428391770087962254e-01 4.980893980067383486e-01 7.585761080195360107e-01 4.825892753508111976e-01 8.069634825821782043e-01 0.000000000000000000e+00 7.290196136027465856e-01 6.600623523393758241e-01 6.135912957658633538e-01 4.587912977414859705e-01 8.430791441561128474e-01 5.690422148158849058e-01 8.298685879587441860e-02
5.390546711410659775e-01 6.201725176259866856e-01 6.062248453073564303e-01 5.445540777515801567e-01 6.238322476614426293e-01 3.612176197496506092e-01 6.629807439100702249e-01 7.696175812699515006e-01 5.590525743972500905e-01 4.635429697641814117e-01 3.645391611873658455e-01 2.391117907579337620e-01 6.109530951220309980e-02 2.152188314484888565e-01 5.086983296367750818e-01 2.494520958728719817e-01 4.293064468619280927e-01 1.428499988039635404e-01 8.001108771787421858e-01 6.094056072380377165e-01 9.140850269173628195e-01 3.910671603470325941e-01 3.938929733163362146e-01 7.824688395893547588e-01 1.626843876448795800e-01 5.125345177037570199e-01 6.255221371150097021e-01 7.290196136027465856e-01 0.000000000000000000e+00 6.362185724799517272e-01 3.239463397229332964e-01 2.491097432500279374e-01 9.046782695409019137e-01 1.911608776564807100e-01 3.955622073113654880e-01
6.514586429836988213e-01 8.317460165294529029e-01 9.785503530910855119e-02 5.575462490484700551e-01 3.410467571629273165e-01 3.359455802364740284e-01 5.289482418718034484e-01 7.065462235458477291e-01 8.315528797765111557e-01 3.989950700631206271e-01 9.082874295534065778e-01 1.829131492068597487e-01 7.498891498537723077e-01 6.540943606925651022e-01 7.199357166210980097e-01 6.366493704185316460e-01 6.004365954892039170e-01 4.385869838543986488e-01 5.071028393613961072e-01 4.355545869303393269e-01 7.752458684296050784e-01 5.065580041037348602e-01 4.830212702625921173e-01 3.517427869927414186e-01 4.694248077771764893e-01 4.874901463489982878e-01 2.588730570831829780e-01 6.600623523393758241e-01 6.362185724799517272e-01 0.000000000000000000e+00 5.786962280352736521e-01 7.811406392584512304e-01 4.855668308742391859e-01 6.626655973854562731e-01 4.302166829197434095e-01
1.902090420421195804e-01 6.229642085716492472e-01 2.487528046748643251e-01 4.461049865236804690e-01 3.544020628957257335e-01 4.601190616742475425e-01 7.028131734492819582e-01 6.836586373691040386e-01 5.626454643118391497e-01 2.924780725637142753e-01 4.212484616288670880e-01 1.341026514466843733e-01 5.337817137595900485e-01 9.033516858512817826e-01 2.096026393894231399e-01 3.045351482315908909e-01 6.805351654711617737e-01 2.556515624271354925e-01 7.270154006569817806e-01 7.518364228517180337e-01 3.930871345721094201e-01 4.657955868691534551e-01 1.817287871830516321e-01 4.520865644678841999e-01 2.775485677712725141e-01 2.899069376701746137e-01 1.118569286746068370e-01 6.135912957658633538e-01 3.239463397229332964e-01 5.786962280352736521e-01 0.000000000000000000e+00 4.785425857246871084e-01 2.734569566903964355e-01 8.260847962726380889e-01 7.587924436254889216e-01
8.024960020777804903e-01 8.156248976462947553e-01 3.888414177024533402e-01 4.371749638664420567e-01 5.685061847917463052e-01 1.545377597537791470e-01 1.128414283260463780e-01 2.385253169665119133e-01 3.919359248445901667e-01 6.860656648847909267e-01 2.532939211092345988e-01 5.511612988140631719e-01 3.070816778202840602e-01 4.260864420099617078e-01 8.534602533793433921e-02 6.319818635047342870e-01 7.154971465636432715e-01 6.438987989287570102e-01 1.524788795357006066e-01 6.970770426451321500e-01 5.248827547713764696e-01 6.321030777731323491e-01 6.032911975424618545e-01 4.591594649049913768e-01 7.239368628813603879e-01 4.359461774617498508e-01 4.710827341767410692e-01 4.587912977414859705e-01 2.491097432500279374e-01 7.811406392584512304e-01 4.785425857246871084e-01 0.000000000000000000e+00 3.931551859742043464e-01 4.681463773287264374e-01 3.923041385247177937e-01
5.875414718326574803e-01 7.695125703785997695e-01 2.879049560935134089e-01 3.852623988808959732e-01 4.815984715310916986e-01 3.300079607242087931e-01 3.695028038221090938e-01 7.985387581756777653e-01 5.670659538756686047e-01 3.251151956418384392e-01 3.827358207740436669e-01 6.024662199957142583e-02 6.996416583661970723e-01 4.408265962405084615e-01 5.943030393682893209e-01 5.016917642313805104e-01 9.166952970905364317e-01 7.100937574063580504e-01 5.868049247078926944e-01 6.533592004790821361e-01 3.587917235975498498e-01 8.075490758700309968e-01 6.235044393327768830e-01 4.536414862932895975e-01 5.495513968456009479e-01 3.466947826074542327e-01 3.568336390465505215e-01 8.430791441561128474e-01 9.046782695409019137e-01 4.855668308742391859e-01 2.734569566903964355e-01 3.931551859742043464e-01 0.000000000000000000e+00 2.529530212337757211e-01 4.241133557601381998e-01
4.096869813890238188e-01 4.482245322072413996e-01 2.935003258191415942e-01 3.192547469168403040e-01 3.808422251310294437e-01 5.524146823978549614e-01 2.834484251756841378e-01 5.651556547831186883e-01 8.973054505107689316e-01 3.258844696545888375e-01 4.061449848361853299e-02 7.263251295583648126e-01 5.380998242157444267e-01 1.505487675648140566e-01 4.816062945760265501e-01 3.688745092800910785e-01 9.370503221803383465e-01 3.945524539975835410e-01 6.800188728591459730e-01 6.256362202178271659e-01 4.169530633812838505e-01 7.162913653808566927e-01 4.361535729873996514e-01 3.829096484468667017e-01 5.851691240282267392e-01 3.833444177529409247e-01 4.244970504444554038e-01 5.690422148158849058e-01 1.911608776564807100e-01 6.626655973854562731e-01 8.260847962726380889e-01 4.681463773287264374e-01 2.529530212337757211e-01 0.000000000000000000e+00 3.695858521434357002e-01
2.798827157919647757e-02 6.402238437231796420e-01 7.692488552025007476e-01 6.498267979348776313e-01 6.127532952115350984e-01 4.776431689266441016e-01 3.667462633363942626e-01 7.906915200886426298e-01 3.205015736170475082e-01 4.296057969020011802e-02 2.623600560708237994e-01 4.191492400397583418e-01 8.955759072737254911e-01 4.541368310119754392e-01 2.179265762851892996e-01 4.466448688433056757e-01 7.525894261055583456e-01 4.283334715857702868e-01 6.169162138263042383e-01 2.808488652545775288e-01 5.825449692146931202e-01 5.911207398148466963e-01 3.523770022713146322e-01 2.922101904305898223e-01 1.722151470306544363e-01 8.867911731199967784e-01 1.981849922755694049e-01 8.298685879587441860e-02 3.955622073113654880e-01 4.302166829197434095e-01 7.587924436254889216e-01 3.923041385247177937e-01 4.241133557601381998e-01 3.695858521434357002e-01 0.000000000000000000e+00
