0.000000000000000000e+00 3.640452675242401015e-01 3.117923213390501047e-01 6.169601150457557637e-01 3.859964962976359937e-01 4.461450990380481652e-01 9.331651826350606527e-01 6.214124831647590552e-01 2.297661321612796126e-01 5.079097376316612511e-01 4.593217126546816909e-01 7.351036111026116870e-01 6.649224150813626277e-01 4.507017540903961450e-01 8.409982398669740844e-01 4.775200775310606827e-01 2.955596292468050668e-01 5.982332703443080657e-01 6.551582043001354938e-01 8.376309320508873446e-01 8.226144576473807257e-01 3.595762592380630229e-01 3.661890494397637141e-01 7.379691627918580910e-01 5.267946113717525414e-01 7.384680376534478174e-01 3.879887532459500021e-01 4.502663746274304102e-01 7.877297962182665536e-01 3.653127606737171518e-01 4.268101150608615280e-01 8.810119388119100892e-01 5.455537760896841393e-01 2.618687553005255575e-01 5.476654002948553313e-01
3.640452675242401015e-01 0.000000000000000000e+00 4.259008578325856886e-01 2.822690069014540670e-01 3.583060036012761795e-01 5.465697286295984059e-01 2.448502783065119592e-01 3.044346707785364758e-01 4.847476422771278548e-01 3.771760305393715429e-01 8.434801908400701986e-02 2.882099492825294096e-01 4.198815474140389359e-01 4.008078249138886107e-01 5.666746906433458575e-01 2.928547921744246718e-01 1.338772480457329772e-01 4.236998318469054059e-02 8.044522360251409321e-01 8.385966485243251389e-01 5.423700841674550244e-01 3.809628314317227149e-01 5.188827898879647682e-01 6.640429413134731895e-01 3.215829086756351596e-01 3.273098020553836252e-01 7.992683740654840108e-01 3.676187130048848006e-01 5.320778258151864781e-01 7.307380003643074717e-01 3.096727328253294775e-01 1.921443919845515769e-01 4.868925702039375025e-01 5.050128881924911273e-01 9.356682754204110886e-01
3.117923213390501047e-01 4.259008578325856886e-01 0.000000000000000000e+00 4.902203850472012236e-01 7.394157240813434839e-01 4.784548538834498821e-01 6.807278800143181652e-01 4.543142375661952670e-01 5.576945609704930806e-02 2.674453326808703957e-01 2.074041063918579120e-01 2.201446341661194017e-01 6.594755007345263209e-01 6.407840763924583793e-01 2.902824842408890937e-01 5.269644502833734645e-01 8.967671635247835837e-01 2.902252044166035994e-01 2.254023478791088997e-01 2.815454617583001418e-01 5.623538300664081557e-01 2.193486911508812920e-01 7.639121066136602689e-01 2.195744917278934505e-01 1.978636273374412835e-01 6.544660019978464360e-01 1.794403522457865829e-01 4.305152359899153680e-01 4.357061778614801373e-01 3.757796319586703682e-01 5.410876677242839605e-01 4.887728568015654029e-01 5.596704336925073520e-01 3.788590893049143538e-01 4.824926738033737394e-01
6.169601150457557637e-01 2.822690069014540670e-01 4.902203850472012236e-01 0.000000000000000000e+00 3.975461025034530138e-01 6.177759789798277223e-01 4.497780595853753116e-01 3.150648961028861272e-01 6.673014372461728572e-01 6.049348237967775432e-01 5.185760705836314211e-01 6.402079319629392362e-01 4.696805638649497738e-01 3.537542571539917802e-01 3.905229864725142108e-01 6.261471934457196742e-01 3.437715093609557959e-01 3.554624012506871766e-01 4.378100736103510693e-01 8.154216805926000067e-01 2.944126075738979775e-01 3.507934076789213096e-01 5.970574136888930905e-01 1.325244709356431239e-01 1.752276953637448287e-01 6.190197798238761262e-01 4.148347575240658447e-01 8.365444906404331249e-01 4.050567783262900567e-01 4.288808055595997870e-01 2.900574203011110908e-01 8.977033874127779978e-01 8.549990600421805143e-01 2.305338419099386416e-01 8.499976722641831017e-01
3.859964962976359937e-01 3.583060036012761795e-01 7.394157240813434839e-01 3.975461025034530138e-01 0.000000000000000000e+00 6.311129225181538738e-01 5.933976923047754592e-01 5.503985025188877778e-01 7.226200838259946302e-01 5.470432511722519431e-01 5.539014151856938017e-01 9.545021816996636099e-01 2.558770800415666180e-01 3.466819600482907160e-01 3.468774242889126613e-01 4.041085639483534275e-01 4.823834173321228658e-01 4.176308759252816971e-01 7.305704769998602188e-01 4.217811948154711055e-01 4.916485776993292922e-01 7.107800515528923668e-01 5.817803058002770644e-01 7.688339913580946039e-01 7.402693471326506902e-01 1.940586189662181216e-01 7.754610285936804903e-01 2.098232680188945043e-01 8.889955920391958699e-01 5.358576189383346122e-01 1.100045260421702586e-01 1.211797321048566078e-01 3.673513587437804429e-01 6.476153031533178339e-01 8.865971738867709506e-01
4.461450990380481652e-01 5.465697286295984059e-01 4.784548538834498821e-01 6.177759789798277223e-01 6.311129225181538738e-01 0.000000000000000000e+00 5.357935171107008898e-01 3.392100950958894523e-01 7.001884034549237246e-01 6.943924742219024226e-01 3.543243869058050333e-01 4.663900730807818418e-01 1.165878691680197754e-01 9.799561338421203249e-02 6.236975216233515695e-01 7.067484703974835636e-01 6.352598841993157830e-01 3.200869719284173964e-01 7.387708265698277321e-01 2.808652274903651325e-01 8.387991848460722988e-01 3.553819474890984598e-01 2.182418688042735422e-01 4.084219451492944186e-01 6.987655802237520142e-01 2.059103039841875260e-01 6.180458026204851407e-01 2.352688275705802079e-01 5.686937469337991491e-01 3.892825627074977257e-01 1.198693047991828964e-01 7.475636348328743574e-01 5.041035975453759255e-01 5.053754095314357819e-01 5.364780672739534184e-01
9.331651826350606527e-01 2.448502783065119592e-01 6.807278800143181652e-01 4.497780595853753116e-01 5.933976923047754592e-01 5.357935171107008898e-01 0.000000000000000000e+00 4.297338375422197210e-01 2.744329867291658287e-01 5.241649483223053130e-01 6.498885130471088178e-01 8.375697960508119433e-01 4.243468722408719751e-01 5.504737938098051009e-01 6.345064710176835376e-01 5.125566235998072484e-01 6.532868570371337391e-01 1.483307518523464541e-01 6.137383028197047619e-01 7.366008464091857721e-01 3.398390217502488264e-01 6.953725926617241315e-01 8.951834791853764406e-01 4.023212200410337669e-01 8.424123326614972873e-01 3.572342376984548595e-01 7.017408412971519738e-01 5.182329800404572584e-01 4.589254465647866210e-01 7.946681403404631805e-02 5.709063017672584284e-01 5.885026050686554822e-01 2.925529514230971739e-01 3.791661715415219902e-01 7.937723797620543920e-01
6.214124831647590552e-01 3.044346707785364758e-01 4.543142375661952670e-01 3.150648961028861272e-01 5.503985025188877778e-01 3.392100950958894523e-01 4.297338375422197210e-01 0.000000000000000000e+00 4.083740617362766612e-01 6.225742079411469287e-01 3.647554219363094985e-01 4.585700035222301518e-01 3.787112788214834214e-01 5.263436823677852816e-01 4.623217710181691253e-01 1.430536100559991475e-01 7.745035163576362569e-01 4.071805217003581223e-01 4.312519724774562802e-01 5.485827518925834312e-01 6.927911297027727899e-01 7.962014289258381172e-01 3.482328034350168355e-02 4.367156561707958295e-01 4.768849566876980917e-01 3.721754715217190923e-01 8.875492105408373522e-01 1.955308893128075987e-01 7.056606092970483246e-01 3.356792981970503353e-01 5.088192769944194227e-01 3.720513942180488920e-01 7.348162189643516751e-01 7.992820088643752818e-01 2.790300149651934181e-01
2.297661321612796126e-01 4.847476422771278548e-01 5.576945609704930806e-02 6.673014372461728572e-01 7.226200838259946302e-01 7.001884034549237246e-01 2.744329867291658287e-01 4.083740617362766612e-01 0.000000000000000000e+00 8.150162185686959937e-01 7.665618029929609500e-01 3.584964373559673678e-01 4.454247908091626407e-01 7.783465591459575172e-01 6.938428143128291259e-01 3.932846598735887933e-01 5.878922682666460897e-01 4.656527562013842991e-01 5.945563815925345441e-01 8.088188914476964753e-01 5.015773549196387293e-01 7.702654589335784507e-01 3.452826473397441198e-01 4.046862836357195681e-01 2.736271896638756695e-01 7.772945228026526543e-01 4.036197374168360996e-01 2.055810185627238162e-01 3.121430679430909905e-01 6.236874855194236567e-01 9.239678640415875943e-01 1.671560198375678929e-01 5.805847968272892512e-01 4.546643945669402442e-01 4.685076303207434956e-01
5.079097376316612511e-01 3.771760305393715429e-01 2.674453326808703957e-01 6.049348237967775432e-01 5.470432511722519431e-01 6.943924742219024226e-01 5.241649483223053130e-01 6.225742079411469287e-01 8.150162185686959937e-01 0.000000000000000000e+00 2.043421302659869099e-01 6.571275310519262280e-01 2.462651719675385542e-01 6.872454138361365761e-01 4.760951663171891779e-01 4.729678449871653201e-01 5.984972829613914858e-01 4.237082553791646777e-01 4.344959414309493839e-01 3.227309684273500512e-01 3.822365808068604043e-01 3.827374102210110429e-01 6.659669433642233516e-01 4.631740916751784787e-01 9.123953973404475004e-01 7.969527901843228568e-01 8.416199055426798470e-01 6.976707251102265417e-01 5.536060010762009487e-01 5.826541138103693562e-01 6.934527590398765762e-01 7.329500386123577460e-02 5.583072619263589331e-01 5.509939234426725063e-01 2.468394987338983215e-01
4.593217126546816909e-01 8.434801908400701986e-02 2.074041063918579120e-01 5.185760705836314211e-01 5.539014151856938017e-01 3.543243869058050333e-01 6.498885130471088178e-01 3.647554219363094985e-01 7.665618029929609500e-01 2.043421302659869099e-01 0.000000000000000000e+00 9.378222241898206413e-01 4.991534621791738346e-01 9.294201573986083931e-01 2.772499846234297571e-01 2.569926544840570592e-01 1.055646457827392748e-01 8.379468868272506032e-01 6.580158744976575269e-01 5.434595514555511375e-01 2.398032176013302763e-01 6.336799704855493598e-01 1.006575806294427444e-01 7.440233437675660699e-01 3.288907353977618131e-01 5.427893211482250901e-01 3.738454854238464353e-01 3.689585301988204113e-01 5.347027662772113610e-01 4.452746021758205441e-01 5.507271318442270580e-01 3.419439495987819377e-01 7.058466374635969931e-01 4.802478848122094801e-01 4.904800980917596864e-01
7.351036111026116870e-01 2.882099492825294096e-01 2.201446341661194017e-01 6.402079319629392362e-01 9.545021816996636099e-01 4.663900730807818418e-01 8.375697960508119433e-01 4.585700035222301518e-01 3.584964373559673678e-01 6.571275310519262280e-01 9.378222241898206413e-01 0.000000000000000000e+00 8.314559283156928160e-01 1.553827441905150097e-01 6.983290041390231018e-01 5.715984508283835641e-01 1.342174166101663957e-01 9.260676168589035973e-01 3.372452241442192022e-01 4.490740991280975369e-01 2.610970610221861055e-01 3.193310003553219145e-01 2.647959596673304383e-01 6.060028647947194314e-01 6.571030858388948737e-01 9.041448557604708780e-01 4.256462624196085676e-01 6.565482051447526501e-01 8.864471040137497093e-01 5.643409145476934174e-01 1.649740062611191327e-01 6.564924286591843350e-01 7.115244091363477352e-01 4.225288194667923269e-01 2.238538341428413236e-01
6.649224150813626277e-01 4.198815474140389359e-01 6.594755007345263209e-01 4.696805638649497738e-01 2.558770800415666180e-01 1.165878691680197754e-01 4.243468722408719751e-01 3.787112788214834214e-01 4.454247908091626407e-01 2.462651719675385542e-01 4.991534621791738346e-01 8.314559283156928160e-01 0.000000000000000000e+00 4.571549334927309527e-01 4.170423065488756409e-01 5.194121300176421929e-01 3.664059362965319533e-01 3.709286428064579866e-01 3.563768701591541466e-01 7.240931829512128326e-01 4.279210220178181201e-01 3.378157675130146753e-01 4.931561046346041310e-01 1.958300304494059452e-01 6.486822584119077417e-01 3.601327640118693330e-01 4.752883406709584868e-02 7.400358889742075785e-01 7.318049641967308006e-01 4.359439289351935143e-01 3.631504992129388487e-01 7.939539949848161138e-01 2.407194701770323242e-01 4.622032463771956756e-01 6.155169279678729399e-01
4.507017540903961450e-01 4.008078249138886107e-01 6.407840763924583793e-01 3.537542571539917802e-01 3.466819600482907160e-01 9.799561338421203249e-02 5.504737938098051009e-01 5.263436823677852816e-01 7.783465591459575172e-01 6.872454138361365761e-01 9.294201573986083931e-01 1.553827441905150097e-01 4.571549334927309527e-01 0.000000000000000000e+00 4.458893656646334969e-01 1.604770577270248078e-01 7.122277128553788916e-01 4.112716939035374608e-01 5.767009759337067276e-01 8.372798819576078300e-01 1.138560966445515410e-01 4.279312291826187220e-01 7.585996471446430078e-01 6.934267943259617706e-01 4.180207204730971293e-01 7.271325541589285235e-01 3.885028290621334035e-01 5.274258780963756443e-01 5.718000802919025460e-01 7.012199523962763248e-01 2.768673475212525825e-01 8.284308074073694073e-01 3.953248931726477400e-01 8.933874417508630428e-01 4.494632413560311068e-01
8.409982398669740844e-01 5.666746906433458575e-01 2.902824842408890937e-01 3.905229864725142108e-01 3.468774242889126613e-01 6.236975216233515695e-01 6.345064710176835376e-01 4.623217710181691253e-01 6.938428143128291259e-01 4.760951663171891779e-01 2.772499846234297571e-01 6.983290041390231018e-01 4.170423065488756409e-01 4.458893656646334969e-01 0.000000000000000000e+00 3.967793699480309799e-01 6.980256688006627463e-01 6.133057466333575736e-01 5.173659831199977077e-01 7.212317701875785581e-01 6.269030828156494373e-01 5.432044966854748802e-01 3.587668972113230992e-01 8.431774396622372381e-01 4.296715738540097251e-01 5.314052860076867724e-01 2.565637681516550472e-01 6.344673081703108286e-01 4.793382963499164262e-01 4.344530985188803096e-01 8.814142398749273966e-01 4.915169889647971746e-01 2.735664535377206885e-01 2.053063012153814038e-01 5.322585774622317079e-01
4.775200775310606827e-01 2.928547921744246718e-01 5.269644502833734645e-01 6.261471934457196742e-01 4.041085639483534275e-01 7.067484703974835636e-01 5.125566235998072484e-01 1.430536100559991475e-01 3.932846598735887933e-01 4.729678449871653201e-01 2.569926544840570592e-01 5.715984508283835641e-01 5.194121300176421929e-01 1.604770577270248078e-01 3.967793699480309799e-01 0.000000000000000000e+00 6.453232785726938925e-01 6.305866858166716549e-01 9.720082200904844871e-01 9.175047848751116675e-01 7.717141966263322272e-01 2.905164189736403335e-01 5.849351045123498682e-01 6.668897949181746831e-01 4.807577991185846833e-01 4.502601735851995413e-01 4.660058504415643954e-01 9.428147362024228428e-01 4.987832264797497084e-01 3.310149140124590827e-01 7.754486661681330162e-01 6.103611610320307523e-01 7.009470032358531277e-01 8.189979770108856139e-01 1.968610504199843625e-01
2.955596292468050668e-01 1.338772480457329772e-01 8.967671635247835837e-01 3.437715093609557959e-01 4.823834173321228658e-01 6.352598841993157830e-01 6.532868570371337391e-01 7.745035163576362569e-01 5.878922682666460897e-01 5.984972829613914858e-01 1.055646457827392748e-01 1.342174166101663957e-01 3.664059362965319533e-01 7.122277128553788916e-01 6.980256688006627463e-01 6.453232785726938925e-01 0.000000000000000000e+00 6.026020112937441331e-01 6.305746900985236270e-01 4.475175301865267352e-01 2.107312069817977029e-01 5.191184274435931556e-01 3.566596106630663954e-01 4.069555699720071584e-01 6.015274135013625179e-01 8.110859937096546179e-01 3.671302455764089423e-01 8.722974897044194487e-01 1.139110715367965820e-01 6.718544140658482267e-01 9.094747029764560509e-02 5.651184636003570017e-01 3.712926625298991201e-01 2.467294022618967686e-01 8.826960707324376099e-01
5.982332703443080657e-01 4.236998318469054059e-02 2.902252044166035994e-01 3.554624012506871766e-01 4.176308759252816971e-01 3.200869719284173964e-01 1.483307518523464541e-01 4.071805217003581223e-01 4.656527562013842991e-01 4.237082553791646777e-01 8.379468868272506032e-01 9.260676168589035973e-01 3.709286428064579866e-01 4.112716939035374608e-01 6.133057466333575736e-01 6.305866858166716549e-01 6.026020112937441331e-01 0.000000000000000000e+00 2.479615047136577433e-01 2.652125104411846568e-01 4.792648344819792072e-01 4.728719066832496876e-01 8.129588983374449462e-01 4.713187847249675211e-01 7.606053909258607693e-01 3.277314001521423603e-01 6.943488940686584066e-01 3.540587939204807855e-01 4.683370777103071370e-01 4.477128597713291303e-01 3.844989909278888063e-01 1.953426831528186636e-01 9.136812344638606254e-01 3.409075872730101819e-01 4.540223608586223536e-01
6.551582043001354938e-01 8.044522360251409321e-01 2.254023478791088997e-01 4.378100736103510693e-01 7.305704769998602188e-01 7.387708265698277321e-01 6.137383028197047619e-01 4.312519724774562802e-01 5.945563815925345441e-01 4.344959414309493839e-01 6.580158744976575269e-01 3.372452241442192022e-01 3.563768701591541466e-01 5.767009759337067276e-01 5.173659831199977077e-01 9.720082200904844871e-01 6.305746900985236270e-01 2.479615047136577433e-01 0.000000000000000000e+00 5.021471426833070684e-01 6.421517415405532114e-01 7.189870030751390750e-01 4.632605361585775960e-01 5.801333462606039770e-01 2.803616587810806582e-01 7.326596771459472635e-01 3.465922380487471699e-01 1.351518462454566194e-01 3.271092612214234752e-01 4.921015387391587947e-01 1.012507135900310162e-01 5.372390449289492498e-01 4.666037604859399890e-01 4.740579314855856707e-01 7.773169824289465346e-01
8.376309320508873446e-01 8.385966485243251389e-01 2.815454617583001418e-01 8.154216805926000067e-01 4.217811948154711055e-01 2.808652274903651325e-01 7.366008464091857721e-01 5.485827518925834312e-01 8.088188914476964753e-01 3.227309684273500512e-01 5.434595514555511375e-01 4.490740991280975369e-01 7.240931829512128326e-01 8.372798819576078300e-01 7.212317701875785581e-01 9.175047848751116675e-01 4.475175301865267352e-01 2.652125104411846568e-01 5.021471426833070684e-01 0.000000000000000000e+00 5.255587590045622814e-01 9.933959081598653373e-02 8.589375780213938105e-01 4.748934021195279076e-01 5.991607898970543467e-01 1.464399991886133900e-01 4.895368481852240827e-01 8.340821414211447848e-01 5.241658408737206454e-01 4.022794261700060048e-01 5.563774268030851067e-01 2.898725814250819877e-01 8.185026791470566554e-01 8.611811703200211721e-02 8.076613378012722499e-01
8.226144576473807257e-01 5.423700841674550244e-01 5.623538300664081557e-01 2.944126075738979775e-01 4.916485776993292922e-01 8.387991848460722988e-01 3.398390217502488264e-01 6.927911297027727899e-01 5.015773549196387293e-01 3.822365808068604043e-01 2.398032176013302763e-01 2.610970610221861055e-01 4.279210220178181201e-01 1.138560966445515410e-01 6.269030828156494373e-01 7.717141966263322272e-01 2.107312069817977029e-01 4.792648344819792072e-01 6.421517415405532114e-01 5.255587590045622814e-01 0.000000000000000000e+00 7.569138352150399651e-01 5.454639112558068437e-01 3.642992735362227119e-01 8.079627586397857275e-01 1.798414990977114103e-01 6.002923388996345144e-01 8.755669821576164136e-01 7.122746588376994703e-01 3.012454946065371564e-01 4.524293708596415220e-01 3.472862881211825070e-01 6.579213352258982406e-01 6.885026961390046107e-01 7.598631555970967177e-01
3.595762592380630229e-01 3.809628314317227149e-01 2.193486911508812920e-01 3.507934076789213096e-01 7.107800515528923668e-01 3.553819474890984598e-01 6.953725926617241315e-01 7.962014289258381172e-01 7.702654589335784507e-01 3.827374102210110429e-01 6.336799704855493598e-01 3.193310003553219145e-01 3.378157675130146753e-01 4.279312291826187220e-01 5.432044966854748802e-01 2.905164189736403335e-01 5.191184274435931556e-01 4.728719066832496876e-01 7.189870030751390750e-01 9.933959081598653373e-02 7.569138352150399651e-01 0.000000000000000000e+00 7.598597214477105233e-01 4.234929000714884317e-01 1.979575909761275287e-01 7.396364415171499118e-01 4.923355347240281343e-01 5.150015001232557399e-01 4.696650148099850153e-01 2.705047258262492371e-01 9.490381859096774786e-02 4.311197053562412229e-01 3.549025564970574864e-01 4.677440511806335577e-01 6.428357344891411085e-01
3.661890494397637141e-01 5.188827898879647682e-01 7.639121066136602689e-01 5.970574136888930905e-01 5.817803058002770644e-01 2.182418688042735422e-01 8.951834791853764406e-01 3.482328034350168355e-02 3.452826473397441198e-01 6.659669433642233516e-01 1.006575806294427444e-01 2.647959596673304383e-01 4.931561046346041310e-01 7.585996471446430078e-01 3.587668972113230992e-01 5.849351045123498682e-01 3.566596106630663954e-01 8.129588983374449462e-01 4.632605361585775960e-01 8.589375780213938105e-01 5.454639112558068437e-01 7.598597214477105233e-01 0.000000000000000000e+00 5.939290837290759351e-01 4.711790464893362840e-01 7.140578102592820553e-01 6.325730341616331298e-01 4.646725374447905343e-01 4.216552124821142389e-01 4.458836014004821657e-01 3.353268758505677516e-01 8.010467623104716717e-01 6.359393181971295661e-02 6.718002028172584961e-01 2.501008098656088974e-01
7.379691627918580910e-01 6.640429413134731895e-01 2.195744917278934505e-01 1.325244709356431239e-01 7.688339913580946039e-01 4.084219451492944186e-01 4.023212200410337669e-01 4.367156561707958295e-01 4.046862836357195681e-01 4.631740916751784787e-01 7.440233437675660699e-01 6.060028647947194314e-01 1.958300304494059452e-01 6.934267943259617706e-01 8.431774396622372381e-01 6.668897949181746831e-01 4.069555699720071584e-01 4.713187847249675211e-01 5.801333462606039770e-01 4.748934021195279076e-01 3.642992735362227119e-01 4.234929000714884317e-01 5.939290837290759351e-01 0.000000000000000000e+00 3.550439459190420921e-01 7.266923594540892761e-01 7.366344254248785584e-01 7.780874805198294553e-01 2.086659324306636698e-01 4.525526103941865386e-01 4.961351456224414314e-01 4.717053246470015448e-01 1.802320622738083911e-01 2.837462105160339920e-01 5.067918112104192740e-01
5.267946113717525414e-01 3.215829086756351596e-01 1.978636273374412835e-01 1.752276953637448287e-01 7.402693471326506902e-01 6.987655802237520142e-01 8.424123326614972873e-01 4.768849566876980917e-01 2.736271896638756695e-01 9.123953973404475004e-01 3.288907353977618131e-01 6.571030858388948737e-01 6.486822584119077417e-01 4.180207204730971293e-01 4.296715738540097251e-01 4.807577991185846833e-01 6.015274135013625179e-01 7.606053909258607693e-01 2.803616587810806582e-01 5.991607898970543467e-01 8.079627586397857275e-01 1.979575909761275287e-01 4.711790464893362840e-01 3.550439459190420921e-01 0.000000000000000000e+00 5.671438333760498995e-01 8.034429033964735067e-01 4.343391650010551830e-01 6.437531403832352783e-01 8.033590918743562792e-01 8.147312595383848777e-01 8.061423320740149778e-01 6.656433977011186887e-01 1.732287616655967533e-01 2.767056995383924134e-01
7.384680376534478174e-01 3.273098020553836252e-01 6.544660019978464360e-01 6.190197798238761262e-01 1.940586189662181216e-01 2.059103039841875260e-01 3.572342376984548595e-01 3.721754715217190923e-01 7.772945228026526543e-01 7.969527901843228568e-01 5.427893211482250901e-01 9.041448557604708780e-01 3.601327640118693330e-01 7.271325541589285235e-01 5.314052860076867724e-01 4.502601735851995413e-01 8.110859937096546179e-01 3.277314001521423603e-01 7.326596771459472635e-01 1.464399991886133900e-01 1.798414990977114103e-01 7.396364415171499118e-01 7.140578102592820553e-01 7.266923594540892761e-01 5.671438333760498995e-01 0.000000000000000000e+00 8.769343441863606259e-01 4.178614159514979498e-01 3.940183253390960871e-01 6.114008775594304002e-02 3.883011448383940634e-01 7.861542731963753194e-01 3.607927934001746717e-01 4.311803533197479110e-01 3.948137721770352271e-01
3.879887532459500021e-01 7.992683740654840108e-01 1.794403522457865829e-01 4.148347575240658447e-01 7.754610285936804903e-01 6.180458026204851407e-01 7.017408412971519738e-01 8.875492105408373522e-01 4.036197374168360996e-01 8.416199055426798470e-01 3.738454854238464353e-01 4.256462624196085676e-01 4.752883406709584868e-02 3.885028290621334035e-01 2.565637681516550472e-01 4.660058504415643954e-01 3.671302455764089423e-01 6.943488940686584066e-01 3.465922380487471699e-01 4.895368481852240827e-01 6.002923388996345144e-01 4.923355347240281343e-01 6.325730341616331298e-01 7.366344254248785584e-01 8.034429033964735067e-01 8.769343441863606259e-01 0.000000000000000000e+00 8.048980290122058623e-01 2.362964264507890211e-01 4.039933942894340380e-01 3.760642997025052114e-01 5.670120807213969716e-01 8.467187136903489009e-01 8.558247020103606495e-01 8.204848033831334542e-01
4.502663746274304102e-01 3.676187130048848006e-01 4.305152359899153680e-01 8.365444906404331249e-01 2.098232680188945043e-01 2.352688275705802079e-01 5.182329800404572584e-01 1.955308893128075987e-01 2.055810185627238162e-01 6.976707251102265417e-01 3.689585301988204113e-01 6.565482051447526501e-01 7.400358889742075785e-01 5.274258780963756443e-01 6.344673081703108286e-01 9.428147362024228428e-01 8.722974897044194487e-01 3.540587939204807855e-01 1.351518462454566194e-01 8.340821414211447848e-01 8.755669821576164136e-01 5.150015001232557399e-01 4.646725374447905343e-01 7.780874805198294553e-01 4.343391650010551830e-01 4.178614159514979498e-01 8.048980290122058623e-01 0.000000000000000000e+00 3.196432190739445511e-01 3.125553737851867186e-01 7.889664148932566956e-01 8.578086355248180084e-01 6.309223311900513664e-01 4.812063195628001333e-01 4.766680168089029168e-01
7.877297962182665536e-01 5.320778258151864781e-01 4.357061778614801373e-01 4.050567783262900567e-01 8.889955920391958699e-01 5.686937469337991491e-01 4.589254465647866210e-01 7.056606092970483246e-01 3.121430679430909905e-01 5.536060010762009487e-01 5.347027662772113610e-01 8.864471040137497093e-01 7.318049641967308006e-01 5.718000802919025460e-01 4.793382963499164262e-01 4.987832264797497084e-01 1.139110715367965820e-01 4.683370777103071370e-01 3.271092612214234752e-01 5.241658408737206454e-01 7.122746588376994703e-01 4.696650148099850153e-01 4.216552124821142389e-01 2.086659324306636698e-01 6.437531403832352783e-01 3.940183253390960871e-01 2.362964264507890211e-01 3.196432190739445511e-01 0.000000000000000000e+00 4.898873421315833587e-01 1.397824093370239051e-01 5.828820354495283240e-01 4.869129972572286413e-01 4.905490850691001103e-01 3.875222722014839416e-01
3.653127606737171518e-01 7.307380003643074717e-01 3.757796319586703682e-01 4.288808055595997870e-01 5.358576189383346122e-01 3.892825627074977257e-01 7.946681403404631805e-02 3.356792981970503353e-01 6.236874855194236567e-01 5.826541138103693562e-01 4.452746021758205441e-01 5.643409145476934174e-01 4.359439289351935143e-01 7.012199523962763248e-01 4.344530985188803096e-01 3.310149140124590827e-01 6.718544140658482267e-01 4.477128597713291303e-01 4.921015387391587947e-01 4.022794261700060048e-01 3.012454946065371564e-01 2.705047258262492371e-01 4.458836014004821657e-01 4.525526103941865386e-01 8.033590918743562792e-01 6.114008775594304002e-02 4.039933942894340380e-01 3.125553737851867186e-01 4.898873421315833587e-01 0.000000000000000000e+00 7.513102500657768967e-01 7.382121328973336727e-01 5.970987994855609937e-01 6.488403222033206630e-01 8.428685340843600216e-02
4.268101150608615280e-01 3.096727328253294775e-01 5.410876677242839605e-01 2.900574203011110908e-01 1.100045260421702586e-01 1.198693047991828964e-01 5.709063017672584284e-01 5.088192769944194227e-01 9.239678640415875943e-01 6.934527590398765762e-01 5.507271318442270580e-01 1.649740062611191327e-01 3.631504992129388487e-01 2.768673475212525825e-01 8.814142398749273966e-01 7.754486661681330162e-01 9.094747029764560509e-02 3.844989909278888063e-01 1.012507135900310162e-01 5.563774268030851067e-01 4.524293708596415220e-01 9.490381859096774786e-02 3.353268758505677516e-01 4.961351456224414314e-01 8.147312595383848777e-01 3.883011448383940634e-01 3.760642997025052114e-01 7.889664148932566956e-01 1.397824093370239051e-01 7.513102500657768967e-01 0.000000000000000000e+00 6.023749291392919147e-01 4.922148363461318898e-01 5.144930272160255225e-01 1.870393183906756684e-01
8.810119388119100892e-01 1.921443919845515769e-01 4.887728568015654029e-01 8.977033874127779978e-01 1.211797321048566078e-01 7.475636348328743574e-01 5.885026050686554822e-01 3.720513942180488920e-01 1.671560198375678929e-01 7.329500386123577460e-02 3.419439495987819377e-01 6.564924286591843350e-01 7.939539949848161138e-01 8.284308074073694073e-01 4.915169889647971746e-01 6.103611610320307523e-01 5.651184636003570017e-01 1.953426831528186636e-01 5.372390449289492498e-01 2.898725814250819877e-01 3.472862881211825070e-01 4.311197053562412229e-01 8.010467623104716717e-01 4.717053246470015448e-01 8.061423320740149778e-01 7.861542731963753194e-01 5.670120807213969716e-01 8.578086355248180084e-01 5.828820354495283240e-01 7.382121328973336727e-01 6.023749291392919147e-01 0.000000000000000000e+00 3.358156383580824800e-01 4.654970010779605483e-01 5.374977640783422661e-01
5.455537760896841393e-01 4.868925702039375025e-01 5.596704336925073520e-01 8.549990600421805143e-01 3.673513587437804429e-01 5.041035975453759255e-01 2.925529514230971739e-01 7.348162189643516751e-01 5.805847968272892512e-01 5.583072619263589331e-01 7.058466374635969931e-01 7.115244091363477352e-01 2.407194701770323242e-01 3.953248931726477400e-01 2.735664535377206885e-01 7.009470032358531277e-01 3.712926625298991201e-01 9.136812344638606254e-01 4.666037604859399890e-01 8.185026791470566554e-01 6.579213352258982406e-01 3.549025564970574864e-01 6.359393181971295661e-02 1.802320622738083911e-01 6.656433977011186887e-01 3.607927934001746717e-01 8.467187136903489009e-01 6.309223311900513664e-01 4.869129972572286413e-01 5.970987994855609937e-01 4.922148363461318898e-01 3.358156383580824800e-01 0.000000000000000000e+00 5.595366584273380184e-01 7.392424916741557883e-02
2.618687553005255575e-01 5.050128881924911273e-01 3.788590893049143538e-01 2.305338419099386416e-01 6.476153031533178339e-01 5.053754095314357819e-01 3.791661715415219902e-01 7.992820088643752818e-01 4.546643945669402442e-01 5.509939234426725063e-01 4.802478848122094801e-01 4.225288194667923269e-01 4.622032463771956756e-01 8.933874417508630428e-01 2.053063012153814038e-01 8.189979770108856139e-01 2.467294022618967686e-01 3.409075872730101819e-01 4.740579314855856707e-01 8.611811703200211721e-02 6.885026961390046107e-01 4.677440511806335577e-01 6.718002028172584961e-01 2.837462105160339920e-01 1.732287616655967533e-01 4.311803533197479110e-01 8.558247020103606495e-01 4.812063195628001333e-01 4.905490850691001103e-01 6.488403222033206630e-01 5.144930272160255225e-01 4.654970010779605483e-01 5.595366584273380184e-01 0.000000000000000000e+00 5.009638658676474066e-01
5.476654002948553313e-01 9.356682754204110886e-01 4.824926738033737394e-01 8.499976722641831017e-01 8.865971738867709506e-01 5.364780672739534184e-01 7.937723797620543920e-01 2.790300149651934181e-01 4.685076303207434956e-01 2.468394987338983215e-01 4.904800980917596864e-01 2.238538341428413236e-01 6.155169279678729399e-01 4.494632413560311068e-01 5.322585774622317079e-01 1.968610504199843625e-01 8.826960707324376099e-01 4.540223608586223536e-01 7.773169824289465346e-01 8.076613378012722499e-01 7.598631555970967177e-01 6.428357344891411085e-01 2.501008098656088974e-01 5.067918112104192740e-01 2.767056995383924134e-01 3.948137721770352271e-01 8.204848033831334542e-01 4.766680168089029168e-01 3.875222722014839416e-01 8.428685340843600216e-02 1.870393183906756684e-01 5.374977640783422661e-01 7.392424916741557883e-02 5.009638658676474066e-01 0.000000000000000000e+00
