0.000000000000000000e+00 7.898976107880321118e-01 3.105877858666589164e-01 5.046881409826389220e-01 3.706339070756960452e-01 5.118741684599262820e-01 5.931434742496799473e-01 5.686305386913140802e-01 4.285677405612040025e-01 1.684598956542844306e-01 6.084004438265658843e-01 1.191326932936181970e-01 6.174306572532810566e-01 6.518331253759055421e-01 5.694070144249530063e-01 8.845112744769139113e-01 3.266977457421393338e-01 2.853255856669265622e-01 2.529526454674032587e-01 9.268979276791178279e-02 4.318393806868084384e-01 5.488273390143680874e-01 4.673215075041836086e-01 3.113997950338210363e-01 7.324404261280257344e-01 1.893913377178529367e-01 5.287071964422527248e-01 8.536044228683642432e-01 8.899880168597740226e-01 5.654594656533975527e-01 3.985953692837074236e-01 3.737063345515500568e-01 6.830624748431297633e-01 5.292424881753543531e-01 4.084430646988788105e-01
7.898976107880321118e-01 0.000000000000000000e+00 4.125014673797898213e-01 8.073998530500976489e-01 8.013743682404637081e-01 2.484426391321174765e-01 4.012210805538537484e-01 9.144614932404855345e-01 9.394041953565790415e-02 7.427610597430854833e-01 2.571886912708392092e-01 7.111346164504961376e-01 6.643819772102783627e-01 5.355590860568073541e-01 4.468706118933029603e-01 3.072800171792103852e-01 5.831339750914055209e-01 6.470331232993569159e-01 5.002522450903421625e-01 3.191089113538450039e-01 3.681537753317625228e-01 8.092590036161080302e-01 5.852635152827663223e-01 4.896181400705910680e-01 6.393944513996761003e-01 7.926221521149285909e-01 8.221835471819056718e-01 7.741968648066127612e-01 6.319023887666547212e-01 4.260550444350724719e-01 2.699265431301216545e-01 6.459143894110210837e-01 4.688903530149940435e-01 6.215696260362314485e-01 2.213110478307599993e-01
3.105877858666589164e-01 4.125014673797898213e-01 0.000000000000000000e+00 3.366151361874832881e-01 6.565357273123961779e-01 6.285711292244865467e-01 4.977252304073452871e-01 1.287014615196884204e-01 4.794366303899160187e-01 5.369196963941935685e-01 6.124428969943064294e-01 7.384202598110908289e-01 8.691443108457852507e-01 5.625735832655210933e-01 3.485453236983769298e-01 8.088468510830050251e-01 6.230987437202001322e-01 8.827925271038457034e-01 5.441377091961436818e-01 8.012491602168889671e-01 4.483311521054541560e-01 5.326729761029549426e-01 9.358950115769913980e-01 9.188610876516996040e-01 6.507513170573181460e-01 6.570574557979813601e-01 7.856805811186522437e-01 5.880631280807215866e-01 2.171661836434060078e-01 6.784013575461842471e-01 2.432439649017842376e-01 1.886863746309441758e-01 1.293351557160675736e-01 6.670994873414546333e-01 7.495836447418815496e-01
5.046881409826389220e-01 8.073998530500976489e-01 3.366151361874832881e-01 0.000000000000000000e+00 9.573717165501454129e-01 2.485431187890398408e-01 4.816404805281574997e-01 5.352578352544770102e-01 5.324004517369473888e-01 9.479431618633689105e-01 4.188302256230986287e-01 5.819600818403111164e-01 7.677158019233176756e-01 6.381982486992051617e-01 3.148829049035619665e-01 6.080674595190885823e-01 6.825932403065148035e-01 8.350777247789993307e-01 8.519341100870398975e-01 6.794012596584299013e-01 1.235650948490213397e-01 8.184947211232529440e-01 2.895975700947771569e-01 3.438321427287187593e-01 3.316555433510419704e-01 4.966589806419097752e-01 2.852834775825551228e-01 6.343955279335028452e-01 4.795317426915236547e-01 6.728042810223391346e-01 5.143945545682218068e-01 4.320224082124543563e-01 1.814016307978605358e-01 4.999298661154599754e-01 5.266450697250817381e-01
3.706339070756960452e-01 8.013743682404637081e-01 6.565357273123961779e-01 9.573717165501454129e-01 0.000000000000000000e+00 5.700869614905288429e-01 7.370481568581228604e-01 7.387011379757654206e-01 7.060015042705309884e-01 5.103104414355514873e-01 3.006758928051633806e-02 7.174634820098673149e-01 7.710260465804358310e-01 5.859463744275239527e-01 4.802154351111986297e-01 4.272632446535095663e-01 5.702756376323497856e-01 2.281288585986157580e-01 7.348303722860812792e-01 6.448416323397594407e-01 7.177755871321567227e-01 5.705020768620434612e-01 4.345415476359749118e-01 4.111368349739009664e-01 8.669278386114940282e-01 8.734735020559846186e-01 7.665959988675544734e-01 6.107985853612207805e-01 4.203928078329708384e-01 4.933606800381819535e-01 1.716336362620678457e-01 5.299244632254681564e-01 4.703377664174487327e-01 9.026908255407476434e-01 7.224842191647548040e-01
5.118741684599262820e-01 2.484426391321174765e-01 6.285711292244865467e-01 2.485431187890398408e-01 5.700869614905288429e-01 0.000000000000000000e+00 7.431124329804521533e-01 2.410607194061898939e-01 5.925568630412070270e-02 4.969992225853905876e-01 9.241057027134151891e-01 8.615238767372497275e-01 4.933860127573680421e-01 6.336722505389382754e-01 8.367908720079165752e-01 8.323232741593720174e-01 1.768692175164620073e-01 4.327095145961746825e-01 6.722090523298671627e-01 5.026214972746529952e-01 7.811721008656710152e-01 7.986128676858492703e-01 5.265342577830280923e-01 4.195071149259183008e-01 1.708445733616474893e-01 3.255882491700089476e-01 2.128258985877557463e-01 8.508982695985960465e-01 8.781233478872778608e-01 6.222824973029704720e-01 2.705155929524027947e-01 3.360466274387152730e-01 6.008497719395821113e-01 5.577958139457926956e-01 7.952672110260929905e-01
5.931434742496799473e-01 4.012210805538537484e-01 4.977252304073452871e-01 4.816404805281574997e-01 7.370481568581228604e-01 7.431124329804521533e-01 0.000000000000000000e+00 4.955732843075426608e-01 6.912704171191843550e-01 2.746090083032221574e-01 5.227042698850179470e-01 2.144761506523575889e-01 4.901813269223275760e-01 7.604011172027032028e-01 5.164533746315163043e-01 8.416354874072676795e-01 3.220558142343876717e-01 2.056025199362320754e-01 1.687000065586079511e-01 7.274761351774269302e-01 6.439522081406481302e-01 9.422384781085282324e-01 4.054098646582440790e-01 4.932423864206415542e-01 6.521800595822186963e-01 2.094264751936277813e-01 8.541545417035792953e-01 6.864398451307960336e-01 3.017120159256033718e-01 9.379374084420184499e-01 4.925857004307034326e-01 8.565010849461240916e-01 7.086267627364253308e-01 5.920297664853466646e-01 5.545941079693470499e-01
5.686305386913140802e-01 9.144614932404855345e-01 1.287014615196884204e-01 5.352578352544770102e-01 7.387011379757654206e-01 2.410607194061898939e-01 4.955732843075426608e-01 0.000000000000000000e+00 5.068957530768627429e-01 3.062769591735368113e-01 6.925733472248907230e-02 2.433028303056465336e-01 7.495261869293499135e-01 5.194289622252498129e-01 2.695737568727358813e-01 7.562921499706513062e-01 6.506796599976029105e-01 5.615090946109644321e-01 6.628041667109468849e-01 1.178942362584586290e-01 4.724673135500540022e-01 8.410786790960758097e-01 7.564836385637745408e-01 6.504984204076132981e-01 5.467665721471178797e-01 4.749437885216678534e-01 8.801694219831756039e-01 5.660435997376125350e-01 8.614480420634020863e-01 4.500564603662957630e-01 6.464680954905290822e-01 1.302252748352418221e-01 1.705771923595255091e-01 7.834825948814523322e-01 3.784114041620745827e-01
4.285677405612040025e-01 9.394041953565790415e-02 4.794366303899160187e-01 5.324004517369473888e-01 7.060015042705309884e-01 5.925568630412070270e-02 6.912704171191843550e-01 5.068957530768627429e-01 0.000000000000000000e+00 5.701023395327032839e-01 3.968787921430128041e-02 5.595545556760023187e-01 9.149379610081533887e-01 5.219740925957210287e-01 7.230754017081082452e-01 1.222454933258911858e-01 2.246488157803951946e-01 8.674887664825128297e-01 5.816410937112443946e-01 7.389803456869971088e-01 1.738606679366890839e-01 1.421505981129725926e-01 3.979073655991622882e-01 8.558726713022919430e-01 7.656860140990489061e-01 4.486924905401292185e-01 6.685364261026713883e-01 4.109555363391002025e-01 9.367549020717536035e-02 3.093200388192000050e-01 3.740339959967914352e-01 3.038733531048638525e-01 3.843330941460554318e-01 7.506453673743844757e-01 6.073318002857945874e-01
1.684598956542844306e-01 7.427610597430854833e-01 5.369196963941935685e-01 9.479431618633689105e-01 5.103104414355514873e-01 4.969992225853905876e-01 2.746090083032221574e-01 3.062769591735368113e-01 5.701023395327032839e-01 0.000000000000000000e+00 4.883331313558348374e-01 4.854662612773444907e-01 5.839617575819563422e-01 2.606548208039838888e-01 7.159937987264328729e-01 5.148621864739607590e-01 7.282933451579429729e-01 6.589309168254756655e-01 7.606106867400678206e-01 3.691658452357802767e-01 9.220905552102331981e-01 6.881000260602806451e-01 6.007417593285728774e-01 6.368947216910610942e-01 2.338019732004600337e-01 7.882258321176316418e-01 4.711341861035004408e-01 4.432636531617450970e-01 1.245082797037638800e-01 8.232383027050249602e-01 4.193462707351757190e-01 3.576290751359694764e-01 2.966542129899217284e-01 5.105411574129024022e-01 6.479177910330025103e-01
6.084004438265658843e-01 2.571886912708392092e-01 6.124428969943064294e-01 4.188302256230986287e-01 3.006758928051633806e-02 9.241057027134151891e-01 5.227042698850179470e-01 6.925733472248907230e-02 3.968787921430128041e-02 4.883331313558348374e-01 0.000000000000000000e+00 3.681497204070206530e-01 7.778699907700188376e-01 6.088887641004376849e-01 4.670786060316751698e-01 4.243314174140297990e-01 4.283849383965215307e-01 3.635403573561948321e-01 5.532834122392589205e-01 6.700242137671867937e-01 8.192350718473122573e-01 4.578220781606497924e-01 5.247054104549209175e-01 4.173303086514231763e-01 4.460488110305930731e-01 2.262851349254474398e-01 4.718453559601718528e-01 9.378323789712171843e-01 1.178783586940076455e-01 4.857334885375203526e-01 6.925441255317521527e-01 5.634105837570146935e-01 2.681694133061239826e-01 4.330426452956275263e-01 4.319148100977568960e-01
1.191326932936181970e-01 7.111346164504961376e-01 7.384202598110908289e-01 5.819600818403111164e-01 7.174634820098673149e-01 8.615238767372497275e-01 2.144761506523575889e-01 2.433028303056465336e-01 5.595545556760023187e-01 4.854662612773444907e-01 3.681497204070206530e-01 0.000000000000000000e+00 9.393062072624543957e-01 5.718176234672132097e-01 3.630585957406579078e-01 7.111797690933291394e-02 4.226561688121082128e-01 5.897326105191599277e-01 2.597789241895716028e-01 2.972587392741228296e-01 8.203753574035179685e-01 4.231324871789129971e-01 6.714910431815059866e-01 7.082497451318096049e-01 5.617987471752208251e-01 1.714146952790382983e-01 3.063081574054831169e-01 5.244535815885109642e-01 6.088439199401379787e-01 6.869968359524026846e-01 5.358644981796980566e-01 6.036279720599848631e-01 3.756592084945579724e-01 9.384843085036174148e-01 3.255553637291945801e-01
6.174306572532810566e-01 6.643819772102783627e-01 8.691443108457852507e-01 7.677158019233176756e-01 7.710260465804358310e-01 4.933860127573680421e-01 4.901813269223275760e-01 7.495261869293499135e-01 9.149379610081533887e-01 5.839617575819563422e-01 7.778699907700188376e-01 9.393062072624543957e-01 0.000000000000000000e+00 3.904090965909779998e-01 4.300807037543128430e-01 5.265741686293000656e-01 3.527973436931139961e-01 5.182571255318597636e-01 6.298829678829899192e-01 4.878967331284951303e-01 5.139915889903836632e-01 3.935574599740780943e-01 5.595158808713065479e-01 9.626072068865988429e-01 8.312113967715184515e-01 5.601213611428191852e-01 1.879876125383291852e-01 8.036115537319288293e-02 6.626029385138632044e-01 6.310914247800095689e-01 2.693888166741645884e-01 2.001035549756566834e-01 5.101722389547005410e-01 8.135199379186752733e-02 3.094801012977392851e-01
6.518331253759055421e-01 5.355590860568073541e-01 5.625735832655210933e-01 6.381982486992051617e-01 5.859463744275239527e-01 6.336722505389382754e-01 7.604011172027032028e-01 5.194289622252498129e-01 5.219740925957210287e-01 2.606548208039838888e-01 6.088887641004376849e-01 5.718176234672132097e-01 3.904090965909779998e-01 0.000000000000000000e+00 9.229507289208247478e-01 8.308121551819747097e-01 7.636984393296142315e-01 4.201864067589434204e-01 4.002970313729129481e-01 5.451064219127558230e-01 5.550245045937328703e-01 8.789053503840620341e-01 5.275366720995277037e-01 8.694143592620733330e-01 8.094559428180299054e-01 4.792251948253247185e-01 3.970698092011052394e-01 1.042339295567942248e-01 4.211366457765759463e-01 5.801208330983038675e-01 9.047581779514202172e-01 4.406399402222750394e-01 4.940297520141905263e-01 6.489270387122547668e-01 5.746174259915248772e-01
5.694070144249530063e-01 4.468706118933029603e-01 3.485453236983769298e-01 3.148829049035619665e-01 4.802154351111986297e-01 8.367908720079165752e-01 5.164533746315163043e-01 2.695737568727358813e-01 7.230754017081082452e-01 7.159937987264328729e-01 4.670786060316751698e-01 3.630585957406579078e-01 4.300807037543128430e-01 9.229507289208247478e-01 0.000000000000000000e+00 2.507572548034349147e-01 6.156134633092389397e-01 4.189621493246605821e-01 5.155723146277402247e-01 6.028831148827666908e-01 3.597612830383936089e-01 5.683409270705682692e-01 6.449171161748836756e-01 3.525997076275784181e-01 4.875702778112207536e-01 9.049212037227905014e-02 3.972395810056055243e-01 6.574879614428509322e-01 6.362259694916243546e-01 2.814485559289105487e-01 8.642013674966435577e-01 6.958836210987492388e-01 8.066130207053613388e-01 5.791878576464635220e-01 1.163368820083564570e-01
8.845112744769139113e-01 3.072800171792103852e-01 8.088468510830050251e-01 6.080674595190885823e-01 4.272632446535095663e-01 8.323232741593720174e-01 8.416354874072676795e-01 7.562921499706513062e-01 1.222454933258911858e-01 5.148621864739607590e-01 4.243314174140297990e-01 7.111797690933291394e-02 5.265741686293000656e-01 8.308121551819747097e-01 2.507572548034349147e-01 0.000000000000000000e+00 6.436088158803487946e-01 4.688846580752494830e-01 3.810339876309691287e-01 5.771959758634224169e-01 2.285812889673335957e-01 1.597741795084669514e-01 2.576495799109886908e-01 6.247794935871755495e-01 6.273526152495896291e-01 8.447621872789553565e-01 4.651960904506429184e-01 8.115373548041660001e-01 6.211682834752609850e-01 8.840429246332666136e-01 6.961951253625593417e-01 4.270292862972255299e-01 4.984916059838628843e-02 4.928980356409893293e-01 7.341398265280667523e-01
3.266977457421393338e-01 5.831339750914055209e-01 6.230987437202001322e-01 6.825932403065148035e-01 5.702756376323497856e-01 1.768692175164620073e-01 3.220558142343876717e-01 6.506796599976029105e-01 2.246488157803951946e-01 7.282933451579429729e-01 4.283849383965215307e-01 4.226561688121082128e-01 3.527973436931139961e-01 7.636984393296142315e-01 6.156134633092389397e-01 6.436088158803487946e-01 0.000000000000000000e+00 4.040962935736932549e-01 3.538528816071472294e-01 5.629352883378521133e-01 6.858389916105482875e-01 5.437756114343212932e-01 8.694447651150838396e-01 7.496550731363269549e-01 9.035109639790575020e-01 4.572693466396827167e-01 4.705878757516370747e-01 2.822683271777190472e-01 1.509248839619877769e-01 7.262775559536731596e-01 6.449971010151358541e-01 5.960808644523206690e-01 5.471201451430982576e-01 3.117436740618799162e-01 2.972814062170030525e-01
2.853255856669265622e-01 6.470331232993569159e-01 8.827925271038457034e-01 8.350777247789993307e-01 2.281288585986157580e-01 4.327095145961746825e-01 2.056025199362320754e-01 5.615090946109644321e-01 8.674887664825128297e-01 6.589309168254756655e-01 3.635403573561948321e-01 5.897326105191599277e-01 5.182571255318597636e-01 4.201864067589434204e-01 4.189621493246605821e-01 4.688846580752494830e-01 4.040962935736932549e-01 0.000000000000000000e+00 4.389678364901926644e-01 3.226077843366884634e-01 5.779775827538449207e-01 7.703740172898555505e-01 5.659245930491070276e-01 5.114409311491777688e-01 8.296669944920962436e-01 6.514837432949991403e-01 7.426780150184355556e-01 7.813941284229150019e-01 7.112682713085549668e-01 7.251304083305711856e-01 7.292876597514994508e-01 7.656546606483836115e-01 5.346448627777912188e-01 4.100499758233286940e-01 3.034591503564165738e-01
2.529526454674032587e-01 5.002522450903421625e-01 5.441377091961436818e-01 8.519341100870398975e-01 7.348303722860812792e-01 6.722090523298671627e-01 1.687000065586079511e-01 6.628041667109468849e-01 5.816410937112443946e-01 7.606106867400678206e-01 5.532834122392589205e-01 2.597789241895716028e-01 6.298829678829899192e-01 4.002970313729129481e-01 5.155723146277402247e-01 3.810339876309691287e-01 3.538528816071472294e-01 4.389678364901926644e-01 0.000000000000000000e+00 7.535570018120739677e-01 8.307590581225618998e-01 6.653892553320364112e-01 1.257511908027668657e-01 8.194931018072395545e-01 6.672886123165288064e-01 4.860815021555389692e-01 4.928815145379424889e-01 5.923117622340154931e-01 6.592441974621248146e-01 5.988371469285169724e-02 5.742801120278302474e-01 3.352527747630327237e-01 2.752931346951183467e-01 1.650710071814796009e-01 1.577746954479246622e-01
9.268979276791178279e-02 3.191089113538450039e-01 8.012491602168889671e-01 6.794012596584299013e-01 6.448416323397594407e-01 5.026214972746529952e-01 7.274761351774269302e-01 1.178942362584586290e-01 7.389803456869971088e-01 3.691658452357802767e-01 6.700242137671867937e-01 2.972587392741228296e-01 4.878967331284951303e-01 5.451064219127558230e-01 6.028831148827666908e-01 5.771959758634224169e-01 5.629352883378521133e-01 3.226077843366884634e-01 7.535570018120739677e-01 0.000000000000000000e+00 3.917184983915836805e-01 4.886912901716929380e-01 5.181104508717491175e-01 5.842530448091033390e-01 3.423636554277129096e-01 5.540819964944072584e-01 6.401908346065896538e-01 1.613162501238876723e-01 5.251106426972615981e-01 7.794646129785306465e-01 3.990368949228590978e-01 4.082688186352096404e-01 7.635674423135236921e-01 5.107804293079414304e-01 6.305839973376652363e-01
4.318393806868084384e-01 3.681537753317625228e-01 4.483311521054541560e-01 1.235650948490213397e-01 7.177755871321567227e-01 7.811721008656710152e-01 6.439522081406481302e-01 4.724673135500540022e-01 1.738606679366890839e-01 9.220905552102331981e-01 8.192350718473122573e-01 8.203753574035179685e-01 5.139915889903836632e-01 5.550245045937328703e-01 3.597612830383936089e-01 2.285812889673335957e-01 6.858389916105482875e-01 5.779775827538449207e-01 8.307590581225618998e-01 3.917184983915836805e-01 0.000000000000000000e+00 3.414855537365710791e-01 4.902489513616197225e-01 3.815522678584325478e-01 4.742810154433749759e-01 2.082281412474712434e-01 4.648386198547783121e-01 4.867559052312340762e-01 7.125500385149295957e-01 3.980265071949973255e-01 7.238838484076532964e-01 2.615246757747767825e-01 8.511061367176574466e-01 9.482348900098991340e-01 3.220592593832786177e-01
5.488273390143680874e-01 8.092590036161080302e-01 5.326729761029549426e-01 8.184947211232529440e-01 5.705020768620434612e-01 7.986128676858492703e-01 9.422384781085282324e-01 8.410786790960758097e-01 1.421505981129725926e-01 6.881000260602806451e-01 4.578220781606497924e-01 4.231324871789129971e-01 3.935574599740780943e-01 8.789053503840620341e-01 5.683409270705682692e-01 1.597741795084669514e-01 5.437756114343212932e-01 7.703740172898555505e-01 6.653892553320364112e-01 4.886912901716929380e-01 3.414855537365710791e-01 0.000000000000000000e+00 3.329513814425213436e-01 5.432479973018329300e-01 4.703551744753532438e-01 5.291671601173093542e-01 8.592858204121124333e-01 5.105326802998824132e-01 8.053091737159091545e-01 6.463741994277349967e-01 6.446190377542841965e-01 6.295080591872626030e-01 8.636522109801512137e-01 2.642492110916329073e-01 3.938164196163105313e-01
4.673215075041836086e-01 5.852635152827663223e-01 9.358950115769913980e-01 2.895975700947771569e-01 4.345415476359749118e-01 5.265342577830280923e-01 4.054098646582440790e-01 7.564836385637745408e-01 3.979073655991622882e-01 6.007417593285728774e-01 5.247054104549209175e-01 6.714910431815059866e-01 5.595158808713065479e-01 5.275366720995277037e-01 6.449171161748836756e-01 2.576495799109886908e-01 8.694447651150838396e-01 5.659245930491070276e-01 1.257511908027668657e-01 5.181104508717491175e-01 4.902489513616197225e-01 3.329513814425213436e-01 0.000000000000000000e+00 7.634083467887997632e-02 8.403744943192342776e-01 3.106776504171540609e-01 1.912133533707153776e-01 6.824696043959803671e-01 7.373303587771834477e-01 2.006751896810594626e-01 1.588978444458768458e-01 9.108192780020969437e-01 4.553817415532275259e-01 2.857847071292057839e-01 8.866442383119714776e-01
3.113997950338210363e-01 4.896181400705910680e-01 9.188610876516996040e-01 3.438321427287187593e-01 4.111368349739009664e-01 4.195071149259183008e-01 4.932423864206415542e-01 6.504984204076132981e-01 8.558726713022919430e-01 6.368947216910610942e-01 4.173303086514231763e-01 7.082497451318096049e-01 9.626072068865988429e-01 8.694143592620733330e-01 3.525997076275784181e-01 6.247794935871755495e-01 7.496550731363269549e-01 5.114409311491777688e-01 8.194931018072395545e-01 5.842530448091033390e-01 3.815522678584325478e-01 5.432479973018329300e-01 7.634083467887997632e-02 0.000000000000000000e+00 4.862601956122578617e-01 5.540600644378665951e-01 7.927755252849213452e-01 3.976523547876658071e-01 3.352836351820731031e-01 5.226589026766881307e-01 3.867186153285777639e-01 1.952032006286179566e-01 7.459064377277964120e-01 4.437497540675664487e-01 5.398147758498653692e-01
7.324404261280257344e-01 6.393944513996761003e-01 6.507513170573181460e-01 3.316555433510419704e-01 8.669278386114940282e-01 1.708445733616474893e-01 6.521800595822186963e-01 5.467665721471178797e-01 7.656860140990489061e-01 2.338019732004600337e-01 4.460488110305930731e-01 5.617987471752208251e-01 8.312113967715184515e-01 8.094559428180299054e-01 4.875702778112207536e-01 6.273526152495896291e-01 9.035109639790575020e-01 8.296669944920962436e-01 6.672886123165288064e-01 3.423636554277129096e-01 4.742810154433749759e-01 4.703551744753532438e-01 8.403744943192342776e-01 4.862601956122578617e-01 0.000000000000000000e+00 2.509848655381866633e-01 2.902537437679377774e-01 5.956274178268738950e-01 3.913098517281792255e-01 3.603819253739679040e-01 6.558836434370471924e-01 4.534605076002962143e-01 8.464256028197133519e-01 4.909177125549658016e-01 4.071278080101072283e-01
1.893913377178529367e-01 7.926221521149285909e-01 6.570574557979813601e-01 4.966589806419097752e-01 8.734735020559846186e-01 3.255882491700089476e-01 2.094264751936277813e-01 4.749437885216678534e-01 4.486924905401292185e-01 7.882258321176316418e-01 2.262851349254474398e-01 1.714146952790382983e-01 5.601213611428191852e-01 4.792251948253247185e-01 9.049212037227905014e-02 8.447621872789553565e-01 4.572693466396827167e-01 6.514837432949991403e-01 4.860815021555389692e-01 5.540819964944072584e-01 2.082281412474712434e-01 5.291671601173093542e-01 3.106776504171540609e-01 5.540600644378665951e-01 2.509848655381866633e-01 0.000000000000000000e+00 4.413894691723835861e-01 4.667334168798770166e-01 5.336509733945723477e-01 2.924657734657353236e-01 3.885152507115967602e-01 4.324075052270882624e-01 1.483442499728282460e-01 1.958041028943188766e-01 8.422711846917192435e-01
5.287071964422527248e-01 8.221835471819056718e-01 7.856805811186522437e-01 2.852834775825551228e-01 7.665959988675544734e-01 2.128258985877557463e-01 8.541545417035792953e-01 8.801694219831756039e-01 6.685364261026713883e-01 4.711341861035004408e-01 4.718453559601718528e-01 3.063081574054831169e-01 1.879876125383291852e-01 3.970698092011052394e-01 3.972395810056055243e-01 4.651960904506429184e-01 4.705878757516370747e-01 7.426780150184355556e-01 4.928815145379424889e-01 6.401908346065896538e-01 4.648386198547783121e-01 8.592858204121124333e-01 1.912133533707153776e-01 7.927755252849213452e-01 2.902537437679377774e-01 4.413894691723835861e-01 0.000000000000000000e+00 8.609313383464858305e-01 3.829025238488640293e-01 4.107226461961547281e-01 3.157492709727941493e-01 3.453102812293665780e-01 4.449373111477911147e-01 1.697055302020784584e-01 5.121240820231063307e-01
8.536044228683642432e-01 7.741968648066127612e-01 5.880631280807215866e-01 6.343955279335028452e-01 6.107985853612207805e-01 8.508982695985960465e-01 6.864398451307960336e-01 5.660435997376125350e-01 4.109555363391002025e-01 4.432636531617450970e-01 9.378323789712171843e-01 5.244535815885109642e-01 8.036115537319288293e-02 1.042339295567942248e-01 6.574879614428509322e-01 8.115373548041660001e-01 2.822683271777190472e-01 7.813941284229150019e-01 5.923117622340154931e-01 1.613162501238876723e-01 4.867559052312340762e-01 5.105326802998824132e-01 6.824696043959803671e-01 3.976523547876658071e-01 5.956274178268738950e-01 4.667334168798770166e-01 8.609313383464858305e-01 0.000000000000000000e+00 7.880909948379093422e-01 5.406024568931466767e-02 5.853372974633217485e-01 5.595127324416127035e-01 4.575527770712422559e-01 6.637077896592100679e-01 5.348015350609474083e-01
8.899880168597740226e-01 6.319023887666547212e-01 2.171661836434060078e-01 4.795317426915236547e-01 4.203928078329708384e-01 8.781233478872778608e-01 3.017120159256033718e-01 8.614480420634020863e-01 9.367549020717536035e-02 1.245082797037638800e-01 1.178783586940076455e-01 6.088439199401379787e-01 6.626029385138632044e-01 4.211366457765759463e-01 6.362259694916243546e-01 6.211682834752609850e-01 1.509248839619877769e-01 7.112682713085549668e-01 6.592441974621248146e-01 5.251106426972615981e-01 7.125500385149295957e-01 8.053091737159091545e-01 7.373303587771834477e-01 3.352836351820731031e-01 3.913098517281792255e-01 5.336509733945723477e-01 3.829025238488640293e-01 7.880909948379093422e-01 0.000000000000000000e+00 6.135762868172121021e-01 2.691233554929767235e-01 4.555011461278631324e-01 7.835410989164788287e-01 5.557062175688940453e-01 2.384004522471535048e-01
5.654594656533975527e-01 4.260550444350724719e-01 6.784013575461842471e-01 6.728042810223391346e-01 4.933606800381819535e-01 6.222824973029704720e-01 9.379374084420184499e-01 4.500564603662957630e-01 3.093200388192000050e-01 8.232383027050249602e-01 4.857334885375203526e-01 6.869968359524026846e-01 6.310914247800095689e-01 5.801208330983038675e-01 2.814485559289105487e-01 8.840429246332666136e-01 7.262775559536731596e-01 7.251304083305711856e-01 5.988371469285169724e-02 7.794646129785306465e-01 3.980265071949973255e-01 6.463741994277349967e-01 2.006751896810594626e-01 5.226589026766881307e-01 3.603819253739679040e-01 2.924657734657353236e-01 4.107226461961547281e-01 5.406024568931466767e-02 6.135762868172121021e-01 0.000000000000000000e+00 5.973447217826177713e-01 3.762916228641309813e-01 3.458018272063616561e-01 6.914865755284816951e-01 9.474167227588994322e-01
3.985953692837074236e-01 2.699265431301216545e-01 2.432439649017842376e-01 5.143945545682218068e-01 1.716336362620678457e-01 2.705155929524027947e-01 4.925857004307034326e-01 6.464680954905290822e-01 3.740339959967914352e-01 4.193462707351757190e-01 6.925441255317521527e-01 5.358644981796980566e-01 2.693888166741645884e-01 9.047581779514202172e-01 8.642013674966435577e-01 6.961951253625593417e-01 6.449971010151358541e-01 7.292876597514994508e-01 5.742801120278302474e-01 3.990368949228590978e-01 7.238838484076532964e-01 6.446190377542841965e-01 1.588978444458768458e-01 3.867186153285777639e-01 6.558836434370471924e-01 3.885152507115967602e-01 3.157492709727941493e-01 5.853372974633217485e-01 2.691233554929767235e-01 5.973447217826177713e-01 0.000000000000000000e+00 6.567419134211003318e-01 4.739844279084318712e-01 3.685267806600022178e-01 6.641101977812309265e-01
3.737063345515500568e-01 6.459143894110210837e-01 1.886863746309441758e-01 4.320224082124543563e-01 5.299244632254681564e-01 3.360466274387152730e-01 8.565010849461240916e-01 1.302252748352418221e-01 3.038733531048638525e-01 3.576290751359694764e-01 5.634105837570146935e-01 6.036279720599848631e-01 2.001035549756566834e-01 4.406399402222750394e-01 6.958836210987492388e-01 4.270292862972255299e-01 5.960808644523206690e-01 7.656546606483836115e-01 3.352527747630327237e-01 4.082688186352096404e-01 2.615246757747767825e-01 6.295080591872626030e-01 9.108192780020969437e-01 1.952032006286179566e-01 4.534605076002962143e-01 4.324075052270882624e-01 3.453102812293665780e-01 5.595127324416127035e-01 4.555011461278631324e-01 3.762916228641309813e-01 6.567419134211003318e-01 0.000000000000000000e+00 6.003831112681118354e-01 6.038260286408649868e-01 3.471582531655913462e-01
6.830624748431297633e-01 4.688903530149940435e-01 1.293351557160675736e-01 1.814016307978605358e-01 4.703377664174487327e-01 6.008497719395821113e-01 7.086267627364253308e-01 1.705771923595255091e-01 3.843330941460554318e-01 2.966542129899217284e-01 2.681694133061239826e-01 3.756592084945579724e-01 5.101722389547005410e-01 4.940297520141905263e-01 8.066130207053613388e-01 4.984916059838628843e-02 5.471201451430982576e-01 5.346448627777912188e-01 2.752931346951183467e-01 7.635674423135236921e-01 8.511061367176574466e-01 8.636522109801512137e-01 4.553817415532275259e-01 7.459064377277964120e-01 8.464256028197133519e-01 1.483442499728282460e-01 4.449373111477911147e-01 4.575527770712422559e-01 7.835410989164788287e-01 3.458018272063616561e-01 4.739844279084318712e-01 6.003831112681118354e-01 0.000000000000000000e+00 7.241804582506716770e-01 2.461884538940937728e-01
5.292424881753543531e-01 6.215696260362314485e-01 6.670994873414546333e-01 4.999298661154599754e-01 9.026908255407476434e-01 5.577958139457926956e-01 5.920297664853466646e-01 7.834825948814523322e-01 7.506453673743844757e-01 5.105411574129024022e-01 4.330426452956275263e-01 9.384843085036174148e-01 8.135199379186752733e-02 6.489270387122547668e-01 5.791878576464635220e-01 4.928980356409893293e-01 3.117436740618799162e-01 4.100499758233286940e-01 1.650710071814796009e-01 5.107804293079414304e-01 9.482348900098991340e-01 2.642492110916329073e-01 2.857847071292057839e-01 4.437497540675664487e-01 4.909177125549658016e-01 1.958041028943188766e-01 1.697055302020784584e-01 6.637077896592100679e-01 5.557062175688940453e-01 6.914865755284816951e-01 3.685267806600022178e-01 6.038260286408649868e-01 7.241804582506716770e-01 0.000000000000000000e+00 4.429163458031845080e-01
4.084430646988788105e-01 2.213110478307599993e-01 7.495836447418815496e-01 5.266450697250817381e-01 7.224842191647548040e-01 7.952672110260929905e-01 5.545941079693470499e-01 3.784114041620745827e-01 6.073318002857945874e-01 6.479177910330025103e-01 4.319148100977568960e-01 3.255553637291945801e-01 3.094801012977392851e-01 5.746174259915248772e-01 1.163368820083564570e-01 7.341398265280667523e-01 2.972814062170030525e-01 3.034591503564165738e-01 1.577746954479246622e-01 6.305839973376652363e-01 3.220592593832786177e-01 3.938164196163105313e-01 8.866442383119714776e-01 5.398147758498653692e-01 4.071278080101072283e-01 8.422711846917192435e-01 5.121240820231063307e-01 5.348015350609474083e-01 2.384004522471535048e-01 9.474167227588994322e-01 6.641101977812309265e-01 3.471582531655913462e-01 2.461884538940937728e-01 4.429163458031845080e-01 0.000000000000000000e+00
