0.000000000000000000e+00 5.513800825313633913e-01 8.058317869460833727e-01 1.058612439838898522e-01 3.950651871190602460e-02 2.075240537217279968e-01 6.011642617195268601e-01 6.816867244650481883e-02 2.308792812127468119e-01 7.459266596397563509e-01 5.667036087332004701e-01 5.336714077257538325e-01 4.500600858718772357e-01 2.417725240267186715e-01 5.672537273329618657e-01 5.030436922342148565e-01 8.048634661461893103e-01 6.453866509321883882e-01 5.940711122296710167e-01 3.832494049628298871e-01 8.453140011621657068e-01 6.032816224415329387e-01 5.600139278107407748e-01 4.127704083395375423e-01 5.311071126726103486e-01 3.864709175679946207e-01 8.787784274515682004e-01 6.781840532803684596e-01 8.838595435981925208e-01 3.798236229698069844e-01 5.471958032212831391e-01 5.206611199982934535e-01 3.376157241480675086e-01 4.159088461910003254e-01 8.119829851414632760e-01
5.513800825313633913e-01 0.000000000000000000e+00 3.060160008260162656e-01 4.455876653357358497e-01 8.523523574570275319e-01 1.140176292623618082e-01 8.407145872944330467e-01 7.990388212356666076e-01 6.216068437026280868e-01 8.025114075188737317e-01 7.652453787250665940e-01 9.217625668569473518e-01 1.298654663771057205e-01 8.029256296959470518e-01 4.111828057215116683e-02 3.419033587452105505e-01 5.735429991469053190e-01 7.078008709334010495e-01 4.044644729162101826e-01 4.146983321773892728e-01 6.893974803713383004e-01 7.662499326072810257e-01 6.162333539396503967e-01 4.905798488830510617e-01 5.197545683210653689e-01 8.110426099868606187e-02 6.894985777101405588e-01 4.075116011102835056e-01 7.673523100085192228e-01 4.924331858981049748e-01 3.772386853746706459e-01 4.365689983645489880e-01 6.831279706155004572e-01 7.116027809763512124e-01 2.232610749496279912e-01
8.058317869460833727e-01 3.060160008260162656e-01 0.000000000000000000e+00 5.674295414524592740e-01 7.439439337631870153e-01 2.850571481405289598e-01 1.462149776663379530e-01 3.877324989656522058e-01 5.083591709894448307e-01 6.098316165516675103e-01 7.224657880879334915e-01 4.254295743665200691e-01 7.625653434702592826e-01 6.915365407807260167e-01 5.890242455130090260e-01 4.573712655754470502e-01 6.672089567052505998e-01 2.331747341671736029e-01 4.928372699157690384e-02 8.323354946032692769e-01 5.413866420821441539e-01 6.051122737155416598e-01 4.871591474015570244e-01 7.752362148804279318e-01 6.812984643512494110e-01 5.132715291732711238e-01 3.199955866833233964e-01 3.991461655511185924e-01 7.204242097848048143e-01 8.186579351683697103e-01 3.636566760356406691e-01 4.390316936767766354e-01 3.499416158224870066e-01 3.737306300677268878e-01 5.646791698451105734e-01
1.058612439838898522e-01 4.455876653357358497e-01 5.674295414524592740e-01 0.000000000000000000e+00 7.155605766331227802e-01 4.915510223998015293e-01 3.947186963508936830e-01 4.140223013639599547e-01 9.546136774383903179e-01 3.987098858865281703e-01 8.732499549320877907e-01 3.016237801612917102e-01 7.512252960528742474e-01 4.648874479691488815e-01 3.773688787454075877e-01 3.104666208990894960e-01 5.095762954515136167e-01 3.984261875806496267e-01 6.360593715993181352e-01 5.959922478027270820e-01 5.713427642719882682e-01 7.873011824461035868e-01 7.455448101343851164e-01 5.455686002277240210e-01 8.609664702907423584e-01 6.657074717730246949e-01 4.582990412808363723e-01 4.997892844526198308e-01 5.084815845685815017e-01 8.808959789828754161e-01 3.945171546353155589e-01 4.812948831277364392e-01 1.780404635695146398e-01 3.353636484118301953e-01 4.078027667970233194e-01
3.950651871190602460e-02 8.523523574570275319e-01 7.439439337631870153e-01 7.155605766331227802e-01 0.000000000000000000e+00 7.071230227322657935e-01 6.549958629993412051e-01 2.662980510200529949e-01 8.939799561044136089e-01 5.644038430780546900e-01 3.370801549070862047e-01 7.781733357753931601e-01 1.611458026122423171e-01 9.499659681774956788e-01 5.440221166351604243e-01 4.001455286449120408e-01 5.624794172697049621e-01 1.789689827515330567e-01 7.872585517968473390e-01 4.639422656051170324e-01 3.566912780794321836e-01 5.796684593854217749e-01 5.746476792648249621e-01 4.509218582260584585e-01 7.901868087644556837e-01 9.089411534765845513e-01 4.510388588763204476e-01 7.774770319306045785e-01 6.565171361192311261e-01 3.120516065908760517e-01 3.735121615080739255e-01 9.972621590002472836e-02 5.513414746762508312e-01 1.053126383173282887e-01 7.466728901438419719e-01
2.075240537217279968e-01 1.140176292623618082e-01 2.850571481405289598e-01 4.915510223998015293e-01 7.071230227322657935e-01 0.000000000000000000e+00 7.406466506956733697e-01 5.446350723049252496e-01 8.055567966948194991e-01 2.711850820356808134e-01 5.892662998279389885e-01 2.882358809962066726e-01 5.491942102882676480e-01 4.297099930004109059e-01 9.716147565473272074e-01 3.692893242072989857e-01 3.202644599928566871e-01 6.108077910457023751e-01 5.756334425550966305e-01 1.380111976296332088e-01 5.393644670115449458e-01 1.637769908540410713e-01 4.286185657899635459e-01 5.199264818296831514e-01 5.596031414879314436e-01 6.516331339270435841e-01 6.018112723952503407e-01 4.223967619435258780e-01 1.943286718319314210e-01 8.887407508008740020e-01 5.978975138097035735e-01 6.586542610660190977e-01 5.110353602603604495e-01 2.940264433137762534e-01 8.615004337017029279e-01
6.011642617195268601e-01 8.407145872944330467e-01 1.462149776663379530e-01 3.947186963508936830e-01 6.549958629993412051e-01 7.406466506956733697e-01 0.000000000000000000e+00 2.100803464047306113e-01 7.569548206079083075e-01 9.485286918727360295e-01 9.538039340413612122e-01 9.055178567058874695e-02 4.215148527910586584e-01 3.749085589206229141e-01 5.076780089976553612e-01 7.958633381328721335e-01 6.694619441338104382e-01 2.363499944311460155e-01 7.753604283331155811e-01 6.039726190208563050e-01 4.741773425191638802e-01 4.407736365512581744e-01 5.828364980126967687e-01 5.854029080128244633e-01 8.368173273599712747e-01 5.148499313481635919e-01 6.931656845428371128e-01 2.857044829159344212e-01 4.716796157576313431e-01 6.632453780919623787e-01 4.409296556613239160e-01 7.708152313981451176e-01 4.804591123231097827e-01 3.822409204338118593e-01 3.979731667103746373e-01
6.816867244650481883e-02 7.990388212356666076e-01 3.877324989656522058e-01 4.140223013639599547e-01 2.662980510200529949e-01 5.446350723049252496e-01 2.100803464047306113e-01 0.000000000000000000e+00 3.887358729356134024e-01 3.649299498661452423e-01 8.494095144719198132e-01 2.492343756626504980e-01 2.206671774738305780e-01 1.894801191760868697e-01 3.674990886754752051e-01 4.465341202278396704e-01 7.029499431054881953e-01 5.126575286610252080e-01 5.659499395388538634e-01 8.882209054520272540e-01 4.892372747938089628e-01 8.777136349898040368e-01 4.564005127697335906e-01 5.646632398924112950e-01 2.526882887741442874e-01 8.783054652897589465e-01 5.067360967068723632e-01 2.182839702070233923e-01 4.678083343912910474e-01 7.691669441528095064e-01 6.705762876033994901e-01 5.309492109734136323e-01 3.797303068473058540e-01 3.142126032280194159e-01 2.699464613463495866e-01
2.308792812127468119e-01 6.216068437026280868e-01 5.083591709894448307e-01 9.546136774383903179e-01 8.939799561044136089e-01 8.055567966948194991e-01 7.569548206079083075e-01 3.887358729356134024e-01 0.000000000000000000e+00 6.210064767914373896e-01 8.677109143516354983e-01 5.189053175256359562e-01 4.235802841669313867e-01 5.865291816171067651e-01 2.330643364044975296e-01 6.630509307055021395e-01 4.864191898998886932e-01 2.929836901690399675e-01 4.834683488168323162e-02 5.738934751254272104e-01 5.194330548533649949e-01 7.955250819210508695e-01 8.776619986595547429e-01 8.305118721649349389e-01 5.017091950335889061e-01 1.319614720609703085e-01 8.302703270526856638e-02 1.541382449269524946e-01 9.162058417838461200e-01 7.202885929019986477e-01 4.639366154513895890e-01 5.777009815996365649e-01 8.193947564054111510e-01 7.778521868312937571e-01 6.777221231911860766e-01
7.459266596397563509e-01 8.025114075188737317e-01 6.098316165516675103e-01 3.987098858865281703e-01 5.644038430780546900e-01 2.711850820356808134e-01 9.485286918727360295e-01 3.649299498661452423e-01 6.210064767914373896e-01 0.000000000000000000e+00 5.672442188798348939e-01 2.338684935589218084e-01 4.972017847784077071e-01 6.175153824489905130e-01 5.670244837371665181e-01 4.602406006470150523e-01 4.239638340833423724e-01 4.730500469849958645e-01 6.225951954712752867e-01 5.771301669705128923e-01 2.491872339837957195e-01 4.480863970445980726e-01 5.855884782227948060e-01 4.031857911870834754e-01 4.591309049369829420e-01 4.568460041679905936e-01 7.728649138817229591e-01 5.014830743561768944e-01 6.374898992783646356e-01 5.232185882919606623e-01 6.436549176242534198e-01 7.198703490301330277e-01 8.977073882566374285e-01 8.068593308631473171e-01 5.304204943610745238e-01
5.667036087332004701e-01 7.652453787250665940e-01 7.224657880879334915e-01 8.732499549320877907e-01 3.370801549070862047e-01 5.892662998279389885e-01 9.538039340413612122e-01 8.494095144719198132e-01 8.677109143516354983e-01 5.672442188798348939e-01 0.000000000000000000e+00 2.957731182814222759e-01 3.600910767519795996e-01 5.166819164598311920e-01 5.893655147546039696e-01 3.574201767264799656e-01 6.392241504226776616e-01 1.769710946574447608e-01 8.492366140213744030e-01 6.468954511245998962e-01 9.010356187151914442e-01 6.674236705578631135e-01 3.382928387625712130e-01 3.407249314499349868e-01 6.248423845303403557e-01 4.957343715153997854e-01 5.530917684281668745e-01 4.628830377427312071e-01 8.721596202054433533e-01 8.316055268990859561e-01 3.219091331474056017e-01 4.789970703217160675e-01 2.634953130943353816e-01 5.848412625522767527e-01 6.907346627107994186e-01
5.336714077257538325e-01 9.217625668569473518e-01 4.254295743665200691e-01 3.016237801612917102e-01 7.781733357753931601e-01 2.882358809962066726e-01 9.055178567058874695e-02 2.492343756626504980e-01 5.189053175256359562e-01 2.338684935589218084e-01 2.957731182814222759e-01 0.000000000000000000e+00 3.666781517815640989e-01 6.106809385388722866e-01 3.730470356264448117e-01 5.741445871103474374e-01 5.191264422405402756e-01 7.110233597290206431e-01 9.078317575093772795e-01 7.212580633968858068e-01 4.838181878707354944e-01 8.367578546556628805e-01 1.829856820742796764e-01 8.788580717880805082e-01 8.199393996154116238e-01 6.592876928269832959e-01 2.208746048853995891e-01 8.524166589846564612e-01 7.838828130169908093e-01 6.907699266117257597e-01 6.629266763035248644e-01 4.894989041973810684e-01 3.872909824640617393e-01 3.177138760282691154e-01 8.232285329378896677e-01
4.500600858718772357e-01 1.298654663771057205e-01 7.625653434702592826e-01 7.512252960528742474e-01 1.611458026122423171e-01 5.491942102882676480e-01 4.215148527910586584e-01 2.206671774738305780e-01 4.235802841669313867e-01 4.972017847784077071e-01 3.600910767519795996e-01 3.666781517815640989e-01 0.000000000000000000e+00 4.885883918011169058e-01 7.446303836517205177e-01 7.668152010490468795e-01 4.627826007235582573e-01 8.175996942572431037e-01 3.001555093688687004e-01 6.982850629143103616e-01 4.788910338074520157e-01 3.712556267462402415e-01 6.692408640857667734e-01 5.979129612159383989e-01 4.821333361451373145e-01 2.382365822264919109e-01 2.336015393645202165e-01 5.499054431718014557e-01 3.408294123434638667e-01 2.761986554289394546e-01 7.842090094043866477e-01 5.638827064477260897e-01 1.923448944240729874e-01 8.200397847572027388e-01 1.723100192756316096e-01
2.417725240267186715e-01 8.029256296959470518e-01 6.915365407807260167e-01 4.648874479691488815e-01 9.499659681774956788e-01 4.297099930004109059e-01 3.749085589206229141e-01 1.894801191760868697e-01 5.865291816171067651e-01 6.175153824489905130e-01 5.166819164598311920e-01 6.106809385388722866e-01 4.885883918011169058e-01 0.000000000000000000e+00 4.797650012450535018e-01 2.649677959786528314e-01 3.544212406699277507e-01 5.286240985103338730e-01 6.605563136930465706e-01 3.696627322697109141e-01 7.512043673946375844e-01 6.213474403408902891e-02 5.966802070479571007e-01 4.688851080254563541e-01 8.216497911496798423e-01 7.389806215733174533e-01 4.930575726264666003e-01 6.080608322560341339e-01 7.884781085452632343e-01 2.967572523807994189e-01 2.955028197634466114e-01 6.423435617934142305e-01 8.833511715514965612e-01 4.822845266633758454e-01 1.989655046638310054e-01
5.672537273329618657e-01 4.111828057215116683e-02 5.890242455130090260e-01 3.773688787454075877e-01 5.440221166351604243e-01 9.716147565473272074e-01 5.076780089976553612e-01 3.674990886754752051e-01 2.330643364044975296e-01 5.670244837371665181e-01 5.893655147546039696e-01 3.730470356264448117e-01 7.446303836517205177e-01 4.797650012450535018e-01 0.000000000000000000e+00 4.880023249576136979e-01 5.296001377526884379e-01 6.129899387205370864e-01 1.433072628343208255e-01 4.123744808805571704e-01 7.653428187540179950e-01 7.216457200160442120e-02 4.823099065108187866e-01 5.187579430828408444e-01 4.529504015647193294e-01 8.754679241314717864e-01 6.424694342458476815e-01 4.534146688532332825e-01 3.362804222448927405e-01 1.378558127264575273e-01 7.765021993579290793e-01 8.252452187926409000e-01 5.113469674283621647e-01 4.815728883010696459e-01 6.002935815586691870e-01
5.030436922342148565e-01 3.419033587452105505e-01 4.573712655754470502e-01 3.104666208990894960e-01 4.001455286449120408e-01 3.692893242072989857e-01 7.958633381328721335e-01 4.465341202278396704e-01 6.630509307055021395e-01 4.602406006470150523e-01 3.574201767264799656e-01 5.741445871103474374e-01 7.668152010490468795e-01 2.649677959786528314e-01 4.880023249576136979e-01 0.000000000000000000e+00 6.990441701555587528e-01 2.558957677658646457e-01 2.911630793706030951e-01 6.536013536421916292e-01 6.423229708365292279e-01 3.481181305907063983e-01 6.332173215378549269e-01 3.915672952014571662e-01 6.862393875976553481e-01 6.882089788620407989e-01 9.196875682945646613e-01 9.152775163710484829e-01 3.690972288978762728e-01 6.397338510316044058e-01 6.313169318273488262e-01 7.200099272636404368e-01 3.535077444079970377e-01 6.709476854442977256e-01 7.206530654732492547e-01
8.048634661461893103e-01 5.735429991469053190e-01 6.672089567052505998e-01 5.095762954515136167e-01 5.624794172697049621e-01 3.202644599928566871e-01 6.694619441338104382e-01 7.029499431054881953e-01 4.864191898998886932e-01 4.239638340833423724e-01 6.392241504226776616e-01 5.191264422405402756e-01 4.627826007235582573e-01 3.544212406699277507e-01 5.296001377526884379e-01 6.990441701555587528e-01 0.000000000000000000e+00 3.356426319006553527e-01 2.612585392991211286e-01 7.702821714560718069e-01 6.353696009172600245e-01 3.897875353746823035e-01 6.292701593274725447e-01 4.831358176721651798e-01 3.917415791923557489e-01 3.033717174636063052e-01 2.780534348509526854e-01 1.916657734982408767e-01 5.513525843800910486e-01 6.200323842104527028e-01 9.317023057187994173e-01 6.925959526257836618e-01 4.727926121142566052e-01 2.461506694009780172e-01 2.772424087668803883e-01
6.453866509321883882e-01 7.078008709334010495e-01 2.331747341671736029e-01 3.984261875806496267e-01 1.789689827515330567e-01 6.108077910457023751e-01 2.363499944311460155e-01 5.126575286610252080e-01 2.929836901690399675e-01 4.730500469849958645e-01 1.769710946574447608e-01 7.110233597290206431e-01 8.175996942572431037e-01 5.286240985103338730e-01 6.129899387205370864e-01 2.558957677658646457e-01 3.356426319006553527e-01 0.000000000000000000e+00 7.042674114381148875e-01 1.030586301044280617e-01 4.654523987449615818e-01 4.807648067144875692e-01 4.963803831864049831e-01 3.786886149164062632e-01 2.358757972819615079e-01 5.966341731407129867e-01 4.623446546153377468e-01 5.361244334221590968e-01 7.121523544252614801e-01 7.953198954398124076e-01 5.757429793172947896e-01 3.908658990921723975e-01 4.381027217853243894e-01 3.756147070350654982e-01 5.637646435281258306e-01
5.940711122296710167e-01 4.044644729162101826e-01 4.928372699157690384e-02 6.360593715993181352e-01 7.872585517968473390e-01 5.756334425550966305e-01 7.753604283331155811e-01 5.659499395388538634e-01 4.834683488168323162e-02 6.225951954712752867e-01 8.492366140213744030e-01 9.078317575093772795e-01 3.001555093688687004e-01 6.605563136930465706e-01 1.433072628343208255e-01 2.911630793706030951e-01 2.612585392991211286e-01 7.042674114381148875e-01 0.000000000000000000e+00 9.672193439707139628e-01 4.638928852281186677e-01 5.347190793191531899e-01 8.705518307461936889e-01 3.989213891816723034e-01 3.797239020748491289e-01 8.289580215122990259e-01 7.930652511611467892e-01 6.340904805819906898e-01 2.248515880427629510e-01 1.887133576611375041e-01 3.936350879220368304e-01 4.930850864464154659e-01 4.805534902344011372e-01 1.874261279203711106e-01 3.766688348376632800e-01
3.832494049628298871e-01 4.146983321773892728e-01 8.323354946032692769e-01 5.959922478027270820e-01 4.639422656051170324e-01 1.380111976296332088e-01 6.039726190208563050e-01 8.882209054520272540e-01 5.738934751254272104e-01 5.771301669705128923e-01 6.468954511245998962e-01 7.212580633968858068e-01 6.982850629143103616e-01 3.696627322697109141e-01 4.123744808805571704e-01 6.536013536421916292e-01 7.702821714560718069e-01 1.030586301044280617e-01 9.672193439707139628e-01 0.000000000000000000e+00 6.778665614763745850e-01 6.442195918020876544e-01 7.606326374779702748e-01 2.115689033977418143e-01 2.427263875969610796e-01 2.017305840215019574e-01 6.262133918184554782e-01 6.413764625617601745e-01 6.503771894955536759e-01 7.638977931139583344e-01 4.153253616435855777e-01 7.124801913471365822e-01 8.906607205734997645e-01 4.680167397222754211e-01 4.051227485205907142e-01
8.453140011621657068e-01 6.893974803713383004e-01 5.413866420821441539e-01 5.713427642719882682e-01 3.566912780794321836e-01 5.393644670115449458e-01 4.741773425191638802e-01 4.892372747938089628e-01 5.194330548533649949e-01 2.491872339837957195e-01 9.010356187151914442e-01 4.838181878707354944e-01 4.788910338074520157e-01 7.512043673946375844e-01 7.653428187540179950e-01 6.423229708365292279e-01 6.353696009172600245e-01 4.654523987449615818e-01 4.638928852281186677e-01 6.778665614763745850e-01 0.000000000000000000e+00 5.706406814747646550e-01 6.867998445782654837e-01 4.558778350437197036e-01 7.829613256473049177e-01 9.295860248408518434e-01 4.792915298311700156e-01 3.621221749846105231e-01 5.861475818915973246e-01 2.468567445203588284e-01 8.476187805649257889e-01 7.423011463307875868e-01 3.042117099786401657e-01 1.924225017181988018e-01 4.670774707090554756e-01
6.032816224415329387e-01 7.662499326072810257e-01 6.051122737155416598e-01 7.873011824461035868e-01 5.796684593854217749e-01 1.637769908540410713e-01 4.407736365512581744e-01 8.777136349898040368e-01 7.955250819210508695e-01 4.480863970445980726e-01 6.674236705578631135e-01 8.367578546556628805e-01 3.712556267462402415e-01 6.213474403408902891e-02 7.216457200160442120e-02 3.481181305907063983e-01 3.897875353746823035e-01 4.807648067144875692e-01 5.347190793191531899e-01 6.442195918020876544e-01 5.706406814747646550e-01 0.000000000000000000e+00 8.539428779541985426e-01 4.954316285272479248e-01 3.713698041535100636e-01 5.151858825789341623e-01 7.611144093499014884e-01 7.351213285197406577e-01 2.775694723397726937e-01 2.132643523947429509e-01 5.284123764287917968e-01 4.314324848464844986e-01 7.323358217771096523e-01 4.477433902856121084e-01 5.092739483646668841e-01
5.600139278107407748e-01 6.162333539396503967e-01 4.871591474015570244e-01 7.455448101343851164e-01 5.746476792648249621e-01 4.286185657899635459e-01 5.828364980126967687e-01 4.564005127697335906e-01 8.776619986595547429e-01 5.855884782227948060e-01 3.382928387625712130e-01 1.829856820742796764e-01 6.692408640857667734e-01 5.966802070479571007e-01 4.823099065108187866e-01 6.332173215378549269e-01 6.292701593274725447e-01 4.963803831864049831e-01 8.705518307461936889e-01 7.606326374779702748e-01 6.867998445782654837e-01 8.539428779541985426e-01 0.000000000000000000e+00 6.273792631608590131e-01 6.833115088065887521e-01 4.067682925480625711e-01 7.064258772721876412e-01 6.395317293600186748e-01 5.115399495831369769e-01 4.439803395483832293e-02 1.853265641266684804e-01 5.728363031608458833e-01 5.959362967384322918e-01 3.786055804392733926e-01 5.931936973789280199e-01
4.127704083395375423e-01 4.905798488830510617e-01 7.752362148804279318e-01 5.455686002277240210e-01 4.509218582260584585e-01 5.199264818296831514e-01 5.854029080128244633e-01 5.646632398924112950e-01 8.305118721649349389e-01 4.031857911870834754e-01 3.407249314499349868e-01 8.788580717880805082e-01 5.979129612159383989e-01 4.688851080254563541e-01 5.187579430828408444e-01 3.915672952014571662e-01 4.831358176721651798e-01 3.786886149164062632e-01 3.989213891816723034e-01 2.115689033977418143e-01 4.558778350437197036e-01 4.954316285272479248e-01 6.273792631608590131e-01 0.000000000000000000e+00 4.148870508036410221e-01 4.706388316287955509e-01 3.307444542622396400e-01 9.381539341786484520e-01 6.119231338943473819e-01 6.451863866762672650e-01 5.753628867626741084e-01 5.870967428745290650e-01 6.893852045433874753e-01 2.149474591244996402e-01 1.741098022967766390e-01
5.311071126726103486e-01 5.197545683210653689e-01 6.812984643512494110e-01 8.609664702907423584e-01 7.901868087644556837e-01 5.596031414879314436e-01 8.368173273599712747e-01 2.526882887741442874e-01 5.017091950335889061e-01 4.591309049369829420e-01 6.248423845303403557e-01 8.199393996154116238e-01 4.821333361451373145e-01 8.216497911496798423e-01 4.529504015647193294e-01 6.862393875976553481e-01 3.917415791923557489e-01 2.358757972819615079e-01 3.797239020748491289e-01 2.427263875969610796e-01 7.829613256473049177e-01 3.713698041535100636e-01 6.833115088065887521e-01 4.148870508036410221e-01 0.000000000000000000e+00 3.482085576502300106e-01 5.897225326385662214e-01 3.016146903257203027e-01 4.451450494832951410e-01 2.691353778661090823e-01 6.056196324827402000e-01 4.544642409350624357e-01 7.021563634915236607e-01 7.896396640965815950e-01 5.789657500998304229e-01
3.864709175679946207e-01 8.110426099868606187e-02 5.132715291732711238e-01 6.657074717730246949e-01 9.089411534765845513e-01 6.516331339270435841e-01 5.148499313481635919e-01 8.783054652897589465e-01 1.319614720609703085e-01 4.568460041679905936e-01 4.957343715153997854e-01 6.592876928269832959e-01 2.382365822264919109e-01 7.389806215733174533e-01 8.754679241314717864e-01 6.882089788620407989e-01 3.033717174636063052e-01 5.966341731407129867e-01 8.289580215122990259e-01 2.017305840215019574e-01 9.295860248408518434e-01 5.151858825789341623e-01 4.067682925480625711e-01 4.706388316287955509e-01 3.482085576502300106e-01 0.000000000000000000e+00 2.577693789596182672e-01 4.254458324017635906e-01 1.640170896809115542e-01 5.413772833182330935e-01 1.787165940853965296e-01 3.078600321507927173e-01 2.116047967309717670e-01 5.144236647540271212e-01 5.843107400231770665e-01
8.787784274515682004e-01 6.894985777101405588e-01 3.199955866833233964e-01 4.582990412808363723e-01 4.510388588763204476e-01 6.018112723952503407e-01 6.931656845428371128e-01 5.067360967068723632e-01 8.302703270526856638e-02 7.728649138817229591e-01 5.530917684281668745e-01 2.208746048853995891e-01 2.336015393645202165e-01 4.930575726264666003e-01 6.424694342458476815e-01 9.196875682945646613e-01 2.780534348509526854e-01 4.623446546153377468e-01 7.930652511611467892e-01 6.262133918184554782e-01 4.792915298311700156e-01 7.611144093499014884e-01 7.064258772721876412e-01 3.307444542622396400e-01 5.897225326385662214e-01 2.577693789596182672e-01 0.000000000000000000e+00 4.223886754529826981e-01 5.188948282782256394e-01 6.679364028512664309e-01 2.131732835795857595e-01 5.398347176041984330e-01 5.055950163771903982e-01 5.594663037022873375e-01 3.119015819249160715e-01
6.781840532803684596e-01 4.075116011102835056e-01 3.991461655511185924e-01 4.997892844526198308e-01 7.774770319306045785e-01 4.223967619435258780e-01 2.857044829159344212e-01 2.182839702070233923e-01 1.541382449269524946e-01 5.014830743561768944e-01 4.628830377427312071e-01 8.524166589846564612e-01 5.499054431718014557e-01 6.080608322560341339e-01 4.534146688532332825e-01 9.152775163710484829e-01 1.916657734982408767e-01 5.361244334221590968e-01 6.340904805819906898e-01 6.413764625617601745e-01 3.621221749846105231e-01 7.351213285197406577e-01 6.395317293600186748e-01 9.381539341786484520e-01 3.016146903257203027e-01 4.254458324017635906e-01 4.223886754529826981e-01 0.000000000000000000e+00 4.855144994342118769e-01 2.831903411898787359e-01 7.658767970558495453e-01 9.529830227370805762e-02 5.937369508953188602e-01 3.796645398159600449e-01 7.882927471443118561e-01
8.838595435981925208e-01 7.673523100085192228e-01 7.204242097848048143e-01 5.084815845685815017e-01 6.565171361192311261e-01 1.943286718319314210e-01 4.716796157576313431e-01 4.678083343912910474e-01 9.162058417838461200e-01 6.374898992783646356e-01 8.721596202054433533e-01 7.838828130169908093e-01 3.408294123434638667e-01 7.884781085452632343e-01 3.362804222448927405e-01 3.690972288978762728e-01 5.513525843800910486e-01 7.121523544252614801e-01 2.248515880427629510e-01 6.503771894955536759e-01 5.861475818915973246e-01 2.775694723397726937e-01 5.115399495831369769e-01 6.119231338943473819e-01 4.451450494832951410e-01 1.640170896809115542e-01 5.188948282782256394e-01 4.855144994342118769e-01 0.000000000000000000e+00 4.047182519831399317e-01 1.396657711548490166e-01 5.666219875722203758e-01 3.724315296652052631e-01 3.668239198818244451e-01 7.696133696349016784e-01
3.798236229698069844e-01 4.924331858981049748e-01 8.186579351683697103e-01 8.808959789828754161e-01 3.120516065908760517e-01 8.887407508008740020e-01 6.632453780919623787e-01 7.691669441528095064e-01 7.202885929019986477e-01 5.232185882919606623e-01 8.316055268990859561e-01 6.907699266117257597e-01 2.761986554289394546e-01 2.967572523807994189e-01 1.378558127264575273e-01 6.397338510316044058e-01 6.200323842104527028e-01 7.953198954398124076e-01 1.887133576611375041e-01 7.638977931139583344e-01 2.468567445203588284e-01 2.132643523947429509e-01 4.439803395483832293e-02 6.451863866762672650e-01 2.691353778661090823e-01 5.413772833182330935e-01 6.679364028512664309e-01 2.831903411898787359e-01 4.047182519831399317e-01 0.000000000000000000e+00 8.117692993647014355e-01 5.851812405221816782e-01 1.328359080552481419e-01 6.452898193289331452e-01 6.227042305812234835e-01
5.471958032212831391e-01 3.772386853746706459e-01 3.636566760356406691e-01 3.945171546353155589e-01 3.735121615080739255e-01 5.978975138097035735e-01 4.409296556613239160e-01 6.705762876033994901e-01 4.639366154513895890e-01 6.436549176242534198e-01 3.219091331474056017e-01 6.629266763035248644e-01 7.842090094043866477e-01 2.955028197634466114e-01 7.765021993579290793e-01 6.313169318273488262e-01 9.317023057187994173e-01 5.757429793172947896e-01 3.936350879220368304e-01 4.153253616435855777e-01 8.476187805649257889e-01 5.284123764287917968e-01 1.853265641266684804e-01 5.753628867626741084e-01 6.056196324827402000e-01 1.787165940853965296e-01 2.131732835795857595e-01 7.658767970558495453e-01 1.396657711548490166e-01 8.117692993647014355e-01 0.000000000000000000e+00 5.279219005029711642e-01 3.493167686717135734e-01 2.258934438293402902e-01 2.586021791257148150e-01
5.206611199982934535e-01 4.365689983645489880e-01 4.390316936767766354e-01 4.812948831277364392e-01 9.972621590002472836e-02 6.586542610660190977e-01 7.708152313981451176e-01 5.309492109734136323e-01 5.777009815996365649e-01 7.198703490301330277e-01 4.789970703217160675e-01 4.894989041973810684e-01 5.638827064477260897e-01 6.423435617934142305e-01 8.252452187926409000e-01 7.200099272636404368e-01 6.925959526257836618e-01 3.908658990921723975e-01 4.930850864464154659e-01 7.124801913471365822e-01 7.423011463307875868e-01 4.314324848464844986e-01 5.728363031608458833e-01 5.870967428745290650e-01 4.544642409350624357e-01 3.078600321507927173e-01 5.398347176041984330e-01 9.529830227370805762e-02 5.666219875722203758e-01 5.851812405221816782e-01 5.279219005029711642e-01 0.000000000000000000e+00 3.851858550439801743e-01 7.381880278372139337e-01 2.264937277226162227e-01
3.376157241480675086e-01 6.831279706155004572e-01 3.499416158224870066e-01 1.780404635695146398e-01 5.513414746762508312e-01 5.110353602603604495e-01 4.804591123231097827e-01 3.797303068473058540e-01 8.193947564054111510e-01 8.977073882566374285e-01 2.634953130943353816e-01 3.872909824640617393e-01 1.923448944240729874e-01 8.833511715514965612e-01 5.113469674283621647e-01 3.535077444079970377e-01 4.727926121142566052e-01 4.381027217853243894e-01 4.805534902344011372e-01 8.906607205734997645e-01 3.042117099786401657e-01 7.323358217771096523e-01 5.959362967384322918e-01 6.893852045433874753e-01 7.021563634915236607e-01 2.116047967309717670e-01 5.055950163771903982e-01 5.937369508953188602e-01 3.724315296652052631e-01 1.328359080552481419e-01 3.493167686717135734e-01 3.851858550439801743e-01 0.000000000000000000e+00 4.844863656914603078e-01 4.465024786325324513e-01
4.159088461910003254e-01 7.116027809763512124e-01 3.737306300677268878e-01 3.353636484118301953e-01 1.053126383173282887e-01 2.940264433137762534e-01 3.822409204338118593e-01 3.142126032280194159e-01 7.778521868312937571e-01 8.068593308631473171e-01 5.848412625522767527e-01 3.177138760282691154e-01 8.200397847572027388e-01 4.822845266633758454e-01 4.815728883010696459e-01 6.709476854442977256e-01 2.461506694009780172e-01 3.756147070350654982e-01 1.874261279203711106e-01 4.680167397222754211e-01 1.924225017181988018e-01 4.477433902856121084e-01 3.786055804392733926e-01 2.149474591244996402e-01 7.896396640965815950e-01 5.144236647540271212e-01 5.594663037022873375e-01 3.796645398159600449e-01 3.668239198818244451e-01 6.452898193289331452e-01 2.258934438293402902e-01 7.381880278372139337e-01 4.844863656914603078e-01 0.000000000000000000e+00 8.290548497462124633e-02
8.119829851414632760e-01 2.232610749496279912e-01 5.646791698451105734e-01 4.078027667970233194e-01 7.466728901438419719e-01 8.615004337017029279e-01 3.979731667103746373e-01 2.699464613463495866e-01 6.777221231911860766e-01 5.304204943610745238e-01 6.907346627107994186e-01 8.232285329378896677e-01 1.723100192756316096e-01 1.989655046638310054e-01 6.002935815586691870e-01 7.206530654732492547e-01 2.772424087668803883e-01 5.637646435281258306e-01 3.766688348376632800e-01 4.051227485205907142e-01 4.670774707090554756e-01 5.092739483646668841e-01 5.931936973789280199e-01 1.741098022967766390e-01 5.789657500998304229e-01 5.843107400231770665e-01 3.119015819249160715e-01 7.882927471443118561e-01 7.696133696349016784e-01 6.227042305812234835e-01 2.586021791257148150e-01 2.264937277226162227e-01 4.465024786325324513e-01 8.290548497462124633e-02 0.000000000000000000e+00
