0.000000000000000000e+00 6.307297992319402802e-01 5.283739439171012409e-01 7.740334897369982592e-01 7.645274958183507774e-01 7.604091929538983052e-01 7.874021549593968050e-01 8.262941172042146398e-01 2.109726649628868023e-01 5.985798377356390532e-01 5.896624050961595254e-01 3.267671214571248317e-01 7.307072098754363587e-03 8.062087666643680262e-02 3.089510352163427620e-01 2.111551920017420425e-01 5.249702292761008193e-01 3.121141633038630459e-01 8.337890957042893847e-01 5.281261121650677737e-01 8.875455271802179524e-01 4.100196152177993936e-01 4.850477817210654408e-01 6.653521243073603486e-01 6.005694999699470182e-01 8.522628395947412505e-01 2.168825398494144130e-01 1.959205679390786381e-01 3.450601537990585221e-01 7.788237410754798029e-01 8.186603531750976659e-01 1.527917995106991000e-01 4.120309450506648430e-01 8.451320065595502307e-01 8.486172183648432732e-02
6.307297992319402802e-01 0.000000000000000000e+00 1.961506545244904309e-01 4.737602296913184241e-01 5.562662100407596011e-01 8.190515346823454834e-01 3.426669423425346972e-01 9.444097683855153802e-01 2.525373207231856876e-01 5.085457456577046065e-01 8.127862161553802700e-01 1.440037029754818176e-01 8.319947000037541951e-01 4.484291965427410487e-01 6.159284201103202294e-01 4.554814673523996937e-01 2.747119289290109734e-01 1.570279979371327350e-01 1.565388385397158411e-01 2.898244967688285989e-01 6.957842620923988530e-01 4.331826839238654414e-01 5.964093969776717019e-01 7.395009752131194158e-01 4.324860065240420104e-01 4.378076946415410120e-01 8.446044502902478879e-01 8.834270764232554640e-01 3.838258227602454609e-01 4.947020106269334194e-01 1.000081719273940850e-01 2.361628587094326548e-01 5.365605989976689472e-01 4.616139558848422197e-01 5.905799114613123901e-01
5.283739439171012409e-01 1.961506545244904309e-01 0.000000000000000000e+00 8.349725809557428935e-01 7.060886803560084690e-01 1.745862958626123174e-01 4.728785370621323425e-01 2.288658101013171242e-01 6.358205183490497348e-01 1.482794755907146378e-01 5.002232884195739748e-01 4.523327561918487616e-01 2.317348548804221142e-02 4.980807536294720728e-01 8.926526513326290546e-01 7.213149530605400539e-01 5.224900551960547368e-01 9.688503106870427484e-01 6.264246666829704768e-01 3.791606365664945688e-01 8.058155595595092313e-01 3.849624089441094354e-01 2.190365466844098608e-01 3.555570267976446153e-01 4.702680642437702674e-01 4.523025932775220914e-01 3.394225523710819314e-01 2.472858431953441904e-01 5.305613726707235633e-01 4.940924785034981337e-01 2.291462148193287307e-01 1.514121237612513493e-01 3.951396384460835187e-01 6.815238985133844629e-01 3.973663996643956864e-01
7.740334897369982592e-01 4.737602296913184241e-01 8.349725809557428935e-01 0.000000000000000000e+00 4.486367851332783152e-01 7.427227615536746708e-02 5.960005816024549485e-01 7.153010125304601896e-01 4.399061345684913693e-01 5.076689176700102113e-01 8.171189987517442077e-01 5.013540475534550289e-01 3.753327400239483413e-01 3.348926214062092344e-01 1.292382463108062707e-01 4.112514236058358863e-01 7.024080274176968119e-01 8.393690775216386957e-01 3.881629096710891291e-01 8.601865642170086756e-01 3.041588937910052470e-01 4.885866691175145271e-01 5.026721757674502689e-01 2.040776857727012450e-01 5.416593709595010075e-01 6.924333795102537437e-01 5.020499812034744380e-01 3.083497248339910346e-01 1.089263075367269407e-01 6.095886192315055352e-01 8.689418316669359488e-01 3.913451558604791325e-01 1.817483221441390517e-01 4.700392386619610674e-01 3.619656624098627207e-01
7.645274958183507774e-01 5.562662100407596011e-01 7.060886803560084690e-01 4.486367851332783152e-01 0.000000000000000000e+00 5.233040619257189885e-01 3.935807998596188573e-01 7.707875072955181484e-01 6.635416047268007933e-01 7.139894092705292294e-01 5.778513896990178367e-01 6.107565818803579738e-01 9.157117553846512159e-01 5.470639970768852445e-01 1.485163766973978117e-01 3.413580059127726551e-01 7.233600587494711798e-01 3.299836145612845550e-01 3.032343677338757426e-01 3.903493140917049242e-01 4.069756697438585702e-01 3.848787129301907139e-01 2.944744770262026634e-01 1.927857123772295234e-01 5.142601305163611025e-01 3.733087740222517104e-01 7.993131220288608452e-01 7.403952474901398517e-01 1.482152093719831809e-01 1.398726129511068672e-01 4.564922222415317976e-01 5.850997380450360108e-01 1.923737647183775268e-01 6.254724960953568225e-01 7.491057743154501125e-01
7.604091929538983052e-01 8.190515346823454834e-01 1.745862958626123174e-01 7.427227615536746708e-02 5.233040619257189885e-01 0.000000000000000000e+00 6.182123341989655962e-01 6.223758720698557845e-01 4.435731677579938248e-01 5.174205944994973994e-01 6.450354186065999640e-01 5.341495963882654241e-01 4.975372008503334831e-01 4.190086719593777431e-01 6.339493527574648901e-01 1.895759939482326573e-01 1.966212279259320628e-01 4.360246692129221557e-01 7.268420235958517051e-01 4.349884205013406779e-01 1.527157326489980704e-01 5.145330110203519824e-01 5.763179197782537511e-01 3.839660906528012951e-01 7.462575981995449581e-01 1.234432618051487518e-01 7.238045585060671749e-01 6.656793911309901723e-01 4.692618841401725582e-01 2.244780360651696949e-01 9.541096864638841657e-01 5.996521182124134874e-01 3.105688068492648557e-01 7.485885915140950697e-01 4.928986619432172978e-01
7.874021549593968050e-01 3.426669423425346972e-01 4.728785370621323425e-01 5.960005816024549485e-01 3.935807998596188573e-01 6.182123341989655962e-01 0.000000000000000000e+00 8.925426846545980730e-02 1.018521051278645784e-01 5.291498634428023484e-01 7.340584206868643324e-01 5.052610385968405726e-01 1.316805457393230849e-01 4.160202830358403769e-01 6.724504978102026076e-01 7.471136723884730380e-01 4.264994926474363623e-01 5.896837835227256575e-01 1.131651400694713150e-01 7.586064818833909706e-01 6.083857658821549830e-01 2.717766768933125299e-01 7.599501614949415451e-01 4.846796527894066675e-01 4.452731235468425641e-01 5.630871341105331274e-01 5.035773607318461131e-01 1.569058718144771269e-01 5.443604291023760311e-01 5.066221881448927933e-01 5.315870162471894034e-01 5.186870182602068002e-01 3.518346571631766340e-01 5.843982251118087223e-01 7.675305155894283082e-01
8.262941172042146398e-01 9.444097683855153802e-01 2.288658101013171242e-01 7.153010125304601896e-01 7.707875072955181484e-01 6.223758720698557845e-01 8.925426846545980730e-02 0.000000000000000000e+00 4.391126507286132186e-01 6.452481566421842674e-01 3.581878149330320893e-01 1.011980851563749617e-01 3.566668726651252008e-01 4.948063648054530361e-01 2.043312013575090402e-01 6.684299410347729342e-01 4.393903752914126715e-01 4.591673633322320702e-01 8.658398657896062556e-01 7.654502730548580214e-01 4.116021362638413450e-01 4.886270262762163474e-01 3.707190117330561030e-02 5.737054990806839117e-01 5.536494824273265891e-01 8.787261214540171839e-01 8.197243616430360813e-01 6.287822466946553224e-01 2.345239834382564781e-01 9.408359820570503240e-01 4.212571953950410841e-01 3.638541236878700680e-01 7.733904896786636396e-02 6.077600345997868914e-01 3.517110607942680045e-01
2.109726649628868023e-01 2.525373207231856876e-01 6.358205183490497348e-01 4.399061345684913693e-01 6.635416047268007933e-01 4.435731677579938248e-01 1.018521051278645784e-01 4.391126507286132186e-01 0.000000000000000000e+00 5.991157376751261587e-01 4.498855629858516947e-01 1.861091041039989458e-01 4.108839618461784804e-01 4.666277998282720163e-01 5.977243415149636752e-01 1.371960407361142442e-01 1.319391817733900352e-01 6.362769420682372612e-01 1.759143397045100921e-01 4.874870061015442735e-01 5.484877283279672167e-01 6.799546958308555489e-01 5.922458368633907178e-01 5.899955867286493794e-01 5.290355911413587853e-01 6.091538896744630449e-01 5.140300779271418374e-01 1.723005449276904244e-01 8.223448203691388070e-01 7.260741055846555714e-01 7.787602080588456044e-01 5.799680460345993938e-01 1.938886690032746163e-01 5.741763957398691165e-01 7.010333614363459809e-01
5.985798377356390532e-01 5.085457456577046065e-01 1.482794755907146378e-01 5.076689176700102113e-01 7.139894092705292294e-01 5.174205944994973994e-01 5.291498634428023484e-01 6.452481566421842674e-01 5.991157376751261587e-01 0.000000000000000000e+00 5.518336084908723738e-01 4.592137378517913149e-01 7.261733734035187293e-01 8.337354597268644696e-01 5.031063996095657131e-01 5.280048806239682202e-01 2.605027925498014096e-01 4.805991965427961476e-01 6.741257844491772566e-01 5.349520275928589808e-01 9.184349511518391518e-01 1.825776196956723219e-01 5.840915988998092168e-01 5.160797486213394292e-01 4.644973912342123534e-01 6.685668253457560661e-01 5.660404850676884481e-01 7.339850092755397792e-01 5.305872004887934867e-01 4.967537661680166972e-01 1.684661534261147064e-01 4.309579906773597369e-01 5.429271407981179909e-01 5.499094705357555624e-01 6.719168951361502717e-01
5.896624050961595254e-01 8.127862161553802700e-01 5.002232884195739748e-01 8.171189987517442077e-01 5.778513896990178367e-01 6.450354186065999640e-01 7.340584206868643324e-01 3.581878149330320893e-01 4.498855629858516947e-01 5.518336084908723738e-01 0.000000000000000000e+00 4.367938995861603280e-01 4.495778462354457217e-01 8.283974872212540586e-01 8.021141782538747655e-01 7.219963320755159453e-01 4.224228495221774571e-01 3.092853127517106726e-01 9.052082012593480886e-01 2.423319402284876967e-01 4.398689705416571893e-01 3.590209929776141951e-01 7.398790735447908773e-01 6.269400762457445486e-01 7.324342416597334759e-01 4.681780148316619927e-01 3.002331201267360861e-02 4.476849128627837793e-01 4.583712759404265924e-01 4.974297445670963214e-01 3.886581488770282089e-01 1.016335682496384285e-01 3.661787412783577000e-01 3.894365255900020806e-01 5.969254702301345361e-01
3.267671214571248317e-01 1.440037029754818176e-01 4.523327561918487616e-01 5.013540475534550289e-01 6.107565818803579738e-01 5.341495963882654241e-01 5.052610385968405726e-01 1.011980851563749617e-01 1.861091041039989458e-01 4.592137378517913149e-01 4.367938995861603280e-01 0.000000000000000000e+00 7.737526717682328137e-01 4.470027960304902015e-01 5.825742432435172535e-01 5.204614223739332246e-01 5.914527086785191790e-01 6.712894486054483689e-01 9.610064062893410863e-01 6.114441552761206156e-01 1.491069172839922796e-01 4.248262345030072717e-01 3.630106453787486087e-01 7.839298906189851035e-01 7.901313087494432619e-01 4.651637251251012906e-01 3.988153590027492257e-01 4.406072840018078196e-01 4.628862186577341609e-01 4.874240753507370627e-01 5.556568226297955437e-01 4.892026866118900363e-01 3.548857323095213623e-01 3.127588863747396974e-01 6.255225742126657718e-02
7.307072098754363587e-03 8.319947000037541951e-01 2.317348548804221142e-02 3.753327400239483413e-01 9.157117553846512159e-01 4.975372008503334831e-01 1.316805457393230849e-01 3.566668726651252008e-01 4.108839618461784804e-01 7.261733734035187293e-01 4.495778462354457217e-01 7.737526717682328137e-01 0.000000000000000000e+00 4.200293490836122245e-01 6.621728247738458695e-01 2.902677778269074915e-01 9.330793277982203371e-01 5.466357333426707932e-01 2.044686521970149329e-01 8.604660783519821887e-01 1.367275752505727748e-01 6.629553091477957683e-01 9.120986501596802798e-01 5.170927302075339904e-01 4.355433365786458566e-01 9.142827177514889492e-01 5.262315390170814178e-01 8.294258967443235431e-01 6.403647211980949550e-01 6.810707523446493106e-01 8.833749354193825010e-01 4.941902228793563223e-01 4.984945388616137674e-01 6.149615732180037098e-01 9.885007022346337102e-02
8.062087666643680262e-02 4.484291965427410487e-01 4.980807536294720728e-01 3.348926214062092344e-01 5.470639970768852445e-01 4.190086719593777431e-01 4.160202830358403769e-01 4.948063648054530361e-01 4.666277998282720163e-01 8.337354597268644696e-01 8.283974872212540586e-01 4.470027960304902015e-01 4.200293490836122245e-01 0.000000000000000000e+00 2.703244041036765299e-01 1.299113847638219132e-01 2.695646702463234679e-01 7.788804140460021674e-01 8.155604725752828577e-01 4.563277189048164928e-01 4.230648251804128845e-01 7.042284502727336193e-02 4.112619631276144272e-01 1.132675699967309324e-01 6.024824826015587886e-01 1.547102055629835382e-01 7.264558653335748684e-01 5.245239405789147158e-01 4.267658524707996781e-01 4.329202363076219973e-01 1.168106220626339287e-01 2.507582192750891781e-01 4.865646129003527998e-01 7.457677059642058293e-01 8.284091177592820543e-01
3.089510352163427620e-01 6.159284201103202294e-01 8.926526513326290546e-01 1.292382463108062707e-01 1.485163766973978117e-01 6.339493527574648901e-01 6.724504978102026076e-01 2.043312013575090402e-01 5.977243415149636752e-01 5.031063996095657131e-01 8.021141782538747655e-01 5.825742432435172535e-01 6.621728247738458695e-01 2.703244041036765299e-01 0.000000000000000000e+00 4.724429909639710212e-01 1.219729523401505977e-01 5.980356534026736171e-01 2.902242909985581765e-01 3.932112471763124506e-01 5.737790410224299364e-01 5.025052769098774519e-01 6.670231812526786763e-01 6.272623608563264730e-01 4.368555380060254456e-01 8.259954181626568692e-01 5.670377011522467203e-01 4.908946885339500188e-01 4.961023117060025522e-01 5.535566179511577367e-01 3.978838670160909086e-01 9.069139326980850679e-01 1.427486009878944362e-01 5.377181315458666733e-01 8.312268483238289818e-01
2.111551920017420425e-01 4.554814673523996937e-01 7.213149530605400539e-01 4.112514236058358863e-01 3.413580059127726551e-01 1.895759939482326573e-01 7.471136723884730380e-01 6.684299410347729342e-01 1.371960407361142442e-01 5.280048806239682202e-01 7.219963320755159453e-01 5.204614223739332246e-01 2.902677778269074915e-01 1.299113847638219132e-01 4.724429909639710212e-01 0.000000000000000000e+00 4.997977558249225849e-01 4.446267216257918098e-01 8.035164000176858723e-01 5.162268328810630802e-01 3.009677806187955884e-01 5.291264128768663477e-01 8.103734827279713837e-01 6.006621020731437444e-01 1.855506467307660445e-01 1.941125652526455303e-01 8.289906928400915254e-01 6.849538773831802541e-01 9.230057275126811733e-01 1.387356484686030900e-01 7.662617089999435027e-01 4.658588447600268134e-01 1.866893428845271541e-01 4.402944836433129172e-01 4.953954514448231650e-01
5.249702292761008193e-01 2.747119289290109734e-01 5.224900551960547368e-01 7.024080274176968119e-01 7.233600587494711798e-01 1.966212279259320628e-01 4.264994926474363623e-01 4.393903752914126715e-01 1.319391817733900352e-01 2.605027925498014096e-01 4.224228495221774571e-01 5.914527086785191790e-01 9.330793277982203371e-01 2.695646702463234679e-01 1.219729523401505977e-01 4.997977558249225849e-01 0.000000000000000000e+00 4.876207683517981839e-01 7.615265518595244476e-01 8.794731950364860218e-01 4.110154819370622770e-01 8.738672030425271853e-01 5.192924740393500826e-01 3.677301400390686204e-01 6.196196037855373762e-01 1.614622401017445918e-01 7.291611904069472683e-01 8.240477088698361374e-02 6.161220306842095651e-01 6.694075555270037059e-01 3.699163413603593353e-01 4.438915234043128155e-01 6.332284700703190161e-01 7.412262983611745959e-01 9.272260891496921786e-01
3.121141633038630459e-01 1.570279979371327350e-01 9.688503106870427484e-01 8.393690775216386957e-01 3.299836145612845550e-01 4.360246692129221557e-01 5.896837835227256575e-01 4.591673633322320702e-01 6.362769420682372612e-01 4.805991965427961476e-01 3.092853127517106726e-01 6.712894486054483689e-01 5.466357333426707932e-01 7.788804140460021674e-01 5.980356534026736171e-01 4.446267216257918098e-01 4.876207683517981839e-01 0.000000000000000000e+00 6.134576442290444742e-01 4.869539618853226948e-01 9.178308425241075152e-01 3.309745031366483348e-01 4.814608245821389021e-01 7.907002411255312779e-01 3.784752462837229769e-01 5.302294713051398656e-01 5.812762154300943340e-01 4.648653468983486303e-01 1.127943042212614655e-01 5.354898543271198186e-01 5.754313841422564746e-01 6.196319705698349889e-01 8.584609931539872729e-01 4.589850217872607496e-01 4.007793948377882387e-01
8.337890957042893847e-01 1.565388385397158411e-01 6.264246666829704768e-01 3.881629096710891291e-01 3.032343677338757426e-01 7.268420235958517051e-01 1.131651400694713150e-01 8.658398657896062556e-01 1.759143397045100921e-01 6.741257844491772566e-01 9.052082012593480886e-01 9.610064062893410863e-01 2.044686521970149329e-01 8.155604725752828577e-01 2.902242909985581765e-01 8.035164000176858723e-01 7.615265518595244476e-01 6.134576442290444742e-01 0.000000000000000000e+00 5.543275080725831305e-01 8.780993244179426949e-01 2.602407835796823887e-01 1.457264798787050175e-01 7.040729691586893324e-01 6.310724704832750831e-01 6.905806236710702040e-01 8.911255115120826353e-01 4.603846230870931033e-01 9.758659782276575267e-01 7.849807739060552514e-01 2.418865498906211386e-01 2.957916187612792402e-01 5.233469596596754814e-01 4.027075148547597516e-01 7.382855208340758368e-01
5.281261121650677737e-01 2.898244967688285989e-01 3.791606365664945688e-01 8.601865642170086756e-01 3.903493140917049242e-01 4.349884205013406779e-01 7.586064818833909706e-01 7.654502730548580214e-01 4.874870061015442735e-01 5.349520275928589808e-01 2.423319402284876967e-01 6.114441552761206156e-01 8.604660783519821887e-01 4.563277189048164928e-01 3.932112471763124506e-01 5.162268328810630802e-01 8.794731950364860218e-01 4.869539618853226948e-01 5.543275080725831305e-01 0.000000000000000000e+00 9.262679495781709349e-01 2.408852996638716215e-01 4.968611739347102429e-01 5.649965348499308426e-01 5.035418742964372640e-01 3.289572861495123623e-01 2.058191280626138209e-01 5.103595660140195500e-01 9.165007668803493157e-01 1.446523863513814456e-01 2.340944353205962614e-01 4.791338655432232363e-01 9.029876109461301148e-01 6.911890797130202380e-01 7.937243686455328628e-01
8.875455271802179524e-01 6.957842620923988530e-01 8.058155595595092313e-01 3.041588937910052470e-01 4.069756697438585702e-01 1.527157326489980704e-01 6.083857658821549830e-01 4.116021362638413450e-01 5.484877283279672167e-01 9.184349511518391518e-01 4.398689705416571893e-01 1.491069172839922796e-01 1.367275752505727748e-01 4.230648251804128845e-01 5.737790410224299364e-01 3.009677806187955884e-01 4.110154819370622770e-01 9.178308425241075152e-01 8.780993244179426949e-01 9.262679495781709349e-01 0.000000000000000000e+00 4.532187531505574851e-01 4.984694537367420630e-01 3.735896801214469987e-01 2.920713318604515329e-01 1.004785130894182421e-01 8.285657217665800545e-01 8.885776785865217020e-01 6.072726185495718187e-01 6.799807092481211512e-01 4.735671875748933557e-01 5.004034918903750295e-01 9.017568729575438091e-01 8.573515243142355580e-01 2.362853916813130173e-01
4.100196152177993936e-01 4.331826839238654414e-01 3.849624089441094354e-01 4.885866691175145271e-01 3.848787129301907139e-01 5.145330110203519824e-01 2.717766768933125299e-01 4.886270262762163474e-01 6.799546958308555489e-01 1.825776196956723219e-01 3.590209929776141951e-01 4.248262345030072717e-01 6.629553091477957683e-01 7.042284502727336193e-02 5.025052769098774519e-01 5.291264128768663477e-01 8.738672030425271853e-01 3.309745031366483348e-01 2.602407835796823887e-01 2.408852996638716215e-01 4.532187531505574851e-01 0.000000000000000000e+00 5.590766616381870335e-02 3.628969484987774052e-01 5.086051604106902602e-01 4.838345133731831726e-01 6.352074939577354584e-01 3.373838581918418011e-01 2.392857708994666766e-01 4.888445015822412421e-01 4.541268961958483397e-01 3.473015187778614177e-01 9.116567082010109679e-01 9.136158436470767086e-01 5.076722175887597999e-01
4.850477817210654408e-01 5.964093969776717019e-01 2.190365466844098608e-01 5.026721757674502689e-01 2.944744770262026634e-01 5.763179197782537511e-01 7.599501614949415451e-01 3.707190117330561030e-02 5.922458368633907178e-01 5.840915988998092168e-01 7.398790735447908773e-01 3.630106453787486087e-01 9.120986501596802798e-01 4.112619631276144272e-01 6.670231812526786763e-01 8.103734827279713837e-01 5.192924740393500826e-01 4.814608245821389021e-01 1.457264798787050175e-01 4.968611739347102429e-01 4.984694537367420630e-01 5.590766616381870335e-02 0.000000000000000000e+00 3.996493056062705440e-01 9.374063959663485601e-01 4.750376491758750985e-01 1.775267157293562992e-01 6.834978087542979974e-01 8.005989672194911977e-01 4.600832302049987499e-01 8.703488808941288735e-01 5.847450749995601882e-01 4.675324213142839080e-01 8.915978668502486659e-01 2.964286876906383483e-01
6.653521243073603486e-01 7.395009752131194158e-01 3.555570267976446153e-01 2.040776857727012450e-01 1.927857123772295234e-01 3.839660906528012951e-01 4.846796527894066675e-01 5.737054990806839117e-01 5.899955867286493794e-01 5.160797486213394292e-01 6.269400762457445486e-01 7.839298906189851035e-01 5.170927302075339904e-01 1.132675699967309324e-01 6.272623608563264730e-01 6.006621020731437444e-01 3.677301400390686204e-01 7.907002411255312779e-01 7.040729691586893324e-01 5.649965348499308426e-01 3.735896801214469987e-01 3.628969484987774052e-01 3.996493056062705440e-01 0.000000000000000000e+00 6.165044701794440973e-01 6.298913662721138396e-01 1.886071782510788664e-01 4.127262269113814996e-01 4.652275677030126566e-01 8.168654360746547827e-01 5.516990245061114129e-01 4.064143116031877501e-01 4.757364731082488474e-01 2.125256640506293926e-01 2.902115566420996329e-01
6.005694999699470182e-01 4.324860065240420104e-01 4.702680642437702674e-01 5.416593709595010075e-01 5.142601305163611025e-01 7.462575981995449581e-01 4.452731235468425641e-01 5.536494824273265891e-01 5.290355911413587853e-01 4.644973912342123534e-01 7.324342416597334759e-01 7.901313087494432619e-01 4.355433365786458566e-01 6.024824826015587886e-01 4.368555380060254456e-01 1.855506467307660445e-01 6.196196037855373762e-01 3.784752462837229769e-01 6.310724704832750831e-01 5.035418742964372640e-01 2.920713318604515329e-01 5.086051604106902602e-01 9.374063959663485601e-01 6.165044701794440973e-01 0.000000000000000000e+00 4.970962034084125958e-01 5.450237914230895431e-01 2.441459986946192262e-01 6.666823956728313849e-01 9.147317002668634567e-01 8.295995734389427501e-01 5.307551783541135659e-01 4.718640381092920055e-01 5.301553584465104052e-01 2.359654071777459450e-01
8.522628395947412505e-01 4.378076946415410120e-01 4.523025932775220914e-01 6.924333795102537437e-01 3.733087740222517104e-01 1.234432618051487518e-01 5.630871341105331274e-01 8.787261214540171839e-01 6.091538896744630449e-01 6.685668253457560661e-01 4.681780148316619927e-01 4.651637251251012906e-01 9.142827177514889492e-01 1.547102055629835382e-01 8.259954181626568692e-01 1.941125652526455303e-01 1.614622401017445918e-01 5.302294713051398656e-01 6.905806236710702040e-01 3.289572861495123623e-01 1.004785130894182421e-01 4.838345133731831726e-01 4.750376491758750985e-01 6.298913662721138396e-01 4.970962034084125958e-01 0.000000000000000000e+00 8.991305091019465845e-01 7.778022102279331662e-01 5.611427044293023636e-01 1.925965498237084406e-01 3.930124271211388742e-01 4.069094265850720094e-01 1.380347192047777227e-01 5.340232260080890470e-01 8.787188186142207424e-01
2.168825398494144130e-01 8.446044502902478879e-01 3.394225523710819314e-01 5.020499812034744380e-01 7.993131220288608452e-01 7.238045585060671749e-01 5.035773607318461131e-01 8.197243616430360813e-01 5.140300779271418374e-01 5.660404850676884481e-01 3.002331201267360861e-02 3.988153590027492257e-01 5.262315390170814178e-01 7.264558653335748684e-01 5.670377011522467203e-01 8.289906928400915254e-01 7.291611904069472683e-01 5.812762154300943340e-01 8.911255115120826353e-01 2.058191280626138209e-01 8.285657217665800545e-01 6.352074939577354584e-01 1.775267157293562992e-01 1.886071782510788664e-01 5.450237914230895431e-01 8.991305091019465845e-01 0.000000000000000000e+00 6.181101299397881998e-01 5.533730757626107444e-01 6.214289472153151639e-01 5.482671064442943276e-01 4.803871355174201274e-01 1.213294777686447778e-01 4.577983894950343746e-01 6.802827067812755590e-01
1.959205679390786381e-01 8.834270764232554640e-01 2.472858431953441904e-01 3.083497248339910346e-01 7.403952474901398517e-01 6.656793911309901723e-01 1.569058718144771269e-01 6.287822466946553224e-01 1.723005449276904244e-01 7.339850092755397792e-01 4.476849128627837793e-01 4.406072840018078196e-01 8.294258967443235431e-01 5.245239405789147158e-01 4.908946885339500188e-01 6.849538773831802541e-01 8.240477088698361374e-02 4.648653468983486303e-01 4.603846230870931033e-01 5.103595660140195500e-01 8.885776785865217020e-01 3.373838581918418011e-01 6.834978087542979974e-01 4.127262269113814996e-01 2.441459986946192262e-01 7.778022102279331662e-01 6.181101299397881998e-01 0.000000000000000000e+00 4.129228177016309731e-01 4.914708626854967233e-01 4.987728315639609056e-01 8.952857951337831466e-01 5.662276589939452265e-01 1.136476934745415113e-01 4.487095832723670963e-01
3.450601537990585221e-01 3.838258227602454609e-01 5.305613726707235633e-01 1.089263075367269407e-01 1.482152093719831809e-01 4.692618841401725582e-01 5.443604291023760311e-01 2.345239834382564781e-01 8.223448203691388070e-01 5.305872004887934867e-01 4.583712759404265924e-01 4.628862186577341609e-01 6.403647211980949550e-01 4.267658524707996781e-01 4.961023117060025522e-01 9.230057275126811733e-01 6.161220306842095651e-01 1.127943042212614655e-01 9.758659782276575267e-01 9.165007668803493157e-01 6.072726185495718187e-01 2.392857708994666766e-01 8.005989672194911977e-01 4.652275677030126566e-01 6.666823956728313849e-01 5.611427044293023636e-01 5.533730757626107444e-01 4.129228177016309731e-01 0.000000000000000000e+00 4.664511100234983720e-01 7.892840112137267106e-02 8.984113576248442534e-01 6.387430929445307992e-01 3.366680575618898885e-01 1.550639246866523102e-01
7.788237410754798029e-01 4.947020106269334194e-01 4.940924785034981337e-01 6.095886192315055352e-01 1.398726129511068672e-01 2.244780360651696949e-01 5.066221881448927933e-01 9.408359820570503240e-01 7.260741055846555714e-01 4.967537661680166972e-01 4.974297445670963214e-01 4.874240753507370627e-01 6.810707523446493106e-01 4.329202363076219973e-01 5.535566179511577367e-01 1.387356484686030900e-01 6.694075555270037059e-01 5.354898543271198186e-01 7.849807739060552514e-01 1.446523863513814456e-01 6.799807092481211512e-01 4.888445015822412421e-01 4.600832302049987499e-01 8.168654360746547827e-01 9.147317002668634567e-01 1.925965498237084406e-01 6.214289472153151639e-01 4.914708626854967233e-01 4.664511100234983720e-01 0.000000000000000000e+00 5.252389306128963931e-01 5.864288330262066307e-01 7.348211491339746715e-01 6.721668740891928451e-01 5.714056547553629795e-01
8.186603531750976659e-01 1.000081719273940850e-01 2.291462148193287307e-01 8.689418316669359488e-01 4.564922222415317976e-01 9.541096864638841657e-01 5.315870162471894034e-01 4.212571953950410841e-01 7.787602080588456044e-01 1.684661534261147064e-01 3.886581488770282089e-01 5.556568226297955437e-01 8.833749354193825010e-01 1.168106220626339287e-01 3.978838670160909086e-01 7.662617089999435027e-01 3.699163413603593353e-01 5.754313841422564746e-01 2.418865498906211386e-01 2.340944353205962614e-01 4.735671875748933557e-01 4.541268961958483397e-01 8.703488808941288735e-01 5.516990245061114129e-01 8.295995734389427501e-01 3.930124271211388742e-01 5.482671064442943276e-01 4.987728315639609056e-01 7.892840112137267106e-02 5.252389306128963931e-01 0.000000000000000000e+00 6.180996449655598024e-01 7.949483122310927463e-01 5.137401503859817531e-01 3.587112251146584718e-01
1.527917995106991000e-01 2.361628587094326548e-01 1.514121237612513493e-01 3.913451558604791325e-01 5.850997380450360108e-01 5.996521182124134874e-01 5.186870182602068002e-01 3.638541236878700680e-01 5.799680460345993938e-01 4.309579906773597369e-01 1.016335682496384285e-01 4.892026866118900363e-01 4.941902228793563223e-01 2.507582192750891781e-01 9.069139326980850679e-01 4.658588447600268134e-01 4.438915234043128155e-01 6.196319705698349889e-01 2.957916187612792402e-01 4.791338655432232363e-01 5.004034918903750295e-01 3.473015187778614177e-01 5.847450749995601882e-01 4.064143116031877501e-01 5.307551783541135659e-01 4.069094265850720094e-01 4.803871355174201274e-01 8.952857951337831466e-01 8.984113576248442534e-01 5.864288330262066307e-01 6.180996449655598024e-01 0.000000000000000000e+00 4.543946267628945490e-01 2.094533171151067852e-01 7.391120196548126575e-01
4.120309450506648430e-01 5.365605989976689472e-01 3.951396384460835187e-01 1.817483221441390517e-01 1.923737647183775268e-01 3.105688068492648557e-01 3.518346571631766340e-01 7.733904896786636396e-02 1.938886690032746163e-01 5.429271407981179909e-01 3.661787412783577000e-01 3.548857323095213623e-01 4.984945388616137674e-01 4.865646129003527998e-01 1.427486009878944362e-01 1.866893428845271541e-01 6.332284700703190161e-01 8.584609931539872729e-01 5.233469596596754814e-01 9.029876109461301148e-01 9.017568729575438091e-01 9.116567082010109679e-01 4.675324213142839080e-01 4.757364731082488474e-01 4.718640381092920055e-01 1.380347192047777227e-01 1.213294777686447778e-01 5.662276589939452265e-01 6.387430929445307992e-01 7.348211491339746715e-01 7.949483122310927463e-01 4.543946267628945490e-01 0.000000000000000000e+00 2.578256892697246005e-01 5.367201396462623064e-01
8.451320065595502307e-01 4.616139558848422197e-01 6.815238985133844629e-01 4.700392386619610674e-01 6.254724960953568225e-01 7.485885915140950697e-01 5.843982251118087223e-01 6.077600345997868914e-01 5.741763957398691165e-01 5.499094705357555624e-01 3.894365255900020806e-01 3.127588863747396974e-01 6.149615732180037098e-01 7.457677059642058293e-01 5.377181315458666733e-01 4.402944836433129172e-01 7.412262983611745959e-01 4.589850217872607496e-01 4.027075148547597516e-01 6.911890797130202380e-01 8.573515243142355580e-01 9.136158436470767086e-01 8.915978668502486659e-01 2.125256640506293926e-01 5.301553584465104052e-01 5.340232260080890470e-01 4.577983894950343746e-01 1.136476934745415113e-01 3.366680575618898885e-01 6.721668740891928451e-01 5.137401503859817531e-01 2.094533171151067852e-01 2.578256892697246005e-01 0.000000000000000000e+00 6.718505098986057300e-01
8.486172183648432732e-02 5.905799114613123901e-01 3.973663996643956864e-01 3.619656624098627207e-01 7.491057743154501125e-01 4.928986619432172978e-01 7.675305155894283082e-01 3.517110607942680045e-01 7.010333614363459809e-01 6.719168951361502717e-01 5.969254702301345361e-01 6.255225742126657718e-02 9.885007022346337102e-02 8.284091177592820543e-01 8.312268483238289818e-01 4.953954514448231650e-01 9.272260891496921786e-01 4.007793948377882387e-01 7.382855208340758368e-01 7.937243686455328628e-01 2.362853916813130173e-01 5.076722175887597999e-01 2.964286876906383483e-01 2.902115566420996329e-01 2.359654071777459450e-01 8.787188186142207424e-01 6.802827067812755590e-01 4.487095832723670963e-01 1.550639246866523102e-01 5.714056547553629795e-01 3.587112251146584718e-01 7.391120196548126575e-01 5.367201396462623064e-01 6.718505098986057300e-01 0.000000000000000000e+00
