0.000000000000000000e+00 4.984016782000953438e-01 8.980317576283762815e-01 4.271919228623526354e-01 3.535973433737854554e-01 1.766428748262444115e-01 4.258761288809620460e-01 6.096577105892795334e-01 5.906451654895102932e-01 5.755106615489378186e-01 4.308089530798054900e-01 7.721381923699578431e-01 5.328055719464352968e-02 1.327784540412166869e-01 8.878881472071264991e-02 8.442296695109836602e-01 5.554999378131381116e-01 9.334736197987196782e-01 7.502657290874892304e-02 6.061536349157441439e-01 7.452562810051731601e-01 3.375203974187725442e-01 6.666566312323233268e-01 1.996436469279611048e-01 7.752764020554141489e-01 7.004749340668985358e-01 4.498973135409702895e-01 5.241304231824372994e-01 4.075964111583587623e-01 5.104347698249211973e-01 5.602320703400912594e-01 4.012175697899144078e-01 5.224842391827277943e-02 6.153420760883862028e-01 6.877531033961239437e-01
4.984016782000953438e-01 0.000000000000000000e+00 6.385734571662730064e-01 3.107788019514517441e-01 2.546777551273076146e-01 9.633670971758256929e-01 6.719533322096966632e-01 4.728979412913774105e-01 5.746267752959730579e-01 7.379248552287743790e-01 2.791404452701365946e-01 9.519229465943879198e-02 7.771264899986018992e-01 2.874038700559380377e-01 7.572192516710467558e-01 5.061222741065878328e-01 7.697624390801407479e-01 6.305139676941464710e-01 5.579089612819387867e-01 5.655802107480294438e-01 7.299128907679819367e-01 5.657313928990697072e-01 7.525484729737674794e-01 4.140212020155412675e-01 5.144144231866405459e-01 6.542236314969330779e-01 4.833841023879856813e-01 6.806699352028824368e-01 4.220202257822008307e-01 3.446437722959592165e-01 4.910497568957498671e-01 5.486892547338169113e-01 4.681373597650518303e-01 4.329609972488642766e-01 9.184562310916177807e-02
8.980317576283762815e-01 6.385734571662730064e-01 0.000000000000000000e+00 1.927233837831224816e-01 8.007568886162406141e-01 6.627767728323494811e-01 3.045227724984258533e-01 4.132497894858143672e-01 5.918109168982846890e-01 3.771757921911828570e-01 8.869400060588206181e-02 8.225434016805590609e-01 5.649678283525549904e-01 6.473307302190041135e-01 2.022423744925186950e-01 6.499031788520581721e-01 4.948946243461949113e-01 6.328404221706955823e-01 4.780585020370141658e-01 2.823438128347486309e-01 1.903951563731648422e-01 2.418698239421923635e-02 3.407843077405106058e-01 8.177281939417739842e-01 9.315658751984416952e-01 8.753296803635328693e-01 6.128929111091678816e-01 9.560826659894892110e-01 4.838990151649372740e-01 5.829722520532654162e-01 4.960120082580872225e-01 5.625016565348113229e-01 3.467514194517704595e-01 4.243927330050988322e-01 6.134733092513422470e-01
4.271919228623526354e-01 3.107788019514517441e-01 1.927233837831224816e-01 0.000000000000000000e+00 9.657452052814634591e-01 1.285229597298100934e-01 8.167262562102419743e-01 2.436780398243606482e-01 3.336136449977809004e-01 5.922981106949478658e-01 4.825746963892604824e-01 8.369715131673955977e-01 9.841495410472427263e-01 7.631429150296710207e-01 4.580825546035623974e-01 4.349618081457549135e-01 6.066275860045540202e-01 6.371489416951235940e-01 3.877416262709620365e-01 7.473974460741233949e-01 8.630759514980383962e-01 3.156394331943982445e-01 4.224254589085135736e-01 3.216225520462878684e-01 4.318017505446258841e-01 7.444474833937534397e-01 7.972981390274294089e-01 8.094255660078821801e-01 6.414462438775393460e-01 5.068905907428478130e-01 6.034358713884100389e-01 4.902677925507129553e-01 6.797690032840493224e-01 6.648552153537277132e-01 4.946587506542473589e-01
3.535973433737854554e-01 2.546777551273076146e-01 8.007568886162406141e-01 9.657452052814634591e-01 0.000000000000000000e+00 6.329404351030394338e-01 5.740213887508198720e-01 3.007063910261777995e-01 5.898774896956278102e-01 5.270827383802400012e-01 4.103849646840351806e-01 8.043084363197100517e-01 5.866145609832075225e-01 6.301134570619930653e-01 7.753977862968454149e-01 4.990587689136563587e-01 2.658704701973683138e-01 7.889327246721866693e-01 4.257427062850517863e-01 7.536600533850594807e-01 5.883019094405779192e-01 5.404258850531540315e-01 4.982705461749801779e-01 4.484739928530371289e-01 2.522501150064490050e-01 9.249243875385766422e-01 5.682704955928137291e-01 4.013851125676986542e-01 5.032848122309483418e-01 5.802527349892985242e-01 3.341215931334663436e-01 8.677039209517891649e-01 5.188934164015568395e-01 3.782243967683789343e-01 1.277266758793593748e-01
1.766428748262444115e-01 9.633670971758256929e-01 6.627767728323494811e-01 1.285229597298100934e-01 6.329404351030394338e-01 0.000000000000000000e+00 3.962791130375524773e-01 4.167568696706592246e-01 5.123625796510379304e-01 7.643069504032793393e-01 5.100745221804778851e-01 4.411033686380714247e-01 8.871579976293496594e-01 7.620108830217258156e-01 3.805857781855446209e-01 9.471480691179743339e-01 5.854620045833049957e-01 6.375186343064366268e-01 4.840227603732507600e-01 5.137646151047952081e-01 9.323788992630288597e-02 5.083742833841496944e-01 8.478069323291959059e-01 8.637039438375807565e-01 4.431488736326696376e-01 8.227631177897595238e-01 4.847617470939386553e-01 2.919832124575094667e-02 1.931993448734838914e-01 3.166306468199312496e-01 8.311905709819724652e-01 1.898956220093763747e-01 1.245205647377120028e-01 4.362184407179531265e-01 1.926008267327311563e-01
4.258761288809620460e-01 6.719533322096966632e-01 3.045227724984258533e-01 8.167262562102419743e-01 5.740213887508198720e-01 3.962791130375524773e-01 0.000000000000000000e+00 1.908257875154148464e-01 6.843925266344867975e-01 6.764271929155223351e-01 7.125954104766866193e-01 2.141324635547741106e-01 2.747832173550155410e-01 4.875514984325890477e-01 5.172307782385578978e-01 5.121211861924523934e-01 6.394612655066214124e-01 6.287677615717613966e-01 8.901705728394120332e-01 3.066385167363080977e-01 4.270358830262072081e-01 5.404720775521918430e-01 5.052236600372184139e-01 8.741117813868015674e-01 4.068083823134265864e-01 7.182991443020625422e-02 5.932713196709032966e-01 3.560639720143742859e-01 8.020514787227277509e-01 5.454147820707592187e-01 1.980696134067202463e-01 8.349377612316808417e-01 7.013500167648883954e-01 5.524309538603724423e-01 4.048253530418330359e-01
6.096577105892795334e-01 4.728979412913774105e-01 4.132497894858143672e-01 2.436780398243606482e-01 3.007063910261777995e-01 4.167568696706592246e-01 1.908257875154148464e-01 0.000000000000000000e+00 3.259428607327374272e-01 7.480654256413391545e-01 5.541857390081386114e-01 5.619768158598029695e-01 7.084481241672317964e-01 1.728719374595323321e-01 5.680661339996351256e-01 4.961334540994905562e-01 8.216121516216106091e-01 7.560128040295087670e-01 3.590188061696936717e-01 6.807620129240845586e-01 8.023171359863798813e-01 6.030969833075887632e-01 4.720246026706512721e-01 4.097858475385575128e-01 7.094130333600470184e-01 7.447881866083090330e-01 5.193219637815118528e-01 7.389734012861592927e-01 8.918441255312137272e-02 5.727873982833402433e-01 7.868388257669536312e-01 3.665053898624331952e-01 3.643482048107000715e-01 2.780129984382112562e-01 2.636627075769371609e-01
5.906451654895102932e-01 5.746267752959730579e-01 5.918109168982846890e-01 3.336136449977809004e-01 5.898774896956278102e-01 5.123625796510379304e-01 6.843925266344867975e-01 3.259428607327374272e-01 0.000000000000000000e+00 6.832295813762997438e-01 6.083782522429440620e-01 3.023637568487661520e-01 4.431320035111628863e-01 4.217643529338460651e-01 3.467733385435934901e-01 5.574530435862041777e-01 8.942458069422138944e-01 5.121311290287122731e-01 2.692645399052663313e-01 6.364990424856271645e-01 7.443435786531666931e-01 3.481322348272427591e-01 5.189507326018347744e-01 8.213193808465892864e-01 9.087344498234546375e-01 6.401777554321733676e-01 2.899243490192783268e-01 8.194049366664291068e-01 4.780062726189892031e-01 2.684716590422702165e-01 2.972914185115225205e-01 5.267052169004134976e-01 2.658628872688798550e-01 8.024387758288600292e-01 5.059675364651941010e-01
5.755106615489378186e-01 7.379248552287743790e-01 3.771757921911828570e-01 5.922981106949478658e-01 5.270827383802400012e-01 7.643069504032793393e-01 6.764271929155223351e-01 7.480654256413391545e-01 6.832295813762997438e-01 0.000000000000000000e+00 6.628391585623003568e-01 2.249652670186171877e-01 3.447882322029915958e-01 4.228961219745861477e-01 2.645090557527031150e-01 1.731451412716300542e-01 1.628283031734389930e-02 6.159658281696722693e-01 2.449658731725107286e-01 7.682143266889496225e-01 9.477092421534625277e-01 5.875249640799276030e-01 7.125303777490372692e-01 9.718609427872910711e-01 8.343703133410532713e-01 6.369022879270485049e-01 6.230030883796275898e-01 3.605255584397759616e-01 2.653749711134602007e-01 4.685704577835137496e-01 6.319334592982055465e-01 1.188855335364241705e-01 7.785340534086452324e-01 5.168464370786937101e-01 3.813346806042002268e-01
4.308089530798054900e-01 2.791404452701365946e-01 8.869400060588206181e-02 4.825746963892604824e-01 4.103849646840351806e-01 5.100745221804778851e-01 7.125954104766866193e-01 5.541857390081386114e-01 6.083782522429440620e-01 6.628391585623003568e-01 0.000000000000000000e+00 4.892441588407422381e-01 4.132249818196216395e-01 6.954982425782176847e-01 1.564995203360870502e-01 1.489905858770749214e-01 5.124384997184030510e-01 1.722318557104220993e-01 3.034350423285493425e-01 5.334634569347553867e-01 5.634610002647177929e-01 5.603877820607621185e-01 4.593788665186829268e-01 2.934231282434554000e-01 7.472597410520714911e-01 9.243500517484022350e-01 4.816723522718959760e-01 5.212393363530494206e-01 3.008536421175311837e-01 3.206866440010215924e-01 5.798415626304382897e-01 4.291727232719186325e-01 3.734469241851041676e-01 7.616226865637111265e-01 8.251607190357437283e-01
7.721381923699578431e-01 9.519229465943879198e-02 8.225434016805590609e-01 8.369715131673955977e-01 8.043084363197100517e-01 4.411033686380714247e-01 2.141324635547741106e-01 5.619768158598029695e-01 3.023637568487661520e-01 2.249652670186171877e-01 4.892441588407422381e-01 0.000000000000000000e+00 3.792815061202017279e-01 7.134365964203549515e-01 7.876052377391442594e-01 8.695470114783772075e-01 3.990838382418502306e-01 9.024947331044970156e-01 4.789845075324819512e-01 2.840287061346039588e-01 6.374323257328210479e-01 3.604158220529881662e-01 7.565263728755490247e-01 6.018521136483789835e-01 7.178638595181532356e-01 8.263666542800369719e-01 4.826311916621864873e-01 6.783490316833340472e-01 4.837427081719147814e-01 1.690719341275908061e-01 4.032528804850523674e-01 7.121487611072062629e-01 3.665814557044545507e-01 2.872391528625006796e-01 4.182331649014169317e-01
5.328055719464352968e-02 7.771264899986018992e-01 5.649678283525549904e-01 9.841495410472427263e-01 5.866145609832075225e-01 8.871579976293496594e-01 2.747832173550155410e-01 7.084481241672317964e-01 4.431320035111628863e-01 3.447882322029915958e-01 4.132249818196216395e-01 3.792815061202017279e-01 0.000000000000000000e+00 4.808417658182192467e-01 6.149457865584166960e-01 7.167375944620839601e-01 3.159578641300692103e-01 5.349973043230464853e-01 5.855258409445898149e-01 8.561818903700647576e-01 4.105408626134507966e-01 5.583994617347218803e-01 9.629810130011031699e-01 3.363694856318685256e-01 8.798977773872274089e-02 7.085768503099352245e-01 3.937398512087035840e-01 9.498210474985464558e-01 1.770728059786883524e-01 9.075387345226260116e-01 5.796660567646211293e-01 4.144163279140985479e-01 6.938361323360904276e-01 1.241380743113675855e-01 3.630596724095752070e-01
1.327784540412166869e-01 2.874038700559380377e-01 6.473307302190041135e-01 7.631429150296710207e-01 6.301134570619930653e-01 7.620108830217258156e-01 4.875514984325890477e-01 1.728719374595323321e-01 4.217643529338460651e-01 4.228961219745861477e-01 6.954982425782176847e-01 7.134365964203549515e-01 4.808417658182192467e-01 0.000000000000000000e+00 8.639697747536294603e-01 4.354223925837644726e-01 4.093917110674273330e-01 2.149816324728915928e-01 3.945444654173155818e-01 5.670530847574962729e-01 5.358409757764408532e-01 4.347631392880712542e-01 4.313657913962398727e-01 7.718976470782941135e-01 3.270151324459048547e-01 5.946750757191752168e-01 2.966459215783888714e-01 5.027890715045473247e-01 3.472650764265264312e-01 7.495959105795886313e-01 9.367090820206978030e-01 5.909010101488521016e-01 5.646794469416100970e-01 7.452395937771604251e-01 6.686479372444451563e-01
8.878881472071264991e-02 7.572192516710467558e-01 2.022423744925186950e-01 4.580825546035623974e-01 7.753977862968454149e-01 3.805857781855446209e-01 5.172307782385578978e-01 5.680661339996351256e-01 3.467733385435934901e-01 2.645090557527031150e-01 1.564995203360870502e-01 7.876052377391442594e-01 6.149457865584166960e-01 8.639697747536294603e-01 0.000000000000000000e+00 6.771956519096575811e-01 6.911889831310517041e-01 5.702135814763467092e-01 8.546806440158657425e-01 2.225469663071454329e-01 4.281568653792288681e-01 2.520120455033223461e-01 3.653979705349252871e-01 4.722857922304964928e-01 1.642292958990084761e-01 5.779251383834480560e-01 2.021499921083284024e-01 7.578691608313937733e-01 3.924189438024463517e-01 8.845470116583286080e-01 3.174485762922424348e-01 5.148485821336938884e-01 7.052104995302885815e-01 4.914773353594260596e-01 1.710601092032068005e-01
8.442296695109836602e-01 5.061222741065878328e-01 6.499031788520581721e-01 4.349618081457549135e-01 4.990587689136563587e-01 9.471480691179743339e-01 5.121211861924523934e-01 4.961334540994905562e-01 5.574530435862041777e-01 1.731451412716300542e-01 1.489905858770749214e-01 8.695470114783772075e-01 7.167375944620839601e-01 4.354223925837644726e-01 6.771956519096575811e-01 0.000000000000000000e+00 6.049808049277829447e-01 1.205562537263342726e-01 2.726905303189313123e-01 7.147563963895768868e-01 5.388504626469068359e-01 2.079137814679445917e-01 8.256768613902265574e-01 4.391350979125583365e-01 4.898454541316543676e-01 8.327222069046799069e-01 2.452686280481347625e-01 9.379918619867173568e-01 8.365508979727052097e-01 7.841351465577799384e-01 5.504325577788201640e-01 1.995752950867752396e-01 4.595815251191837092e-01 7.006657435071734774e-01 3.888861439884899185e-01
5.554999378131381116e-01 7.697624390801407479e-01 4.948946243461949113e-01 6.066275860045540202e-01 2.658704701973683138e-01 5.854620045833049957e-01 6.394612655066214124e-01 8.216121516216106091e-01 8.942458069422138944e-01 1.628283031734389930e-02 5.124384997184030510e-01 3.990838382418502306e-01 3.159578641300692103e-01 4.093917110674273330e-01 6.911889831310517041e-01 6.049808049277829447e-01 0.000000000000000000e+00 5.230364827869057320e-01 9.022286656037339370e-01 4.446503562015674538e-01 6.130398675070855008e-01 8.119467967779272488e-01 5.516768303712301647e-01 4.346439740398522211e-01 4.205176645847604755e-01 5.012330660019300721e-01 1.576726873440844612e-01 5.632808474022243939e-02 7.454857072247629279e-01 4.243847819130640575e-01 8.911295624547312944e-01 6.118804295720985387e-01 3.848678273107806191e-01 9.527256706658961960e-01 6.458180984551187276e-01
9.334736197987196782e-01 6.305139676941464710e-01 6.328404221706955823e-01 6.371489416951235940e-01 7.889327246721866693e-01 6.375186343064366268e-01 6.287677615717613966e-01 7.560128040295087670e-01 5.121311290287122731e-01 6.159658281696722693e-01 1.722318557104220993e-01 9.024947331044970156e-01 5.349973043230464853e-01 2.149816324728915928e-01 5.702135814763467092e-01 1.205562537263342726e-01 5.230364827869057320e-01 0.000000000000000000e+00 7.488009407177591559e-01 6.151229913727168652e-01 5.156707304202504671e-01 1.333677240951886001e-01 1.802754255215692769e-01 2.288530310779531840e-01 4.365688205110487274e-01 4.044912751195189893e-01 2.754119290359129946e-01 2.606917560176913451e-01 4.772036001419850404e-01 6.939704495395873085e-01 4.877933531470685091e-01 7.101365528186120990e-01 1.351974374013952263e-01 6.512929781086143066e-01 8.201472053796610151e-01
7.502657290874892304e-02 5.579089612819387867e-01 4.780585020370141658e-01 3.877416262709620365e-01 4.257427062850517863e-01 4.840227603732507600e-01 8.901705728394120332e-01 3.590188061696936717e-01 2.692645399052663313e-01 2.449658731725107286e-01 3.034350423285493425e-01 4.789845075324819512e-01 5.855258409445898149e-01 3.945444654173155818e-01 8.546806440158657425e-01 2.726905303189313123e-01 9.022286656037339370e-01 7.488009407177591559e-01 0.000000000000000000e+00 5.074710225748806369e-01 8.317738797953891927e-01 3.445160353983631740e-01 6.301319140511273398e-01 7.360752141831103934e-01 4.211283057260304385e-01 7.130189630853456251e-01 1.652696042532731946e-01 5.768016115776338770e-01 7.508523373927515898e-01 3.881654535722856014e-01 2.392291461925170060e-01 2.639397128691310934e-01 5.679696059541603503e-01 8.683727906554478126e-01 8.796782908182330107e-01
6.061536349157441439e-01 5.655802107480294438e-01 2.823438128347486309e-01 7.473974460741233949e-01 7.536600533850594807e-01 5.137646151047952081e-01 3.066385167363080977e-01 6.807620129240845586e-01 6.364990424856271645e-01 7.682143266889496225e-01 5.334634569347553867e-01 2.840287061346039588e-01 8.561818903700647576e-01 5.670530847574962729e-01 2.225469663071454329e-01 7.147563963895768868e-01 4.446503562015674538e-01 6.151229913727168652e-01 5.074710225748806369e-01 0.000000000000000000e+00 4.724651583811392275e-01 4.140526175275096588e-01 7.413809328023972522e-01 5.391759675334344415e-01 9.225520207763722169e-01 3.719958441389357162e-01 5.255117231280485024e-01 2.814166890208072980e-01 4.854121297018378356e-01 4.178233640184031428e-01 4.662485005626351153e-01 6.280770506812571874e-01 4.281962872392495179e-01 4.916842997123104242e-01 5.183602909242539525e-01
7.452562810051731601e-01 7.299128907679819367e-01 1.903951563731648422e-01 8.630759514980383962e-01 5.883019094405779192e-01 9.323788992630288597e-02 4.270358830262072081e-01 8.023171359863798813e-01 7.443435786531666931e-01 9.477092421534625277e-01 5.634610002647177929e-01 6.374323257328210479e-01 4.105408626134507966e-01 5.358409757764408532e-01 4.281568653792288681e-01 5.388504626469068359e-01 6.130398675070855008e-01 5.156707304202504671e-01 8.317738797953891927e-01 4.724651583811392275e-01 0.000000000000000000e+00 5.354898668533223383e-01 6.381063092026739714e-02 4.020459231876538642e-01 6.973515297032073512e-01 1.373432274382444529e-01 1.436119565053179947e-01 5.336497854119330864e-01 6.804934482030053911e-01 3.736124089035886553e-01 2.432082240458024458e-01 1.668007789385310691e-01 5.051114156786925546e-01 9.057143834444840724e-01 8.231442481354301899e-01
3.375203974187725442e-01 5.657313928990697072e-01 2.418698239421923635e-02 3.156394331943982445e-01 5.404258850531540315e-01 5.083742833841496944e-01 5.404720775521918430e-01 6.030969833075887632e-01 3.481322348272427591e-01 5.875249640799276030e-01 5.603877820607621185e-01 3.604158220529881662e-01 5.583994617347218803e-01 4.347631392880712542e-01 2.520120455033223461e-01 2.079137814679445917e-01 8.119467967779272488e-01 1.333677240951886001e-01 3.445160353983631740e-01 4.140526175275096588e-01 5.354898668533223383e-01 0.000000000000000000e+00 7.038418242208190900e-01 8.859718580106950014e-01 4.326049548820805057e-01 4.854303033259271261e-01 6.573403178618655307e-01 9.577372279186799897e-01 2.198813108713102982e-01 3.474269340544979268e-01 5.990490883916115283e-01 6.612169603736777201e-01 3.251306376115707941e-01 4.529600341579048117e-01 6.161153710313036491e-01
6.666566312323233268e-01 7.525484729737674794e-01 3.407843077405106058e-01 4.224254589085135736e-01 4.982705461749801779e-01 8.478069323291959059e-01 5.052236600372184139e-01 4.720246026706512721e-01 5.189507326018347744e-01 7.125303777490372692e-01 4.593788665186829268e-01 7.565263728755490247e-01 9.629810130011031699e-01 4.313657913962398727e-01 3.653979705349252871e-01 8.256768613902265574e-01 5.516768303712301647e-01 1.802754255215692769e-01 6.301319140511273398e-01 7.413809328023972522e-01 6.381063092026739714e-02 7.038418242208190900e-01 0.000000000000000000e+00 5.193003936882453209e-01 6.941052904401177059e-01 3.386598482411361521e-01 5.753778214338542973e-01 6.588709208572424147e-01 4.969234283942405295e-01 7.132746160387477552e-01 6.249983375836447586e-01 2.230556318825159257e-01 4.793177173532953139e-01 5.454303546719803109e-01 8.785073293492334789e-01
1.996436469279611048e-01 4.140212020155412675e-01 8.177281939417739842e-01 3.216225520462878684e-01 4.484739928530371289e-01 8.637039438375807565e-01 8.741117813868015674e-01 4.097858475385575128e-01 8.213193808465892864e-01 9.718609427872910711e-01 2.934231282434554000e-01 6.018521136483789835e-01 3.363694856318685256e-01 7.718976470782941135e-01 4.722857922304964928e-01 4.391350979125583365e-01 4.346439740398522211e-01 2.288530310779531840e-01 7.360752141831103934e-01 5.391759675334344415e-01 4.020459231876538642e-01 8.859718580106950014e-01 5.193003936882453209e-01 0.000000000000000000e+00 8.856185680392676396e-01 3.992480074503074183e-01 1.416945737492035784e-01 4.834350068837876546e-01 6.132277286790714932e-01 4.541996192804896304e-01 6.011020662898205469e-01 3.278018538142043470e-01 7.106160606353492115e-01 6.070135799008655741e-01 4.382508316169064777e-01
7.752764020554141489e-01 5.144144231866405459e-01 9.315658751984416952e-01 4.318017505446258841e-01 2.522501150064490050e-01 4.431488736326696376e-01 4.068083823134265864e-01 7.094130333600470184e-01 9.087344498234546375e-01 8.343703133410532713e-01 7.472597410520714911e-01 7.178638595181532356e-01 8.798977773872274089e-02 3.270151324459048547e-01 1.642292958990084761e-01 4.898454541316543676e-01 4.205176645847604755e-01 4.365688205110487274e-01 4.211283057260304385e-01 9.225520207763722169e-01 6.973515297032073512e-01 4.326049548820805057e-01 6.941052904401177059e-01 8.856185680392676396e-01 0.000000000000000000e+00 3.335317320043330591e-01 2.768307958600317864e-01 4.857421100184634577e-01 7.646468749154249345e-01 7.150234621421087677e-01 5.770086088336188190e-01 4.589424760862109154e-01 8.868783408525111600e-01 1.994988584947278154e-01 4.229106814012715265e-01
7.004749340668985358e-01 6.542236314969330779e-01 8.753296803635328693e-01 7.444474833937534397e-01 9.249243875385766422e-01 8.227631177897595238e-01 7.182991443020625422e-02 7.447881866083090330e-01 6.401777554321733676e-01 6.369022879270485049e-01 9.243500517484022350e-01 8.263666542800369719e-01 7.085768503099352245e-01 5.946750757191752168e-01 5.779251383834480560e-01 8.327222069046799069e-01 5.012330660019300721e-01 4.044912751195189893e-01 7.130189630853456251e-01 3.719958441389357162e-01 1.373432274382444529e-01 4.854303033259271261e-01 3.386598482411361521e-01 3.992480074503074183e-01 3.335317320043330591e-01 0.000000000000000000e+00 7.108371421616608288e-01 5.873632400578658874e-01 4.618691114809456710e-01 4.559209193222512058e-01 7.175092932089346398e-01 6.430542629642020946e-01 8.234239317852800610e-01 2.791221253745014286e-01 5.792785163095276468e-01
4.498973135409702895e-01 4.833841023879856813e-01 6.128929111091678816e-01 7.972981390274294089e-01 5.682704955928137291e-01 4.847617470939386553e-01 5.932713196709032966e-01 5.193219637815118528e-01 2.899243490192783268e-01 6.230030883796275898e-01 4.816723522718959760e-01 4.826311916621864873e-01 3.937398512087035840e-01 2.966459215783888714e-01 2.021499921083284024e-01 2.452686280481347625e-01 1.576726873440844612e-01 2.754119290359129946e-01 1.652696042532731946e-01 5.255117231280485024e-01 1.436119565053179947e-01 6.573403178618655307e-01 5.753778214338542973e-01 1.416945737492035784e-01 2.768307958600317864e-01 7.108371421616608288e-01 0.000000000000000000e+00 3.310398459741260568e-01 6.320488728590175631e-01 5.217031458682598322e-01 5.656168768312230810e-01 1.667072511074956798e-01 2.879848399757357069e-01 1.290567978457956011e-01 8.664827117523805633e-01
5.241304231824372994e-01 6.806699352028824368e-01 9.560826659894892110e-01 8.094255660078821801e-01 4.013851125676986542e-01 2.919832124575094667e-02 3.560639720143742859e-01 7.389734012861592927e-01 8.194049366664291068e-01 3.605255584397759616e-01 5.212393363530494206e-01 6.783490316833340472e-01 9.498210474985464558e-01 5.027890715045473247e-01 7.578691608313937733e-01 9.379918619867173568e-01 5.632808474022243939e-02 2.606917560176913451e-01 5.768016115776338770e-01 2.814166890208072980e-01 5.336497854119330864e-01 9.577372279186799897e-01 6.588709208572424147e-01 4.834350068837876546e-01 4.857421100184634577e-01 5.873632400578658874e-01 3.310398459741260568e-01 0.000000000000000000e+00 2.106104464707700963e-01 5.667713999846429873e-01 4.547265109182797582e-01 8.103510166942449189e-01 5.878000886492602550e-01 5.919787431733004590e-01 5.831269763165853881e-01
4.075964111583587623e-01 4.220202257822008307e-01 4.838990151649372740e-01 6.414462438775393460e-01 5.032848122309483418e-01 1.931993448734838914e-01 8.020514787227277509e-01 8.918441255312137272e-02 4.780062726189892031e-01 2.653749711134602007e-01 3.008536421175311837e-01 4.837427081719147814e-01 1.770728059786883524e-01 3.472650764265264312e-01 3.924189438024463517e-01 8.365508979727052097e-01 7.454857072247629279e-01 4.772036001419850404e-01 7.508523373927515898e-01 4.854121297018378356e-01 6.804934482030053911e-01 2.198813108713102982e-01 4.969234283942405295e-01 6.132277286790714932e-01 7.646468749154249345e-01 4.618691114809456710e-01 6.320488728590175631e-01 2.106104464707700963e-01 0.000000000000000000e+00 3.858576001339200645e-01 9.184293594901944413e-01 5.613136230880991784e-01 7.874162025076680838e-01 2.237160455806153081e-02 4.697188939774886718e-01
5.104347698249211973e-01 3.446437722959592165e-01 5.829722520532654162e-01 5.068905907428478130e-01 5.802527349892985242e-01 3.166306468199312496e-01 5.454147820707592187e-01 5.727873982833402433e-01 2.684716590422702165e-01 4.685704577835137496e-01 3.206866440010215924e-01 1.690719341275908061e-01 9.075387345226260116e-01 7.495959105795886313e-01 8.845470116583286080e-01 7.841351465577799384e-01 4.243847819130640575e-01 6.939704495395873085e-01 3.881654535722856014e-01 4.178233640184031428e-01 3.736124089035886553e-01 3.474269340544979268e-01 7.132746160387477552e-01 4.541996192804896304e-01 7.150234621421087677e-01 4.559209193222512058e-01 5.217031458682598322e-01 5.667713999846429873e-01 3.858576001339200645e-01 0.000000000000000000e+00 4.461861040679100943e-01 3.643297921030121955e-01 4.591845351197083591e-01 2.841331614797483751e-01 7.971840151608811098e-01
5.602320703400912594e-01 4.910497568957498671e-01 4.960120082580872225e-01 6.034358713884100389e-01 3.341215931334663436e-01 8.311905709819724652e-01 1.980696134067202463e-01 7.868388257669536312e-01 2.972914185115225205e-01 6.319334592982055465e-01 5.798415626304382897e-01 4.032528804850523674e-01 5.796660567646211293e-01 9.367090820206978030e-01 3.174485762922424348e-01 5.504325577788201640e-01 8.911295624547312944e-01 4.877933531470685091e-01 2.392291461925170060e-01 4.662485005626351153e-01 2.432082240458024458e-01 5.990490883916115283e-01 6.249983375836447586e-01 6.011020662898205469e-01 5.770086088336188190e-01 7.175092932089346398e-01 5.656168768312230810e-01 4.547265109182797582e-01 9.184293594901944413e-01 4.461861040679100943e-01 0.000000000000000000e+00 4.244725850866164496e-01 9.175092468931115297e-01 8.040976154795203001e-01 6.890916208523605313e-01
4.012175697899144078e-01 5.486892547338169113e-01 5.625016565348113229e-01 4.902677925507129553e-01 8.677039209517891649e-01 1.898956220093763747e-01 8.349377612316808417e-01 3.665053898624331952e-01 5.267052169004134976e-01 1.188855335364241705e-01 4.291727232719186325e-01 7.121487611072062629e-01 4.144163279140985479e-01 5.909010101488521016e-01 5.148485821336938884e-01 1.995752950867752396e-01 6.118804295720985387e-01 7.101365528186120990e-01 2.639397128691310934e-01 6.280770506812571874e-01 1.668007789385310691e-01 6.612169603736777201e-01 2.230556318825159257e-01 3.278018538142043470e-01 4.589424760862109154e-01 6.430542629642020946e-01 1.667072511074956798e-01 8.103510166942449189e-01 5.613136230880991784e-01 3.643297921030121955e-01 4.244725850866164496e-01 0.000000000000000000e+00 3.772523243256946102e-01 9.030783621506321968e-02 8.051648385936034380e-01
5.224842391827277943e-02 4.681373597650518303e-01 3.467514194517704595e-01 6.797690032840493224e-01 5.188934164015568395e-01 1.245205647377120028e-01 7.013500167648883954e-01 3.643482048107000715e-01 2.658628872688798550e-01 7.785340534086452324e-01 3.734469241851041676e-01 3.665814557044545507e-01 6.938361323360904276e-01 5.646794469416100970e-01 7.052104995302885815e-01 4.595815251191837092e-01 3.848678273107806191e-01 1.351974374013952263e-01 5.679696059541603503e-01 4.281962872392495179e-01 5.051114156786925546e-01 3.251306376115707941e-01 4.793177173532953139e-01 7.106160606353492115e-01 8.868783408525111600e-01 8.234239317852800610e-01 2.879848399757357069e-01 5.878000886492602550e-01 7.874162025076680838e-01 4.591845351197083591e-01 9.175092468931115297e-01 3.772523243256946102e-01 0.000000000000000000e+00 2.958778667762507752e-01 4.311785189352552727e-01
6.153420760883862028e-01 4.329609972488642766e-01 4.243927330050988322e-01 6.648552153537277132e-01 3.782243967683789343e-01 4.362184407179531265e-01 5.524309538603724423e-01 2.780129984382112562e-01 8.024387758288600292e-01 5.168464370786937101e-01 7.616226865637111265e-01 2.872391528625006796e-01 1.241380743113675855e-01 7.452395937771604251e-01 4.914773353594260596e-01 7.006657435071734774e-01 9.527256706658961960e-01 6.512929781086143066e-01 8.683727906554478126e-01 4.916842997123104242e-01 9.057143834444840724e-01 4.529600341579048117e-01 5.454303546719803109e-01 6.070135799008655741e-01 1.994988584947278154e-01 2.791221253745014286e-01 1.290567978457956011e-01 5.919787431733004590e-01 2.237160455806153081e-02 2.841331614797483751e-01 8.040976154795203001e-01 9.030783621506321968e-02 2.958778667762507752e-01 0.000000000000000000e+00 5.211676678463883494e-01
6.877531033961239437e-01 9.184562310916177807e-02 6.134733092513422470e-01 4.946587506542473589e-01 1.277266758793593748e-01 1.926008267327311563e-01 4.048253530418330359e-01 2.636627075769371609e-01 5.059675364651941010e-01 3.813346806042002268e-01 8.251607190357437283e-01 4.182331649014169317e-01 3.630596724095752070e-01 6.686479372444451563e-01 1.710601092032068005e-01 3.888861439884899185e-01 6.458180984551187276e-01 8.201472053796610151e-01 8.796782908182330107e-01 5.183602909242539525e-01 8.231442481354301899e-01 6.161153710313036491e-01 8.785073293492334789e-01 4.382508316169064777e-01 4.229106814012715265e-01 5.792785163095276468e-01 8.664827117523805633e-01 5.831269763165853881e-01 4.697188939774886718e-01 7.971840151608811098e-01 6.890916208523605313e-01 8.051648385936034380e-01 4.311785189352552727e-01 5.211676678463883494e-01 0.000000000000000000e+00
