0.000000000000000000e+00 3.419347618991184223e-01 7.217327140801255148e-01 3.526973723114862347e-01 5.916388016294719110e-01 8.449110515451964121e-01 4.007470215716879558e-01 5.751816690711790692e-01 3.030198912396913080e-01 6.890202256084276833e-01 8.164924171378542539e-01 3.456546111338524296e-01 5.112084885385228539e-01 2.634410591566649362e-01 2.658261137167826638e-01 4.853168094476864036e-01 1.855434021115909271e-01 5.708150939742722141e-01 3.644853397102913450e-01 2.337497204028515796e-01 9.328209495035105769e-01 1.451870602740137350e-01 4.388473828873329374e-02 7.055551223895100144e-01 4.914997448132965019e-01 8.058623985634162379e-01 7.520644438805745846e-01 5.410651548078485584e-01 5.112640994100040581e-01 4.898945800604329603e-01 4.872893050650977109e-01 7.186054973446935890e-01 2.178775536146655423e-01 4.462097520173139431e-01 2.642268927576498228e-01
3.419347618991184223e-01 0.000000000000000000e+00 5.447250759364945516e-01 6.044086557345534905e-01 5.436064468642081149e-01 8.203254452879980008e-01 1.954622217267275586e-01 4.648363871748565357e-01 4.176681755088220704e-01 6.267811963056065805e-01 8.200812846471010609e-01 8.373877538678913268e-01 4.415647717542439121e-01 9.040864845349764201e-01 5.645538048926173058e-01 2.654900118273842979e-01 7.874290780312462878e-01 4.612996984652278365e-01 9.717201441821810004e-02 4.891492246163774982e-01 4.010865035428725633e-01 8.482045680106702346e-01 4.262570366304017644e-01 4.113466954725082947e-01 4.757905019255907475e-01 9.057719211418039373e-01 4.934527322225369383e-01 3.159591060707789278e-01 3.284531844831477532e-01 4.438654310356472954e-01 5.144891819684183076e-02 5.385975099087483287e-01 4.915373461100144281e-01 4.514748067425163325e-01 8.541360777989993602e-01
7.217327140801255148e-01 5.447250759364945516e-01 0.000000000000000000e+00 6.255211512334399870e-01 4.370368750491208099e-01 5.892780716083542147e-01 9.069210920797714515e-01 3.423763927161506126e-01 3.961223548791218962e-01 5.846084774989123156e-01 6.813679943139202555e-01 7.422441093082086105e-01 8.366622997518224913e-02 7.826651073379485846e-01 4.712543021735318693e-01 3.810710251741746823e-01 9.525410866692820555e-01 4.889945008335624954e-01 4.888899693735139218e-01 7.146914396166836880e-01 5.071350950801356561e-01 3.334709200760300751e-01 8.392938611729965359e-01 3.501528322059129783e-01 5.311764487883093855e-01 4.138871243955181134e-01 7.332270188927563215e-01 7.715100144001287852e-01 3.596804748077766511e-01 4.821644264861612572e-01 3.272547450853115492e-01 2.568826390156756512e-01 4.710716609858111581e-01 8.013459647111553785e-01 1.709758091643885924e-01
3.526973723114862347e-01 6.044086557345534905e-01 6.255211512334399870e-01 0.000000000000000000e+00 7.985450702599772299e-01 3.960296670384473305e-01 5.904281183940176536e-01 4.154347065638361869e-01 1.164106917023148835e-01 6.321385259069314255e-01 6.118186458027907726e-01 3.447974403635337137e-01 7.257148002600768422e-01 4.259856183940054497e-01 5.454685132865801922e-01 2.413205936671959928e-01 6.181827899446948882e-01 1.891716424450924361e-01 4.257304965963989996e-01 2.871909328267602257e-01 4.004021491144239553e-01 5.772687781738995438e-01 7.191719953426076728e-01 5.560265503568715406e-01 8.781134794122604781e-01 1.897969034863764559e-01 3.437987267847565365e-01 5.827610753866463433e-01 6.712704371379103474e-01 3.266262327503437479e-01 4.987200524310941296e-01 4.495039895189905099e-01 6.120895291774115510e-01 7.672080000946901457e-01 5.814100339223765568e-01
5.916388016294719110e-01 5.436064468642081149e-01 4.370368750491208099e-01 7.985450702599772299e-01 0.000000000000000000e+00 4.229143750705923743e-01 1.222015800229168114e-01 7.349444737257782023e-01 7.201292786753312747e-01 7.587104606892113301e-01 1.093395529588979675e-01 1.952526791113102789e-01 4.313972733933818526e-01 4.007426091805429413e-01 3.158458261952301616e-02 5.169166700159699701e-01 1.865786220095194681e-01 1.045618149867528768e-01 5.029425753826763934e-01 1.528754034418888796e-02 7.035687229833995637e-01 1.690739889944676833e-01 5.233022510038835007e-01 7.416586677257577254e-01 5.207762279067738032e-01 8.020265188910431498e-01 4.816765512648567560e-01 4.219871607435954353e-01 5.605780108452280697e-01 4.874889218246307165e-01 8.608246496699576422e-01 3.115094771532767037e-01 7.946399530854080240e-01 5.725286343153793700e-01 2.864497133196725054e-01
8.449110515451964121e-01 8.203254452879980008e-01 5.892780716083542147e-01 3.960296670384473305e-01 4.229143750705923743e-01 0.000000000000000000e+00 4.264592067967411526e-01 5.064701012707897299e-01 5.578176130618057726e-01 3.826649383147011640e-01 5.415898625416377676e-01 1.949504413912378498e-01 8.841001747770714791e-01 7.401652968451783998e-01 9.418326837160667653e-01 4.385925146029558963e-01 5.777911992848261402e-01 3.311926808506338027e-02 6.903018204590203322e-01 2.916330501909196737e-01 7.009637856596058203e-01 5.429461277733436120e-01 3.632213866382045797e-01 7.406829519575450771e-01 6.019249311415932890e-01 3.843350929424073081e-01 2.864141741426553534e-01 3.713575839241562981e-01 5.118108992913087407e-01 7.799897863520206531e-01 7.513023064872280665e-01 1.766472696641636642e-01 4.566234506681144389e-01 6.293083643265378058e-01 4.853591856140559990e-01
4.007470215716879558e-01 1.954622217267275586e-01 9.069210920797714515e-01 5.904281183940176536e-01 1.222015800229168114e-01 4.264592067967411526e-01 0.000000000000000000e+00 3.973227774741660001e-01 5.633117283225290706e-01 7.044397919544592712e-01 8.404111731895935744e-01 5.285868001389338877e-01 6.032332041930574817e-01 1.626999118715320991e-01 7.543729126255134254e-01 1.461984753153625638e-01 6.959767599016051243e-01 5.281019450573171126e-01 6.092489222381354264e-01 4.287059194499207582e-01 6.088342071232371033e-01 7.293997220248154001e-01 7.446877003620551161e-01 3.169266427688345322e-01 1.446514218245507077e-01 8.365463832355330975e-01 8.454974777405770414e-01 6.548119685479545371e-01 9.608425160388267550e-02 3.104060758100079531e-01 3.817177865828514927e-01 5.033647834735268667e-01 2.367302256461436549e-01 7.335102258090741012e-01 2.937738088607900755e-01
5.751816690711790692e-01 4.648363871748565357e-01 3.423763927161506126e-01 4.154347065638361869e-01 7.349444737257782023e-01 5.064701012707897299e-01 3.973227774741660001e-01 0.000000000000000000e+00 6.310477028867698124e-01 3.448630093116179518e-01 3.764302472862073867e-01 7.840334827649971805e-01 5.448132591855874285e-01 9.120463071664995924e-01 4.709850260946689682e-01 3.359992001413414364e-01 7.750537574626983339e-01 7.277013933058043005e-01 4.023870649551530843e-01 3.789808973816033433e-01 6.309250717313146239e-01 9.025000613602585098e-01 6.382912177140946941e-01 6.860054847973955372e-01 7.993662784956510059e-01 6.643221601715940672e-01 5.955505982047522018e-01 8.236793072232657664e-01 5.988397566839944730e-01 8.431266598737643392e-01 1.651348103730767569e-01 5.080271584362594517e-01 3.534616376079717237e-01 2.162770771281782300e-01 5.664101370124121626e-01
3.030198912396913080e-01 4.176681755088220704e-01 3.961223548791218962e-01 1.164106917023148835e-01 7.201292786753312747e-01 5.578176130618057726e-01 5.633117283225290706e-01 6.310477028867698124e-01 0.000000000000000000e+00 6.429080500836230616e-01 7.874836409599428322e-01 5.077830581778475239e-01 6.907758384130233686e-01 5.138618797402594307e-01 4.130252368723841827e-01 7.386140520390001019e-01 4.512429033720855021e-01 8.740951189406933608e-01 3.556960272172772219e-01 1.322309758522476342e-01 7.756420631232624485e-01 2.068701123226961425e-01 8.946505379746541031e-01 1.112621265895340494e-01 7.717648427872625394e-01 8.696503109072630799e-01 4.622525571756468943e-01 3.937344789593455463e-01 2.141047824055856141e-01 5.323737567045656593e-01 8.431224275015638536e-01 5.895936657050342422e-01 5.075041510908284703e-01 4.184431431298901716e-01 1.614786328198828391e-01
6.890202256084276833e-01 6.267811963056065805e-01 5.846084774989123156e-01 6.321385259069314255e-01 7.587104606892113301e-01 3.826649383147011640e-01 7.044397919544592712e-01 3.448630093116179518e-01 6.429080500836230616e-01 0.000000000000000000e+00 8.049516243332512921e-01 4.591185827747521486e-01 2.935181427972836099e-01 4.489856259491558088e-01 5.361892319060769241e-01 2.635753681268563353e-01 4.828080724240558230e-01 5.039986283902109232e-01 3.019678790793234313e-01 7.110040579212242307e-01 2.769161503462114204e-02 8.941291331335035064e-01 1.328940365089212872e-01 3.646385307495776384e-01 4.891315608850917429e-01 6.125606736800213170e-01 4.449310619230371078e-01 4.533285731370850780e-01 1.398062810384550492e-01 8.261114917190834905e-01 9.437136094028397704e-02 4.995799793080197282e-01 2.501498808767111948e-01 6.261546765535280779e-01 2.225884487523945854e-01
8.164924171378542539e-01 8.200812846471010609e-01 6.813679943139202555e-01 6.118186458027907726e-01 1.093395529588979675e-01 5.415898625416377676e-01 8.404111731895935744e-01 3.764302472862073867e-01 7.874836409599428322e-01 8.049516243332512921e-01 0.000000000000000000e+00 4.279822407443199528e-01 5.644144126739398803e-01 6.669425222089715444e-01 6.136322120726839247e-01 4.706348047596168316e-01 6.870648713152025522e-01 3.627669496269837479e-01 4.491774534727923651e-01 5.750712070576067259e-01 3.640047838232253197e-01 5.976265645912599567e-01 4.923982609547762346e-01 2.090568732685449405e-01 7.243723152414524025e-01 1.808831823909262670e-01 3.680879217234219181e-01 7.473916872012154045e-01 6.943865911453489526e-01 6.448046693985598488e-01 4.669415770810053101e-01 3.124852361325264338e-01 7.961736115087232335e-01 1.598992864296327476e-01 4.129636789558889243e-01
3.456546111338524296e-01 8.373877538678913268e-01 7.422441093082086105e-01 3.447974403635337137e-01 1.952526791113102789e-01 1.949504413912378498e-01 5.285868001389338877e-01 7.840334827649971805e-01 5.077830581778475239e-01 4.591185827747521486e-01 4.279822407443199528e-01 0.000000000000000000e+00 6.843523630212773323e-01 1.776751257524645800e-01 2.738391847101554477e-01 2.943945523875481363e-01 3.999344317408071725e-01 7.714701571853042061e-01 6.637145077679360572e-01 7.878581411954922453e-01 3.022904686416163500e-01 7.047158363908141432e-01 8.034306653710426849e-01 5.015080806980285466e-01 3.995166309600598487e-01 6.022532324430909245e-01 3.374913085754692732e-01 7.183473990449806834e-01 2.918990731142226958e-01 1.803205355096509921e-01 2.368505521401861880e-01 5.506912218436307294e-01 6.789922619192112485e-01 8.383378511301807778e-01 6.960573135521062049e-01
5.112084885385228539e-01 4.415647717542439121e-01 8.366622997518224913e-02 7.257148002600768422e-01 4.313972733933818526e-01 8.841001747770714791e-01 6.032332041930574817e-01 5.448132591855874285e-01 6.907758384130233686e-01 2.935181427972836099e-01 5.644144126739398803e-01 6.843523630212773323e-01 0.000000000000000000e+00 6.260185882780985311e-01 9.464533355527027236e-02 2.721831267787703235e-01 7.888508160286853421e-01 7.136401951323328996e-01 7.443020194814737867e-01 7.853589335993595988e-01 5.858035698399423064e-01 5.972778801771461143e-02 3.634900790851016694e-01 6.968377651941083384e-01 3.946773668063052742e-01 2.852183356739034226e-01 3.999971581244846086e-01 8.441483745691527041e-01 5.636210654001641007e-01 4.546677153030110330e-01 6.340101491923701982e-01 9.342694446280072063e-01 6.754602871988801827e-01 4.079858913197342285e-01 1.817193479562664304e-01
2.634410591566649362e-01 9.040864845349764201e-01 7.826651073379485846e-01 4.259856183940054497e-01 4.007426091805429413e-01 7.401652968451783998e-01 1.626999118715320991e-01 9.120463071664995924e-01 5.138618797402594307e-01 4.489856259491558088e-01 6.669425222089715444e-01 1.776751257524645800e-01 6.260185882780985311e-01 0.000000000000000000e+00 5.049098735307866459e-01 5.617657220985501354e-01 7.109158920853697605e-01 5.377753136735032857e-01 1.582439541040916442e-01 4.494972425380530101e-01 4.214863035906314392e-01 5.678522502288628759e-01 6.033269629421776914e-01 1.014492264625760365e-01 8.438562169400678492e-01 2.733984592999414431e-01 5.343484629441779266e-01 4.727471355559019761e-01 1.663510391294842350e-02 7.121345581198470498e-01 4.092096623231553654e-01 7.119398768940776723e-01 5.263387338611614785e-01 5.732102210502632023e-01 3.263982659869966718e-01
2.658261137167826638e-01 5.645538048926173058e-01 4.712543021735318693e-01 5.454685132865801922e-01 3.158458261952301616e-02 9.418326837160667653e-01 7.543729126255134254e-01 4.709850260946689682e-01 4.130252368723841827e-01 5.361892319060769241e-01 6.136322120726839247e-01 2.738391847101554477e-01 9.464533355527027236e-02 5.049098735307866459e-01 0.000000000000000000e+00 7.400316748541525547e-01 5.917488740017018412e-01 1.405003021855699696e-01 2.404397017205290865e-01 5.723928586903663795e-01 6.840819299603074777e-01 7.263831440535599704e-01 4.067959138950224540e-01 8.406706738412124125e-01 5.077055859450150255e-01 4.600530641038839685e-01 1.771727968182904567e-01 2.491542048421578892e-01 6.255173812005582201e-01 9.874649714950278767e-02 3.355062236730650405e-01 5.922357396483350911e-01 7.098232569602929143e-01 6.532003879766599130e-01 2.479497078267635657e-01
4.853168094476864036e-01 2.654900118273842979e-01 3.810710251741746823e-01 2.413205936671959928e-01 5.169166700159699701e-01 4.385925146029558963e-01 1.461984753153625638e-01 3.359992001413414364e-01 7.386140520390001019e-01 2.635753681268563353e-01 4.706348047596168316e-01 2.943945523875481363e-01 2.721831267787703235e-01 5.617657220985501354e-01 7.400316748541525547e-01 0.000000000000000000e+00 7.523289006220754693e-01 7.731072452607261614e-01 2.015715796504730095e-01 4.992980220059475838e-01 5.654711512286587638e-01 5.888336647084074782e-01 7.357293421451360782e-02 4.278912003613934423e-01 6.257670747832582148e-01 5.778296486092940887e-01 2.882059170307234020e-01 6.525184084013040398e-01 6.161895774731102060e-01 7.182256748429936000e-01 7.230360597009608536e-01 1.479514893956187516e-01 4.292501143390482499e-01 7.983828803354302561e-01 4.559296769591071885e-01
1.855434021115909271e-01 7.874290780312462878e-01 9.525410866692820555e-01 6.181827899446948882e-01 1.865786220095194681e-01 5.777911992848261402e-01 6.959767599016051243e-01 7.750537574626983339e-01 4.512429033720855021e-01 4.828080724240558230e-01 6.870648713152025522e-01 3.999344317408071725e-01 7.888508160286853421e-01 7.109158920853697605e-01 5.917488740017018412e-01 7.523289006220754693e-01 0.000000000000000000e+00 8.346168611822628591e-01 3.437998058568271231e-01 9.092254770532659514e-01 8.871319328482096811e-02 9.040322161036755677e-01 4.232418418851682240e-01 2.886693601215908345e-01 4.280146650062549574e-01 3.245414825800126968e-01 6.073715797074599188e-01 6.253038325193872593e-01 6.559509568585333295e-01 4.064626043881132134e-01 3.208141803087382060e-01 2.924431553704792686e-01 6.103470641102166638e-01 5.854483478038210453e-01 4.641732073127082803e-01
5.708150939742722141e-01 4.612996984652278365e-01 4.889945008335624954e-01 1.891716424450924361e-01 1.045618149867528768e-01 3.311926808506338027e-02 5.281019450573171126e-01 7.277013933058043005e-01 8.740951189406933608e-01 5.039986283902109232e-01 3.627669496269837479e-01 7.714701571853042061e-01 7.136401951323328996e-01 5.377753136735032857e-01 1.405003021855699696e-01 7.731072452607261614e-01 8.346168611822628591e-01 0.000000000000000000e+00 9.560239398600065552e-01 3.083795974711844856e-01 2.944094855375306019e-01 6.777491223926558339e-01 5.559387652951229830e-01 1.287389886229838298e-01 4.015658416343916848e-01 6.497573073446396563e-01 2.670751852247433833e-01 9.127357771068090875e-01 4.860257782219979950e-01 7.921857049283835828e-01 5.550813057509842441e-01 4.386191964922694919e-01 7.629748003937484313e-01 5.798900391204513394e-01 8.740377318458750766e-01
3.644853397102913450e-01 9.717201441821810004e-02 4.888899693735139218e-01 4.257304965963989996e-01 5.029425753826763934e-01 6.903018204590203322e-01 6.092489222381354264e-01 4.023870649551530843e-01 3.556960272172772219e-01 3.019678790793234313e-01 4.491774534727923651e-01 6.637145077679360572e-01 7.443020194814737867e-01 1.582439541040916442e-01 2.404397017205290865e-01 2.015715796504730095e-01 3.437998058568271231e-01 9.560239398600065552e-01 0.000000000000000000e+00 6.606514509299882265e-01 1.508101497484183318e-01 7.528905283008522353e-01 6.405139885349375728e-01 5.086290120288157190e-01 1.762654985646199268e-01 4.303668001228442286e-01 8.738169575832022140e-01 2.830944001673678656e-01 7.394504121883664904e-01 6.198541068903782314e-01 6.196426500854399499e-01 3.890152813254155184e-01 2.936379108991536424e-01 9.320962125325491510e-01 1.362409110561437764e-01
2.337497204028515796e-01 4.891492246163774982e-01 7.146914396166836880e-01 2.871909328267602257e-01 1.528754034418888796e-02 2.916330501909196737e-01 4.287059194499207582e-01 3.789808973816033433e-01 1.322309758522476342e-01 7.110040579212242307e-01 5.750712070576067259e-01 7.878581411954922453e-01 7.853589335993595988e-01 4.494972425380530101e-01 5.723928586903663795e-01 4.992980220059475838e-01 9.092254770532659514e-01 3.083795974711844856e-01 6.606514509299882265e-01 0.000000000000000000e+00 7.399014628254969583e-01 1.501793138264229110e-01 7.987519121274637701e-01 1.725226273764393081e-01 3.716281902527803771e-01 3.362573013421802370e-01 3.636694754588621903e-01 4.891546759263669664e-01 3.800268006043813207e-01 5.275517126370814491e-01 5.216632538258274554e-01 5.111142267195949440e-01 8.125300609819946507e-01 4.748184319696082678e-01 4.832100106650635274e-01
9.328209495035105769e-01 4.010865035428725633e-01 5.071350950801356561e-01 4.004021491144239553e-01 7.035687229833995637e-01 7.009637856596058203e-01 6.088342071232371033e-01 6.309250717313146239e-01 7.756420631232624485e-01 2.769161503462114204e-02 3.640047838232253197e-01 3.022904686416163500e-01 5.858035698399423064e-01 4.214863035906314392e-01 6.840819299603074777e-01 5.654711512286587638e-01 8.871319328482096811e-02 2.944094855375306019e-01 1.508101497484183318e-01 7.399014628254969583e-01 0.000000000000000000e+00 1.195885971595006536e-01 1.473445175726633138e-01 7.784534502780778853e-01 8.521558794405867943e-01 5.648315201550819786e-01 8.329290929044070868e-01 5.019565213984327201e-01 4.710750394397629215e-01 5.156970614617166770e-01 5.622780533941078573e-01 4.308352983231003019e-01 6.871220394597359338e-01 6.796104167459313672e-01 5.766972227558613273e-01
1.451870602740137350e-01 8.482045680106702346e-01 3.334709200760300751e-01 5.772687781738995438e-01 1.690739889944676833e-01 5.429461277733436120e-01 7.293997220248154001e-01 9.025000613602585098e-01 2.068701123226961425e-01 8.941291331335035064e-01 5.976265645912599567e-01 7.047158363908141432e-01 5.972778801771461143e-02 5.678522502288628759e-01 7.263831440535599704e-01 5.888336647084074782e-01 9.040322161036755677e-01 6.777491223926558339e-01 7.528905283008522353e-01 1.501793138264229110e-01 1.195885971595006536e-01 0.000000000000000000e+00 2.344915022558545781e-01 5.624857015520970949e-01 4.285621637688808994e-01 3.487852832384567558e-01 2.065174505154794282e-01 7.912084314224461234e-01 5.334079066860348828e-01 3.822793552582358645e-01 9.521269883398145728e-01 1.359010695249815992e-01 8.796464531488826788e-01 3.647842572779074199e-01 5.238055039330151708e-01
4.388473828873329374e-02 4.262570366304017644e-01 8.392938611729965359e-01 7.191719953426076728e-01 5.233022510038835007e-01 3.632213866382045797e-01 7.446877003620551161e-01 6.382912177140946941e-01 8.946505379746541031e-01 1.328940365089212872e-01 4.923982609547762346e-01 8.034306653710426849e-01 3.634900790851016694e-01 6.033269629421776914e-01 4.067959138950224540e-01 7.357293421451360782e-02 4.232418418851682240e-01 5.559387652951229830e-01 6.405139885349375728e-01 7.987519121274637701e-01 1.473445175726633138e-01 2.344915022558545781e-01 0.000000000000000000e+00 1.311403397709514085e-01 4.230398326188171687e-01 2.447010042472792524e-01 2.089911295411137626e-01 2.192002690993454239e-01 8.637413348255266188e-01 4.962447283150905886e-02 5.043013921149859247e-01 3.332863510370853710e-01 1.040823828982310184e-01 7.740692489116889341e-01 3.996109201351334406e-01
7.055551223895100144e-01 4.113466954725082947e-01 3.501528322059129783e-01 5.560265503568715406e-01 7.416586677257577254e-01 7.406829519575450771e-01 3.169266427688345322e-01 6.860054847973955372e-01 1.112621265895340494e-01 3.646385307495776384e-01 2.090568732685449405e-01 5.015080806980285466e-01 6.968377651941083384e-01 1.014492264625760365e-01 8.406706738412124125e-01 4.278912003613934423e-01 2.886693601215908345e-01 1.287389886229838298e-01 5.086290120288157190e-01 1.725226273764393081e-01 7.784534502780778853e-01 5.624857015520970949e-01 1.311403397709514085e-01 0.000000000000000000e+00 6.314734552617311536e-01 8.857176378682483087e-01 6.928531627409864058e-01 5.194763013461325407e-01 4.264050316684526165e-01 5.131653690087014663e-01 5.347590274973392788e-01 4.951338889028353840e-01 3.929644579235572199e-01 2.168960325398621158e-01 4.732241499982265398e-01
4.914997448132965019e-01 4.757905019255907475e-01 5.311764487883093855e-01 8.781134794122604781e-01 5.207762279067738032e-01 6.019249311415932890e-01 1.446514218245507077e-01 7.993662784956510059e-01 7.717648427872625394e-01 4.891315608850917429e-01 7.243723152414524025e-01 3.995166309600598487e-01 3.946773668063052742e-01 8.438562169400678492e-01 5.077055859450150255e-01 6.257670747832582148e-01 4.280146650062549574e-01 4.015658416343916848e-01 1.762654985646199268e-01 3.716281902527803771e-01 8.521558794405867943e-01 4.285621637688808994e-01 4.230398326188171687e-01 6.314734552617311536e-01 0.000000000000000000e+00 7.837596058543687683e-01 3.504291585952422627e-01 9.360525441469872421e-01 4.181187528558462096e-01 3.960282750912898497e-01 1.743107886112256200e-01 8.480126321457088778e-01 7.417285444333545641e-01 4.408286038716939803e-01 8.712779430397485925e-01
8.058623985634162379e-01 9.057719211418039373e-01 4.138871243955181134e-01 1.897969034863764559e-01 8.020265188910431498e-01 3.843350929424073081e-01 8.365463832355330975e-01 6.643221601715940672e-01 8.696503109072630799e-01 6.125606736800213170e-01 1.808831823909262670e-01 6.022532324430909245e-01 2.852183356739034226e-01 2.733984592999414431e-01 4.600530641038839685e-01 5.778296486092940887e-01 3.245414825800126968e-01 6.497573073446396563e-01 4.303668001228442286e-01 3.362573013421802370e-01 5.648315201550819786e-01 3.487852832384567558e-01 2.447010042472792524e-01 8.857176378682483087e-01 7.837596058543687683e-01 0.000000000000000000e+00 7.530999087096936773e-01 1.756859509361020644e-01 6.049159340801422147e-01 4.975300801249640248e-01 4.962186321042750259e-01 1.724935473106505857e-01 4.799243795503758681e-01 4.998171960044608952e-01 5.935288696604525960e-01
7.520644438805745846e-01 4.934527322225369383e-01 7.332270188927563215e-01 3.437987267847565365e-01 4.816765512648567560e-01 2.864141741426553534e-01 8.454974777405770414e-01 5.955505982047522018e-01 4.622525571756468943e-01 4.449310619230371078e-01 3.680879217234219181e-01 3.374913085754692732e-01 3.999971581244846086e-01 5.343484629441779266e-01 1.771727968182904567e-01 2.882059170307234020e-01 6.073715797074599188e-01 2.670751852247433833e-01 8.738169575832022140e-01 3.636694754588621903e-01 8.329290929044070868e-01 2.065174505154794282e-01 2.089911295411137626e-01 6.928531627409864058e-01 3.504291585952422627e-01 7.530999087096936773e-01 0.000000000000000000e+00 6.384135966614181701e-01 5.785439051976835056e-01 2.850839005330634279e-01 4.342765046277692331e-01 1.950541500394767924e-01 4.812155307176404495e-01 6.194256326220078934e-01 8.141030478905564305e-01
5.410651548078485584e-01 3.159591060707789278e-01 7.715100144001287852e-01 5.827610753866463433e-01 4.219871607435954353e-01 3.713575839241562981e-01 6.548119685479545371e-01 8.236793072232657664e-01 3.937344789593455463e-01 4.533285731370850780e-01 7.473916872012154045e-01 7.183473990449806834e-01 8.441483745691527041e-01 4.727471355559019761e-01 2.491542048421578892e-01 6.525184084013040398e-01 6.253038325193872593e-01 9.127357771068090875e-01 2.830944001673678656e-01 4.891546759263669664e-01 5.019565213984327201e-01 7.912084314224461234e-01 2.192002690993454239e-01 5.194763013461325407e-01 9.360525441469872421e-01 1.756859509361020644e-01 6.384135966614181701e-01 0.000000000000000000e+00 3.346773348376749224e-01 1.153463796389945228e-01 6.051797072926262677e-01 6.155774875521092815e-01 3.520541517413353638e-01 2.574568088235217322e-01 9.118217124829491871e-01
5.112640994100040581e-01 3.284531844831477532e-01 3.596804748077766511e-01 6.712704371379103474e-01 5.605780108452280697e-01 5.118108992913087407e-01 9.608425160388267550e-02 5.988397566839944730e-01 2.141047824055856141e-01 1.398062810384550492e-01 6.943865911453489526e-01 2.918990731142226958e-01 5.636210654001641007e-01 1.663510391294842350e-02 6.255173812005582201e-01 6.161895774731102060e-01 6.559509568585333295e-01 4.860257782219979950e-01 7.394504121883664904e-01 3.800268006043813207e-01 4.710750394397629215e-01 5.334079066860348828e-01 8.637413348255266188e-01 4.264050316684526165e-01 4.181187528558462096e-01 6.049159340801422147e-01 5.785439051976835056e-01 3.346773348376749224e-01 0.000000000000000000e+00 4.896431137336230144e-01 6.787094947646685750e-01 5.223063567173145127e-01 6.373658333502563167e-01 5.319970484266858257e-01 4.097763521732933345e-01
4.898945800604329603e-01 4.438654310356472954e-01 4.821644264861612572e-01 3.266262327503437479e-01 4.874889218246307165e-01 7.799897863520206531e-01 3.104060758100079531e-01 8.431266598737643392e-01 5.323737567045656593e-01 8.261114917190834905e-01 6.448046693985598488e-01 1.803205355096509921e-01 4.546677153030110330e-01 7.121345581198470498e-01 9.874649714950278767e-02 7.182256748429936000e-01 4.064626043881132134e-01 7.921857049283835828e-01 6.198541068903782314e-01 5.275517126370814491e-01 5.156970614617166770e-01 3.822793552582358645e-01 4.962447283150905886e-02 5.131653690087014663e-01 3.960282750912898497e-01 4.975300801249640248e-01 2.850839005330634279e-01 1.153463796389945228e-01 4.896431137336230144e-01 0.000000000000000000e+00 5.840440881647421811e-01 6.942338375580474619e-01 7.148062502789376271e-01 6.967332254563662897e-01 2.920626714446669658e-01
4.872893050650977109e-01 5.144891819684183076e-02 3.272547450853115492e-01 4.987200524310941296e-01 8.608246496699576422e-01 7.513023064872280665e-01 3.817177865828514927e-01 1.651348103730767569e-01 8.431224275015638536e-01 9.437136094028397704e-02 4.669415770810053101e-01 2.368505521401861880e-01 6.340101491923701982e-01 4.092096623231553654e-01 3.355062236730650405e-01 7.230360597009608536e-01 3.208141803087382060e-01 5.550813057509842441e-01 6.196426500854399499e-01 5.216632538258274554e-01 5.622780533941078573e-01 9.521269883398145728e-01 5.043013921149859247e-01 5.347590274973392788e-01 1.743107886112256200e-01 4.962186321042750259e-01 4.342765046277692331e-01 6.051797072926262677e-01 6.787094947646685750e-01 5.840440881647421811e-01 0.000000000000000000e+00 7.815477449179006886e-01 1.062225588197199810e-01 6.152274311328704837e-01 6.903475651000425817e-01
7.186054973446935890e-01 5.385975099087483287e-01 2.568826390156756512e-01 4.495039895189905099e-01 3.115094771532767037e-01 1.766472696641636642e-01 5.033647834735268667e-01 5.080271584362594517e-01 5.895936657050342422e-01 4.995799793080197282e-01 3.124852361325264338e-01 5.506912218436307294e-01 9.342694446280072063e-01 7.119398768940776723e-01 5.922357396483350911e-01 1.479514893956187516e-01 2.924431553704792686e-01 4.386191964922694919e-01 3.890152813254155184e-01 5.111142267195949440e-01 4.308352983231003019e-01 1.359010695249815992e-01 3.332863510370853710e-01 4.951338889028353840e-01 8.480126321457088778e-01 1.724935473106505857e-01 1.950541500394767924e-01 6.155774875521092815e-01 5.223063567173145127e-01 6.942338375580474619e-01 7.815477449179006886e-01 0.000000000000000000e+00 5.001925799151583085e-01 4.694596908491748266e-01 5.199028897368278557e-01
2.178775536146655423e-01 4.915373461100144281e-01 4.710716609858111581e-01 6.120895291774115510e-01 7.946399530854080240e-01 4.566234506681144389e-01 2.367302256461436549e-01 3.534616376079717237e-01 5.075041510908284703e-01 2.501498808767111948e-01 7.961736115087232335e-01 6.789922619192112485e-01 6.754602871988801827e-01 5.263387338611614785e-01 7.098232569602929143e-01 4.292501143390482499e-01 6.103470641102166638e-01 7.629748003937484313e-01 2.936379108991536424e-01 8.125300609819946507e-01 6.871220394597359338e-01 8.796464531488826788e-01 1.040823828982310184e-01 3.929644579235572199e-01 7.417285444333545641e-01 4.799243795503758681e-01 4.812155307176404495e-01 3.520541517413353638e-01 6.373658333502563167e-01 7.148062502789376271e-01 1.062225588197199810e-01 5.001925799151583085e-01 0.000000000000000000e+00 7.284194218350403816e-01 9.071362656675802105e-01
4.462097520173139431e-01 4.514748067425163325e-01 8.013459647111553785e-01 7.672080000946901457e-01 5.725286343153793700e-01 6.293083643265378058e-01 7.335102258090741012e-01 2.162770771281782300e-01 4.184431431298901716e-01 6.261546765535280779e-01 1.598992864296327476e-01 8.383378511301807778e-01 4.079858913197342285e-01 5.732102210502632023e-01 6.532003879766599130e-01 7.983828803354302561e-01 5.854483478038210453e-01 5.798900391204513394e-01 9.320962125325491510e-01 4.748184319696082678e-01 6.796104167459313672e-01 3.647842572779074199e-01 7.740692489116889341e-01 2.168960325398621158e-01 4.408286038716939803e-01 4.998171960044608952e-01 6.194256326220078934e-01 2.574568088235217322e-01 5.319970484266858257e-01 6.967332254563662897e-01 6.152274311328704837e-01 4.694596908491748266e-01 7.284194218350403816e-01 0.000000000000000000e+00 3.073327159806688025e-01
2.642268927576498228e-01 8.541360777989993602e-01 1.709758091643885924e-01 5.814100339223765568e-01 2.864497133196725054e-01 4.853591856140559990e-01 2.937738088607900755e-01 5.664101370124121626e-01 1.614786328198828391e-01 2.225884487523945854e-01 4.129636789558889243e-01 6.960573135521062049e-01 1.817193479562664304e-01 3.263982659869966718e-01 2.479497078267635657e-01 4.559296769591071885e-01 4.641732073127082803e-01 8.740377318458750766e-01 1.362409110561437764e-01 4.832100106650635274e-01 5.766972227558613273e-01 5.238055039330151708e-01 3.996109201351334406e-01 4.732241499982265398e-01 8.712779430397485925e-01 5.935288696604525960e-01 8.141030478905564305e-01 9.118217124829491871e-01 4.097763521732933345e-01 2.920626714446669658e-01 6.903475651000425817e-01 5.199028897368278557e-01 9.071362656675802105e-01 3.073327159806688025e-01 0.000000000000000000e+00
