0.000000000000000000e+00 7.661136789474304321e-01 6.629060172476810564e-01 7.040250904948812671e-01 4.849774985709221498e-01 6.541316447933556155e-01 7.168729594520586446e-01 4.386901921892296108e-01 4.623443490140315415e-01 3.412555248477577852e-02 3.783871276519377713e-01 7.835701208715744048e-01 8.008739963877935519e-01 5.785520135693292820e-01 9.015134775101931730e-01 4.129265475618345560e-01 6.677163958487389861e-01 4.842116293149292816e-01 9.167731632119258123e-01 7.202094062036841216e-01 6.420137406448400696e-01 4.556171725404929429e-01 3.721447698220879396e-01 8.017884333378134665e-01 5.161045866934880211e-01 5.575384668453458037e-01 4.254026209022589433e-01 6.018197844393351481e-01 2.772351988022546676e-01 4.962208417357835133e-01 4.520763309105733097e-01 8.385911974357382892e-01 4.118348772831890159e-01 7.209903106508982473e-01 7.645858676979618851e-01
7.661136789474304321e-01 0.000000000000000000e+00 4.932448815473135517e-01 3.496324949273837412e-01 4.493573566423130217e-01 4.095812369530471009e-01 1.455234470263634394e-01 3.958433215524971294e-01 7.890344616016778945e-01 2.922025706796512745e-01 7.864165084319754140e-01 5.244902089154052094e-01 8.250573137055883244e-01 6.884326147167605381e-01 1.873357110868494324e-01 8.322135760543538652e-01 5.854525333989878400e-01 5.529717864212397860e-01 4.411776798583764703e-01 6.806597223353672010e-02 4.373560566240368153e-01 4.022116686727672530e-02 5.684111965570761704e-01 8.563055771656941095e-01 7.621483300336031608e-01 4.601843929326275839e-01 3.793949760753019818e-01 5.650286741355154962e-01 8.283265291414252385e-01 3.692784691637289174e-01 3.958789976263442645e-01 4.758983388157799754e-01 3.453101033865573211e-01 4.392934380522996451e-01 6.862613959971791688e-01
6.629060172476810564e-01 4.932448815473135517e-01 0.000000000000000000e+00 3.862994660664644808e-01 5.832098522176119015e-01 5.429491123293036514e-01 6.820442453285392448e-01 3.637041456853215005e-01 5.852246295222176542e-01 3.716965858303086789e-01 5.532084178045726386e-01 4.163839078746714439e-01 7.742730868289272594e-01 6.553509560224225483e-01 7.296044952958389285e-01 5.299747844742282998e-01 5.212208640938212900e-01 9.149036383899153968e-01 1.669512801970636229e-01 9.267116821934167081e-01 4.334893438836739943e-02 4.787056706512859972e-01 3.225706522076899341e-01 5.437553591111942142e-01 8.069543843254862736e-01 3.501107149005691088e-01 6.161494395622073572e-01 4.858381385458149238e-01 7.680857554232405349e-01 3.999251563408487420e-01 7.161673171223592593e-01 4.653822977260785865e-01 3.284037017957397997e-01 3.311022147261635795e-01 8.473642024639922443e-01
7.040250904948812671e-01 3.496324949273837412e-01 3.862994660664644808e-01 0.000000000000000000e+00 5.324062753110581081e-01 8.872146351354128768e-01 3.189174738899496209e-01 6.021030077353999310e-01 4.554822866921046653e-01 9.640531262318976502e-01 5.599804511900323689e-01 1.795765710199225262e-01 7.709033463099579375e-01 6.782627859874152954e-01 4.669233173812991078e-01 6.421119419320436839e-01 6.770781334039972510e-01 5.550766353642460071e-01 4.351523661164983237e-01 5.519803612833784623e-01 5.403961322853225724e-01 8.604039383681276743e-01 6.569240606344908251e-01 1.247739347687027989e-01 7.065283472857508684e-01 5.989395686215124304e-01 4.021365260364479499e-01 1.565180596094263854e-01 5.510038940227182103e-01 5.980591715374894424e-01 8.404366163601073580e-01 3.359776038071170534e-01 4.652767496155336691e-01 7.098935650085707039e-01 7.916142587150334364e-01
4.849774985709221498e-01 4.493573566423130217e-01 5.832098522176119015e-01 5.324062753110581081e-01 0.000000000000000000e+00 4.163835715543279803e-01 4.650947343386723221e-01 5.314879070466780320e-01 5.084061033065169211e-01 2.592222600329610049e-01 7.532094380798696198e-01 4.475592265716962226e-01 9.073567450295982884e-01 6.157991451529474247e-01 7.113534384124445831e-01 5.160974301201947112e-01 8.090184043243315859e-01 4.287580122663877669e-01 1.495673783216568964e-01 4.611273029272726087e-01 3.669460653283319052e-01 3.791640162468553621e-01 3.149977176936912260e-01 4.312734992709251203e-01 9.342362953046698948e-01 2.928850210321811698e-01 6.062543622350801131e-01 6.823104986105212877e-01 5.038724022216914955e-01 5.194245106903621068e-01 5.420887599241868138e-01 9.588616050473125485e-01 8.877909402824071261e-01 6.995053758309557335e-01 4.674698216018967623e-01
6.541316447933556155e-01 4.095812369530471009e-01 5.429491123293036514e-01 8.872146351354128768e-01 4.163835715543279803e-01 0.000000000000000000e+00 8.527397501679506719e-01 4.127678052674009224e-01 5.670019665509931084e-01 7.656782573031188921e-01 3.893201894067464530e-01 6.348621755672181344e-01 8.919288588404777895e-01 9.366270162515473174e-01 5.537009829328682908e-01 4.499761606110898593e-01 7.513643206419791110e-01 3.854571886301848549e-01 5.245103191076325722e-01 8.821724959423707935e-01 4.649257047785907426e-01 2.519526204736455832e-01 4.452133767206065129e-01 4.618639500471104498e-01 4.561499559578685026e-01 7.487824560036493438e-01 4.945707971093541433e-01 7.355888967796679889e-01 7.525128043033839642e-01 5.369645407876462162e-01 4.851967356176088986e-01 7.302816530602720402e-01 7.678001221756716177e-01 7.655683239433299647e-01 4.032865897054914717e-01
7.168729594520586446e-01 1.455234470263634394e-01 6.820442453285392448e-01 3.189174738899496209e-01 4.650947343386723221e-01 8.527397501679506719e-01 0.000000000000000000e+00 6.462516003868596925e-01 2.599147566717630031e-02 4.249817425923784198e-01 4.634639984026014403e-01 8.136515041347421873e-01 6.187806221889140534e-01 6.457751705997019087e-01 8.954949881394647093e-02 7.244968601929893115e-01 6.627999469816108213e-01 2.452745938748779331e-01 8.110904714390720915e-02 8.963993930748817007e-01 6.965027420423892668e-01 8.733482581364334640e-01 2.872883665667780306e-02 7.210995133205264640e-01 8.453733678949624242e-01 5.331171244504958606e-01 5.332500915177948997e-01 6.100004226148335595e-01 4.208582261186843421e-01 2.978985031363601266e-01 6.777131599441992282e-01 3.729461500733668444e-01 3.115779266498199807e-01 6.516732578247835805e-01 5.836641197461585051e-01
4.386901921892296108e-01 3.958433215524971294e-01 3.637041456853215005e-01 6.021030077353999310e-01 5.314879070466780320e-01 4.127678052674009224e-01 6.462516003868596925e-01 0.000000000000000000e+00 2.072736773386320008e-01 7.733624278350197390e-01 6.871805474591605734e-01 5.129777681228309127e-01 6.964273285970379312e-01 5.936141025340865296e-01 5.791553008714479533e-01 4.528290950821594607e-01 5.198774650063204827e-01 8.207186746002659294e-01 6.917711362873866232e-01 3.601622500656087578e-01 2.373230615212018058e-01 4.444856772635136233e-01 6.176916490060831988e-01 4.863574035910469551e-01 8.083036758505577346e-01 4.496786499403594983e-01 4.270805755528152003e-01 5.712617386996543534e-01 4.762850487273017075e-01 6.287456965613134052e-01 8.532625202457689850e-01 2.105342212523951817e-01 6.134178443676838732e-01 1.520271467221300243e-01 2.075915047707275196e-01
4.623443490140315415e-01 7.890344616016778945e-01 5.852246295222176542e-01 4.554822866921046653e-01 5.084061033065169211e-01 5.670019665509931084e-01 2.599147566717630031e-02 2.072736773386320008e-01 0.000000000000000000e+00 3.972088171291704439e-01 9.148914499088891539e-01 7.341905957255321358e-01 5.033703625351676481e-01 3.883128084997844454e-01 7.688938360159051078e-01 2.265107946764026714e-01 4.774565755350678176e-01 4.997922622508431667e-01 4.510176703911153440e-01 3.957376938566579128e-01 6.268009137092811489e-02 3.263850669393724702e-01 5.798595183274686260e-01 7.867595080983271760e-01 8.413848928856724196e-01 4.038073843936202945e-01 4.568015845115274143e-01 5.069642593076930659e-01 8.934260254652994782e-01 3.874787388579139513e-01 4.337701092674050574e-01 8.983378952252081273e-01 1.919714807733484685e-01 9.387974107715961747e-01 7.282935392705890409e-01
3.412555248477577852e-02 2.922025706796512745e-01 3.716965858303086789e-01 9.640531262318976502e-01 2.592222600329610049e-01 7.656782573031188921e-01 4.249817425923784198e-01 7.733624278350197390e-01 3.972088171291704439e-01 0.000000000000000000e+00 3.042863722199121157e-01 4.594315041271204714e-01 1.259602619753369401e-01 7.231413896149746501e-01 9.149593319291928761e-01 3.582928999078532906e-01 4.723325172239569159e-01 4.458782652106580424e-01 4.275768908445283234e-01 6.675097439504584784e-02 5.620650870674953614e-01 5.442594106092127904e-01 6.169185133370289620e-01 9.469249340045421404e-01 4.590268643851387331e-01 4.462097469855316190e-01 7.551445056204586503e-01 7.112657104277823050e-01 6.893135574285932377e-01 7.288006671854042606e-01 1.288470960292553702e-01 8.442069870713317936e-01 3.890228445445385042e-01 9.297332155623763139e-01 6.262550977877865410e-01
3.783871276519377713e-01 7.864165084319754140e-01 5.532084178045726386e-01 5.599804511900323689e-01 7.532094380798696198e-01 3.893201894067464530e-01 4.634639984026014403e-01 6.871805474591605734e-01 9.148914499088891539e-01 3.042863722199121157e-01 0.000000000000000000e+00 9.082341928657129415e-01 8.830815005267379503e-01 5.689726600514074528e-01 5.614752971768961487e-01 3.551533491324975200e-01 5.787062952237455038e-01 8.429286326394114237e-01 5.395605372472109806e-01 5.586446510123038722e-01 5.269875924131071088e-01 9.252153545537555868e-01 4.725321302856415606e-01 6.093392652281564015e-01 9.168026585236380699e-01 5.821030364787864730e-01 4.123110070463069654e-01 5.587372466150376527e-01 4.410809519856237482e-01 8.233177595825260653e-01 9.687127476098156276e-02 6.970233039692115273e-01 3.854212195378746708e-01 7.681859533340116286e-01 7.949281111326591542e-01
7.835701208715744048e-01 5.244902089154052094e-01 4.163839078746714439e-01 1.795765710199225262e-01 4.475592265716962226e-01 6.348621755672181344e-01 8.136515041347421873e-01 5.129777681228309127e-01 7.341905957255321358e-01 4.594315041271204714e-01 9.082341928657129415e-01 0.000000000000000000e+00 1.512566019474514967e-02 4.515326755300467232e-01 8.792434552016803462e-01 3.313216751140621863e-01 5.311226119358485320e-01 5.183156479857293775e-01 8.435350737223948903e-01 9.194672235624082868e-01 1.440982321191661697e-01 3.742593072811355448e-01 2.398102666770284275e-01 6.471732460115826591e-01 6.704378507027001222e-01 5.747505928283743737e-01 7.501001975535835919e-01 3.868140530310518743e-01 1.990091366419771690e-01 3.748670408717736935e-01 5.069809611721383114e-01 9.264426022650762427e-02 6.956267034487495504e-01 3.857189318569756442e-01 7.188241619423072493e-01
8.008739963877935519e-01 8.250573137055883244e-01 7.742730868289272594e-01 7.709033463099579375e-01 9.073567450295982884e-01 8.919288588404777895e-01 6.187806221889140534e-01 6.964273285970379312e-01 5.033703625351676481e-01 1.259602619753369401e-01 8.830815005267379503e-01 1.512566019474514967e-02 0.000000000000000000e+00 8.486247228349290683e-01 5.195607668082802277e-01 3.846013098444922562e-01 3.859235768751029250e-01 9.152885896952018818e-01 1.498696836475715832e-01 1.304212330608089943e-01 4.704763079517552682e-01 7.389594950430027342e-01 3.822202839802788521e-01 7.567128444789451569e-01 6.710850282470390837e-01 3.283634601415375553e-01 4.300051989171418398e-01 1.560390237256681356e-01 2.358850612997854812e-01 8.427014017229752518e-01 1.733316907006565710e-01 5.208806693019616407e-01 6.050940454972708604e-01 5.358989126969019301e-01 9.110477693007947853e-01
5.785520135693292820e-01 6.884326147167605381e-01 6.553509560224225483e-01 6.782627859874152954e-01 6.157991451529474247e-01 9.366270162515473174e-01 6.457751705997019087e-01 5.936141025340865296e-01 3.883128084997844454e-01 7.231413896149746501e-01 5.689726600514074528e-01 4.515326755300467232e-01 8.486247228349290683e-01 0.000000000000000000e+00 8.100928833612058844e-01 5.327383251936468334e-01 5.193284157080390040e-01 6.275802750004395580e-01 6.030945448217545080e-01 5.284326197275606152e-01 7.844398044631418765e-01 5.019293063818859313e-01 7.632189970273882684e-01 7.409750282223664941e-01 4.525087848695653059e-01 9.027794111346267858e-01 4.939143281965427401e-01 3.106724131662241262e-01 5.374064013959266584e-01 9.633788907302605065e-01 4.471120119764084855e-01 6.774931065472022951e-01 1.059795706205814980e-01 6.024065156064873916e-01 5.353274910894658678e-01
9.015134775101931730e-01 1.873357110868494324e-01 7.296044952958389285e-01 4.669233173812991078e-01 7.113534384124445831e-01 5.537009829328682908e-01 8.954949881394647093e-02 5.791553008714479533e-01 7.688938360159051078e-01 9.149593319291928761e-01 5.614752971768961487e-01 8.792434552016803462e-01 5.195607668082802277e-01 8.100928833612058844e-01 0.000000000000000000e+00 4.815769982719315667e-01 8.023727858980719274e-01 3.470460917752465901e-01 7.555795201095043545e-01 4.608616907565691312e-01 5.710711714501198744e-01 5.635538634153155479e-01 7.873147880548532207e-01 1.362394922512552009e-01 4.204876870044476633e-01 5.100262374671833410e-01 5.021129907257739777e-01 3.470377309960026579e-01 3.945460785056378317e-01 8.554752147604061108e-01 4.559183770552344694e-01 2.214198562523030100e-01 7.231644294385063398e-01 7.769305303530094076e-01 2.527055498960244506e-01
4.129265475618345560e-01 8.322135760543538652e-01 5.299747844742282998e-01 6.421119419320436839e-01 5.160974301201947112e-01 4.499761606110898593e-01 7.244968601929893115e-01 4.528290950821594607e-01 2.265107946764026714e-01 3.582928999078532906e-01 3.551533491324975200e-01 3.313216751140621863e-01 3.846013098444922562e-01 5.327383251936468334e-01 4.815769982719315667e-01 0.000000000000000000e+00 2.731953079355294856e-01 3.534005782088310288e-01 7.494974792690722865e-02 4.954974746995055579e-01 9.082021701079620035e-01 6.475214522750463164e-01 6.522734351132716268e-01 5.854540118651663239e-01 4.659640316908442159e-02 8.001951088974177395e-01 8.879968438284755461e-01 3.963691806826823427e-01 2.403122078596043876e-01 8.224875527551374077e-01 5.221866447643912501e-01 3.304932509958495856e-01 5.019813225865863426e-01 4.889144002415934387e-01 5.611739556678627672e-01
6.677163958487389861e-01 5.854525333989878400e-01 5.212208640938212900e-01 6.770781334039972510e-01 8.090184043243315859e-01 7.513643206419791110e-01 6.627999469816108213e-01 5.198774650063204827e-01 4.774565755350678176e-01 4.723325172239569159e-01 5.787062952237455038e-01 5.311226119358485320e-01 3.859235768751029250e-01 5.193284157080390040e-01 8.023727858980719274e-01 2.731953079355294856e-01 0.000000000000000000e+00 6.011805728980358365e-01 5.977656640481607830e-01 7.513003101755142410e-01 4.386913470707303198e-01 8.741026974066136157e-01 7.353068827387965190e-01 6.658942643433325426e-01 1.902526965151014604e-01 5.605351309621541267e-01 8.041589978178846909e-01 6.939049636480584260e-01 6.109426695023706388e-01 5.437419569511042772e-01 5.570523911371491055e-01 4.581058241704862311e-01 3.375776127908141078e-01 4.715189491861431215e-01 4.384775300972412748e-01
4.842116293149292816e-01 5.529717864212397860e-01 9.149036383899153968e-01 5.550766353642460071e-01 4.287580122663877669e-01 3.854571886301848549e-01 2.452745938748779331e-01 8.207186746002659294e-01 4.997922622508431667e-01 4.458782652106580424e-01 8.429286326394114237e-01 5.183156479857293775e-01 9.152885896952018818e-01 6.275802750004395580e-01 3.470460917752465901e-01 3.534005782088310288e-01 6.011805728980358365e-01 0.000000000000000000e+00 7.671783197097542528e-01 7.275534390967184351e-01 5.063990771460969986e-01 8.166075509485756223e-01 7.813893758501800901e-01 4.203846454078981054e-01 2.247922721565582815e-01 4.702143062840464793e-01 3.206585745293433209e-01 6.432215872501795273e-01 4.058041039426244501e-01 4.171675111201342268e-01 4.021573832805080406e-01 7.961685801687057307e-01 4.360453162792085058e-01 3.648688545677452044e-01 8.646057503546165091e-01
9.167731632119258123e-01 4.411776798583764703e-01 1.669512801970636229e-01 4.351523661164983237e-01 1.495673783216568964e-01 5.245103191076325722e-01 8.110904714390720915e-02 6.917711362873866232e-01 4.510176703911153440e-01 4.275768908445283234e-01 5.395605372472109806e-01 8.435350737223948903e-01 1.498696836475715832e-01 6.030945448217545080e-01 7.555795201095043545e-01 7.494974792690722865e-02 5.977656640481607830e-01 7.671783197097542528e-01 0.000000000000000000e+00 5.672976451528612962e-01 3.326597605075888309e-01 5.048728661177285248e-01 4.192394808014698881e-02 9.029902839249603907e-01 4.252247680767731741e-01 7.444628853500898646e-01 3.556287283422010503e-01 3.444891181808859004e-01 6.103830057411685495e-02 5.058924193057278140e-01 8.238209384538821567e-01 8.749688968292700375e-01 6.515577719042793259e-01 4.587227617338209273e-01 9.126982553057882974e-01
7.202094062036841216e-01 6.806597223353672010e-02 9.267116821934167081e-01 5.519803612833784623e-01 4.611273029272726087e-01 8.821724959423707935e-01 8.963993930748817007e-01 3.601622500656087578e-01 3.957376938566579128e-01 6.675097439504584784e-02 5.586446510123038722e-01 9.194672235624082868e-01 1.304212330608089943e-01 5.284326197275606152e-01 4.608616907565691312e-01 4.954974746995055579e-01 7.513003101755142410e-01 7.275534390967184351e-01 5.672976451528612962e-01 0.000000000000000000e+00 3.631206958314260880e-01 6.963488116533125272e-01 8.177829053588888675e-01 2.024951822134994917e-01 6.138033072328143991e-01 3.712055607568052751e-01 6.461217568143473589e-02 4.842414489305090775e-01 6.502147728799188009e-01 4.651756442337927067e-01 4.623758624258668126e-01 8.112931108348651055e-01 7.561125495528018270e-01 4.066530001204161637e-01 8.851072683299715527e-01
6.420137406448400696e-01 4.373560566240368153e-01 4.334893438836739943e-02 5.403961322853225724e-01 3.669460653283319052e-01 4.649257047785907426e-01 6.965027420423892668e-01 2.373230615212018058e-01 6.268009137092811489e-02 5.620650870674953614e-01 5.269875924131071088e-01 1.440982321191661697e-01 4.704763079517552682e-01 7.844398044631418765e-01 5.710711714501198744e-01 9.082021701079620035e-01 4.386913470707303198e-01 5.063990771460969986e-01 3.326597605075888309e-01 3.631206958314260880e-01 0.000000000000000000e+00 5.708888714182224211e-01 4.313541568146909144e-01 3.272312138516835223e-01 2.972830561325295884e-01 8.609454935791194252e-01 4.742739676982214436e-01 3.723872860666843643e-01 4.294434775977599150e-01 4.635864096749350294e-01 7.526006618756255762e-01 8.640590075251548541e-01 4.082042733872641715e-01 8.474530271280475979e-01 6.956157452244233763e-01
4.556171725404929429e-01 4.022116686727672530e-02 4.787056706512859972e-01 8.604039383681276743e-01 3.791640162468553621e-01 2.519526204736455832e-01 8.733482581364334640e-01 4.444856772635136233e-01 3.263850669393724702e-01 5.442594106092127904e-01 9.252153545537555868e-01 3.742593072811355448e-01 7.389594950430027342e-01 5.019293063818859313e-01 5.635538634153155479e-01 6.475214522750463164e-01 8.741026974066136157e-01 8.166075509485756223e-01 5.048728661177285248e-01 6.963488116533125272e-01 5.708888714182224211e-01 0.000000000000000000e+00 5.496202684215467649e-01 5.244190735556966132e-01 5.460010296321586853e-01 6.322733476464146296e-01 6.894773914388765412e-01 4.536189434842553547e-01 7.850895965239267360e-01 8.562367266499564256e-01 8.888941080078777146e-01 7.872775792692581209e-01 6.896944726999310049e-01 8.423516958605752336e-01 6.277363558868449545e-01
3.721447698220879396e-01 5.684111965570761704e-01 3.225706522076899341e-01 6.569240606344908251e-01 3.149977176936912260e-01 4.452133767206065129e-01 2.872883665667780306e-02 6.176916490060831988e-01 5.798595183274686260e-01 6.169185133370289620e-01 4.725321302856415606e-01 2.398102666770284275e-01 3.822202839802788521e-01 7.632189970273882684e-01 7.873147880548532207e-01 6.522734351132716268e-01 7.353068827387965190e-01 7.813893758501800901e-01 4.192394808014698881e-02 8.177829053588888675e-01 4.313541568146909144e-01 5.496202684215467649e-01 0.000000000000000000e+00 6.714380408667319777e-02 6.496684738326086173e-01 3.973408843395167533e-01 4.256596109396852401e-01 6.421331601129858235e-01 4.892383063138497357e-01 7.392886146228712096e-01 5.001643774342392490e-01 9.169388373193101405e-01 4.047040314696970786e-01 5.194089433702244740e-01 2.215063113754920376e-01
8.017884333378134665e-01 8.563055771656941095e-01 5.437553591111942142e-01 1.247739347687027989e-01 4.312734992709251203e-01 4.618639500471104498e-01 7.210995133205264640e-01 4.863574035910469551e-01 7.867595080983271760e-01 9.469249340045421404e-01 6.093392652281564015e-01 6.471732460115826591e-01 7.567128444789451569e-01 7.409750282223664941e-01 1.362394922512552009e-01 5.854540118651663239e-01 6.658942643433325426e-01 4.203846454078981054e-01 9.029902839249603907e-01 2.024951822134994917e-01 3.272312138516835223e-01 5.244190735556966132e-01 6.714380408667319777e-02 0.000000000000000000e+00 4.267299435729610679e-01 6.670878034860344696e-01 4.442580176028935735e-01 4.812689479200759624e-01 5.010706140091732985e-01 6.213695174302210633e-01 4.175634231989156508e-01 7.156862829118283420e-01 7.334984469568319732e-01 4.924811087230760442e-01 5.388045970705375165e-01
5.161045866934880211e-01 7.621483300336031608e-01 8.069543843254862736e-01 7.065283472857508684e-01 9.342362953046698948e-01 4.561499559578685026e-01 8.453733678949624242e-01 8.083036758505577346e-01 8.413848928856724196e-01 4.590268643851387331e-01 9.168026585236380699e-01 6.704378507027001222e-01 6.710850282470390837e-01 4.525087848695653059e-01 4.204876870044476633e-01 4.659640316908442159e-02 1.902526965151014604e-01 2.247922721565582815e-01 4.252247680767731741e-01 6.138033072328143991e-01 2.972830561325295884e-01 5.460010296321586853e-01 6.496684738326086173e-01 4.267299435729610679e-01 0.000000000000000000e+00 4.638270694001873085e-01 3.202864327019965818e-01 3.507576613209977823e-01 3.873850749664350945e-01 3.579700924027863218e-01 6.797429406998564128e-01 5.095166596810425386e-01 6.668854371959078708e-01 7.183779695626644202e-01 7.200839779183012546e-01
5.575384668453458037e-01 4.601843929326275839e-01 3.501107149005691088e-01 5.989395686215124304e-01 2.928850210321811698e-01 7.487824560036493438e-01 5.331171244504958606e-01 4.496786499403594983e-01 4.038073843936202945e-01 4.462097469855316190e-01 5.821030364787864730e-01 5.747505928283743737e-01 3.283634601415375553e-01 9.027794111346267858e-01 5.100262374671833410e-01 8.001951088974177395e-01 5.605351309621541267e-01 4.702143062840464793e-01 7.444628853500898646e-01 3.712055607568052751e-01 8.609454935791194252e-01 6.322733476464146296e-01 3.973408843395167533e-01 6.670878034860344696e-01 4.638270694001873085e-01 0.000000000000000000e+00 1.877877076575151793e-01 1.284083937190040325e-01 4.627001943925487804e-01 2.637898181623075100e-01 7.780338772194623775e-01 9.683374131749558078e-01 9.650666381733497001e-01 8.403451280369557130e-01 3.088435309584590671e-01
4.254026209022589433e-01 3.793949760753019818e-01 6.161494395622073572e-01 4.021365260364479499e-01 6.062543622350801131e-01 4.945707971093541433e-01 5.332500915177948997e-01 4.270805755528152003e-01 4.568015845115274143e-01 7.551445056204586503e-01 4.123110070463069654e-01 7.501001975535835919e-01 4.300051989171418398e-01 4.939143281965427401e-01 5.021129907257739777e-01 8.879968438284755461e-01 8.041589978178846909e-01 3.206585745293433209e-01 3.556287283422010503e-01 6.461217568143473589e-02 4.742739676982214436e-01 6.894773914388765412e-01 4.256596109396852401e-01 4.442580176028935735e-01 3.202864327019965818e-01 1.877877076575151793e-01 0.000000000000000000e+00 4.059173947973324093e-01 8.928182818533483278e-01 5.099935737204925879e-01 6.040225100759830656e-01 4.600184095248566751e-01 6.293763376612593330e-01 7.082405792473134287e-01 5.987690129348344215e-01
6.018197844393351481e-01 5.650286741355154962e-01 4.858381385458149238e-01 1.565180596094263854e-01 6.823104986105212877e-01 7.355888967796679889e-01 6.100004226148335595e-01 5.712617386996543534e-01 5.069642593076930659e-01 7.112657104277823050e-01 5.587372466150376527e-01 3.868140530310518743e-01 1.560390237256681356e-01 3.106724131662241262e-01 3.470377309960026579e-01 3.963691806826823427e-01 6.939049636480584260e-01 6.432215872501795273e-01 3.444891181808859004e-01 4.842414489305090775e-01 3.723872860666843643e-01 4.536189434842553547e-01 6.421331601129858235e-01 4.812689479200759624e-01 3.507576613209977823e-01 1.284083937190040325e-01 4.059173947973324093e-01 0.000000000000000000e+00 8.524687920711875311e-01 8.823080496963537911e-01 2.831872443584561583e-01 6.853488529502411719e-01 5.076855081730471397e-01 3.574013353625322686e-01 4.617668903108436140e-01
2.772351988022546676e-01 8.283265291414252385e-01 7.680857554232405349e-01 5.510038940227182103e-01 5.038724022216914955e-01 7.525128043033839642e-01 4.208582261186843421e-01 4.762850487273017075e-01 8.934260254652994782e-01 6.893135574285932377e-01 4.410809519856237482e-01 1.990091366419771690e-01 2.358850612997854812e-01 5.374064013959266584e-01 3.945460785056378317e-01 2.403122078596043876e-01 6.109426695023706388e-01 4.058041039426244501e-01 6.103830057411685495e-02 6.502147728799188009e-01 4.294434775977599150e-01 7.850895965239267360e-01 4.892383063138497357e-01 5.010706140091732985e-01 3.873850749664350945e-01 4.627001943925487804e-01 8.928182818533483278e-01 8.524687920711875311e-01 0.000000000000000000e+00 3.738707997534006511e-01 4.520203157301762031e-01 5.980754347553893790e-01 1.290959544334701059e-01 3.102292914550357494e-01 7.239734865384708229e-01
4.962208417357835133e-01 3.692784691637289174e-01 3.999251563408487420e-01 5.980591715374894424e-01 5.194245106903621068e-01 5.369645407876462162e-01 2.978985031363601266e-01 6.287456965613134052e-01 3.874787388579139513e-01 7.288006671854042606e-01 8.233177595825260653e-01 3.748670408717736935e-01 8.427014017229752518e-01 9.633788907302605065e-01 8.554752147604061108e-01 8.224875527551374077e-01 5.437419569511042772e-01 4.171675111201342268e-01 5.058924193057278140e-01 4.651756442337927067e-01 4.635864096749350294e-01 8.562367266499564256e-01 7.392886146228712096e-01 6.213695174302210633e-01 3.579700924027863218e-01 2.637898181623075100e-01 5.099935737204925879e-01 8.823080496963537911e-01 3.738707997534006511e-01 0.000000000000000000e+00 3.720300755773158219e-01 4.412658946739640986e-01 9.085658613770002390e-01 2.659049235689364687e-01 8.133129703609867089e-01
4.520763309105733097e-01 3.958789976263442645e-01 7.161673171223592593e-01 8.404366163601073580e-01 5.420887599241868138e-01 4.851967356176088986e-01 6.777131599441992282e-01 8.532625202457689850e-01 4.337701092674050574e-01 1.288470960292553702e-01 9.687127476098156276e-02 5.069809611721383114e-01 1.733316907006565710e-01 4.471120119764084855e-01 4.559183770552344694e-01 5.221866447643912501e-01 5.570523911371491055e-01 4.021573832805080406e-01 8.238209384538821567e-01 4.623758624258668126e-01 7.526006618756255762e-01 8.888941080078777146e-01 5.001643774342392490e-01 4.175634231989156508e-01 6.797429406998564128e-01 7.780338772194623775e-01 6.040225100759830656e-01 2.831872443584561583e-01 4.520203157301762031e-01 3.720300755773158219e-01 0.000000000000000000e+00 8.713399694889839564e-01 4.955056027195261503e-01 2.847141019737932099e-01 2.566536126494129988e-01
8.385911974357382892e-01 4.758983388157799754e-01 4.653822977260785865e-01 3.359776038071170534e-01 9.588616050473125485e-01 7.302816530602720402e-01 3.729461500733668444e-01 2.105342212523951817e-01 8.983378952252081273e-01 8.442069870713317936e-01 6.970233039692115273e-01 9.264426022650762427e-02 5.208806693019616407e-01 6.774931065472022951e-01 2.214198562523030100e-01 3.304932509958495856e-01 4.581058241704862311e-01 7.961685801687057307e-01 8.749688968292700375e-01 8.112931108348651055e-01 8.640590075251548541e-01 7.872775792692581209e-01 9.169388373193101405e-01 7.156862829118283420e-01 5.095166596810425386e-01 9.683374131749558078e-01 4.600184095248566751e-01 6.853488529502411719e-01 5.980754347553893790e-01 4.412658946739640986e-01 8.713399694889839564e-01 0.000000000000000000e+00 4.605987520536480306e-01 1.083260154031039368e-01 5.158225219317991161e-01
4.118348772831890159e-01 3.453101033865573211e-01 3.284037017957397997e-01 4.652767496155336691e-01 8.877909402824071261e-01 7.678001221756716177e-01 3.115779266498199807e-01 6.134178443676838732e-01 1.919714807733484685e-01 3.890228445445385042e-01 3.854212195378746708e-01 6.956267034487495504e-01 6.050940454972708604e-01 1.059795706205814980e-01 7.231644294385063398e-01 5.019813225865863426e-01 3.375776127908141078e-01 4.360453162792085058e-01 6.515577719042793259e-01 7.561125495528018270e-01 4.082042733872641715e-01 6.896944726999310049e-01 4.047040314696970786e-01 7.334984469568319732e-01 6.668854371959078708e-01 9.650666381733497001e-01 6.293763376612593330e-01 5.076855081730471397e-01 1.290959544334701059e-01 9.085658613770002390e-01 4.955056027195261503e-01 4.605987520536480306e-01 0.000000000000000000e+00 4.800948108252656166e-02 3.748840377774285137e-01
7.209903106508982473e-01 4.392934380522996451e-01 3.311022147261635795e-01 7.098935650085707039e-01 6.995053758309557335e-01 7.655683239433299647e-01 6.516732578247835805e-01 1.520271467221300243e-01 9.387974107715961747e-01 9.297332155623763139e-01 7.681859533340116286e-01 3.857189318569756442e-01 5.358989126969019301e-01 6.024065156064873916e-01 7.769305303530094076e-01 4.889144002415934387e-01 4.715189491861431215e-01 3.648688545677452044e-01 4.587227617338209273e-01 4.066530001204161637e-01 8.474530271280475979e-01 8.423516958605752336e-01 5.194089433702244740e-01 4.924811087230760442e-01 7.183779695626644202e-01 8.403451280369557130e-01 7.082405792473134287e-01 3.574013353625322686e-01 3.102292914550357494e-01 2.659049235689364687e-01 2.847141019737932099e-01 1.083260154031039368e-01 4.800948108252656166e-02 0.000000000000000000e+00 6.971362986076645729e-01
7.645858676979618851e-01 6.862613959971791688e-01 8.473642024639922443e-01 7.916142587150334364e-01 4.674698216018967623e-01 4.032865897054914717e-01 5.836641197461585051e-01 2.075915047707275196e-01 7.282935392705890409e-01 6.262550977877865410e-01 7.949281111326591542e-01 7.188241619423072493e-01 9.110477693007947853e-01 5.353274910894658678e-01 2.527055498960244506e-01 5.611739556678627672e-01 4.384775300972412748e-01 8.646057503546165091e-01 9.126982553057882974e-01 8.851072683299715527e-01 6.956157452244233763e-01 6.277363558868449545e-01 2.215063113754920376e-01 5.388045970705375165e-01 7.200839779183012546e-01 3.088435309584590671e-01 5.987690129348344215e-01 4.617668903108436140e-01 7.239734865384708229e-01 8.133129703609867089e-01 2.566536126494129988e-01 5.158225219317991161e-01 3.748840377774285137e-01 6.971362986076645729e-01 0.000000000000000000e+00
