0.000000000000000000e+00 5.242670442339013581e-01 2.874038976040815818e-01 7.257920438962384146e-01 4.808431919796096743e-01 6.263260907933458910e-01 8.880269528441182558e-01 3.452960591161560178e-01 3.212749267565651601e-01 3.776915520577159291e-01 8.550269386957760620e-01 9.031134504559443776e-01 5.713899841047235251e-01 5.825594575714322376e-01 5.053421523036296659e-01 4.336496085568722347e-01 3.087873365423828842e-01 2.700438472375058518e-01 2.001213933231667519e-01 7.347304962242409143e-01 6.993670086713019707e-01 6.433148812038638198e-01 5.290695470086984598e-01 4.382615183351398214e-01 5.254428057465053703e-01 6.934382838502217705e-02 7.403871610779644286e-01 3.321499320569012426e-01 1.313329056709848786e-01 1.890943357360460597e-01 8.104566532955235214e-01 6.089722708638986015e-01 7.115403989482638192e-01 3.973044320274534691e-01 6.087891114782633117e-01
5.242670442339013581e-01 0.000000000000000000e+00 6.024258823939159235e-01 4.029421654658068008e-01 8.579868879963655770e-01 2.247543661230330114e-01 4.827879885863689546e-01 2.556454682132217604e-01 1.291297164906702877e-01 5.798676676127836327e-01 1.975530422513445128e-01 1.489302303719711729e-01 9.280126415788751970e-01 5.042300153314710487e-01 8.128467798321721283e-01 1.114370346148355617e-01 7.267855704540153727e-01 8.880380354182437763e-01 2.371932735343308951e-01 6.292778015495645860e-01 1.890829579778825487e-01 6.574605251883219870e-01 6.442106140839987116e-02 5.367511578629102775e-01 4.314556861892814288e-01 2.464788930237263309e-01 4.312459270322139826e-01 8.864055845535614431e-01 5.285604303198905285e-01 2.497272675639107264e-01 8.066609628964939160e-01 6.344873202477840923e-01 5.584503665742863721e-01 2.384874661884246461e-01 8.479467897132351162e-01
2.874038976040815818e-01 6.024258823939159235e-01 0.000000000000000000e+00 4.641668357860911920e-01 2.281528915647474953e-01 6.645829398059304172e-01 7.103787207526470748e-01 2.993642556886811357e-01 5.248884559729682930e-01 5.302707836904491101e-01 8.466496406561836441e-01 1.112382460291749808e-01 2.486147141287631257e-02 4.085592021131567719e-01 9.733165727965235048e-01 7.171943867126284733e-01 6.721553136528342076e-01 2.110348199133441627e-01 5.414826351167638663e-01 9.440660097124803363e-01 7.195610445133898692e-01 2.606001438078494603e-01 6.198103394078786632e-01 6.963009905552647316e-01 4.759417967219070622e-02 6.482978978609027498e-01 2.803115809133147063e-01 6.545587220176080079e-01 1.647754171925013278e-01 1.727684153479115969e-01 4.907029268659566790e-01 2.693954582485044158e-01 5.840994866256326024e-01 5.024444035426476329e-01 2.263362010604054175e-01
7.257920438962384146e-01 4.029421654658068008e-01 4.641668357860911920e-01 0.000000000000000000e+00 8.728409414649047626e-01 5.542464876824875208e-01 4.055956857792243353e-01 8.536128906519819814e-01 4.805127900744690095e-01 5.932822059550364457e-01 4.044300291905412736e-01 2.153974211256280968e-01 5.197009752202286226e-01 5.273965859572102843e-01 5.026615514699368514e-01 5.917712541133177684e-01 7.140369954378180672e-01 6.500167889001271515e-01 6.179453715602375441e-01 6.105939074151329748e-01 5.953506879814076669e-01 7.402099481265095315e-01 2.294303827761056958e-01 5.786709488424682801e-01 3.404886578090813298e-01 2.952415188338980978e-01 7.557903114037110015e-01 5.599966582204491949e-01 3.228366069003452687e-01 8.722853381868042044e-01 2.532871359534346611e-01 4.254929021262460753e-01 5.799277961358766387e-01 6.682096275353666126e-01 7.250373414023867369e-01
4.808431919796096743e-01 8.579868879963655770e-01 2.281528915647474953e-01 8.728409414649047626e-01 0.000000000000000000e+00 2.884572133244019954e-01 3.878220091915133283e-01 5.621292432606352918e-01 8.966145833831401513e-01 5.429088348960360300e-01 3.263545353796248882e-02 1.840146506487047029e-01 5.288492313348478469e-01 5.890021194538499483e-01 5.783864964765865757e-01 6.377508849069499774e-01 4.946076820014814746e-01 4.063579474687679105e-01 2.933165087192228238e-01 5.526111486882354651e-01 8.573556199398790767e-01 4.567492203536341333e-01 5.974047870506709046e-01 7.524830231508656819e-01 3.523023027924483408e-01 4.355046602206172901e-01 6.320910632588143674e-01 6.303712047296298193e-01 5.030693270499682068e-01 4.601725079757813530e-01 6.576187668054306323e-01 5.552859416917603763e-01 1.631176065494001071e-01 5.735005052656889646e-01 1.697192886725891747e-01
6.263260907933458910e-01 2.247543661230330114e-01 6.645829398059304172e-01 5.542464876824875208e-01 2.884572133244019954e-01 0.000000000000000000e+00 1.353736724849238793e-01 6.813660029171793031e-01 5.283030936343772188e-01 6.421758094776082171e-01 4.775607289103204200e-01 5.347464782669064665e-01 5.524006562411003518e-01 1.549215775977456078e-01 3.954032371579681016e-01 7.750940307177669464e-01 9.103230574648113471e-01 4.276677577007687026e-01 4.393888504561572761e-01 3.672218199579805331e-01 3.725902639126810190e-01 6.664708241506009934e-01 2.714794684907421152e-01 5.223266722305657250e-01 5.727816297910636179e-01 8.047140081579631232e-01 7.902645374892116603e-01 5.270236009484371431e-01 1.763065954919921241e-01 4.853118707155478218e-01 6.823003830306005879e-01 5.531505345801364104e-01 4.395112810290853766e-01 6.470170263114307652e-01 6.998788508680706677e-01
8.880269528441182558e-01 4.827879885863689546e-01 7.103787207526470748e-01 4.055956857792243353e-01 3.878220091915133283e-01 1.353736724849238793e-01 0.000000000000000000e+00 4.993448052822280769e-01 7.378560301486114525e-01 7.135788056162839510e-02 5.796440568818816974e-01 1.027695837695410952e-01 3.879834488594054998e-01 2.878233162450036797e-01 6.490981555606508691e-01 3.215823475044486957e-01 5.014923958204461352e-01 8.847672701419573293e-02 5.720603395226883103e-01 6.977767987614302836e-01 6.196649600213418596e-01 8.169549899407398952e-01 8.251270276359521372e-01 6.966612382311958562e-01 8.454053606757179207e-01 5.873026815137474266e-01 4.742767810312207288e-01 4.077995927001880627e-01 4.498460944674549378e-01 5.485813121860015906e-01 6.470059274825950002e-01 3.435655350397872065e-01 7.768968114931030788e-01 7.384085832786820847e-01 2.199620172034583154e-01
3.452960591161560178e-01 2.556454682132217604e-01 2.993642556886811357e-01 8.536128906519819814e-01 5.621292432606352918e-01 6.813660029171793031e-01 4.993448052822280769e-01 0.000000000000000000e+00 8.849111767425743569e-02 8.490939925972675884e-01 4.987587922428550202e-01 6.105582171165775396e-01 6.868252185060487180e-01 6.401875920690822674e-01 6.970305365299960254e-01 7.612569693419459771e-01 4.509971623599914325e-01 5.730479150705587443e-01 2.824950931816492261e-01 5.075600480960212879e-01 5.115963034225080586e-01 3.619689915696727711e-01 3.479295881045408878e-01 3.614877152294763141e-01 6.938288355645261252e-01 2.764693942106373203e-01 3.494318753594468641e-01 6.225673061788709051e-01 5.135263462951987767e-01 6.918816959851805670e-01 2.782753599176024384e-01 8.151445181811192153e-01 3.566045764721813560e-01 5.617491558819314168e-01 8.668437439286611479e-01
3.212749267565651601e-01 1.291297164906702877e-01 5.248884559729682930e-01 4.805127900744690095e-01 8.966145833831401513e-01 5.283030936343772188e-01 7.378560301486114525e-01 8.849111767425743569e-02 0.000000000000000000e+00 6.441245506311241709e-01 5.469736562363107790e-01 2.823651163531217811e-01 2.340281418411128689e-01 6.322825928302497900e-01 5.064334867631703485e-01 6.064826443762931785e-01 4.860112437524832796e-02 5.863262518031359116e-01 8.434628783547655217e-01 4.843712379656074374e-01 2.768284754631042399e-01 3.659628764417330871e-01 3.740956812185768365e-01 7.093096601756087027e-01 1.759199407426955686e-01 5.188443256393456826e-01 3.375938167143500146e-01 4.694386170780933676e-01 1.459397719938793081e-01 6.289992506680843753e-01 5.341951963753461818e-01 9.163711430867516050e-01 8.059760577912211676e-01 5.151970127509919450e-01 6.193516287029414702e-01
3.776915520577159291e-01 5.798676676127836327e-01 5.302707836904491101e-01 5.932822059550364457e-01 5.429088348960360300e-01 6.421758094776082171e-01 7.135788056162839510e-02 8.490939925972675884e-01 6.441245506311241709e-01 0.000000000000000000e+00 5.910192248594802189e-01 2.440156620626934281e-01 4.269060962781346946e-01 6.737299134743833795e-01 4.470183094690817760e-01 2.532223119735887984e-01 6.937837971184044328e-01 2.541662493074864915e-01 6.304921869747792673e-01 1.334080585318062617e-01 6.130248881673503458e-01 5.206914504897417473e-01 3.277931329509893299e-01 2.681485955722241465e-01 8.246765913286835392e-02 1.659048933053002828e-01 6.095143848865938185e-01 5.641353957409307451e-01 6.652342559804698130e-01 3.195272564655647907e-01 4.730689145139325702e-01 2.756872498945011074e-01 6.606067980955646624e-01 5.150845461257163027e-01 2.420681535405087015e-01
8.550269386957760620e-01 1.975530422513445128e-01 8.466496406561836441e-01 4.044300291905412736e-01 3.263545353796248882e-02 4.775607289103204200e-01 5.796440568818816974e-01 4.987587922428550202e-01 5.469736562363107790e-01 5.910192248594802189e-01 0.000000000000000000e+00 7.784779835083407429e-01 2.493040584899102186e-01 4.160442785305396574e-01 5.226408980165542228e-02 5.223790657111477831e-01 5.492871557506893154e-01 7.157859470034464433e-01 8.197677537930384561e-01 8.187547239743571126e-01 3.848983962932854275e-01 5.950712618965349199e-01 2.927884399637515900e-01 3.095130011781322410e-01 4.594613103334215798e-01 3.928052593412436622e-01 8.605129850810619985e-01 3.348694150881187381e-01 5.136957433054629707e-01 7.929561835809041392e-01 4.657826281553166803e-01 7.203828006960648622e-01 5.272477742926138244e-01 7.831621998710580623e-01 5.494286919756653509e-01
9.031134504559443776e-01 1.489302303719711729e-01 1.112382460291749808e-01 2.153974211256280968e-01 1.840146506487047029e-01 5.347464782669064665e-01 1.027695837695410952e-01 6.105582171165775396e-01 2.823651163531217811e-01 2.440156620626934281e-01 7.784779835083407429e-01 0.000000000000000000e+00 9.368845327370960430e-01 6.564690010349510940e-01 6.118097983818495678e-01 8.454212384156594151e-01 9.417710310124303152e-01 5.897532842469044301e-01 9.305863957849198620e-01 1.396757776604875545e-01 2.084826010697190257e-01 7.009219645963067347e-01 2.441589855721268409e-01 4.939217637585845977e-01 5.627538903655775471e-01 9.454393177233366696e-01 6.986792592277982772e-01 5.608343703997376029e-01 1.448489750479645122e-01 8.745613703129506700e-01 3.102237003609777943e-01 1.547365091430134010e-01 4.916762213931411551e-01 6.177726622635995035e-01 1.061741389292297777e-01
5.713899841047235251e-01 9.280126415788751970e-01 2.486147141287631257e-02 5.197009752202286226e-01 5.288492313348478469e-01 5.524006562411003518e-01 3.879834488594054998e-01 6.868252185060487180e-01 2.340281418411128689e-01 4.269060962781346946e-01 2.493040584899102186e-01 9.368845327370960430e-01 0.000000000000000000e+00 4.693561687671343186e-01 2.371812484104223184e-01 5.468041887187857775e-01 5.933583854229129706e-01 4.444205601935304895e-01 8.529699040537463972e-01 7.537590144075294596e-01 6.881564391641096234e-01 4.803756882134607720e-01 4.422994780247923030e-01 2.171376230784892725e-01 4.186797726234239292e-01 3.664750281975344137e-01 4.882065123330618928e-01 6.369419312871914540e-01 6.791835571710700403e-01 6.122668500194932140e-01 8.050764526049554171e-01 2.450073499619428441e-01 7.758383526937364660e-01 4.692420047638498071e-01 4.210856536651481630e-01
5.825594575714322376e-01 5.042300153314710487e-01 4.085592021131567719e-01 5.273965859572102843e-01 5.890021194538499483e-01 1.549215775977456078e-01 2.878233162450036797e-01 6.401875920690822674e-01 6.322825928302497900e-01 6.737299134743833795e-01 4.160442785305396574e-01 6.564690010349510940e-01 4.693561687671343186e-01 0.000000000000000000e+00 3.647456594219285475e-01 8.535974186620046700e-01 2.548493950365500194e-01 2.948232875853250556e-01 4.399803387881868755e-01 6.908919598947496077e-01 4.209938095103902822e-01 4.864462001608941821e-01 7.356665141839615618e-01 2.490620224400013072e-01 4.577883421307976097e-01 3.147424808162189169e-01 6.581453605276458285e-01 5.136799646226071214e-01 7.169571414572931678e-01 3.862893258940302554e-01 5.518423700509205165e-01 4.910894153795550277e-01 2.985262920807604803e-01 4.646182207043762502e-01 5.348506472608451912e-01
5.053421523036296659e-01 8.128467798321721283e-01 9.733165727965235048e-01 5.026615514699368514e-01 5.783864964765865757e-01 3.954032371579681016e-01 6.490981555606508691e-01 6.970305365299960254e-01 5.064334867631703485e-01 4.470183094690817760e-01 5.226408980165542228e-02 6.118097983818495678e-01 2.371812484104223184e-01 3.647456594219285475e-01 0.000000000000000000e+00 7.434759639710115664e-01 3.918121881534294415e-01 5.582606648552387307e-01 4.059128317566222943e-01 4.304975176564047601e-01 4.679182128081723069e-01 3.771518830211429973e-01 4.865556804463979645e-01 7.036273017512478800e-01 7.603798938458098400e-01 3.572421208705340856e-01 7.032667152719078718e-01 6.548324427602839615e-01 4.541130058634319511e-01 7.997907480011228198e-01 2.661452461880301490e-01 5.100198635382621193e-01 6.360621599049767205e-01 2.397095545423258700e-01 4.243419607686770845e-01
4.336496085568722347e-01 1.114370346148355617e-01 7.171943867126284733e-01 5.917712541133177684e-01 6.377508849069499774e-01 7.750940307177669464e-01 3.215823475044486957e-01 7.612569693419459771e-01 6.064826443762931785e-01 2.532223119735887984e-01 5.223790657111477831e-01 8.454212384156594151e-01 5.468041887187857775e-01 8.535974186620046700e-01 7.434759639710115664e-01 0.000000000000000000e+00 5.142864985671216083e-01 2.368354826476601893e-01 7.630682833871642590e-01 7.785257940777914332e-01 7.361207192627308160e-01 4.893308486213002184e-01 6.992101789740008400e-01 6.970188070301668315e-01 7.004520163089160700e-01 6.042673300402703340e-01 3.563531272342135847e-01 8.966438257049951233e-01 1.523457799039047433e-01 3.179387986495004204e-01 2.713181866795124630e-01 2.370465419849677180e-01 5.384812992460821235e-01 7.591969019129463092e-01 1.230117278798313896e-01
3.087873365423828842e-01 7.267855704540153727e-01 6.721553136528342076e-01 7.140369954378180672e-01 4.946076820014814746e-01 9.103230574648113471e-01 5.014923958204461352e-01 4.509971623599914325e-01 4.860112437524832796e-02 6.937837971184044328e-01 5.492871557506893154e-01 9.417710310124303152e-01 5.933583854229129706e-01 2.548493950365500194e-01 3.918121881534294415e-01 5.142864985671216083e-01 0.000000000000000000e+00 5.793748034591048590e-01 5.205282454255424351e-01 9.174338774207875247e-01 1.121767439760101848e-01 2.992686386418662581e-01 7.157290531274651535e-01 3.208844448982185460e-01 5.056912734860586900e-01 3.438343658413209880e-01 5.954117792882854809e-01 7.262065449820787055e-01 7.782314831585992465e-01 6.344711784953445122e-01 5.364664589485147461e-01 6.188061679817330463e-01 4.788525548026875689e-01 6.020997907860203835e-01 4.543900532229531164e-01
2.700438472375058518e-01 8.880380354182437763e-01 2.110348199133441627e-01 6.500167889001271515e-01 4.063579474687679105e-01 4.276677577007687026e-01 8.847672701419573293e-02 5.730479150705587443e-01 5.863262518031359116e-01 2.541662493074864915e-01 7.157859470034464433e-01 5.897532842469044301e-01 4.444205601935304895e-01 2.948232875853250556e-01 5.582606648552387307e-01 2.368354826476601893e-01 5.793748034591048590e-01 0.000000000000000000e+00 3.808333273948494302e-01 4.972731277456374777e-01 4.743449687407165216e-01 2.613713497544982167e-01 2.102912893460985866e-01 4.867194179136669074e-01 4.768739139080766520e-01 5.866605117122432045e-01 1.749214299782486659e-01 3.227807991664743414e-01 6.174279292666678964e-01 4.111584790518122978e-01 1.810687777265279630e-01 5.244400341188421022e-01 8.268932483949349432e-01 3.597458420735524798e-01 6.125093294086202400e-01
2.001213933231667519e-01 2.371932735343308951e-01 5.414826351167638663e-01 6.179453715602375441e-01 2.933165087192228238e-01 4.393888504561572761e-01 5.720603395226883103e-01 2.824950931816492261e-01 8.434628783547655217e-01 6.304921869747792673e-01 8.197677537930384561e-01 9.305863957849198620e-01 8.529699040537463972e-01 4.399803387881868755e-01 4.059128317566222943e-01 7.630682833871642590e-01 5.205282454255424351e-01 3.808333273948494302e-01 0.000000000000000000e+00 4.527095860638989389e-01 8.146557380297488882e-01 4.770939502259302634e-01 2.844830514971977697e-01 3.023816785917833316e-01 4.785985607820972820e-01 2.429293875720540674e-01 4.220185329919095008e-01 4.593960819458707823e-01 8.552930438358757881e-01 7.281639374533256381e-01 2.222519886591046712e-01 3.534907287947103294e-01 1.521769706486235663e-01 4.525576526072669359e-01 7.263004964363788396e-01
7.347304962242409143e-01 6.292778015495645860e-01 9.440660097124803363e-01 6.105939074151329748e-01 5.526111486882354651e-01 3.672218199579805331e-01 6.977767987614302836e-01 5.075600480960212879e-01 4.843712379656074374e-01 1.334080585318062617e-01 8.187547239743571126e-01 1.396757776604875545e-01 7.537590144075294596e-01 6.908919598947496077e-01 4.304975176564047601e-01 7.785257940777914332e-01 9.174338774207875247e-01 4.972731277456374777e-01 4.527095860638989389e-01 0.000000000000000000e+00 8.049041587421666977e-01 2.064615625910648511e-01 2.936736475710264305e-01 4.830909855541175024e-01 6.349851995415786154e-01 4.580260735207564160e-01 4.095885365035000225e-01 5.502902519001162673e-01 6.204262735193497580e-01 8.450709596522005818e-01 6.330644007048673583e-01 2.712676795935071716e-01 5.722723063486133688e-01 8.909810163775281344e-01 6.750158250543938365e-01
6.993670086713019707e-01 1.890829579778825487e-01 7.195610445133898692e-01 5.953506879814076669e-01 8.573556199398790767e-01 3.725902639126810190e-01 6.196649600213418596e-01 5.115963034225080586e-01 2.768284754631042399e-01 6.130248881673503458e-01 3.848983962932854275e-01 2.084826010697190257e-01 6.881564391641096234e-01 4.209938095103902822e-01 4.679182128081723069e-01 7.361207192627308160e-01 1.121767439760101848e-01 4.743449687407165216e-01 8.146557380297488882e-01 8.049041587421666977e-01 0.000000000000000000e+00 2.058875430848514099e-01 3.428057730059893005e-01 6.089288156645360495e-01 5.484114092834678766e-01 8.402899566590611435e-01 3.356613757675344090e-01 2.745614176609805224e-01 6.152793692302274131e-01 2.495312501735854893e-01 3.916787293672916448e-01 3.105456274324008281e-01 5.014735009788529041e-01 7.782103360437253592e-01 3.070800832883030518e-01
6.433148812038638198e-01 6.574605251883219870e-01 2.606001438078494603e-01 7.402099481265095315e-01 4.567492203536341333e-01 6.664708241506009934e-01 8.169549899407398952e-01 3.619689915696727711e-01 3.659628764417330871e-01 5.206914504897417473e-01 5.950712618965349199e-01 7.009219645963067347e-01 4.803756882134607720e-01 4.864462001608941821e-01 3.771518830211429973e-01 4.893308486213002184e-01 2.992686386418662581e-01 2.613713497544982167e-01 4.770939502259302634e-01 2.064615625910648511e-01 2.058875430848514099e-01 0.000000000000000000e+00 5.129194992538235187e-01 2.957326071671444456e-01 2.962130230640815931e-01 2.171324267765756821e-01 3.929692423431875303e-01 4.649404590384769165e-01 1.603713363573314732e-01 4.439196318777172134e-01 5.090647398286479719e-01 3.265038433593852041e-01 3.155208785500008828e-01 4.597973791880801131e-01 6.707646743135897704e-01
5.290695470086984598e-01 6.442106140839987116e-02 6.198103394078786632e-01 2.294303827761056958e-01 5.974047870506709046e-01 2.714794684907421152e-01 8.251270276359521372e-01 3.479295881045408878e-01 3.740956812185768365e-01 3.277931329509893299e-01 2.927884399637515900e-01 2.441589855721268409e-01 4.422994780247923030e-01 7.356665141839615618e-01 4.865556804463979645e-01 6.992101789740008400e-01 7.157290531274651535e-01 2.102912893460985866e-01 2.844830514971977697e-01 2.936736475710264305e-01 3.428057730059893005e-01 5.129194992538235187e-01 0.000000000000000000e+00 7.535695845579195584e-01 5.815772300223508440e-01 7.838111558043666660e-01 2.542329109615728555e-01 5.013716881990719632e-01 8.200704000368255198e-01 8.199619679533801664e-01 6.608781881109946355e-01 6.974715941349578507e-01 4.909973399912482273e-01 5.350210652161132563e-01 7.047761159670408171e-01
4.382615183351398214e-01 5.367511578629102775e-01 6.963009905552647316e-01 5.786709488424682801e-01 7.524830231508656819e-01 5.223266722305657250e-01 6.966612382311958562e-01 3.614877152294763141e-01 7.093096601756087027e-01 2.681485955722241465e-01 3.095130011781322410e-01 4.939217637585845977e-01 2.171376230784892725e-01 2.490620224400013072e-01 7.036273017512478800e-01 6.970188070301668315e-01 3.208844448982185460e-01 4.867194179136669074e-01 3.023816785917833316e-01 4.830909855541175024e-01 6.089288156645360495e-01 2.957326071671444456e-01 7.535695845579195584e-01 0.000000000000000000e+00 2.698970877261393508e-01 4.223132411092217486e-01 7.035071488783137816e-01 7.244590485756767784e-01 4.628657247323424428e-01 4.698920576609248445e-01 8.266328676418451815e-01 3.156048458158115522e-01 6.014161470466018455e-01 4.417064034397801819e-01 7.165888073194628394e-01
5.254428057465053703e-01 4.314556861892814288e-01 4.759417967219070622e-02 3.404886578090813298e-01 3.523023027924483408e-01 5.727816297910636179e-01 8.454053606757179207e-01 6.938288355645261252e-01 1.759199407426955686e-01 8.246765913286835392e-02 4.594613103334215798e-01 5.627538903655775471e-01 4.186797726234239292e-01 4.577883421307976097e-01 7.603798938458098400e-01 7.004520163089160700e-01 5.056912734860586900e-01 4.768739139080766520e-01 4.785985607820972820e-01 6.349851995415786154e-01 5.484114092834678766e-01 2.962130230640815931e-01 5.815772300223508440e-01 2.698970877261393508e-01 0.000000000000000000e+00 2.943383535600059275e-01 6.091289375412236584e-01 6.103511085488173560e-01 7.062655741196595116e-01 4.343390870223579059e-01 3.120955751793242916e-01 2.819176320439894523e-01 3.962471046545001929e-01 7.482157839331541327e-01 6.524430001375756127e-01
6.934382838502217705e-02 2.464788930237263309e-01 6.482978978609027498e-01 2.952415188338980978e-01 4.355046602206172901e-01 8.047140081579631232e-01 5.873026815137474266e-01 2.764693942106373203e-01 5.188443256393456826e-01 1.659048933053002828e-01 3.928052593412436622e-01 9.454393177233366696e-01 3.664750281975344137e-01 3.147424808162189169e-01 3.572421208705340856e-01 6.042673300402703340e-01 3.438343658413209880e-01 5.866605117122432045e-01 2.429293875720540674e-01 4.580260735207564160e-01 8.402899566590611435e-01 2.171324267765756821e-01 7.838111558043666660e-01 4.223132411092217486e-01 2.943383535600059275e-01 0.000000000000000000e+00 4.763757245847280442e-01 8.513794670180323543e-01 5.276607816758517311e-01 2.203197539455289400e-01 5.909959615988364945e-01 4.511146920505504365e-01 4.847737285792034223e-01 1.953944466113813894e-01 6.046822996725832455e-01
7.403871610779644286e-01 4.312459270322139826e-01 2.803115809133147063e-01 7.557903114037110015e-01 6.320910632588143674e-01 7.902645374892116603e-01 4.742767810312207288e-01 3.494318753594468641e-01 3.375938167143500146e-01 6.095143848865938185e-01 8.605129850810619985e-01 6.986792592277982772e-01 4.882065123330618928e-01 6.581453605276458285e-01 7.032667152719078718e-01 3.563531272342135847e-01 5.954117792882854809e-01 1.749214299782486659e-01 4.220185329919095008e-01 4.095885365035000225e-01 3.356613757675344090e-01 3.929692423431875303e-01 2.542329109615728555e-01 7.035071488783137816e-01 6.091289375412236584e-01 4.763757245847280442e-01 0.000000000000000000e+00 2.673881763211445328e-01 3.743881615396326135e-01 5.502863827637811678e-01 5.028636225257290260e-01 3.183925176305961724e-01 8.219585125427666394e-01 6.141062458015760228e-01 6.976186116249567526e-01
3.321499320569012426e-01 8.864055845535614431e-01 6.545587220176080079e-01 5.599966582204491949e-01 6.303712047296298193e-01 5.270236009484371431e-01 4.077995927001880627e-01 6.225673061788709051e-01 4.694386170780933676e-01 5.641353957409307451e-01 3.348694150881187381e-01 5.608343703997376029e-01 6.369419312871914540e-01 5.136799646226071214e-01 6.548324427602839615e-01 8.966438257049951233e-01 7.262065449820787055e-01 3.227807991664743414e-01 4.593960819458707823e-01 5.502902519001162673e-01 2.745614176609805224e-01 4.649404590384769165e-01 5.013716881990719632e-01 7.244590485756767784e-01 6.103511085488173560e-01 8.513794670180323543e-01 2.673881763211445328e-01 0.000000000000000000e+00 5.326451650755139600e-01 5.073570626320182964e-01 1.820688547753022135e-01 4.636008927457707096e-01 5.732448215501433353e-01 4.653865666396395095e-01 4.997929823199967481e-01
1.313329056709848786e-01 5.285604303198905285e-01 1.647754171925013278e-01 3.228366069003452687e-01 5.030693270499682068e-01 1.763065954919921241e-01 4.498460944674549378e-01 5.135263462951987767e-01 1.459397719938793081e-01 6.652342559804698130e-01 5.136957433054629707e-01 1.448489750479645122e-01 6.791835571710700403e-01 7.169571414572931678e-01 4.541130058634319511e-01 1.523457799039047433e-01 7.782314831585992465e-01 6.174279292666678964e-01 8.552930438358757881e-01 6.204262735193497580e-01 6.152793692302274131e-01 1.603713363573314732e-01 8.200704000368255198e-01 4.628657247323424428e-01 7.062655741196595116e-01 5.276607816758517311e-01 3.743881615396326135e-01 5.326451650755139600e-01 0.000000000000000000e+00 9.697340463776340513e-01 2.551579841624010969e-01 8.115455234363596615e-01 8.352836662633089659e-01 6.510920335438871165e-01 6.320619317294348116e-01
1.890943357360460597e-01 2.497272675639107264e-01 1.727684153479115969e-01 8.722853381868042044e-01 4.601725079757813530e-01 4.853118707155478218e-01 5.485813121860015906e-01 6.918816959851805670e-01 6.289992506680843753e-01 3.195272564655647907e-01 7.929561835809041392e-01 8.745613703129506700e-01 6.122668500194932140e-01 3.862893258940302554e-01 7.997907480011228198e-01 3.179387986495004204e-01 6.344711784953445122e-01 4.111584790518122978e-01 7.281639374533256381e-01 8.450709596522005818e-01 2.495312501735854893e-01 4.439196318777172134e-01 8.199619679533801664e-01 4.698920576609248445e-01 4.343390870223579059e-01 2.203197539455289400e-01 5.502863827637811678e-01 5.073570626320182964e-01 9.697340463776340513e-01 0.000000000000000000e+00 1.541894345238810637e-01 5.871698058492160754e-01 4.608490825655816581e-01 5.450913885038546347e-01 3.838577977090309457e-01
8.104566532955235214e-01 8.066609628964939160e-01 4.907029268659566790e-01 2.532871359534346611e-01 6.576187668054306323e-01 6.823003830306005879e-01 6.470059274825950002e-01 2.782753599176024384e-01 5.341951963753461818e-01 4.730689145139325702e-01 4.657826281553166803e-01 3.102237003609777943e-01 8.050764526049554171e-01 5.518423700509205165e-01 2.661452461880301490e-01 2.713181866795124630e-01 5.364664589485147461e-01 1.810687777265279630e-01 2.222519886591046712e-01 6.330644007048673583e-01 3.916787293672916448e-01 5.090647398286479719e-01 6.608781881109946355e-01 8.266328676418451815e-01 3.120955751793242916e-01 5.909959615988364945e-01 5.028636225257290260e-01 1.820688547753022135e-01 2.551579841624010969e-01 1.541894345238810637e-01 0.000000000000000000e+00 4.848860192577973960e-01 4.653687819827302397e-01 5.882409886903637863e-01 4.283849512826806150e-01
6.089722708638986015e-01 6.344873202477840923e-01 2.693954582485044158e-01 4.254929021262460753e-01 5.552859416917603763e-01 5.531505345801364104e-01 3.435655350397872065e-01 8.151445181811192153e-01 9.163711430867516050e-01 2.756872498945011074e-01 7.203828006960648622e-01 1.547365091430134010e-01 2.450073499619428441e-01 4.910894153795550277e-01 5.100198635382621193e-01 2.370465419849677180e-01 6.188061679817330463e-01 5.244400341188421022e-01 3.534907287947103294e-01 2.712676795935071716e-01 3.105456274324008281e-01 3.265038433593852041e-01 6.974715941349578507e-01 3.156048458158115522e-01 2.819176320439894523e-01 4.511146920505504365e-01 3.183925176305961724e-01 4.636008927457707096e-01 8.115455234363596615e-01 5.871698058492160754e-01 4.848860192577973960e-01 0.000000000000000000e+00 2.665133110946559247e-01 2.529315430099937645e-01 7.749054232047126733e-01
7.115403989482638192e-01 5.584503665742863721e-01 5.840994866256326024e-01 5.799277961358766387e-01 1.631176065494001071e-01 4.395112810290853766e-01 7.768968114931030788e-01 3.566045764721813560e-01 8.059760577912211676e-01 6.606067980955646624e-01 5.272477742926138244e-01 4.916762213931411551e-01 7.758383526937364660e-01 2.985262920807604803e-01 6.360621599049767205e-01 5.384812992460821235e-01 4.788525548026875689e-01 8.268932483949349432e-01 1.521769706486235663e-01 5.722723063486133688e-01 5.014735009788529041e-01 3.155208785500008828e-01 4.909973399912482273e-01 6.014161470466018455e-01 3.962471046545001929e-01 4.847737285792034223e-01 8.219585125427666394e-01 5.732448215501433353e-01 8.352836662633089659e-01 4.608490825655816581e-01 4.653687819827302397e-01 2.665133110946559247e-01 0.000000000000000000e+00 7.204604278653292670e-01 3.251415773931738418e-01
3.973044320274534691e-01 2.384874661884246461e-01 5.024444035426476329e-01 6.682096275353666126e-01 5.735005052656889646e-01 6.470170263114307652e-01 7.384085832786820847e-01 5.617491558819314168e-01 5.151970127509919450e-01 5.150845461257163027e-01 7.831621998710580623e-01 6.177726622635995035e-01 4.692420047638498071e-01 4.646182207043762502e-01 2.397095545423258700e-01 7.591969019129463092e-01 6.020997907860203835e-01 3.597458420735524798e-01 4.525576526072669359e-01 8.909810163775281344e-01 7.782103360437253592e-01 4.597973791880801131e-01 5.350210652161132563e-01 4.417064034397801819e-01 7.482157839331541327e-01 1.953944466113813894e-01 6.141062458015760228e-01 4.653865666396395095e-01 6.510920335438871165e-01 5.450913885038546347e-01 5.882409886903637863e-01 2.529315430099937645e-01 7.204604278653292670e-01 0.000000000000000000e+00 4.934533506909324907e-01
6.087891114782633117e-01 8.479467897132351162e-01 2.263362010604054175e-01 7.250373414023867369e-01 1.697192886725891747e-01 6.998788508680706677e-01 2.199620172034583154e-01 8.668437439286611479e-01 6.193516287029414702e-01 2.420681535405087015e-01 5.494286919756653509e-01 1.061741389292297777e-01 4.210856536651481630e-01 5.348506472608451912e-01 4.243419607686770845e-01 1.230117278798313896e-01 4.543900532229531164e-01 6.125093294086202400e-01 7.263004964363788396e-01 6.750158250543938365e-01 3.070800832883030518e-01 6.707646743135897704e-01 7.047761159670408171e-01 7.165888073194628394e-01 6.524430001375756127e-01 6.046822996725832455e-01 6.976186116249567526e-01 4.997929823199967481e-01 6.320619317294348116e-01 3.838577977090309457e-01 4.283849512826806150e-01 7.749054232047126733e-01 3.251415773931738418e-01 4.934533506909324907e-01 0.000000000000000000e+00
