0.000000000000000000e+00 3.871033831346923915e-01 6.799771673625711887e-01 7.158373316354410543e-01 3.947102533441231298e-01 8.216932095027729144e-01 1.691795840750063840e-01 6.449910156720183307e-01 1.745085689721824207e-01 1.455392467232776710e-01 1.147273427388381117e-01 6.270918557775798652e-01 2.397490469145525660e-01 6.569018227507389396e-01 7.458410256399519156e-01 4.142518410590722566e-01 3.813467527590771455e-01 6.142434286117690601e-01 8.516467216979214383e-01 4.835402136930052053e-01 4.693759622331195036e-01 1.978735722770168515e-01 6.155258306769038068e-01 3.679218478307985096e-01 3.531040478431603513e-01 4.405386048819427414e-01 3.564812178156194222e-01 3.600727863381669724e-01 3.990165252308557342e-01 3.172696553608261860e-01 3.968100895537895467e-01 3.006525491604640221e-01 2.332174308759577541e-01 8.607564314654834181e-01 6.045523575208904266e-01
3.871033831346923915e-01 0.000000000000000000e+00 2.749047617963129575e-01 3.535816069593797351e-01 6.885681853433855970e-01 3.000686505959140327e-01 6.018401013961536261e-01 1.620546566562129920e-01 1.360443511992339705e-01 6.684069670238643734e-01 3.571999283317759399e-01 7.023419881691148614e-01 2.961739944499023336e-01 7.899582456311157186e-01 2.548920000516461948e-01 3.466684830136466111e-01 6.419019981232001459e-01 6.011804442683539307e-01 4.571353325095074971e-01 4.818276740400179725e-01 5.763236905106321473e-01 6.401882378243815008e-01 4.227744954954286705e-01 8.263851456922184369e-01 5.766331735559504512e-01 2.995485185475672552e-01 5.410061677255856294e-01 6.240278728560000321e-01 5.950358364315520010e-01 4.624118594331424470e-01 6.132385530629000936e-01 5.527821536217032428e-01 3.184231481309156564e-01 1.454327017726383953e-01 8.591577126328051595e-01
6.799771673625711887e-01 2.749047617963129575e-01 0.000000000000000000e+00 4.719739011283612951e-01 6.402468106907801548e-01 8.721391204208805981e-01 5.963584311999730048e-01 6.644794386411359000e-01 5.540671497767062359e-01 7.172082508489998620e-01 5.767267895277198297e-01 4.235030024953869154e-01 2.622718567278414792e-01 6.534171014149555701e-01 4.336718188820777309e-01 4.168222971172065305e-01 9.667009612867949464e-01 6.956606823792967909e-01 5.269817442217589187e-01 1.860804302863332538e-01 6.402769281292821635e-01 9.742794981281754918e-02 6.253985727096339486e-01 7.515637144837122863e-01 3.367825214881332574e-01 2.415051138904955597e-01 6.512358404839141413e-01 4.235408271243279454e-01 4.267817167774357046e-01 3.008476079731905450e-01 3.064592350065287185e-02 3.014893537808950308e-01 6.975917410897103377e-01 2.139925266905833290e-01 7.203971002788125411e-01
7.158373316354410543e-01 3.535816069593797351e-01 4.719739011283612951e-01 0.000000000000000000e+00 3.070859186479640290e-01 4.090873869933644991e-01 4.158973113392042675e-01 4.101027619314751016e-01 4.716879801909952263e-01 2.933873886002122955e-01 2.732836784489325321e-01 6.737348218067453764e-01 8.765065408720627005e-01 5.937786094664028180e-01 8.073761582615341936e-01 6.097158174425212351e-01 3.007850028445866464e-01 5.256158576296872109e-01 8.720456438298177515e-01 7.569330741060622536e-01 5.347301131138062491e-01 9.511803009538096765e-01 7.468660838142999747e-01 4.566150926014679867e-01 4.915887796108754371e-01 7.147745467520094653e-02 7.608838907012398511e-01 6.793395172770726465e-01 7.527737842345780805e-01 5.852308815143600906e-01 6.496696670137240837e-01 5.015303670555550930e-01 7.318053329120806083e-01 4.394097763354699593e-01 5.282330718818216697e-01
3.947102533441231298e-01 6.885681853433855970e-01 6.402468106907801548e-01 3.070859186479640290e-01 0.000000000000000000e+00 1.706382037202329727e-01 5.265563427276686026e-01 7.993791056569115039e-01 5.647901848373892975e-01 4.386281445722421957e-01 6.954296667743943283e-01 3.668713181364062770e-01 1.112152592811961327e-01 6.985876868488406499e-01 7.962372238844385164e-01 1.919761154504499023e-01 6.296856538165227501e-01 5.301298988215574770e-01 3.954741752300016677e-01 1.546693385197177584e-01 4.869364523547057844e-01 1.954501209004064766e-01 1.785543773737295892e-01 5.319526134549528162e-01 1.088751409472099585e-01 6.681632640965351477e-01 6.551217633888045677e-01 5.754545036362159749e-01 6.260568642137303019e-01 3.124998820761884510e-01 4.550598702823647757e-01 4.164255150255987692e-01 4.137279033129773742e-01 6.307006844103644205e-01 3.911893057055662037e-01
8.216932095027729144e-01 3.000686505959140327e-01 8.721391204208805981e-01 4.090873869933644991e-01 1.706382037202329727e-01 0.000000000000000000e+00 4.709543099949790590e-01 1.621764328229867713e-01 2.986596144863378210e-01 5.080753908719614076e-01 7.584864172052794284e-01 7.502539724444871050e-01 7.645791770682180966e-01 4.893166491782618421e-01 3.703404173847696379e-01 3.236593639946458989e-01 4.553499111211798400e-01 5.300932885411387963e-01 5.348925135430208089e-01 6.801139803023249497e-01 5.986612801742730028e-01 8.237413325720619461e-01 4.008460915318514672e-01 6.475073573824449147e-01 6.440932636192935323e-01 6.981854084535239480e-01 8.489084134151274608e-01 3.533455296379769406e-01 6.733914395699986954e-01 7.332294598340394209e-01 6.239577966401552711e-01 5.869763289193357103e-01 3.887497174831358038e-01 5.861891378181764978e-01 4.038521601118114646e-01
1.691795840750063840e-01 6.018401013961536261e-01 5.963584311999730048e-01 4.158973113392042675e-01 5.265563427276686026e-01 4.709543099949790590e-01 0.000000000000000000e+00 7.761906479843514450e-01 6.875897278750864317e-01 6.268042819862316151e-01 5.579326661630967799e-01 4.624455913738821922e-01 3.864945101439417052e-01 2.242630052473881808e-01 3.599900335594368173e-01 3.754580068280163330e-01 7.190204513550941812e-01 2.988450422666409922e-01 8.538048442568051399e-01 5.338313818451940751e-01 7.778388093262520453e-01 2.594824602788948775e-01 3.383242154954594350e-01 5.187185451127946934e-01 7.357951927635282274e-01 5.753629078026352150e-01 4.811826264473661463e-01 7.117311677734241560e-01 5.829632589262071507e-01 7.719587808482204494e-01 6.524995954730485881e-01 7.583426139439404245e-01 3.807263382532395934e-01 5.854143086968460752e-01 5.039945101949645512e-01
6.449910156720183307e-01 1.620546566562129920e-01 6.644794386411359000e-01 4.101027619314751016e-01 7.993791056569115039e-01 1.621764328229867713e-01 7.761906479843514450e-01 0.000000000000000000e+00 2.880291241630268395e-01 9.286713974644500436e-01 3.092621941097601912e-01 4.214712335338419713e-01 7.286038354973450870e-01 7.078188956409514621e-01 3.659598048391509706e-01 1.873260128897309418e-01 3.111636929846286481e-01 2.728798491299050388e-01 8.777008754634609833e-01 4.422865730923679073e-01 7.471626427064236298e-01 5.831566360785797043e-01 4.556065416412707902e-01 6.441558301501444372e-01 2.848123400269944039e-01 3.210307804317972802e-01 8.236324354745139242e-01 5.960358369830380809e-01 7.175297183077689045e-01 7.603250954347786639e-01 5.195920193146870147e-01 6.394041278528175276e-01 5.576725779047156939e-01 5.188705463310511190e-01 5.109597873982916205e-01
1.745085689721824207e-01 1.360443511992339705e-01 5.540671497767062359e-01 4.716879801909952263e-01 5.647901848373892975e-01 2.986596144863378210e-01 6.875897278750864317e-01 2.880291241630268395e-01 0.000000000000000000e+00 5.189330656281538889e-01 5.935052800045266252e-01 5.597021518354172720e-01 7.586932106320143365e-01 8.370190249234500390e-01 5.767515379540866238e-01 1.080654755518023480e-01 5.339292557185137955e-01 4.174716968234241099e-01 3.203678945305581949e-01 8.351087539494197465e-01 8.183613125774384933e-01 4.907467786670910437e-01 3.772797801300773468e-01 2.842862700931290676e-01 5.500071268889219489e-01 8.955959030340043814e-02 2.404723238697215049e-01 6.739965841916097933e-01 2.190172762455493971e-01 5.444961157756860182e-01 9.184475504991228556e-01 2.308778327856008949e-01 5.421229467073540587e-01 3.459129539914839180e-01 2.802541971134929755e-01
1.455392467232776710e-01 6.684069670238643734e-01 7.172082508489998620e-01 2.933873886002122955e-01 4.386281445722421957e-01 5.080753908719614076e-01 6.268042819862316151e-01 9.286713974644500436e-01 5.189330656281538889e-01 0.000000000000000000e+00 6.033779235496403714e-01 2.957581596445124084e-01 9.140977686332427687e-01 5.525767379250665634e-01 6.587832154560673281e-01 3.015923284572419316e-01 7.436520133582364966e-01 4.597412496910573410e-01 7.910649810763541456e-01 6.286095583122176533e-01 6.217465937862860503e-01 2.281980133868168337e-01 5.022765317714497080e-01 4.937081087346429920e-01 7.986340760341124057e-01 7.497136625373164165e-01 1.477771791281589087e-01 8.248990935072209041e-01 4.618594317178773556e-01 9.035770327677763447e-01 8.785017078681924829e-01 3.990731863694821913e-01 7.359093127386121536e-01 6.512272895195700961e-01 6.093924360041945709e-01
1.147273427388381117e-01 3.571999283317759399e-01 5.767267895277198297e-01 2.732836784489325321e-01 6.954296667743943283e-01 7.584864172052794284e-01 5.579326661630967799e-01 3.092621941097601912e-01 5.935052800045266252e-01 6.033779235496403714e-01 0.000000000000000000e+00 5.706449899645127388e-01 5.857247842482899980e-01 7.189173498473042656e-01 1.951085462301784257e-01 9.295538342708160595e-01 6.967874507746847357e-01 3.425356931678903427e-01 4.369763538869104735e-01 1.442623907964146190e-01 1.934107228258331590e-01 2.557452180760299010e-01 7.439552971297296313e-01 8.756766121553196669e-01 5.734364146457979761e-01 7.126500289679646993e-01 8.388281852417909246e-01 4.027015196917696493e-01 4.612697393705486593e-01 6.772468509785332103e-01 8.425273157885246889e-01 6.001288358094720721e-01 6.171101200574540258e-01 5.897173321993127715e-01 4.981906327787624100e-01
6.270918557775798652e-01 7.023419881691148614e-01 4.235030024953869154e-01 6.737348218067453764e-01 3.668713181364062770e-01 7.502539724444871050e-01 4.624455913738821922e-01 4.214712335338419713e-01 5.597021518354172720e-01 2.957581596445124084e-01 5.706449899645127388e-01 0.000000000000000000e+00 5.122587493189886265e-01 2.558322909700422310e-01 6.790858380362265745e-01 1.277402123472423101e-01 5.319337770955031575e-01 6.773441107155395713e-01 4.068713272366719647e-02 7.165024863654068099e-01 2.900221687817183813e-01 5.940157793692570909e-01 8.039529618770462349e-01 7.144671214531705949e-01 7.134994613437173339e-02 4.698077860844341869e-01 4.383521455624761476e-01 5.062604232486752620e-01 6.301181257526622392e-01 3.675044364737358182e-01 6.584686906635194292e-01 3.324553331042469639e-01 7.559962555708521492e-01 3.299347023665377687e-01 4.556074186908517509e-01
2.397490469145525660e-01 2.961739944499023336e-01 2.622718567278414792e-01 8.765065408720627005e-01 1.112152592811961327e-01 7.645791770682180966e-01 3.864945101439417052e-01 7.286038354973450870e-01 7.586932106320143365e-01 9.140977686332427687e-01 5.857247842482899980e-01 5.122587493189886265e-01 0.000000000000000000e+00 6.018337082814344541e-01 9.106312256486288614e-01 2.316912169170586289e-01 4.766116098124643097e-01 5.097873059528332806e-01 6.726345898209490359e-01 5.140467028070527800e-01 9.238522329711051917e-01 4.822221875338112973e-01 3.314435586657833444e-01 2.741165163145928840e-01 7.545191162983256872e-01 3.751155824936207583e-01 4.638021936660714495e-01 3.771418021444639668e-01 4.862407723025607975e-01 2.529792026980934305e-01 5.717120768308021628e-01 7.025003308480308739e-01 6.090964280211932369e-01 7.634468468035453537e-01 6.679273949432604773e-01
6.569018227507389396e-01 7.899582456311157186e-01 6.534171014149555701e-01 5.937786094664028180e-01 6.985876868488406499e-01 4.893166491782618421e-01 2.242630052473881808e-01 7.078188956409514621e-01 8.370190249234500390e-01 5.525767379250665634e-01 7.189173498473042656e-01 2.558322909700422310e-01 6.018337082814344541e-01 0.000000000000000000e+00 6.318076289570422333e-01 3.306417779687207403e-01 1.395344588903929539e-01 5.196409610732339868e-01 2.069302777005356253e-01 2.930204661056948767e-01 1.887457139951053131e-01 6.275990064108853961e-01 3.095858576882179469e-01 1.289311036103373276e-01 5.315184646818138514e-01 5.184597781129453020e-01 5.532551949360954291e-01 7.186600995241412271e-01 2.977833650568469936e-01 6.565400639906688873e-01 5.978805000732507757e-01 3.957861566157631072e-01 5.385999503176637226e-01 4.774345908591847154e-01 2.040343599358377391e-01
7.458410256399519156e-01 2.548920000516461948e-01 4.336718188820777309e-01 8.073761582615341936e-01 7.962372238844385164e-01 3.703404173847696379e-01 3.599900335594368173e-01 3.659598048391509706e-01 5.767515379540866238e-01 6.587832154560673281e-01 1.951085462301784257e-01 6.790858380362265745e-01 9.106312256486288614e-01 6.318076289570422333e-01 0.000000000000000000e+00 4.933562262909735874e-01 5.544711172281905354e-01 6.426953712140079933e-01 4.527157427841148607e-01 9.660042851703467548e-01 4.906524077187601196e-01 4.422197775186957891e-01 9.142391287603678363e-01 3.380692193316771066e-01 4.701422070437925038e-01 2.338827228924517665e-01 5.706534356053640789e-01 7.554155126062908066e-01 3.306644415112622859e-01 6.788472495453115041e-01 8.514662600679834270e-01 5.936095790037769770e-01 3.672891623643861347e-01 4.759288028297875561e-01 3.249264698833521647e-01
4.142518410590722566e-01 3.466684830136466111e-01 4.168222971172065305e-01 6.097158174425212351e-01 1.919761154504499023e-01 3.236593639946458989e-01 3.754580068280163330e-01 1.873260128897309418e-01 1.080654755518023480e-01 3.015923284572419316e-01 9.295538342708160595e-01 1.277402123472423101e-01 2.316912169170586289e-01 3.306417779687207403e-01 4.933562262909735874e-01 0.000000000000000000e+00 6.527039316976166461e-01 8.256319553009568990e-01 5.383718452948476063e-01 3.444348116867836374e-01 6.388982940893309648e-01 3.302545793847452837e-01 6.151297981830209372e-01 5.690620301915370050e-01 3.954882120862095451e-01 5.977129284013046329e-01 2.370871749406688878e-01 6.278639998749091511e-01 6.804760646414277359e-01 6.069943607235425143e-01 4.108610278662890858e-01 7.644793356634533854e-01 7.058999000960454184e-01 6.106707062856049362e-01 6.062613896139417147e-01
3.813467527590771455e-01 6.419019981232001459e-01 9.667009612867949464e-01 3.007850028445866464e-01 6.296856538165227501e-01 4.553499111211798400e-01 7.190204513550941812e-01 3.111636929846286481e-01 5.339292557185137955e-01 7.436520133582364966e-01 6.967874507746847357e-01 5.319337770955031575e-01 4.766116098124643097e-01 1.395344588903929539e-01 5.544711172281905354e-01 6.527039316976166461e-01 0.000000000000000000e+00 4.650893025099229749e-01 4.304356055084692656e-01 7.070092897678803556e-01 7.589693359598025379e-01 4.520019949631040590e-01 6.659603445353401430e-01 5.837786505619344535e-01 5.953398072402380503e-01 5.325995896145960806e-01 5.953316503368689672e-01 3.929227450541709077e-01 4.411283033743705895e-01 6.914426763221050987e-01 7.783603450599063667e-01 5.641054245176277959e-01 8.843720872562845781e-01 4.035543832563874278e-01 5.842876976581429238e-01
6.142434286117690601e-01 6.011804442683539307e-01 6.956606823792967909e-01 5.256158576296872109e-01 5.301298988215574770e-01 5.300932885411387963e-01 2.988450422666409922e-01 2.728798491299050388e-01 4.174716968234241099e-01 4.597412496910573410e-01 3.425356931678903427e-01 6.773441107155395713e-01 5.097873059528332806e-01 5.196409610732339868e-01 6.426953712140079933e-01 8.256319553009568990e-01 4.650893025099229749e-01 0.000000000000000000e+00 6.696316338959666936e-01 4.193099226406432622e-01 9.334416504146528792e-01 5.025846023047185751e-01 9.636759356606412474e-01 8.476329880494526403e-02 4.096669097616043587e-01 7.434091253043829672e-01 4.071141510170879219e-01 7.827371941335312666e-01 8.322016443755761994e-01 4.428225811059931516e-01 3.531635369854162487e-01 3.215340634183612711e-01 2.952063342541965674e-01 7.399269715894167820e-01 8.772204955061395637e-01
8.516467216979214383e-01 4.571353325095074971e-01 5.269817442217589187e-01 8.720456438298177515e-01 3.954741752300016677e-01 5.348925135430208089e-01 8.538048442568051399e-01 8.777008754634609833e-01 3.203678945305581949e-01 7.910649810763541456e-01 4.369763538869104735e-01 4.068713272366719647e-02 6.726345898209490359e-01 2.069302777005356253e-01 4.527157427841148607e-01 5.383718452948476063e-01 4.304356055084692656e-01 6.696316338959666936e-01 0.000000000000000000e+00 2.875574353978220810e-01 5.754974529943359673e-01 5.222358104537154766e-01 2.101819165876206430e-01 7.145961065575081594e-01 1.044224487133491586e-01 5.490261718734803509e-01 4.507290896604391750e-01 5.239247966875569817e-01 5.381448057376823080e-01 9.105337521441481119e-02 4.487080886891893772e-01 2.853285934122166134e-01 6.862118073344060099e-01 4.974438689884351228e-01 7.028826138078330121e-01
4.835402136930052053e-01 4.818276740400179725e-01 1.860804302863332538e-01 7.569330741060622536e-01 1.546693385197177584e-01 6.801139803023249497e-01 5.338313818451940751e-01 4.422865730923679073e-01 8.351087539494197465e-01 6.286095583122176533e-01 1.442623907964146190e-01 7.165024863654068099e-01 5.140467028070527800e-01 2.930204661056948767e-01 9.660042851703467548e-01 3.444348116867836374e-01 7.070092897678803556e-01 4.193099226406432622e-01 2.875574353978220810e-01 0.000000000000000000e+00 3.685910769467259929e-01 8.161192114028348321e-01 5.304821318416371723e-01 7.835599097145655723e-01 2.934419926748704777e-01 7.440141289854184103e-01 6.695850044313880201e-01 4.955850033816712186e-01 8.302282332264940834e-01 4.212292317096586469e-01 2.382785551029248383e-01 5.571388816779098141e-01 4.113380800005886906e-01 8.411511071654858007e-01 3.161151083670610262e-01
4.693759622331195036e-01 5.763236905106321473e-01 6.402769281292821635e-01 5.347301131138062491e-01 4.869364523547057844e-01 5.986612801742730028e-01 7.778388093262520453e-01 7.471626427064236298e-01 8.183613125774384933e-01 6.217465937862860503e-01 1.934107228258331590e-01 2.900221687817183813e-01 9.238522329711051917e-01 1.887457139951053131e-01 4.906524077187601196e-01 6.388982940893309648e-01 7.589693359598025379e-01 9.334416504146528792e-01 5.754974529943359673e-01 3.685910769467259929e-01 0.000000000000000000e+00 2.142115675693578858e-01 3.374574817895356071e-01 4.082302322722888288e-01 6.419673960165344084e-01 7.041369000702224490e-02 4.479429112340573282e-01 6.846889627337774398e-01 4.703462354725018724e-02 4.374124225811987787e-01 4.509291617404801444e-01 9.794996868598209172e-01 2.366266993968849652e-01 3.920833488497204589e-01 3.962350991313591253e-01
1.978735722770168515e-01 6.401882378243815008e-01 9.742794981281754918e-02 9.511803009538096765e-01 1.954501209004064766e-01 8.237413325720619461e-01 2.594824602788948775e-01 5.831566360785797043e-01 4.907467786670910437e-01 2.281980133868168337e-01 2.557452180760299010e-01 5.940157793692570909e-01 4.822221875338112973e-01 6.275990064108853961e-01 4.422197775186957891e-01 3.302545793847452837e-01 4.520019949631040590e-01 5.025846023047185751e-01 5.222358104537154766e-01 8.161192114028348321e-01 2.142115675693578858e-01 0.000000000000000000e+00 4.541985584136907228e-01 7.658276849288101484e-01 1.334403369677172879e-01 7.826778190283769643e-01 5.991851950711847286e-01 4.896371574296635720e-01 4.874840200793637002e-01 3.960108444926683235e-01 5.781779580329786672e-01 6.101514770834587376e-01 5.309649742475321954e-01 8.722644509580328442e-01 4.499409831747490096e-01
6.155258306769038068e-01 4.227744954954286705e-01 6.253985727096339486e-01 7.468660838142999747e-01 1.785543773737295892e-01 4.008460915318514672e-01 3.383242154954594350e-01 4.556065416412707902e-01 3.772797801300773468e-01 5.022765317714497080e-01 7.439552971297296313e-01 8.039529618770462349e-01 3.314435586657833444e-01 3.095858576882179469e-01 9.142391287603678363e-01 6.151297981830209372e-01 6.659603445353401430e-01 9.636759356606412474e-01 2.101819165876206430e-01 5.304821318416371723e-01 3.374574817895356071e-01 4.541985584136907228e-01 0.000000000000000000e+00 7.582490228738172355e-01 4.242964763886022395e-01 6.641271664774978101e-01 7.364818668332899776e-01 3.967870620404995718e-01 1.215100412268630414e-01 4.153449258283229417e-01 4.307556841186298557e-01 7.005128835668162912e-01 5.550363963303144299e-01 8.448131350250033256e-01 6.667113731781854069e-01
3.679218478307985096e-01 8.263851456922184369e-01 7.515637144837122863e-01 4.566150926014679867e-01 5.319526134549528162e-01 6.475073573824449147e-01 5.187185451127946934e-01 6.441558301501444372e-01 2.842862700931290676e-01 4.937081087346429920e-01 8.756766121553196669e-01 7.144671214531705949e-01 2.741165163145928840e-01 1.289311036103373276e-01 3.380692193316771066e-01 5.690620301915370050e-01 5.837786505619344535e-01 8.476329880494526403e-02 7.145961065575081594e-01 7.835599097145655723e-01 4.082302322722888288e-01 7.658276849288101484e-01 7.582490228738172355e-01 0.000000000000000000e+00 8.430451772487705941e-01 4.073717310694088267e-01 2.263356408102933370e-01 8.341787436528319555e-01 4.227617463493708594e-01 5.248949935419791046e-01 8.896609620226558768e-01 4.968528993934683835e-01 8.686250786524654099e-01 5.078035664269427985e-01 1.514911636495296365e-01
3.531040478431603513e-01 5.766331735559504512e-01 3.367825214881332574e-01 4.915887796108754371e-01 1.088751409472099585e-01 6.440932636192935323e-01 7.357951927635282274e-01 2.848123400269944039e-01 5.500071268889219489e-01 7.986340760341124057e-01 5.734364146457979761e-01 7.134994613437173339e-02 7.545191162983256872e-01 5.315184646818138514e-01 4.701422070437925038e-01 3.954882120862095451e-01 5.953398072402380503e-01 4.096669097616043587e-01 1.044224487133491586e-01 2.934419926748704777e-01 6.419673960165344084e-01 1.334403369677172879e-01 4.242964763886022395e-01 8.430451772487705941e-01 0.000000000000000000e+00 3.770863333822308539e-01 8.759287192942819544e-01 5.884828781170321488e-01 1.799019812950359287e-01 3.673188042275637999e-01 5.280762290349368948e-01 6.214680444100335599e-01 5.851731238138526692e-01 6.462925843238134238e-01 2.571361034464967332e-01
4.405386048819427414e-01 2.995485185475672552e-01 2.415051138904955597e-01 7.147745467520094653e-02 6.681632640965351477e-01 6.981854084535239480e-01 5.753629078026352150e-01 3.210307804317972802e-01 8.955959030340043814e-02 7.497136625373164165e-01 7.126500289679646993e-01 4.698077860844341869e-01 3.751155824936207583e-01 5.184597781129453020e-01 2.338827228924517665e-01 5.977129284013046329e-01 5.325995896145960806e-01 7.434091253043829672e-01 5.490261718734803509e-01 7.440141289854184103e-01 7.041369000702224490e-02 7.826778190283769643e-01 6.641271664774978101e-01 4.073717310694088267e-01 3.770863333822308539e-01 0.000000000000000000e+00 5.680828401442918896e-01 4.843608370612718095e-01 4.515518285521414876e-01 5.716180261196509571e-01 4.957257830716562674e-01 5.129445018374346743e-01 7.859799862323806341e-01 5.392092587533352521e-01 9.022276783790517118e-01
3.564812178156194222e-01 5.410061677255856294e-01 6.512358404839141413e-01 7.608838907012398511e-01 6.551217633888045677e-01 8.489084134151274608e-01 4.811826264473661463e-01 8.236324354745139242e-01 2.404723238697215049e-01 1.477771791281589087e-01 8.388281852417909246e-01 4.383521455624761476e-01 4.638021936660714495e-01 5.532551949360954291e-01 5.706534356053640789e-01 2.370871749406688878e-01 5.953316503368689672e-01 4.071141510170879219e-01 4.507290896604391750e-01 6.695850044313880201e-01 4.479429112340573282e-01 5.991851950711847286e-01 7.364818668332899776e-01 2.263356408102933370e-01 8.759287192942819544e-01 5.680828401442918896e-01 0.000000000000000000e+00 4.928829910529210490e-01 8.816352318205845640e-01 3.787589985411610183e-01 7.191327522887773771e-01 2.763552224546820257e-01 6.260011729094940858e-01 4.401135770550494430e-01 6.524505779299194508e-01
3.600727863381669724e-01 6.240278728560000321e-01 4.235408271243279454e-01 6.793395172770726465e-01 5.754545036362159749e-01 3.533455296379769406e-01 7.117311677734241560e-01 5.960358369830380809e-01 6.739965841916097933e-01 8.248990935072209041e-01 4.027015196917696493e-01 5.062604232486752620e-01 3.771418021444639668e-01 7.186600995241412271e-01 7.554155126062908066e-01 6.278639998749091511e-01 3.929227450541709077e-01 7.827371941335312666e-01 5.239247966875569817e-01 4.955850033816712186e-01 6.846889627337774398e-01 4.896371574296635720e-01 3.967870620404995718e-01 8.341787436528319555e-01 5.884828781170321488e-01 4.843608370612718095e-01 4.928829910529210490e-01 0.000000000000000000e+00 3.731899745676395819e-01 3.745750222959856601e-01 2.128448137012908248e-01 8.812653599662439996e-01 4.432017521923095615e-01 6.693755370070690880e-01 5.603823100940721336e-01
3.990165252308557342e-01 5.950358364315520010e-01 4.267817167774357046e-01 7.527737842345780805e-01 6.260568642137303019e-01 6.733914395699986954e-01 5.829632589262071507e-01 7.175297183077689045e-01 2.190172762455493971e-01 4.618594317178773556e-01 4.612697393705486593e-01 6.301181257526622392e-01 4.862407723025607975e-01 2.977833650568469936e-01 3.306644415112622859e-01 6.804760646414277359e-01 4.411283033743705895e-01 8.322016443755761994e-01 5.381448057376823080e-01 8.302282332264940834e-01 4.703462354725018724e-02 4.874840200793637002e-01 1.215100412268630414e-01 4.227617463493708594e-01 1.799019812950359287e-01 4.515518285521414876e-01 8.816352318205845640e-01 3.731899745676395819e-01 0.000000000000000000e+00 6.255043484505677931e-01 7.183261838711025860e-01 8.330931431092241102e-01 9.228753761527741517e-01 7.352303216410933651e-01 7.617391660900758588e-01
3.172696553608261860e-01 4.624118594331424470e-01 3.008476079731905450e-01 5.852308815143600906e-01 3.124998820761884510e-01 7.332294598340394209e-01 7.719587808482204494e-01 7.603250954347786639e-01 5.444961157756860182e-01 9.035770327677763447e-01 6.772468509785332103e-01 3.675044364737358182e-01 2.529792026980934305e-01 6.565400639906688873e-01 6.788472495453115041e-01 6.069943607235425143e-01 6.914426763221050987e-01 4.428225811059931516e-01 9.105337521441481119e-02 4.212292317096586469e-01 4.374124225811987787e-01 3.960108444926683235e-01 4.153449258283229417e-01 5.248949935419791046e-01 3.673188042275637999e-01 5.716180261196509571e-01 3.787589985411610183e-01 3.745750222959856601e-01 6.255043484505677931e-01 0.000000000000000000e+00 5.402164771663396925e-01 6.363256192354316276e-01 6.999279919901241209e-01 3.356422272494747894e-01 4.757247314955119766e-01
3.968100895537895467e-01 6.132385530629000936e-01 3.064592350065287185e-02 6.496696670137240837e-01 4.550598702823647757e-01 6.239577966401552711e-01 6.524995954730485881e-01 5.195920193146870147e-01 9.184475504991228556e-01 8.785017078681924829e-01 8.425273157885246889e-01 6.584686906635194292e-01 5.717120768308021628e-01 5.978805000732507757e-01 8.514662600679834270e-01 4.108610278662890858e-01 7.783603450599063667e-01 3.531635369854162487e-01 4.487080886891893772e-01 2.382785551029248383e-01 4.509291617404801444e-01 5.781779580329786672e-01 4.307556841186298557e-01 8.896609620226558768e-01 5.280762290349368948e-01 4.957257830716562674e-01 7.191327522887773771e-01 2.128448137012908248e-01 7.183261838711025860e-01 5.402164771663396925e-01 0.000000000000000000e+00 8.321374867030673084e-01 7.846387185075198722e-01 7.139646429201536026e-01 7.716166670409296824e-02
3.006525491604640221e-01 5.527821536217032428e-01 3.014893537808950308e-01 5.015303670555550930e-01 4.164255150255987692e-01 5.869763289193357103e-01 7.583426139439404245e-01 6.394041278528175276e-01 2.308778327856008949e-01 3.990731863694821913e-01 6.001288358094720721e-01 3.324553331042469639e-01 7.025003308480308739e-01 3.957861566157631072e-01 5.936095790037769770e-01 7.644793356634533854e-01 5.641054245176277959e-01 3.215340634183612711e-01 2.853285934122166134e-01 5.571388816779098141e-01 9.794996868598209172e-01 6.101514770834587376e-01 7.005128835668162912e-01 4.968528993934683835e-01 6.214680444100335599e-01 5.129445018374346743e-01 2.763552224546820257e-01 8.812653599662439996e-01 8.330931431092241102e-01 6.363256192354316276e-01 8.321374867030673084e-01 0.000000000000000000e+00 2.858354696811706841e-01 4.210575391585671956e-01 5.001361180243218962e-01
2.332174308759577541e-01 3.184231481309156564e-01 6.975917410897103377e-01 7.318053329120806083e-01 4.137279033129773742e-01 3.887497174831358038e-01 3.807263382532395934e-01 5.576725779047156939e-01 5.421229467073540587e-01 7.359093127386121536e-01 6.171101200574540258e-01 7.559962555708521492e-01 6.090964280211932369e-01 5.385999503176637226e-01 3.672891623643861347e-01 7.058999000960454184e-01 8.843720872562845781e-01 2.952063342541965674e-01 6.862118073344060099e-01 4.113380800005886906e-01 2.366266993968849652e-01 5.309649742475321954e-01 5.550363963303144299e-01 8.686250786524654099e-01 5.851731238138526692e-01 7.859799862323806341e-01 6.260011729094940858e-01 4.432017521923095615e-01 9.228753761527741517e-01 6.999279919901241209e-01 7.846387185075198722e-01 2.858354696811706841e-01 0.000000000000000000e+00 8.334837375726349418e-01 2.550731906288189466e-01
8.607564314654834181e-01 1.454327017726383953e-01 2.139925266905833290e-01 4.394097763354699593e-01 6.307006844103644205e-01 5.861891378181764978e-01 5.854143086968460752e-01 5.188705463310511190e-01 3.459129539914839180e-01 6.512272895195700961e-01 5.897173321993127715e-01 3.299347023665377687e-01 7.634468468035453537e-01 4.774345908591847154e-01 4.759288028297875561e-01 6.106707062856049362e-01 4.035543832563874278e-01 7.399269715894167820e-01 4.974438689884351228e-01 8.411511071654858007e-01 3.920833488497204589e-01 8.722644509580328442e-01 8.448131350250033256e-01 5.078035664269427985e-01 6.462925843238134238e-01 5.392092587533352521e-01 4.401135770550494430e-01 6.693755370070690880e-01 7.352303216410933651e-01 3.356422272494747894e-01 7.139646429201536026e-01 4.210575391585671956e-01 8.334837375726349418e-01 0.000000000000000000e+00 6.598450243701590168e-01
6.045523575208904266e-01 8.591577126328051595e-01 7.203971002788125411e-01 5.282330718818216697e-01 3.911893057055662037e-01 4.038521601118114646e-01 5.039945101949645512e-01 5.109597873982916205e-01 2.802541971134929755e-01 6.093924360041945709e-01 4.981906327787624100e-01 4.556074186908517509e-01 6.679273949432604773e-01 2.040343599358377391e-01 3.249264698833521647e-01 6.062613896139417147e-01 5.842876976581429238e-01 8.772204955061395637e-01 7.028826138078330121e-01 3.161151083670610262e-01 3.962350991313591253e-01 4.499409831747490096e-01 6.667113731781854069e-01 1.514911636495296365e-01 2.571361034464967332e-01 9.022276783790517118e-01 6.524505779299194508e-01 5.603823100940721336e-01 7.617391660900758588e-01 4.757247314955119766e-01 7.716166670409296824e-02 5.001361180243218962e-01 2.550731906288189466e-01 6.598450243701590168e-01 0.000000000000000000e+00
