0.000000000000000000e+00 6.636743720736955066e-01 4.836507022835410119e-01 5.053770364034386731e-01 7.896875745724285522e-02 7.449124117737353501e-01 1.465057485413100435e-01 4.654229912294668425e-01 3.756393983637000833e-01 3.261203782959797293e-01 5.379856904296436149e-01 5.235981594414906848e-01 5.293030248018413264e-01 5.842165288576567361e-01 7.605149390376000351e-01 1.411209479939493638e-01 3.783640764079135854e-01 7.641357011057257065e-01 7.008036870062743784e-01 7.256486479807198187e-01 5.634242425245159502e-01 4.720386678289580917e-01 4.738345008385520529e-01 4.454371933523159632e-01 3.774609364897110186e-01 3.972723997348272529e-01 6.100847242245002189e-01 7.836846067241133307e-01 4.348312122520656686e-01 5.012812149066387946e-01 5.443727274990425302e-01 8.427456167546960586e-01 6.473439588792574417e-01 6.586419707901145504e-01 6.459672286993822787e-01
6.636743720736955066e-01 0.000000000000000000e+00 4.476795144673462179e-01 4.977148997823100385e-01 6.364082704645008803e-01 6.300206728702487657e-01 5.061639825362787004e-01 1.964380749792729586e-01 6.127147717087402246e-01 5.972709647300439295e-01 5.518733143106332451e-01 7.952314002312090846e-01 6.678100479975892512e-01 4.975862822363041338e-01 4.635466207473969424e-01 3.047424161482046867e-01 7.702808265945544353e-01 3.038383971305563813e-01 7.095010547582554228e-01 8.874223837419572547e-01 7.168641300463586274e-01 4.885977149076316528e-01 5.306334770502565412e-01 4.919476260207836793e-01 6.368854327102221324e-01 3.898123647431541161e-01 1.140977920026291503e-01 7.366938480442082327e-01 2.963107790812911091e-01 4.901144212181558490e-01 4.497313686410747136e-01 3.752571070944197285e-01 6.386411559947114958e-01 2.525737001841272811e-01 9.232040546919506596e-01
4.836507022835410119e-01 4.476795144673462179e-01 0.000000000000000000e+00 5.675989522676651022e-01 6.587204115633276125e-01 5.895806313779619057e-01 5.139659504465676765e-01 4.115373577176764108e-01 5.647663853081297258e-01 4.809492234714960457e-01 5.182196034351314040e-01 7.041653816773625341e-01 3.747572430305347035e-01 5.940174921841591127e-01 2.823262003899474903e-01 5.821733801059415514e-01 3.326675458784726924e-01 5.173373184245650958e-01 4.632256424243085258e-01 2.152906715066069676e-01 4.972202188935346268e-01 6.964820474955144558e-01 6.944400629857793161e-01 5.041719996757612066e-01 4.585361916862851217e-02 9.063919359839522905e-02 5.777190280081472284e-01 8.850419692342961220e-01 6.884958018388240841e-01 8.600916475581137366e-01 7.664491379449670516e-01 7.098109686584346267e-01 4.844552662745199578e-01 5.659369405885871229e-01 6.118661277831241030e-01
5.053770364034386731e-01 4.977148997823100385e-01 5.675989522676651022e-01 0.000000000000000000e+00 5.917570980088066035e-01 2.252941057622321885e-01 5.655609059184008025e-01 8.539855901546811179e-02 8.085054619352318728e-01 6.219000439717370377e-01 7.096410626722953197e-01 3.630814520814409363e-01 1.457564334302187126e-01 9.734356651701405738e-01 6.780240876553217388e-01 4.912013361040817316e-01 3.422413207778604027e-01 7.483254119874603871e-01 4.289554520252322756e-01 7.216174713418124220e-01 6.153731964235706897e-01 6.379470621100060690e-01 3.341366513930299487e-01 9.445623030355920768e-02 5.238535646232916898e-01 8.680545315786782901e-01 5.829953016393933929e-01 7.465484416948504620e-01 7.019183652615914593e-01 8.363233068005226922e-02 2.715934979912542069e-01 8.080045298513132135e-01 6.502198081491875614e-01 6.761462140673190069e-01 5.355784653906587867e-01
7.896875745724285522e-02 6.364082704645008803e-01 6.587204115633276125e-01 5.917570980088066035e-01 0.000000000000000000e+00 3.135846578758175740e-01 3.511442604050528660e-01 2.656186069305890851e-01 4.997453323575536954e-01 4.497926892839050339e-01 3.166974643213895657e-01 5.537946120889268853e-01 3.934941922444524787e-01 1.718702044288358266e-01 6.188906272770271499e-01 1.862274193549087187e-01 5.474860319311631862e-01 6.679045805444987494e-01 4.185503015755544509e-01 4.408560549554730312e-01 4.019124219596050818e-01 7.709303598226500132e-01 7.566988390356159666e-01 3.694438390850874887e-01 5.331574641247581736e-01 6.530199536967984386e-01 1.490721999037253886e-01 8.007751608977538016e-01 2.948372089704707211e-01 4.046998591285577707e-01 1.058199749470476458e-01 6.934915797424832107e-01 5.159809832619888237e-01 3.386949568992080328e-01 6.009614723287165505e-01
7.449124117737353501e-01 6.300206728702487657e-01 5.895806313779619057e-01 2.252941057622321885e-01 3.135846578758175740e-01 0.000000000000000000e+00 5.165710182999689870e-01 3.310115040649179718e-01 5.682821731006353350e-01 3.276307500832116304e-01 1.622786572384320447e-01 9.540560829140394272e-01 3.343075586087481121e-01 1.276091144316169324e-01 3.881400104525363770e-01 4.939686815620136784e-01 4.404712720161745865e-01 6.093350905949755925e-01 6.689360915656579198e-01 5.146576173313111013e-01 4.101282785045808899e-01 5.682645970530939561e-01 3.495931094952625107e-01 8.942767651945382479e-02 6.203711357117756009e-01 1.725827302641780303e-01 1.911895536723112743e-01 5.031567804154573054e-01 3.558198213099860174e-01 3.088679523538311322e-01 3.732048087493471389e-01 2.952496460758934349e-01 1.682179984253039384e-01 4.602107344147506884e-01 5.994180220086693378e-01
1.465057485413100435e-01 5.061639825362787004e-01 5.139659504465676765e-01 5.655609059184008025e-01 3.511442604050528660e-01 5.165710182999689870e-01 0.000000000000000000e+00 8.747905390153205563e-01 3.614281904372214638e-01 7.559594802080351617e-01 3.419327692624949955e-01 3.038013092062379905e-01 7.030523595255139258e-01 6.727155424577866416e-01 3.541445782161732891e-01 5.615746365898088843e-01 3.663318433406563823e-01 7.287342516918767776e-01 8.610270254246938926e-01 3.241010571984515587e-01 7.491767445573576101e-01 5.861636013507489640e-01 3.465860794061530470e-01 7.596317240378382962e-01 4.595885122292249214e-01 4.370285924274441292e-01 2.463152080273885991e-01 8.535213132698271643e-01 5.526539170205400087e-01 7.041794589417258443e-01 5.398968543607916004e-01 6.352547162397947922e-01 6.493336916662808544e-01 7.099741334899698497e-01 8.231090690650024744e-01
4.654229912294668425e-01 1.964380749792729586e-01 4.115373577176764108e-01 8.539855901546811179e-02 2.656186069305890851e-01 3.310115040649179718e-01 8.747905390153205563e-01 0.000000000000000000e+00 6.067695581048777598e-01 7.933836559762041940e-01 2.974678861812424246e-01 7.439883244369593918e-01 6.994156636902444379e-01 4.156885623242254635e-01 3.795894694974696337e-01 3.984998355402070702e-01 4.129782813815927045e-01 6.726910645851735815e-01 1.851799754974595702e-01 4.577164678182060187e-01 7.680969774117175630e-01 9.147949945308900821e-01 4.303577846464846646e-01 4.892539175901040038e-01 3.074720292065138416e-01 9.128368340544101844e-01 2.624259780665224584e-01 1.405853889020223235e-01 5.259267006672661005e-01 3.474741269235422925e-01 2.568401224340152167e-01 3.625430125046012475e-01 7.437517779220114145e-01 5.795185826472445401e-01 3.340242311701165367e-01
3.756393983637000833e-01 6.127147717087402246e-01 5.647663853081297258e-01 8.085054619352318728e-01 4.997453323575536954e-01 5.682821731006353350e-01 3.614281904372214638e-01 6.067695581048777598e-01 0.000000000000000000e+00 5.167432192649226153e-01 4.605559658832375503e-01 4.400054351688704735e-01 5.534785343724748508e-01 5.468441345950900701e-01 6.946441797713565069e-01 6.923982757102037366e-01 5.088280915732901200e-01 6.944932387152822351e-01 6.326890085359515581e-01 2.332577652977416705e-01 5.708246339647613521e-01 6.456154605683518399e-01 2.644045061982244205e-01 9.659701035688921245e-01 7.442501708943556338e-01 3.485892333893368389e-01 1.254376824475645913e-01 1.723243298985598360e-01 2.901343845275673461e-01 5.537032468304696753e-01 3.941146271837895343e-01 4.156328216341750315e-01 8.696674730166988887e-01 2.900188116331011701e-01 5.158214230536211087e-01
3.261203782959797293e-01 5.972709647300439295e-01 4.809492234714960457e-01 6.219000439717370377e-01 4.497926892839050339e-01 3.276307500832116304e-01 7.559594802080351617e-01 7.933836559762041940e-01 5.167432192649226153e-01 0.000000000000000000e+00 6.454029673982453197e-01 6.126636894514359000e-02 5.569061047819465760e-01 1.900680274335406761e-01 1.945187133624530773e-01 7.012536631707952939e-01 4.079519954933756853e-01 3.142110027513858039e-01 6.910524082593865192e-01 7.963939696247066546e-01 4.781198320428978188e-01 7.634531538045443710e-01 5.355005865579534063e-01 1.877765775564109729e-01 1.791755817318789745e-01 5.190007935281569784e-01 2.232130872169879043e-01 6.321687092785416295e-01 6.534637526818245501e-01 6.824434592134710487e-01 3.527510284737485069e-01 6.977133246969504654e-01 3.970711215045502618e-01 7.738923659809824329e-01 2.193200297202677618e-01
5.379856904296436149e-01 5.518733143106332451e-01 5.182196034351314040e-01 7.096410626722953197e-01 3.166974643213895657e-01 1.622786572384320447e-01 3.419327692624949955e-01 2.974678861812424246e-01 4.605559658832375503e-01 6.454029673982453197e-01 0.000000000000000000e+00 5.504679204759256317e-01 6.494409595838552818e-01 2.841888295383822038e-01 6.293925995069316048e-02 4.298733297708408063e-01 3.017996543024202838e-01 6.508913082849824283e-01 4.676483455463159578e-02 3.729897078083125317e-01 4.426943193057018000e-01 4.068419852925008184e-01 9.179172874884828914e-01 7.080690078334871407e-01 8.803990247102611022e-01 6.954874542122397862e-01 9.109075969092081948e-01 4.391627916550536748e-01 7.815492317339240991e-01 2.474968641031222716e-01 5.166418691248573225e-01 9.845421003027188256e-02 4.728501069014843794e-01 6.046107835424529009e-01 2.146384276446550166e-01
5.235981594414906848e-01 7.952314002312090846e-01 7.041653816773625341e-01 3.630814520814409363e-01 5.537946120889268853e-01 9.540560829140394272e-01 3.038013092062379905e-01 7.439883244369593918e-01 4.400054351688704735e-01 6.126636894514359000e-02 5.504679204759256317e-01 0.000000000000000000e+00 2.327429737048352099e-01 5.533280003003928638e-01 1.736227301779612597e-01 3.604833289787823247e-01 6.146604733451633829e-01 6.034462406006975144e-01 4.340861908818318127e-01 3.445227305990209432e-01 5.413063934819581924e-01 4.872286550593823984e-01 6.289060608984382572e-01 4.630297634017523922e-01 2.886728520124282049e-01 4.212544833296657520e-01 3.805655410821358053e-01 5.106044469237261962e-01 3.591726558228080513e-01 5.235015251369912193e-01 3.325256276458975480e-01 3.250870475066241494e-01 4.081923462836061223e-01 2.597851424419379551e-01 5.008809211856549704e-01
5.293030248018413264e-01 6.678100479975892512e-01 3.747572430305347035e-01 1.457564334302187126e-01 3.934941922444524787e-01 3.343075586087481121e-01 7.030523595255139258e-01 6.994156636902444379e-01 5.534785343724748508e-01 5.569061047819465760e-01 6.494409595838552818e-01 2.327429737048352099e-01 0.000000000000000000e+00 3.779411863205998090e-01 6.677830778131014222e-01 4.075865618865085471e-01 5.465439785676211581e-01 8.466340303076209661e-01 8.064925273396349459e-01 3.819151671860923636e-01 7.062923757616794695e-01 1.368321753527345086e-01 8.408977773554365820e-01 4.710698453097217908e-01 5.551264320466011704e-01 7.694410388833952119e-01 8.131296648544705796e-01 4.888732415114245833e-01 3.489198496208748557e-01 3.745663853378657371e-01 5.801922396595073916e-01 6.036091252187469891e-01 3.575513403408229762e-01 4.372258719797766369e-01 6.193078905427031877e-01
5.842165288576567361e-01 4.975862822363041338e-01 5.940174921841591127e-01 9.734356651701405738e-01 1.718702044288358266e-01 1.276091144316169324e-01 6.727155424577866416e-01 4.156885623242254635e-01 5.468441345950900701e-01 1.900680274335406761e-01 2.841888295383822038e-01 5.533280003003928638e-01 3.779411863205998090e-01 0.000000000000000000e+00 2.906231553506987697e-01 3.854576110479148165e-01 6.913625653821133810e-01 5.712280171608264956e-01 3.704187571887045949e-01 4.457030301213087964e-01 3.218912220848089700e-01 5.970094817032601808e-01 1.667552491656995040e-01 3.353799453477043224e-01 4.531694033366226448e-01 8.116138046385282800e-01 5.965356090639826192e-01 9.033761563649302939e-01 4.583849734677948873e-01 4.282660102660265089e-01 5.391370041188805473e-01 4.054420968761183186e-01 5.652588196617285288e-01 4.968227755095026010e-01 5.906244653694205926e-01
7.605149390376000351e-01 4.635466207473969424e-01 2.823262003899474903e-01 6.780240876553217388e-01 6.188906272770271499e-01 3.881400104525363770e-01 3.541445782161732891e-01 3.795894694974696337e-01 6.946441797713565069e-01 1.945187133624530773e-01 6.293925995069316048e-02 1.736227301779612597e-01 6.677830778131014222e-01 2.906231553506987697e-01 0.000000000000000000e+00 5.751852566000309475e-01 4.144751355071562560e-01 4.439089447797008869e-01 4.767155806712538579e-01 5.175765939823842032e-01 3.678336630808037855e-01 4.790140640193055743e-01 6.333919886054728554e-01 8.356519718354240567e-01 4.846981796405402387e-01 3.171619003262770575e-01 4.471487308391872140e-01 6.678669391822602552e-01 3.845836368634970581e-01 2.290771704050790225e-01 4.194061009322541111e-01 4.280126340371484539e-01 5.083950026053630777e-01 7.513241666317328482e-01 5.301469488007179987e-01
1.411209479939493638e-01 3.047424161482046867e-01 5.821733801059415514e-01 4.912013361040817316e-01 1.862274193549087187e-01 4.939686815620136784e-01 5.615746365898088843e-01 3.984998355402070702e-01 6.923982757102037366e-01 7.012536631707952939e-01 4.298733297708408063e-01 3.604833289787823247e-01 4.075865618865085471e-01 3.854576110479148165e-01 5.751852566000309475e-01 0.000000000000000000e+00 5.857143672302569382e-01 1.839286355164849729e-01 4.148415913079622763e-01 6.534208846374152113e-01 3.730014937626994209e-01 5.474267233041729686e-01 1.236857136885761710e-01 4.508737533336059644e-01 4.255581863878602489e-01 4.062554955733460593e-01 6.478582845410474356e-02 2.638013137409666031e-01 3.547546319565607620e-01 5.028849667586052785e-01 2.883638821118197360e-01 4.327987108337894018e-01 4.896678972311877542e-01 2.593822105694721936e-01 1.638133982939543598e-01
3.783640764079135854e-01 7.702808265945544353e-01 3.326675458784726924e-01 3.422413207778604027e-01 5.474860319311631862e-01 4.404712720161745865e-01 3.663318433406563823e-01 4.129782813815927045e-01 5.088280915732901200e-01 4.079519954933756853e-01 3.017996543024202838e-01 6.146604733451633829e-01 5.465439785676211581e-01 6.913625653821133810e-01 4.144751355071562560e-01 5.857143672302569382e-01 0.000000000000000000e+00 4.272791953708418022e-01 3.695662988518402248e-01 4.216431339684807433e-01 7.156952856742606617e-01 3.990379445267323577e-01 5.338433295631261899e-01 2.087282611695199241e-01 2.776154444880821193e-01 4.724319489450264919e-01 5.805352519694528812e-01 6.683843249778411710e-01 3.704086549319430821e-01 5.052761077543759249e-01 4.884976078766327667e-01 2.353461682093623275e-01 1.584663031600986871e-01 2.336084424231601453e-01 5.856270400017092870e-01
7.641357011057257065e-01 3.038383971305563813e-01 5.173373184245650958e-01 7.483254119874603871e-01 6.679045805444987494e-01 6.093350905949755925e-01 7.287342516918767776e-01 6.726910645851735815e-01 6.944932387152822351e-01 3.142110027513858039e-01 6.508913082849824283e-01 6.034462406006975144e-01 8.466340303076209661e-01 5.712280171608264956e-01 4.439089447797008869e-01 1.839286355164849729e-01 4.272791953708418022e-01 0.000000000000000000e+00 6.286873769223945141e-01 3.807337228958038167e-01 7.914599233973360626e-01 3.818548828418355523e-01 5.353832164923739700e-01 7.669986036810337859e-01 5.310830638824951544e-01 4.991665403634609754e-01 7.029455873885718242e-01 5.856014613374993516e-01 8.246141055037735645e-01 3.699143148607317855e-01 7.769591896324556934e-02 4.894894016430177408e-01 6.317627743395262119e-01 5.856508290112385495e-01 8.792500833311859276e-01
7.008036870062743784e-01 7.095010547582554228e-01 4.632256424243085258e-01 4.289554520252322756e-01 4.185503015755544509e-01 6.689360915656579198e-01 8.610270254246938926e-01 1.851799754974595702e-01 6.326890085359515581e-01 6.910524082593865192e-01 4.676483455463159578e-02 4.340861908818318127e-01 8.064925273396349459e-01 3.704187571887045949e-01 4.767155806712538579e-01 4.148415913079622763e-01 3.695662988518402248e-01 6.286873769223945141e-01 0.000000000000000000e+00 8.659599344836739210e-01 3.359983967533961557e-01 3.454094170228132477e-01 5.639299014736782745e-01 9.449383709619707528e-01 3.565625223376421848e-01 6.126944110676399990e-01 1.507893545633625654e-01 6.164661289549732137e-01 7.595387173804712955e-01 2.743666189337429784e-01 1.890374744929228523e-01 5.026719832550659017e-01 5.080537881204979511e-01 6.559202422333103577e-01 6.790432879464067817e-01
7.256486479807198187e-01 8.874223837419572547e-01 2.152906715066069676e-01 7.216174713418124220e-01 4.408560549554730312e-01 5.146576173313111013e-01 3.241010571984515587e-01 4.577164678182060187e-01 2.332577652977416705e-01 7.963939696247066546e-01 3.729897078083125317e-01 3.445227305990209432e-01 3.819151671860923636e-01 4.457030301213087964e-01 5.175765939823842032e-01 6.534208846374152113e-01 4.216431339684807433e-01 3.807337228958038167e-01 8.659599344836739210e-01 0.000000000000000000e+00 6.231989033877711748e-01 2.789761776701539242e-01 6.597271657588763549e-01 9.238406645269463535e-01 4.705251253707370407e-01 3.748578076611757126e-01 7.337143535655630266e-01 4.314995822736817921e-01 1.483272488354518415e-01 7.318777243784494457e-01 3.787726270793894678e-01 6.104211510765875648e-01 5.053153925272664271e-01 2.286699138804181297e-01 8.667955247878790237e-01
5.634242425245159502e-01 7.168641300463586274e-01 4.972202188935346268e-01 6.153731964235706897e-01 4.019124219596050818e-01 4.101282785045808899e-01 7.491767445573576101e-01 7.680969774117175630e-01 5.708246339647613521e-01 4.781198320428978188e-01 4.426943193057018000e-01 5.413063934819581924e-01 7.062923757616794695e-01 3.218912220848089700e-01 3.678336630808037855e-01 3.730014937626994209e-01 7.156952856742606617e-01 7.914599233973360626e-01 3.359983967533961557e-01 6.231989033877711748e-01 0.000000000000000000e+00 6.182124543769738079e-01 3.392649440003738803e-01 4.978696936478133050e-02 2.776315233830977114e-01 4.511549978264484673e-01 1.769323768386358298e-01 4.321390560332352138e-01 7.673417058007232505e-01 2.598741488857256865e-01 5.749687300546661994e-01 4.847954645775358617e-01 8.731874641607324516e-01 4.968822971414370016e-01 2.868465510347774083e-01
4.720386678289580917e-01 4.885977149076316528e-01 6.964820474955144558e-01 6.379470621100060690e-01 7.709303598226500132e-01 5.682645970530939561e-01 5.861636013507489640e-01 9.147949945308900821e-01 6.456154605683518399e-01 7.634531538045443710e-01 4.068419852925008184e-01 4.872286550593823984e-01 1.368321753527345086e-01 5.970094817032601808e-01 4.790140640193055743e-01 5.474267233041729686e-01 3.990379445267323577e-01 3.818548828418355523e-01 3.454094170228132477e-01 2.789761776701539242e-01 6.182124543769738079e-01 0.000000000000000000e+00 4.917884200605459610e-01 5.074171816489184694e-01 5.092303254354141329e-01 1.697470864481699371e-01 5.509455213993290634e-01 3.344773522219854911e-01 6.989235837168310539e-01 7.118475159817809761e-01 2.646606876173853706e-01 5.842454118298588961e-01 4.523222076486668186e-01 2.782912752205857210e-01 3.468374653335801194e-01
4.738345008385520529e-01 5.306334770502565412e-01 6.944400629857793161e-01 3.341366513930299487e-01 7.566988390356159666e-01 3.495931094952625107e-01 3.465860794061530470e-01 4.303577846464846646e-01 2.644045061982244205e-01 5.355005865579534063e-01 9.179172874884828914e-01 6.289060608984382572e-01 8.408977773554365820e-01 1.667552491656995040e-01 6.333919886054728554e-01 1.236857136885761710e-01 5.338433295631261899e-01 5.353832164923739700e-01 5.639299014736782745e-01 6.597271657588763549e-01 3.392649440003738803e-01 4.917884200605459610e-01 0.000000000000000000e+00 7.794858134184468046e-01 6.412019233769444826e-01 5.957861373158190865e-01 4.607351933047766912e-01 3.475147783050024364e-01 5.854657168568950798e-01 5.002280819828095471e-01 5.468075308092223974e-01 4.880764853952470617e-01 1.871165316976840520e-01 5.720792432223499313e-01 1.574431444102891708e-01
4.454371933523159632e-01 4.919476260207836793e-01 5.041719996757612066e-01 9.445623030355920768e-02 3.694438390850874887e-01 8.942767651945382479e-02 7.596317240378382962e-01 4.892539175901040038e-01 9.659701035688921245e-01 1.877765775564109729e-01 7.080690078334871407e-01 4.630297634017523922e-01 4.710698453097217908e-01 3.353799453477043224e-01 8.356519718354240567e-01 4.508737533336059644e-01 2.087282611695199241e-01 7.669986036810337859e-01 9.449383709619707528e-01 9.238406645269463535e-01 4.978696936478133050e-02 5.074171816489184694e-01 7.794858134184468046e-01 0.000000000000000000e+00 2.574427532370937577e-01 2.490765282863277585e-01 5.124287729444956252e-01 3.737428653365080233e-01 4.312689520522865472e-01 2.195843691066328707e-01 6.257699273547815411e-01 6.067546795195817300e-01 3.997521808298341028e-01 6.071654828669494908e-01 6.804872178296629270e-01
3.774609364897110186e-01 6.368854327102221324e-01 4.585361916862851217e-02 5.238535646232916898e-01 5.331574641247581736e-01 6.203711357117756009e-01 4.595885122292249214e-01 3.074720292065138416e-01 7.442501708943556338e-01 1.791755817318789745e-01 8.803990247102611022e-01 2.886728520124282049e-01 5.551264320466011704e-01 4.531694033366226448e-01 4.846981796405402387e-01 4.255581863878602489e-01 2.776154444880821193e-01 5.310830638824951544e-01 3.565625223376421848e-01 4.705251253707370407e-01 2.776315233830977114e-01 5.092303254354141329e-01 6.412019233769444826e-01 2.574427532370937577e-01 0.000000000000000000e+00 7.120860179810533097e-01 3.962720442132416920e-01 2.569103277938752372e-01 8.873902798052367702e-01 5.077348614944532379e-01 7.375832896665318605e-01 4.027323998443698150e-01 7.548315355760555345e-01 5.345222020503137550e-01 1.474075818097166923e-01
3.972723997348272529e-01 3.898123647431541161e-01 9.063919359839522905e-02 8.680545315786782901e-01 6.530199536967984386e-01 1.725827302641780303e-01 4.370285924274441292e-01 9.128368340544101844e-01 3.485892333893368389e-01 5.190007935281569784e-01 6.954874542122397862e-01 4.212544833296657520e-01 7.694410388833952119e-01 8.116138046385282800e-01 3.171619003262770575e-01 4.062554955733460593e-01 4.724319489450264919e-01 4.991665403634609754e-01 6.126944110676399990e-01 3.748578076611757126e-01 4.511549978264484673e-01 1.697470864481699371e-01 5.957861373158190865e-01 2.490765282863277585e-01 7.120860179810533097e-01 0.000000000000000000e+00 1.543179261937410729e-02 3.010889142823387488e-01 6.515882820592087121e-01 4.920331782013803723e-01 8.058116514230448946e-01 7.805677824177711388e-01 3.018943787014765068e-01 6.490421722273461702e-01 6.525235419436219431e-01
6.100847242245002189e-01 1.140977920026291503e-01 5.777190280081472284e-01 5.829953016393933929e-01 1.490721999037253886e-01 1.911895536723112743e-01 2.463152080273885991e-01 2.624259780665224584e-01 1.254376824475645913e-01 2.232130872169879043e-01 9.109075969092081948e-01 3.805655410821358053e-01 8.131296648544705796e-01 5.965356090639826192e-01 4.471487308391872140e-01 6.478582845410474356e-02 5.805352519694528812e-01 7.029455873885718242e-01 1.507893545633625654e-01 7.337143535655630266e-01 1.769323768386358298e-01 5.509455213993290634e-01 4.607351933047766912e-01 5.124287729444956252e-01 3.962720442132416920e-01 1.543179261937410729e-02 0.000000000000000000e+00 3.901140818899620499e-01 6.866502927284852120e-01 6.067025570046982175e-01 7.537797503096098639e-01 3.443217430040669269e-01 5.623535330052487069e-02 4.726893317598698796e-01 4.513079889558603286e-01
7.836846067241133307e-01 7.366938480442082327e-01 8.850419692342961220e-01 7.465484416948504620e-01 8.007751608977538016e-01 5.031567804154573054e-01 8.535213132698271643e-01 1.405853889020223235e-01 1.723243298985598360e-01 6.321687092785416295e-01 4.391627916550536748e-01 5.106044469237261962e-01 4.888732415114245833e-01 9.033761563649302939e-01 6.678669391822602552e-01 2.638013137409666031e-01 6.683843249778411710e-01 5.856014613374993516e-01 6.164661289549732137e-01 4.314995822736817921e-01 4.321390560332352138e-01 3.344773522219854911e-01 3.475147783050024364e-01 3.737428653365080233e-01 2.569103277938752372e-01 3.010889142823387488e-01 3.901140818899620499e-01 0.000000000000000000e+00 8.170135574604941997e-01 5.000564283294419710e-01 4.401453148886248501e-01 3.124383663745978201e-01 4.839505794158843188e-01 7.784460732860982723e-01 6.778666403903572668e-01
4.348312122520656686e-01 2.963107790812911091e-01 6.884958018388240841e-01 7.019183652615914593e-01 2.948372089704707211e-01 3.558198213099860174e-01 5.526539170205400087e-01 5.259267006672661005e-01 2.901343845275673461e-01 6.534637526818245501e-01 7.815492317339240991e-01 3.591726558228080513e-01 3.489198496208748557e-01 4.583849734677948873e-01 3.845836368634970581e-01 3.547546319565607620e-01 3.704086549319430821e-01 8.246141055037735645e-01 7.595387173804712955e-01 1.483272488354518415e-01 7.673417058007232505e-01 6.989235837168310539e-01 5.854657168568950798e-01 4.312689520522865472e-01 8.873902798052367702e-01 6.515882820592087121e-01 6.866502927284852120e-01 8.170135574604941997e-01 0.000000000000000000e+00 4.768079043867495259e-01 3.619496646885251856e-01 6.220143864232992037e-01 2.841349601246926371e-01 2.407971832153953384e-01 8.631283656097721302e-01
5.012812149066387946e-01 4.901144212181558490e-01 8.600916475581137366e-01 8.363233068005226922e-02 4.046998591285577707e-01 3.088679523538311322e-01 7.041794589417258443e-01 3.474741269235422925e-01 5.537032468304696753e-01 6.824434592134710487e-01 2.474968641031222716e-01 5.235015251369912193e-01 3.745663853378657371e-01 4.282660102660265089e-01 2.290771704050790225e-01 5.028849667586052785e-01 5.052761077543759249e-01 3.699143148607317855e-01 2.743666189337429784e-01 7.318777243784494457e-01 2.598741488857256865e-01 7.118475159817809761e-01 5.002280819828095471e-01 2.195843691066328707e-01 5.077348614944532379e-01 4.920331782013803723e-01 6.067025570046982175e-01 5.000564283294419710e-01 4.768079043867495259e-01 0.000000000000000000e+00 4.992926229094851176e-01 3.476772123272781068e-01 6.448220666822883640e-01 8.193814671131667282e-01 5.413038430219431207e-01
5.443727274990425302e-01 4.497313686410747136e-01 7.664491379449670516e-01 2.715934979912542069e-01 1.058199749470476458e-01 3.732048087493471389e-01 5.398968543607916004e-01 2.568401224340152167e-01 3.941146271837895343e-01 3.527510284737485069e-01 5.166418691248573225e-01 3.325256276458975480e-01 5.801922396595073916e-01 5.391370041188805473e-01 4.194061009322541111e-01 2.883638821118197360e-01 4.884976078766327667e-01 7.769591896324556934e-02 1.890374744929228523e-01 3.787726270793894678e-01 5.749687300546661994e-01 2.646606876173853706e-01 5.468075308092223974e-01 6.257699273547815411e-01 7.375832896665318605e-01 8.058116514230448946e-01 7.537797503096098639e-01 4.401453148886248501e-01 3.619496646885251856e-01 4.992926229094851176e-01 0.000000000000000000e+00 6.243167355757022197e-01 8.645877142933845461e-01 5.418612262265675161e-01 5.410184965352471398e-01
8.427456167546960586e-01 3.752571070944197285e-01 7.098109686584346267e-01 8.080045298513132135e-01 6.934915797424832107e-01 2.952496460758934349e-01 6.352547162397947922e-01 3.625430125046012475e-01 4.156328216341750315e-01 6.977133246969504654e-01 9.845421003027188256e-02 3.250870475066241494e-01 6.036091252187469891e-01 4.054420968761183186e-01 4.280126340371484539e-01 4.327987108337894018e-01 2.353461682093623275e-01 4.894894016430177408e-01 5.026719832550659017e-01 6.104211510765875648e-01 4.847954645775358617e-01 5.842454118298588961e-01 4.880764853952470617e-01 6.067546795195817300e-01 4.027323998443698150e-01 7.805677824177711388e-01 3.443217430040669269e-01 3.124383663745978201e-01 6.220143864232992037e-01 3.476772123272781068e-01 6.243167355757022197e-01 0.000000000000000000e+00 6.305888032180737568e-01 2.122536773644956298e-01 2.329041194919857505e-01
6.473439588792574417e-01 6.386411559947114958e-01 4.844552662745199578e-01 6.502198081491875614e-01 5.159809832619888237e-01 1.682179984253039384e-01 6.493336916662808544e-01 7.437517779220114145e-01 8.696674730166988887e-01 3.970711215045502618e-01 4.728501069014843794e-01 4.081923462836061223e-01 3.575513403408229762e-01 5.652588196617285288e-01 5.083950026053630777e-01 4.896678972311877542e-01 1.584663031600986871e-01 6.317627743395262119e-01 5.080537881204979511e-01 5.053153925272664271e-01 8.731874641607324516e-01 4.523222076486668186e-01 1.871165316976840520e-01 3.997521808298341028e-01 7.548315355760555345e-01 3.018943787014765068e-01 5.623535330052487069e-02 4.839505794158843188e-01 2.841349601246926371e-01 6.448220666822883640e-01 8.645877142933845461e-01 6.305888032180737568e-01 0.000000000000000000e+00 3.518358888386836636e-01 8.134968989992288346e-01
6.586419707901145504e-01 2.525737001841272811e-01 5.659369405885871229e-01 6.761462140673190069e-01 3.386949568992080328e-01 4.602107344147506884e-01 7.099741334899698497e-01 5.795185826472445401e-01 2.900188116331011701e-01 7.738923659809824329e-01 6.046107835424529009e-01 2.597851424419379551e-01 4.372258719797766369e-01 4.968227755095026010e-01 7.513241666317328482e-01 2.593822105694721936e-01 2.336084424231601453e-01 5.856508290112385495e-01 6.559202422333103577e-01 2.286699138804181297e-01 4.968822971414370016e-01 2.782912752205857210e-01 5.720792432223499313e-01 6.071654828669494908e-01 5.345222020503137550e-01 6.490421722273461702e-01 4.726893317598698796e-01 7.784460732860982723e-01 2.407971832153953384e-01 8.193814671131667282e-01 5.418612262265675161e-01 2.122536773644956298e-01 3.518358888386836636e-01 0.000000000000000000e+00 4.492348505526713720e-01
6.459672286993822787e-01 9.232040546919506596e-01 6.118661277831241030e-01 5.355784653906587867e-01 6.009614723287165505e-01 5.994180220086693378e-01 8.231090690650024744e-01 3.340242311701165367e-01 5.158214230536211087e-01 2.193200297202677618e-01 2.146384276446550166e-01 5.008809211856549704e-01 6.193078905427031877e-01 5.906244653694205926e-01 5.301469488007179987e-01 1.638133982939543598e-01 5.856270400017092870e-01 8.792500833311859276e-01 6.790432879464067817e-01 8.667955247878790237e-01 2.868465510347774083e-01 3.468374653335801194e-01 1.574431444102891708e-01 6.804872178296629270e-01 1.474075818097166923e-01 6.525235419436219431e-01 4.513079889558603286e-01 6.778666403903572668e-01 8.631283656097721302e-01 5.413038430219431207e-01 5.410184965352471398e-01 2.329041194919857505e-01 8.134968989992288346e-01 4.492348505526713720e-01 0.000000000000000000e+00
