0.000000000000000000e+00 6.766107745655560723e-01 4.109165042810783985e-01 1.037636133111812242e-01 7.566035143047216138e-01 5.008468077236780669e-01 1.192211062823599343e-01 5.414533121585173303e-01 6.454124646128918119e-01 7.278715970551690173e-01 8.154073655512508179e-01 7.193826040204143180e-01 4.426659784217514826e-01 3.303589265230367777e-01 3.696314558015534324e-01 8.002081450549579644e-01 6.674777758838720265e-01 8.368274623870840534e-01 8.682654112778750433e-01 6.256416217030893456e-01 5.926945753913930304e-01 6.105240584420390526e-01 4.786827048688158670e-01 6.002334917391959346e-01 4.923164928303016552e-01 2.454471228999776655e-01 4.799907761278490170e-01 3.099296649648484170e-01 4.104688072300557988e-01 6.913664551913825118e-01 7.457376197488390090e-01 8.482560498477986766e-01 8.278232898352073654e-01 5.983596144694336427e-02 2.412285896096069138e-01
6.766107745655560723e-01 0.000000000000000000e+00 3.963898145545990959e-01 3.502994999224630646e-01 5.713480752891212378e-01 6.136082113694070195e-01 3.036116740964714955e-01 6.260586529989948801e-01 7.655978107952321476e-01 4.392055544674547951e-01 7.275473150765786601e-01 5.584302664343250289e-01 4.821056410095219680e-01 1.694865972309526070e-01 8.194637941861175889e-01 4.952722574855594750e-01 3.271942072316916250e-01 7.294601672006492121e-01 1.584381050275160963e-01 4.341972848592359768e-01 1.857329467069642748e-01 3.070025802337919552e-01 7.895531877046899627e-01 9.325713735714924457e-01 6.330954625235980515e-01 3.265894552728565436e-01 8.477900694898201639e-01 4.954870727965001720e-01 5.337613728885420850e-01 8.547411211669364572e-01 8.159250749834091598e-01 3.664414954404116576e-01 6.920261774439481206e-01 4.892946980096595233e-01 7.707684382908652765e-01
4.109165042810783985e-01 3.963898145545990959e-01 0.000000000000000000e+00 5.306695568470132240e-01 3.565016323385525876e-01 6.158401988853385856e-01 6.339245270456839165e-02 3.957975533678165236e-01 8.364183435158922819e-01 6.316849653015179644e-01 8.189982559028337050e-01 5.045830646085338600e-01 4.034062776225730840e-01 7.586386116661860690e-01 3.502108305313288983e-01 7.060153185913635721e-01 5.807844770976109405e-01 4.428578741386537954e-01 5.911521884010222383e-01 7.448351126742155381e-01 4.385619466905014141e-01 9.388033455795878890e-01 7.681322958893996855e-01 8.156992191467867803e-01 5.474516560331083026e-01 5.509007250134825284e-01 3.277111048193496190e-01 8.170907701718478355e-01 6.272091531162180544e-01 7.109748367211733422e-01 6.509326547542726438e-01 8.908940563131224621e-01 9.752037448488550808e-01 2.649463524219546340e-01 5.765533963305605747e-01
1.037636133111812242e-01 3.502994999224630646e-01 5.306695568470132240e-01 0.000000000000000000e+00 5.029804387938106025e-01 7.309738014137818762e-01 4.997580614193048998e-01 9.532266062293694997e-01 4.008868449574297665e-01 6.388090627940989918e-01 5.110252324335314844e-01 8.715096802122239694e-01 7.467697475199575052e-01 5.335309408756727656e-01 5.171323696025158512e-01 7.031622871524896290e-01 3.770722105947068581e-01 4.528503912108491347e-01 9.083810085620237507e-01 6.330594998667866680e-01 8.950156236356751061e-01 5.725417591349486468e-01 7.023862682172029581e-01 4.694649332461898195e-01 8.099696439579310292e-01 3.449725240384634017e-01 5.635447634245061010e-01 2.937150430081907349e-01 8.556150656906826857e-01 4.408174268299804854e-01 7.964070958436448855e-01 6.018032610533838866e-01 5.035641533051706809e-01 7.526252364277086215e-01 5.698658613849884036e-01
7.566035143047216138e-01 5.713480752891212378e-01 3.565016323385525876e-01 5.029804387938106025e-01 0.000000000000000000e+00 4.941770153694224899e-01 3.300411579310833510e-01 6.217484506085044771e-01 8.275040692447888091e-01 4.104794793018848309e-01 5.043086302815100730e-01 6.455467114480144541e-01 8.170581704322714689e-01 3.273079179111645365e-01 4.464167910202846978e-01 5.171507636749547165e-01 4.613699922848834567e-01 8.710523918944805821e-01 2.901015376773399823e-01 5.257489876076812951e-01 4.053041797996964624e-01 1.999767045664945231e-01 7.387082358342058619e-01 5.268072853142713452e-02 8.170345478957556917e-01 4.051472306425442649e-01 4.030401379202848133e-01 7.088988930948814104e-01 5.222053035970997126e-01 5.048339963162824517e-01 4.688032884933461264e-01 8.990996898789034297e-01 3.703597264820271961e-01 7.505748780303462819e-01 4.469098673176319925e-01
5.008468077236780669e-01 6.136082113694070195e-01 6.158401988853385856e-01 7.309738014137818762e-01 4.941770153694224899e-01 0.000000000000000000e+00 6.234310593407037526e-01 4.653394671282539696e-01 3.939805266207407342e-01 3.976846773555691716e-01 8.342025749753090302e-01 4.474219759276759634e-01 8.819582182710870022e-01 4.080496414390742399e-01 7.378761252758615496e-01 3.750772141602067844e-01 7.311351032912676295e-01 6.048260549011961196e-01 7.795546776543118561e-01 4.385422671457718247e-01 2.652309102850926026e-01 4.961346720988358272e-01 2.587217021855029442e-01 5.183955191450818623e-01 3.750210061718044496e-01 3.819568650753751293e-01 8.859949023956190661e-01 5.868976938585785952e-01 6.212696996307174313e-01 5.050159849943135493e-01 7.545559468820514093e-01 8.151283126148327618e-01 3.302958009037471609e-01 1.944172984550771588e-01 1.741456416425024578e-01
1.192211062823599343e-01 3.036116740964714955e-01 6.339245270456839165e-02 4.997580614193048998e-01 3.300411579310833510e-01 6.234310593407037526e-01 0.000000000000000000e+00 4.626885479171477522e-02 6.058815009417846120e-01 3.710258376146905457e-01 3.974612100603351350e-01 4.527548335337447383e-01 4.529921109124411260e-01 8.651981633589419518e-01 6.405985771540022577e-01 7.792327942231749294e-01 6.764093507922033233e-01 6.060115522734590421e-01 3.044657409134002291e-01 9.291180666424103674e-02 4.119593589402864575e-01 8.398015829767467855e-01 3.014250828587252684e-01 3.553995822496847090e-01 9.480095963653818458e-01 4.941084473062531957e-01 1.816811203241570638e-01 7.665523810210185252e-01 4.771103877363930268e-01 9.118908494142603516e-01 4.042059112772544704e-01 8.169859542412916120e-01 5.011412960725577515e-01 3.328519274331229738e-01 2.179838396869057116e-01
5.414533121585173303e-01 6.260586529989948801e-01 3.957975533678165236e-01 9.532266062293694997e-01 6.217484506085044771e-01 4.653394671282539696e-01 4.626885479171477522e-02 0.000000000000000000e+00 4.403583519309244854e-01 8.845960061676050312e-01 5.581041445735033246e-01 7.646085081048892285e-01 5.697958077739045946e-01 5.731457924583170938e-01 5.560197527581053345e-01 5.262807435991894156e-01 6.234287596836413092e-01 5.195958001659631842e-01 4.593537748276760313e-01 7.482603173408173269e-01 7.096782432762767101e-01 9.240808153627815269e-01 5.346790993670661463e-01 5.540814241611122792e-01 1.244378435971307817e-01 5.269478784594545662e-01 6.555545684594140665e-01 2.266190977474890067e-01 8.545637972344266586e-01 5.118390456923120890e-01 7.537135774310521619e-01 7.662463551982219290e-01 7.464563145889526741e-01 4.869487030657698723e-01 5.368013336160990523e-01
6.454124646128918119e-01 7.655978107952321476e-01 8.364183435158922819e-01 4.008868449574297665e-01 8.275040692447888091e-01 3.939805266207407342e-01 6.058815009417846120e-01 4.403583519309244854e-01 0.000000000000000000e+00 4.637321807143207630e-01 6.217098608258783132e-01 6.244991317249104501e-01 6.746393250790783114e-01 5.114736089903019201e-01 4.521055742073972206e-01 4.752218157414662691e-01 4.632519973214708764e-01 2.456416644636747471e-01 4.189816113444136958e-01 6.694674328545120456e-01 4.450224071311002505e-01 5.474141931898812707e-01 8.331794774641865242e-01 1.389821634570246323e-01 5.317347468496465002e-01 3.471296051634459312e-01 4.943078578842993176e-01 2.945388217740810832e-01 6.916021946059749403e-01 1.497841043415084616e-01 2.498032167875985088e-01 5.589583359649514804e-01 5.293516314918484955e-01 9.292423068705872868e-01 7.044048948912270403e-01
7.278715970551690173e-01 4.392055544674547951e-01 6.316849653015179644e-01 6.388090627940989918e-01 4.104794793018848309e-01 3.976846773555691716e-01 3.710258376146905457e-01 8.845960061676050312e-01 4.637321807143207630e-01 0.000000000000000000e+00 4.750171853593854743e-01 5.872430122864717994e-01 7.478338066346743584e-01 9.578959777209612447e-01 5.481443748428778129e-01 9.263291217395794863e-01 8.221627964948883260e-01 6.857048241620196105e-01 4.699426145424926982e-01 2.039967287427487674e-01 3.675118932322363752e-01 9.110112388597039201e-01 7.537508971714406147e-01 7.890819915821667418e-01 6.139710517858127936e-01 6.749836514391691633e-01 4.667376022974519811e-01 8.259925942457353454e-01 4.048646027601420783e-01 8.384751989691729968e-02 5.187457474768184529e-01 4.147593275427943760e-01 4.814796118721049178e-01 1.972033323478705746e-01 6.620879015309912852e-01
8.154073655512508179e-01 7.275473150765786601e-01 8.189982559028337050e-01 5.110252324335314844e-01 5.043086302815100730e-01 8.342025749753090302e-01 3.974612100603351350e-01 5.581041445735033246e-01 6.217098608258783132e-01 4.750171853593854743e-01 0.000000000000000000e+00 2.642879596820566501e-01 8.315357058231884757e-01 7.815424099717911410e-01 5.497288818813248490e-01 7.782210252319792243e-01 5.207051405598905891e-01 5.698684628708825528e-01 5.330568594857724163e-01 2.388652059113018367e-01 8.227104767883164360e-01 3.327636395397867153e-01 2.939453315643538733e-01 7.072809804761669428e-01 7.461019357747307179e-01 8.846695955660612842e-01 5.030182427184959337e-01 3.673276127091705257e-01 4.501083905497440529e-01 7.040220860711049466e-01 1.713540084530376095e-01 6.226001476252371880e-01 5.200857944305160574e-01 4.528897081250933820e-01 8.242790473641451454e-01
7.193826040204143180e-01 5.584302664343250289e-01 5.045830646085338600e-01 8.715096802122239694e-01 6.455467114480144541e-01 4.474219759276759634e-01 4.527548335337447383e-01 7.646085081048892285e-01 6.244991317249104501e-01 5.872430122864717994e-01 2.642879596820566501e-01 0.000000000000000000e+00 1.365462667763829296e-01 8.161215513998502091e-01 8.242231159031911947e-01 7.415362176312353393e-01 7.445616844998796946e-01 4.198722868565665234e-01 6.914966895608281039e-01 8.422682567577708390e-01 3.758819055978281920e-01 8.582837268222185401e-01 6.467994216591799184e-01 3.434011011963075122e-01 4.780429070389660140e-01 4.632045523587383085e-01 5.565660765154725187e-01 3.381984064779626209e-01 5.562204321239512250e-01 4.726265089976964262e-01 5.978312361185709189e-01 4.340676442308231131e-01 2.003923056663065028e-01 4.068209039489434908e-01 5.317675176242107060e-01
4.426659784217514826e-01 4.821056410095219680e-01 4.034062776225730840e-01 7.467697475199575052e-01 8.170581704322714689e-01 8.819582182710870022e-01 4.529921109124411260e-01 5.697958077739045946e-01 6.746393250790783114e-01 7.478338066346743584e-01 8.315357058231884757e-01 1.365462667763829296e-01 0.000000000000000000e+00 7.566729486554721884e-01 5.354690492200817609e-01 3.748681533335990745e-01 6.958226356051379069e-01 6.889383102110687718e-01 8.528636777134084301e-01 8.279835886539873568e-01 7.212118610183297918e-01 8.155070827987525028e-01 4.160746488041968671e-01 3.619215330452702495e-01 4.563366346503922588e-01 3.652327914524214347e-01 5.021073079530589123e-01 4.566510130945662382e-01 4.169049943445199968e-01 5.040220266257628978e-01 5.544955299632197132e-01 5.965478758051470098e-01 3.421110602337289475e-01 3.353591305507144793e-01 4.592711502400198542e-01
3.303589265230367777e-01 1.694865972309526070e-01 7.586386116661860690e-01 5.335309408756727656e-01 3.273079179111645365e-01 4.080496414390742399e-01 8.651981633589419518e-01 5.731457924583170938e-01 5.114736089903019201e-01 9.578959777209612447e-01 7.815424099717911410e-01 8.161215513998502091e-01 7.566729486554721884e-01 0.000000000000000000e+00 9.260564423564122682e-01 8.874360372284189058e-01 4.102649230053556639e-02 6.157697159978680057e-01 6.397480822656329558e-01 3.607786395012428371e-01 6.058582196879689352e-01 5.519756247456262255e-01 9.024968150385255239e-01 5.323978991669860994e-01 8.557418751442975591e-01 4.727016538137553403e-01 8.119727809725136858e-01 3.505425982507750504e-01 2.859794111547078188e-01 9.101726245007270011e-01 2.073933408314607152e-01 4.257043709237752771e-01 3.429569811149461578e-01 4.724727316565942026e-01 4.894421387552065905e-01
3.696314558015534324e-01 8.194637941861175889e-01 3.502108305313288983e-01 5.171323696025158512e-01 4.464167910202846978e-01 7.378761252758615496e-01 6.405985771540022577e-01 5.560197527581053345e-01 4.521055742073972206e-01 5.481443748428778129e-01 5.497288818813248490e-01 8.242231159031911947e-01 5.354690492200817609e-01 9.260564423564122682e-01 0.000000000000000000e+00 4.599085476764896985e-01 5.423642647728096344e-01 8.457326426211979609e-01 2.676548550527533266e-01 5.271517569238598488e-01 3.643997947045367614e-01 5.574182878804071484e-01 5.112337303770688735e-01 4.215679717231579082e-01 5.155812043216709828e-01 8.686682443254825081e-01 6.165057123631306757e-01 4.393720026710898341e-01 4.666115669372563612e-01 7.397195181748421611e-01 7.646234935890617868e-01 5.343767429881982611e-01 5.284676501863980747e-01 7.121006339348883163e-01 4.373613082917893191e-01
8.002081450549579644e-01 4.952722574855594750e-01 7.060153185913635721e-01 7.031622871524896290e-01 5.171507636749547165e-01 3.750772141602067844e-01 7.792327942231749294e-01 5.262807435991894156e-01 4.752218157414662691e-01 9.263291217395794863e-01 7.782210252319792243e-01 7.415362176312353393e-01 3.748681533335990745e-01 8.874360372284189058e-01 4.599085476764896985e-01 0.000000000000000000e+00 6.613824423856993207e-01 6.718877673996541677e-01 4.532423198186909530e-01 6.547196198750224738e-01 3.655151290426686961e-01 5.316395275020947553e-01 5.849153284349213333e-01 7.339016717374118315e-01 6.990296173678363090e-01 2.336696818765759964e-01 4.169593472116995825e-01 9.253711710771752585e-01 2.991353958117474177e-01 2.419646654683531573e-01 2.068875077507644766e-01 4.297636734162081362e-01 9.120139257447927861e-01 8.454580370647959420e-01 3.867801362480245420e-01
6.674777758838720265e-01 3.271942072316916250e-01 5.807844770976109405e-01 3.770722105947068581e-01 4.613699922848834567e-01 7.311351032912676295e-01 6.764093507922033233e-01 6.234287596836413092e-01 4.632519973214708764e-01 8.221627964948883260e-01 5.207051405598905891e-01 7.445616844998796946e-01 6.958226356051379069e-01 4.102649230053556639e-02 5.423642647728096344e-01 6.613824423856993207e-01 0.000000000000000000e+00 5.538412578056197688e-01 5.721884320819411451e-01 7.209107242020698081e-01 5.374686512632109725e-01 8.298133423057115765e-01 1.865792736135327146e-01 1.752505289786789322e-01 4.534454865666345258e-01 8.188749275663659288e-01 5.265421139020802777e-01 2.208637289326566000e-01 1.108537132059654873e-01 6.579457907456571775e-01 3.393558771702518961e-01 2.314579661843418901e-02 4.506375676009327091e-01 4.639205039856802992e-01 1.677348140107407515e-01
8.368274623870840534e-01 7.294601672006492121e-01 4.428578741386537954e-01 4.528503912108491347e-01 8.710523918944805821e-01 6.048260549011961196e-01 6.060115522734590421e-01 5.195958001659631842e-01 2.456416644636747471e-01 6.857048241620196105e-01 5.698684628708825528e-01 4.198722868565665234e-01 6.889383102110687718e-01 6.157697159978680057e-01 8.457326426211979609e-01 6.718877673996541677e-01 5.538412578056197688e-01 0.000000000000000000e+00 5.670942876873432681e-01 8.134511620731390558e-01 6.223152682999920637e-01 5.632289564816241878e-01 9.418650826596748349e-01 1.821853896389843408e-01 1.084473749050334224e-01 8.595302166755969253e-02 8.667174692042829420e-01 5.726854902882501097e-01 6.556684571447501941e-01 6.789710128529549138e-01 9.016365686446840000e-01 3.881432599896671443e-01 2.717267870178785572e-02 7.829281706535877738e-01 5.416200673043992664e-01
8.682654112778750433e-01 1.584381050275160963e-01 5.911521884010222383e-01 9.083810085620237507e-01 2.901015376773399823e-01 7.795546776543118561e-01 3.044657409134002291e-01 4.593537748276760313e-01 4.189816113444136958e-01 4.699426145424926982e-01 5.330568594857724163e-01 6.914966895608281039e-01 8.528636777134084301e-01 6.397480822656329558e-01 2.676548550527533266e-01 4.532423198186909530e-01 5.721884320819411451e-01 5.670942876873432681e-01 0.000000000000000000e+00 5.258557531624221681e-01 2.117263424580277942e-01 6.601758192028326366e-01 8.322794108660058754e-01 6.576091910542013474e-01 6.493727872927115286e-01 8.253570950691635488e-01 2.460088725059280668e-01 5.980557761274666317e-01 5.285018212352001754e-01 4.907408512035546511e-01 7.974215229534957761e-01 3.964035490016351027e-01 7.082532607711971018e-01 3.068300385171339739e-01 4.784463628411857461e-01
6.256416217030893456e-01 4.341972848592359768e-01 7.448351126742155381e-01 6.330594998667866680e-01 5.257489876076812951e-01 4.385422671457718247e-01 9.291180666424103674e-02 7.482603173408173269e-01 6.694674328545120456e-01 2.039967287427487674e-01 2.388652059113018367e-01 8.422682567577708390e-01 8.279835886539873568e-01 3.607786395012428371e-01 5.271517569238598488e-01 6.547196198750224738e-01 7.209107242020698081e-01 8.134511620731390558e-01 5.258557531624221681e-01 0.000000000000000000e+00 4.411541918686422425e-01 3.516906776821578928e-01 2.893346098285143331e-01 3.869180264278668790e-01 2.832762555643663638e-01 4.766026239269456344e-01 8.811134673137670514e-01 5.354537316522282042e-01 8.336049885146493699e-01 7.405252669859467840e-01 3.270677998155850918e-01 7.088007308079693480e-01 8.439503564864321294e-01 8.767153940023846292e-01 6.474014674197543506e-01
5.926945753913930304e-01 1.857329467069642748e-01 4.385619466905014141e-01 8.950156236356751061e-01 4.053041797996964624e-01 2.652309102850926026e-01 4.119593589402864575e-01 7.096782432762767101e-01 4.450224071311002505e-01 3.675118932322363752e-01 8.227104767883164360e-01 3.758819055978281920e-01 7.212118610183297918e-01 6.058582196879689352e-01 3.643997947045367614e-01 3.655151290426686961e-01 5.374686512632109725e-01 6.223152682999920637e-01 2.117263424580277942e-01 4.411541918686422425e-01 0.000000000000000000e+00 6.790208450087267256e-01 4.177450146604124726e-01 7.466927496262424357e-01 9.720119384331559198e-01 7.781119750172795779e-01 7.113031365975466258e-01 8.211671351926775886e-01 1.205545421208961132e-01 6.870252655916311291e-01 7.092516396842312165e-01 6.538982695811461632e-01 3.159521188994315333e-01 8.891884948121251409e-01 8.905369122857011988e-01
6.105240584420390526e-01 3.070025802337919552e-01 9.388033455795878890e-01 5.725417591349486468e-01 1.999767045664945231e-01 4.961346720988358272e-01 8.398015829767467855e-01 9.240808153627815269e-01 5.474141931898812707e-01 9.110112388597039201e-01 3.327636395397867153e-01 8.582837268222185401e-01 8.155070827987525028e-01 5.519756247456262255e-01 5.574182878804071484e-01 5.316395275020947553e-01 8.298133423057115765e-01 5.632289564816241878e-01 6.601758192028326366e-01 3.516906776821578928e-01 6.790208450087267256e-01 0.000000000000000000e+00 7.278357709523625152e-01 6.759350311567384750e-01 3.474179769241950710e-01 4.580609518832348126e-01 5.091318491993814810e-01 3.836047113725785662e-01 1.817444650151895935e-01 4.781195756533088703e-01 5.800443985549650350e-01 4.853586049195875995e-01 4.707914105152694595e-01 6.836739251351341418e-01 2.034249573682679335e-01
4.786827048688158670e-01 7.895531877046899627e-01 7.681322958893996855e-01 7.023862682172029581e-01 7.387082358342058619e-01 2.587217021855029442e-01 3.014250828587252684e-01 5.346790993670661463e-01 8.331794774641865242e-01 7.537508971714406147e-01 2.939453315643538733e-01 6.467994216591799184e-01 4.160746488041968671e-01 9.024968150385255239e-01 5.112337303770688735e-01 5.849153284349213333e-01 1.865792736135327146e-01 9.418650826596748349e-01 8.322794108660058754e-01 2.893346098285143331e-01 4.177450146604124726e-01 7.278357709523625152e-01 0.000000000000000000e+00 3.810861382558386468e-01 6.300059388571598307e-01 6.859103417310786766e-01 9.089447825562442240e-01 4.350333498517453545e-01 8.371822747061993253e-01 5.652202880600651902e-01 8.847293610442836798e-01 2.770018883706910073e-01 6.635841322909802331e-01 3.139618464178398627e-01 6.792962327413945012e-01
6.002334917391959346e-01 9.325713735714924457e-01 8.156992191467867803e-01 4.694649332461898195e-01 5.268072853142713452e-02 5.183955191450818623e-01 3.553995822496847090e-01 5.540814241611122792e-01 1.389821634570246323e-01 7.890819915821667418e-01 7.072809804761669428e-01 3.434011011963075122e-01 3.619215330452702495e-01 5.323978991669860994e-01 4.215679717231579082e-01 7.339016717374118315e-01 1.752505289786789322e-01 1.821853896389843408e-01 6.576091910542013474e-01 3.869180264278668790e-01 7.466927496262424357e-01 6.759350311567384750e-01 3.810861382558386468e-01 0.000000000000000000e+00 5.416441291678220082e-01 5.685520682829985351e-01 3.585977230157564311e-01 1.806673063079322628e-01 7.415382834246856403e-01 5.960634921408838327e-01 5.127636005208959791e-01 7.986076514813799099e-01 3.787109726242122165e-01 8.918968073787516548e-01 4.146936009557864455e-01
4.923164928303016552e-01 6.330954625235980515e-01 5.474516560331083026e-01 8.099696439579310292e-01 8.170345478957556917e-01 3.750210061718044496e-01 9.480095963653818458e-01 1.244378435971307817e-01 5.317347468496465002e-01 6.139710517858127936e-01 7.461019357747307179e-01 4.780429070389660140e-01 4.563366346503922588e-01 8.557418751442975591e-01 5.155812043216709828e-01 6.990296173678363090e-01 4.534454865666345258e-01 1.084473749050334224e-01 6.493727872927115286e-01 2.832762555643663638e-01 9.720119384331559198e-01 3.474179769241950710e-01 6.300059388571598307e-01 5.416441291678220082e-01 0.000000000000000000e+00 7.181865307870557436e-01 2.621944601890411342e-01 1.249036327355182996e-01 5.805587497218506199e-01 4.275437037017286723e-01 9.160373574690452436e-01 4.604313274834440084e-01 8.220348421877629042e-01 8.189147329629871130e-01 6.273770515644484513e-01
2.454471228999776655e-01 3.265894552728565436e-01 5.509007250134825284e-01 3.449725240384634017e-01 4.051472306425442649e-01 3.819568650753751293e-01 4.941084473062531957e-01 5.269478784594545662e-01 3.471296051634459312e-01 6.749836514391691633e-01 8.846695955660612842e-01 4.632045523587383085e-01 3.652327914524214347e-01 4.727016538137553403e-01 8.686682443254825081e-01 2.336696818765759964e-01 8.188749275663659288e-01 8.595302166755969253e-02 8.253570950691635488e-01 4.766026239269456344e-01 7.781119750172795779e-01 4.580609518832348126e-01 6.859103417310786766e-01 5.685520682829985351e-01 7.181865307870557436e-01 0.000000000000000000e+00 6.558240146478728771e-01 4.230126104904288198e-01 3.875070498507713901e-01 8.593974525188821101e-01 7.243697035831873077e-01 5.563804410483565999e-01 1.682859071319449118e-01 2.225022088869422210e-01 4.861825789942293419e-01
4.799907761278490170e-01 8.477900694898201639e-01 3.277111048193496190e-01 5.635447634245061010e-01 4.030401379202848133e-01 8.859949023956190661e-01 1.816811203241570638e-01 6.555545684594140665e-01 4.943078578842993176e-01 4.667376022974519811e-01 5.030182427184959337e-01 5.565660765154725187e-01 5.021073079530589123e-01 8.119727809725136858e-01 6.165057123631306757e-01 4.169593472116995825e-01 5.265421139020802777e-01 8.667174692042829420e-01 2.460088725059280668e-01 8.811134673137670514e-01 7.113031365975466258e-01 5.091318491993814810e-01 9.089447825562442240e-01 3.585977230157564311e-01 2.621944601890411342e-01 6.558240146478728771e-01 0.000000000000000000e+00 7.363107842119542834e-01 6.976544066619867479e-01 2.944163685029376754e-01 1.734057548870076015e-01 3.825908461644946246e-01 8.715991691027098476e-01 7.878798532971382773e-01 3.774227775453558031e-01
3.099296649648484170e-01 4.954870727965001720e-01 8.170907701718478355e-01 2.937150430081907349e-01 7.088988930948814104e-01 5.868976938585785952e-01 7.665523810210185252e-01 2.266190977474890067e-01 2.945388217740810832e-01 8.259925942457353454e-01 3.673276127091705257e-01 3.381984064779626209e-01 4.566510130945662382e-01 3.505425982507750504e-01 4.393720026710898341e-01 9.253711710771752585e-01 2.208637289326566000e-01 5.726854902882501097e-01 5.980557761274666317e-01 5.354537316522282042e-01 8.211671351926775886e-01 3.836047113725785662e-01 4.350333498517453545e-01 1.806673063079322628e-01 1.249036327355182996e-01 4.230126104904288198e-01 7.363107842119542834e-01 0.000000000000000000e+00 8.112973509080405599e-01 5.049764924168040903e-01 5.055938316119414910e-01 2.816949119699657667e-01 7.224031416346782253e-01 6.811111470033022197e-01 1.473022849156206959e-01
4.104688072300557988e-01 5.337613728885420850e-01 6.272091531162180544e-01 8.556150656906826857e-01 5.222053035970997126e-01 6.212696996307174313e-01 4.771103877363930268e-01 8.545637972344266586e-01 6.916021946059749403e-01 4.048646027601420783e-01 4.501083905497440529e-01 5.562204321239512250e-01 4.169049943445199968e-01 2.859794111547078188e-01 4.666115669372563612e-01 2.991353958117474177e-01 1.108537132059654873e-01 6.556684571447501941e-01 5.285018212352001754e-01 8.336049885146493699e-01 1.205545421208961132e-01 1.817444650151895935e-01 8.371822747061993253e-01 7.415382834246856403e-01 5.805587497218506199e-01 3.875070498507713901e-01 6.976544066619867479e-01 8.112973509080405599e-01 0.000000000000000000e+00 2.648429090325904456e-01 2.134648225214047790e-01 7.541702004337382803e-01 2.208426580849103260e-01 3.807360125905543402e-01 5.094906404366095209e-01
6.913664551913825118e-01 8.547411211669364572e-01 7.109748367211733422e-01 4.408174268299804854e-01 5.048339963162824517e-01 5.050159849943135493e-01 9.118908494142603516e-01 5.118390456923120890e-01 1.497841043415084616e-01 8.384751989691729968e-02 7.040220860711049466e-01 4.726265089976964262e-01 5.040220266257628978e-01 9.101726245007270011e-01 7.397195181748421611e-01 2.419646654683531573e-01 6.579457907456571775e-01 6.789710128529549138e-01 4.907408512035546511e-01 7.405252669859467840e-01 6.870252655916311291e-01 4.781195756533088703e-01 5.652202880600651902e-01 5.960634921408838327e-01 4.275437037017286723e-01 8.593974525188821101e-01 2.944163685029376754e-01 5.049764924168040903e-01 2.648429090325904456e-01 0.000000000000000000e+00 8.435571439707904018e-01 1.324952155671514920e-01 2.365403252267510026e-01 4.196524396710038518e-01 9.161438983187455420e-01
7.457376197488390090e-01 8.159250749834091598e-01 6.509326547542726438e-01 7.964070958436448855e-01 4.688032884933461264e-01 7.545559468820514093e-01 4.042059112772544704e-01 7.537135774310521619e-01 2.498032167875985088e-01 5.187457474768184529e-01 1.713540084530376095e-01 5.978312361185709189e-01 5.544955299632197132e-01 2.073933408314607152e-01 7.646234935890617868e-01 2.068875077507644766e-01 3.393558771702518961e-01 9.016365686446840000e-01 7.974215229534957761e-01 3.270677998155850918e-01 7.092516396842312165e-01 5.800443985549650350e-01 8.847293610442836798e-01 5.127636005208959791e-01 9.160373574690452436e-01 7.243697035831873077e-01 1.734057548870076015e-01 5.055938316119414910e-01 2.134648225214047790e-01 8.435571439707904018e-01 0.000000000000000000e+00 5.723399670820289442e-01 7.389026569561689683e-01 3.953365067361391816e-02 4.194164757556027023e-01
8.482560498477986766e-01 3.664414954404116576e-01 8.908940563131224621e-01 6.018032610533838866e-01 8.990996898789034297e-01 8.151283126148327618e-01 8.169859542412916120e-01 7.662463551982219290e-01 5.589583359649514804e-01 4.147593275427943760e-01 6.226001476252371880e-01 4.340676442308231131e-01 5.965478758051470098e-01 4.257043709237752771e-01 5.343767429881982611e-01 4.297636734162081362e-01 2.314579661843418901e-02 3.881432599896671443e-01 3.964035490016351027e-01 7.088007308079693480e-01 6.538982695811461632e-01 4.853586049195875995e-01 2.770018883706910073e-01 7.986076514813799099e-01 4.604313274834440084e-01 5.563804410483565999e-01 3.825908461644946246e-01 2.816949119699657667e-01 7.541702004337382803e-01 1.324952155671514920e-01 5.723399670820289442e-01 0.000000000000000000e+00 6.560234117285959066e-01 6.313980670242617110e-01 8.664500777354187111e-01
8.278232898352073654e-01 6.920261774439481206e-01 9.752037448488550808e-01 5.035641533051706809e-01 3.703597264820271961e-01 3.302958009037471609e-01 5.011412960725577515e-01 7.464563145889526741e-01 5.293516314918484955e-01 4.814796118721049178e-01 5.200857944305160574e-01 2.003923056663065028e-01 3.421110602337289475e-01 3.429569811149461578e-01 5.284676501863980747e-01 9.120139257447927861e-01 4.506375676009327091e-01 2.717267870178785572e-02 7.082532607711971018e-01 8.439503564864321294e-01 3.159521188994315333e-01 4.707914105152694595e-01 6.635841322909802331e-01 3.787109726242122165e-01 8.220348421877629042e-01 1.682859071319449118e-01 8.715991691027098476e-01 7.224031416346782253e-01 2.208426580849103260e-01 2.365403252267510026e-01 7.389026569561689683e-01 6.560234117285959066e-01 0.000000000000000000e+00 7.386173179481831941e-01 6.334069169383207409e-01
5.983596144694336427e-02 4.892946980096595233e-01 2.649463524219546340e-01 7.526252364277086215e-01 7.505748780303462819e-01 1.944172984550771588e-01 3.328519274331229738e-01 4.869487030657698723e-01 9.292423068705872868e-01 1.972033323478705746e-01 4.528897081250933820e-01 4.068209039489434908e-01 3.353591305507144793e-01 4.724727316565942026e-01 7.121006339348883163e-01 8.454580370647959420e-01 4.639205039856802992e-01 7.829281706535877738e-01 3.068300385171339739e-01 8.767153940023846292e-01 8.891884948121251409e-01 6.836739251351341418e-01 3.139618464178398627e-01 8.918968073787516548e-01 8.189147329629871130e-01 2.225022088869422210e-01 7.878798532971382773e-01 6.811111470033022197e-01 3.807360125905543402e-01 4.196524396710038518e-01 3.953365067361391816e-02 6.313980670242617110e-01 7.386173179481831941e-01 0.000000000000000000e+00 7.237423505264852786e-01
2.412285896096069138e-01 7.707684382908652765e-01 5.765533963305605747e-01 5.698658613849884036e-01 4.469098673176319925e-01 1.741456416425024578e-01 2.179838396869057116e-01 5.368013336160990523e-01 7.044048948912270403e-01 6.620879015309912852e-01 8.242790473641451454e-01 5.317675176242107060e-01 4.592711502400198542e-01 4.894421387552065905e-01 4.373613082917893191e-01 3.867801362480245420e-01 1.677348140107407515e-01 5.416200673043992664e-01 4.784463628411857461e-01 6.474014674197543506e-01 8.905369122857011988e-01 2.034249573682679335e-01 6.792962327413945012e-01 4.146936009557864455e-01 6.273770515644484513e-01 4.861825789942293419e-01 3.774227775453558031e-01 1.473022849156206959e-01 5.094906404366095209e-01 9.161438983187455420e-01 4.194164757556027023e-01 8.664500777354187111e-01 6.334069169383207409e-01 7.237423505264852786e-01 0.000000000000000000e+00
