0.000000000000000000e+00 6.774170141425288616e-01 5.315440354780004428e-01 4.374361388858318822e-01 7.372672568791478476e-01 4.116807443893835683e-01 6.337007360713570181e-01 2.917409247288733631e-01 6.776760524555736076e-01 1.276130127551362570e-01 1.367414404098296621e-01 8.794395633701981296e-01 7.218550634707876501e-01 6.379098949849739686e-01 3.727474985951241826e-01 7.105770685043817370e-01 7.904089064891450800e-01 1.332072708792169102e-01 6.164028818515788766e-01 6.036706896457375571e-01 6.761703278378583537e-02 4.916057024105930928e-01 6.001359760581851388e-01 3.780632114635951169e-01 5.330320313793902587e-01 3.248591733385248759e-01 5.168370476376035194e-01 4.200064125990349284e-01 7.828195227768552922e-01 4.436152618005949066e-01 8.028473254361087053e-01 4.518409601650001939e-01 5.252156245654645561e-01 8.391913012194354149e-01 5.381692606758790021e-01
6.774170141425288616e-01 0.000000000000000000e+00 8.310727740419201481e-01 7.847575995960214268e-01 7.591912276151340233e-01 1.026211360671630546e-01 9.150446096415869590e-01 1.593863246302100745e-01 8.989339324266303333e-01 5.796448556849281841e-01 5.701048170093689915e-01 7.016093222534039997e-01 3.291953097602128286e-01 3.720421342476836202e-01 8.312428117628890556e-01 2.403035665652434316e-01 1.039688493299844030e-01 9.284307529565014594e-01 3.208720607211695830e-01 2.951461580270599017e-01 2.655712668184422864e-01 4.928716177378621444e-01 7.737309355403589883e-01 6.058575937726018434e-01 6.284430153478959280e-01 4.288521419600426765e-01 1.556249092352628427e-01 4.050984076489658747e-01 2.710503130936582350e-01 1.087164448456049426e-01 3.951233506342906043e-01 5.007023009940687608e-01 6.655409093454071057e-01 5.994118912765447060e-01 4.307416026981161772e-01
5.315440354780004428e-01 8.310727740419201481e-01 0.000000000000000000e+00 5.623194523639791775e-01 6.475238194188470686e-01 4.698268804113410191e-01 4.882824014516098932e-01 4.888909363621106730e-01 7.222357915431827369e-01 4.482844300490013700e-01 4.732940911276378726e-01 3.708183425155830437e-01 4.455644216821597059e-01 8.773678644338767096e-01 7.359303075093973634e-01 4.696704586675733428e-01 7.523601266742441229e-01 7.189195677925650507e-01 7.306159056484595737e-01 8.723059071906986706e-01 4.413108514628587553e-01 6.379028350516280366e-01 2.442635474728759304e-01 6.178255938829217975e-01 1.066247291264150743e-01 5.200471355001468066e-02 7.328532676968584347e-01 4.152800210605101516e-01 6.749471718051012203e-01 4.306211138752227829e-01 2.044635214404798562e-01 2.629073556363664688e-01 5.398871238158671204e-01 8.588737884990660376e-01 6.986485661460373198e-02
4.374361388858318822e-01 7.847575995960214268e-01 5.623194523639791775e-01 0.000000000000000000e+00 8.089202239332302646e-01 8.771688161503965464e-01 8.540130167772148617e-01 4.002156175764605139e-01 5.911838234759534405e-01 6.196494562317402810e-01 5.833137942903157125e-01 1.102933825848129157e-02 6.279281541631128727e-01 6.535551537916156617e-01 5.496476014318868453e-01 4.236729095596326600e-01 3.831540422047128303e-01 4.720827246412375722e-01 4.253737111699575912e-01 3.904547415190636750e-01 4.489427121181494007e-01 4.399123591699391489e-01 6.805139635893564520e-02 3.928644673940107634e-01 7.144286774009310781e-01 5.027153878239106755e-01 6.153612285427563222e-01 5.742697807314457448e-01 6.992380690056765324e-02 4.379917054575253599e-01 8.590783646605741897e-01 1.487815768942886696e-01 3.947693756309463287e-01 2.804925821225029425e-01 7.212292546516275715e-01
7.372672568791478476e-01 7.591912276151340233e-01 6.475238194188470686e-01 8.089202239332302646e-01 0.000000000000000000e+00 5.284677273085593985e-01 2.570750199384933543e-01 5.871158465471866261e-01 2.260969729828337105e-01 3.423484913380668848e-01 4.408309799758920455e-01 8.541865702972268881e-01 7.045578764381517090e-01 4.428625690604950371e-01 3.598361513630522479e-01 3.500550539045564902e-01 4.973112549678702088e-01 7.486120124597699377e-01 6.033898330304878765e-01 5.070605943697457096e-01 7.859681575648058693e-01 2.526999646402811051e-01 8.324709267684443637e-01 6.319640317556599607e-01 2.371061606826810331e-01 5.216654917116063661e-01 6.495206969913434047e-01 3.006697096175732220e-01 5.506251599965829024e-01 1.422594788549740308e-01 4.424384638342959697e-02 6.923880133729449771e-01 5.700303373277111341e-01 7.811143370450062129e-01 4.788495516019644072e-01
4.116807443893835683e-01 1.026211360671630546e-01 4.698268804113410191e-01 8.771688161503965464e-01 5.284677273085593985e-01 0.000000000000000000e+00 3.602244978467559200e-01 4.663578245501090458e-01 4.670060782265224031e-01 9.462373432611113078e-01 6.757189675033038467e-01 6.927906975310765825e-01 2.184162993070836167e-01 6.667881907401549402e-01 6.062893333474475011e-01 4.696947081591301143e-01 9.388310198391633943e-01 4.201962168140268572e-01 4.288719242445312441e-01 5.334739036304367854e-01 6.684349515182228529e-01 6.850529676442607130e-01 1.856420362132815693e-01 8.847214600496553505e-01 5.579599367137688670e-01 2.922884949491207363e-01 2.406373454684196389e-01 2.400122746163978471e-01 8.489735086016705345e-01 7.055367053833156987e-01 2.220326127139217731e-01 4.322322541320615108e-01 7.678409122960910826e-01 2.137337919533761066e-01 4.515658817400821645e-01
6.337007360713570181e-01 9.150446096415869590e-01 4.882824014516098932e-01 8.540130167772148617e-01 2.570750199384933543e-01 3.602244978467559200e-01 0.000000000000000000e+00 1.920460060849453754e-01 5.662601236876917410e-01 4.036597495681594761e-01 8.503458072538239154e-02 8.917516635535923664e-01 7.386462377897042852e-01 6.814086161331509572e-01 8.557939637073206374e-01 8.746720118857780335e-01 8.517926243384126295e-01 4.312553653269912690e-01 5.524461385584298334e-01 3.731283534465605345e-01 3.012648984007976760e-01 3.665259893564189464e-01 1.157128090464454306e-01 3.936176828791844162e-01 3.965523401178155938e-01 5.025384636404304217e-01 4.357523476083545733e-01 4.516241525633660769e-01 1.622106721581773048e-01 4.523046886488356622e-01 5.222238576792526121e-01 5.251975834667015341e-01 6.399701208232553284e-01 8.149803357507688917e-01 3.887911682900637711e-01
2.917409247288733631e-01 1.593863246302100745e-01 4.888909363621106730e-01 4.002156175764605139e-01 5.871158465471866261e-01 4.663578245501090458e-01 1.920460060849453754e-01 0.000000000000000000e+00 3.575822446648755371e-01 8.905959758853042585e-01 3.252634457460725770e-01 9.693686792435729505e-01 8.457534854861314955e-01 6.262643889117678331e-01 6.309574724941715562e-01 3.489002055367553812e-01 5.544305981649049198e-01 4.464553010834543256e-01 5.339324280846091675e-01 1.163823667769386949e-01 3.052866205783967279e-01 6.412916125757528452e-02 7.261295475673041899e-01 4.805826857224836379e-01 9.349603132425594598e-01 1.511589313652129674e-01 2.632101439212952698e-02 7.959775880178032725e-01 3.182203519795171465e-01 3.074454096559287031e-01 4.048363434915934755e-01 2.537120571210471631e-01 5.810544450011930762e-01 2.472897717733277823e-01 1.514344783628945867e-01
6.776760524555736076e-01 8.989339324266303333e-01 7.222357915431827369e-01 5.911838234759534405e-01 2.260969729828337105e-01 4.670060782265224031e-01 5.662601236876917410e-01 3.575822446648755371e-01 0.000000000000000000e+00 7.865226807582460511e-01 4.144438060265856483e-01 1.889640300638412151e-01 5.561649554384358041e-01 7.357200120575058122e-01 7.844046440402303588e-01 6.246383982697790715e-01 4.531675313922658432e-01 7.723442052963187532e-01 3.454228898548507010e-01 1.510542562372702013e-01 4.607958904855682936e-01 2.489482552591557596e-01 3.433674840211096146e-01 7.132469381271394626e-01 5.579256141167651117e-01 5.952699241209340464e-01 4.618416365737599283e-01 4.801383302869490222e-01 8.215280746064689277e-01 3.496547473597720890e-01 3.221318673949158384e-01 2.420059549480241823e-01 5.647549410024470529e-01 2.903994658046297750e-01 8.239024856049730339e-01
1.276130127551362570e-01 5.796448556849281841e-01 4.482844300490013700e-01 6.196494562317402810e-01 3.423484913380668848e-01 9.462373432611113078e-01 4.036597495681594761e-01 8.905959758853042585e-01 7.865226807582460511e-01 0.000000000000000000e+00 5.997744280123700200e-01 4.943028911583473572e-01 5.764614000166575769e-01 3.600631053334646392e-01 5.261553333747701622e-01 9.484588752467848494e-01 5.776696429454586390e-01 7.025882219467116663e-01 1.783779126393635339e-01 2.240638446937367467e-01 5.659190265518292406e-01 8.168516942326440322e-01 4.827539441336408110e-01 8.881184944176632179e-01 3.244321823608294908e-01 4.672705783972948002e-01 2.295878507083188858e-01 2.029153869001361077e-01 7.723986969283733739e-01 4.836181678617003099e-01 1.206099099849883283e-01 1.749973787800848113e-01 1.435296933492617999e-01 2.226712406760720797e-01 1.796343557147574987e-01
1.367414404098296621e-01 5.701048170093689915e-01 4.732940911276378726e-01 5.833137942903157125e-01 4.408309799758920455e-01 6.757189675033038467e-01 8.503458072538239154e-02 3.252634457460725770e-01 4.144438060265856483e-01 5.997744280123700200e-01 0.000000000000000000e+00 3.746294727297665439e-01 8.253549294378939027e-01 5.136575301852479569e-01 1.853162423061300856e-01 1.892823877889474593e-01 9.794308115188579134e-01 7.765411783017329705e-01 6.052185054974491552e-01 3.846073598551439932e-01 4.727999683219933358e-01 2.264706952952794117e-01 3.312520460300361069e-02 5.846248691422295529e-01 4.747268933478939190e-01 4.326746148048256080e-01 6.353485716609038603e-01 3.721530969579458503e-01 4.627001180122257140e-01 5.149824196553420830e-01 3.174528584630398331e-01 7.475252090602845234e-01 6.788525697082365973e-01 6.674274910175703734e-01 8.339140111614522510e-01
8.794395633701981296e-01 7.016093222534039997e-01 3.708183425155830437e-01 1.102933825848129157e-02 8.541865702972268881e-01 6.927906975310765825e-01 8.917516635535923664e-01 9.693686792435729505e-01 1.889640300638412151e-01 4.943028911583473572e-01 3.746294727297665439e-01 0.000000000000000000e+00 4.953890288756832572e-01 5.177406650030387247e-01 7.463046560880024494e-01 2.042795585649485046e-01 6.358866568550218812e-01 1.076711229513154233e-01 4.268294659226048449e-01 4.237169208556281208e-01 5.333515039074403496e-01 4.263677647919326685e-01 2.831208043878331582e-01 4.345058651484465795e-01 5.974803468437046572e-01 1.552023734904740548e-01 3.947019500808157666e-02 9.353831245166451813e-01 4.189011212305193688e-01 8.509872903795140386e-01 2.925310191949607175e-01 8.833918058986005573e-01 6.309687639834385964e-01 3.921481557942927409e-01 4.557087766219316549e-01
7.218550634707876501e-01 3.291953097602128286e-01 4.455644216821597059e-01 6.279281541631128727e-01 7.045578764381517090e-01 2.184162993070836167e-01 7.386462377897042852e-01 8.457534854861314955e-01 5.561649554384358041e-01 5.764614000166575769e-01 8.253549294378939027e-01 4.953890288756832572e-01 0.000000000000000000e+00 5.661312921808798748e-01 4.571109403616802069e-01 5.106237262728383630e-01 2.009502796150898218e-01 4.937580323219742939e-01 4.958725508637685242e-01 5.523185183259401443e-01 5.280827465734758697e-01 6.422348868461001947e-01 5.979531491161793610e-01 6.490893921488278817e-01 4.157444042267982032e-01 5.339506814717012162e-01 9.244753586348046781e-01 2.096851056131037172e-01 8.096184209841117418e-01 4.915385712167550381e-01 5.057227511456531266e-01 5.984446902883810981e-01 4.723561459926889916e-01 8.927475698860478648e-01 7.680437712782960391e-01
6.379098949849739686e-01 3.720421342476836202e-01 8.773678644338767096e-01 6.535551537916156617e-01 4.428625690604950371e-01 6.667881907401549402e-01 6.814086161331509572e-01 6.262643889117678331e-01 7.357200120575058122e-01 3.600631053334646392e-01 5.136575301852479569e-01 5.177406650030387247e-01 5.661312921808798748e-01 0.000000000000000000e+00 6.647847237221081729e-01 6.140193233590975908e-01 7.142045283577567183e-01 7.352974018280951096e-01 6.526209908347441191e-01 8.591069907306881914e-01 2.226338219388749318e-01 6.227256430854504199e-01 8.095670453619641105e-01 8.544575805255059109e-01 2.285092460176088025e-01 2.885382445786908168e-01 7.123901842820405950e-01 5.887006677025417023e-01 5.612430280783966552e-01 4.826464827512386147e-01 2.568643763062655738e-01 1.497903133389673069e-01 7.912162040270824814e-01 5.102169927881001765e-01 5.610176014097987274e-01
3.727474985951241826e-01 8.312428117628890556e-01 7.359303075093973634e-01 5.496476014318868453e-01 3.598361513630522479e-01 6.062893333474475011e-01 8.557939637073206374e-01 6.309574724941715562e-01 7.844046440402303588e-01 5.261553333747701622e-01 1.853162423061300856e-01 7.463046560880024494e-01 4.571109403616802069e-01 6.647847237221081729e-01 0.000000000000000000e+00 2.428252938155339713e-02 5.582054818816760688e-01 3.769872315051931988e-01 6.659448135256682555e-01 8.041975934624145950e-01 4.975136423182680012e-01 1.754232380847079442e-01 1.828772794432187432e-01 4.556192843373271240e-01 3.415775566509906547e-01 7.473743023479891834e-01 1.990217973086905179e-01 9.239899800479576264e-01 1.339007535262877191e-01 5.607879685878803810e-01 8.245265581919203335e-01 4.969163589962967142e-01 8.162861802401640832e-01 8.257268657859024863e-01 3.820655478774647174e-01
7.105770685043817370e-01 2.403035665652434316e-01 4.696704586675733428e-01 4.236729095596326600e-01 3.500550539045564902e-01 4.696947081591301143e-01 8.746720118857780335e-01 3.489002055367553812e-01 6.246383982697790715e-01 9.484588752467848494e-01 1.892823877889474593e-01 2.042795585649485046e-01 5.106237262728383630e-01 6.140193233590975908e-01 2.428252938155339713e-02 0.000000000000000000e+00 6.312709364900115361e-02 7.942010274702318018e-01 1.785866511797966627e-01 6.881195422606909418e-01 8.900947222721701246e-01 9.101102704190568993e-01 5.410609163377035902e-01 4.216302039261976553e-01 6.087929067136954586e-01 5.594925944040480825e-01 2.010519265183137172e-01 7.517996626716274555e-01 5.119278095091569503e-01 8.356134380769552061e-01 2.915074073056694859e-01 5.126274684034772822e-01 8.103336770282971724e-01 4.417697394895350738e-01 2.142278317597777759e-01
7.904089064891450800e-01 1.039688493299844030e-01 7.523601266742441229e-01 3.831540422047128303e-01 4.973112549678702088e-01 9.388310198391633943e-01 8.517926243384126295e-01 5.544305981649049198e-01 4.531675313922658432e-01 5.776696429454586390e-01 9.794308115188579134e-01 6.358866568550218812e-01 2.009502796150898218e-01 7.142045283577567183e-01 5.582054818816760688e-01 6.312709364900115361e-02 0.000000000000000000e+00 6.469756110230426849e-01 6.300695917198939622e-01 5.637908265822435538e-01 7.909283180036835725e-01 6.128947856521372861e-01 3.611023461691977854e-01 4.534067843207284509e-01 2.246465585532181897e-01 4.553751929097802909e-01 5.751361693638280537e-01 6.416874781832672126e-01 4.915007024197784458e-01 9.027610723888394029e-01 6.414956560817295372e-01 4.909694134426852985e-01 1.379371999032734664e-01 1.135596929046646109e-01 4.103464610453459449e-01
1.332072708792169102e-01 9.284307529565014594e-01 7.189195677925650507e-01 4.720827246412375722e-01 7.486120124597699377e-01 4.201962168140268572e-01 4.312553653269912690e-01 4.464553010834543256e-01 7.723442052963187532e-01 7.025882219467116663e-01 7.765411783017329705e-01 1.076711229513154233e-01 4.937580323219742939e-01 7.352974018280951096e-01 3.769872315051931988e-01 7.942010274702318018e-01 6.469756110230426849e-01 0.000000000000000000e+00 3.883210108883750622e-01 8.020986634404762006e-01 1.052485134803516909e-01 5.193786315808958109e-01 4.790263833293730844e-01 5.020584162659781358e-01 6.280867961724946325e-01 4.974389710239641160e-01 8.069948234801739284e-01 5.343059008374232421e-01 3.457874827490917680e-01 8.151342948066934158e-01 7.837246936539324915e-01 9.461250490942477720e-01 8.425040275803223899e-01 9.702155034041631820e-01 7.568940581575258619e-01
6.164028818515788766e-01 3.208720607211695830e-01 7.306159056484595737e-01 4.253737111699575912e-01 6.033898330304878765e-01 4.288719242445312441e-01 5.524461385584298334e-01 5.339324280846091675e-01 3.454228898548507010e-01 1.783779126393635339e-01 6.052185054974491552e-01 4.268294659226048449e-01 4.958725508637685242e-01 6.526209908347441191e-01 6.659448135256682555e-01 1.785866511797966627e-01 6.300695917198939622e-01 3.883210108883750622e-01 0.000000000000000000e+00 9.539491327555469358e-01 5.247861088262295581e-02 6.138028658967961126e-01 4.100312180764477676e-01 6.706163457830338626e-01 4.797378389347488614e-01 3.902003055132811649e-01 1.542070800347654647e-01 4.028614161960444306e-01 7.320751739670197100e-01 4.809816156536368403e-01 4.490384864337237381e-01 8.031805348654925680e-01 4.510858119333183702e-01 8.496101742195361073e-02 4.096552753921120504e-01
6.036706896457375571e-01 2.951461580270599017e-01 8.723059071906986706e-01 3.904547415190636750e-01 5.070605943697457096e-01 5.334739036304367854e-01 3.731283534465605345e-01 1.163823667769386949e-01 1.510542562372702013e-01 2.240638446937367467e-01 3.846073598551439932e-01 4.237169208556281208e-01 5.523185183259401443e-01 8.591069907306881914e-01 8.041975934624145950e-01 6.881195422606909418e-01 5.637908265822435538e-01 8.020986634404762006e-01 9.539491327555469358e-01 0.000000000000000000e+00 4.908648532971707223e-01 7.791103952481694961e-01 8.973165441965431643e-01 8.568105720634278111e-01 1.310008181925067516e-01 4.207230270925856330e-01 6.092407906256447347e-01 5.133360843620646818e-01 1.355935651679873732e-01 6.610448169874267865e-01 5.509047540449467650e-01 5.722493613121636402e-01 2.837951980766373339e-02 5.968499951958554650e-01 5.165814527377591281e-01
6.761703278378583537e-02 2.655712668184422864e-01 4.413108514628587553e-01 4.489427121181494007e-01 7.859681575648058693e-01 6.684349515182228529e-01 3.012648984007976760e-01 3.052866205783967279e-01 4.607958904855682936e-01 5.659190265518292406e-01 4.727999683219933358e-01 5.333515039074403496e-01 5.280827465734758697e-01 2.226338219388749318e-01 4.975136423182680012e-01 8.900947222721701246e-01 7.909283180036835725e-01 1.052485134803516909e-01 5.247861088262295581e-02 4.908648532971707223e-01 0.000000000000000000e+00 2.029361612676071625e-01 4.915477976853279696e-01 2.435923268322442992e-01 4.734137960028813041e-01 7.474618048590169206e-01 8.278075030707121584e-02 1.833580708650701663e-01 7.964766081478552584e-01 4.641695719194876557e-01 1.712889602144056500e-01 5.977108282832654940e-01 9.266096607046190314e-01 7.187515188593718296e-01 8.529855113131081801e-01
4.916057024105930928e-01 4.928716177378621444e-01 6.379028350516280366e-01 4.399123591699391489e-01 2.526999646402811051e-01 6.850529676442607130e-01 3.665259893564189464e-01 6.412916125757528452e-02 2.489482552591557596e-01 8.168516942326440322e-01 2.264706952952794117e-01 4.263677647919326685e-01 6.422348868461001947e-01 6.227256430854504199e-01 1.754232380847079442e-01 9.101102704190568993e-01 6.128947856521372861e-01 5.193786315808958109e-01 6.138028658967961126e-01 7.791103952481694961e-01 2.029361612676071625e-01 0.000000000000000000e+00 4.255108126345300001e-01 3.684354135659167473e-01 7.560825837737834565e-01 3.097248651394308716e-01 7.068065035538954044e-01 1.201982362383078318e-01 7.218319150928402816e-01 5.725237461561976104e-01 4.232385455191955970e-01 6.756727002507636470e-01 1.885359248804817645e-01 7.269406372285269757e-02 4.747022291264991756e-01
6.001359760581851388e-01 7.737309355403589883e-01 2.442635474728759304e-01 6.805139635893564520e-02 8.324709267684443637e-01 1.856420362132815693e-01 1.157128090464454306e-01 7.261295475673041899e-01 3.433674840211096146e-01 4.827539441336408110e-01 3.312520460300361069e-02 2.831208043878331582e-01 5.979531491161793610e-01 8.095670453619641105e-01 1.828772794432187432e-01 5.410609163377035902e-01 3.611023461691977854e-01 4.790263833293730844e-01 4.100312180764477676e-01 8.973165441965431643e-01 4.915477976853279696e-01 4.255108126345300001e-01 0.000000000000000000e+00 7.174050782852010588e-01 4.218268916401044510e-01 2.319361757646152267e-01 6.083066163754532463e-01 6.127026583567690698e-01 1.270899698999955474e-01 3.014361299758844259e-01 3.175829137539312175e-01 2.459931672794923863e-02 5.899632221212544048e-01 7.526772404799961791e-01 4.422254051998592006e-01
3.780632114635951169e-01 6.058575937726018434e-01 6.178255938829217975e-01 3.928644673940107634e-01 6.319640317556599607e-01 8.847214600496553505e-01 3.936176828791844162e-01 4.805826857224836379e-01 7.132469381271394626e-01 8.881184944176632179e-01 5.846248691422295529e-01 4.345058651484465795e-01 6.490893921488278817e-01 8.544575805255059109e-01 4.556192843373271240e-01 4.216302039261976553e-01 4.534067843207284509e-01 5.020584162659781358e-01 6.706163457830338626e-01 8.568105720634278111e-01 2.435923268322442992e-01 3.684354135659167473e-01 7.174050782852010588e-01 0.000000000000000000e+00 3.035622105684969152e-01 9.139204063653862953e-01 6.962725742892212910e-01 1.208637689220829481e-01 7.791657306713564157e-01 8.700379096563761738e-01 2.769853178945859140e-01 6.341498262251255014e-01 3.949783550302303214e-01 8.319235521658753241e-01 8.911115012857298012e-01
5.330320313793902587e-01 6.284430153478959280e-01 1.066247291264150743e-01 7.144286774009310781e-01 2.371061606826810331e-01 5.579599367137688670e-01 3.965523401178155938e-01 9.349603132425594598e-01 5.579256141167651117e-01 3.244321823608294908e-01 4.747268933478939190e-01 5.974803468437046572e-01 4.157444042267982032e-01 2.285092460176088025e-01 3.415775566509906547e-01 6.087929067136954586e-01 2.246465585532181897e-01 6.280867961724946325e-01 4.797378389347488614e-01 1.310008181925067516e-01 4.734137960028813041e-01 7.560825837737834565e-01 4.218268916401044510e-01 3.035622105684969152e-01 0.000000000000000000e+00 1.402919439077250363e-01 4.320783207244867641e-01 7.325422698343501127e-01 4.740134804109931710e-01 6.813693790211009516e-01 7.936731713705914570e-01 4.302014932317856921e-01 4.490095038431638486e-01 4.600184623854507437e-01 3.317464823788695005e-01
3.248591733385248759e-01 4.288521419600426765e-01 5.200471355001468066e-02 5.027153878239106755e-01 5.216654917116063661e-01 2.922884949491207363e-01 5.025384636404304217e-01 1.511589313652129674e-01 5.952699241209340464e-01 4.672705783972948002e-01 4.326746148048256080e-01 1.552023734904740548e-01 5.339506814717012162e-01 2.885382445786908168e-01 7.473743023479891834e-01 5.594925944040480825e-01 4.553751929097802909e-01 4.974389710239641160e-01 3.902003055132811649e-01 4.207230270925856330e-01 7.474618048590169206e-01 3.097248651394308716e-01 2.319361757646152267e-01 9.139204063653862953e-01 1.402919439077250363e-01 0.000000000000000000e+00 2.317326970671919617e-01 4.581821583964654776e-01 3.794353422588722102e-01 1.434779230653484561e-01 5.430321481705486786e-01 6.258720947694572656e-01 2.405703767854915354e-01 9.902279423946116488e-01 1.254365703106813390e-01
5.168370476376035194e-01 1.556249092352628427e-01 7.328532676968584347e-01 6.153612285427563222e-01 6.495206969913434047e-01 2.406373454684196389e-01 4.357523476083545733e-01 2.632101439212952698e-02 4.618416365737599283e-01 2.295878507083188858e-01 6.353485716609038603e-01 3.947019500808157666e-02 9.244753586348046781e-01 7.123901842820405950e-01 1.990217973086905179e-01 2.010519265183137172e-01 5.751361693638280537e-01 8.069948234801739284e-01 1.542070800347654647e-01 6.092407906256447347e-01 8.278075030707121584e-02 7.068065035538954044e-01 6.083066163754532463e-01 6.962725742892212910e-01 4.320783207244867641e-01 2.317326970671919617e-01 0.000000000000000000e+00 4.300059114321928000e-01 5.901029646917591576e-01 1.832030810426291678e-01 4.551798880093575472e-01 1.395516536163203813e-01 2.432350585933122922e-01 1.137203239909221342e-01 7.518751560753162977e-01
4.200064125990349284e-01 4.050984076489658747e-01 4.152800210605101516e-01 5.742697807314457448e-01 3.006697096175732220e-01 2.400122746163978471e-01 4.516241525633660769e-01 7.959775880178032725e-01 4.801383302869490222e-01 2.029153869001361077e-01 3.721530969579458503e-01 9.353831245166451813e-01 2.096851056131037172e-01 5.887006677025417023e-01 9.239899800479576264e-01 7.517996626716274555e-01 6.416874781832672126e-01 5.343059008374232421e-01 4.028614161960444306e-01 5.133360843620646818e-01 1.833580708650701663e-01 1.201982362383078318e-01 6.127026583567690698e-01 1.208637689220829481e-01 7.325422698343501127e-01 4.581821583964654776e-01 4.300059114321928000e-01 0.000000000000000000e+00 2.880137259641220027e-01 7.465467927689418692e-01 5.390655864160336375e-01 5.959625156798420420e-01 3.145176352535911102e-01 4.536552322075148580e-01 3.002466054140195961e-01
7.828195227768552922e-01 2.710503130936582350e-01 6.749471718051012203e-01 6.992380690056765324e-02 5.506251599965829024e-01 8.489735086016705345e-01 1.622106721581773048e-01 3.182203519795171465e-01 8.215280746064689277e-01 7.723986969283733739e-01 4.627001180122257140e-01 4.189011212305193688e-01 8.096184209841117418e-01 5.612430280783966552e-01 1.339007535262877191e-01 5.119278095091569503e-01 4.915007024197784458e-01 3.457874827490917680e-01 7.320751739670197100e-01 1.355935651679873732e-01 7.964766081478552584e-01 7.218319150928402816e-01 1.270899698999955474e-01 7.791657306713564157e-01 4.740134804109931710e-01 3.794353422588722102e-01 5.901029646917591576e-01 2.880137259641220027e-01 0.000000000000000000e+00 4.591431028674254344e-01 6.596749809765672934e-01 4.790978953912554683e-01 8.545125756294367214e-01 9.647006100238586512e-01 4.404789316495199558e-01
4.436152618005949066e-01 1.087164448456049426e-01 4.306211138752227829e-01 4.379917054575253599e-01 1.422594788549740308e-01 7.055367053833156987e-01 4.523046886488356622e-01 3.074454096559287031e-01 3.496547473597720890e-01 4.836181678617003099e-01 5.149824196553420830e-01 8.509872903795140386e-01 4.915385712167550381e-01 4.826464827512386147e-01 5.607879685878803810e-01 8.356134380769552061e-01 9.027610723888394029e-01 8.151342948066934158e-01 4.809816156536368403e-01 6.610448169874267865e-01 4.641695719194876557e-01 5.725237461561976104e-01 3.014361299758844259e-01 8.700379096563761738e-01 6.813693790211009516e-01 1.434779230653484561e-01 1.832030810426291678e-01 7.465467927689418692e-01 4.591431028674254344e-01 0.000000000000000000e+00 7.755037936662272369e-01 7.889216589609813202e-01 5.770948716825285985e-01 6.620973359495979649e-01 1.305867685261818956e-01
8.028473254361087053e-01 3.951233506342906043e-01 2.044635214404798562e-01 8.590783646605741897e-01 4.424384638342959697e-02 2.220326127139217731e-01 5.222238576792526121e-01 4.048363434915934755e-01 3.221318673949158384e-01 1.206099099849883283e-01 3.174528584630398331e-01 2.925310191949607175e-01 5.057227511456531266e-01 2.568643763062655738e-01 8.245265581919203335e-01 2.915074073056694859e-01 6.414956560817295372e-01 7.837246936539324915e-01 4.490384864337237381e-01 5.509047540449467650e-01 1.712889602144056500e-01 4.232385455191955970e-01 3.175829137539312175e-01 2.769853178945859140e-01 7.936731713705914570e-01 5.430321481705486786e-01 4.551798880093575472e-01 5.390655864160336375e-01 6.596749809765672934e-01 7.755037936662272369e-01 0.000000000000000000e+00 4.237427038688097447e-01 5.646538060208170506e-01 4.074536105823741150e-01 4.570769440353537050e-01
4.518409601650001939e-01 5.007023009940687608e-01 2.629073556363664688e-01 1.487815768942886696e-01 6.923880133729449771e-01 4.322322541320615108e-01 5.251975834667015341e-01 2.537120571210471631e-01 2.420059549480241823e-01 1.749973787800848113e-01 7.475252090602845234e-01 8.833918058986005573e-01 5.984446902883810981e-01 1.497903133389673069e-01 4.969163589962967142e-01 5.126274684034772822e-01 4.909694134426852985e-01 9.461250490942477720e-01 8.031805348654925680e-01 5.722493613121636402e-01 5.977108282832654940e-01 6.756727002507636470e-01 2.459931672794923863e-02 6.341498262251255014e-01 4.302014932317856921e-01 6.258720947694572656e-01 1.395516536163203813e-01 5.959625156798420420e-01 4.790978953912554683e-01 7.889216589609813202e-01 4.237427038688097447e-01 0.000000000000000000e+00 7.268883936606630458e-01 4.227807465902197470e-01 5.461840120977530244e-01
5.252156245654645561e-01 6.655409093454071057e-01 5.398871238158671204e-01 3.947693756309463287e-01 5.700303373277111341e-01 7.678409122960910826e-01 6.399701208232553284e-01 5.810544450011930762e-01 5.647549410024470529e-01 1.435296933492617999e-01 6.788525697082365973e-01 6.309687639834385964e-01 4.723561459926889916e-01 7.912162040270824814e-01 8.162861802401640832e-01 8.103336770282971724e-01 1.379371999032734664e-01 8.425040275803223899e-01 4.510858119333183702e-01 2.837951980766373339e-02 9.266096607046190314e-01 1.885359248804817645e-01 5.899632221212544048e-01 3.949783550302303214e-01 4.490095038431638486e-01 2.405703767854915354e-01 2.432350585933122922e-01 3.145176352535911102e-01 8.545125756294367214e-01 5.770948716825285985e-01 5.646538060208170506e-01 7.268883936606630458e-01 0.000000000000000000e+00 2.791263588631485160e-01 2.427747624129560355e-01
8.391913012194354149e-01 5.994118912765447060e-01 8.588737884990660376e-01 2.804925821225029425e-01 7.811143370450062129e-01 2.137337919533761066e-01 8.149803357507688917e-01 2.472897717733277823e-01 2.903994658046297750e-01 2.226712406760720797e-01 6.674274910175703734e-01 3.921481557942927409e-01 8.927475698860478648e-01 5.102169927881001765e-01 8.257268657859024863e-01 4.417697394895350738e-01 1.135596929046646109e-01 9.702155034041631820e-01 8.496101742195361073e-02 5.968499951958554650e-01 7.187515188593718296e-01 7.269406372285269757e-02 7.526772404799961791e-01 8.319235521658753241e-01 4.600184623854507437e-01 9.902279423946116488e-01 1.137203239909221342e-01 4.536552322075148580e-01 9.647006100238586512e-01 6.620973359495979649e-01 4.074536105823741150e-01 4.227807465902197470e-01 2.791263588631485160e-01 0.000000000000000000e+00 5.407718540175654454e-01
5.381692606758790021e-01 4.307416026981161772e-01 6.986485661460373198e-02 7.212292546516275715e-01 4.788495516019644072e-01 4.515658817400821645e-01 3.887911682900637711e-01 1.514344783628945867e-01 8.239024856049730339e-01 1.796343557147574987e-01 8.339140111614522510e-01 4.557087766219316549e-01 7.680437712782960391e-01 5.610176014097987274e-01 3.820655478774647174e-01 2.142278317597777759e-01 4.103464610453459449e-01 7.568940581575258619e-01 4.096552753921120504e-01 5.165814527377591281e-01 8.529855113131081801e-01 4.747022291264991756e-01 4.422254051998592006e-01 8.911115012857298012e-01 3.317464823788695005e-01 1.254365703106813390e-01 7.518751560753162977e-01 3.002466054140195961e-01 4.404789316495199558e-01 1.305867685261818956e-01 4.570769440353537050e-01 5.461840120977530244e-01 2.427747624129560355e-01 5.407718540175654454e-01 0.000000000000000000e+00
