0.000000000000000000e+00 4.792291145983640366e-01 5.032233580771912074e-01 6.159518668855042955e-01 4.362338992016892014e-01 5.140520376739198261e-01 3.564009397848474370e-01 2.166533122931890709e-01 7.851352546482497363e-01 4.648319381472605372e-01 1.177898539679276269e-01 5.844242700535324797e-01 7.932115018500152104e-01 5.284693419438615258e-01 4.528318619097979614e-01 9.853802573576209145e-02 3.843704514068490008e-01 6.155078193440690626e-01 3.760404428941311883e-01 8.752758096920298936e-02 3.463642326864561083e-01 8.376813304616361755e-01 7.666276444979065463e-01 5.081435050240876716e-01 8.414198292081471742e-01 4.750980573974792343e-01 6.471703645905337865e-01 5.659459352728762882e-01 4.002336152749372822e-01 9.170462436131483486e-01 7.822476269436910989e-01 6.459921757663817932e-01 7.863952448603767076e-02 5.227466816442465358e-01 6.793202764718175857e-01
4.792291145983640366e-01 0.000000000000000000e+00 9.329447686118559346e-01 6.282885236710329391e-01 2.519136812211615339e-01 2.701261013607655914e-01 6.308670876689255191e-01 8.085291485090420061e-01 4.204473079260591106e-01 8.611820065176045702e-01 4.844319310151066760e-01 4.479571033078809661e-01 2.207304889427454953e-01 6.486783369455340065e-01 5.660576208340046822e-01 5.783969606771013350e-01 3.291627172179923955e-01 1.461518209779714139e-01 5.640153684393276468e-01 5.089653107754638084e-01 9.733889938009172571e-01 6.332828637855875131e-01 5.441231966801239883e-01 6.612729816189831800e-01 2.086466756396548883e-01 4.912435799418605198e-01 3.880382378887988759e-01 2.682369374016179142e-01 3.720833829919643621e-01 6.427088915954999315e-01 7.825083998461705992e-01 6.682053020494058693e-01 7.476037149929759540e-01 7.969529374983450598e-01 4.450947498630602461e-01
5.032233580771912074e-01 9.329447686118559346e-01 0.000000000000000000e+00 3.025780414517142414e-01 6.052493231342104263e-02 4.578999544347386874e-01 8.140763421398142796e-01 5.780707814920029719e-01 6.679414419494457134e-01 4.218706277962889772e-01 5.501591339967277783e-01 4.039873138013124754e-01 3.931686970065860209e-01 5.700315832107103464e-01 5.222434611932026405e-01 3.365224739823173827e-01 5.304121551659082279e-01 7.561700725516429245e-01 4.161435797019323868e-01 2.753781559878100138e-01 2.135448215327484522e-01 4.135521206043404341e-01 7.379201064700944279e-01 6.954782738305005374e-01 8.813890077278017099e-01 7.278459973974744646e-01 3.212441259644610581e-01 8.699333553010322184e-01 5.331628110492965256e-01 4.040178849679014750e-01 3.395356889451920379e-01 5.590976837847236869e-01 4.426391827843649263e-01 7.404860565103930092e-01 6.702815853541356228e-01
6.159518668855042955e-01 6.282885236710329391e-01 3.025780414517142414e-01 0.000000000000000000e+00 4.145409705060556504e-01 4.497792122436546358e-01 9.476619327656972125e-01 7.463052549649928924e-01 5.992566141813182590e-01 4.953744469242705173e-01 9.971910452786214574e-02 4.163070111057124989e-01 2.791551840806987261e-01 4.574576612127451147e-01 4.823946273233261639e-01 4.045370586726020901e-01 5.884859683951285669e-01 8.671695803521695112e-01 5.658470524762040377e-01 5.363957515000477017e-01 2.570834822290187782e-01 2.610263780782249299e-01 5.552127373232456087e-01 3.989851438858568189e-01 4.660096503024090397e-01 3.251274241225114991e-01 5.956129168669201945e-01 4.090595596840715942e-01 3.131519540996459683e-01 6.161860882525789229e-01 4.420107741285964620e-01 4.780984838356346356e-01 7.212284509306472469e-01 4.779324814587135872e-01 5.531240105651906713e-01
4.362338992016892014e-01 2.519136812211615339e-01 6.052493231342104263e-02 4.145409705060556504e-01 0.000000000000000000e+00 3.499515844892816530e-01 9.227764387415680059e-01 7.961856984870846476e-01 4.385238873012676786e-01 1.715374524661870681e-01 7.536283132241783367e-01 4.475604670315830869e-01 2.665661069593263655e-01 6.978622983659544809e-01 2.963932906118899036e-01 4.225821201013120199e-01 4.847871883922906244e-01 4.831171454595646342e-01 3.742392100264895771e-01 3.042896821396974261e-01 5.108207009539498245e-01 6.582994232705647875e-01 6.260784666362961826e-01 5.308291162192818602e-01 5.128408460656009860e-01 4.821156096180390094e-02 6.938526803403086696e-01 2.327901042281333432e-01 4.622467540995348068e-01 7.946692080731795338e-01 7.851020929290353223e-01 6.436265349232792587e-01 2.042010504580729080e-01 3.021607529898263089e-01 5.471736071215673736e-01
5.140520376739198261e-01 2.701261013607655914e-01 4.578999544347386874e-01 4.497792122436546358e-01 3.499515844892816530e-01 0.000000000000000000e+00 5.199712005569903095e-01 6.045867682970069712e-01 4.286206541753211363e-01 7.089052239480624351e-01 3.578563443225247775e-01 2.823994494653514487e-01 4.742147945098703632e-01 4.899677990107385028e-01 7.854084898787581093e-01 4.792567177801493328e-01 2.072963569769354919e-01 3.586503507521486833e-01 1.887111895217671309e-01 7.587997398686525674e-01 8.591713649976540079e-01 5.424480662161857980e-01 5.089803207798222484e-01 8.989525154284476738e-01 4.176914638582073236e-01 3.987337594645569139e-01 6.896864211062783134e-01 3.987303867147792280e-01 5.064551395782915799e-01 2.101503648387963441e-01 7.852865448969195139e-01 7.206326092330925803e-01 5.134691516944958067e-01 3.630950829170321859e-01 7.999070929560310184e-01
3.564009397848474370e-01 6.308670876689255191e-01 8.140763421398142796e-01 9.476619327656972125e-01 9.227764387415680059e-01 5.199712005569903095e-01 0.000000000000000000e+00 5.922127997401273047e-01 7.162975633301931211e-01 3.619669110695524772e-01 6.349340496280144741e-01 4.473046865224967750e-01 5.508167932276060164e-01 5.415111663375751228e-01 3.863531437772740329e-01 7.598810234751640635e-01 3.139857186737361472e-01 4.577812908719295359e-01 4.482189867092121194e-01 4.973257265506466629e-01 4.949858651592282111e-01 4.616410192457083839e-01 2.857300209698290239e-01 6.200377030805928058e-01 3.337206820079447467e-01 7.102007186959418128e-01 5.613218601484353254e-01 4.975747106214478688e-02 6.719715312245380101e-01 7.192476120449661225e-01 6.726686644777669644e-01 5.798045965928794176e-01 4.603479796909082378e-01 8.196279002238275879e-01 9.005634764464562902e-01
2.166533122931890709e-01 8.085291485090420061e-01 5.780707814920029719e-01 7.463052549649928924e-01 7.961856984870846476e-01 6.045867682970069712e-01 5.922127997401273047e-01 0.000000000000000000e+00 4.597050479288877778e-01 6.048851033719743198e-01 4.567705941737996711e-01 7.793748774523927558e-01 4.087816604879621618e-01 3.261275309357001273e-01 4.664754869551553940e-01 5.597880868317057779e-01 8.143485172612962009e-01 6.646746281303819170e-01 8.288263781072878755e-01 4.835918175854363454e-01 7.791248728860110662e-01 7.307430318301988414e-01 1.845798078464330194e-01 1.186143603627374810e-01 7.528030506234565378e-01 6.557293355773925470e-01 6.845706073826244298e-01 8.291331457965893659e-01 8.520582070030880972e-01 6.019318078236768343e-01 7.211100063804878335e-01 2.324156706809028528e-01 3.997163827935523717e-01 5.332459369846664909e-01 7.421542662778739530e-01
7.851352546482497363e-01 4.204473079260591106e-01 6.679414419494457134e-01 5.992566141813182590e-01 4.385238873012676786e-01 4.286206541753211363e-01 7.162975633301931211e-01 4.597050479288877778e-01 0.000000000000000000e+00 5.115525016432165284e-01 3.649690449941526693e-01 2.406373080887849181e-01 6.853800021459910408e-01 3.951707563203092910e-01 6.906652412754465953e-01 6.162921588834389119e-01 6.811265574285465529e-01 6.743067776376944211e-01 4.042235495827052327e-01 5.344017955991999802e-01 4.728744798810968764e-01 8.643435501665136522e-01 3.614593455142132150e-01 6.560498525001987602e-01 7.730143687806958486e-01 5.005462922664953851e-01 1.507033073498268427e-01 6.436137204043297366e-01 7.423227159769527628e-01 2.433408281150983843e-01 5.280493661587803977e-01 3.862933219780181893e-01 3.503807477325772135e-01 4.483831025574646079e-01 1.065272209428753669e-01
4.648319381472605372e-01 8.611820065176045702e-01 4.218706277962889772e-01 4.953744469242705173e-01 1.715374524661870681e-01 7.089052239480624351e-01 3.619669110695524772e-01 6.048851033719743198e-01 5.115525016432165284e-01 0.000000000000000000e+00 5.671045299888792801e-01 6.632985455184170487e-01 3.186299240248539055e-01 3.628092396054468094e-01 3.325073955132078485e-01 8.553157255987353658e-01 4.428349985398784550e-01 4.613873654919548040e-01 8.129796272239109278e-01 6.395803621906588354e-01 6.336283224409666737e-01 3.799821021040363234e-01 1.037009681143783446e-01 4.994109647666944984e-01 3.081202458869311545e-01 4.966276558568240018e-01 4.377874044443642587e-01 3.015761567113902086e-01 8.984121134311451318e-01 6.801325396240678334e-01 6.874553549280431053e-01 5.678534294009638383e-01 5.463040501935009230e-01 3.761885441611824143e-01 5.862856293574499889e-01
1.177898539679276269e-01 4.844319310151066760e-01 5.501591339967277783e-01 9.971910452786214574e-02 7.536283132241783367e-01 3.578563443225247775e-01 6.349340496280144741e-01 4.567705941737996711e-01 3.649690449941526693e-01 5.671045299888792801e-01 0.000000000000000000e+00 5.049203874073595610e-01 5.202014440873676815e-01 4.067840435073528660e-01 2.297453749604627671e-01 3.832139779169826399e-01 6.355841470294838480e-01 7.679500122672401341e-01 7.818333772120140690e-01 2.644117336644984384e-01 2.863425041825513606e-01 4.533789521622302865e-01 6.597379948394718197e-01 6.658402159447092128e-01 4.385293032569560490e-01 2.816976581768698695e-01 4.499875140815510766e-01 7.297275876153215268e-01 2.956445336671514323e-01 7.533363655829876659e-01 7.407781964217602377e-01 8.204433813106251083e-01 2.242469800065818308e-01 6.824108561839923315e-01 6.331873074022584813e-01
5.844242700535324797e-01 4.479571033078809661e-01 4.039873138013124754e-01 4.163070111057124989e-01 4.475604670315830869e-01 2.823994494653514487e-01 4.473046865224967750e-01 7.793748774523927558e-01 2.406373080887849181e-01 6.632985455184170487e-01 5.049203874073595610e-01 0.000000000000000000e+00 8.661697822792280288e-02 5.418626958188483833e-01 2.605920130636735221e-01 9.902550515381058904e-02 4.513797602103567508e-01 4.000979935966254564e-01 5.990075701421779808e-01 4.432769504225871904e-01 5.133570198212590308e-01 1.525899104075028045e-01 7.004940188713155713e-01 4.937448342559070946e-01 4.311191077593978793e-02 6.817289496145907401e-01 2.845327591670162581e-01 3.844203234944227887e-01 3.360413671502414656e-01 7.527130331579281464e-01 5.230336060825366840e-01 1.535438264337680714e-01 7.367632195808806461e-01 7.927975542258589581e-01 3.248354776494836171e-01
7.932115018500152104e-01 2.207304889427454953e-01 3.931686970065860209e-01 2.791551840806987261e-01 2.665661069593263655e-01 4.742147945098703632e-01 5.508167932276060164e-01 4.087816604879621618e-01 6.853800021459910408e-01 3.186299240248539055e-01 5.202014440873676815e-01 8.661697822792280288e-02 0.000000000000000000e+00 5.425115429247573395e-01 7.248245014843459622e-01 4.072480312006428460e-01 7.968934272952794551e-01 3.858792429352997377e-02 4.689068067464841061e-01 1.008116519600792405e-01 5.288609129705088563e-01 4.064078279581830877e-01 2.201328620756615173e-02 5.981326076628030730e-01 8.869842362349446008e-01 6.302485247719227246e-01 4.901760830283975467e-01 6.976552477090391946e-01 5.245490350191641671e-01 4.638318583413253426e-01 4.850055764784714230e-01 4.192386001910972104e-01 9.149516327690985218e-01 1.524341611417865394e-01 5.692047090857110803e-01
5.284693419438615258e-01 6.486783369455340065e-01 5.700315832107103464e-01 4.574576612127451147e-01 6.978622983659544809e-01 4.899677990107385028e-01 5.415111663375751228e-01 3.261275309357001273e-01 3.951707563203092910e-01 3.628092396054468094e-01 4.067840435073528660e-01 5.418626958188483833e-01 5.425115429247573395e-01 0.000000000000000000e+00 4.536205249867187872e-01 5.643172491388313006e-01 9.307289632583644057e-01 8.950030909848945004e-01 7.796685388551736207e-01 6.486683610826714519e-01 1.472495175509789256e-01 4.300877329281005412e-01 3.528363740859396525e-01 6.825326079174287575e-01 3.453872297018850679e-01 7.354042237391014147e-01 4.577589865858810447e-01 5.903477405962520574e-01 5.260393710722417460e-01 5.234400532560004038e-01 2.890647541599166703e-01 6.457280776221909768e-01 8.794647425565258470e-01 5.169098327963659312e-01 7.012519310157845354e-01
4.528318619097979614e-01 5.660576208340046822e-01 5.222434611932026405e-01 4.823946273233261639e-01 2.963932906118899036e-01 7.854084898787581093e-01 3.863531437772740329e-01 4.664754869551553940e-01 6.906652412754465953e-01 3.325073955132078485e-01 2.297453749604627671e-01 2.605920130636735221e-01 7.248245014843459622e-01 4.536205249867187872e-01 0.000000000000000000e+00 8.017900932937686020e-01 3.836110046202540480e-01 1.355410505406782207e-01 4.320471548062008726e-01 8.825607940021156228e-01 7.301473010544410336e-01 1.882904112366849958e-01 5.953787946703497092e-01 5.273879571526807197e-01 4.011270197623447720e-01 9.795131687118963093e-02 5.569924077572535603e-01 9.097147194560655237e-01 4.254781027234762480e-01 3.784109244274305173e-01 7.668238924403083523e-01 5.955997059530006021e-01 5.623954584344006413e-01 5.520334754873590377e-01 7.582967599985288576e-01
9.853802573576209145e-02 5.783969606771013350e-01 3.365224739823173827e-01 4.045370586726020901e-01 4.225821201013120199e-01 4.792567177801493328e-01 7.598810234751640635e-01 5.597880868317057779e-01 6.162921588834389119e-01 8.553157255987353658e-01 3.832139779169826399e-01 9.902550515381058904e-02 4.072480312006428460e-01 5.643172491388313006e-01 8.017900932937686020e-01 0.000000000000000000e+00 8.625841903365774055e-01 6.679548238835549823e-01 4.776702594750720232e-01 4.691311249712282194e-01 2.381451726313355000e-01 6.601793212942996814e-01 6.823831626582148591e-01 5.003440603975699563e-01 4.564646793126804769e-01 5.291690069416827846e-01 3.670846094516295177e-01 2.922949662251159708e-01 6.234390385000933010e-01 4.291174201445026037e-01 7.386749346478718170e-01 8.663654327636634012e-01 8.152051095947622228e-01 2.537530932969056519e-01 3.386212718756297368e-01
3.843704514068490008e-01 3.291627172179923955e-01 5.304121551659082279e-01 5.884859683951285669e-01 4.847871883922906244e-01 2.072963569769354919e-01 3.139857186737361472e-01 8.143485172612962009e-01 6.811265574285465529e-01 4.428349985398784550e-01 6.355841470294838480e-01 4.513797602103567508e-01 7.968934272952794551e-01 9.307289632583644057e-01 3.836110046202540480e-01 8.625841903365774055e-01 0.000000000000000000e+00 4.964489815780001591e-01 4.309879611125705390e-01 6.185880822871104856e-01 2.733946155028377789e-01 5.479657784377315322e-01 7.931475517752766269e-01 6.060766611351153799e-01 3.223013079519310708e-01 4.595978440097057693e-01 4.373261207949643015e-01 5.076214002675558667e-01 4.202328532019158347e-01 3.689442238198592516e-01 4.689264906011045286e-01 8.450548183071699970e-01 7.732816885630353632e-01 5.771515760316150434e-01 6.719673233171562510e-01
6.155078193440690626e-01 1.461518209779714139e-01 7.561700725516429245e-01 8.671695803521695112e-01 4.831171454595646342e-01 3.586503507521486833e-01 4.577812908719295359e-01 6.646746281303819170e-01 6.743067776376944211e-01 4.613873654919548040e-01 7.679500122672401341e-01 4.000979935966254564e-01 3.858792429352997377e-02 8.950030909848945004e-01 1.355410505406782207e-01 6.679548238835549823e-01 4.964489815780001591e-01 0.000000000000000000e+00 4.473545260760203868e-01 3.634718912319470641e-01 4.931938171800961945e-01 3.675618936668544334e-01 6.851265912656265833e-01 4.031974834287595510e-01 5.790968523319431904e-01 4.590978423496591132e-01 5.302070085385175435e-01 6.460755005966547504e-01 8.410277794067890778e-01 5.780837196584340809e-01 7.931745761861044297e-01 7.355735310865163523e-01 5.425729262484433324e-01 5.746299724027261746e-01 4.214312087374731397e-01
3.760404428941311883e-01 5.640153684393276468e-01 4.161435797019323868e-01 5.658470524762040377e-01 3.742392100264895771e-01 1.887111895217671309e-01 4.482189867092121194e-01 8.288263781072878755e-01 4.042235495827052327e-01 8.129796272239109278e-01 7.818333772120140690e-01 5.990075701421779808e-01 4.689068067464841061e-01 7.796685388551736207e-01 4.320471548062008726e-01 4.776702594750720232e-01 4.309879611125705390e-01 4.473545260760203868e-01 0.000000000000000000e+00 8.296598587314708562e-01 5.393265136723033315e-01 1.761313811514859662e-01 4.326706019148327531e-01 9.238642237212355557e-01 4.072763654200354799e-01 8.401362585451827014e-01 7.030019285491464487e-01 2.420318908600459507e-01 3.975685897170874172e-01 6.400859014154187676e-01 6.425170359084065863e-01 3.505714630926139996e-01 4.768606056719762454e-01 1.025115893918462362e-01 5.001811100111062114e-01
8.752758096920298936e-02 5.089653107754638084e-01 2.753781559878100138e-01 5.363957515000477017e-01 3.042896821396974261e-01 7.587997398686525674e-01 4.973257265506466629e-01 4.835918175854363454e-01 5.344017955991999802e-01 6.395803621906588354e-01 2.644117336644984384e-01 4.432769504225871904e-01 1.008116519600792405e-01 6.486683610826714519e-01 8.825607940021156228e-01 4.691311249712282194e-01 6.185880822871104856e-01 3.634718912319470641e-01 8.296598587314708562e-01 0.000000000000000000e+00 6.848413599418745612e-01 7.236779121391441194e-01 4.689070564813365705e-01 5.095739973363780928e-01 8.578067032602290087e-01 5.490563010853359849e-01 4.553001647743151192e-01 7.803896796875178232e-01 7.507231023754471488e-01 7.687788537756379270e-01 8.414837137702531056e-01 6.204929566961704390e-01 6.292161001686054078e-01 5.733127432081536190e-01 6.381736252901550888e-01
3.463642326864561083e-01 9.733889938009172571e-01 2.135448215327484522e-01 2.570834822290187782e-01 5.108207009539498245e-01 8.591713649976540079e-01 4.949858651592282111e-01 7.791248728860110662e-01 4.728744798810968764e-01 6.336283224409666737e-01 2.863425041825513606e-01 5.133570198212590308e-01 5.288609129705088563e-01 1.472495175509789256e-01 7.301473010544410336e-01 2.381451726313355000e-01 2.733946155028377789e-01 4.931938171800961945e-01 5.393265136723033315e-01 6.848413599418745612e-01 0.000000000000000000e+00 4.149762952704763030e-01 5.182653782906865292e-02 3.378835770163697849e-01 5.149351745337384934e-01 7.445206406836724078e-01 4.030166011107282342e-01 5.787513374710749892e-01 6.238838204147867383e-01 8.574717006967064181e-01 5.773617421634883451e-01 4.068107945699053207e-01 4.604137675730135548e-01 1.232045509092882796e-01 6.413372929614220563e-01
8.376813304616361755e-01 6.332828637855875131e-01 4.135521206043404341e-01 2.610263780782249299e-01 6.582994232705647875e-01 5.424480662161857980e-01 4.616410192457083839e-01 7.307430318301988414e-01 8.643435501665136522e-01 3.799821021040363234e-01 4.533789521622302865e-01 1.525899104075028045e-01 4.064078279581830877e-01 4.300877329281005412e-01 1.882904112366849958e-01 6.601793212942996814e-01 5.479657784377315322e-01 3.675618936668544334e-01 1.761313811514859662e-01 7.236779121391441194e-01 4.149762952704763030e-01 0.000000000000000000e+00 2.632429530043258747e-01 1.035842888075624302e-01 9.236218008789929268e-01 7.768004251358321399e-01 4.707880945214378832e-01 8.650365243457258657e-02 7.113557583077735336e-01 5.208097869459631379e-01 2.254124057529051650e-01 3.532560055661991827e-01 5.819444568548939323e-01 5.037866142566762573e-01 4.770432504235957438e-01
7.666276444979065463e-01 5.441231966801239883e-01 7.379201064700944279e-01 5.552127373232456087e-01 6.260784666362961826e-01 5.089803207798222484e-01 2.857300209698290239e-01 1.845798078464330194e-01 3.614593455142132150e-01 1.037009681143783446e-01 6.597379948394718197e-01 7.004940188713155713e-01 2.201328620756615173e-02 3.528363740859396525e-01 5.953787946703497092e-01 6.823831626582148591e-01 7.931475517752766269e-01 6.851265912656265833e-01 4.326706019148327531e-01 4.689070564813365705e-01 5.182653782906865292e-02 2.632429530043258747e-01 0.000000000000000000e+00 5.716435592080977290e-01 2.392554122380893267e-01 4.541442521386914732e-01 4.662803953486847064e-01 3.262532561429817290e-01 5.784238906552623405e-01 4.486841316297268678e-01 5.153655865549420234e-01 4.276056224077648960e-01 3.683548232019342450e-01 6.926805273210496772e-01 9.611245988514629524e-01
5.081435050240876716e-01 6.612729816189831800e-01 6.954782738305005374e-01 3.989851438858568189e-01 5.308291162192818602e-01 8.989525154284476738e-01 6.200377030805928058e-01 1.186143603627374810e-01 6.560498525001987602e-01 4.994109647666944984e-01 6.658402159447092128e-01 4.937448342559070946e-01 5.981326076628030730e-01 6.825326079174287575e-01 5.273879571526807197e-01 5.003440603975699563e-01 6.060766611351153799e-01 4.031974834287595510e-01 9.238642237212355557e-01 5.095739973363780928e-01 3.378835770163697849e-01 1.035842888075624302e-01 5.716435592080977290e-01 0.000000000000000000e+00 8.524073829694975846e-01 4.594907415195815803e-01 6.470043444508164487e-01 6.184036250721910433e-01 5.905972172877280713e-01 8.594852370000944930e-01 6.811206455502588630e-01 7.594803148015452088e-01 3.124209734990897047e-01 8.299759225315266331e-01 7.975073527072282786e-01
8.414198292081471742e-01 2.086466756396548883e-01 8.813890077278017099e-01 4.660096503024090397e-01 5.128408460656009860e-01 4.176914638582073236e-01 3.337206820079447467e-01 7.528030506234565378e-01 7.730143687806958486e-01 3.081202458869311545e-01 4.385293032569560490e-01 4.311191077593978793e-02 8.869842362349446008e-01 3.453872297018850679e-01 4.011270197623447720e-01 4.564646793126804769e-01 3.223013079519310708e-01 5.790968523319431904e-01 4.072763654200354799e-01 8.578067032602290087e-01 5.149351745337384934e-01 9.236218008789929268e-01 2.392554122380893267e-01 8.524073829694975846e-01 0.000000000000000000e+00 5.827847167923516647e-01 7.741085676319046094e-01 4.832831633982637709e-01 1.718441541455240085e-01 6.636243716302575590e-01 2.814599136878495056e-01 5.340643216740564858e-01 1.938921765847577139e-01 4.626610195161360295e-01 5.157618662140204258e-01
4.750980573974792343e-01 4.912435799418605198e-01 7.278459973974744646e-01 3.251274241225114991e-01 4.821156096180390094e-02 3.987337594645569139e-01 7.102007186959418128e-01 6.557293355773925470e-01 5.005462922664953851e-01 4.966276558568240018e-01 2.816976581768698695e-01 6.817289496145907401e-01 6.302485247719227246e-01 7.354042237391014147e-01 9.795131687118963093e-02 5.291690069416827846e-01 4.595978440097057693e-01 4.590978423496591132e-01 8.401362585451827014e-01 5.490563010853359849e-01 7.445206406836724078e-01 7.768004251358321399e-01 4.541442521386914732e-01 4.594907415195815803e-01 5.827847167923516647e-01 0.000000000000000000e+00 5.396375383699631989e-01 5.527143163090106892e-01 4.784717457415290642e-01 5.981920326821762446e-01 6.209212822924612407e-01 2.549151732358098665e-01 3.532688174583517027e-01 7.644476852724663152e-01 1.678440792807963100e-01
6.471703645905337865e-01 3.880382378887988759e-01 3.212441259644610581e-01 5.956129168669201945e-01 6.938526803403086696e-01 6.896864211062783134e-01 5.613218601484353254e-01 6.845706073826244298e-01 1.507033073498268427e-01 4.377874044443642587e-01 4.499875140815510766e-01 2.845327591670162581e-01 4.901760830283975467e-01 4.577589865858810447e-01 5.569924077572535603e-01 3.670846094516295177e-01 4.373261207949643015e-01 5.302070085385175435e-01 7.030019285491464487e-01 4.553001647743151192e-01 4.030166011107282342e-01 4.707880945214378832e-01 4.662803953486847064e-01 6.470043444508164487e-01 7.741085676319046094e-01 5.396375383699631989e-01 0.000000000000000000e+00 6.286409174843125003e-01 8.254075182395428367e-01 1.590731996307448437e-01 4.002667273919123803e-01 4.343039999203726076e-01 5.041369147825218722e-01 7.478786928992644523e-01 8.125606080633256401e-01
5.659459352728762882e-01 2.682369374016179142e-01 8.699333553010322184e-01 4.090595596840715942e-01 2.327901042281333432e-01 3.987303867147792280e-01 4.975747106214478688e-02 8.291331457965893659e-01 6.436137204043297366e-01 3.015761567113902086e-01 7.297275876153215268e-01 3.844203234944227887e-01 6.976552477090391946e-01 5.903477405962520574e-01 9.097147194560655237e-01 2.922949662251159708e-01 5.076214002675558667e-01 6.460755005966547504e-01 2.420318908600459507e-01 7.803896796875178232e-01 5.787513374710749892e-01 8.650365243457258657e-02 3.262532561429817290e-01 6.184036250721910433e-01 4.832831633982637709e-01 5.527143163090106892e-01 6.286409174843125003e-01 0.000000000000000000e+00 8.662042380581438383e-01 9.820782559145072588e-01 4.651164163055440670e-01 4.391165259944729282e-01 4.806673303085393645e-01 6.087033556372165588e-01 6.942028788256513483e-01
4.002336152749372822e-01 3.720833829919643621e-01 5.331628110492965256e-01 3.131519540996459683e-01 4.622467540995348068e-01 5.064551395782915799e-01 6.719715312245380101e-01 8.520582070030880972e-01 7.423227159769527628e-01 8.984121134311451318e-01 2.956445336671514323e-01 3.360413671502414656e-01 5.245490350191641671e-01 5.260393710722417460e-01 4.254781027234762480e-01 6.234390385000933010e-01 4.202328532019158347e-01 8.410277794067890778e-01 3.975685897170874172e-01 7.507231023754471488e-01 6.238838204147867383e-01 7.113557583077735336e-01 5.784238906552623405e-01 5.905972172877280713e-01 1.718441541455240085e-01 4.784717457415290642e-01 8.254075182395428367e-01 8.662042380581438383e-01 0.000000000000000000e+00 6.107737041704126568e-01 4.275423255748533324e-01 9.065798156393654050e-01 7.107593181622424705e-01 7.250426184681881825e-01 4.906414238335657374e-01
9.170462436131483486e-01 6.427088915954999315e-01 4.040178849679014750e-01 6.161860882525789229e-01 7.946692080731795338e-01 2.101503648387963441e-01 7.192476120449661225e-01 6.019318078236768343e-01 2.433408281150983843e-01 6.801325396240678334e-01 7.533363655829876659e-01 7.527130331579281464e-01 4.638318583413253426e-01 5.234400532560004038e-01 3.784109244274305173e-01 4.291174201445026037e-01 3.689442238198592516e-01 5.780837196584340809e-01 6.400859014154187676e-01 7.687788537756379270e-01 8.574717006967064181e-01 5.208097869459631379e-01 4.486841316297268678e-01 8.594852370000944930e-01 6.636243716302575590e-01 5.981920326821762446e-01 1.590731996307448437e-01 9.820782559145072588e-01 6.107737041704126568e-01 0.000000000000000000e+00 2.542968029576683220e-01 7.564163374962196151e-01 4.142921568951000166e-01 9.254237012633323989e-01 1.836573736608796414e-01
7.822476269436910989e-01 7.825083998461705992e-01 3.395356889451920379e-01 4.420107741285964620e-01 7.851020929290353223e-01 7.852865448969195139e-01 6.726686644777669644e-01 7.211100063804878335e-01 5.280493661587803977e-01 6.874553549280431053e-01 7.407781964217602377e-01 5.230336060825366840e-01 4.850055764784714230e-01 2.890647541599166703e-01 7.668238924403083523e-01 7.386749346478718170e-01 4.689264906011045286e-01 7.931745761861044297e-01 6.425170359084065863e-01 8.414837137702531056e-01 5.773617421634883451e-01 2.254124057529051650e-01 5.153655865549420234e-01 6.811206455502588630e-01 2.814599136878495056e-01 6.209212822924612407e-01 4.002667273919123803e-01 4.651164163055440670e-01 4.275423255748533324e-01 2.542968029576683220e-01 0.000000000000000000e+00 2.729006422615042893e-01 6.069706795951275158e-01 3.776071795032551193e-01 4.140930728673829497e-01
6.459921757663817932e-01 6.682053020494058693e-01 5.590976837847236869e-01 4.780984838356346356e-01 6.436265349232792587e-01 7.206326092330925803e-01 5.798045965928794176e-01 2.324156706809028528e-01 3.862933219780181893e-01 5.678534294009638383e-01 8.204433813106251083e-01 1.535438264337680714e-01 4.192386001910972104e-01 6.457280776221909768e-01 5.955997059530006021e-01 8.663654327636634012e-01 8.450548183071699970e-01 7.355735310865163523e-01 3.505714630926139996e-01 6.204929566961704390e-01 4.068107945699053207e-01 3.532560055661991827e-01 4.276056224077648960e-01 7.594803148015452088e-01 5.340643216740564858e-01 2.549151732358098665e-01 4.343039999203726076e-01 4.391165259944729282e-01 9.065798156393654050e-01 7.564163374962196151e-01 2.729006422615042893e-01 0.000000000000000000e+00 6.412532755426192388e-01 5.543482422405796584e-01 3.420025526261761262e-01
7.863952448603767076e-02 7.476037149929759540e-01 4.426391827843649263e-01 7.212284509306472469e-01 2.042010504580729080e-01 5.134691516944958067e-01 4.603479796909082378e-01 3.997163827935523717e-01 3.503807477325772135e-01 5.463040501935009230e-01 2.242469800065818308e-01 7.367632195808806461e-01 9.149516327690985218e-01 8.794647425565258470e-01 5.623954584344006413e-01 8.152051095947622228e-01 7.732816885630353632e-01 5.425729262484433324e-01 4.768606056719762454e-01 6.292161001686054078e-01 4.604137675730135548e-01 5.819444568548939323e-01 3.683548232019342450e-01 3.124209734990897047e-01 1.938921765847577139e-01 3.532688174583517027e-01 5.041369147825218722e-01 4.806673303085393645e-01 7.107593181622424705e-01 4.142921568951000166e-01 6.069706795951275158e-01 6.412532755426192388e-01 0.000000000000000000e+00 7.756524392313081107e-01 4.349462441119577583e-01
5.227466816442465358e-01 7.969529374983450598e-01 7.404860565103930092e-01 4.779324814587135872e-01 3.021607529898263089e-01 3.630950829170321859e-01 8.196279002238275879e-01 5.332459369846664909e-01 4.483831025574646079e-01 3.761885441611824143e-01 6.824108561839923315e-01 7.927975542258589581e-01 1.524341611417865394e-01 5.169098327963659312e-01 5.520334754873590377e-01 2.537530932969056519e-01 5.771515760316150434e-01 5.746299724027261746e-01 1.025115893918462362e-01 5.733127432081536190e-01 1.232045509092882796e-01 5.037866142566762573e-01 6.926805273210496772e-01 8.299759225315266331e-01 4.626610195161360295e-01 7.644476852724663152e-01 7.478786928992644523e-01 6.087033556372165588e-01 7.250426184681881825e-01 9.254237012633323989e-01 3.776071795032551193e-01 5.543482422405796584e-01 7.756524392313081107e-01 0.000000000000000000e+00 6.403893153390888271e-01
6.793202764718175857e-01 4.450947498630602461e-01 6.702815853541356228e-01 5.531240105651906713e-01 5.471736071215673736e-01 7.999070929560310184e-01 9.005634764464562902e-01 7.421542662778739530e-01 1.065272209428753669e-01 5.862856293574499889e-01 6.331873074022584813e-01 3.248354776494836171e-01 5.692047090857110803e-01 7.012519310157845354e-01 7.582967599985288576e-01 3.386212718756297368e-01 6.719673233171562510e-01 4.214312087374731397e-01 5.001811100111062114e-01 6.381736252901550888e-01 6.413372929614220563e-01 4.770432504235957438e-01 9.611245988514629524e-01 7.975073527072282786e-01 5.157618662140204258e-01 1.678440792807963100e-01 8.125606080633256401e-01 6.942028788256513483e-01 4.906414238335657374e-01 1.836573736608796414e-01 4.140930728673829497e-01 3.420025526261761262e-01 4.349462441119577583e-01 6.403893153390888271e-01 0.000000000000000000e+00
