0.000000000000000000e+00 6.955358199625628624e-01 8.886329020857858252e-01 7.589866250120257396e-01 2.821384504328038334e-01 5.235487156292973898e-01 2.128883377163322543e-01 5.942630109357605050e-01 4.471372799256996267e-01 2.906603947450862591e-01 6.124226903213599860e-01 4.062373718924240928e-01 3.939019869463865620e-01 7.000678856649464876e-01 2.911677887258493636e-01 5.331608498862820955e-01 2.325205222765744928e-01 8.288875566282662977e-01 4.297738988667894056e-01 4.068047171078824631e-01 9.456264607472412154e-01 2.651267098877235218e-01 1.414647951861939257e-01 7.493446882448986379e-01 7.518586513822417272e-01 7.274567775383502521e-01 6.914310354017172422e-01 3.573944361173089224e-01 2.469114896392582137e-01 5.180027084406575444e-01 6.572389163769715159e-01 9.761437643956083487e-02 5.451066161915180119e-01 2.877540475152225996e-01 6.963472411489676217e-01
6.955358199625628624e-01 0.000000000000000000e+00 8.319006292704860250e-01 6.476033846403498329e-01 6.383961883099230628e-01 5.412599289722357376e-01 4.426889088651343451e-01 3.889037631134283912e-01 7.780479918728204769e-01 4.565445477523417672e-01 6.851271755147156917e-01 9.205144035811443359e-01 2.306029255276335066e-01 5.847873549532418558e-01 8.584822473043961510e-01 4.302280662121792942e-01 1.039407979111239833e-01 4.260856735117473093e-01 7.976028834743909002e-01 4.297362780331293042e-01 2.850203979280414024e-01 5.467541127704153014e-01 4.915057570925729369e-01 4.448231484844530903e-01 8.329473881557564185e-01 7.060399790642734041e-01 1.623950988148587515e-01 3.824774349290349651e-01 5.010490144228361142e-01 1.673843394801141082e-01 5.823617873538764478e-01 7.416330044825558687e-01 4.223990863227035097e-01 5.605952710337169798e-01 5.530304984783539490e-01
8.886329020857858252e-01 8.319006292704860250e-01 0.000000000000000000e+00 1.710312840082085506e-01 6.782953289820166098e-01 5.754047412482954371e-01 4.638863502413624884e-01 5.319965673683771934e-01 3.815182482805469788e-01 4.784168165511626380e-01 6.347645372394619123e-01 1.261372550670832871e-01 6.994452656999901041e-01 9.383369348397041509e-01 1.425390506980781513e-01 4.011794380130284665e-01 6.504324587870060626e-01 6.652566566571416207e-01 6.168689247890769556e-01 6.952588104459289653e-01 6.885015725211954818e-01 5.713284077759489543e-01 7.879017818912283921e-01 6.350000531935311443e-01 5.822893618727937870e-01 7.044735094133973696e-01 4.204540772899489354e-01 6.241290976009059577e-01 7.037322817454967350e-01 5.063117293885177617e-01 4.725105834160142071e-01 4.213575862636556590e-01 6.501008178626980216e-01 4.819432953845550482e-01 8.260267072869179605e-01
7.589866250120257396e-01 6.476033846403498329e-01 1.710312840082085506e-01 0.000000000000000000e+00 8.840022080198023380e-01 2.408676528926236848e-01 2.806356806711722829e-01 7.484866618312244757e-01 4.578991120001813520e-01 2.252219087390639474e-01 4.953815960816313479e-01 6.319821663881222129e-01 6.563041582871278479e-01 4.874309568201645737e-02 1.211434988812986613e-01 2.649793905579924114e-01 7.522410758258660790e-01 6.768509214851201605e-01 4.431086015283750568e-01 3.984254276756951096e-01 7.159783206602916561e-01 1.694437105860689408e-01 4.598477704385313114e-01 2.478943267920071802e-01 1.426619389445819008e-01 6.167422475074879618e-01 6.370432402126272597e-01 7.778427072380255103e-01 3.518669980817472065e-01 7.408568114861209253e-01 8.698473478174193474e-01 5.625087843831588774e-01 8.106584889652336257e-01 6.415805655843267452e-01 5.893319193031345549e-01
2.821384504328038334e-01 6.383961883099230628e-01 6.782953289820166098e-01 8.840022080198023380e-01 0.000000000000000000e+00 7.588058763914113936e-01 7.484546758464194482e-01 7.749760346497229779e-01 4.864982585259732262e-01 6.418060682590100985e-01 3.832487049264868828e-01 6.216781729617681940e-01 3.525831092350646401e-01 3.724612796577007057e-01 3.522029820112916321e-01 4.099334992924817955e-01 6.140714727600441458e-01 4.635858723326553021e-01 3.228638749005817710e-01 8.029906209384340965e-01 5.452519628257259665e-01 4.334874125375371978e-01 5.151058564699768638e-01 8.382138590751490037e-01 2.570296754421832475e-01 2.760180510425034317e-01 6.472504273195184288e-01 3.369127221204286649e-01 5.143628464985632309e-01 6.190858686925126975e-01 5.100520467442848371e-01 4.805342779666537112e-01 5.104118518761415757e-01 9.253707289585346718e-01 2.358080809314616610e-01
5.235487156292973898e-01 5.412599289722357376e-01 5.754047412482954371e-01 2.408676528926236848e-01 7.588058763914113936e-01 0.000000000000000000e+00 4.498865884011383764e-01 5.164231874453303339e-01 3.344027676531227122e-01 7.224110866274229270e-01 9.470721805506966406e-01 3.354127983031561233e-01 7.069626916050968379e-01 7.023220461278678606e-01 2.384267922714219667e-01 4.079627120911468730e-01 3.805858714167706935e-01 8.839084675686494919e-01 3.749064655306914018e-01 4.410756355150733388e-01 4.739993135616034081e-01 5.651568253410943488e-01 5.300821385620969606e-01 4.668679476905459591e-01 7.068440612697479697e-01 2.888329390160899734e-01 3.367420923984251191e-01 2.046270954524401220e-01 5.560957302428926052e-02 1.861478345407733270e-01 7.020117957744085313e-01 2.727087288447036517e-01 4.692473162845149925e-01 7.654240256498934247e-01 6.434050144380085712e-01
2.128883377163322543e-01 4.426889088651343451e-01 4.638863502413624884e-01 2.806356806711722829e-01 7.484546758464194482e-01 4.498865884011383764e-01 0.000000000000000000e+00 6.660278457399777530e-01 3.214819680884131725e-01 1.458342230504943160e-01 9.821824355283641506e-01 4.635910014353432640e-01 6.117655428775470305e-01 5.611284250573083110e-01 2.390992329340751454e-01 2.731081219878457311e-01 1.392598131017551144e-01 8.581686192248230149e-01 3.827636247715722195e-01 4.594426108406574061e-01 5.884308270640086214e-01 9.606923308129859951e-01 6.720749381797141986e-01 1.671955461989029779e-01 8.943617941651913483e-01 1.703609826548408979e-01 5.075371032197399934e-01 9.416434265656018487e-01 1.561354982591566243e-01 3.910724690770914780e-01 5.497749645433749333e-01 9.351813882990547278e-01 2.290879541690726828e-01 2.470911300704962121e-01 3.440452776458054474e-01
5.942630109357605050e-01 3.889037631134283912e-01 5.319965673683771934e-01 7.484866618312244757e-01 7.749760346497229779e-01 5.164231874453303339e-01 6.660278457399777530e-01 0.000000000000000000e+00 8.249023545705008731e-02 5.838604601217491918e-01 6.908797911707592609e-01 8.207558272894779350e-01 3.156420064785823154e-01 8.659612004663488349e-01 5.456454587365205944e-01 6.891546305036502229e-01 2.277137188904905796e-01 3.566897448978622598e-01 5.960238785056195532e-01 7.385063831161684522e-01 5.755304319708772764e-01 5.650549357512698601e-01 4.738212054392566541e-01 3.252222922029546215e-02 5.736040666156251300e-01 4.881005101536248780e-01 7.107553650720768168e-01 3.009691911138304143e-01 3.174708205156878682e-01 4.818414709987909328e-01 3.615781803568269837e-01 5.352440211978927165e-01 5.958622992346395142e-01 5.320374446844184924e-01 7.824089977095902704e-01
4.471372799256996267e-01 7.780479918728204769e-01 3.815182482805469788e-01 4.578991120001813520e-01 4.864982585259732262e-01 3.344027676531227122e-01 3.214819680884131725e-01 8.249023545705008731e-02 0.000000000000000000e+00 7.915688137049308182e-01 4.528806592682841359e-01 6.561733881604117080e-01 1.478059256824473255e-01 2.893757878952569751e-01 1.035169314162532883e-01 5.778518576917548444e-01 7.122283805784586086e-01 5.148727684364627910e-01 6.739132939829524105e-01 9.576757940724911489e-02 6.307102328037077488e-01 5.124898907402349879e-01 3.228861589839287505e-01 9.080944279220009019e-01 4.816629704570380421e-01 2.013971598178924127e-01 7.628733423656266499e-01 3.454783855054183173e-01 7.075232403654361235e-01 5.192873322744896436e-01 6.164379203986465328e-01 9.042804154245664972e-02 1.687776797228237591e-01 5.919122724140428726e-01 1.603312451605554134e-01
2.906603947450862591e-01 4.565445477523417672e-01 4.784168165511626380e-01 2.252219087390639474e-01 6.418060682590100985e-01 7.224110866274229270e-01 1.458342230504943160e-01 5.838604601217491918e-01 7.915688137049308182e-01 0.000000000000000000e+00 5.989770289578181250e-01 4.491972805116074552e-01 4.406182328626462863e-01 4.952769973436523254e-01 4.720099710431916451e-01 6.166803518029376763e-01 8.431490192826991414e-01 1.471323723787737459e-01 6.578219098299823431e-01 7.360741368921974725e-01 3.632137383555940069e-01 2.198893471216907258e-01 7.518206418737048979e-01 5.563847148465745907e-01 2.808677815924250920e-01 4.649851328826084540e-01 5.995549431169779897e-01 3.993171329268903058e-01 2.749358119222368169e-01 9.373461012471444587e-01 5.017344588499249580e-01 2.365675775454558760e-01 2.267688856230987149e-01 4.702130149885711541e-01 2.301903744433971832e-01
6.124226903213599860e-01 6.851271755147156917e-01 6.347645372394619123e-01 4.953815960816313479e-01 3.832487049264868828e-01 9.470721805506966406e-01 9.821824355283641506e-01 6.908797911707592609e-01 4.528806592682841359e-01 5.989770289578181250e-01 0.000000000000000000e+00 3.920908488575031159e-01 3.176493146836603110e-01 3.941884861335565038e-01 4.850210381150041883e-01 1.691835799794771389e-01 3.412676715494651902e-01 7.215305904454569763e-01 6.631766039434152660e-01 4.134477138460220802e-01 5.772910836470367402e-01 7.968361894530666678e-01 3.468617220625884734e-01 4.887198832612726918e-01 2.545007937609511384e-01 2.207595055691136121e-01 4.125050332670570086e-01 4.968798884281147021e-01 6.423905943555441311e-01 2.067738518661073055e-01 4.765433170559718601e-01 2.715780768002211687e-01 2.015060884075399184e-01 2.749202875682007496e-01 5.510598118043386062e-01
4.062373718924240928e-01 9.205144035811443359e-01 1.261372550670832871e-01 6.319821663881222129e-01 6.216781729617681940e-01 3.354127983031561233e-01 4.635910014353432640e-01 8.207558272894779350e-01 6.561733881604117080e-01 4.491972805116074552e-01 3.920908488575031159e-01 0.000000000000000000e+00 5.121770818539941317e-01 3.819750474682349073e-01 1.097312070007129270e-01 5.321553034162079809e-01 6.832110302234047916e-01 5.718744543054541385e-01 1.330154925855079329e-01 6.624810934971816501e-01 5.138639573386374337e-01 4.788437763197196939e-01 7.908365995561816852e-02 5.932477810405550889e-01 5.528885772194656045e-01 6.287497017675323097e-01 6.939268459161893610e-01 5.790046012411780296e-01 7.532115109959666155e-01 5.489403871887716946e-01 4.001429459315876680e-01 5.407179137866926499e-01 6.731099961603490556e-01 9.188151480600479371e-01 9.691965250846530378e-01
3.939019869463865620e-01 2.306029255276335066e-01 6.994452656999901041e-01 6.563041582871278479e-01 3.525831092350646401e-01 7.069626916050968379e-01 6.117655428775470305e-01 3.156420064785823154e-01 1.478059256824473255e-01 4.406182328626462863e-01 3.176493146836603110e-01 5.121770818539941317e-01 0.000000000000000000e+00 5.467136616615921874e-01 3.171227841888279997e-01 7.440123923856336585e-01 6.824818807441529467e-01 3.027067809815586763e-01 3.987141555823452421e-01 8.038931066345824661e-01 5.134728623710738127e-01 1.831094917589617399e-01 3.041103776347674481e-01 7.255587879408796903e-01 3.092485646300213720e-02 6.898109949522446271e-01 5.091330985939448439e-01 2.528680605975016094e-01 5.269601518073150359e-01 6.930777914359320668e-01 3.864477175277216126e-01 6.582011740988168436e-01 8.498088485083679089e-01 5.923022849465564565e-01 5.471911857697121517e-01
7.000678856649464876e-01 5.847873549532418558e-01 9.383369348397041509e-01 4.874309568201645737e-02 3.724612796577007057e-01 7.023220461278678606e-01 5.611284250573083110e-01 8.659612004663488349e-01 2.893757878952569751e-01 4.952769973436523254e-01 3.941884861335565038e-01 3.819750474682349073e-01 5.467136616615921874e-01 0.000000000000000000e+00 3.323169868964032103e-01 8.844450608413146897e-01 7.227665380742762657e-01 5.546522855506386129e-01 5.802712216316517901e-01 4.389811546300151912e-01 5.377269171888118260e-01 4.711514358831816462e-01 1.795017222053418848e-01 5.068055480956723535e-01 8.525392182829203414e-01 7.702140247862043765e-01 6.908111981493521014e-01 6.385162074756333128e-01 3.439168423523447649e-01 4.521574341343255754e-01 5.355391727746781072e-01 7.210018182994735181e-01 7.969786525263526933e-01 4.616869290063829734e-01 2.432502865587600760e-01
2.911677887258493636e-01 8.584822473043961510e-01 1.425390506980781513e-01 1.211434988812986613e-01 3.522029820112916321e-01 2.384267922714219667e-01 2.390992329340751454e-01 5.456454587365205944e-01 1.035169314162532883e-01 4.720099710431916451e-01 4.850210381150041883e-01 1.097312070007129270e-01 3.171227841888279997e-01 3.323169868964032103e-01 0.000000000000000000e+00 6.452662596122475946e-01 7.938028127159908465e-01 1.563233203369817081e-01 3.987426136861955683e-01 5.396951445754456511e-01 2.264646028587320448e-01 3.875252040458354585e-01 3.463207961069285634e-01 6.367239582386391428e-01 5.764024728074361725e-01 8.120489491170288510e-01 5.105108334044035079e-01 2.774435284077494401e-01 1.733227119551179474e-01 5.905972978857059186e-01 4.437396860500322782e-01 1.626767988477750837e-01 7.334353863667029128e-01 9.028646279099084015e-01 3.992028754062549867e-01
5.331608498862820955e-01 4.302280662121792942e-01 4.011794380130284665e-01 2.649793905579924114e-01 4.099334992924817955e-01 4.079627120911468730e-01 2.731081219878457311e-01 6.891546305036502229e-01 5.778518576917548444e-01 6.166803518029376763e-01 1.691835799794771389e-01 5.321553034162079809e-01 7.440123923856336585e-01 8.844450608413146897e-01 6.452662596122475946e-01 0.000000000000000000e+00 7.169532137715179942e-01 8.835609358638377708e-01 3.544472298887695882e-01 3.843863607759647749e-01 8.737131097710668648e-01 4.502747559187194604e-01 5.767375199513988804e-01 4.967523867537830262e-01 3.571271067655029663e-01 5.283281039931094769e-01 7.155412836403551857e-01 5.529851830609008312e-01 6.223595973737104936e-01 7.369587705287837798e-01 6.868646541691069141e-01 5.591157773907575734e-01 7.668053796735474492e-01 5.924295569338027256e-01 5.793451275239596132e-01
2.325205222765744928e-01 1.039407979111239833e-01 6.504324587870060626e-01 7.522410758258660790e-01 6.140714727600441458e-01 3.805858714167706935e-01 1.392598131017551144e-01 2.277137188904905796e-01 7.122283805784586086e-01 8.431490192826991414e-01 3.412676715494651902e-01 6.832110302234047916e-01 6.824818807441529467e-01 7.227665380742762657e-01 7.938028127159908465e-01 7.169532137715179942e-01 0.000000000000000000e+00 2.718121590909607366e-01 6.755407156889191578e-01 5.083603624242470920e-01 7.368823885201047919e-01 1.671756287667334195e-01 7.546201364831696123e-01 1.790207232666672921e-01 5.747413406668933078e-01 3.886663471430725769e-01 8.698904705947824167e-01 2.675348337512224450e-01 5.707334466442849363e-01 7.215889423116751411e-01 7.258849738626493853e-02 5.611475163975159219e-01 4.825852532574279596e-01 4.978051770321353375e-01 7.047742907364178411e-01
8.288875566282662977e-01 4.260856735117473093e-01 6.652566566571416207e-01 6.768509214851201605e-01 4.635858723326553021e-01 8.839084675686494919e-01 8.581686192248230149e-01 3.566897448978622598e-01 5.148727684364627910e-01 1.471323723787737459e-01 7.215305904454569763e-01 5.718744543054541385e-01 3.027067809815586763e-01 5.546522855506386129e-01 1.563233203369817081e-01 8.835609358638377708e-01 2.718121590909607366e-01 0.000000000000000000e+00 4.367349159397119207e-01 4.673295755110331573e-01 1.123158219427912163e-01 6.634444376812380639e-01 2.018771143674794599e-01 5.926527687916967047e-01 8.334450540291789000e-01 5.747907242905063718e-01 5.412341898024857212e-01 5.329612092039267557e-01 6.368590515861618506e-01 4.565243799929313839e-01 9.387761633616865664e-01 6.702950577157159584e-01 4.239271378091402642e-01 2.938256245888708484e-01 4.091825422578860838e-01
4.297738988667894056e-01 7.976028834743909002e-01 6.168689247890769556e-01 4.431086015283750568e-01 3.228638749005817710e-01 3.749064655306914018e-01 3.827636247715722195e-01 5.960238785056195532e-01 6.739132939829524105e-01 6.578219098299823431e-01 6.631766039434152660e-01 1.330154925855079329e-01 3.987141555823452421e-01 5.802712216316517901e-01 3.987426136861955683e-01 3.544472298887695882e-01 6.755407156889191578e-01 4.367349159397119207e-01 0.000000000000000000e+00 8.321886851796619355e-01 4.118312105570499648e-01 3.015431392503529207e-01 3.823826985173907067e-01 2.578338724134946469e-01 7.361549234271522746e-01 7.736505324279778772e-01 3.848754071888969008e-01 4.477530467499684086e-01 5.579290830975003335e-02 3.241510632275875770e-01 5.420301795126398758e-01 8.909536806594843261e-01 2.909494035603013007e-01 5.588672607740913234e-01 9.059117360576571798e-01
4.068047171078824631e-01 4.297362780331293042e-01 6.952588104459289653e-01 3.984254276756951096e-01 8.029906209384340965e-01 4.410756355150733388e-01 4.594426108406574061e-01 7.385063831161684522e-01 9.576757940724911489e-02 7.360741368921974725e-01 4.134477138460220802e-01 6.624810934971816501e-01 8.038931066345824661e-01 4.389811546300151912e-01 5.396951445754456511e-01 3.843863607759647749e-01 5.083603624242470920e-01 4.673295755110331573e-01 8.321886851796619355e-01 0.000000000000000000e+00 7.501243673976711879e-01 3.743184415284052657e-01 3.498561419391891247e-01 3.640979041977197017e-01 6.119016505465295630e-01 7.347447635132844379e-01 6.745642818005426200e-01 2.766199190136546249e-01 2.673592031886560250e-01 4.740300922710620757e-01 8.479277871712542769e-01 5.756518552325682325e-01 6.505581098287201991e-01 3.182089238631108929e-01 4.997195593562657745e-01
9.456264607472412154e-01 2.850203979280414024e-01 6.885015725211954818e-01 7.159783206602916561e-01 5.452519628257259665e-01 4.739993135616034081e-01 5.884308270640086214e-01 5.755304319708772764e-01 6.307102328037077488e-01 3.632137383555940069e-01 5.772910836470367402e-01 5.138639573386374337e-01 5.134728623710738127e-01 5.377269171888118260e-01 2.264646028587320448e-01 8.737131097710668648e-01 7.368823885201047919e-01 1.123158219427912163e-01 4.118312105570499648e-01 7.501243673976711879e-01 0.000000000000000000e+00 4.437453829045939213e-01 8.924692602085448900e-01 2.918786154129620058e-01 7.126198469515760969e-01 7.204117661410942564e-01 4.094041906713473677e-01 5.550149628377516464e-01 3.738251521445187242e-01 5.119530949580912704e-01 2.307487256073147419e-01 3.023062527108710817e-01 9.539501256667370921e-02 8.751527654071354911e-01 4.644962241599298602e-01
2.651267098877235218e-01 5.467541127704153014e-01 5.713284077759489543e-01 1.694437105860689408e-01 4.334874125375371978e-01 5.651568253410943488e-01 9.606923308129859951e-01 5.650549357512698601e-01 5.124898907402349879e-01 2.198893471216907258e-01 7.968361894530666678e-01 4.788437763197196939e-01 1.831094917589617399e-01 4.711514358831816462e-01 3.875252040458354585e-01 4.502747559187194604e-01 1.671756287667334195e-01 6.634444376812380639e-01 3.015431392503529207e-01 3.743184415284052657e-01 4.437453829045939213e-01 0.000000000000000000e+00 7.301089439416854621e-01 8.890511009915731400e-01 3.469415411083189849e-01 2.040934348643030916e-01 5.880497472906678347e-01 5.088368559712608263e-01 5.293887982123093305e-01 4.059108623526906379e-01 3.508529692106643338e-01 5.125434474726950906e-01 3.446257270037631493e-01 7.288333851002510855e-01 5.965557978749311818e-01
1.414647951861939257e-01 4.915057570925729369e-01 7.879017818912283921e-01 4.598477704385313114e-01 5.151058564699768638e-01 5.300821385620969606e-01 6.720749381797141986e-01 4.738212054392566541e-01 3.228861589839287505e-01 7.518206418737048979e-01 3.468617220625884734e-01 7.908365995561816852e-02 3.041103776347674481e-01 1.795017222053418848e-01 3.463207961069285634e-01 5.767375199513988804e-01 7.546201364831696123e-01 2.018771143674794599e-01 3.823826985173907067e-01 3.498561419391891247e-01 8.924692602085448900e-01 7.301089439416854621e-01 0.000000000000000000e+00 5.708204760409959500e-01 7.192576921189175465e-02 5.745332622109140530e-01 5.420171986922963647e-01 7.925162401451020244e-01 3.314385617454247424e-01 5.493173280819395599e-01 4.194116187414370645e-01 8.963943211031533131e-02 3.750358188154979677e-01 8.786641738793182776e-01 2.170560494240574845e-01
7.493446882448986379e-01 4.448231484844530903e-01 6.350000531935311443e-01 2.478943267920071802e-01 8.382138590751490037e-01 4.668679476905459591e-01 1.671955461989029779e-01 3.252222922029546215e-02 9.080944279220009019e-01 5.563847148465745907e-01 4.887198832612726918e-01 5.932477810405550889e-01 7.255587879408796903e-01 5.068055480956723535e-01 6.367239582386391428e-01 4.967523867537830262e-01 1.790207232666672921e-01 5.926527687916967047e-01 2.578338724134946469e-01 3.640979041977197017e-01 2.918786154129620058e-01 8.890511009915731400e-01 5.708204760409959500e-01 0.000000000000000000e+00 6.049909110899603926e-01 3.005569795076710182e-01 6.915468641678561568e-01 3.801555580638253939e-01 3.221760808681465305e-01 7.745214593603679809e-01 4.644239992772520864e-01 3.192989199260032329e-01 9.484234823365612632e-01 5.665017215161990416e-01 6.496546427919858147e-02
7.518586513822417272e-01 8.329473881557564185e-01 5.822893618727937870e-01 1.426619389445819008e-01 2.570296754421832475e-01 7.068440612697479697e-01 8.943617941651913483e-01 5.736040666156251300e-01 4.816629704570380421e-01 2.808677815924250920e-01 2.545007937609511384e-01 5.528885772194656045e-01 3.092485646300213720e-02 8.525392182829203414e-01 5.764024728074361725e-01 3.571271067655029663e-01 5.747413406668933078e-01 8.334450540291789000e-01 7.361549234271522746e-01 6.119016505465295630e-01 7.126198469515760969e-01 3.469415411083189849e-01 7.192576921189175465e-02 6.049909110899603926e-01 0.000000000000000000e+00 4.491602514364618770e-01 4.518314596340393674e-01 1.226931289830410776e-01 8.052801633460937580e-01 4.612399687352375377e-01 3.571761432554587112e-01 5.526846194905875587e-01 7.516176738061163265e-01 6.699918132227113965e-01 5.836577088228922516e-01
7.274567775383502521e-01 7.060399790642734041e-01 7.044735094133973696e-01 6.167422475074879618e-01 2.760180510425034317e-01 2.888329390160899734e-01 1.703609826548408979e-01 4.881005101536248780e-01 2.013971598178924127e-01 4.649851328826084540e-01 2.207595055691136121e-01 6.287497017675323097e-01 6.898109949522446271e-01 7.702140247862043765e-01 8.120489491170288510e-01 5.283281039931094769e-01 3.886663471430725769e-01 5.747907242905063718e-01 7.736505324279778772e-01 7.347447635132844379e-01 7.204117661410942564e-01 2.040934348643030916e-01 5.745332622109140530e-01 3.005569795076710182e-01 4.491602514364618770e-01 0.000000000000000000e+00 7.108852291013703084e-01 4.950919245201458874e-01 5.699848621390299908e-01 7.599910310872954877e-01 3.401350377073236730e-01 5.206192914074878608e-01 8.416728664709796082e-01 3.673042771790200889e-01 6.000541679101961678e-01
6.914310354017172422e-01 1.623950988148587515e-01 4.204540772899489354e-01 6.370432402126272597e-01 6.472504273195184288e-01 3.367420923984251191e-01 5.075371032197399934e-01 7.107553650720768168e-01 7.628733423656266499e-01 5.995549431169779897e-01 4.125050332670570086e-01 6.939268459161893610e-01 5.091330985939448439e-01 6.908111981493521014e-01 5.105108334044035079e-01 7.155412836403551857e-01 8.698904705947824167e-01 5.412341898024857212e-01 3.848754071888969008e-01 6.745642818005426200e-01 4.094041906713473677e-01 5.880497472906678347e-01 5.420171986922963647e-01 6.915468641678561568e-01 4.518314596340393674e-01 7.108852291013703084e-01 0.000000000000000000e+00 5.827499755858615016e-01 3.127361481573119328e-01 1.876159593492671140e-01 7.141545265867286219e-01 3.594233392602209642e-01 6.723400976359971137e-01 8.195144528139262086e-01 7.603781269061654635e-01
3.573944361173089224e-01 3.824774349290349651e-01 6.241290976009059577e-01 7.778427072380255103e-01 3.369127221204286649e-01 2.046270954524401220e-01 9.416434265656018487e-01 3.009691911138304143e-01 3.454783855054183173e-01 3.993171329268903058e-01 4.968798884281147021e-01 5.790046012411780296e-01 2.528680605975016094e-01 6.385162074756333128e-01 2.774435284077494401e-01 5.529851830609008312e-01 2.675348337512224450e-01 5.329612092039267557e-01 4.477530467499684086e-01 2.766199190136546249e-01 5.550149628377516464e-01 5.088368559712608263e-01 7.925162401451020244e-01 3.801555580638253939e-01 1.226931289830410776e-01 4.950919245201458874e-01 5.827499755858615016e-01 0.000000000000000000e+00 5.710784176685729241e-01 8.220072038426053940e-01 4.737191794579970194e-01 8.155250664091896473e-01 7.904075551855737070e-01 4.343400381910126895e-01 3.172834773644890305e-01
2.469114896392582137e-01 5.010490144228361142e-01 7.037322817454967350e-01 3.518669980817472065e-01 5.143628464985632309e-01 5.560957302428926052e-02 1.561354982591566243e-01 3.174708205156878682e-01 7.075232403654361235e-01 2.749358119222368169e-01 6.423905943555441311e-01 7.532115109959666155e-01 5.269601518073150359e-01 3.439168423523447649e-01 1.733227119551179474e-01 6.223595973737104936e-01 5.707334466442849363e-01 6.368590515861618506e-01 5.579290830975003335e-02 2.673592031886560250e-01 3.738251521445187242e-01 5.293887982123093305e-01 3.314385617454247424e-01 3.221760808681465305e-01 8.052801633460937580e-01 5.699848621390299908e-01 3.127361481573119328e-01 5.710784176685729241e-01 0.000000000000000000e+00 4.070624036928047196e-01 6.032627000382034810e-01 4.372846728957355267e-01 7.296454489613575234e-01 7.260408818357181326e-01 2.942461367548803164e-01
5.180027084406575444e-01 1.673843394801141082e-01 5.063117293885177617e-01 7.408568114861209253e-01 6.190858686925126975e-01 1.861478345407733270e-01 3.910724690770914780e-01 4.818414709987909328e-01 5.192873322744896436e-01 9.373461012471444587e-01 2.067738518661073055e-01 5.489403871887716946e-01 6.930777914359320668e-01 4.521574341343255754e-01 5.905972978857059186e-01 7.369587705287837798e-01 7.215889423116751411e-01 4.565243799929313839e-01 3.241510632275875770e-01 4.740300922710620757e-01 5.119530949580912704e-01 4.059108623526906379e-01 5.493173280819395599e-01 7.745214593603679809e-01 4.612399687352375377e-01 7.599910310872954877e-01 1.876159593492671140e-01 8.220072038426053940e-01 4.070624036928047196e-01 0.000000000000000000e+00 4.199344623602564441e-01 6.219770464213891792e-01 7.645247625495315003e-01 3.284685805429012895e-01 6.257083890593155839e-01
6.572389163769715159e-01 5.823617873538764478e-01 4.725105834160142071e-01 8.698473478174193474e-01 5.100520467442848371e-01 7.020117957744085313e-01 5.497749645433749333e-01 3.615781803568269837e-01 6.164379203986465328e-01 5.017344588499249580e-01 4.765433170559718601e-01 4.001429459315876680e-01 3.864477175277216126e-01 5.355391727746781072e-01 4.437396860500322782e-01 6.868646541691069141e-01 7.258849738626493853e-02 9.387761633616865664e-01 5.420301795126398758e-01 8.479277871712542769e-01 2.307487256073147419e-01 3.508529692106643338e-01 4.194116187414370645e-01 4.644239992772520864e-01 3.571761432554587112e-01 3.401350377073236730e-01 7.141545265867286219e-01 4.737191794579970194e-01 6.032627000382034810e-01 4.199344623602564441e-01 0.000000000000000000e+00 1.887792511698692666e-01 4.360946590896772612e-01 6.504563759503516618e-01 8.560761717834280971e-01
9.761437643956083487e-02 7.416330044825558687e-01 4.213575862636556590e-01 5.625087843831588774e-01 4.805342779666537112e-01 2.727087288447036517e-01 9.351813882990547278e-01 5.352440211978927165e-01 9.042804154245664972e-02 2.365675775454558760e-01 2.715780768002211687e-01 5.407179137866926499e-01 6.582011740988168436e-01 7.210018182994735181e-01 1.626767988477750837e-01 5.591157773907575734e-01 5.611475163975159219e-01 6.702950577157159584e-01 8.909536806594843261e-01 5.756518552325682325e-01 3.023062527108710817e-01 5.125434474726950906e-01 8.963943211031533131e-02 3.192989199260032329e-01 5.526846194905875587e-01 5.206192914074878608e-01 3.594233392602209642e-01 8.155250664091896473e-01 4.372846728957355267e-01 6.219770464213891792e-01 1.887792511698692666e-01 0.000000000000000000e+00 2.949211713961220616e-01 2.489312753199812156e-01 8.861849219770989716e-01
5.451066161915180119e-01 4.223990863227035097e-01 6.501008178626980216e-01 8.106584889652336257e-01 5.104118518761415757e-01 4.692473162845149925e-01 2.290879541690726828e-01 5.958622992346395142e-01 1.687776797228237591e-01 2.267688856230987149e-01 2.015060884075399184e-01 6.731099961603490556e-01 8.498088485083679089e-01 7.969786525263526933e-01 7.334353863667029128e-01 7.668053796735474492e-01 4.825852532574279596e-01 4.239271378091402642e-01 2.909494035603013007e-01 6.505581098287201991e-01 9.539501256667370921e-02 3.446257270037631493e-01 3.750358188154979677e-01 9.484234823365612632e-01 7.516176738061163265e-01 8.416728664709796082e-01 6.723400976359971137e-01 7.904075551855737070e-01 7.296454489613575234e-01 7.645247625495315003e-01 4.360946590896772612e-01 2.949211713961220616e-01 0.000000000000000000e+00 4.724094938651195452e-01 7.147750385807639661e-01
2.877540475152225996e-01 5.605952710337169798e-01 4.819432953845550482e-01 6.415805655843267452e-01 9.253707289585346718e-01 7.654240256498934247e-01 2.470911300704962121e-01 5.320374446844184924e-01 5.919122724140428726e-01 4.702130149885711541e-01 2.749202875682007496e-01 9.188151480600479371e-01 5.923022849465564565e-01 4.616869290063829734e-01 9.028646279099084015e-01 5.924295569338027256e-01 4.978051770321353375e-01 2.938256245888708484e-01 5.588672607740913234e-01 3.182089238631108929e-01 8.751527654071354911e-01 7.288333851002510855e-01 8.786641738793182776e-01 5.665017215161990416e-01 6.699918132227113965e-01 3.673042771790200889e-01 8.195144528139262086e-01 4.343400381910126895e-01 7.260408818357181326e-01 3.284685805429012895e-01 6.504563759503516618e-01 2.489312753199812156e-01 4.724094938651195452e-01 0.000000000000000000e+00 9.267429271932918766e-01
6.963472411489676217e-01 5.530304984783539490e-01 8.260267072869179605e-01 5.893319193031345549e-01 2.358080809314616610e-01 6.434050144380085712e-01 3.440452776458054474e-01 7.824089977095902704e-01 1.603312451605554134e-01 2.301903744433971832e-01 5.510598118043386062e-01 9.691965250846530378e-01 5.471911857697121517e-01 2.432502865587600760e-01 3.992028754062549867e-01 5.793451275239596132e-01 7.047742907364178411e-01 4.091825422578860838e-01 9.059117360576571798e-01 4.997195593562657745e-01 4.644962241599298602e-01 5.965557978749311818e-01 2.170560494240574845e-01 6.496546427919858147e-02 5.836577088228922516e-01 6.000541679101961678e-01 7.603781269061654635e-01 3.172834773644890305e-01 2.942461367548803164e-01 6.257083890593155839e-01 8.560761717834280971e-01 8.861849219770989716e-01 7.147750385807639661e-01 9.267429271932918766e-01 0.000000000000000000e+00
