0.000000000000000000e+00 4.475610052870936384e-01 9.118071173610484692e-01 3.030298248783857007e-01 4.668650479829566380e-01 2.783040737448248536e-01 6.259731769309477833e-01 7.578406639239640974e-01 4.019621502973456662e-01 7.718008504771618483e-01 8.446032704384802692e-01 3.008544840047440716e-01 8.336540200911135567e-01 5.093046624326190708e-01 3.470971845430750879e-01 2.665692195915249085e-01 7.579270030085656362e-01 2.856748874218122403e-01 2.875327748533174632e-01 5.363420216812249119e-01 7.906013346521358898e-01 7.628971807791560256e-01 1.399322015717357481e-01 5.104655497503702843e-01 3.256313015237704001e-01 8.720136240106545200e-01 9.101621723644264250e-01 8.460199297945355523e-01 4.617304849125402066e-01 8.135743519156442005e-01 2.400636564077328061e-01 5.269723640511915219e-01 3.991200531313821021e-01 2.781020838027061792e-01 1.143849432438115432e-02
4.475610052870936384e-01 0.000000000000000000e+00 5.082257385396217186e-01 7.479875605311387954e-01 6.032514718833432710e-01 6.470265863030930653e-01 4.195435963093039899e-01 4.106256506463580869e-01 4.223575369003225721e-01 1.566081095829877645e-01 6.837275817717356485e-01 7.275562597233248274e-02 8.535300641823989620e-01 6.418705508942978977e-01 4.764247952468759761e-01 5.743114798795283527e-01 8.260231269086217853e-01 5.894602555025167945e-01 4.453494682003392713e-01 5.327929491188683198e-01 4.618669124286060024e-01 4.631637474062554327e-01 9.211753289170471204e-01 8.602510099012110611e-01 9.015157986754205321e-01 8.931607593992756389e-01 7.448311704091017393e-01 6.276774026351159552e-01 3.626679557321713654e-01 5.968782954580429401e-01 4.461916743746093261e-01 5.666591345977236571e-01 5.662043378521924852e-01 6.842969515114101231e-01 4.953181709328393634e-01
9.118071173610484692e-01 5.082257385396217186e-01 0.000000000000000000e+00 4.692068455466998911e-01 4.887366379067633049e-01 8.835276407619920835e-01 5.736045893378627358e-01 4.904045300775122795e-01 2.681170560820106408e-01 7.981066583423122029e-01 4.708546821054487852e-01 3.889540875311950918e-01 5.041446118713879265e-01 5.939022854807762819e-01 5.628399922095841390e-01 3.103060530114454263e-02 5.623610247113645100e-01 2.322970785993672127e-01 1.624422796192077079e-01 3.798509004404608258e-01 7.031308488934210343e-01 1.637342115443112256e-01 2.576576148788414233e-01 5.668872101895326976e-01 6.606214334187933135e-01 3.917415981027898564e-01 6.292670306396812574e-01 3.928820453024187698e-01 5.068204388589450105e-01 6.859219687777711183e-01 2.083084580913668882e-01 2.013414708953452648e-01 7.880091893873548692e-01 4.791925688980605003e-01 6.810410506320141444e-01
3.030298248783857007e-01 7.479875605311387954e-01 4.692068455466998911e-01 0.000000000000000000e+00 6.962018130448627273e-01 7.735441421911963822e-01 3.929724992249126192e-01 8.840719619674224372e-01 5.536698113408445865e-01 5.229583396146679775e-01 7.797254596623297562e-01 5.470575967146805718e-01 4.364632203968449864e-01 1.702603741627771727e-01 9.968584318243458586e-01 6.215757799851551191e-01 1.059032194435648444e-01 3.454340137972838898e-01 5.453672236317058664e-01 6.285628630314212817e-01 5.566962401902797453e-01 3.034138391662628553e-01 2.098446000077486273e-01 3.743129703629929916e-01 7.412840595748094730e-01 8.238620023559606320e-02 5.555530768785102991e-01 9.399493372303719951e-01 2.255603612535572733e-02 2.490473509274380159e-01 2.793519590459965785e-01 7.785454614444657917e-01 4.678127755089592221e-01 2.762692110267918055e-01 8.752563450466641637e-01
4.668650479829566380e-01 6.032514718833432710e-01 4.887366379067633049e-01 6.962018130448627273e-01 0.000000000000000000e+00 4.187028124129392737e-01 5.247639824766716643e-01 1.846870872947408149e-01 4.300404455539151849e-01 7.765246841864887895e-01 7.170981933155610166e-01 6.768327652007345430e-01 8.231771550803868021e-02 2.927291198084682744e-01 6.853630885551886820e-01 6.271583455091479520e-01 6.139594426515674330e-01 6.835317866737740111e-01 6.175431945057011651e-01 5.905908545605778048e-01 4.643231725246944053e-01 4.321278781606576747e-01 7.423789163640879263e-01 7.884936703226117505e-01 1.985808446084167400e-01 4.886168746214562542e-01 1.091417566878717937e-01 2.809522044049201916e-01 7.176694047495004725e-01 7.981166372683463628e-01 7.416604688948341684e-01 6.167033893197519934e-01 7.404868498987535741e-01 5.162059363020529146e-01 5.246885640012173280e-01
2.783040737448248536e-01 6.470265863030930653e-01 8.835276407619920835e-01 7.735441421911963822e-01 4.187028124129392737e-01 0.000000000000000000e+00 8.807850582593759192e-01 2.487630380950109910e-01 2.959548170311805393e-01 6.318336591473381336e-01 8.916367687591677527e-01 1.963529352107256098e-01 9.548563787422247318e-01 8.294673719601746154e-01 5.748801697258890675e-01 5.999848481785382548e-01 5.195892458650954726e-01 5.806399422176529157e-01 5.346820004166221718e-01 8.583646338628169170e-01 5.897301496456779368e-01 9.831687058676430446e-02 1.713293392238550705e-01 6.189036002130594571e-01 6.797723841076261930e-01 1.539508875833436874e-01 4.759774183581430562e-01 8.972372694752419608e-01 8.161669709153507313e-02 5.488863570341856457e-01 7.073105488491677750e-01 4.711692169464495317e-01 8.844513932792116284e-01 5.102252805190657936e-01 5.225348326521723763e-01
6.259731769309477833e-01 4.195435963093039899e-01 5.736045893378627358e-01 3.929724992249126192e-01 5.247639824766716643e-01 8.807850582593759192e-01 0.000000000000000000e+00 6.577217335964600231e-01 4.717727283368731150e-01 7.249611560988842296e-01 4.259727770067864849e-01 5.623157261519826644e-01 5.448536939082493369e-01 5.058739442442756751e-01 5.158112003011868785e-01 9.047134879152094467e-01 5.394454412002743782e-01 5.296406894990444147e-01 7.936964589220791844e-01 4.704134930405028392e-01 4.715939560544811782e-01 3.711471320820515229e-01 3.241103761155185725e-01 5.953045768062015242e-01 5.113566643901026332e-01 2.285005365026154811e-01 4.313876441443040277e-01 7.528028154086103818e-01 3.220678935992233316e-01 6.541414204998257098e-01 7.727316239887354055e-01 3.589859823010143614e-01 2.765530305234553121e-01 1.560239776555067959e-01 5.298892293618150395e-01
7.578406639239640974e-01 4.106256506463580869e-01 4.904045300775122795e-01 8.840719619674224372e-01 1.846870872947408149e-01 2.487630380950109910e-01 6.577217335964600231e-01 0.000000000000000000e+00 7.410343633146412312e-01 4.306904988710911764e-01 4.489452324416253193e-01 7.319927371074372857e-01 5.815107736894532531e-01 2.331876513726993116e-01 4.737850856820339795e-01 7.440698893715368412e-01 3.043779038922874713e-01 2.160291176330135787e-01 7.379699259789140875e-01 4.278350292394486054e-01 8.161963812922411465e-01 3.233825379891502871e-01 7.854069915975280258e-01 4.141094641072420868e-01 6.457589306899507164e-01 4.158298519203294519e-01 7.181440660897800976e-01 6.589316702589591568e-01 5.126399119937767868e-01 5.180777409766366137e-01 6.693573976394524561e-01 1.532552301375447179e-01 7.272969581884481949e-01 5.261554002461028556e-01 7.082859864609098999e-01
4.019621502973456662e-01 4.223575369003225721e-01 2.681170560820106408e-01 5.536698113408445865e-01 4.300404455539151849e-01 2.959548170311805393e-01 4.717727283368731150e-01 7.410343633146412312e-01 0.000000000000000000e+00 8.945999631998453605e-01 1.986889911109543938e-01 5.060992770341883329e-01 8.041063686395393262e-01 2.987103720156827902e-01 7.152777246585645399e-01 6.788690540741357804e-01 4.073299359618208770e-01 5.203681101439503465e-01 4.133225488663923031e-01 5.805365410068541454e-01 6.876873900646829352e-01 6.832459703774357296e-01 6.874731449617795809e-01 6.038349552608104354e-01 1.882837899050128216e-01 3.093121391371432827e-01 3.818534318154951923e-01 1.671379096717980905e-01 3.694135940299244636e-01 7.725564330969000304e-01 6.299474929448893867e-01 4.366878024134286385e-01 5.409503597063852753e-01 5.898357218367128452e-01 5.933711451974130746e-01
7.718008504771618483e-01 1.566081095829877645e-01 7.981066583423122029e-01 5.229583396146679775e-01 7.765246841864887895e-01 6.318336591473381336e-01 7.249611560988842296e-01 4.306904988710911764e-01 8.945999631998453605e-01 0.000000000000000000e+00 8.315004306331701400e-01 4.028123427453998984e-01 4.585300756695656621e-01 2.077524527136597188e-01 7.860372182174411027e-01 5.782614841037962972e-01 6.580941402450383171e-01 4.663789689229418944e-01 6.308835704094323260e-01 4.556283872458273265e-01 1.287011591893379991e-01 4.199219423549362951e-01 5.131894471295956883e-01 7.665754269773388252e-01 4.048885849926707192e-01 8.431742092163134750e-01 6.725773333833765522e-01 1.173086096462948591e-01 2.145323295124300644e-01 4.881353886446627155e-01 1.912728051974186827e-01 7.168277627542187780e-01 2.051064234810238140e-01 6.292549239254101590e-01 9.466219236797406289e-01
8.446032704384802692e-01 6.837275817717356485e-01 4.708546821054487852e-01 7.797254596623297562e-01 7.170981933155610166e-01 8.916367687591677527e-01 4.259727770067864849e-01 4.489452324416253193e-01 1.986889911109543938e-01 8.315004306331701400e-01 0.000000000000000000e+00 7.272074490660114243e-01 5.709763802481316874e-01 6.335338515916631996e-01 4.342498905981254098e-01 7.794314908218715754e-01 5.365540689436059107e-01 1.915415341422473938e-01 3.759789464941385440e-01 4.599077241135270389e-01 5.262070528395020874e-01 4.815944419474522120e-01 4.206395577417409992e-01 2.857412004723001164e-01 6.958451296455934187e-01 3.978896244482228450e-01 3.629783941665504221e-01 4.006207430681562598e-01 3.085025770519903565e-01 5.401497794599261493e-01 5.393872374363687383e-01 6.588978608972080320e-01 7.103061761258914197e-01 3.358444528915844329e-01 3.242699777199560818e-01
3.008544840047440716e-01 7.275562597233248274e-02 3.889540875311950918e-01 5.470575967146805718e-01 6.768327652007345430e-01 1.963529352107256098e-01 5.623157261519826644e-01 7.319927371074372857e-01 5.060992770341883329e-01 4.028123427453998984e-01 7.272074490660114243e-01 0.000000000000000000e+00 4.576835525772471325e-02 8.694983429526155216e-01 7.836770976009412859e-01 3.803168493027607178e-01 1.367864622705374233e-01 4.259767390137343956e-01 5.735481540357331154e-01 5.527215180646474213e-01 4.720211508467205830e-01 2.226226664063608585e-01 7.076067880767988871e-01 9.357551632090335136e-01 4.196078660498593904e-01 5.294841024929708428e-01 3.488588428769042737e-01 1.598094834282954846e-01 6.383705921990692200e-01 3.612226998198315719e-01 6.236880810597735803e-01 6.570959140261574127e-01 4.582904634000976030e-01 4.569127106700454632e-01 4.201420051102903730e-01
8.336540200911135567e-01 8.535300641823989620e-01 5.041446118713879265e-01 4.364632203968449864e-01 8.231771550803868021e-02 9.548563787422247318e-01 5.448536939082493369e-01 5.815107736894532531e-01 8.041063686395393262e-01 4.585300756695656621e-01 5.709763802481316874e-01 4.576835525772471325e-02 0.000000000000000000e+00 3.710366182865246776e-01 4.368564802918268875e-01 7.130331535529504938e-01 8.251078496810233531e-01 4.308583138551659308e-01 5.175099705018729734e-01 6.556659150273007608e-01 6.872630376362145466e-01 5.831984436184103338e-01 2.926062396632371776e-01 4.408470679706598672e-01 8.478168973682856935e-01 3.859071431335517888e-01 7.782731604076554843e-01 5.117865456910249966e-01 6.447086414448776059e-01 2.086446826953860523e-01 5.352690620939682953e-01 5.464462839301001962e-01 1.798575311744298744e-01 6.997451190745873628e-01 7.981547992430199079e-01
5.093046624326190708e-01 6.418705508942978977e-01 5.939022854807762819e-01 1.702603741627771727e-01 2.927291198084682744e-01 8.294673719601746154e-01 5.058739442442756751e-01 2.331876513726993116e-01 2.987103720156827902e-01 2.077524527136597188e-01 6.335338515916631996e-01 8.694983429526155216e-01 3.710366182865246776e-01 0.000000000000000000e+00 4.563769422687878330e-01 4.991232041087266813e-01 6.836376135285660016e-01 7.304245732611172048e-01 9.500636279985198440e-01 4.107517995828575685e-01 7.311385011347908414e-01 8.411118365158709587e-01 6.016373899896636512e-01 6.107376560866683013e-01 8.005148831723640779e-01 7.810796674291835551e-01 4.645525415773053557e-01 2.626009742434157745e-01 2.808574075592889518e-01 4.178683374751475665e-01 3.959377245932517164e-01 7.404907500227166928e-01 1.833450977333439535e-01 7.084857265599154852e-01 4.537239566914947897e-01
3.470971845430750879e-01 4.764247952468759761e-01 5.628399922095841390e-01 9.968584318243458586e-01 6.853630885551886820e-01 5.748801697258890675e-01 5.158112003011868785e-01 4.737850856820339795e-01 7.152777246585645399e-01 7.860372182174411027e-01 4.342498905981254098e-01 7.836770976009412859e-01 4.368564802918268875e-01 4.563769422687878330e-01 0.000000000000000000e+00 8.162690676457928785e-01 1.134409006283614296e-01 4.102509645774905511e-01 3.512379154002581716e-01 7.350174114627483490e-01 5.006630269219172202e-01 8.902250741112909260e-01 7.068771122959525144e-01 7.995221861381458517e-01 4.815095592404482483e-01 7.304089536957005802e-01 3.424204705610837673e-01 3.566113865378806036e-02 2.271374848171765493e-01 4.992252969103586069e-01 6.374153768391537245e-01 8.512242002471426261e-01 8.440428190810974618e-01 5.748891762735727218e-01 2.051676043209735845e-01
2.665692195915249085e-01 5.743114798795283527e-01 3.103060530114454263e-02 6.215757799851551191e-01 6.271583455091479520e-01 5.999848481785382548e-01 9.047134879152094467e-01 7.440698893715368412e-01 6.788690540741357804e-01 5.782614841037962972e-01 7.794314908218715754e-01 3.803168493027607178e-01 7.130331535529504938e-01 4.991232041087266813e-01 8.162690676457928785e-01 0.000000000000000000e+00 4.871189622503831473e-01 6.550993830535809526e-01 4.842803441676756249e-01 4.531799764331737590e-01 2.940435883153490471e-01 6.708308317129771936e-01 1.301329929426829901e-01 1.698096323660866491e-01 9.415855620842492613e-01 3.740771400328016805e-01 3.168645707275328793e-01 7.374030887638824971e-01 5.570016160941422267e-01 5.573072435364294641e-01 5.429151325002932182e-01 3.334633337195172520e-01 6.198076836374561971e-01 4.749648907221378225e-01 6.567195306923385711e-01
7.579270030085656362e-01 8.260231269086217853e-01 5.623610247113645100e-01 1.059032194435648444e-01 6.139594426515674330e-01 5.195892458650954726e-01 5.394454412002743782e-01 3.043779038922874713e-01 4.073299359618208770e-01 6.580941402450383171e-01 5.365540689436059107e-01 1.367864622705374233e-01 8.251078496810233531e-01 6.836376135285660016e-01 1.134409006283614296e-01 4.871189622503831473e-01 0.000000000000000000e+00 5.591852760004017986e-01 4.522015563365200386e-01 5.101031524369780135e-01 4.950248757917614650e-01 4.410020019810819147e-01 6.952497211877668448e-01 4.770810865125008071e-01 4.828075045358299899e-01 4.530246768784831901e-01 3.967339083929912746e-01 7.473379841282263847e-01 5.946298348982059778e-01 3.764196995983554728e-01 8.234731403891140111e-01 3.144993505805293577e-01 4.100847658643639315e-01 4.762155199182399046e-01 3.073201980268367439e-01
2.856748874218122403e-01 5.894602555025167945e-01 2.322970785993672127e-01 3.454340137972838898e-01 6.835317866737740111e-01 5.806399422176529157e-01 5.296406894990444147e-01 2.160291176330135787e-01 5.203681101439503465e-01 4.663789689229418944e-01 1.915415341422473938e-01 4.259767390137343956e-01 4.308583138551659308e-01 7.304245732611172048e-01 4.102509645774905511e-01 6.550993830535809526e-01 5.591852760004017986e-01 0.000000000000000000e+00 5.450217780786404953e-01 6.111367812037610259e-01 7.004701111752180687e-01 3.500789272703881405e-01 2.599050740182532460e-01 8.481333085147271245e-01 6.948581237887961892e-01 4.923422751022472066e-01 4.541778989368567276e-01 5.937256708368627844e-01 6.375297060938281968e-01 4.996419860009340685e-01 2.041265633831929049e-01 2.346306970972643624e-01 4.053128618073437162e-01 4.473047312199680547e-01 6.678068579166347440e-01
2.875327748533174632e-01 4.453494682003392713e-01 1.624422796192077079e-01 5.453672236317058664e-01 6.175431945057011651e-01 5.346820004166221718e-01 7.936964589220791844e-01 7.379699259789140875e-01 4.133225488663923031e-01 6.308835704094323260e-01 3.759789464941385440e-01 5.735481540357331154e-01 5.175099705018729734e-01 9.500636279985198440e-01 3.512379154002581716e-01 4.842803441676756249e-01 4.522015563365200386e-01 5.450217780786404953e-01 0.000000000000000000e+00 2.589645781916911638e-01 6.058848438747841403e-01 2.054028381578522078e-01 5.017707838396490150e-01 5.229431168052800505e-01 6.308283378326351443e-01 7.855043075781948936e-01 4.197270013943873446e-01 5.992441141774491609e-01 8.459769791885772827e-01 3.051958876090702932e-01 4.528378603018668458e-01 1.605098251962396860e-01 5.113490901331372296e-01 3.147879456136966070e-01 6.247306497565048300e-01
5.363420216812249119e-01 5.327929491188683198e-01 3.798509004404608258e-01 6.285628630314212817e-01 5.905908545605778048e-01 8.583646338628169170e-01 4.704134930405028392e-01 4.278350292394486054e-01 5.805365410068541454e-01 4.556283872458273265e-01 4.599077241135270389e-01 5.527215180646474213e-01 6.556659150273007608e-01 4.107517995828575685e-01 7.350174114627483490e-01 4.531799764331737590e-01 5.101031524369780135e-01 6.111367812037610259e-01 2.589645781916911638e-01 0.000000000000000000e+00 3.259005608731959103e-01 6.806648004492927839e-01 7.222437510014302342e-01 7.588789752950179102e-01 5.134381000381127436e-02 7.659895425582026185e-01 7.529750757183317766e-01 7.716364587397721575e-01 8.041207371963060568e-01 7.212313159086125580e-01 7.375416771572176344e-01 6.884901721412099995e-01 9.046137029565634036e-01 5.721502716333781713e-01 5.690116163724197040e-01
7.906013346521358898e-01 4.618669124286060024e-01 7.031308488934210343e-01 5.566962401902797453e-01 4.643231725246944053e-01 5.897301496456779368e-01 4.715939560544811782e-01 8.161963812922411465e-01 6.876873900646829352e-01 1.287011591893379991e-01 5.262070528395020874e-01 4.720211508467205830e-01 6.872630376362145466e-01 7.311385011347908414e-01 5.006630269219172202e-01 2.940435883153490471e-01 4.950248757917614650e-01 7.004701111752180687e-01 6.058848438747841403e-01 3.259005608731959103e-01 0.000000000000000000e+00 3.830266181477733900e-01 4.642431791580797773e-01 3.395725831925548999e-01 3.823348172299567693e-01 2.079618267067641080e-01 9.640086232501654528e-02 5.184676881506342649e-01 6.334789137867602449e-01 3.491168751066372478e-01 3.393308429638859369e-01 2.530154462017423223e-01 7.188701243893321768e-01 1.938824391355781218e-01 1.452733082381072460e-01
7.628971807791560256e-01 4.631637474062554327e-01 1.637342115443112256e-01 3.034138391662628553e-01 4.321278781606576747e-01 9.831687058676430446e-02 3.711471320820515229e-01 3.233825379891502871e-01 6.832459703774357296e-01 4.199219423549362951e-01 4.815944419474522120e-01 2.226226664063608585e-01 5.831984436184103338e-01 8.411118365158709587e-01 8.902250741112909260e-01 6.708308317129771936e-01 4.410020019810819147e-01 3.500789272703881405e-01 2.054028381578522078e-01 6.806648004492927839e-01 3.830266181477733900e-01 0.000000000000000000e+00 6.433199006561118871e-01 7.843836035219480252e-01 3.738136765793202976e-01 2.536535659138607346e-01 7.191533746193379262e-01 4.198619217857899044e-01 6.102326286418514600e-01 3.737091451958323152e-01 6.670588983307582653e-01 7.477182800997590473e-01 5.628573803558516442e-01 7.495258012808275749e-01 4.738973657170690301e-01
1.399322015717357481e-01 9.211753289170471204e-01 2.576576148788414233e-01 2.098446000077486273e-01 7.423789163640879263e-01 1.713293392238550705e-01 3.241103761155185725e-01 7.854069915975280258e-01 6.874731449617795809e-01 5.131894471295956883e-01 4.206395577417409992e-01 7.076067880767988871e-01 2.926062396632371776e-01 6.016373899896636512e-01 7.068771122959525144e-01 1.301329929426829901e-01 6.952497211877668448e-01 2.599050740182532460e-01 5.017707838396490150e-01 7.222437510014302342e-01 4.642431791580797773e-01 6.433199006561118871e-01 0.000000000000000000e+00 1.533543992169866810e-01 6.556862209024059140e-01 5.200028853107843130e-01 7.430877610312509596e-01 3.993121756734743233e-01 4.096292397155628651e-01 4.862170533407191853e-01 7.045460785755829347e-01 6.074541642760071802e-01 6.969402760547396269e-01 9.454292700071165179e-01 4.848678003323825259e-02
5.104655497503702843e-01 8.602510099012110611e-01 5.668872101895326976e-01 3.743129703629929916e-01 7.884936703226117505e-01 6.189036002130594571e-01 5.953045768062015242e-01 4.141094641072420868e-01 6.038349552608104354e-01 7.665754269773388252e-01 2.857412004723001164e-01 9.357551632090335136e-01 4.408470679706598672e-01 6.107376560866683013e-01 7.995221861381458517e-01 1.698096323660866491e-01 4.770810865125008071e-01 8.481333085147271245e-01 5.229431168052800505e-01 7.588789752950179102e-01 3.395725831925548999e-01 7.843836035219480252e-01 1.533543992169866810e-01 0.000000000000000000e+00 6.429666566532281635e-01 4.562086701232356822e-01 1.516777007058892623e-01 8.421630623796221293e-01 4.273485603196394145e-01 5.401523179148831622e-01 4.757445182340277468e-01 9.021182391902033970e-01 5.638144408932145302e-01 9.081784336780498457e-01 5.563868979376048740e-01
3.256313015237704001e-01 9.015157986754205321e-01 6.606214334187933135e-01 7.412840595748094730e-01 1.985808446084167400e-01 6.797723841076261930e-01 5.113566643901026332e-01 6.457589306899507164e-01 1.882837899050128216e-01 4.048885849926707192e-01 6.958451296455934187e-01 4.196078660498593904e-01 8.478168973682856935e-01 8.005148831723640779e-01 4.815095592404482483e-01 9.415855620842492613e-01 4.828075045358299899e-01 6.948581237887961892e-01 6.308283378326351443e-01 5.134381000381127436e-02 3.823348172299567693e-01 3.738136765793202976e-01 6.556862209024059140e-01 6.429666566532281635e-01 0.000000000000000000e+00 4.842751187183701456e-01 3.187427138476434108e-01 6.977185838033861387e-03 7.919218474174538613e-01 4.681204348994522646e-01 4.551830502292421032e-01 2.679748606351259332e-01 1.789174648929705569e-01 3.612350255520533904e-01 3.149444906602864580e-01
8.720136240106545200e-01 8.931607593992756389e-01 3.917415981027898564e-01 8.238620023559606320e-02 4.886168746214562542e-01 1.539508875833436874e-01 2.285005365026154811e-01 4.158298519203294519e-01 3.093121391371432827e-01 8.431742092163134750e-01 3.978896244482228450e-01 5.294841024929708428e-01 3.859071431335517888e-01 7.810796674291835551e-01 7.304089536957005802e-01 3.740771400328016805e-01 4.530246768784831901e-01 4.923422751022472066e-01 7.855043075781948936e-01 7.659895425582026185e-01 2.079618267067641080e-01 2.536535659138607346e-01 5.200028853107843130e-01 4.562086701232356822e-01 4.842751187183701456e-01 0.000000000000000000e+00 4.844178567856081696e-01 4.988056155189387053e-01 6.589452580164865125e-01 6.660315080306432600e-01 2.065028750259322310e-01 1.729922081076916696e-01 4.656543254403832099e-01 5.379278426720270900e-01 5.935328883913515430e-01
9.101621723644264250e-01 7.448311704091017393e-01 6.292670306396812574e-01 5.555530768785102991e-01 1.091417566878717937e-01 4.759774183581430562e-01 4.313876441443040277e-01 7.181440660897800976e-01 3.818534318154951923e-01 6.725773333833765522e-01 3.629783941665504221e-01 3.488588428769042737e-01 7.782731604076554843e-01 4.645525415773053557e-01 3.424204705610837673e-01 3.168645707275328793e-01 3.967339083929912746e-01 4.541778989368567276e-01 4.197270013943873446e-01 7.529750757183317766e-01 9.640086232501654528e-02 7.191533746193379262e-01 7.430877610312509596e-01 1.516777007058892623e-01 3.187427138476434108e-01 4.844178567856081696e-01 0.000000000000000000e+00 5.236762098212902616e-01 5.816694961361981164e-01 3.881523786688029221e-01 7.597776984227241348e-01 4.323249131123547695e-01 2.253694390176927409e-01 2.299493803938135184e-02 7.900259043747548393e-01
8.460199297945355523e-01 6.276774026351159552e-01 3.928820453024187698e-01 9.399493372303719951e-01 2.809522044049201916e-01 8.972372694752419608e-01 7.528028154086103818e-01 6.589316702589591568e-01 1.671379096717980905e-01 1.173086096462948591e-01 4.006207430681562598e-01 1.598094834282954846e-01 5.117865456910249966e-01 2.626009742434157745e-01 3.566113865378806036e-02 7.374030887638824971e-01 7.473379841282263847e-01 5.937256708368627844e-01 5.992441141774491609e-01 7.716364587397721575e-01 5.184676881506342649e-01 4.198619217857899044e-01 3.993121756734743233e-01 8.421630623796221293e-01 6.977185838033861387e-03 4.988056155189387053e-01 5.236762098212902616e-01 0.000000000000000000e+00 1.005905604182905089e-01 7.757734414427446268e-01 8.342059372976666776e-01 2.763724470769720609e-01 3.961738517630392087e-01 8.107618824285068859e-01 6.259895913010897761e-01
4.617304849125402066e-01 3.626679557321713654e-01 5.068204388589450105e-01 2.255603612535572733e-02 7.176694047495004725e-01 8.161669709153507313e-02 3.220678935992233316e-01 5.126399119937767868e-01 3.694135940299244636e-01 2.145323295124300644e-01 3.085025770519903565e-01 6.383705921990692200e-01 6.447086414448776059e-01 2.808574075592889518e-01 2.271374848171765493e-01 5.570016160941422267e-01 5.946298348982059778e-01 6.375297060938281968e-01 8.459769791885772827e-01 8.041207371963060568e-01 6.334789137867602449e-01 6.102326286418514600e-01 4.096292397155628651e-01 4.273485603196394145e-01 7.919218474174538613e-01 6.589452580164865125e-01 5.816694961361981164e-01 1.005905604182905089e-01 0.000000000000000000e+00 1.654047121220415528e-01 3.070571612346734147e-01 4.876911592129116180e-01 7.667695702496331034e-01 9.230538475541283372e-01 3.384085791085528205e-01
8.135743519156442005e-01 5.968782954580429401e-01 6.859219687777711183e-01 2.490473509274380159e-01 7.981166372683463628e-01 5.488863570341856457e-01 6.541414204998257098e-01 5.180777409766366137e-01 7.725564330969000304e-01 4.881353886446627155e-01 5.401497794599261493e-01 3.612226998198315719e-01 2.086446826953860523e-01 4.178683374751475665e-01 4.992252969103586069e-01 5.573072435364294641e-01 3.764196995983554728e-01 4.996419860009340685e-01 3.051958876090702932e-01 7.212313159086125580e-01 3.491168751066372478e-01 3.737091451958323152e-01 4.862170533407191853e-01 5.401523179148831622e-01 4.681204348994522646e-01 6.660315080306432600e-01 3.881523786688029221e-01 7.757734414427446268e-01 1.654047121220415528e-01 0.000000000000000000e+00 8.550796223419412367e-01 1.865522380800174740e-01 3.476062751613173685e-01 2.089864389174321824e-01 6.215487893426316912e-01
2.400636564077328061e-01 4.461916743746093261e-01 2.083084580913668882e-01 2.793519590459965785e-01 7.416604688948341684e-01 7.073105488491677750e-01 7.727316239887354055e-01 6.693573976394524561e-01 6.299474929448893867e-01 1.912728051974186827e-01 5.393872374363687383e-01 6.236880810597735803e-01 5.352690620939682953e-01 3.959377245932517164e-01 6.374153768391537245e-01 5.429151325002932182e-01 8.234731403891140111e-01 2.041265633831929049e-01 4.528378603018668458e-01 7.375416771572176344e-01 3.393308429638859369e-01 6.670588983307582653e-01 7.045460785755829347e-01 4.757445182340277468e-01 4.551830502292421032e-01 2.065028750259322310e-01 7.597776984227241348e-01 8.342059372976666776e-01 3.070571612346734147e-01 8.550796223419412367e-01 0.000000000000000000e+00 5.093569551768402093e-01 4.369989511304593899e-01 8.538256518682729723e-01 2.037837822814828059e-01
5.269723640511915219e-01 5.666591345977236571e-01 2.013414708953452648e-01 7.785454614444657917e-01 6.167033893197519934e-01 4.711692169464495317e-01 3.589859823010143614e-01 1.532552301375447179e-01 4.366878024134286385e-01 7.168277627542187780e-01 6.588978608972080320e-01 6.570959140261574127e-01 5.464462839301001962e-01 7.404907500227166928e-01 8.512242002471426261e-01 3.334633337195172520e-01 3.144993505805293577e-01 2.346306970972643624e-01 1.605098251962396860e-01 6.884901721412099995e-01 2.530154462017423223e-01 7.477182800997590473e-01 6.074541642760071802e-01 9.021182391902033970e-01 2.679748606351259332e-01 1.729922081076916696e-01 4.323249131123547695e-01 2.763724470769720609e-01 4.876911592129116180e-01 1.865522380800174740e-01 5.093569551768402093e-01 0.000000000000000000e+00 6.300316399276595369e-01 4.523277651043866032e-01 7.218059467771671400e-01
3.991200531313821021e-01 5.662043378521924852e-01 7.880091893873548692e-01 4.678127755089592221e-01 7.404868498987535741e-01 8.844513932792116284e-01 2.765530305234553121e-01 7.272969581884481949e-01 5.409503597063852753e-01 2.051064234810238140e-01 7.103061761258914197e-01 4.582904634000976030e-01 1.798575311744298744e-01 1.833450977333439535e-01 8.440428190810974618e-01 6.198076836374561971e-01 4.100847658643639315e-01 4.053128618073437162e-01 5.113490901331372296e-01 9.046137029565634036e-01 7.188701243893321768e-01 5.628573803558516442e-01 6.969402760547396269e-01 5.638144408932145302e-01 1.789174648929705569e-01 4.656543254403832099e-01 2.253694390176927409e-01 3.961738517630392087e-01 7.667695702496331034e-01 3.476062751613173685e-01 4.369989511304593899e-01 6.300316399276595369e-01 0.000000000000000000e+00 5.362950335034495364e-01 2.727189218808668825e-01
2.781020838027061792e-01 6.842969515114101231e-01 4.791925688980605003e-01 2.762692110267918055e-01 5.162059363020529146e-01 5.102252805190657936e-01 1.560239776555067959e-01 5.261554002461028556e-01 5.898357218367128452e-01 6.292549239254101590e-01 3.358444528915844329e-01 4.569127106700454632e-01 6.997451190745873628e-01 7.084857265599154852e-01 5.748891762735727218e-01 4.749648907221378225e-01 4.762155199182399046e-01 4.473047312199680547e-01 3.147879456136966070e-01 5.721502716333781713e-01 1.938824391355781218e-01 7.495258012808275749e-01 9.454292700071165179e-01 9.081784336780498457e-01 3.612350255520533904e-01 5.379278426720270900e-01 2.299493803938135184e-02 8.107618824285068859e-01 9.230538475541283372e-01 2.089864389174321824e-01 8.538256518682729723e-01 4.523277651043866032e-01 5.362950335034495364e-01 0.000000000000000000e+00 3.705483108846181484e-01
1.143849432438115432e-02 4.953181709328393634e-01 6.810410506320141444e-01 8.752563450466641637e-01 5.246885640012173280e-01 5.225348326521723763e-01 5.298892293618150395e-01 7.082859864609098999e-01 5.933711451974130746e-01 9.466219236797406289e-01 3.242699777199560818e-01 4.201420051102903730e-01 7.981547992430199079e-01 4.537239566914947897e-01 2.051676043209735845e-01 6.567195306923385711e-01 3.073201980268367439e-01 6.678068579166347440e-01 6.247306497565048300e-01 5.690116163724197040e-01 1.452733082381072460e-01 4.738973657170690301e-01 4.848678003323825259e-02 5.563868979376048740e-01 3.149444906602864580e-01 5.935328883913515430e-01 7.900259043747548393e-01 6.259895913010897761e-01 3.384085791085528205e-01 6.215487893426316912e-01 2.037837822814828059e-01 7.218059467771671400e-01 2.727189218808668825e-01 3.705483108846181484e-01 0.000000000000000000e+00
