0.000000000000000000e+00 8.616722803576926104e-01 6.478276688263903127e-01 2.707819397893317381e-01 4.565305070293857459e-01 5.523111748548238387e-01 8.886236831597098540e-01 4.030244549022277134e-01 3.176586986189608997e-01 5.596546977403491496e-01 6.270302756557845081e-01 6.591469347687295421e-01 6.995327683081969949e-01 3.958490496466066100e-01 6.213411241221169501e-01 4.919844001517769128e-01 3.545344618709349582e-01 2.965115605739031546e-01 3.577355295338534580e-01 3.890543660430930695e-01 5.675214775135533074e-01 5.501729372784311956e-01 2.591379935158534265e-01 7.934348596173693702e-01 4.391417249854813187e-01 4.149486661612189486e-01 3.292370971489240183e-01 3.346290191786568391e-01 4.551584455372162941e-01 7.775379396097852336e-01 4.613407774330660072e-01 6.437744536270622042e-01 5.950270317515438112e-01 4.791527653332561809e-01 4.324232301258341682e-01
8.616722803576926104e-01 0.000000000000000000e+00 5.737880333823008883e-01 8.217654489108690008e-01 5.028697471951487641e-01 8.447878154962042974e-01 5.543015635639254590e-01 5.379057350883180710e-01 6.687930143674691852e-01 2.427441911187884216e-01 5.141225348822071606e-01 2.957606890598810656e-01 4.477822588916895441e-01 2.308539216897863289e-01 6.843623151177640196e-01 4.060953907845833988e-01 3.261432392209293041e-01 1.931452081416752953e-01 7.899898302764246649e-01 3.262148380741737297e-01 6.013525542890387765e-01 8.407047567959734513e-01 2.745759174261619417e-02 1.276720342948990394e-01 7.256244607736856977e-01 3.750092177187540066e-01 5.160787788141013577e-01 2.668079397309667256e-01 7.652737027780649459e-01 1.243790342150931094e-01 7.433213320396803159e-01 7.072136384320106828e-01 5.514763381726435210e-01 4.132433929608232415e-01 3.631424419621069877e-01
6.478276688263903127e-01 5.737880333823008883e-01 0.000000000000000000e+00 4.587223398397010099e-01 4.692283444999862940e-01 2.689939695352756566e-01 8.342225771882660901e-01 2.562795155133223979e-01 3.599907570040646321e-01 5.098394751981281114e-01 5.092590003115123887e-01 4.458093280756736387e-01 2.077680222830107781e-01 7.260083017280644091e-01 3.370005135035272215e-01 2.964531207518673606e-01 6.157036218919613724e-01 3.026423732381121612e-01 2.248499321192883871e-01 4.977499679824508583e-01 6.034615360865578371e-01 2.184709237320242581e-01 1.587960205429627125e-01 5.278134532470482032e-01 5.573898172017246466e-01 4.724264520544141366e-01 2.295724418446174198e-01 5.162288298375864448e-01 2.938969160902233924e-01 5.172185868194996150e-01 7.431600225889132272e-01 4.696633259282983475e-01 4.920192402320156533e-01 2.351565164309992184e-01 1.541451909724682601e-01
2.707819397893317381e-01 8.217654489108690008e-01 4.587223398397010099e-01 0.000000000000000000e+00 3.700097599375636315e-01 5.454368800094413494e-01 2.020411658398890142e-01 7.184572076981724509e-01 5.239544931913913128e-01 4.901267726204041053e-01 3.082408744473821294e-01 6.342068307668372595e-01 8.338310407450364448e-01 8.119002421793075630e-01 2.573594049715223209e-01 7.671971953107117326e-01 4.675298238620885227e-01 8.142477128848427670e-01 8.104654759155833776e-01 2.852712332482519875e-01 5.816049085980296018e-01 9.104957947625031967e-01 4.383277998045428392e-01 5.887655399101439091e-01 3.657551841668200687e-01 1.495452835017804238e-01 5.174573494560399389e-01 3.024810215249482681e-01 7.450598450050469612e-01 8.286115424091178294e-02 6.572092987583770807e-01 1.171787155929132629e-01 5.323849387989085802e-01 6.526218791237403671e-01 9.088325804113206452e-02
4.565305070293857459e-01 5.028697471951487641e-01 4.692283444999862940e-01 3.700097599375636315e-01 0.000000000000000000e+00 5.339528368194311758e-01 9.806802258414801798e-01 7.250461657641394941e-01 4.272606292617523449e-01 7.214384437877741085e-01 4.548480271089268556e-01 3.885778816893046272e-01 3.344419878860942497e-01 3.403068217038978105e-01 3.492799426088924464e-01 6.706736900460121831e-01 8.426056333249950514e-01 3.953336533809753695e-01 6.155644147675445321e-01 5.706114144488572126e-01 6.110274912725226493e-01 7.112409791102427548e-01 7.131850782572288772e-01 3.135350429604721323e-01 2.000227780606367300e-01 8.854243647122370664e-01 7.104101155964213099e-01 4.941270519727626875e-01 9.020069980513771846e-01 1.935076353006176531e-01 5.708683901157602936e-01 4.113707243911979283e-01 4.198255832384464314e-01 7.264808369900022100e-01 8.787877116521654042e-01
5.523111748548238387e-01 8.447878154962042974e-01 2.689939695352756566e-01 5.454368800094413494e-01 5.339528368194311758e-01 0.000000000000000000e+00 8.850626040653278848e-01 8.459089877839529592e-01 4.267260691755964119e-01 4.939541580486630501e-01 7.260157467168959489e-01 3.229815984208848079e-01 7.876854933031567363e-01 5.461859981813678155e-01 5.156166956198937612e-01 5.711979791404078188e-01 1.400223053842781784e-01 8.583708367893641000e-01 3.947441944115581691e-01 1.876706428780177127e-01 2.767689069876174690e-01 4.692116983304507882e-01 6.292752743822878081e-01 1.361537375026469210e-01 8.809495297385945278e-01 3.843423791426073266e-01 5.478751043913578922e-01 7.349729925548260656e-01 3.244236256249432016e-01 5.150913844238558248e-01 3.651579260866315568e-01 1.969880118497081001e-01 1.108359804541860782e-01 5.158615934307682060e-01 5.732778452661748680e-01
8.886236831597098540e-01 5.543015635639254590e-01 8.342225771882660901e-01 2.020411658398890142e-01 9.806802258414801798e-01 8.850626040653278848e-01 0.000000000000000000e+00 8.357691321476757862e-01 7.269072287635269802e-01 9.870933777720881652e-01 4.147662984362974203e-01 4.461473094190956390e-01 5.225930974036423482e-01 6.514639534944310917e-01 5.369466017330387642e-01 3.292918398470872088e-01 2.841257783326489594e-01 9.000959077864810753e-01 4.884001559707925599e-01 6.146460416681043260e-01 4.431571902976875754e-01 6.175589293456598128e-01 7.739017214257674082e-01 6.299899972842799567e-01 9.867807335547151837e-03 4.370680801572841556e-01 6.452886833840656422e-01 6.263410926495402986e-01 8.978906701333071450e-01 1.871526161943184441e-01 3.998454965634148928e-01 4.251777264864150530e-01 1.211123304323293848e-01 7.379331297174591686e-01 4.890519417409181502e-01
4.030244549022277134e-01 5.379057350883180710e-01 2.562795155133223979e-01 7.184572076981724509e-01 7.250461657641394941e-01 8.459089877839529592e-01 8.357691321476757862e-01 0.000000000000000000e+00 7.995043386430924492e-01 8.122060551325764877e-01 5.502945388631599322e-01 3.011179486759496537e-02 4.252948311693326988e-01 4.978664670229535072e-01 5.793931722355430969e-01 4.749255446729402363e-01 5.337257951636178444e-01 2.058358089549119363e-01 3.595697304698753927e-01 2.509643973611189738e-01 6.535765605037181514e-01 9.119025667139875058e-01 7.890217605193896588e-01 2.022838786231875297e-01 8.402633677977109361e-01 6.809758105339072110e-01 5.090155799660438518e-01 7.314307463777072194e-01 3.183512464872326753e-01 4.430784395644731810e-01 7.472225418656066598e-01 5.850476541909315209e-01 5.162332745912255882e-01 6.672730219599548596e-01 5.931275908695050614e-01
3.176586986189608997e-01 6.687930143674691852e-01 3.599907570040646321e-01 5.239544931913913128e-01 4.272606292617523449e-01 4.267260691755964119e-01 7.269072287635269802e-01 7.995043386430924492e-01 0.000000000000000000e+00 8.207669451342987088e-01 7.517724516429393766e-01 3.114760567327509166e-01 4.715287611842904347e-01 7.215896185182570921e-01 8.913289996444373475e-02 3.617214643855825029e-01 2.019831399683157391e-01 5.100546858732534217e-01 4.962588586101575605e-01 1.835425832409484093e-01 4.673063999434394766e-01 4.434744955760767660e-01 8.998234377577334353e-01 6.257789150775845410e-01 5.912809506451230934e-01 4.974227191679883586e-01 8.901280182898808624e-01 4.763332151824617999e-01 1.082273877769052151e-01 8.586232827506111720e-01 6.603222104966280925e-01 3.704514353130239357e-01 2.427191154724936961e-01 4.190953122646227658e-01 3.102900711435007119e-01
5.596546977403491496e-01 2.427441911187884216e-01 5.098394751981281114e-01 4.901267726204041053e-01 7.214384437877741085e-01 4.939541580486630501e-01 9.870933777720881652e-01 8.122060551325764877e-01 8.207669451342987088e-01 0.000000000000000000e+00 4.944456677435292713e-01 5.276990907072542925e-01 6.210793467495806519e-01 4.400053277804288343e-01 6.069391014350012936e-01 2.979333178040741714e-01 3.899344805448398121e-01 4.780516551224598398e-01 3.137240578489345344e-01 3.347077500560557417e-01 5.510775805010755812e-01 2.864652763536995050e-01 5.367992792151932147e-01 5.683769773947449089e-01 5.921727200691813131e-01 5.931959580640970842e-01 5.628624520259608577e-01 4.150619074483283821e-01 5.182591261224074319e-01 2.793198910876289465e-01 5.487968997652699077e-01 4.805498564043874099e-01 2.043611850239365202e-01 8.036342423676043900e-01 9.583992611986458243e-01
6.270302756557845081e-01 5.141225348822071606e-01 5.092590003115123887e-01 3.082408744473821294e-01 4.548480271089268556e-01 7.260157467168959489e-01 4.147662984362974203e-01 5.502945388631599322e-01 7.517724516429393766e-01 4.944456677435292713e-01 0.000000000000000000e+00 1.796706834471247793e-01 1.042629174539068115e-01 4.814461667053189231e-01 1.690684308762736565e-01 6.542201189918674942e-01 7.818747430396006948e-01 5.391195258434741122e-01 2.205904409325346038e-01 3.367196461247357053e-01 9.307862364284811285e-01 7.751551526919951973e-01 5.015740211606534160e-01 3.536865359400221953e-01 6.682187769868368488e-01 3.426077319968245938e-01 7.208484687848000227e-01 4.275295085956924979e-01 2.064825904010280100e-01 7.316528385225864461e-01 7.769499792966009233e-01 1.904986664016927733e-01 8.218810467103760953e-01 4.469208364292401869e-01 3.750123532595329712e-01
6.591469347687295421e-01 2.957606890598810656e-01 4.458093280756736387e-01 6.342068307668372595e-01 3.885778816893046272e-01 3.229815984208848079e-01 4.461473094190956390e-01 3.011179486759496537e-02 3.114760567327509166e-01 5.276990907072542925e-01 1.796706834471247793e-01 0.000000000000000000e+00 4.047391189154395663e-01 6.601014460564151864e-01 4.966218492000973317e-01 7.736282127873872483e-01 3.074806924481192638e-01 1.230009286996774920e-01 5.130243315717922803e-01 5.878713515004394541e-01 6.592899001128323944e-01 4.372540952951517457e-01 7.579119700178243990e-01 5.998293705568652490e-01 6.783325629740351026e-01 4.813764897473142290e-01 2.523006355435907233e-01 2.705533584056050156e-01 7.699694313503040455e-01 5.613881059032796994e-01 8.991113608666027046e-01 8.033461529613838970e-01 5.404163924426815813e-01 3.828133858377541499e-01 3.560589572458548457e-01
6.995327683081969949e-01 4.477822588916895441e-01 2.077680222830107781e-01 8.338310407450364448e-01 3.344419878860942497e-01 7.876854933031567363e-01 5.225930974036423482e-01 4.252948311693326988e-01 4.715287611842904347e-01 6.210793467495806519e-01 1.042629174539068115e-01 4.047391189154395663e-01 0.000000000000000000e+00 7.602274076840858097e-01 4.916477285210221204e-01 5.686380411897153930e-01 6.875397912594067851e-01 4.121497595666722691e-01 9.092247833245250543e-01 5.679466873982351727e-01 5.020176867155706768e-01 5.174480186758450007e-01 3.372885338487757179e-01 6.101169071824542600e-01 4.442904578876250565e-01 6.018706097868142813e-01 4.991264033652029197e-01 7.342125896256399553e-01 2.631223912032887302e-01 9.804890194136748338e-01 5.597088345949681187e-01 5.217185248809902420e-01 3.412485962277014284e-01 7.069688117535583016e-01 6.502792021514411935e-01
3.958490496466066100e-01 2.308539216897863289e-01 7.260083017280644091e-01 8.119002421793075630e-01 3.403068217038978105e-01 5.461859981813678155e-01 6.514639534944310917e-01 4.978664670229535072e-01 7.215896185182570921e-01 4.400053277804288343e-01 4.814461667053189231e-01 6.601014460564151864e-01 7.602274076840858097e-01 0.000000000000000000e+00 3.970391606328935730e-01 2.917336089552247658e-01 1.052362029824974732e-01 2.950041516268140374e-01 3.264702679466249258e-01 4.439647138804818649e-01 4.723236142794098313e-01 1.975632612490663131e-01 6.620195558320838281e-01 4.636359106397934804e-01 4.589261748331435187e-01 7.427356220301799539e-01 5.215177296524948769e-01 6.487262306185588301e-01 5.103881245883317153e-01 5.831699061867269274e-01 3.978618160126765613e-01 3.520684023621990510e-01 6.759134430301070307e-01 5.309505846398324680e-01 6.354180990721475242e-01
6.213411241221169501e-01 6.843623151177640196e-01 3.370005135035272215e-01 2.573594049715223209e-01 3.492799426088924464e-01 5.156166956198937612e-01 5.369466017330387642e-01 5.793931722355430969e-01 8.913289996444373475e-02 6.069391014350012936e-01 1.690684308762736565e-01 4.966218492000973317e-01 4.916477285210221204e-01 3.970391606328935730e-01 0.000000000000000000e+00 3.842072549525381575e-01 7.094758584253488820e-01 7.851437689393225838e-02 5.464695353340456307e-01 8.922491397270497782e-01 1.336892421824196209e-01 5.271913693265000145e-01 7.941935806667467235e-01 9.467506861881826996e-01 1.659293160609497386e-01 7.076352502371826558e-01 3.005591870114420194e-01 4.243418789842395289e-01 8.721105538087325915e-01 6.315958049945897823e-01 4.247241933650364731e-01 7.894239697080966955e-01 1.910643868009481161e-01 7.766737311124223275e-01 6.910336519284595580e-01
4.919844001517769128e-01 4.060953907845833988e-01 2.964531207518673606e-01 7.671971953107117326e-01 6.706736900460121831e-01 5.711979791404078188e-01 3.292918398470872088e-01 4.749255446729402363e-01 3.617214643855825029e-01 2.979333178040741714e-01 6.542201189918674942e-01 7.736282127873872483e-01 5.686380411897153930e-01 2.917336089552247658e-01 3.842072549525381575e-01 0.000000000000000000e+00 2.635699468972998449e-01 6.149453858506086501e-01 2.321879677704261069e-01 8.688753329911378387e-01 7.090505945622374018e-01 8.137896581566146370e-01 7.481809663343215178e-01 1.147452039219221120e-01 6.079303557343633813e-01 7.750048525479424910e-02 4.291568034265109688e-01 2.983821329446705306e-01 4.963457556973011053e-01 3.647822406010364782e-01 1.967548804187920219e-01 8.389757913708144610e-01 2.526730580607723375e-01 5.911141270457263008e-01 7.544476614797164249e-01
3.545344618709349582e-01 3.261432392209293041e-01 6.157036218919613724e-01 4.675298238620885227e-01 8.426056333249950514e-01 1.400223053842781784e-01 2.841257783326489594e-01 5.337257951636178444e-01 2.019831399683157391e-01 3.899344805448398121e-01 7.818747430396006948e-01 3.074806924481192638e-01 6.875397912594067851e-01 1.052362029824974732e-01 7.094758584253488820e-01 2.635699468972998449e-01 0.000000000000000000e+00 8.252653168430533759e-01 7.229172238431420539e-01 5.749796890524800919e-01 3.022590110632943361e-01 7.852676922009607097e-01 5.345797235817131288e-01 5.059821876039681809e-01 5.365495739434006373e-01 6.276268395568205261e-01 6.315707573368243288e-01 6.239265583331049525e-01 4.989858688441477508e-01 2.949319089553936180e-01 5.265920746386435480e-01 4.973979898113380371e-01 4.829684542688690851e-01 4.114931879561792849e-01 1.769997925126953198e-01
2.965115605739031546e-01 1.931452081416752953e-01 3.026423732381121612e-01 8.142477128848427670e-01 3.953336533809753695e-01 8.583708367893641000e-01 9.000959077864810753e-01 2.058358089549119363e-01 5.100546858732534217e-01 4.780516551224598398e-01 5.391195258434741122e-01 1.230009286996774920e-01 4.121497595666722691e-01 2.950041516268140374e-01 7.851437689393225838e-02 6.149453858506086501e-01 8.252653168430533759e-01 0.000000000000000000e+00 3.594334962030483194e-01 4.147176945084281030e-01 6.224854944518434241e-01 2.953238263690020071e-01 4.876136541930994328e-01 2.698688346529492521e-01 7.732718502252946546e-01 6.055673921648561109e-01 4.518265512635614711e-01 4.286948036758661540e-01 4.606975928370957707e-01 4.277963203518768687e-01 5.570110124401179696e-01 5.545280828838099474e-01 2.387456696379735843e-01 5.099011071492002278e-01 7.605773775281938764e-01
3.577355295338534580e-01 7.899898302764246649e-01 2.248499321192883871e-01 8.104654759155833776e-01 6.155644147675445321e-01 3.947441944115581691e-01 4.884001559707925599e-01 3.595697304698753927e-01 4.962588586101575605e-01 3.137240578489345344e-01 2.205904409325346038e-01 5.130243315717922803e-01 9.092247833245250543e-01 3.264702679466249258e-01 5.464695353340456307e-01 2.321879677704261069e-01 7.229172238431420539e-01 3.594334962030483194e-01 0.000000000000000000e+00 6.649477135586664422e-01 4.360401601402655869e-01 7.515202746556134406e-01 5.310627549451116813e-01 6.155199596465327216e-01 1.890107740804519709e-01 4.577128986325288973e-01 1.711910401627760314e-01 7.306041064751513936e-01 2.621832883324266561e-01 9.599516829116294669e-02 2.733771846516452886e-01 5.877531652364518244e-01 7.896436371831095924e-01 3.700810806935982966e-01 1.498033549606668235e-01
3.890543660430930695e-01 3.262148380741737297e-01 4.977499679824508583e-01 2.852712332482519875e-01 5.706114144488572126e-01 1.876706428780177127e-01 6.146460416681043260e-01 2.509643973611189738e-01 1.835425832409484093e-01 3.347077500560557417e-01 3.367196461247357053e-01 5.878713515004394541e-01 5.679466873982351727e-01 4.439647138804818649e-01 8.922491397270497782e-01 8.688753329911378387e-01 5.749796890524800919e-01 4.147176945084281030e-01 6.649477135586664422e-01 0.000000000000000000e+00 6.192975047762327989e-01 3.519486949740862070e-01 3.244336658755414549e-01 1.230447349558465575e-01 6.330009544887580386e-01 3.663881364349761416e-01 5.311659982684904246e-01 8.152205111629374779e-01 3.357990110293710972e-01 5.362087653256812914e-01 5.565720058931720171e-01 5.000253790132772602e-01 7.693710985550230586e-01 2.433711859093155017e-01 3.764987697245483211e-01
5.675214775135533074e-01 6.013525542890387765e-01 6.034615360865578371e-01 5.816049085980296018e-01 6.110274912725226493e-01 2.767689069876174690e-01 4.431571902976875754e-01 6.535765605037181514e-01 4.673063999434394766e-01 5.510775805010755812e-01 9.307862364284811285e-01 6.592899001128323944e-01 5.020176867155706768e-01 4.723236142794098313e-01 1.336892421824196209e-01 7.090505945622374018e-01 3.022590110632943361e-01 6.224854944518434241e-01 4.360401601402655869e-01 6.192975047762327989e-01 0.000000000000000000e+00 5.395261937335902314e-01 5.184984975047576272e-01 8.057876340555525374e-02 4.804157575679137149e-01 6.961516915338645806e-01 1.295294401122337735e-01 8.178773089072359781e-01 4.120117360716090138e-01 5.709814946532454361e-01 4.139491352653299483e-01 3.482238296326729543e-01 4.132593947510516119e-01 4.308735290116152972e-01 4.947819697355330670e-01
5.501729372784311956e-01 8.407047567959734513e-01 2.184709237320242581e-01 9.104957947625031967e-01 7.112409791102427548e-01 4.692116983304507882e-01 6.175589293456598128e-01 9.119025667139875058e-01 4.434744955760767660e-01 2.864652763536995050e-01 7.751551526919951973e-01 4.372540952951517457e-01 5.174480186758450007e-01 1.975632612490663131e-01 5.271913693265000145e-01 8.137896581566146370e-01 7.852676922009607097e-01 2.953238263690020071e-01 7.515202746556134406e-01 3.519486949740862070e-01 5.395261937335902314e-01 0.000000000000000000e+00 7.371927351168489073e-01 5.080455367625094087e-01 4.865818892317150812e-01 6.420935122186899324e-01 5.450369391160942989e-01 4.842626277864222617e-01 1.880627213842724910e-01 7.333368392231087718e-01 3.885800836486738574e-01 1.871051814757958009e-01 3.496859325169321409e-01 2.031158706144803316e-01 3.790919184100268735e-01
2.591379935158534265e-01 2.745759174261619417e-02 1.587960205429627125e-01 4.383277998045428392e-01 7.131850782572288772e-01 6.292752743822878081e-01 7.739017214257674082e-01 7.890217605193896588e-01 8.998234377577334353e-01 5.367992792151932147e-01 5.015740211606534160e-01 7.579119700178243990e-01 3.372885338487757179e-01 6.620195558320838281e-01 7.941935806667467235e-01 7.481809663343215178e-01 5.345797235817131288e-01 4.876136541930994328e-01 5.310627549451116813e-01 3.244336658755414549e-01 5.184984975047576272e-01 7.371927351168489073e-01 0.000000000000000000e+00 3.629764902636163915e-01 8.715210713201644310e-01 6.511691295387611600e-01 1.779925705107400224e-01 3.058879588363115909e-01 5.965993293026723432e-01 8.152116143728809217e-01 2.377170325744353274e-01 6.712164042083033078e-01 6.362834187423920262e-01 8.242032393766274279e-01 7.834071877031545394e-02
7.934348596173693702e-01 1.276720342948990394e-01 5.278134532470482032e-01 5.887655399101439091e-01 3.135350429604721323e-01 1.361537375026469210e-01 6.299899972842799567e-01 2.022838786231875297e-01 6.257789150775845410e-01 5.683769773947449089e-01 3.536865359400221953e-01 5.998293705568652490e-01 6.101169071824542600e-01 4.636359106397934804e-01 9.467506861881826996e-01 1.147452039219221120e-01 5.059821876039681809e-01 2.698688346529492521e-01 6.155199596465327216e-01 1.230447349558465575e-01 8.057876340555525374e-02 5.080455367625094087e-01 3.629764902636163915e-01 0.000000000000000000e+00 6.859486599673478846e-01 6.152608654647720998e-01 5.109197740911837204e-01 4.727747951544608029e-01 3.823873829907327160e-01 4.361778522561104987e-01 6.392011982970161599e-01 2.229948566174471125e-01 9.337986446357979808e-01 3.633215055548558170e-01 7.226259446520661989e-01
4.391417249854813187e-01 7.256244607736856977e-01 5.573898172017246466e-01 3.657551841668200687e-01 2.000227780606367300e-01 8.809495297385945278e-01 9.867807335547151837e-03 8.402633677977109361e-01 5.912809506451230934e-01 5.921727200691813131e-01 6.682187769868368488e-01 6.783325629740351026e-01 4.442904578876250565e-01 4.589261748331435187e-01 1.659293160609497386e-01 6.079303557343633813e-01 5.365495739434006373e-01 7.732718502252946546e-01 1.890107740804519709e-01 6.330009544887580386e-01 4.804157575679137149e-01 4.865818892317150812e-01 8.715210713201644310e-01 6.859486599673478846e-01 0.000000000000000000e+00 4.730615585985828986e-01 9.392308789112127076e-01 1.945122907709866400e-01 4.422955728513953133e-01 4.230453576823317574e-01 6.852909171068937155e-01 5.472615534095379708e-01 4.676499437488585986e-01 8.317327260704968639e-01 1.838256398396339586e-01
4.149486661612189486e-01 3.750092177187540066e-01 4.724264520544141366e-01 1.495452835017804238e-01 8.854243647122370664e-01 3.843423791426073266e-01 4.370680801572841556e-01 6.809758105339072110e-01 4.974227191679883586e-01 5.931959580640970842e-01 3.426077319968245938e-01 4.813764897473142290e-01 6.018706097868142813e-01 7.427356220301799539e-01 7.076352502371826558e-01 7.750048525479424910e-02 6.276268395568205261e-01 6.055673921648561109e-01 4.577128986325288973e-01 3.663881364349761416e-01 6.961516915338645806e-01 6.420935122186899324e-01 6.511691295387611600e-01 6.152608654647720998e-01 4.730615585985828986e-01 0.000000000000000000e+00 2.559168444319416258e-01 5.379746056066028181e-01 7.789945418514483411e-01 7.975878860901504108e-01 3.645072279688262862e-01 6.052135992777112339e-01 5.475417498085716206e-01 2.991397270528970420e-01 5.351751898520462625e-02
3.292370971489240183e-01 5.160787788141013577e-01 2.295724418446174198e-01 5.174573494560399389e-01 7.104101155964213099e-01 5.478751043913578922e-01 6.452886833840656422e-01 5.090155799660438518e-01 8.901280182898808624e-01 5.628624520259608577e-01 7.208484687848000227e-01 2.523006355435907233e-01 4.991264033652029197e-01 5.215177296524948769e-01 3.005591870114420194e-01 4.291568034265109688e-01 6.315707573368243288e-01 4.518265512635614711e-01 1.711910401627760314e-01 5.311659982684904246e-01 1.295294401122337735e-01 5.450369391160942989e-01 1.779925705107400224e-01 5.109197740911837204e-01 9.392308789112127076e-01 2.559168444319416258e-01 0.000000000000000000e+00 4.357707494016017646e-01 3.642117764154108039e-01 3.376696064703016975e-01 2.504235511246546420e-01 4.177638731854542709e-01 4.834789653197008041e-01 3.153371658457614357e-01 4.207146766538478744e-01
3.346290191786568391e-01 2.668079397309667256e-01 5.162288298375864448e-01 3.024810215249482681e-01 4.941270519727626875e-01 7.349729925548260656e-01 6.263410926495402986e-01 7.314307463777072194e-01 4.763332151824617999e-01 4.150619074483283821e-01 4.275295085956924979e-01 2.705533584056050156e-01 7.342125896256399553e-01 6.487262306185588301e-01 4.243418789842395289e-01 2.983821329446705306e-01 6.239265583331049525e-01 4.286948036758661540e-01 7.306041064751513936e-01 8.152205111629374779e-01 8.178773089072359781e-01 4.842626277864222617e-01 3.058879588363115909e-01 4.727747951544608029e-01 1.945122907709866400e-01 5.379746056066028181e-01 4.357707494016017646e-01 0.000000000000000000e+00 6.995836884765669339e-01 5.449183235340204767e-01 4.594280706887096111e-01 9.433117860151721823e-01 4.974119756944611614e-01 1.766684383375523026e-01 5.050742215980907890e-01
4.551584455372162941e-01 7.652737027780649459e-01 2.938969160902233924e-01 7.450598450050469612e-01 9.020069980513771846e-01 3.244236256249432016e-01 8.978906701333071450e-01 3.183512464872326753e-01 1.082273877769052151e-01 5.182591261224074319e-01 2.064825904010280100e-01 7.699694313503040455e-01 2.631223912032887302e-01 5.103881245883317153e-01 8.721105538087325915e-01 4.963457556973011053e-01 4.989858688441477508e-01 4.606975928370957707e-01 2.621832883324266561e-01 3.357990110293710972e-01 4.120117360716090138e-01 1.880627213842724910e-01 5.965993293026723432e-01 3.823873829907327160e-01 4.422955728513953133e-01 7.789945418514483411e-01 3.642117764154108039e-01 6.995836884765669339e-01 0.000000000000000000e+00 5.663079420296575073e-01 3.253697859603438269e-01 6.601445098692231284e-01 4.532608175835970976e-01 5.101493937299140802e-01 1.429306615562099259e-01
7.775379396097852336e-01 1.243790342150931094e-01 5.172185868194996150e-01 8.286115424091178294e-02 1.935076353006176531e-01 5.150913844238558248e-01 1.871526161943184441e-01 4.430784395644731810e-01 8.586232827506111720e-01 2.793198910876289465e-01 7.316528385225864461e-01 5.613881059032796994e-01 9.804890194136748338e-01 5.831699061867269274e-01 6.315958049945897823e-01 3.647822406010364782e-01 2.949319089553936180e-01 4.277963203518768687e-01 9.599516829116294669e-02 5.362087653256812914e-01 5.709814946532454361e-01 7.333368392231087718e-01 8.152116143728809217e-01 4.361778522561104987e-01 4.230453576823317574e-01 7.975878860901504108e-01 3.376696064703016975e-01 5.449183235340204767e-01 5.663079420296575073e-01 0.000000000000000000e+00 2.516376936996745362e-01 2.084953501381305863e-01 4.112530067856648985e-01 5.822769606908546614e-01 6.696613577807439821e-01
4.613407774330660072e-01 7.433213320396803159e-01 7.431600225889132272e-01 6.572092987583770807e-01 5.708683901157602936e-01 3.651579260866315568e-01 3.998454965634148928e-01 7.472225418656066598e-01 6.603222104966280925e-01 5.487968997652699077e-01 7.769499792966009233e-01 8.991113608666027046e-01 5.597088345949681187e-01 3.978618160126765613e-01 4.247241933650364731e-01 1.967548804187920219e-01 5.265920746386435480e-01 5.570110124401179696e-01 2.733771846516452886e-01 5.565720058931720171e-01 4.139491352653299483e-01 3.885800836486738574e-01 2.377170325744353274e-01 6.392011982970161599e-01 6.852909171068937155e-01 3.645072279688262862e-01 2.504235511246546420e-01 4.594280706887096111e-01 3.253697859603438269e-01 2.516376936996745362e-01 0.000000000000000000e+00 5.201981742171679635e-01 5.560143885015721432e-01 8.202346775383851929e-01 5.476595239404442594e-01
6.437744536270622042e-01 7.072136384320106828e-01 4.696633259282983475e-01 1.171787155929132629e-01 4.113707243911979283e-01 1.969880118497081001e-01 4.251777264864150530e-01 5.850476541909315209e-01 3.704514353130239357e-01 4.805498564043874099e-01 1.904986664016927733e-01 8.033461529613838970e-01 5.217185248809902420e-01 3.520684023621990510e-01 7.894239697080966955e-01 8.389757913708144610e-01 4.973979898113380371e-01 5.545280828838099474e-01 5.877531652364518244e-01 5.000253790132772602e-01 3.482238296326729543e-01 1.871051814757958009e-01 6.712164042083033078e-01 2.229948566174471125e-01 5.472615534095379708e-01 6.052135992777112339e-01 4.177638731854542709e-01 9.433117860151721823e-01 6.601445098692231284e-01 2.084953501381305863e-01 5.201981742171679635e-01 0.000000000000000000e+00 4.709253514309068578e-01 4.914251592075111752e-01 8.531178947519757472e-01
5.950270317515438112e-01 5.514763381726435210e-01 4.920192402320156533e-01 5.323849387989085802e-01 4.198255832384464314e-01 1.108359804541860782e-01 1.211123304323293848e-01 5.162332745912255882e-01 2.427191154724936961e-01 2.043611850239365202e-01 8.218810467103760953e-01 5.404163924426815813e-01 3.412485962277014284e-01 6.759134430301070307e-01 1.910643868009481161e-01 2.526730580607723375e-01 4.829684542688690851e-01 2.387456696379735843e-01 7.896436371831095924e-01 7.693710985550230586e-01 4.132593947510516119e-01 3.496859325169321409e-01 6.362834187423920262e-01 9.337986446357979808e-01 4.676499437488585986e-01 5.475417498085716206e-01 4.834789653197008041e-01 4.974119756944611614e-01 4.532608175835970976e-01 4.112530067856648985e-01 5.560143885015721432e-01 4.709253514309068578e-01 0.000000000000000000e+00 4.736578350178601293e-01 3.617564479798803245e-01
4.791527653332561809e-01 4.132433929608232415e-01 2.351565164309992184e-01 6.526218791237403671e-01 7.264808369900022100e-01 5.158615934307682060e-01 7.379331297174591686e-01 6.672730219599548596e-01 4.190953122646227658e-01 8.036342423676043900e-01 4.469208364292401869e-01 3.828133858377541499e-01 7.069688117535583016e-01 5.309505846398324680e-01 7.766737311124223275e-01 5.911141270457263008e-01 4.114931879561792849e-01 5.099011071492002278e-01 3.700810806935982966e-01 2.433711859093155017e-01 4.308735290116152972e-01 2.031158706144803316e-01 8.242032393766274279e-01 3.633215055548558170e-01 8.317327260704968639e-01 2.991397270528970420e-01 3.153371658457614357e-01 1.766684383375523026e-01 5.101493937299140802e-01 5.822769606908546614e-01 8.202346775383851929e-01 4.914251592075111752e-01 4.736578350178601293e-01 0.000000000000000000e+00 5.821574252809074146e-01
4.324232301258341682e-01 3.631424419621069877e-01 1.541451909724682601e-01 9.088325804113206452e-02 8.787877116521654042e-01 5.732778452661748680e-01 4.890519417409181502e-01 5.931275908695050614e-01 3.102900711435007119e-01 9.583992611986458243e-01 3.750123532595329712e-01 3.560589572458548457e-01 6.502792021514411935e-01 6.354180990721475242e-01 6.910336519284595580e-01 7.544476614797164249e-01 1.769997925126953198e-01 7.605773775281938764e-01 1.498033549606668235e-01 3.764987697245483211e-01 4.947819697355330670e-01 3.790919184100268735e-01 7.834071877031545394e-02 7.226259446520661989e-01 1.838256398396339586e-01 5.351751898520462625e-02 4.207146766538478744e-01 5.050742215980907890e-01 1.429306615562099259e-01 6.696613577807439821e-01 5.476595239404442594e-01 8.531178947519757472e-01 3.617564479798803245e-01 5.821574252809074146e-01 0.000000000000000000e+00
