0.000000000000000000e+00 1.767690152565334349e-01 8.242528497456054204e-01 3.352752806689950349e-01 6.184383721496737873e-01 5.675933086021049956e-01 8.500163505062103830e-01 8.988088245167056289e-01 4.222236243299196667e-01 6.886061504966098923e-01 7.928294053466379276e-01 7.045911421590675960e-01 3.578435499475927095e-01 6.699226893187499865e-01 5.194673791261886775e-01 1.325658040762704992e-01 4.248371055118764783e-01 4.957373350281802371e-01 8.016870211972725313e-01 3.300097646034272358e-01 2.941473165545545054e-01 8.965049659891347611e-01 4.604422875512845237e-01 5.239307759911857598e-01 5.694713181976378547e-01 5.589497175980091548e-01 7.010336492460551572e-01 5.950624535988813246e-01 6.665048195078320248e-01 8.777290124134871085e-01 5.201752037669175044e-01 6.123757537407573670e-01 9.141020381131257366e-01 7.638838519226225365e-01 1.558553146356321806e-01
1.767690152565334349e-01 0.000000000000000000e+00 5.489685719075693138e-01 5.216998491963051876e-01 5.509364951241442210e-01 5.125838629544858804e-01 3.466026143688998307e-01 5.320493024824750616e-01 5.364765824981169162e-01 7.955969605921588972e-01 5.199362642090719078e-01 7.782976424607397359e-01 1.665388901263623600e-01 6.489493429815946790e-01 8.826719755796857969e-01 7.587441688636769044e-01 3.620516907904077764e-01 4.975751116277501995e-01 5.324910617201603635e-01 6.409200074423366811e-01 1.044448123977625986e-01 4.387045851614553849e-01 6.376290224888140346e-01 5.119229847905926167e-01 1.700874864969074696e-01 5.625729256101946740e-01 7.339156651073377446e-01 2.038430483312607677e-01 1.677236736355683933e-01 8.604193467668752593e-01 3.165764796666852288e-01 4.219621785173058304e-01 3.384673789621550632e-02 7.061794608061839895e-01 6.067157263292290992e-01
8.242528497456054204e-01 5.489685719075693138e-01 0.000000000000000000e+00 4.303197862320330414e-01 8.666635534617344039e-01 5.407277628455513518e-01 1.450476196540653184e-01 4.322473000870128423e-01 9.205253645596614964e-01 4.577827504618192656e-01 7.071389940095079707e-01 5.483470133090186938e-01 5.358265970136191214e-01 7.236789785477322212e-01 7.033224593835940563e-01 4.326853631274409917e-01 6.257297779986084052e-01 6.520711670529286685e-01 7.449579657201406135e-01 6.270108445743679537e-01 1.582593545312532823e-01 7.123416065852563595e-01 4.920604214273005539e-01 2.460320755426788075e-01 8.920556819096585599e-01 2.023206720778124579e-01 7.680645850600755775e-01 4.746447644813667210e-01 7.381756306251913147e-01 4.840889682205473665e-01 6.995926551125155601e-01 8.237493820878196704e-01 3.490390666780979201e-01 7.505122873583712773e-01 1.927704984519900133e-01
3.352752806689950349e-01 5.216998491963051876e-01 4.303197862320330414e-01 0.000000000000000000e+00 7.744305519080822986e-01 9.402561757835310452e-01 7.422993428978246211e-01 1.036891534534065684e-01 5.332671412273386480e-01 2.843169930061968387e-01 7.872809949633815529e-01 7.460406265184802432e-01 4.279070812197509621e-01 7.523896375714203000e-01 5.956646861714764984e-01 4.408234100729194194e-01 7.591971360902975974e-01 7.276124768342782101e-01 4.528608682928574880e-01 5.585002245845028801e-01 5.362053077794677325e-01 6.193886818847453846e-01 6.117140453286482593e-01 1.536522095279546640e-01 8.486187984703008613e-02 5.156663759101909328e-01 5.909088483887363630e-01 2.236553114780502893e-01 4.746144974454074017e-01 6.715057597591933547e-01 3.269381631380805509e-01 6.265504684226743670e-01 1.423596050558849635e-01 4.100360979447083554e-01 4.970446837271869089e-02
6.184383721496737873e-01 5.509364951241442210e-01 8.666635534617344039e-01 7.744305519080822986e-01 0.000000000000000000e+00 3.172343132718745129e-01 7.148709668146930873e-01 4.930952949809727648e-01 9.609979830506505394e-01 5.534381896683961966e-01 4.289600718408730362e-01 6.169735832275184961e-01 6.105294913535787016e-01 6.926178320417748502e-01 4.328705570234167577e-01 3.898218879183685259e-01 3.882202704975423746e-01 8.061561348692356521e-01 4.742531722905737879e-01 5.237508440774005791e-01 6.911265263997824482e-01 6.468501484122790579e-01 6.689927490578591041e-01 4.681649500784809126e-01 5.379449763716910304e-01 4.925410413086417361e-01 9.673346225691366040e-01 6.641018304689372265e-02 6.732712467648773735e-01 5.185569709092311408e-01 8.531305033394949167e-01 8.013066935601945717e-01 6.921071903134070613e-01 8.303453555077648929e-01 4.868725440962959894e-01
5.675933086021049956e-01 5.125838629544858804e-01 5.407277628455513518e-01 9.402561757835310452e-01 3.172343132718745129e-01 0.000000000000000000e+00 5.668480103978645879e-01 5.718274383846012610e-01 1.973456908683748345e-01 3.635471404166195075e-01 4.646017163171445863e-01 2.800456173198946352e-01 6.283191159208634247e-01 9.543374357749757619e-01 5.200593598192597700e-01 7.783387004369959339e-01 9.776374757955521577e-01 3.966715891404611893e-01 4.789715483388801709e-01 1.388266637902649814e-01 4.307328879131241406e-01 7.846486496642013364e-01 7.692559286650368922e-01 8.150561556862818691e-01 1.929908078918177727e-01 1.942047470730543512e-01 1.769975913718885296e-01 3.723554824328045854e-01 8.472026484576500316e-02 1.922436488641567909e-01 9.147816659175680432e-01 2.563703690666687685e-01 4.524595577993332784e-01 4.157142730661003704e-01 2.014027167202261381e-01
8.500163505062103830e-01 3.466026143688998307e-01 1.450476196540653184e-01 7.422993428978246211e-01 7.148709668146930873e-01 5.668480103978645879e-01 0.000000000000000000e+00 8.034700380519212981e-01 7.415883928598008268e-01 9.055083417971948601e-01 5.704589446076187009e-01 8.986907667178938297e-01 8.477703537802265821e-01 2.805022038619482405e-01 4.159557699946259124e-01 5.466844691645054155e-01 8.020515827860517089e-01 7.102924292747410107e-01 5.031961325921195938e-01 6.678161507434552391e-01 7.519739627547026295e-01 3.261397770060177059e-01 6.258626849244284251e-01 4.673260784946285940e-01 7.723780860888174171e-01 5.819787043440738383e-01 3.796523796294047348e-01 4.825971635339626475e-01 2.930177891904490739e-01 2.818339935847983257e-01 3.643371152620783482e-01 8.279617033409570892e-01 8.864080912634283438e-01 5.308672954678372857e-01 9.137563114859359459e-01
8.988088245167056289e-01 5.320493024824750616e-01 4.322473000870128423e-01 1.036891534534065684e-01 4.930952949809727648e-01 5.718274383846012610e-01 8.034700380519212981e-01 0.000000000000000000e+00 6.420309762267903952e-01 8.974924602053007128e-01 4.674493418272550604e-01 8.739902287819250049e-01 5.214801156958034367e-01 3.830619055337751711e-01 7.750192840767167191e-01 5.700875553050260836e-01 8.150284511988994396e-01 5.182088784283362948e-01 2.917576051317991581e-01 3.609088818604616056e-01 4.415937629438049239e-02 7.867865296800424790e-01 4.847079847283367604e-01 8.361066067514367761e-01 4.992010129336563184e-01 5.890038390686287428e-01 3.624863199470161890e-01 2.192078501462075835e-01 5.834472155410801442e-01 4.464333920758422614e-01 5.541725902222539579e-01 5.129715662162447343e-01 3.752997542870030734e-01 2.526477477305491548e-01 8.725914500585119082e-01
4.222236243299196667e-01 5.364765824981169162e-01 9.205253645596614964e-01 5.332671412273386480e-01 9.609979830506505394e-01 1.973456908683748345e-01 7.415883928598008268e-01 6.420309762267903952e-01 0.000000000000000000e+00 8.295516024864830751e-01 4.880695525574670346e-01 4.154479441472845314e-01 3.798748297160678966e-01 6.688264156523566761e-01 7.524832713701075093e-01 4.035713008667334289e-01 6.940661004349222285e-01 4.096751699680802328e-01 4.570650125292914367e-01 5.189437620224426340e-01 7.347269565562791760e-01 3.469503511503976845e-01 4.728689984057561913e-01 4.316041435431538509e-01 1.475477804817516558e-01 5.067004237600866157e-01 6.735280276906577823e-01 5.238599795388994007e-01 2.189476713680419406e-01 4.319516974331770731e-01 1.074927021986893383e-02 4.827452452244224701e-01 7.388682594037749851e-01 2.769253431227552964e-01 3.516036678006257965e-01
6.886061504966098923e-01 7.955969605921588972e-01 4.577827504618192656e-01 2.843169930061968387e-01 5.534381896683961966e-01 3.635471404166195075e-01 9.055083417971948601e-01 8.974924602053007128e-01 8.295516024864830751e-01 0.000000000000000000e+00 4.470181047834946853e-01 3.510732407752422679e-01 4.918788608977799903e-01 7.286280040908753586e-01 3.191998190345756159e-01 7.052846701227289961e-01 7.094715471421526587e-01 8.351480007274569850e-01 5.765106290050325821e-01 6.098350431549930395e-01 6.356595679562517809e-01 8.772470297513852433e-01 8.688847710260404478e-01 5.769420368627518059e-01 4.818046950452686827e-01 8.858698860756286653e-01 3.635292282674228992e-01 8.582755570643145759e-01 9.481214048484534196e-01 4.071876445248432397e-01 2.301990732072894952e-01 6.680101128212367900e-01 5.707186700370496801e-01 7.478855366721570697e-01 6.919411019258698836e-01
7.928294053466379276e-01 5.199362642090719078e-01 7.071389940095079707e-01 7.872809949633815529e-01 4.289600718408730362e-01 4.646017163171445863e-01 5.704589446076187009e-01 4.674493418272550604e-01 4.880695525574670346e-01 4.470181047834946853e-01 0.000000000000000000e+00 8.086253305352828491e-01 3.999031752753353097e-01 5.514825445178064278e-01 5.852261608787121538e-01 8.830126918932555968e-01 4.524684724275042091e-01 5.534520255904706865e-01 2.964948121097528699e-01 9.311588050797507954e-01 3.732856452630097799e-01 4.426292078635939431e-01 5.031301764589990455e-03 8.876064102693597135e-01 6.393265369359000250e-01 4.678164982195027743e-01 3.211597964801962135e-01 7.355056546577960486e-01 1.362868922458796428e-01 3.398252858707116464e-01 7.376356017925768116e-01 7.589184515474801662e-01 4.914989195215250239e-01 5.882639714790133256e-01 8.704795068113506673e-01
7.045911421590675960e-01 7.782976424607397359e-01 5.483470133090186938e-01 7.460406265184802432e-01 6.169735832275184961e-01 2.800456173198946352e-01 8.986907667178938297e-01 8.739902287819250049e-01 4.154479441472845314e-01 3.510732407752422679e-01 8.086253305352828491e-01 0.000000000000000000e+00 7.613311428664646385e-01 2.055825346621910077e-01 2.895860690391008907e-01 4.258213726163984081e-01 5.792355323593959548e-01 4.486350034154539257e-01 8.261331622447563028e-01 4.131722001327985949e-01 4.036206517511466974e-01 5.846045640375532315e-01 6.372476317518311895e-01 1.244955317412869134e-01 5.717731554505494085e-01 3.822439729280824317e-02 1.558734442153263400e-01 7.224449634096663520e-01 9.564337544253080914e-01 5.706564073343569632e-01 1.705710031836784601e-01 6.293681139900836330e-01 1.141829421642935882e-01 7.720147488375574962e-01 7.366528069530824396e-01
3.578435499475927095e-01 1.665388901263623600e-01 5.358265970136191214e-01 4.279070812197509621e-01 6.105294913535787016e-01 6.283191159208634247e-01 8.477703537802265821e-01 5.214801156958034367e-01 3.798748297160678966e-01 4.918788608977799903e-01 3.999031752753353097e-01 7.613311428664646385e-01 0.000000000000000000e+00 2.733131619278174607e-01 6.838859796853792306e-01 2.451969892418691677e-01 5.027479546468273108e-01 1.551916443846551585e-01 5.489690050801084853e-01 6.202615497867534078e-01 6.771521952622711060e-01 4.896635755201149132e-01 3.549946093317338791e-01 3.769872119446213699e-01 4.873350278143132597e-01 4.507408344280632861e-01 7.006574314243998458e-01 2.264093523931874907e-01 7.423376986155222346e-01 5.369066429444431243e-01 4.091312165201665962e-01 9.096518842328937815e-01 8.732711547339717661e-01 2.611865092649693354e-01 6.275070484092477585e-01
6.699226893187499865e-01 6.489493429815946790e-01 7.236789785477322212e-01 7.523896375714203000e-01 6.926178320417748502e-01 9.543374357749757619e-01 2.805022038619482405e-01 3.830619055337751711e-01 6.688264156523566761e-01 7.286280040908753586e-01 5.514825445178064278e-01 2.055825346621910077e-01 2.733131619278174607e-01 0.000000000000000000e+00 5.876973164794923044e-01 7.219929552244099824e-01 4.133405457744366851e-01 2.075369676349350101e-01 2.335654718897285653e-01 7.465342182541960803e-01 8.733425339078839666e-01 5.599440121077976507e-01 3.729645922557470739e-01 4.724255692717700961e-01 1.212067650609275349e-01 3.106482727660263565e-01 1.263351139113928490e-01 3.406767708349502932e-01 4.412732600896340229e-01 1.540113647231162730e-01 8.012322923293747623e-01 9.137674989729889230e-01 6.123401292286595465e-01 3.796670123834997024e-01 5.170157083879669546e-01
5.194673791261886775e-01 8.826719755796857969e-01 7.033224593835940563e-01 5.956646861714764984e-01 4.328705570234167577e-01 5.200593598192597700e-01 4.159557699946259124e-01 7.750192840767167191e-01 7.524832713701075093e-01 3.191998190345756159e-01 5.852261608787121538e-01 2.895860690391008907e-01 6.838859796853792306e-01 5.876973164794923044e-01 0.000000000000000000e+00 9.543202803918480193e-01 1.911285132933713271e-01 4.017365815371531923e-02 7.683037279510384066e-01 7.568212645686192008e-01 9.355737316146850446e-01 9.372681347936331342e-01 4.557064248004409346e-01 8.407129053247371919e-01 8.525969228594756366e-01 4.673557758527563388e-01 9.090299270785007213e-01 7.676830463474949573e-01 7.760344629608284528e-01 2.652362213846214400e-01 1.853874546581214533e-01 2.420960309476427597e-01 5.124814093072909138e-01 5.487136944497166269e-01 8.146949179993044909e-01
1.325658040762704992e-01 7.587441688636769044e-01 4.326853631274409917e-01 4.408234100729194194e-01 3.898218879183685259e-01 7.783387004369959339e-01 5.466844691645054155e-01 5.700875553050260836e-01 4.035713008667334289e-01 7.052846701227289961e-01 8.830126918932555968e-01 4.258213726163984081e-01 2.451969892418691677e-01 7.219929552244099824e-01 9.543202803918480193e-01 0.000000000000000000e+00 5.218678254290591845e-01 5.785088695104894096e-01 4.412097475064660768e-01 5.840596783843129414e-01 7.386502331494737561e-01 3.638550145462313701e-01 5.343599858675953662e-01 7.950128203857882436e-01 9.351411489739285265e-01 3.512764577216535566e-01 5.248790440478119379e-01 7.201391271648411863e-01 4.840663795680025805e-01 5.084502707510234476e-01 4.908236107938647175e-01 4.572316330629789261e-01 1.774413989371680378e-01 5.249360185121509925e-01 9.725220564459928774e-01
4.248371055118764783e-01 3.620516907904077764e-01 6.257297779986084052e-01 7.591971360902975974e-01 3.882202704975423746e-01 9.776374757955521577e-01 8.020515827860517089e-01 8.150284511988994396e-01 6.940661004349222285e-01 7.094715471421526587e-01 4.524684724275042091e-01 5.792355323593959548e-01 5.027479546468273108e-01 4.133405457744366851e-01 1.911285132933713271e-01 5.218678254290591845e-01 0.000000000000000000e+00 2.409867766730658944e-01 3.740732804508705156e-01 4.380106171119431679e-01 3.117300395301636495e-02 7.995619634242656648e-02 8.607421639817582903e-01 5.386467270852786093e-01 2.726521994287606221e-01 5.983670130134035592e-01 7.971982662387162577e-01 3.290278405335023137e-01 6.175447433425691468e-01 2.252237155343240760e-01 1.009276086022717900e-01 6.177628365864545890e-01 7.074965023430217492e-01 3.759675536089704395e-01 3.516312057150644543e-01
4.957373350281802371e-01 4.975751116277501995e-01 6.520711670529286685e-01 7.276124768342782101e-01 8.061561348692356521e-01 3.966715891404611893e-01 7.102924292747410107e-01 5.182088784283362948e-01 4.096751699680802328e-01 8.351480007274569850e-01 5.534520255904706865e-01 4.486350034154539257e-01 1.551916443846551585e-01 2.075369676349350101e-01 4.017365815371531923e-02 5.785088695104894096e-01 2.409867766730658944e-01 0.000000000000000000e+00 4.069423988163083372e-01 4.629912372469853210e-01 6.589386793599243397e-01 5.589632829588533358e-01 3.776730280645683724e-01 8.531084132674020548e-01 2.550530494832302653e-01 4.675064053712684187e-01 4.770764490326911966e-01 1.876886175657116462e-01 8.427317154642317565e-01 2.982381092160155678e-01 6.364710381598281952e-01 7.733355394229076696e-01 1.667908330736489475e-01 1.437690199327390506e-01 1.626557742673909179e-01
8.016870211972725313e-01 5.324910617201603635e-01 7.449579657201406135e-01 4.528608682928574880e-01 4.742531722905737879e-01 4.789715483388801709e-01 5.031961325921195938e-01 2.917576051317991581e-01 4.570650125292914367e-01 5.765106290050325821e-01 2.964948121097528699e-01 8.261331622447563028e-01 5.489690050801084853e-01 2.335654718897285653e-01 7.683037279510384066e-01 4.412097475064660768e-01 3.740732804508705156e-01 4.069423988163083372e-01 0.000000000000000000e+00 5.977146908652937185e-01 6.916976161447460081e-01 3.888398792835574547e-01 4.650111907248647980e-01 4.063324489224320324e-01 1.116639492784053944e-01 9.214610729490204655e-01 8.144152371263041479e-01 3.704580034669622268e-01 4.244695114694967963e-01 1.545068225541084139e-01 8.447854387886417626e-01 3.803331367886131353e-01 5.101319089224987113e-01 7.918718426345013883e-01 8.842158712433911827e-01
3.300097646034272358e-01 6.409200074423366811e-01 6.270108445743679537e-01 5.585002245845028801e-01 5.237508440774005791e-01 1.388266637902649814e-01 6.678161507434552391e-01 3.609088818604616056e-01 5.189437620224426340e-01 6.098350431549930395e-01 9.311588050797507954e-01 4.131722001327985949e-01 6.202615497867534078e-01 7.465342182541960803e-01 7.568212645686192008e-01 5.840596783843129414e-01 4.380106171119431679e-01 4.629912372469853210e-01 5.977146908652937185e-01 0.000000000000000000e+00 2.299943615840676081e-01 4.449475096563675347e-01 2.391363432382619392e-01 9.445955527575624622e-01 3.837505133052239170e-01 5.744869367552526418e-01 7.182472970143550794e-01 8.144714062503786156e-01 4.825570762771716482e-01 7.280411201763483664e-01 8.983195951065519047e-01 1.698043483540118137e-01 7.209628162521086736e-01 8.363301513767139594e-01 5.913893055941311649e-01
2.941473165545545054e-01 1.044448123977625986e-01 1.582593545312532823e-01 5.362053077794677325e-01 6.911265263997824482e-01 4.307328879131241406e-01 7.519739627547026295e-01 4.415937629438049239e-02 7.347269565562791760e-01 6.356595679562517809e-01 3.732856452630097799e-01 4.036206517511466974e-01 6.771521952622711060e-01 8.733425339078839666e-01 9.355737316146850446e-01 7.386502331494737561e-01 3.117300395301636495e-02 6.589386793599243397e-01 6.916976161447460081e-01 2.299943615840676081e-01 0.000000000000000000e+00 4.072420080856140601e-01 8.051684598035160345e-01 6.761889952975352891e-01 3.711607692157199989e-01 4.292332740170513583e-01 5.395766175473639681e-01 3.753773610294245389e-01 4.778796865138764671e-01 6.491937330170002296e-01 1.284993822332023417e-01 4.045025861884425367e-01 3.634345839381274423e-01 5.907955880152704342e-01 6.523840305811472451e-01
8.965049659891347611e-01 4.387045851614553849e-01 7.123416065852563595e-01 6.193886818847453846e-01 6.468501484122790579e-01 7.846486496642013364e-01 3.261397770060177059e-01 7.867865296800424790e-01 3.469503511503976845e-01 8.772470297513852433e-01 4.426292078635939431e-01 5.846045640375532315e-01 4.896635755201149132e-01 5.599440121077976507e-01 9.372681347936331342e-01 3.638550145462313701e-01 7.995619634242656648e-02 5.589632829588533358e-01 3.888398792835574547e-01 4.449475096563675347e-01 4.072420080856140601e-01 0.000000000000000000e+00 1.015336006742916242e-01 4.580737279743416490e-01 4.099986082027928247e-01 1.106162474899983206e-01 6.065003512322562074e-01 7.129127252391916914e-01 3.470534300446326270e-01 5.105098268150589647e-01 6.930960363022784509e-01 7.338969741478886810e-01 2.360004714427647032e-01 5.772253048069732051e-01 8.952155591574099125e-01
4.604422875512845237e-01 6.376290224888140346e-01 4.920604214273005539e-01 6.117140453286482593e-01 6.689927490578591041e-01 7.692559286650368922e-01 6.258626849244284251e-01 4.847079847283367604e-01 4.728689984057561913e-01 8.688847710260404478e-01 5.031301764589990455e-03 6.372476317518311895e-01 3.549946093317338791e-01 3.729645922557470739e-01 4.557064248004409346e-01 5.343599858675953662e-01 8.607421639817582903e-01 3.776730280645683724e-01 4.650111907248647980e-01 2.391363432382619392e-01 8.051684598035160345e-01 1.015336006742916242e-01 0.000000000000000000e+00 5.183258787423172809e-01 2.804847761214669388e-01 6.912931561674477976e-01 6.223103624464714212e-01 6.424877531571885347e-01 7.364318218202015043e-01 4.434282651112992912e-01 8.605523017264458119e-01 7.655410267758455678e-01 3.257082063425847940e-01 5.847114940372262204e-01 8.008640103647848285e-01
5.239307759911857598e-01 5.119229847905926167e-01 2.460320755426788075e-01 1.536522095279546640e-01 4.681649500784809126e-01 8.150561556862818691e-01 4.673260784946285940e-01 8.361066067514367761e-01 4.316041435431538509e-01 5.769420368627518059e-01 8.876064102693597135e-01 1.244955317412869134e-01 3.769872119446213699e-01 4.724255692717700961e-01 8.407129053247371919e-01 7.950128203857882436e-01 5.386467270852786093e-01 8.531084132674020548e-01 4.063324489224320324e-01 9.445955527575624622e-01 6.761889952975352891e-01 4.580737279743416490e-01 5.183258787423172809e-01 0.000000000000000000e+00 9.703510368985073242e-01 3.781974615469222423e-01 7.649449685828308976e-01 7.393929313241622836e-01 6.705080404613428247e-01 3.809060751309032433e-01 9.283381642249194377e-01 8.412249565855678402e-01 8.503607371489434463e-01 4.568291153489315581e-01 5.525182577837282061e-01
5.694713181976378547e-01 1.700874864969074696e-01 8.920556819096585599e-01 8.486187984703008613e-02 5.379449763716910304e-01 1.929908078918177727e-01 7.723780860888174171e-01 4.992010129336563184e-01 1.475477804817516558e-01 4.818046950452686827e-01 6.393265369359000250e-01 5.717731554505494085e-01 4.873350278143132597e-01 1.212067650609275349e-01 8.525969228594756366e-01 9.351411489739285265e-01 2.726521994287606221e-01 2.550530494832302653e-01 1.116639492784053944e-01 3.837505133052239170e-01 3.711607692157199989e-01 4.099986082027928247e-01 2.804847761214669388e-01 9.703510368985073242e-01 0.000000000000000000e+00 5.300465061835148983e-01 6.641516016074882067e-01 7.638517273064944213e-01 4.879900220341739647e-01 7.962008981322454826e-02 5.681551410809492220e-01 6.569538501355665083e-01 5.672819930837225133e-01 1.356852751856665318e-01 8.209917680519063232e-02
5.589497175980091548e-01 5.625729256101946740e-01 2.023206720778124579e-01 5.156663759101909328e-01 4.925410413086417361e-01 1.942047470730543512e-01 5.819787043440738383e-01 5.890038390686287428e-01 5.067004237600866157e-01 8.858698860756286653e-01 4.678164982195027743e-01 3.822439729280824317e-02 4.507408344280632861e-01 3.106482727660263565e-01 4.673557758527563388e-01 3.512764577216535566e-01 5.983670130134035592e-01 4.675064053712684187e-01 9.214610729490204655e-01 5.744869367552526418e-01 4.292332740170513583e-01 1.106162474899983206e-01 6.912931561674477976e-01 3.781974615469222423e-01 5.300465061835148983e-01 0.000000000000000000e+00 2.053629300709661765e-01 3.812984337590923367e-01 4.392758489311718861e-01 9.112467241581352351e-01 5.647828038455142696e-01 6.531647741085384595e-01 3.003228334999675786e-01 4.017715645162746041e-01 9.478403548538762990e-01
7.010336492460551572e-01 7.339156651073377446e-01 7.680645850600755775e-01 5.909088483887363630e-01 9.673346225691366040e-01 1.769975913718885296e-01 3.796523796294047348e-01 3.624863199470161890e-01 6.735280276906577823e-01 3.635292282674228992e-01 3.211597964801962135e-01 1.558734442153263400e-01 7.006574314243998458e-01 1.263351139113928490e-01 9.090299270785007213e-01 5.248790440478119379e-01 7.971982662387162577e-01 4.770764490326911966e-01 8.144152371263041479e-01 7.182472970143550794e-01 5.395766175473639681e-01 6.065003512322562074e-01 6.223103624464714212e-01 7.649449685828308976e-01 6.641516016074882067e-01 2.053629300709661765e-01 0.000000000000000000e+00 1.951219118169233990e-02 8.265824464715411102e-01 8.986770073795660174e-01 6.741105487945802111e-01 4.347855507557094601e-01 5.213282297054839809e-01 4.959290928300077450e-01 5.244312092340556175e-01
5.950624535988813246e-01 2.038430483312607677e-01 4.746447644813667210e-01 2.236553114780502893e-01 6.641018304689372265e-02 3.723554824328045854e-01 4.825971635339626475e-01 2.192078501462075835e-01 5.238599795388994007e-01 8.582755570643145759e-01 7.355056546577960486e-01 7.224449634096663520e-01 2.264093523931874907e-01 3.406767708349502932e-01 7.676830463474949573e-01 7.201391271648411863e-01 3.290278405335023137e-01 1.876886175657116462e-01 3.704580034669622268e-01 8.144714062503786156e-01 3.753773610294245389e-01 7.129127252391916914e-01 6.424877531571885347e-01 7.393929313241622836e-01 7.638517273064944213e-01 3.812984337590923367e-01 1.951219118169233990e-02 0.000000000000000000e+00 4.886702094721866452e-01 7.509106513337677757e-01 7.386530993388797928e-01 4.515204282393351365e-01 4.365453419179670114e-01 6.566463429585054357e-01 5.444657254113649536e-01
6.665048195078320248e-01 1.677236736355683933e-01 7.381756306251913147e-01 4.746144974454074017e-01 6.732712467648773735e-01 8.472026484576500316e-02 2.930177891904490739e-01 5.834472155410801442e-01 2.189476713680419406e-01 9.481214048484534196e-01 1.362868922458796428e-01 9.564337544253080914e-01 7.423376986155222346e-01 4.412732600896340229e-01 7.760344629608284528e-01 4.840663795680025805e-01 6.175447433425691468e-01 8.427317154642317565e-01 4.244695114694967963e-01 4.825570762771716482e-01 4.778796865138764671e-01 3.470534300446326270e-01 7.364318218202015043e-01 6.705080404613428247e-01 4.879900220341739647e-01 4.392758489311718861e-01 8.265824464715411102e-01 4.886702094721866452e-01 0.000000000000000000e+00 9.924158082397767089e-01 4.256334358147663144e-01 1.661033347264937454e-01 8.658844066656892213e-01 2.459209701376885437e-02 3.880942352637566373e-01
8.777290124134871085e-01 8.604193467668752593e-01 4.840889682205473665e-01 6.715057597591933547e-01 5.185569709092311408e-01 1.922436488641567909e-01 2.818339935847983257e-01 4.464333920758422614e-01 4.319516974331770731e-01 4.071876445248432397e-01 3.398252858707116464e-01 5.706564073343569632e-01 5.369066429444431243e-01 1.540113647231162730e-01 2.652362213846214400e-01 5.084502707510234476e-01 2.252237155343240760e-01 2.982381092160155678e-01 1.545068225541084139e-01 7.280411201763483664e-01 6.491937330170002296e-01 5.105098268150589647e-01 4.434282651112992912e-01 3.809060751309032433e-01 7.962008981322454826e-02 9.112467241581352351e-01 8.986770073795660174e-01 7.509106513337677757e-01 9.924158082397767089e-01 0.000000000000000000e+00 7.431034101559699234e-01 4.708777529327172751e-01 6.039165179120774551e-01 5.609899120361112601e-01 5.750854347187617233e-01
5.201752037669175044e-01 3.165764796666852288e-01 6.995926551125155601e-01 3.269381631380805509e-01 8.531305033394949167e-01 9.147816659175680432e-01 3.643371152620783482e-01 5.541725902222539579e-01 1.074927021986893383e-02 2.301990732072894952e-01 7.376356017925768116e-01 1.705710031836784601e-01 4.091312165201665962e-01 8.012322923293747623e-01 1.853874546581214533e-01 4.908236107938647175e-01 1.009276086022717900e-01 6.364710381598281952e-01 8.447854387886417626e-01 8.983195951065519047e-01 1.284993822332023417e-01 6.930960363022784509e-01 8.605523017264458119e-01 9.283381642249194377e-01 5.681551410809492220e-01 5.647828038455142696e-01 6.741105487945802111e-01 7.386530993388797928e-01 4.256334358147663144e-01 7.431034101559699234e-01 0.000000000000000000e+00 5.381506057331955084e-01 3.264335451803253019e-01 6.201257964066306805e-01 8.373716681785376981e-01
6.123757537407573670e-01 4.219621785173058304e-01 8.237493820878196704e-01 6.265504684226743670e-01 8.013066935601945717e-01 2.563703690666687685e-01 8.279617033409570892e-01 5.129715662162447343e-01 4.827452452244224701e-01 6.680101128212367900e-01 7.589184515474801662e-01 6.293681139900836330e-01 9.096518842328937815e-01 9.137674989729889230e-01 2.420960309476427597e-01 4.572316330629789261e-01 6.177628365864545890e-01 7.733355394229076696e-01 3.803331367886131353e-01 1.698043483540118137e-01 4.045025861884425367e-01 7.338969741478886810e-01 7.655410267758455678e-01 8.412249565855678402e-01 6.569538501355665083e-01 6.531647741085384595e-01 4.347855507557094601e-01 4.515204282393351365e-01 1.661033347264937454e-01 4.708777529327172751e-01 5.381506057331955084e-01 0.000000000000000000e+00 8.478027196161121992e-01 7.362093244211534993e-01 4.132365134015848485e-01
9.141020381131257366e-01 3.384673789621550632e-02 3.490390666780979201e-01 1.423596050558849635e-01 6.921071903134070613e-01 4.524595577993332784e-01 8.864080912634283438e-01 3.752997542870030734e-01 7.388682594037749851e-01 5.707186700370496801e-01 4.914989195215250239e-01 1.141829421642935882e-01 8.732711547339717661e-01 6.123401292286595465e-01 5.124814093072909138e-01 1.774413989371680378e-01 7.074965023430217492e-01 1.667908330736489475e-01 5.101319089224987113e-01 7.209628162521086736e-01 3.634345839381274423e-01 2.360004714427647032e-01 3.257082063425847940e-01 8.503607371489434463e-01 5.672819930837225133e-01 3.003228334999675786e-01 5.213282297054839809e-01 4.365453419179670114e-01 8.658844066656892213e-01 6.039165179120774551e-01 3.264335451803253019e-01 8.478027196161121992e-01 0.000000000000000000e+00 4.514287486535504268e-01 1.509229781891354705e-01
7.638838519226225365e-01 7.061794608061839895e-01 7.505122873583712773e-01 4.100360979447083554e-01 8.303453555077648929e-01 4.157142730661003704e-01 5.308672954678372857e-01 2.526477477305491548e-01 2.769253431227552964e-01 7.478855366721570697e-01 5.882639714790133256e-01 7.720147488375574962e-01 2.611865092649693354e-01 3.796670123834997024e-01 5.487136944497166269e-01 5.249360185121509925e-01 3.759675536089704395e-01 1.437690199327390506e-01 7.918718426345013883e-01 8.363301513767139594e-01 5.907955880152704342e-01 5.772253048069732051e-01 5.847114940372262204e-01 4.568291153489315581e-01 1.356852751856665318e-01 4.017715645162746041e-01 4.959290928300077450e-01 6.566463429585054357e-01 2.459209701376885437e-02 5.609899120361112601e-01 6.201257964066306805e-01 7.362093244211534993e-01 4.514287486535504268e-01 0.000000000000000000e+00 7.157825773999589858e-01
1.558553146356321806e-01 6.067157263292290992e-01 1.927704984519900133e-01 4.970446837271869089e-02 4.868725440962959894e-01 2.014027167202261381e-01 9.137563114859359459e-01 8.725914500585119082e-01 3.516036678006257965e-01 6.919411019258698836e-01 8.704795068113506673e-01 7.366528069530824396e-01 6.275070484092477585e-01 5.170157083879669546e-01 8.146949179993044909e-01 9.725220564459928774e-01 3.516312057150644543e-01 1.626557742673909179e-01 8.842158712433911827e-01 5.913893055941311649e-01 6.523840305811472451e-01 8.952155591574099125e-01 8.008640103647848285e-01 5.525182577837282061e-01 8.209917680519063232e-02 9.478403548538762990e-01 5.244312092340556175e-01 5.444657254113649536e-01 3.880942352637566373e-01 5.750854347187617233e-01 8.373716681785376981e-01 4.132365134015848485e-01 1.509229781891354705e-01 7.157825773999589858e-01 0.000000000000000000e+00
