0.000000000000000000e+00 4.094599416729560182e-01 7.018720914676904732e-01 3.574649196847190513e-01 8.239859885838696218e-02 3.702447088324287705e-01 7.256456638737038833e-01 1.420252433925659474e-01 4.642633595155530868e-01 6.813649905672155560e-01 4.009962115736602217e-01 6.318792125170860086e-01 7.316397868128213799e-01 3.829853912558839335e-01 9.228889566315328086e-01 5.153078915673449112e-01 5.650279492976856277e-01 6.294061876055344618e-01 5.257656382330302414e-01 3.300588205002862319e-01 7.463737766296638654e-01 4.448020913203497573e-01 8.362825596682901264e-01 8.664825977774051058e-01 4.613817679902583180e-01 2.957976378340493318e-01 9.202563900165803279e-01 2.179656204849781398e-01 8.066897555419820787e-01 5.125627589601293721e-01 4.803300137513376589e-01 3.749563440778644896e-01 4.276731704173106219e-01 5.998918037900395905e-01 6.142716162707124727e-01
4.094599416729560182e-01 0.000000000000000000e+00 6.889529091464479116e-01 3.993359121004002033e-01 2.279303139734302208e-01 6.166727254236556988e-01 1.163296400626183669e-01 5.223227397791158078e-01 3.410737958031245798e-01 9.039683616205269612e-01 5.901016097176726705e-01 2.895164232810355509e-01 5.763965759800664390e-01 8.121499355373873463e-01 6.010477935876692435e-01 1.855941208497240424e-01 5.677750020169248790e-01 8.751118519339949886e-01 8.554456641033584274e-01 9.953597072603437290e-02 2.875484312449005930e-01 5.733179492068232186e-01 6.262447163650507465e-01 1.684890564515012512e-01 4.223682001877146486e-01 6.786501511848741508e-01 3.885377625166990812e-01 3.719598494639014818e-01 6.676358860096222037e-01 4.175575897027328232e-01 6.039605256859368332e-01 7.341475691930842151e-01 8.745146615216032870e-01 6.293850252277948254e-01 4.155138156188309395e-01
7.018720914676904732e-01 6.889529091464479116e-01 0.000000000000000000e+00 9.234040158219547489e-02 5.376555595181073954e-01 4.180962025616052902e-01 4.292343501944397843e-01 1.050245578904422938e-01 6.258082003332043897e-01 7.960361198871188648e-01 8.349435414493627805e-01 5.233222296707223942e-01 5.573316378753899736e-01 1.558448742503460993e-01 4.302233909472290563e-01 7.160552086627807178e-01 5.327591346413350637e-01 9.504418668784331281e-01 3.715363905738734984e-01 4.149922349053256077e-01 4.922175655242332359e-01 7.840497517963397334e-01 4.302761398758683242e-01 7.599384296226121549e-01 5.646782424481339158e-01 5.839281194670253861e-01 9.309551570942177223e-01 2.006299138109197688e-01 5.361834603437032332e-01 4.166393593404538742e-01 1.930357880416319061e-01 6.365369292450816507e-01 2.609560763059070032e-01 5.468769143799394605e-01 2.826485310303004095e-01
3.574649196847190513e-01 3.993359121004002033e-01 9.234040158219547489e-02 0.000000000000000000e+00 5.231645629854037027e-01 5.266429033615707134e-01 4.750144391464453664e-01 6.783048209052500166e-01 7.608414922678577996e-01 8.601824803981610312e-01 4.667963589292460913e-01 8.035759562999531536e-01 6.655407979978864574e-01 2.651805663358977050e-01 8.721069731710624495e-01 8.500688007652812406e-01 5.571110603407816164e-01 5.202000499425282198e-01 7.932919767913990672e-01 4.617619005264195775e-01 4.944966830934251489e-01 3.133266343104912366e-01 6.559070294267299595e-01 7.436146557229773579e-01 4.252578377427549960e-01 2.395089639365486356e-01 3.390042689780794483e-01 4.381271149159062239e-01 7.204049258408575795e-01 5.478489353730874312e-01 5.064711049278959321e-01 5.903313269471122116e-01 3.153594263029515510e-01 2.255362066302154522e-01 4.289954349501839959e-01
8.239859885838696218e-02 2.279303139734302208e-01 5.376555595181073954e-01 5.231645629854037027e-01 0.000000000000000000e+00 7.742501866693709545e-01 5.852855525622508992e-01 2.599578049914457178e-01 7.278711605330010492e-01 5.907768513125195575e-01 8.545586975261296736e-01 4.779571168310017271e-01 6.536483348755621758e-01 4.377691212498454054e-01 5.572791753222682276e-01 6.696612273991882081e-01 9.124295897248876352e-01 1.633051591248653733e-01 1.029997816551547762e-01 4.233804940860538268e-01 5.983676778450994771e-01 1.910781648262013244e-01 8.765252952135391684e-01 1.006079159734480921e-01 6.854639965362888665e-01 6.523100892287212460e-01 8.406524087066205020e-01 1.677762375122262561e-01 9.033325766455142514e-01 1.505871092126414013e-01 6.096071404401748328e-01 8.439020725259460676e-01 3.599913422379056316e-01 6.640419607843888183e-01 1.395841345936963407e-01
3.702447088324287705e-01 6.166727254236556988e-01 4.180962025616052902e-01 5.266429033615707134e-01 7.742501866693709545e-01 0.000000000000000000e+00 5.260978986098684418e-01 6.144191429448767616e-01 5.811413755629049049e-01 2.268735803354277047e-01 8.185260949434929323e-01 3.458734090960136620e-01 4.752358896808150934e-01 9.391200377198265503e-01 6.026362121370272273e-01 2.583797586784637446e-01 5.274949423990415998e-01 4.543149391832894679e-01 5.443919289117182814e-01 1.907774644437810752e-01 6.733556790473433917e-01 4.688616148312827470e-01 1.902226235186746939e-01 4.954871611615941918e-01 4.039358496005041044e-01 8.881137205857523309e-01 7.880271794388553630e-01 7.087613199564746225e-01 2.495910520342526917e-01 5.020650559271826463e-01 7.614538276847406806e-01 3.515644342329704575e-01 3.494439842152372577e-01 7.788104470319837658e-01 2.831997240033842234e-01
7.256456638737038833e-01 1.163296400626183669e-01 4.292343501944397843e-01 4.750144391464453664e-01 5.852855525622508992e-01 5.260978986098684418e-01 0.000000000000000000e+00 7.020337379981603787e-01 8.574121724054630800e-01 3.856908513353541901e-01 7.704985189829522962e-01 2.609675519516702069e-01 3.171586576032013882e-01 3.092078773823785376e-01 9.418076346721750980e-01 6.127826273665885060e-01 5.948048952155510216e-01 9.217269970791075462e-02 2.894076705582523390e-01 3.513227355159637133e-01 4.507902191780195911e-01 3.688800980104813831e-01 1.635830040439661959e-01 7.090980951582628311e-01 6.231398360886907239e-01 6.980254977973988639e-01 3.744576862676713969e-01 5.559672715956316402e-01 8.038055950042466424e-01 8.861799581860245745e-01 6.130810547018513690e-01 5.080344356979801246e-01 6.061622871396816770e-01 6.282054157466174793e-01 6.756035035026807245e-01
1.420252433925659474e-01 5.223227397791158078e-01 1.050245578904422938e-01 6.783048209052500166e-01 2.599578049914457178e-01 6.144191429448767616e-01 7.020337379981603787e-01 0.000000000000000000e+00 2.290200418732405707e-01 2.344645738655080081e-01 8.534279736654835080e-01 8.337933567306585747e-01 4.788328663885386138e-01 4.126609994530508474e-01 7.755732129360580762e-01 2.403536064157840713e-01 6.416307801431039293e-01 8.181630917865492236e-01 7.532490253961403592e-01 3.798712404747576210e-01 9.962914457273519542e-02 6.043154178646688024e-01 3.943584734560189875e-01 2.057864090255537293e-01 8.025007002070454476e-01 9.441451717484865558e-01 7.500892431093475476e-01 6.749676626073417562e-01 3.567985614049782317e-01 4.431981717794573061e-01 6.698110824985360479e-01 3.367667427661216739e-01 5.517088845538181685e-01 8.470956576375957559e-01 8.907563431453172642e-01
4.642633595155530868e-01 3.410737958031245798e-01 6.258082003332043897e-01 7.608414922678577996e-01 7.278711605330010492e-01 5.811413755629049049e-01 8.574121724054630800e-01 2.290200418732405707e-01 0.000000000000000000e+00 2.841685003134095666e-01 5.166334884883261314e-01 4.567936735682958105e-01 1.794599120231281653e-01 2.456067593061399545e-01 4.161240643898057590e-01 1.543237849400429518e-01 4.952381301607661213e-01 9.156322239638348126e-01 5.757814652249810816e-01 7.054654230558767836e-01 3.377047087589786223e-01 6.560182989582787894e-01 3.766592236374618485e-01 4.013414225570869354e-01 7.742813536210331193e-01 4.994305962991493764e-01 3.870199385501749689e-01 4.854651988152317577e-01 8.645751808076537204e-01 5.445779498991119016e-01 3.912846230598017172e-01 4.156814667571715471e-01 5.076319913491781355e-01 5.609605770012364712e-01 8.678680988338349778e-01
6.813649905672155560e-01 9.039683616205269612e-01 7.960361198871188648e-01 8.601824803981610312e-01 5.907768513125195575e-01 2.268735803354277047e-01 3.856908513353541901e-01 2.344645738655080081e-01 2.841685003134095666e-01 0.000000000000000000e+00 7.922812326299917274e-01 8.563815366779545801e-01 1.618094612301067547e-01 7.844743506733136140e-01 4.079117113450086984e-01 9.638244777119246987e-01 5.280769692083541189e-01 5.122522169372847323e-01 8.061850100007867947e-01 5.210462553498060867e-01 3.837070803037267996e-01 6.532215912388372736e-01 9.352011506213712133e-01 7.572524804501494788e-01 6.408777362463566885e-01 3.780821406604173984e-01 4.555139768085657570e-01 7.207139242708775484e-01 7.343773807830982214e-01 3.854525026381604436e-01 7.385943490351012386e-01 4.007032703835439191e-01 6.733157967972549507e-01 7.232264135042745234e-01 6.968779684607265823e-01
4.009962115736602217e-01 5.901016097176726705e-01 8.349435414493627805e-01 4.667963589292460913e-01 8.545586975261296736e-01 8.185260949434929323e-01 7.704985189829522962e-01 8.534279736654835080e-01 5.166334884883261314e-01 7.922812326299917274e-01 0.000000000000000000e+00 4.102162149555942383e-01 7.887613289472064082e-01 7.834081136627666364e-01 2.701726698814489458e-01 5.294362146422162407e-01 7.829093724003890475e-01 4.531671779575149883e-01 3.608295858386034727e-01 8.175596053786865491e-01 3.512035406444313779e-01 5.619016296923203813e-01 4.041567366543097339e-01 2.408115780728595778e-01 7.025601711744338118e-01 6.061480401101055904e-01 3.736261012738100185e-01 8.796056089953423474e-01 5.250049151769629052e-01 4.581641419070139887e-01 8.220257155359220747e-01 1.987724311560790658e-01 4.704118478508863554e-01 5.316335964990761553e-01 6.319923148688186831e-01
6.318792125170860086e-01 2.895164232810355509e-01 5.233222296707223942e-01 8.035759562999531536e-01 4.779571168310017271e-01 3.458734090960136620e-01 2.609675519516702069e-01 8.337933567306585747e-01 4.567936735682958105e-01 8.563815366779545801e-01 4.102162149555942383e-01 0.000000000000000000e+00 5.112973586006211990e-01 8.617903789725459562e-01 1.723973792512203396e-01 4.058080899607718894e-01 4.796740480974368004e-01 5.156236482379175090e-01 2.546052018982011278e-01 4.523009984010531448e-01 8.819754817659308799e-01 3.619684395995776405e-01 5.471131091003214042e-01 3.718987948606427008e-01 6.176969256436297684e-01 4.752286286973145257e-01 1.289771024359414042e-01 7.031536754387801569e-01 5.022759350549932389e-01 1.582879633847309453e-01 6.933719258473803881e-01 7.244211988897496513e-01 9.081339826217502686e-01 6.670196908803379676e-01 8.301592463181162174e-01
7.316397868128213799e-01 5.763965759800664390e-01 5.573316378753899736e-01 6.655407979978864574e-01 6.536483348755621758e-01 4.752358896808150934e-01 3.171586576032013882e-01 4.788328663885386138e-01 1.794599120231281653e-01 1.618094612301067547e-01 7.887613289472064082e-01 5.112973586006211990e-01 0.000000000000000000e+00 2.896217496328079566e-01 5.321094433953650338e-01 4.629552164810676329e-01 7.205189098656434865e-01 5.465704069250260089e-01 3.180745561083618833e-01 1.587452291355010425e-01 6.123084242028156154e-01 7.305411372307321072e-01 2.720900876532402757e-01 2.667014017535156434e-01 6.597211270405275441e-01 8.347360419469586068e-01 6.982791187930730281e-01 8.768726100867959561e-01 5.404834059581729022e-01 5.152015209964936338e-01 5.866602555103651584e-01 1.086565593326219714e-01 1.991700059247091259e-01 8.200890227198610605e-01 7.687505911982848161e-01
3.829853912558839335e-01 8.121499355373873463e-01 1.558448742503460993e-01 2.651805663358977050e-01 4.377691212498454054e-01 9.391200377198265503e-01 3.092078773823785376e-01 4.126609994530508474e-01 2.456067593061399545e-01 7.844743506733136140e-01 7.834081136627666364e-01 8.617903789725459562e-01 2.896217496328079566e-01 0.000000000000000000e+00 8.427680667242847257e-01 4.800222677889810496e-01 6.621448859853995561e-01 8.920934442976806711e-01 4.210943415712050664e-01 4.454491248349837229e-01 8.944140630842609685e-01 4.288121670970734267e-01 7.395689156304423584e-01 2.171960973107632809e-01 4.132876919004792038e-01 8.984967167600665938e-01 2.845716888807557909e-01 1.516194921234023107e-01 6.295739398156792177e-01 6.505463754833673562e-01 4.781573308003222444e-01 7.342654680167939318e-01 4.603083843071914538e-01 6.101204477281432226e-01 8.946951423633242584e-02
9.228889566315328086e-01 6.010477935876692435e-01 4.302233909472290563e-01 8.721069731710624495e-01 5.572791753222682276e-01 6.026362121370272273e-01 9.418076346721750980e-01 7.755732129360580762e-01 4.161240643898057590e-01 4.079117113450086984e-01 2.701726698814489458e-01 1.723973792512203396e-01 5.321094433953650338e-01 8.427680667242847257e-01 0.000000000000000000e+00 4.525211024687815775e-01 1.915376833894874009e-01 5.477522226421637219e-01 7.272906446556255400e-01 4.784731433266435907e-01 7.917965383347271846e-01 4.347543263285243986e-01 3.492663486348862589e-01 5.828762210152954593e-01 6.086872460734771284e-01 1.792401197286109804e-01 5.092318142743708087e-01 7.918752468187194582e-01 3.038042339981623652e-01 6.334413316154127171e-01 3.443294816004848768e-01 1.249913789785899176e-01 5.210669568761114867e-01 1.998719619112350188e-01 5.394984517482163122e-01
5.153078915673449112e-01 1.855941208497240424e-01 7.160552086627807178e-01 8.500688007652812406e-01 6.696612273991882081e-01 2.583797586784637446e-01 6.127826273665885060e-01 2.403536064157840713e-01 1.543237849400429518e-01 9.638244777119246987e-01 5.294362146422162407e-01 4.058080899607718894e-01 4.629552164810676329e-01 4.800222677889810496e-01 4.525211024687815775e-01 0.000000000000000000e+00 2.308246952075654335e-01 5.178061859472320450e-01 9.343273333428327998e-01 7.543049948728637322e-01 8.869957507443605449e-01 6.362634618463720582e-01 2.263837364470405733e-01 4.181012947778717792e-01 7.968094813304344992e-01 1.531639181946779504e-01 8.379104878697156700e-01 7.598753041979774414e-01 4.798926595741499490e-01 6.212228555746341918e-01 5.374932665660667741e-01 8.707774514310617775e-02 3.571686129635466278e-01 2.619457263846440842e-01 5.327214905837454051e-01
5.650279492976856277e-01 5.677750020169248790e-01 5.327591346413350637e-01 5.571110603407816164e-01 9.124295897248876352e-01 5.274949423990415998e-01 5.948048952155510216e-01 6.416307801431039293e-01 4.952381301607661213e-01 5.280769692083541189e-01 7.829093724003890475e-01 4.796740480974368004e-01 7.205189098656434865e-01 6.621448859853995561e-01 1.915376833894874009e-01 2.308246952075654335e-01 0.000000000000000000e+00 2.650571905377787640e-01 8.974004978815353084e-01 6.812479162412803380e-01 4.456249143512586164e-01 2.309560237862084975e-02 7.073681614920334093e-01 4.943315411631455936e-01 8.939014746152929014e-01 7.339333435510997372e-01 3.932661381298636627e-01 5.406643799121095828e-01 3.390603575741460984e-01 5.959185925564476349e-01 6.159153865577726705e-01 4.365202194692797688e-01 4.558133095833161175e-01 6.978518787130006951e-01 3.186808715477568166e-01
6.294061876055344618e-01 8.751118519339949886e-01 9.504418668784331281e-01 5.202000499425282198e-01 1.633051591248653733e-01 4.543149391832894679e-01 9.217269970791075462e-02 8.181630917865492236e-01 9.156322239638348126e-01 5.122522169372847323e-01 4.531671779575149883e-01 5.156236482379175090e-01 5.465704069250260089e-01 8.920934442976806711e-01 5.477522226421637219e-01 5.178061859472320450e-01 2.650571905377787640e-01 0.000000000000000000e+00 5.020782577059041962e-01 4.947563972072858696e-01 1.689233236216780565e-01 1.173453118376071025e-01 3.420021212957934376e-01 8.715539900979021315e-01 9.277034868474899332e-01 4.046166208595510794e-01 4.775044958716835319e-01 9.796039698508115512e-01 5.078314193718759251e-01 6.751844822058725715e-01 5.391769774453144537e-01 4.617783781007326338e-01 7.455249391112077628e-01 5.293829048185481057e-01 5.903057623528427111e-01
5.257656382330302414e-01 8.554456641033584274e-01 3.715363905738734984e-01 7.932919767913990672e-01 1.029997816551547762e-01 5.443919289117182814e-01 2.894076705582523390e-01 7.532490253961403592e-01 5.757814652249810816e-01 8.061850100007867947e-01 3.608295858386034727e-01 2.546052018982011278e-01 3.180745561083618833e-01 4.210943415712050664e-01 7.272906446556255400e-01 9.343273333428327998e-01 8.974004978815353084e-01 5.020782577059041962e-01 0.000000000000000000e+00 7.525521487608834992e-01 9.626121156466339590e-01 3.618081350950888009e-01 5.742258811798017781e-01 4.952847216699869382e-01 4.703981731169376568e-01 3.687501979414967712e-01 1.408449186526102848e-01 5.257858554721346334e-01 6.584707300467200763e-01 8.740765136075760999e-01 5.551930570456194980e-01 7.816313685328724059e-01 8.477479097498363814e-01 7.517676902105918657e-01 1.847383229721430431e-01
3.300588205002862319e-01 9.953597072603437290e-02 4.149922349053256077e-01 4.617619005264195775e-01 4.233804940860538268e-01 1.907774644437810752e-01 3.513227355159637133e-01 3.798712404747576210e-01 7.054654230558767836e-01 5.210462553498060867e-01 8.175596053786865491e-01 4.523009984010531448e-01 1.587452291355010425e-01 4.454491248349837229e-01 4.784731433266435907e-01 7.543049948728637322e-01 6.812479162412803380e-01 4.947563972072858696e-01 7.525521487608834992e-01 0.000000000000000000e+00 5.841976216008383238e-01 7.887259299849558314e-01 5.039112136129899611e-01 5.762856684978392430e-01 3.890326395963167316e-01 5.739888942528504900e-01 4.552516286659108458e-01 8.332525992674491011e-01 8.915704655050716854e-01 7.356859271159189584e-01 7.162693747364037300e-01 5.516513385131915914e-01 4.771676001820687185e-01 6.769688162041744839e-01 8.485551225206653392e-01
7.463737766296638654e-01 2.875484312449005930e-01 4.922175655242332359e-01 4.944966830934251489e-01 5.983676778450994771e-01 6.733556790473433917e-01 4.507902191780195911e-01 9.962914457273519542e-02 3.377047087589786223e-01 3.837070803037267996e-01 3.512035406444313779e-01 8.819754817659308799e-01 6.123084242028156154e-01 8.944140630842609685e-01 7.917965383347271846e-01 8.869957507443605449e-01 4.456249143512586164e-01 1.689233236216780565e-01 9.626121156466339590e-01 5.841976216008383238e-01 0.000000000000000000e+00 4.569217514115847534e-01 4.533977104114341738e-01 6.247215233091460984e-01 4.932895851805055298e-01 9.618283203248445545e-02 5.535339610641604180e-01 7.306757004225973295e-01 4.922384909560490462e-01 2.971142700885250898e-01 1.081718927736610159e-01 2.419749910824067207e-01 3.484984802797768122e-01 3.885316292218885526e-01 7.387180807537481186e-01
4.448020913203497573e-01 5.733179492068232186e-01 7.840497517963397334e-01 3.133266343104912366e-01 1.910781648262013244e-01 4.688616148312827470e-01 3.688800980104813831e-01 6.043154178646688024e-01 6.560182989582787894e-01 6.532215912388372736e-01 5.619016296923203813e-01 3.619684395995776405e-01 7.305411372307321072e-01 4.288121670970734267e-01 4.347543263285243986e-01 6.362634618463720582e-01 2.309560237862084975e-02 1.173453118376071025e-01 3.618081350950888009e-01 7.887259299849558314e-01 4.569217514115847534e-01 0.000000000000000000e+00 5.285070554792290487e-01 4.354080306098837005e-01 6.309419413959689305e-01 6.592907862343588832e-01 4.257487541426542843e-01 2.461371395259606132e-01 8.252795579484863975e-01 5.189745096384182910e-01 5.035058479078949878e-01 4.624290070619497817e-01 6.973322590833178625e-01 5.930853031611624804e-01 4.572802960073759637e-01
8.362825596682901264e-01 6.262447163650507465e-01 4.302761398758683242e-01 6.559070294267299595e-01 8.765252952135391684e-01 1.902226235186746939e-01 1.635830040439661959e-01 3.943584734560189875e-01 3.766592236374618485e-01 9.352011506213712133e-01 4.041567366543097339e-01 5.471131091003214042e-01 2.720900876532402757e-01 7.395689156304423584e-01 3.492663486348862589e-01 2.263837364470405733e-01 7.073681614920334093e-01 3.420021212957934376e-01 5.742258811798017781e-01 5.039112136129899611e-01 4.533977104114341738e-01 5.285070554792290487e-01 0.000000000000000000e+00 7.562679207767151190e-01 5.357399421409078100e-01 4.728277889887834151e-01 7.520869166484211998e-02 8.885136129978732367e-01 5.149393295689844718e-01 8.423941367789685719e-01 6.825312739463204048e-01 7.570555547084290016e-02 4.844469910065399842e-01 5.624260365598464650e-01 2.141863221172078946e-01
8.664825977774051058e-01 1.684890564515012512e-01 7.599384296226121549e-01 7.436146557229773579e-01 1.006079159734480921e-01 4.954871611615941918e-01 7.090980951582628311e-01 2.057864090255537293e-01 4.013414225570869354e-01 7.572524804501494788e-01 2.408115780728595778e-01 3.718987948606427008e-01 2.667014017535156434e-01 2.171960973107632809e-01 5.828762210152954593e-01 4.181012947778717792e-01 4.943315411631455936e-01 8.715539900979021315e-01 4.952847216699869382e-01 5.762856684978392430e-01 6.247215233091460984e-01 4.354080306098837005e-01 7.562679207767151190e-01 0.000000000000000000e+00 7.555955793669080212e-01 2.427726304815202019e-01 2.476706952929494943e-01 4.103100667181851513e-01 4.299934639732426733e-01 4.455141906968577148e-01 4.467270979033957090e-01 4.288776430264862327e-01 4.421699135029645289e-01 4.885811776568189102e-01 9.426519635695422838e-01
4.613817679902583180e-01 4.223682001877146486e-01 5.646782424481339158e-01 4.252578377427549960e-01 6.854639965362888665e-01 4.039358496005041044e-01 6.231398360886907239e-01 8.025007002070454476e-01 7.742813536210331193e-01 6.408777362463566885e-01 7.025601711744338118e-01 6.176969256436297684e-01 6.597211270405275441e-01 4.132876919004792038e-01 6.086872460734771284e-01 7.968094813304344992e-01 8.939014746152929014e-01 9.277034868474899332e-01 4.703981731169376568e-01 3.890326395963167316e-01 4.932895851805055298e-01 6.309419413959689305e-01 5.357399421409078100e-01 7.555955793669080212e-01 0.000000000000000000e+00 7.295731449719927708e-01 5.744015701343814229e-01 5.224763326517816164e-01 5.540182716101309524e-01 3.550249231334829947e-01 3.900614141571216997e-01 5.035770348405924635e-01 5.594706985226418627e-01 3.027330934395969786e-01 3.363837112647696803e-01
2.957976378340493318e-01 6.786501511848741508e-01 5.839281194670253861e-01 2.395089639365486356e-01 6.523100892287212460e-01 8.881137205857523309e-01 6.980254977973988639e-01 9.441451717484865558e-01 4.994305962991493764e-01 3.780821406604173984e-01 6.061480401101055904e-01 4.752286286973145257e-01 8.347360419469586068e-01 8.984967167600665938e-01 1.792401197286109804e-01 1.531639181946779504e-01 7.339333435510997372e-01 4.046166208595510794e-01 3.687501979414967712e-01 5.739888942528504900e-01 9.618283203248445545e-02 6.592907862343588832e-01 4.728277889887834151e-01 2.427726304815202019e-01 7.295731449719927708e-01 0.000000000000000000e+00 8.859228217022312446e-01 8.500372539739458055e-01 8.031760944612413855e-01 8.406508838550335039e-01 5.818579142125788195e-01 2.389025189057588650e-01 2.992782123227232249e-01 4.069052598006547283e-01 4.146592644187406251e-01
9.202563900165803279e-01 3.885377625166990812e-01 9.309551570942177223e-01 3.390042689780794483e-01 8.406524087066205020e-01 7.880271794388553630e-01 3.744576862676713969e-01 7.500892431093475476e-01 3.870199385501749689e-01 4.555139768085657570e-01 3.736261012738100185e-01 1.289771024359414042e-01 6.982791187930730281e-01 2.845716888807557909e-01 5.092318142743708087e-01 8.379104878697156700e-01 3.932661381298636627e-01 4.775044958716835319e-01 1.408449186526102848e-01 4.552516286659108458e-01 5.535339610641604180e-01 4.257487541426542843e-01 7.520869166484211998e-02 2.476706952929494943e-01 5.744015701343814229e-01 8.859228217022312446e-01 0.000000000000000000e+00 6.271391482970278819e-01 8.469619404321560019e-02 5.636012874729627864e-01 8.157218195325590671e-01 1.684746296957315703e-01 5.636112531423231875e-01 6.977699161546975226e-01 6.015932009051594420e-01
2.179656204849781398e-01 3.719598494639014818e-01 2.006299138109197688e-01 4.381271149159062239e-01 1.677762375122262561e-01 7.087613199564746225e-01 5.559672715956316402e-01 6.749676626073417562e-01 4.854651988152317577e-01 7.207139242708775484e-01 8.796056089953423474e-01 7.031536754387801569e-01 8.768726100867959561e-01 1.516194921234023107e-01 7.918752468187194582e-01 7.598753041979774414e-01 5.406643799121095828e-01 9.796039698508115512e-01 5.257858554721346334e-01 8.332525992674491011e-01 7.306757004225973295e-01 2.461371395259606132e-01 8.885136129978732367e-01 4.103100667181851513e-01 5.224763326517816164e-01 8.500372539739458055e-01 6.271391482970278819e-01 0.000000000000000000e+00 3.418263860408248811e-01 8.015954330026553443e-02 4.804731128799590856e-01 2.497575413764367980e-01 5.413059740220180771e-01 3.847369905586318084e-01 2.033149491117780538e-01
8.066897555419820787e-01 6.676358860096222037e-01 5.361834603437032332e-01 7.204049258408575795e-01 9.033325766455142514e-01 2.495910520342526917e-01 8.038055950042466424e-01 3.567985614049782317e-01 8.645751808076537204e-01 7.343773807830982214e-01 5.250049151769629052e-01 5.022759350549932389e-01 5.404834059581729022e-01 6.295739398156792177e-01 3.038042339981623652e-01 4.798926595741499490e-01 3.390603575741460984e-01 5.078314193718759251e-01 6.584707300467200763e-01 8.915704655050716854e-01 4.922384909560490462e-01 8.252795579484863975e-01 5.149393295689844718e-01 4.299934639732426733e-01 5.540182716101309524e-01 8.031760944612413855e-01 8.469619404321560019e-02 3.418263860408248811e-01 0.000000000000000000e+00 6.938681335699433683e-01 4.654396816905918555e-01 7.133260864050752215e-01 1.107124785942974476e-01 8.682386946363345182e-01 4.105788420533730831e-01
5.125627589601293721e-01 4.175575897027328232e-01 4.166393593404538742e-01 5.478489353730874312e-01 1.505871092126414013e-01 5.020650559271826463e-01 8.861799581860245745e-01 4.431981717794573061e-01 5.445779498991119016e-01 3.854525026381604436e-01 4.581641419070139887e-01 1.582879633847309453e-01 5.152015209964936338e-01 6.505463754833673562e-01 6.334413316154127171e-01 6.212228555746341918e-01 5.959185925564476349e-01 6.751844822058725715e-01 8.740765136075760999e-01 7.356859271159189584e-01 2.971142700885250898e-01 5.189745096384182910e-01 8.423941367789685719e-01 4.455141906968577148e-01 3.550249231334829947e-01 8.406508838550335039e-01 5.636012874729627864e-01 8.015954330026553443e-02 6.938681335699433683e-01 0.000000000000000000e+00 7.890228057373741555e-01 2.881329603016170582e-01 5.300033756544935137e-01 3.451397631148156453e-01 3.564463288509404637e-01
4.803300137513376589e-01 6.039605256859368332e-01 1.930357880416319061e-01 5.064711049278959321e-01 6.096071404401748328e-01 7.614538276847406806e-01 6.130810547018513690e-01 6.698110824985360479e-01 3.912846230598017172e-01 7.385943490351012386e-01 8.220257155359220747e-01 6.933719258473803881e-01 5.866602555103651584e-01 4.781573308003222444e-01 3.443294816004848768e-01 5.374932665660667741e-01 6.159153865577726705e-01 5.391769774453144537e-01 5.551930570456194980e-01 7.162693747364037300e-01 1.081718927736610159e-01 5.035058479078949878e-01 6.825312739463204048e-01 4.467270979033957090e-01 3.900614141571216997e-01 5.818579142125788195e-01 8.157218195325590671e-01 4.804731128799590856e-01 4.654396816905918555e-01 7.890228057373741555e-01 0.000000000000000000e+00 2.704883737673313693e-01 3.674542913277731304e-01 3.647026723137501425e-01 7.022298507075410701e-01
3.749563440778644896e-01 7.341475691930842151e-01 6.365369292450816507e-01 5.903313269471122116e-01 8.439020725259460676e-01 3.515644342329704575e-01 5.080344356979801246e-01 3.367667427661216739e-01 4.156814667571715471e-01 4.007032703835439191e-01 1.987724311560790658e-01 7.244211988897496513e-01 1.086565593326219714e-01 7.342654680167939318e-01 1.249913789785899176e-01 8.707774514310617775e-02 4.365202194692797688e-01 4.617783781007326338e-01 7.816313685328724059e-01 5.516513385131915914e-01 2.419749910824067207e-01 4.624290070619497817e-01 7.570555547084290016e-02 4.288776430264862327e-01 5.035770348405924635e-01 2.389025189057588650e-01 1.684746296957315703e-01 2.497575413764367980e-01 7.133260864050752215e-01 2.881329603016170582e-01 2.704883737673313693e-01 0.000000000000000000e+00 7.150904178027350788e-01 7.747799215899577874e-01 1.955806773734291015e-01
4.276731704173106219e-01 8.745146615216032870e-01 2.609560763059070032e-01 3.153594263029515510e-01 3.599913422379056316e-01 3.494439842152372577e-01 6.061622871396816770e-01 5.517088845538181685e-01 5.076319913491781355e-01 6.733157967972549507e-01 4.704118478508863554e-01 9.081339826217502686e-01 1.991700059247091259e-01 4.603083843071914538e-01 5.210669568761114867e-01 3.571686129635466278e-01 4.558133095833161175e-01 7.455249391112077628e-01 8.477479097498363814e-01 4.771676001820687185e-01 3.484984802797768122e-01 6.973322590833178625e-01 4.844469910065399842e-01 4.421699135029645289e-01 5.594706985226418627e-01 2.992782123227232249e-01 5.636112531423231875e-01 5.413059740220180771e-01 1.107124785942974476e-01 5.300033756544935137e-01 3.674542913277731304e-01 7.150904178027350788e-01 0.000000000000000000e+00 6.238347240482415845e-01 8.952594566105120943e-01
5.998918037900395905e-01 6.293850252277948254e-01 5.468769143799394605e-01 2.255362066302154522e-01 6.640419607843888183e-01 7.788104470319837658e-01 6.282054157466174793e-01 8.470956576375957559e-01 5.609605770012364712e-01 7.232264135042745234e-01 5.316335964990761553e-01 6.670196908803379676e-01 8.200890227198610605e-01 6.101204477281432226e-01 1.998719619112350188e-01 2.619457263846440842e-01 6.978518787130006951e-01 5.293829048185481057e-01 7.517676902105918657e-01 6.769688162041744839e-01 3.885316292218885526e-01 5.930853031611624804e-01 5.624260365598464650e-01 4.885811776568189102e-01 3.027330934395969786e-01 4.069052598006547283e-01 6.977699161546975226e-01 3.847369905586318084e-01 8.682386946363345182e-01 3.451397631148156453e-01 3.647026723137501425e-01 7.747799215899577874e-01 6.238347240482415845e-01 0.000000000000000000e+00 4.944563726708129936e-01
6.142716162707124727e-01 4.155138156188309395e-01 2.826485310303004095e-01 4.289954349501839959e-01 1.395841345936963407e-01 2.831997240033842234e-01 6.756035035026807245e-01 8.907563431453172642e-01 8.678680988338349778e-01 6.968779684607265823e-01 6.319923148688186831e-01 8.301592463181162174e-01 7.687505911982848161e-01 8.946951423633242584e-02 5.394984517482163122e-01 5.327214905837454051e-01 3.186808715477568166e-01 5.903057623528427111e-01 1.847383229721430431e-01 8.485551225206653392e-01 7.387180807537481186e-01 4.572802960073759637e-01 2.141863221172078946e-01 9.426519635695422838e-01 3.363837112647696803e-01 4.146592644187406251e-01 6.015932009051594420e-01 2.033149491117780538e-01 4.105788420533730831e-01 3.564463288509404637e-01 7.022298507075410701e-01 1.955806773734291015e-01 8.952594566105120943e-01 4.944563726708129936e-01 0.000000000000000000e+00
