0.000000000000000000e+00 6.739420398503117582e-01 5.823198938064970687e-01 6.754191510174230029e-01 7.252580115809410533e-01 7.904785136794865164e-01 6.370882140093678814e-01 6.656854795057471907e-01 3.091398880591222920e-01 6.741539874057730364e-01 1.238717821955778176e-01 6.002323025855089700e-01 5.885498299609162043e-01 5.141037138176384191e-01 6.457041568908039597e-01 2.088540150325096656e-01 4.997674710488190786e-01 7.481417319127612320e-01 4.180210401712575186e-01 3.013912696222044163e-01 5.161087035731042327e-01 3.410242625155471830e-01 7.297823925155551006e-01 4.045591847593414392e-01 8.463834962080709623e-01 9.558923239263630300e-01 9.862987847711515155e-01 2.774488203654614238e-01 9.349219521480711670e-01 4.223266767063981186e-01 5.232880369858092795e-01 2.852013933050097094e-01 6.924053815818185242e-01 6.594348023133986825e-01 6.776629358875198017e-01
6.739420398503117582e-01 0.000000000000000000e+00 4.186095509764668487e-01 2.411968555958561022e-01 4.779470660799467474e-01 2.733427012028587511e-01 6.404804846760170367e-02 3.348273869769760047e-01 2.674303478452799143e-01 5.710679774713290913e-01 1.568755525639869974e-01 6.496064247618846821e-01 4.416102881785455847e-01 2.319867118953989338e-01 7.575971446078575422e-01 6.516822668685200437e-01 5.468621867964424954e-01 4.532247969498168216e-01 8.110528280947396640e-01 4.978122446089175424e-01 4.101831418612237878e-01 7.171254227635067702e-01 4.473393529177588368e-01 4.963775575086137870e-01 4.727065554075545739e-01 3.173412490337184089e-01 6.390914723679751441e-01 3.778299379290038784e-01 2.703616829690380086e-01 5.129050320163126564e-01 3.842360863474804655e-01 5.475931152592480311e-01 7.964986847468271680e-01 6.420822480871586357e-01 4.181801313321937830e-01
5.823198938064970687e-01 4.186095509764668487e-01 0.000000000000000000e+00 1.628209087324016258e-01 4.420519955528904865e-01 6.421764201940898253e-01 5.556118607381956842e-01 4.578497970423345276e-01 5.777128189597027230e-01 7.910434594504958117e-01 6.184932706077479470e-01 8.670875957432687686e-01 3.094470070459861555e-01 8.307651317056847784e-01 4.073568087717487907e-01 4.325759613409507209e-01 1.160577395612876761e-01 5.119488431128396133e-01 5.268340425665839488e-01 6.952106591600692997e-01 5.178354938989861989e-01 1.797290275364357148e-01 4.906199602087722433e-01 2.532548853212129858e-01 2.121179727092069589e-01 5.729705243773348666e-01 7.812319182731730649e-01 5.619346686719626227e-01 4.585920544108941233e-01 4.345658857224189431e-01 3.875335569569130501e-01 3.286322997998183393e-01 5.706138992714494540e-01 3.439436109054143098e-01 6.966777060859892234e-01
6.754191510174230029e-01 2.411968555958561022e-01 1.628209087324016258e-01 0.000000000000000000e+00 5.536084183984766316e-01 3.170517858033438108e-01 4.061021720467885010e-01 2.552216567834085792e-01 3.791763598018075831e-01 5.758869122721111955e-01 6.523761744425142783e-01 5.143156266406360144e-01 6.518650632377236409e-01 2.643858289579782417e-01 7.677179071809110411e-01 3.135564336586518230e-01 4.315245388927360093e-01 1.030137340844590188e-01 8.438812816450667054e-01 5.711664581887603287e-01 4.568772968586461425e-01 1.174371195240627719e-01 5.120167494662162255e-01 5.797561102769178687e-01 5.824670851654785153e-01 4.700423109580149639e-01 2.714435736575590008e-01 5.077310939112420485e-01 6.724485283425749582e-01 7.842153089477237327e-01 6.293460623594149261e-03 3.285438411341076170e-01 3.370213187865807591e-01 5.384333296525434243e-01 4.585562459933729684e-01
7.252580115809410533e-01 4.779470660799467474e-01 4.420519955528904865e-01 5.536084183984766316e-01 0.000000000000000000e+00 5.026295489520661297e-01 7.591652301206639475e-01 4.146459071089672044e-01 1.962880037244055798e-01 2.320917083713199824e-01 8.922162181720538765e-01 3.149891554725474663e-01 1.800090015774058472e-01 4.039592827526740648e-01 8.303685674572069964e-01 1.563966896593422806e-01 1.900798208542449075e-01 5.017981029850119290e-01 3.190068575997166977e-01 4.260032439362866352e-01 4.435793590847286749e-01 5.736440351742005950e-01 8.619990641059526171e-01 9.905477720901711969e-02 1.604697895107525252e-01 1.781620364741538509e-01 2.123134132056823109e-01 1.525322714356954212e-01 5.228348968532560148e-01 3.537348569643045670e-01 7.142474485331122835e-01 3.719108504788363190e-01 7.604390704159034176e-01 4.624990939018965852e-01 8.008674593474804926e-01
7.904785136794865164e-01 2.733427012028587511e-01 6.421764201940898253e-01 3.170517858033438108e-01 5.026295489520661297e-01 0.000000000000000000e+00 4.030877283243210485e-01 5.646406598153453915e-01 9.169425158373394336e-01 2.026047311561220976e-01 7.702978226797988492e-01 2.025895143733202342e-01 5.484344346190865860e-01 6.133294564488047662e-01 3.521077390997491285e-01 6.730319147670251745e-01 5.000529762598023842e-01 3.210859898427426140e-01 5.525189347234313875e-01 4.033278341259980415e-01 1.470803224744603455e-01 4.525377812215921058e-01 8.338885174461931893e-01 6.884579116189195602e-01 5.033175933884412867e-01 3.691118874151714246e-01 7.944332195593697410e-01 5.339839072976111378e-01 5.916891497860917726e-01 7.699214867599408763e-01 1.507499951960793450e-01 5.529931260515403846e-01 3.272560764519708565e-01 7.260140283946600048e-01 6.318645931247286462e-01
6.370882140093678814e-01 6.404804846760170367e-02 5.556118607381956842e-01 4.061021720467885010e-01 7.591652301206639475e-01 4.030877283243210485e-01 0.000000000000000000e+00 3.355300454665223753e-01 8.745230751834061067e-01 7.465269942824637184e-01 9.414013340581772749e-02 4.414305505306707067e-01 4.488294533506214101e-01 4.802440507041413342e-01 7.030184323354737863e-01 8.610525406891313960e-01 7.767963240835984440e-01 7.472852465351735862e-01 5.618370558883044596e-01 2.287874503286051464e-01 5.082674089915304450e-01 3.320190533762437113e-01 5.694564564481562341e-01 3.594781019972109748e-01 5.555636218576611718e-01 4.325401368660423684e-01 5.313519390366319151e-01 8.689878670939394922e-01 6.708224711860152345e-01 5.271692567964921805e-01 5.498989507079361516e-01 9.738974063937760883e-02 2.172909892009583510e-01 2.057502880968165027e-02 7.661567585688433546e-01
6.656854795057471907e-01 3.348273869769760047e-01 4.578497970423345276e-01 2.552216567834085792e-01 4.146459071089672044e-01 5.646406598153453915e-01 3.355300454665223753e-01 0.000000000000000000e+00 3.030902611860288309e-01 4.759109355253377527e-01 4.951083275573136544e-01 4.697719860699088312e-01 5.568739705547975927e-01 2.054395778969689279e-01 4.122162292797225680e-01 4.851748050206834972e-01 6.047247950435129527e-01 5.573302201293636182e-01 1.664552327896061112e-01 4.893909458161587178e-01 7.763535746349757849e-01 5.394977262270933549e-01 7.549469001299631277e-01 6.200874487401530910e-01 3.537978253599419753e-01 4.762384760446656262e-01 5.857886261003187878e-01 7.521218272065792743e-01 4.213899406944924819e-01 2.426996586539968970e-01 6.996783748545272186e-01 5.877096635270349090e-01 7.265114964859500368e-01 3.677066177263594859e-01 4.524946044279683499e-01
3.091398880591222920e-01 2.674303478452799143e-01 5.777128189597027230e-01 3.791763598018075831e-01 1.962880037244055798e-01 9.169425158373394336e-01 8.745230751834061067e-01 3.030902611860288309e-01 0.000000000000000000e+00 8.068400318480034583e-02 6.467305087501646899e-01 3.362020916996986131e-01 2.745346189511090329e-01 8.352088703347287924e-01 5.535073506906631469e-01 2.002374176415365747e-01 8.065918300862303658e-01 8.725965785996423474e-01 8.972273151653828993e-01 8.113365737347141282e-01 6.220313331517409727e-01 6.274474126611885305e-01 6.699705491327747620e-01 4.007489204257750348e-01 7.633914553270984005e-01 5.149571771027066092e-01 6.992147184816791539e-01 6.966795792062211445e-01 8.463725997152783398e-01 6.130019307691465524e-01 2.457220682725129168e-01 2.281708130962848691e-01 4.157468449477128569e-01 6.547098009047600531e-01 2.679931526112281359e-01
6.741539874057730364e-01 5.710679774713290913e-01 7.910434594504958117e-01 5.758869122721111955e-01 2.320917083713199824e-01 2.026047311561220976e-01 7.465269942824637184e-01 4.759109355253377527e-01 8.068400318480034583e-02 0.000000000000000000e+00 8.823277286553896648e-01 7.519306494726898382e-01 7.203646866901899370e-01 7.504887845705372484e-01 5.045492458782804279e-01 5.653825224329939170e-01 6.344598609660516697e-01 8.742849273590784787e-01 4.256080302428466022e-01 4.258332303682451636e-01 4.988836615627312288e-01 7.745932667469828115e-01 5.336810765382408173e-01 5.797004516642902949e-01 6.384797630315708350e-01 3.384945107563748223e-01 4.607367708529080952e-01 2.806344273122560740e-01 1.545933285472414487e-01 6.775363140987920030e-01 6.579074741755830402e-01 7.008182462086840481e-01 7.196350160631889148e-01 5.718445265195490901e-01 2.294959654233571511e-01
1.238717821955778176e-01 1.568755525639869974e-01 6.184932706077479470e-01 6.523761744425142783e-01 8.922162181720538765e-01 7.702978226797988492e-01 9.414013340581772749e-02 4.951083275573136544e-01 6.467305087501646899e-01 8.823277286553896648e-01 0.000000000000000000e+00 3.227751108050027629e-01 5.413180154841348291e-01 5.404366057599283568e-01 6.084728294392655057e-01 2.750436828801031686e-01 3.906751770828387205e-01 6.941935357806381379e-01 4.471216283802003644e-01 4.944043964884369258e-01 4.650185930950162527e-01 5.333131338296263069e-01 3.189625058332317131e-01 6.227549099665203869e-01 5.364999905020271243e-01 2.558923840797123206e-01 3.885476571561835568e-01 6.300207547559593113e-01 4.846548569467212242e-01 4.864749374235289303e-01 6.605849148174056662e-01 4.125591331227178027e-01 3.844037819017166457e-01 1.284655601557795901e-01 5.017520458079263168e-01
6.002323025855089700e-01 6.496064247618846821e-01 8.670875957432687686e-01 5.143156266406360144e-01 3.149891554725474663e-01 2.025895143733202342e-01 4.414305505306707067e-01 4.697719860699088312e-01 3.362020916996986131e-01 7.519306494726898382e-01 3.227751108050027629e-01 0.000000000000000000e+00 7.176074045626894549e-01 5.436660975829641362e-01 1.592923635090546242e-01 9.270971179046250121e-01 5.579315393784605170e-01 4.487312341821257933e-01 5.856038602241137037e-01 5.136682309361496612e-01 6.730086598778843854e-01 2.177669003459966612e-01 2.679794006483617874e-01 3.237860567616018814e-02 5.835901579609329426e-01 5.521243706408689444e-01 7.599697012938249063e-01 5.087983217403451164e-01 6.108646616530837292e-01 4.430422285484148515e-01 3.711027228026477776e-01 5.862924291585500658e-01 4.701634760065990792e-01 1.793273890806534876e-01 5.564495579242906276e-01
5.885498299609162043e-01 4.416102881785455847e-01 3.094470070459861555e-01 6.518650632377236409e-01 1.800090015774058472e-01 5.484344346190865860e-01 4.488294533506214101e-01 5.568739705547975927e-01 2.745346189511090329e-01 7.203646866901899370e-01 5.413180154841348291e-01 7.176074045626894549e-01 0.000000000000000000e+00 5.521813047356729509e-01 2.665435745060971695e-01 3.444334486985786148e-01 8.230088804774395861e-01 3.751785081313265269e-01 3.705357476715394061e-01 3.359428988990706966e-01 4.420872015044683412e-01 5.046811233465104962e-01 5.528087421623879560e-01 6.166010844264824264e-01 4.559852899741602683e-01 4.751743365427984478e-01 3.809954396525088716e-01 2.406902120582234961e-01 5.899595060078712816e-01 7.696486707307804709e-01 3.937634736101076616e-01 5.015618895420149714e-01 1.073897089322627396e-01 7.978417997623261648e-01 4.251861137237142874e-01
5.141037138176384191e-01 2.319867118953989338e-01 8.307651317056847784e-01 2.643858289579782417e-01 4.039592827526740648e-01 6.133294564488047662e-01 4.802440507041413342e-01 2.054395778969689279e-01 8.352088703347287924e-01 7.504887845705372484e-01 5.404366057599283568e-01 5.436660975829641362e-01 5.521813047356729509e-01 0.000000000000000000e+00 7.293248068349977853e-02 5.608125815247693158e-01 4.707119000077917836e-01 2.283948673775917371e-01 2.042676971638937578e-01 7.163246425033489295e-01 7.685627733633479952e-01 3.822550599921822889e-01 6.360745568803350958e-01 8.757168929074732322e-01 6.174237241584967784e-01 3.741373380278975036e-01 3.759349211150223580e-01 9.305792248513071740e-01 2.180691600933373220e-01 3.078530408761780413e-01 4.949529148868579420e-01 1.587791058932228605e-01 6.652125266179162999e-01 2.327977300867267729e-01 3.413693473193251116e-01
6.457041568908039597e-01 7.575971446078575422e-01 4.073568087717487907e-01 7.677179071809110411e-01 8.303685674572069964e-01 3.521077390997491285e-01 7.030184323354737863e-01 4.122162292797225680e-01 5.535073506906631469e-01 5.045492458782804279e-01 6.084728294392655057e-01 1.592923635090546242e-01 2.665435745060971695e-01 7.293248068349977853e-02 0.000000000000000000e+00 9.186620917847256873e-01 4.726329825774379656e-01 3.235001063538989197e-01 3.450794984210148741e-01 8.752725368867962930e-01 5.490841386772217225e-01 8.533469760931009507e-01 6.693489670285636128e-01 2.400377068864928409e-01 7.033174236585344463e-01 3.480616262858651222e-01 7.450428994972583263e-01 2.008711387853832075e-01 6.017866511749467850e-01 9.700617919717682280e-01 4.620538389804261792e-01 8.699120143585933329e-01 5.141746913605410585e-01 4.272443092587441815e-01 1.533384007709510666e-01
2.088540150325096656e-01 6.516822668685200437e-01 4.325759613409507209e-01 3.135564336586518230e-01 1.563966896593422806e-01 6.730319147670251745e-01 8.610525406891313960e-01 4.851748050206834972e-01 2.002374176415365747e-01 5.653825224329939170e-01 2.750436828801031686e-01 9.270971179046250121e-01 3.444334486985786148e-01 5.608125815247693158e-01 9.186620917847256873e-01 0.000000000000000000e+00 2.653484156039918052e-01 6.384634092190900612e-01 8.818441370015785985e-01 3.982204566279723412e-02 1.733222138699354042e-01 6.900160413471290166e-01 8.143688514707642101e-01 7.769197317922512669e-01 7.942130202240239578e-01 8.870132423766605712e-01 2.803498378135316216e-01 8.398646147710611132e-01 2.343283289362312338e-01 4.299958701340136358e-01 5.508254062337707424e-01 2.948928685655259896e-01 4.466539399211584271e-01 7.246812290436774884e-01 2.913499344210404018e-01
4.997674710488190786e-01 5.468621867964424954e-01 1.160577395612876761e-01 4.315245388927360093e-01 1.900798208542449075e-01 5.000529762598023842e-01 7.767963240835984440e-01 6.047247950435129527e-01 8.065918300862303658e-01 6.344598609660516697e-01 3.906751770828387205e-01 5.579315393784605170e-01 8.230088804774395861e-01 4.707119000077917836e-01 4.726329825774379656e-01 2.653484156039918052e-01 0.000000000000000000e+00 5.069337198248977661e-01 3.965200655716368816e-01 7.693686591779795858e-01 5.774258421452493906e-01 6.198871496505149459e-01 6.175996642455363617e-01 8.001053047854536082e-01 2.745945610825205607e-01 6.199902349109276400e-01 6.130996688603378431e-01 7.371779465372363394e-01 4.038390242520475404e-01 6.589335945788141746e-01 8.710550290359631020e-01 6.267543921416797170e-01 6.660369321704930901e-01 3.632721386214950998e-01 6.058698788985465988e-01
7.481417319127612320e-01 4.532247969498168216e-01 5.119488431128396133e-01 1.030137340844590188e-01 5.017981029850119290e-01 3.210859898427426140e-01 7.472852465351735862e-01 5.573302201293636182e-01 8.725965785996423474e-01 8.742849273590784787e-01 6.941935357806381379e-01 4.487312341821257933e-01 3.751785081313265269e-01 2.283948673775917371e-01 3.235001063538989197e-01 6.384634092190900612e-01 5.069337198248977661e-01 0.000000000000000000e+00 6.085734729387975994e-01 5.207695544874263449e-01 6.468909081558598118e-01 6.691507461838523962e-01 3.307804027662174517e-01 7.967239366065679285e-01 7.335140652168543607e-01 4.091021791987186074e-01 8.648170582287038055e-01 6.139647330929657310e-01 8.763190825418045726e-01 6.872892579625919929e-01 3.613459425569678363e-01 4.234752847398350339e-01 2.608510005727574521e-01 3.385920008962507444e-01 5.142944674466526367e-01
4.180210401712575186e-01 8.110528280947396640e-01 5.268340425665839488e-01 8.438812816450667054e-01 3.190068575997166977e-01 5.525189347234313875e-01 5.618370558883044596e-01 1.664552327896061112e-01 8.972273151653828993e-01 4.256080302428466022e-01 4.471216283802003644e-01 5.856038602241137037e-01 3.705357476715394061e-01 2.042676971638937578e-01 3.450794984210148741e-01 8.818441370015785985e-01 3.965200655716368816e-01 6.085734729387975994e-01 0.000000000000000000e+00 3.056094636793706965e-01 7.771233399356844984e-01 6.222278054643186618e-01 6.951386239945029910e-01 4.132489583601676730e-01 7.667986858919284554e-01 5.227933750226136933e-01 1.964113360356304350e-01 5.504740440930222523e-02 7.503249786370735919e-01 5.363470098707996403e-01 5.504732443930648866e-01 7.146446491085506336e-01 8.873680035569144753e-01 6.201453893219931457e-01 7.956848967178294929e-01
3.013912696222044163e-01 4.978122446089175424e-01 6.952106591600692997e-01 5.711664581887603287e-01 4.260032439362866352e-01 4.033278341259980415e-01 2.287874503286051464e-01 4.893909458161587178e-01 8.113365737347141282e-01 4.258332303682451636e-01 4.944043964884369258e-01 5.136682309361496612e-01 3.359428988990706966e-01 7.163246425033489295e-01 8.752725368867962930e-01 3.982204566279723412e-02 7.693686591779795858e-01 5.207695544874263449e-01 3.056094636793706965e-01 0.000000000000000000e+00 3.920109857564136324e-01 5.173392299998993415e-01 4.340412415364082177e-01 9.067379051412727264e-01 2.474969593523048683e-01 7.097538323995478127e-01 2.222617507949089521e-01 4.954964495112486045e-01 5.886287079370080555e-01 5.120866131447674441e-01 1.122350665027365135e-01 5.867899867712551565e-01 4.306109546739678162e-02 5.110202316145142643e-01 8.736290657255116887e-01
5.161087035731042327e-01 4.101831418612237878e-01 5.178354938989861989e-01 4.568772968586461425e-01 4.435793590847286749e-01 1.470803224744603455e-01 5.082674089915304450e-01 7.763535746349757849e-01 6.220313331517409727e-01 4.988836615627312288e-01 4.650185930950162527e-01 6.730086598778843854e-01 4.420872015044683412e-01 7.685627733633479952e-01 5.490841386772217225e-01 1.733222138699354042e-01 5.774258421452493906e-01 6.468909081558598118e-01 7.771233399356844984e-01 3.920109857564136324e-01 0.000000000000000000e+00 7.700519638809285583e-01 6.283706336819319116e-01 5.201252099794251293e-01 6.247128178170008317e-01 6.603717004045840389e-01 8.559641724213561398e-01 6.128835894179400778e-01 4.816025033616400663e-01 5.502444466992818528e-01 9.448107419216811298e-02 8.494913081685200318e-01 7.045258075363460826e-01 6.757129425872534512e-01 2.071362317625278227e-01
3.410242625155471830e-01 7.171254227635067702e-01 1.797290275364357148e-01 1.174371195240627719e-01 5.736440351742005950e-01 4.525377812215921058e-01 3.320190533762437113e-01 5.394977262270933549e-01 6.274474126611885305e-01 7.745932667469828115e-01 5.333131338296263069e-01 2.177669003459966612e-01 5.046811233465104962e-01 3.822550599921822889e-01 8.533469760931009507e-01 6.900160413471290166e-01 6.198871496505149459e-01 6.691507461838523962e-01 6.222278054643186618e-01 5.173392299998993415e-01 7.700519638809285583e-01 0.000000000000000000e+00 8.872416613237614769e-01 3.528459159445507809e-01 5.088307941022016667e-01 7.811622747899786834e-01 3.984709886861209638e-01 3.517289486234261853e-01 6.461889892202520302e-01 6.765863883815286250e-01 5.731993028110395905e-01 5.501108955236484466e-01 4.930006356136336088e-01 4.818357412575459131e-01 8.673116235190001522e-01
7.297823925155551006e-01 4.473393529177588368e-01 4.906199602087722433e-01 5.120167494662162255e-01 8.619990641059526171e-01 8.338885174461931893e-01 5.694564564481562341e-01 7.549469001299631277e-01 6.699705491327747620e-01 5.336810765382408173e-01 3.189625058332317131e-01 2.679794006483617874e-01 5.528087421623879560e-01 6.360745568803350958e-01 6.693489670285636128e-01 8.143688514707642101e-01 6.175996642455363617e-01 3.307804027662174517e-01 6.951386239945029910e-01 4.340412415364082177e-01 6.283706336819319116e-01 8.872416613237614769e-01 0.000000000000000000e+00 5.548270298120475674e-01 4.576019753599371298e-01 9.177969417723731427e-01 3.908377684705667265e-01 7.419910058065870562e-01 3.999706994505906055e-01 1.371856494888408218e-01 3.286158212090294906e-01 6.136682928920434987e-01 2.238425184065109264e-01 2.474139793928427644e-01 9.867639467529696340e-01
4.045591847593414392e-01 4.963775575086137870e-01 2.532548853212129858e-01 5.797561102769178687e-01 9.905477720901711969e-02 6.884579116189195602e-01 3.594781019972109748e-01 6.200874487401530910e-01 4.007489204257750348e-01 5.797004516642902949e-01 6.227549099665203869e-01 3.237860567616018814e-02 6.166010844264824264e-01 8.757168929074732322e-01 2.400377068864928409e-01 7.769197317922512669e-01 8.001053047854536082e-01 7.967239366065679285e-01 4.132489583601676730e-01 9.067379051412727264e-01 5.201252099794251293e-01 3.528459159445507809e-01 5.548270298120475674e-01 0.000000000000000000e+00 5.192590574751587695e-01 4.942606917316701431e-01 3.317983690548624298e-01 8.043098351134637669e-01 2.082199215323268238e-01 4.503805243128056190e-01 9.289570444538974847e-01 5.526179483194737507e-01 8.381790461671410064e-01 5.479300490160029513e-01 2.795105115091354175e-01
8.463834962080709623e-01 4.727065554075545739e-01 2.121179727092069589e-01 5.824670851654785153e-01 1.604697895107525252e-01 5.033175933884412867e-01 5.555636218576611718e-01 3.537978253599419753e-01 7.633914553270984005e-01 6.384797630315708350e-01 5.364999905020271243e-01 5.835901579609329426e-01 4.559852899741602683e-01 6.174237241584967784e-01 7.033174236585344463e-01 7.942130202240239578e-01 2.745945610825205607e-01 7.335140652168543607e-01 7.667986858919284554e-01 2.474969593523048683e-01 6.247128178170008317e-01 5.088307941022016667e-01 4.576019753599371298e-01 5.192590574751587695e-01 0.000000000000000000e+00 7.263149409404933143e-01 4.563595185359138884e-01 7.230383393676251824e-01 3.357286814982486933e-01 8.333312288271926827e-01 2.899775693056483306e-01 3.631216677833084550e-01 4.128623054655498059e-01 2.689904093647205174e-01 4.158897483041154031e-01
9.558923239263630300e-01 3.173412490337184089e-01 5.729705243773348666e-01 4.700423109580149639e-01 1.781620364741538509e-01 3.691118874151714246e-01 4.325401368660423684e-01 4.762384760446656262e-01 5.149571771027066092e-01 3.384945107563748223e-01 2.558923840797123206e-01 5.521243706408689444e-01 4.751743365427984478e-01 3.741373380278975036e-01 3.480616262858651222e-01 8.870132423766605712e-01 6.199902349109276400e-01 4.091021791987186074e-01 5.227933750226136933e-01 7.097538323995478127e-01 6.603717004045840389e-01 7.811622747899786834e-01 9.177969417723731427e-01 4.942606917316701431e-01 7.263149409404933143e-01 0.000000000000000000e+00 4.156683974721590014e-01 3.394299738277568035e-01 1.055747390096827276e-01 9.250931545040783632e-01 5.837239050925567829e-01 5.322517337477588040e-01 2.417303219626634747e-01 4.030616607355638759e-01 4.960461700636965565e-01
9.862987847711515155e-01 6.390914723679751441e-01 7.812319182731730649e-01 2.714435736575590008e-01 2.123134132056823109e-01 7.944332195593697410e-01 5.313519390366319151e-01 5.857886261003187878e-01 6.992147184816791539e-01 4.607367708529080952e-01 3.885476571561835568e-01 7.599697012938249063e-01 3.809954396525088716e-01 3.759349211150223580e-01 7.450428994972583263e-01 2.803498378135316216e-01 6.130996688603378431e-01 8.648170582287038055e-01 1.964113360356304350e-01 2.222617507949089521e-01 8.559641724213561398e-01 3.984709886861209638e-01 3.908377684705667265e-01 3.317983690548624298e-01 4.563595185359138884e-01 4.156683974721590014e-01 0.000000000000000000e+00 4.173081362636926750e-01 6.536068288110737923e-01 6.829229795460177721e-01 7.294361072102030219e-01 4.018518307411487189e-01 7.119632119108078028e-01 5.387123484410809571e-01 2.412910041440271547e-01
2.774488203654614238e-01 3.778299379290038784e-01 5.619346686719626227e-01 5.077310939112420485e-01 1.525322714356954212e-01 5.339839072976111378e-01 8.689878670939394922e-01 7.521218272065792743e-01 6.966795792062211445e-01 2.806344273122560740e-01 6.300207547559593113e-01 5.087983217403451164e-01 2.406902120582234961e-01 9.305792248513071740e-01 2.008711387853832075e-01 8.398646147710611132e-01 7.371779465372363394e-01 6.139647330929657310e-01 5.504740440930222523e-02 4.954964495112486045e-01 6.128835894179400778e-01 3.517289486234261853e-01 7.419910058065870562e-01 8.043098351134637669e-01 7.230383393676251824e-01 3.394299738277568035e-01 4.173081362636926750e-01 0.000000000000000000e+00 3.286793608333576922e-01 5.823110002537034147e-01 6.260085751218941175e-01 9.302364604258468450e-01 5.442225785436518581e-01 4.368219322956080064e-01 9.343940674876149988e-01
9.349219521480711670e-01 2.703616829690380086e-01 4.585920544108941233e-01 6.724485283425749582e-01 5.228348968532560148e-01 5.916891497860917726e-01 6.708224711860152345e-01 4.213899406944924819e-01 8.463725997152783398e-01 1.545933285472414487e-01 4.846548569467212242e-01 6.108646616530837292e-01 5.899595060078712816e-01 2.180691600933373220e-01 6.017866511749467850e-01 2.343283289362312338e-01 4.038390242520475404e-01 8.763190825418045726e-01 7.503249786370735919e-01 5.886287079370080555e-01 4.816025033616400663e-01 6.461889892202520302e-01 3.999706994505906055e-01 2.082199215323268238e-01 3.357286814982486933e-01 1.055747390096827276e-01 6.536068288110737923e-01 3.286793608333576922e-01 0.000000000000000000e+00 6.408576344567440408e-01 7.078685131785702467e-01 1.408973420611582816e-01 8.702799171538959655e-01 2.634509306363004288e-01 5.531780460423274537e-01
4.223266767063981186e-01 5.129050320163126564e-01 4.345658857224189431e-01 7.842153089477237327e-01 3.537348569643045670e-01 7.699214867599408763e-01 5.271692567964921805e-01 2.426996586539968970e-01 6.130019307691465524e-01 6.775363140987920030e-01 4.864749374235289303e-01 4.430422285484148515e-01 7.696486707307804709e-01 3.078530408761780413e-01 9.700617919717682280e-01 4.299958701340136358e-01 6.589335945788141746e-01 6.872892579625919929e-01 5.363470098707996403e-01 5.120866131447674441e-01 5.502444466992818528e-01 6.765863883815286250e-01 1.371856494888408218e-01 4.503805243128056190e-01 8.333312288271926827e-01 9.250931545040783632e-01 6.829229795460177721e-01 5.823110002537034147e-01 6.408576344567440408e-01 0.000000000000000000e+00 5.505233639828479575e-01 1.542573546124033634e-01 6.772517662113395343e-01 5.638703809262224365e-01 6.045250191490048053e-01
5.232880369858092795e-01 3.842360863474804655e-01 3.875335569569130501e-01 6.293460623594149261e-03 7.142474485331122835e-01 1.507499951960793450e-01 5.498989507079361516e-01 6.996783748545272186e-01 2.457220682725129168e-01 6.579074741755830402e-01 6.605849148174056662e-01 3.711027228026477776e-01 3.937634736101076616e-01 4.949529148868579420e-01 4.620538389804261792e-01 5.508254062337707424e-01 8.710550290359631020e-01 3.613459425569678363e-01 5.504732443930648866e-01 1.122350665027365135e-01 9.448107419216811298e-02 5.731993028110395905e-01 3.286158212090294906e-01 9.289570444538974847e-01 2.899775693056483306e-01 5.837239050925567829e-01 7.294361072102030219e-01 6.260085751218941175e-01 7.078685131785702467e-01 5.505233639828479575e-01 0.000000000000000000e+00 3.809877221071827913e-01 5.291168244050822311e-01 4.524379391721883303e-01 5.150513380530994390e-01
2.852013933050097094e-01 5.475931152592480311e-01 3.286322997998183393e-01 3.285438411341076170e-01 3.719108504788363190e-01 5.529931260515403846e-01 9.738974063937760883e-02 5.877096635270349090e-01 2.281708130962848691e-01 7.008182462086840481e-01 4.125591331227178027e-01 5.862924291585500658e-01 5.015618895420149714e-01 1.587791058932228605e-01 8.699120143585933329e-01 2.948928685655259896e-01 6.267543921416797170e-01 4.234752847398350339e-01 7.146446491085506336e-01 5.867899867712551565e-01 8.494913081685200318e-01 5.501108955236484466e-01 6.136682928920434987e-01 5.526179483194737507e-01 3.631216677833084550e-01 5.322517337477588040e-01 4.018518307411487189e-01 9.302364604258468450e-01 1.408973420611582816e-01 1.542573546124033634e-01 3.809877221071827913e-01 0.000000000000000000e+00 4.945367497113463129e-01 7.810820423293485248e-01 1.534720017744352072e-01
6.924053815818185242e-01 7.964986847468271680e-01 5.706138992714494540e-01 3.370213187865807591e-01 7.604390704159034176e-01 3.272560764519708565e-01 2.172909892009583510e-01 7.265114964859500368e-01 4.157468449477128569e-01 7.196350160631889148e-01 3.844037819017166457e-01 4.701634760065990792e-01 1.073897089322627396e-01 6.652125266179162999e-01 5.141746913605410585e-01 4.466539399211584271e-01 6.660369321704930901e-01 2.608510005727574521e-01 8.873680035569144753e-01 4.306109546739678162e-02 7.045258075363460826e-01 4.930006356136336088e-01 2.238425184065109264e-01 8.381790461671410064e-01 4.128623054655498059e-01 2.417303219626634747e-01 7.119632119108078028e-01 5.442225785436518581e-01 8.702799171538959655e-01 6.772517662113395343e-01 5.291168244050822311e-01 4.945367497113463129e-01 0.000000000000000000e+00 2.473667369711698427e-01 5.585021699404322248e-01
6.594348023133986825e-01 6.420822480871586357e-01 3.439436109054143098e-01 5.384333296525434243e-01 4.624990939018965852e-01 7.260140283946600048e-01 2.057502880968165027e-02 3.677066177263594859e-01 6.547098009047600531e-01 5.718445265195490901e-01 1.284655601557795901e-01 1.793273890806534876e-01 7.978417997623261648e-01 2.327977300867267729e-01 4.272443092587441815e-01 7.246812290436774884e-01 3.632721386214950998e-01 3.385920008962507444e-01 6.201453893219931457e-01 5.110202316145142643e-01 6.757129425872534512e-01 4.818357412575459131e-01 2.474139793928427644e-01 5.479300490160029513e-01 2.689904093647205174e-01 4.030616607355638759e-01 5.387123484410809571e-01 4.368219322956080064e-01 2.634509306363004288e-01 5.638703809262224365e-01 4.524379391721883303e-01 7.810820423293485248e-01 2.473667369711698427e-01 0.000000000000000000e+00 8.800217283434270676e-01
6.776629358875198017e-01 4.181801313321937830e-01 6.966777060859892234e-01 4.585562459933729684e-01 8.008674593474804926e-01 6.318645931247286462e-01 7.661567585688433546e-01 4.524946044279683499e-01 2.679931526112281359e-01 2.294959654233571511e-01 5.017520458079263168e-01 5.564495579242906276e-01 4.251861137237142874e-01 3.413693473193251116e-01 1.533384007709510666e-01 2.913499344210404018e-01 6.058698788985465988e-01 5.142944674466526367e-01 7.956848967178294929e-01 8.736290657255116887e-01 2.071362317625278227e-01 8.673116235190001522e-01 9.867639467529696340e-01 2.795105115091354175e-01 4.158897483041154031e-01 4.960461700636965565e-01 2.412910041440271547e-01 9.343940674876149988e-01 5.531780460423274537e-01 6.045250191490048053e-01 5.150513380530994390e-01 1.534720017744352072e-01 5.585021699404322248e-01 8.800217283434270676e-01 0.000000000000000000e+00
