0.000000000000000000e+00 5.713899284932987266e-01 4.320049259978385736e-01 8.667677715551652673e-01 4.672498950642348103e-01 2.031479920647447646e-01 2.773892750137031404e-01 3.442406894379270721e-01 3.081259434431448119e-01 1.456232600195981330e-01 6.433566384953760542e-01 3.202172493155722166e-01 6.069420363186666112e-01 5.410025270908070949e-01 5.706162932056543236e-01 8.834439757795766734e-01 4.949893793151973198e-01 3.076842943262653174e-01 4.394306761657291172e-01 8.101989589506732869e-01 2.434781531580320901e-01 8.616659917298614690e-01 5.284071784966033469e-01 5.621109709936331633e-01 6.520397429553950186e-01 8.125239704323751200e-01 4.528451998241777021e-01 7.460887957647475144e-01 8.106601225903897756e-01 6.080308775659568621e-01 4.992035586101825628e-01 7.874284921542609172e-01 6.624882204206770098e-01 9.236832495353346495e-01 5.012871473166560232e-01
5.713899284932987266e-01 0.000000000000000000e+00 3.769163375833770591e-01 5.677452236665974095e-01 5.241701549649488978e-01 5.955960555201627038e-01 5.207227627862696107e-01 8.349019287036724135e-01 4.489999558063468843e-01 6.784155906330988639e-01 4.273057614222005585e-01 5.886453524474957177e-01 4.076898874459682909e-01 1.142809220958088678e-01 5.235330844886111334e-01 3.327397275739713556e-01 1.672205861124246296e-01 5.332090046240812731e-01 5.813418503017478978e-01 9.121439567620618361e-01 5.602046491320715749e-01 6.870451660655337855e-01 9.036165947211427518e-01 1.036400915018320656e-01 8.068517338014198348e-01 8.529472272289907453e-01 2.867795379637653186e-01 4.762675805459529177e-01 6.016433309659152684e-01 6.257921963408388244e-01 4.992714585126075688e-01 8.803318649666089790e-01 7.333807197159516456e-01 3.045263948791411268e-01 8.128478276163790817e-01
4.320049259978385736e-01 3.769163375833770591e-01 0.000000000000000000e+00 3.919895919875555634e-01 8.061834341284435101e-01 5.750149336771347430e-01 5.141892615538065092e-01 6.480781076492819759e-01 6.728981168462344620e-01 5.433614648233739963e-01 5.289689567546738136e-01 6.652902710777039985e-01 5.996347808335731333e-01 4.638728703940088738e-01 9.323644047911234800e-01 5.470826148443207471e-01 9.193315236451187200e-01 3.648373654777083974e-01 4.867827018736378131e-01 4.907845798618693522e-01 6.534481348769494158e-01 6.718211110008183162e-01 5.032701450076761951e-01 1.745194159200952333e-01 5.649635540020567781e-01 9.292798315385277785e-01 4.593901800957479464e-01 4.952898932257748243e-01 5.776119000671648962e-01 5.361204179898106936e-01 4.655858039328009124e-01 4.778336649666067304e-01 4.869502106836546274e-01 2.153635249057208600e-01 9.021925974948126203e-01
8.667677715551652673e-01 5.677452236665974095e-01 3.919895919875555634e-01 0.000000000000000000e+00 3.993806442679221913e-01 4.428462190792938902e-01 5.903625550736069094e-01 8.859198711332707532e-01 8.048207961927520415e-01 3.929528851322006133e-02 5.047867911925996154e-02 7.828239953646110028e-02 3.108137688933947929e-01 4.742057715105137961e-01 5.370067358564145632e-01 4.868239925253425859e-01 5.259686209067025997e-01 3.570718851962954021e-01 6.049190056377142799e-01 3.985086062549294539e-01 4.991553772769122266e-01 7.250389323348036541e-01 5.943522211724057147e-01 5.338434375299095924e-01 1.701706387990646885e-01 1.176800526481216469e-01 2.276002129693625031e-01 2.273438230776007318e-01 8.870056325595779834e-01 6.654625587972804457e-01 2.065472330297548620e-01 6.053269199756131647e-01 8.750480043142743192e-01 2.298162167840953618e-01 4.954726240405358251e-01
4.672498950642348103e-01 5.241701549649488978e-01 8.061834341284435101e-01 3.993806442679221913e-01 0.000000000000000000e+00 7.278829023030989331e-01 8.391683018819295903e-01 2.516124950873072086e-01 3.814623891782652487e-01 3.380642915805761595e-01 5.429935022740467465e-01 4.486194028992890881e-01 6.936382761441672873e-01 9.069676932830568195e-01 4.619097119246038385e-01 1.719843553402676806e-01 4.609206495215480981e-01 3.742075745634076411e-01 5.476058105106123008e-01 2.605719450680302751e-01 4.408576871702850619e-01 7.896744572665770345e-02 7.009045749165156991e-01 6.125292584155460629e-01 4.567730556769858952e-01 7.442791251633822380e-01 8.158481746703836190e-01 5.363358163622117258e-01 7.704015106624044762e-01 7.738191676085823811e-01 6.088768279836327402e-01 6.137988619597675166e-01 6.402549253982549038e-01 8.748808165177137663e-01 8.768293689350772357e-01
2.031479920647447646e-01 5.955960555201627038e-01 5.750149336771347430e-01 4.428462190792938902e-01 7.278829023030989331e-01 0.000000000000000000e+00 5.490588337236294025e-01 4.996615330828851897e-01 7.481623726757991033e-01 7.604933114884462331e-01 3.622595016905697518e-01 7.602444099588461235e-01 5.233728346035785295e-01 4.606111499700186185e-01 7.296796813684756078e-01 4.611629471436380356e-01 6.322777694213592703e-01 2.125095292847223316e-01 7.415708676049697079e-01 8.605360555923957655e-01 4.496807667364022265e-01 8.619301658230751340e-01 8.300951168599237651e-01 3.138665342145985360e-01 5.727134838635279390e-01 3.509672207879011574e-01 3.605443903051062104e-01 2.081897033669584118e-01 3.578490771824350825e-01 7.263025139350203219e-01 4.604305792525534846e-01 4.116163857472116550e-01 3.634314175123550816e-01 4.395973388716885033e-01 1.822724560507275049e-01
2.773892750137031404e-01 5.207227627862696107e-01 5.141892615538065092e-01 5.903625550736069094e-01 8.391683018819295903e-01 5.490588337236294025e-01 0.000000000000000000e+00 5.416317317777459284e-01 5.147086417090510624e-01 4.619439381054507576e-01 5.723598614212290769e-01 4.674214307681388014e-01 5.132903905029099212e-01 8.699215014866914508e-01 1.407275916398510462e-01 7.421355471875641374e-01 7.298934163497958760e-01 5.362993646898721600e-01 6.561725664368364130e-01 5.863718076682431501e-01 3.956878889053493942e-01 3.431634044525231908e-01 8.373350572154540927e-01 8.549362983787958115e-01 5.594492016899569320e-01 7.207225427691906772e-01 6.557378256034350761e-01 5.168808506206314934e-01 7.301094687839753128e-01 6.742986250709639418e-01 7.553831453050241507e-01 4.946337945564696637e-01 3.532256561922906268e-01 6.645864298458663555e-01 4.365161695382071549e-01
3.442406894379270721e-01 8.349019287036724135e-01 6.480781076492819759e-01 8.859198711332707532e-01 2.516124950873072086e-01 4.996615330828851897e-01 5.416317317777459284e-01 0.000000000000000000e+00 4.469300360667233241e-01 5.392490494133161949e-01 6.568939923858456709e-01 6.394645673705730005e-01 5.527950514382460323e-01 1.965379835147975651e-01 3.006541629838757057e-01 7.595505245040208298e-01 8.479137518503342408e-01 5.596462803949553422e-01 8.203592831585235778e-01 9.282912130878577806e-01 6.045442641795598648e-01 8.788621600902711828e-01 3.404910516036826484e-01 9.115268156390402554e-01 6.963503854413346517e-01 7.111205511269200752e-01 7.914673118803471352e-01 7.369779240003981879e-02 7.383808569054084447e-01 7.294442499578108752e-01 2.865561216100885877e-01 4.716110487648645933e-01 6.590368692209247481e-01 5.298541534163316857e-01 5.427066154689308419e-01
3.081259434431448119e-01 4.489999558063468843e-01 6.728981168462344620e-01 8.048207961927520415e-01 3.814623891782652487e-01 7.481623726757991033e-01 5.147086417090510624e-01 4.469300360667233241e-01 0.000000000000000000e+00 7.566520244944787699e-01 6.927070965731300101e-01 4.166346013267599457e-01 4.250150314397080353e-01 1.950368896807598285e-01 8.780160497028124400e-01 7.255148191384388490e-01 3.144571335342331575e-01 5.154148499480318835e-01 1.077072367024951571e-01 3.608858412378841973e-01 3.191759026590690884e-01 5.883744300930837667e-01 9.325444228367605337e-01 3.563679599395112585e-01 4.135374897022459639e-01 4.774574393536787920e-01 2.503180296954047312e-01 5.187265610445767061e-01 8.495758878672931003e-01 4.289900481161759704e-01 7.340748524522775487e-01 7.435742730654009147e-01 2.506104051477195949e-01 7.010152193976226798e-01 4.473321125068787651e-01
1.456232600195981330e-01 6.784155906330988639e-01 5.433614648233739963e-01 3.929528851322006133e-02 3.380642915805761595e-01 7.604933114884462331e-01 4.619439381054507576e-01 5.392490494133161949e-01 7.566520244944787699e-01 0.000000000000000000e+00 4.131821163878286463e-01 7.321994677485232916e-01 4.516400999181000575e-01 8.703568255850748780e-01 8.711317716302353631e-01 3.855701875966899839e-01 3.431714673702784824e-01 4.376983034224383173e-01 3.724172874619484652e-01 8.588860829423031751e-01 4.807707480732607008e-01 6.077204134739029318e-01 6.628625492926476515e-01 6.855498570432760896e-01 7.651907558706028123e-02 8.550132923187967471e-01 8.803607609801356038e-01 8.086943807630661007e-01 5.218658159573510424e-01 8.208750031393807767e-01 8.753649064559391180e-01 1.443982089964883642e-01 4.466531908097386427e-01 5.261391702924227420e-01 5.668808564454215215e-01
6.433566384953760542e-01 4.273057614222005585e-01 5.289689567546738136e-01 5.047867911925996154e-02 5.429935022740467465e-01 3.622595016905697518e-01 5.723598614212290769e-01 6.568939923858456709e-01 6.927070965731300101e-01 4.131821163878286463e-01 0.000000000000000000e+00 4.428342262685511233e-01 2.799337212398067543e-01 8.392691705754760090e-01 7.633738770357205716e-01 4.817273705166167930e-01 8.322459567842462880e-01 6.672789861303146663e-01 5.696721521891235929e-01 8.103483795995106709e-01 5.088436298091061349e-01 4.853393754891575651e-01 7.546363216210593139e-01 1.584804484779676059e-01 7.437068842852170292e-01 8.462670655298506484e-01 3.958246687260293384e-01 6.775442461021752294e-01 5.485768321889994414e-01 6.756185771853466804e-01 1.602785250684198304e-01 4.329525632009656455e-01 3.277108834575175322e-01 8.089533756302291767e-01 9.422209992779626564e-01
3.202172493155722166e-01 5.886453524474957177e-01 6.652902710777039985e-01 7.828239953646110028e-02 4.486194028992890881e-01 7.602444099588461235e-01 4.674214307681388014e-01 6.394645673705730005e-01 4.166346013267599457e-01 7.321994677485232916e-01 4.428342262685511233e-01 0.000000000000000000e+00 6.049754158026530160e-01 1.415728012136538982e-01 4.572792647178660075e-01 4.525740820598681546e-01 6.635284885902688057e-01 8.910804476480298497e-01 7.507459982006362553e-01 6.976574895441650659e-01 3.626979098402306478e-01 4.160528221924978953e-01 2.547483435559713683e-01 4.164980942789485718e-01 6.023370952460018746e-01 7.163009746770728770e-01 5.109333480426627716e-01 7.205093981844603590e-01 6.736631887766644233e-01 8.117700322211051089e-01 6.090561924182162912e-01 5.793387236592428824e-02 8.094460703451106243e-01 4.245528957552974214e-01 4.535202450117153394e-01
6.069420363186666112e-01 4.076898874459682909e-01 5.996347808335731333e-01 3.108137688933947929e-01 6.936382761441672873e-01 5.233728346035785295e-01 5.132903905029099212e-01 5.527950514382460323e-01 4.250150314397080353e-01 4.516400999181000575e-01 2.799337212398067543e-01 6.049754158026530160e-01 0.000000000000000000e+00 2.292140020938290834e-01 6.831983704781532385e-01 2.428117850769576647e-01 3.199305492538571105e-01 2.057748775626745408e-01 4.377616327378146543e-01 7.706165786479111102e-01 7.466087085191546180e-01 6.420244117330051736e-01 7.749152428029321138e-01 6.309105526218300453e-01 7.791594686965663819e-01 4.723708694704867317e-01 7.820036609366649571e-01 9.035625631016888093e-01 3.408023959873649478e-01 7.730510558149822353e-01 4.563374575441022651e-01 9.327695001944984465e-01 2.155722216087130327e-01 8.195901100437048559e-01 4.866819045669582011e-01
5.410025270908070949e-01 1.142809220958088678e-01 4.638728703940088738e-01 4.742057715105137961e-01 9.069676932830568195e-01 4.606111499700186185e-01 8.699215014866914508e-01 1.965379835147975651e-01 1.950368896807598285e-01 8.703568255850748780e-01 8.392691705754760090e-01 1.415728012136538982e-01 2.292140020938290834e-01 0.000000000000000000e+00 4.775676854171394536e-01 6.582406669175475677e-01 6.261309324603432369e-01 4.690268464891747535e-01 8.043700640796564993e-01 3.138854949697973407e-01 2.690864538173062259e-01 6.281486861416067935e-01 7.872239987575671005e-01 8.444931515935645283e-01 6.200084032547723556e-01 6.445504491563320837e-01 3.435571120428990710e-01 5.245116497161479430e-01 3.671904447881217393e-01 5.289661868936366140e-01 4.153482478238358366e-01 6.434464194561874129e-01 5.872384858249288797e-01 9.271406000388435764e-01 6.190936321453427427e-01
5.706162932056543236e-01 5.235330844886111334e-01 9.323644047911234800e-01 5.370067358564145632e-01 4.619097119246038385e-01 7.296796813684756078e-01 1.407275916398510462e-01 3.006541629838757057e-01 8.780160497028124400e-01 8.711317716302353631e-01 7.633738770357205716e-01 4.572792647178660075e-01 6.831983704781532385e-01 4.775676854171394536e-01 0.000000000000000000e+00 5.208763834583536312e-01 8.968024180706214432e-01 5.087036351851143001e-01 5.081458951997726015e-01 5.640850472177380004e-01 8.097961822227944806e-01 3.053669953523548974e-01 8.008705449151493072e-01 8.283029789577837088e-01 4.561677820294346986e-01 8.769835743253804328e-01 3.955246547774011190e-01 5.815175314362898140e-01 9.080988140877093162e-01 3.837104543066665596e-01 4.762279025797385712e-01 4.363245933905136598e-01 6.066384813085643479e-01 5.342604800816053157e-01 7.242334652148754159e-01
8.834439757795766734e-01 3.327397275739713556e-01 5.470826148443207471e-01 4.868239925253425859e-01 1.719843553402676806e-01 4.611629471436380356e-01 7.421355471875641374e-01 7.595505245040208298e-01 7.255148191384388490e-01 3.855701875966899839e-01 4.817273705166167930e-01 4.525740820598681546e-01 2.428117850769576647e-01 6.582406669175475677e-01 5.208763834583536312e-01 0.000000000000000000e+00 5.251093944923348467e-01 3.913754380175998859e-01 3.397510650468080207e-01 7.858364341813415255e-01 4.237094056258529640e-01 3.220669280148105162e-01 6.589577558617454311e-01 4.075262040467948488e-01 4.547352787034049104e-01 5.053325363231730982e-01 7.428511493270451016e-01 3.004863989764907650e-01 5.335321966783925784e-01 5.019328192402423561e-01 3.661192448960199908e-01 7.521552367347732471e-01 9.785514093989357010e-01 7.865839911514196370e-01 6.910536623955210178e-01
4.949893793151973198e-01 1.672205861124246296e-01 9.193315236451187200e-01 5.259686209067025997e-01 4.609206495215480981e-01 6.322777694213592703e-01 7.298934163497958760e-01 8.479137518503342408e-01 3.144571335342331575e-01 3.431714673702784824e-01 8.322459567842462880e-01 6.635284885902688057e-01 3.199305492538571105e-01 6.261309324603432369e-01 8.968024180706214432e-01 5.251093944923348467e-01 0.000000000000000000e+00 3.351798188996006900e-01 8.167585851504026717e-01 3.948891208840296096e-01 2.236842637418633983e-01 7.216574839982907719e-01 6.452930094399101923e-01 7.199118162078885774e-01 4.030167646878733412e-01 6.794531430869243938e-01 2.722849327849974355e-01 6.290045536374202495e-01 4.332748990470980388e-01 5.359260174479021366e-01 8.107683812230419562e-01 8.291363105193289007e-01 5.584145024748083941e-01 5.073021973385912764e-01 8.123248457516440979e-01
3.076842943262653174e-01 5.332090046240812731e-01 3.648373654777083974e-01 3.570718851962954021e-01 3.742075745634076411e-01 2.125095292847223316e-01 5.362993646898721600e-01 5.596462803949553422e-01 5.154148499480318835e-01 4.376983034224383173e-01 6.672789861303146663e-01 8.910804476480298497e-01 2.057748775626745408e-01 4.690268464891747535e-01 5.087036351851143001e-01 3.913754380175998859e-01 3.351798188996006900e-01 0.000000000000000000e+00 8.641036661977843369e-01 5.909696057312865403e-01 4.659776104673896691e-01 7.645954032398540878e-01 8.420507614121838236e-01 6.640243370766862885e-01 4.420237015580999462e-01 6.001189602062260153e-01 1.387613822902944438e-01 6.789350196030299323e-01 3.315457871951080771e-01 4.050082324087281860e-01 7.376395098336887557e-01 6.974704321997520218e-01 5.572253976676995180e-01 3.766607983227431844e-01 5.474787329329968699e-01
4.394306761657291172e-01 5.813418503017478978e-01 4.867827018736378131e-01 6.049190056377142799e-01 5.476058105106123008e-01 7.415708676049697079e-01 6.561725664368364130e-01 8.203592831585235778e-01 1.077072367024951571e-01 3.724172874619484652e-01 5.696721521891235929e-01 7.507459982006362553e-01 4.377616327378146543e-01 8.043700640796564993e-01 5.081458951997726015e-01 3.397510650468080207e-01 8.167585851504026717e-01 8.641036661977843369e-01 0.000000000000000000e+00 8.286467505738193129e-02 3.973657569819138424e-01 8.147472255677027375e-01 7.920050819342987491e-01 7.089562883357496403e-01 4.344230525189790026e-01 4.494651378678815590e-01 7.723544061339209232e-01 4.899148170103279076e-01 6.551347592750467186e-02 7.873093129463821782e-01 2.233173524547781286e-01 2.286203944733175286e-01 4.806566525765191278e-01 4.272629052127839833e-01 4.416265000341066393e-01
8.101989589506732869e-01 9.121439567620618361e-01 4.907845798618693522e-01 3.985086062549294539e-01 2.605719450680302751e-01 8.605360555923957655e-01 5.863718076682431501e-01 9.282912130878577806e-01 3.608858412378841973e-01 8.588860829423031751e-01 8.103483795995106709e-01 6.976574895441650659e-01 7.706165786479111102e-01 3.138854949697973407e-01 5.640850472177380004e-01 7.858364341813415255e-01 3.948891208840296096e-01 5.909696057312865403e-01 8.286467505738193129e-02 0.000000000000000000e+00 5.124586396102575048e-01 3.507448058658491075e-02 5.023234636560403032e-01 2.535883043541192761e-01 2.158754078692458611e-01 1.950790814916851801e-01 9.242306463058435062e-01 4.888045625916785930e-01 3.144458388739572174e-01 3.408116831437230654e-01 8.357063413275345187e-01 5.998355532676169499e-01 6.399932137317199121e-01 2.655077014408897540e-01 4.716944874044422531e-01
2.434781531580320901e-01 5.602046491320715749e-01 6.534481348769494158e-01 4.991553772769122266e-01 4.408576871702850619e-01 4.496807667364022265e-01 3.956878889053493942e-01 6.045442641795598648e-01 3.191759026590690884e-01 4.807707480732607008e-01 5.088436298091061349e-01 3.626979098402306478e-01 7.466087085191546180e-01 2.690864538173062259e-01 8.097961822227944806e-01 4.237094056258529640e-01 2.236842637418633983e-01 4.659776104673896691e-01 3.973657569819138424e-01 5.124586396102575048e-01 0.000000000000000000e+00 3.040417450246104547e-01 5.671693983465061484e-01 8.605834488190714504e-01 8.261235516849021465e-01 7.053771870047708115e-01 2.049731195281112028e-01 5.322040435147642468e-01 5.679455032826246086e-01 3.366667144115015331e-01 6.197054664804817481e-01 3.844170025437395610e-01 1.417498098379932348e-01 8.696837050561859739e-01 2.891646893556359399e-01
8.616659917298614690e-01 6.870451660655337855e-01 6.718211110008183162e-01 7.250389323348036541e-01 7.896744572665770345e-02 8.619301658230751340e-01 3.431634044525231908e-01 8.788621600902711828e-01 5.883744300930837667e-01 6.077204134739029318e-01 4.853393754891575651e-01 4.160528221924978953e-01 6.420244117330051736e-01 6.281486861416067935e-01 3.053669953523548974e-01 3.220669280148105162e-01 7.216574839982907719e-01 7.645954032398540878e-01 8.147472255677027375e-01 3.507448058658491075e-02 3.040417450246104547e-01 0.000000000000000000e+00 6.629966259964882314e-01 8.696372764697279933e-01 9.047448420442909534e-01 6.864519779679025824e-01 6.133799250600987518e-01 8.811431547799628561e-01 8.714459755388300755e-01 1.614214349655983538e-01 8.355123513186866191e-01 3.269385252599605329e-01 7.571848774029533713e-01 8.416534283158301211e-01 5.689467600156014049e-01
5.284071784966033469e-01 9.036165947211427518e-01 5.032701450076761951e-01 5.943522211724057147e-01 7.009045749165156991e-01 8.300951168599237651e-01 8.373350572154540927e-01 3.404910516036826484e-01 9.325444228367605337e-01 6.628625492926476515e-01 7.546363216210593139e-01 2.547483435559713683e-01 7.749152428029321138e-01 7.872239987575671005e-01 8.008705449151493072e-01 6.589577558617454311e-01 6.452930094399101923e-01 8.420507614121838236e-01 7.920050819342987491e-01 5.023234636560403032e-01 5.671693983465061484e-01 6.629966259964882314e-01 0.000000000000000000e+00 6.813048293324869276e-01 7.543469130919754351e-01 1.107798435539658621e-01 8.444048479281018871e-01 4.315406853875819460e-01 8.136637824339691960e-01 4.638251943771612429e-01 1.315312777598238725e-01 1.575358022826316429e-01 3.518669192015495550e-01 7.674379603876423372e-01 3.554391812129823469e-01
5.621109709936331633e-01 1.036400915018320656e-01 1.745194159200952333e-01 5.338434375299095924e-01 6.125292584155460629e-01 3.138665342145985360e-01 8.549362983787958115e-01 9.115268156390402554e-01 3.563679599395112585e-01 6.855498570432760896e-01 1.584804484779676059e-01 4.164980942789485718e-01 6.309105526218300453e-01 8.444931515935645283e-01 8.283029789577837088e-01 4.075262040467948488e-01 7.199118162078885774e-01 6.640243370766862885e-01 7.089562883357496403e-01 2.535883043541192761e-01 8.605834488190714504e-01 8.696372764697279933e-01 6.813048293324869276e-01 0.000000000000000000e+00 1.548866176237208014e-01 4.338776937792344079e-01 4.874863944590145381e-01 1.243586235144278351e-01 7.436970877952991943e-01 4.749400862411771729e-01 6.839551692153486018e-01 7.504949164865000188e-01 7.165365225648112624e-01 6.142968747756484271e-01 8.304784493030379355e-01
6.520397429553950186e-01 8.068517338014198348e-01 5.649635540020567781e-01 1.701706387990646885e-01 4.567730556769858952e-01 5.727134838635279390e-01 5.594492016899569320e-01 6.963503854413346517e-01 4.135374897022459639e-01 7.651907558706028123e-02 7.437068842852170292e-01 6.023370952460018746e-01 7.791594686965663819e-01 6.200084032547723556e-01 4.561677820294346986e-01 4.547352787034049104e-01 4.030167646878733412e-01 4.420237015580999462e-01 4.344230525189790026e-01 2.158754078692458611e-01 8.261235516849021465e-01 9.047448420442909534e-01 7.543469130919754351e-01 1.548866176237208014e-01 0.000000000000000000e+00 7.316081832074061708e-01 4.950363029435181916e-01 4.757252437678070045e-01 3.035464029658143659e-01 7.494005181816043581e-01 4.609023384271854207e-01 5.141736033238530901e-01 5.622607036315360185e-01 4.646927712172632674e-01 4.213922625415401635e-01
8.125239704323751200e-01 8.529472272289907453e-01 9.292798315385277785e-01 1.176800526481216469e-01 7.442791251633822380e-01 3.509672207879011574e-01 7.207225427691906772e-01 7.111205511269200752e-01 4.774574393536787920e-01 8.550132923187967471e-01 8.462670655298506484e-01 7.163009746770728770e-01 4.723708694704867317e-01 6.445504491563320837e-01 8.769835743253804328e-01 5.053325363231730982e-01 6.794531430869243938e-01 6.001189602062260153e-01 4.494651378678815590e-01 1.950790814916851801e-01 7.053771870047708115e-01 6.864519779679025824e-01 1.107798435539658621e-01 4.338776937792344079e-01 7.316081832074061708e-01 0.000000000000000000e+00 5.378745146163121937e-01 4.698033400083979072e-01 3.486404795121167410e-01 4.973131102834942308e-01 8.093519690191308680e-01 8.167711880178782913e-01 4.473991363289940293e-01 7.516650920261060964e-01 5.685773477309334911e-01
4.528451998241777021e-01 2.867795379637653186e-01 4.593901800957479464e-01 2.276002129693625031e-01 8.158481746703836190e-01 3.605443903051062104e-01 6.557378256034350761e-01 7.914673118803471352e-01 2.503180296954047312e-01 8.803607609801356038e-01 3.958246687260293384e-01 5.109333480426627716e-01 7.820036609366649571e-01 3.435571120428990710e-01 3.955246547774011190e-01 7.428511493270451016e-01 2.722849327849974355e-01 1.387613822902944438e-01 7.723544061339209232e-01 9.242306463058435062e-01 2.049731195281112028e-01 6.133799250600987518e-01 8.444048479281018871e-01 4.874863944590145381e-01 4.950363029435181916e-01 5.378745146163121937e-01 0.000000000000000000e+00 6.334760977145226235e-02 8.303242898935170313e-01 4.776118633882339148e-01 5.754285688515869968e-01 4.044315913746173718e-01 7.633885809167473280e-01 4.671330718135665583e-01 8.985084849714992661e-01
7.460887957647475144e-01 4.762675805459529177e-01 4.952898932257748243e-01 2.273438230776007318e-01 5.363358163622117258e-01 2.081897033669584118e-01 5.168808506206314934e-01 7.369779240003981879e-02 5.187265610445767061e-01 8.086943807630661007e-01 6.775442461021752294e-01 7.205093981844603590e-01 9.035625631016888093e-01 5.245116497161479430e-01 5.815175314362898140e-01 3.004863989764907650e-01 6.290045536374202495e-01 6.789350196030299323e-01 4.899148170103279076e-01 4.888045625916785930e-01 5.322040435147642468e-01 8.811431547799628561e-01 4.315406853875819460e-01 1.243586235144278351e-01 4.757252437678070045e-01 4.698033400083979072e-01 6.334760977145226235e-02 0.000000000000000000e+00 6.909639750473108855e-01 6.146417317030693495e-01 5.364335820115442299e-01 6.177562083063714571e-02 5.982299707653674359e-01 8.164767440321991643e-01 5.962800998660562346e-01
8.106601225903897756e-01 6.016433309659152684e-01 5.776119000671648962e-01 8.870056325595779834e-01 7.704015106624044762e-01 3.578490771824350825e-01 7.301094687839753128e-01 7.383808569054084447e-01 8.495758878672931003e-01 5.218658159573510424e-01 5.485768321889994414e-01 6.736631887766644233e-01 3.408023959873649478e-01 3.671904447881217393e-01 9.080988140877093162e-01 5.335321966783925784e-01 4.332748990470980388e-01 3.315457871951080771e-01 6.551347592750467186e-02 3.144458388739572174e-01 5.679455032826246086e-01 8.714459755388300755e-01 8.136637824339691960e-01 7.436970877952991943e-01 3.035464029658143659e-01 3.486404795121167410e-01 8.303242898935170313e-01 6.909639750473108855e-01 0.000000000000000000e+00 3.393626603648280948e-01 2.958789678496882014e-01 7.348248592134005719e-01 6.309662299347886805e-01 3.558465584427040751e-01 3.697762467854512347e-01
6.080308775659568621e-01 6.257921963408388244e-01 5.361204179898106936e-01 6.654625587972804457e-01 7.738191676085823811e-01 7.263025139350203219e-01 6.742986250709639418e-01 7.294442499578108752e-01 4.289900481161759704e-01 8.208750031393807767e-01 6.756185771853466804e-01 8.117700322211051089e-01 7.730510558149822353e-01 5.289661868936366140e-01 3.837104543066665596e-01 5.019328192402423561e-01 5.359260174479021366e-01 4.050082324087281860e-01 7.873093129463821782e-01 3.408116831437230654e-01 3.366667144115015331e-01 1.614214349655983538e-01 4.638251943771612429e-01 4.749400862411771729e-01 7.494005181816043581e-01 4.973131102834942308e-01 4.776118633882339148e-01 6.146417317030693495e-01 3.393626603648280948e-01 0.000000000000000000e+00 8.813167028343480425e-01 6.982185530801621187e-02 4.211708308133931822e-01 3.074257814167099534e-01 8.052100378371561673e-01
4.992035586101825628e-01 4.992714585126075688e-01 4.655858039328009124e-01 2.065472330297548620e-01 6.088768279836327402e-01 4.604305792525534846e-01 7.553831453050241507e-01 2.865561216100885877e-01 7.340748524522775487e-01 8.753649064559391180e-01 1.602785250684198304e-01 6.090561924182162912e-01 4.563374575441022651e-01 4.153482478238358366e-01 4.762279025797385712e-01 3.661192448960199908e-01 8.107683812230419562e-01 7.376395098336887557e-01 2.233173524547781286e-01 8.357063413275345187e-01 6.197054664804817481e-01 8.355123513186866191e-01 1.315312777598238725e-01 6.839551692153486018e-01 4.609023384271854207e-01 8.093519690191308680e-01 5.754285688515869968e-01 5.364335820115442299e-01 2.958789678496882014e-01 8.813167028343480425e-01 0.000000000000000000e+00 6.743546811743177383e-01 6.949225497608819690e-01 4.380237239177038333e-01 4.859387274653103050e-01
7.874284921542609172e-01 8.803318649666089790e-01 4.778336649666067304e-01 6.053269199756131647e-01 6.137988619597675166e-01 4.116163857472116550e-01 4.946337945564696637e-01 4.716110487648645933e-01 7.435742730654009147e-01 1.443982089964883642e-01 4.329525632009656455e-01 5.793387236592428824e-02 9.327695001944984465e-01 6.434464194561874129e-01 4.363245933905136598e-01 7.521552367347732471e-01 8.291363105193289007e-01 6.974704321997520218e-01 2.286203944733175286e-01 5.998355532676169499e-01 3.844170025437395610e-01 3.269385252599605329e-01 1.575358022826316429e-01 7.504949164865000188e-01 5.141736033238530901e-01 8.167711880178782913e-01 4.044315913746173718e-01 6.177562083063714571e-02 7.348248592134005719e-01 6.982185530801621187e-02 6.743546811743177383e-01 0.000000000000000000e+00 5.086095518491146050e-01 1.625255538323688298e-01 5.054621885701462425e-01
6.624882204206770098e-01 7.333807197159516456e-01 4.869502106836546274e-01 8.750480043142743192e-01 6.402549253982549038e-01 3.634314175123550816e-01 3.532256561922906268e-01 6.590368692209247481e-01 2.506104051477195949e-01 4.466531908097386427e-01 3.277108834575175322e-01 8.094460703451106243e-01 2.155722216087130327e-01 5.872384858249288797e-01 6.066384813085643479e-01 9.785514093989357010e-01 5.584145024748083941e-01 5.572253976676995180e-01 4.806566525765191278e-01 6.399932137317199121e-01 1.417498098379932348e-01 7.571848774029533713e-01 3.518669192015495550e-01 7.165365225648112624e-01 5.622607036315360185e-01 4.473991363289940293e-01 7.633885809167473280e-01 5.982299707653674359e-01 6.309662299347886805e-01 4.211708308133931822e-01 6.949225497608819690e-01 5.086095518491146050e-01 0.000000000000000000e+00 5.497516421268948683e-01 7.575471609920425564e-01
9.236832495353346495e-01 3.045263948791411268e-01 2.153635249057208600e-01 2.298162167840953618e-01 8.748808165177137663e-01 4.395973388716885033e-01 6.645864298458663555e-01 5.298541534163316857e-01 7.010152193976226798e-01 5.261391702924227420e-01 8.089533756302291767e-01 4.245528957552974214e-01 8.195901100437048559e-01 9.271406000388435764e-01 5.342604800816053157e-01 7.865839911514196370e-01 5.073021973385912764e-01 3.766607983227431844e-01 4.272629052127839833e-01 2.655077014408897540e-01 8.696837050561859739e-01 8.416534283158301211e-01 7.674379603876423372e-01 6.142968747756484271e-01 4.646927712172632674e-01 7.516650920261060964e-01 4.671330718135665583e-01 8.164767440321991643e-01 3.558465584427040751e-01 3.074257814167099534e-01 4.380237239177038333e-01 1.625255538323688298e-01 5.497516421268948683e-01 0.000000000000000000e+00 6.522729765932359092e-01
5.012871473166560232e-01 8.128478276163790817e-01 9.021925974948126203e-01 4.954726240405358251e-01 8.768293689350772357e-01 1.822724560507275049e-01 4.365161695382071549e-01 5.427066154689308419e-01 4.473321125068787651e-01 5.668808564454215215e-01 9.422209992779626564e-01 4.535202450117153394e-01 4.866819045669582011e-01 6.190936321453427427e-01 7.242334652148754159e-01 6.910536623955210178e-01 8.123248457516440979e-01 5.474787329329968699e-01 4.416265000341066393e-01 4.716944874044422531e-01 2.891646893556359399e-01 5.689467600156014049e-01 3.554391812129823469e-01 8.304784493030379355e-01 4.213922625415401635e-01 5.685773477309334911e-01 8.985084849714992661e-01 5.962800998660562346e-01 3.697762467854512347e-01 8.052100378371561673e-01 4.859387274653103050e-01 5.054621885701462425e-01 7.575471609920425564e-01 6.522729765932359092e-01 0.000000000000000000e+00
