0.000000000000000000e+00 7.941109588902141025e-01 7.800685015631536601e-01 4.549563646209555667e-01 4.707967173407440753e-01 3.927646469457083400e-01 5.809525014936747223e-01 7.437493495396221288e-01 7.722618265890053291e-01 7.795125773279911741e-01 5.995672785577753627e-01 2.078649781565237165e-01 9.867828764761368276e-01 5.766977708888049170e-01 1.947144595426469338e-01 4.081023317694205677e-01 3.965923637716179395e-01 4.968001053326314143e-01 4.093298639702926955e-01 7.151294957173792710e-01 7.096098126804065709e-01 2.182587805156142591e-01 8.477221615742911442e-01 7.905126674303430967e-01 9.598414178152880893e-02 5.063518133295659140e-01 3.284951591786903213e-01 4.906599997833033244e-01 4.497165282481810911e-01 9.347591794790877096e-02 7.849884330088180429e-01 4.217875027963657875e-01 7.529607954020468563e-01 3.483694366941770815e-01 2.901008789749907057e-01
7.941109588902141025e-01 0.000000000000000000e+00 7.395397782931834030e-01 3.620993444747430678e-01 4.428846274700557473e-01 2.754951215952734511e-01 7.682112528557669684e-01 6.789386431725608073e-02 4.945272106305750315e-01 7.993242538145328702e-01 4.063430813941588116e-01 4.332069603180484507e-01 5.952393644880625834e-01 7.471057361287848364e-01 3.118684350839242003e-01 4.426447983477683756e-01 9.101194888989067033e-01 2.403468464458484721e-01 7.014162066056552902e-01 2.127365465525936639e-01 2.748367106511233615e-01 4.102988991082673342e-01 5.403611231928904246e-01 4.878894701461790051e-01 7.485821124098572810e-01 5.210628264355061656e-01 7.905411235144708115e-01 4.036867758109209392e-01 6.322860303726293152e-01 4.726192801101280483e-01 3.702151788587967340e-01 6.561642087987606953e-01 6.370544909635660336e-01 6.521239322651601888e-01 4.460069295692588032e-01
7.800685015631536601e-01 7.395397782931834030e-01 0.000000000000000000e+00 4.512047967884137978e-01 2.337610955671687307e-01 5.279415514611519589e-01 4.495929381321840945e-01 4.433590515428977308e-01 2.894291956317953662e-01 8.191359485346330072e-01 2.580410843911031815e-01 3.877274462968227642e-01 4.866302069538186448e-01 5.804737348518900220e-01 5.076842364470796065e-01 8.414591443677039706e-01 1.490078991180873169e-01 6.140586965508328943e-01 8.502059310188485597e-01 3.623875918497516668e-01 3.835514815816813972e-01 7.237588206835623428e-01 6.649666712685410319e-01 3.940880482700707121e-01 8.533213749510956125e-01 5.891025891068935039e-01 4.665625232574858727e-01 6.288541849803767070e-01 5.739766083500030813e-02 2.954349939907978673e-01 4.394598229723561955e-01 4.406523019028596444e-01 5.847982778021922901e-01 5.226150046831806728e-01 8.645691446823977611e-01
4.549563646209555667e-01 3.620993444747430678e-01 4.512047967884137978e-01 0.000000000000000000e+00 4.651739698509858023e-01 6.051568239858575726e-01 3.707523963353288599e-01 4.655104602912437106e-01 6.121311056216731661e-01 5.894093789365331126e-01 6.021402890507376870e-01 8.380099191847139029e-01 7.787342311775435899e-01 4.131696157046861884e-01 5.985425603134646444e-01 4.570741647206517655e-01 6.818870836448552852e-01 4.207663016557698366e-01 5.181912896808094082e-01 5.708736943998945490e-01 5.510442376138064979e-01 8.350932084969555635e-01 3.191292399432420490e-01 7.383186556671199607e-01 7.116785879632721024e-01 5.437208214041320264e-01 5.714854097938459887e-01 9.118345301211856491e-01 1.728667343489713737e-01 7.931273036818971001e-01 8.713893013831885970e-01 9.783564971097058471e-02 5.003146414551080667e-01 5.960963917580685001e-01 3.509318500836666743e-01
4.707967173407440753e-01 4.428846274700557473e-01 2.337610955671687307e-01 4.651739698509858023e-01 0.000000000000000000e+00 4.515536064202242406e-01 8.825199759276745048e-01 4.604156138951651656e-01 4.152979787821253210e-01 2.391652193640044777e-01 3.424980802540261160e-01 2.913328136000143953e-01 5.074381676355265158e-01 4.920861799941049219e-01 7.389556505059078351e-01 7.910595540023183103e-01 8.091468345476714452e-01 7.294789194039754676e-01 7.919666024882188182e-01 4.685780065217013957e-01 1.188310674986191584e-01 5.958755118950175289e-01 5.724333738364304480e-01 5.189309037005369607e-01 9.181402066322983391e-01 3.919213392389510053e-01 7.613975398737995448e-01 5.724209408684628464e-01 6.731199863222578905e-01 5.252940913232402309e-01 7.907718037486310969e-01 3.671715249897325450e-01 4.155288216710136262e-01 4.476372096743824747e-01 4.155832710077683734e-01
3.927646469457083400e-01 2.754951215952734511e-01 5.279415514611519589e-01 6.051568239858575726e-01 4.515536064202242406e-01 0.000000000000000000e+00 4.218671373200796326e-01 6.100861003452058284e-01 5.410551288207311460e-01 4.573862439636349753e-01 4.920345172311294535e-01 4.790899631776307510e-01 9.369120553643013327e-01 7.048731639094738544e-01 8.153325724112203687e-02 6.819432226230917049e-01 8.346029232581280155e-01 1.615308600654041804e-01 5.004785396265719610e-01 5.358755662924539198e-01 1.978214534462255925e-01 6.786909505590719149e-01 7.585229679087612809e-02 9.454325669504599627e-01 2.682072440640132505e-01 7.208367394474494150e-01 3.822325375177050288e-01 5.520432816750069360e-01 4.253092251860305928e-01 1.700178994213704664e-01 4.396139244666669721e-01 2.625932633229313140e-01 5.630106377111077087e-01 3.249872307415644368e-01 5.917037538100679006e-01
5.809525014936747223e-01 7.682112528557669684e-01 4.495929381321840945e-01 3.707523963353288599e-01 8.825199759276745048e-01 4.218671373200796326e-01 0.000000000000000000e+00 7.504497209738365537e-01 7.916312044331496045e-01 8.843867643386122968e-01 3.103678120688833086e-01 4.710647916688890380e-01 6.471284669944826762e-01 7.861895318335446747e-01 3.354161474756118810e-01 8.445972816894425916e-01 1.427324877458014951e-01 3.602148976186134166e-01 4.837210986153603898e-01 4.543636160496328791e-01 5.418696948240008249e-01 4.361045971245706698e-01 3.849972309761544587e-01 6.707347476986489365e-01 3.934258497852654024e-01 3.246106955666732130e-01 5.531772413216409223e-01 5.523631283184102791e-01 1.289046089359423553e-01 5.245062777542072174e-01 2.196267518715079303e-01 4.273735244169057368e-01 3.358332087310275105e-01 2.310219633774457382e-02 4.553326786576530893e-01
7.437493495396221288e-01 6.789386431725608073e-02 4.433590515428977308e-01 4.655104602912437106e-01 4.604156138951651656e-01 6.100861003452058284e-01 7.504497209738365537e-01 0.000000000000000000e+00 6.831087426223219072e-01 3.637844388820113406e-01 6.885569466492025281e-02 4.364694989715031670e-01 6.230383866717564834e-01 6.750167207441990502e-01 4.514934101036763292e-01 1.196820542298860923e-01 6.142823334825395776e-01 4.436647545052828101e-01 7.999401851522116580e-01 7.452862475245538576e-01 5.516826815349040736e-01 7.025531643060121123e-01 3.191555802235278572e-01 8.479746919934965099e-01 7.765720668621940437e-01 8.541258088564135376e-01 5.576844411889005926e-01 4.194923240826661237e-01 3.512809979781085223e-01 3.081862790000248764e-01 6.077835549205715671e-01 4.093641091505905161e-01 2.723321674401529835e-01 5.854745238814461628e-01 5.657910190810235829e-01
7.722618265890053291e-01 4.945272106305750315e-01 2.894291956317953662e-01 6.121311056216731661e-01 4.152979787821253210e-01 5.410551288207311460e-01 7.916312044331496045e-01 6.831087426223219072e-01 0.000000000000000000e+00 5.787460313911856336e-01 6.805957097080423956e-01 4.411752412724738726e-01 6.616549330520682393e-02 1.437511625388182557e-01 3.979345333502445903e-01 8.438287929587486857e-01 3.547030685170707853e-01 5.677835232992407555e-01 3.944591192968287530e-01 2.599131966895740220e-01 7.617063580354019869e-01 2.798728963723597918e-01 3.203721090462676724e-01 5.489217022604684360e-01 6.823417516087741941e-01 6.399881252760157846e-01 4.843308228111053992e-02 3.533486958561617985e-01 4.826368680945213319e-01 6.172325865996013405e-01 7.831334784042766062e-01 6.101327052003473472e-01 5.654983721927897555e-01 7.345561957164945532e-01 5.396442784045960561e-01
7.795125773279911741e-01 7.993242538145328702e-01 8.191359485346330072e-01 5.894093789365331126e-01 2.391652193640044777e-01 4.573862439636349753e-01 8.843867643386122968e-01 3.637844388820113406e-01 5.787460313911856336e-01 0.000000000000000000e+00 6.036415822402396714e-02 8.899822546777096388e-01 5.982606267227956742e-01 2.099879460589529345e-01 3.892247783505938807e-01 1.418792483434576646e-01 6.991201733301715127e-01 5.117905276630264622e-01 9.194321561503977502e-01 3.660253668176248754e-01 2.205661906640944969e-01 1.817950971466103516e-01 8.674290925977421463e-01 6.825359665809482834e-01 7.372591705824744768e-01 3.673049705123156983e-01 5.468568784072864730e-01 6.575525970181084201e-01 3.907975395813959030e-01 7.262121374619963099e-01 7.606130380087700038e-01 8.380719346574523332e-01 4.690163219817713447e-01 7.820036537659071918e-01 5.670888569992077466e-01
5.995672785577753627e-01 4.063430813941588116e-01 2.580410843911031815e-01 6.021402890507376870e-01 3.424980802540261160e-01 4.920345172311294535e-01 3.103678120688833086e-01 6.885569466492025281e-02 6.805957097080423956e-01 6.036415822402396714e-02 0.000000000000000000e+00 8.009040953511235017e-01 4.273381067264983013e-01 4.900828675024733183e-01 4.266742650645519164e-01 4.276709505538793810e-01 7.299047589415526005e-01 8.534999323055002529e-01 2.053059813613284934e-01 6.873037154012024974e-01 4.705285482161088439e-01 4.607837255310920366e-01 5.457456589708185035e-01 4.583028090818672684e-01 5.170690285824823818e-01 1.388872142121481135e-01 6.442835211961472908e-01 6.331426373955911791e-01 5.870112625539392059e-01 5.476041618896270169e-01 6.761221902154772589e-01 2.684841745549474412e-01 4.855672195618087050e-01 4.298724377442281197e-01 5.362688758488213248e-01
2.078649781565237165e-01 4.332069603180484507e-01 3.877274462968227642e-01 8.380099191847139029e-01 2.913328136000143953e-01 4.790899631776307510e-01 4.710647916688890380e-01 4.364694989715031670e-01 4.411752412724738726e-01 8.899822546777096388e-01 8.009040953511235017e-01 0.000000000000000000e+00 9.934141097597681824e-02 3.614547489729202923e-01 7.055445225026633072e-01 4.811151220012362950e-01 6.898187774007324968e-01 3.594494448592204239e-01 8.910534859449918965e-01 6.370155888235122799e-01 1.451757471965481328e-01 2.210020206622728134e-01 5.546999088755842910e-01 6.072598427355614392e-01 4.903785239180657451e-01 4.761517203769765061e-01 7.434068562454186901e-01 8.673549915896183737e-01 6.500716299116127139e-01 1.607253120993863416e-01 8.962208555279558286e-01 6.818429305496663817e-01 8.377254943310948887e-01 6.865341513493153913e-01 7.658742619631269122e-01
9.867828764761368276e-01 5.952393644880625834e-01 4.866302069538186448e-01 7.787342311775435899e-01 5.074381676355265158e-01 9.369120553643013327e-01 6.471284669944826762e-01 6.230383866717564834e-01 6.616549330520682393e-02 5.982606267227956742e-01 4.273381067264983013e-01 9.934141097597681824e-02 0.000000000000000000e+00 2.280231539255280770e-01 3.345533343423153783e-01 3.535487734283492278e-01 4.453664308361865998e-01 7.931754825155076238e-01 7.458818293225024654e-01 5.413276712089791776e-01 5.734893432515085765e-01 2.913705606853856378e-01 8.427002481383478738e-01 8.149339955360537235e-01 5.648544638491186376e-01 7.323477238546475254e-01 1.034961744471988299e-01 5.116166999281031025e-01 4.050788335549695973e-01 6.235534494742228651e-01 8.949076596806637696e-01 9.613134773446714298e-01 6.181120304118661313e-01 5.209593994710491893e-01 5.042704218687182882e-01
5.766977708888049170e-01 7.471057361287848364e-01 5.804737348518900220e-01 4.131696157046861884e-01 4.920861799941049219e-01 7.048731639094738544e-01 7.861895318335446747e-01 6.750167207441990502e-01 1.437511625388182557e-01 2.099879460589529345e-01 4.900828675024733183e-01 3.614547489729202923e-01 2.280231539255280770e-01 0.000000000000000000e+00 7.487018294104541560e-02 3.267038588714710201e-01 4.811810874036294150e-01 9.154920147953027332e-01 6.802872199612135518e-01 5.680425604813446050e-01 5.246703179555207708e-01 2.984923064012759975e-01 6.797763590667571520e-01 8.068025231792874674e-01 6.117628430741557377e-01 6.032268017175405062e-01 4.504134947080277174e-01 6.743981046832483450e-01 6.170448170621394279e-01 3.805853364854335785e-01 4.837473496560816821e-01 8.556594558629220248e-01 4.117239397467570283e-01 1.799627459867679247e-01 7.718250610014016910e-01
1.947144595426469338e-01 3.118684350839242003e-01 5.076842364470796065e-01 5.985425603134646444e-01 7.389556505059078351e-01 8.153325724112203687e-02 3.354161474756118810e-01 4.514934101036763292e-01 3.979345333502445903e-01 3.892247783505938807e-01 4.266742650645519164e-01 7.055445225026633072e-01 3.345533343423153783e-01 7.487018294104541560e-02 0.000000000000000000e+00 5.419149152550846171e-01 4.430844381192771686e-01 8.430541893098251194e-01 4.291619488508582325e-01 4.747575283785364642e-01 5.151755853569248700e-01 7.181757328595662626e-01 6.887115201490063843e-01 7.392202171930652987e-01 6.084232839795673531e-01 5.225475457355577280e-01 5.718012591197649819e-01 5.413298926785625742e-01 5.558146786373663328e-01 3.950864721299869320e-01 6.604501438956765780e-01 4.775889666354058982e-01 5.189564507989958830e-01 7.010052238821926629e-01 8.600520276299568057e-01
4.081023317694205677e-01 4.426447983477683756e-01 8.414591443677039706e-01 4.570741647206517655e-01 7.910595540023183103e-01 6.819432226230917049e-01 8.445972816894425916e-01 1.196820542298860923e-01 8.438287929587486857e-01 1.418792483434576646e-01 4.276709505538793810e-01 4.811151220012362950e-01 3.535487734283492278e-01 3.267038588714710201e-01 5.419149152550846171e-01 0.000000000000000000e+00 6.295963362488832260e-02 4.668515557826501405e-01 5.263264995102389099e-01 1.654465130881800361e-01 6.888454815069202652e-01 5.104466552827272574e-01 3.823510655482760257e-01 6.322915971071141339e-01 3.994148155263910760e-01 7.396680433235529595e-01 7.375763912837570713e-01 9.192859503185502046e-01 7.456191278703570013e-01 1.400871429264189949e-01 4.588895122293650264e-01 5.503949881086759310e-01 8.305307618883177589e-01 2.465337179461001282e-01 6.223984889848823698e-01
3.965923637716179395e-01 9.101194888989067033e-01 1.490078991180873169e-01 6.818870836448552852e-01 8.091468345476714452e-01 8.346029232581280155e-01 1.427324877458014951e-01 6.142823334825395776e-01 3.547030685170707853e-01 6.991201733301715127e-01 7.299047589415526005e-01 6.898187774007324968e-01 4.453664308361865998e-01 4.811810874036294150e-01 4.430844381192771686e-01 6.295963362488832260e-02 0.000000000000000000e+00 7.796702862740805262e-01 2.060307357180798382e-01 7.121941877913262609e-02 9.332790216963393615e-01 4.242767047706840766e-01 3.797723610086063961e-01 8.589703599486249175e-01 3.978347626064102638e-01 7.883597761998224485e-01 6.025769991793108460e-01 3.888127371056966375e-01 3.375077609070324947e-01 2.530428333076999992e-01 3.429947389569407701e-01 6.812393167817396566e-01 1.106010511479657010e-01 4.897467659014982377e-01 2.585394584458798883e-01
4.968001053326314143e-01 2.403468464458484721e-01 6.140586965508328943e-01 4.207663016557698366e-01 7.294789194039754676e-01 1.615308600654041804e-01 3.602148976186134166e-01 4.436647545052828101e-01 5.677835232992407555e-01 5.117905276630264622e-01 8.534999323055002529e-01 3.594494448592204239e-01 7.931754825155076238e-01 9.154920147953027332e-01 8.430541893098251194e-01 4.668515557826501405e-01 7.796702862740805262e-01 0.000000000000000000e+00 4.456569086656144152e-01 5.219472001593350452e-01 4.452018083366613421e-01 3.581462955835730821e-01 3.843749240996698902e-01 1.569407005832521573e-01 1.618621633751814448e-01 8.853488956200530335e-01 7.180837702309097459e-01 6.299514972090298759e-01 5.025993684316815147e-01 7.244346360588984624e-01 3.350746017807251786e-01 4.521428349903457988e-01 6.005394754751460784e-01 4.032500929674802670e-01 5.126278814390997640e-01
4.093298639702926955e-01 7.014162066056552902e-01 8.502059310188485597e-01 5.181912896808094082e-01 7.919666024882188182e-01 5.004785396265719610e-01 4.837210986153603898e-01 7.999401851522116580e-01 3.944591192968287530e-01 9.194321561503977502e-01 2.053059813613284934e-01 8.910534859449918965e-01 7.458818293225024654e-01 6.802872199612135518e-01 4.291619488508582325e-01 5.263264995102389099e-01 2.060307357180798382e-01 4.456569086656144152e-01 0.000000000000000000e+00 6.928884755896347336e-01 4.991792464080003766e-01 7.269321403541362248e-01 5.627238079009164728e-01 6.718039822094518110e-01 7.187033132024591708e-01 3.871670068240304907e-01 4.589940963532889717e-01 4.327141196840190163e-01 9.302117603226418563e-01 5.467483031771228630e-01 3.586970071301731622e-01 3.286709888605662822e-01 4.448792392967265141e-01 6.823569740972266207e-01 5.555016793684446341e-01
7.151294957173792710e-01 2.127365465525936639e-01 3.623875918497516668e-01 5.708736943998945490e-01 4.685780065217013957e-01 5.358755662924539198e-01 4.543636160496328791e-01 7.452862475245538576e-01 2.599131966895740220e-01 3.660253668176248754e-01 6.873037154012024974e-01 6.370155888235122799e-01 5.413276712089791776e-01 5.680425604813446050e-01 4.747575283785364642e-01 1.654465130881800361e-01 7.121941877913262609e-02 5.219472001593350452e-01 6.928884755896347336e-01 0.000000000000000000e+00 4.993750824431946733e-01 8.354362324316976229e-01 5.110136476795335003e-01 2.636333078483412695e-01 6.610301094198600680e-01 5.105221176685134088e-01 4.322944438824024571e-01 2.846606694126583292e-01 3.114590008166397972e-01 1.246345281333051114e-01 6.933828637925902871e-01 9.142537887716100098e-01 7.763847560702143991e-01 1.425815633692320006e-01 4.588383261619866094e-02
7.096098126804065709e-01 2.748367106511233615e-01 3.835514815816813972e-01 5.510442376138064979e-01 1.188310674986191584e-01 1.978214534462255925e-01 5.418696948240008249e-01 5.516826815349040736e-01 7.617063580354019869e-01 2.205661906640944969e-01 4.705285482161088439e-01 1.451757471965481328e-01 5.734893432515085765e-01 5.246703179555207708e-01 5.151755853569248700e-01 6.888454815069202652e-01 9.332790216963393615e-01 4.452018083366613421e-01 4.991792464080003766e-01 4.993750824431946733e-01 0.000000000000000000e+00 2.675528753179186592e-01 6.092674791151158065e-01 7.492710433074312171e-01 8.731774306829263033e-01 4.758212181905825400e-01 7.160997536628876947e-01 1.212145197507915051e-01 3.486335494233008259e-01 5.719950137619423947e-01 4.880381029570999840e-01 4.643732460784335547e-01 8.793818490146001476e-01 8.380696874252974160e-01 3.746169536485629559e-01
2.182587805156142591e-01 4.102988991082673342e-01 7.237588206835623428e-01 8.350932084969555635e-01 5.958755118950175289e-01 6.786909505590719149e-01 4.361045971245706698e-01 7.025531643060121123e-01 2.798728963723597918e-01 1.817950971466103516e-01 4.607837255310920366e-01 2.210020206622728134e-01 2.913705606853856378e-01 2.984923064012759975e-01 7.181757328595662626e-01 5.104466552827272574e-01 4.242767047706840766e-01 3.581462955835730821e-01 7.269321403541362248e-01 8.354362324316976229e-01 2.675528753179186592e-01 0.000000000000000000e+00 5.824965103342601980e-01 9.507515215245427864e-01 3.561806905245623600e-02 7.856024961973373522e-01 6.549783985101873540e-01 5.148075642285465658e-02 4.597760762992643691e-01 4.876414901238264599e-01 4.695044723062786751e-01 1.625328787924453788e-01 3.566332552207666096e-01 4.180734071563719789e-01 7.898209663078166187e-01
8.477221615742911442e-01 5.403611231928904246e-01 6.649666712685410319e-01 3.191292399432420490e-01 5.724333738364304480e-01 7.585229679087612809e-02 3.849972309761544587e-01 3.191555802235278572e-01 3.203721090462676724e-01 8.674290925977421463e-01 5.457456589708185035e-01 5.546999088755842910e-01 8.427002481383478738e-01 6.797763590667571520e-01 6.887115201490063843e-01 3.823510655482760257e-01 3.797723610086063961e-01 3.843749240996698902e-01 5.627238079009164728e-01 5.110136476795335003e-01 6.092674791151158065e-01 5.824965103342601980e-01 0.000000000000000000e+00 3.806048919058881985e-01 4.358302086200503966e-01 2.079371411828463412e-01 5.032836958905126945e-01 5.103413397851344069e-01 7.780600859338889785e-01 4.933016095634037979e-01 3.924796611618374120e-01 4.858918770306084323e-01 6.312199836497869310e-01 6.591137846908292630e-01 1.573864094819864556e-01
7.905126674303430967e-01 4.878894701461790051e-01 3.940880482700707121e-01 7.383186556671199607e-01 5.189309037005369607e-01 9.454325669504599627e-01 6.707347476986489365e-01 8.479746919934965099e-01 5.489217022604684360e-01 6.825359665809482834e-01 4.583028090818672684e-01 6.072598427355614392e-01 8.149339955360537235e-01 8.068025231792874674e-01 7.392202171930652987e-01 6.322915971071141339e-01 8.589703599486249175e-01 1.569407005832521573e-01 6.718039822094518110e-01 2.636333078483412695e-01 7.492710433074312171e-01 9.507515215245427864e-01 3.806048919058881985e-01 0.000000000000000000e+00 5.230085241377966376e-01 7.762722620195474654e-01 8.201349618642320705e-01 6.144736499224706661e-01 7.592795397554283898e-01 6.758900705589420133e-01 9.027435968400533417e-01 5.523137323062180526e-01 3.737873354402013182e-01 2.555106230200546724e-01 9.717269546919573564e-01
9.598414178152880893e-02 7.485821124098572810e-01 8.533213749510956125e-01 7.116785879632721024e-01 9.181402066322983391e-01 2.682072440640132505e-01 3.934258497852654024e-01 7.765720668621940437e-01 6.823417516087741941e-01 7.372591705824744768e-01 5.170690285824823818e-01 4.903785239180657451e-01 5.648544638491186376e-01 6.117628430741557377e-01 6.084232839795673531e-01 3.994148155263910760e-01 3.978347626064102638e-01 1.618621633751814448e-01 7.187033132024591708e-01 6.610301094198600680e-01 8.731774306829263033e-01 3.561806905245623600e-02 4.358302086200503966e-01 5.230085241377966376e-01 0.000000000000000000e+00 3.830584959174565540e-01 8.526879386153608520e-01 2.823720136893684840e-01 3.439124824414259152e-01 8.380377499266662422e-01 7.549084825875300719e-01 5.110344196130425232e-01 3.472848796161217000e-01 5.725856160007705142e-01 5.916245658710551636e-01
5.063518133295659140e-01 5.210628264355061656e-01 5.891025891068935039e-01 5.437208214041320264e-01 3.919213392389510053e-01 7.208367394474494150e-01 3.246106955666732130e-01 8.541258088564135376e-01 6.399881252760157846e-01 3.673049705123156983e-01 1.388872142121481135e-01 4.761517203769765061e-01 7.323477238546475254e-01 6.032268017175405062e-01 5.225475457355577280e-01 7.396680433235529595e-01 7.883597761998224485e-01 8.853488956200530335e-01 3.871670068240304907e-01 5.105221176685134088e-01 4.758212181905825400e-01 7.856024961973373522e-01 2.079371411828463412e-01 7.762722620195474654e-01 3.830584959174565540e-01 0.000000000000000000e+00 8.713601282734684261e-01 7.151712982849737221e-01 4.145641984679916403e-01 4.521015359873077344e-01 5.959000523052345732e-01 6.229129211756219142e-01 6.636225323140716448e-01 7.372878789953205558e-01 4.724590400832392456e-01
3.284951591786903213e-01 7.905411235144708115e-01 4.665625232574858727e-01 5.714854097938459887e-01 7.613975398737995448e-01 3.822325375177050288e-01 5.531772413216409223e-01 5.576844411889005926e-01 4.843308228111053992e-02 5.468568784072864730e-01 6.442835211961472908e-01 7.434068562454186901e-01 1.034961744471988299e-01 4.504134947080277174e-01 5.718012591197649819e-01 7.375763912837570713e-01 6.025769991793108460e-01 7.180837702309097459e-01 4.589940963532889717e-01 4.322944438824024571e-01 7.160997536628876947e-01 6.549783985101873540e-01 5.032836958905126945e-01 8.201349618642320705e-01 8.526879386153608520e-01 8.713601282734684261e-01 0.000000000000000000e+00 7.841185181665893955e-01 4.915588507144362240e-01 8.765434312268003403e-01 4.432840863880499471e-01 9.015631264894863328e-02 6.461368822365820552e-01 4.169475939298644129e-01 2.798083043695680505e-01
4.906599997833033244e-01 4.036867758109209392e-01 6.288541849803767070e-01 9.118345301211856491e-01 5.724209408684628464e-01 5.520432816750069360e-01 5.523631283184102791e-01 4.194923240826661237e-01 3.533486958561617985e-01 6.575525970181084201e-01 6.331426373955911791e-01 8.673549915896183737e-01 5.116166999281031025e-01 6.743981046832483450e-01 5.413298926785625742e-01 9.192859503185502046e-01 3.888127371056966375e-01 6.299514972090298759e-01 4.327141196840190163e-01 2.846606694126583292e-01 1.212145197507915051e-01 5.148075642285465658e-02 5.103413397851344069e-01 6.144736499224706661e-01 2.823720136893684840e-01 7.151712982849737221e-01 7.841185181665893955e-01 0.000000000000000000e+00 7.287625339491048404e-01 3.427067209564703676e-01 5.366028778435207869e-01 4.756683954127761682e-01 6.046874607709291638e-01 3.584504674187096729e-01 5.358295745320527104e-01
4.497165282481810911e-01 6.322860303726293152e-01 5.739766083500030813e-02 1.728667343489713737e-01 6.731199863222578905e-01 4.253092251860305928e-01 1.289046089359423553e-01 3.512809979781085223e-01 4.826368680945213319e-01 3.907975395813959030e-01 5.870112625539392059e-01 6.500716299116127139e-01 4.050788335549695973e-01 6.170448170621394279e-01 5.558146786373663328e-01 7.456191278703570013e-01 3.375077609070324947e-01 5.025993684316815147e-01 9.302117603226418563e-01 3.114590008166397972e-01 3.486335494233008259e-01 4.597760762992643691e-01 7.780600859338889785e-01 7.592795397554283898e-01 3.439124824414259152e-01 4.145641984679916403e-01 4.915588507144362240e-01 7.287625339491048404e-01 0.000000000000000000e+00 5.296277521204997285e-01 6.574324547398396890e-02 5.147046064549276601e-01 8.599758800142633941e-01 5.230645055543405864e-01 8.008892638140148179e-01
9.347591794790877096e-02 4.726192801101280483e-01 2.954349939907978673e-01 7.931273036818971001e-01 5.252940913232402309e-01 1.700178994213704664e-01 5.245062777542072174e-01 3.081862790000248764e-01 6.172325865996013405e-01 7.262121374619963099e-01 5.476041618896270169e-01 1.607253120993863416e-01 6.235534494742228651e-01 3.805853364854335785e-01 3.950864721299869320e-01 1.400871429264189949e-01 2.530428333076999992e-01 7.244346360588984624e-01 5.467483031771228630e-01 1.246345281333051114e-01 5.719950137619423947e-01 4.876414901238264599e-01 4.933016095634037979e-01 6.758900705589420133e-01 8.380377499266662422e-01 4.521015359873077344e-01 8.765434312268003403e-01 3.427067209564703676e-01 5.296277521204997285e-01 0.000000000000000000e+00 4.589837376906658051e-01 3.502835782018347555e-01 4.190285860305761334e-01 1.301642398337602424e-01 7.842060549809568570e-01
7.849884330088180429e-01 3.702151788587967340e-01 4.394598229723561955e-01 8.713893013831885970e-01 7.907718037486310969e-01 4.396139244666669721e-01 2.196267518715079303e-01 6.077835549205715671e-01 7.831334784042766062e-01 7.606130380087700038e-01 6.761221902154772589e-01 8.962208555279558286e-01 8.949076596806637696e-01 4.837473496560816821e-01 6.604501438956765780e-01 4.588895122293650264e-01 3.429947389569407701e-01 3.350746017807251786e-01 3.586970071301731622e-01 6.933828637925902871e-01 4.880381029570999840e-01 4.695044723062786751e-01 3.924796611618374120e-01 9.027435968400533417e-01 7.549084825875300719e-01 5.959000523052345732e-01 4.432840863880499471e-01 5.366028778435207869e-01 6.574324547398396890e-02 4.589837376906658051e-01 0.000000000000000000e+00 6.977037199891062969e-01 1.695887847379323743e-01 8.000117247190773329e-01 6.656540045211389867e-01
4.217875027963657875e-01 6.561642087987606953e-01 4.406523019028596444e-01 9.783564971097058471e-02 3.671715249897325450e-01 2.625932633229313140e-01 4.273735244169057368e-01 4.093641091505905161e-01 6.101327052003473472e-01 8.380719346574523332e-01 2.684841745549474412e-01 6.818429305496663817e-01 9.613134773446714298e-01 8.556594558629220248e-01 4.775889666354058982e-01 5.503949881086759310e-01 6.812393167817396566e-01 4.521428349903457988e-01 3.286709888605662822e-01 9.142537887716100098e-01 4.643732460784335547e-01 1.625328787924453788e-01 4.858918770306084323e-01 5.523137323062180526e-01 5.110344196130425232e-01 6.229129211756219142e-01 9.015631264894863328e-02 4.756683954127761682e-01 5.147046064549276601e-01 3.502835782018347555e-01 6.977037199891062969e-01 0.000000000000000000e+00 4.285887179858149931e-02 7.493954468631831567e-01 4.787305620932258421e-01
7.529607954020468563e-01 6.370544909635660336e-01 5.847982778021922901e-01 5.003146414551080667e-01 4.155288216710136262e-01 5.630106377111077087e-01 3.358332087310275105e-01 2.723321674401529835e-01 5.654983721927897555e-01 4.690163219817713447e-01 4.855672195618087050e-01 8.377254943310948887e-01 6.181120304118661313e-01 4.117239397467570283e-01 5.189564507989958830e-01 8.305307618883177589e-01 1.106010511479657010e-01 6.005394754751460784e-01 4.448792392967265141e-01 7.763847560702143991e-01 8.793818490146001476e-01 3.566332552207666096e-01 6.312199836497869310e-01 3.737873354402013182e-01 3.472848796161217000e-01 6.636225323140716448e-01 6.461368822365820552e-01 6.046874607709291638e-01 8.599758800142633941e-01 4.190285860305761334e-01 1.695887847379323743e-01 4.285887179858149931e-02 0.000000000000000000e+00 5.264092786386975753e-01 5.579721293919215341e-01
3.483694366941770815e-01 6.521239322651601888e-01 5.226150046831806728e-01 5.960963917580685001e-01 4.476372096743824747e-01 3.249872307415644368e-01 2.310219633774457382e-02 5.854745238814461628e-01 7.345561957164945532e-01 7.820036537659071918e-01 4.298724377442281197e-01 6.865341513493153913e-01 5.209593994710491893e-01 1.799627459867679247e-01 7.010052238821926629e-01 2.465337179461001282e-01 4.897467659014982377e-01 4.032500929674802670e-01 6.823569740972266207e-01 1.425815633692320006e-01 8.380696874252974160e-01 4.180734071563719789e-01 6.591137846908292630e-01 2.555106230200546724e-01 5.725856160007705142e-01 7.372878789953205558e-01 4.169475939298644129e-01 3.584504674187096729e-01 5.230645055543405864e-01 1.301642398337602424e-01 8.000117247190773329e-01 7.493954468631831567e-01 5.264092786386975753e-01 0.000000000000000000e+00 6.412158219642214441e-01
2.901008789749907057e-01 4.460069295692588032e-01 8.645691446823977611e-01 3.509318500836666743e-01 4.155832710077683734e-01 5.917037538100679006e-01 4.553326786576530893e-01 5.657910190810235829e-01 5.396442784045960561e-01 5.670888569992077466e-01 5.362688758488213248e-01 7.658742619631269122e-01 5.042704218687182882e-01 7.718250610014016910e-01 8.600520276299568057e-01 6.223984889848823698e-01 2.585394584458798883e-01 5.126278814390997640e-01 5.555016793684446341e-01 4.588383261619866094e-02 3.746169536485629559e-01 7.898209663078166187e-01 1.573864094819864556e-01 9.717269546919573564e-01 5.916245658710551636e-01 4.724590400832392456e-01 2.798083043695680505e-01 5.358295745320527104e-01 8.008892638140148179e-01 7.842060549809568570e-01 6.656540045211389867e-01 4.787305620932258421e-01 5.579721293919215341e-01 6.412158219642214441e-01 0.000000000000000000e+00
