0.000000000000000000e+00 3.903816369399306097e-01 2.106810363037733280e-01 9.250465542281574027e-01 9.431983760901478941e-01 6.698615802122360741e-01 1.836149615621399667e-01 5.145820837681209792e-01 1.643353454661853341e-01 4.776122267611568883e-01 6.072654030615707299e-01 7.871027873712934664e-01 6.262823253921057098e-01 4.450451644749530145e-01 8.229164944677347382e-01 3.054278173475447611e-01 2.814610736871632213e-01 5.319497829925272647e-01 6.111363430675857966e-01 8.482601765561718077e-01 2.785681016875361515e-01 5.327175619873062429e-01 4.491604993210006613e-01 6.731385494767849753e-01 8.750989611641040167e-01 8.240670721312673974e-01 7.620195626455972260e-01 4.703521625477469770e-01 5.659435268655966800e-01 8.877650170990742939e-01 7.393663272435893052e-01 4.930482386344042789e-01 5.385981753950093154e-01 5.965683999724977760e-01 5.106098400191889652e-01
3.903816369399306097e-01 0.000000000000000000e+00 5.283968965058671863e-01 4.351497196063438544e-01 4.511647224176130733e-01 4.508855053748560548e-01 4.494962856756074543e-01 3.617209465711881400e-01 6.752186651949618756e-01 7.004722008787415133e-01 4.881936485766191769e-01 1.946091150436949357e-01 8.170106387269449044e-01 6.007113312646896741e-01 6.049402441267794917e-01 5.453767996934136830e-01 8.232677488375841346e-01 4.236720781487820497e-01 2.605255611411870786e-01 3.965747034787426295e-01 5.447890993090473977e-01 2.079544323667736894e-01 8.151369630433247249e-01 8.559931407979368689e-01 1.837865409969521302e-01 4.369345006450975344e-01 4.774294902194457513e-01 6.538327868800910547e-01 2.160247997676610909e-01 2.616621562321479466e-01 8.427068961708658046e-01 3.484521010831046484e-01 3.798273912067661184e-01 5.367506684630218849e-01 7.287465342370595955e-01
2.106810363037733280e-01 5.283968965058671863e-01 0.000000000000000000e+00 4.273243063642361284e-01 6.480798536293645995e-01 8.270633118411616636e-01 7.671463075186013558e-02 4.421015696978763398e-01 7.941191898147464956e-01 4.242059929030930210e-01 7.789664262634399261e-02 5.182218304046615209e-01 1.172159347844025090e-01 8.842310599608214083e-01 3.491224275787364606e-01 4.586008380001276308e-01 6.147467077137289682e-01 7.220616715125195428e-01 7.908956972915661687e-01 5.437195520499535917e-01 2.622072360798667345e-01 7.992963666948799117e-01 6.824320286345391118e-01 2.098767403554887556e-01 5.238902823003290798e-01 4.998117934136313001e-01 8.857528676905706000e-01 8.988525481629772163e-02 4.202516311001388005e-01 3.096445505224272865e-01 6.962667239606390446e-01 4.277397716493965829e-01 2.639863218927733790e-01 4.958058433177479074e-01 4.197625662567694427e-01
9.250465542281574027e-01 4.351497196063438544e-01 4.273243063642361284e-01 0.000000000000000000e+00 4.325057796981676139e-01 1.959134908766941852e-01 7.895470918719385001e-01 4.263012121097828899e-01 7.972158907902763270e-01 5.856897845939953440e-01 4.922404668181137866e-01 8.065381409439192906e-01 5.670844404845123421e-01 4.328816048373810843e-01 2.568913665833088000e-01 3.442018238752292403e-01 2.012910028020373776e-01 6.645022942685913092e-01 4.726334244940774698e-01 7.772089850982751846e-01 3.775964636476908942e-01 1.125849197724289041e-01 2.812376603077412218e-01 4.399714378742962673e-01 3.309900748082860722e-01 6.689518143173670550e-01 3.002127130539191668e-01 9.131890166835314737e-01 4.538066296768062391e-01 3.737844379227971414e-01 3.271426634611941386e-01 8.308681119440910479e-01 4.696476798046756995e-01 1.714287755394812152e-01 5.664111413135579642e-01
9.431983760901478941e-01 4.511647224176130733e-01 6.480798536293645995e-01 4.325057796981676139e-01 0.000000000000000000e+00 5.661701275729318361e-01 1.594126940826040562e-01 9.329482316499748684e-02 6.825529971810114782e-01 5.599503299650968602e-01 5.250706801476412444e-01 6.651190312981138941e-01 1.530689423709692409e-01 7.241161795767006026e-01 3.588684914319838493e-01 3.759620601972166187e-01 7.789624300620109354e-01 4.006428818376526757e-01 2.731711774128381953e-01 2.007300126332238754e-01 5.592443124207457927e-01 6.666949918954599985e-01 4.584174873997519661e-01 1.204162660532014373e-01 7.882075138505674206e-01 8.217736811754109416e-01 7.464558234491776023e-01 5.816552665252903154e-01 5.407861934621303046e-01 5.779405340894467891e-01 7.631885171087715580e-01 6.124750653601980233e-01 8.257524832496165867e-01 2.631029140506957464e-01 2.580701285109219256e-01
6.698615802122360741e-01 4.508855053748560548e-01 8.270633118411616636e-01 1.959134908766941852e-01 5.661701275729318361e-01 0.000000000000000000e+00 8.155272837964280264e-01 5.925292095689076444e-01 6.765341755903412357e-01 5.639084221432092425e-01 1.933123137579885187e-01 4.777514630846219634e-01 7.531629371453683053e-01 4.102144671527491737e-01 5.751339511535209503e-01 2.460631547876722669e-01 4.467549534102483455e-01 1.560193754073528893e-01 2.568451937703931653e-01 8.316273872094857023e-01 2.229933791839258106e-01 4.471019861386952288e-01 4.679168881805094160e-01 4.340073476087547011e-01 5.528387758304764699e-01 6.067356215658723517e-01 6.733080289323388756e-01 2.131506790814793328e-01 6.419977789862401085e-01 7.982651748276814452e-01 6.833911369339089603e-01 6.838757355186644293e-01 1.120668503264899973e-01 6.428290303018707741e-01 2.556315400918174330e-02
1.836149615621399667e-01 4.494962856756074543e-01 7.671463075186013558e-02 7.895470918719385001e-01 1.594126940826040562e-01 8.155272837964280264e-01 0.000000000000000000e+00 1.170650286841774523e-01 5.111457124878321379e-01 4.329448013950160656e-01 7.252236926036295106e-01 3.948800543054764578e-01 7.099936373525348454e-01 4.434423275839000644e-01 2.650243888472185727e-01 7.693654481131178002e-01 3.980442907920023754e-01 5.799737233288509985e-01 1.468534516938352352e-01 7.852393991396566797e-01 6.406419932402082074e-01 5.500148956721614413e-01 3.464348925137917812e-01 3.900179200103616184e-01 4.803703149004376893e-01 5.989529516692626565e-02 8.065241987549288671e-01 3.308551738748832238e-01 7.075522864884046248e-01 3.465507231022234569e-01 2.469568893125810849e-01 7.406033783706906792e-01 1.751455497634505365e-01 5.713681642619576895e-01 8.706169869296183084e-01
5.145820837681209792e-01 3.617209465711881400e-01 4.421015696978763398e-01 4.263012121097828899e-01 9.329482316499748684e-02 5.925292095689076444e-01 1.170650286841774523e-01 0.000000000000000000e+00 7.989586317328920551e-01 1.081796000540404812e-01 4.863949475983087023e-01 8.907841278615705738e-01 5.013126052981475844e-01 5.171791858919043694e-01 1.450367259238147799e-01 4.688020348881115629e-01 7.637496535049603796e-01 7.264610523625711913e-01 5.558816239037364104e-01 5.047386445774492136e-01 6.426126239251989114e-01 4.056964442973330920e-01 4.166714950553065955e-01 7.456773405738503779e-01 1.666769496411031337e-01 8.362633754457160506e-01 3.906377780908891761e-01 8.032206088734581417e-01 7.476673687927064549e-01 5.108116449404059844e-01 4.077549898762530267e-01 7.297074945909044486e-01 5.718418653440667798e-01 3.907716492879123038e-01 7.673114284944382302e-01
1.643353454661853341e-01 6.752186651949618756e-01 7.941191898147464956e-01 7.972158907902763270e-01 6.825529971810114782e-01 6.765341755903412357e-01 5.111457124878321379e-01 7.989586317328920551e-01 0.000000000000000000e+00 5.693756344135141312e-01 5.294133324387098050e-01 3.107997260729079003e-01 4.022609833187547612e-01 3.192990441959883130e-01 4.960003208242048101e-01 3.877637518170385933e-01 7.431872956209373271e-01 2.626859718169937685e-01 3.789526494780629529e-01 4.881985962647927835e-02 4.781181387134552097e-01 6.082873978532974402e-01 4.262071607141598162e-01 8.641122772740564839e-01 5.444969992327020059e-01 4.162082292895249447e-01 3.471946284446585929e-01 6.965379473375121755e-01 3.613424543642376197e-01 4.128973079025601844e-01 1.784050930967112647e-01 2.055387576413074679e-01 7.890395467901436533e-01 4.704763644169251413e-01 5.120082043190032905e-01
4.776122267611568883e-01 7.004722008787415133e-01 4.242059929030930210e-01 5.856897845939953440e-01 5.599503299650968602e-01 5.639084221432092425e-01 4.329448013950160656e-01 1.081796000540404812e-01 5.693756344135141312e-01 0.000000000000000000e+00 5.374091240195731922e-01 6.333232081119815060e-01 3.358806556862957704e-01 4.084456181482510884e-01 1.418264418190680054e-01 5.387631483280073130e-01 1.546654895372110428e-01 4.451131030298982050e-01 4.113274266247420319e-01 6.441018137287993772e-01 6.506059275128717179e-01 6.853255603346188884e-01 4.970852670036899346e-01 6.204634074145207734e-01 8.061297367531958802e-01 3.066992404948658546e-01 5.221769489881842308e-01 4.412103680147262952e-01 4.824729995009462424e-01 4.714077211999765371e-01 4.013562889344018947e-01 5.476873499310290772e-01 7.176944785299497198e-01 2.763869349571043132e-01 9.114897653199547367e-01
6.072654030615707299e-01 4.881936485766191769e-01 7.789664262634399261e-02 4.922404668181137866e-01 5.250706801476412444e-01 1.933123137579885187e-01 7.252236926036295106e-01 4.863949475983087023e-01 5.294133324387098050e-01 5.374091240195731922e-01 0.000000000000000000e+00 9.052000780764903887e-01 3.868780283441121126e-01 6.060304201784090239e-01 9.155732432048804270e-01 6.314858303053696442e-01 8.167396136773705795e-01 7.864434917682376902e-01 4.809507474772684588e-01 7.666498009238703615e-01 1.358154179759429869e-01 5.387363739758042058e-01 3.061916481535013057e-01 3.907956617232187790e-01 7.656748209439530051e-01 5.187097013014170255e-01 3.887239672257669088e-01 3.091856862714622567e-01 8.841146513767861315e-02 3.503642301623265398e-01 2.506755392464010690e-01 2.534490641005993083e-01 6.750711272096038273e-01 4.100712486459534012e-01 5.019353734744048667e-01
7.871027873712934664e-01 1.946091150436949357e-01 5.182218304046615209e-01 8.065381409439192906e-01 6.651190312981138941e-01 4.777514630846219634e-01 3.948800543054764578e-01 8.907841278615705738e-01 3.107997260729079003e-01 6.333232081119815060e-01 9.052000780764903887e-01 0.000000000000000000e+00 3.806036097660220330e-01 7.167585638879281351e-01 5.645571557332941248e-01 2.068813852887991800e-01 4.830297840290528888e-01 3.846569836294644884e-01 7.103867566423858193e-01 3.784944185005629791e-01 6.079399541393464279e-01 7.495456982120843881e-01 3.719724044893097936e-01 6.380986719942394192e-02 6.385607294671202805e-01 5.060850149577565960e-01 6.722672798814823825e-01 3.720003985592656992e-01 1.100798835509351203e-01 1.976728652688561905e-01 5.622113740690581896e-02 3.921308515520112170e-01 7.393570886155569344e-01 5.456566264250928278e-01 4.354706756511179666e-01
6.262823253921057098e-01 8.170106387269449044e-01 1.172159347844025090e-01 5.670844404845123421e-01 1.530689423709692409e-01 7.531629371453683053e-01 7.099936373525348454e-01 5.013126052981475844e-01 4.022609833187547612e-01 3.358806556862957704e-01 3.868780283441121126e-01 3.806036097660220330e-01 0.000000000000000000e+00 4.261798965726519284e-01 6.533199918318701727e-01 6.945813030511063246e-01 8.616067967994975874e-01 1.747962939671673377e-01 5.461652178110877331e-01 3.456036190766060834e-01 6.344552363327239375e-01 4.418497828806791650e-01 3.016537719412523133e-01 4.258632193366945207e-01 1.077919039893590614e-01 6.825637111405149504e-01 7.004210927723741875e-01 1.204537448670113253e-01 8.582963348123502367e-01 5.174202929247402327e-01 5.551995597157746154e-01 1.768510340302478223e-01 4.569533195515901314e-01 4.618014959688377941e-01 4.367908768493539151e-01
4.450451644749530145e-01 6.007113312646896741e-01 8.842310599608214083e-01 4.328816048373810843e-01 7.241161795767006026e-01 4.102144671527491737e-01 4.434423275839000644e-01 5.171791858919043694e-01 3.192990441959883130e-01 4.084456181482510884e-01 6.060304201784090239e-01 7.167585638879281351e-01 4.261798965726519284e-01 0.000000000000000000e+00 8.263324315232989381e-02 8.133913023018726207e-01 4.661202357702554089e-01 6.626701981966922617e-01 6.207302445294481386e-01 1.346453566741336316e-01 6.165464365244688327e-01 9.745585006089582114e-01 5.491775178836205695e-01 4.138521037609542153e-01 5.579716226730191408e-01 6.301352339267990432e-01 5.255445055726153392e-01 8.357086030282705469e-01 4.808252674444491448e-01 5.732545663355763654e-01 6.476612380171478112e-01 7.411605049191388739e-01 6.878561922965338304e-01 8.707884977107134272e-01 5.776321775651893642e-01
8.229164944677347382e-01 6.049402441267794917e-01 3.491224275787364606e-01 2.568913665833088000e-01 3.588684914319838493e-01 5.751339511535209503e-01 2.650243888472185727e-01 1.450367259238147799e-01 4.960003208242048101e-01 1.418264418190680054e-01 9.155732432048804270e-01 5.645571557332941248e-01 6.533199918318701727e-01 8.263324315232989381e-02 0.000000000000000000e+00 7.349026715525464049e-01 6.595662832915917262e-01 7.550374262369712319e-01 5.419115804424714522e-01 1.568196120120476378e-01 2.889366991769407034e-01 8.130316181948856746e-01 8.932173459370248425e-01 5.848452444810554596e-01 6.341841775749982313e-01 3.169930674503353418e-01 7.799670007401888761e-01 5.090643052118728473e-01 2.047496539272865013e-01 2.758306465191498469e-01 6.169481368535960630e-01 5.741287391477258861e-01 8.355604468759816328e-01 8.118833307388688691e-01 4.440319232099312896e-01
3.054278173475447611e-01 5.453767996934136830e-01 4.586008380001276308e-01 3.442018238752292403e-01 3.759620601972166187e-01 2.460631547876722669e-01 7.693654481131178002e-01 4.688020348881115629e-01 3.877637518170385933e-01 5.387631483280073130e-01 6.314858303053696442e-01 2.068813852887991800e-01 6.945813030511063246e-01 8.133913023018726207e-01 7.349026715525464049e-01 0.000000000000000000e+00 6.332842596046382999e-01 4.115855232240138717e-01 7.503150576267350047e-01 4.851677953727748238e-01 5.594015491202432022e-01 3.874115857431155163e-01 6.003654224475561962e-01 3.513761425135879524e-01 2.797826142154179463e-01 7.400293810809255302e-01 5.536368611463049483e-01 7.622344454551830406e-01 5.652830479434804989e-01 4.837008141687982876e-01 3.851204027603464808e-01 2.859354184298849022e-01 2.712631823523748986e-01 6.238814900627167592e-01 6.931625519132801339e-01
2.814610736871632213e-01 8.232677488375841346e-01 6.147467077137289682e-01 2.012910028020373776e-01 7.789624300620109354e-01 4.467549534102483455e-01 3.980442907920023754e-01 7.637496535049603796e-01 7.431872956209373271e-01 1.546654895372110428e-01 8.167396136773705795e-01 4.830297840290528888e-01 8.616067967994975874e-01 4.661202357702554089e-01 6.595662832915917262e-01 6.332842596046382999e-01 0.000000000000000000e+00 4.149350505701913105e-01 6.124961018692818282e-01 8.545955129390158111e-01 9.074917755439007028e-01 4.748965334198603783e-01 4.827872267369021086e-01 7.527528538937185987e-01 9.198231324154444444e-01 8.947867886805873638e-01 8.673704492714664482e-01 3.158008309760855781e-01 3.615719100041051570e-01 4.526954519276430444e-01 4.645065275014204076e-01 5.346260992121063538e-01 4.544921266343202038e-01 4.526607648275859930e-01 9.242306895069358763e-01
5.319497829925272647e-01 4.236720781487820497e-01 7.220616715125195428e-01 6.645022942685913092e-01 4.006428818376526757e-01 1.560193754073528893e-01 5.799737233288509985e-01 7.264610523625711913e-01 2.626859718169937685e-01 4.451131030298982050e-01 7.864434917682376902e-01 3.846569836294644884e-01 1.747962939671673377e-01 6.626701981966922617e-01 7.550374262369712319e-01 4.115855232240138717e-01 4.149350505701913105e-01 0.000000000000000000e+00 8.591672540100154798e-01 7.887070992568226968e-01 8.207560828172091316e-01 6.154438786236942072e-01 6.636147288411979872e-01 5.132214307527085406e-01 4.537065943026296067e-01 5.782805246893765183e-01 7.605963909004191947e-01 3.128871061973645951e-01 1.364553082952405516e-01 3.799303110129648164e-02 3.821895099981574284e-01 7.346001706964544464e-01 7.073079829138930741e-01 5.851606789418913879e-01 6.878834897011786298e-01
6.111363430675857966e-01 2.605255611411870786e-01 7.908956972915661687e-01 4.726334244940774698e-01 2.731711774128381953e-01 2.568451937703931653e-01 1.468534516938352352e-01 5.558816239037364104e-01 3.789526494780629529e-01 4.113274266247420319e-01 4.809507474772684588e-01 7.103867566423858193e-01 5.461652178110877331e-01 6.207302445294481386e-01 5.419115804424714522e-01 7.503150576267350047e-01 6.124961018692818282e-01 8.591672540100154798e-01 0.000000000000000000e+00 7.449508207311010821e-01 5.211619359272143814e-01 5.260130740655942772e-01 4.036335042286030017e-01 5.046521509360488711e-01 2.013483887113447501e-01 7.803294416913107989e-01 2.441321486583569733e-01 3.753109057838981966e-01 1.791891420229808629e-01 8.550767051347532011e-01 3.958867841625320350e-01 3.223733223692817340e-01 1.614630655092093026e-01 4.555742768504220108e-01 5.398300450688877650e-01
8.482601765561718077e-01 3.965747034787426295e-01 5.437195520499535917e-01 7.772089850982751846e-01 2.007300126332238754e-01 8.316273872094857023e-01 7.852393991396566797e-01 5.047386445774492136e-01 4.881985962647927835e-02 6.441018137287993772e-01 7.666498009238703615e-01 3.784944185005629791e-01 3.456036190766060834e-01 1.346453566741336316e-01 1.568196120120476378e-01 4.851677953727748238e-01 8.545955129390158111e-01 7.887070992568226968e-01 7.449508207311010821e-01 0.000000000000000000e+00 8.925150023783599007e-01 4.297094700528314437e-01 8.475854624301168982e-01 2.840261375378971831e-01 4.514658369812936667e-01 7.842630307263774858e-01 6.922637371438558063e-01 5.398713929609914031e-01 7.218642368279946098e-01 7.431834236443968233e-01 3.035752502837881783e-01 1.488628040927065799e-01 7.611456679372198275e-01 5.476727090661428488e-01 4.549348849462734878e-01
2.785681016875361515e-01 5.447890993090473977e-01 2.622072360798667345e-01 3.775964636476908942e-01 5.592443124207457927e-01 2.229933791839258106e-01 6.406419932402082074e-01 6.426126239251989114e-01 4.781181387134552097e-01 6.506059275128717179e-01 1.358154179759429869e-01 6.079399541393464279e-01 6.344552363327239375e-01 6.165464365244688327e-01 2.889366991769407034e-01 5.594015491202432022e-01 9.074917755439007028e-01 8.207560828172091316e-01 5.211619359272143814e-01 8.925150023783599007e-01 0.000000000000000000e+00 4.740540485102673895e-01 6.675347093763241979e-01 3.713931089695725052e-01 3.887960056036543488e-02 4.753712502171972831e-01 5.998296737871365858e-01 7.675549780714778780e-01 9.997908942029853918e-02 5.567219580051816497e-01 7.584754695272465375e-01 6.050716893292388265e-01 5.535800816534270918e-01 8.027075342302587568e-01 8.557226034538309989e-01
5.327175619873062429e-01 2.079544323667736894e-01 7.992963666948799117e-01 1.125849197724289041e-01 6.666949918954599985e-01 4.471019861386952288e-01 5.500148956721614413e-01 4.056964442973330920e-01 6.082873978532974402e-01 6.853255603346188884e-01 5.387363739758042058e-01 7.495456982120843881e-01 4.418497828806791650e-01 9.745585006089582114e-01 8.130316181948856746e-01 3.874115857431155163e-01 4.748965334198603783e-01 6.154438786236942072e-01 5.260130740655942772e-01 4.297094700528314437e-01 4.740540485102673895e-01 0.000000000000000000e+00 1.497122885426348526e-01 8.581901761969981113e-01 6.267414702223899070e-01 7.642709154857945109e-01 2.551677679891352080e-01 5.004717180881788074e-01 3.425814545015522516e-01 2.368931798281447565e-01 4.820484144274770899e-01 3.330178148550757555e-01 5.514432128082265017e-01 5.558703145774854804e-01 3.160363665953725976e-01
4.491604993210006613e-01 8.151369630433247249e-01 6.824320286345391118e-01 2.812376603077412218e-01 4.584174873997519661e-01 4.679168881805094160e-01 3.464348925137917812e-01 4.166714950553065955e-01 4.262071607141598162e-01 4.970852670036899346e-01 3.061916481535013057e-01 3.719724044893097936e-01 3.016537719412523133e-01 5.491775178836205695e-01 8.932173459370248425e-01 6.003654224475561962e-01 4.827872267369021086e-01 6.636147288411979872e-01 4.036335042286030017e-01 8.475854624301168982e-01 6.675347093763241979e-01 1.497122885426348526e-01 0.000000000000000000e+00 2.992284782018087008e-01 5.283073999479709348e-01 3.837081462821656519e-01 5.659334482819968759e-01 1.311272659934126228e-01 4.218436828466122224e-01 3.658317715743364396e-01 3.003083140194967582e-01 3.505161177541183948e-01 4.921784960668609821e-01 7.301992750971865176e-01 3.037513071139213983e-01
6.731385494767849753e-01 8.559931407979368689e-01 2.098767403554887556e-01 4.399714378742962673e-01 1.204162660532014373e-01 4.340073476087547011e-01 3.900179200103616184e-01 7.456773405738503779e-01 8.641122772740564839e-01 6.204634074145207734e-01 3.907956617232187790e-01 6.380986719942394192e-02 4.258632193366945207e-01 4.138521037609542153e-01 5.848452444810554596e-01 3.513761425135879524e-01 7.527528538937185987e-01 5.132214307527085406e-01 5.046521509360488711e-01 2.840261375378971831e-01 3.713931089695725052e-01 8.581901761969981113e-01 2.992284782018087008e-01 0.000000000000000000e+00 6.362148873538066018e-01 5.494029305190639700e-01 5.899186818039634517e-01 6.379789982326945497e-01 7.123165211098547722e-01 1.904441383123897102e-01 6.319644906651177285e-01 2.030447569483007086e-01 8.727870092835574578e-01 1.711944520697800121e-01 1.205948227413445872e-01
8.750989611641040167e-01 1.837865409969521302e-01 5.238902823003290798e-01 3.309900748082860722e-01 7.882075138505674206e-01 5.528387758304764699e-01 4.803703149004376893e-01 1.666769496411031337e-01 5.444969992327020059e-01 8.061297367531958802e-01 7.656748209439530051e-01 6.385607294671202805e-01 1.077919039893590614e-01 5.579716226730191408e-01 6.341841775749982313e-01 2.797826142154179463e-01 9.198231324154444444e-01 4.537065943026296067e-01 2.013483887113447501e-01 4.514658369812936667e-01 3.887960056036543488e-02 6.267414702223899070e-01 5.283073999479709348e-01 6.362148873538066018e-01 0.000000000000000000e+00 8.123533641189886190e-01 5.833221397029436650e-01 8.426207836807603213e-01 5.431691506871307862e-01 3.651021294192501321e-01 6.803932576584881264e-02 3.086884973544381516e-01 6.213847043841080886e-01 4.609305232344730330e-01 4.786574632814488139e-01
8.240670721312673974e-01 4.369345006450975344e-01 4.998117934136313001e-01 6.689518143173670550e-01 8.217736811754109416e-01 6.067356215658723517e-01 5.989529516692626565e-02 8.362633754457160506e-01 4.162082292895249447e-01 3.066992404948658546e-01 5.187097013014170255e-01 5.060850149577565960e-01 6.825637111405149504e-01 6.301352339267990432e-01 3.169930674503353418e-01 7.400293810809255302e-01 8.947867886805873638e-01 5.782805246893765183e-01 7.803294416913107989e-01 7.842630307263774858e-01 4.753712502171972831e-01 7.642709154857945109e-01 3.837081462821656519e-01 5.494029305190639700e-01 8.123533641189886190e-01 0.000000000000000000e+00 8.393412045771920793e-01 1.010938258327701567e-01 4.771769369037413000e-01 3.693667194360426009e-01 5.169300742235067858e-01 7.409574583058844421e-01 3.704141754824700206e-01 1.481414328878177811e-01 3.547758426389064357e-01
7.620195626455972260e-01 4.774294902194457513e-01 8.857528676905706000e-01 3.002127130539191668e-01 7.464558234491776023e-01 6.733080289323388756e-01 8.065241987549288671e-01 3.906377780908891761e-01 3.471946284446585929e-01 5.221769489881842308e-01 3.887239672257669088e-01 6.722672798814823825e-01 7.004210927723741875e-01 5.255445055726153392e-01 7.799670007401888761e-01 5.536368611463049483e-01 8.673704492714664482e-01 7.605963909004191947e-01 2.441321486583569733e-01 6.922637371438558063e-01 5.998296737871365858e-01 2.551677679891352080e-01 5.659334482819968759e-01 5.899186818039634517e-01 5.833221397029436650e-01 8.393412045771920793e-01 0.000000000000000000e+00 3.720317608856595903e-01 3.593311664813887418e-01 8.631952748665544517e-01 6.143710156966106783e-01 3.170031429225590447e-01 9.385849202739047215e-01 5.548475676132553769e-01 7.579755235720154749e-01
4.703521625477469770e-01 6.538327868800910547e-01 8.988525481629772163e-02 9.131890166835314737e-01 5.816552665252903154e-01 2.131506790814793328e-01 3.308551738748832238e-01 8.032206088734581417e-01 6.965379473375121755e-01 4.412103680147262952e-01 3.091856862714622567e-01 3.720003985592656992e-01 1.204537448670113253e-01 8.357086030282705469e-01 5.090643052118728473e-01 7.622344454551830406e-01 3.158008309760855781e-01 3.128871061973645951e-01 3.753109057838981966e-01 5.398713929609914031e-01 7.675549780714778780e-01 5.004717180881788074e-01 1.311272659934126228e-01 6.379789982326945497e-01 8.426207836807603213e-01 1.010938258327701567e-01 3.720317608856595903e-01 0.000000000000000000e+00 2.838550283462304424e-01 5.048992430749843496e-01 7.223200865165863016e-01 2.959238347047603579e-01 9.086273981341090877e-01 5.862534660409250975e-01 2.040437451667147517e-01
5.659435268655966800e-01 2.160247997676610909e-01 4.202516311001388005e-01 4.538066296768062391e-01 5.407861934621303046e-01 6.419977789862401085e-01 7.075522864884046248e-01 7.476673687927064549e-01 3.613424543642376197e-01 4.824729995009462424e-01 8.841146513767861315e-02 1.100798835509351203e-01 8.582963348123502367e-01 4.808252674444491448e-01 2.047496539272865013e-01 5.652830479434804989e-01 3.615719100041051570e-01 1.364553082952405516e-01 1.791891420229808629e-01 7.218642368279946098e-01 9.997908942029853918e-02 3.425814545015522516e-01 4.218436828466122224e-01 7.123165211098547722e-01 5.431691506871307862e-01 4.771769369037413000e-01 3.593311664813887418e-01 2.838550283462304424e-01 0.000000000000000000e+00 4.582188093960231079e-01 5.391535631982130594e-01 6.367059091180480301e-01 3.267453384880573131e-01 5.831460259512277755e-01 3.367731069490046414e-01
8.877650170990742939e-01 2.616621562321479466e-01 3.096445505224272865e-01 3.737844379227971414e-01 5.779405340894467891e-01 7.982651748276814452e-01 3.465507231022234569e-01 5.108116449404059844e-01 4.128973079025601844e-01 4.714077211999765371e-01 3.503642301623265398e-01 1.976728652688561905e-01 5.174202929247402327e-01 5.732545663355763654e-01 2.758306465191498469e-01 4.837008141687982876e-01 4.526954519276430444e-01 3.799303110129648164e-02 8.550767051347532011e-01 7.431834236443968233e-01 5.567219580051816497e-01 2.368931798281447565e-01 3.658317715743364396e-01 1.904441383123897102e-01 3.651021294192501321e-01 3.693667194360426009e-01 8.631952748665544517e-01 5.048992430749843496e-01 4.582188093960231079e-01 0.000000000000000000e+00 4.051711133488077321e-01 2.935548579830201676e-01 3.409532234650558546e-02 5.118044788369358056e-01 1.856492027448735094e-01
7.393663272435893052e-01 8.427068961708658046e-01 6.962667239606390446e-01 3.271426634611941386e-01 7.631885171087715580e-01 6.833911369339089603e-01 2.469568893125810849e-01 4.077549898762530267e-01 1.784050930967112647e-01 4.013562889344018947e-01 2.506755392464010690e-01 5.622113740690581896e-02 5.551995597157746154e-01 6.476612380171478112e-01 6.169481368535960630e-01 3.851204027603464808e-01 4.645065275014204076e-01 3.821895099981574284e-01 3.958867841625320350e-01 3.035752502837881783e-01 7.584754695272465375e-01 4.820484144274770899e-01 3.003083140194967582e-01 6.319644906651177285e-01 6.803932576584881264e-02 5.169300742235067858e-01 6.143710156966106783e-01 7.223200865165863016e-01 5.391535631982130594e-01 4.051711133488077321e-01 0.000000000000000000e+00 6.761479696729536526e-01 6.896235599875213396e-01 5.957742625982156426e-01 8.293813517588422002e-02
4.930482386344042789e-01 3.484521010831046484e-01 4.277397716493965829e-01 8.308681119440910479e-01 6.124750653601980233e-01 6.838757355186644293e-01 7.406033783706906792e-01 7.297074945909044486e-01 2.055387576413074679e-01 5.476873499310290772e-01 2.534490641005993083e-01 3.921308515520112170e-01 1.768510340302478223e-01 7.411605049191388739e-01 5.741287391477258861e-01 2.859354184298849022e-01 5.346260992121063538e-01 7.346001706964544464e-01 3.223733223692817340e-01 1.488628040927065799e-01 6.050716893292388265e-01 3.330178148550757555e-01 3.505161177541183948e-01 2.030447569483007086e-01 3.086884973544381516e-01 7.409574583058844421e-01 3.170031429225590447e-01 2.959238347047603579e-01 6.367059091180480301e-01 2.935548579830201676e-01 6.761479696729536526e-01 0.000000000000000000e+00 7.451784857295074005e-01 7.365033140591342731e-01 6.651093250559149128e-01
5.385981753950093154e-01 3.798273912067661184e-01 2.639863218927733790e-01 4.696476798046756995e-01 8.257524832496165867e-01 1.120668503264899973e-01 1.751455497634505365e-01 5.718418653440667798e-01 7.890395467901436533e-01 7.176944785299497198e-01 6.750711272096038273e-01 7.393570886155569344e-01 4.569533195515901314e-01 6.878561922965338304e-01 8.355604468759816328e-01 2.712631823523748986e-01 4.544921266343202038e-01 7.073079829138930741e-01 1.614630655092093026e-01 7.611456679372198275e-01 5.535800816534270918e-01 5.514432128082265017e-01 4.921784960668609821e-01 8.727870092835574578e-01 6.213847043841080886e-01 3.704141754824700206e-01 9.385849202739047215e-01 9.086273981341090877e-01 3.267453384880573131e-01 3.409532234650558546e-02 6.896235599875213396e-01 7.451784857295074005e-01 0.000000000000000000e+00 4.719220519609193532e-01 4.334740542579013090e-01
5.965683999724977760e-01 5.367506684630218849e-01 4.958058433177479074e-01 1.714287755394812152e-01 2.631029140506957464e-01 6.428290303018707741e-01 5.713681642619576895e-01 3.907716492879123038e-01 4.704763644169251413e-01 2.763869349571043132e-01 4.100712486459534012e-01 5.456566264250928278e-01 4.618014959688377941e-01 8.707884977107134272e-01 8.118833307388688691e-01 6.238814900627167592e-01 4.526607648275859930e-01 5.851606789418913879e-01 4.555742768504220108e-01 5.476727090661428488e-01 8.027075342302587568e-01 5.558703145774854804e-01 7.301992750971865176e-01 1.711944520697800121e-01 4.609305232344730330e-01 1.481414328878177811e-01 5.548475676132553769e-01 5.862534660409250975e-01 5.831460259512277755e-01 5.118044788369358056e-01 5.957742625982156426e-01 7.365033140591342731e-01 4.719220519609193532e-01 0.000000000000000000e+00 1.590880927119646127e-01
5.106098400191889652e-01 7.287465342370595955e-01 4.197625662567694427e-01 5.664111413135579642e-01 2.580701285109219256e-01 2.556315400918174330e-02 8.706169869296183084e-01 7.673114284944382302e-01 5.120082043190032905e-01 9.114897653199547367e-01 5.019353734744048667e-01 4.354706756511179666e-01 4.367908768493539151e-01 5.776321775651893642e-01 4.440319232099312896e-01 6.931625519132801339e-01 9.242306895069358763e-01 6.878834897011786298e-01 5.398300450688877650e-01 4.549348849462734878e-01 8.557226034538309989e-01 3.160363665953725976e-01 3.037513071139213983e-01 1.205948227413445872e-01 4.786574632814488139e-01 3.547758426389064357e-01 7.579755235720154749e-01 2.040437451667147517e-01 3.367731069490046414e-01 1.856492027448735094e-01 8.293813517588422002e-02 6.651093250559149128e-01 4.334740542579013090e-01 1.590880927119646127e-01 0.000000000000000000e+00
