0.000000000000000000e+00 3.852710914544660858e-01 4.867065722851576792e-01 4.970407800776450169e-01 3.792345560498882051e-01 3.721487830339241798e-01 5.267703130493524011e-01 4.982970127820904316e-01 7.193755232686724899e-01 3.549712071617305842e-02 6.226631666357775874e-01 3.339913199332610327e-01 5.763031567106684516e-01 3.817295292146949404e-01 1.936039011559236300e-01 2.586280071184186014e-01 5.622550708008777764e-01 5.626182133732924306e-01 4.168819347444864265e-01 4.603598760112246890e-01 5.967447155121198277e-01 5.152759775980985113e-01 7.293867497125718913e-01 6.505032801890168193e-01 4.275381813371609274e-01 1.648163236995819902e-01 5.018581267706770932e-01 6.571452130839650074e-01 5.810095228476426232e-01 8.640826818047888658e-01 5.769723936281437870e-01 6.721930344698385795e-01 7.893151251546511871e-01 8.753655266362581067e-02 3.480101985521010799e-01
3.852710914544660858e-01 0.000000000000000000e+00 4.662367112929607371e-01 5.336645418657885998e-01 5.295296418265384997e-01 3.269803571641218820e-01 4.185362330977946410e-01 2.435513776565038091e-01 6.350544224172973706e-01 6.224674294893119963e-01 6.527842240486392278e-01 5.501316422408806250e-01 6.429807114053858186e-01 5.976752912633707115e-01 2.576307543048537152e-01 2.818233638284771692e-01 9.028161534007841382e-01 5.019209095157214362e-01 4.652511358889227511e-01 7.995296194566375858e-01 2.175760472713604288e-01 8.544400459927279368e-01 6.021944295464299879e-01 5.129224407002141994e-01 2.833159258266707559e-01 6.183397790086830881e-01 6.921954749736445311e-01 6.421811889701456444e-01 3.051253660427791781e-01 3.733006557248494950e-01 6.362385547392810370e-01 8.810829844499108443e-01 2.370377167224991255e-01 4.112792519625207976e-01 2.014110893076700437e-01
4.867065722851576792e-01 4.662367112929607371e-01 0.000000000000000000e+00 4.881867717571854448e-01 6.438223967733498476e-01 3.025447939045490253e-01 7.253724639173397826e-01 8.445112886164137800e-01 4.552697617049836221e-01 2.892111197876353623e-01 5.568709995452684192e-01 4.295597577794743605e-01 3.653275249745512321e-01 3.381395047340129967e-01 5.122437476055750061e-01 3.363146650102067370e-01 4.549791528064042190e-01 4.619315114897331598e-01 5.637011687347950328e-01 5.017819963454184240e-01 4.716052428216358505e-01 8.131231236109597305e-01 2.934869799545631874e-01 4.987540953524631226e-01 6.116327610477908516e-01 5.328976229446819035e-01 5.522170755493364114e-01 3.637895608530436475e-01 1.698243543305051340e-01 8.246475315578938314e-01 3.755098246769306702e-01 5.157684130143125323e-01 7.438117795057498371e-01 6.752451801787471286e-01 7.269913960006852971e-01
4.970407800776450169e-01 5.336645418657885998e-01 4.881867717571854448e-01 0.000000000000000000e+00 7.988738647864441766e-01 3.638637782673065924e-01 5.063951033039584271e-01 2.677893213690047403e-01 5.570197780214279915e-01 3.846299768895087290e-01 6.231718238637611318e-01 3.558610646595475324e-01 5.830060453499592565e-01 7.034254605716658837e-01 5.099319029631330658e-01 5.412162603486383450e-01 9.865101113466901994e-01 6.980617294443088872e-01 2.026793057640534079e-01 9.452587119465882814e-02 3.707943313157048282e-01 5.989337325549963786e-01 3.542321588365168750e-01 4.290454982547478591e-01 7.198187901560471058e-01 8.069319597846359438e-01 3.532833374847309527e-01 7.285170218601695336e-01 7.335915653895415112e-01 7.597947292651566764e-01 1.781015279955709962e-01 2.307964384937558622e-01 3.618192654298475475e-01 3.161383465556788508e-01 5.548951184631802924e-01
3.792345560498882051e-01 5.295296418265384997e-01 6.438223967733498476e-01 7.988738647864441766e-01 0.000000000000000000e+00 4.461561679383275747e-01 7.169793531293864319e-01 2.415583332996420474e-01 4.759358720705465506e-01 4.853244290904396574e-01 1.895822350309708249e-01 4.550691731748320312e-01 5.978642357892600678e-01 5.261034448785744111e-01 6.539664226237444922e-01 7.207077982421531415e-01 2.667084759783708847e-01 6.686548130356413377e-01 2.505909031116537733e-01 8.579565375610855860e-01 5.997448196371268914e-01 1.962020000372974859e-01 4.040025279871928277e-01 2.547192327419440794e-01 3.479194677709604444e-01 3.954015477217721619e-01 4.134123629344110262e-01 6.208634610342540494e-01 7.895159142193582946e-01 3.138518577759683570e-01 5.783022150529112393e-01 3.611414824525095435e-01 4.221686336986976151e-01 3.812097661956168615e-01 1.338274760859637924e-01
3.721487830339241798e-01 3.269803571641218820e-01 3.025447939045490253e-01 3.638637782673065924e-01 4.461561679383275747e-01 0.000000000000000000e+00 6.440906681219250585e-01 4.105692674528718111e-01 2.352883529215149538e-01 4.116587625320800581e-01 3.948656204918860047e-01 6.364954936596356472e-01 3.331389559295561686e-01 7.454115490843049585e-01 3.565747748206742340e-01 1.986257443917107679e-01 4.485742207351866573e-01 8.129459423994001011e-02 8.310354050369070933e-01 6.820096646855804412e-01 5.079173865852937286e-01 5.986640130784346425e-01 3.247017826776708582e-01 4.717330933194202602e-01 4.029934781683613965e-01 1.715538442071292691e-01 6.728028428626562363e-01 3.611224629999495450e-01 7.335275974453733250e-01 4.531210907203434002e-01 7.327018464829522237e-01 8.506807800775417761e-01 3.259286132032116479e-01 9.128946045762764694e-01 8.035182995609237988e-01
5.267703130493524011e-01 4.185362330977946410e-01 7.253724639173397826e-01 5.063951033039584271e-01 7.169793531293864319e-01 6.440906681219250585e-01 0.000000000000000000e+00 6.953609363111802333e-01 6.545471952725829823e-01 5.141375785634857420e-01 4.907490592535337925e-01 8.001739798227289757e-01 7.675309948595916421e-01 8.496125218835026693e-02 6.381145594756414408e-01 6.455444579829017204e-01 4.421841100176692185e-01 8.180586493645938262e-01 3.905406064328846294e-01 4.965479411604542537e-01 5.532217901260816362e-01 8.875165608861779187e-01 4.100817446157563051e-01 3.106006035850159552e-01 5.647026506140149227e-01 4.675790258204911565e-01 5.311644200009657535e-01 4.217951984160550616e-01 6.630093666454281998e-01 2.971867971927294461e-01 8.174277175520444638e-02 7.480690532462002107e-01 3.350387583864528618e-01 2.622453900559889584e-01 8.207102649965425378e-01
4.982970127820904316e-01 2.435513776565038091e-01 8.445112886164137800e-01 2.677893213690047403e-01 2.415583332996420474e-01 4.105692674528718111e-01 6.953609363111802333e-01 0.000000000000000000e+00 5.348226934724199522e-01 4.308844013291947550e-01 3.122678199333461246e-01 6.693049213067352454e-01 2.226593824434446311e-01 4.853381834774124215e-01 1.917451428030159111e-01 4.624164051488121041e-01 9.201995662982460633e-01 8.430000755161410897e-01 4.246582754131547066e-01 4.427836694840239229e-01 3.858099300435599011e-01 4.221033104210266673e-01 3.087286409334750736e-01 5.034902304050767885e-01 5.756512133560500732e-01 2.155553531019074320e-01 1.535487914187292358e-01 7.447582681787774384e-01 7.132184211482117675e-01 6.070169763263963958e-01 2.164566552566179469e-01 5.163786094910982616e-01 2.954979397371640948e-01 5.565203730303982521e-01 7.745878174346909617e-01
7.193755232686724899e-01 6.350544224172973706e-01 4.552697617049836221e-01 5.570197780214279915e-01 4.759358720705465506e-01 2.352883529215149538e-01 6.545471952725829823e-01 5.348226934724199522e-01 0.000000000000000000e+00 5.505439826857745356e-01 3.293408261656385339e-01 7.262124113478682919e-01 3.262032367789032827e-01 2.814417447035580944e-01 5.370348153293225124e-01 6.613226619172543064e-01 6.242548813826034326e-01 6.319634732305207114e-01 8.471947870723270935e-01 6.337641993111191585e-01 5.690181075232545460e-01 5.211840923712998119e-01 6.533836938827854990e-01 4.238135473230202899e-01 8.788750357923413858e-02 7.732382086739432170e-01 1.459159089165892320e-01 7.307825218038022097e-01 3.714521700480303279e-01 7.152027372260241211e-01 3.555082591000947589e-01 6.104998738970771610e-01 6.923250027193824652e-01 4.612756440513426925e-01 3.487866792514130454e-01
3.549712071617305842e-02 6.224674294893119963e-01 2.892111197876353623e-01 3.846299768895087290e-01 4.853244290904396574e-01 4.116587625320800581e-01 5.141375785634857420e-01 4.308844013291947550e-01 5.505439826857745356e-01 0.000000000000000000e+00 4.919065783343075093e-01 5.880919865998747165e-01 3.576480905826338041e-01 4.790820015960560729e-01 4.814914280478286290e-01 6.395872031702425353e-01 3.397116731592664252e-02 3.282912071742709603e-01 6.901775817043420691e-01 3.616474871463768448e-01 7.775497947184626391e-01 6.484504348092305914e-01 6.178671745197937826e-01 6.566653408618690069e-01 1.576726799467960127e-01 3.303838629076012445e-01 6.814346219867510879e-01 2.964198096933183812e-01 5.152030486358629702e-01 8.423066479016769748e-01 5.420684333922476394e-01 6.537874031608255088e-01 3.169399185579636624e-01 5.715042982238159874e-01 4.061972737686473378e-01
6.226631666357775874e-01 6.527842240486392278e-01 5.568709995452684192e-01 6.231718238637611318e-01 1.895822350309708249e-01 3.948656204918860047e-01 4.907490592535337925e-01 3.122678199333461246e-01 3.293408261656385339e-01 4.919065783343075093e-01 0.000000000000000000e+00 5.769973082135037012e-01 3.305068047214740901e-01 3.128178945179507231e-01 7.960812781917073755e-01 3.763235823010320225e-01 6.102628559798679575e-01 4.852169037407001451e-01 4.655880198405835113e-01 1.236853027302875496e-02 5.440087707407904594e-01 1.763091478719412963e-01 4.956211622870567712e-01 1.478992332254420727e-01 2.331532585187227613e-01 5.193709844939100595e-01 3.903388902003975813e-01 5.137140688218916340e-01 7.333618683681804029e-01 6.367549108113685907e-01 4.076583293708750944e-01 5.259945000280141780e-01 4.026181667024714139e-01 5.372001050269530342e-01 1.816886346976445132e-01
3.339913199332610327e-01 5.501316422408806250e-01 4.295597577794743605e-01 3.558610646595475324e-01 4.550691731748320312e-01 6.364954936596356472e-01 8.001739798227289757e-01 6.693049213067352454e-01 7.262124113478682919e-01 5.880919865998747165e-01 5.769973082135037012e-01 0.000000000000000000e+00 3.592910554950979884e-01 9.279771716690869976e-01 2.936567770803018007e-01 6.325916376987238410e-01 5.712287016026190711e-01 2.848842632473878034e-01 4.617051604275555499e-01 6.812422739327973487e-01 3.409731237870447518e-01 4.002820015661151531e-01 8.082573210765270355e-01 7.833926020185664196e-01 2.885228441612570083e-01 6.425050556538961510e-01 1.745680941754218507e-01 4.933484921843779292e-01 7.367269346842530986e-01 5.123594491393363981e-01 5.200857799489456701e-01 3.317671853103421054e-01 5.604400308798940245e-02 1.787325901504110970e-01 8.331013995495442082e-01
5.763031567106684516e-01 6.429807114053858186e-01 3.653275249745512321e-01 5.830060453499592565e-01 5.978642357892600678e-01 3.331389559295561686e-01 7.675309948595916421e-01 2.226593824434446311e-01 3.262032367789032827e-01 3.576480905826338041e-01 3.305068047214740901e-01 3.592910554950979884e-01 0.000000000000000000e+00 4.153388660519639064e-01 3.928519984622140249e-01 1.684846167379758786e-01 8.348731930581134719e-01 5.445240477356135811e-01 4.734147005503249184e-01 9.272977664220032334e-01 7.330969849574088260e-01 7.534347810889767683e-01 4.507805335673689684e-01 5.788332064260348631e-01 4.471938178879749648e-01 6.248304462265996673e-01 6.374070748809450571e-01 8.685733763185282674e-01 7.842098593131499040e-01 6.553294772363484899e-01 3.383733635557238939e-01 5.244704614979601720e-01 4.947009857152437906e-01 3.946609211181524302e-01 7.389232795434228507e-01
3.817295292146949404e-01 5.976752912633707115e-01 3.381395047340129967e-01 7.034254605716658837e-01 5.261034448785744111e-01 7.454115490843049585e-01 8.496125218835026693e-02 4.853381834774124215e-01 2.814417447035580944e-01 4.790820015960560729e-01 3.128178945179507231e-01 9.279771716690869976e-01 4.153388660519639064e-01 0.000000000000000000e+00 3.226467710537990197e-01 5.951892072464620709e-01 3.597620331745230993e-01 6.612600958264596152e-01 2.503682582514864530e-01 4.803863438177453649e-01 8.709526075862656924e-01 1.737122312642764843e-01 7.372259055162608821e-01 5.214205124497366395e-01 5.957015177892177604e-01 9.502194144839121170e-01 4.455403362228826936e-01 6.108434401712354855e-01 6.878054845243890547e-01 4.064386995817235726e-01 7.902460721937272226e-01 6.556323507489165703e-01 2.351088327071975126e-01 2.460621035979518867e-01 6.617571541406371827e-01
1.936039011559236300e-01 2.576307543048537152e-01 5.122437476055750061e-01 5.099319029631330658e-01 6.539664226237444922e-01 3.565747748206742340e-01 6.381145594756414408e-01 1.917451428030159111e-01 5.370348153293225124e-01 4.814914280478286290e-01 7.960812781917073755e-01 2.936567770803018007e-01 3.928519984622140249e-01 3.226467710537990197e-01 0.000000000000000000e+00 3.508465952954807898e-01 4.067671624213003989e-02 7.059791547864144867e-01 4.732284122032405227e-01 4.477038106280074592e-01 1.635609606883148270e-02 6.756285527492438270e-01 4.997671214374081461e-01 6.925651526749838638e-01 2.098799803234289163e-01 5.387745074352165986e-01 5.605187129640575305e-01 5.566379914666190754e-01 6.715866829714484121e-01 4.171750833725427210e-01 3.071391048857509132e-01 9.045813260539971035e-01 6.888853801057162052e-01 1.712077871657684547e-01 1.680762527853474353e-01
2.586280071184186014e-01 2.818233638284771692e-01 3.363146650102067370e-01 5.412162603486383450e-01 7.207077982421531415e-01 1.986257443917107679e-01 6.455444579829017204e-01 4.624164051488121041e-01 6.613226619172543064e-01 6.395872031702425353e-01 3.763235823010320225e-01 6.325916376987238410e-01 1.684846167379758786e-01 5.951892072464620709e-01 3.508465952954807898e-01 0.000000000000000000e+00 7.724014447657657767e-01 4.898765468529964195e-01 5.655207969114056654e-01 4.627604967888148679e-01 5.302251684855128211e-01 5.678139714576331265e-01 5.647520426787686620e-01 7.708176156893731257e-01 2.493285819545454363e-02 1.749003310476445749e-01 2.256151620224609022e-01 1.695877271173856227e-01 6.948982897929263380e-01 4.623314913949814198e-01 3.421973428049328581e-01 4.461504000050908192e-01 7.794870798391816402e-01 7.057861692890479155e-01 4.605931809584575820e-01
5.622550708008777764e-01 9.028161534007841382e-01 4.549791528064042190e-01 9.865101113466901994e-01 2.667084759783708847e-01 4.485742207351866573e-01 4.421841100176692185e-01 9.201995662982460633e-01 6.242548813826034326e-01 3.397116731592664252e-02 6.102628559798679575e-01 5.712287016026190711e-01 8.348731930581134719e-01 3.597620331745230993e-01 4.067671624213003989e-02 7.724014447657657767e-01 0.000000000000000000e+00 2.384778566463165994e-01 4.603253720592199727e-01 5.364584945146451123e-01 4.662121253582992009e-01 5.991174068947251463e-01 4.442781237453482523e-01 6.732146445855508032e-01 3.312919729567630478e-01 6.192043109652995980e-01 3.568794918489676116e-01 5.110338675199446179e-01 7.109328547712947532e-01 3.077979787667025069e-01 3.385288973209528707e-01 1.971646817588850187e-01 7.494678061612096709e-01 9.276542466668684650e-01 5.664386013322335600e-01
5.626182133732924306e-01 5.019209095157214362e-01 4.619315114897331598e-01 6.980617294443088872e-01 6.686548130356413377e-01 8.129459423994001011e-02 8.180586493645938262e-01 8.430000755161410897e-01 6.319634732305207114e-01 3.282912071742709603e-01 4.852169037407001451e-01 2.848842632473878034e-01 5.445240477356135811e-01 6.612600958264596152e-01 7.059791547864144867e-01 4.898765468529964195e-01 2.384778566463165994e-01 0.000000000000000000e+00 9.221222303400593567e-01 5.950977560417036738e-01 5.296683411723623891e-01 6.539439111805016580e-01 7.794311181838856628e-01 5.657566582584143688e-01 3.804769184833115547e-01 7.272816426755424057e-01 2.478103526804975587e-01 7.015722864017790439e-01 4.615442717387118754e-01 6.289772985912067682e-01 6.280363212728368172e-01 6.706746908713209221e-01 3.690104577232440342e-01 7.406523053224203235e-01 7.216773243414542627e-01
4.168819347444864265e-01 4.652511358889227511e-01 5.637011687347950328e-01 2.026793057640534079e-01 2.505909031116537733e-01 8.310354050369070933e-01 3.905406064328846294e-01 4.246582754131547066e-01 8.471947870723270935e-01 6.901775817043420691e-01 4.655880198405835113e-01 4.617051604275555499e-01 4.734147005503249184e-01 2.503682582514864530e-01 4.732284122032405227e-01 5.655207969114056654e-01 4.603253720592199727e-01 9.221222303400593567e-01 0.000000000000000000e+00 5.066307221628638668e-01 9.550498980282089434e-01 4.863926281657108275e-01 3.531640038652736346e-01 5.539686204926016488e-01 4.977153501660232515e-01 4.833425039549448243e-01 1.729928249065330048e-01 4.798336796307456353e-01 4.052698877319244608e-01 4.168781910485563902e-02 4.141811206022674163e-01 6.774060152316341288e-01 5.086197682420057209e-01 3.341189318846803369e-01 6.299955097061213927e-01
4.603598760112246890e-01 7.995296194566375858e-01 5.017819963454184240e-01 9.452587119465882814e-02 8.579565375610855860e-01 6.820096646855804412e-01 4.965479411604542537e-01 4.427836694840239229e-01 6.337641993111191585e-01 3.616474871463768448e-01 1.236853027302875496e-02 6.812422739327973487e-01 9.272977664220032334e-01 4.803863438177453649e-01 4.477038106280074592e-01 4.627604967888148679e-01 5.364584945146451123e-01 5.950977560417036738e-01 5.066307221628638668e-01 0.000000000000000000e+00 3.494343536913868675e-01 4.489916837546345518e-01 7.384772389159224293e-01 3.773443341630115522e-01 2.767070896440508854e-01 4.464463217148601504e-01 4.442804628943637368e-01 4.013874041095565337e-01 6.137395183807754506e-01 7.315048570706904618e-01 9.543720589713177160e-01 3.153214151959922718e-01 5.446945788655732645e-02 5.501479335476631150e-01 1.561142106601199897e-01
5.967447155121198277e-01 2.175760472713604288e-01 4.716052428216358505e-01 3.707943313157048282e-01 5.997448196371268914e-01 5.079173865852937286e-01 5.532217901260816362e-01 3.858099300435599011e-01 5.690181075232545460e-01 7.775497947184626391e-01 5.440087707407904594e-01 3.409731237870447518e-01 7.330969849574088260e-01 8.709526075862656924e-01 1.635609606883148270e-02 5.302251684855128211e-01 4.662121253582992009e-01 5.296683411723623891e-01 9.550498980282089434e-01 3.494343536913868675e-01 0.000000000000000000e+00 1.004578275323287917e-01 3.502748448152344096e-01 2.981723825024211738e-01 7.632090451453089619e-01 7.974184649385346324e-01 4.542585046916491898e-01 5.053741538396596678e-01 7.157798314756613767e-01 6.825025175649979126e-01 4.936474587914964074e-01 3.206993396030169974e-01 3.334258519574288537e-01 7.448198013970130926e-01 7.741225120132593229e-01
5.152759775980985113e-01 8.544400459927279368e-01 8.131231236109597305e-01 5.989337325549963786e-01 1.962020000372974859e-01 5.986640130784346425e-01 8.875165608861779187e-01 4.221033104210266673e-01 5.211840923712998119e-01 6.484504348092305914e-01 1.763091478719412963e-01 4.002820015661151531e-01 7.534347810889767683e-01 1.737122312642764843e-01 6.756285527492438270e-01 5.678139714576331265e-01 5.991174068947251463e-01 6.539439111805016580e-01 4.863926281657108275e-01 4.489916837546345518e-01 1.004578275323287917e-01 0.000000000000000000e+00 3.352275409432008968e-01 5.673979095707619713e-01 1.658763550404046550e-01 2.463039186402404823e-01 5.243475612709123101e-01 4.296696584265146113e-01 5.096171709136488870e-01 7.220320152836948724e-01 5.196197252016772072e-01 6.551980024645227552e-01 2.250249656803856579e-01 8.052637972674536737e-01 9.290596726670484751e-01
7.293867497125718913e-01 6.021944295464299879e-01 2.934869799545631874e-01 3.542321588365168750e-01 4.040025279871928277e-01 3.247017826776708582e-01 4.100817446157563051e-01 3.087286409334750736e-01 6.533836938827854990e-01 6.178671745197937826e-01 4.956211622870567712e-01 8.082573210765270355e-01 4.507805335673689684e-01 7.372259055162608821e-01 4.997671214374081461e-01 5.647520426787686620e-01 4.442781237453482523e-01 7.794311181838856628e-01 3.531640038652736346e-01 7.384772389159224293e-01 3.502748448152344096e-01 3.352275409432008968e-01 0.000000000000000000e+00 4.718170516766902467e-01 7.933906533854391263e-01 4.158061897671005425e-01 5.454780275693589253e-01 1.588627042520391885e-01 5.201908244113337965e-01 5.117211664579943697e-01 2.087720947295934604e-02 5.370052581670159420e-01 1.610416133807747174e-01 4.030139020709448960e-01 2.802422588993939701e-01
6.505032801890168193e-01 5.129224407002141994e-01 4.987540953524631226e-01 4.290454982547478591e-01 2.547192327419440794e-01 4.717330933194202602e-01 3.106006035850159552e-01 5.034902304050767885e-01 4.238135473230202899e-01 6.566653408618690069e-01 1.478992332254420727e-01 7.833926020185664196e-01 5.788332064260348631e-01 5.214205124497366395e-01 6.925651526749838638e-01 7.708176156893731257e-01 6.732146445855508032e-01 5.657566582584143688e-01 5.539686204926016488e-01 3.773443341630115522e-01 2.981723825024211738e-01 5.673979095707619713e-01 4.718170516766902467e-01 0.000000000000000000e+00 4.392754272249184133e-01 4.123661672918582655e-01 5.833692404592759617e-01 5.927719539769591428e-01 9.315185733721078609e-01 7.650256386006748510e-01 6.451141694400982507e-01 3.256343230719911386e-01 8.670016773605976335e-01 2.783623261448310293e-01 4.323431371203847462e-01
4.275381813371609274e-01 2.833159258266707559e-01 6.116327610477908516e-01 7.198187901560471058e-01 3.479194677709604444e-01 4.029934781683613965e-01 5.647026506140149227e-01 5.756512133560500732e-01 8.788750357923413858e-02 1.576726799467960127e-01 2.331532585187227613e-01 2.885228441612570083e-01 4.471938178879749648e-01 5.957015177892177604e-01 2.098799803234289163e-01 2.493285819545454363e-02 3.312919729567630478e-01 3.804769184833115547e-01 4.977153501660232515e-01 2.767070896440508854e-01 7.632090451453089619e-01 1.658763550404046550e-01 7.933906533854391263e-01 4.392754272249184133e-01 0.000000000000000000e+00 3.808444548609699054e-01 4.577594480196645055e-02 5.529381400213677633e-01 3.128413991918315151e-01 7.464113570410997323e-01 3.549117898168471230e-01 4.975667191715901216e-01 7.199900090659534513e-01 3.567871418411540096e-01 6.326465485222059204e-01
1.648163236995819902e-01 6.183397790086830881e-01 5.328976229446819035e-01 8.069319597846359438e-01 3.954015477217721619e-01 1.715538442071292691e-01 4.675790258204911565e-01 2.155553531019074320e-01 7.732382086739432170e-01 3.303838629076012445e-01 5.193709844939100595e-01 6.425050556538961510e-01 6.248304462265996673e-01 9.502194144839121170e-01 5.387745074352165986e-01 1.749003310476445749e-01 6.192043109652995980e-01 7.272816426755424057e-01 4.833425039549448243e-01 4.464463217148601504e-01 7.974184649385346324e-01 2.463039186402404823e-01 4.158061897671005425e-01 4.123661672918582655e-01 3.808444548609699054e-01 0.000000000000000000e+00 4.665228795127923656e-01 3.458180640531042793e-01 2.784352904394165051e-01 4.133687214679536703e-01 6.151156908465786888e-01 5.307486702847565851e-01 5.651545824633021908e-01 2.772869347625197545e-01 8.702315628296106720e-01
5.018581267706770932e-01 6.921954749736445311e-01 5.522170755493364114e-01 3.532833374847309527e-01 4.134123629344110262e-01 6.728028428626562363e-01 5.311644200009657535e-01 1.535487914187292358e-01 1.459159089165892320e-01 6.814346219867510879e-01 3.903388902003975813e-01 1.745680941754218507e-01 6.374070748809450571e-01 4.455403362228826936e-01 5.605187129640575305e-01 2.256151620224609022e-01 3.568794918489676116e-01 2.478103526804975587e-01 1.729928249065330048e-01 4.442804628943637368e-01 4.542585046916491898e-01 5.243475612709123101e-01 5.454780275693589253e-01 5.833692404592759617e-01 4.577594480196645055e-02 4.665228795127923656e-01 0.000000000000000000e+00 6.444125921547856350e-01 5.168940878287439089e-01 5.665887907645553723e-01 5.051279693300094742e-01 8.081595494159179438e-01 7.259287845740400869e-01 4.176836026140160474e-01 4.849589853740655099e-01
6.571452130839650074e-01 6.421811889701456444e-01 3.637895608530436475e-01 7.285170218601695336e-01 6.208634610342540494e-01 3.611224629999495450e-01 4.217951984160550616e-01 7.447582681787774384e-01 7.307825218038022097e-01 2.964198096933183812e-01 5.137140688218916340e-01 4.933484921843779292e-01 8.685733763185282674e-01 6.108434401712354855e-01 5.566379914666190754e-01 1.695877271173856227e-01 5.110338675199446179e-01 7.015722864017790439e-01 4.798336796307456353e-01 4.013874041095565337e-01 5.053741538396596678e-01 4.296696584265146113e-01 1.588627042520391885e-01 5.927719539769591428e-01 5.529381400213677633e-01 3.458180640531042793e-01 6.444125921547856350e-01 0.000000000000000000e+00 6.253334728182963209e-01 7.825513446229568348e-01 6.521715565403838344e-01 3.727426694865840773e-01 4.870109927727289678e-01 8.589919324518300314e-01 5.660694521177558336e-01
5.810095228476426232e-01 3.051253660427791781e-01 1.698243543305051340e-01 7.335915653895415112e-01 7.895159142193582946e-01 7.335275974453733250e-01 6.630093666454281998e-01 7.132184211482117675e-01 3.714521700480303279e-01 5.152030486358629702e-01 7.333618683681804029e-01 7.367269346842530986e-01 7.842098593131499040e-01 6.878054845243890547e-01 6.715866829714484121e-01 6.948982897929263380e-01 7.109328547712947532e-01 4.615442717387118754e-01 4.052698877319244608e-01 6.137395183807754506e-01 7.157798314756613767e-01 5.096171709136488870e-01 5.201908244113337965e-01 9.315185733721078609e-01 3.128413991918315151e-01 2.784352904394165051e-01 5.168940878287439089e-01 6.253334728182963209e-01 0.000000000000000000e+00 6.725336457691148961e-01 4.212108093261394681e-01 2.657462181675572244e-01 6.724266736138061473e-01 2.887030098020550994e-01 6.512742382422334053e-01
8.640826818047888658e-01 3.733006557248494950e-01 8.246475315578938314e-01 7.597947292651566764e-01 3.138518577759683570e-01 4.531210907203434002e-01 2.971867971927294461e-01 6.070169763263963958e-01 7.152027372260241211e-01 8.423066479016769748e-01 6.367549108113685907e-01 5.123594491393363981e-01 6.553294772363484899e-01 4.064386995817235726e-01 4.171750833725427210e-01 4.623314913949814198e-01 3.077979787667025069e-01 6.289772985912067682e-01 4.168781910485563902e-02 7.315048570706904618e-01 6.825025175649979126e-01 7.220320152836948724e-01 5.117211664579943697e-01 7.650256386006748510e-01 7.464113570410997323e-01 4.133687214679536703e-01 5.665887907645553723e-01 7.825513446229568348e-01 6.725336457691148961e-01 0.000000000000000000e+00 3.485378671001857498e-01 3.768448437369801285e-01 8.892897780386059825e-01 4.424806566221219928e-01 5.159078832369419221e-01
5.769723936281437870e-01 6.362385547392810370e-01 3.755098246769306702e-01 1.781015279955709962e-01 5.783022150529112393e-01 7.327018464829522237e-01 8.174277175520444638e-02 2.164566552566179469e-01 3.555082591000947589e-01 5.420684333922476394e-01 4.076583293708750944e-01 5.200857799489456701e-01 3.383733635557238939e-01 7.902460721937272226e-01 3.071391048857509132e-01 3.421973428049328581e-01 3.385288973209528707e-01 6.280363212728368172e-01 4.141811206022674163e-01 9.543720589713177160e-01 4.936474587914964074e-01 5.196197252016772072e-01 2.087720947295934604e-02 6.451141694400982507e-01 3.549117898168471230e-01 6.151156908465786888e-01 5.051279693300094742e-01 6.521715565403838344e-01 4.212108093261394681e-01 3.485378671001857498e-01 0.000000000000000000e+00 9.367346977851405132e-01 7.849196530527425830e-01 7.372442337905620313e-01 9.615059144986715101e-01
6.721930344698385795e-01 8.810829844499108443e-01 5.157684130143125323e-01 2.307964384937558622e-01 3.611414824525095435e-01 8.506807800775417761e-01 7.480690532462002107e-01 5.163786094910982616e-01 6.104998738970771610e-01 6.537874031608255088e-01 5.259945000280141780e-01 3.317671853103421054e-01 5.244704614979601720e-01 6.556323507489165703e-01 9.045813260539971035e-01 4.461504000050908192e-01 1.971646817588850187e-01 6.706746908713209221e-01 6.774060152316341288e-01 3.153214151959922718e-01 3.206993396030169974e-01 6.551980024645227552e-01 5.370052581670159420e-01 3.256343230719911386e-01 4.975667191715901216e-01 5.307486702847565851e-01 8.081595494159179438e-01 3.727426694865840773e-01 2.657462181675572244e-01 3.768448437369801285e-01 9.367346977851405132e-01 0.000000000000000000e+00 7.332678887674340951e-01 4.362294944316673639e-01 5.635201133188021405e-01
7.893151251546511871e-01 2.370377167224991255e-01 7.438117795057498371e-01 3.618192654298475475e-01 4.221686336986976151e-01 3.259286132032116479e-01 3.350387583864528618e-01 2.954979397371640948e-01 6.923250027193824652e-01 3.169399185579636624e-01 4.026181667024714139e-01 5.604400308798940245e-02 4.947009857152437906e-01 2.351088327071975126e-01 6.888853801057162052e-01 7.794870798391816402e-01 7.494678061612096709e-01 3.690104577232440342e-01 5.086197682420057209e-01 5.446945788655732645e-02 3.334258519574288537e-01 2.250249656803856579e-01 1.610416133807747174e-01 8.670016773605976335e-01 7.199900090659534513e-01 5.651545824633021908e-01 7.259287845740400869e-01 4.870109927727289678e-01 6.724266736138061473e-01 8.892897780386059825e-01 7.849196530527425830e-01 7.332678887674340951e-01 0.000000000000000000e+00 6.167223116994307031e-01 2.449092892549449840e-01
8.753655266362581067e-02 4.112792519625207976e-01 6.752451801787471286e-01 3.161383465556788508e-01 3.812097661956168615e-01 9.128946045762764694e-01 2.622453900559889584e-01 5.565203730303982521e-01 4.612756440513426925e-01 5.715042982238159874e-01 5.372001050269530342e-01 1.787325901504110970e-01 3.946609211181524302e-01 2.460621035979518867e-01 1.712077871657684547e-01 7.057861692890479155e-01 9.276542466668684650e-01 7.406523053224203235e-01 3.341189318846803369e-01 5.501479335476631150e-01 7.448198013970130926e-01 8.052637972674536737e-01 4.030139020709448960e-01 2.783623261448310293e-01 3.567871418411540096e-01 2.772869347625197545e-01 4.176836026140160474e-01 8.589919324518300314e-01 2.887030098020550994e-01 4.424806566221219928e-01 7.372442337905620313e-01 4.362294944316673639e-01 6.167223116994307031e-01 0.000000000000000000e+00 3.995572696492663001e-01
3.480101985521010799e-01 2.014110893076700437e-01 7.269913960006852971e-01 5.548951184631802924e-01 1.338274760859637924e-01 8.035182995609237988e-01 8.207102649965425378e-01 7.745878174346909617e-01 3.487866792514130454e-01 4.061972737686473378e-01 1.816886346976445132e-01 8.331013995495442082e-01 7.389232795434228507e-01 6.617571541406371827e-01 1.680762527853474353e-01 4.605931809584575820e-01 5.664386013322335600e-01 7.216773243414542627e-01 6.299955097061213927e-01 1.561142106601199897e-01 7.741225120132593229e-01 9.290596726670484751e-01 2.802422588993939701e-01 4.323431371203847462e-01 6.326465485222059204e-01 8.702315628296106720e-01 4.849589853740655099e-01 5.660694521177558336e-01 6.512742382422334053e-01 5.159078832369419221e-01 9.615059144986715101e-01 5.635201133188021405e-01 2.449092892549449840e-01 3.995572696492663001e-01 0.000000000000000000e+00
