0.000000000000000000e+00 8.601116479805852588e-01 5.713388517598243510e-01 3.521788507940681878e-01 4.210389085224466310e-01 6.577359325480932606e-01 3.501724534810292111e-01 6.264762071280260969e-01 3.536196899913287561e-01 5.477637015044218849e-01 4.348166831799915033e-01 2.448448052406224096e-01 9.524596037040919949e-01 4.225934679098090063e-01 5.886985445075942902e-01 5.333961296650021611e-01 8.926528386138070648e-01 3.558372397439215074e-01 3.657846219340920024e-01 5.095551261977552260e-01 4.341951969100005804e-01 4.351326830248632427e-01 3.756598541817139369e-01 2.554264028665894637e-01 4.989529678377963018e-01 5.579592578417055249e-01 1.586978603383252251e-01 5.383666149874775098e-01 4.989207138746136749e-01 6.166434991560778567e-01 4.214305285640214116e-01 4.807536098580578177e-01 2.897875909633021996e-01 7.003056314522732029e-01 6.284851274824085898e-01
8.601116479805852588e-01 0.000000000000000000e+00 5.852753074083860696e-02 2.263323510223562152e-01 4.116226039980328544e-01 1.713792171414576515e-01 6.316000025067622925e-01 6.292560063089196465e-01 4.576080773281392400e-01 4.964321034049679060e-01 7.686271530532937657e-01 1.529620600678428533e-01 3.538587441467336281e-01 6.166613247516710139e-01 4.053953253814939761e-01 7.086867375747955000e-01 7.646935070713052340e-01 6.162420006412553386e-01 6.121812147020764261e-01 6.541479969523887883e-01 2.636374848118677172e-01 5.287253501009849810e-01 6.311373390557335483e-01 5.935291378466268641e-01 3.722214324610817471e-01 4.622148251135901331e-01 3.083162698856005690e-01 6.248191193748297012e-01 4.541827254139648717e-01 6.466256504746579203e-01 4.420444671213481502e-01 4.687753837237103038e-01 7.559746118773724710e-01 5.596479599869725874e-01 3.538265201518754344e-01
5.713388517598243510e-01 5.852753074083860696e-02 0.000000000000000000e+00 7.420770714504274501e-01 5.916270024013616791e-01 7.966996041192579980e-01 8.456206388251932271e-01 7.477211856505348031e-01 3.552415883399626106e-01 1.243118559104707810e-01 3.429476805167235298e-01 4.855199362475954294e-01 5.680199693350543866e-01 7.161437558815577642e-01 2.607551363958372503e-01 5.456777009595368266e-01 4.721876256353410573e-01 4.510276615950502554e-01 6.530076777883309092e-01 9.423955171957549837e-01 3.023349704021113249e-01 4.110812394348732357e-01 5.028443354186487024e-01 3.098193189749473553e-01 3.650207459220515815e-01 5.275917381273296236e-01 5.590821554235625435e-02 5.414816621938809416e-01 6.313430570964835287e-01 4.132032175165897825e-01 4.197135793049890928e-01 6.963205936579788258e-01 3.824141338580597793e-01 5.975389890543993943e-01 9.205798661238125957e-01
3.521788507940681878e-01 2.263323510223562152e-01 7.420770714504274501e-01 0.000000000000000000e+00 3.147122978281135519e-01 4.930123006537889818e-01 6.312067778901672144e-01 7.067718389015686942e-01 5.128230787507630506e-01 2.451933983939359463e-01 8.568534264870404371e-01 3.247285914756773417e-01 6.481544191149355427e-01 6.173267529487705962e-01 2.161042255653396471e-01 8.678452447259612512e-01 6.411808112097171497e-01 3.036733335975450587e-01 8.599240291876729669e-01 5.825385549301582699e-01 2.113074827976796355e-01 3.035865301869251631e-01 4.735112237651996070e-01 5.267405610566855412e-01 3.363570306168147672e-01 5.859100704522287595e-01 4.109897016092433075e-01 2.821904400624083431e-01 7.325631593652182083e-02 5.517458057281016126e-01 1.030380390795526124e-01 5.600860648169140310e-01 4.942096301816988890e-01 8.598074577903003224e-01 3.038119738970599393e-01
4.210389085224466310e-01 4.116226039980328544e-01 5.916270024013616791e-01 3.147122978281135519e-01 0.000000000000000000e+00 1.054487725736800163e-01 3.658999234404417544e-01 3.534142376106079730e-01 6.819426757999473843e-01 4.583330388949211631e-01 8.013540230466997816e-01 4.943649258395319546e-01 6.192162334083582964e-01 4.139508716803615984e-01 5.555930504733884723e-01 4.578371296061439777e-01 8.296902410781434867e-01 7.211227715252159776e-01 1.828833334992056581e-01 3.408034459689834872e-01 6.636071759824015981e-01 9.589015052947713613e-02 3.064175910104091072e-01 2.100891310272167689e-01 4.850235238436335639e-01 6.625844335943629204e-01 3.056190245977419284e-01 1.822438359198805813e-01 5.066203092495503713e-01 6.745856992885892467e-01 6.451502214049784634e-01 4.988205742101451956e-01 4.416330375656686846e-01 4.392752223412320633e-01 5.659379243573349205e-01
6.577359325480932606e-01 1.713792171414576515e-01 7.966996041192579980e-01 4.930123006537889818e-01 1.054487725736800163e-01 0.000000000000000000e+00 7.951493211213697121e-01 7.477458411730150134e-01 5.818378088105735646e-02 7.708127737650912747e-01 6.520307468676828089e-01 4.610298393910300385e-01 8.521170035112998198e-01 3.597304051299117233e-01 7.674871553380642197e-01 7.747051003861902263e-01 4.731412199148851139e-01 5.199912283627944332e-01 5.558696029908931635e-01 8.634918412515257824e-01 5.661757585439088913e-01 2.722907182819876426e-01 7.116379032447905928e-01 3.807046630893739514e-01 3.525709912070361107e-01 9.421249798812817433e-01 6.028103248868219577e-01 5.363775681857714250e-01 5.302613230951404022e-01 1.377404509971249524e-01 2.089477572335474154e-01 2.423610173963369752e-01 3.528363157097088587e-01 5.670131786569310162e-01 2.996976117326030642e-01
3.501724534810292111e-01 6.316000025067622925e-01 8.456206388251932271e-01 6.312067778901672144e-01 3.658999234404417544e-01 7.951493211213697121e-01 0.000000000000000000e+00 4.425693097779948015e-01 6.425841042951264681e-01 4.728614796602349513e-01 8.413046227996026083e-01 2.916085426289803939e-01 6.905569227054682013e-01 7.378903225181123737e-01 3.952137769510906118e-01 6.950608084228806494e-01 9.357943319868435861e-01 1.694601546926970403e-01 9.646050404829173974e-01 3.737515650916314880e-01 6.185161469029234471e-01 5.383742990413069585e-01 4.762109132851893301e-01 7.084104788074263581e-02 6.662137300749461089e-01 6.894359730215364745e-01 4.621102243586533431e-01 4.794685512434694874e-01 2.230616758395281840e-01 5.162572594971434059e-01 2.813675719944933595e-01 5.195483032371630561e-01 3.675982831766655412e-01 4.807567607135306287e-01 5.467926026365890202e-01
6.264762071280260969e-01 6.292560063089196465e-01 7.477211856505348031e-01 7.067718389015686942e-01 3.534142376106079730e-01 7.477458411730150134e-01 4.425693097779948015e-01 0.000000000000000000e+00 8.128135335885442458e-01 4.226555427894221340e-01 7.968815143487639752e-01 9.138076979363918273e-02 8.609749355910253366e-01 6.722835243312400566e-01 5.240882765170182811e-01 2.513852716024648215e-01 2.476118164600422389e-01 1.758232449670622533e-01 7.728763269091314392e-01 6.982779135107438639e-01 5.273913387809973097e-01 3.718223084100715226e-01 6.889621976817585924e-01 2.562276801743672006e-01 4.779948556011235916e-01 5.124173750773530767e-01 4.261399915756486356e-01 5.446150017796860254e-01 4.484043866983261628e-01 4.897945276112593005e-01 3.612099231329690685e-01 5.644898441180886683e-01 5.161926902776035053e-01 5.834898743246972330e-01 3.435109109383178150e-01
3.536196899913287561e-01 4.576080773281392400e-01 3.552415883399626106e-01 5.128230787507630506e-01 6.819426757999473843e-01 5.818378088105735646e-02 6.425841042951264681e-01 8.128135335885442458e-01 0.000000000000000000e+00 7.208577152984660952e-01 4.294485804358762482e-01 5.001558850599939765e-01 1.317851028281448733e-01 5.028373742601355278e-01 3.574734079631777250e-01 2.890935454486903700e-01 1.482687881467601998e-01 6.225528629620551424e-01 7.767072410616220335e-01 7.805430489371711911e-01 6.984197580645991055e-01 2.236990018546420877e-01 1.108390908397637320e-01 5.981970689439601863e-01 5.548652636378744729e-01 1.586371532665206141e-01 7.328816114258147607e-01 3.150603475795256125e-01 5.098136665364411124e-01 3.603100605899670628e-01 7.682644325412972819e-01 2.125486612079516835e-01 6.177838160994316707e-01 4.408844917821083120e-01 3.064990525927936416e-01
5.477637015044218849e-01 4.964321034049679060e-01 1.243118559104707810e-01 2.451933983939359463e-01 4.583330388949211631e-01 7.708127737650912747e-01 4.728614796602349513e-01 4.226555427894221340e-01 7.208577152984660952e-01 0.000000000000000000e+00 6.529806001466587073e-01 3.064633522862138526e-01 4.997276603602118783e-01 7.126619398639899572e-01 4.301009532672733782e-01 6.347905011465704295e-01 4.323398839804603044e-01 7.594958690733761841e-01 5.443381414509855798e-01 3.098139459913883398e-01 6.832709847754150356e-01 1.759517934366001679e-01 3.739514691696543824e-02 6.648070551594353894e-01 2.913504963263159331e-01 5.776109451995228294e-01 7.585765577544405502e-01 6.419219135500698892e-01 6.369697812728298825e-01 5.509438093349684484e-01 9.072489354739019518e-01 8.149753467613558566e-01 8.425600531748926869e-01 4.766070611162018800e-01 4.371141666919340918e-01
4.348166831799915033e-01 7.686271530532937657e-01 3.429476805167235298e-01 8.568534264870404371e-01 8.013540230466997816e-01 6.520307468676828089e-01 8.413046227996026083e-01 7.968815143487639752e-01 4.294485804358762482e-01 6.529806001466587073e-01 0.000000000000000000e+00 5.627524101891230313e-01 6.442786085981750954e-01 6.105910923060011708e-01 2.323807134727011725e-01 5.214407593856205114e-01 7.013771307390012089e-01 4.054620896820113063e-01 2.181841494736759257e-01 4.113488441785220773e-01 6.603280539507435654e-01 8.410119657090647793e-02 4.802333280771955981e-01 6.067108460651116086e-01 5.071402663306151526e-01 6.276938494094177479e-01 4.323433722324946382e-01 3.226791395628812453e-01 4.945653259711514371e-01 7.227146277179243850e-01 5.214351513720736353e-01 3.077700577708814555e-01 6.752298326998125155e-01 6.868726169060035414e-01 7.988781499995616375e-01
2.448448052406224096e-01 1.529620600678428533e-01 4.855199362475954294e-01 3.247285914756773417e-01 4.943649258395319546e-01 4.610298393910300385e-01 2.916085426289803939e-01 9.138076979363918273e-02 5.001558850599939765e-01 3.064633522862138526e-01 5.627524101891230313e-01 0.000000000000000000e+00 4.727754268016839401e-01 5.226185547949787624e-01 1.008631184213277243e-01 1.741349746250118735e-01 3.429514026869538434e-01 1.055753261519599695e-01 8.005831348070169273e-02 4.774685219704586925e-01 8.547213895834767650e-01 6.685996709086217127e-01 7.190596945886601477e-01 9.647134902035549020e-01 7.492497130485089585e-01 2.963183686766235336e-01 6.100699866853490638e-01 4.190029375881266782e-01 6.932766904220633020e-01 5.815361264353420268e-01 5.780704456687371096e-01 5.047721441777814899e-01 2.301039858809600658e-01 3.511055614454972051e-01 5.131839802991420285e-01
9.524596037040919949e-01 3.538587441467336281e-01 5.680199693350543866e-01 6.481544191149355427e-01 6.192162334083582964e-01 8.521170035112998198e-01 6.905569227054682013e-01 8.609749355910253366e-01 1.317851028281448733e-01 4.997276603602118783e-01 6.442786085981750954e-01 4.727754268016839401e-01 0.000000000000000000e+00 4.268033648963535098e-01 2.410913247331973874e-01 3.294869049178204556e-01 4.603805812380389328e-01 3.212972138931963206e-01 6.311119386414162369e-01 4.404780228128974406e-01 6.509485231924994064e-01 2.869565508618233673e-01 1.268157264117552585e-01 8.441813037251666429e-01 4.323276662048137764e-01 6.291239857988086825e-01 2.556619858205936291e-01 5.350865407712241950e-01 5.402996366223574709e-01 7.392499593914566569e-01 7.995385341726045647e-01 3.837060357896393548e-01 3.078260366777678669e-01 4.221476221497426629e-01 6.399348261426284212e-01
4.225934679098090063e-01 6.166613247516710139e-01 7.161437558815577642e-01 6.173267529487705962e-01 4.139508716803615984e-01 3.597304051299117233e-01 7.378903225181123737e-01 6.722835243312400566e-01 5.028373742601355278e-01 7.126619398639899572e-01 6.105910923060011708e-01 5.226185547949787624e-01 4.268033648963535098e-01 0.000000000000000000e+00 3.739930380188787873e-01 1.626267631455922125e-01 3.833356077374454607e-01 5.413017687583775439e-01 4.914810283265209634e-01 5.702647194256185159e-01 4.444411841841414135e-01 3.883340590528957526e-01 3.279843233082707643e-01 4.359548459579417612e-01 6.322655627484981000e-01 3.873809448323461968e-01 5.764707518372057526e-01 2.753515364845341984e-01 2.062024359427896414e-01 6.038487974229265198e-01 3.648860301175128606e-01 2.533995044039376587e-01 7.912734523106003115e-01 3.025600207042229428e-01 6.046421008749249815e-01
5.886985445075942902e-01 4.053953253814939761e-01 2.607551363958372503e-01 2.161042255653396471e-01 5.555930504733884723e-01 7.674871553380642197e-01 3.952137769510906118e-01 5.240882765170182811e-01 3.574734079631777250e-01 4.301009532672733782e-01 2.323807134727011725e-01 1.008631184213277243e-01 2.410913247331973874e-01 3.739930380188787873e-01 0.000000000000000000e+00 5.496716993763435255e-01 1.642916297450551788e-01 6.982005926855994193e-01 7.452241347629171564e-01 4.847893154003333760e-01 3.967079983653635789e-01 4.832948528950768985e-01 2.963128134707947448e-01 4.730567801065208022e-01 3.880063325347467007e-01 4.499645975343843363e-01 8.263891754452521443e-01 5.460588504652112984e-01 6.157162913945922744e-01 4.544896022704425498e-01 6.141647421834539600e-01 2.426335862179898051e-01 7.239926149266593391e-01 3.200742806676967755e-01 3.720662112623584483e-01
5.333961296650021611e-01 7.086867375747955000e-01 5.456777009595368266e-01 8.678452447259612512e-01 4.578371296061439777e-01 7.747051003861902263e-01 6.950608084228806494e-01 2.513852716024648215e-01 2.890935454486903700e-01 6.347905011465704295e-01 5.214407593856205114e-01 1.741349746250118735e-01 3.294869049178204556e-01 1.626267631455922125e-01 5.496716993763435255e-01 0.000000000000000000e+00 8.034618500573554867e-01 3.078135982625945788e-01 6.035746962643857572e-01 3.862343586909214865e-01 6.852321250541655306e-01 5.751280988578157949e-01 5.632678138769764420e-01 7.753172538065593589e-01 1.050421429334728041e-01 6.896451995810182201e-02 8.458267139206688823e-01 1.970842606870429892e-01 6.714759665531413457e-01 3.484551909274180570e-01 5.542945000934496047e-01 6.849649826307301348e-01 6.050950360127697047e-01 8.946380903449955291e-01 5.564931401698934854e-01
8.926528386138070648e-01 7.646935070713052340e-01 4.721876256353410573e-01 6.411808112097171497e-01 8.296902410781434867e-01 4.731412199148851139e-01 9.357943319868435861e-01 2.476118164600422389e-01 1.482687881467601998e-01 4.323398839804603044e-01 7.013771307390012089e-01 3.429514026869538434e-01 4.603805812380389328e-01 3.833356077374454607e-01 1.642916297450551788e-01 8.034618500573554867e-01 0.000000000000000000e+00 6.630303999702801265e-01 6.547999312294316976e-01 5.404955482732762828e-01 6.130973525600589280e-01 7.203179458103047272e-01 7.090426323879396309e-01 1.819417629328851094e-01 3.109257616322597118e-02 7.804479047368790834e-01 3.678044706905884143e-01 7.506680683035575896e-01 7.884706565874399775e-01 3.844869360484667320e-01 4.583164485157764645e-01 5.806568892600475484e-01 7.704551141373174872e-01 5.076981206510071676e-01 8.086004111062662369e-01
3.558372397439215074e-01 6.162420006412553386e-01 4.510276615950502554e-01 3.036733335975450587e-01 7.211227715252159776e-01 5.199912283627944332e-01 1.694601546926970403e-01 1.758232449670622533e-01 6.225528629620551424e-01 7.594958690733761841e-01 4.054620896820113063e-01 1.055753261519599695e-01 3.212972138931963206e-01 5.413017687583775439e-01 6.982005926855994193e-01 3.078135982625945788e-01 6.630303999702801265e-01 0.000000000000000000e+00 4.176338552145088534e-01 1.429193196658691267e-01 4.216540072547401152e-01 6.619416472898296266e-01 2.441522768518413766e-01 4.860709223768725495e-01 6.888414757717640224e-01 4.863854048960655763e-01 6.619993551944678423e-01 7.340316353434350738e-01 1.433892898203698030e-01 7.356490678644223014e-01 9.328481333334071035e-01 4.038859883297657993e-01 4.529032684181377166e-01 4.320041831024789558e-01 9.088095397592498292e-01
3.657846219340920024e-01 6.121812147020764261e-01 6.530076777883309092e-01 8.599240291876729669e-01 1.828833334992056581e-01 5.558696029908931635e-01 9.646050404829173974e-01 7.728763269091314392e-01 7.767072410616220335e-01 5.443381414509855798e-01 2.181841494736759257e-01 8.005831348070169273e-02 6.311119386414162369e-01 4.914810283265209634e-01 7.452241347629171564e-01 6.035746962643857572e-01 6.547999312294316976e-01 4.176338552145088534e-01 0.000000000000000000e+00 7.444404661793032618e-01 3.992420202789539463e-01 3.431112325506890937e-01 4.509743053436550686e-01 8.161380793899513098e-01 8.019522619320416101e-01 5.339197732405638330e-01 7.772858503269657326e-01 6.991986159596635941e-01 2.307901958208193327e-01 3.618600648782600571e-01 9.796283249865667120e-02 4.224255965243252087e-01 7.050697536905241591e-01 4.745081320519379808e-01 8.819337511649283368e-02
5.095551261977552260e-01 6.541479969523887883e-01 9.423955171957549837e-01 5.825385549301582699e-01 3.408034459689834872e-01 8.634918412515257824e-01 3.737515650916314880e-01 6.982779135107438639e-01 7.805430489371711911e-01 3.098139459913883398e-01 4.113488441785220773e-01 4.774685219704586925e-01 4.404780228128974406e-01 5.702647194256185159e-01 4.847893154003333760e-01 3.862343586909214865e-01 5.404955482732762828e-01 1.429193196658691267e-01 7.444404661793032618e-01 0.000000000000000000e+00 8.916403997129226378e-01 8.470225603101815270e-01 2.802730921974888600e-01 3.136813074227358111e-01 6.538574874195169917e-01 6.527448742905955781e-01 2.788657951134414503e-01 7.348254561591545109e-01 6.246709751379038167e-01 7.541083000685211424e-01 5.278793939625112674e-01 7.172283615425308900e-01 4.491230558384034510e-01 7.202399259130056741e-01 7.178034797009059664e-01
4.341951969100005804e-01 2.636374848118677172e-01 3.023349704021113249e-01 2.113074827976796355e-01 6.636071759824015981e-01 5.661757585439088913e-01 6.185161469029234471e-01 5.273913387809973097e-01 6.984197580645991055e-01 6.832709847754150356e-01 6.603280539507435654e-01 8.547213895834767650e-01 6.509485231924994064e-01 4.444411841841414135e-01 3.967079983653635789e-01 6.852321250541655306e-01 6.130973525600589280e-01 4.216540072547401152e-01 3.992420202789539463e-01 8.916403997129226378e-01 0.000000000000000000e+00 6.998513906802619200e-01 8.542249602785675355e-01 2.195907000981587309e-01 4.996834037188432887e-01 8.101787431342876156e-01 7.298156356504932329e-01 8.148535106323600008e-01 6.367674805027263574e-01 9.595558079240598115e-01 6.914642763170317785e-01 5.093639071663351725e-01 5.811573367416145164e-01 5.691785209946020885e-01 7.005194761854973695e-01
4.351326830248632427e-01 5.287253501009849810e-01 4.110812394348732357e-01 3.035865301869251631e-01 9.589015052947713613e-02 2.722907182819876426e-01 5.383742990413069585e-01 3.718223084100715226e-01 2.236990018546420877e-01 1.759517934366001679e-01 8.410119657090647793e-02 6.685996709086217127e-01 2.869565508618233673e-01 3.883340590528957526e-01 4.832948528950768985e-01 5.751280988578157949e-01 7.203179458103047272e-01 6.619416472898296266e-01 3.431112325506890937e-01 8.470225603101815270e-01 6.998513906802619200e-01 0.000000000000000000e+00 5.359073120507320542e-01 1.703013361726330444e-01 4.822013042737440802e-01 5.023655257847200462e-01 8.636242045688352631e-01 1.122683934827385377e-01 9.732900375159476702e-01 1.677622291644888519e-01 3.496532260113246471e-01 4.277821292905339412e-01 4.754158740939057881e-01 7.480132869314417565e-01 5.047072851079371647e-01
3.756598541817139369e-01 6.311373390557335483e-01 5.028443354186487024e-01 4.735112237651996070e-01 3.064175910104091072e-01 7.116379032447905928e-01 4.762109132851893301e-01 6.889621976817585924e-01 1.108390908397637320e-01 3.739514691696543824e-02 4.802333280771955981e-01 7.190596945886601477e-01 1.268157264117552585e-01 3.279843233082707643e-01 2.963128134707947448e-01 5.632678138769764420e-01 7.090426323879396309e-01 2.441522768518413766e-01 4.509743053436550686e-01 2.802730921974888600e-01 8.542249602785675355e-01 5.359073120507320542e-01 0.000000000000000000e+00 6.755584193385965053e-01 4.497302359587143639e-01 5.074034510727417624e-01 3.885902230097342258e-01 5.355954540377526607e-01 8.554263116640730136e-01 4.852942401476814105e-01 8.384981386097301037e-01 5.796313237961630005e-01 6.851825218419465013e-01 3.875351920266116856e-01 3.971383007316457436e-01
2.554264028665894637e-01 5.935291378466268641e-01 3.098193189749473553e-01 5.267405610566855412e-01 2.100891310272167689e-01 3.807046630893739514e-01 7.084104788074263581e-02 2.562276801743672006e-01 5.981970689439601863e-01 6.648070551594353894e-01 6.067108460651116086e-01 9.647134902035549020e-01 8.441813037251666429e-01 4.359548459579417612e-01 4.730567801065208022e-01 7.753172538065593589e-01 1.819417629328851094e-01 4.860709223768725495e-01 8.161380793899513098e-01 3.136813074227358111e-01 2.195907000981587309e-01 1.703013361726330444e-01 6.755584193385965053e-01 0.000000000000000000e+00 5.711873806938224662e-01 3.893136872967342677e-01 5.751644866315461790e-01 4.810560258094669916e-01 2.864781868346950033e-01 4.596134604890012576e-01 2.945702006626610969e-01 4.653098326380526450e-01 8.519445745948712734e-01 6.906457040939597558e-01 4.728882642321948770e-01
4.989529678377963018e-01 3.722214324610817471e-01 3.650207459220515815e-01 3.363570306168147672e-01 4.850235238436335639e-01 3.525709912070361107e-01 6.662137300749461089e-01 4.779948556011235916e-01 5.548652636378744729e-01 2.913504963263159331e-01 5.071402663306151526e-01 7.492497130485089585e-01 4.323276662048137764e-01 6.322655627484981000e-01 3.880063325347467007e-01 1.050421429334728041e-01 3.109257616322597118e-02 6.888414757717640224e-01 8.019522619320416101e-01 6.538574874195169917e-01 4.996834037188432887e-01 4.822013042737440802e-01 4.497302359587143639e-01 5.711873806938224662e-01 0.000000000000000000e+00 5.463242248477606644e-01 5.589005802582834859e-01 8.548395165241724492e-01 1.620438695881435409e-01 3.848022321104299648e-01 6.807472720751128747e-01 5.219019104665566511e-01 9.089414475236745616e-01 2.884401920674955488e-01 6.058687628178571760e-01
5.579592578417055249e-01 4.622148251135901331e-01 5.275917381273296236e-01 5.859100704522287595e-01 6.625844335943629204e-01 9.421249798812817433e-01 6.894359730215364745e-01 5.124173750773530767e-01 1.586371532665206141e-01 5.776109451995228294e-01 6.276938494094177479e-01 2.963183686766235336e-01 6.291239857988086825e-01 3.873809448323461968e-01 4.499645975343843363e-01 6.896451995810182201e-02 7.804479047368790834e-01 4.863854048960655763e-01 5.339197732405638330e-01 6.527448742905955781e-01 8.101787431342876156e-01 5.023655257847200462e-01 5.074034510727417624e-01 3.893136872967342677e-01 5.463242248477606644e-01 0.000000000000000000e+00 1.991362376859587835e-01 2.199748963372374355e-01 3.943845834201137324e-01 6.107926930961264933e-01 1.849932633698103679e-01 8.000594681478335746e-01 6.700077216183444317e-01 8.371203152204638176e-01 9.453458985610641019e-02
1.586978603383252251e-01 3.083162698856005690e-01 5.590821554235625435e-02 4.109897016092433075e-01 3.056190245977419284e-01 6.028103248868219577e-01 4.621102243586533431e-01 4.261399915756486356e-01 7.328816114258147607e-01 7.585765577544405502e-01 4.323433722324946382e-01 6.100699866853490638e-01 2.556619858205936291e-01 5.764707518372057526e-01 8.263891754452521443e-01 8.458267139206688823e-01 3.678044706905884143e-01 6.619993551944678423e-01 7.772858503269657326e-01 2.788657951134414503e-01 7.298156356504932329e-01 8.636242045688352631e-01 3.885902230097342258e-01 5.751644866315461790e-01 5.589005802582834859e-01 1.991362376859587835e-01 0.000000000000000000e+00 5.303753421280409386e-01 9.096124089826890247e-01 5.160496170844189878e-01 4.967660704185634657e-01 4.253592573696906576e-01 4.567847179294104443e-01 6.719156287716583353e-01 4.315282151949957345e-01
5.383666149874775098e-01 6.248191193748297012e-01 5.414816621938809416e-01 2.821904400624083431e-01 1.822438359198805813e-01 5.363775681857714250e-01 4.794685512434694874e-01 5.446150017796860254e-01 3.150603475795256125e-01 6.419219135500698892e-01 3.226791395628812453e-01 4.190029375881266782e-01 5.350865407712241950e-01 2.753515364845341984e-01 5.460588504652112984e-01 1.970842606870429892e-01 7.506680683035575896e-01 7.340316353434350738e-01 6.991986159596635941e-01 7.348254561591545109e-01 8.148535106323600008e-01 1.122683934827385377e-01 5.355954540377526607e-01 4.810560258094669916e-01 8.548395165241724492e-01 2.199748963372374355e-01 5.303753421280409386e-01 0.000000000000000000e+00 3.135280191496331303e-01 2.859643755541157462e-01 4.004913086569588110e-01 2.926821410993547534e-01 4.806905506767060188e-01 4.973560107510630601e-01 5.539437757677576624e-01
4.989207138746136749e-01 4.541827254139648717e-01 6.313430570964835287e-01 7.325631593652182083e-02 5.066203092495503713e-01 5.302613230951404022e-01 2.230616758395281840e-01 4.484043866983261628e-01 5.098136665364411124e-01 6.369697812728298825e-01 4.945653259711514371e-01 6.932766904220633020e-01 5.402996366223574709e-01 2.062024359427896414e-01 6.157162913945922744e-01 6.714759665531413457e-01 7.884706565874399775e-01 1.433892898203698030e-01 2.307901958208193327e-01 6.246709751379038167e-01 6.367674805027263574e-01 9.732900375159476702e-01 8.554263116640730136e-01 2.864781868346950033e-01 1.620438695881435409e-01 3.943845834201137324e-01 9.096124089826890247e-01 3.135280191496331303e-01 0.000000000000000000e+00 2.958257404570485694e-02 3.097408315807405055e-01 3.327501355509798198e-01 3.134129653549995731e-01 2.716748676393959672e-01 5.080664746960064093e-01
6.166434991560778567e-01 6.466256504746579203e-01 4.132032175165897825e-01 5.517458057281016126e-01 6.745856992885892467e-01 1.377404509971249524e-01 5.162572594971434059e-01 4.897945276112593005e-01 3.603100605899670628e-01 5.509438093349684484e-01 7.227146277179243850e-01 5.815361264353420268e-01 7.392499593914566569e-01 6.038487974229265198e-01 4.544896022704425498e-01 3.484551909274180570e-01 3.844869360484667320e-01 7.356490678644223014e-01 3.618600648782600571e-01 7.541083000685211424e-01 9.595558079240598115e-01 1.677622291644888519e-01 4.852942401476814105e-01 4.596134604890012576e-01 3.848022321104299648e-01 6.107926930961264933e-01 5.160496170844189878e-01 2.859643755541157462e-01 2.958257404570485694e-02 0.000000000000000000e+00 8.276764365252180511e-01 5.229094907749385346e-01 2.575654487115329738e-01 5.596589613783469197e-01 2.684511346889402184e-01
4.214305285640214116e-01 4.420444671213481502e-01 4.197135793049890928e-01 1.030380390795526124e-01 6.451502214049784634e-01 2.089477572335474154e-01 2.813675719944933595e-01 3.612099231329690685e-01 7.682644325412972819e-01 9.072489354739019518e-01 5.214351513720736353e-01 5.780704456687371096e-01 7.995385341726045647e-01 3.648860301175128606e-01 6.141647421834539600e-01 5.542945000934496047e-01 4.583164485157764645e-01 9.328481333334071035e-01 9.796283249865667120e-02 5.278793939625112674e-01 6.914642763170317785e-01 3.496532260113246471e-01 8.384981386097301037e-01 2.945702006626610969e-01 6.807472720751128747e-01 1.849932633698103679e-01 4.967660704185634657e-01 4.004913086569588110e-01 3.097408315807405055e-01 8.276764365252180511e-01 0.000000000000000000e+00 8.352522697702141619e-01 5.295479599589223429e-01 6.959543478843129849e-01 4.842257181067528560e-01
4.807536098580578177e-01 4.687753837237103038e-01 6.963205936579788258e-01 5.600860648169140310e-01 4.988205742101451956e-01 2.423610173963369752e-01 5.195483032371630561e-01 5.644898441180886683e-01 2.125486612079516835e-01 8.149753467613558566e-01 3.077700577708814555e-01 5.047721441777814899e-01 3.837060357896393548e-01 2.533995044039376587e-01 2.426335862179898051e-01 6.849649826307301348e-01 5.806568892600475484e-01 4.038859883297657993e-01 4.224255965243252087e-01 7.172283615425308900e-01 5.093639071663351725e-01 4.277821292905339412e-01 5.796313237961630005e-01 4.653098326380526450e-01 5.219019104665566511e-01 8.000594681478335746e-01 4.253592573696906576e-01 2.926821410993547534e-01 3.327501355509798198e-01 5.229094907749385346e-01 8.352522697702141619e-01 0.000000000000000000e+00 3.530550798685642144e-01 7.714503821179830023e-01 5.151939260010662824e-01
2.897875909633021996e-01 7.559746118773724710e-01 3.824141338580597793e-01 4.942096301816988890e-01 4.416330375656686846e-01 3.528363157097088587e-01 3.675982831766655412e-01 5.161926902776035053e-01 6.177838160994316707e-01 8.425600531748926869e-01 6.752298326998125155e-01 2.301039858809600658e-01 3.078260366777678669e-01 7.912734523106003115e-01 7.239926149266593391e-01 6.050950360127697047e-01 7.704551141373174872e-01 4.529032684181377166e-01 7.050697536905241591e-01 4.491230558384034510e-01 5.811573367416145164e-01 4.754158740939057881e-01 6.851825218419465013e-01 8.519445745948712734e-01 9.089414475236745616e-01 6.700077216183444317e-01 4.567847179294104443e-01 4.806905506767060188e-01 3.134129653549995731e-01 2.575654487115329738e-01 5.295479599589223429e-01 3.530550798685642144e-01 0.000000000000000000e+00 5.193614626159148706e-01 5.362655576681012448e-01
7.003056314522732029e-01 5.596479599869725874e-01 5.975389890543993943e-01 8.598074577903003224e-01 4.392752223412320633e-01 5.670131786569310162e-01 4.807567607135306287e-01 5.834898743246972330e-01 4.408844917821083120e-01 4.766070611162018800e-01 6.868726169060035414e-01 3.511055614454972051e-01 4.221476221497426629e-01 3.025600207042229428e-01 3.200742806676967755e-01 8.946380903449955291e-01 5.076981206510071676e-01 4.320041831024789558e-01 4.745081320519379808e-01 7.202399259130056741e-01 5.691785209946020885e-01 7.480132869314417565e-01 3.875351920266116856e-01 6.906457040939597558e-01 2.884401920674955488e-01 8.371203152204638176e-01 6.719156287716583353e-01 4.973560107510630601e-01 2.716748676393959672e-01 5.596589613783469197e-01 6.959543478843129849e-01 7.714503821179830023e-01 5.193614626159148706e-01 0.000000000000000000e+00 8.455835832901381632e-01
6.284851274824085898e-01 3.538265201518754344e-01 9.205798661238125957e-01 3.038119738970599393e-01 5.659379243573349205e-01 2.996976117326030642e-01 5.467926026365890202e-01 3.435109109383178150e-01 3.064990525927936416e-01 4.371141666919340918e-01 7.988781499995616375e-01 5.131839802991420285e-01 6.399348261426284212e-01 6.046421008749249815e-01 3.720662112623584483e-01 5.564931401698934854e-01 8.086004111062662369e-01 9.088095397592498292e-01 8.819337511649283368e-02 7.178034797009059664e-01 7.005194761854973695e-01 5.047072851079371647e-01 3.971383007316457436e-01 4.728882642321948770e-01 6.058687628178571760e-01 9.453458985610641019e-02 4.315282151949957345e-01 5.539437757677576624e-01 5.080664746960064093e-01 2.684511346889402184e-01 4.842257181067528560e-01 5.151939260010662824e-01 5.362655576681012448e-01 8.455835832901381632e-01 0.000000000000000000e+00
