0.000000000000000000e+00 9.639688794969831775e-01 1.689140322333946287e-01 7.728177469347592421e-01 9.500856330324625176e-02 2.376342119284668986e-01 8.077396285750609861e-01 3.139664385201318964e-01 8.389837513499751598e-01 6.615611192179527977e-01 8.618693353840511939e-01 5.478141152579345530e-01 4.908481190117214288e-01 3.251313614251216677e-01 4.876027936050492118e-01 4.449194488355131538e-01 6.173187086381737299e-01 3.978093748273847652e-02 5.031731249413216034e-01 5.627235618112189641e-01 4.948036767079103115e-01 6.360218580773236985e-01 4.053593048525919174e-01 1.473208375524432956e-01 3.649689368198205663e-02 7.430412416619025517e-01 4.500454827578095340e-01 5.321199071927242841e-01 5.993238752792899859e-01 7.421830702982955552e-01 7.799865767292240015e-01 4.530623338431313818e-01 5.727464780420370438e-01 7.649379040649829653e-01 5.308437765290363597e-02
9.639688794969831775e-01 0.000000000000000000e+00 9.265558282179930938e-01 3.580530436504809622e-01 4.018271584547022934e-01 2.691569898554300733e-01 5.258827553464284765e-01 8.191173892919232369e-01 6.220471856329599092e-01 3.401780358175610086e-01 5.441708418640598399e-01 4.370561679257513044e-01 4.292475884517388263e-01 8.030310241896340129e-01 5.997200860682855295e-01 4.624186636326669819e-01 7.350809063700520785e-01 6.386572817198532537e-01 7.774267276140524041e-01 6.569393694458023347e-01 3.262737114716454112e-01 8.986836603987727878e-01 8.122094526790086810e-01 6.552136783287837440e-01 7.263562498020609270e-01 2.336145719900240003e-02 4.692877451009387912e-01 2.739100902421036654e-01 7.974851628183490249e-01 5.892623810937631657e-01 1.213770790518647891e-01 6.355920687700822302e-01 7.850503281108167641e-01 3.954715875093645083e-01 5.696008664578599001e-01
1.689140322333946287e-01 9.265558282179930938e-01 0.000000000000000000e+00 9.152366291086797556e-01 4.962698428721796784e-01 4.765570675638978737e-01 6.860683788945741712e-01 1.577046869457233713e-01 6.586534075617997974e-01 7.501411692939718989e-02 5.730767991896072999e-01 9.306053563648473137e-01 1.551321764886735011e-01 3.930376426060898654e-01 2.419581945139698265e-01 5.802409748295808134e-01 5.100159426482748781e-01 3.780429828142116144e-01 5.218640466767887620e-01 4.808912720395539520e-01 8.899930565104972047e-01 5.620305026963292594e-01 1.748153549954468144e-01 6.372003866968583008e-01 4.024749479473073155e-01 7.369468777494181388e-01 6.318526296002007214e-01 6.554517501539790514e-01 1.113151500585695119e-01 3.525164244243529366e-01 7.361456685504123021e-01 3.703792805876046645e-01 9.060138998517142106e-01 5.543473703126586827e-01 4.071028109260098615e-01
7.728177469347592421e-01 3.580530436504809622e-01 9.152366291086797556e-01 0.000000000000000000e+00 4.324645243523346227e-01 7.250897361261647855e-01 8.652139452277296527e-01 4.963889304380567635e-01 2.685305279680398338e-01 4.148675769711863137e-01 7.805300496550129363e-01 5.020392022910302732e-01 8.093559283465755483e-01 7.579380806407556292e-01 7.053187118792605403e-01 8.564973471182143472e-01 1.874615432053878816e-01 4.666350422654367835e-01 5.624680151390369920e-01 4.493135417880266269e-01 6.706242997650244675e-01 5.120921630800534530e-02 4.073559047403354505e-01 1.417349858704535226e-01 6.853387174310123786e-01 3.710440014690912780e-01 7.314589906865220925e-01 3.445073546578557577e-01 8.262013890264042759e-01 1.517081226908382208e-01 2.270022642736562180e-01 7.130267364081503967e-01 5.123827727071349480e-01 5.384429682316593802e-01 2.512817828078585114e-01
9.500856330324625176e-02 4.018271584547022934e-01 4.962698428721796784e-01 4.324645243523346227e-01 0.000000000000000000e+00 5.513081852576700026e-01 8.292407827583067048e-01 8.215217822042626405e-01 6.342564022323624595e-01 5.160544545598868549e-01 7.019712369400691321e-01 3.694258110645070592e-01 7.433494632429846760e-01 9.540755929547509728e-01 2.845735244744064252e-01 5.495487450247110717e-01 5.401975398491567493e-01 3.562268038527937053e-01 1.356888294566437336e-01 6.268858786496656066e-01 8.773252929754190577e-01 8.593031729426108267e-01 3.987666350130289472e-01 4.403338967091782741e-01 9.449830376104757512e-01 4.613708124096328467e-01 7.260277533139704031e-01 3.863911861895489297e-01 1.166153157559577380e-01 9.327444028804166010e-02 4.317398405606557854e-01 4.269008259423556773e-02 3.750781720770015593e-01 4.340622769766675493e-01 8.071500958852113605e-01
2.376342119284668986e-01 2.691569898554300733e-01 4.765570675638978737e-01 7.250897361261647855e-01 5.513081852576700026e-01 0.000000000000000000e+00 6.994810373939390757e-01 7.321020696969879893e-01 6.245314646122004376e-01 5.521291773914152046e-01 6.472835810952648483e-01 3.900565981922513581e-01 6.384647446700087992e-01 6.694060845030517237e-01 4.678089439193601762e-01 8.226715998890277159e-01 3.003045390736431841e-01 4.512592704491689144e-01 6.937880833958187665e-02 3.360198518645131083e-01 8.376325729498973471e-01 5.851241731060058404e-01 4.933270436638834688e-01 5.977916752269293310e-01 4.162624999107747414e-01 9.365532915704606332e-01 7.001378536750636483e-01 4.527568106992568286e-01 1.410278011830947698e-01 6.509160994340648099e-01 4.303249851606232301e-01 8.908719528168482782e-01 6.917100095166239804e-01 7.393781581539957681e-01 6.459998457353912649e-01
8.077396285750609861e-01 5.258827553464284765e-01 6.860683788945741712e-01 8.652139452277296527e-01 8.292407827583067048e-01 6.994810373939390757e-01 0.000000000000000000e+00 4.655310579250374059e-01 5.037257355155537741e-01 4.894286661908407443e-01 5.575625000956503374e-01 9.340091833992545389e-01 6.547102772927135828e-01 5.200401253645138278e-01 4.732240213846088950e-01 6.576251473967444916e-01 4.634121832251626993e-01 4.963374502922295872e-01 8.221778946593054638e-01 2.708278552563475050e-01 8.497654590642973460e-01 6.963549381182050357e-01 7.172445481146859647e-01 6.836016756270055783e-01 5.561534298582887503e-01 4.775423554604664167e-01 5.980948188118998532e-01 4.104248912081207012e-01 9.463264653947336402e-01 9.000148487332004787e-01 4.432980679397243162e-01 6.742134187350704577e-01 6.500909196866788697e-01 4.705681341160599662e-01 6.254995087314845215e-01
3.139664385201318964e-01 8.191173892919232369e-01 1.577046869457233713e-01 4.963889304380567635e-01 8.215217822042626405e-01 7.321020696969879893e-01 4.655310579250374059e-01 0.000000000000000000e+00 5.094412804878508672e-01 1.943969384845959381e-01 3.009709367335571262e-01 4.226663085581536250e-01 8.565096473016822198e-01 4.283132587842143901e-01 3.293491575880198585e-01 6.689235806232389780e-01 7.060674007828706689e-01 7.669639462702064758e-01 7.100162880605824789e-01 7.156569478862270239e-01 3.253768150790081748e-01 3.019825504064239663e-01 8.560314919039988535e-01 4.060310918070928476e-01 7.259851546160975833e-01 5.955001269195162594e-01 3.722788740132850771e-01 8.937201375715202456e-01 5.747962459972291160e-01 3.766476261257248326e-01 4.157178310565216584e-01 6.001153506187688613e-01 8.671794943861556026e-01 6.991741304863313689e-01 5.976727276764302044e-01
8.389837513499751598e-01 6.220471856329599092e-01 6.586534075617997974e-01 2.685305279680398338e-01 6.342564022323624595e-01 6.245314646122004376e-01 5.037257355155537741e-01 5.094412804878508672e-01 0.000000000000000000e+00 9.370195249027959417e-01 8.408429248597573125e-01 3.485275625743143868e-01 5.200582818405459218e-01 5.154199213002148561e-01 7.349283871642656729e-01 7.887120949994492758e-01 6.053217397786511134e-01 2.899015674526770336e-01 4.693787113725170768e-01 5.382162490911306385e-01 4.642623841374814986e-01 4.049660342194361107e-01 8.360959411567561173e-01 4.159615384741415789e-01 7.920570099392434393e-01 5.436788004423590559e-01 7.700064903693071283e-02 6.809827525692782046e-01 3.417353172592743071e-01 8.730025004186612314e-01 9.426634953771847458e-01 7.635818802993333820e-01 8.943995803466529004e-01 5.066255004857980193e-01 3.078691158432054209e-01
6.615611192179527977e-01 3.401780358175610086e-01 7.501411692939718989e-02 4.148675769711863137e-01 5.160544545598868549e-01 5.521291773914152046e-01 4.894286661908407443e-01 1.943969384845959381e-01 9.370195249027959417e-01 0.000000000000000000e+00 2.686095490834140564e-01 6.564604868176660002e-02 5.023630752302962188e-01 7.720405538222913089e-01 7.532732870401672720e-01 8.190233310057080107e-01 6.458663144097868125e-01 8.774679886903268278e-01 4.088526074482540795e-01 3.784516819242370600e-01 5.139417105687134057e-01 4.528991347251634658e-01 4.953905605081594943e-01 4.506501267199439220e-01 5.041691109336134957e-01 4.516933980976950425e-01 4.833046981403489317e-01 5.940881834885072266e-01 6.911700307208240579e-01 8.214200645268198153e-01 3.111722041552021922e-01 4.115777898194035167e-01 6.375747057518195149e-01 6.088671626171424656e-01 1.588389662577831540e-01
8.618693353840511939e-01 5.441708418640598399e-01 5.730767991896072999e-01 7.805300496550129363e-01 7.019712369400691321e-01 6.472835810952648483e-01 5.575625000956503374e-01 3.009709367335571262e-01 8.408429248597573125e-01 2.686095490834140564e-01 0.000000000000000000e+00 4.791539386387143051e-01 4.826386314307280490e-01 3.849379914259343227e-01 3.529961999951620744e-01 5.281354470953878444e-01 7.507046099916390158e-01 6.228558471556017162e-01 2.956627659138585384e-01 5.104037209415180909e-01 7.482908968828416718e-01 4.981892987088142877e-01 3.025759091192784522e-01 5.889387995638348805e-01 4.810009204493951862e-01 7.465272291620590472e-01 5.992600048793421674e-01 7.228526349771555726e-01 4.912094783701942413e-01 3.607222881434486994e-01 6.607508364937116907e-01 5.219230544917417003e-01 5.339834509753431657e-01 2.309159271241917333e-01 5.804255003120291079e-01
5.478141152579345530e-01 4.370561679257513044e-01 9.306053563648473137e-01 5.020392022910302732e-01 3.694258110645070592e-01 3.900565981922513581e-01 9.340091833992545389e-01 4.226663085581536250e-01 3.485275625743143868e-01 6.564604868176660002e-02 4.791539386387143051e-01 0.000000000000000000e+00 6.868262621635770060e-01 3.394322878148571254e-01 3.826816876335565887e-01 8.080957916388853413e-02 6.824860081196321149e-01 4.680108438614167810e-01 4.084041983696079514e-01 1.194356492949621984e-01 5.624624264967288401e-01 7.106283852623110908e-01 8.096901256746966702e-01 3.652218031531596631e-01 3.176457380339805514e-01 4.153746609398653589e-01 3.182545594225286156e-01 3.479681326571901767e-01 7.976653168467084942e-02 8.640966079262382138e-01 4.824023685104311121e-01 3.431161319764868822e-01 6.073236775273189725e-01 6.946803447504988904e-01 5.707812243966241539e-01
4.908481190117214288e-01 4.292475884517388263e-01 1.551321764886735011e-01 8.093559283465755483e-01 7.433494632429846760e-01 6.384647446700087992e-01 6.547102772927135828e-01 8.565096473016822198e-01 5.200582818405459218e-01 5.023630752302962188e-01 4.826386314307280490e-01 6.868262621635770060e-01 0.000000000000000000e+00 7.215907976715790761e-01 1.294742719288592969e-01 3.434476813229955239e-01 8.262044059999578138e-01 7.941289395561466069e-01 4.622751314570589520e-01 8.106413651661350528e-01 4.522963305099843012e-01 5.192130253249422900e-01 6.973868555263548208e-01 4.072768238112334793e-01 7.874143594468454577e-01 2.025477368711401938e-01 7.895286321878332014e-01 6.123901492845853500e-01 5.745847704144153578e-01 4.913049761962115514e-01 7.156682745224935971e-01 9.205961922862926361e-01 8.288522508956588375e-01 3.700749965690587340e-01 6.240770644138204926e-01
3.251313614251216677e-01 8.030310241896340129e-01 3.930376426060898654e-01 7.579380806407556292e-01 9.540755929547509728e-01 6.694060845030517237e-01 5.200401253645138278e-01 4.283132587842143901e-01 5.154199213002148561e-01 7.720405538222913089e-01 3.849379914259343227e-01 3.394322878148571254e-01 7.215907976715790761e-01 0.000000000000000000e+00 4.868755604494653944e-01 3.357839715328397867e-01 3.202796694636996788e-01 3.841049870203324668e-01 2.614507879575936888e-01 3.717642371422560377e-01 5.787561966012036985e-01 4.894211720629957352e-01 6.648331533847651187e-01 5.105953631744424293e-01 3.833004404029171641e-01 5.065566523537186061e-01 5.431742389921613290e-01 4.980099444957735155e-01 1.875221329842116091e-01 4.285773544955890912e-01 7.078850023637268674e-01 8.276575238577482674e-01 8.538683033272437273e-01 2.376240496690305015e-01 7.817140480236124400e-01
4.876027936050492118e-01 5.997200860682855295e-01 2.419581945139698265e-01 7.053187118792605403e-01 2.845735244744064252e-01 4.678089439193601762e-01 4.732240213846088950e-01 3.293491575880198585e-01 7.349283871642656729e-01 7.532732870401672720e-01 3.529961999951620744e-01 3.826816876335565887e-01 1.294742719288592969e-01 4.868755604494653944e-01 0.000000000000000000e+00 8.300965173679670794e-01 3.769723037441357061e-01 1.774671816995074813e-01 6.296874068300382099e-01 7.423037083063392938e-01 3.566770751673284390e-01 1.125872699061054583e-01 1.590834550949605797e-01 2.757198677957430899e-01 5.555542573776153237e-01 5.698871922193384787e-01 8.847998470120086445e-01 2.139085434226867255e-01 2.937336479333988448e-01 2.479100945976231429e-01 6.157993570932521754e-01 4.291289021916296909e-01 5.549782912279275227e-01 3.424723108662918181e-01 6.180351006722383245e-01
4.449194488355131538e-01 4.624186636326669819e-01 5.802409748295808134e-01 8.564973471182143472e-01 5.495487450247110717e-01 8.226715998890277159e-01 6.576251473967444916e-01 6.689235806232389780e-01 7.887120949994492758e-01 8.190233310057080107e-01 5.281354470953878444e-01 8.080957916388853413e-02 3.434476813229955239e-01 3.357839715328397867e-01 8.300965173679670794e-01 0.000000000000000000e+00 1.575940227110054215e-01 4.323194641753865253e-01 2.279048015037601349e-01 6.971113569916096431e-01 8.288445502824817179e-01 3.130286862466955533e-01 9.006442731481868469e-01 8.770986414590777880e-01 5.916821806051824062e-01 8.278037475862326522e-01 5.871308653572422376e-01 4.072152310514025597e-01 1.738182797188974060e-01 9.510045387618861756e-01 4.944534731910512626e-01 2.879103054770780767e-01 9.305997420573082213e-01 4.205409196572560404e-01 4.002205038717943641e-01
6.173187086381737299e-01 7.350809063700520785e-01 5.100159426482748781e-01 1.874615432053878816e-01 5.401975398491567493e-01 3.003045390736431841e-01 4.634121832251626993e-01 7.060674007828706689e-01 6.053217397786511134e-01 6.458663144097868125e-01 7.507046099916390158e-01 6.824860081196321149e-01 8.262044059999578138e-01 3.202796694636996788e-01 3.769723037441357061e-01 1.575940227110054215e-01 0.000000000000000000e+00 3.549929268363430923e-01 6.310528824978314244e-01 8.073724288216358458e-01 4.160148838112487368e-02 6.595406565324071213e-01 1.733879538092581996e-01 1.830574839275020960e-01 4.267316086287558097e-01 6.787662585924177927e-01 4.618891846904008003e-01 5.374036903188748049e-01 7.711737839217032153e-01 5.885859284611820730e-01 8.066853133991425118e-01 3.644826356069585938e-01 5.025518184852435510e-01 3.463070798531227013e-01 5.048529871971862981e-01
3.978093748273847652e-02 6.386572817198532537e-01 3.780429828142116144e-01 4.666350422654367835e-01 3.562268038527937053e-01 4.512592704491689144e-01 4.963374502922295872e-01 7.669639462702064758e-01 2.899015674526770336e-01 8.774679886903268278e-01 6.228558471556017162e-01 4.680108438614167810e-01 7.941289395561466069e-01 3.841049870203324668e-01 1.774671816995074813e-01 4.323194641753865253e-01 3.549929268363430923e-01 0.000000000000000000e+00 3.424682594198271701e-01 6.642870888094379866e-01 8.510809779370205330e-01 8.324251179052852834e-01 2.079890885247485666e-01 9.525122506702707881e-01 5.053481626195677201e-02 7.015290934421480884e-01 6.557606922932565086e-01 6.158278378855823743e-01 8.376405048222508309e-01 4.725916214865609200e-01 9.706726406476299251e-01 7.208933728641655492e-01 6.739442142946440173e-01 4.535547315876212737e-01 5.200924698893943932e-01
5.031731249413216034e-01 7.774267276140524041e-01 5.218640466767887620e-01 5.624680151390369920e-01 1.356888294566437336e-01 6.937880833958187665e-02 8.221778946593054638e-01 7.100162880605824789e-01 4.693787113725170768e-01 4.088526074482540795e-01 2.956627659138585384e-01 4.084041983696079514e-01 4.622751314570589520e-01 2.614507879575936888e-01 6.296874068300382099e-01 2.279048015037601349e-01 6.310528824978314244e-01 3.424682594198271701e-01 0.000000000000000000e+00 4.588093150432865919e-01 1.312733371190767384e-01 5.206680264673637648e-01 4.658504685348999197e-01 7.569930193177689670e-01 7.789951712797207328e-01 7.352451927463771186e-01 7.925020967932380200e-01 9.230540059045300172e-02 3.280109165976713426e-01 4.732569064213006937e-01 3.516501595009724479e-01 4.025182297066260406e-01 8.385423535957696739e-01 5.763794726382374112e-01 6.139017020364053723e-01
5.627235618112189641e-01 6.569393694458023347e-01 4.808912720395539520e-01 4.493135417880266269e-01 6.268858786496656066e-01 3.360198518645131083e-01 2.708278552563475050e-01 7.156569478862270239e-01 5.382162490911306385e-01 3.784516819242370600e-01 5.104037209415180909e-01 1.194356492949621984e-01 8.106413651661350528e-01 3.717642371422560377e-01 7.423037083063392938e-01 6.971113569916096431e-01 8.073724288216358458e-01 6.642870888094379866e-01 4.588093150432865919e-01 0.000000000000000000e+00 1.528295672977528774e-01 6.312343908377384682e-01 8.304831342699336982e-02 8.778688887863068668e-01 8.524198199435815138e-01 8.194136139125398621e-01 5.509045033209835074e-01 4.598237280323881349e-01 3.926839575922988490e-01 6.055732272393450355e-01 6.339444472852751034e-02 7.826793335075985514e-01 8.822220987513724744e-01 4.995157967120338882e-01 7.324430840113556052e-01
4.948036767079103115e-01 3.262737114716454112e-01 8.899930565104972047e-01 6.706242997650244675e-01 8.773252929754190577e-01 8.376325729498973471e-01 8.497654590642973460e-01 3.253768150790081748e-01 4.642623841374814986e-01 5.139417105687134057e-01 7.482908968828416718e-01 5.624624264967288401e-01 4.522963305099843012e-01 5.787561966012036985e-01 3.566770751673284390e-01 8.288445502824817179e-01 4.160148838112487368e-02 8.510809779370205330e-01 1.312733371190767384e-01 1.528295672977528774e-01 0.000000000000000000e+00 4.379572700637517357e-01 7.709099206666221171e-01 5.548432271841159391e-01 3.910089818403203465e-01 7.532665792784966063e-01 3.463452522263251732e-01 4.071818941475371378e-01 1.892426677019013459e-01 8.049793383917478451e-01 2.071022206802733412e-01 8.672768709655762631e-01 7.932907523329633115e-01 8.158706381398945773e-01 2.087476690143713620e-01
6.360218580773236985e-01 8.986836603987727878e-01 5.620305026963292594e-01 5.120921630800534530e-02 8.593031729426108267e-01 5.851241731060058404e-01 6.963549381182050357e-01 3.019825504064239663e-01 4.049660342194361107e-01 4.528991347251634658e-01 4.981892987088142877e-01 7.106283852623110908e-01 5.192130253249422900e-01 4.894211720629957352e-01 1.125872699061054583e-01 3.130286862466955533e-01 6.595406565324071213e-01 8.324251179052852834e-01 5.206680264673637648e-01 6.312343908377384682e-01 4.379572700637517357e-01 0.000000000000000000e+00 4.884773741814535386e-01 6.476075277598499769e-01 2.462491953876163597e-01 4.115254371041585646e-01 6.334561158821112592e-01 8.116506276154893396e-01 6.478507968277125162e-01 4.996705138983840722e-01 1.029425244632502512e-01 8.579532249501717889e-01 3.399091962530024214e-01 9.115399233164817039e-02 2.582397674876186211e-01
4.053593048525919174e-01 8.122094526790086810e-01 1.748153549954468144e-01 4.073559047403354505e-01 3.987666350130289472e-01 4.933270436638834688e-01 7.172445481146859647e-01 8.560314919039988535e-01 8.360959411567561173e-01 4.953905605081594943e-01 3.025759091192784522e-01 8.096901256746966702e-01 6.973868555263548208e-01 6.648331533847651187e-01 1.590834550949605797e-01 9.006442731481868469e-01 1.733879538092581996e-01 2.079890885247485666e-01 4.658504685348999197e-01 8.304831342699336982e-02 7.709099206666221171e-01 4.884773741814535386e-01 0.000000000000000000e+00 8.030818906994280360e-01 3.765321333657455360e-01 5.540058055602875564e-01 8.899340252039360522e-01 5.253615346008826403e-01 3.859183502191528836e-01 4.148987653658825492e-01 9.038187833684796502e-01 6.619481032797546183e-01 5.826239454493126191e-01 4.064629988970222541e-01 7.365858466679553462e-01
1.473208375524432956e-01 6.552136783287837440e-01 6.372003866968583008e-01 1.417349858704535226e-01 4.403338967091782741e-01 5.977916752269293310e-01 6.836016756270055783e-01 4.060310918070928476e-01 4.159615384741415789e-01 4.506501267199439220e-01 5.889387995638348805e-01 3.652218031531596631e-01 4.072768238112334793e-01 5.105953631744424293e-01 2.757198677957430899e-01 8.770986414590777880e-01 1.830574839275020960e-01 9.525122506702707881e-01 7.569930193177689670e-01 8.778688887863068668e-01 5.548432271841159391e-01 6.476075277598499769e-01 8.030818906994280360e-01 0.000000000000000000e+00 8.000388066376710183e-01 4.875718741590702177e-01 4.258042596508472277e-01 3.897994973946473651e-01 6.475709713922570554e-01 4.776769960288553274e-01 7.756815919283664984e-01 8.391284342172290467e-01 5.658233117810851365e-01 9.660789222445270719e-01 4.095858410655128790e-01
3.649689368198205663e-02 7.263562498020609270e-01 4.024749479473073155e-01 6.853387174310123786e-01 9.449830376104757512e-01 4.162624999107747414e-01 5.561534298582887503e-01 7.259851546160975833e-01 7.920570099392434393e-01 5.041691109336134957e-01 4.810009204493951862e-01 3.176457380339805514e-01 7.874143594468454577e-01 3.833004404029171641e-01 5.555542573776153237e-01 5.916821806051824062e-01 4.267316086287558097e-01 5.053481626195677201e-02 7.789951712797207328e-01 8.524198199435815138e-01 3.910089818403203465e-01 2.462491953876163597e-01 3.765321333657455360e-01 8.000388066376710183e-01 0.000000000000000000e+00 3.202960333647686397e-01 3.195062882745511867e-01 5.556493552522614454e-01 5.447312490118407791e-01 4.050715421723933840e-01 9.233515306656121524e-01 2.892668176235093647e-01 8.627508775583008216e-01 5.580851183849878661e-01 8.201860110199103993e-01
7.430412416619025517e-01 2.336145719900240003e-02 7.369468777494181388e-01 3.710440014690912780e-01 4.613708124096328467e-01 9.365532915704606332e-01 4.775423554604664167e-01 5.955001269195162594e-01 5.436788004423590559e-01 4.516933980976950425e-01 7.465272291620590472e-01 4.153746609398653589e-01 2.025477368711401938e-01 5.065566523537186061e-01 5.698871922193384787e-01 8.278037475862326522e-01 6.787662585924177927e-01 7.015290934421480884e-01 7.352451927463771186e-01 8.194136139125398621e-01 7.532665792784966063e-01 4.115254371041585646e-01 5.540058055602875564e-01 4.875718741590702177e-01 3.202960333647686397e-01 0.000000000000000000e+00 6.930133366562007957e-01 7.095954504818269282e-02 6.828516938107754841e-01 5.734333772831046172e-01 4.904883216344590458e-01 4.053089644816819659e-01 5.681675247019934982e-01 1.867266487496076488e-01 8.197767513054272648e-01
4.500454827578095340e-01 4.692877451009387912e-01 6.318526296002007214e-01 7.314589906865220925e-01 7.260277533139704031e-01 7.001378536750636483e-01 5.980948188118998532e-01 3.722788740132850771e-01 7.700064903693071283e-02 4.833046981403489317e-01 5.992600048793421674e-01 3.182545594225286156e-01 7.895286321878332014e-01 5.431742389921613290e-01 8.847998470120086445e-01 5.871308653572422376e-01 4.618891846904008003e-01 6.557606922932565086e-01 7.925020967932380200e-01 5.509045033209835074e-01 3.463452522263251732e-01 6.334561158821112592e-01 8.899340252039360522e-01 4.258042596508472277e-01 3.195062882745511867e-01 6.930133366562007957e-01 0.000000000000000000e+00 6.811314897680849079e-01 4.767135497970966251e-01 3.818296766217952887e-01 4.281383347800487016e-01 4.073851650275138736e-01 4.173555088277103309e-01 3.207703776021939013e-01 5.054012836196328795e-01
5.321199071927242841e-01 2.739100902421036654e-01 6.554517501539790514e-01 3.445073546578557577e-01 3.863911861895489297e-01 4.527568106992568286e-01 4.104248912081207012e-01 8.937201375715202456e-01 6.809827525692782046e-01 5.940881834885072266e-01 7.228526349771555726e-01 3.479681326571901767e-01 6.123901492845853500e-01 4.980099444957735155e-01 2.139085434226867255e-01 4.072152310514025597e-01 5.374036903188748049e-01 6.158278378855823743e-01 9.230540059045300172e-02 4.598237280323881349e-01 4.071818941475371378e-01 8.116506276154893396e-01 5.253615346008826403e-01 3.897994973946473651e-01 5.556493552522614454e-01 7.095954504818269282e-02 6.811314897680849079e-01 0.000000000000000000e+00 8.209458043304835861e-01 6.550141108652687283e-01 2.851689176720321184e-01 8.298367005114704043e-01 6.933796370198511694e-01 4.989348821102906339e-01 3.219396863186490543e-01
5.993238752792899859e-01 7.974851628183490249e-01 1.113151500585695119e-01 8.262013890264042759e-01 1.166153157559577380e-01 1.410278011830947698e-01 9.463264653947336402e-01 5.747962459972291160e-01 3.417353172592743071e-01 6.911700307208240579e-01 4.912094783701942413e-01 7.976653168467084942e-02 5.745847704144153578e-01 1.875221329842116091e-01 2.937336479333988448e-01 1.738182797188974060e-01 7.711737839217032153e-01 8.376405048222508309e-01 3.280109165976713426e-01 3.926839575922988490e-01 1.892426677019013459e-01 6.478507968277125162e-01 3.859183502191528836e-01 6.475709713922570554e-01 5.447312490118407791e-01 6.828516938107754841e-01 4.767135497970966251e-01 8.209458043304835861e-01 0.000000000000000000e+00 1.550161533924918622e-01 2.255766492210917740e-01 5.082579141955809732e-01 5.935002006380938333e-01 6.393797193390748923e-01 2.857907690750736140e-01
7.421830702982955552e-01 5.892623810937631657e-01 3.525164244243529366e-01 1.517081226908382208e-01 9.327444028804166010e-02 6.509160994340648099e-01 9.000148487332004787e-01 3.766476261257248326e-01 8.730025004186612314e-01 8.214200645268198153e-01 3.607222881434486994e-01 8.640966079262382138e-01 4.913049761962115514e-01 4.285773544955890912e-01 2.479100945976231429e-01 9.510045387618861756e-01 5.885859284611820730e-01 4.725916214865609200e-01 4.732569064213006937e-01 6.055732272393450355e-01 8.049793383917478451e-01 4.996705138983840722e-01 4.148987653658825492e-01 4.776769960288553274e-01 4.050715421723933840e-01 5.734333772831046172e-01 3.818296766217952887e-01 6.550141108652687283e-01 1.550161533924918622e-01 0.000000000000000000e+00 5.698950228136847596e-01 5.161885312967738892e-01 2.598066233540827774e-01 1.761549026625651715e-01 8.622478792113459356e-01
7.799865767292240015e-01 1.213770790518647891e-01 7.361456685504123021e-01 2.270022642736562180e-01 4.317398405606557854e-01 4.303249851606232301e-01 4.432980679397243162e-01 4.157178310565216584e-01 9.426634953771847458e-01 3.111722041552021922e-01 6.607508364937116907e-01 4.824023685104311121e-01 7.156682745224935971e-01 7.078850023637268674e-01 6.157993570932521754e-01 4.944534731910512626e-01 8.066853133991425118e-01 9.706726406476299251e-01 3.516501595009724479e-01 6.339444472852751034e-02 2.071022206802733412e-01 1.029425244632502512e-01 9.038187833684796502e-01 7.756815919283664984e-01 9.233515306656121524e-01 4.904883216344590458e-01 4.281383347800487016e-01 2.851689176720321184e-01 2.255766492210917740e-01 5.698950228136847596e-01 0.000000000000000000e+00 6.240917698139099024e-01 7.034004471356164467e-01 4.368200984438327383e-01 4.533693675628847064e-01
4.530623338431313818e-01 6.355920687700822302e-01 3.703792805876046645e-01 7.130267364081503967e-01 4.269008259423556773e-02 8.908719528168482782e-01 6.742134187350704577e-01 6.001153506187688613e-01 7.635818802993333820e-01 4.115777898194035167e-01 5.219230544917417003e-01 3.431161319764868822e-01 9.205961922862926361e-01 8.276575238577482674e-01 4.291289021916296909e-01 2.879103054770780767e-01 3.644826356069585938e-01 7.208933728641655492e-01 4.025182297066260406e-01 7.826793335075985514e-01 8.672768709655762631e-01 8.579532249501717889e-01 6.619481032797546183e-01 8.391284342172290467e-01 2.892668176235093647e-01 4.053089644816819659e-01 4.073851650275138736e-01 8.298367005114704043e-01 5.082579141955809732e-01 5.161885312967738892e-01 6.240917698139099024e-01 0.000000000000000000e+00 3.780563951431240022e-01 6.604040899035020784e-01 8.344102182249257815e-01
5.727464780420370438e-01 7.850503281108167641e-01 9.060138998517142106e-01 5.123827727071349480e-01 3.750781720770015593e-01 6.917100095166239804e-01 6.500909196866788697e-01 8.671794943861556026e-01 8.943995803466529004e-01 6.375747057518195149e-01 5.339834509753431657e-01 6.073236775273189725e-01 8.288522508956588375e-01 8.538683033272437273e-01 5.549782912279275227e-01 9.305997420573082213e-01 5.025518184852435510e-01 6.739442142946440173e-01 8.385423535957696739e-01 8.822220987513724744e-01 7.932907523329633115e-01 3.399091962530024214e-01 5.826239454493126191e-01 5.658233117810851365e-01 8.627508775583008216e-01 5.681675247019934982e-01 4.173555088277103309e-01 6.933796370198511694e-01 5.935002006380938333e-01 2.598066233540827774e-01 7.034004471356164467e-01 3.780563951431240022e-01 0.000000000000000000e+00 5.781484926120328272e-01 5.614549580917835847e-01
7.649379040649829653e-01 3.954715875093645083e-01 5.543473703126586827e-01 5.384429682316593802e-01 4.340622769766675493e-01 7.393781581539957681e-01 4.705681341160599662e-01 6.991741304863313689e-01 5.066255004857980193e-01 6.088671626171424656e-01 2.309159271241917333e-01 6.946803447504988904e-01 3.700749965690587340e-01 2.376240496690305015e-01 3.424723108662918181e-01 4.205409196572560404e-01 3.463070798531227013e-01 4.535547315876212737e-01 5.763794726382374112e-01 4.995157967120338882e-01 8.158706381398945773e-01 9.115399233164817039e-02 4.064629988970222541e-01 9.660789222445270719e-01 5.580851183849878661e-01 1.867266487496076488e-01 3.207703776021939013e-01 4.989348821102906339e-01 6.393797193390748923e-01 1.761549026625651715e-01 4.368200984438327383e-01 6.604040899035020784e-01 5.781484926120328272e-01 0.000000000000000000e+00 2.438263700426293312e-01
5.308437765290363597e-02 5.696008664578599001e-01 4.071028109260098615e-01 2.512817828078585114e-01 8.071500958852113605e-01 6.459998457353912649e-01 6.254995087314845215e-01 5.976727276764302044e-01 3.078691158432054209e-01 1.588389662577831540e-01 5.804255003120291079e-01 5.707812243966241539e-01 6.240770644138204926e-01 7.817140480236124400e-01 6.180351006722383245e-01 4.002205038717943641e-01 5.048529871971862981e-01 5.200924698893943932e-01 6.139017020364053723e-01 7.324430840113556052e-01 2.087476690143713620e-01 2.582397674876186211e-01 7.365858466679553462e-01 4.095858410655128790e-01 8.201860110199103993e-01 8.197767513054272648e-01 5.054012836196328795e-01 3.219396863186490543e-01 2.857907690750736140e-01 8.622478792113459356e-01 4.533693675628847064e-01 8.344102182249257815e-01 5.614549580917835847e-01 2.438263700426293312e-01 0.000000000000000000e+00
