0.000000000000000000e+00 6.693738460900208187e-01 5.757844867901174002e-01 5.815808638911796891e-01 6.054400175256126060e-01 3.387001694440603949e-01 4.489954108297508628e-01 3.728659674356301634e-01 7.547575028044231082e-01 7.735497615075799249e-01 2.066099130170675480e-01 4.276250409302566613e-01 8.235955972843828077e-01 5.318154945530397804e-01 7.324251810722559597e-01 4.746130693219220431e-01 4.090420062968174175e-01 3.360479558570804715e-01 4.781284590058383355e-01 5.125693504327235583e-01 6.531434003288667522e-01 2.774581302777562319e-01 6.306428437372347817e-01 7.571301747343341937e-01 5.496058746321040855e-01 2.850060892764880172e-01 4.819840852453332047e-01 5.700658171940398145e-01 8.238426032170325097e-01 2.382166634374153769e-01 6.877586580757168999e-01 7.130375499136245576e-01 6.610362399670317579e-01 5.700018290209858396e-01 3.465691020973785674e-01
6.693738460900208187e-01 0.000000000000000000e+00 2.534181391512563275e-01 6.002296872945385164e-01 9.000225272081461281e-01 9.218459664024201139e-01 5.390683664150990317e-01 8.959560760445108851e-01 5.021976952919103843e-01 1.860516508177914030e-01 3.727548048117950152e-01 4.857535088987741667e-01 1.030594475305981472e-01 4.020911461455483060e-01 6.322629310816354486e-01 2.593778125476433605e-01 2.659287007676416348e-01 7.384184879812507596e-01 2.835579486466208166e-01 4.073777445067198189e-01 3.489842944121160917e-01 1.379036968554968601e-01 5.699631331147853031e-01 5.296157367127130033e-01 5.069512189620730691e-01 9.544750255843938991e-01 8.174953871083849855e-01 8.351686163823208719e-01 7.743604501431924358e-01 7.648510113511735042e-01 5.449056602029345164e-01 6.386941349468721052e-01 6.775862530331752120e-01 5.778328236971308485e-02 7.721238375539560828e-01
5.757844867901174002e-01 2.534181391512563275e-01 0.000000000000000000e+00 4.190165322852572594e-01 7.736277982964478994e-01 9.081773739382700272e-01 3.454952027510133639e-01 6.086523426322760777e-01 7.915702205293012605e-01 5.117306431490085128e-01 2.300828668763057472e-01 2.638506723675129173e-01 1.360723967932516709e-01 8.767490991436601711e-01 1.260429867218795241e-01 2.992959943096068498e-01 1.848811287473915987e-01 4.431894203484864070e-01 2.021166647413370487e-01 1.411392303704357420e-01 4.836395481308342070e-01 2.504703522763473966e-01 4.185263667512671981e-01 4.088931877984286478e-01 5.971896752009282494e-01 5.001916689396324056e-01 4.714303333173417432e-01 1.729896066357848872e-01 8.660735772716124936e-01 5.141546327142439976e-01 8.417643828162887365e-01 3.167331924858939329e-01 3.390069021013082384e-01 4.174111400390602133e-01 1.549250835256157921e-01
5.815808638911796891e-01 6.002296872945385164e-01 4.190165322852572594e-01 0.000000000000000000e+00 5.791645213710011619e-01 3.143466906119878890e-01 5.113679097476158120e-01 5.718844745977281763e-01 4.005224407721164059e-01 9.304019977604149894e-01 5.429471783123310802e-01 4.258222127239813526e-01 8.027732814572341447e-01 4.312432216356770764e-01 7.753492734847788892e-02 8.333053071465783557e-01 5.225340336631847382e-01 9.610800426437031696e-01 4.251082575989038048e-01 8.745038458351706012e-01 5.749547040521629793e-01 7.686993266270085723e-01 2.702058031722907039e-01 3.558162237531532490e-01 1.908550134775390816e-01 4.242422117780326740e-01 7.267247373419170042e-01 2.711028379749019779e-01 4.560385931046857522e-01 5.678936366682900694e-01 7.778837044641477849e-01 2.609312262130182303e-01 3.159685249362731430e-01 3.048410138598603991e-01 2.288283672657984713e-01
6.054400175256126060e-01 9.000225272081461281e-01 7.736277982964478994e-01 5.791645213710011619e-01 0.000000000000000000e+00 1.406744926175796939e-01 5.606520243477216559e-01 8.828849476855852307e-01 3.515452639977775795e-01 5.051587005991489132e-01 5.909708366503739763e-01 3.384548876952464536e-02 2.702978560945465403e-01 6.281117260007894609e-01 5.669109330970636407e-01 9.170804782139503342e-01 5.416945989290283814e-02 6.872389414727331225e-01 1.875677118494790685e-01 4.237795465519216265e-01 3.009057911561607845e-02 3.154841865912485499e-01 5.157583349389320837e-01 2.619094763580667173e-01 3.099505889881224441e-01 4.735589359097420736e-01 1.950442764955754305e-01 5.212246815090886276e-01 4.221797461908631810e-01 6.789783433583237438e-01 5.848366897743286774e-01 4.716974098428750595e-01 3.320952461668011946e-01 4.486321091634474789e-01 7.508104350970621343e-01
3.387001694440603949e-01 9.218459664024201139e-01 9.081773739382700272e-01 3.143466906119878890e-01 1.406744926175796939e-01 0.000000000000000000e+00 7.177822760977279337e-01 8.173313198976186467e-01 3.276319930788467172e-01 5.065277616259209470e-01 4.752878187112674624e-02 7.263946593371775062e-01 6.921304325894488407e-01 6.550415977609920226e-01 3.587508162476669704e-01 6.485311151788561990e-01 8.872297406467160030e-01 5.549751764171302337e-01 2.327755298114168037e-01 1.124209180787571483e-01 1.196834629346652523e-01 6.165882776849959113e-01 7.203846780031581964e-01 4.926987554565787630e-01 4.013095132712375390e-01 5.941242746485699833e-01 6.236927685341064898e-01 5.611067469749182468e-01 6.378984464602703852e-01 5.790617018474193411e-01 3.377362618126846794e-01 6.178769721106520674e-01 3.530574223450614890e-01 7.189657827566507953e-01 7.111192749399242174e-01
4.489954108297508628e-01 5.390683664150990317e-01 3.454952027510133639e-01 5.113679097476158120e-01 5.606520243477216559e-01 7.177822760977279337e-01 0.000000000000000000e+00 5.496935160425961975e-01 5.065371298682219692e-01 5.642306633013179917e-01 7.332290337561634397e-01 1.926166023767817981e-01 7.695579908034482219e-01 2.133297634918550623e-01 8.922450055855489781e-01 7.020636587229551751e-01 6.506044371737946808e-01 4.525998696880891292e-01 5.209961226730771555e-01 4.396679731987915840e-01 4.160866095462919523e-01 4.344208319614052405e-01 1.936761552083540172e-01 4.688603254609216009e-01 3.003455590931369823e-01 7.402679598520724991e-01 7.919922179690170871e-01 4.861394808866781325e-01 2.966941301415678689e-01 4.384005336472727166e-01 3.748847658987471965e-01 4.122667558950082189e-01 4.807609383334138231e-01 6.459904518331278656e-01 5.634176357807997304e-01
3.728659674356301634e-01 8.959560760445108851e-01 6.086523426322760777e-01 5.718844745977281763e-01 8.828849476855852307e-01 8.173313198976186467e-01 5.496935160425961975e-01 0.000000000000000000e+00 7.080924489119184706e-01 1.635814392726935851e-01 7.760832515956611610e-01 2.417712069375082540e-01 4.940674869891940046e-01 5.326635101726482358e-01 3.971875831046224326e-01 5.024355782809550863e-01 5.855368936617865172e-01 3.083261951677218060e-01 2.631561724300297000e-01 5.849068292090999766e-01 1.376100464752590957e-01 1.971825146682452123e-01 3.585970849159371143e-01 3.251344649017722244e-01 4.779323469849385275e-01 4.284750615172115973e-01 9.045562982716071065e-01 5.364392756808520346e-01 7.144040963901459040e-01 4.402089032819771486e-01 6.703646063004027322e-01 6.184602289115100904e-01 1.828930667312776981e-01 5.468094324420540442e-01 3.912785090597028503e-01
7.547575028044231082e-01 5.021976952919103843e-01 7.915702205293012605e-01 4.005224407721164059e-01 3.515452639977775795e-01 3.276319930788467172e-01 5.065371298682219692e-01 7.080924489119184706e-01 0.000000000000000000e+00 4.104746262136377832e-01 2.472553423023319263e-01 6.012481413314851864e-02 5.508421419374109895e-01 6.606391762071893714e-01 8.829818457271454424e-01 4.771563288195307395e-01 3.500273239091781230e-01 9.219650751445380710e-01 3.506227898308489355e-01 3.217198100830926943e-01 6.070265119207126636e-01 7.735642806098894653e-01 1.320915662748224362e-01 7.079731399465916120e-01 6.679193660077310524e-01 8.315623528456721480e-01 3.269797075827651778e-01 4.873862622311029291e-01 5.167672073987912285e-01 6.942556218527149436e-01 8.207649314690337317e-01 4.380614846452021705e-01 1.519393159541942429e-01 1.828739475012582938e-01 2.041244952346509267e-01
7.735497615075799249e-01 1.860516508177914030e-01 5.117306431490085128e-01 9.304019977604149894e-01 5.051587005991489132e-01 5.065277616259209470e-01 5.642306633013179917e-01 1.635814392726935851e-01 4.104746262136377832e-01 0.000000000000000000e+00 6.213443328219427908e-01 4.853756141967169868e-01 6.048346151614326649e-01 8.428041113124464800e-01 4.911865190731526387e-01 8.483126097111751696e-01 7.118018564902459655e-01 4.569882356283384017e-01 3.810611119550967318e-01 7.574206118515808273e-01 6.225657609208048449e-01 7.794089251824598552e-02 5.306462200440782429e-01 8.822731553982419150e-01 2.957401972480100949e-01 6.892653643755268789e-01 3.828365733165033369e-01 5.759302705912294762e-01 6.626168120111806115e-01 8.603276155859718166e-01 9.184133230972588713e-01 4.629413093576848492e-01 3.653393463457456081e-01 8.578177318803605900e-01 2.861691644663783007e-01
2.066099130170675480e-01 3.727548048117950152e-01 2.300828668763057472e-01 5.429471783123310802e-01 5.909708366503739763e-01 4.752878187112674624e-02 7.332290337561634397e-01 7.760832515956611610e-01 2.472553423023319263e-01 6.213443328219427908e-01 0.000000000000000000e+00 4.928696585972667243e-01 8.782250435731060456e-01 4.794678809129542807e-01 5.443845757414453868e-01 5.888647197507639319e-01 1.714928323380006114e-01 7.367919526389463680e-01 7.684085558820464845e-01 4.315003215238835121e-01 3.658967932272181867e-01 7.872245586065063083e-01 8.521580695539032746e-01 3.121155643969474314e-01 4.038698959151257317e-01 4.426537879815550802e-01 3.963321825738020943e-01 2.670029471275515709e-01 5.453166586511920544e-01 3.120278281666930553e-01 5.896692977187016904e-01 4.920094608804698733e-01 2.695707955212772733e-01 4.738070702750238894e-01 5.002242682311091038e-01
4.276250409302566613e-01 4.857535088987741667e-01 2.638506723675129173e-01 4.258222127239813526e-01 3.384548876952464536e-02 7.263946593371775062e-01 1.926166023767817981e-01 2.417712069375082540e-01 6.012481413314851864e-02 4.853756141967169868e-01 4.928696585972667243e-01 0.000000000000000000e+00 5.843216700028495136e-01 1.355042829236723367e-01 3.974289612805974592e-01 5.852360009531460960e-01 2.619236584878106844e-01 8.536874061778128020e-01 7.356453150571856670e-01 9.305803035691532221e-01 5.474627941523817487e-01 4.440724801156659129e-01 5.276275639763938763e-01 7.328852753874488535e-01 2.612213539269593321e-01 2.942117347730693888e-01 5.959573479566082632e-01 3.273580714438348860e-01 1.361123209251556831e-01 6.667521148038095813e-01 3.897307224630565670e-01 2.699837585215549840e-01 8.112466453669864297e-01 4.882327414203023186e-01 6.131048339849001216e-01
8.235955972843828077e-01 1.030594475305981472e-01 1.360723967932516709e-01 8.027732814572341447e-01 2.702978560945465403e-01 6.921304325894488407e-01 7.695579908034482219e-01 4.940674869891940046e-01 5.508421419374109895e-01 6.048346151614326649e-01 8.782250435731060456e-01 5.843216700028495136e-01 0.000000000000000000e+00 8.598742389454328006e-01 4.634299209196899860e-01 5.020033153979815976e-01 7.681472428892609505e-01 4.573721234101361111e-01 5.299249258528699880e-01 3.318499586765090159e-01 4.865394370705977134e-01 1.494047969812424270e-01 6.156355756463375295e-01 4.810545550240754586e-01 7.842487676515773609e-01 6.126799314595825496e-01 9.081269568148702120e-01 6.823637670046007742e-01 1.021241422615559724e-01 5.411630178937989477e-01 3.635665630975192242e-01 2.125480433153436044e-01 5.655457630406046654e-02 8.596247248601158741e-01 5.657115109593193747e-01
5.318154945530397804e-01 4.020911461455483060e-01 8.767490991436601711e-01 4.312432216356770764e-01 6.281117260007894609e-01 6.550415977609920226e-01 2.133297634918550623e-01 5.326635101726482358e-01 6.606391762071893714e-01 8.428041113124464800e-01 4.794678809129542807e-01 1.355042829236723367e-01 8.598742389454328006e-01 0.000000000000000000e+00 4.351887163388653557e-01 5.155086086189659689e-01 6.827655051454042390e-01 5.872913843109245358e-01 1.417587245517048511e-01 6.142136569446410288e-01 6.049944082124312228e-01 5.802481031918234056e-01 5.531584189828995246e-01 5.554213722166631007e-01 2.566385799380672683e-01 5.645939453414761111e-01 4.861530000830062148e-01 5.817861342899146582e-01 5.005119190970401810e-01 6.805492725975067492e-01 8.757609295852764042e-01 1.225962554225140666e-01 4.662211689069359899e-01 2.647559513285377975e-01 5.246572451938635862e-01
7.324251810722559597e-01 6.322629310816354486e-01 1.260429867218795241e-01 7.753492734847788892e-02 5.669109330970636407e-01 3.587508162476669704e-01 8.922450055855489781e-01 3.971875831046224326e-01 8.829818457271454424e-01 4.911865190731526387e-01 5.443845757414453868e-01 3.974289612805974592e-01 4.634299209196899860e-01 4.351887163388653557e-01 0.000000000000000000e+00 7.006471107058057646e-01 4.837628198160961457e-01 6.102909467216524053e-01 1.483150751658186550e-01 2.039371752318029918e-01 5.774740305740582169e-01 1.337337451339691841e-01 6.885925559798611317e-01 7.115967967102388991e-01 1.604473933512367001e-01 1.821139293497459066e-01 2.163262961846292853e-01 4.487912551625812263e-01 5.121514252633445619e-01 8.632517422868288826e-01 4.178392254740265765e-01 5.624065987177386816e-01 1.218961622386558474e-01 7.395739587425660400e-01 7.221473843522738800e-01
4.746130693219220431e-01 2.593778125476433605e-01 2.992959943096068498e-01 8.333053071465783557e-01 9.170804782139503342e-01 6.485311151788561990e-01 7.020636587229551751e-01 5.024355782809550863e-01 4.771563288195307395e-01 8.483126097111751696e-01 5.888647197507639319e-01 5.852360009531460960e-01 5.020033153979815976e-01 5.155086086189659689e-01 7.006471107058057646e-01 0.000000000000000000e+00 5.303504190082062308e-01 5.968486879919818744e-01 4.712031293959668132e-01 5.065107850448206106e-01 2.609366296088471149e-01 8.471797940553043027e-01 5.186923725133485430e-02 7.912075537956811955e-01 3.206170034974658578e-01 2.687651171835998554e-01 5.610086853970934762e-01 3.633612013021269016e-01 3.703219472445783422e-01 4.000404880009766906e-01 8.510009636477164907e-01 3.371904639908366863e-01 1.872313460381845873e-01 5.297811184264281659e-01 7.604305281489681656e-01
4.090420062968174175e-01 2.659287007676416348e-01 1.848811287473915987e-01 5.225340336631847382e-01 5.416945989290283814e-02 8.872297406467160030e-01 6.506044371737946808e-01 5.855368936617865172e-01 3.500273239091781230e-01 7.118018564902459655e-01 1.714928323380006114e-01 2.619236584878106844e-01 7.681472428892609505e-01 6.827655051454042390e-01 4.837628198160961457e-01 5.303504190082062308e-01 0.000000000000000000e+00 4.644364905711471092e-01 4.467354655832584398e-01 5.852015579505557286e-01 5.837764777537173266e-01 5.376857841998585741e-01 2.579405816289958020e-01 9.007698764236813371e-01 4.610989663703113361e-01 7.151274616999072631e-01 2.594882057414623633e-01 5.898101244561888556e-01 5.754932087748030334e-01 8.211579557473134283e-01 8.465176632034576709e-01 3.719550942278637695e-01 6.777770638745278520e-01 6.627979284959837347e-01 2.508521299869601595e-01
3.360479558570804715e-01 7.384184879812507596e-01 4.431894203484864070e-01 9.610800426437031696e-01 6.872389414727331225e-01 5.549751764171302337e-01 4.525998696880891292e-01 3.083261951677218060e-01 9.219650751445380710e-01 4.569882356283384017e-01 7.367919526389463680e-01 8.536874061778128020e-01 4.573721234101361111e-01 5.872913843109245358e-01 6.102909467216524053e-01 5.968486879919818744e-01 4.644364905711471092e-01 0.000000000000000000e+00 5.550854004164417210e-01 3.690749666612460622e-01 4.105623849790257518e-01 8.086776576773240244e-01 4.791806992407109944e-01 7.040554008029972222e-01 7.550831363544681096e-01 4.423734112841436472e-01 2.531406485387149852e-01 3.275728419634694744e-01 5.947600958224866785e-01 6.785118583285063565e-01 3.859670149513753090e-01 5.720130867889698933e-01 5.303974597466145635e-01 5.280800436772840056e-01 6.522215871038370416e-01
4.781284590058383355e-01 2.835579486466208166e-01 2.021166647413370487e-01 4.251082575989038048e-01 1.875677118494790685e-01 2.327755298114168037e-01 5.209961226730771555e-01 2.631561724300297000e-01 3.506227898308489355e-01 3.810611119550967318e-01 7.684085558820464845e-01 7.356453150571856670e-01 5.299249258528699880e-01 1.417587245517048511e-01 1.483150751658186550e-01 4.712031293959668132e-01 4.467354655832584398e-01 5.550854004164417210e-01 0.000000000000000000e+00 6.560819082852227258e-01 5.416182032013059366e-01 6.685030271590841622e-01 4.803778892929227995e-01 3.639651262708458734e-01 8.178764855506619469e-01 5.930065322044942855e-01 8.716141773490119204e-01 4.495677977669199077e-01 4.970993323205122327e-01 5.319859310859713641e-01 1.499004033254665025e-01 1.324635371885923840e-01 6.412316310367508487e-01 5.795699713031264855e-01 7.611384813489079360e-01
5.125693504327235583e-01 4.073777445067198189e-01 1.411392303704357420e-01 8.745038458351706012e-01 4.237795465519216265e-01 1.124209180787571483e-01 4.396679731987915840e-01 5.849068292090999766e-01 3.217198100830926943e-01 7.574206118515808273e-01 4.315003215238835121e-01 9.305803035691532221e-01 3.318499586765090159e-01 6.142136569446410288e-01 2.039371752318029918e-01 5.065107850448206106e-01 5.852015579505557286e-01 3.690749666612460622e-01 6.560819082852227258e-01 0.000000000000000000e+00 5.405834246462402071e-01 1.557018880222195145e-01 6.730621175849010873e-01 7.142680840281714350e-01 2.579104678337700296e-01 5.677540082661354237e-01 4.522121058233793955e-01 4.640036080766315463e-01 5.827845697695022142e-01 5.515438436058501814e-01 6.376318328574698269e-01 7.332122624564522129e-01 5.792595228322712231e-01 7.274660040290428231e-01 4.712675426564542080e-01
6.531434003288667522e-01 3.489842944121160917e-01 4.836395481308342070e-01 5.749547040521629793e-01 3.009057911561607845e-02 1.196834629346652523e-01 4.160866095462919523e-01 1.376100464752590957e-01 6.070265119207126636e-01 6.225657609208048449e-01 3.658967932272181867e-01 5.474627941523817487e-01 4.865394370705977134e-01 6.049944082124312228e-01 5.774740305740582169e-01 2.609366296088471149e-01 5.837764777537173266e-01 4.105623849790257518e-01 5.416182032013059366e-01 5.405834246462402071e-01 0.000000000000000000e+00 6.714358543173497562e-01 4.363650312712006873e-01 3.251587838291353227e-01 9.869739597733189207e-01 3.759938515145373472e-01 5.873778298217857685e-01 6.249867369947044171e-01 2.250752119466936652e-01 5.396316726639545092e-01 8.628117927656364650e-01 3.860434010827330509e-01 6.980017819529541478e-01 4.786435198104405653e-01 3.392977266518244495e-01
2.774581302777562319e-01 1.379036968554968601e-01 2.504703522763473966e-01 7.686993266270085723e-01 3.154841865912485499e-01 6.165882776849959113e-01 4.344208319614052405e-01 1.971825146682452123e-01 7.735642806098894653e-01 7.794089251824598552e-02 7.872245586065063083e-01 4.440724801156659129e-01 1.494047969812424270e-01 5.802481031918234056e-01 1.337337451339691841e-01 8.471797940553043027e-01 5.376857841998585741e-01 8.086776576773240244e-01 6.685030271590841622e-01 1.557018880222195145e-01 6.714358543173497562e-01 0.000000000000000000e+00 5.423908910214902956e-01 7.259885922127427005e-01 3.636149860047449556e-01 4.457834072749270460e-01 7.023581251619098742e-01 6.520168920086095721e-01 1.873070340093370145e-01 2.947787588900748768e-01 4.816397967050014550e-01 7.210220672947003084e-01 4.420773079565806229e-01 3.047774082058261058e-01 8.636160865739486159e-01
6.306428437372347817e-01 5.699631331147853031e-01 4.185263667512671981e-01 2.702058031722907039e-01 5.157583349389320837e-01 7.203846780031581964e-01 1.936761552083540172e-01 3.585970849159371143e-01 1.320915662748224362e-01 5.306462200440782429e-01 8.521580695539032746e-01 5.276275639763938763e-01 6.156355756463375295e-01 5.531584189828995246e-01 6.885925559798611317e-01 5.186923725133485430e-02 2.579405816289958020e-01 4.791806992407109944e-01 4.803778892929227995e-01 6.730621175849010873e-01 4.363650312712006873e-01 5.423908910214902956e-01 0.000000000000000000e+00 3.648134267984003420e-01 5.177251862631437884e-01 4.465969606583907736e-01 3.236164824721216027e-01 4.509227187893348754e-01 6.572602009192708428e-01 5.277719482606922918e-01 6.538919573708452671e-01 2.463699572177640018e-01 5.426284590633669858e-01 2.388562697715607974e-01 6.831462400429125781e-01
7.571301747343341937e-01 5.296157367127130033e-01 4.088931877984286478e-01 3.558162237531532490e-01 2.619094763580667173e-01 4.926987554565787630e-01 4.688603254609216009e-01 3.251344649017722244e-01 7.079731399465916120e-01 8.822731553982419150e-01 3.121155643969474314e-01 7.328852753874488535e-01 4.810545550240754586e-01 5.554213722166631007e-01 7.115967967102388991e-01 7.912075537956811955e-01 9.007698764236813371e-01 7.040554008029972222e-01 3.639651262708458734e-01 7.142680840281714350e-01 3.251587838291353227e-01 7.259885922127427005e-01 3.648134267984003420e-01 0.000000000000000000e+00 2.347947819347520615e-01 2.775496521228872915e-01 4.959541946633589937e-01 4.294025510057290496e-01 7.232531950144985844e-01 4.072951395731756463e-01 5.259610268266825539e-01 1.168415230419225237e-01 5.848517357924127857e-01 5.052636307402735838e-01 5.267117272892715141e-01
5.496058746321040855e-01 5.069512189620730691e-01 5.971896752009282494e-01 1.908550134775390816e-01 3.099505889881224441e-01 4.013095132712375390e-01 3.003455590931369823e-01 4.779323469849385275e-01 6.679193660077310524e-01 2.957401972480100949e-01 4.038698959151257317e-01 2.612213539269593321e-01 7.842487676515773609e-01 2.566385799380672683e-01 1.604473933512367001e-01 3.206170034974658578e-01 4.610989663703113361e-01 7.550831363544681096e-01 8.178764855506619469e-01 2.579104678337700296e-01 9.869739597733189207e-01 3.636149860047449556e-01 5.177251862631437884e-01 2.347947819347520615e-01 0.000000000000000000e+00 4.201968700457092698e-01 7.586562500538929221e-02 6.731950473908407950e-01 6.492205776742889789e-01 5.195108302816243695e-01 6.349951482532263380e-01 4.220374796949314389e-01 5.194558969076601418e-01 1.791270625834143759e-01 5.739500403976429688e-01
2.850060892764880172e-01 9.544750255843938991e-01 5.001916689396324056e-01 4.242422117780326740e-01 4.735589359097420736e-01 5.941242746485699833e-01 7.402679598520724991e-01 4.284750615172115973e-01 8.315623528456721480e-01 6.892653643755268789e-01 4.426537879815550802e-01 2.942117347730693888e-01 6.126799314595825496e-01 5.645939453414761111e-01 1.821139293497459066e-01 2.687651171835998554e-01 7.151274616999072631e-01 4.423734112841436472e-01 5.930065322044942855e-01 5.677540082661354237e-01 3.759938515145373472e-01 4.457834072749270460e-01 4.465969606583907736e-01 2.775496521228872915e-01 4.201968700457092698e-01 0.000000000000000000e+00 7.195690413845265976e-01 7.364590304550402422e-01 7.685049035192842437e-01 6.024185003638236058e-01 3.400962432400022606e-01 4.797786893107115480e-01 7.638194565222115040e-01 8.200483992697489288e-01 8.472369953537701726e-01
4.819840852453332047e-01 8.174953871083849855e-01 4.714303333173417432e-01 7.267247373419170042e-01 1.950442764955754305e-01 6.236927685341064898e-01 7.919922179690170871e-01 9.045562982716071065e-01 3.269797075827651778e-01 3.828365733165033369e-01 3.963321825738020943e-01 5.959573479566082632e-01 9.081269568148702120e-01 4.861530000830062148e-01 2.163262961846292853e-01 5.610086853970934762e-01 2.594882057414623633e-01 2.531406485387149852e-01 8.716141773490119204e-01 4.522121058233793955e-01 5.873778298217857685e-01 7.023581251619098742e-01 3.236164824721216027e-01 4.959541946633589937e-01 7.586562500538929221e-02 7.195690413845265976e-01 0.000000000000000000e+00 4.546110015124532056e-01 2.146505630375057927e-01 5.923452236446395958e-01 1.141272543500337910e-01 5.462459934779400061e-01 6.568676149207474113e-01 9.621559573184896852e-01 5.924611201504680347e-01
5.700658171940398145e-01 8.351686163823208719e-01 1.729896066357848872e-01 2.711028379749019779e-01 5.212246815090886276e-01 5.611067469749182468e-01 4.861394808866781325e-01 5.364392756808520346e-01 4.873862622311029291e-01 5.759302705912294762e-01 2.670029471275515709e-01 3.273580714438348860e-01 6.823637670046007742e-01 5.817861342899146582e-01 4.487912551625812263e-01 3.633612013021269016e-01 5.898101244561888556e-01 3.275728419634694744e-01 4.495677977669199077e-01 4.640036080766315463e-01 6.249867369947044171e-01 6.520168920086095721e-01 4.509227187893348754e-01 4.294025510057290496e-01 6.731950473908407950e-01 7.364590304550402422e-01 4.546110015124532056e-01 0.000000000000000000e+00 4.244432217607891356e-01 3.031060182438773953e-01 4.701199743391670793e-01 3.024464841411480531e-01 3.843439461254374856e-01 2.924642646052649231e-01 1.862747006615994572e-01
8.238426032170325097e-01 7.743604501431924358e-01 8.660735772716124936e-01 4.560385931046857522e-01 4.221797461908631810e-01 6.378984464602703852e-01 2.966941301415678689e-01 7.144040963901459040e-01 5.167672073987912285e-01 6.626168120111806115e-01 5.453166586511920544e-01 1.361123209251556831e-01 1.021241422615559724e-01 5.005119190970401810e-01 5.121514252633445619e-01 3.703219472445783422e-01 5.754932087748030334e-01 5.947600958224866785e-01 4.970993323205122327e-01 5.827845697695022142e-01 2.250752119466936652e-01 1.873070340093370145e-01 6.572602009192708428e-01 7.232531950144985844e-01 6.492205776742889789e-01 7.685049035192842437e-01 2.146505630375057927e-01 4.244432217607891356e-01 0.000000000000000000e+00 7.271727563447436538e-01 7.482105070509690314e-01 3.437683023093474621e-01 5.142349200911650042e-01 5.538416782680612993e-01 3.979642762220338970e-01
2.382166634374153769e-01 7.648510113511735042e-01 5.141546327142439976e-01 5.678936366682900694e-01 6.789783433583237438e-01 5.790617018474193411e-01 4.384005336472727166e-01 4.402089032819771486e-01 6.942556218527149436e-01 8.603276155859718166e-01 3.120278281666930553e-01 6.667521148038095813e-01 5.411630178937989477e-01 6.805492725975067492e-01 8.632517422868288826e-01 4.000404880009766906e-01 8.211579557473134283e-01 6.785118583285063565e-01 5.319859310859713641e-01 5.515438436058501814e-01 5.396316726639545092e-01 2.947787588900748768e-01 5.277719482606922918e-01 4.072951395731756463e-01 5.195108302816243695e-01 6.024185003638236058e-01 5.923452236446395958e-01 3.031060182438773953e-01 7.271727563447436538e-01 0.000000000000000000e+00 8.856044796875883751e-02 6.481889498150135154e-01 1.892497204942844569e-01 2.459733238043020909e-01 8.182807189585973306e-01
6.877586580757168999e-01 5.449056602029345164e-01 8.417643828162887365e-01 7.778837044641477849e-01 5.848366897743286774e-01 3.377362618126846794e-01 3.748847658987471965e-01 6.703646063004027322e-01 8.207649314690337317e-01 9.184133230972588713e-01 5.896692977187016904e-01 3.897307224630565670e-01 3.635665630975192242e-01 8.757609295852764042e-01 4.178392254740265765e-01 8.510009636477164907e-01 8.465176632034576709e-01 3.859670149513753090e-01 1.499004033254665025e-01 6.376318328574698269e-01 8.628117927656364650e-01 4.816397967050014550e-01 6.538919573708452671e-01 5.259610268266825539e-01 6.349951482532263380e-01 3.400962432400022606e-01 1.141272543500337910e-01 4.701199743391670793e-01 7.482105070509690314e-01 8.856044796875883751e-02 0.000000000000000000e+00 5.392693489239084315e-01 3.005039649721973349e-01 3.076392274660929571e-01 3.299210962589290697e-01
7.130375499136245576e-01 6.386941349468721052e-01 3.167331924858939329e-01 2.609312262130182303e-01 4.716974098428750595e-01 6.178769721106520674e-01 4.122667558950082189e-01 6.184602289115100904e-01 4.380614846452021705e-01 4.629413093576848492e-01 4.920094608804698733e-01 2.699837585215549840e-01 2.125480433153436044e-01 1.225962554225140666e-01 5.624065987177386816e-01 3.371904639908366863e-01 3.719550942278637695e-01 5.720130867889698933e-01 1.324635371885923840e-01 7.332122624564522129e-01 3.860434010827330509e-01 7.210220672947003084e-01 2.463699572177640018e-01 1.168415230419225237e-01 4.220374796949314389e-01 4.797786893107115480e-01 5.462459934779400061e-01 3.024464841411480531e-01 3.437683023093474621e-01 6.481889498150135154e-01 5.392693489239084315e-01 0.000000000000000000e+00 6.275283932221550343e-01 4.605787257263537215e-01 6.039289417493124423e-01
6.610362399670317579e-01 6.775862530331752120e-01 3.390069021013082384e-01 3.159685249362731430e-01 3.320952461668011946e-01 3.530574223450614890e-01 4.807609383334138231e-01 1.828930667312776981e-01 1.519393159541942429e-01 3.653393463457456081e-01 2.695707955212772733e-01 8.112466453669864297e-01 5.655457630406046654e-02 4.662211689069359899e-01 1.218961622386558474e-01 1.872313460381845873e-01 6.777770638745278520e-01 5.303974597466145635e-01 6.412316310367508487e-01 5.792595228322712231e-01 6.980017819529541478e-01 4.420773079565806229e-01 5.426284590633669858e-01 5.848517357924127857e-01 5.194558969076601418e-01 7.638194565222115040e-01 6.568676149207474113e-01 3.843439461254374856e-01 5.142349200911650042e-01 1.892497204942844569e-01 3.005039649721973349e-01 6.275283932221550343e-01 0.000000000000000000e+00 4.809389606646137238e-01 2.217059278674262668e-01
5.700018290209858396e-01 5.778328236971308485e-02 4.174111400390602133e-01 3.048410138598603991e-01 4.486321091634474789e-01 7.189657827566507953e-01 6.459904518331278656e-01 5.468094324420540442e-01 1.828739475012582938e-01 8.578177318803605900e-01 4.738070702750238894e-01 4.882327414203023186e-01 8.596247248601158741e-01 2.647559513285377975e-01 7.395739587425660400e-01 5.297811184264281659e-01 6.627979284959837347e-01 5.280800436772840056e-01 5.795699713031264855e-01 7.274660040290428231e-01 4.786435198104405653e-01 3.047774082058261058e-01 2.388562697715607974e-01 5.052636307402735838e-01 1.791270625834143759e-01 8.200483992697489288e-01 9.621559573184896852e-01 2.924642646052649231e-01 5.538416782680612993e-01 2.459733238043020909e-01 3.076392274660929571e-01 4.605787257263537215e-01 4.809389606646137238e-01 0.000000000000000000e+00 7.530974045554683638e-01
3.465691020973785674e-01 7.721238375539560828e-01 1.549250835256157921e-01 2.288283672657984713e-01 7.508104350970621343e-01 7.111192749399242174e-01 5.634176357807997304e-01 3.912785090597028503e-01 2.041244952346509267e-01 2.861691644663783007e-01 5.002242682311091038e-01 6.131048339849001216e-01 5.657115109593193747e-01 5.246572451938635862e-01 7.221473843522738800e-01 7.604305281489681656e-01 2.508521299869601595e-01 6.522215871038370416e-01 7.611384813489079360e-01 4.712675426564542080e-01 3.392977266518244495e-01 8.636160865739486159e-01 6.831462400429125781e-01 5.267117272892715141e-01 5.739500403976429688e-01 8.472369953537701726e-01 5.924611201504680347e-01 1.862747006615994572e-01 3.979642762220338970e-01 8.182807189585973306e-01 3.299210962589290697e-01 6.039289417493124423e-01 2.217059278674262668e-01 7.530974045554683638e-01 0.000000000000000000e+00
