0.000000000000000000e+00 6.113135803843534610e-01 6.342364045073997092e-01 8.365437310373500246e-01 5.341944735912369513e-01 5.104734348485532314e-01 5.736652982253727107e-01 2.164278150319820515e-01 4.603119502859615575e-01 3.280831176976410912e-01 8.535324539303436042e-01 4.561815414710523875e-01 1.902419519649480861e-01 5.161423373853384344e-01 3.636733829955249853e-01 1.824840291991405294e-01 5.011752758316146972e-01 7.579042936452212720e-01 2.468585223372505855e-01 6.220693461678625802e-01 1.157494249131787445e-01 3.160354789431851774e-01 2.048197959197161633e-01 4.307651991052752760e-01 6.089606587941560623e-01 8.361143089668661155e-01 7.794628538969444742e-01 3.369527999837640952e-01 4.822626250662790381e-01 1.932122431099685400e-01 6.691468598593259820e-01 3.170567153444314168e-01 5.492053078538401412e-01 7.353322333335259309e-01 7.011960945540575141e-01
6.113135803843534610e-01 0.000000000000000000e+00 4.126495681747484601e-01 3.229606336384512888e-01 5.016510341589921484e-01 7.524286513708577928e-01 7.110177938878374793e-01 4.935936207116445873e-01 8.296655316395025181e-01 6.369905926816665787e-01 1.466725215450882525e-01 3.509669541310082574e-01 7.004912943810945869e-01 4.724791900022239366e-01 8.075428597429176181e-01 7.766934005201828750e-01 1.815205690587938792e-01 8.703814392917269549e-02 2.312735610213152437e-01 3.324653994202345642e-01 4.719257306567552490e-01 6.832924040009730193e-01 1.012286832051236818e-01 6.751271021776414916e-01 6.252361229493925698e-01 3.656476377219513574e-01 4.212379201978058707e-01 2.333404000729117911e-01 5.010312850980743749e-01 7.525761676721205440e-01 4.407145929153975517e-01 4.450338974004821035e-01 6.184719020837943226e-01 3.708537375747813503e-01 3.351745533245181763e-01
6.342364045073997092e-01 4.126495681747484601e-01 0.000000000000000000e+00 3.140524829600485623e-01 5.699179944613288473e-01 5.562118698453346610e-01 3.420528907820282738e-01 5.338567277912072973e-01 3.146004801577866328e-01 2.868156449188214996e-01 7.299253277502804060e-02 3.012560355857680783e-01 4.304969633815615149e-01 5.553593241136934866e-01 6.984060670900432699e-01 7.649844169901576230e-01 7.992999633993111974e-01 3.509705040618897876e-01 9.487556422353355945e-01 7.048281754588756609e-01 1.339788547243729866e-01 1.983269348999689985e-01 5.560403424224038549e-01 8.970683795387177639e-01 5.900801611374479894e-01 6.435715975465383654e-01 4.972961715172378727e-01 9.468052750871351897e-01 6.167400287698893147e-01 6.259229392842102779e-01 4.108158340501932848e-01 1.173779933922449725e-01 8.686322648160029747e-01 3.680057305105179921e-01 5.827177680491884004e-01
8.365437310373500246e-01 3.229606336384512888e-01 3.140524829600485623e-01 0.000000000000000000e+00 5.168693970180249231e-01 5.876855682493974387e-01 7.011060407414684281e-01 4.410375267554736967e-01 5.805118826501771689e-01 7.401996367245742281e-01 5.211423391790095394e-01 6.498150601017537165e-01 4.765369132671219976e-01 8.812204670591591293e-01 7.587583330571899820e-01 7.877352551366698652e-01 5.841177638747876433e-01 7.271052624582791113e-01 5.885872678965692328e-01 2.007309628487456976e-01 3.349252447385207554e-01 5.168304469515393462e-01 1.443984463531393647e-01 7.710643632491579469e-01 1.958005270175859902e-01 4.340652236952947662e-01 7.054327206297787978e-01 4.237730172045726107e-01 3.784837930812587903e-01 1.831051559051242172e-01 1.380115180146175291e-01 5.938025229958567852e-01 6.565860710080194673e-01 5.259934745649335053e-01 8.233304300075858784e-01
5.341944735912369513e-01 5.016510341589921484e-01 5.699179944613288473e-01 5.168693970180249231e-01 0.000000000000000000e+00 5.141390012653006547e-01 4.642374055992007920e-01 8.441655302927497662e-02 3.107492741310646234e-01 3.385902946406375014e-01 7.443424242243498190e-01 5.330222294300566155e-01 3.374509629643953068e-01 2.992294731656970352e-01 3.814661168987519280e-01 2.984656186451385418e-01 2.641176364879452843e-01 3.810379278464188779e-01 5.271830580983609682e-01 5.583254353395871172e-01 1.198772842660212889e-01 3.258724587143391194e-01 5.180627673525328714e-01 8.450275133641693692e-02 8.678991369575175252e-01 6.298654864643904450e-02 5.048549200630525480e-01 4.826679904569204371e-01 2.317056597158317355e-01 4.996907350595969355e-01 5.909682613468654200e-01 4.674144442938913402e-01 6.043043662537208593e-01 6.845418734606053546e-01 6.043045011499541541e-01
5.104734348485532314e-01 7.524286513708577928e-01 5.562118698453346610e-01 5.876855682493974387e-01 5.141390012653006547e-01 0.000000000000000000e+00 2.939657773323328671e-01 4.895451170377100869e-01 6.452708864540165346e-01 5.180288998758320052e-01 2.589480820682952267e-01 4.196545402374940448e-01 9.612551105534854479e-01 5.226393334997517792e-01 1.625108103573116303e-01 1.904460449054927729e-01 6.330941920911516974e-01 4.672003146004470309e-01 2.228240601681340527e-01 8.394393501053833972e-01 1.102942819598520807e-01 5.010795036204056530e-01 3.839232924296237526e-01 5.720220382484824118e-01 6.783759301871103986e-01 1.917546116895670338e-01 4.122304235503895797e-01 8.324478393227832118e-01 7.442703567851214341e-01 2.370521789766992238e-01 6.541705166556661677e-01 9.305359829192633159e-01 6.512834767457601481e-01 6.102757329990774471e-01 7.566177653810923776e-02
5.736652982253727107e-01 7.110177938878374793e-01 3.420528907820282738e-01 7.011060407414684281e-01 4.642374055992007920e-01 2.939657773323328671e-01 0.000000000000000000e+00 5.653659957133921887e-01 8.758880683666767641e-01 8.166432268536217842e-01 4.274261008061213118e-01 2.931831604138340763e-01 6.810756364991847889e-01 5.282237375734255558e-01 4.603610187417446209e-01 6.875400645462281801e-01 1.484040848370483667e-01 9.141634343016407094e-01 4.160493453479320314e-01 8.907320395512809963e-01 4.826919445460483571e-01 3.428693840986283270e-01 6.897906633604757864e-01 5.911684220031698800e-01 8.879764770361163739e-01 7.837408495203830316e-01 2.786905363670904023e-01 4.955240702635881900e-01 4.543634034512054054e-01 4.807394405172479845e-01 5.874653644107661332e-01 2.707842058540858576e-01 4.258282143979141288e-01 7.703741325471691326e-02 6.060554111460020321e-01
2.164278150319820515e-01 4.935936207116445873e-01 5.338567277912072973e-01 4.410375267554736967e-01 8.441655302927497662e-02 4.895451170377100869e-01 5.653659957133921887e-01 0.000000000000000000e+00 7.021845116248399687e-01 6.081093108674757719e-01 7.794254667923559143e-01 2.332696298872675156e-01 3.913294693802533697e-01 5.536786857374709214e-01 5.600001263423631803e-01 3.738362954929167481e-01 1.820763334327787364e-01 3.427023983766813719e-01 3.122041090445564215e-01 7.351255583904161561e-01 2.954438034064376106e-01 1.720299276401252020e-01 5.132390110573959996e-01 8.576328871019429645e-01 7.944816962695624429e-01 4.722804369350655507e-01 3.068229310270891297e-01 8.299162555697585653e-01 5.719917955051974090e-01 3.555621660940510020e-01 5.494355066847462776e-01 4.941914387195065483e-01 9.034294768116746255e-01 4.825136305310976370e-01 6.045613312681979989e-01
4.603119502859615575e-01 8.296655316395025181e-01 3.146004801577866328e-01 5.805118826501771689e-01 3.107492741310646234e-01 6.452708864540165346e-01 8.758880683666767641e-01 7.021845116248399687e-01 0.000000000000000000e+00 5.577870243846235754e-01 7.419831214811491993e-01 8.674340511946951882e-01 7.856472217613860165e-01 5.235884575214345693e-01 2.222570889218242751e-01 6.898004632928798063e-01 3.337719498257013528e-01 7.248122984519502765e-01 7.023384983875238241e-01 3.038184537876140734e-01 1.477731761040823599e-01 2.719954732733420588e-01 6.183617801145100401e-01 6.246953143023308286e-01 2.240462896326309017e-01 6.739961005113310755e-01 9.044838192558495304e-01 2.611712990052353911e-01 6.026892399066686723e-01 3.832484162632937563e-01 5.785582963217368313e-01 3.856493872528156119e-01 5.039570939726512044e-01 5.542295022216954248e-01 1.553906613889368682e-01
3.280831176976410912e-01 6.369905926816665787e-01 2.868156449188214996e-01 7.401996367245742281e-01 3.385902946406375014e-01 5.180288998758320052e-01 8.166432268536217842e-01 6.081093108674757719e-01 5.577870243846235754e-01 0.000000000000000000e+00 4.775560477958618044e-01 6.544568100346541684e-01 6.610117084456574865e-01 5.096222675114375766e-01 5.746497230249953958e-01 5.097714970477789098e-01 2.375005403618701827e-01 4.688275493172153752e-01 3.723122663108712205e-01 6.080558319012051571e-01 2.767600414369449924e-01 3.947996548517549442e-01 9.138884922285470669e-01 5.523491825162252233e-01 4.523381467462082028e-01 6.505879757161978638e-01 4.657665911426590588e-01 4.093686846856873784e-01 6.494711850733370095e-01 4.787541787746747990e-01 3.163193865688278539e-01 7.005095756490721248e-01 2.444240535975426010e-01 5.035967238149501313e-01 4.467570298550314067e-01
8.535324539303436042e-01 1.466725215450882525e-01 7.299253277502804060e-02 5.211423391790095394e-01 7.443424242243498190e-01 2.589480820682952267e-01 4.274261008061213118e-01 7.794254667923559143e-01 7.419831214811491993e-01 4.775560477958618044e-01 0.000000000000000000e+00 7.486600788504300663e-01 8.478665022546241214e-01 2.603141606482168857e-01 2.121387934598933378e-01 2.296517596272207307e-01 6.356355424327785331e-01 4.574537593523966272e-01 9.217766018814941287e-01 4.833332382309175612e-01 7.601760212659727234e-01 1.672965915981612373e-01 8.783565738483236629e-01 7.479419382011016637e-01 2.470721061113301253e-01 4.922065430351693638e-01 4.765624908972135310e-01 4.768533268701224404e-01 5.867729644027196434e-01 5.692609980033613848e-01 4.246908437303453798e-01 6.013109737356643336e-01 1.412536456995447942e-01 2.206145346321949363e-01 6.395518238140107670e-01
4.561815414710523875e-01 3.509669541310082574e-01 3.012560355857680783e-01 6.498150601017537165e-01 5.330222294300566155e-01 4.196545402374940448e-01 2.931831604138340763e-01 2.332696298872675156e-01 8.674340511946951882e-01 6.544568100346541684e-01 7.486600788504300663e-01 0.000000000000000000e+00 4.506734044714738596e-01 5.805851514775453026e-01 8.003833601423655519e-01 7.645795519715525845e-01 8.442406561931256048e-01 4.422973242905092750e-01 4.840313251759528757e-01 3.952932949358139991e-01 4.063115760888243999e-01 4.234335819876964280e-01 8.492491676934704747e-01 8.390822833137414616e-01 8.002040706528967817e-01 1.456426399522157134e-01 5.904815031433952033e-01 8.454879414383849046e-01 4.494167914687053900e-01 5.288709155469348833e-01 3.532661290390992082e-01 2.128964346788753126e-02 4.329166733363267183e-01 4.477088100111389357e-01 1.282177239095254606e-01
1.902419519649480861e-01 7.004912943810945869e-01 4.304969633815615149e-01 4.765369132671219976e-01 3.374509629643953068e-01 9.612551105534854479e-01 6.810756364991847889e-01 3.913294693802533697e-01 7.856472217613860165e-01 6.610117084456574865e-01 8.478665022546241214e-01 4.506734044714738596e-01 0.000000000000000000e+00 3.088543892813243597e-01 3.134274959963854190e-01 6.593018352178632302e-01 5.721463225638252492e-01 6.360940307303513119e-01 7.071258115959169199e-01 4.151089268214954719e-01 2.258748017481644887e-01 6.034427900695237268e-01 5.676174940951130843e-01 7.917859700559095604e-01 9.069419812587441454e-01 5.455061613860308078e-01 7.885522463707982377e-01 1.589952298976108347e-01 3.327560172876493638e-01 8.600527955913939149e-01 6.384614064891920293e-01 7.571715007462183067e-01 4.135340083111495035e-01 7.320486753704591454e-01 4.865310219553093396e-01
5.161423373853384344e-01 4.724791900022239366e-01 5.553593241136934866e-01 8.812204670591591293e-01 2.992294731656970352e-01 5.226393334997517792e-01 5.282237375734255558e-01 5.536786857374709214e-01 5.235884575214345693e-01 5.096222675114375766e-01 2.603141606482168857e-01 5.805851514775453026e-01 3.088543892813243597e-01 0.000000000000000000e+00 6.018120440373966318e-01 6.830772398769465736e-01 4.226134958391163376e-01 7.244987646033682616e-01 8.881361326418454327e-01 8.890481511847205809e-01 7.131232516138360511e-01 5.617571606659021999e-01 6.553416456090225273e-01 5.328444053646821388e-01 2.407800568682358922e-01 6.847702153633025146e-01 4.535959126928809648e-01 3.332780570509037976e-01 6.074290554776936579e-01 7.136261625499551453e-01 9.852037628537591019e-02 3.681318255848842202e-01 7.015166041866599533e-02 4.450106222294292202e-01 1.128556618086520302e-01
3.636733829955249853e-01 8.075428597429176181e-01 6.984060670900432699e-01 7.587583330571899820e-01 3.814661168987519280e-01 1.625108103573116303e-01 4.603610187417446209e-01 5.600001263423631803e-01 2.222570889218242751e-01 5.746497230249953958e-01 2.121387934598933378e-01 8.003833601423655519e-01 3.134274959963854190e-01 6.018120440373966318e-01 0.000000000000000000e+00 4.984841376145110470e-01 7.010030688602432170e-01 6.213297579516124935e-01 4.532722000580164945e-01 4.670565125986754773e-01 2.814421510065255871e-01 3.758722983959008057e-01 4.423559094921356016e-01 5.521394973068863843e-01 7.059021209905802507e-02 1.766321432654333057e-01 4.103469399736047185e-01 5.064203021061507437e-01 8.201698190179076420e-01 2.779738105879847598e-01 6.825330419461075326e-01 5.700320797737374878e-01 3.711609537240294632e-01 9.462145019572288929e-01 6.191591143270968045e-01
1.824840291991405294e-01 7.766934005201828750e-01 7.649844169901576230e-01 7.877352551366698652e-01 2.984656186451385418e-01 1.904460449054927729e-01 6.875400645462281801e-01 3.738362954929167481e-01 6.898004632928798063e-01 5.097714970477789098e-01 2.296517596272207307e-01 7.645795519715525845e-01 6.593018352178632302e-01 6.830772398769465736e-01 4.984841376145110470e-01 0.000000000000000000e+00 5.332117647268653782e-01 1.796402213876071574e-01 4.460015533652706421e-01 1.752655713935047377e-01 1.874735955056799352e-01 1.063221476421193357e-01 6.913365866204123078e-01 5.840121783425983315e-01 5.588980484765460055e-01 8.108415247888816069e-01 6.932689422166919968e-01 3.117281201582298156e-01 4.479141135365030113e-01 4.179231100812852429e-01 5.976834596757669704e-01 5.815054328519284610e-01 5.799618105659635203e-01 8.453899046045968424e-01 7.686851662485707504e-01
5.011752758316146972e-01 1.815205690587938792e-01 7.992999633993111974e-01 5.841177638747876433e-01 2.641176364879452843e-01 6.330941920911516974e-01 1.484040848370483667e-01 1.820763334327787364e-01 3.337719498257013528e-01 2.375005403618701827e-01 6.356355424327785331e-01 8.442406561931256048e-01 5.721463225638252492e-01 4.226134958391163376e-01 7.010030688602432170e-01 5.332117647268653782e-01 0.000000000000000000e+00 3.268700608080583603e-01 5.880638627033655252e-01 5.843754342084700459e-01 2.199878559841400572e-01 5.714897511340740754e-01 7.310445785146052478e-01 2.992103541221728946e-01 2.759102934129804563e-01 4.629435921290841471e-01 6.980313814359706548e-01 7.041616079925266947e-01 4.573539381393100234e-01 4.158486736434362507e-01 6.939144372811704153e-01 1.917120317690651499e-01 2.330741817956478723e-01 4.862626999555607066e-01 3.320357172412343738e-01
7.579042936452212720e-01 8.703814392917269549e-02 3.509705040618897876e-01 7.271052624582791113e-01 3.810379278464188779e-01 4.672003146004470309e-01 9.141634343016407094e-01 3.427023983766813719e-01 7.248122984519502765e-01 4.688275493172153752e-01 4.574537593523966272e-01 4.422973242905092750e-01 6.360940307303513119e-01 7.244987646033682616e-01 6.213297579516124935e-01 1.796402213876071574e-01 3.268700608080583603e-01 0.000000000000000000e+00 6.296231456757763745e-01 7.960985806018591182e-01 3.898970623124423662e-01 6.688031824939695280e-01 6.736809185445009618e-01 5.123538099133468915e-01 9.268778359592177996e-01 5.233658052216325629e-01 3.419087273372823921e-01 6.848274325131002982e-01 2.083489587865005044e-01 4.396393653403684043e-01 9.315457646609672793e-01 7.241314208189243429e-01 7.185444179891666838e-01 4.999897297415588637e-01 4.279898124204262744e-01
2.468585223372505855e-01 2.312735610213152437e-01 9.487556422353355945e-01 5.885872678965692328e-01 5.271830580983609682e-01 2.228240601681340527e-01 4.160493453479320314e-01 3.122041090445564215e-01 7.023384983875238241e-01 3.723122663108712205e-01 9.217766018814941287e-01 4.840313251759528757e-01 7.071258115959169199e-01 8.881361326418454327e-01 4.532722000580164945e-01 4.460015533652706421e-01 5.880638627033655252e-01 6.296231456757763745e-01 0.000000000000000000e+00 9.688437162326914986e-01 5.121933051977980433e-01 2.028316124807039156e-01 5.640583905118252694e-01 7.010970825948840135e-01 6.972797782880845174e-01 6.696852938751985951e-01 8.427692488374733948e-01 2.692701830007986352e-01 7.692772325462351457e-01 3.884777944348631884e-01 6.331185983237597181e-02 3.146813819923950373e-01 7.531091046213403972e-01 6.927817870827244207e-01 2.811280763508046121e-01
6.220693461678625802e-01 3.324653994202345642e-01 7.048281754588756609e-01 2.007309628487456976e-01 5.583254353395871172e-01 8.394393501053833972e-01 8.907320395512809963e-01 7.351255583904161561e-01 3.038184537876140734e-01 6.080558319012051571e-01 4.833332382309175612e-01 3.952932949358139991e-01 4.151089268214954719e-01 8.890481511847205809e-01 4.670565125986754773e-01 1.752655713935047377e-01 5.843754342084700459e-01 7.960985806018591182e-01 9.688437162326914986e-01 0.000000000000000000e+00 3.335291010474106255e-01 7.063081648562472559e-01 6.289961702209545535e-01 4.431127778039652965e-01 7.867944431604030342e-01 4.867136641757321969e-01 7.535528228735990375e-01 2.659717817328227651e-01 7.476463938290474065e-01 7.983737367848348088e-01 4.951819961494626776e-01 5.280626559098411388e-01 4.626951251874303339e-01 7.315107654341088672e-01 1.257923886377455558e-01
1.157494249131787445e-01 4.719257306567552490e-01 1.339788547243729866e-01 3.349252447385207554e-01 1.198772842660212889e-01 1.102942819598520807e-01 4.826919445460483571e-01 2.954438034064376106e-01 1.477731761040823599e-01 2.767600414369449924e-01 7.601760212659727234e-01 4.063115760888243999e-01 2.258748017481644887e-01 7.131232516138360511e-01 2.814421510065255871e-01 1.874735955056799352e-01 2.199878559841400572e-01 3.898970623124423662e-01 5.121933051977980433e-01 3.335291010474106255e-01 0.000000000000000000e+00 6.810797297624332503e-01 1.981446070149261995e-02 5.524119504719551266e-01 6.899394425617018101e-01 5.733009141094389527e-01 6.828218750232639689e-01 3.256188201483232181e-01 6.746724117348579242e-01 9.405476508638594968e-01 8.624138116532931164e-01 4.759643800220975107e-01 7.019542180181168600e-01 2.613105905381792882e-01 4.280338057951058595e-01
3.160354789431851774e-01 6.832924040009730193e-01 1.983269348999689985e-01 5.168304469515393462e-01 3.258724587143391194e-01 5.010795036204056530e-01 3.428693840986283270e-01 1.720299276401252020e-01 2.719954732733420588e-01 3.947996548517549442e-01 1.672965915981612373e-01 4.234335819876964280e-01 6.034427900695237268e-01 5.617571606659021999e-01 3.758722983959008057e-01 1.063221476421193357e-01 5.714897511340740754e-01 6.688031824939695280e-01 2.028316124807039156e-01 7.063081648562472559e-01 6.810797297624332503e-01 0.000000000000000000e+00 5.170378189592161888e-01 5.038166332874705056e-01 7.660397592267963462e-01 4.313437762818778110e-01 5.028727378453045072e-01 3.621656590913352458e-01 2.063538974965830608e-01 2.903926953773295905e-01 4.220296006041506232e-01 8.712553246251186767e-01 6.796270012596061783e-01 5.281506898478133261e-01 5.048266014708853167e-01
2.048197959197161633e-01 1.012286832051236818e-01 5.560403424224038549e-01 1.443984463531393647e-01 5.180627673525328714e-01 3.839232924296237526e-01 6.897906633604757864e-01 5.132390110573959996e-01 6.183617801145100401e-01 9.138884922285470669e-01 8.783565738483236629e-01 8.492491676934704747e-01 5.676174940951130843e-01 6.553416456090225273e-01 4.423559094921356016e-01 6.913365866204123078e-01 7.310445785146052478e-01 6.736809185445009618e-01 5.640583905118252694e-01 6.289961702209545535e-01 1.981446070149261995e-02 5.170378189592161888e-01 0.000000000000000000e+00 4.951750237407017696e-01 2.786691621043140277e-01 6.617037435215109564e-01 2.711263385458120290e-01 3.439347601654038633e-01 2.243191170683188629e-01 2.496825438525429597e-02 1.772513638700964345e-01 5.476940409722992342e-01 4.909387385869680709e-01 5.304085129961657596e-01 2.610025263757548841e-01
4.307651991052752760e-01 6.751271021776414916e-01 8.970683795387177639e-01 7.710643632491579469e-01 8.450275133641693692e-02 5.720220382484824118e-01 5.911684220031698800e-01 8.576328871019429645e-01 6.246953143023308286e-01 5.523491825162252233e-01 7.479419382011016637e-01 8.390822833137414616e-01 7.917859700559095604e-01 5.328444053646821388e-01 5.521394973068863843e-01 5.840121783425983315e-01 2.992103541221728946e-01 5.123538099133468915e-01 7.010970825948840135e-01 4.431127778039652965e-01 5.524119504719551266e-01 5.038166332874705056e-01 4.951750237407017696e-01 0.000000000000000000e+00 4.709666937465847858e-01 6.946538715918916251e-01 9.333674490424088699e-01 1.683275317262336035e-01 4.050375856035264288e-01 4.060256942213822384e-01 3.296849631976929706e-01 6.284135273910815833e-01 5.884038077419810886e-01 8.171393325318128120e-01 5.834645202682340326e-01
6.089606587941560623e-01 6.252361229493925698e-01 5.900801611374479894e-01 1.958005270175859902e-01 8.678991369575175252e-01 6.783759301871103986e-01 8.879764770361163739e-01 7.944816962695624429e-01 2.240462896326309017e-01 4.523381467462082028e-01 2.470721061113301253e-01 8.002040706528967817e-01 9.069419812587441454e-01 2.407800568682358922e-01 7.059021209905802507e-02 5.588980484765460055e-01 2.759102934129804563e-01 9.268778359592177996e-01 6.972797782880845174e-01 7.867944431604030342e-01 6.899394425617018101e-01 7.660397592267963462e-01 2.786691621043140277e-01 4.709666937465847858e-01 0.000000000000000000e+00 7.071867922900012537e-01 7.300958880705168408e-01 3.217096417276132936e-01 3.627301243447821344e-01 5.816760127815446824e-01 5.056478397449213347e-01 5.229767611572144759e-01 3.712427343806056212e-01 4.755803452476452531e-01 4.502186591330354926e-01
8.361143089668661155e-01 3.656476377219513574e-01 6.435715975465383654e-01 4.340652236952947662e-01 6.298654864643904450e-02 1.917546116895670338e-01 7.837408495203830316e-01 4.722804369350655507e-01 6.739961005113310755e-01 6.505879757161978638e-01 4.922065430351693638e-01 1.456426399522157134e-01 5.455061613860308078e-01 6.847702153633025146e-01 1.766321432654333057e-01 8.108415247888816069e-01 4.629435921290841471e-01 5.233658052216325629e-01 6.696852938751985951e-01 4.867136641757321969e-01 5.733009141094389527e-01 4.313437762818778110e-01 6.617037435215109564e-01 6.946538715918916251e-01 7.071867922900012537e-01 0.000000000000000000e+00 3.246759774902999163e-01 2.117550863243014003e-01 6.791289945263465633e-01 1.777759773286912148e-01 8.287543708570179746e-01 7.451123328936123391e-01 2.655282395180778021e-01 2.680943795584477263e-01 3.527292557041049603e-01
7.794628538969444742e-01 4.212379201978058707e-01 4.972961715172378727e-01 7.054327206297787978e-01 5.048549200630525480e-01 4.122304235503895797e-01 2.786905363670904023e-01 3.068229310270891297e-01 9.044838192558495304e-01 4.657665911426590588e-01 4.765624908972135310e-01 5.904815031433952033e-01 7.885522463707982377e-01 4.535959126928809648e-01 4.103469399736047185e-01 6.932689422166919968e-01 6.980313814359706548e-01 3.419087273372823921e-01 8.427692488374733948e-01 7.535528228735990375e-01 6.828218750232639689e-01 5.028727378453045072e-01 2.711263385458120290e-01 9.333674490424088699e-01 7.300958880705168408e-01 3.246759774902999163e-01 0.000000000000000000e+00 9.005131861623485445e-01 9.227233135199663927e-02 5.796491642940946321e-01 1.210316377937069587e-01 5.937912544871188913e-01 2.831553366735787280e-01 6.478833620349602196e-01 7.794612258428558205e-01
3.369527999837640952e-01 2.333404000729117911e-01 9.468052750871351897e-01 4.237730172045726107e-01 4.826679904569204371e-01 8.324478393227832118e-01 4.955240702635881900e-01 8.299162555697585653e-01 2.611712990052353911e-01 4.093686846856873784e-01 4.768533268701224404e-01 8.454879414383849046e-01 1.589952298976108347e-01 3.332780570509037976e-01 5.064203021061507437e-01 3.117281201582298156e-01 7.041616079925266947e-01 6.848274325131002982e-01 2.692701830007986352e-01 2.659717817328227651e-01 3.256188201483232181e-01 3.621656590913352458e-01 3.439347601654038633e-01 1.683275317262336035e-01 3.217096417276132936e-01 2.117550863243014003e-01 9.005131861623485445e-01 0.000000000000000000e+00 5.662997313310293990e-01 1.421597785715457141e-01 2.719273148593479572e-01 8.202266473431436555e-01 8.652488192291917235e-01 3.040251472457196069e-01 5.994265448836996191e-01
4.822626250662790381e-01 5.010312850980743749e-01 6.167400287698893147e-01 3.784837930812587903e-01 2.317056597158317355e-01 7.442703567851214341e-01 4.543634034512054054e-01 5.719917955051974090e-01 6.026892399066686723e-01 6.494711850733370095e-01 5.867729644027196434e-01 4.494167914687053900e-01 3.327560172876493638e-01 6.074290554776936579e-01 8.201698190179076420e-01 4.479141135365030113e-01 4.573539381393100234e-01 2.083489587865005044e-01 7.692772325462351457e-01 7.476463938290474065e-01 6.746724117348579242e-01 2.063538974965830608e-01 2.243191170683188629e-01 4.050375856035264288e-01 3.627301243447821344e-01 6.791289945263465633e-01 9.227233135199663927e-02 5.662997313310293990e-01 0.000000000000000000e+00 3.473156281389346844e-01 5.218335096216497604e-01 9.106911135467375962e-01 2.236452713408336734e-01 4.360705334836729730e-01 4.293008409254510660e-01
1.932122431099685400e-01 7.525761676721205440e-01 6.259229392842102779e-01 1.831051559051242172e-01 4.996907350595969355e-01 2.370521789766992238e-01 4.807394405172479845e-01 3.555621660940510020e-01 3.832484162632937563e-01 4.787541787746747990e-01 5.692609980033613848e-01 5.288709155469348833e-01 8.600527955913939149e-01 7.136261625499551453e-01 2.779738105879847598e-01 4.179231100812852429e-01 4.158486736434362507e-01 4.396393653403684043e-01 3.884777944348631884e-01 7.983737367848348088e-01 9.405476508638594968e-01 2.903926953773295905e-01 2.496825438525429597e-02 4.060256942213822384e-01 5.816760127815446824e-01 1.777759773286912148e-01 5.796491642940946321e-01 1.421597785715457141e-01 3.473156281389346844e-01 0.000000000000000000e+00 2.316749089208817725e-01 4.179593251165834022e-01 6.822163181441470714e-01 2.514629543492617469e-01 5.632454756028117959e-01
6.691468598593259820e-01 4.407145929153975517e-01 4.108158340501932848e-01 1.380115180146175291e-01 5.909682613468654200e-01 6.541705166556661677e-01 5.874653644107661332e-01 5.494355066847462776e-01 5.785582963217368313e-01 3.163193865688278539e-01 4.246908437303453798e-01 3.532661290390992082e-01 6.384614064891920293e-01 9.852037628537591019e-02 6.825330419461075326e-01 5.976834596757669704e-01 6.939144372811704153e-01 9.315457646609672793e-01 6.331185983237597181e-02 4.951819961494626776e-01 8.624138116532931164e-01 4.220296006041506232e-01 1.772513638700964345e-01 3.296849631976929706e-01 5.056478397449213347e-01 8.287543708570179746e-01 1.210316377937069587e-01 2.719273148593479572e-01 5.218335096216497604e-01 2.316749089208817725e-01 0.000000000000000000e+00 8.549903428580227782e-01 7.002181248754711929e-01 5.145038507964804220e-01 4.511814987768608121e-01
3.170567153444314168e-01 4.450338974004821035e-01 1.173779933922449725e-01 5.938025229958567852e-01 4.674144442938913402e-01 9.305359829192633159e-01 2.707842058540858576e-01 4.941914387195065483e-01 3.856493872528156119e-01 7.005095756490721248e-01 6.013109737356643336e-01 2.128964346788753126e-02 7.571715007462183067e-01 3.681318255848842202e-01 5.700320797737374878e-01 5.815054328519284610e-01 1.917120317690651499e-01 7.241314208189243429e-01 3.146813819923950373e-01 5.280626559098411388e-01 4.759643800220975107e-01 8.712553246251186767e-01 5.476940409722992342e-01 6.284135273910815833e-01 5.229767611572144759e-01 7.451123328936123391e-01 5.937912544871188913e-01 8.202266473431436555e-01 9.106911135467375962e-01 4.179593251165834022e-01 8.549903428580227782e-01 0.000000000000000000e+00 4.159564323902321670e-01 7.446771946796078012e-01 4.268025230860671426e-01
5.492053078538401412e-01 6.184719020837943226e-01 8.686322648160029747e-01 6.565860710080194673e-01 6.043043662537208593e-01 6.512834767457601481e-01 4.258282143979141288e-01 9.034294768116746255e-01 5.039570939726512044e-01 2.444240535975426010e-01 1.412536456995447942e-01 4.329166733363267183e-01 4.135340083111495035e-01 7.015166041866599533e-02 3.711609537240294632e-01 5.799618105659635203e-01 2.330741817956478723e-01 7.185444179891666838e-01 7.531091046213403972e-01 4.626951251874303339e-01 7.019542180181168600e-01 6.796270012596061783e-01 4.909387385869680709e-01 5.884038077419810886e-01 3.712427343806056212e-01 2.655282395180778021e-01 2.831553366735787280e-01 8.652488192291917235e-01 2.236452713408336734e-01 6.822163181441470714e-01 7.002181248754711929e-01 4.159564323902321670e-01 0.000000000000000000e+00 3.753706319074916475e-01 2.349938570411067018e-01
7.353322333335259309e-01 3.708537375747813503e-01 3.680057305105179921e-01 5.259934745649335053e-01 6.845418734606053546e-01 6.102757329990774471e-01 7.703741325471691326e-02 4.825136305310976370e-01 5.542295022216954248e-01 5.035967238149501313e-01 2.206145346321949363e-01 4.477088100111389357e-01 7.320486753704591454e-01 4.450106222294292202e-01 9.462145019572288929e-01 8.453899046045968424e-01 4.862626999555607066e-01 4.999897297415588637e-01 6.927817870827244207e-01 7.315107654341088672e-01 2.613105905381792882e-01 5.281506898478133261e-01 5.304085129961657596e-01 8.171393325318128120e-01 4.755803452476452531e-01 2.680943795584477263e-01 6.478833620349602196e-01 3.040251472457196069e-01 4.360705334836729730e-01 2.514629543492617469e-01 5.145038507964804220e-01 7.446771946796078012e-01 3.753706319074916475e-01 0.000000000000000000e+00 4.920827216111998137e-01
7.011960945540575141e-01 3.351745533245181763e-01 5.827177680491884004e-01 8.233304300075858784e-01 6.043045011499541541e-01 7.566177653810923776e-02 6.060554111460020321e-01 6.045613312681979989e-01 1.553906613889368682e-01 4.467570298550314067e-01 6.395518238140107670e-01 1.282177239095254606e-01 4.865310219553093396e-01 1.128556618086520302e-01 6.191591143270968045e-01 7.686851662485707504e-01 3.320357172412343738e-01 4.279898124204262744e-01 2.811280763508046121e-01 1.257923886377455558e-01 4.280338057951058595e-01 5.048266014708853167e-01 2.610025263757548841e-01 5.834645202682340326e-01 4.502186591330354926e-01 3.527292557041049603e-01 7.794612258428558205e-01 5.994265448836996191e-01 4.293008409254510660e-01 5.632454756028117959e-01 4.511814987768608121e-01 4.268025230860671426e-01 2.349938570411067018e-01 4.920827216111998137e-01 0.000000000000000000e+00
