0.000000000000000000e+00 3.107189579995933704e-01 3.879463606373813600e-01 5.148860806854483885e-01 1.881618278709992209e-01 5.016736672622765791e-01 3.627221278644511271e-01 8.412354068974248200e-02 4.312962395414689509e-01 5.392711918591809317e-01 3.843186642014069232e-01 5.311254221407248899e-01 4.790320560452984711e-01 5.991919718759558533e-01 7.164349952180802950e-01 6.319929069621065265e-01 9.129367350786623536e-01 7.961367559013253770e-01 5.331433517866310812e-01 4.272249995574163295e-01 4.503594395482996005e-01 3.192861671548998803e-01 6.844467640167380962e-01 6.107509576505969484e-01 8.623501088588305663e-01 5.866346380198375066e-01 8.568401648607428811e-01 3.289104158385298127e-01 5.097168809076669804e-01 6.798771122070110806e-01 8.403774646434966078e-01 5.568065212731077018e-01 9.692986564796401971e-01 7.103633434683646053e-01 7.568084962653394143e-01
3.107189579995933704e-01 0.000000000000000000e+00 7.368881322888902741e-01 7.441457196552709874e-01 9.451064829931586919e-01 4.411646706532433293e-01 5.884961542710760440e-01 1.766022721923443672e-01 5.245958223144187027e-01 2.996915709601228883e-01 2.381354235992081403e-01 4.018768926172394673e-01 4.508830870615875286e-01 1.584899339758066850e-01 5.023412351716205482e-01 4.660440960173038438e-01 8.753492248088897698e-01 5.971105863263765912e-01 2.521464769591323929e-01 1.200286146831353595e-01 7.655693892634798381e-01 6.556528799824474785e-01 7.654238824771006922e-01 9.107494008804255525e-01 5.168978998468461983e-01 6.782008862680279915e-01 8.572872577643468883e-01 2.768132764570141457e-01 6.122760859626648067e-01 3.780943151734427188e-01 4.039354217160565086e-01 3.441587167986487339e-01 8.921150763527085914e-01 5.264962961212493742e-01 7.955535425956652418e-01
3.879463606373813600e-01 7.368881322888902741e-01 0.000000000000000000e+00 4.583433017994973380e-01 8.879300879314404593e-01 5.800162949318485861e-01 3.477082546740334346e-01 6.568682896213680067e-01 5.659707937904319142e-01 4.539147462779857811e-01 4.752877137206089064e-01 4.136985413271563883e-01 3.054888288039935285e-01 5.231546609448260998e-01 1.041630379923178529e-01 4.859343991497667159e-01 5.934637047005616450e-01 9.215865804743967882e-01 9.443995809641536621e-01 9.062049615459562002e-01 7.774089277783561291e-01 7.415169653937243588e-01 5.412356591069352740e-01 3.209234488500097848e-01 3.058731377069771051e-01 7.019539066228318580e-01 5.284277999213689014e-01 4.881597443053778962e-01 5.064134979617493926e-01 7.376673550694774484e-01 4.544159945756103824e-01 3.171999201141016966e-01 4.487662766310044349e-01 1.149971592939728060e-01 5.024154097612993919e-01
5.148860806854483885e-01 7.441457196552709874e-01 4.583433017994973380e-01 0.000000000000000000e+00 4.117648711392176697e-01 7.613219580961559929e-01 1.864437987619255166e-01 4.388798467074991327e-01 8.540663362904943323e-01 4.608995769775748319e-01 2.841282980890244003e-01 4.282896752974827415e-01 6.018492425544698099e-01 3.833669393704035588e-01 8.963274414596410500e-01 5.433551177536464216e-01 4.747528409673463234e-01 6.402581801597035938e-01 2.629827875955005334e-01 6.444056249682228454e-01 8.754333009213499661e-01 3.891641537454925137e-01 3.028200562119361394e-01 7.404199810674361171e-02 8.051505855276441803e-02 8.450197471356266643e-01 7.905415937216211386e-01 9.797068052755368850e-01 5.673538549553327481e-01 5.853550318529816554e-01 4.617150592526562125e-01 5.104953969228323007e-01 8.815508149752701028e-01 3.307684627196476601e-01 8.569548874550958484e-01
1.881618278709992209e-01 9.451064829931586919e-01 8.879300879314404593e-01 4.117648711392176697e-01 0.000000000000000000e+00 5.136180120685984729e-01 7.972183596400370664e-01 5.854841830391405155e-01 9.903103017980408040e-02 3.833901526832414475e-01 4.784723236544236591e-01 3.609941254887484297e-01 4.067589468834091337e-01 4.292099515205836102e-01 2.692127500483387781e-01 4.587710031483218653e-01 2.030431205701498376e-01 3.958394502806874549e-01 5.343129276794382765e-01 4.462524929158686593e-01 3.359239419833670581e-01 3.277854301110600388e-01 4.246521630292817151e-01 2.945056110004914407e-01 8.816372309642891425e-01 5.153425586371453981e-01 8.362156792520869519e-02 2.731891930800148804e-01 4.930447828854775394e-01 3.942129377850682737e-01 8.413034891578071717e-01 2.103943975993843030e-01 5.413150598242839617e-01 3.914291442305237179e-01 5.773544627267556129e-01
5.016736672622765791e-01 4.411646706532433293e-01 5.800162949318485861e-01 7.613219580961559929e-01 5.136180120685984729e-01 0.000000000000000000e+00 4.669018286884374369e-01 7.815625072826694053e-01 5.533936625532659415e-01 7.613520153169215376e-01 6.495152809054707266e-01 7.495304924211785291e-01 2.975512886305662352e-01 6.623205641475493621e-01 6.954833255890587873e-01 5.966941335375843813e-01 4.959040318697478522e-01 7.891366738402730840e-01 5.218674315888545134e-01 5.628626127861531270e-01 5.944237884013884310e-01 7.547151159324657632e-01 6.061307135593928530e-01 4.776111560515499121e-01 8.116567839478873170e-01 5.069359220484134232e-01 4.732641004443989274e-01 1.018552377663546338e-01 6.872621141474439810e-01 4.341198487411878637e-01 5.036773499397387832e-01 8.132944511424089473e-01 3.392943494167480756e-01 6.625118777434293449e-01 4.900527386564797472e-01
3.627221278644511271e-01 5.884961542710760440e-01 3.477082546740334346e-01 1.864437987619255166e-01 7.972183596400370664e-01 4.669018286884374369e-01 0.000000000000000000e+00 6.233573450878211464e-01 6.517093938875822001e-01 3.036399404500473853e-01 7.226728176806386239e-01 8.604911738617944117e-01 5.065233083671997205e-01 3.642864023416096386e-01 1.069231064423603605e-01 9.063862779161626637e-01 8.184307651991220567e-01 4.781466637078457538e-01 6.101616248828068967e-01 4.320340084590000296e-01 6.223812088407549847e-01 3.777693458853338404e-01 2.046371221826679410e-01 5.386421760465758268e-01 4.428090731983009842e-01 4.557247639067172340e-01 6.746189385449120612e-01 8.820576853426547181e-01 7.120383821414271175e-01 6.597268309405448505e-01 2.816353929274058032e-01 5.564263957467635580e-01 3.187100602546527051e-01 5.923826573234007853e-01 5.113878396110689284e-01
8.412354068974248200e-02 1.766022721923443672e-01 6.568682896213680067e-01 4.388798467074991327e-01 5.854841830391405155e-01 7.815625072826694053e-01 6.233573450878211464e-01 0.000000000000000000e+00 4.084631262263663243e-01 8.469947698720485807e-01 6.052043086516118997e-01 4.832261267797804405e-01 4.979179411696355029e-01 2.448968268284142935e-01 5.015601701455278949e-01 7.603734946553140084e-01 1.464640760421679344e-01 2.315850110012905860e-01 4.675927687287413925e-01 6.468456889717437708e-01 9.094830397381514775e-01 5.075212394711039465e-01 6.025589679876744986e-01 2.273272079930591660e-01 3.187588160586840580e-01 2.993084114382300043e-01 2.434752859810663250e-01 6.246904071708779815e-01 3.763284890197201582e-01 6.189267366656274749e-01 7.662135864894209503e-01 3.976181667690055210e-01 4.103523586632299991e-01 7.786552394381787146e-01 4.694407661465128667e-01
4.312962395414689509e-01 5.245958223144187027e-01 5.659707937904319142e-01 8.540663362904943323e-01 9.903103017980408040e-02 5.533936625532659415e-01 6.517093938875822001e-01 4.084631262263663243e-01 0.000000000000000000e+00 3.723261956520650950e-01 5.119339340291544360e-01 3.899492971094189464e-01 8.017826802079108806e-01 6.265820351035011893e-01 7.827040424852430567e-01 5.394844417639093059e-01 6.345090158155389792e-01 3.242267025062595676e-01 8.226937590010148238e-01 4.570569517097966550e-01 4.967859909479770963e-01 5.967527524466151867e-01 2.770315626319056479e-01 4.733012455149756548e-01 5.703259865776839632e-01 4.708312066312170252e-02 6.692620893192509079e-01 6.493462470617968885e-01 5.521950461794478127e-02 3.159708610919159666e-01 6.970402350352620235e-01 4.324533621687884910e-01 6.635672808286858793e-01 5.298250814149140231e-01 4.779698317604435531e-01
5.392711918591809317e-01 2.996915709601228883e-01 4.539147462779857811e-01 4.608995769775748319e-01 3.833901526832414475e-01 7.613520153169215376e-01 3.036399404500473853e-01 8.469947698720485807e-01 3.723261956520650950e-01 0.000000000000000000e+00 3.612625228019882284e-01 2.233226741937913706e-01 8.256580448677945938e-01 7.789092052554569268e-01 1.729554991083375182e-01 6.729876431887850119e-01 5.468918071418944482e-01 2.733620843871364947e-01 5.343210775612723396e-01 3.259245634397069935e-01 8.898065995834558706e-01 4.484960492352950134e-01 7.517630325237671940e-01 5.759200316813019027e-01 8.121753514099561144e-01 4.819433547967805209e-01 4.287025776396609644e-01 5.462441572268493806e-01 6.566884418353836628e-01 6.359564242842534743e-01 5.317583011439421803e-01 5.818331745759228735e-01 7.228366786680580081e-01 5.275194818088378979e-01 3.469417440276656994e-01
3.843186642014069232e-01 2.381354235992081403e-01 4.752877137206089064e-01 2.841282980890244003e-01 4.784723236544236591e-01 6.495152809054707266e-01 7.226728176806386239e-01 6.052043086516118997e-01 5.119339340291544360e-01 3.612625228019882284e-01 0.000000000000000000e+00 7.730434522306192102e-01 3.506843782316558800e-01 5.177226588768514270e-01 4.252405692324006115e-01 6.720234442674855035e-01 8.741400423608927106e-01 4.778860071041680646e-01 5.076015823538904126e-01 4.719324305440855682e-01 3.810986028523466462e-02 5.438020951190132291e-01 2.683387161346046934e-01 3.761691972377047000e-01 4.999423161044114217e-01 7.054787147968322181e-01 3.859701199986830256e-01 3.522834003634017774e-01 5.721071010221926434e-01 7.624828964032528411e-01 5.912823190617074731e-01 5.702971238133147658e-02 9.466564740682492651e-01 6.605996038200541154e-01 4.750508202441657279e-01
5.311254221407248899e-01 4.018768926172394673e-01 4.136985413271563883e-01 4.282896752974827415e-01 3.609941254887484297e-01 7.495304924211785291e-01 8.604911738617944117e-01 4.832261267797804405e-01 3.899492971094189464e-01 2.233226741937913706e-01 7.730434522306192102e-01 0.000000000000000000e+00 5.733813267089593602e-01 7.755120650623088530e-01 2.654525825857392274e-01 7.879954274249005852e-01 3.174108365001465648e-01 1.812806224654684994e-01 9.167665159931068786e-01 5.447385474774317782e-01 4.269357314604994569e-01 4.943144993223570482e-01 6.070908382593025454e-01 8.070177423464065525e-01 4.236121604064260193e-01 4.283475402054861547e-01 7.855851465516369148e-01 4.049336442121313495e-01 3.064866807411557037e-01 7.490905150621597341e-01 5.606355644970888452e-01 7.004803419468670356e-01 4.526774540451055096e-01 6.586787389624921829e-01 4.225719619930229376e-01
4.790320560452984711e-01 4.508830870615875286e-01 3.054888288039935285e-01 6.018492425544698099e-01 4.067589468834091337e-01 2.975512886305662352e-01 5.065233083671997205e-01 4.979179411696355029e-01 8.017826802079108806e-01 8.256580448677945938e-01 3.506843782316558800e-01 5.733813267089593602e-01 0.000000000000000000e+00 5.384329457459205992e-01 7.805253624231371923e-01 4.399906608532869190e-01 6.608625647613277643e-01 4.597753618020785638e-01 3.608670341264599291e-01 4.574432131121959899e-01 9.116640269059305135e-01 9.331826006262968765e-01 3.356766530311502406e-01 8.685262462927930693e-01 4.336685317850837995e-01 4.399629310727110054e-01 2.302006006666940108e-01 1.666250395788037020e-01 7.142692361783473665e-01 7.427184292543772548e-01 4.462656007761762744e-01 7.631310313257928524e-01 7.517792024170506515e-01 4.749565949965909306e-01 3.349429922594285847e-01
5.991919718759558533e-01 1.584899339758066850e-01 5.231546609448260998e-01 3.833669393704035588e-01 4.292099515205836102e-01 6.623205641475493621e-01 3.642864023416096386e-01 2.448968268284142935e-01 6.265820351035011893e-01 7.789092052554569268e-01 5.177226588768514270e-01 7.755120650623088530e-01 5.384329457459205992e-01 0.000000000000000000e+00 4.636961274086914830e-01 8.128449452478609949e-01 6.492171725794013692e-01 5.350739213312363241e-01 5.526437919885223149e-01 5.948317980148576378e-01 4.625365333752117780e-01 5.334403457617404865e-01 6.039070056710100776e-01 7.164349470885109650e-01 5.221639282934962267e-01 7.137892701297606779e-01 5.515216967011875582e-01 1.562966844210872952e-01 3.869917402430500530e-01 5.337649682429780329e-01 7.927617603782172173e-01 5.577095340296832626e-01 2.175473131025090767e-01 1.358053038119408917e-01 8.740902535212957680e-01
7.164349952180802950e-01 5.023412351716205482e-01 1.041630379923178529e-01 8.963274414596410500e-01 2.692127500483387781e-01 6.954833255890587873e-01 1.069231064423603605e-01 5.015601701455278949e-01 7.827040424852430567e-01 1.729554991083375182e-01 4.252405692324006115e-01 2.654525825857392274e-01 7.805253624231371923e-01 4.636961274086914830e-01 0.000000000000000000e+00 6.039846569361538853e-01 6.081873779096067523e-01 5.077584509631922760e-01 5.251596413169707933e-01 3.402982857423753060e-01 5.323554917542536735e-01 6.944198973969661903e-01 4.909124187556127006e-01 7.378391006203379732e-01 8.539202698304918515e-01 2.629116181679188591e-01 7.804547005155273443e-01 7.861388578740318156e-01 3.940548649735438058e-01 7.465169866128082976e-01 5.759717329034581557e-01 1.423037222983447592e-02 4.263837848003906861e-01 3.704734568626328883e-01 5.774006832550862001e-01
6.319929069621065265e-01 4.660440960173038438e-01 4.859343991497667159e-01 5.433551177536464216e-01 4.587710031483218653e-01 5.966941335375843813e-01 9.063862779161626637e-01 7.603734946553140084e-01 5.394844417639093059e-01 6.729876431887850119e-01 6.720234442674855035e-01 7.879954274249005852e-01 4.399906608532869190e-01 8.128449452478609949e-01 6.039846569361538853e-01 0.000000000000000000e+00 7.680056004695970939e-01 5.610098507950482816e-01 3.478605660952397982e-01 1.219038326284169749e-01 5.784108676306854990e-01 7.314664073087409069e-01 6.326430487426777383e-01 6.697094802936278679e-01 6.065240511215702623e-01 2.905926374160899273e-01 1.796079068744597107e-01 7.592647960282963293e-01 4.874255836562150224e-01 2.955051605341822984e-01 3.564996146011295552e-01 2.153901587818695118e-01 5.418903547566784606e-01 4.270186634983578755e-01 7.254169593549130157e-01
9.129367350786623536e-01 8.753492248088897698e-01 5.934637047005616450e-01 4.747528409673463234e-01 2.030431205701498376e-01 4.959040318697478522e-01 8.184307651991220567e-01 1.464640760421679344e-01 6.345090158155389792e-01 5.468918071418944482e-01 8.741400423608927106e-01 3.174108365001465648e-01 6.608625647613277643e-01 6.492171725794013692e-01 6.081873779096067523e-01 7.680056004695970939e-01 0.000000000000000000e+00 5.241595093752093870e-01 4.804768966332241820e-01 7.066348215955905454e-01 6.016971261546812944e-01 8.375047710251505295e-01 4.846435595961018361e-01 4.847979312715500200e-01 2.267449932243963406e-01 3.136440378246629912e-01 9.067467262613704282e-01 5.216323822680621891e-01 5.300523644443616567e-01 2.353211256604068602e-01 4.133549270450014856e-01 8.405216983785765983e-01 8.502382965728982889e-01 8.482765553141917714e-01 4.660075148493810215e-01
7.961367559013253770e-01 5.971105863263765912e-01 9.215865804743967882e-01 6.402581801597035938e-01 3.958394502806874549e-01 7.891366738402730840e-01 4.781466637078457538e-01 2.315850110012905860e-01 3.242267025062595676e-01 2.733620843871364947e-01 4.778860071041680646e-01 1.812806224654684994e-01 4.597753618020785638e-01 5.350739213312363241e-01 5.077584509631922760e-01 5.610098507950482816e-01 5.241595093752093870e-01 0.000000000000000000e+00 5.174320761566801874e-01 9.562764014656399691e-02 4.335077159532296776e-02 5.704945921382379437e-01 8.518914507794986823e-01 2.711365034187265266e-01 8.595631170764106432e-01 6.628495364781745725e-01 5.609216419150750976e-01 7.479194122763169750e-01 6.578272388165397055e-01 8.186966644080166944e-01 4.951646926082998723e-01 7.221356217747987305e-01 8.465472440390396924e-01 4.445147823255246600e-01 4.964925935240881993e-01
5.331433517866310812e-01 2.521464769591323929e-01 9.443995809641536621e-01 2.629827875955005334e-01 5.343129276794382765e-01 5.218674315888545134e-01 6.101616248828068967e-01 4.675927687287413925e-01 8.226937590010148238e-01 5.343210775612723396e-01 5.076015823538904126e-01 9.167665159931068786e-01 3.608670341264599291e-01 5.526437919885223149e-01 5.251596413169707933e-01 3.478605660952397982e-01 4.804768966332241820e-01 5.174320761566801874e-01 0.000000000000000000e+00 8.583292045018982019e-01 3.813783448653531583e-01 4.311847471169302781e-01 4.195409826122754593e-01 8.384675357988702338e-02 4.581751518856700955e-01 8.028497242088477037e-01 3.238187068244426925e-01 6.644967739900196069e-01 5.195951397909740477e-01 4.627620837346728688e-01 4.947725516554380976e-01 3.641489293979340847e-01 4.885940953662294972e-01 3.819449429845075406e-01 7.422034271195994126e-01
4.272249995574163295e-01 1.200286146831353595e-01 9.062049615459562002e-01 6.444056249682228454e-01 4.462524929158686593e-01 5.628626127861531270e-01 4.320340084590000296e-01 6.468456889717437708e-01 4.570569517097966550e-01 3.259245634397069935e-01 4.719324305440855682e-01 5.447385474774317782e-01 4.574432131121959899e-01 5.948317980148576378e-01 3.402982857423753060e-01 1.219038326284169749e-01 7.066348215955905454e-01 9.562764014656399691e-02 8.583292045018982019e-01 0.000000000000000000e+00 3.974230646642283871e-01 5.603531885887960140e-01 7.073412068089215410e-01 4.224436622527513174e-01 5.180279679279411464e-01 8.138495415518209875e-01 3.508773546283594502e-01 6.851560724399891056e-01 6.877143449262356212e-01 2.217929472057895701e-01 5.981622527627787900e-01 1.688646452546896937e-01 5.674763957314676865e-01 7.488076910802687891e-01 5.855743995263549273e-01
4.503594395482996005e-01 7.655693892634798381e-01 7.774089277783561291e-01 8.754333009213499661e-01 3.359239419833670581e-01 5.944237884013884310e-01 6.223812088407549847e-01 9.094830397381514775e-01 4.967859909479770963e-01 8.898065995834558706e-01 3.810986028523466462e-02 4.269357314604994569e-01 9.116640269059305135e-01 4.625365333752117780e-01 5.323554917542536735e-01 5.784108676306854990e-01 6.016971261546812944e-01 4.335077159532296776e-02 3.813783448653531583e-01 3.974230646642283871e-01 0.000000000000000000e+00 5.834742688965095514e-01 5.311631844752452425e-01 9.306421668906299516e-01 6.729609881000830907e-02 3.920329597410843192e-01 5.199479479246464919e-01 3.598806987664093793e-01 7.943050504716504534e-01 5.831961260553339965e-01 3.962910300158322130e-01 3.447030471111463545e-01 7.840008584655375756e-01 4.434233012390602635e-01 6.440403926059180550e-01
3.192861671548998803e-01 6.556528799824474785e-01 7.415169653937243588e-01 3.891641537454925137e-01 3.277854301110600388e-01 7.547151159324657632e-01 3.777693458853338404e-01 5.075212394711039465e-01 5.967527524466151867e-01 4.484960492352950134e-01 5.438020951190132291e-01 4.943144993223570482e-01 9.331826006262968765e-01 5.334403457617404865e-01 6.944198973969661903e-01 7.314664073087409069e-01 8.375047710251505295e-01 5.704945921382379437e-01 4.311847471169302781e-01 5.603531885887960140e-01 5.834742688965095514e-01 0.000000000000000000e+00 8.124183231567443375e-01 7.144189765696244976e-01 7.771349021562884429e-01 2.850927440854382766e-01 3.976575498583131973e-01 3.718178699581257129e-01 5.381407982001700230e-01 2.784610384783732795e-01 4.950036371585648798e-01 9.506632350544725885e-01 8.084685109866315278e-01 8.082598829727842826e-01 5.342521210225119610e-01
6.844467640167380962e-01 7.654238824771006922e-01 5.412356591069352740e-01 3.028200562119361394e-01 4.246521630292817151e-01 6.061307135593928530e-01 2.046371221826679410e-01 6.025589679876744986e-01 2.770315626319056479e-01 7.517630325237671940e-01 2.683387161346046934e-01 6.070908382593025454e-01 3.356766530311502406e-01 6.039070056710100776e-01 4.909124187556127006e-01 6.326430487426777383e-01 4.846435595961018361e-01 8.518914507794986823e-01 4.195409826122754593e-01 7.073412068089215410e-01 5.311631844752452425e-01 8.124183231567443375e-01 0.000000000000000000e+00 2.576831752414421306e-01 7.654241122768933314e-01 1.496801529714257839e-01 2.557622867965043678e-01 2.861976973615340536e-01 8.922984135215333845e-01 1.220578575541509392e-01 3.509502405845276729e-01 4.396289248097287050e-01 8.592223927041743314e-01 3.276565321373362538e-01 7.463321617898316385e-01
6.107509576505969484e-01 9.107494008804255525e-01 3.209234488500097848e-01 7.404199810674361171e-02 2.945056110004914407e-01 4.776111560515499121e-01 5.386421760465758268e-01 2.273272079930591660e-01 4.733012455149756548e-01 5.759200316813019027e-01 3.761691972377047000e-01 8.070177423464065525e-01 8.685262462927930693e-01 7.164349470885109650e-01 7.378391006203379732e-01 6.697094802936278679e-01 4.847979312715500200e-01 2.711365034187265266e-01 8.384675357988702338e-02 4.224436622527513174e-01 9.306421668906299516e-01 7.144189765696244976e-01 2.576831752414421306e-01 0.000000000000000000e+00 5.094013311506908614e-01 6.556103237211386991e-01 3.967789839059789880e-01 4.663052726057271280e-01 5.596852906034752717e-01 5.931437556378496012e-01 8.977470167077885588e-01 3.490031715708630244e-01 6.652746987331155104e-01 7.914225981550577771e-01 5.041075056541231003e-01
8.623501088588305663e-01 5.168978998468461983e-01 3.058731377069771051e-01 8.051505855276441803e-02 8.816372309642891425e-01 8.116567839478873170e-01 4.428090731983009842e-01 3.187588160586840580e-01 5.703259865776839632e-01 8.121753514099561144e-01 4.999423161044114217e-01 4.236121604064260193e-01 4.336685317850837995e-01 5.221639282934962267e-01 8.539202698304918515e-01 6.065240511215702623e-01 2.267449932243963406e-01 8.595631170764106432e-01 4.581751518856700955e-01 5.180279679279411464e-01 6.729609881000830907e-02 7.771349021562884429e-01 7.654241122768933314e-01 5.094013311506908614e-01 0.000000000000000000e+00 4.693391463471289771e-01 4.210488979585811919e-01 4.415131912504322020e-02 4.205807467115248999e-01 6.767844973605492420e-01 1.467463055726324628e-01 8.401826576731368235e-01 6.470465063079644530e-01 4.596033529927170402e-01 6.011732379620999822e-01
5.866346380198375066e-01 6.782008862680279915e-01 7.019539066228318580e-01 8.450197471356266643e-01 5.153425586371453981e-01 5.069359220484134232e-01 4.557247639067172340e-01 2.993084114382300043e-01 4.708312066312170252e-02 4.819433547967805209e-01 7.054787147968322181e-01 4.283475402054861547e-01 4.399629310727110054e-01 7.137892701297606779e-01 2.629116181679188591e-01 2.905926374160899273e-01 3.136440378246629912e-01 6.628495364781745725e-01 8.028497242088477037e-01 8.138495415518209875e-01 3.920329597410843192e-01 2.850927440854382766e-01 1.496801529714257839e-01 6.556103237211386991e-01 4.693391463471289771e-01 0.000000000000000000e+00 7.868320582543344432e-01 3.437665194236017019e-02 2.304501325492780139e-01 4.767972524041200755e-01 7.556860012409819527e-01 5.426643473576926446e-01 5.711760010564534973e-01 7.594165007804365430e-02 8.592889428891907766e-01
8.568401648607428811e-01 8.572872577643468883e-01 5.284277999213689014e-01 7.905415937216211386e-01 8.362156792520869519e-02 4.732641004443989274e-01 6.746189385449120612e-01 2.434752859810663250e-01 6.692620893192509079e-01 4.287025776396609644e-01 3.859701199986830256e-01 7.855851465516369148e-01 2.302006006666940108e-01 5.515216967011875582e-01 7.804547005155273443e-01 1.796079068744597107e-01 9.067467262613704282e-01 5.609216419150750976e-01 3.238187068244426925e-01 3.508773546283594502e-01 5.199479479246464919e-01 3.976575498583131973e-01 2.557622867965043678e-01 3.967789839059789880e-01 4.210488979585811919e-01 7.868320582543344432e-01 0.000000000000000000e+00 8.277176271886725889e-01 8.057297786837429587e-01 7.729299042220132421e-01 4.303583903235933539e-01 5.947267740109042355e-01 3.885566685320122060e-01 4.451695157640319089e-01 5.341549048971140357e-01
3.289104158385298127e-01 2.768132764570141457e-01 4.881597443053778962e-01 9.797068052755368850e-01 2.731891930800148804e-01 1.018552377663546338e-01 8.820576853426547181e-01 6.246904071708779815e-01 6.493462470617968885e-01 5.462441572268493806e-01 3.522834003634017774e-01 4.049336442121313495e-01 1.666250395788037020e-01 1.562966844210872952e-01 7.861388578740318156e-01 7.592647960282963293e-01 5.216323822680621891e-01 7.479194122763169750e-01 6.644967739900196069e-01 6.851560724399891056e-01 3.598806987664093793e-01 3.718178699581257129e-01 2.861976973615340536e-01 4.663052726057271280e-01 4.415131912504322020e-02 3.437665194236017019e-02 8.277176271886725889e-01 0.000000000000000000e+00 1.633218685127031389e-01 4.808464446695405181e-01 6.044128136842386034e-01 2.912121268106557803e-01 5.842686857385253063e-01 7.061914592196116836e-01 1.352155921206730227e-01
5.097168809076669804e-01 6.122760859626648067e-01 5.064134979617493926e-01 5.673538549553327481e-01 4.930447828854775394e-01 6.872621141474439810e-01 7.120383821414271175e-01 3.763284890197201582e-01 5.521950461794478127e-02 6.566884418353836628e-01 5.721071010221926434e-01 3.064866807411557037e-01 7.142692361783473665e-01 3.869917402430500530e-01 3.940548649735438058e-01 4.874255836562150224e-01 5.300523644443616567e-01 6.578272388165397055e-01 5.195951397909740477e-01 6.877143449262356212e-01 7.943050504716504534e-01 5.381407982001700230e-01 8.922984135215333845e-01 5.596852906034752717e-01 4.205807467115248999e-01 2.304501325492780139e-01 8.057297786837429587e-01 1.633218685127031389e-01 0.000000000000000000e+00 4.133129023746998643e-01 8.425996256382725091e-01 1.273646587042273071e-01 2.861398255295707904e-01 4.092193951280431174e-01 3.991648979256028351e-01
6.798771122070110806e-01 3.780943151734427188e-01 7.376673550694774484e-01 5.853550318529816554e-01 3.942129377850682737e-01 4.341198487411878637e-01 6.597268309405448505e-01 6.189267366656274749e-01 3.159708610919159666e-01 6.359564242842534743e-01 7.624828964032528411e-01 7.490905150621597341e-01 7.427184292543772548e-01 5.337649682429780329e-01 7.465169866128082976e-01 2.955051605341822984e-01 2.353211256604068602e-01 8.186966644080166944e-01 4.627620837346728688e-01 2.217929472057895701e-01 5.831961260553339965e-01 2.784610384783732795e-01 1.220578575541509392e-01 5.931437556378496012e-01 6.767844973605492420e-01 4.767972524041200755e-01 7.729299042220132421e-01 4.808464446695405181e-01 4.133129023746998643e-01 0.000000000000000000e+00 6.186811495611902467e-01 5.242516435494469773e-01 1.810991960057902750e-01 1.668495767082421866e-01 7.875927860296034755e-01
8.403774646434966078e-01 4.039354217160565086e-01 4.544159945756103824e-01 4.617150592526562125e-01 8.413034891578071717e-01 5.036773499397387832e-01 2.816353929274058032e-01 7.662135864894209503e-01 6.970402350352620235e-01 5.317583011439421803e-01 5.912823190617074731e-01 5.606355644970888452e-01 4.462656007761762744e-01 7.927617603782172173e-01 5.759717329034581557e-01 3.564996146011295552e-01 4.133549270450014856e-01 4.951646926082998723e-01 4.947725516554380976e-01 5.981622527627787900e-01 3.962910300158322130e-01 4.950036371585648798e-01 3.509502405845276729e-01 8.977470167077885588e-01 1.467463055726324628e-01 7.556860012409819527e-01 4.303583903235933539e-01 6.044128136842386034e-01 8.425996256382725091e-01 6.186811495611902467e-01 0.000000000000000000e+00 5.550210993526518699e-01 5.284254148052693889e-01 7.672712641150123414e-01 4.047624940098529245e-01
5.568065212731077018e-01 3.441587167986487339e-01 3.171999201141016966e-01 5.104953969228323007e-01 2.103943975993843030e-01 8.132944511424089473e-01 5.564263957467635580e-01 3.976181667690055210e-01 4.324533621687884910e-01 5.818331745759228735e-01 5.702971238133147658e-02 7.004803419468670356e-01 7.631310313257928524e-01 5.577095340296832626e-01 1.423037222983447592e-02 2.153901587818695118e-01 8.405216983785765983e-01 7.221356217747987305e-01 3.641489293979340847e-01 1.688646452546896937e-01 3.447030471111463545e-01 9.506632350544725885e-01 4.396289248097287050e-01 3.490031715708630244e-01 8.401826576731368235e-01 5.426643473576926446e-01 5.947267740109042355e-01 2.912121268106557803e-01 1.273646587042273071e-01 5.242516435494469773e-01 5.550210993526518699e-01 0.000000000000000000e+00 3.820993678906324797e-01 6.432938237483747379e-01 5.096279786490052199e-01
9.692986564796401971e-01 8.921150763527085914e-01 4.487662766310044349e-01 8.815508149752701028e-01 5.413150598242839617e-01 3.392943494167480756e-01 3.187100602546527051e-01 4.103523586632299991e-01 6.635672808286858793e-01 7.228366786680580081e-01 9.466564740682492651e-01 4.526774540451055096e-01 7.517792024170506515e-01 2.175473131025090767e-01 4.263837848003906861e-01 5.418903547566784606e-01 8.502382965728982889e-01 8.465472440390396924e-01 4.885940953662294972e-01 5.674763957314676865e-01 7.840008584655375756e-01 8.084685109866315278e-01 8.592223927041743314e-01 6.652746987331155104e-01 6.470465063079644530e-01 5.711760010564534973e-01 3.885566685320122060e-01 5.842686857385253063e-01 2.861398255295707904e-01 1.810991960057902750e-01 5.284254148052693889e-01 3.820993678906324797e-01 0.000000000000000000e+00 1.663403230708739855e-01 6.667357825559172557e-01
7.103633434683646053e-01 5.264962961212493742e-01 1.149971592939728060e-01 3.307684627196476601e-01 3.914291442305237179e-01 6.625118777434293449e-01 5.923826573234007853e-01 7.786552394381787146e-01 5.298250814149140231e-01 5.275194818088378979e-01 6.605996038200541154e-01 6.586787389624921829e-01 4.749565949965909306e-01 1.358053038119408917e-01 3.704734568626328883e-01 4.270186634983578755e-01 8.482765553141917714e-01 4.445147823255246600e-01 3.819449429845075406e-01 7.488076910802687891e-01 4.434233012390602635e-01 8.082598829727842826e-01 3.276565321373362538e-01 7.914225981550577771e-01 4.596033529927170402e-01 7.594165007804365430e-02 4.451695157640319089e-01 7.061914592196116836e-01 4.092193951280431174e-01 1.668495767082421866e-01 7.672712641150123414e-01 6.432938237483747379e-01 1.663403230708739855e-01 0.000000000000000000e+00 5.601196754117894194e-01
7.568084962653394143e-01 7.955535425956652418e-01 5.024154097612993919e-01 8.569548874550958484e-01 5.773544627267556129e-01 4.900527386564797472e-01 5.113878396110689284e-01 4.694407661465128667e-01 4.779698317604435531e-01 3.469417440276656994e-01 4.750508202441657279e-01 4.225719619930229376e-01 3.349429922594285847e-01 8.740902535212957680e-01 5.774006832550862001e-01 7.254169593549130157e-01 4.660075148493810215e-01 4.964925935240881993e-01 7.422034271195994126e-01 5.855743995263549273e-01 6.440403926059180550e-01 5.342521210225119610e-01 7.463321617898316385e-01 5.041075056541231003e-01 6.011732379620999822e-01 8.592889428891907766e-01 5.341549048971140357e-01 1.352155921206730227e-01 3.991648979256028351e-01 7.875927860296034755e-01 4.047624940098529245e-01 5.096279786490052199e-01 6.667357825559172557e-01 5.601196754117894194e-01 0.000000000000000000e+00
