0.000000000000000000e+00 3.233993500120295739e-01 2.068688562990198543e-01 5.751434305798965863e-01 4.133859660612565490e-01 4.100348690339955526e-01 6.130142480908614688e-01 6.645716544516609980e-01 8.239547040554029422e-01 8.687271786636920901e-01 7.786252114864389284e-01 4.566425525259153462e-01 5.210006569317826575e-01 6.905786695523047358e-01 2.687158580011778097e-01 4.490550673269581572e-01 7.566899511543943024e-01 7.783726941041717584e-01 6.192450099521543683e-01 9.028938435990354616e-01 4.047038516429911637e-01 3.376474941361355953e-01 4.462973036493542156e-01 8.387657072501308875e-01 4.919635159222913723e-01 3.886346225365865381e-01 5.111088807977587356e-01 3.894754492119615330e-01 3.834424516150487516e-01 6.212423542862040016e-01 7.677474800306449687e-01 1.492442262184854873e-01 4.812284495943042750e-01 3.702946623691535377e-01 6.075591965987989784e-01
3.233993500120295739e-01 0.000000000000000000e+00 6.571712982722349716e-01 5.114003504010959933e-01 5.590202481323361949e-01 2.850511985302965901e-01 4.503366030672228959e-02 3.360676083118385171e-01 6.680878487552036615e-01 4.422544614967460208e-01 8.610868352572453865e-01 7.706739218007300218e-01 5.832068075848142463e-01 4.985891463927246137e-01 6.162661556460959922e-01 2.718066746989131754e-01 6.643186541866037409e-01 5.068386910623636776e-01 8.208278114268244829e-01 6.584997889170185470e-01 6.942940629339775516e-01 3.536989954150243642e-01 5.864997804004393744e-01 6.853710967754698125e-01 5.870212301911816866e-01 1.617561645005063387e-01 9.760348950729480499e-02 3.263662024737132850e-01 8.536714581205777641e-01 5.629177994670914176e-01 7.005425192292948910e-01 4.657370076399125480e-01 5.714883000139378000e-01 4.664549557643052902e-01 6.037586175199048943e-01
2.068688562990198543e-01 6.571712982722349716e-01 0.000000000000000000e+00 4.911997946410429083e-01 1.927295184715893672e-01 7.269795961349238000e-01 7.245697172947838105e-01 6.505255799926251692e-01 4.868139580858895643e-01 8.330648618945205586e-01 5.649396406966002981e-01 3.404835212886681006e-02 8.518889867449463971e-01 1.020803371857961217e-01 6.355227723372159909e-01 6.247892131953667327e-01 3.050635598718669517e-01 7.128247724711802569e-01 2.635748271899898132e-01 2.643261344951154390e-01 1.220489976711981450e-01 3.431694590919236454e-01 6.097149198395270808e-01 8.984978717598837150e-01 4.804750940678690352e-01 4.483597064422892853e-01 2.391550307657731578e-01 5.603681408463694336e-01 4.039788647965469881e-01 8.377508053778455199e-01 4.991413164902647748e-01 8.015882361583572813e-01 3.273813068242957813e-01 4.964170021004358224e-01 4.515639842972932749e-01
5.751434305798965863e-01 5.114003504010959933e-01 4.911997946410429083e-01 0.000000000000000000e+00 2.648247038872628689e-01 1.508251493880546912e-01 9.473915821176117635e-01 8.040113690586666584e-01 5.538534284940559438e-01 3.490194066872006617e-01 7.672994761764488914e-01 3.639079511651444054e-01 2.895288854188984295e-01 4.921791991117357989e-01 5.475873437442092539e-01 7.342654227038070136e-01 3.034123620069218985e-01 7.152818569044614438e-01 7.764925208844234428e-01 4.728302303380647054e-01 7.227087078563393385e-01 7.562120406970249675e-01 7.115325093300837178e-01 7.960923188402002637e-01 6.727790390779848639e-01 7.152072394722650550e-01 8.794425466587721951e-01 5.859187281151987392e-01 9.587366634293150724e-01 3.566022714999118604e-01 4.204100698960480109e-01 4.754476422258063772e-01 2.741148318183876942e-01 8.567594090048336053e-01 5.101222492439259071e-01
4.133859660612565490e-01 5.590202481323361949e-01 1.927295184715893672e-01 2.648247038872628689e-01 0.000000000000000000e+00 6.089323216261492977e-01 7.629516152361115466e-01 8.106297933624568852e-01 8.356096667226846630e-01 2.104059713779443674e-01 9.407189684063170798e-01 8.088184018069344283e-01 5.760271501015770124e-01 2.957978874713967921e-01 3.821814777121770867e-01 8.291738469598223249e-01 7.993074068636726315e-01 4.101391565615580270e-01 8.153574728246631986e-01 4.810400339221747590e-01 3.315077374173824865e-02 3.993538943015431109e-01 5.195553799740286749e-01 3.907358834930078628e-01 1.751274789179801950e-01 2.742259406485086926e-01 7.816301445995677000e-01 2.519928904307572326e-01 1.405967918062942523e-01 7.101393710549703808e-01 2.790006345200788385e-01 2.224395143464740210e-01 1.797981135392290319e-02 5.885594081852749682e-01 7.764732920859425125e-01
4.100348690339955526e-01 2.850511985302965901e-01 7.269795961349238000e-01 1.508251493880546912e-01 6.089323216261492977e-01 0.000000000000000000e+00 6.430294416286334025e-01 5.390495190865528530e-01 4.157771706182783467e-01 4.239484568377611673e-01 3.541745367213067763e-01 8.033644497562594244e-01 2.059341200027250962e-01 3.546500695162287942e-01 7.643599082592200666e-01 4.997156840698008251e-01 3.375548660014355273e-01 2.470973334807540778e-01 7.946702815220791916e-01 3.510509855866599804e-01 5.277276415977980584e-01 5.945300052773785371e-01 1.320470215958625682e-01 8.946983922270075329e-01 7.311541906634455579e-01 2.824952314479265425e-01 9.497397762257370202e-01 4.560729256004855681e-01 4.197658004689701072e-01 7.500839214199306326e-01 4.914001183072594925e-01 4.231952621092211486e-01 5.515948235026475466e-01 4.289634711359179842e-01 3.672197435926987108e-01
6.130142480908614688e-01 4.503366030672228959e-02 7.245697172947838105e-01 9.473915821176117635e-01 7.629516152361115466e-01 6.430294416286334025e-01 0.000000000000000000e+00 4.823691684532847579e-01 6.474373124499499532e-01 6.137341172351200580e-01 8.784064479207471798e-01 4.684812929607952148e-01 9.063696011674716724e-01 4.748634177104210652e-01 6.707884407756574685e-01 7.438167080897695183e-01 4.667151079782844714e-01 1.444807067414085600e-01 7.779474701777548962e-01 6.869471230209303059e-01 4.711997376182941455e-01 8.288270069248654393e-01 7.454965398399108212e-01 7.076834007028658391e-01 6.886727520533304503e-01 7.142383110681125302e-01 5.564464224006304693e-01 6.743629187106550127e-01 3.947071805191988414e-01 5.481847724230717311e-01 4.007497672489745422e-01 6.478370547747576147e-01 4.714960821652942613e-01 8.590466607883131545e-01 6.860092721820409967e-01
6.645716544516609980e-01 3.360676083118385171e-01 6.505255799926251692e-01 8.040113690586666584e-01 8.106297933624568852e-01 5.390495190865528530e-01 4.823691684532847579e-01 0.000000000000000000e+00 3.802767872476476851e-01 2.850951770033871568e-01 7.551650523242663393e-01 4.809674661066847823e-01 7.542129510796056202e-01 5.113888297549746831e-01 3.995064927628061424e-01 7.820222462233763494e-01 6.288679353061611410e-01 6.834615189445628625e-01 3.919289607495181627e-01 6.117571361784364115e-01 4.823829870824264399e-01 5.360587003585883803e-01 8.049693287416110898e-01 6.092079953491569277e-01 6.457762442073978759e-01 3.775933015990597941e-01 3.818450261106655086e-01 7.654554358931474622e-01 7.124500569196957622e-01 6.315815791349893571e-01 1.138514557069250088e-01 7.534824006967129062e-01 4.257658168731888182e-01 6.709579678512223033e-01 6.965798484140306446e-01
8.239547040554029422e-01 6.680878487552036615e-01 4.868139580858895643e-01 5.538534284940559438e-01 8.356096667226846630e-01 4.157771706182783467e-01 6.474373124499499532e-01 3.802767872476476851e-01 0.000000000000000000e+00 7.803108446083129035e-01 9.326606108228654435e-01 8.229529129071432303e-01 4.893359031645982959e-01 4.694808754871895862e-01 2.432374028832935409e-01 4.183232640288023774e-01 8.213963010695786160e-01 6.494628801785777839e-01 6.915837567507174821e-01 3.792978305303404962e-01 2.700206353839800233e-01 5.757393401887908047e-01 7.820028769462232798e-01 2.333102250791239118e-01 9.486810347117402564e-03 1.904529720973411888e-01 8.691149395757830076e-01 5.254388057865784223e-01 9.360965396602933808e-01 4.580609038795472321e-01 2.004927289328979345e-01 4.934106923946715573e-01 6.407819293649283932e-01 7.271104959771468312e-01 4.884091345187858701e-01
8.687271786636920901e-01 4.422544614967460208e-01 8.330648618945205586e-01 3.490194066872006617e-01 2.104059713779443674e-01 4.239484568377611673e-01 6.137341172351200580e-01 2.850951770033871568e-01 7.803108446083129035e-01 0.000000000000000000e+00 7.566651432810332922e-01 8.394375010430323858e-01 8.052828106252485352e-01 8.679407166353931835e-01 7.811574205539668636e-01 7.590625625931473053e-01 6.179099086784285433e-01 4.695350924640501744e-01 3.955136362305757824e-01 9.447851794570520934e-01 4.631692394368366328e-01 5.019687408268189710e-01 4.367915133150575557e-01 7.138231828838711435e-01 3.886990504836995708e-01 7.750590455929744493e-01 5.819165561443420120e-01 7.126739551479212009e-01 2.308192267111709439e-01 5.516933458571410265e-01 3.603465560737665885e-01 4.200872830260022894e-01 5.247744698630631976e-01 1.114567432795660618e-01 5.820584642540118647e-01
7.786252114864389284e-01 8.610868352572453865e-01 5.649396406966002981e-01 7.672994761764488914e-01 9.407189684063170798e-01 3.541745367213067763e-01 8.784064479207471798e-01 7.551650523242663393e-01 9.326606108228654435e-01 7.566651432810332922e-01 0.000000000000000000e+00 4.585120229002541126e-01 8.094990781050033224e-01 2.921060333616000149e-01 2.790571226843671648e-01 7.669883698043995501e-01 7.268315895286838746e-01 2.475684832764883381e-01 8.406389003863441456e-01 1.876484773537020478e-01 5.176178542932756699e-01 3.504297504727860724e-01 8.554060426510330384e-01 9.352784822190420844e-01 5.728817735924260912e-01 5.512029424410300749e-01 7.568268218289030402e-01 5.114460509751223016e-01 1.088500577423320292e-01 2.335505048168703413e-01 8.148289085949480537e-01 5.827771215279349271e-01 4.150054488782021211e-01 9.157495036808505073e-02 8.407394516547286312e-01
4.566425525259153462e-01 7.706739218007300218e-01 3.404835212886681006e-02 3.639079511651444054e-01 8.088184018069344283e-01 8.033644497562594244e-01 4.684812929607952148e-01 4.809674661066847823e-01 8.229529129071432303e-01 8.394375010430323858e-01 4.585120229002541126e-01 0.000000000000000000e+00 4.213833852563881877e-01 4.217477807103154896e-01 3.891697726980948846e-01 4.012009185390216226e-01 4.072149253800527169e-01 3.597783677595219887e-01 3.898773917042632764e-01 3.933068076060869389e-01 5.398706638246477674e-01 4.870446011041628664e-01 5.739844258999338145e-01 3.826437116883290024e-01 1.107085396594850168e-01 2.424748561029494986e-01 6.896663097347750515e-01 2.191445907311644625e-01 3.001898791977180014e-01 1.448044382959727816e-01 6.300825542346277786e-01 6.408988967185547114e-01 9.401415583405144938e-01 4.726819332693545372e-01 6.602279545871467814e-01
5.210006569317826575e-01 5.832068075848142463e-01 8.518889867449463971e-01 2.895288854188984295e-01 5.760271501015770124e-01 2.059341200027250962e-01 9.063696011674716724e-01 7.542129510796056202e-01 4.893359031645982959e-01 8.052828106252485352e-01 8.094990781050033224e-01 4.213833852563881877e-01 0.000000000000000000e+00 4.459531463817506536e-01 5.013506736273162234e-01 8.354349225586947814e-01 7.242175952794134286e-01 5.437420550332439095e-01 6.652566713660272857e-01 4.396154520064563531e-01 2.518900600064656325e-01 1.283097255941152426e-01 3.947960173765810987e-01 5.234445122496705904e-01 3.311170266458057787e-01 7.535240544232841842e-01 3.158168794228360943e-01 2.632081241613251077e-01 5.154928062226910024e-01 4.468268003043617820e-01 4.324214042095297916e-01 3.627271175194513031e-01 2.508286637956212983e-01 6.843591548754541787e-01 8.569661447321923475e-01
6.905786695523047358e-01 4.985891463927246137e-01 1.020803371857961217e-01 4.921791991117357989e-01 2.957978874713967921e-01 3.546500695162287942e-01 4.748634177104210652e-01 5.113888297549746831e-01 4.694808754871895862e-01 8.679407166353931835e-01 2.921060333616000149e-01 4.217477807103154896e-01 4.459531463817506536e-01 0.000000000000000000e+00 3.202924541742038222e-01 7.179163519767450818e-01 2.107995865572412919e-01 3.640150449858944315e-01 5.343546599771171746e-01 9.192163039444150030e-01 9.301489486178832200e-01 7.404311944576319471e-01 4.680933695305314890e-01 2.567583908270021364e-01 1.546603482614021252e-01 3.316162638159078080e-01 8.530969608237501944e-01 3.807103882360540759e-01 5.540310995316674036e-01 4.584389997161614771e-01 4.553392400773845772e-01 6.956847963759797970e-01 5.196229646914680700e-01 7.229200879444511729e-01 4.607377432092524816e-01
2.687158580011778097e-01 6.162661556460959922e-01 6.355227723372159909e-01 5.475873437442092539e-01 3.821814777121770867e-01 7.643599082592200666e-01 6.707884407756574685e-01 3.995064927628061424e-01 2.432374028832935409e-01 7.811574205539668636e-01 2.790571226843671648e-01 3.891697726980948846e-01 5.013506736273162234e-01 3.202924541742038222e-01 0.000000000000000000e+00 3.418394821090972036e-01 1.262058508428274273e-01 4.929594621844246016e-01 8.116688610099621615e-01 8.115329546745391198e-01 1.723895095142546907e-01 6.096329477064033053e-01 1.994857169520369844e-02 3.587506642415453362e-01 8.439478396969464224e-01 8.157630137772574619e-01 9.005158405440776281e-01 9.056993535897777114e-01 4.387815296342478799e-01 6.722471240009214588e-01 8.487886869441663151e-01 4.376132239340291830e-01 7.800053259200301348e-02 6.103572655890727727e-01 8.224670143975252312e-01
4.490550673269581572e-01 2.718066746989131754e-01 6.247892131953667327e-01 7.342654227038070136e-01 8.291738469598223249e-01 4.997156840698008251e-01 7.438167080897695183e-01 7.820222462233763494e-01 4.183232640288023774e-01 7.590625625931473053e-01 7.669883698043995501e-01 4.012009185390216226e-01 8.354349225586947814e-01 7.179163519767450818e-01 3.418394821090972036e-01 0.000000000000000000e+00 6.626723691712329556e-01 8.387345667896677348e-01 4.510992859848163561e-01 4.028870462022312582e-01 5.191286350334314292e-01 6.291004146575913669e-01 4.066651195556466036e-01 4.810348000718185912e-01 4.665314621336630330e-01 8.181810299922689378e-01 3.931046244456028460e-01 7.516870512085551681e-01 4.312446185475871663e-01 4.697802552767464945e-01 7.945763535009302547e-01 5.393539686902657504e-01 6.888333551055778603e-01 9.271927128681326513e-01 4.285460928924617052e-01
7.566899511543943024e-01 6.643186541866037409e-01 3.050635598718669517e-01 3.034123620069218985e-01 7.993074068636726315e-01 3.375548660014355273e-01 4.667151079782844714e-01 6.288679353061611410e-01 8.213963010695786160e-01 6.179099086784285433e-01 7.268315895286838746e-01 4.072149253800527169e-01 7.242175952794134286e-01 2.107995865572412919e-01 1.262058508428274273e-01 6.626723691712329556e-01 0.000000000000000000e+00 5.787945843702801962e-02 8.256657748880018577e-01 7.029187493031455736e-01 3.111239110160131105e-01 5.586137236983570453e-01 6.720123720231918618e-01 8.925593953961774574e-01 7.717067691945420638e-01 8.748867027215139203e-01 7.952494094074045172e-01 7.571145619937722504e-01 9.836359468642819071e-01 7.513972027800370768e-01 4.311864167676752735e-01 5.691624864241342507e-01 7.628544479034906622e-01 4.333062760073069786e-01 7.866333410067367637e-01
7.783726941041717584e-01 5.068386910623636776e-01 7.128247724711802569e-01 7.152818569044614438e-01 4.101391565615580270e-01 2.470973334807540778e-01 1.444807067414085600e-01 6.834615189445628625e-01 6.494628801785777839e-01 4.695350924640501744e-01 2.475684832764883381e-01 3.597783677595219887e-01 5.437420550332439095e-01 3.640150449858944315e-01 4.929594621844246016e-01 8.387345667896677348e-01 5.787945843702801962e-02 0.000000000000000000e+00 6.533516037013342714e-01 6.478592224337995642e-01 5.223448233972984855e-01 7.344718554704000590e-01 8.063000406527314201e-01 6.038298531969041871e-01 8.958023088713720217e-01 4.793367219102414034e-01 2.726387795592795094e-01 5.004788500210803903e-01 6.953042304308432175e-01 4.432413678797384460e-01 7.757531351346802495e-02 4.777052941585450130e-01 5.990979745673838952e-01 4.634637832250801392e-01 2.199417557122900768e-01
6.192450099521543683e-01 8.208278114268244829e-01 2.635748271899898132e-01 7.764925208844234428e-01 8.153574728246631986e-01 7.946702815220791916e-01 7.779474701777548962e-01 3.919289607495181627e-01 6.915837567507174821e-01 3.955136362305757824e-01 8.406389003863441456e-01 3.898773917042632764e-01 6.652566713660272857e-01 5.343546599771171746e-01 8.116688610099621615e-01 4.510992859848163561e-01 8.256657748880018577e-01 6.533516037013342714e-01 0.000000000000000000e+00 4.418256024747737043e-01 5.953527358201589070e-01 4.133347488748257970e-01 7.337116951540252341e-01 4.641390485262378296e-01 7.089630379842741803e-01 9.900671493573371951e-01 6.867479678725405545e-01 7.242669322700939771e-01 5.773150772352668714e-01 4.781313576120216347e-02 7.699829346620631343e-01 7.220672552873618200e-01 4.444023650371768941e-01 8.113709311815077152e-01 1.974659144545367062e-01
9.028938435990354616e-01 6.584997889170185470e-01 2.643261344951154390e-01 4.728302303380647054e-01 4.810400339221747590e-01 3.510509855866599804e-01 6.869471230209303059e-01 6.117571361784364115e-01 3.792978305303404962e-01 9.447851794570520934e-01 1.876484773537020478e-01 3.933068076060869389e-01 4.396154520064563531e-01 9.192163039444150030e-01 8.115329546745391198e-01 4.028870462022312582e-01 7.029187493031455736e-01 6.478592224337995642e-01 4.418256024747737043e-01 0.000000000000000000e+00 5.286141118378713255e-01 8.428006126347696858e-01 5.183894267247346477e-01 4.018429587584864127e-01 6.291140450320507060e-01 6.135914926390052537e-01 2.785692242063968482e-01 3.321010709710556785e-01 1.509549984427923652e-01 7.218154860567154163e-01 5.896758849654282209e-01 2.347615744002842786e-01 4.667175817243167657e-01 5.444118089012505157e-01 7.449252952701663766e-01
4.047038516429911637e-01 6.942940629339775516e-01 1.220489976711981450e-01 7.227087078563393385e-01 3.315077374173824865e-02 5.277276415977980584e-01 4.711997376182941455e-01 4.823829870824264399e-01 2.700206353839800233e-01 4.631692394368366328e-01 5.176178542932756699e-01 5.398706638246477674e-01 2.518900600064656325e-01 9.301489486178832200e-01 1.723895095142546907e-01 5.191286350334314292e-01 3.111239110160131105e-01 5.223448233972984855e-01 5.953527358201589070e-01 5.286141118378713255e-01 0.000000000000000000e+00 4.747254862950764376e-01 7.916468586232090487e-01 6.545003110741194341e-01 5.098793607499172431e-01 8.922361968899210627e-01 4.677253673359492159e-01 4.779939345415926688e-01 3.238714170340165621e-01 6.219594752042236774e-01 5.268444542247933127e-01 5.237915673298436658e-01 8.372953124340219988e-01 2.689323206164273561e-02 3.756963135647809482e-01
3.376474941361355953e-01 3.536989954150243642e-01 3.431694590919236454e-01 7.562120406970249675e-01 3.993538943015431109e-01 5.945300052773785371e-01 8.288270069248654393e-01 5.360587003585883803e-01 5.757393401887908047e-01 5.019687408268189710e-01 3.504297504727860724e-01 4.870446011041628664e-01 1.283097255941152426e-01 7.404311944576319471e-01 6.096329477064033053e-01 6.291004146575913669e-01 5.586137236983570453e-01 7.344718554704000590e-01 4.133347488748257970e-01 8.428006126347696858e-01 4.747254862950764376e-01 0.000000000000000000e+00 3.848120512975871654e-01 7.333939197423633427e-02 3.072486201699855535e-01 1.601510648320356722e-01 6.492517341933381481e-01 1.331478541684754102e-01 8.618708761926801021e-01 6.650307709011814561e-01 7.555076250550756267e-01 6.061924521561661283e-01 3.995618237608196677e-01 4.499541090326504844e-01 4.818755144329394113e-01
4.462973036493542156e-01 5.864997804004393744e-01 6.097149198395270808e-01 7.115325093300837178e-01 5.195553799740286749e-01 1.320470215958625682e-01 7.454965398399108212e-01 8.049693287416110898e-01 7.820028769462232798e-01 4.367915133150575557e-01 8.554060426510330384e-01 5.739844258999338145e-01 3.947960173765810987e-01 4.680933695305314890e-01 1.994857169520369844e-02 4.066651195556466036e-01 6.720123720231918618e-01 8.063000406527314201e-01 7.337116951540252341e-01 5.183894267247346477e-01 7.916468586232090487e-01 3.848120512975871654e-01 0.000000000000000000e+00 2.061215461907809354e-01 3.806034154148060233e-01 8.430284327231152286e-01 3.841807121070076048e-01 6.394367629884840643e-01 8.557745552798687871e-01 6.967637154533457000e-01 4.665379753986718669e-01 7.251205906740888496e-01 7.991817346953745682e-01 6.458904960434502796e-01 3.667611818517756972e-01
8.387657072501308875e-01 6.853710967754698125e-01 8.984978717598837150e-01 7.960923188402002637e-01 3.907358834930078628e-01 8.946983922270075329e-01 7.076834007028658391e-01 6.092079953491569277e-01 2.333102250791239118e-01 7.138231828838711435e-01 9.352784822190420844e-01 3.826437116883290024e-01 5.234445122496705904e-01 2.567583908270021364e-01 3.587506642415453362e-01 4.810348000718185912e-01 8.925593953961774574e-01 6.038298531969041871e-01 4.641390485262378296e-01 4.018429587584864127e-01 6.545003110741194341e-01 7.333939197423633427e-02 2.061215461907809354e-01 0.000000000000000000e+00 6.120146192993902723e-01 9.263259017394813721e-01 3.492026329293403952e-01 5.890987473146251929e-01 7.210713938137338630e-01 3.991120610761353382e-01 7.032244212962648344e-01 7.611037288285520397e-01 3.542650858583379914e-01 4.180991568076842246e-01 4.740000381885958736e-01
4.919635159222913723e-01 5.870212301911816866e-01 4.804750940678690352e-01 6.727790390779848639e-01 1.751274789179801950e-01 7.311541906634455579e-01 6.886727520533304503e-01 6.457762442073978759e-01 9.486810347117402564e-03 3.886990504836995708e-01 5.728817735924260912e-01 1.107085396594850168e-01 3.311170266458057787e-01 1.546603482614021252e-01 8.439478396969464224e-01 4.665314621336630330e-01 7.717067691945420638e-01 8.958023088713720217e-01 7.089630379842741803e-01 6.291140450320507060e-01 5.098793607499172431e-01 3.072486201699855535e-01 3.806034154148060233e-01 6.120146192993902723e-01 0.000000000000000000e+00 8.039161185147269961e-02 8.141467926187353488e-01 8.975667562073965655e-01 6.488712250743816634e-01 8.065188924141297733e-01 8.197994897654435897e-01 4.903020388886918379e-01 7.935283044998731050e-01 8.975146951518501170e-01 4.580346510945442762e-01
3.886346225365865381e-01 1.617561645005063387e-01 4.483597064422892853e-01 7.152072394722650550e-01 2.742259406485086926e-01 2.824952314479265425e-01 7.142383110681125302e-01 3.775933015990597941e-01 1.904529720973411888e-01 7.750590455929744493e-01 5.512029424410300749e-01 2.424748561029494986e-01 7.535240544232841842e-01 3.316162638159078080e-01 8.157630137772574619e-01 8.181810299922689378e-01 8.748867027215139203e-01 4.793367219102414034e-01 9.900671493573371951e-01 6.135914926390052537e-01 8.922361968899210627e-01 1.601510648320356722e-01 8.430284327231152286e-01 9.263259017394813721e-01 8.039161185147269961e-02 0.000000000000000000e+00 7.726750077617556833e-01 2.262924334286655070e-01 2.471607392087789290e-01 3.176603429751928553e-01 4.089853928098903801e-01 4.877306141554314523e-01 8.332522644304123371e-01 5.991039190613214327e-01 4.750183116144582884e-01
5.111088807977587356e-01 9.760348950729480499e-02 2.391550307657731578e-01 8.794425466587721951e-01 7.816301445995677000e-01 9.497397762257370202e-01 5.564464224006304693e-01 3.818450261106655086e-01 8.691149395757830076e-01 5.819165561443420120e-01 7.568268218289030402e-01 6.896663097347750515e-01 3.158168794228360943e-01 8.530969608237501944e-01 9.005158405440776281e-01 3.931046244456028460e-01 7.952494094074045172e-01 2.726387795592795094e-01 6.867479678725405545e-01 2.785692242063968482e-01 4.677253673359492159e-01 6.492517341933381481e-01 3.841807121070076048e-01 3.492026329293403952e-01 8.141467926187353488e-01 7.726750077617556833e-01 0.000000000000000000e+00 2.696748995680798844e-01 7.954475910712948128e-01 7.233726708860379606e-01 8.347248405022975604e-01 4.982681527555912204e-01 5.600237548567083001e-01 7.739535106154631361e-01 3.892399089701772397e-01
3.894754492119615330e-01 3.263662024737132850e-01 5.603681408463694336e-01 5.859187281151987392e-01 2.519928904307572326e-01 4.560729256004855681e-01 6.743629187106550127e-01 7.654554358931474622e-01 5.254388057865784223e-01 7.126739551479212009e-01 5.114460509751223016e-01 2.191445907311644625e-01 2.632081241613251077e-01 3.807103882360540759e-01 9.056993535897777114e-01 7.516870512085551681e-01 7.571145619937722504e-01 5.004788500210803903e-01 7.242669322700939771e-01 3.321010709710556785e-01 4.779939345415926688e-01 1.331478541684754102e-01 6.394367629884840643e-01 5.890987473146251929e-01 8.975667562073965655e-01 2.262924334286655070e-01 2.696748995680798844e-01 0.000000000000000000e+00 4.669651044377790550e-01 4.265885525455648808e-01 8.333355074514320338e-01 4.538601905247663382e-01 5.345560262450176348e-01 7.865599957474420645e-01 7.649514235283609853e-01
3.834424516150487516e-01 8.536714581205777641e-01 4.039788647965469881e-01 9.587366634293150724e-01 1.405967918062942523e-01 4.197658004689701072e-01 3.947071805191988414e-01 7.124500569196957622e-01 9.360965396602933808e-01 2.308192267111709439e-01 1.088500577423320292e-01 3.001898791977180014e-01 5.154928062226910024e-01 5.540310995316674036e-01 4.387815296342478799e-01 4.312446185475871663e-01 9.836359468642819071e-01 6.953042304308432175e-01 5.773150772352668714e-01 1.509549984427923652e-01 3.238714170340165621e-01 8.618708761926801021e-01 8.557745552798687871e-01 7.210713938137338630e-01 6.488712250743816634e-01 2.471607392087789290e-01 7.954475910712948128e-01 4.669651044377790550e-01 0.000000000000000000e+00 3.513456265826835900e-01 6.045903090816167058e-01 4.183798911733460080e-01 1.169641316690496202e-01 8.836319669363330576e-01 3.674230612471154345e-01
6.212423542862040016e-01 5.629177994670914176e-01 8.377508053778455199e-01 3.566022714999118604e-01 7.101393710549703808e-01 7.500839214199306326e-01 5.481847724230717311e-01 6.315815791349893571e-01 4.580609038795472321e-01 5.516933458571410265e-01 2.335505048168703413e-01 1.448044382959727816e-01 4.468268003043617820e-01 4.584389997161614771e-01 6.722471240009214588e-01 4.697802552767464945e-01 7.513972027800370768e-01 4.432413678797384460e-01 4.781313576120216347e-02 7.218154860567154163e-01 6.219594752042236774e-01 6.650307709011814561e-01 6.967637154533457000e-01 3.991120610761353382e-01 8.065188924141297733e-01 3.176603429751928553e-01 7.233726708860379606e-01 4.265885525455648808e-01 3.513456265826835900e-01 0.000000000000000000e+00 1.794726564930537727e-01 9.463156544968620576e-01 2.474567451339814150e-01 4.607683594691340812e-01 3.620270849183215844e-01
7.677474800306449687e-01 7.005425192292948910e-01 4.991413164902647748e-01 4.204100698960480109e-01 2.790006345200788385e-01 4.914001183072594925e-01 4.007497672489745422e-01 1.138514557069250088e-01 2.004927289328979345e-01 3.603465560737665885e-01 8.148289085949480537e-01 6.300825542346277786e-01 4.324214042095297916e-01 4.553392400773845772e-01 8.487886869441663151e-01 7.945763535009302547e-01 4.311864167676752735e-01 7.757531351346802495e-02 7.699829346620631343e-01 5.896758849654282209e-01 5.268444542247933127e-01 7.555076250550756267e-01 4.665379753986718669e-01 7.032244212962648344e-01 8.197994897654435897e-01 4.089853928098903801e-01 8.347248405022975604e-01 8.333355074514320338e-01 6.045903090816167058e-01 1.794726564930537727e-01 0.000000000000000000e+00 3.299288215296489746e-01 5.216991116106484139e-01 6.246602627152484377e-01 8.993671472293951474e-01
1.492442262184854873e-01 4.657370076399125480e-01 8.015882361583572813e-01 4.754476422258063772e-01 2.224395143464740210e-01 4.231952621092211486e-01 6.478370547747576147e-01 7.534824006967129062e-01 4.934106923946715573e-01 4.200872830260022894e-01 5.827771215279349271e-01 6.408988967185547114e-01 3.627271175194513031e-01 6.956847963759797970e-01 4.376132239340291830e-01 5.393539686902657504e-01 5.691624864241342507e-01 4.777052941585450130e-01 7.220672552873618200e-01 2.347615744002842786e-01 5.237915673298436658e-01 6.061924521561661283e-01 7.251205906740888496e-01 7.611037288285520397e-01 4.903020388886918379e-01 4.877306141554314523e-01 4.982681527555912204e-01 4.538601905247663382e-01 4.183798911733460080e-01 9.463156544968620576e-01 3.299288215296489746e-01 0.000000000000000000e+00 7.754131219042276202e-01 4.901769780894865702e-01 6.472222117158077381e-01
4.812284495943042750e-01 5.714883000139378000e-01 3.273813068242957813e-01 2.741148318183876942e-01 1.797981135392290319e-02 5.515948235026475466e-01 4.714960821652942613e-01 4.257658168731888182e-01 6.407819293649283932e-01 5.247744698630631976e-01 4.150054488782021211e-01 9.401415583405144938e-01 2.508286637956212983e-01 5.196229646914680700e-01 7.800053259200301348e-02 6.888333551055778603e-01 7.628544479034906622e-01 5.990979745673838952e-01 4.444023650371768941e-01 4.667175817243167657e-01 8.372953124340219988e-01 3.995618237608196677e-01 7.991817346953745682e-01 3.542650858583379914e-01 7.935283044998731050e-01 8.332522644304123371e-01 5.600237548567083001e-01 5.345560262450176348e-01 1.169641316690496202e-01 2.474567451339814150e-01 5.216991116106484139e-01 7.754131219042276202e-01 0.000000000000000000e+00 4.895620371003931437e-01 4.985590314606625495e-01
3.702946623691535377e-01 4.664549557643052902e-01 4.964170021004358224e-01 8.567594090048336053e-01 5.885594081852749682e-01 4.289634711359179842e-01 8.590466607883131545e-01 6.709579678512223033e-01 7.271104959771468312e-01 1.114567432795660618e-01 9.157495036808505073e-02 4.726819332693545372e-01 6.843591548754541787e-01 7.229200879444511729e-01 6.103572655890727727e-01 9.271927128681326513e-01 4.333062760073069786e-01 4.634637832250801392e-01 8.113709311815077152e-01 5.444118089012505157e-01 2.689323206164273561e-02 4.499541090326504844e-01 6.458904960434502796e-01 4.180991568076842246e-01 8.975146951518501170e-01 5.991039190613214327e-01 7.739535106154631361e-01 7.865599957474420645e-01 8.836319669363330576e-01 4.607683594691340812e-01 6.246602627152484377e-01 4.901769780894865702e-01 4.895620371003931437e-01 0.000000000000000000e+00 4.877101365090276142e-01
6.075591965987989784e-01 6.037586175199048943e-01 4.515639842972932749e-01 5.101222492439259071e-01 7.764732920859425125e-01 3.672197435926987108e-01 6.860092721820409967e-01 6.965798484140306446e-01 4.884091345187858701e-01 5.820584642540118647e-01 8.407394516547286312e-01 6.602279545871467814e-01 8.569661447321923475e-01 4.607377432092524816e-01 8.224670143975252312e-01 4.285460928924617052e-01 7.866333410067367637e-01 2.199417557122900768e-01 1.974659144545367062e-01 7.449252952701663766e-01 3.756963135647809482e-01 4.818755144329394113e-01 3.667611818517756972e-01 4.740000381885958736e-01 4.580346510945442762e-01 4.750183116144582884e-01 3.892399089701772397e-01 7.649514235283609853e-01 3.674230612471154345e-01 3.620270849183215844e-01 8.993671472293951474e-01 6.472222117158077381e-01 4.985590314606625495e-01 4.877101365090276142e-01 0.000000000000000000e+00
