0.000000000000000000e+00 6.311884614824281314e-01 6.742544290586734990e-01 6.676204537806151862e-01 5.509891602978793657e-01 7.804386513130670000e-01 4.488102590216802579e-01 3.608224067941197544e-01 4.102358605860177976e-01 2.600863108686464198e-01 7.542892430166980855e-02 7.255196988349020826e-01 8.281396505175632194e-01 5.708648824253860221e-01 7.903360585747838396e-01 3.489777559408975272e-01 5.580886604600125978e-01 4.348863602810983942e-01 4.588295252732229046e-01 4.554446817999819874e-01 7.112536265560240878e-01 6.523787104333528264e-01 3.511156706319269460e-01 4.533447590669058003e-01 5.036710035415927766e-01 5.511783677604008558e-01 4.352214382686529492e-01 8.288419200059784497e-01 4.246780817854399204e-01 6.071296316857911490e-01 5.381249424828922212e-01 5.024090970015906432e-01 5.645531935167912296e-01 5.197452572812756300e-01 9.643746857118767890e-02
6.311884614824281314e-01 0.000000000000000000e+00 3.732107500788613419e-01 9.331085644179455407e-01 6.177427918804980767e-01 1.447558413436690339e-01 2.665283609584275237e-01 6.375556310989537456e-01 2.999435398046865209e-01 3.222088614336016676e-01 8.232964966836225917e-01 6.355640709110665920e-01 4.547057356777121084e-01 2.188235004808710138e-01 4.298884936930760237e-01 5.969248005378479105e-01 1.396556120664451672e-01 8.051906681527093435e-01 6.142949042932044357e-01 4.120083180842085691e-01 7.176595066912564436e-01 8.114666108104952036e-01 8.180702391076739577e-01 1.053123352199454299e-01 9.202493509659526172e-01 5.132117889285785495e-01 8.309486698743508981e-01 2.377011465395879042e-01 8.082716368742228763e-01 4.023433151134513941e-01 5.454252842892799436e-01 8.189378311901196472e-01 4.673078065030974448e-01 5.777571450739050762e-01 6.687714993556178600e-01
6.742544290586734990e-01 3.732107500788613419e-01 0.000000000000000000e+00 5.448876466598837620e-01 7.135400364579971288e-01 9.261066655656752244e-01 3.042840919158017465e-01 5.567905697421355882e-01 6.339942636253077524e-01 4.383312752652008260e-01 6.394434360378251636e-01 8.016610597549027606e-01 1.542554431946518423e-01 6.781225207713122982e-01 1.841836159997302103e-01 5.191140667880757009e-01 3.652785982249141528e-01 5.321599430932986152e-01 7.330929683835407662e-01 4.858670222544385631e-01 1.732536832124039750e-01 3.957328383126728077e-01 2.226457801293392214e-01 6.237824657027010167e-01 8.978805734826309504e-01 7.891100289781151078e-01 5.680567537275471590e-01 7.047250908465660935e-01 1.029654512613562556e-01 2.719957104714885165e-01 3.577076657324588793e-01 8.717148704184117802e-01 5.668778860993004542e-01 5.147057708832161182e-01 7.997215512996581621e-01
6.676204537806151862e-01 9.331085644179455407e-01 5.448876466598837620e-01 0.000000000000000000e+00 6.802291226056791373e-01 1.502863501726950934e-01 5.128353173322043324e-01 2.133436100645450528e-01 4.273714426579282577e-01 4.438672907553361524e-01 3.011057240597636575e-01 4.877635386478064716e-01 4.382381810418219947e-01 5.248753036728310839e-01 4.676114855057300623e-01 7.432518930380411781e-01 7.417423844930810528e-01 7.170105631663714618e-01 1.572053511820996619e-01 6.082550818707985751e-01 3.394828045137421868e-01 4.927474858756886178e-01 9.182704918090363044e-01 2.557521869738208498e-01 1.923601896898675667e-01 8.611204459352745921e-01 3.241570679745874317e-01 7.313306501928518166e-02 7.770313327003230963e-01 2.693494013319556180e-01 2.619108277902346682e-01 7.245254031403380868e-01 8.624309701485347590e-01 4.992074335412238217e-01 6.982059259696219433e-01
5.509891602978793657e-01 6.177427918804980767e-01 7.135400364579971288e-01 6.802291226056791373e-01 0.000000000000000000e+00 3.951138282694913184e-01 3.534348301098290679e-01 3.230154594454347494e-01 2.663726972128070969e-01 4.495065271658150174e-01 4.756674802747606345e-01 3.172758346666158524e-01 4.147609830491627014e-01 5.417217718776188295e-01 1.816249965200285033e-01 7.291784226134681024e-01 1.998403393934370387e-01 5.513222078267753234e-01 6.400507233149881348e-01 3.987258637900281677e-01 7.171939963503130011e-01 5.533109758525756039e-01 1.934864525578971484e-01 8.821382102600858754e-01 4.687574825211657248e-01 6.310012588942053302e-01 3.180549455534540382e-01 3.943209895912718199e-01 6.308298686066071692e-01 4.658858791749903583e-01 3.710045137562972828e-01 3.022006374658875449e-01 5.239389676295107545e-01 5.587793866123691444e-01 5.240967261893412221e-01
7.804386513130670000e-01 1.447558413436690339e-01 9.261066655656752244e-01 1.502863501726950934e-01 3.951138282694913184e-01 0.000000000000000000e+00 7.987512545465970115e-01 3.128145473464251092e-01 4.382701601443801387e-01 8.717114349587424815e-01 6.644651278699458263e-01 2.369078554887721344e-01 4.628227638057960669e-01 1.588206008830423954e-01 3.668551070717669393e-01 9.472298122363831396e-02 3.729646887465352667e-01 1.773233806677789737e-01 3.202860964932604526e-01 3.861472197252147076e-02 8.336117802200254667e-01 1.295238834578835152e-01 7.284864865612338258e-01 5.986383948829909762e-01 6.591640394567196415e-01 4.321875698336308247e-01 7.920333965591742631e-01 8.711985443952268149e-01 5.112651573471742594e-01 8.897521961837513427e-01 7.899017077735731585e-01 5.047657640865306217e-01 7.581262810246789385e-01 1.654023979163210534e-01 5.047834630796337319e-01
4.488102590216802579e-01 2.665283609584275237e-01 3.042840919158017465e-01 5.128353173322043324e-01 3.534348301098290679e-01 7.987512545465970115e-01 0.000000000000000000e+00 6.621801676607630416e-02 4.258456780997666447e-01 3.340765511027673496e-01 5.218342596547758117e-01 3.871831904948343506e-01 7.335873773613860171e-01 6.029074901330229164e-01 4.648536965855423198e-01 3.900000937767031939e-01 5.384186548791332072e-01 7.140208893938209123e-01 4.422946720681822930e-01 6.841557062631901109e-01 7.053586435998061566e-01 5.864481974356465788e-01 7.075840248824637468e-01 6.512527974060210445e-01 4.237175161329409523e-02 8.553600006313288873e-01 2.237974732035391545e-01 5.041534458715508649e-01 3.210738181881849229e-01 1.623272919751641563e-01 3.915440005880720387e-01 8.784132469716633418e-01 2.895643515105191801e-01 4.578725673821732456e-01 3.997629338681791822e-01
3.608224067941197544e-01 6.375556310989537456e-01 5.567905697421355882e-01 2.133436100645450528e-01 3.230154594454347494e-01 3.128145473464251092e-01 6.621801676607630416e-02 0.000000000000000000e+00 9.601140035463010536e-01 5.669567668434969399e-01 7.052737735583389789e-01 7.825073134346791637e-01 7.496196984906300376e-01 6.833044377376058520e-01 5.801491383653305522e-01 3.400799636323749708e-01 4.997307580696221940e-01 5.142277038265723466e-01 2.973445287011017846e-01 7.607394688855434461e-01 4.146933959780169654e-01 5.629742780499199517e-01 4.792425299772997693e-01 6.037070569505054163e-01 4.568444422392472504e-01 4.417460172966966025e-01 5.130237880584240795e-01 3.013928926005933762e-01 3.322443406214888872e-01 4.729725369248860556e-01 5.059282458935157045e-01 5.425834169273080487e-01 5.846539777640546998e-01 6.183648934260954633e-01 2.633483603398953932e-01
4.102358605860177976e-01 2.999435398046865209e-01 6.339942636253077524e-01 4.273714426579282577e-01 2.663726972128070969e-01 4.382701601443801387e-01 4.258456780997666447e-01 9.601140035463010536e-01 0.000000000000000000e+00 9.171630318304568874e-02 4.419469538700945277e-01 9.098059036790963061e-01 5.358655595247997505e-01 3.255745797561383492e-01 4.841278851748260781e-01 4.506709300081479519e-01 3.256797867613223652e-01 2.610195192986436430e-01 4.184556038553733370e-01 4.550173151580463315e-01 4.270818506934483949e-01 7.269810173336961334e-01 7.334297804131709730e-01 5.492557871679192294e-01 3.879607630352477354e-01 2.798647583365031499e-01 2.246256929116456913e-01 6.474624056868594213e-01 4.046723769015698746e-01 8.657216945677678188e-01 3.753518572913394635e-01 3.775999324270741808e-01 3.980657544677860260e-01 4.381863419249716896e-01 4.243853322996280486e-01
2.600863108686464198e-01 3.222088614336016676e-01 4.383312752652008260e-01 4.438672907553361524e-01 4.495065271658150174e-01 8.717114349587424815e-01 3.340765511027673496e-01 5.669567668434969399e-01 9.171630318304568874e-02 0.000000000000000000e+00 6.240244663334265640e-01 3.782752949134709497e-01 1.093515770585956615e-01 5.120029894314056529e-01 6.424064565014224737e-01 5.510989246386095441e-01 4.607775363966299942e-01 8.234343775404461274e-01 4.931494312607989094e-01 6.757910058955405308e-01 3.786460897545443904e-01 1.685501572316293606e-01 5.168007088266246551e-01 5.804934812568356417e-01 5.996273089158692393e-01 8.423569343646712948e-01 5.390215711687894595e-01 1.198803124210058302e-01 5.707130933667838857e-01 7.760613713461406160e-01 4.143351809043380740e-01 3.268600274006240869e-01 4.873626757332886750e-01 8.202739531681180196e-01 5.976548916040588244e-01
7.542892430166980855e-02 8.232964966836225917e-01 6.394434360378251636e-01 3.011057240597636575e-01 4.756674802747606345e-01 6.644651278699458263e-01 5.218342596547758117e-01 7.052737735583389789e-01 4.419469538700945277e-01 6.240244663334265640e-01 0.000000000000000000e+00 9.303593119766058184e-01 6.209332269298923901e-01 7.836941831045369788e-01 7.338284398384999907e-01 4.033261908510154536e-01 4.680751343257015806e-01 3.109689569619301097e-01 5.802118474109753121e-01 3.222902737525336070e-01 2.398217815678338471e-02 7.346884328020351074e-01 5.454430502733904618e-01 3.213449073128963329e-01 4.171035745988329047e-01 1.057242577303055819e-01 5.744848269793084716e-01 8.284378571948891601e-01 3.352004434823445678e-01 3.127525477508903418e-01 1.324944671605652324e-01 6.264477129744941974e-01 3.021633440302050611e-01 5.747139340186772083e-01 9.207630485709512591e-01
7.255196988349020826e-01 6.355640709110665920e-01 8.016610597549027606e-01 4.877635386478064716e-01 3.172758346666158524e-01 2.369078554887721344e-01 3.871831904948343506e-01 7.825073134346791637e-01 9.098059036790963061e-01 3.782752949134709497e-01 9.303593119766058184e-01 0.000000000000000000e+00 4.318995322485970068e-01 3.528829263157212681e-01 6.084796345453993283e-01 8.647741086591091975e-01 5.162508486855312828e-01 3.904008591865557598e-01 4.606531024062086588e-01 6.054144210077102572e-01 2.923542252888291504e-01 9.458077017898602890e-02 7.988416846093462365e-01 5.259639042282918675e-01 8.478890874657942778e-01 5.284980948413835478e-01 4.586960623626955558e-01 1.096682084850862937e-01 7.185818164901327521e-01 2.571712745964342961e-01 1.108431652778517629e-01 5.920926672303690186e-01 1.474854588444728942e-01 1.883907160737217090e-01 6.629061414682915210e-01
8.281396505175632194e-01 4.547057356777121084e-01 1.542554431946518423e-01 4.382381810418219947e-01 4.147609830491627014e-01 4.628227638057960669e-01 7.335873773613860171e-01 7.496196984906300376e-01 5.358655595247997505e-01 1.093515770585956615e-01 6.209332269298923901e-01 4.318995322485970068e-01 0.000000000000000000e+00 9.197524655550362027e-01 7.114907410817915556e-01 5.891108554795738694e-01 4.547289049952168427e-01 4.321087696497132868e-01 3.538205279315401741e-01 6.380613079079680006e-01 5.479514988285604238e-01 5.427424705330946564e-01 4.340271000726196315e-01 6.739489878323152716e-01 6.988780125147502353e-01 7.453368170538894333e-01 4.871304747209874719e-01 2.591229822318305009e-01 8.034358205411987752e-01 6.759277049796175163e-01 6.877665303569211463e-01 8.244412410786030598e-01 6.633387898485388900e-01 6.938153736592398424e-01 2.973128326487629036e-01
5.708648824253860221e-01 2.188235004808710138e-01 6.781225207713122982e-01 5.248753036728310839e-01 5.417217718776188295e-01 1.588206008830423954e-01 6.029074901330229164e-01 6.833044377376058520e-01 3.255745797561383492e-01 5.120029894314056529e-01 7.836941831045369788e-01 3.528829263157212681e-01 9.197524655550362027e-01 0.000000000000000000e+00 4.075935425637375320e-01 3.861192296179941641e-01 6.257868629142728789e-01 2.582100658689918671e-01 3.092821992363862793e-01 4.152109588112151695e-01 5.854596924191610707e-01 5.013660464040136100e-01 2.201416747518550876e-01 2.772760116853895118e-01 5.695885499561141874e-01 4.764730923970149634e-01 2.199155852517012399e-01 9.124216515755714241e-01 5.192290762279478944e-01 4.742778845575643665e-01 3.335673099676783604e-01 3.396375747979866189e-01 4.401182178202056594e-01 2.644132572307622553e-01 5.013399175193429258e-01
7.903360585747838396e-01 4.298884936930760237e-01 1.841836159997302103e-01 4.676114855057300623e-01 1.816249965200285033e-01 3.668551070717669393e-01 4.648536965855423198e-01 5.801491383653305522e-01 4.841278851748260781e-01 6.424064565014224737e-01 7.338284398384999907e-01 6.084796345453993283e-01 7.114907410817915556e-01 4.075935425637375320e-01 0.000000000000000000e+00 2.074588981300070079e-01 6.072155826259617584e-01 2.854567135666454814e-01 2.750233647656864511e-01 7.618100096042361713e-01 6.301357942760921205e-01 4.774564407250793119e-01 4.359950268881030988e-01 4.500779844985761668e-01 7.357715045697195144e-01 8.225199038625565784e-01 7.530369623056403228e-01 6.492320223820560177e-01 3.890637783396612148e-01 7.111666163481260572e-01 7.731804894032543451e-01 7.406818057253268250e-01 5.781992585151428665e-01 4.012201261435600630e-01 4.284507943493379711e-01
3.489777559408975272e-01 5.969248005378479105e-01 5.191140667880757009e-01 7.432518930380411781e-01 7.291784226134681024e-01 9.472298122363831396e-02 3.900000937767031939e-01 3.400799636323749708e-01 4.506709300081479519e-01 5.510989246386095441e-01 4.033261908510154536e-01 8.647741086591091975e-01 5.891108554795738694e-01 3.861192296179941641e-01 2.074588981300070079e-01 0.000000000000000000e+00 9.530629071062326485e-01 4.389534584627157177e-01 5.861787501587869542e-01 7.322204377877219450e-01 7.498873760601865168e-01 5.094315954425976400e-01 2.621472495149628767e-01 4.535262803156698830e-01 7.626135725634162199e-01 1.825881348570447260e-01 6.962762856785620347e-01 7.512551556479969417e-01 2.719736679811199931e-01 5.150755884274291763e-01 7.380670015038351961e-01 4.793166038267594464e-01 8.081929628183655012e-01 8.647360417015705902e-01 7.938669680589187649e-01
5.580886604600125978e-01 1.396556120664451672e-01 3.652785982249141528e-01 7.417423844930810528e-01 1.998403393934370387e-01 3.729646887465352667e-01 5.384186548791332072e-01 4.997307580696221940e-01 3.256797867613223652e-01 4.607775363966299942e-01 4.680751343257015806e-01 5.162508486855312828e-01 4.547289049952168427e-01 6.257868629142728789e-01 6.072155826259617584e-01 9.530629071062326485e-01 0.000000000000000000e+00 6.705814116190350616e-01 3.171624888372766016e-01 4.302741558369803099e-01 5.074334209286248676e-01 5.174892731282542124e-01 4.145252448358276443e-01 4.969078912182772201e-01 2.624094812586182934e-01 1.761526512083226859e-01 3.660675117791357680e-01 5.755113563059098825e-01 5.954123286593532294e-02 7.289632042005937951e-01 4.133203250730160261e-01 5.098710409036653068e-01 1.598661509088160626e-01 6.714747625853214608e-01 5.089126486457542509e-01
4.348863602810983942e-01 8.051906681527093435e-01 5.321599430932986152e-01 7.170105631663714618e-01 5.513222078267753234e-01 1.773233806677789737e-01 7.140208893938209123e-01 5.142277038265723466e-01 2.610195192986436430e-01 8.234343775404461274e-01 3.109689569619301097e-01 3.904008591865557598e-01 4.321087696497132868e-01 2.582100658689918671e-01 2.854567135666454814e-01 4.389534584627157177e-01 6.705814116190350616e-01 0.000000000000000000e+00 3.251802704380872822e-01 4.471435246534160024e-01 7.288364796681822133e-01 1.876948785633672512e-01 6.974264588880442206e-01 3.683766547204149200e-01 3.737422429425916182e-01 6.130512946840420696e-01 3.904056592478317156e-01 6.466361339509698603e-01 8.458814478808481807e-01 5.618744852193036099e-01 4.716155394609539142e-01 5.014211343282264366e-01 6.109489526788000058e-01 8.753754556553183797e-01 4.652968106524982272e-01
4.588295252732229046e-01 6.142949042932044357e-01 7.330929683835407662e-01 1.572053511820996619e-01 6.400507233149881348e-01 3.202860964932604526e-01 4.422946720681822930e-01 2.973445287011017846e-01 4.184556038553733370e-01 4.931494312607989094e-01 5.802118474109753121e-01 4.606531024062086588e-01 3.538205279315401741e-01 3.092821992363862793e-01 2.750233647656864511e-01 5.861787501587869542e-01 3.171624888372766016e-01 3.251802704380872822e-01 0.000000000000000000e+00 3.027685870842429239e-01 1.714052653478131960e-01 1.068093503689260260e-01 4.704370144387373109e-01 5.676419917211883437e-01 7.315566977696604800e-01 3.531865598242179827e-01 4.596258147882187339e-01 6.986282325967005935e-01 4.869736441602188770e-01 4.938514521105897837e-01 4.707127607065616504e-01 2.583401897241053846e-01 6.551229725895759692e-01 6.800098170456800872e-01 3.519087202012318727e-01
4.554446817999819874e-01 4.120083180842085691e-01 4.858670222544385631e-01 6.082550818707985751e-01 3.987258637900281677e-01 3.861472197252147076e-02 6.841557062631901109e-01 7.607394688855434461e-01 4.550173151580463315e-01 6.757910058955405308e-01 3.222902737525336070e-01 6.054144210077102572e-01 6.380613079079680006e-01 4.152109588112151695e-01 7.618100096042361713e-01 7.322204377877219450e-01 4.302741558369803099e-01 4.471435246534160024e-01 3.027685870842429239e-01 0.000000000000000000e+00 7.572351216731697532e-01 5.323053605375308583e-01 4.828312961394853886e-01 8.377214151612693005e-01 5.157614927461001697e-01 5.359329646950391490e-01 8.452856910460508910e-01 7.324156879098735473e-01 8.294659049647181703e-01 6.064729908200123809e-01 3.270777013998866223e-01 6.035127826567781018e-01 5.060953122114126845e-01 5.236402778160738070e-01 6.594644603042321140e-01
7.112536265560240878e-01 7.176595066912564436e-01 1.732536832124039750e-01 3.394828045137421868e-01 7.171939963503130011e-01 8.336117802200254667e-01 7.053586435998061566e-01 4.146933959780169654e-01 4.270818506934483949e-01 3.786460897545443904e-01 2.398217815678338471e-02 2.923542252888291504e-01 5.479514988285604238e-01 5.854596924191610707e-01 6.301357942760921205e-01 7.498873760601865168e-01 5.074334209286248676e-01 7.288364796681822133e-01 1.714052653478131960e-01 7.572351216731697532e-01 0.000000000000000000e+00 1.534070615730351861e-01 6.579267743169834315e-01 6.301780895635287205e-01 3.957839367585157531e-01 7.173601943037611894e-01 2.441826698064595291e-01 2.216742172931465693e-01 3.240441645108469437e-01 6.783397017631516146e-01 6.771448580944592344e-01 6.304770954503089442e-01 5.496603921629801270e-01 5.684725424226051427e-01 5.371799683118764213e-01
6.523787104333528264e-01 8.114666108104952036e-01 3.957328383126728077e-01 4.927474858756886178e-01 5.533109758525756039e-01 1.295238834578835152e-01 5.864481974356465788e-01 5.629742780499199517e-01 7.269810173336961334e-01 1.685501572316293606e-01 7.346884328020351074e-01 9.458077017898602890e-02 5.427424705330946564e-01 5.013660464040136100e-01 4.774564407250793119e-01 5.094315954425976400e-01 5.174892731282542124e-01 1.876948785633672512e-01 1.068093503689260260e-01 5.323053605375308583e-01 1.534070615730351861e-01 0.000000000000000000e+00 2.906580345484159889e-01 6.794298293737344174e-01 9.007807826283558139e-01 9.824344188640117270e-01 2.763592616680613512e-01 1.632302417347727408e-01 4.494947993250500429e-01 7.326755857600679711e-01 8.852715006324333169e-01 3.070213805517018058e-01 5.197445865652640107e-01 2.462823000221264214e-01 5.191747513544989756e-01
3.511156706319269460e-01 8.180702391076739577e-01 2.226457801293392214e-01 9.182704918090363044e-01 1.934864525578971484e-01 7.284864865612338258e-01 7.075840248824637468e-01 4.792425299772997693e-01 7.334297804131709730e-01 5.168007088266246551e-01 5.454430502733904618e-01 7.988416846093462365e-01 4.340271000726196315e-01 2.201416747518550876e-01 4.359950268881030988e-01 2.621472495149628767e-01 4.145252448358276443e-01 6.974264588880442206e-01 4.704370144387373109e-01 4.828312961394853886e-01 6.579267743169834315e-01 2.906580345484159889e-01 0.000000000000000000e+00 7.369145991835053255e-01 5.477423971625136057e-01 3.954090150454964703e-01 6.384061570500969562e-01 3.041736016190706993e-01 6.630588015862337592e-01 3.080853546042437996e-01 5.393788501203300445e-01 2.462655958642475662e-01 3.002191496245364966e-01 3.007664122237906357e-01 4.214683405621126866e-01
4.533447590669058003e-01 1.053123352199454299e-01 6.237824657027010167e-01 2.557521869738208498e-01 8.821382102600858754e-01 5.986383948829909762e-01 6.512527974060210445e-01 6.037070569505054163e-01 5.492557871679192294e-01 5.804934812568356417e-01 3.213449073128963329e-01 5.259639042282918675e-01 6.739489878323152716e-01 2.772760116853895118e-01 4.500779844985761668e-01 4.535262803156698830e-01 4.969078912182772201e-01 3.683766547204149200e-01 5.676419917211883437e-01 8.377214151612693005e-01 6.301780895635287205e-01 6.794298293737344174e-01 7.369145991835053255e-01 0.000000000000000000e+00 3.379006860623016695e-01 2.720289174990222492e-01 6.743122689245563128e-01 7.897036083592945399e-02 5.123829074565894315e-01 1.227112578508142704e-01 5.343460903998725753e-01 7.717518028283554266e-01 7.912279754980497959e-01 4.894218027707922247e-01 1.869886600997329729e-01
5.036710035415927766e-01 9.202493509659526172e-01 8.978805734826309504e-01 1.923601896898675667e-01 4.687574825211657248e-01 6.591640394567196415e-01 4.237175161329409523e-02 4.568444422392472504e-01 3.879607630352477354e-01 5.996273089158692393e-01 4.171035745988329047e-01 8.478890874657942778e-01 6.988780125147502353e-01 5.695885499561141874e-01 7.357715045697195144e-01 7.626135725634162199e-01 2.624094812586182934e-01 3.737422429425916182e-01 7.315566977696604800e-01 5.157614927461001697e-01 3.957839367585157531e-01 9.007807826283558139e-01 5.477423971625136057e-01 3.379006860623016695e-01 0.000000000000000000e+00 3.159482180134726148e-01 5.467717601832379204e-01 5.495530275438378354e-01 6.595900826897800329e-01 6.263767207675536852e-01 4.874607846805901201e-01 6.809113693939696788e-01 8.974907877846319826e-01 7.945579510893114872e-01 4.131833518151927787e-01
5.511783677604008558e-01 5.132117889285785495e-01 7.891100289781151078e-01 8.611204459352745921e-01 6.310012588942053302e-01 4.321875698336308247e-01 8.553600006313288873e-01 4.417460172966966025e-01 2.798647583365031499e-01 8.423569343646712948e-01 1.057242577303055819e-01 5.284980948413835478e-01 7.453368170538894333e-01 4.764730923970149634e-01 8.225199038625565784e-01 1.825881348570447260e-01 1.761526512083226859e-01 6.130512946840420696e-01 3.531865598242179827e-01 5.359329646950391490e-01 7.173601943037611894e-01 9.824344188640117270e-01 3.954090150454964703e-01 2.720289174990222492e-01 3.159482180134726148e-01 0.000000000000000000e+00 7.343037555369891223e-01 4.903965648221823015e-01 2.126502159764256383e-01 7.835896227921050894e-01 2.339469156569788932e-01 1.231698266368180805e-01 4.333765850788405816e-01 3.136507241619972408e-01 3.889401242109108425e-01
4.352214382686529492e-01 8.309486698743508981e-01 5.680567537275471590e-01 3.241570679745874317e-01 3.180549455534540382e-01 7.920333965591742631e-01 2.237974732035391545e-01 5.130237880584240795e-01 2.246256929116456913e-01 5.390215711687894595e-01 5.744848269793084716e-01 4.586960623626955558e-01 4.871304747209874719e-01 2.199155852517012399e-01 7.530369623056403228e-01 6.962762856785620347e-01 3.660675117791357680e-01 3.904056592478317156e-01 4.596258147882187339e-01 8.452856910460508910e-01 2.441826698064595291e-01 2.763592616680613512e-01 6.384061570500969562e-01 6.743122689245563128e-01 5.467717601832379204e-01 7.343037555369891223e-01 0.000000000000000000e+00 4.375938563591507124e-01 5.760867648216104753e-01 4.773747184604532068e-01 3.844889056590218290e-01 3.053392124873920976e-01 8.274303172415594654e-01 4.730088260451089655e-01 6.589196966326580363e-01
8.288419200059784497e-01 2.377011465395879042e-01 7.047250908465660935e-01 7.313306501928518166e-02 3.943209895912718199e-01 8.711985443952268149e-01 5.041534458715508649e-01 3.013928926005933762e-01 6.474624056868594213e-01 1.198803124210058302e-01 8.284378571948891601e-01 1.096682084850862937e-01 2.591229822318305009e-01 9.124216515755714241e-01 6.492320223820560177e-01 7.512551556479969417e-01 5.755113563059098825e-01 6.466361339509698603e-01 6.986282325967005935e-01 7.324156879098735473e-01 2.216742172931465693e-01 1.632302417347727408e-01 3.041736016190706993e-01 7.897036083592945399e-02 5.495530275438378354e-01 4.903965648221823015e-01 4.375938563591507124e-01 0.000000000000000000e+00 5.490368498615724180e-01 5.329371767911005309e-01 3.243649026788506529e-01 2.415776178336773716e-01 3.080356717225504193e-01 4.344900293378090583e-01 8.592728177207299423e-01
4.246780817854399204e-01 8.082716368742228763e-01 1.029654512613562556e-01 7.770313327003230963e-01 6.308298686066071692e-01 5.112651573471742594e-01 3.210738181881849229e-01 3.322443406214888872e-01 4.046723769015698746e-01 5.707130933667838857e-01 3.352004434823445678e-01 7.185818164901327521e-01 8.034358205411987752e-01 5.192290762279478944e-01 3.890637783396612148e-01 2.719736679811199931e-01 5.954123286593532294e-02 8.458814478808481807e-01 4.869736441602188770e-01 8.294659049647181703e-01 3.240441645108469437e-01 4.494947993250500429e-01 6.630588015862337592e-01 5.123829074565894315e-01 6.595900826897800329e-01 2.126502159764256383e-01 5.760867648216104753e-01 5.490368498615724180e-01 0.000000000000000000e+00 3.942525351092466268e-01 2.865749008966517186e-01 3.052527610837843519e-01 8.309175882615187358e-01 5.323502762071448124e-01 4.746156749004774023e-01
6.071296316857911490e-01 4.023433151134513941e-01 2.719957104714885165e-01 2.693494013319556180e-01 4.658858791749903583e-01 8.897521961837513427e-01 1.623272919751641563e-01 4.729725369248860556e-01 8.657216945677678188e-01 7.760613713461406160e-01 3.127525477508903418e-01 2.571712745964342961e-01 6.759277049796175163e-01 4.742778845575643665e-01 7.111666163481260572e-01 5.150755884274291763e-01 7.289632042005937951e-01 5.618744852193036099e-01 4.938514521105897837e-01 6.064729908200123809e-01 6.783397017631516146e-01 7.326755857600679711e-01 3.080853546042437996e-01 1.227112578508142704e-01 6.263767207675536852e-01 7.835896227921050894e-01 4.773747184604532068e-01 5.329371767911005309e-01 3.942525351092466268e-01 0.000000000000000000e+00 5.683884393441462901e-02 2.719590176716414343e-01 5.920512203371005588e-01 2.163114695180309299e-01 6.933851663734318382e-01
5.381249424828922212e-01 5.454252842892799436e-01 3.577076657324588793e-01 2.619108277902346682e-01 3.710045137562972828e-01 7.899017077735731585e-01 3.915440005880720387e-01 5.059282458935157045e-01 3.753518572913394635e-01 4.143351809043380740e-01 1.324944671605652324e-01 1.108431652778517629e-01 6.877665303569211463e-01 3.335673099676783604e-01 7.731804894032543451e-01 7.380670015038351961e-01 4.133203250730160261e-01 4.716155394609539142e-01 4.707127607065616504e-01 3.270777013998866223e-01 6.771448580944592344e-01 8.852715006324333169e-01 5.393788501203300445e-01 5.343460903998725753e-01 4.874607846805901201e-01 2.339469156569788932e-01 3.844889056590218290e-01 3.243649026788506529e-01 2.865749008966517186e-01 5.683884393441462901e-02 0.000000000000000000e+00 6.606521747919722465e-01 6.057085247262414818e-01 5.224046472993040258e-01 2.851555832912280319e-01
5.024090970015906432e-01 8.189378311901196472e-01 8.717148704184117802e-01 7.245254031403380868e-01 3.022006374658875449e-01 5.047657640865306217e-01 8.784132469716633418e-01 5.425834169273080487e-01 3.775999324270741808e-01 3.268600274006240869e-01 6.264477129744941974e-01 5.920926672303690186e-01 8.244412410786030598e-01 3.396375747979866189e-01 7.406818057253268250e-01 4.793166038267594464e-01 5.098710409036653068e-01 5.014211343282264366e-01 2.583401897241053846e-01 6.035127826567781018e-01 6.304770954503089442e-01 3.070213805517018058e-01 2.462655958642475662e-01 7.717518028283554266e-01 6.809113693939696788e-01 1.231698266368180805e-01 3.053392124873920976e-01 2.415776178336773716e-01 3.052527610837843519e-01 2.719590176716414343e-01 6.606521747919722465e-01 0.000000000000000000e+00 1.175524026812309053e-01 4.730629366774183886e-01 6.433386443173116920e-01
5.645531935167912296e-01 4.673078065030974448e-01 5.668778860993004542e-01 8.624309701485347590e-01 5.239389676295107545e-01 7.581262810246789385e-01 2.895643515105191801e-01 5.846539777640546998e-01 3.980657544677860260e-01 4.873626757332886750e-01 3.021633440302050611e-01 1.474854588444728942e-01 6.633387898485388900e-01 4.401182178202056594e-01 5.781992585151428665e-01 8.081929628183655012e-01 1.598661509088160626e-01 6.109489526788000058e-01 6.551229725895759692e-01 5.060953122114126845e-01 5.496603921629801270e-01 5.197445865652640107e-01 3.002191496245364966e-01 7.912279754980497959e-01 8.974907877846319826e-01 4.333765850788405816e-01 8.274303172415594654e-01 3.080356717225504193e-01 8.309175882615187358e-01 5.920512203371005588e-01 6.057085247262414818e-01 1.175524026812309053e-01 0.000000000000000000e+00 7.996067469602073929e-01 8.092021893186931436e-01
5.197452572812756300e-01 5.777571450739050762e-01 5.147057708832161182e-01 4.992074335412238217e-01 5.587793866123691444e-01 1.654023979163210534e-01 4.578725673821732456e-01 6.183648934260954633e-01 4.381863419249716896e-01 8.202739531681180196e-01 5.747139340186772083e-01 1.883907160737217090e-01 6.938153736592398424e-01 2.644132572307622553e-01 4.012201261435600630e-01 8.647360417015705902e-01 6.714747625853214608e-01 8.753754556553183797e-01 6.800098170456800872e-01 5.236402778160738070e-01 5.684725424226051427e-01 2.462823000221264214e-01 3.007664122237906357e-01 4.894218027707922247e-01 7.945579510893114872e-01 3.136507241619972408e-01 4.730088260451089655e-01 4.344900293378090583e-01 5.323502762071448124e-01 2.163114695180309299e-01 5.224046472993040258e-01 4.730629366774183886e-01 7.996067469602073929e-01 0.000000000000000000e+00 4.915357546648056464e-01
9.643746857118767890e-02 6.687714993556178600e-01 7.997215512996581621e-01 6.982059259696219433e-01 5.240967261893412221e-01 5.047834630796337319e-01 3.997629338681791822e-01 2.633483603398953932e-01 4.243853322996280486e-01 5.976548916040588244e-01 9.207630485709512591e-01 6.629061414682915210e-01 2.973128326487629036e-01 5.013399175193429258e-01 4.284507943493379711e-01 7.938669680589187649e-01 5.089126486457542509e-01 4.652968106524982272e-01 3.519087202012318727e-01 6.594644603042321140e-01 5.371799683118764213e-01 5.191747513544989756e-01 4.214683405621126866e-01 1.869886600997329729e-01 4.131833518151927787e-01 3.889401242109108425e-01 6.589196966326580363e-01 8.592728177207299423e-01 4.746156749004774023e-01 6.933851663734318382e-01 2.851555832912280319e-01 6.433386443173116920e-01 8.092021893186931436e-01 4.915357546648056464e-01 0.000000000000000000e+00
