0.000000000000000000e+00 6.165063384726761075e-01 7.920929998039005770e-01 4.641383237130848882e-01 8.372388668214643115e-01 4.966949347822093297e-01 8.371502130080501480e-01 7.400468738414027747e-01 5.331167338752702545e-01 7.150580639691334062e-01 5.293310782537401504e-01 7.512995622966537335e-01 6.574136167287882859e-01 3.305640058335617137e-01 5.742457274202197315e-01 5.853560380851887679e-01 4.941939897032845974e-01 4.593532217748297897e-01 8.827826972249127602e-01 9.152854400167220739e-01 7.986794534481203023e-01 3.797864320110533320e-01 4.557827829140480014e-01 5.123527177903435259e-01 6.797849166189422476e-01 2.927426371435074559e-01 3.744207681992320902e-01 9.210820675625699394e-01 7.658802895609373440e-01 7.895632003036139324e-01 3.770591635415452836e-01 5.454737478106663762e-01 8.698880643257442813e-01 2.801999371922724302e-01 4.665269669213744086e-01
6.165063384726761075e-01 0.000000000000000000e+00 6.650192260981091508e-01 4.520633641994581398e-01 9.726113087616934383e-01 5.284609965113549190e-01 2.950360307734225529e-01 5.751161802442814608e-01 7.313057904099876660e-01 8.501314238415846880e-01 6.280669504705982398e-02 1.204962837813245979e-01 3.200607302199426352e-01 6.614118215023354619e-01 4.428757135144001378e-01 7.074491904964120836e-01 1.978229946747248613e-01 8.300253345392754056e-01 5.052084217467742722e-01 3.491838137544033271e-01 6.412291636735245604e-01 6.312695408468422809e-01 4.578361939487867738e-01 3.491584139943553211e-01 4.023256188517584375e-01 3.559528148838130290e-01 2.284132626316486281e-01 7.357390859328146737e-01 6.438443128256885473e-01 8.244339595089056338e-01 5.143307359826612135e-01 5.032214503961620622e-01 7.548023008882640550e-01 6.807582539818862744e-01 4.263016427258524699e-01
7.920929998039005770e-01 6.650192260981091508e-01 0.000000000000000000e+00 7.397025346474261909e-01 4.383248966885637810e-01 2.238945959523110374e-01 8.799915942164722171e-01 7.199094194845179207e-01 8.555268777008100400e-01 8.816173145553464208e-01 1.323149820748946714e-01 3.091543084768124672e-01 2.949112094030218456e-01 6.321778476983475059e-01 4.388720992832850776e-01 8.088130052451416585e-01 7.925022468611868653e-01 7.305848433453119295e-01 5.086908981498745597e-01 4.105739620788627642e-01 7.616386297074022593e-01 3.505948561676828223e-01 8.540860227918074532e-01 8.975469156047952701e-01 7.594340140700331920e-01 7.897356268454416295e-01 3.659015462143520581e-01 5.378114795284977268e-01 7.843851534686242521e-01 3.634669879842059026e-01 7.404334569515993447e-01 7.642601832178905763e-01 4.541766186255336568e-01 6.378219184113094187e-01 5.989984034301932825e-01
4.641383237130848882e-01 4.520633641994581398e-01 7.397025346474261909e-01 0.000000000000000000e+00 7.544002057296743669e-01 4.446613997241311567e-01 3.284395233440521311e-01 5.091397805361865814e-01 5.416357323616800556e-01 7.473346314962597825e-01 8.334255892767514773e-01 4.039807195707837417e-01 7.925428564784235963e-01 7.402157024680586783e-01 6.356488776432039911e-01 5.909526918537091333e-01 6.571713367148237506e-01 3.745713287197788288e-01 2.642031308856102045e-01 3.463892715837497693e-01 6.862208308094526199e-01 5.357927171015045564e-01 2.341819816104740992e-01 5.178471725629578692e-01 6.074054784292142184e-01 2.994449473263519623e-01 3.498548849447967179e-01 9.276018446341808277e-01 3.814536845416801603e-01 8.839096342077084056e-01 4.395861802299180776e-01 4.290724128393490489e-01 4.727987450843025297e-01 6.590723892629040126e-01 4.583696180643482831e-01
8.372388668214643115e-01 9.726113087616934383e-01 4.383248966885637810e-01 7.544002057296743669e-01 0.000000000000000000e+00 3.514489670497586982e-01 5.156901305631355070e-01 3.902549922958883921e-01 1.084785830012242602e-01 5.011651888456840620e-01 6.851838947463884111e-01 5.910513779582479144e-01 6.827121994045087794e-01 5.419188485303985114e-01 3.231273133861682911e-01 3.112902693195849224e-01 4.798117570162552248e-01 7.971306857276134750e-01 5.109576646873773553e-01 8.160022020263802967e-01 5.098846442578148785e-01 3.409369745899495374e-01 3.289533451182450330e-01 4.816471769347759890e-01 5.706598074043671698e-01 8.298374220422495284e-01 7.209886092443518191e-01 1.509121143487867078e-01 8.521656260309184994e-01 5.827961383623418978e-01 3.823927934832191955e-01 3.658042811558228635e-01 2.458282638436272982e-01 5.432550943754466122e-01 2.303399869532971878e-01
4.966949347822093297e-01 5.284609965113549190e-01 2.238945959523110374e-01 4.446613997241311567e-01 3.514489670497586982e-01 0.000000000000000000e+00 5.342317559277178773e-01 7.329970750199408247e-01 2.683443522023506445e-01 1.468383444992650277e-01 4.244177100655154300e-01 8.317924521302183516e-01 8.772494904572947227e-01 3.886347433442060573e-01 2.853389715647540736e-01 1.595488636084929635e-01 7.877039778705174911e-01 3.996401149479804071e-01 8.116590746807986756e-01 8.097756220588432363e-01 6.050656617828076289e-01 3.018778612566394015e-01 3.535794622639421014e-01 4.863600701087316125e-01 3.756899029947123880e-01 6.892946003902753471e-01 4.687487465992700719e-01 6.869487167027302776e-01 4.539908314250158394e-01 3.657731289567625610e-01 4.769790117950704067e-01 9.011171059403321193e-01 7.793026534527425220e-01 4.733032333811264536e-01 6.416620278951929990e-01
8.371502130080501480e-01 2.950360307734225529e-01 8.799915942164722171e-01 3.284395233440521311e-01 5.156901305631355070e-01 5.342317559277178773e-01 0.000000000000000000e+00 7.837724469683291506e-01 3.377956317594231206e-01 2.396616724239238605e-01 5.243605257146587428e-01 7.090377256670911121e-01 3.208477858127839477e-01 3.260358843891946190e-01 3.796068952275858943e-01 7.873580968530609070e-01 8.652309486191194221e-01 5.114405497247109800e-01 7.903222629502348884e-01 8.626491834241700740e-01 5.537224625084467000e-01 3.194009428690203212e-01 9.545863553526614531e-01 1.619765308797728176e-01 5.487224358972137006e-01 7.299688836853477358e-01 8.365083937769591804e-01 2.927050857238847614e-01 4.780337889948495511e-01 6.151584718284118791e-01 6.927023891754748863e-01 4.466760770347454335e-01 1.177811427271273637e-01 4.785731783527377714e-01 8.263983499700782165e-01
7.400468738414027747e-01 5.751161802442814608e-01 7.199094194845179207e-01 5.091397805361865814e-01 3.902549922958883921e-01 7.329970750199408247e-01 7.837724469683291506e-01 0.000000000000000000e+00 1.604582185705148989e-01 7.545164378704787289e-01 6.983265718328017790e-01 6.374790481823695565e-01 2.980857455284207647e-01 5.719259796983826583e-01 8.555272686084791633e-01 1.530575810047872798e-01 2.259898927264577251e-01 7.072050120052579825e-01 4.557483444285610474e-01 7.640528717243048051e-01 4.654489690860778572e-01 6.561442665778813854e-01 1.368013592369156095e-01 4.704275965734243670e-01 5.861322689679493436e-01 8.505494189021851614e-01 8.528310526437055117e-01 3.496911887163406951e-01 8.986529201714583692e-01 2.170531194692553179e-01 4.190287942798195386e-01 1.272700701312241556e-01 7.770084912435673008e-01 4.152491641801266953e-01 5.223410075264663943e-01
5.331167338752702545e-01 7.313057904099876660e-01 8.555268777008100400e-01 5.416357323616800556e-01 1.084785830012242602e-01 2.683443522023506445e-01 3.377956317594231206e-01 1.604582185705148989e-01 0.000000000000000000e+00 4.432933642630004778e-01 8.585872000799157355e-01 6.189945262514642277e-01 4.174835594351951062e-01 8.529110881005265155e-01 5.900886888015912657e-01 6.665394942882688634e-01 4.752116015224208123e-01 5.265574049891987851e-01 5.028613974874863723e-01 6.361672869316545853e-01 5.250164498824962944e-01 3.788457073454384316e-01 4.681767826789631770e-01 6.808817637495843123e-01 3.587827131355698640e-01 4.619509967511000736e-01 1.936544144620326868e-01 9.145211109783357717e-02 7.266858651202772190e-01 3.850745883403079994e-01 4.621592542156555128e-01 4.050859963880220072e-01 4.347215747799688668e-01 6.269501904051424379e-01 6.914246262897106865e-01
7.150580639691334062e-01 8.501314238415846880e-01 8.816173145553464208e-01 7.473346314962597825e-01 5.011651888456840620e-01 1.468383444992650277e-01 2.396616724239238605e-01 7.545164378704787289e-01 4.432933642630004778e-01 0.000000000000000000e+00 7.503710935943406213e-01 2.834638476277044350e-01 5.151261268941009774e-01 3.287519739701147969e-01 1.445630965683482039e-01 4.944992197056440331e-01 3.456867540114312853e-01 7.035877890666601964e-01 1.583682667615627926e-01 4.273211029659864657e-01 6.199300573116606206e-01 3.882226219747804685e-01 5.794929745562036327e-01 4.928358336866128231e-01 4.761813281006656018e-01 3.310604679330717559e-01 8.957015890120988422e-01 2.030800134314265648e-01 7.999604385755565428e-01 8.685394935411669959e-01 7.115349118077969326e-01 4.728660050026160522e-01 3.481379868255646270e-01 4.497698159461456235e-01 3.315996508168929102e-01
5.293310782537401504e-01 6.280669504705982398e-02 1.323149820748946714e-01 8.334255892767514773e-01 6.851838947463884111e-01 4.244177100655154300e-01 5.243605257146587428e-01 6.983265718328017790e-01 8.585872000799157355e-01 7.503710935943406213e-01 0.000000000000000000e+00 4.038546154803650534e-01 1.708418612551525495e-01 5.306480960644743838e-01 4.827211666020884695e-01 4.592306453912027298e-01 5.302847111497287491e-01 3.060049942435278947e-01 9.467642885095104432e-01 9.887903298124549600e-01 3.667958538250176703e-01 5.501928388219304855e-01 3.638160871313455003e-01 9.577531291805827518e-01 4.010409127668840834e-01 4.038835778339719962e-01 4.711288823039670448e-01 3.814214059543662438e-01 5.980677204368549660e-01 6.678735353002238639e-01 4.755651134009795666e-01 3.535929158761685898e-01 7.648477563259736822e-01 7.759304190528111267e-01 7.074342181200922175e-01
7.512995622966537335e-01 1.204962837813245979e-01 3.091543084768124672e-01 4.039807195707837417e-01 5.910513779582479144e-01 8.317924521302183516e-01 7.090377256670911121e-01 6.374790481823695565e-01 6.189945262514642277e-01 2.834638476277044350e-01 4.038546154803650534e-01 0.000000000000000000e+00 8.020320828493212595e-01 2.827920267039928381e-01 9.388984039147866278e-01 2.649793775316525712e-01 6.456640669461688464e-01 2.682037588718417798e-01 5.087226254185372998e-01 5.011145660593984141e-01 3.795592710064813469e-01 8.546082950531881384e-01 2.881465814072743381e-01 7.815242332960103955e-01 5.789209429340985702e-01 6.464985748336756766e-01 4.710385941560057965e-01 4.814145313830191508e-01 6.540558041351324237e-01 1.668012050623768339e-02 6.394895433500522586e-01 6.678870643290568676e-01 7.249647863030588280e-01 8.114098803134630611e-01 8.660528216539423729e-01
6.574136167287882859e-01 3.200607302199426352e-01 2.949112094030218456e-01 7.925428564784235963e-01 6.827121994045087794e-01 8.772494904572947227e-01 3.208477858127839477e-01 2.980857455284207647e-01 4.174835594351951062e-01 5.151261268941009774e-01 1.708418612551525495e-01 8.020320828493212595e-01 0.000000000000000000e+00 5.376061907714630994e-01 6.016055746047693775e-01 9.814681976629846538e-02 7.522590213585023111e-01 6.668294769978848624e-01 5.996399736541420111e-01 8.902755172344813950e-01 6.432909220900704383e-01 3.117467660452387102e-01 6.614199901250574776e-01 7.856286483115917374e-01 7.639560383974313140e-01 6.726514052778453934e-01 8.981528482332105101e-01 3.354821040972183477e-01 4.553823534367592019e-01 9.182999507369137282e-01 6.359629099807950769e-02 6.714485256233602151e-01 4.333022015636088797e-01 8.807023867450851640e-01 6.659530262738815320e-01
3.305640058335617137e-01 6.614118215023354619e-01 6.321778476983475059e-01 7.402157024680586783e-01 5.419188485303985114e-01 3.886347433442060573e-01 3.260358843891946190e-01 5.719259796983826583e-01 8.529110881005265155e-01 3.287519739701147969e-01 5.306480960644743838e-01 2.827920267039928381e-01 5.376061907714630994e-01 0.000000000000000000e+00 2.853886537821672675e-01 4.805827556990927008e-01 7.525031444578278439e-01 5.408641496233773660e-01 7.822281217975168843e-01 6.824567865833912617e-01 6.117012516706812342e-01 5.240267612015288012e-01 3.779259305727722396e-01 7.843189077956598254e-01 1.515489153205871187e-01 9.130131674577603995e-01 9.708181670090595405e-01 6.532500697843127702e-01 4.098080142606045362e-01 4.255853944314954562e-01 8.307005306289042545e-01 8.437126682683079304e-01 4.940384997868009220e-01 6.912107481150673305e-01 3.531315111815086505e-01
5.742457274202197315e-01 4.428757135144001378e-01 4.388720992832850776e-01 6.356488776432039911e-01 3.231273133861682911e-01 2.853389715647540736e-01 3.796068952275858943e-01 8.555272686084791633e-01 5.900886888015912657e-01 1.445630965683482039e-01 4.827211666020884695e-01 9.388984039147866278e-01 6.016055746047693775e-01 2.853886537821672675e-01 0.000000000000000000e+00 4.202821489302898672e-01 6.112923656289572794e-01 7.462915421657039250e-01 8.615166528936892831e-01 7.849446302219136307e-01 3.612230336491258909e-01 3.698966376173459247e-01 6.295106375655922237e-01 3.192446005399885989e-01 1.225251653542805408e-01 2.835510223434792865e-01 1.903625691296392253e-01 4.453249338874341046e-01 3.889254922132452386e-01 4.400531498565719568e-01 7.945529287589148115e-01 7.803561592874714847e-01 4.190581242980864207e-01 8.884707892105556670e-01 5.865074393229900984e-01
5.853560380851887679e-01 7.074491904964120836e-01 8.088130052451416585e-01 5.909526918537091333e-01 3.112902693195849224e-01 1.595488636084929635e-01 7.873580968530609070e-01 1.530575810047872798e-01 6.665394942882688634e-01 4.944992197056440331e-01 4.592306453912027298e-01 2.649793775316525712e-01 9.814681976629846538e-02 4.805827556990927008e-01 4.202821489302898672e-01 0.000000000000000000e+00 5.034796898450326630e-01 4.467984457380202445e-01 6.852254860869317898e-01 2.163206554439023321e-01 1.556222149072223337e-01 8.720967374871361200e-01 5.844018361346261514e-01 3.662698780638187768e-01 6.093789137595514438e-01 6.629667757733952449e-01 5.401272988094883987e-01 4.977322559175690886e-01 1.647232514455868602e-01 9.126557032400612890e-01 5.544282265980314817e-01 4.773273741346626964e-01 5.745539872762834843e-01 7.859006114706285073e-01 9.411418664884718677e-02
4.941939897032845974e-01 1.978229946747248613e-01 7.925022468611868653e-01 6.571713367148237506e-01 4.798117570162552248e-01 7.877039778705174911e-01 8.652309486191194221e-01 2.259898927264577251e-01 4.752116015224208123e-01 3.456867540114312853e-01 5.302847111497287491e-01 6.456640669461688464e-01 7.522590213585023111e-01 7.525031444578278439e-01 6.112923656289572794e-01 5.034796898450326630e-01 0.000000000000000000e+00 3.005891750797167195e-01 4.031086775075227724e-01 7.803555683970208046e-01 8.956815327750524691e-01 5.579626505428878502e-01 8.298200474967393214e-01 2.561343818013002149e-01 6.688955129080467188e-01 8.583967303334152366e-01 2.187070196280750389e-01 7.910440574083452692e-01 1.540735430176295440e-01 7.854184341248449108e-01 8.737070327060002528e-01 6.446778608184992043e-01 5.956503548966360917e-01 5.351601848074885037e-01 5.520809494372553861e-01
4.593532217748297897e-01 8.300253345392754056e-01 7.305848433453119295e-01 3.745713287197788288e-01 7.971306857276134750e-01 3.996401149479804071e-01 5.114405497247109800e-01 7.072050120052579825e-01 5.265574049891987851e-01 7.035877890666601964e-01 3.060049942435278947e-01 2.682037588718417798e-01 6.668294769978848624e-01 5.408641496233773660e-01 7.462915421657039250e-01 4.467984457380202445e-01 3.005891750797167195e-01 0.000000000000000000e+00 6.336368419275498765e-01 2.180836670018539980e-01 2.525726238183350070e-01 9.860697746127716767e-01 1.407189725588591234e-01 5.603543477724840516e-01 4.630836604745030005e-01 8.180689153689756354e-01 3.699124355396834485e-01 6.707317906889032066e-01 6.440933192930158313e-01 7.111016398751505152e-01 6.825619806188166772e-01 7.894749769027034070e-01 6.616858690916558317e-01 7.916222423109871009e-01 2.177468720421434911e-01
8.827826972249127602e-01 5.052084217467742722e-01 5.086908981498745597e-01 2.642031308856102045e-01 5.109576646873773553e-01 8.116590746807986756e-01 7.903222629502348884e-01 4.557483444285610474e-01 5.028613974874863723e-01 1.583682667615627926e-01 9.467642885095104432e-01 5.087226254185372998e-01 5.996399736541420111e-01 7.822281217975168843e-01 8.615166528936892831e-01 6.852254860869317898e-01 4.031086775075227724e-01 6.336368419275498765e-01 0.000000000000000000e+00 5.888690875853290763e-01 8.856565688091120325e-01 5.273826740011082759e-01 7.292123341700175176e-01 2.250244431273018542e-02 7.448936031095373389e-01 4.523370279342885381e-01 6.858323529009814346e-01 6.676501268627172969e-01 8.665184051031562529e-01 6.390634084516304547e-01 2.742632760779383228e-01 5.768394383286551408e-01 6.556633023689006912e-02 6.507884722507888409e-01 6.246688635719914728e-01
9.152854400167220739e-01 3.491838137544033271e-01 4.105739620788627642e-01 3.463892715837497693e-01 8.160022020263802967e-01 8.097756220588432363e-01 8.626491834241700740e-01 7.640528717243048051e-01 6.361672869316545853e-01 4.273211029659864657e-01 9.887903298124549600e-01 5.011145660593984141e-01 8.902755172344813950e-01 6.824567865833912617e-01 7.849446302219136307e-01 2.163206554439023321e-01 7.803555683970208046e-01 2.180836670018539980e-01 5.888690875853290763e-01 0.000000000000000000e+00 4.722457538532858767e-01 9.428348970586089006e-01 6.529466790852709313e-01 6.184379120063181468e-01 7.380974944406102356e-01 7.632086401443074486e-01 7.377663474389632992e-01 5.906854948037231212e-01 4.901727364075199600e-01 1.802656304140977106e-01 3.933214031583694981e-01 5.593087845658308854e-01 7.914751006884639395e-01 1.262378103524636197e-01 8.451300416714631059e-01
7.986794534481203023e-01 6.412291636735245604e-01 7.616386297074022593e-01 6.862208308094526199e-01 5.098846442578148785e-01 6.050656617828076289e-01 5.537224625084467000e-01 4.654489690860778572e-01 5.250164498824962944e-01 6.199300573116606206e-01 3.667958538250176703e-01 3.795592710064813469e-01 6.432909220900704383e-01 6.117012516706812342e-01 3.612230336491258909e-01 1.556222149072223337e-01 8.956815327750524691e-01 2.525726238183350070e-01 8.856565688091120325e-01 4.722457538532858767e-01 0.000000000000000000e+00 3.752611107713833549e-01 8.936970307203395691e-02 9.131743904370812626e-01 3.763640658630819091e-01 5.022470142752196720e-01 8.298574882360653104e-01 5.938043381400152088e-01 4.072534852043346310e-01 4.099392142759704649e-01 7.192354735699648671e-01 7.805722784325048735e-01 6.311267364908667021e-01 6.740272431855096613e-01 4.983345678665653811e-01
3.797864320110533320e-01 6.312695408468422809e-01 3.505948561676828223e-01 5.357927171015045564e-01 3.409369745899495374e-01 3.018778612566394015e-01 3.194009428690203212e-01 6.561442665778813854e-01 3.788457073454384316e-01 3.882226219747804685e-01 5.501928388219304855e-01 8.546082950531881384e-01 3.117467660452387102e-01 5.240267612015288012e-01 3.698966376173459247e-01 8.720967374871361200e-01 5.579626505428878502e-01 9.860697746127716767e-01 5.273826740011082759e-01 9.428348970586089006e-01 3.752611107713833549e-01 0.000000000000000000e+00 3.153546318787083802e-01 7.273977840180869681e-01 4.187184853298299703e-01 8.551510433866034155e-01 4.169479493850554719e-01 2.643783485398694122e-01 5.133766945789202119e-01 7.943368299496398333e-01 6.916775032904498577e-02 9.280341889859848870e-01 3.455295831494260006e-01 6.954710992326943453e-01 7.219779875335502473e-01
4.557827829140480014e-01 4.578361939487867738e-01 8.540860227918074532e-01 2.341819816104740992e-01 3.289533451182450330e-01 3.535794622639421014e-01 9.545863553526614531e-01 1.368013592369156095e-01 4.681767826789631770e-01 5.794929745562036327e-01 3.638160871313455003e-01 2.881465814072743381e-01 6.614199901250574776e-01 3.779259305727722396e-01 6.295106375655922237e-01 5.844018361346261514e-01 8.298200474967393214e-01 1.407189725588591234e-01 7.292123341700175176e-01 6.529466790852709313e-01 8.936970307203395691e-02 3.153546318787083802e-01 0.000000000000000000e+00 5.185678641494897434e-01 8.840390651664664645e-02 6.005083649166347293e-01 8.041357283163674818e-01 4.407325958358023210e-01 8.348928047374817307e-01 3.909089661589451592e-01 7.730158430973119721e-01 8.149446012132319783e-01 3.660810421729123743e-01 7.942674758120153999e-01 7.264346948866340359e-01
5.123527177903435259e-01 3.491584139943553211e-01 8.975469156047952701e-01 5.178471725629578692e-01 4.816471769347759890e-01 4.863600701087316125e-01 1.619765308797728176e-01 4.704275965734243670e-01 6.808817637495843123e-01 4.928358336866128231e-01 9.577531291805827518e-01 7.815242332960103955e-01 7.856286483115917374e-01 7.843189077956598254e-01 3.192446005399885989e-01 3.662698780638187768e-01 2.561343818013002149e-01 5.603543477724840516e-01 2.250244431273018542e-02 6.184379120063181468e-01 9.131743904370812626e-01 7.273977840180869681e-01 5.185678641494897434e-01 0.000000000000000000e+00 4.202071453049279759e-01 3.165692611008119606e-01 4.061364340883019119e-01 4.608291072443270742e-01 4.906789245593248805e-01 5.969763024241345750e-01 9.523043447547954177e-01 3.272584642988781156e-01 4.493705184459546587e-01 6.673382711593747185e-01 4.742789691864459645e-01
6.797849166189422476e-01 4.023256188517584375e-01 7.594340140700331920e-01 6.074054784292142184e-01 5.706598074043671698e-01 3.756899029947123880e-01 5.487224358972137006e-01 5.861322689679493436e-01 3.587827131355698640e-01 4.761813281006656018e-01 4.010409127668840834e-01 5.789209429340985702e-01 7.639560383974313140e-01 1.515489153205871187e-01 1.225251653542805408e-01 6.093789137595514438e-01 6.688955129080467188e-01 4.630836604745030005e-01 7.448936031095373389e-01 7.380974944406102356e-01 3.763640658630819091e-01 4.187184853298299703e-01 8.840390651664664645e-02 4.202071453049279759e-01 0.000000000000000000e+00 9.514878952036806004e-01 6.867846700625259704e-01 6.209742338824617569e-01 7.829138040848138136e-01 9.269837791352266709e-01 5.258580583794102425e-01 7.540776316515599431e-01 3.953281962564105245e-01 4.747106450105761932e-01 5.367184033844231150e-01
2.927426371435074559e-01 3.559528148838130290e-01 7.897356268454416295e-01 2.994449473263519623e-01 8.298374220422495284e-01 6.892946003902753471e-01 7.299688836853477358e-01 8.505494189021851614e-01 4.619509967511000736e-01 3.310604679330717559e-01 4.038835778339719962e-01 6.464985748336756766e-01 6.726514052778453934e-01 9.130131674577603995e-01 2.835510223434792865e-01 6.629667757733952449e-01 8.583967303334152366e-01 8.180689153689756354e-01 4.523370279342885381e-01 7.632086401443074486e-01 5.022470142752196720e-01 8.551510433866034155e-01 6.005083649166347293e-01 3.165692611008119606e-01 9.514878952036806004e-01 0.000000000000000000e+00 3.286325078294782820e-01 8.626182621641600434e-01 1.534081394235269347e-01 4.116969615893095735e-01 4.644533541620053940e-01 4.953434426516713507e-01 6.552373997309255405e-01 5.361821960970545309e-01 6.725008719328525730e-01
3.744207681992320902e-01 2.284132626316486281e-01 3.659015462143520581e-01 3.498548849447967179e-01 7.209886092443518191e-01 4.687487465992700719e-01 8.365083937769591804e-01 8.528310526437055117e-01 1.936544144620326868e-01 8.957015890120988422e-01 4.711288823039670448e-01 4.710385941560057965e-01 8.981528482332105101e-01 9.708181670090595405e-01 1.903625691296392253e-01 5.401272988094883987e-01 2.187070196280750389e-01 3.699124355396834485e-01 6.858323529009814346e-01 7.377663474389632992e-01 8.298574882360653104e-01 4.169479493850554719e-01 8.041357283163674818e-01 4.061364340883019119e-01 6.867846700625259704e-01 3.286325078294782820e-01 0.000000000000000000e+00 2.686293333811271555e-01 1.232613709220716780e-01 5.750387382841638528e-01 6.981474790558845900e-01 7.318619871857110493e-01 9.414806472471417553e-01 6.506476126250374525e-01 1.933031370589514131e-01
9.210820675625699394e-01 7.357390859328146737e-01 5.378114795284977268e-01 9.276018446341808277e-01 1.509121143487867078e-01 6.869487167027302776e-01 2.927050857238847614e-01 3.496911887163406951e-01 9.145211109783357717e-02 2.030800134314265648e-01 3.814214059543662438e-01 4.814145313830191508e-01 3.354821040972183477e-01 6.532500697843127702e-01 4.453249338874341046e-01 4.977322559175690886e-01 7.910440574083452692e-01 6.707317906889032066e-01 6.676501268627172969e-01 5.906854948037231212e-01 5.938043381400152088e-01 2.643783485398694122e-01 4.407325958358023210e-01 4.608291072443270742e-01 6.209742338824617569e-01 8.626182621641600434e-01 2.686293333811271555e-01 0.000000000000000000e+00 7.328050992707946243e-01 6.910490762055110370e-01 9.305593516783016161e-01 6.801982078057492442e-01 5.868269306818970632e-01 9.161383979046310300e-01 5.134617222055852803e-01
7.658802895609373440e-01 6.438443128256885473e-01 7.843851534686242521e-01 3.814536845416801603e-01 8.521656260309184994e-01 4.539908314250158394e-01 4.780337889948495511e-01 8.986529201714583692e-01 7.266858651202772190e-01 7.999604385755565428e-01 5.980677204368549660e-01 6.540558041351324237e-01 4.553823534367592019e-01 4.098080142606045362e-01 3.889254922132452386e-01 1.647232514455868602e-01 1.540735430176295440e-01 6.440933192930158313e-01 8.665184051031562529e-01 4.901727364075199600e-01 4.072534852043346310e-01 5.133766945789202119e-01 8.348928047374817307e-01 4.906789245593248805e-01 7.829138040848138136e-01 1.534081394235269347e-01 1.232613709220716780e-01 7.328050992707946243e-01 0.000000000000000000e+00 4.148647538179465188e-01 1.410110295409446879e-01 9.234475512828508315e-01 6.885472588837808772e-01 4.802928516381333446e-01 7.966145770424083450e-01
7.895632003036139324e-01 8.244339595089056338e-01 3.634669879842059026e-01 8.839096342077084056e-01 5.827961383623418978e-01 3.657731289567625610e-01 6.151584718284118791e-01 2.170531194692553179e-01 3.850745883403079994e-01 8.685394935411669959e-01 6.678735353002238639e-01 1.668012050623768339e-02 9.182999507369137282e-01 4.255853944314954562e-01 4.400531498565719568e-01 9.126557032400612890e-01 7.854184341248449108e-01 7.111016398751505152e-01 6.390634084516304547e-01 1.802656304140977106e-01 4.099392142759704649e-01 7.943368299496398333e-01 3.909089661589451592e-01 5.969763024241345750e-01 9.269837791352266709e-01 4.116969615893095735e-01 5.750387382841638528e-01 6.910490762055110370e-01 4.148647538179465188e-01 0.000000000000000000e+00 6.139350121438866825e-01 3.479082397818526462e-01 6.639806491149191636e-01 4.475615920490184085e-01 4.719577866691655466e-01
3.770591635415452836e-01 5.143307359826612135e-01 7.404334569515993447e-01 4.395861802299180776e-01 3.823927934832191955e-01 4.769790117950704067e-01 6.927023891754748863e-01 4.190287942798195386e-01 4.621592542156555128e-01 7.115349118077969326e-01 4.755651134009795666e-01 6.394895433500522586e-01 6.359629099807950769e-02 8.307005306289042545e-01 7.945529287589148115e-01 5.544282265980314817e-01 8.737070327060002528e-01 6.825619806188166772e-01 2.742632760779383228e-01 3.933214031583694981e-01 7.192354735699648671e-01 6.916775032904498577e-02 7.730158430973119721e-01 9.523043447547954177e-01 5.258580583794102425e-01 4.644533541620053940e-01 6.981474790558845900e-01 9.305593516783016161e-01 1.410110295409446879e-01 6.139350121438866825e-01 0.000000000000000000e+00 1.586750548541793204e-01 8.862926642883797168e-01 4.399526499571254634e-01 4.861194965418092484e-01
5.454737478106663762e-01 5.032214503961620622e-01 7.642601832178905763e-01 4.290724128393490489e-01 3.658042811558228635e-01 9.011171059403321193e-01 4.466760770347454335e-01 1.272700701312241556e-01 4.050859963880220072e-01 4.728660050026160522e-01 3.535929158761685898e-01 6.678870643290568676e-01 6.714485256233602151e-01 8.437126682683079304e-01 7.803561592874714847e-01 4.773273741346626964e-01 6.446778608184992043e-01 7.894749769027034070e-01 5.768394383286551408e-01 5.593087845658308854e-01 7.805722784325048735e-01 9.280341889859848870e-01 8.149446012132319783e-01 3.272584642988781156e-01 7.540776316515599431e-01 4.953434426516713507e-01 7.318619871857110493e-01 6.801982078057492442e-01 9.234475512828508315e-01 3.479082397818526462e-01 1.586750548541793204e-01 0.000000000000000000e+00 8.436006856487443528e-01 7.064789091671872523e-01 7.419282722976926481e-01
8.698880643257442813e-01 7.548023008882640550e-01 4.541766186255336568e-01 4.727987450843025297e-01 2.458282638436272982e-01 7.793026534527425220e-01 1.177811427271273637e-01 7.770084912435673008e-01 4.347215747799688668e-01 3.481379868255646270e-01 7.648477563259736822e-01 7.249647863030588280e-01 4.333022015636088797e-01 4.940384997868009220e-01 4.190581242980864207e-01 5.745539872762834843e-01 5.956503548966360917e-01 6.616858690916558317e-01 6.556633023689006912e-02 7.914751006884639395e-01 6.311267364908667021e-01 3.455295831494260006e-01 3.660810421729123743e-01 4.493705184459546587e-01 3.953281962564105245e-01 6.552373997309255405e-01 9.414806472471417553e-01 5.868269306818970632e-01 6.885472588837808772e-01 6.639806491149191636e-01 8.862926642883797168e-01 8.436006856487443528e-01 0.000000000000000000e+00 8.511515656355780335e-01 6.810003898543754985e-01
2.801999371922724302e-01 6.807582539818862744e-01 6.378219184113094187e-01 6.590723892629040126e-01 5.432550943754466122e-01 4.733032333811264536e-01 4.785731783527377714e-01 4.152491641801266953e-01 6.269501904051424379e-01 4.497698159461456235e-01 7.759304190528111267e-01 8.114098803134630611e-01 8.807023867450851640e-01 6.912107481150673305e-01 8.884707892105556670e-01 7.859006114706285073e-01 5.351601848074885037e-01 7.916222423109871009e-01 6.507884722507888409e-01 1.262378103524636197e-01 6.740272431855096613e-01 6.954710992326943453e-01 7.942674758120153999e-01 6.673382711593747185e-01 4.747106450105761932e-01 5.361821960970545309e-01 6.506476126250374525e-01 9.161383979046310300e-01 4.802928516381333446e-01 4.475615920490184085e-01 4.399526499571254634e-01 7.064789091671872523e-01 8.511515656355780335e-01 0.000000000000000000e+00 4.653901818849890404e-01
4.665269669213744086e-01 4.263016427258524699e-01 5.989984034301932825e-01 4.583696180643482831e-01 2.303399869532971878e-01 6.416620278951929990e-01 8.263983499700782165e-01 5.223410075264663943e-01 6.914246262897106865e-01 3.315996508168929102e-01 7.074342181200922175e-01 8.660528216539423729e-01 6.659530262738815320e-01 3.531315111815086505e-01 5.865074393229900984e-01 9.411418664884718677e-02 5.520809494372553861e-01 2.177468720421434911e-01 6.246688635719914728e-01 8.451300416714631059e-01 4.983345678665653811e-01 7.219779875335502473e-01 7.264346948866340359e-01 4.742789691864459645e-01 5.367184033844231150e-01 6.725008719328525730e-01 1.933031370589514131e-01 5.134617222055852803e-01 7.966145770424083450e-01 4.719577866691655466e-01 4.861194965418092484e-01 7.419282722976926481e-01 6.810003898543754985e-01 4.653901818849890404e-01 0.000000000000000000e+00
