0.000000000000000000e+00 5.043662172356996320e-01 5.617915923158807168e-01 9.460222872466227395e-01 3.887325896665351777e-01 1.511654794733406915e-01 5.846085527504549795e-01 6.637586334488025930e-01 2.496217016639978303e-01 3.372857586770636740e-01 5.377016140331811744e-01 4.834950733808888734e-01 4.367644148518783354e-01 6.064778679586639853e-01 6.064369694861948545e-01 8.098142110992720966e-01 4.297505731987131261e-01 7.785555949738403037e-01 5.943051682758382359e-01 3.946805819396708159e-01 7.176572816844410951e-01 7.163515312748769404e-01 6.031668044036166965e-01 3.327989394110617560e-01 7.667093496899179961e-02 7.902125141512864603e-01 8.333282595669153636e-01 7.839684939882363146e-01 2.692631096756021858e-01 2.202110491344161369e-01 3.968124510560804286e-01 1.796563077441895029e-01 9.443392323010753042e-01 4.757955192711217363e-01 4.726143950831617202e-01
5.043662172356996320e-01 0.000000000000000000e+00 4.448795159148417611e-01 3.803608844392641908e-01 4.850499603888496214e-01 4.999626238721213145e-01 6.075958380919797008e-01 6.859293717642792609e-01 6.470497520978751860e-01 4.418624743784623776e-01 6.936707046243282271e-01 6.662516594043307316e-01 2.724455628823075348e-01 2.576241761884613402e-01 4.952649907388246286e-01 4.900805899265030519e-01 2.992946844586686916e-01 8.069025041414248367e-01 3.272550031433461015e-01 5.993549356589960020e-01 2.798709903977182334e-01 3.475709999403492900e-01 8.881226300431795950e-01 7.866150962131664981e-01 8.854734597375988336e-01 4.248947660231880974e-01 8.614763787314118071e-01 1.167687580632467137e-01 5.138953507431849310e-01 6.040372181708479893e-01 7.572099445239606208e-01 6.510027373116398230e-01 4.626921850116783030e-01 7.348687297191965895e-01 3.713319705127074988e-01
5.617915923158807168e-01 4.448795159148417611e-01 0.000000000000000000e+00 9.210543673380404694e-01 1.650544506140259049e-01 4.866690192905867574e-01 2.167576853861463149e-01 3.569270395478368885e-01 2.978632609072300874e-01 5.258000062791823304e-01 4.955304511834995318e-01 4.509279112234342302e-01 6.036497026212216399e-01 5.082492949528384374e-01 2.307622129438658964e-01 4.637775393287620895e-01 2.430417433454404863e-01 3.164158352474437108e-01 1.872268465541657156e-01 4.362088687314978896e-01 4.181946733518747683e-01 4.667033747897288420e-01 6.399040358692662522e-01 5.562900026520696262e-01 7.117383057512193245e-01 1.962136457682305268e-01 6.594735179828472571e-01 5.672107376623469754e-01 2.997493999979078394e-01 7.070300109944529510e-01 4.805333029240114184e-01 4.671849144240408647e-01 5.880195386411576353e-01 7.157068353781957937e-01 7.769847759910168961e-01
9.460222872466227395e-01 3.803608844392641908e-01 9.210543673380404694e-01 0.000000000000000000e+00 3.468257616756087458e-01 3.602270111662841945e-01 3.885493073285777310e-01 5.346686650790271056e-01 4.620241226601003448e-01 7.244065555380401200e-01 5.629503353193445747e-01 5.476580553563316078e-01 3.022342119575027741e-01 9.116600133823626884e-01 5.857036701191602468e-01 3.969505542526308162e-01 6.869403960347303384e-01 5.407129174704204955e-01 5.916193078372362635e-01 2.953839392369510541e-01 6.305256780096464286e-01 2.892370996544764150e-01 3.119053867626596643e-01 4.872037704218962206e-01 5.438820232590750869e-01 2.549678562029760176e-01 1.137332422922417985e-01 8.242895471257138951e-01 1.817518712093789679e-01 4.992435586500507672e-01 3.425594441497872289e-01 6.756455568769326181e-02 7.840313540179164598e-01 7.792283183938197855e-01 1.396954333830890960e-01
3.887325896665351777e-01 4.850499603888496214e-01 1.650544506140259049e-01 3.468257616756087458e-01 0.000000000000000000e+00 3.722841512904936367e-01 7.065900754539947703e-01 5.486781132484370715e-01 8.092790445767827912e-02 5.937710691361631765e-01 3.199328283984720911e-01 6.507753260320925381e-01 5.601660823130194533e-01 4.412662644251867938e-01 2.302198445283196726e-01 4.507682217283180415e-01 4.156361165486974762e-01 4.740974470757296499e-01 3.867037237872715805e-01 3.389654623200326622e-01 1.686316509549041776e-01 1.618442303388084591e-01 3.766110280227672469e-01 5.330461602570124580e-01 4.802113250031990188e-01 5.400009548688476935e-01 7.630400881447336747e-01 8.372321666829780629e-01 9.091606505299489882e-01 4.476025719889247800e-01 4.230228301903214971e-01 7.569354512075674446e-01 9.255677511725184381e-01 4.979891667888314832e-01 4.848777890344083130e-01
1.511654794733406915e-01 4.999626238721213145e-01 4.866690192905867574e-01 3.602270111662841945e-01 3.722841512904936367e-01 0.000000000000000000e+00 5.064631802276807759e-01 5.395508977243221871e-01 5.758080006016091934e-01 6.597008752011637167e-01 2.572700513326393046e-01 6.811096730047447867e-01 7.123839133022029646e-01 5.424327323503652654e-01 4.524337305367313045e-01 7.131781896303832635e-01 4.668028207150247688e-01 7.958470662665213524e-01 5.693870447587350281e-01 4.590266568614446152e-01 3.808275673109052795e-01 4.799310964625338460e-01 4.759163237523983958e-01 5.691104233722225070e-01 4.426342865345582744e-01 8.361682931563922949e-01 1.181668393567849584e-01 4.983399074910661586e-01 3.755862827556363803e-01 8.261887856168542710e-01 5.397251777973095521e-01 3.034426464068454843e-01 3.133852952261670932e-01 8.705485247053338371e-01 3.177844556551752131e-01
5.846085527504549795e-01 6.075958380919797008e-01 2.167576853861463149e-01 3.885493073285777310e-01 7.065900754539947703e-01 5.064631802276807759e-01 0.000000000000000000e+00 7.025703529283400250e-02 5.155059842248372881e-01 2.228112724681939882e-01 7.339641013608628750e-01 7.728799237683910972e-01 2.973899711722024497e-01 6.528707347137130412e-01 6.418425909083491643e-01 3.523376120374137610e-01 2.756386940153164322e-01 1.978593326025109844e-01 3.787202151276575224e-01 2.613805445979148212e-01 8.196406412418524301e-01 2.668414674755092975e-01 1.566546552173857521e-01 3.325681512344850210e-01 2.494544556692486759e-01 3.564966785539391836e-02 4.054301847843231332e-01 4.339656787068495447e-01 4.163036478034455312e-01 4.103735678440298962e-01 5.261477174923707700e-01 8.926700756552442551e-01 7.589160346298975401e-01 1.926740776366928642e-01 7.630190815666954007e-01
6.637586334488025930e-01 6.859293717642792609e-01 3.569270395478368885e-01 5.346686650790271056e-01 5.486781132484370715e-01 5.395508977243221871e-01 7.025703529283400250e-02 0.000000000000000000e+00 6.205187174789636995e-01 7.529995415257739744e-01 8.513158608632963587e-01 4.095812700717249566e-01 4.711536098680163542e-01 7.601180714018971329e-01 6.047653092761320348e-01 1.147259783293291813e-01 4.236326480201950684e-01 1.852045664818338100e-01 1.283337321991273594e-02 1.304768672448217703e-01 4.747324103101784321e-01 5.692590298476323252e-01 2.248288343030605541e-01 7.128299736231128447e-01 4.235438454777341599e-01 3.685747888506045733e-01 6.973433564661555284e-01 7.041919582281639389e-01 9.936181162540426159e-01 8.416657681761817722e-01 8.538314723267916850e-01 5.286115335711938368e-01 1.047977632047321084e-01 7.469605980297706616e-01 5.715079579682538213e-01
2.496217016639978303e-01 6.470497520978751860e-01 2.978632609072300874e-01 4.620241226601003448e-01 8.092790445767827912e-02 5.758080006016091934e-01 5.155059842248372881e-01 6.205187174789636995e-01 0.000000000000000000e+00 3.217908482611305798e-01 4.384286384646002288e-01 2.302577765665075882e-01 9.114019384635461130e-01 8.928648098202607297e-01 2.229064807782588642e-01 7.018174662545637599e-01 7.145303170296199990e-01 4.924646968576922301e-01 8.177708460049450956e-01 2.379955067501789978e-01 6.788041053370983402e-01 6.574103043750765263e-01 6.896151406409983808e-01 4.338106851940232711e-01 3.068396004142045497e-01 5.396450155575120977e-01 6.418845146625409281e-01 3.570346759058741215e-01 3.641875441227295784e-01 6.557249544261549712e-01 4.803584901678064623e-01 7.473859853897613092e-02 2.099228917489067703e-01 3.867975100154912305e-01 4.937726038380078619e-01
3.372857586770636740e-01 4.418624743784623776e-01 5.258000062791823304e-01 7.244065555380401200e-01 5.937710691361631765e-01 6.597008752011637167e-01 2.228112724681939882e-01 7.529995415257739744e-01 3.217908482611305798e-01 0.000000000000000000e+00 5.953177886773133309e-01 6.169761909481913387e-01 4.641195412224150552e-01 7.590043999964448673e-01 4.415276834462793509e-01 4.640476306202422352e-01 4.653931423231937314e-01 6.102596808734839229e-02 5.554736761237061282e-01 6.357285227688045381e-01 7.703627138152284726e-01 5.358149317109992538e-01 1.939235907596348341e-01 7.435787843294880961e-01 9.259749170744249192e-01 5.279721719503522870e-01 7.200524439359980988e-01 4.633601105728413216e-01 4.259359337742495977e-01 4.140681013234450702e-01 8.094312088705954977e-01 6.307121135711264426e-01 2.693135627991914416e-01 8.478406956971447084e-01 7.554736478959274137e-01
5.377016140331811744e-01 6.936707046243282271e-01 4.955304511834995318e-01 5.629503353193445747e-01 3.199328283984720911e-01 2.572700513326393046e-01 7.339641013608628750e-01 8.513158608632963587e-01 4.384286384646002288e-01 5.953177886773133309e-01 0.000000000000000000e+00 4.392162488239251261e-01 2.400449959205136485e-01 7.320738179220377395e-01 3.770364793943983273e-01 5.161092456960323371e-01 5.468793194168883876e-01 6.858611024135470302e-01 4.071574201263327697e-01 4.428305269858262005e-01 4.791749824025131055e-01 2.558522759298588189e-01 7.695930409933608995e-01 6.401703383855829044e-01 1.050446019422691668e-01 7.948199828417554791e-01 8.729099453446145240e-01 4.634863437318940127e-01 2.818923030500671834e-01 2.381855330230766565e-01 3.232915718187434062e-01 2.574073051566735382e-01 1.417607489740710935e-01 5.767864780729208274e-01 5.336509959668460645e-01
4.834950733808888734e-01 6.662516594043307316e-01 4.509279112234342302e-01 5.476580553563316078e-01 6.507753260320925381e-01 6.811096730047447867e-01 7.728799237683910972e-01 4.095812700717249566e-01 2.302577765665075882e-01 6.169761909481913387e-01 4.392162488239251261e-01 0.000000000000000000e+00 4.354556237786551542e-01 4.771388931509027431e-01 6.086328888726092456e-01 8.229251057650656120e-01 3.572399114660913533e-01 5.773094640306866143e-01 6.603666540641861538e-01 5.545807711842638543e-01 4.528583452452727420e-01 2.383819812635755153e-01 1.463684130266542649e-01 4.584451969383882552e-01 7.300524644192341039e-01 7.947820017998766806e-01 5.922970082464005248e-01 3.722921464460875463e-01 5.747347146855761313e-01 8.002265789672760032e-01 8.905068172745644883e-01 9.269561384953408645e-01 5.721072782128269196e-01 7.214938078159343071e-01 3.671235881147436042e-01
4.367644148518783354e-01 2.724455628823075348e-01 6.036497026212216399e-01 3.022342119575027741e-01 5.601660823130194533e-01 7.123839133022029646e-01 2.973899711722024497e-01 4.711536098680163542e-01 9.114019384635461130e-01 4.641195412224150552e-01 2.400449959205136485e-01 4.354556237786551542e-01 0.000000000000000000e+00 4.727247618669562224e-01 1.274674100232677798e-01 5.779447677057552024e-01 8.670821672450141904e-01 5.618495877187167364e-01 6.132310171427586276e-01 7.203227089152458573e-01 6.118337166463777566e-01 4.914641000494860412e-01 6.638553819018144786e-01 5.514449020574332394e-01 3.951384488979953202e-01 5.578121552542992800e-01 7.072237242694834336e-01 6.817645723587328899e-02 4.725413225396404293e-01 8.364827007157678018e-01 7.855769365137906801e-01 5.841581121897604367e-01 4.545858896957117867e-01 7.680924264410016189e-01 4.732994210556146220e-01
6.064778679586639853e-01 2.576241761884613402e-01 5.082492949528384374e-01 9.116600133823626884e-01 4.412662644251867938e-01 5.424327323503652654e-01 6.528707347137130412e-01 7.601180714018971329e-01 8.928648098202607297e-01 7.590043999964448673e-01 7.320738179220377395e-01 4.771388931509027431e-01 4.727247618669562224e-01 0.000000000000000000e+00 3.998376865952091297e-01 7.795024899483873337e-01 7.444374613151345521e-01 5.508518654033323081e-02 4.048227751167164934e-01 4.534670886462446870e-01 6.151957475210003690e-01 7.103742135692316939e-01 2.000356537513644506e-01 3.179203298474498895e-01 7.827383121766762208e-01 9.520604153326497343e-01 6.666113288050355967e-01 7.257592146408815559e-01 2.961598641774054741e-01 1.372724297182411624e-01 6.600362004271353999e-02 7.485378898722983010e-01 4.624469178486679266e-01 4.782616024912498265e-01 3.639116710648716557e-01
6.064369694861948545e-01 4.952649907388246286e-01 2.307622129438658964e-01 5.857036701191602468e-01 2.302198445283196726e-01 4.524337305367313045e-01 6.418425909083491643e-01 6.047653092761320348e-01 2.229064807782588642e-01 4.415276834462793509e-01 3.770364793943983273e-01 6.086328888726092456e-01 1.274674100232677798e-01 3.998376865952091297e-01 0.000000000000000000e+00 4.443970273357001344e-01 7.274981522173433746e-01 2.126644254779196386e-01 3.741507348047088399e-01 1.684241634443903735e-01 2.643295965967125127e-01 4.413310998243156202e-01 7.243499569317323195e-01 2.667273788661536083e-01 3.840940011422572242e-01 4.365201592334483349e-01 5.330030970561848713e-01 3.299645052904438547e-01 8.605499231642994573e-01 7.487359244755982246e-01 6.462342175413134937e-01 3.892420193112969828e-01 1.927715307532838485e-01 4.419957218962272671e-01 6.720793565952195570e-01
8.098142110992720966e-01 4.900805899265030519e-01 4.637775393287620895e-01 3.969505542526308162e-01 4.507682217283180415e-01 7.131781896303832635e-01 3.523376120374137610e-01 1.147259783293291813e-01 7.018174662545637599e-01 4.640476306202422352e-01 5.161092456960323371e-01 8.229251057650656120e-01 5.779447677057552024e-01 7.795024899483873337e-01 4.443970273357001344e-01 0.000000000000000000e+00 4.068049087492871529e-01 3.326681508807267651e-01 1.910345898839272971e-01 5.363772306630874009e-01 4.789409888733932585e-01 5.436864912455678933e-01 9.765907436858918267e-01 7.597875894399619412e-01 5.312027016048799233e-01 6.158159827433840050e-01 2.768359542725357114e-01 3.751895569080450077e-01 4.315645656823707266e-01 9.243510969465795757e-01 6.033872785873923839e-01 8.393009991682673920e-01 6.601212621440344375e-02 8.221648337097257064e-01 7.983654914672548841e-01
4.297505731987131261e-01 2.992946844586686916e-01 2.430417433454404863e-01 6.869403960347303384e-01 4.156361165486974762e-01 4.668028207150247688e-01 2.756386940153164322e-01 4.236326480201950684e-01 7.145303170296199990e-01 4.653931423231937314e-01 5.468793194168883876e-01 3.572399114660913533e-01 8.670821672450141904e-01 7.444374613151345521e-01 7.274981522173433746e-01 4.068049087492871529e-01 0.000000000000000000e+00 2.030596385141422155e-01 5.384028564132928851e-01 6.159097454513901004e-01 2.669357651238590812e-01 9.429415682227464401e-01 6.882970858369885647e-01 5.868694157944029932e-01 3.466459302804816844e-01 5.995888995828257961e-01 2.758057058456366839e-01 7.037382861418581825e-01 3.994237018698626462e-01 2.322596704036916648e-01 4.489443994520113668e-01 8.322909946951563276e-01 5.793564688481869229e-01 4.616571219235995893e-01 1.456818182250775306e-01
7.785555949738403037e-01 8.069025041414248367e-01 3.164158352474437108e-01 5.407129174704204955e-01 4.740974470757296499e-01 7.958470662665213524e-01 1.978593326025109844e-01 1.852045664818338100e-01 4.924646968576922301e-01 6.102596808734839229e-02 6.858611024135470302e-01 5.773094640306866143e-01 5.618495877187167364e-01 5.508518654033323081e-02 2.126644254779196386e-01 3.326681508807267651e-01 2.030596385141422155e-01 0.000000000000000000e+00 7.540188893845929385e-01 1.567536682413873672e-01 2.320251726735613751e-01 4.714418326229914413e-01 8.933532069264680242e-01 8.947948683264539405e-01 6.932992854159569784e-01 5.581730771946570302e-01 8.448054634419606135e-01 6.823136373192928428e-01 4.485017266966211391e-01 2.767357994022455747e-01 6.140233049926473452e-01 5.670882684930367290e-01 6.606923543785078179e-01 4.024630178668816560e-01 6.240199235043656367e-01
5.943051682758382359e-01 3.272550031433461015e-01 1.872268465541657156e-01 5.916193078372362635e-01 3.867037237872715805e-01 5.693870447587350281e-01 3.787202151276575224e-01 1.283337321991273594e-02 8.177708460049450956e-01 5.554736761237061282e-01 4.071574201263327697e-01 6.603666540641861538e-01 6.132310171427586276e-01 4.048227751167164934e-01 3.741507348047088399e-01 1.910345898839272971e-01 5.384028564132928851e-01 7.540188893845929385e-01 0.000000000000000000e+00 6.278058349631678858e-01 3.284177166927191305e-01 6.821341094694783891e-01 5.991075923660845737e-01 3.689837782805204802e-01 6.392401100609386155e-01 5.198240339689247369e-01 3.367356559800164240e-01 4.339699662601285146e-01 4.125950193089008566e-01 7.308433988585555374e-01 6.124828754727800195e-01 6.427644684162353572e-01 6.531286215515368365e-01 1.235407121693021804e-01 8.774146242463627399e-01
3.946805819396708159e-01 5.993549356589960020e-01 4.362088687314978896e-01 2.953839392369510541e-01 3.389654623200326622e-01 4.590266568614446152e-01 2.613805445979148212e-01 1.304768672448217703e-01 2.379955067501789978e-01 6.357285227688045381e-01 4.428305269858262005e-01 5.545807711842638543e-01 7.203227089152458573e-01 4.534670886462446870e-01 1.684241634443903735e-01 5.363772306630874009e-01 6.159097454513901004e-01 1.567536682413873672e-01 6.278058349631678858e-01 0.000000000000000000e+00 2.059096730911625928e-01 8.058347197717101729e-01 9.436598267256489647e-01 1.018984440225970678e-01 8.013421759098486863e-01 2.732644411860953859e-01 4.812423066248764369e-01 7.629497221699907961e-01 3.815009114421256120e-01 3.491255430109382329e-01 8.849912405281785688e-01 5.965102024336070841e-01 8.367205910280789416e-01 4.981363338469075863e-01 5.138255024549220895e-01
7.176572816844410951e-01 2.798709903977182334e-01 4.181946733518747683e-01 6.305256780096464286e-01 1.686316509549041776e-01 3.808275673109052795e-01 8.196406412418524301e-01 4.747324103101784321e-01 6.788041053370983402e-01 7.703627138152284726e-01 4.791749824025131055e-01 4.528583452452727420e-01 6.118337166463777566e-01 6.151957475210003690e-01 2.643295965967125127e-01 4.789409888733932585e-01 2.669357651238590812e-01 2.320251726735613751e-01 3.284177166927191305e-01 2.059096730911625928e-01 0.000000000000000000e+00 7.967933741444416240e-01 2.377411265010593855e-01 5.507119707681329412e-01 4.699360802197313225e-01 7.489519841299594471e-01 3.237731622548037369e-01 2.053563726554510360e-01 4.717370720068431167e-01 6.110460849540362283e-01 2.940686300624705263e-01 4.693133303788402655e-01 5.055184880942648062e-01 5.004195788545469092e-01 1.828528265138975595e-01
7.163515312748769404e-01 3.475709999403492900e-01 4.667033747897288420e-01 2.892370996544764150e-01 1.618442303388084591e-01 4.799310964625338460e-01 2.668414674755092975e-01 5.692590298476323252e-01 6.574103043750765263e-01 5.358149317109992538e-01 2.558522759298588189e-01 2.383819812635755153e-01 4.914641000494860412e-01 7.103742135692316939e-01 4.413310998243156202e-01 5.436864912455678933e-01 9.429415682227464401e-01 4.714418326229914413e-01 6.821341094694783891e-01 8.058347197717101729e-01 7.967933741444416240e-01 0.000000000000000000e+00 2.511033196063848782e-01 6.096880031636875419e-01 3.423577075976406148e-01 1.175003687919209394e-01 6.859226415749569705e-01 4.490640894450100840e-01 8.710371185395429094e-01 4.111816753664532254e-01 7.326034481757057737e-01 7.467199242984575713e-01 3.679769150802556510e-01 4.298950455077721333e-01 1.527254168569517345e-01
6.031668044036166965e-01 8.881226300431795950e-01 6.399040358692662522e-01 3.119053867626596643e-01 3.766110280227672469e-01 4.759163237523983958e-01 1.566546552173857521e-01 2.248288343030605541e-01 6.896151406409983808e-01 1.939235907596348341e-01 7.695930409933608995e-01 1.463684130266542649e-01 6.638553819018144786e-01 2.000356537513644506e-01 7.243499569317323195e-01 9.765907436858918267e-01 6.882970858369885647e-01 8.933532069264680242e-01 5.991075923660845737e-01 9.436598267256489647e-01 2.377411265010593855e-01 2.511033196063848782e-01 0.000000000000000000e+00 5.673963862547295456e-01 5.621648992027579173e-01 3.869589859331454273e-01 3.504132859403317202e-01 8.471365791417495572e-02 1.425771337849730536e-01 6.541530935080956954e-01 8.051927480755625144e-01 4.406148979467489069e-01 4.728987408401700843e-01 5.345020483663251998e-01 1.088886866003190290e-01
3.327989394110617560e-01 7.866150962131664981e-01 5.562900026520696262e-01 4.872037704218962206e-01 5.330461602570124580e-01 5.691104233722225070e-01 3.325681512344850210e-01 7.128299736231128447e-01 4.338106851940232711e-01 7.435787843294880961e-01 6.401703383855829044e-01 4.584451969383882552e-01 5.514449020574332394e-01 3.179203298474498895e-01 2.667273788661536083e-01 7.597875894399619412e-01 5.868694157944029932e-01 8.947948683264539405e-01 3.689837782805204802e-01 1.018984440225970678e-01 5.507119707681329412e-01 6.096880031636875419e-01 5.673963862547295456e-01 0.000000000000000000e+00 8.675414862742739652e-01 6.172758002903400154e-01 5.589411913608077764e-01 5.428527282320907421e-01 5.334307568463226845e-01 7.058234991640197631e-01 7.720595263339691261e-01 2.838933128116180593e-01 1.204803896090190785e-01 4.823591772238434716e-01 9.870317044803242901e-01
7.667093496899179961e-02 8.854734597375988336e-01 7.117383057512193245e-01 5.438820232590750869e-01 4.802113250031990188e-01 4.426342865345582744e-01 2.494544556692486759e-01 4.235438454777341599e-01 3.068396004142045497e-01 9.259749170744249192e-01 1.050446019422691668e-01 7.300524644192341039e-01 3.951384488979953202e-01 7.827383121766762208e-01 3.840940011422572242e-01 5.312027016048799233e-01 3.466459302804816844e-01 6.932992854159569784e-01 6.392401100609386155e-01 8.013421759098486863e-01 4.699360802197313225e-01 3.423577075976406148e-01 5.621648992027579173e-01 8.675414862742739652e-01 0.000000000000000000e+00 3.475428848217892996e-01 9.433097795564726606e-01 2.187598701600519391e-01 1.250550992304583220e-01 4.896779528908470902e-01 3.917858457606614442e-01 2.585770420471023012e-01 5.207698836916503371e-01 1.572398585633585366e-01 7.229451200727387006e-01
7.902125141512864603e-01 4.248947660231880974e-01 1.962136457682305268e-01 2.549678562029760176e-01 5.400009548688476935e-01 8.361682931563922949e-01 3.564966785539391836e-02 3.685747888506045733e-01 5.396450155575120977e-01 5.279721719503522870e-01 7.948199828417554791e-01 7.947820017998766806e-01 5.578121552542992800e-01 9.520604153326497343e-01 4.365201592334483349e-01 6.158159827433840050e-01 5.995888995828257961e-01 5.581730771946570302e-01 5.198240339689247369e-01 2.732644411860953859e-01 7.489519841299594471e-01 1.175003687919209394e-01 3.869589859331454273e-01 6.172758002903400154e-01 3.475428848217892996e-01 0.000000000000000000e+00 7.668472466808904375e-01 5.241302571645639619e-01 1.423653699111985249e-01 6.606043252566795587e-01 6.609518160403882181e-02 9.241030576444968503e-01 3.075347173537970602e-01 4.909147540594172576e-01 5.085473682338125245e-01
8.333282595669153636e-01 8.614763787314118071e-01 6.594735179828472571e-01 1.137332422922417985e-01 7.630400881447336747e-01 1.181668393567849584e-01 4.054301847843231332e-01 6.973433564661555284e-01 6.418845146625409281e-01 7.200524439359980988e-01 8.729099453446145240e-01 5.922970082464005248e-01 7.072237242694834336e-01 6.666113288050355967e-01 5.330030970561848713e-01 2.768359542725357114e-01 2.758057058456366839e-01 8.448054634419606135e-01 3.367356559800164240e-01 4.812423066248764369e-01 3.237731622548037369e-01 6.859226415749569705e-01 3.504132859403317202e-01 5.589411913608077764e-01 9.433097795564726606e-01 7.668472466808904375e-01 0.000000000000000000e+00 4.476839972864673500e-01 3.788654607966601695e-01 4.987332003574949657e-01 5.628189593708241567e-01 3.973832991146929450e-01 8.538722255017479057e-01 5.833324302517519655e-01 2.751602051161372575e-01
7.839684939882363146e-01 1.167687580632467137e-01 5.672107376623469754e-01 8.242895471257138951e-01 8.372321666829780629e-01 4.983399074910661586e-01 4.339656787068495447e-01 7.041919582281639389e-01 3.570346759058741215e-01 4.633601105728413216e-01 4.634863437318940127e-01 3.722921464460875463e-01 6.817645723587328899e-02 7.257592146408815559e-01 3.299645052904438547e-01 3.751895569080450077e-01 7.037382861418581825e-01 6.823136373192928428e-01 4.339699662601285146e-01 7.629497221699907961e-01 2.053563726554510360e-01 4.490640894450100840e-01 8.471365791417495572e-02 5.428527282320907421e-01 2.187598701600519391e-01 5.241302571645639619e-01 4.476839972864673500e-01 0.000000000000000000e+00 7.203560890901773428e-01 3.604834729634989743e-01 5.546924104518631271e-01 5.057749815456257236e-01 7.717599696390153863e-01 8.371202314272836453e-01 9.130080281667196651e-01
2.692631096756021858e-01 5.138953507431849310e-01 2.997493999979078394e-01 1.817518712093789679e-01 9.091606505299489882e-01 3.755862827556363803e-01 4.163036478034455312e-01 9.936181162540426159e-01 3.641875441227295784e-01 4.259359337742495977e-01 2.818923030500671834e-01 5.747347146855761313e-01 4.725413225396404293e-01 2.961598641774054741e-01 8.605499231642994573e-01 4.315645656823707266e-01 3.994237018698626462e-01 4.485017266966211391e-01 4.125950193089008566e-01 3.815009114421256120e-01 4.717370720068431167e-01 8.710371185395429094e-01 1.425771337849730536e-01 5.334307568463226845e-01 1.250550992304583220e-01 1.423653699111985249e-01 3.788654607966601695e-01 7.203560890901773428e-01 0.000000000000000000e+00 1.097245787762370917e-01 5.515072281150575906e-01 4.646244205912471448e-01 6.591612350093101202e-01 3.225394499440720208e-01 3.016906497267978216e-01
2.202110491344161369e-01 6.040372181708479893e-01 7.070300109944529510e-01 4.992435586500507672e-01 4.476025719889247800e-01 8.261887856168542710e-01 4.103735678440298962e-01 8.416657681761817722e-01 6.557249544261549712e-01 4.140681013234450702e-01 2.381855330230766565e-01 8.002265789672760032e-01 8.364827007157678018e-01 1.372724297182411624e-01 7.487359244755982246e-01 9.243510969465795757e-01 2.322596704036916648e-01 2.767357994022455747e-01 7.308433988585555374e-01 3.491255430109382329e-01 6.110460849540362283e-01 4.111816753664532254e-01 6.541530935080956954e-01 7.058234991640197631e-01 4.896779528908470902e-01 6.606043252566795587e-01 4.987332003574949657e-01 3.604834729634989743e-01 1.097245787762370917e-01 0.000000000000000000e+00 2.476272358561922293e-01 6.900220916826047546e-01 4.570549791131406914e-01 4.696186591351755868e-01 6.286586729895151660e-01
3.968124510560804286e-01 7.572099445239606208e-01 4.805333029240114184e-01 3.425594441497872289e-01 4.230228301903214971e-01 5.397251777973095521e-01 5.261477174923707700e-01 8.538314723267916850e-01 4.803584901678064623e-01 8.094312088705954977e-01 3.232915718187434062e-01 8.905068172745644883e-01 7.855769365137906801e-01 6.600362004271353999e-02 6.462342175413134937e-01 6.033872785873923839e-01 4.489443994520113668e-01 6.140233049926473452e-01 6.124828754727800195e-01 8.849912405281785688e-01 2.940686300624705263e-01 7.326034481757057737e-01 8.051927480755625144e-01 7.720595263339691261e-01 3.917858457606614442e-01 6.609518160403882181e-02 5.628189593708241567e-01 5.546924104518631271e-01 5.515072281150575906e-01 2.476272358561922293e-01 0.000000000000000000e+00 5.173153909151391172e-01 3.722415868430229979e-01 2.721645209925029896e-01 7.218981095509786616e-01
1.796563077441895029e-01 6.510027373116398230e-01 4.671849144240408647e-01 6.756455568769326181e-02 7.569354512075674446e-01 3.034426464068454843e-01 8.926700756552442551e-01 5.286115335711938368e-01 7.473859853897613092e-02 6.307121135711264426e-01 2.574073051566735382e-01 9.269561384953408645e-01 5.841581121897604367e-01 7.485378898722983010e-01 3.892420193112969828e-01 8.393009991682673920e-01 8.322909946951563276e-01 5.670882684930367290e-01 6.427644684162353572e-01 5.965102024336070841e-01 4.693133303788402655e-01 7.467199242984575713e-01 4.406148979467489069e-01 2.838933128116180593e-01 2.585770420471023012e-01 9.241030576444968503e-01 3.973832991146929450e-01 5.057749815456257236e-01 4.646244205912471448e-01 6.900220916826047546e-01 5.173153909151391172e-01 0.000000000000000000e+00 3.368850747458941308e-01 6.897752341875529325e-01 6.137392526776521695e-01
9.443392323010753042e-01 4.626921850116783030e-01 5.880195386411576353e-01 7.840313540179164598e-01 9.255677511725184381e-01 3.133852952261670932e-01 7.589160346298975401e-01 1.047977632047321084e-01 2.099228917489067703e-01 2.693135627991914416e-01 1.417607489740710935e-01 5.721072782128269196e-01 4.545858896957117867e-01 4.624469178486679266e-01 1.927715307532838485e-01 6.601212621440344375e-02 5.793564688481869229e-01 6.606923543785078179e-01 6.531286215515368365e-01 8.367205910280789416e-01 5.055184880942648062e-01 3.679769150802556510e-01 4.728987408401700843e-01 1.204803896090190785e-01 5.207698836916503371e-01 3.075347173537970602e-01 8.538722255017479057e-01 7.717599696390153863e-01 6.591612350093101202e-01 4.570549791131406914e-01 3.722415868430229979e-01 3.368850747458941308e-01 0.000000000000000000e+00 3.559022038566946322e-01 4.801427402771699104e-01
4.757955192711217363e-01 7.348687297191965895e-01 7.157068353781957937e-01 7.792283183938197855e-01 4.979891667888314832e-01 8.705485247053338371e-01 1.926740776366928642e-01 7.469605980297706616e-01 3.867975100154912305e-01 8.478406956971447084e-01 5.767864780729208274e-01 7.214938078159343071e-01 7.680924264410016189e-01 4.782616024912498265e-01 4.419957218962272671e-01 8.221648337097257064e-01 4.616571219235995893e-01 4.024630178668816560e-01 1.235407121693021804e-01 4.981363338469075863e-01 5.004195788545469092e-01 4.298950455077721333e-01 5.345020483663251998e-01 4.823591772238434716e-01 1.572398585633585366e-01 4.909147540594172576e-01 5.833324302517519655e-01 8.371202314272836453e-01 3.225394499440720208e-01 4.696186591351755868e-01 2.721645209925029896e-01 6.897752341875529325e-01 3.559022038566946322e-01 0.000000000000000000e+00 3.198422013948784004e-01
4.726143950831617202e-01 3.713319705127074988e-01 7.769847759910168961e-01 1.396954333830890960e-01 4.848777890344083130e-01 3.177844556551752131e-01 7.630190815666954007e-01 5.715079579682538213e-01 4.937726038380078619e-01 7.554736478959274137e-01 5.336509959668460645e-01 3.671235881147436042e-01 4.732994210556146220e-01 3.639116710648716557e-01 6.720793565952195570e-01 7.983654914672548841e-01 1.456818182250775306e-01 6.240199235043656367e-01 8.774146242463627399e-01 5.138255024549220895e-01 1.828528265138975595e-01 1.527254168569517345e-01 1.088886866003190290e-01 9.870317044803242901e-01 7.229451200727387006e-01 5.085473682338125245e-01 2.751602051161372575e-01 9.130080281667196651e-01 3.016906497267978216e-01 6.286586729895151660e-01 7.218981095509786616e-01 6.137392526776521695e-01 4.801427402771699104e-01 3.198422013948784004e-01 0.000000000000000000e+00
