0.000000000000000000e+00 3.844934579979523148e-01 3.258921845848287702e-01 4.592843596656865923e-01 4.612892444120121893e-01 4.448274411618309276e-01 9.146117142523954024e-01 4.409023009292912798e-01 4.165012553622652880e-01 5.544983392598663574e-01 4.080993714985535759e-01 4.419241660870635857e-01 6.120071826763073819e-01 3.609165994480713069e-01 5.688321840575345512e-01 8.951893946528850510e-01 7.047057307516845226e-01 4.614869817143270603e-01 6.504988481739977235e-01 5.601129570678714531e-01 8.858712839092279800e-01 5.673164214202506272e-01 3.314229298283017933e-01 5.466701357678043216e-01 5.583238181021942248e-01 1.644671749744142097e-01 6.079447522264413983e-01 6.358655008020946964e-01 8.408850333194095583e-01 1.965234576913257314e-01 6.591437693355730598e-01 5.242661370151573408e-01 7.061395732699278227e-01 1.434181306276260948e-02 2.753657534298640241e-01
3.844934579979523148e-01 0.000000000000000000e+00 6.589129197134271365e-01 5.002122202368969317e-01 7.888827784179117675e-01 8.638142510499318139e-01 8.618594728505276636e-01 6.705697776064397653e-01 4.959134993517776424e-01 3.455236744152367923e-01 5.141717524201379064e-01 3.747456816833302229e-01 6.472408892594838647e-01 3.952642218663359186e-01 5.322958251613396641e-02 1.923753611427658772e-01 5.081670690873673069e-01 4.892545621896833841e-01 7.511015999385205477e-01 4.513923201458363010e-01 5.603608893706018002e-01 7.256012050623491527e-01 6.572118478727928537e-01 1.429251055991962449e-01 3.982936822501372820e-01 5.858097672268955947e-01 6.030078206941144048e-01 6.517793872134802768e-01 4.260518972176026153e-01 6.744994946450098006e-01 6.846208839906140486e-01 8.755653093121076314e-01 2.758982025088335677e-01 5.786119685599333540e-01 2.923749002909185601e-01
3.258921845848287702e-01 6.589129197134271365e-01 0.000000000000000000e+00 8.754342047384353620e-01 2.633637879677414029e-01 3.789924276760765487e-01 6.580564188672435311e-01 5.313197745891895529e-01 6.787729541718231507e-01 6.130768825488772666e-01 3.051363716171727747e-01 3.676634689813307322e-01 4.016144511084165369e-01 7.678358084667988859e-01 9.370885392783294687e-01 5.216911239049120130e-01 4.511795399802080442e-01 7.434017274865603042e-01 6.576327441088820613e-01 5.859126256379785236e-01 4.741834411897298818e-01 1.113859437624842297e-01 7.781995593338963957e-01 3.300360327966411766e-01 6.810345909351926963e-01 4.381387664560688622e-01 7.453418068772081906e-01 4.743554205358548881e-01 5.600457072954503346e-01 3.866595833204758415e-01 3.118152150907067544e-01 5.469473867389462729e-01 5.284220606940406295e-01 4.116964158453210176e-01 3.959540535316621312e-01
4.592843596656865923e-01 5.002122202368969317e-01 8.754342047384353620e-01 0.000000000000000000e+00 4.611731621861226982e-01 7.967226298729387368e-01 5.182146251575290297e-01 6.179515439954165190e-01 9.025887841976543147e-02 2.052733771948490604e-01 5.457211522207653376e-01 4.420538995661653647e-01 4.676471953532319037e-01 8.922393855874081181e-01 3.637570214352284781e-01 3.663388111824492643e-01 5.262437926173272329e-01 8.061898856397576862e-01 8.318551401254430377e-01 1.917628403461997255e-01 3.575008408765301682e-01 5.289469290526566114e-01 7.165052873243559217e-01 6.700762615455255755e-01 2.698304282732970627e-01 7.309243703792550617e-01 4.585987049820934303e-01 6.853221285640829219e-01 6.183495335705790907e-01 6.706289618029513955e-01 4.058755519724981387e-01 5.079781914036254342e-01 9.058932619422933596e-01 6.035382180614423664e-01 6.513771312341022357e-01
4.612892444120121893e-01 7.888827784179117675e-01 2.633637879677414029e-01 4.611731621861226982e-01 0.000000000000000000e+00 5.206839933892279948e-01 3.995839278632070668e-01 7.137177286182589953e-01 6.464729393558332760e-01 1.239680063961334788e-01 5.910078911099092558e-01 2.616665924798017850e-01 7.453633166976598723e-01 6.474170083773390649e-01 8.290691345201863793e-01 4.651601263167894906e-01 5.697410376429873358e-01 5.173537207162237639e-02 6.819360289599731839e-01 7.678412670879640745e-01 2.643003160086681014e-01 8.039902944743866353e-01 8.163662697474921570e-01 6.564905105689483600e-01 5.603500811542780902e-01 4.888379308885865693e-01 4.826493433172419634e-01 4.097580105906976078e-01 1.959342214813944993e-01 7.745030811531361525e-01 4.876099651741333529e-01 3.426962937673375675e-01 9.629314819338908871e-01 4.074204976112238974e-02 5.293994080544255354e-01
4.448274411618309276e-01 8.638142510499318139e-01 3.789924276760765487e-01 7.967226298729387368e-01 5.206839933892279948e-01 0.000000000000000000e+00 3.480395230605167756e-01 7.648346718375635955e-01 3.427875297789295672e-01 4.725369288886959729e-01 3.305258295439208460e-01 9.908001070426164514e-02 8.068202053563804377e-01 3.552378685617395560e-01 7.321302249610863733e-01 4.847849981957473853e-01 4.818173721827983536e-01 5.320349454565488356e-01 7.994967622292580289e-01 4.045471004022163086e-01 5.728748215867099924e-01 4.830565744005330120e-01 9.193652848767566166e-01 4.593978974276563543e-01 8.041363914699187765e-01 1.504224272384170336e-01 4.266248366550299820e-01 8.564361578652721629e-01 3.875599798766510840e-01 7.455926060102313624e-01 3.593395328095628782e-01 6.116085497484267108e-01 4.379718511833650130e-01 6.347595469538247492e-01 3.709985624882337074e-01
9.146117142523954024e-01 8.618594728505276636e-01 6.580564188672435311e-01 5.182146251575290297e-01 3.995839278632070668e-01 3.480395230605167756e-01 0.000000000000000000e+00 4.779852028045180057e-01 8.719640915095526745e-01 8.448119743666320236e-01 5.087346261230443201e-01 3.276287497652634051e-01 7.168076039622750528e-01 4.812152083855318896e-01 5.559182080591186237e-01 7.327419859609605179e-01 7.723802620241714267e-01 3.914832685249379773e-01 5.307842880223364590e-01 7.065031772391100473e-01 4.515000574493258645e-01 7.235824667886546768e-01 8.146795480576332071e-01 1.743750290250661861e-01 8.779649634048979356e-01 5.566863835425281959e-01 1.596475774616171739e-01 3.332573596552859119e-01 6.319567831154331294e-01 4.510616057350618213e-01 4.953211069166189029e-01 5.436054907011691473e-01 6.076992818993645074e-01 2.752453188393775285e-01 8.582014476649271195e-01
4.409023009292912798e-01 6.705697776064397653e-01 5.313197745891895529e-01 6.179515439954165190e-01 7.137177286182589953e-01 7.648346718375635955e-01 4.779852028045180057e-01 0.000000000000000000e+00 8.291821516016637528e-01 6.112338212248757952e-01 2.446313031340051625e-01 4.025626100209568348e-01 4.437346471833521488e-01 7.659710877824619235e-01 2.621982178982404932e-01 1.224145289691175309e-01 6.615601355616036461e-01 1.519216019270995810e-01 5.667324509594594550e-01 8.048274719418202494e-02 5.479040711762905858e-01 4.923298626656091859e-01 8.477771186277497373e-01 2.998742006784284042e-01 5.326328612057252831e-01 1.692226843152229709e-01 5.234470663205864627e-01 4.520684835767045384e-01 8.045537159567364149e-01 5.666510890393046118e-01 5.216370029543377917e-01 2.518909599736478544e-01 5.824517719247508385e-01 2.787825121927784977e-01 8.917869982836509335e-01
4.165012553622652880e-01 4.959134993517776424e-01 6.787729541718231507e-01 9.025887841976543147e-02 6.464729393558332760e-01 3.427875297789295672e-01 8.719640915095526745e-01 8.291821516016637528e-01 0.000000000000000000e+00 2.840994408550053807e-01 7.048839855258184350e-01 5.557489650030815742e-01 8.541924490999877051e-01 4.813743891513647677e-01 1.212381862916708242e-01 6.542148208024907152e-01 4.275427452702770803e-01 4.528641469127088204e-01 6.596760662853513590e-01 5.725917580452679623e-01 7.673558293069339120e-01 4.856031472680670813e-01 7.436140205588127605e-01 1.716277689826239961e-01 6.013378561259115074e-01 1.692250700836267496e-01 6.411797579111281342e-01 4.476175754693055842e-01 1.121947853906535286e-01 5.090996734024506587e-01 9.269030355800889076e-01 4.808815420891385251e-01 1.103669188051749073e-01 5.746103549364565133e-01 8.967798555221671020e-01
5.544983392598663574e-01 3.455236744152367923e-01 6.130768825488772666e-01 2.052733771948490604e-01 1.239680063961334788e-01 4.725369288886959729e-01 8.448119743666320236e-01 6.112338212248757952e-01 2.840994408550053807e-01 0.000000000000000000e+00 1.047106913579914922e-01 5.865447109837338413e-01 6.307055062895756681e-01 5.321909332347221078e-01 3.585118878910947826e-01 9.556178082146506991e-01 6.041530502203942277e-01 8.276083689497266693e-01 5.679675931024419366e-01 2.881501800391867985e-01 5.321363899831297317e-01 7.151906920960540148e-01 4.610295025375321654e-01 4.196795446246937011e-01 1.601525994145862608e-01 3.639902619910623804e-01 3.140600435130935786e-01 3.005623388558914533e-01 6.356789893933811886e-01 3.204662284693016172e-01 7.169718097179926808e-01 3.466147093933359402e-01 1.579038456438341953e-02 2.964792207119317791e-01 6.153380935592878132e-01
4.080993714985535759e-01 5.141717524201379064e-01 3.051363716171727747e-01 5.457211522207653376e-01 5.910078911099092558e-01 3.305258295439208460e-01 5.087346261230443201e-01 2.446313031340051625e-01 7.048839855258184350e-01 1.047106913579914922e-01 0.000000000000000000e+00 6.353205056996903410e-01 3.805735269894189310e-01 1.805856694305333354e-01 5.313453017557248081e-01 6.932621416719841889e-01 6.675652508345788494e-01 5.322473856797824698e-01 1.684141483337787681e-01 4.544664510072298769e-01 4.278238876419527825e-01 4.577629751132138991e-01 7.095547430144897305e-01 6.342340462609437068e-01 6.431579676823591107e-01 7.063025133742782957e-01 3.835176255008356794e-01 4.777479330707669058e-01 3.761268460878460229e-01 6.297276428739131404e-01 3.367811920522210678e-01 4.598879530771937674e-01 3.782115993426226619e-01 3.372974753964598227e-01 5.349678115127841638e-01
4.419241660870635857e-01 3.747456816833302229e-01 3.676634689813307322e-01 4.420538995661653647e-01 2.616665924798017850e-01 9.908001070426164514e-02 3.276287497652634051e-01 4.025626100209568348e-01 5.557489650030815742e-01 5.865447109837338413e-01 6.353205056996903410e-01 0.000000000000000000e+00 5.535069667908660840e-01 7.630971964499272397e-01 1.752642985062284886e-01 6.232371674907153380e-01 9.662605747325100358e-01 2.440064796235295042e-01 5.461766325168815328e-02 4.971655037036035174e-01 3.839421303833431276e-01 5.067459171417241226e-01 2.295958604102282807e-01 9.826157133846125102e-02 9.891095463764146833e-01 2.229734219533252570e-01 4.599987440241146697e-01 8.519168906913925365e-01 6.429916226599291518e-01 4.046414090312007161e-01 4.699157356715460421e-01 3.348473663909338205e-01 7.344939992871228895e-01 6.333115030274156787e-01 3.202505037254353981e-01
6.120071826763073819e-01 6.472408892594838647e-01 4.016144511084165369e-01 4.676471953532319037e-01 7.453633166976598723e-01 8.068202053563804377e-01 7.168076039622750528e-01 4.437346471833521488e-01 8.541924490999877051e-01 6.307055062895756681e-01 3.805735269894189310e-01 5.535069667908660840e-01 0.000000000000000000e+00 5.930960256243519302e-01 5.861061257848310113e-01 3.569429918238048449e-01 6.375769043067827102e-01 6.572217388666844462e-01 6.805850149223153789e-01 8.363565508655552705e-01 7.692992369856515023e-01 4.812394169096388952e-01 4.950867198129050295e-01 2.272968915689925762e-01 5.076492600105915187e-01 5.309072501949425593e-01 3.596921265781831689e-01 8.404356434255512154e-01 8.625380854813959886e-01 4.557322415293112439e-01 8.654751651311922700e-01 5.448596046690517003e-01 2.998460711000886514e-01 2.518195966524161000e-01 4.500732200651192949e-01
3.609165994480713069e-01 3.952642218663359186e-01 7.678358084667988859e-01 8.922393855874081181e-01 6.474170083773390649e-01 3.552378685617395560e-01 4.812152083855318896e-01 7.659710877824619235e-01 4.813743891513647677e-01 5.321909332347221078e-01 1.805856694305333354e-01 7.630971964499272397e-01 5.930960256243519302e-01 0.000000000000000000e+00 6.114121295860908134e-01 9.261161064954333000e-01 3.212037316978327284e-01 4.766575208443133427e-01 6.512926501173957883e-01 2.919916637331034792e-01 2.617673210750335322e-01 6.792540459429243782e-01 5.430321094086485445e-01 2.581706977387233648e-01 1.623477084385145375e-01 5.463464844830090428e-01 9.210960492773613284e-01 6.364140745938700050e-01 4.166839485715463365e-01 9.507158909903616895e-01 7.203223073877375038e-01 5.046995943719478905e-01 4.089454247166159906e-01 5.153392538899878028e-01 8.139352553103714749e-01
5.688321840575345512e-01 5.322958251613396641e-02 9.370885392783294687e-01 3.637570214352284781e-01 8.290691345201863793e-01 7.321302249610863733e-01 5.559182080591186237e-01 2.621982178982404932e-01 1.212381862916708242e-01 3.585118878910947826e-01 5.313453017557248081e-01 1.752642985062284886e-01 5.861061257848310113e-01 6.114121295860908134e-01 0.000000000000000000e+00 2.360804867151967135e-01 8.856411817061725644e-01 7.492082684252663327e-01 5.410560004661693068e-01 1.979333398597482585e-01 3.011800561150874689e-01 5.766310472912188345e-01 2.581218726653712325e-01 7.489495387543250171e-01 5.010206485451720315e-01 7.251146004474582352e-01 4.018498640072092898e-01 8.714657137212566962e-01 4.693016075625335848e-01 2.358019327678861354e-01 4.626052028397275029e-01 3.236348313871356686e-01 5.286510601338056947e-01 4.645016243525547095e-01 5.014165731226509770e-01
8.951893946528850510e-01 1.923753611427658772e-01 5.216911239049120130e-01 3.663388111824492643e-01 4.651601263167894906e-01 4.847849981957473853e-01 7.327419859609605179e-01 1.224145289691175309e-01 6.542148208024907152e-01 9.556178082146506991e-01 6.932621416719841889e-01 6.232371674907153380e-01 3.569429918238048449e-01 9.261161064954333000e-01 2.360804867151967135e-01 0.000000000000000000e+00 7.119446449907000929e-01 6.207635091198888677e-01 6.418423204486027878e-01 1.632208511181282296e-01 3.813800783859730981e-01 7.218992663698313716e-01 8.057780947661338233e-01 5.374020666887207032e-01 8.426598939144585021e-01 6.865798010874968327e-01 4.574155706504073882e-01 5.099430875885127001e-01 5.564146525847383229e-01 4.309607830004302809e-01 1.398614210842186178e-01 5.125373405634597868e-01 4.594648108396017783e-01 5.791298970359940457e-01 3.511724472799736541e-01
7.047057307516845226e-01 5.081670690873673069e-01 4.511795399802080442e-01 5.262437926173272329e-01 5.697410376429873358e-01 4.818173721827983536e-01 7.723802620241714267e-01 6.615601355616036461e-01 4.275427452702770803e-01 6.041530502203942277e-01 6.675652508345788494e-01 9.662605747325100358e-01 6.375769043067827102e-01 3.212037316978327284e-01 8.856411817061725644e-01 7.119446449907000929e-01 0.000000000000000000e+00 9.230987835875109626e-01 6.310882053042636830e-01 2.272552892723290752e-01 2.755524637577587699e-01 5.905994670465668506e-01 7.036926723550962492e-01 8.170657339412842335e-01 5.971673155038540459e-01 6.764254876015132201e-01 8.959226901414474309e-02 4.880544629354810482e-02 4.358252884339228750e-01 6.097976520554777569e-01 4.603749841386312602e-01 8.951128961735769218e-01 5.509659179100767634e-01 1.732607722166794595e-01 6.648435926961966391e-01
4.614869817143270603e-01 4.892545621896833841e-01 7.434017274865603042e-01 8.061898856397576862e-01 5.173537207162237639e-02 5.320349454565488356e-01 3.914832685249379773e-01 1.519216019270995810e-01 4.528641469127088204e-01 8.276083689497266693e-01 5.322473856797824698e-01 2.440064796235295042e-01 6.572217388666844462e-01 4.766575208443133427e-01 7.492082684252663327e-01 6.207635091198888677e-01 9.230987835875109626e-01 0.000000000000000000e+00 6.827008790433064522e-02 4.011406986016891052e-01 6.609413222233569973e-01 6.101879870666014893e-01 5.258449308126477151e-01 8.593131849074895356e-01 2.745959338852271281e-01 6.105143451980156177e-01 3.012043586381392135e-01 3.615203177112311650e-01 9.197737879343688139e-01 4.765227329097543318e-01 3.799305592462016712e-01 6.741774350867490995e-01 3.735371477934084639e-01 6.081999599319156680e-01 8.086468720893476014e-01
6.504988481739977235e-01 7.511015999385205477e-01 6.576327441088820613e-01 8.318551401254430377e-01 6.819360289599731839e-01 7.994967622292580289e-01 5.307842880223364590e-01 5.667324509594594550e-01 6.596760662853513590e-01 5.679675931024419366e-01 1.684141483337787681e-01 5.461766325168815328e-02 6.805850149223153789e-01 6.512926501173957883e-01 5.410560004661693068e-01 6.418423204486027878e-01 6.310882053042636830e-01 6.827008790433064522e-02 0.000000000000000000e+00 4.215925818661557245e-01 7.609390268295367354e-01 3.811011373174135741e-01 5.397063750161976703e-01 5.468686762546985936e-01 5.813361233428826491e-01 2.748098579872848557e-01 4.958769946013578123e-01 7.110472461498900110e-01 7.014305538918370608e-01 7.256752090779419184e-01 5.430094083686980433e-01 7.988058650430770458e-01 4.587780432369379935e-01 5.238620291191716793e-01 7.418100177905407877e-01
5.601129570678714531e-01 4.513923201458363010e-01 5.859126256379785236e-01 1.917628403461997255e-01 7.678412670879640745e-01 4.045471004022163086e-01 7.065031772391100473e-01 8.048274719418202494e-02 5.725917580452679623e-01 2.881501800391867985e-01 4.544664510072298769e-01 4.971655037036035174e-01 8.363565508655552705e-01 2.919916637331034792e-01 1.979333398597482585e-01 1.632208511181282296e-01 2.272552892723290752e-01 4.011406986016891052e-01 4.215925818661557245e-01 0.000000000000000000e+00 4.204396947641670379e-01 8.812578366684147291e-01 4.400172835041081809e-01 3.299775462400799109e-01 8.536801655795565047e-01 8.250002385425856399e-01 7.646929673589334397e-01 5.568602343012941658e-01 4.573596751653056791e-01 8.055317712125529273e-01 7.760473417193712864e-01 7.162927768129410122e-01 1.880881945900276797e-01 3.150964802248451546e-01 6.621955567581470081e-01
8.858712839092279800e-01 5.603608893706018002e-01 4.741834411897298818e-01 3.575008408765301682e-01 2.643003160086681014e-01 5.728748215867099924e-01 4.515000574493258645e-01 5.479040711762905858e-01 7.673558293069339120e-01 5.321363899831297317e-01 4.278238876419527825e-01 3.839421303833431276e-01 7.692992369856515023e-01 2.617673210750335322e-01 3.011800561150874689e-01 3.813800783859730981e-01 2.755524637577587699e-01 6.609413222233569973e-01 7.609390268295367354e-01 4.204396947641670379e-01 0.000000000000000000e+00 3.005897261486182304e-01 7.773141819945670328e-01 7.383434007462021942e-01 4.673623581729693388e-01 6.051527380337704543e-01 3.396063575963845782e-01 4.816980881194194986e-01 3.601371518946863137e-01 4.425225674158391187e-01 3.476141005477573209e-01 5.715978334782139125e-01 4.089838165635408251e-01 5.062256120004304805e-01 5.845055679960748929e-01
5.673164214202506272e-01 7.256012050623491527e-01 1.113859437624842297e-01 5.289469290526566114e-01 8.039902944743866353e-01 4.830565744005330120e-01 7.235824667886546768e-01 4.923298626656091859e-01 4.856031472680670813e-01 7.151906920960540148e-01 4.577629751132138991e-01 5.067459171417241226e-01 4.812394169096388952e-01 6.792540459429243782e-01 5.766310472912188345e-01 7.218992663698313716e-01 5.905994670465668506e-01 6.101879870666014893e-01 3.811011373174135741e-01 8.812578366684147291e-01 3.005897261486182304e-01 0.000000000000000000e+00 5.766016945649795611e-01 8.925777514109497490e-01 1.723711040106968850e-01 2.056698814630196770e-01 7.551800474613215020e-01 8.560355639216474799e-01 9.208695862629820983e-01 4.319575648412509739e-01 7.751869629665724126e-01 5.486483428640388516e-01 3.490723606526061618e-01 3.301136570958317362e-01 4.294464209362596208e-01
3.314229298283017933e-01 6.572118478727928537e-01 7.781995593338963957e-01 7.165052873243559217e-01 8.163662697474921570e-01 9.193652848767566166e-01 8.146795480576332071e-01 8.477771186277497373e-01 7.436140205588127605e-01 4.610295025375321654e-01 7.095547430144897305e-01 2.295958604102282807e-01 4.950867198129050295e-01 5.430321094086485445e-01 2.581218726653712325e-01 8.057780947661338233e-01 7.036926723550962492e-01 5.258449308126477151e-01 5.397063750161976703e-01 4.400172835041081809e-01 7.773141819945670328e-01 5.766016945649795611e-01 0.000000000000000000e+00 6.655794148914526698e-01 5.393033716027997304e-01 6.574602277543217799e-02 6.682922495919085826e-01 4.034050270361920765e-01 6.539406881576969033e-01 3.969202941898534176e-01 1.740162877761243232e-01 6.687720371060053015e-01 6.157301144884914645e-01 5.053397286162004676e-01 4.821028985973136449e-01
5.466701357678043216e-01 1.429251055991962449e-01 3.300360327966411766e-01 6.700762615455255755e-01 6.564905105689483600e-01 4.593978974276563543e-01 1.743750290250661861e-01 2.998742006784284042e-01 1.716277689826239961e-01 4.196795446246937011e-01 6.342340462609437068e-01 9.826157133846125102e-02 2.272968915689925762e-01 2.581706977387233648e-01 7.489495387543250171e-01 5.374020666887207032e-01 8.170657339412842335e-01 8.593131849074895356e-01 5.468686762546985936e-01 3.299775462400799109e-01 7.383434007462021942e-01 8.925777514109497490e-01 6.655794148914526698e-01 0.000000000000000000e+00 4.669942493829861707e-01 7.042048740473756396e-01 2.746937341169989333e-01 4.364799414535706634e-01 9.483948894456376566e-01 1.838685175504142233e-01 8.141791032007863471e-01 2.132822522208116522e-01 3.364716756183732116e-01 2.579089484849039771e-01 3.375467819101058420e-01
5.583238181021942248e-01 3.982936822501372820e-01 6.810345909351926963e-01 2.698304282732970627e-01 5.603500811542780902e-01 8.041363914699187765e-01 8.779649634048979356e-01 5.326328612057252831e-01 6.013378561259115074e-01 1.601525994145862608e-01 6.431579676823591107e-01 9.891095463764146833e-01 5.076492600105915187e-01 1.623477084385145375e-01 5.010206485451720315e-01 8.426598939144585021e-01 5.971673155038540459e-01 2.745959338852271281e-01 5.813361233428826491e-01 8.536801655795565047e-01 4.673623581729693388e-01 1.723711040106968850e-01 5.393033716027997304e-01 4.669942493829861707e-01 0.000000000000000000e+00 3.261314875127393487e-01 5.677458495730088872e-01 8.374931821859220582e-01 1.142279823306586173e-01 8.760680016621658073e-01 5.068168655073379547e-01 2.478398480954481231e-01 6.352064284099053770e-01 8.217664694889467158e-01 6.388661751112802989e-01
1.644671749744142097e-01 5.858097672268955947e-01 4.381387664560688622e-01 7.309243703792550617e-01 4.888379308885865693e-01 1.504224272384170336e-01 5.566863835425281959e-01 1.692226843152229709e-01 1.692250700836267496e-01 3.639902619910623804e-01 7.063025133742782957e-01 2.229734219533252570e-01 5.309072501949425593e-01 5.463464844830090428e-01 7.251146004474582352e-01 6.865798010874968327e-01 6.764254876015132201e-01 6.105143451980156177e-01 2.748098579872848557e-01 8.250002385425856399e-01 6.051527380337704543e-01 2.056698814630196770e-01 6.574602277543217799e-02 7.042048740473756396e-01 3.261314875127393487e-01 0.000000000000000000e+00 3.546263371354418936e-01 3.964560242124206546e-01 8.705218894342316993e-01 2.530908212947938773e-01 7.584742635514480913e-01 5.687329627681829702e-01 5.674479842725400625e-01 5.528032929573052368e-01 5.419702350377753053e-01
6.079447522264413983e-01 6.030078206941144048e-01 7.453418068772081906e-01 4.585987049820934303e-01 4.826493433172419634e-01 4.266248366550299820e-01 1.596475774616171739e-01 5.234470663205864627e-01 6.411797579111281342e-01 3.140600435130935786e-01 3.835176255008356794e-01 4.599987440241146697e-01 3.596921265781831689e-01 9.210960492773613284e-01 4.018498640072092898e-01 4.574155706504073882e-01 8.959226901414474309e-02 3.012043586381392135e-01 4.958769946013578123e-01 7.646929673589334397e-01 3.396063575963845782e-01 7.551800474613215020e-01 6.682922495919085826e-01 2.746937341169989333e-01 5.677458495730088872e-01 3.546263371354418936e-01 0.000000000000000000e+00 8.771049488147202311e-01 3.872956100898322651e-01 7.947781418480646121e-01 5.385278933118275990e-01 2.372435141949054138e-01 6.271502846020163835e-01 8.016200555120984728e-01 4.086324572013181333e-01
6.358655008020946964e-01 6.517793872134802768e-01 4.743554205358548881e-01 6.853221285640829219e-01 4.097580105906976078e-01 8.564361578652721629e-01 3.332573596552859119e-01 4.520684835767045384e-01 4.476175754693055842e-01 3.005623388558914533e-01 4.777479330707669058e-01 8.519168906913925365e-01 8.404356434255512154e-01 6.364140745938700050e-01 8.714657137212566962e-01 5.099430875885127001e-01 4.880544629354810482e-02 3.615203177112311650e-01 7.110472461498900110e-01 5.568602343012941658e-01 4.816980881194194986e-01 8.560355639216474799e-01 4.034050270361920765e-01 4.364799414535706634e-01 8.374931821859220582e-01 3.964560242124206546e-01 8.771049488147202311e-01 0.000000000000000000e+00 8.667719290201969518e-02 5.597745864673173699e-01 6.968040381403228789e-01 4.683938370176727872e-01 3.633488449660788877e-01 2.868495266868351656e-01 3.800085773883492557e-01
8.408850333194095583e-01 4.260518972176026153e-01 5.600457072954503346e-01 6.183495335705790907e-01 1.959342214813944993e-01 3.875599798766510840e-01 6.319567831154331294e-01 8.045537159567364149e-01 1.121947853906535286e-01 6.356789893933811886e-01 3.761268460878460229e-01 6.429916226599291518e-01 8.625380854813959886e-01 4.166839485715463365e-01 4.693016075625335848e-01 5.564146525847383229e-01 4.358252884339228750e-01 9.197737879343688139e-01 7.014305538918370608e-01 4.573596751653056791e-01 3.601371518946863137e-01 9.208695862629820983e-01 6.539406881576969033e-01 9.483948894456376566e-01 1.142279823306586173e-01 8.705218894342316993e-01 3.872956100898322651e-01 8.667719290201969518e-02 0.000000000000000000e+00 5.673716967677442380e-01 8.957866590230363357e-01 8.772978662275675577e-01 2.476429889246681837e-01 8.940612849736800927e-01 7.567308497999776229e-01
1.965234576913257314e-01 6.744994946450098006e-01 3.866595833204758415e-01 6.706289618029513955e-01 7.745030811531361525e-01 7.455926060102313624e-01 4.510616057350618213e-01 5.666510890393046118e-01 5.090996734024506587e-01 3.204662284693016172e-01 6.297276428739131404e-01 4.046414090312007161e-01 4.557322415293112439e-01 9.507158909903616895e-01 2.358019327678861354e-01 4.309607830004302809e-01 6.097976520554777569e-01 4.765227329097543318e-01 7.256752090779419184e-01 8.055317712125529273e-01 4.425225674158391187e-01 4.319575648412509739e-01 3.969202941898534176e-01 1.838685175504142233e-01 8.760680016621658073e-01 2.530908212947938773e-01 7.947781418480646121e-01 5.597745864673173699e-01 5.673716967677442380e-01 0.000000000000000000e+00 2.839086789530507193e-01 6.200688360181425551e-01 3.653874786893168691e-01 1.943138471293975877e-01 4.889189187943244752e-01
6.591437693355730598e-01 6.846208839906140486e-01 3.118152150907067544e-01 4.058755519724981387e-01 4.876099651741333529e-01 3.593395328095628782e-01 4.953211069166189029e-01 5.216370029543377917e-01 9.269030355800889076e-01 7.169718097179926808e-01 3.367811920522210678e-01 4.699157356715460421e-01 8.654751651311922700e-01 7.203223073877375038e-01 4.626052028397275029e-01 1.398614210842186178e-01 4.603749841386312602e-01 3.799305592462016712e-01 5.430094083686980433e-01 7.760473417193712864e-01 3.476141005477573209e-01 7.751869629665724126e-01 1.740162877761243232e-01 8.141791032007863471e-01 5.068168655073379547e-01 7.584742635514480913e-01 5.385278933118275990e-01 6.968040381403228789e-01 8.957866590230363357e-01 2.839086789530507193e-01 0.000000000000000000e+00 5.466896654012194379e-01 2.957937929284023548e-01 8.001771047035364237e-01 5.125130512510934766e-01
5.242661370151573408e-01 8.755653093121076314e-01 5.469473867389462729e-01 5.079781914036254342e-01 3.426962937673375675e-01 6.116085497484267108e-01 5.436054907011691473e-01 2.518909599736478544e-01 4.808815420891385251e-01 3.466147093933359402e-01 4.598879530771937674e-01 3.348473663909338205e-01 5.448596046690517003e-01 5.046995943719478905e-01 3.236348313871356686e-01 5.125373405634597868e-01 8.951128961735769218e-01 6.741774350867490995e-01 7.988058650430770458e-01 7.162927768129410122e-01 5.715978334782139125e-01 5.486483428640388516e-01 6.687720371060053015e-01 2.132822522208116522e-01 2.478398480954481231e-01 5.687329627681829702e-01 2.372435141949054138e-01 4.683938370176727872e-01 8.772978662275675577e-01 6.200688360181425551e-01 5.466896654012194379e-01 0.000000000000000000e+00 5.606561061357602238e-01 5.136320204591301453e-01 7.024604645994950713e-01
7.061395732699278227e-01 2.758982025088335677e-01 5.284220606940406295e-01 9.058932619422933596e-01 9.629314819338908871e-01 4.379718511833650130e-01 6.076992818993645074e-01 5.824517719247508385e-01 1.103669188051749073e-01 1.579038456438341953e-02 3.782115993426226619e-01 7.344939992871228895e-01 2.998460711000886514e-01 4.089454247166159906e-01 5.286510601338056947e-01 4.594648108396017783e-01 5.509659179100767634e-01 3.735371477934084639e-01 4.587780432369379935e-01 1.880881945900276797e-01 4.089838165635408251e-01 3.490723606526061618e-01 6.157301144884914645e-01 3.364716756183732116e-01 6.352064284099053770e-01 5.674479842725400625e-01 6.271502846020163835e-01 3.633488449660788877e-01 2.476429889246681837e-01 3.653874786893168691e-01 2.957937929284023548e-01 5.606561061357602238e-01 0.000000000000000000e+00 3.811766708662270853e-01 6.061742543791805993e-01
1.434181306276260948e-02 5.786119685599333540e-01 4.116964158453210176e-01 6.035382180614423664e-01 4.074204976112238974e-02 6.347595469538247492e-01 2.752453188393775285e-01 2.787825121927784977e-01 5.746103549364565133e-01 2.964792207119317791e-01 3.372974753964598227e-01 6.333115030274156787e-01 2.518195966524161000e-01 5.153392538899878028e-01 4.645016243525547095e-01 5.791298970359940457e-01 1.732607722166794595e-01 6.081999599319156680e-01 5.238620291191716793e-01 3.150964802248451546e-01 5.062256120004304805e-01 3.301136570958317362e-01 5.053397286162004676e-01 2.579089484849039771e-01 8.217664694889467158e-01 5.528032929573052368e-01 8.016200555120984728e-01 2.868495266868351656e-01 8.940612849736800927e-01 1.943138471293975877e-01 8.001771047035364237e-01 5.136320204591301453e-01 3.811766708662270853e-01 0.000000000000000000e+00 7.316641185121913749e-01
2.753657534298640241e-01 2.923749002909185601e-01 3.959540535316621312e-01 6.513771312341022357e-01 5.293994080544255354e-01 3.709985624882337074e-01 8.582014476649271195e-01 8.917869982836509335e-01 8.967798555221671020e-01 6.153380935592878132e-01 5.349678115127841638e-01 3.202505037254353981e-01 4.500732200651192949e-01 8.139352553103714749e-01 5.014165731226509770e-01 3.511724472799736541e-01 6.648435926961966391e-01 8.086468720893476014e-01 7.418100177905407877e-01 6.621955567581470081e-01 5.845055679960748929e-01 4.294464209362596208e-01 4.821028985973136449e-01 3.375467819101058420e-01 6.388661751112802989e-01 5.419702350377753053e-01 4.086324572013181333e-01 3.800085773883492557e-01 7.567308497999776229e-01 4.889189187943244752e-01 5.125130512510934766e-01 7.024604645994950713e-01 6.061742543791805993e-01 7.316641185121913749e-01 0.000000000000000000e+00
