0.000000000000000000e+00 3.665314258695787641e-01 3.548942272332288317e-01 3.448882383840556898e-01 6.950477029164578990e-01 3.929375811406431440e-01 8.552834720170827687e-01 7.999009118632174342e-01 8.597062982251872931e-01 8.200534909842391862e-01 7.924297770573525135e-01 8.050803454804824622e-01 8.245026273722143584e-01 5.641515684243417761e-01 7.836416817841488358e-01 8.504652175482215748e-01 6.365268550164950856e-01 7.658445079884481643e-01 4.183562198840067303e-01 4.629313914217622061e-01 1.807984922272720674e-01 4.238687424143000038e-01 8.226229787637560076e-01 1.964282130634847912e-01 3.526576633082896262e-01 3.097289344013661183e-01 2.808435221587592401e-01 3.843820926924920167e-01 3.100906230703305289e-01 3.990163045611505588e-01 7.583503964291467003e-01 6.445917283201765269e-01 3.509419334481742592e-01 8.234853118398532956e-01 5.207817468451634291e-01
3.665314258695787641e-01 0.000000000000000000e+00 3.891650405223099907e-01 7.589132772133126981e-01 7.314933836429075020e-01 5.017718140886147093e-01 2.473439342144939657e-01 2.564856855229688537e-01 9.543883080506518901e-01 5.879421743687774926e-01 5.916271772955603581e-01 7.113753132698119597e-01 6.933784542611409751e-01 6.062741933386228688e-01 8.810171215339360762e-01 7.921878243160362931e-02 4.672870340735578720e-01 5.400112355769837169e-01 6.040280642360966734e-01 2.336616598138144818e-01 6.722979202608165838e-01 1.429940930875015503e-01 3.680539100850384049e-01 4.457867086805443191e-01 2.283847882508337479e-01 6.229251279321570411e-01 7.416205601643806045e-01 6.497164515040968480e-01 7.403885718076285150e-01 4.920111404912291264e-01 7.443310071512291293e-01 4.899807819220389771e-01 3.012112701920138802e-01 6.557430151879904967e-01 5.169351751238735471e-01
3.548942272332288317e-01 3.891650405223099907e-01 0.000000000000000000e+00 6.863271925534246698e-01 7.619289361063834587e-01 3.610210559270629060e-01 7.427088295919392902e-01 4.608310841065212937e-01 8.932606033403764911e-01 5.014306556920870017e-01 4.288775788328218486e-01 5.489487604765870277e-01 5.378194154811630767e-01 7.969249801371903752e-01 9.150102440346160604e-01 5.300637616909904537e-01 6.555460435924529428e-01 6.464364732949847703e-01 4.327811971613873543e-01 5.719677651356723791e-01 6.527170926533346629e-01 4.405394055650276863e-01 4.845311188866774366e-02 9.138849981986052473e-01 3.648376976152246653e-01 3.844373732787165210e-02 9.197774373504458145e-01 4.178105719027825904e-01 8.666301638381128658e-01 5.090510085815247443e-01 1.357730926604697741e-01 6.295710743901573592e-01 6.125330766260054238e-01 6.747369903563013027e-01 2.488235345774062468e-01
3.448882383840556898e-01 7.589132772133126981e-01 6.863271925534246698e-01 0.000000000000000000e+00 7.188702887780853423e-01 8.338360776277723430e-01 4.036408110311835995e-01 9.260628220662866505e-01 6.671621739047289834e-01 6.753040899456813628e-01 4.594214663756859274e-01 5.165705846919708133e-01 5.989174581368852390e-01 8.472570311768911067e-01 3.784441090717671763e-01 6.061323866589787279e-01 5.524238417573323900e-01 4.382640866960016979e-01 3.888673631004855302e-01 8.402996406787612838e-01 9.804516003654244471e-01 3.368222117624264378e-02 4.999551289076406002e-01 6.917248133803864940e-01 4.863423975797924736e-01 3.124084678456651165e-01 7.164112164680400685e-01 1.267693731903919430e-01 1.994107478960337465e-01 3.779064799152661580e-01 7.004368226245305529e-01 3.706097649878302147e-01 7.170435116821614052e-01 5.772347768022731973e-01 3.316746775128361358e-01
6.950477029164578990e-01 7.314933836429075020e-01 7.619289361063834587e-01 7.188702887780853423e-01 0.000000000000000000e+00 1.542851323308196410e-01 4.957076438194262802e-01 5.167006577225825570e-01 3.998248728811498176e-01 7.344246336154054422e-01 3.322832268219229057e-01 6.077066114154400234e-01 5.670542598431251857e-01 1.115696089347348874e-01 5.843728372777577951e-01 7.134460105957995957e-01 4.042286629364774675e-01 7.185919791814134872e-01 7.764861021223317117e-01 7.091540056197446207e-01 3.342497953415161094e-01 5.695167344713329971e-01 7.348463402121273580e-01 9.483242127583613179e-01 8.670063369116176588e-01 6.797079051992922505e-01 9.264914735970142257e-01 8.882299617830797800e-01 8.517328298696622557e-01 6.119779851261617498e-01 8.400630843511678325e-01 8.249519495483759179e-01 4.177416723829029399e-01 3.232960501896302019e-01 3.005882102006883771e-01
3.929375811406431440e-01 5.017718140886147093e-01 3.610210559270629060e-01 8.338360776277723430e-01 1.542851323308196410e-01 0.000000000000000000e+00 7.997279724213791630e-01 1.664124621869810250e-01 3.000622486649929810e-01 1.164740018999951277e-01 5.100640922239695341e-01 2.664788830068661740e-01 2.002591649782262673e-01 4.336779293178343875e-01 9.400873266455642696e-01 6.968807329428123865e-01 7.289885333817344160e-01 3.788067668523490417e-01 3.803988491079725032e-01 7.681756045170573532e-01 8.687959481151276142e-01 7.564552418107539644e-01 3.649576009512849328e-01 4.016502350675167365e-01 6.408186003396840746e-01 7.536637932019446540e-01 1.504119800591755540e-01 6.934867585378059474e-01 3.761736847847928500e-01 8.830792944908630870e-01 5.858299739770826964e-01 7.001301406416509110e-01 2.104815261124424186e-01 6.933625225409636439e-01 4.807150572297330671e-01
8.552834720170827687e-01 2.473439342144939657e-01 7.427088295919392902e-01 4.036408110311835995e-01 4.957076438194262802e-01 7.997279724213791630e-01 0.000000000000000000e+00 9.353085884540712769e-01 8.777568952982330863e-01 8.303138255767263942e-01 7.162075099189927352e-01 6.454097006005835580e-01 7.707623185922973796e-02 7.875464320061804635e-01 2.512542353335067702e-01 7.404588487032346400e-01 2.754527061796985254e-01 4.730096780960881819e-01 7.117318273607073920e-01 2.836522779423303331e-01 3.647324088074672677e-01 6.302491383996666752e-01 6.451729466385687228e-01 5.067743394984882688e-01 1.565610479032103486e-01 8.968453903105839675e-01 1.179583897366656142e-01 9.027268394560339360e-02 6.702135101717946464e-01 8.000742973670080804e-01 8.231187034456683982e-01 4.429911701440936156e-01 3.391985398114490957e-01 3.693673855060434219e-01 4.384574805961426458e-01
7.999009118632174342e-01 2.564856855229688537e-01 4.608310841065212937e-01 9.260628220662866505e-01 5.167006577225825570e-01 1.664124621869810250e-01 9.353085884540712769e-01 0.000000000000000000e+00 7.569584594782901021e-01 8.139687739744393413e-01 6.170008406649728494e-01 8.116929641517485194e-01 6.698243585913727927e-01 2.464928101329073584e-01 7.402699641477703540e-01 7.330488681535618500e-01 4.752665016664732178e-01 7.781860025695330751e-01 7.149981094469938236e-01 7.787804114782171938e-01 1.605660080536676082e-01 6.034837513591970737e-01 8.454648414158945080e-01 8.284939432388621627e-01 2.584605379406024195e-01 5.140821329415005136e-01 8.184907949838171604e-01 3.748254818254082577e-01 2.975795016372845270e-01 6.775704873938346307e-01 1.013080092251914532e-01 4.673755618857471372e-01 4.438876220689902952e-01 3.614102984507190364e-01 8.768095637879926851e-01
8.597062982251872931e-01 9.543883080506518901e-01 8.932606033403764911e-01 6.671621739047289834e-01 3.998248728811498176e-01 3.000622486649929810e-01 8.777568952982330863e-01 7.569584594782901021e-01 0.000000000000000000e+00 6.858340309020489745e-01 3.326910320906011354e-01 4.723871945665565342e-01 5.733055870933764231e-01 3.584304758297552906e-01 7.181236837581467247e-01 8.021281722155333416e-01 6.859731717063763945e-01 6.752158084318700126e-01 3.916602979436023535e-01 8.759663374269454073e-01 3.577309330846089597e-01 1.103492476638736619e-01 5.573400410031552621e-01 8.228789200176811480e-01 7.869547953905953186e-01 8.056156019686286918e-01 5.035529086332417581e-01 2.202161997162646323e-01 4.376714940592600911e-01 5.117493736355406275e-01 6.296754613447069771e-01 1.495030136832322665e-01 3.448036716429360160e-01 1.069115295307224711e-01 7.276901387320787729e-01
8.200534909842391862e-01 5.879421743687774926e-01 5.014306556920870017e-01 6.753040899456813628e-01 7.344246336154054422e-01 1.164740018999951277e-01 8.303138255767263942e-01 8.139687739744393413e-01 6.858340309020489745e-01 0.000000000000000000e+00 5.455824592616235202e-01 3.258599446758051466e-01 8.388282634045329811e-01 4.250441779808320497e-01 5.612789570541076856e-01 2.825806599046858381e-01 7.607084444465777029e-01 1.993858704429336548e-01 5.487066530010229481e-01 6.850025066468422574e-01 6.404008379537200479e-01 3.625157171376846010e-01 8.480976146554778383e-01 5.643735352770233860e-01 9.368992419716404285e-01 4.018070283409721499e-01 8.095590662203286936e-01 4.432694676328537975e-01 1.026547759937596060e-01 5.683769696275071670e-01 5.473893302545097539e-01 5.589671055030340785e-01 3.528932635532552320e-01 5.807854858151031419e-01 1.510886736723312529e-01
7.924297770573525135e-01 5.916271772955603581e-01 4.288775788328218486e-01 4.594214663756859274e-01 3.322832268219229057e-01 5.100640922239695341e-01 7.162075099189927352e-01 6.170008406649728494e-01 3.326910320906011354e-01 5.455824592616235202e-01 0.000000000000000000e+00 7.937069604378654830e-02 7.226064495556550060e-01 4.312483444809153132e-01 5.622656512126569250e-01 7.022831171959720287e-01 5.921113243330275999e-01 6.284806568457370624e-01 8.066793816375621429e-01 4.951809941116533387e-01 6.938897040982989761e-01 6.104841041961877046e-01 6.764540319016831837e-01 6.698674115320577549e-01 6.125676529074479681e-01 2.050189240200128715e-01 3.790896457748672566e-01 5.351082321340283610e-01 4.956884736873684028e-01 5.920551267952344210e-01 5.072023839249464316e-01 2.924290859720869440e-01 4.862605784043689816e-01 6.710966508118412222e-01 3.614808468727329638e-01
8.050803454804824622e-01 7.113753132698119597e-01 5.489487604765870277e-01 5.165705846919708133e-01 6.077066114154400234e-01 2.664788830068661740e-01 6.454097006005835580e-01 8.116929641517485194e-01 4.723871945665565342e-01 3.258599446758051466e-01 7.937069604378654830e-02 0.000000000000000000e+00 4.444401175669226989e-01 1.147378469688782321e-01 4.874233648365218774e-01 5.454220743557173234e-01 1.534980991981105269e-01 5.124133283522634974e-01 5.270917259039711311e-01 8.623965103442352564e-01 5.477181649988890344e-01 6.083198274654555426e-01 4.820001204928922034e-01 3.667899692872816919e-01 6.674272994566781136e-01 4.260663575108083467e-01 4.357267261002611414e-01 8.959680408992198863e-01 2.290112754397424233e-01 3.190653377775192201e-01 1.026071685444009951e-01 6.536826044667420899e-02 5.721840804878675080e-02 7.097701941192171571e-01 8.388757921788096983e-01
8.245026273722143584e-01 6.933784542611409751e-01 5.378194154811630767e-01 5.989174581368852390e-01 5.670542598431251857e-01 2.002591649782262673e-01 7.707623185922973796e-02 6.698243585913727927e-01 5.733055870933764231e-01 8.388282634045329811e-01 7.226064495556550060e-01 4.444401175669226989e-01 0.000000000000000000e+00 8.083401660948030809e-01 6.490133919443498156e-01 4.294061405550150812e-01 3.924998615679948788e-01 1.983723910267296831e-01 5.004994040971326719e-01 3.334477580764056981e-01 6.570122509863071114e-01 6.167731307497276161e-01 6.308192942165443684e-01 7.112394511291035837e-01 4.632096599261364411e-01 3.021709387138302727e-01 9.199603708362352750e-01 4.401488592066855055e-01 6.425955001156390400e-01 7.321919125405149664e-01 5.042126248112989151e-01 5.903651832126508570e-01 4.367713173261266180e-01 9.733456386199125232e-01 8.941569120336199106e-01
5.641515684243417761e-01 6.062741933386228688e-01 7.969249801371903752e-01 8.472570311768911067e-01 1.115696089347348874e-01 4.336779293178343875e-01 7.875464320061804635e-01 2.464928101329073584e-01 3.584304758297552906e-01 4.250441779808320497e-01 4.312483444809153132e-01 1.147378469688782321e-01 8.083401660948030809e-01 0.000000000000000000e+00 4.846531409733325080e-01 2.251922165547514121e-01 2.649975813498620658e-01 6.466256524820999108e-01 4.890339862930247472e-01 4.487960285217917344e-01 1.757382860985456929e-01 2.844192321537979407e-01 4.644915401665434818e-01 9.513595869966167129e-01 6.878598794494608093e-01 4.025817924366215106e-02 7.114362987263060933e-01 6.790987014511151720e-01 3.874353027795426341e-01 3.855000288910168660e-01 5.322585825670163029e-01 8.444087482724544902e-01 7.819166505218986263e-01 7.711353342117572840e-01 1.302872445056040274e-01
7.836416817841488358e-01 8.810171215339360762e-01 9.150102440346160604e-01 3.784441090717671763e-01 5.843728372777577951e-01 9.400873266455642696e-01 2.512542353335067702e-01 7.402699641477703540e-01 7.181236837581467247e-01 5.612789570541076856e-01 5.622656512126569250e-01 4.874233648365218774e-01 6.490133919443498156e-01 4.846531409733325080e-01 0.000000000000000000e+00 5.452105210773092736e-01 5.266555287945803299e-01 8.238086496766614530e-01 6.901511817665326731e-01 6.116034156347198714e-01 3.301436738209571620e-01 8.993896818742093124e-01 7.699746047659030701e-01 3.619085712697710511e-01 4.615390517601281051e-02 4.805698109478987456e-01 6.470624540344421805e-01 3.638014005403914508e-01 4.591789620043751907e-01 7.437317967274394981e-01 5.346321016780103408e-01 2.759116916279316101e-01 3.549463401273399987e-01 1.570864131063293145e-01 7.087586637792667732e-01
8.504652175482215748e-01 7.921878243160362931e-02 5.300637616909904537e-01 6.061323866589787279e-01 7.134460105957995957e-01 6.968807329428123865e-01 7.404588487032346400e-01 7.330488681535618500e-01 8.021281722155333416e-01 2.825806599046858381e-01 7.022831171959720287e-01 5.454220743557173234e-01 4.294061405550150812e-01 2.251922165547514121e-01 5.452105210773092736e-01 0.000000000000000000e+00 4.706767078519406011e-01 6.012696459295755469e-01 8.964306254331992907e-01 9.657208481591839089e-02 7.016300905848021907e-01 7.754010183249667731e-01 8.437918776586061931e-01 3.887565952575833261e-02 5.027452712832494175e-01 8.324035967145255732e-01 5.536939336639004061e-01 9.135787374805397487e-01 3.875556395251485986e-01 7.802140134263806370e-01 5.325833804968853613e-01 8.089588188932781421e-01 6.028191711069146308e-01 2.859550820384149095e-01 8.140768981058386089e-01
6.365268550164950856e-01 4.672870340735578720e-01 6.555460435924529428e-01 5.524238417573323900e-01 4.042286629364774675e-01 7.289885333817344160e-01 2.754527061796985254e-01 4.752665016664732178e-01 6.859731717063763945e-01 7.607084444465777029e-01 5.921113243330275999e-01 1.534980991981105269e-01 3.924998615679948788e-01 2.649975813498620658e-01 5.266555287945803299e-01 4.706767078519406011e-01 0.000000000000000000e+00 8.190955530622172631e-01 9.586688700400379792e-01 5.245448438156754545e-01 5.039951921683500924e-01 5.750384974232407576e-01 3.117358253657648293e-01 3.375682454484527084e-01 2.826354415285041721e-01 4.664205363502310631e-01 8.854450360570260692e-01 8.961420429169186797e-01 3.280299187420667728e-01 3.991918022882092187e-01 3.927985849636586591e-01 5.751667035678109663e-01 7.516747879907679231e-01 7.648793739615187270e-01 7.912535324616083443e-01
7.658445079884481643e-01 5.400112355769837169e-01 6.464364732949847703e-01 4.382640866960016979e-01 7.185919791814134872e-01 3.788067668523490417e-01 4.730096780960881819e-01 7.781860025695330751e-01 6.752158084318700126e-01 1.993858704429336548e-01 6.284806568457370624e-01 5.124133283522634974e-01 1.983723910267296831e-01 6.466256524820999108e-01 8.238086496766614530e-01 6.012696459295755469e-01 8.190955530622172631e-01 0.000000000000000000e+00 3.936538249572730797e-01 3.282811458331609256e-01 1.973915995289106107e-01 8.234926184232371771e-01 7.418702994146336716e-01 8.307419790600445442e-01 3.924241947253470086e-01 8.180060002993642110e-01 3.642638396282166235e-01 4.084283352509943121e-01 5.117035407834046312e-01 5.373255490828778846e-01 7.897366929565149407e-01 3.287530095136244612e-01 3.477660860116111863e-01 3.789076764209661219e-01 6.305293138411980358e-01
4.183562198840067303e-01 6.040280642360966734e-01 4.327811971613873543e-01 3.888673631004855302e-01 7.764861021223317117e-01 3.803988491079725032e-01 7.117318273607073920e-01 7.149981094469938236e-01 3.916602979436023535e-01 5.487066530010229481e-01 8.066793816375621429e-01 5.270917259039711311e-01 5.004994040971326719e-01 4.890339862930247472e-01 6.901511817665326731e-01 8.964306254331992907e-01 9.586688700400379792e-01 3.936538249572730797e-01 0.000000000000000000e+00 7.311338904999873378e-01 7.048450418244748272e-01 4.863979502066953509e-01 6.797357739982825553e-01 4.480176697430499622e-01 9.566006704827143547e-01 7.812782456003362075e-01 4.656101558473413893e-01 2.961315320779451254e-01 8.256813744282587297e-01 1.351687374221534066e-01 4.332311092504999017e-01 4.208484367598500642e-01 3.549865305029704099e-01 7.987030534212737898e-01 6.620665886093384245e-01
4.629313914217622061e-01 2.336616598138144818e-01 5.719677651356723791e-01 8.402996406787612838e-01 7.091540056197446207e-01 7.681756045170573532e-01 2.836522779423303331e-01 7.787804114782171938e-01 8.759663374269454073e-01 6.850025066468422574e-01 4.951809941116533387e-01 8.623965103442352564e-01 3.334477580764056981e-01 4.487960285217917344e-01 6.116034156347198714e-01 9.657208481591839089e-02 5.245448438156754545e-01 3.282811458331609256e-01 7.311338904999873378e-01 0.000000000000000000e+00 7.154566994238387156e-01 6.619726788828114161e-01 4.577840245985029810e-01 8.345369794951238429e-01 1.073164554355343636e-01 6.340851126893041201e-01 8.106576176963296021e-01 8.349960717535729326e-01 8.941877049397481958e-01 4.713655557504504712e-01 8.146764805048485325e-01 2.785393535088931394e-01 6.720805250956988219e-01 5.786120676335591018e-01 8.927118369529584152e-01
1.807984922272720674e-01 6.722979202608165838e-01 6.527170926533346629e-01 9.804516003654244471e-01 3.342497953415161094e-01 8.687959481151276142e-01 3.647324088074672677e-01 1.605660080536676082e-01 3.577309330846089597e-01 6.404008379537200479e-01 6.938897040982989761e-01 5.477181649988890344e-01 6.570122509863071114e-01 1.757382860985456929e-01 3.301436738209571620e-01 7.016300905848021907e-01 5.039951921683500924e-01 1.973915995289106107e-01 7.048450418244748272e-01 7.154566994238387156e-01 0.000000000000000000e+00 7.681178726975386173e-01 3.828980116485964924e-01 5.022784902515053940e-01 7.947061645407238473e-02 7.933277711318023062e-01 4.493243082941502653e-01 5.178592838800334386e-01 5.988608893043847470e-01 4.795675538395203774e-01 6.397759439161483375e-01 9.785110952948853358e-01 4.668763120539101696e-01 4.555605646094235128e-01 3.851037540839434836e-01
4.238687424143000038e-01 1.429940930875015503e-01 4.405394055650276863e-01 3.368222117624264378e-02 5.695167344713329971e-01 7.564552418107539644e-01 6.302491383996666752e-01 6.034837513591970737e-01 1.103492476638736619e-01 3.625157171376846010e-01 6.104841041961877046e-01 6.083198274654555426e-01 6.167731307497276161e-01 2.844192321537979407e-01 8.993896818742093124e-01 7.754010183249667731e-01 5.750384974232407576e-01 8.234926184232371771e-01 4.863979502066953509e-01 6.619726788828114161e-01 7.681178726975386173e-01 0.000000000000000000e+00 5.788624652616909394e-01 9.740828609960596740e-01 9.258678332547342071e-01 6.166303034184434928e-01 5.178412415285438275e-01 9.468440219597191732e-01 4.453815612307201466e-01 4.527578228630649293e-01 6.020529914825312190e-01 7.435551493772873943e-01 4.936254696593225799e-01 4.616287997248437747e-01 3.594241800476687954e-01
8.226229787637560076e-01 3.680539100850384049e-01 4.845311188866774366e-02 4.999551289076406002e-01 7.348463402121273580e-01 3.649576009512849328e-01 6.451729466385687228e-01 8.454648414158945080e-01 5.573400410031552621e-01 8.480976146554778383e-01 6.764540319016831837e-01 4.820001204928922034e-01 6.308192942165443684e-01 4.644915401665434818e-01 7.699746047659030701e-01 8.437918776586061931e-01 3.117358253657648293e-01 7.418702994146336716e-01 6.797357739982825553e-01 4.577840245985029810e-01 3.828980116485964924e-01 5.788624652616909394e-01 0.000000000000000000e+00 5.333781321331905190e-01 5.299087160047186718e-01 2.489107396845294806e-01 6.246792895012235336e-01 9.253696189684540441e-01 6.279746386354926324e-01 4.529789127987721153e-01 8.143807669118989789e-01 5.644440130405115053e-01 8.656644416984639046e-01 9.678722742069434393e-01 5.136338500948010033e-01
1.964282130634847912e-01 4.457867086805443191e-01 9.138849981986052473e-01 6.917248133803864940e-01 9.483242127583613179e-01 4.016502350675167365e-01 5.067743394984882688e-01 8.284939432388621627e-01 8.228789200176811480e-01 5.643735352770233860e-01 6.698674115320577549e-01 3.667899692872816919e-01 7.112394511291035837e-01 9.513595869966167129e-01 3.619085712697710511e-01 3.887565952575833261e-02 3.375682454484527084e-01 8.307419790600445442e-01 4.480176697430499622e-01 8.345369794951238429e-01 5.022784902515053940e-01 9.740828609960596740e-01 5.333781321331905190e-01 0.000000000000000000e+00 5.143298366555826284e-02 7.708935116230564155e-01 7.550110209464797606e-01 3.822864242502730936e-01 8.584056096846921502e-01 4.554590999185433864e-01 4.888947379519641978e-01 2.281372824431218138e-01 8.272833593935984275e-01 3.859258572818457522e-01 7.731938749785487452e-01
3.526576633082896262e-01 2.283847882508337479e-01 3.648376976152246653e-01 4.863423975797924736e-01 8.670063369116176588e-01 6.408186003396840746e-01 1.565610479032103486e-01 2.584605379406024195e-01 7.869547953905953186e-01 9.368992419716404285e-01 6.125676529074479681e-01 6.674272994566781136e-01 4.632096599261364411e-01 6.878598794494608093e-01 4.615390517601281051e-02 5.027452712832494175e-01 2.826354415285041721e-01 3.924241947253470086e-01 9.566006704827143547e-01 1.073164554355343636e-01 7.947061645407238473e-02 9.258678332547342071e-01 5.299087160047186718e-01 5.143298366555826284e-02 0.000000000000000000e+00 4.054407331538557591e-01 6.039063094740703130e-01 4.320463837589909040e-01 7.898498712697363811e-01 4.829666598186976856e-01 5.866790412836211388e-01 6.186936978209649496e-01 5.046229961704830069e-01 4.534468971709815222e-01 3.710454662578356877e-01
3.097289344013661183e-01 6.229251279321570411e-01 3.844373732787165210e-02 3.124084678456651165e-01 6.797079051992922505e-01 7.536637932019446540e-01 8.968453903105839675e-01 5.140821329415005136e-01 8.056156019686286918e-01 4.018070283409721499e-01 2.050189240200128715e-01 4.260663575108083467e-01 3.021709387138302727e-01 4.025817924366215106e-02 4.805698109478987456e-01 8.324035967145255732e-01 4.664205363502310631e-01 8.180060002993642110e-01 7.812782456003362075e-01 6.340851126893041201e-01 7.933277711318023062e-01 6.166303034184434928e-01 2.489107396845294806e-01 7.708935116230564155e-01 4.054407331538557591e-01 0.000000000000000000e+00 8.507874519662405044e-01 4.570054415783245116e-01 4.192476203100741206e-01 3.127666530464905392e-01 2.174755037195095220e-01 8.611471808457328292e-01 7.785784101370116783e-01 6.246698750231364228e-01 4.165914298072093125e-01
2.808435221587592401e-01 7.416205601643806045e-01 9.197774373504458145e-01 7.164112164680400685e-01 9.264914735970142257e-01 1.504119800591755540e-01 1.179583897366656142e-01 8.184907949838171604e-01 5.035529086332417581e-01 8.095590662203286936e-01 3.790896457748672566e-01 4.357267261002611414e-01 9.199603708362352750e-01 7.114362987263060933e-01 6.470624540344421805e-01 5.536939336639004061e-01 8.854450360570260692e-01 3.642638396282166235e-01 4.656101558473413893e-01 8.106576176963296021e-01 4.493243082941502653e-01 5.178412415285438275e-01 6.246792895012235336e-01 7.550110209464797606e-01 6.039063094740703130e-01 8.507874519662405044e-01 0.000000000000000000e+00 4.405519509257345145e-01 2.313573932552807355e-01 4.645070304700089636e-01 6.933067209523950947e-01 4.859244554045683562e-01 3.620038441839395493e-01 5.824628853027600250e-01 5.861262522825315679e-01
3.843820926924920167e-01 6.497164515040968480e-01 4.178105719027825904e-01 1.267693731903919430e-01 8.882299617830797800e-01 6.934867585378059474e-01 9.027268394560339360e-02 3.748254818254082577e-01 2.202161997162646323e-01 4.432694676328537975e-01 5.351082321340283610e-01 8.959680408992198863e-01 4.401488592066855055e-01 6.790987014511151720e-01 3.638014005403914508e-01 9.135787374805397487e-01 8.961420429169186797e-01 4.084283352509943121e-01 2.961315320779451254e-01 8.349960717535729326e-01 5.178592838800334386e-01 9.468440219597191732e-01 9.253696189684540441e-01 3.822864242502730936e-01 4.320463837589909040e-01 4.570054415783245116e-01 4.405519509257345145e-01 0.000000000000000000e+00 3.911759860505404918e-01 6.986523160411710620e-01 9.051525990730500126e-01 9.184466284595040886e-01 2.332622803475945528e-01 1.233519403246252644e-01 1.497709045591076871e-01
3.100906230703305289e-01 7.403885718076285150e-01 8.666301638381128658e-01 1.994107478960337465e-01 8.517328298696622557e-01 3.761736847847928500e-01 6.702135101717946464e-01 2.975795016372845270e-01 4.376714940592600911e-01 1.026547759937596060e-01 4.956884736873684028e-01 2.290112754397424233e-01 6.425955001156390400e-01 3.874353027795426341e-01 4.591789620043751907e-01 3.875556395251485986e-01 3.280299187420667728e-01 5.117035407834046312e-01 8.256813744282587297e-01 8.941877049397481958e-01 5.988608893043847470e-01 4.453815612307201466e-01 6.279746386354926324e-01 8.584056096846921502e-01 7.898498712697363811e-01 4.192476203100741206e-01 2.313573932552807355e-01 3.911759860505404918e-01 0.000000000000000000e+00 4.653314989141633662e-01 4.659301675031603529e-01 6.944900094315396011e-01 3.300399772250621200e-01 2.867681344218443451e-01 5.766335874587127375e-01
3.990163045611505588e-01 4.920111404912291264e-01 5.090510085815247443e-01 3.779064799152661580e-01 6.119779851261617498e-01 8.830792944908630870e-01 8.000742973670080804e-01 6.775704873938346307e-01 5.117493736355406275e-01 5.683769696275071670e-01 5.920551267952344210e-01 3.190653377775192201e-01 7.321919125405149664e-01 3.855000288910168660e-01 7.437317967274394981e-01 7.802140134263806370e-01 3.991918022882092187e-01 5.373255490828778846e-01 1.351687374221534066e-01 4.713655557504504712e-01 4.795675538395203774e-01 4.527578228630649293e-01 4.529789127987721153e-01 4.554590999185433864e-01 4.829666598186976856e-01 3.127666530464905392e-01 4.645070304700089636e-01 6.986523160411710620e-01 4.653314989141633662e-01 0.000000000000000000e+00 4.968168354877212645e-01 1.402553681759478588e-01 8.211975541251939070e-01 7.300487693957906643e-01 4.314190393582661986e-01
7.583503964291467003e-01 7.443310071512291293e-01 1.357730926604697741e-01 7.004368226245305529e-01 8.400630843511678325e-01 5.858299739770826964e-01 8.231187034456683982e-01 1.013080092251914532e-01 6.296754613447069771e-01 5.473893302545097539e-01 5.072023839249464316e-01 1.026071685444009951e-01 5.042126248112989151e-01 5.322585825670163029e-01 5.346321016780103408e-01 5.325833804968853613e-01 3.927985849636586591e-01 7.897366929565149407e-01 4.332311092504999017e-01 8.146764805048485325e-01 6.397759439161483375e-01 6.020529914825312190e-01 8.143807669118989789e-01 4.888947379519641978e-01 5.866790412836211388e-01 2.174755037195095220e-01 6.933067209523950947e-01 9.051525990730500126e-01 4.659301675031603529e-01 4.968168354877212645e-01 0.000000000000000000e+00 7.695340849945155881e-01 7.459635218417886016e-01 7.010224288328057440e-01 6.318806540518435710e-01
6.445917283201765269e-01 4.899807819220389771e-01 6.295710743901573592e-01 3.706097649878302147e-01 8.249519495483759179e-01 7.001301406416509110e-01 4.429911701440936156e-01 4.673755618857471372e-01 1.495030136832322665e-01 5.589671055030340785e-01 2.924290859720869440e-01 6.536826044667420899e-02 5.903651832126508570e-01 8.444087482724544902e-01 2.759116916279316101e-01 8.089588188932781421e-01 5.751667035678109663e-01 3.287530095136244612e-01 4.208484367598500642e-01 2.785393535088931394e-01 9.785110952948853358e-01 7.435551493772873943e-01 5.644440130405115053e-01 2.281372824431218138e-01 6.186936978209649496e-01 8.611471808457328292e-01 4.859244554045683562e-01 9.184466284595040886e-01 6.944900094315396011e-01 1.402553681759478588e-01 7.695340849945155881e-01 0.000000000000000000e+00 2.607863536278979266e-01 3.875963324263121401e-01 2.297820906240937988e-01
3.509419334481742592e-01 3.012112701920138802e-01 6.125330766260054238e-01 7.170435116821614052e-01 4.177416723829029399e-01 2.104815261124424186e-01 3.391985398114490957e-01 4.438876220689902952e-01 3.448036716429360160e-01 3.528932635532552320e-01 4.862605784043689816e-01 5.721840804878675080e-02 4.367713173261266180e-01 7.819166505218986263e-01 3.549463401273399987e-01 6.028191711069146308e-01 7.516747879907679231e-01 3.477660860116111863e-01 3.549865305029704099e-01 6.720805250956988219e-01 4.668763120539101696e-01 4.936254696593225799e-01 8.656644416984639046e-01 8.272833593935984275e-01 5.046229961704830069e-01 7.785784101370116783e-01 3.620038441839395493e-01 2.332622803475945528e-01 3.300399772250621200e-01 8.211975541251939070e-01 7.459635218417886016e-01 2.607863536278979266e-01 0.000000000000000000e+00 3.029652672184365292e-01 5.455886961649140110e-01
8.234853118398532956e-01 6.557430151879904967e-01 6.747369903563013027e-01 5.772347768022731973e-01 3.232960501896302019e-01 6.933625225409636439e-01 3.693673855060434219e-01 3.614102984507190364e-01 1.069115295307224711e-01 5.807854858151031419e-01 6.710966508118412222e-01 7.097701941192171571e-01 9.733456386199125232e-01 7.711353342117572840e-01 1.570864131063293145e-01 2.859550820384149095e-01 7.648793739615187270e-01 3.789076764209661219e-01 7.987030534212737898e-01 5.786120676335591018e-01 4.555605646094235128e-01 4.616287997248437747e-01 9.678722742069434393e-01 3.859258572818457522e-01 4.534468971709815222e-01 6.246698750231364228e-01 5.824628853027600250e-01 1.233519403246252644e-01 2.867681344218443451e-01 7.300487693957906643e-01 7.010224288328057440e-01 3.875963324263121401e-01 3.029652672184365292e-01 0.000000000000000000e+00 5.505709880515863297e-01
5.207817468451634291e-01 5.169351751238735471e-01 2.488235345774062468e-01 3.316746775128361358e-01 3.005882102006883771e-01 4.807150572297330671e-01 4.384574805961426458e-01 8.768095637879926851e-01 7.276901387320787729e-01 1.510886736723312529e-01 3.614808468727329638e-01 8.388757921788096983e-01 8.941569120336199106e-01 1.302872445056040274e-01 7.087586637792667732e-01 8.140768981058386089e-01 7.912535324616083443e-01 6.305293138411980358e-01 6.620665886093384245e-01 8.927118369529584152e-01 3.851037540839434836e-01 3.594241800476687954e-01 5.136338500948010033e-01 7.731938749785487452e-01 3.710454662578356877e-01 4.165914298072093125e-01 5.861262522825315679e-01 1.497709045591076871e-01 5.766335874587127375e-01 4.314190393582661986e-01 6.318806540518435710e-01 2.297820906240937988e-01 5.455886961649140110e-01 5.505709880515863297e-01 0.000000000000000000e+00
