0.000000000000000000e+00 4.597402289044886792e-01 5.307164340230583477e-01 2.261656636346892624e-01 9.779938270128474276e-02 7.662186033563602727e-01 8.369462508861468253e-01 3.908685741206530118e-01 3.177936624772103036e-01 4.794071071441868281e-01 7.132659065807619436e-01 4.135361423476731080e-01 7.152536424248152613e-01 4.998577829113136084e-01 5.810097611435827147e-01 1.819715304576385306e-01 6.841278871896375735e-01 4.336712709517955844e-01 4.080125292471890597e-01 7.750045931932771914e-01 2.967652312605053022e-01 1.530167187658493799e-01 7.965972131977501203e-01 3.816469104489685904e-01 5.278791933553595994e-01 4.853692165725218000e-01 3.842715861434553570e-01 5.121257232176780194e-01 7.762485449346874233e-01 4.640560006617592270e-01 3.280116941327858582e-01 8.875926590577358777e-01 7.254946000483685209e-01 7.979426468284365193e-01 2.173622615478971731e-01
4.597402289044886792e-01 0.000000000000000000e+00 6.164672742813062101e-01 5.367190227859280904e-01 3.905494762832896760e-01 4.061913547309883299e-01 4.062229578833176369e-01 2.317975941652614669e-01 8.185023165544920154e-01 9.123591731199865995e-01 3.605763125432507321e-01 5.088881281062671569e-01 3.711845117739742683e-01 2.867338847877390906e-01 4.545815549010852052e-01 7.523392628579022023e-01 6.224266772596024344e-01 6.087243572668776803e-01 1.548483572274587106e-01 6.321111580652651885e-01 6.768177684836043095e-01 4.308619813105325491e-01 5.882735380692067917e-01 3.408191603111173085e-01 4.889485709476428799e-01 2.874690290206493026e-01 2.210441572580224001e-01 5.823726541966097736e-01 6.844697740248134599e-01 6.695286075217311561e-01 7.956843883566110387e-01 8.037883463547471630e-01 4.254384897784941333e-01 5.621491004306422568e-01 1.345354018985919220e-01
5.307164340230583477e-01 6.164672742813062101e-01 0.000000000000000000e+00 2.538072656564926977e-01 6.381999357375999216e-01 4.165269278985169743e-01 7.753335446043791990e-01 7.278577010178204354e-01 2.210006624859525703e-01 6.088393683900371611e-01 1.118556064923331705e-01 7.910070656383740850e-01 6.810486469542147425e-01 3.589874161717566681e-01 4.456946987474676991e-01 8.103569439998263846e-01 6.319534485818559810e-01 5.536421569673342091e-01 4.698105442788679809e-01 5.260497355971008870e-01 5.099831160098441396e-01 3.430529851012145137e-01 8.718392867127385815e-01 5.168792124522187947e-01 5.526194970765696546e-01 8.963276781837778984e-01 2.765111481999719678e-01 5.976519050901927255e-01 3.216742511964411633e-01 4.503072673740214360e-01 7.157735889449683420e-01 7.085857460815883080e-01 6.333491187366100394e-01 5.540374422056271175e-01 7.490132634423931624e-01
2.261656636346892624e-01 5.367190227859280904e-01 2.538072656564926977e-01 0.000000000000000000e+00 9.094283637609140714e-01 3.010154419044758223e-01 3.606786920815903130e-01 3.484685028835198262e-01 7.508386604865272540e-01 8.566820257479901279e-01 3.617949238778820353e-01 4.507268357376996160e-01 3.884425787583264400e-01 4.210992306497647886e-01 4.648867283622000190e-01 4.745121757150188579e-01 7.613503943880258751e-01 3.198383851751134266e-01 2.060649097665335217e-01 5.483020713976445304e-01 9.003185939978081143e-01 7.523100631277104267e-01 8.131347035215392705e-01 8.661315100956530344e-01 5.752228445860955164e-01 4.475390442638202959e-01 7.009708015451162622e-01 7.456041655165182025e-01 2.292691972091209784e-01 4.898941353627771500e-01 8.264252710666739610e-01 4.011214464572389615e-01 4.733570533900749444e-01 4.351984609025321138e-01 8.832547890134127000e-01
9.779938270128474276e-02 3.905494762832896760e-01 6.381999357375999216e-01 9.094283637609140714e-01 0.000000000000000000e+00 2.003515522728798737e-01 5.856322280587263895e-01 5.946281583444326113e-01 3.138679229488881006e-01 5.348445473468510514e-01 5.685168011590561177e-01 5.107047698243827316e-01 2.374604377321226645e-01 6.661868893070113096e-01 6.048478258416781772e-01 6.783861344758537193e-01 5.402562511661457290e-01 6.777590882444850529e-01 3.305014748597457364e-01 5.518211916597050015e-01 6.209386308662271370e-01 3.514274526648924479e-01 3.298846700028151835e-01 4.340385983870946873e-01 4.342158464593813827e-01 2.920980501893599701e-01 4.917468871135672326e-01 1.698515747961423239e-01 3.490113422876388038e-01 2.264022387592371788e-01 2.737702002359581610e-01 8.650667472691606630e-01 3.899134556387293671e-01 5.674968956625651151e-01 5.476015651506488391e-01
7.662186033563602727e-01 4.061913547309883299e-01 4.165269278985169743e-01 3.010154419044758223e-01 2.003515522728798737e-01 0.000000000000000000e+00 1.530400212810516525e-01 6.615390683887781842e-01 2.747805601031862444e-01 9.419024117125354145e-01 2.799558776405942084e-01 4.764709684271743462e-01 4.357943949830597186e-01 4.534184503227445262e-01 1.812267757777994426e-01 6.953586609800233020e-01 2.882905658868024634e-01 4.926188036115394242e-01 6.647100110802299788e-01 7.981819052484493415e-01 5.459508352695746636e-01 2.467977560972528239e-01 3.870703922817885223e-01 2.136380077587277659e-01 2.075282155878434009e-01 3.188179168460645863e-01 6.362305351281077881e-01 4.566378467545069153e-01 4.211986989719547769e-01 3.423100726652228420e-01 4.975531374753213720e-01 1.393389645149373246e-01 5.094141025923387689e-01 4.591293866641822374e-01 4.720382806641191809e-01
8.369462508861468253e-01 4.062229578833176369e-01 7.753335446043791990e-01 3.606786920815903130e-01 5.856322280587263895e-01 1.530400212810516525e-01 0.000000000000000000e+00 5.701356731548358203e-01 2.685519260587436730e-01 2.928565941104821491e-01 4.906928087077835343e-01 4.495948365108496936e-01 3.866015905511839268e-01 7.844598973123098062e-01 5.940367239825650181e-01 6.077358492260759304e-01 6.260342958246447598e-01 8.322588712506052699e-01 2.602826533058166802e-01 6.882457897036275973e-01 4.504021658815055562e-01 7.010803484123571128e-01 5.208196500442263677e-01 8.100976336667460309e-01 4.280076807987014398e-01 3.938222718472010886e-01 8.423159412553398173e-01 4.431580422318730506e-01 2.673089722955590553e-01 3.587971113775548782e-01 4.926012477168691950e-01 8.754706957405691270e-01 5.544752443923959273e-01 2.864659115004838386e-01 6.954457751512843622e-01
3.908685741206530118e-01 2.317975941652614669e-01 7.278577010178204354e-01 3.484685028835198262e-01 5.946281583444326113e-01 6.615390683887781842e-01 5.701356731548358203e-01 0.000000000000000000e+00 8.462225968509464735e-01 5.122821527897549743e-01 2.394270185799495243e-01 4.563295703710799067e-01 1.501639371180923943e-01 4.988460337595995164e-01 5.187681967091032353e-01 9.401688539642700793e-01 6.364237816026421246e-01 7.132933323723839036e-01 7.609546014899475352e-01 6.794928966174784701e-01 6.092958659862262039e-01 2.890859288116610637e-01 5.824547713265559867e-01 8.563138116835944391e-02 2.542953313304887608e-01 8.819778700890692491e-01 7.054125591308447740e-01 5.549082978137027666e-01 7.231864458480101732e-01 8.275428866753552493e-01 3.183429877052653678e-01 3.397441972963746171e-01 5.331316185360399640e-01 4.138415493612206397e-01 6.272879243947977468e-01
3.177936624772103036e-01 8.185023165544920154e-01 2.210006624859525703e-01 7.508386604865272540e-01 3.138679229488881006e-01 2.747805601031862444e-01 2.685519260587436730e-01 8.462225968509464735e-01 0.000000000000000000e+00 5.934909342394067977e-01 4.617723405233910006e-01 2.525823797290658312e-01 1.202899359310531935e-01 2.368000089230004046e-01 4.423476531864201089e-01 5.646214782815477395e-01 6.983058648280882075e-01 6.626583064926940825e-01 5.596337869886782723e-01 4.821985957844693305e-01 5.629911255105991552e-01 2.403883493665387450e-01 5.013817731070495665e-01 2.375763149160806664e-01 9.243359265037354167e-01 5.068963407091424678e-01 4.636430518582371207e-01 5.257052280560994273e-01 5.899349084212186511e-01 5.982834165057021591e-01 4.156079497656034460e-01 4.349968424685289325e-01 8.900215059866485312e-01 4.802943636886504164e-01 4.231763969781986989e-01
4.794071071441868281e-01 9.123591731199865995e-01 6.088393683900371611e-01 8.566820257479901279e-01 5.348445473468510514e-01 9.419024117125354145e-01 2.928565941104821491e-01 5.122821527897549743e-01 5.934909342394067977e-01 0.000000000000000000e+00 5.409464940440043002e-01 9.202329548885115340e-01 4.449579056801403198e-01 9.373400844340968874e-01 5.346229357511695923e-01 6.221022451260145303e-01 2.240768586264469953e-01 7.215810649307015101e-01 4.856058002682714370e-01 5.966409220480162201e-02 6.655486937781849299e-01 4.354875234002918427e-01 3.097294003896392534e-01 5.461459406271720329e-01 2.804267987908377058e-01 8.340565221378182237e-01 4.366739927540132515e-01 8.778333889821576808e-01 6.846418308190451718e-01 8.666880377971118987e-01 1.993928238032894873e-01 6.416022424318330586e-01 3.345334278898207114e-01 6.561437536242109569e-02 2.797432595385619392e-01
7.132659065807619436e-01 3.605763125432507321e-01 1.118556064923331705e-01 3.617949238778820353e-01 5.685168011590561177e-01 2.799558776405942084e-01 4.906928087077835343e-01 2.394270185799495243e-01 4.617723405233910006e-01 5.409464940440043002e-01 0.000000000000000000e+00 8.137804454913027952e-01 2.630551954680018789e-01 1.803470258616364230e-01 5.622567114114804809e-01 4.964332329791205645e-01 6.348693344359496171e-01 8.368001325902305609e-01 5.725080276396137258e-01 9.742289745596355299e-02 4.846034629244403980e-01 8.158051982703318217e-02 7.962744330441409168e-01 8.751477981548723140e-01 8.805354878971347610e-01 2.400195431575972149e-01 7.821980298233583984e-01 4.563999328478204331e-01 1.703814756547129550e-01 6.193821809666787415e-01 5.882429651351916977e-01 5.717048348809962155e-01 4.548767053168980001e-01 4.550001035038794828e-01 7.942312954464075814e-01
4.135361423476731080e-01 5.088881281062671569e-01 7.910070656383740850e-01 4.507268357376996160e-01 5.107047698243827316e-01 4.764709684271743462e-01 4.495948365108496936e-01 4.563295703710799067e-01 2.525823797290658312e-01 9.202329548885115340e-01 8.137804454913027952e-01 0.000000000000000000e+00 6.122388019290936345e-01 4.871378235881449470e-01 5.428829132516298506e-01 8.886239525363197611e-01 8.657509647242229711e-01 5.768366391257506720e-01 5.462005059259803508e-01 1.266144111499126756e-01 9.759053915722981642e-01 4.208849578902970068e-01 2.023545272704647680e-01 2.460709634239824917e-01 1.795141197479055428e-01 4.442635541719586745e-01 5.802375470314022898e-01 4.352242703877199914e-01 5.658908753678635328e-01 1.602785855555025618e-01 3.079694035009993835e-01 9.134042787052492063e-01 9.469409133089912167e-01 3.685094101345320894e-02 2.917771283564348228e-01
7.152536424248152613e-01 3.711845117739742683e-01 6.810486469542147425e-01 3.884425787583264400e-01 2.374604377321226645e-01 4.357943949830597186e-01 3.866015905511839268e-01 1.501639371180923943e-01 1.202899359310531935e-01 4.449579056801403198e-01 2.630551954680018789e-01 6.122388019290936345e-01 0.000000000000000000e+00 2.504952904027432647e-01 5.040689073116665364e-01 5.298332762679313079e-01 6.207037663060699373e-01 6.908822541229944214e-01 1.696744250187839920e-01 5.227766109731372124e-01 6.412218785747910710e-01 7.268771368676549827e-01 7.165000193648243254e-01 2.757569401923891661e-01 5.420057018255315384e-01 3.710754216559050134e-01 2.891472887882945431e-01 7.461581302541002714e-01 3.033155802483448182e-01 7.578223251583802167e-01 7.637067324977677707e-01 8.413273274725963091e-02 5.051538403401880650e-01 8.198543110133710288e-01 1.260388292650046482e-01
4.998577829113136084e-01 2.867338847877390906e-01 3.589874161717566681e-01 4.210992306497647886e-01 6.661868893070113096e-01 4.534184503227445262e-01 7.844598973123098062e-01 4.988460337595995164e-01 2.368000089230004046e-01 9.373400844340968874e-01 1.803470258616364230e-01 4.871378235881449470e-01 2.504952904027432647e-01 0.000000000000000000e+00 5.661913984995428084e-01 4.655584800733916229e-01 5.143768085004709611e-01 5.248440428876437469e-01 3.732703168748425226e-01 7.085767130501340327e-01 5.785512058007638014e-01 3.165524841060922134e-01 2.623485147117377014e-01 4.940908770470443523e-01 8.491467341691347759e-01 6.495524536144602346e-01 3.418358794689714264e-01 2.108551344088758217e-01 1.624942341492333631e-01 8.904198573721877619e-02 1.727780828561872317e-01 4.595985761409057679e-01 2.535307940869530041e-01 6.660572615998103796e-01 5.388072565466481834e-01
5.810097611435827147e-01 4.545815549010852052e-01 4.456946987474676991e-01 4.648867283622000190e-01 6.048478258416781772e-01 1.812267757777994426e-01 5.940367239825650181e-01 5.187681967091032353e-01 4.423476531864201089e-01 5.346229357511695923e-01 5.622567114114804809e-01 5.428829132516298506e-01 5.040689073116665364e-01 5.661913984995428084e-01 0.000000000000000000e+00 5.592132319010523211e-01 3.791375533801613629e-01 6.397153645217914519e-01 5.468684999176032235e-01 4.799071953832223514e-01 4.759620467277539957e-01 2.075126555370332415e-01 5.181211558446735532e-01 8.274270171688783426e-01 7.763008978952539163e-01 4.871316972855183058e-01 5.859316483747845083e-01 6.086502208696185079e-01 5.488322450411921016e-01 5.488433957978284816e-01 4.722196369487470236e-01 6.031120828729936711e-01 3.226914856990348301e-02 1.394746865607615627e-01 2.352234272281469030e-01
1.819715304576385306e-01 7.523392628579022023e-01 8.103569439998263846e-01 4.745121757150188579e-01 6.783861344758537193e-01 6.953586609800233020e-01 6.077358492260759304e-01 9.401688539642700793e-01 5.646214782815477395e-01 6.221022451260145303e-01 4.964332329791205645e-01 8.886239525363197611e-01 5.298332762679313079e-01 4.655584800733916229e-01 5.592132319010523211e-01 0.000000000000000000e+00 7.724833979163165942e-01 6.140035743352696418e-01 7.805493786515929067e-01 4.496868489208991626e-01 7.566539651035126823e-01 7.354083180359016758e-01 3.468301466159664503e-01 9.020774306409070631e-01 7.524341370470327695e-01 5.802241211660077447e-01 8.833949539594192490e-01 4.743810081298047154e-01 4.817253600380431156e-01 8.644871657720675229e-01 4.836459944838277791e-01 7.859998293230961997e-01 5.630318207222624327e-01 5.381996950999311524e-01 7.090331720929039516e-01
6.841278871896375735e-01 6.224266772596024344e-01 6.319534485818559810e-01 7.613503943880258751e-01 5.402562511661457290e-01 2.882905658868024634e-01 6.260342958246447598e-01 6.364237816026421246e-01 6.983058648280882075e-01 2.240768586264469953e-01 6.348693344359496171e-01 8.657509647242229711e-01 6.207037663060699373e-01 5.143768085004709611e-01 3.791375533801613629e-01 7.724833979163165942e-01 0.000000000000000000e+00 9.954174099642212337e-01 2.392583675504730834e-01 7.130825197694368178e-01 6.762479105300481796e-01 3.475176682180484700e-01 5.201648394093087990e-01 4.625793101728680190e-01 6.310671098723655836e-01 2.064399280747785115e-01 7.564295261962767913e-01 4.862584457766200297e-01 1.607572903855498669e-01 2.788932376390061973e-01 5.193294651017565933e-01 6.054432241381857427e-01 8.688248438277965668e-01 3.665552698479347948e-01 3.652563418803543294e-01
4.336712709517955844e-01 6.087243572668776803e-01 5.536421569673342091e-01 3.198383851751134266e-01 6.777590882444850529e-01 4.926188036115394242e-01 8.322588712506052699e-01 7.132933323723839036e-01 6.626583064926940825e-01 7.215810649307015101e-01 8.368001325902305609e-01 5.768366391257506720e-01 6.908822541229944214e-01 5.248440428876437469e-01 6.397153645217914519e-01 6.140035743352696418e-01 9.954174099642212337e-01 0.000000000000000000e+00 4.769865530813959253e-01 8.894539857108261227e-01 6.590210744222725348e-01 6.123563972527359400e-01 6.219028008700610011e-01 1.415686908286404311e-01 7.113148618226328157e-02 4.765300172369943965e-01 3.334546114745184919e-01 5.295361981356703218e-01 5.600324275558580256e-01 5.410400926212508566e-01 8.519352858637625481e-01 6.563466153745928233e-01 7.173159287158388242e-01 3.246803605084540023e-01 4.454522856426210708e-01
4.080125292471890597e-01 1.548483572274587106e-01 4.698105442788679809e-01 2.060649097665335217e-01 3.305014748597457364e-01 6.647100110802299788e-01 2.602826533058166802e-01 7.609546014899475352e-01 5.596337869886782723e-01 4.856058002682714370e-01 5.725080276396137258e-01 5.462005059259803508e-01 1.696744250187839920e-01 3.732703168748425226e-01 5.468684999176032235e-01 7.805493786515929067e-01 2.392583675504730834e-01 4.769865530813959253e-01 0.000000000000000000e+00 5.045482123211153525e-02 4.672441532748068949e-01 7.213236406697554060e-01 4.723429118689747019e-01 6.357123226428906815e-01 5.661261429679822488e-01 5.027373888357271614e-01 7.746807293701224451e-01 5.807351639280867728e-01 6.655743989163285246e-01 4.323379949006336265e-01 6.355246762419458628e-01 7.707695429261177678e-01 4.977608376387212541e-01 8.315571822216165643e-01 2.187974065909782384e-01
7.750045931932771914e-01 6.321111580652651885e-01 5.260497355971008870e-01 5.483020713976445304e-01 5.518211916597050015e-01 7.981819052484493415e-01 6.882457897036275973e-01 6.794928966174784701e-01 4.821985957844693305e-01 5.966409220480162201e-02 9.742289745596355299e-02 1.266144111499126756e-01 5.227766109731372124e-01 7.085767130501340327e-01 4.799071953832223514e-01 4.496868489208991626e-01 7.130825197694368178e-01 8.894539857108261227e-01 5.045482123211153525e-02 0.000000000000000000e+00 7.335228717825100775e-01 4.459055750109425231e-01 6.337761366791989648e-01 7.120276084919719972e-01 6.806743542618024501e-01 5.311252396323409286e-01 6.524376334603599892e-01 7.576286147622310896e-01 3.393320742212401209e-01 4.425309608722725052e-01 6.049539483970527431e-01 5.430632446767369448e-01 8.356134076709439418e-01 2.921633148762173837e-01 7.949273619489531928e-01
2.967652312605053022e-01 6.768177684836043095e-01 5.099831160098441396e-01 9.003185939978081143e-01 6.209386308662271370e-01 5.459508352695746636e-01 4.504021658815055562e-01 6.092958659862262039e-01 5.629911255105991552e-01 6.655486937781849299e-01 4.846034629244403980e-01 9.759053915722981642e-01 6.412218785747910710e-01 5.785512058007638014e-01 4.759620467277539957e-01 7.566539651035126823e-01 6.762479105300481796e-01 6.590210744222725348e-01 4.672441532748068949e-01 7.335228717825100775e-01 0.000000000000000000e+00 2.428162083971907581e-01 5.705571651638201569e-01 3.625754496000260785e-01 5.083985426230058779e-01 2.287552598254007086e-01 2.029611737663433169e-01 5.236817998972579380e-01 7.228557370278340111e-01 2.845281383539853826e-01 5.864918602090729571e-01 3.691817173451489298e-01 4.919548887910784596e-01 3.736931151919066219e-01 7.889183316289649639e-01
1.530167187658493799e-01 4.308619813105325491e-01 3.430529851012145137e-01 7.523100631277104267e-01 3.514274526648924479e-01 2.467977560972528239e-01 7.010803484123571128e-01 2.890859288116610637e-01 2.403883493665387450e-01 4.354875234002918427e-01 8.158051982703318217e-02 4.208849578902970068e-01 7.268771368676549827e-01 3.165524841060922134e-01 2.075126555370332415e-01 7.354083180359016758e-01 3.475176682180484700e-01 6.123563972527359400e-01 7.213236406697554060e-01 4.459055750109425231e-01 2.428162083971907581e-01 0.000000000000000000e+00 7.299045965674182401e-01 6.275554665174579716e-01 3.754130803499184932e-01 9.752725015299712474e-02 5.607476784670826220e-01 5.201406556364227551e-01 7.157440779114874196e-01 3.027662667982060074e-01 5.114193475862414129e-01 7.798956738413188594e-01 4.466237503612585646e-01 5.773415671750913303e-01 3.212710881403100238e-01
7.965972131977501203e-01 5.882735380692067917e-01 8.718392867127385815e-01 8.131347035215392705e-01 3.298846700028151835e-01 3.870703922817885223e-01 5.208196500442263677e-01 5.824547713265559867e-01 5.013817731070495665e-01 3.097294003896392534e-01 7.962744330441409168e-01 2.023545272704647680e-01 7.165000193648243254e-01 2.623485147117377014e-01 5.181211558446735532e-01 3.468301466159664503e-01 5.201648394093087990e-01 6.219028008700610011e-01 4.723429118689747019e-01 6.337761366791989648e-01 5.705571651638201569e-01 7.299045965674182401e-01 0.000000000000000000e+00 7.096604863461247747e-01 4.534346829697816772e-01 3.796722136451567975e-01 5.648749435827655763e-01 2.404077300382839733e-01 7.584203770278197254e-01 5.825455730189779135e-01 5.509082833943743651e-01 2.522495397405253303e-01 4.622928046874091867e-01 5.943927503273063184e-01 4.233495412569887595e-01
3.816469104489685904e-01 3.408191603111173085e-01 5.168792124522187947e-01 8.661315100956530344e-01 4.340385983870946873e-01 2.136380077587277659e-01 8.100976336667460309e-01 8.563138116835944391e-02 2.375763149160806664e-01 5.461459406271720329e-01 8.751477981548723140e-01 2.460709634239824917e-01 2.757569401923891661e-01 4.940908770470443523e-01 8.274270171688783426e-01 9.020774306409070631e-01 4.625793101728680190e-01 1.415686908286404311e-01 6.357123226428906815e-01 7.120276084919719972e-01 3.625754496000260785e-01 6.275554665174579716e-01 7.096604863461247747e-01 0.000000000000000000e+00 8.035960469555111230e-01 2.541957360579225611e-01 7.951903197098015852e-01 7.982032537838943398e-01 4.824211956997459527e-01 2.931861808399976455e-01 8.337531094355566941e-01 6.457210232219566803e-01 5.028425049223270715e-01 7.885856051100975650e-01 4.856471812477380912e-02
5.278791933553595994e-01 4.889485709476428799e-01 5.526194970765696546e-01 5.752228445860955164e-01 4.342158464593813827e-01 2.075282155878434009e-01 4.280076807987014398e-01 2.542953313304887608e-01 9.243359265037354167e-01 2.804267987908377058e-01 8.805354878971347610e-01 1.795141197479055428e-01 5.420057018255315384e-01 8.491467341691347759e-01 7.763008978952539163e-01 7.524341370470327695e-01 6.310671098723655836e-01 7.113148618226328157e-02 5.661261429679822488e-01 6.806743542618024501e-01 5.083985426230058779e-01 3.754130803499184932e-01 4.534346829697816772e-01 8.035960469555111230e-01 0.000000000000000000e+00 7.439920692019682535e-01 2.085900927174383357e-01 1.470749573092724471e-01 5.482222071265783203e-01 9.264295885437828781e-01 7.945210191134337574e-01 1.669390259835291102e-01 3.097607918151138451e-01 6.437104688055758084e-01 4.929614821190134721e-01
4.853692165725218000e-01 2.874690290206493026e-01 8.963276781837778984e-01 4.475390442638202959e-01 2.920980501893599701e-01 3.188179168460645863e-01 3.938222718472010886e-01 8.819778700890692491e-01 5.068963407091424678e-01 8.340565221378182237e-01 2.400195431575972149e-01 4.442635541719586745e-01 3.710754216559050134e-01 6.495524536144602346e-01 4.871316972855183058e-01 5.802241211660077447e-01 2.064399280747785115e-01 4.765300172369943965e-01 5.027373888357271614e-01 5.311252396323409286e-01 2.287552598254007086e-01 9.752725015299712474e-02 3.796722136451567975e-01 2.541957360579225611e-01 7.439920692019682535e-01 0.000000000000000000e+00 5.013144791660713029e-01 6.706296470264763165e-01 8.659399771544897817e-01 4.358711128633519505e-01 4.206958667197525648e-01 3.432603855271457172e-01 5.154498996368759300e-01 8.438252022817861464e-01 6.041134359116709929e-01
3.842715861434553570e-01 2.210441572580224001e-01 2.765111481999719678e-01 7.009708015451162622e-01 4.917468871135672326e-01 6.362305351281077881e-01 8.423159412553398173e-01 7.054125591308447740e-01 4.636430518582371207e-01 4.366739927540132515e-01 7.821980298233583984e-01 5.802375470314022898e-01 2.891472887882945431e-01 3.418358794689714264e-01 5.859316483747845083e-01 8.833949539594192490e-01 7.564295261962767913e-01 3.334546114745184919e-01 7.746807293701224451e-01 6.524376334603599892e-01 2.029611737663433169e-01 5.607476784670826220e-01 5.648749435827655763e-01 7.951903197098015852e-01 2.085900927174383357e-01 5.013144791660713029e-01 0.000000000000000000e+00 5.024501930376130687e-01 4.436203769902505312e-01 1.860564196384093538e-01 3.158375159499463569e-01 2.508984354175785025e-01 9.223756171115722324e-01 8.217690811208762103e-01 5.390905897283460035e-01
5.121257232176780194e-01 5.823726541966097736e-01 5.976519050901927255e-01 7.456041655165182025e-01 1.698515747961423239e-01 4.566378467545069153e-01 4.431580422318730506e-01 5.549082978137027666e-01 5.257052280560994273e-01 8.778333889821576808e-01 4.563999328478204331e-01 4.352242703877199914e-01 7.461581302541002714e-01 2.108551344088758217e-01 6.086502208696185079e-01 4.743810081298047154e-01 4.862584457766200297e-01 5.295361981356703218e-01 5.807351639280867728e-01 7.576286147622310896e-01 5.236817998972579380e-01 5.201406556364227551e-01 2.404077300382839733e-01 7.982032537838943398e-01 1.470749573092724471e-01 6.706296470264763165e-01 5.024501930376130687e-01 0.000000000000000000e+00 7.357728897841270266e-01 6.187334510345853245e-01 4.863792921906199829e-01 3.278804673954613946e-01 5.854141003074181393e-01 7.870135177119897962e-01 5.537178258191688407e-01
7.762485449346874233e-01 6.844697740248134599e-01 3.216742511964411633e-01 2.292691972091209784e-01 3.490113422876388038e-01 4.211986989719547769e-01 2.673089722955590553e-01 7.231864458480101732e-01 5.899349084212186511e-01 6.846418308190451718e-01 1.703814756547129550e-01 5.658908753678635328e-01 3.033155802483448182e-01 1.624942341492333631e-01 5.488322450411921016e-01 4.817253600380431156e-01 1.607572903855498669e-01 5.600324275558580256e-01 6.655743989163285246e-01 3.393320742212401209e-01 7.228557370278340111e-01 7.157440779114874196e-01 7.584203770278197254e-01 4.824211956997459527e-01 5.482222071265783203e-01 8.659399771544897817e-01 4.436203769902505312e-01 7.357728897841270266e-01 0.000000000000000000e+00 6.918390818112348795e-01 8.446718280687388614e-01 3.290328948959935218e-01 8.612827422459533588e-01 7.824524538708869104e-01 5.443488049683804508e-01
4.640560006617592270e-01 6.695286075217311561e-01 4.503072673740214360e-01 4.898941353627771500e-01 2.264022387592371788e-01 3.423100726652228420e-01 3.587971113775548782e-01 8.275428866753552493e-01 5.982834165057021591e-01 8.666880377971118987e-01 6.193821809666787415e-01 1.602785855555025618e-01 7.578223251583802167e-01 8.904198573721877619e-02 5.488433957978284816e-01 8.644871657720675229e-01 2.788932376390061973e-01 5.410400926212508566e-01 4.323379949006336265e-01 4.425309608722725052e-01 2.845281383539853826e-01 3.027662667982060074e-01 5.825455730189779135e-01 2.931861808399976455e-01 9.264295885437828781e-01 4.358711128633519505e-01 1.860564196384093538e-01 6.187334510345853245e-01 6.918390818112348795e-01 0.000000000000000000e+00 4.575869449967663316e-01 4.665295216901196307e-01 4.004373519508385715e-01 6.787686162159304315e-01 5.249528303042481081e-01
3.280116941327858582e-01 7.956843883566110387e-01 7.157735889449683420e-01 8.264252710666739610e-01 2.737702002359581610e-01 4.975531374753213720e-01 4.926012477168691950e-01 3.183429877052653678e-01 4.156079497656034460e-01 1.993928238032894873e-01 5.882429651351916977e-01 3.079694035009993835e-01 7.637067324977677707e-01 1.727780828561872317e-01 4.722196369487470236e-01 4.836459944838277791e-01 5.193294651017565933e-01 8.519352858637625481e-01 6.355246762419458628e-01 6.049539483970527431e-01 5.864918602090729571e-01 5.114193475862414129e-01 5.509082833943743651e-01 8.337531094355566941e-01 7.945210191134337574e-01 4.206958667197525648e-01 3.158375159499463569e-01 4.863792921906199829e-01 8.446718280687388614e-01 4.575869449967663316e-01 0.000000000000000000e+00 6.691284612384207353e-01 6.938416764208465981e-01 2.376016992564826957e-01 4.895809802834706348e-01
8.875926590577358777e-01 8.037883463547471630e-01 7.085857460815883080e-01 4.011214464572389615e-01 8.650667472691606630e-01 1.393389645149373246e-01 8.754706957405691270e-01 3.397441972963746171e-01 4.349968424685289325e-01 6.416022424318330586e-01 5.717048348809962155e-01 9.134042787052492063e-01 8.413273274725963091e-02 4.595985761409057679e-01 6.031120828729936711e-01 7.859998293230961997e-01 6.054432241381857427e-01 6.563466153745928233e-01 7.707695429261177678e-01 5.430632446767369448e-01 3.691817173451489298e-01 7.798956738413188594e-01 2.522495397405253303e-01 6.457210232219566803e-01 1.669390259835291102e-01 3.432603855271457172e-01 2.508984354175785025e-01 3.278804673954613946e-01 3.290328948959935218e-01 4.665295216901196307e-01 6.691284612384207353e-01 0.000000000000000000e+00 9.033190524543883715e-01 7.487570228012225826e-01 9.403979522714092099e-01
7.254946000483685209e-01 4.254384897784941333e-01 6.333491187366100394e-01 4.733570533900749444e-01 3.899134556387293671e-01 5.094141025923387689e-01 5.544752443923959273e-01 5.331316185360399640e-01 8.900215059866485312e-01 3.345334278898207114e-01 4.548767053168980001e-01 9.469409133089912167e-01 5.051538403401880650e-01 2.535307940869530041e-01 3.226914856990348301e-02 5.630318207222624327e-01 8.688248438277965668e-01 7.173159287158388242e-01 4.977608376387212541e-01 8.356134076709439418e-01 4.919548887910784596e-01 4.466237503612585646e-01 4.622928046874091867e-01 5.028425049223270715e-01 3.097607918151138451e-01 5.154498996368759300e-01 9.223756171115722324e-01 5.854141003074181393e-01 8.612827422459533588e-01 4.004373519508385715e-01 6.938416764208465981e-01 9.033190524543883715e-01 0.000000000000000000e+00 6.403085099923815360e-01 6.357640420920920299e-01
7.979426468284365193e-01 5.621491004306422568e-01 5.540374422056271175e-01 4.351984609025321138e-01 5.674968956625651151e-01 4.591293866641822374e-01 2.864659115004838386e-01 4.138415493612206397e-01 4.802943636886504164e-01 6.561437536242109569e-02 4.550001035038794828e-01 3.685094101345320894e-02 8.198543110133710288e-01 6.660572615998103796e-01 1.394746865607615627e-01 5.381996950999311524e-01 3.665552698479347948e-01 3.246803605084540023e-01 8.315571822216165643e-01 2.921633148762173837e-01 3.736931151919066219e-01 5.773415671750913303e-01 5.943927503273063184e-01 7.885856051100975650e-01 6.437104688055758084e-01 8.438252022817861464e-01 8.217690811208762103e-01 7.870135177119897962e-01 7.824524538708869104e-01 6.787686162159304315e-01 2.376016992564826957e-01 7.487570228012225826e-01 6.403085099923815360e-01 0.000000000000000000e+00 7.123274099230729739e-01
2.173622615478971731e-01 1.345354018985919220e-01 7.490132634423931624e-01 8.832547890134127000e-01 5.476015651506488391e-01 4.720382806641191809e-01 6.954457751512843622e-01 6.272879243947977468e-01 4.231763969781986989e-01 2.797432595385619392e-01 7.942312954464075814e-01 2.917771283564348228e-01 1.260388292650046482e-01 5.388072565466481834e-01 2.352234272281469030e-01 7.090331720929039516e-01 3.652563418803543294e-01 4.454522856426210708e-01 2.187974065909782384e-01 7.949273619489531928e-01 7.889183316289649639e-01 3.212710881403100238e-01 4.233495412569887595e-01 4.856471812477380912e-02 4.929614821190134721e-01 6.041134359116709929e-01 5.390905897283460035e-01 5.537178258191688407e-01 5.443488049683804508e-01 5.249528303042481081e-01 4.895809802834706348e-01 9.403979522714092099e-01 6.357640420920920299e-01 7.123274099230729739e-01 0.000000000000000000e+00
