0.000000000000000000e+00 6.140798670493581302e-01 7.476752158840627160e-02 8.074389109724835478e-01 3.943622765271909691e-01 4.619843478142874882e-01 3.684147974154367011e-01 6.930086983197991657e-01 5.288194296769342939e-01 1.734574210686382623e-01 4.680413529795198757e-01 1.878703052336047064e-01 6.123037548183934975e-01 4.380853259986718928e-01 3.815836957624273440e-01 4.985564485664042422e-01 7.890785985924456680e-01 9.279616240270995853e-01 3.211567336170472187e-01 2.707942585769413935e-01 4.932050188252031786e-01 4.356335465834914045e-01 7.696095254217583115e-01 4.739709979554616592e-01 8.603761202312488754e-01 4.001995980904975991e-01 7.185500001733035047e-01 4.984596224810595722e-01 8.410453181915091836e-01 3.304190721401875641e-01 8.907792894857324839e-01 5.751287601630096225e-01 6.339593995572377905e-01 4.642161793516701440e-01 1.316971154220626938e-01
6.140798670493581302e-01 0.000000000000000000e+00 7.324720000602187309e-01 5.083356263900213889e-01 1.885459778430073063e-01 8.821501830337930006e-01 1.251107101552104695e-01 8.447217892334786260e-01 5.937591560723554096e-01 1.851582907507817177e-01 8.002750256450292810e-01 5.230767887426780449e-01 5.974522195621820853e-01 8.003887462976255751e-02 4.666348235597849170e-01 8.331539280830089211e-01 3.622226857001189515e-01 2.191906075138069232e-01 3.469744589418795044e-01 7.320872897883536901e-01 6.701627079429586242e-01 7.081562634766001008e-01 6.361574141038971453e-01 7.461555963006631931e-01 5.042875219782531060e-01 3.771113580332151605e-01 4.575767064466707001e-01 6.429853436336819827e-01 3.238788859226414685e-01 2.548584563758181654e-01 1.438405292578288641e-01 4.360006893780110637e-01 4.933896376213032786e-01 7.944691755282839996e-01 4.597700782874047931e-01
7.476752158840627160e-02 7.324720000602187309e-01 0.000000000000000000e+00 3.212851616382282893e-01 5.603141706497555274e-01 4.710187702017191169e-01 3.243306480033790740e-01 1.455556779089862696e-01 4.769409348482864797e-01 5.804186434516640514e-01 2.240209640403529878e-01 6.311494937401873617e-01 3.482561648246509378e-01 5.963452491538703271e-01 1.174854250808826661e-01 7.043510611114568443e-01 5.994443616012663512e-01 8.944323332934350779e-01 6.723564337064764640e-01 3.498676516672852843e-01 5.826658178057231297e-01 4.176913251603526223e-01 5.324790415942730615e-01 8.855094886708050339e-01 1.230173711655777602e-01 4.393232313799351196e-01 5.847575444501579289e-01 6.583402538404257154e-01 4.581371662101000886e-01 1.336363620964027277e-01 5.107716812263854989e-01 9.633151014558478664e-01 5.415418446481697901e-01 7.805466120536483920e-01 1.805244960824676781e-01
8.074389109724835478e-01 5.083356263900213889e-01 3.212851616382282893e-01 0.000000000000000000e+00 7.465568401094484496e-01 5.279126071718838187e-01 8.904064030120981688e-01 6.138075207105362363e-01 7.889312223793554235e-01 1.762300848092649419e-01 3.560673839735039592e-01 5.129852373617623806e-01 4.186894848451560014e-01 7.366041655568340563e-01 8.378824958830044523e-01 2.657330436947406005e-01 6.258033852913227335e-01 3.562830723018918788e-01 5.986884735876425445e-01 5.023827059408741968e-01 5.208189414598638489e-01 4.831579316947451352e-01 7.000329292468931985e-01 6.355453088164817466e-01 8.445512493291479350e-01 8.715477537401545849e-01 4.277176016339381270e-01 4.466760247289670027e-01 6.437455841988797278e-01 3.501544207369909900e-01 3.530627562582904222e-01 7.631517358321933120e-01 3.263042232309818491e-01 8.910088228098858032e-01 4.494524355731689402e-01
3.943622765271909691e-01 1.885459778430073063e-01 5.603141706497555274e-01 7.465568401094484496e-01 0.000000000000000000e+00 2.960324346894631642e-01 3.895249995911259644e-01 5.177820296184798554e-01 3.160181512863495801e-01 5.149741585913838460e-01 5.498671043812990433e-01 7.641796782411418576e-01 4.569567853924502709e-01 8.301573593084096148e-01 4.168893174646692290e-01 2.486121170578427519e-01 5.152960743750578665e-01 4.534624642410133299e-01 1.073620994096645687e-01 2.340971009085996979e-01 7.402238429029434075e-01 6.649268213128718408e-01 4.189237994367893680e-01 7.071765141911779962e-01 7.036609724148928935e-01 6.156479308620481650e-01 8.844158727596500569e-01 5.171423166457411735e-02 7.815650034447149119e-01 4.016864270527430447e-01 5.886191193629852769e-01 2.488718119018937802e-01 8.591645331465125324e-02 8.156346657501967190e-01 5.737119710174876097e-01
4.619843478142874882e-01 8.821501830337930006e-01 4.710187702017191169e-01 5.279126071718838187e-01 2.960324346894631642e-01 0.000000000000000000e+00 3.619856425521887910e-01 3.935794684285002232e-01 3.868726130322728274e-01 4.204115261906219425e-01 5.209925178935045365e-01 6.954115389613233500e-01 8.843810688693360955e-01 1.710979858315543334e-01 6.942206216634776439e-01 7.362676208936818067e-01 3.738936557460096344e-01 3.419956190694117826e-01 4.973639054124245340e-01 6.707097119119294071e-01 1.129074070142627173e-01 3.135181953385684506e-01 4.637311648665266572e-01 7.972780332921094448e-01 1.203339045957552145e-01 5.521962546752035017e-01 3.950372307025844520e-01 3.730491505024726706e-01 5.464696893434686231e-01 1.689092914381685739e-01 2.563937323400767854e-01 8.837048566801621874e-01 6.338999586378124551e-01 2.993959153701222231e-01 8.733425015421414361e-01
3.684147974154367011e-01 1.251107101552104695e-01 3.243306480033790740e-01 8.904064030120981688e-01 3.895249995911259644e-01 3.619856425521887910e-01 0.000000000000000000e+00 8.083814455535298649e-01 8.482102220630785006e-01 8.747549159146641440e-01 5.226953332156540899e-01 6.527560709531103900e-01 4.644428598296532207e-01 9.127012500072376744e-01 9.302056173905991487e-01 5.176201493647403229e-01 5.080891680669376020e-01 7.116082978704336703e-01 5.927873236326319795e-01 3.143151520047107184e-01 4.108649926916324580e-01 7.940632478630189617e-01 3.086042777258874992e-01 5.861721946675322314e-01 8.112771119962127742e-01 4.686176488711519816e-01 3.416791187052765633e-01 6.650415389363222296e-01 2.141919288946817490e-01 4.758120092581007432e-01 7.420408827919480199e-01 5.575491570602862934e-01 1.821778752489139341e-01 4.538846109616287983e-01 4.542351941033738738e-01
6.930086983197991657e-01 8.447217892334786260e-01 1.455556779089862696e-01 6.138075207105362363e-01 5.177820296184798554e-01 3.935794684285002232e-01 8.083814455535298649e-01 0.000000000000000000e+00 5.856976056206588677e-01 5.273602787210449616e-01 8.091838813145131315e-01 3.970442429947474983e-01 9.336796132979909846e-01 8.841335082688011049e-01 4.272951919631070572e-01 4.530345657529595838e-01 1.952024349224127375e-01 4.793531614000884900e-01 2.116461679108571636e-01 2.567297562777532960e-01 4.166971606174292297e-01 6.588220185168807141e-01 4.602503326149476326e-01 6.232314850244649040e-01 6.946686196075365638e-01 7.677666659046378239e-01 5.284631860246702395e-01 2.611205372287987991e-01 8.262122047555908733e-02 5.547064384082456279e-02 1.607288696991672206e-01 5.260813648186520863e-01 8.477760826194233879e-01 5.982086105174698742e-01 5.625777809982137612e-01
5.288194296769342939e-01 5.937591560723554096e-01 4.769409348482864797e-01 7.889312223793554235e-01 3.160181512863495801e-01 3.868726130322728274e-01 8.482102220630785006e-01 5.856976056206588677e-01 0.000000000000000000e+00 5.084217648696571779e-01 5.511978223716447189e-01 4.299876663583358516e-01 4.920470522647548695e-01 8.414594444547890406e-01 3.801546321188774002e-01 1.599164578936720371e-01 4.463223354412092503e-01 5.458404992827919910e-01 4.621224394454201412e-01 5.777728458717439342e-01 4.224579536859049966e-01 7.639538008339242792e-01 9.072980610019887315e-01 7.862473953541866400e-01 5.768920973005663422e-01 4.715779127775829305e-01 5.944396911677365392e-01 8.452859936286685194e-01 7.942235536307484800e-01 5.043152386382996344e-01 4.138706989756318899e-01 6.863349467320143393e-01 6.143958953688617441e-01 6.366038246366148012e-01 4.539043777782166278e-01
1.734574210686382623e-01 1.851582907507817177e-01 5.804186434516640514e-01 1.762300848092649419e-01 5.149741585913838460e-01 4.204115261906219425e-01 8.747549159146641440e-01 5.273602787210449616e-01 5.084217648696571779e-01 0.000000000000000000e+00 4.523307693436111609e-01 3.400638307247203507e-01 3.849318132154488925e-01 5.489789612838420485e-01 4.909502022148495293e-01 5.590123223456540114e-01 6.722079342607933938e-01 1.309353518170579544e-01 8.285707638522916696e-01 6.104041044907208002e-01 3.178410310418613438e-01 3.441913327941125145e-01 7.684589724346335693e-01 1.607468936717660890e-01 3.327052707119964592e-01 5.943616484965570379e-01 2.340546016758737746e-01 2.831419285610474734e-01 5.236133167568058910e-01 5.359867663826716200e-01 7.773291595658211595e-01 6.982776862846367116e-01 6.689274186405131939e-01 9.188950031764482329e-01 1.463140973324137395e-01
4.680413529795198757e-01 8.002750256450292810e-01 2.240209640403529878e-01 3.560673839735039592e-01 5.498671043812990433e-01 5.209925178935045365e-01 5.226953332156540899e-01 8.091838813145131315e-01 5.511978223716447189e-01 4.523307693436111609e-01 0.000000000000000000e+00 4.580519730519405086e-01 6.509011087786702454e-01 5.742744343151819919e-01 8.537532588720382343e-01 6.900700463597734258e-01 1.326825730504742618e-01 9.911463975737763166e-01 8.985408612555287888e-01 5.471814703144214365e-01 4.809216816681509132e-01 4.733986384258033753e-01 6.079943590211669413e-01 9.273490459993396495e-01 5.334009408559874377e-01 4.971211791958018988e-01 4.693839191361016128e-01 6.533786807079955405e-01 4.849610717438858076e-01 1.066392511271613275e-01 5.902082081166037941e-01 8.905807171235069486e-02 4.709238501149816125e-01 4.797048850269637343e-01 5.421324158455831377e-01
1.878703052336047064e-01 5.230767887426780449e-01 6.311494937401873617e-01 5.129852373617623806e-01 7.641796782411418576e-01 6.954115389613233500e-01 6.527560709531103900e-01 3.970442429947474983e-01 4.299876663583358516e-01 3.400638307247203507e-01 4.580519730519405086e-01 0.000000000000000000e+00 5.523818187804223623e-01 7.294218005708825725e-01 4.162331213406519903e-01 5.534671960604284902e-01 5.893029964068349225e-01 5.344565977328603612e-01 5.748418562311364832e-01 2.513263773316233851e-01 4.280258121808229177e-01 8.762950667426658846e-01 7.970247511321235656e-01 9.117866254803719261e-02 9.666938170208572156e-01 4.144364397610957873e-01 4.282100973117917153e-01 6.592995029952894992e-01 7.607464942986621459e-01 7.229520674679119630e-01 9.405590398319962908e-01 3.754528311584436340e-01 3.114731415138530801e-01 5.531104830214138568e-01 4.144793801305529657e-01
6.123037548183934975e-01 5.974522195621820853e-01 3.482561648246509378e-01 4.186894848451560014e-01 4.569567853924502709e-01 8.843810688693360955e-01 4.644428598296532207e-01 9.336796132979909846e-01 4.920470522647548695e-01 3.849318132154488925e-01 6.509011087786702454e-01 5.523818187804223623e-01 0.000000000000000000e+00 7.281279605832793322e-01 3.871665181748809581e-01 4.420329397901992530e-01 7.901687376058030843e-02 9.529321936462101794e-01 3.393134940917727493e-01 7.279060552938312334e-01 7.014641466379707424e-01 9.375252414817640823e-01 5.347942097612548018e-01 5.277126635067357352e-01 4.938245930123612015e-01 4.742326147104212741e-01 3.308783830338051235e-01 7.065881846768293784e-01 6.049875071407141425e-01 7.193535981284928660e-01 6.402161907217203130e-01 5.177619164108464567e-01 4.693504038918629995e-01 5.543741774146655477e-01 8.480874859217337747e-01
4.380853259986718928e-01 8.003887462976255751e-02 5.963452491538703271e-01 7.366041655568340563e-01 8.301573593084096148e-01 1.710979858315543334e-01 9.127012500072376744e-01 8.841335082688011049e-01 8.414594444547890406e-01 5.489789612838420485e-01 5.742744343151819919e-01 7.294218005708825725e-01 7.281279605832793322e-01 0.000000000000000000e+00 5.761501791187018107e-01 4.390645542920108557e-01 5.348327046847409783e-01 8.035269752303131341e-01 8.481524106586475487e-01 1.489872010764426991e-01 4.007753553438055394e-01 8.418183282338760343e-01 4.408227658593820708e-01 2.383840147678516486e-01 6.443746321267009858e-01 3.046794998987697456e-01 5.660044086302341571e-01 6.392163793786652670e-01 4.272756145295715235e-01 1.495433140551091222e-01 4.830703687564974480e-01 7.091727895608492815e-01 9.131912017303349671e-01 5.629727532651371824e-01 5.146496619590154031e-01
3.815836957624273440e-01 4.666348235597849170e-01 1.174854250808826661e-01 8.378824958830044523e-01 4.168893174646692290e-01 6.942206216634776439e-01 9.302056173905991487e-01 4.272951919631070572e-01 3.801546321188774002e-01 4.909502022148495293e-01 8.537532588720382343e-01 4.162331213406519903e-01 3.871665181748809581e-01 5.761501791187018107e-01 0.000000000000000000e+00 2.001758910511828304e-01 4.224524820912592404e-01 4.256216358987970905e-01 4.578151140331688795e-01 4.755732725755223989e-01 4.109073995241078747e-01 2.234364643319649568e-01 4.578506524731078553e-01 5.295492326984132525e-01 7.804578644783157770e-01 3.409763284347850920e-01 6.500751454606479296e-01 3.137971023631822565e-01 4.035145179130295578e-01 9.178011195238621189e-01 5.234680330111343149e-01 8.702257888121920359e-01 5.158838753979849701e-01 3.875909498692463595e-01 4.729282742076207358e-01
4.985564485664042422e-01 8.331539280830089211e-01 7.043510611114568443e-01 2.657330436947406005e-01 2.486121170578427519e-01 7.362676208936818067e-01 5.176201493647403229e-01 4.530345657529595838e-01 1.599164578936720371e-01 5.590123223456540114e-01 6.900700463597734258e-01 5.534671960604284902e-01 4.420329397901992530e-01 4.390645542920108557e-01 2.001758910511828304e-01 0.000000000000000000e+00 6.343629454153614233e-01 4.553614505487741382e-01 4.722097747313372951e-01 7.289681758394664923e-01 7.308862124971120533e-01 6.872051335260962457e-01 8.931993656350278865e-01 5.992517648934216901e-01 5.403863209976017545e-01 5.997750497941318759e-01 3.664232590581177895e-01 6.313259730926656932e-01 5.479948755555562601e-01 3.660398027679340194e-01 5.804306236943408415e-01 4.397469701586038116e-01 6.250899243531889971e-01 1.767163190248931537e-01 2.834178965407168072e-01
7.890785985924456680e-01 3.622226857001189515e-01 5.994443616012663512e-01 6.258033852913227335e-01 5.152960743750578665e-01 3.738936557460096344e-01 5.080891680669376020e-01 1.952024349224127375e-01 4.463223354412092503e-01 6.722079342607933938e-01 1.326825730504742618e-01 5.893029964068349225e-01 7.901687376058030843e-02 5.348327046847409783e-01 4.224524820912592404e-01 6.343629454153614233e-01 0.000000000000000000e+00 6.627632039693859278e-01 7.944595318459952704e-01 5.805761694248676719e-01 5.367579529262722637e-02 1.844605644367535158e-01 7.568865396670722001e-01 6.977656481269645106e-01 1.199944791225968643e-01 8.619554018077870694e-01 4.429730425080512513e-01 5.956353269517999927e-01 5.316501268031356142e-01 2.830475432627037602e-01 9.411495528386887299e-01 5.874988862712335891e-01 8.270437404431476569e-01 7.722918832285683433e-01 4.929832374209083268e-01
9.279616240270995853e-01 2.191906075138069232e-01 8.944323332934350779e-01 3.562830723018918788e-01 4.534624642410133299e-01 3.419956190694117826e-01 7.116082978704336703e-01 4.793531614000884900e-01 5.458404992827919910e-01 1.309353518170579544e-01 9.911463975737763166e-01 5.344565977328603612e-01 9.529321936462101794e-01 8.035269752303131341e-01 4.256216358987970905e-01 4.553614505487741382e-01 6.627632039693859278e-01 0.000000000000000000e+00 8.609088649033352914e-01 4.994500517295818454e-01 4.725604825363658446e-01 3.984849780647657380e-01 4.444818689427226799e-01 1.523983509801988268e-01 4.722970802688911118e-01 2.915633286316489658e-01 8.593997409937372822e-01 6.295414806893779858e-01 6.486674741263173116e-01 4.397847624836600522e-01 8.532547322931834932e-01 3.268900675380529419e-01 9.062285365390048142e-01 6.211501252479895152e-01 3.492908652080101151e-01
3.211567336170472187e-01 3.469744589418795044e-01 6.723564337064764640e-01 5.986884735876425445e-01 1.073620994096645687e-01 4.973639054124245340e-01 5.927873236326319795e-01 2.116461679108571636e-01 4.621224394454201412e-01 8.285707638522916696e-01 8.985408612555287888e-01 5.748418562311364832e-01 3.393134940917727493e-01 8.481524106586475487e-01 4.578151140331688795e-01 4.722097747313372951e-01 7.944595318459952704e-01 8.609088649033352914e-01 0.000000000000000000e+00 4.771372839839624347e-01 8.363166377844593047e-01 3.828808865950391604e-01 5.318820840672742190e-01 4.115930923320215706e-01 3.096925444902954849e-01 5.213907217373865421e-01 6.399842731992586575e-01 4.144308414420375120e-01 3.016752900911624513e-01 3.952043681245763218e-01 5.179805737571436808e-01 3.068518463361805670e-01 2.783021066887081396e-01 4.855526621781958152e-01 2.809117604261848200e-01
2.707942585769413935e-01 7.320872897883536901e-01 3.498676516672852843e-01 5.023827059408741968e-01 2.340971009085996979e-01 6.707097119119294071e-01 3.143151520047107184e-01 2.567297562777532960e-01 5.777728458717439342e-01 6.104041044907208002e-01 5.471814703144214365e-01 2.513263773316233851e-01 7.279060552938312334e-01 1.489872010764426991e-01 4.755732725755223989e-01 7.289681758394664923e-01 5.805761694248676719e-01 4.994500517295818454e-01 4.771372839839624347e-01 0.000000000000000000e+00 4.131408013422740444e-01 5.759302135024575442e-01 2.779452623228126362e-01 4.768855882028999460e-01 8.963256131984884689e-01 5.187345221469004120e-01 9.678287445893074548e-01 6.364411886603562607e-01 6.683715861913712697e-01 1.132570901113348905e-01 6.276302294486520994e-01 1.202299006713530849e-01 7.130160589494769496e-01 5.504710488223100162e-01 3.008305830064174069e-01
4.932050188252031786e-01 6.701627079429586242e-01 5.826658178057231297e-01 5.208189414598638489e-01 7.402238429029434075e-01 1.129074070142627173e-01 4.108649926916324580e-01 4.166971606174292297e-01 4.224579536859049966e-01 3.178410310418613438e-01 4.809216816681509132e-01 4.280258121808229177e-01 7.014641466379707424e-01 4.007753553438055394e-01 4.109073995241078747e-01 7.308862124971120533e-01 5.367579529262722637e-02 4.725604825363658446e-01 8.363166377844593047e-01 4.131408013422740444e-01 0.000000000000000000e+00 4.305101483927668560e-01 1.687271124104700037e-01 4.553895053205190835e-01 1.132332333990114792e-01 4.570113177426718409e-01 2.527712673931153953e-01 1.213379763808871692e-01 4.845567723143252570e-01 4.824535472914395773e-01 2.048196757034387305e-01 3.777988677009301854e-01 8.932397467423451864e-01 4.238087116873481830e-01 5.642940574769166329e-01
4.356335465834914045e-01 7.081562634766001008e-01 4.176913251603526223e-01 4.831579316947451352e-01 6.649268213128718408e-01 3.135181953385684506e-01 7.940632478630189617e-01 6.588220185168807141e-01 7.639538008339242792e-01 3.441913327941125145e-01 4.733986384258033753e-01 8.762950667426658846e-01 9.375252414817640823e-01 8.418183282338760343e-01 2.234364643319649568e-01 6.872051335260962457e-01 1.844605644367535158e-01 3.984849780647657380e-01 3.828808865950391604e-01 5.759302135024575442e-01 4.305101483927668560e-01 0.000000000000000000e+00 5.340065257255116604e-01 2.367795671034673699e-01 5.788652660444965070e-01 7.046532702310344121e-01 1.289622415177381631e-01 7.670237541094044875e-01 7.457186402872599817e-01 2.195448480470556518e-01 8.428336199598454037e-01 2.921652447959045551e-01 6.250571286610926425e-01 9.893445463609185087e-02 5.929933097221979921e-01
7.696095254217583115e-01 6.361574141038971453e-01 5.324790415942730615e-01 7.000329292468931985e-01 4.189237994367893680e-01 4.637311648665266572e-01 3.086042777258874992e-01 4.602503326149476326e-01 9.072980610019887315e-01 7.684589724346335693e-01 6.079943590211669413e-01 7.970247511321235656e-01 5.347942097612548018e-01 4.408227658593820708e-01 4.578506524731078553e-01 8.931993656350278865e-01 7.568865396670722001e-01 4.444818689427226799e-01 5.318820840672742190e-01 2.779452623228126362e-01 1.687271124104700037e-01 5.340065257255116604e-01 0.000000000000000000e+00 4.641806630275290835e-01 6.987189974198841913e-01 3.515523341691481063e-01 1.909704357031635213e-01 4.202898479428347489e-01 4.217434207781680655e-01 1.828949527127422536e-01 8.489096313362340940e-01 6.385910699036939642e-01 3.902801194989297118e-01 5.196480907318623554e-01 3.770101263851330375e-01
4.739709979554616592e-01 7.461555963006631931e-01 8.855094886708050339e-01 6.355453088164817466e-01 7.071765141911779962e-01 7.972780332921094448e-01 5.861721946675322314e-01 6.232314850244649040e-01 7.862473953541866400e-01 1.607468936717660890e-01 9.273490459993396495e-01 9.117866254803719261e-02 5.277126635067357352e-01 2.383840147678516486e-01 5.295492326984132525e-01 5.992517648934216901e-01 6.977656481269645106e-01 1.523983509801988268e-01 4.115930923320215706e-01 4.768855882028999460e-01 4.553895053205190835e-01 2.367795671034673699e-01 4.641806630275290835e-01 0.000000000000000000e+00 4.494917870831450224e-01 3.368790743420656542e-01 3.288004651660779709e-01 5.037359925665805260e-01 7.848494346698535740e-01 8.039478042867655994e-01 6.534274311119758760e-01 7.321570751946979705e-01 4.677357999380511444e-01 3.080765531852102113e-01 4.824500161305700363e-01
8.603761202312488754e-01 5.042875219782531060e-01 1.230173711655777602e-01 8.445512493291479350e-01 7.036609724148928935e-01 1.203339045957552145e-01 8.112771119962127742e-01 6.946686196075365638e-01 5.768920973005663422e-01 3.327052707119964592e-01 5.334009408559874377e-01 9.666938170208572156e-01 4.938245930123612015e-01 6.443746321267009858e-01 7.804578644783157770e-01 5.403863209976017545e-01 1.199944791225968643e-01 4.722970802688911118e-01 3.096925444902954849e-01 8.963256131984884689e-01 1.132332333990114792e-01 5.788652660444965070e-01 6.987189974198841913e-01 4.494917870831450224e-01 0.000000000000000000e+00 1.941223687624081817e-01 7.995181761784869723e-01 4.725222705168825033e-01 7.043626260892901225e-01 5.769093633911287489e-01 3.102552393993988078e-01 2.109005858976623626e-01 6.626743646144814814e-01 5.490078652244743118e-01 7.652980468776481304e-01
4.001995980904975991e-01 3.771113580332151605e-01 4.393232313799351196e-01 8.715477537401545849e-01 6.156479308620481650e-01 5.521962546752035017e-01 4.686176488711519816e-01 7.677666659046378239e-01 4.715779127775829305e-01 5.943616484965570379e-01 4.971211791958018988e-01 4.144364397610957873e-01 4.742326147104212741e-01 3.046794998987697456e-01 3.409763284347850920e-01 5.997750497941318759e-01 8.619554018077870694e-01 2.915633286316489658e-01 5.213907217373865421e-01 5.187345221469004120e-01 4.570113177426718409e-01 7.046532702310344121e-01 3.515523341691481063e-01 3.368790743420656542e-01 1.941223687624081817e-01 0.000000000000000000e+00 8.908803376510676664e-01 8.112581760783933449e-01 4.408199014162622609e-01 5.233215120174821156e-01 6.125938811500450942e-01 4.187483025373782697e-01 6.434348845613738765e-01 5.872126742382379749e-01 4.979823554026477916e-01
7.185500001733035047e-01 4.575767064466707001e-01 5.847575444501579289e-01 4.277176016339381270e-01 8.844158727596500569e-01 3.950372307025844520e-01 3.416791187052765633e-01 5.284631860246702395e-01 5.944396911677365392e-01 2.340546016758737746e-01 4.693839191361016128e-01 4.282100973117917153e-01 3.308783830338051235e-01 5.660044086302341571e-01 6.500751454606479296e-01 3.664232590581177895e-01 4.429730425080512513e-01 8.593997409937372822e-01 6.399842731992586575e-01 9.678287445893074548e-01 2.527712673931153953e-01 1.289622415177381631e-01 1.909704357031635213e-01 3.288004651660779709e-01 7.995181761784869723e-01 8.908803376510676664e-01 0.000000000000000000e+00 8.263345282880656395e-01 7.594302946101340046e-01 7.879507067883936289e-01 5.664014263023409157e-02 5.004721537026816103e-01 1.740955539940888253e-01 5.560079227883321096e-01 7.844365191467248533e-01
4.984596224810595722e-01 6.429853436336819827e-01 6.583402538404257154e-01 4.466760247289670027e-01 5.171423166457411735e-02 3.730491505024726706e-01 6.650415389363222296e-01 2.611205372287987991e-01 8.452859936286685194e-01 2.831419285610474734e-01 6.533786807079955405e-01 6.592995029952894992e-01 7.065881846768293784e-01 6.392163793786652670e-01 3.137971023631822565e-01 6.313259730926656932e-01 5.956353269517999927e-01 6.295414806893779858e-01 4.144308414420375120e-01 6.364411886603562607e-01 1.213379763808871692e-01 7.670237541094044875e-01 4.202898479428347489e-01 5.037359925665805260e-01 4.725222705168825033e-01 8.112581760783933449e-01 8.263345282880656395e-01 0.000000000000000000e+00 5.876094142686819621e-01 5.130823218514295458e-01 9.296016241320952389e-01 9.516917738132717464e-01 5.282388886687022778e-01 3.180694417326041523e-01 8.751999601780391380e-01
8.410453181915091836e-01 3.238788859226414685e-01 4.581371662101000886e-01 6.437455841988797278e-01 7.815650034447149119e-01 5.464696893434686231e-01 2.141919288946817490e-01 8.262122047555908733e-02 7.942235536307484800e-01 5.236133167568058910e-01 4.849610717438858076e-01 7.607464942986621459e-01 6.049875071407141425e-01 4.272756145295715235e-01 4.035145179130295578e-01 5.479948755555562601e-01 5.316501268031356142e-01 6.486674741263173116e-01 3.016752900911624513e-01 6.683715861913712697e-01 4.845567723143252570e-01 7.457186402872599817e-01 4.217434207781680655e-01 7.848494346698535740e-01 7.043626260892901225e-01 4.408199014162622609e-01 7.594302946101340046e-01 5.876094142686819621e-01 0.000000000000000000e+00 8.173078307072990656e-01 8.124701373863736364e-01 4.125515328242814195e-01 3.952812461562542068e-01 5.270176069365226645e-01 5.470604837933559228e-01
3.304190721401875641e-01 2.548584563758181654e-01 1.336363620964027277e-01 3.501544207369909900e-01 4.016864270527430447e-01 1.689092914381685739e-01 4.758120092581007432e-01 5.547064384082456279e-02 5.043152386382996344e-01 5.359867663826716200e-01 1.066392511271613275e-01 7.229520674679119630e-01 7.193535981284928660e-01 1.495433140551091222e-01 9.178011195238621189e-01 3.660398027679340194e-01 2.830475432627037602e-01 4.397847624836600522e-01 3.952043681245763218e-01 1.132570901113348905e-01 4.824535472914395773e-01 2.195448480470556518e-01 1.828949527127422536e-01 8.039478042867655994e-01 5.769093633911287489e-01 5.233215120174821156e-01 7.879507067883936289e-01 5.130823218514295458e-01 8.173078307072990656e-01 0.000000000000000000e+00 5.123390472392681527e-01 8.945985654728372261e-01 4.252627341595039412e-01 5.933531382582336589e-01 3.286909611113104646e-01
8.907792894857324839e-01 1.438405292578288641e-01 5.107716812263854989e-01 3.530627562582904222e-01 5.886191193629852769e-01 2.563937323400767854e-01 7.420408827919480199e-01 1.607288696991672206e-01 4.138706989756318899e-01 7.773291595658211595e-01 5.902082081166037941e-01 9.405590398319962908e-01 6.402161907217203130e-01 4.830703687564974480e-01 5.234680330111343149e-01 5.804306236943408415e-01 9.411495528386887299e-01 8.532547322931834932e-01 5.179805737571436808e-01 6.276302294486520994e-01 2.048196757034387305e-01 8.428336199598454037e-01 8.489096313362340940e-01 6.534274311119758760e-01 3.102552393993988078e-01 6.125938811500450942e-01 5.664014263023409157e-02 9.296016241320952389e-01 8.124701373863736364e-01 5.123390472392681527e-01 0.000000000000000000e+00 8.437953946879162004e-01 6.260105589834279449e-01 1.757330938817464050e-01 4.472786184961985989e-01
5.751287601630096225e-01 4.360006893780110637e-01 9.633151014558478664e-01 7.631517358321933120e-01 2.488718119018937802e-01 8.837048566801621874e-01 5.575491570602862934e-01 5.260813648186520863e-01 6.863349467320143393e-01 6.982776862846367116e-01 8.905807171235069486e-02 3.754528311584436340e-01 5.177619164108464567e-01 7.091727895608492815e-01 8.702257888121920359e-01 4.397469701586038116e-01 5.874988862712335891e-01 3.268900675380529419e-01 3.068518463361805670e-01 1.202299006713530849e-01 3.777988677009301854e-01 2.921652447959045551e-01 6.385910699036939642e-01 7.321570751946979705e-01 2.109005858976623626e-01 4.187483025373782697e-01 5.004721537026816103e-01 9.516917738132717464e-01 4.125515328242814195e-01 8.945985654728372261e-01 8.437953946879162004e-01 0.000000000000000000e+00 5.195513655797359132e-01 6.980243493943991684e-01 4.793404600295151363e-01
6.339593995572377905e-01 4.933896376213032786e-01 5.415418446481697901e-01 3.263042232309818491e-01 8.591645331465125324e-02 6.338999586378124551e-01 1.821778752489139341e-01 8.477760826194233879e-01 6.143958953688617441e-01 6.689274186405131939e-01 4.709238501149816125e-01 3.114731415138530801e-01 4.693504038918629995e-01 9.131912017303349671e-01 5.158838753979849701e-01 6.250899243531889971e-01 8.270437404431476569e-01 9.062285365390048142e-01 2.783021066887081396e-01 7.130160589494769496e-01 8.932397467423451864e-01 6.250571286610926425e-01 3.902801194989297118e-01 4.677357999380511444e-01 6.626743646144814814e-01 6.434348845613738765e-01 1.740955539940888253e-01 5.282388886687022778e-01 3.952812461562542068e-01 4.252627341595039412e-01 6.260105589834279449e-01 5.195513655797359132e-01 0.000000000000000000e+00 1.736466239498105635e-01 6.666301069672609936e-01
4.642161793516701440e-01 7.944691755282839996e-01 7.805466120536483920e-01 8.910088228098858032e-01 8.156346657501967190e-01 2.993959153701222231e-01 4.538846109616287983e-01 5.982086105174698742e-01 6.366038246366148012e-01 9.188950031764482329e-01 4.797048850269637343e-01 5.531104830214138568e-01 5.543741774146655477e-01 5.629727532651371824e-01 3.875909498692463595e-01 1.767163190248931537e-01 7.722918832285683433e-01 6.211501252479895152e-01 4.855526621781958152e-01 5.504710488223100162e-01 4.238087116873481830e-01 9.893445463609185087e-02 5.196480907318623554e-01 3.080765531852102113e-01 5.490078652244743118e-01 5.872126742382379749e-01 5.560079227883321096e-01 3.180694417326041523e-01 5.270176069365226645e-01 5.933531382582336589e-01 1.757330938817464050e-01 6.980243493943991684e-01 1.736466239498105635e-01 0.000000000000000000e+00 6.502804673253295142e-01
1.316971154220626938e-01 4.597700782874047931e-01 1.805244960824676781e-01 4.494524355731689402e-01 5.737119710174876097e-01 8.733425015421414361e-01 4.542351941033738738e-01 5.625777809982137612e-01 4.539043777782166278e-01 1.463140973324137395e-01 5.421324158455831377e-01 4.144793801305529657e-01 8.480874859217337747e-01 5.146496619590154031e-01 4.729282742076207358e-01 2.834178965407168072e-01 4.929832374209083268e-01 3.492908652080101151e-01 2.809117604261848200e-01 3.008305830064174069e-01 5.642940574769166329e-01 5.929933097221979921e-01 3.770101263851330375e-01 4.824500161305700363e-01 7.652980468776481304e-01 4.979823554026477916e-01 7.844365191467248533e-01 8.751999601780391380e-01 5.470604837933559228e-01 3.286909611113104646e-01 4.472786184961985989e-01 4.793404600295151363e-01 6.666301069672609936e-01 6.502804673253295142e-01 0.000000000000000000e+00
