0.000000000000000000e+00 5.347092450715333900e-01 7.952843685387994688e-01 5.992578476293241030e-01 5.432738093999156526e-01 1.055627140855458501e-01 5.741978609484131857e-01 1.836568188805114965e-01 4.280091964136180094e-01 1.531089488088126505e-01 4.662962237509056806e-01 7.107351255785072652e-01 5.819613014672430085e-01 4.442926722493705793e-01 2.018057536631848725e-01 3.448714263134590174e-01 5.271295194275069651e-01 2.313371776533715840e-01 2.523442725746538606e-01 9.361018816231339024e-01 5.607222530416197115e-01 2.158876795622548528e-01 6.684218185342682972e-01 6.131795322268940307e-01 7.425043124603719624e-01 7.703819179128414962e-01 9.327318160143009962e-01 4.759052291787671529e-01 2.251535075542892006e-01 7.325501067430628677e-01 4.441948633077726916e-01 2.876967633292326076e-01 8.035511795219054676e-01 3.360025743735995385e-01 4.661431643423031845e-01
5.347092450715333900e-01 0.000000000000000000e+00 4.391027797374531527e-01 9.086958526161506011e-01 6.162156725235583554e-01 1.709792235460614318e-01 5.140278123722407111e-01 1.651437888016015210e-01 8.070265900979883833e-02 4.731824300795490212e-01 6.259609306768183501e-01 9.021421725159405325e-01 7.003216253461369556e-01 7.075750144425776433e-01 7.673078060407750867e-02 3.904885245094920077e-01 5.562559589869390253e-01 5.288154172247355733e-01 3.170524915558026180e-01 6.035070880464272758e-01 2.866697563101963109e-01 5.225662211837680537e-01 9.368957609284245258e-01 3.977929400099050605e-01 2.444084833176229932e-01 4.891357127766005064e-01 6.111856440330432072e-01 2.818918250691472283e-01 6.301404237683521092e-01 3.779520866589684003e-01 7.732500547585940964e-01 2.621609615233191359e-01 3.058621390407669782e-01 7.087907501417771705e-01 3.609062112181426474e-01
7.952843685387994688e-01 4.391027797374531527e-01 0.000000000000000000e+00 3.658301050956412337e-01 3.271446366635708536e-01 5.643776588897666535e-01 8.844770660801910545e-01 6.675073806550475553e-01 3.666970535519559204e-01 5.462382394003459929e-01 5.442662745755741938e-01 3.686954923448828025e-01 8.296668747680724376e-01 4.725602456665362050e-01 2.862779934443879237e-01 7.459312527364932999e-01 7.640779363313908723e-01 6.580655556864662969e-01 9.142544060496351488e-01 6.487008659031014979e-01 3.083706729824013948e-01 1.565611296853195444e-01 3.909011100515741854e-01 8.386641485501737936e-01 2.561006934271230495e-01 2.243952161633917530e-01 4.064780217267275897e-01 6.147302782971015844e-01 1.776006988419329691e-01 4.695224078904808307e-01 8.467020347845094497e-01 4.407693804798940018e-01 8.406372295642650094e-01 6.172260378226699373e-01 4.455889720577737578e-01
5.992578476293241030e-01 9.086958526161506011e-01 3.658301050956412337e-01 0.000000000000000000e+00 4.720160959481567442e-01 2.524880296293651183e-01 1.672832452056829400e-01 4.465277557227116390e-01 5.317528408601281953e-01 3.405848434212518372e-01 3.133144410156231130e-01 5.188733051129146290e-01 5.821759025948239907e-01 5.204879018116670419e-01 5.229386977850543072e-01 4.025496800113437246e-01 9.106642971843701417e-01 4.545397810916093628e-01 5.105432557855579256e-01 5.668888308092302486e-01 3.204871492863968219e-01 5.797159147491455222e-01 2.659381608026281096e-01 6.409156723898561392e-01 5.531076719726035762e-02 7.578118181093747019e-01 3.964012019484157157e-01 7.163472981456175948e-01 1.359432126351755032e-01 2.910119892765332672e-01 7.955546613856856464e-01 7.813314206747767887e-02 4.357305879784154623e-01 1.678641401434443070e-01 6.938868363815096085e-01
5.432738093999156526e-01 6.162156725235583554e-01 3.271446366635708536e-01 4.720160959481567442e-01 0.000000000000000000e+00 8.025284939795125361e-01 5.584221970334403151e-01 4.169225682418669088e-01 8.516627398499253543e-01 9.295081774292545118e-01 8.192425965621339401e-01 4.876660069284692867e-01 4.965511993824164860e-01 6.252373037099971942e-01 4.319465687031172063e-01 5.468968046199189637e-01 5.937612211119136507e-01 4.420045184178204578e-01 5.988330945659080529e-01 6.849108292511812968e-01 3.254124574387612379e-01 8.110041574116428897e-01 5.305122218259851197e-01 3.625325129608194530e-01 6.793578217720601664e-01 6.062872300468418185e-01 9.357973843438132100e-01 1.857691719258406371e-01 6.352003609688655628e-01 8.423046491425094651e-01 1.347112909736325470e-01 3.874612060745876163e-01 3.817823641941222590e-01 4.288695874093024774e-01 7.757661958400463575e-01
1.055627140855458501e-01 1.709792235460614318e-01 5.643776588897666535e-01 2.524880296293651183e-01 8.025284939795125361e-01 0.000000000000000000e+00 7.781406356864226659e-01 2.674727563044019263e-01 4.202955589665046676e-01 4.435081258127238080e-01 2.162691104768748040e-01 6.511520046744594392e-01 6.777033168747330638e-01 2.181716180649621029e-01 6.629066696374719125e-01 5.137539410057411216e-01 5.323257922316385615e-01 3.140510082115955948e-01 6.238625191800811765e-01 9.416678312826860520e-01 5.345071913943211239e-01 4.032389250686083115e-01 6.182734951964878878e-01 5.127466987716757796e-01 7.553214503449126038e-01 3.016761715820519552e-01 4.501700076030911157e-01 5.225458359225905181e-01 5.425137626319402884e-01 6.828396238658562822e-01 1.836118420187326516e-01 4.789865306807748468e-01 3.101726606548526055e-01 6.764369227179785060e-01 3.879162980427319773e-01
5.741978609484131857e-01 5.140278123722407111e-01 8.844770660801910545e-01 1.672832452056829400e-01 5.584221970334403151e-01 7.781406356864226659e-01 0.000000000000000000e+00 7.655432672290327645e-01 7.185308037821819260e-01 6.476450807132583254e-01 1.130687120866240569e-01 5.893325653081911142e-01 5.528079446876950076e-01 3.395186966383461069e-01 3.426457670420974821e-01 2.698372493254704851e-01 4.778016582481282581e-01 3.486075910778584364e-01 6.441589177645121733e-01 5.366666333026584024e-01 7.620007992780732931e-01 5.003336487874611160e-01 3.180133665922741937e-01 6.118722516691119662e-01 2.727623629279554152e-01 7.139420319279548011e-01 1.290595465520998353e-01 1.109214367450342964e-01 3.298778245461885250e-01 5.660262526197279431e-01 2.906658332394553845e-01 5.131130655793154638e-01 7.431855369083474327e-01 7.187035636508241065e-01 4.655020860470939770e-01
1.836568188805114965e-01 1.651437888016015210e-01 6.675073806550475553e-01 4.465277557227116390e-01 4.169225682418669088e-01 2.674727563044019263e-01 7.655432672290327645e-01 0.000000000000000000e+00 5.472570154098250761e-01 5.982480454669661940e-01 3.710633689177207373e-01 5.094515331341595843e-01 6.321465293813621766e-01 1.184366719576702698e-01 7.303691506975952263e-01 5.780428478256591784e-01 5.812920717730509779e-01 5.367287153311018910e-01 7.315238809365649519e-01 7.831057200372886218e-01 9.652572322091474977e-01 6.953058727054294286e-01 5.337686063130142600e-01 5.452690713124475064e-01 3.843396597754055177e-01 4.781630611983347379e-01 4.305322320766671873e-01 6.193664290908924563e-01 6.053922534110771636e-01 7.824804421361429840e-01 5.910506614540851356e-01 3.945896469608926038e-01 4.948268062302194070e-01 8.261005513926911181e-01 1.494842919275543025e-01
4.280091964136180094e-01 8.070265900979883833e-02 3.666970535519559204e-01 5.317528408601281953e-01 8.516627398499253543e-01 4.202955589665046676e-01 7.185308037821819260e-01 5.472570154098250761e-01 0.000000000000000000e+00 6.913028071954621101e-01 5.929326683912516938e-01 3.352635686596272535e-01 3.783333460313497154e-01 8.027693051364106491e-01 8.450817999261244218e-01 6.737739664163018283e-01 9.009585964066267882e-01 1.102530420725129634e-01 5.080442687235331434e-01 5.305698668877956159e-01 4.652734191267410280e-01 2.704265354303598823e-01 4.919758663212446814e-01 7.837989044264526139e-01 6.415512482878878986e-01 3.078249047662244831e-01 4.820870716359545449e-01 3.442895066046249841e-01 7.239740607300617636e-01 7.452619226985004453e-01 1.964673437677163514e-01 8.369869044512123768e-01 8.703871849967110830e-01 8.177683847185320820e-01 5.518961149660317478e-01
1.531089488088126505e-01 4.731824300795490212e-01 5.462382394003459929e-01 3.405848434212518372e-01 9.295081774292545118e-01 4.435081258127238080e-01 6.476450807132583254e-01 5.982480454669661940e-01 6.913028071954621101e-01 0.000000000000000000e+00 3.668708718615075748e-01 1.007869981614919475e-01 2.428812411160855556e-01 7.407817774300972102e-01 5.550799600814171342e-01 8.025557839439982910e-01 7.932962924268989191e-01 9.214209770891812479e-01 3.596620210443991494e-01 6.950851215595592603e-01 1.730654549271701814e-01 8.535830759495781628e-01 5.385429283259138833e-01 5.774735161114061821e-01 9.053250715183986941e-01 4.932221767804030321e-01 4.224409156486313432e-01 4.908611344566636836e-01 6.048122505675770366e-01 2.766677197583047865e-01 4.207183346411678126e-01 1.850633799271642621e-01 8.221052619102127146e-01 4.032487721222816068e-01 5.829125812742377288e-01
4.662962237509056806e-01 6.259609306768183501e-01 5.442662745755741938e-01 3.133144410156231130e-01 8.192425965621339401e-01 2.162691104768748040e-01 1.130687120866240569e-01 3.710633689177207373e-01 5.929326683912516938e-01 3.668708718615075748e-01 0.000000000000000000e+00 5.644030608276544569e-01 1.336073866352405770e-01 4.476457766028343332e-01 4.546923113470752731e-01 1.084172710429384123e-01 4.316244290954678320e-01 1.427982060958087884e-01 1.659637587982487617e-01 5.390358601366520563e-01 4.464037826224105943e-01 5.433675730598658271e-01 5.665839994930761403e-01 1.365388994665559519e-01 1.678039423731266799e-01 4.281945973447884857e-01 9.554119204388044073e-01 1.987686531879815366e-01 6.244305895932983352e-01 5.764097220947083100e-01 4.325242370232215139e-01 4.104473844053521669e-01 7.153577439029810137e-01 8.199538116189375447e-01 2.866220799971708200e-01
7.107351255785072652e-01 9.021421725159405325e-01 3.686954923448828025e-01 5.188733051129146290e-01 4.876660069284692867e-01 6.511520046744594392e-01 5.893325653081911142e-01 5.094515331341595843e-01 3.352635686596272535e-01 1.007869981614919475e-01 5.644030608276544569e-01 0.000000000000000000e+00 3.493200037391622770e-01 2.101004612234712576e-01 6.465719351966480177e-01 5.975662526716812861e-01 7.325248697188929681e-01 4.557971362380275893e-01 9.878842159492879915e-01 2.057169029568038932e-01 2.418124231484036213e-01 7.969561915462876067e-01 2.548040314556773156e-01 7.166822287779941458e-01 5.753862184122342516e-01 2.664259038407424951e-01 1.698825843521509227e-01 7.079174417894509297e-01 5.721327257397454957e-01 3.398781761079392449e-01 4.933206443762122584e-01 7.697484675595667181e-01 3.826463463849885116e-01 5.637333139822191530e-01 2.937409878396083918e-01
5.819613014672430085e-01 7.003216253461369556e-01 8.296668747680724376e-01 5.821759025948239907e-01 4.965511993824164860e-01 6.777033168747330638e-01 5.528079446876950076e-01 6.321465293813621766e-01 3.783333460313497154e-01 2.428812411160855556e-01 1.336073866352405770e-01 3.493200037391622770e-01 0.000000000000000000e+00 7.424044477945503928e-01 1.016691134824155851e-01 7.173382421942267051e-01 4.718642644901076544e-01 2.247786105746950591e-01 6.082149594048424923e-01 6.993627703058842293e-01 3.145175205186815370e-01 7.256574612676086611e-01 7.181509491552373614e-01 2.947008098350815120e-01 2.497371013037466003e-01 6.440322517806398306e-01 6.269899386902152427e-01 5.304946276283775131e-01 4.890977718941530439e-01 3.509515238303201334e-01 1.145729231742661502e-01 5.198021942521742211e-01 4.800099024101825429e-01 5.655906553774705525e-01 4.419094937342680218e-01
4.442926722493705793e-01 7.075750144425776433e-01 4.725602456665362050e-01 5.204879018116670419e-01 6.252373037099971942e-01 2.181716180649621029e-01 3.395186966383461069e-01 1.184366719576702698e-01 8.027693051364106491e-01 7.407817774300972102e-01 4.476457766028343332e-01 2.101004612234712576e-01 7.424044477945503928e-01 0.000000000000000000e+00 1.224951987830741329e-01 3.823823466595077658e-01 8.008637237667786124e-01 5.536226701539082029e-01 5.349722944011692238e-01 6.214595184978655151e-02 7.662642562155772552e-01 4.450534283180668238e-01 5.946161822928044405e-01 2.338920148151449885e-01 7.954776820325144548e-01 7.565665932784501058e-01 4.875490195303389118e-01 6.160882257689566099e-01 6.091659788969521205e-01 4.275747905583682229e-01 9.156389578329753309e-01 2.813207870000133948e-01 5.322143930157616776e-01 4.334337365820124521e-01 3.889185556504337060e-01
2.018057536631848725e-01 7.673078060407750867e-02 2.862779934443879237e-01 5.229386977850543072e-01 4.319465687031172063e-01 6.629066696374719125e-01 3.426457670420974821e-01 7.303691506975952263e-01 8.450817999261244218e-01 5.550799600814171342e-01 4.546923113470752731e-01 6.465719351966480177e-01 1.016691134824155851e-01 1.224951987830741329e-01 0.000000000000000000e+00 7.881445915482598874e-01 5.502512068991575189e-01 3.629355557324730475e-01 3.374060863421351475e-01 5.362357141515756709e-01 5.082250739156424224e-02 5.519180763410496127e-01 2.115571040021899663e-01 4.093140457069602833e-01 3.687336924918926395e-01 2.848085491637560862e-01 6.973360643820425420e-02 2.676221086015683204e-01 6.982352404425076209e-01 2.820240077500616449e-01 8.122057879218085308e-01 2.743909704554946538e-01 8.432075872068522937e-01 7.723816720796633506e-01 1.853920266284113660e-01
3.448714263134590174e-01 3.904885245094920077e-01 7.459312527364932999e-01 4.025496800113437246e-01 5.468968046199189637e-01 5.137539410057411216e-01 2.698372493254704851e-01 5.780428478256591784e-01 6.737739664163018283e-01 8.025557839439982910e-01 1.084172710429384123e-01 5.975662526716812861e-01 7.173382421942267051e-01 3.823823466595077658e-01 7.881445915482598874e-01 0.000000000000000000e+00 3.901528372609599504e-01 6.458615980277362389e-01 5.208392187852197708e-01 3.782256312223216677e-01 1.918490025115408004e-01 3.739060198331570217e-01 8.134534427604735995e-01 2.158325907564495605e-01 5.635728951243248463e-01 8.009499556537957865e-01 6.545379593518166894e-01 2.803916627308941090e-01 1.734385754338947927e-01 9.528878965446985205e-01 7.977495672928474058e-01 7.948242474059263873e-01 4.735033467429949350e-01 4.589805668001588068e-01 4.842663927308900051e-01
5.271295194275069651e-01 5.562559589869390253e-01 7.640779363313908723e-01 9.106642971843701417e-01 5.937612211119136507e-01 5.323257922316385615e-01 4.778016582481282581e-01 5.812920717730509779e-01 9.009585964066267882e-01 7.932962924268989191e-01 4.316244290954678320e-01 7.325248697188929681e-01 4.718642644901076544e-01 8.008637237667786124e-01 5.502512068991575189e-01 3.901528372609599504e-01 0.000000000000000000e+00 7.830903349285751602e-01 7.456652434130237594e-01 3.897338750032086629e-01 7.708953904446410599e-01 6.507312630178662127e-01 6.775713339626301401e-01 9.097405234218670644e-01 5.758423993204586644e-01 6.090535657482233356e-01 6.476161078052662390e-01 6.716975133196374514e-01 7.979202143409660497e-01 2.480059398222566880e-01 5.032741149112505141e-01 3.154153761189671945e-01 5.378893753067419681e-01 5.758510610069086377e-01 7.406280722965349339e-01
2.313371776533715840e-01 5.288154172247355733e-01 6.580655556864662969e-01 4.545397810916093628e-01 4.420045184178204578e-01 3.140510082115955948e-01 3.486075910778584364e-01 5.367287153311018910e-01 1.102530420725129634e-01 9.214209770891812479e-01 1.427982060958087884e-01 4.557971362380275893e-01 2.247786105746950591e-01 5.536226701539082029e-01 3.629355557324730475e-01 6.458615980277362389e-01 7.830903349285751602e-01 0.000000000000000000e+00 5.455786274758626098e-01 4.056549474823669676e-01 5.256900737622572928e-01 4.838922833144430613e-01 6.756355713589279333e-02 5.704388857324508288e-01 7.580246837311894748e-01 7.431803981144620153e-01 6.810856391560079492e-01 3.137488619212210894e-01 5.443946892505596713e-01 4.442404363292277725e-01 6.021027691642357738e-01 8.103309106231200154e-01 8.678375738953486573e-01 8.088569864982838586e-01 5.619419890034091924e-01
2.523442725746538606e-01 3.170524915558026180e-01 9.142544060496351488e-01 5.105432557855579256e-01 5.988330945659080529e-01 6.238625191800811765e-01 6.441589177645121733e-01 7.315238809365649519e-01 5.080442687235331434e-01 3.596620210443991494e-01 1.659637587982487617e-01 9.878842159492879915e-01 6.082149594048424923e-01 5.349722944011692238e-01 3.374060863421351475e-01 5.208392187852197708e-01 7.456652434130237594e-01 5.455786274758626098e-01 0.000000000000000000e+00 3.029195727038834218e-01 2.586330121474190724e-01 3.044737994808381920e-01 5.880232442348773958e-01 5.880322444532500858e-01 6.199000488961081690e-01 6.768413227398386578e-01 1.139049533463631914e-01 6.451164408505534187e-01 3.407923635604006019e-01 3.389087862226990433e-01 6.072823547517235410e-01 8.440283398416965621e-01 6.505387065100517452e-01 4.821706531328097678e-01 2.384057298282148130e-01
9.361018816231339024e-01 6.035070880464272758e-01 6.487008659031014979e-01 5.668888308092302486e-01 6.849108292511812968e-01 9.416678312826860520e-01 5.366666333026584024e-01 7.831057200372886218e-01 5.305698668877956159e-01 6.950851215595592603e-01 5.390358601366520563e-01 2.057169029568038932e-01 6.993627703058842293e-01 6.214595184978655151e-02 5.362357141515756709e-01 3.782256312223216677e-01 3.897338750032086629e-01 4.056549474823669676e-01 3.029195727038834218e-01 0.000000000000000000e+00 9.029627331805967216e-02 8.241323100554497350e-01 5.325113968940435871e-01 3.555740504762689991e-01 3.609857920555305522e-01 1.848642447013678636e-01 5.654830879763907969e-01 3.182478738286010911e-01 4.334503120018967648e-01 6.503146584065283564e-01 5.927228794146337520e-01 1.655662356855629458e-01 1.652866272940801684e-01 3.822616728440114686e-01 5.290694223799726759e-01
5.607222530416197115e-01 2.866697563101963109e-01 3.083706729824013948e-01 3.204871492863968219e-01 3.254124574387612379e-01 5.345071913943211239e-01 7.620007992780732931e-01 9.652572322091474977e-01 4.652734191267410280e-01 1.730654549271701814e-01 4.464037826224105943e-01 2.418124231484036213e-01 3.145175205186815370e-01 7.662642562155772552e-01 5.082250739156424224e-02 1.918490025115408004e-01 7.708953904446410599e-01 5.256900737622572928e-01 2.586330121474190724e-01 9.029627331805967216e-02 0.000000000000000000e+00 5.573761141055501023e-01 4.708944122562450652e-01 4.270664485684920741e-01 5.341590435512878488e-01 4.041806507108620661e-01 3.857668496987875506e-01 8.091424633556585366e-01 5.066635909676804328e-01 5.492264818270375937e-01 8.388143787939865703e-01 6.645432504136948859e-01 3.909116207385158193e-01 4.655951108526156235e-01 3.760481277884757945e-01
2.158876795622548528e-01 5.225662211837680537e-01 1.565611296853195444e-01 5.797159147491455222e-01 8.110041574116428897e-01 4.032389250686083115e-01 5.003336487874611160e-01 6.953058727054294286e-01 2.704265354303598823e-01 8.535830759495781628e-01 5.433675730598658271e-01 7.969561915462876067e-01 7.256574612676086611e-01 4.450534283180668238e-01 5.519180763410496127e-01 3.739060198331570217e-01 6.507312630178662127e-01 4.838922833144430613e-01 3.044737994808381920e-01 8.241323100554497350e-01 5.573761141055501023e-01 0.000000000000000000e+00 6.261258185252673858e-01 5.943684909215125600e-01 4.318695744890320709e-01 9.193647087480831814e-01 4.841246763034021683e-01 7.674474062635003868e-01 6.626339191353330937e-01 6.395501376752500411e-01 3.416964603851977422e-01 5.482237236717992790e-01 6.768711892873866542e-01 1.216356221724628761e-01 6.307822273062555496e-01
6.684218185342682972e-01 9.368957609284245258e-01 3.909011100515741854e-01 2.659381608026281096e-01 5.305122218259851197e-01 6.182734951964878878e-01 3.180133665922741937e-01 5.337686063130142600e-01 4.919758663212446814e-01 5.385429283259138833e-01 5.665839994930761403e-01 2.548040314556773156e-01 7.181509491552373614e-01 5.946161822928044405e-01 2.115571040021899663e-01 8.134534427604735995e-01 6.775713339626301401e-01 6.756355713589279333e-02 5.880232442348773958e-01 5.325113968940435871e-01 4.708944122562450652e-01 6.261258185252673858e-01 0.000000000000000000e+00 7.571681017726470397e-01 1.007167980814497321e-01 6.029840118301128538e-01 5.812657551806116318e-01 8.121237873761675274e-01 5.745159282356540054e-01 1.274283606486946718e-01 2.304955868817976095e-01 7.257035845986039568e-01 4.899512609298601884e-01 3.830002972097643066e-01 5.691120142882446498e-01
6.131795322268940307e-01 3.977929400099050605e-01 8.386641485501737936e-01 6.409156723898561392e-01 3.625325129608194530e-01 5.127466987716757796e-01 6.118722516691119662e-01 5.452690713124475064e-01 7.837989044264526139e-01 5.774735161114061821e-01 1.365388994665559519e-01 7.166822287779941458e-01 2.947008098350815120e-01 2.338920148151449885e-01 4.093140457069602833e-01 2.158325907564495605e-01 9.097405234218670644e-01 5.704388857324508288e-01 5.880322444532500858e-01 3.555740504762689991e-01 4.270664485684920741e-01 5.943684909215125600e-01 7.571681017726470397e-01 0.000000000000000000e+00 6.417172158538511084e-01 3.773710288353113174e-01 7.027831416201877346e-01 6.061201479880945486e-01 5.410960260722600390e-01 6.145746420407590671e-01 1.990675369623864377e-01 3.807711601537034918e-01 3.676511459678304394e-01 3.816684885054419940e-01 3.651601978654881453e-01
7.425043124603719624e-01 2.444084833176229932e-01 2.561006934271230495e-01 5.531076719726035762e-02 6.793578217720601664e-01 7.553214503449126038e-01 2.727623629279554152e-01 3.843396597754055177e-01 6.415512482878878986e-01 9.053250715183986941e-01 1.678039423731266799e-01 5.753862184122342516e-01 2.497371013037466003e-01 7.954776820325144548e-01 3.687336924918926395e-01 5.635728951243248463e-01 5.758423993204586644e-01 7.580246837311894748e-01 6.199000488961081690e-01 3.609857920555305522e-01 5.341590435512878488e-01 4.318695744890320709e-01 1.007167980814497321e-01 6.417172158538511084e-01 0.000000000000000000e+00 5.461607147646330152e-01 6.289889871368117280e-01 3.021800408180019826e-01 6.867622456381953233e-01 4.130211899679170351e-01 7.454342451721909235e-01 3.263906438516495090e-01 5.944735739977742295e-01 9.284831736779042277e-02 7.504949484290229789e-01
7.703819179128414962e-01 4.891357127766005064e-01 2.243952161633917530e-01 7.578118181093747019e-01 6.062872300468418185e-01 3.016761715820519552e-01 7.139420319279548011e-01 4.781630611983347379e-01 3.078249047662244831e-01 4.932221767804030321e-01 4.281945973447884857e-01 2.664259038407424951e-01 6.440322517806398306e-01 7.565665932784501058e-01 2.848085491637560862e-01 8.009499556537957865e-01 6.090535657482233356e-01 7.431803981144620153e-01 6.768413227398386578e-01 1.848642447013678636e-01 4.041806507108620661e-01 9.193647087480831814e-01 6.029840118301128538e-01 3.773710288353113174e-01 5.461607147646330152e-01 0.000000000000000000e+00 4.183430959040504993e-01 5.232615914274599822e-01 1.586153186100345280e-01 6.169369158064144099e-01 7.233370452490216485e-01 4.681507957050687341e-01 1.257119239463413418e-01 8.312710561309962776e-01 8.678796468180538515e-01
9.327318160143009962e-01 6.111856440330432072e-01 4.064780217267275897e-01 3.964012019484157157e-01 9.357973843438132100e-01 4.501700076030911157e-01 1.290595465520998353e-01 4.305322320766671873e-01 4.820870716359545449e-01 4.224409156486313432e-01 9.554119204388044073e-01 1.698825843521509227e-01 6.269899386902152427e-01 4.875490195303389118e-01 6.973360643820425420e-02 6.545379593518166894e-01 6.476161078052662390e-01 6.810856391560079492e-01 1.139049533463631914e-01 5.654830879763907969e-01 3.857668496987875506e-01 4.841246763034021683e-01 5.812657551806116318e-01 7.027831416201877346e-01 6.289889871368117280e-01 4.183430959040504993e-01 0.000000000000000000e+00 6.762694537741885670e-01 4.110741751430040947e-01 9.646303976723185070e-01 4.599637925769709534e-01 7.175177156672172263e-01 7.994991965006092993e-01 3.819457386089336604e-01 3.507730640274948630e-01
4.759052291787671529e-01 2.818918250691472283e-01 6.147302782971015844e-01 7.163472981456175948e-01 1.857691719258406371e-01 5.225458359225905181e-01 1.109214367450342964e-01 6.193664290908924563e-01 3.442895066046249841e-01 4.908611344566636836e-01 1.987686531879815366e-01 7.079174417894509297e-01 5.304946276283775131e-01 6.160882257689566099e-01 2.676221086015683204e-01 2.803916627308941090e-01 6.716975133196374514e-01 3.137488619212210894e-01 6.451164408505534187e-01 3.182478738286010911e-01 8.091424633556585366e-01 7.674474062635003868e-01 8.121237873761675274e-01 6.061201479880945486e-01 3.021800408180019826e-01 5.232615914274599822e-01 6.762694537741885670e-01 0.000000000000000000e+00 6.371651746776485492e-01 4.297085622661719340e-01 3.758780883263390660e-01 5.743169999433666018e-01 8.325037874281662198e-01 8.937895176378101159e-01 3.775170867861047941e-01
2.251535075542892006e-01 6.301404237683521092e-01 1.776006988419329691e-01 1.359432126351755032e-01 6.352003609688655628e-01 5.425137626319402884e-01 3.298778245461885250e-01 6.053922534110771636e-01 7.239740607300617636e-01 6.048122505675770366e-01 6.244305895932983352e-01 5.721327257397454957e-01 4.890977718941530439e-01 6.091659788969521205e-01 6.982352404425076209e-01 1.734385754338947927e-01 7.979202143409660497e-01 5.443946892505596713e-01 3.407923635604006019e-01 4.334503120018967648e-01 5.066635909676804328e-01 6.626339191353330937e-01 5.745159282356540054e-01 5.410960260722600390e-01 6.867622456381953233e-01 1.586153186100345280e-01 4.110741751430040947e-01 6.371651746776485492e-01 0.000000000000000000e+00 6.111851385028083117e-01 5.102029681541233597e-01 5.121027387518466423e-01 2.530941851106737195e-01 9.196121939695000025e-01 3.929616271864938004e-01
7.325501067430628677e-01 3.779520866589684003e-01 4.695224078904808307e-01 2.910119892765332672e-01 8.423046491425094651e-01 6.828396238658562822e-01 5.660262526197279431e-01 7.824804421361429840e-01 7.452619226985004453e-01 2.766677197583047865e-01 5.764097220947083100e-01 3.398781761079392449e-01 3.509515238303201334e-01 4.275747905583682229e-01 2.820240077500616449e-01 9.528878965446985205e-01 2.480059398222566880e-01 4.442404363292277725e-01 3.389087862226990433e-01 6.503146584065283564e-01 5.492264818270375937e-01 6.395501376752500411e-01 1.274283606486946718e-01 6.145746420407590671e-01 4.130211899679170351e-01 6.169369158064144099e-01 9.646303976723185070e-01 4.297085622661719340e-01 6.111851385028083117e-01 0.000000000000000000e+00 4.901390469821663709e-01 2.914122941460496330e-01 2.892338901116076055e-01 5.622371899280982355e-01 5.288568740094259368e-01
4.441948633077726916e-01 7.732500547585940964e-01 8.467020347845094497e-01 7.955546613856856464e-01 1.347112909736325470e-01 1.836118420187326516e-01 2.906658332394553845e-01 5.910506614540851356e-01 1.964673437677163514e-01 4.207183346411678126e-01 4.325242370232215139e-01 4.933206443762122584e-01 1.145729231742661502e-01 9.156389578329753309e-01 8.122057879218085308e-01 7.977495672928474058e-01 5.032741149112505141e-01 6.021027691642357738e-01 6.072823547517235410e-01 5.927228794146337520e-01 8.388143787939865703e-01 3.416964603851977422e-01 2.304955868817976095e-01 1.990675369623864377e-01 7.454342451721909235e-01 7.233370452490216485e-01 4.599637925769709534e-01 3.758780883263390660e-01 5.102029681541233597e-01 4.901390469821663709e-01 0.000000000000000000e+00 5.799751898491951607e-01 8.123129195671384695e-01 3.523912555548783798e-01 4.536218066330488519e-02
2.876967633292326076e-01 2.621609615233191359e-01 4.407693804798940018e-01 7.813314206747767887e-02 3.874612060745876163e-01 4.789865306807748468e-01 5.131130655793154638e-01 3.945896469608926038e-01 8.369869044512123768e-01 1.850633799271642621e-01 4.104473844053521669e-01 7.697484675595667181e-01 5.198021942521742211e-01 2.813207870000133948e-01 2.743909704554946538e-01 7.948242474059263873e-01 3.154153761189671945e-01 8.103309106231200154e-01 8.440283398416965621e-01 1.655662356855629458e-01 6.645432504136948859e-01 5.482237236717992790e-01 7.257035845986039568e-01 3.807711601537034918e-01 3.263906438516495090e-01 4.681507957050687341e-01 7.175177156672172263e-01 5.743169999433666018e-01 5.121027387518466423e-01 2.914122941460496330e-01 5.799751898491951607e-01 0.000000000000000000e+00 9.109401491203409362e-01 6.992515058111966608e-01 4.429944353319033024e-01
8.035511795219054676e-01 3.058621390407669782e-01 8.406372295642650094e-01 4.357305879784154623e-01 3.817823641941222590e-01 3.101726606548526055e-01 7.431855369083474327e-01 4.948268062302194070e-01 8.703871849967110830e-01 8.221052619102127146e-01 7.153577439029810137e-01 3.826463463849885116e-01 4.800099024101825429e-01 5.322143930157616776e-01 8.432075872068522937e-01 4.735033467429949350e-01 5.378893753067419681e-01 8.678375738953486573e-01 6.505387065100517452e-01 1.652866272940801684e-01 3.909116207385158193e-01 6.768711892873866542e-01 4.899512609298601884e-01 3.676511459678304394e-01 5.944735739977742295e-01 1.257119239463413418e-01 7.994991965006092993e-01 8.325037874281662198e-01 2.530941851106737195e-01 2.892338901116076055e-01 8.123129195671384695e-01 9.109401491203409362e-01 0.000000000000000000e+00 4.781975466288431731e-01 8.529096384135870235e-01
3.360025743735995385e-01 7.087907501417771705e-01 6.172260378226699373e-01 1.678641401434443070e-01 4.288695874093024774e-01 6.764369227179785060e-01 7.187035636508241065e-01 8.261005513926911181e-01 8.177683847185320820e-01 4.032487721222816068e-01 8.199538116189375447e-01 5.637333139822191530e-01 5.655906553774705525e-01 4.334337365820124521e-01 7.723816720796633506e-01 4.589805668001588068e-01 5.758510610069086377e-01 8.088569864982838586e-01 4.821706531328097678e-01 3.822616728440114686e-01 4.655951108526156235e-01 1.216356221724628761e-01 3.830002972097643066e-01 3.816684885054419940e-01 9.284831736779042277e-02 8.312710561309962776e-01 3.819457386089336604e-01 8.937895176378101159e-01 9.196121939695000025e-01 5.622371899280982355e-01 3.523912555548783798e-01 6.992515058111966608e-01 4.781975466288431731e-01 0.000000000000000000e+00 6.653965248808955124e-01
4.661431643423031845e-01 3.609062112181426474e-01 4.455889720577737578e-01 6.938868363815096085e-01 7.757661958400463575e-01 3.879162980427319773e-01 4.655020860470939770e-01 1.494842919275543025e-01 5.518961149660317478e-01 5.829125812742377288e-01 2.866220799971708200e-01 2.937409878396083918e-01 4.419094937342680218e-01 3.889185556504337060e-01 1.853920266284113660e-01 4.842663927308900051e-01 7.406280722965349339e-01 5.619419890034091924e-01 2.384057298282148130e-01 5.290694223799726759e-01 3.760481277884757945e-01 6.307822273062555496e-01 5.691120142882446498e-01 3.651601978654881453e-01 7.504949484290229789e-01 8.678796468180538515e-01 3.507730640274948630e-01 3.775170867861047941e-01 3.929616271864938004e-01 5.288568740094259368e-01 4.536218066330488519e-02 4.429944353319033024e-01 8.529096384135870235e-01 6.653965248808955124e-01 0.000000000000000000e+00
