0.000000000000000000e+00 1.002272897528043716e-01 5.173084253162137935e-01 3.092577106699845868e-01 3.210273135865718830e-01 6.127183928159327664e-01 5.057220194089282472e-01 6.596067507662399798e-01 6.937410508472277026e-01 2.821403207132386348e-01 3.149870388754746897e-01 2.171007063683411120e-01 5.169744883777476208e-01 7.883761597435146040e-01 4.726567466436699672e-01 4.263305524362976939e-01 4.958628168959954841e-01 2.846355488477559370e-01 2.277885299204652769e-01 5.710021037965875568e-01 8.242003591796362993e-01 1.961268494211381164e-01 5.503710537341479636e-01 4.848419734002739068e-01 2.537995513969569239e-01 3.057858299657526535e-01 4.979010506886226151e-01 3.077740871086777075e-01 8.209777922124159577e-01 3.112713431855675394e-01 7.931546321019277146e-01 2.433993920336049444e-01 5.669666063631839670e-01 3.126449226899852274e-01 3.487916944472577718e-01
1.002272897528043716e-01 0.000000000000000000e+00 4.985091589513175325e-01 4.067517532297210137e-01 4.821947465382890319e-01 5.938239446120459064e-01 2.105975971383722278e-01 4.837974840692433887e-01 6.426504720029080353e-02 7.739554111465247743e-01 5.597345530017678872e-01 5.289194341154683787e-01 3.533755281626741462e-01 7.380134173844457024e-01 4.614341013171038286e-01 7.789909416297295941e-01 6.411395616145565413e-01 2.223657340420291950e-01 6.509316790523574925e-01 4.281224035087778934e-01 9.257718603078014530e-01 2.768202267386278281e-01 3.025858699197253587e-01 7.812199980387568576e-01 7.636874801616564401e-01 2.291105425673565232e-01 8.561974944681736144e-01 6.279908539482625951e-01 6.032442528831583051e-02 5.084931321107641899e-01 7.610391557460662870e-01 4.141855090187799848e-01 3.302048834811791567e-01 7.165965253086717945e-01 5.199568865093331382e-01
5.173084253162137935e-01 4.985091589513175325e-01 0.000000000000000000e+00 5.601539846367014075e-01 5.119331037079382085e-01 5.092202229611400011e-01 3.735800498780116330e-01 5.767565954730420330e-01 4.510189020887137024e-01 1.876433856813547463e-01 4.428452959383953891e-01 6.350886473030069590e-01 8.939903844562879787e-02 6.165059488565345358e-01 4.028443417373531732e-01 6.299427479698849197e-01 2.727410462181703577e-01 5.500967530927578508e-01 7.200130704053298025e-01 7.742183447077684022e-01 7.536413188484442083e-01 5.835054152060943355e-01 5.128511628474434758e-01 5.158403905591586458e-01 5.147601541011903592e-01 7.731986298560410420e-01 6.743794040950432667e-01 1.681359345201786093e-01 5.914885232200373100e-01 1.162715128983801138e-01 5.370771619974500366e-01 4.854562350449143082e-01 2.170609559091221108e-01 5.426836911716420575e-01 3.702645147655064806e-01
3.092577106699845868e-01 4.067517532297210137e-01 5.601539846367014075e-01 0.000000000000000000e+00 7.535847687045282850e-02 8.433821943974699753e-01 8.458201723949436701e-01 2.729237608233281431e-01 6.432194056215152500e-01 9.103605151666809281e-01 4.215421628436968327e-01 2.872924727899467401e-01 3.646546769131808752e-01 5.257209653244860892e-01 1.965933571133881008e-01 3.650786656850654177e-01 6.194151025323815229e-01 8.405002456357736351e-01 4.895808380236265078e-01 9.430543090900342929e-01 2.998312960586099196e-01 7.136804123576030445e-01 8.952199281242699813e-01 6.639820802319715831e-01 7.707388820228914250e-01 1.275725926516781961e-01 9.692194180175961460e-02 8.385047706287458436e-01 9.156817351997827981e-01 2.821795142050925742e-01 2.008230248461241318e-01 5.248416780360301015e-01 4.053409104538885366e-01 6.972183849281087253e-01 7.177702613704701751e-01
3.210273135865718830e-01 4.821947465382890319e-01 5.119331037079382085e-01 7.535847687045282850e-02 0.000000000000000000e+00 5.329271717736631109e-01 7.495981841956800285e-01 7.962428547343696206e-01 5.352546714875014988e-01 8.884413595936391239e-01 8.081410771588821707e-01 5.026158114419151390e-01 2.293130871698691453e-01 7.777668685618170930e-01 5.539580882586281341e-01 7.244401940187119582e-01 4.574632708151976646e-01 2.797678008788109238e-01 3.670912466716053091e-01 2.174436318328690776e-01 6.218222810478295504e-01 1.034975090232619355e-01 3.418030962841533960e-01 6.236566757393826599e-01 5.319766138758252882e-01 6.144423335448052637e-01 1.062618207832339845e-01 5.450076927803315652e-01 7.158935393820295978e-01 6.107435879653124733e-01 5.990341830609611229e-01 2.636860516050318903e-01 9.316782102846761227e-01 7.067437784830916669e-01 5.073161452433379015e-01
6.127183928159327664e-01 5.938239446120459064e-01 5.092202229611400011e-01 8.433821943974699753e-01 5.329271717736631109e-01 0.000000000000000000e+00 4.106348098917573242e-01 5.274859692662245969e-01 1.937579569938526758e-01 3.493978513188887858e-01 5.506021137704731894e-01 2.450123021834502701e-01 6.148201360547348449e-01 6.370424110284680363e-01 5.194442453113046199e-01 4.607499095608009743e-01 5.681827607537255354e-01 7.337751605811442257e-01 5.345781868108960833e-01 6.653741205320971019e-01 7.099516193128934116e-01 2.827367963863712808e-01 1.291055327256295238e-01 1.892567683997110617e-01 9.087568900270488470e-01 3.172149164983957825e-01 5.254069969972781085e-01 3.337981826995501944e-01 5.391381318379633303e-01 1.526903319650801949e-01 3.843414515666993547e-01 7.279987038290769430e-01 1.543200140634579665e-01 8.893936016401158273e-01 3.301834603922808586e-01
5.057220194089282472e-01 2.105975971383722278e-01 3.735800498780116330e-01 8.458201723949436701e-01 7.495981841956800285e-01 4.106348098917573242e-01 0.000000000000000000e+00 6.957518599079106636e-01 5.880182457945282160e-01 1.801681855262829979e-01 6.166883779444618519e-01 3.930402507560722403e-01 8.061383314837509140e-01 3.772784867277651499e-01 3.729857356575317917e-01 6.466724227502962385e-01 5.747678834689295968e-01 3.474613008699291572e-01 2.990999143368199276e-01 9.315883742635826525e-01 8.338565247767797395e-01 5.719761623467318756e-01 6.287645655246234533e-01 5.296477583961699542e-01 2.571161144964133616e-01 9.089072969990659168e-01 2.952305678040227921e-01 6.578408180683776862e-01 5.492253038112595576e-01 4.947488944324130444e-01 5.733532174319011521e-02 5.819484678757961271e-01 1.715713127446990560e-01 3.068715999381756987e-01 4.580412762567013241e-01
6.596067507662399798e-01 4.837974840692433887e-01 5.767565954730420330e-01 2.729237608233281431e-01 7.962428547343696206e-01 5.274859692662245969e-01 6.957518599079106636e-01 0.000000000000000000e+00 5.612732824655055630e-01 6.265801163091464510e-01 6.494131436124364054e-01 4.910585519359555451e-01 9.235156367827801471e-01 6.105861350546136768e-01 6.595133241095343379e-01 7.939254816134472259e-01 5.966004190962823639e-01 3.111737724621893575e-01 5.424018518060653715e-01 2.281334119138769267e-01 3.443626405044315497e-01 2.117853477227426007e-01 8.555442287546333180e-01 6.243925118292281695e-01 7.360059229305859763e-02 8.338286270683680224e-01 6.222255265799410129e-01 9.062807949928012308e-01 5.434102715219821800e-01 5.986042660627153289e-01 2.607633644631620617e-01 5.802444904561872008e-01 7.330763685083185877e-01 3.069003424074469022e-01 2.157355289177154134e-01
6.937410508472277026e-01 6.426504720029080353e-02 4.510189020887137024e-01 6.432194056215152500e-01 5.352546714875014988e-01 1.937579569938526758e-01 5.880182457945282160e-01 5.612732824655055630e-01 0.000000000000000000e+00 9.086271370396650227e-01 7.870696480187131527e-01 6.763955656544891060e-01 4.522991129529321253e-01 2.858291830937242928e-01 5.763450607056636033e-01 6.935988407841393588e-01 6.022210691567086993e-02 5.820779376488507406e-01 5.355754729326320795e-01 7.005068745088339766e-01 6.619527171806421917e-01 4.791576810053589930e-01 3.230059164182035314e-01 4.920054441892637298e-01 7.767499349879654069e-01 1.005414310269028277e-01 2.455549103765479746e-01 3.684223984402632546e-01 1.614829697426829469e-01 5.946889832742588977e-01 3.054467852064312039e-01 2.500318520770703490e-01 7.120229839269565097e-01 5.270076156753134011e-01 1.433213396168698806e-01
2.821403207132386348e-01 7.739554111465247743e-01 1.876433856813547463e-01 9.103605151666809281e-01 8.884413595936391239e-01 3.493978513188887858e-01 1.801681855262829979e-01 6.265801163091464510e-01 9.086271370396650227e-01 0.000000000000000000e+00 6.443335511096814905e-01 7.909019984337779530e-01 3.804875149547173874e-01 1.892928490047111056e-01 4.926890819132216381e-01 4.170111373509635122e-01 6.907749561056983900e-01 6.504498257576927234e-01 5.700778032793825112e-01 5.465682468128665317e-01 5.537989358843726784e-01 5.996160491946012083e-01 2.833271498592841997e-01 5.429828149908683121e-01 7.209068766487655155e-01 4.921928332585546739e-01 2.960442971039458082e-01 6.219691744336897088e-01 4.503483850536720290e-01 8.979771383271200058e-01 3.783380853307279357e-01 2.059130613147164279e-01 4.937174096103985055e-01 5.609407818158091974e-01 5.394007140624299534e-01
3.149870388754746897e-01 5.597345530017678872e-01 4.428452959383953891e-01 4.215421628436968327e-01 8.081410771588821707e-01 5.506021137704731894e-01 6.166883779444618519e-01 6.494131436124364054e-01 7.870696480187131527e-01 6.443335511096814905e-01 0.000000000000000000e+00 4.184231608910347622e-01 6.013187887889170913e-01 8.906733253093828129e-01 5.219045220418605524e-01 2.496486294428792441e-01 4.871782466631253139e-01 5.331889916975125487e-01 7.083877169335777157e-01 6.319980885786335989e-03 6.618374837933493904e-01 5.063924456348511960e-01 5.612992376314324128e-01 3.897280704102644711e-01 6.140793198938949704e-01 6.110883628063330519e-01 5.454756207962607739e-01 8.354202495523257443e-01 6.690002780822712491e-01 4.852278423498469495e-01 6.859371316315894251e-01 8.358356191354373577e-01 5.723494551717289713e-01 4.581989029578505956e-01 5.433917456361733178e-01
2.171007063683411120e-01 5.289194341154683787e-01 6.350886473030069590e-01 2.872924727899467401e-01 5.026158114419151390e-01 2.450123021834502701e-01 3.930402507560722403e-01 4.910585519359555451e-01 6.763955656544891060e-01 7.909019984337779530e-01 4.184231608910347622e-01 0.000000000000000000e+00 9.004517706576853353e-02 4.004987147123554303e-01 8.881304858306091621e-01 1.687882914067880824e-01 2.549067395710258310e-02 8.638228465430107805e-01 1.660944254719348701e-01 7.672861552728327261e-01 2.911002545070052738e-01 7.785629932525834906e-01 2.975868217556222328e-01 3.340354464042210036e-01 5.486467776103038929e-01 7.771838202697476383e-01 6.026050495417996089e-01 5.111301577420805931e-01 5.041653117713045251e-01 4.500573071808011694e-01 7.118382705580065251e-01 4.332170056272171554e-01 6.849949970622013495e-01 8.358614162932539449e-01 4.153275071048765921e-01
5.169744883777476208e-01 3.533755281626741462e-01 8.939903844562879787e-02 3.646546769131808752e-01 2.293130871698691453e-01 6.148201360547348449e-01 8.061383314837509140e-01 9.235156367827801471e-01 4.522991129529321253e-01 3.804875149547173874e-01 6.013187887889170913e-01 9.004517706576853353e-02 0.000000000000000000e+00 9.448140439655716705e-02 5.633855489664807425e-01 5.144043861971090426e-01 3.924350571075962968e-01 3.277279540314568251e-01 7.474656203481704342e-01 7.142747734809539173e-01 4.852919411126974114e-01 4.936691321182507530e-01 1.649539609467812751e-01 4.688482471963398845e-01 9.373493793548772768e-01 5.611244854486603373e-01 5.541924922116248098e-01 4.476946147154370337e-01 5.200134136387791761e-01 7.482009139278436027e-01 7.903413836113974966e-01 6.103703585119295560e-01 2.332941722310895027e-01 8.732331588937747302e-01 8.053220375750208548e-01
7.883761597435146040e-01 7.380134173844457024e-01 6.165059488565345358e-01 5.257209653244860892e-01 7.777668685618170930e-01 6.370424110284680363e-01 3.772784867277651499e-01 6.105861350546136768e-01 2.858291830937242928e-01 1.892928490047111056e-01 8.906733253093828129e-01 4.004987147123554303e-01 9.448140439655716705e-02 0.000000000000000000e+00 7.098667164162554277e-01 6.030637564707047593e-01 6.266842669516452524e-01 3.458237674987820753e-01 1.471798946085216553e-01 3.057682366361065274e-01 8.262041061020555244e-01 4.359712921039801126e-01 1.213541200257735042e-01 7.402083280539337728e-01 3.236731524354533596e-01 7.761757663843819044e-01 7.774127445601404229e-01 2.582632359841007808e-01 4.302003755887544578e-01 3.641874416646239676e-01 8.259266813160036635e-01 6.430221755315905785e-01 6.366135483002097750e-01 8.265398795869353110e-01 8.800742568832680135e-01
4.726567466436699672e-01 4.614341013171038286e-01 4.028443417373531732e-01 1.965933571133881008e-01 5.539580882586281341e-01 5.194442453113046199e-01 3.729857356575317917e-01 6.595133241095343379e-01 5.763450607056636033e-01 4.926890819132216381e-01 5.219045220418605524e-01 8.881304858306091621e-01 5.633855489664807425e-01 7.098667164162554277e-01 0.000000000000000000e+00 3.717464338819063130e-01 6.019305226471954873e-01 9.426062550215567049e-01 4.593380118528817557e-01 2.588070252072708355e-01 3.987680622930233065e-01 2.722705841931928328e-01 8.277035988277825496e-01 5.125295368031678178e-01 3.987346890746609196e-01 5.149384643084535806e-01 5.791944515767430968e-01 9.299086510429951380e-01 4.806799314218091479e-01 8.081761289036277773e-01 7.821433995016753293e-01 6.300300478521563274e-01 5.201381743517408118e-01 2.583491377369538933e-01 6.591185177936189632e-01
4.263305524362976939e-01 7.789909416297295941e-01 6.299427479698849197e-01 3.650786656850654177e-01 7.244401940187119582e-01 4.607499095608009743e-01 6.466724227502962385e-01 7.939254816134472259e-01 6.935988407841393588e-01 4.170111373509635122e-01 2.496486294428792441e-01 1.687882914067880824e-01 5.144043861971090426e-01 6.030637564707047593e-01 3.717464338819063130e-01 0.000000000000000000e+00 4.522508874119686717e-01 6.232914355409349128e-01 6.969349339032130386e-01 6.229206801685747141e-01 3.876217043121720773e-01 5.128225586153712934e-01 2.725364566739556516e-01 6.710979563924713842e-01 6.089739982648172401e-01 1.813198071334761741e-01 2.129026273342899955e-01 4.391073347481269096e-01 1.116488173021792929e-01 4.183575774453759388e-01 2.201013979614591665e-01 6.711225497163194609e-01 4.397173922786805633e-01 5.419043058903147969e-01 3.699113361063251504e-01
4.958628168959954841e-01 6.411395616145565413e-01 2.727410462181703577e-01 6.194151025323815229e-01 4.574632708151976646e-01 5.681827607537255354e-01 5.747678834689295968e-01 5.966004190962823639e-01 6.022210691567086993e-02 6.907749561056983900e-01 4.871782466631253139e-01 2.549067395710258310e-02 3.924350571075962968e-01 6.266842669516452524e-01 6.019305226471954873e-01 4.522508874119686717e-01 0.000000000000000000e+00 7.280993031712331698e-01 3.696082370591030619e-02 6.182320952717679230e-01 4.771185576022768382e-01 4.933925373807355186e-01 1.250091529929596712e-01 2.335437663590081980e-01 6.353274647730986491e-01 5.568368288810949807e-01 7.081485983524907768e-01 7.275362645225769143e-01 3.177061980616613379e-01 1.691262109732837304e-01 2.370250590526830070e-01 2.470732706253058186e-01 4.154740200569820852e-01 3.923635262505522636e-01 4.867113802523378996e-01
2.846355488477559370e-01 2.223657340420291950e-01 5.500967530927578508e-01 8.405002456357736351e-01 2.797678008788109238e-01 7.337751605811442257e-01 3.474613008699291572e-01 3.111737724621893575e-01 5.820779376488507406e-01 6.504498257576927234e-01 5.331889916975125487e-01 8.638228465430107805e-01 3.277279540314568251e-01 3.458237674987820753e-01 9.426062550215567049e-01 6.232914355409349128e-01 7.280993031712331698e-01 0.000000000000000000e+00 6.145660653716297217e-01 7.450964130382297101e-01 4.702224698880354548e-01 3.477207454955352772e-01 5.858723495387562208e-01 2.803996138015414363e-01 5.780497836449389748e-01 3.854285068604923481e-02 4.918739925558649473e-01 5.172678880826377945e-01 1.844153826845680300e-01 4.389083870079954486e-01 6.654467235338756836e-01 2.145576358148774121e-01 7.093472658375130635e-01 4.195614544308968186e-01 6.444728561079580142e-01
2.277885299204652769e-01 6.509316790523574925e-01 7.200130704053298025e-01 4.895808380236265078e-01 3.670912466716053091e-01 5.345781868108960833e-01 2.990999143368199276e-01 5.424018518060653715e-01 5.355754729326320795e-01 5.700778032793825112e-01 7.083877169335777157e-01 1.660944254719348701e-01 7.474656203481704342e-01 1.471798946085216553e-01 4.593380118528817557e-01 6.969349339032130386e-01 3.696082370591030619e-02 6.145660653716297217e-01 0.000000000000000000e+00 5.420069443899325767e-01 5.182152716977510565e-01 7.598924242587397071e-01 5.826324555369106761e-01 1.255110838052023725e-01 3.841017953364507798e-01 8.367853010764523258e-01 5.493587048513753901e-01 6.290188183004404854e-01 3.844358549193757635e-01 8.891083709783268452e-01 2.340881951845852349e-01 2.143253016357470897e-01 3.342172640364290404e-01 2.007455343143596527e-01 1.550829183045461246e-01
5.710021037965875568e-01 4.281224035087778934e-01 7.742183447077684022e-01 9.430543090900342929e-01 2.174436318328690776e-01 6.653741205320971019e-01 9.315883742635826525e-01 2.281334119138769267e-01 7.005068745088339766e-01 5.465682468128665317e-01 6.319980885786335989e-03 7.672861552728327261e-01 7.142747734809539173e-01 3.057682366361065274e-01 2.588070252072708355e-01 6.229206801685747141e-01 6.182320952717679230e-01 7.450964130382297101e-01 5.420069443899325767e-01 0.000000000000000000e+00 7.287264942673830070e-01 1.801862877915074712e-01 7.410429342691631227e-01 2.939555228370470674e-01 5.183187064410430533e-01 4.783177060631618183e-01 8.543545562873089416e-01 5.065505235241745119e-01 9.506086812011758092e-01 1.356472642775187198e-01 4.238701184648755449e-01 6.490374908355848182e-01 1.064290010236633721e-01 5.119403070382253507e-01 4.296958728536725003e-01
8.242003591796362993e-01 9.257718603078014530e-01 7.536413188484442083e-01 2.998312960586099196e-01 6.218222810478295504e-01 7.099516193128934116e-01 8.338565247767797395e-01 3.443626405044315497e-01 6.619527171806421917e-01 5.537989358843726784e-01 6.618374837933493904e-01 2.911002545070052738e-01 4.852919411126974114e-01 8.262041061020555244e-01 3.987680622930233065e-01 3.876217043121720773e-01 4.771185576022768382e-01 4.702224698880354548e-01 5.182152716977510565e-01 7.287264942673830070e-01 0.000000000000000000e+00 5.480525024183532379e-01 4.493267403711791452e-01 7.368561445707165758e-01 8.487188673611534284e-02 7.834751064803208154e-01 9.354947552783426934e-01 8.775485064985164563e-01 5.347320095341285828e-01 8.168586936734749671e-01 3.825656172935467669e-01 3.249861252190305305e-01 6.017445242502141856e-01 6.823675796917177960e-01 5.749066631792657533e-01
1.961268494211381164e-01 2.768202267386278281e-01 5.835054152060943355e-01 7.136804123576030445e-01 1.034975090232619355e-01 2.827367963863712808e-01 5.719761623467318756e-01 2.117853477227426007e-01 4.791576810053589930e-01 5.996160491946012083e-01 5.063924456348511960e-01 7.785629932525834906e-01 4.936691321182507530e-01 4.359712921039801126e-01 2.722705841931928328e-01 5.128225586153712934e-01 4.933925373807355186e-01 3.477207454955352772e-01 7.598924242587397071e-01 1.801862877915074712e-01 5.480525024183532379e-01 0.000000000000000000e+00 3.250745426211225642e-01 5.315871571157656517e-01 7.054739018642937065e-01 7.521421958923363293e-01 7.098652125899754806e-01 8.002417358148936621e-01 4.564165088391658465e-01 6.928146022495259571e-01 5.287600253902910996e-01 1.696996134568732328e-01 2.632398715275047207e-01 5.619519237019612312e-01 4.975475549735591807e-01
5.503710537341479636e-01 3.025858699197253587e-01 5.128511628474434758e-01 8.952199281242699813e-01 3.418030962841533960e-01 1.291055327256295238e-01 6.287645655246234533e-01 8.555442287546333180e-01 3.230059164182035314e-01 2.833271498592841997e-01 5.612992376314324128e-01 2.975868217556222328e-01 1.649539609467812751e-01 1.213541200257735042e-01 8.277035988277825496e-01 2.725364566739556516e-01 1.250091529929596712e-01 5.858723495387562208e-01 5.826324555369106761e-01 7.410429342691631227e-01 4.493267403711791452e-01 3.250745426211225642e-01 0.000000000000000000e+00 9.651002051362358447e-01 5.744592537859505299e-01 1.662525462036849033e-01 7.824371994559330412e-01 6.186519719286963648e-01 1.611369223527447936e-01 2.022248123472034642e-01 3.090421380942959262e-01 3.308171931301295832e-01 5.096237869910247298e-01 7.655603754440014619e-01 4.941801341484883814e-01
4.848419734002739068e-01 7.812199980387568576e-01 5.158403905591586458e-01 6.639820802319715831e-01 6.236566757393826599e-01 1.892567683997110617e-01 5.296477583961699542e-01 6.243925118292281695e-01 4.920054441892637298e-01 5.429828149908683121e-01 3.897280704102644711e-01 3.340354464042210036e-01 4.688482471963398845e-01 7.402083280539337728e-01 5.125295368031678178e-01 6.710979563924713842e-01 2.335437663590081980e-01 2.803996138015414363e-01 1.255110838052023725e-01 2.939555228370470674e-01 7.368561445707165758e-01 5.315871571157656517e-01 9.651002051362358447e-01 0.000000000000000000e+00 6.980449513536057804e-02 6.395822908275983210e-01 3.100782624366355544e-01 3.800776817416170461e-01 5.125973143540233368e-01 5.417639528123051607e-01 3.129438396695298774e-01 5.713548259369241045e-01 2.162285962588962884e-01 1.126200086309279147e-01 2.671526605345500016e-01
2.537995513969569239e-01 7.636874801616564401e-01 5.147601541011903592e-01 7.707388820228914250e-01 5.319766138758252882e-01 9.087568900270488470e-01 2.571161144964133616e-01 7.360059229305859763e-02 7.767499349879654069e-01 7.209068766487655155e-01 6.140793198938949704e-01 5.486467776103038929e-01 9.373493793548772768e-01 3.236731524354533596e-01 3.987346890746609196e-01 6.089739982648172401e-01 6.353274647730986491e-01 5.780497836449389748e-01 3.841017953364507798e-01 5.183187064410430533e-01 8.487188673611534284e-02 7.054739018642937065e-01 5.744592537859505299e-01 6.980449513536057804e-02 0.000000000000000000e+00 7.684994931915577476e-01 7.034573138390838309e-01 6.010244826871860013e-01 5.411524957211752973e-01 2.024739909738566546e-01 3.263276061866792199e-01 5.471053879993403868e-01 4.957798377471415718e-01 6.853644696990404128e-01 4.149875541150375158e-01
3.057858299657526535e-01 2.291105425673565232e-01 7.731986298560410420e-01 1.275725926516781961e-01 6.144423335448052637e-01 3.172149164983957825e-01 9.089072969990659168e-01 8.338286270683680224e-01 1.005414310269028277e-01 4.921928332585546739e-01 6.110883628063330519e-01 7.771838202697476383e-01 5.611244854486603373e-01 7.761757663843819044e-01 5.149384643084535806e-01 1.813198071334761741e-01 5.568368288810949807e-01 3.854285068604923481e-02 8.367853010764523258e-01 4.783177060631618183e-01 7.834751064803208154e-01 7.521421958923363293e-01 1.662525462036849033e-01 6.395822908275983210e-01 7.684994931915577476e-01 0.000000000000000000e+00 8.073838011596078390e-01 9.429788599683703865e-01 4.025772999141283837e-01 6.937236839563514224e-01 5.740691535018207503e-01 3.540715805178287212e-01 5.299548147558044153e-01 1.890412597068733547e-01 5.056597467102503796e-01
4.979010506886226151e-01 8.561974944681736144e-01 6.743794040950432667e-01 9.692194180175961460e-02 1.062618207832339845e-01 5.254069969972781085e-01 2.952305678040227921e-01 6.222255265799410129e-01 2.455549103765479746e-01 2.960442971039458082e-01 5.454756207962607739e-01 6.026050495417996089e-01 5.541924922116248098e-01 7.774127445601404229e-01 5.791944515767430968e-01 2.129026273342899955e-01 7.081485983524907768e-01 4.918739925558649473e-01 5.493587048513753901e-01 8.543545562873089416e-01 9.354947552783426934e-01 7.098652125899754806e-01 7.824371994559330412e-01 3.100782624366355544e-01 7.034573138390838309e-01 8.073838011596078390e-01 0.000000000000000000e+00 7.995800398697767708e-01 4.496928943122515676e-01 8.629573833573886965e-01 8.789454796701856587e-02 8.573124782505325836e-02 3.276279797712213782e-01 5.885858489069935029e-01 5.386515835453679069e-01
3.077740871086777075e-01 6.279908539482625951e-01 1.681359345201786093e-01 8.385047706287458436e-01 5.450076927803315652e-01 3.337981826995501944e-01 6.578408180683776862e-01 9.062807949928012308e-01 3.684223984402632546e-01 6.219691744336897088e-01 8.354202495523257443e-01 5.111301577420805931e-01 4.476946147154370337e-01 2.582632359841007808e-01 9.299086510429951380e-01 4.391073347481269096e-01 7.275362645225769143e-01 5.172678880826377945e-01 6.290188183004404854e-01 5.065505235241745119e-01 8.775485064985164563e-01 8.002417358148936621e-01 6.186519719286963648e-01 3.800776817416170461e-01 6.010244826871860013e-01 9.429788599683703865e-01 7.995800398697767708e-01 0.000000000000000000e+00 4.783104870076528847e-01 6.278808670231003086e-01 8.865780477412117389e-01 7.769557556552570965e-01 2.731339223824955642e-01 6.171581205491013522e-01 5.005686608787447422e-01
8.209777922124159577e-01 6.032442528831583051e-02 5.914885232200373100e-01 9.156817351997827981e-01 7.158935393820295978e-01 5.391381318379633303e-01 5.492253038112595576e-01 5.434102715219821800e-01 1.614829697426829469e-01 4.503483850536720290e-01 6.690002780822712491e-01 5.041653117713045251e-01 5.200134136387791761e-01 4.302003755887544578e-01 4.806799314218091479e-01 1.116488173021792929e-01 3.177061980616613379e-01 1.844153826845680300e-01 3.844358549193757635e-01 9.506086812011758092e-01 5.347320095341285828e-01 4.564165088391658465e-01 1.611369223527447936e-01 5.125973143540233368e-01 5.411524957211752973e-01 4.025772999141283837e-01 4.496928943122515676e-01 4.783104870076528847e-01 0.000000000000000000e+00 8.418174806413833977e-01 2.587315657085687004e-01 5.692207922555088118e-01 1.365348954142482363e-01 8.655682448786226058e-01 3.070970883843489041e-01
3.112713431855675394e-01 5.084931321107641899e-01 1.162715128983801138e-01 2.821795142050925742e-01 6.107435879653124733e-01 1.526903319650801949e-01 4.947488944324130444e-01 5.986042660627153289e-01 5.946889832742588977e-01 8.979771383271200058e-01 4.852278423498469495e-01 4.500573071808011694e-01 7.482009139278436027e-01 3.641874416646239676e-01 8.081761289036277773e-01 4.183575774453759388e-01 1.691262109732837304e-01 4.389083870079954486e-01 8.891083709783268452e-01 1.356472642775187198e-01 8.168586936734749671e-01 6.928146022495259571e-01 2.022248123472034642e-01 5.417639528123051607e-01 2.024739909738566546e-01 6.937236839563514224e-01 8.629573833573886965e-01 6.278808670231003086e-01 8.418174806413833977e-01 0.000000000000000000e+00 5.717690221876482459e-01 4.867343980511376622e-01 5.178826763593213922e-01 4.997166395030054331e-01 6.490335803131981329e-01
7.931546321019277146e-01 7.610391557460662870e-01 5.370771619974500366e-01 2.008230248461241318e-01 5.990341830609611229e-01 3.843414515666993547e-01 5.733532174319011521e-02 2.607633644631620617e-01 3.054467852064312039e-01 3.783380853307279357e-01 6.859371316315894251e-01 7.118382705580065251e-01 7.903413836113974966e-01 8.259266813160036635e-01 7.821433995016753293e-01 2.201013979614591665e-01 2.370250590526830070e-01 6.654467235338756836e-01 2.340881951845852349e-01 4.238701184648755449e-01 3.825656172935467669e-01 5.287600253902910996e-01 3.090421380942959262e-01 3.129438396695298774e-01 3.263276061866792199e-01 5.740691535018207503e-01 8.789454796701856587e-02 8.865780477412117389e-01 2.587315657085687004e-01 5.717690221876482459e-01 0.000000000000000000e+00 2.939807014654871598e-01 6.308464740564085904e-01 2.216133195203251471e-01 7.475660267398869241e-01
2.433993920336049444e-01 4.141855090187799848e-01 4.854562350449143082e-01 5.248416780360301015e-01 2.636860516050318903e-01 7.279987038290769430e-01 5.819484678757961271e-01 5.802444904561872008e-01 2.500318520770703490e-01 2.059130613147164279e-01 8.358356191354373577e-01 4.332170056272171554e-01 6.103703585119295560e-01 6.430221755315905785e-01 6.300300478521563274e-01 6.711225497163194609e-01 2.470732706253058186e-01 2.145576358148774121e-01 2.143253016357470897e-01 6.490374908355848182e-01 3.249861252190305305e-01 1.696996134568732328e-01 3.308171931301295832e-01 5.713548259369241045e-01 5.471053879993403868e-01 3.540715805178287212e-01 8.573124782505325836e-02 7.769557556552570965e-01 5.692207922555088118e-01 4.867343980511376622e-01 2.939807014654871598e-01 0.000000000000000000e+00 4.122253924976398975e-01 2.073318322621720000e-01 5.477553084394596317e-01
5.669666063631839670e-01 3.302048834811791567e-01 2.170609559091221108e-01 4.053409104538885366e-01 9.316782102846761227e-01 1.543200140634579665e-01 1.715713127446990560e-01 7.330763685083185877e-01 7.120229839269565097e-01 4.937174096103985055e-01 5.723494551717289713e-01 6.849949970622013495e-01 2.332941722310895027e-01 6.366135483002097750e-01 5.201381743517408118e-01 4.397173922786805633e-01 4.154740200569820852e-01 7.093472658375130635e-01 3.342172640364290404e-01 1.064290010236633721e-01 6.017445242502141856e-01 2.632398715275047207e-01 5.096237869910247298e-01 2.162285962588962884e-01 4.957798377471415718e-01 5.299548147558044153e-01 3.276279797712213782e-01 2.731339223824955642e-01 1.365348954142482363e-01 5.178826763593213922e-01 6.308464740564085904e-01 4.122253924976398975e-01 0.000000000000000000e+00 3.243022727869815380e-01 2.476121627342913190e-01
3.126449226899852274e-01 7.165965253086717945e-01 5.426836911716420575e-01 6.972183849281087253e-01 7.067437784830916669e-01 8.893936016401158273e-01 3.068715999381756987e-01 3.069003424074469022e-01 5.270076156753134011e-01 5.609407818158091974e-01 4.581989029578505956e-01 8.358614162932539449e-01 8.732331588937747302e-01 8.265398795869353110e-01 2.583491377369538933e-01 5.419043058903147969e-01 3.923635262505522636e-01 4.195614544308968186e-01 2.007455343143596527e-01 5.119403070382253507e-01 6.823675796917177960e-01 5.619519237019612312e-01 7.655603754440014619e-01 1.126200086309279147e-01 6.853644696990404128e-01 1.890412597068733547e-01 5.885858489069935029e-01 6.171581205491013522e-01 8.655682448786226058e-01 4.997166395030054331e-01 2.216133195203251471e-01 2.073318322621720000e-01 3.243022727869815380e-01 0.000000000000000000e+00 3.769978748778687327e-01
3.487916944472577718e-01 5.199568865093331382e-01 3.702645147655064806e-01 7.177702613704701751e-01 5.073161452433379015e-01 3.301834603922808586e-01 4.580412762567013241e-01 2.157355289177154134e-01 1.433213396168698806e-01 5.394007140624299534e-01 5.433917456361733178e-01 4.153275071048765921e-01 8.053220375750208548e-01 8.800742568832680135e-01 6.591185177936189632e-01 3.699113361063251504e-01 4.867113802523378996e-01 6.444728561079580142e-01 1.550829183045461246e-01 4.296958728536725003e-01 5.749066631792657533e-01 4.975475549735591807e-01 4.941801341484883814e-01 2.671526605345500016e-01 4.149875541150375158e-01 5.056597467102503796e-01 5.386515835453679069e-01 5.005686608787447422e-01 3.070970883843489041e-01 6.490335803131981329e-01 7.475660267398869241e-01 5.477553084394596317e-01 2.476121627342913190e-01 3.769978748778687327e-01 0.000000000000000000e+00
