0.000000000000000000e+00 2.351229030389881958e-01 4.605490046081186506e-01 1.615224527498531071e-01 6.782049055286276662e-01 3.798874342817208927e-01 5.150802792884958681e-01 5.157320526576723019e-01 7.873355868147939862e-01 6.471630905229649455e-01 2.773407907309063392e-01 4.694101784716356862e-01 8.559246296636561224e-01 9.069780841509582636e-01 3.950060268405042319e-01 9.249114789260781677e-01 4.816322360553957904e-01 1.506634683248089246e-01 5.985431065861881450e-01 7.928077564141602362e-01 2.570516852355053672e-01 8.629472010430065954e-01 5.532265946114068855e-01 5.184956684040499253e-01 5.531277012344815169e-01 5.084001728118032748e-01 5.228828759824073469e-01 1.221178737078448817e-01 5.353974315251591731e-01 9.329950772488844191e-01 8.238881776957429626e-01 5.185330806468697595e-01 7.548469206578827251e-01 6.837399569194401172e-01 3.928706792465088693e-01
2.351229030389881958e-01 0.000000000000000000e+00 7.635245793799410041e-01 2.803378421387712205e-01 1.956976426506873423e-01 4.271789635224351733e-01 8.221860724883074401e-01 1.725726798612368107e-01 7.965770074798808054e-01 5.192715608850473341e-01 4.448305573076150043e-01 4.568722644898099428e-01 3.779161769761130718e-01 6.565381485858095001e-01 4.948970956602587457e-01 4.540204440428032839e-01 7.147272263527861824e-01 5.818004339086795262e-01 4.992993962237887162e-01 4.801707941587241568e-01 4.781819327219573035e-01 5.098129071856977168e-01 3.629342681750842292e-01 9.073466771749640891e-01 7.117424604584335901e-01 7.597894902075694734e-01 6.577536764949625248e-01 7.422717702947755347e-01 2.486885814025182606e-01 4.778739127739098369e-01 5.770762210735407294e-01 6.276941301077544333e-01 6.219909877473339677e-01 5.579825382928027544e-01 3.899031847344252011e-01
4.605490046081186506e-01 7.635245793799410041e-01 0.000000000000000000e+00 1.746076108150613204e-01 5.815637084465781204e-01 3.674924123460501235e-01 6.766045192190852653e-01 1.673368417314984313e-01 6.666446246098971518e-01 6.452783162664179617e-01 5.249339549909011193e-01 7.808034938594385910e-01 3.140408882459727047e-01 6.431460272301361414e-01 7.453448875034274224e-01 5.469390060549932375e-01 2.909698221359641734e-01 2.391892030306005390e-01 3.465123294355613170e-01 1.879127194491519992e-01 4.682417412728085981e-01 4.693623781464173472e-01 4.726607315437416079e-01 6.111134516191507604e-01 2.111363141669245769e-01 6.072684949483611039e-01 2.495801238911646291e-01 2.796440427061382961e-01 6.085755288232828075e-01 8.359319240921975203e-01 6.118864148346452314e-01 4.170754552101523793e-01 4.732506447284396955e-01 4.411462669018226812e-01 9.447880118402418592e-01
1.615224527498531071e-01 2.803378421387712205e-01 1.746076108150613204e-01 0.000000000000000000e+00 5.211638769181663466e-01 4.567624280070990972e-01 8.196861115604070491e-01 6.671459037138727233e-01 3.895050343057570030e-01 3.413113739223742615e-01 4.149369725148791543e-01 5.335536198856284384e-01 5.954540014081745047e-01 8.023685942772875723e-01 9.569755953538483517e-02 5.013114321774320148e-01 7.354218206261264879e-02 8.244371533776914118e-01 5.690233304380309942e-01 3.906891537280481330e-01 4.057392089784724876e-01 8.159062689939045043e-01 4.048242581587397915e-01 5.486811048616850872e-01 2.925453946836464869e-02 6.578468271161164171e-01 8.492162018600483142e-01 5.014987200805134382e-01 8.875644990308571014e-01 5.858578221867454250e-01 8.712906334020151800e-01 2.406463691209780320e-01 8.178520308639249947e-01 2.014860184163312362e-01 1.129592232182686784e-01
6.782049055286276662e-01 1.956976426506873423e-01 5.815637084465781204e-01 5.211638769181663466e-01 0.000000000000000000e+00 6.907561763816731926e-01 7.743488327450145370e-01 5.034216143729445259e-01 2.044784288762626634e-01 7.921421328523745586e-01 9.133960454352429981e-02 8.435923744577988881e-01 9.091839704639155251e-01 9.518179950283358615e-01 8.238140801071405228e-01 8.034951527099871704e-01 4.160504503575817581e-01 6.830621990362693019e-01 1.670531368263978855e-01 9.343727829643644345e-01 4.005103522797742732e-01 3.925673448710376712e-01 8.386673609544736951e-01 5.543116509773540201e-01 7.877024299003581032e-01 6.093230261891159349e-01 4.352892139643176339e-01 6.240283442777470047e-01 9.139209087341797488e-01 1.235119491874515640e-01 6.753271153615689748e-01 2.301984382722400135e-01 6.742319917161863074e-01 3.261577834328149295e-01 4.771663486088634221e-01
3.798874342817208927e-01 4.271789635224351733e-01 3.674924123460501235e-01 4.567624280070990972e-01 6.907561763816731926e-01 0.000000000000000000e+00 2.776638104946895225e-01 7.446945906916652147e-01 1.753474564030751415e-01 6.198287207418642364e-01 4.487549955117245970e-01 1.648559431091828342e-01 8.704307278297763739e-01 5.640520312191600327e-01 5.780425281522927339e-02 6.519252920519522654e-01 7.634398557641633998e-01 5.773424738365511288e-01 4.560806087136369813e-01 4.194940160815828767e-01 1.937215577584651127e-01 7.235622306718800800e-01 4.742139900028035648e-01 8.623139490752675940e-01 4.865667382732319357e-02 4.554739738019097928e-01 3.694053284751246391e-01 6.557287470909611837e-01 4.622168068766929760e-02 5.563241366910472996e-01 3.108689613540910335e-01 7.044891136803352882e-01 4.031923107383055260e-01 1.219715934964005766e-01 1.712261451387523392e-01
5.150802792884958681e-01 8.221860724883074401e-01 6.766045192190852653e-01 8.196861115604070491e-01 7.743488327450145370e-01 2.776638104946895225e-01 0.000000000000000000e+00 2.211263359265513984e-01 4.654035454863844623e-01 3.026955451488570481e-01 2.165381952559626288e-01 5.295563746963445340e-01 3.934066723068332383e-01 5.360167383861657031e-01 8.920407654658009111e-01 7.267543152123498995e-01 5.805038349042639378e-01 3.978600101988867266e-01 5.331689906465215678e-01 4.665720621789953837e-01 4.049468580812956020e-01 5.214475245290119965e-01 5.176433462107650207e-01 6.754254065953615438e-01 7.559241276203283455e-01 4.104600584380057593e-01 5.347432174027602070e-01 5.642557822565767989e-01 5.222668659936974267e-01 4.668705253725250470e-01 5.072652250713475253e-01 5.570010101016202864e-01 8.979715036765485436e-01 2.321669760649444081e-01 3.404586134118596785e-01
5.157320526576723019e-01 1.725726798612368107e-01 1.673368417314984313e-01 6.671459037138727233e-01 5.034216143729445259e-01 7.446945906916652147e-01 2.211263359265513984e-01 0.000000000000000000e+00 6.092142708554919572e-01 5.327619739820439460e-01 4.092710133600779843e-01 5.596386459357364229e-01 2.793483575133721697e-01 9.218582883972832320e-01 2.503564953472851018e-01 6.762701553001576604e-01 7.389986036448655815e-01 5.650676961267186993e-02 2.364685817322587091e-01 6.124251866219303508e-01 4.491840563392939245e-01 2.339392484153622886e-01 2.862852193018363689e-01 4.422471347686491860e-01 5.027757575705105175e-01 4.217160024107418081e-01 2.262771543143766717e-01 1.933352529623206251e-01 8.530375693184364394e-01 5.007150555594908070e-01 8.148313373621671740e-01 4.480982000623924266e-01 3.231892684021138162e-01 7.237368880259801296e-01 5.090534873040729602e-01
7.873355868147939862e-01 7.965770074798808054e-01 6.666446246098971518e-01 3.895050343057570030e-01 2.044784288762626634e-01 1.753474564030751415e-01 4.654035454863844623e-01 6.092142708554919572e-01 0.000000000000000000e+00 9.020462523295563750e-01 6.656878094167011373e-01 9.489136366803986311e-01 2.813287934021839742e-01 2.468300753871431885e-01 4.934173498255280954e-01 4.789613544270280299e-01 1.988566794131867432e-01 8.905791516928035501e-01 7.104075182145601630e-01 1.499151729505757702e-01 5.692601494182822908e-01 8.328947605347347682e-01 5.620446188788426056e-01 5.639043428233478927e-01 7.556409380958200028e-01 6.561289430635088848e-01 9.008645398567591833e-01 2.520625428356335629e-01 4.527983773970665204e-01 5.333394221448856110e-01 3.102740105555788497e-01 2.958534993751305020e-02 1.435341471327932217e-01 9.479588880908802473e-01 1.475692488812614389e-01
6.471630905229649455e-01 5.192715608850473341e-01 6.452783162664179617e-01 3.413113739223742615e-01 7.921421328523745586e-01 6.198287207418642364e-01 3.026955451488570481e-01 5.327619739820439460e-01 9.020462523295563750e-01 0.000000000000000000e+00 4.331745096156948138e-01 8.220066807345873805e-01 4.435431963114760956e-01 2.849379886018424957e-01 6.064748539786080084e-01 2.639054016534071456e-01 9.376151059892101625e-01 5.690050213222016540e-01 4.648379264074071204e-01 5.951509908570431495e-01 4.948691198040424677e-01 1.241869233410558548e-01 6.107694063264148543e-01 5.965886853724633454e-01 4.530495590674786799e-01 8.749087639742298972e-01 6.576331174416614189e-01 5.166217619770542280e-01 5.794971075412462813e-01 6.565798759295885523e-01 4.977636467910901974e-01 4.456649941456939934e-01 4.289776224119914438e-01 3.404950090947694852e-01 3.708586523067118890e-01
2.773407907309063392e-01 4.448305573076150043e-01 5.249339549909011193e-01 4.149369725148791543e-01 9.133960454352429981e-02 4.487549955117245970e-01 2.165381952559626288e-01 4.092710133600779843e-01 6.656878094167011373e-01 4.331745096156948138e-01 0.000000000000000000e+00 7.222767106993854824e-01 4.768881840337285682e-01 6.820020527199144311e-01 8.232982995828419526e-02 7.317540219528506640e-01 5.406733618210323167e-01 4.255806405404249926e-01 5.086757245821547091e-01 7.689320224047500041e-01 8.616288032406769215e-01 5.471431941427526979e-01 5.975048662978532654e-01 4.719052211860183532e-01 1.284034392037045613e-01 5.943134418347859604e-01 1.520674631194551818e-02 7.581035308080534829e-01 3.529525368628798621e-01 2.303312659647572813e-01 1.323453201950173241e-01 4.420593382579233732e-01 8.384517364345910329e-01 4.914351565894590768e-01 4.807874095116648205e-01
4.694101784716356862e-01 4.568722644898099428e-01 7.808034938594385910e-01 5.335536198856284384e-01 8.435923744577988881e-01 1.648559431091828342e-01 5.295563746963445340e-01 5.596386459357364229e-01 9.489136366803986311e-01 8.220066807345873805e-01 7.222767106993854824e-01 0.000000000000000000e+00 5.376162043050285444e-01 5.043180930374584481e-01 5.342076449418828865e-01 9.072073490326499901e-01 4.447020082682245357e-01 2.895700145626244337e-01 1.348536336083401288e-01 8.307382930514222164e-01 8.212907905811225318e-01 7.301379486474481872e-01 8.091733102373246389e-01 4.450643605687837345e-01 9.492059557391965274e-01 5.065694487833598547e-01 5.099890017228676520e-01 4.854922399154738555e-01 7.568029873079089587e-01 2.944319272318051128e-01 4.275416342832802363e-01 4.047003334751726467e-01 6.741064993870038435e-01 2.235304803036691212e-01 7.240464426679473764e-01
8.559246296636561224e-01 3.779161769761130718e-01 3.140408882459727047e-01 5.954540014081745047e-01 9.091839704639155251e-01 8.704307278297763739e-01 3.934066723068332383e-01 2.793483575133721697e-01 2.813287934021839742e-01 4.435431963114760956e-01 4.768881840337285682e-01 5.376162043050285444e-01 0.000000000000000000e+00 8.841088030899422190e-01 5.366304710091962527e-01 5.069919076158222460e-01 9.607565843233254466e-01 7.401955714206986947e-01 7.377447792584723718e-01 4.468545717697019470e-01 2.216819277743434791e-01 7.476609179406334960e-02 1.234949708191427353e-01 4.146368837053230894e-01 6.381213449889862055e-01 6.391914145680673842e-01 1.204114300941102611e-01 2.293679070312661938e-01 2.369497668192731554e-01 1.125163461913918361e-01 5.169208706322820923e-01 2.805136560875297613e-01 5.661239837613031289e-01 4.264025378898202434e-01 8.176655794822499379e-01
9.069780841509582636e-01 6.565381485858095001e-01 6.431460272301361414e-01 8.023685942772875723e-01 9.518179950283358615e-01 5.640520312191600327e-01 5.360167383861657031e-01 9.218582883972832320e-01 2.468300753871431885e-01 2.849379886018424957e-01 6.820020527199144311e-01 5.043180930374584481e-01 8.841088030899422190e-01 0.000000000000000000e+00 7.845129957699668033e-01 1.376099401075644435e-01 5.207373502049124081e-01 4.598405503303406583e-01 2.016803416059432807e-01 3.898081188442191758e-01 4.675923649113266634e-01 9.492788180220292915e-01 6.187365452023156909e-01 6.304783503048410065e-01 4.797620485395959755e-01 6.464242326541724815e-02 6.064762937606473781e-01 3.386040275173424763e-01 7.189621177133438401e-01 1.499739592828936985e-01 6.616514281738883341e-01 7.267772890959045551e-01 5.045523265679434655e-01 2.008234161614013691e-01 5.221584677692172605e-01
3.950060268405042319e-01 4.948970956602587457e-01 7.453448875034274224e-01 9.569755953538483517e-02 8.238140801071405228e-01 5.780425281522927339e-02 8.920407654658009111e-01 2.503564953472851018e-01 4.934173498255280954e-01 6.064748539786080084e-01 8.232982995828419526e-02 5.342076449418828865e-01 5.366304710091962527e-01 7.845129957699668033e-01 0.000000000000000000e+00 6.531369054134453789e-01 3.831694705855153149e-01 3.704184141812517095e-01 7.736701434729785776e-01 2.675790738995280638e-01 6.344289736995318840e-01 4.162806360291003149e-01 4.445303254951408767e-01 6.651624128401443237e-01 1.720479580352904936e-01 5.703801199201161687e-01 3.232691838651577942e-01 5.434501342645698951e-01 3.078832501669286348e-01 5.449615529785813983e-01 2.223197292009365666e-01 6.438657718181386436e-01 4.938037400293211476e-01 1.917154711218788110e-01 3.803189695933145709e-01
9.249114789260781677e-01 4.540204440428032839e-01 5.469390060549932375e-01 5.013114321774320148e-01 8.034951527099871704e-01 6.519252920519522654e-01 7.267543152123498995e-01 6.762701553001576604e-01 4.789613544270280299e-01 2.639054016534071456e-01 7.317540219528506640e-01 9.072073490326499901e-01 5.069919076158222460e-01 1.376099401075644435e-01 6.531369054134453789e-01 0.000000000000000000e+00 4.814945579659543062e-01 9.976618009848570168e-02 9.550700719756053392e-01 8.984766735883107369e-01 9.213571454124485083e-01 5.353782962248196942e-01 4.857171112207111507e-01 5.431432325950578122e-01 5.937873581394080835e-01 7.160312643262292109e-01 8.304244963903173460e-02 4.482199268444975737e-01 5.439101391253178264e-01 6.232182920276280180e-01 6.549770529379578266e-01 8.572528866620920951e-02 8.867235984025612083e-01 6.322188276145576102e-01 4.685670693469262127e-01
4.816322360553957904e-01 7.147272263527861824e-01 2.909698221359641734e-01 7.354218206261264879e-02 4.160504503575817581e-01 7.634398557641633998e-01 5.805038349042639378e-01 7.389986036448655815e-01 1.988566794131867432e-01 9.376151059892101625e-01 5.406733618210323167e-01 4.447020082682245357e-01 9.607565843233254466e-01 5.207373502049124081e-01 3.831694705855153149e-01 4.814945579659543062e-01 0.000000000000000000e+00 1.695688185430018757e-01 4.785586529873580020e-01 1.096268199718607450e-01 1.489285704118349374e-01 4.000270421986493741e-01 5.911996273297288607e-01 5.358320832373140163e-01 4.851013032284104964e-01 5.355346099012595618e-01 8.663679474747343345e-01 7.422160970017954718e-01 1.848576308137767077e-01 5.531318207140818455e-01 8.352246432038805679e-01 5.431219184724193072e-01 6.632417380019868247e-01 1.546909484367627874e-01 2.066090631791002163e-01
1.506634683248089246e-01 5.818004339086795262e-01 2.391892030306005390e-01 8.244371533776914118e-01 6.830621990362693019e-01 5.773424738365511288e-01 3.978600101988867266e-01 5.650676961267186993e-02 8.905791516928035501e-01 5.690050213222016540e-01 4.255806405404249926e-01 2.895700145626244337e-01 7.401955714206986947e-01 4.598405503303406583e-01 3.704184141812517095e-01 9.976618009848570168e-02 1.695688185430018757e-01 0.000000000000000000e+00 4.987682119823340088e-01 5.115642158898052738e-01 1.689793473988039363e-01 7.397545488496944932e-01 7.201410711743740922e-01 3.022720044401951967e-01 8.556144811740218348e-01 1.367899735711500808e-01 3.061643603687139170e-01 7.480292317880430364e-01 5.589018385466371086e-01 4.817538895082771333e-01 4.678526502077546834e-01 5.660436080431443528e-01 5.847622660581881515e-01 6.311041322052470814e-01 1.843134120137274179e-01
5.985431065861881450e-01 4.992993962237887162e-01 3.465123294355613170e-01 5.690233304380309942e-01 1.670531368263978855e-01 4.560806087136369813e-01 5.331689906465215678e-01 2.364685817322587091e-01 7.104075182145601630e-01 4.648379264074071204e-01 5.086757245821547091e-01 1.348536336083401288e-01 7.377447792584723718e-01 2.016803416059432807e-01 7.736701434729785776e-01 9.550700719756053392e-01 4.785586529873580020e-01 4.987682119823340088e-01 0.000000000000000000e+00 1.743021536592364029e-01 9.057389075996791217e-01 7.821347793097404022e-01 5.479887575329784877e-01 1.737660831007596940e-01 2.338744204365567070e-02 6.039459105903838276e-01 8.039728502065821569e-01 3.342049604831540677e-01 6.130499944634498766e-01 4.600777971573791758e-01 4.284736296562490221e-01 4.557218228895091872e-01 3.451393730665492376e-01 2.921935104953986562e-01 3.344008907646419670e-01
7.928077564141602362e-01 4.801707941587241568e-01 1.879127194491519992e-01 3.906891537280481330e-01 9.343727829643644345e-01 4.194940160815828767e-01 4.665720621789953837e-01 6.124251866219303508e-01 1.499151729505757702e-01 5.951509908570431495e-01 7.689320224047500041e-01 8.307382930514222164e-01 4.468545717697019470e-01 3.898081188442191758e-01 2.675790738995280638e-01 8.984766735883107369e-01 1.096268199718607450e-01 5.115642158898052738e-01 1.743021536592364029e-01 0.000000000000000000e+00 2.846121409606482411e-01 9.238212506260332635e-01 3.611081907346356257e-01 5.586158133482258537e-01 6.437768118899901415e-01 7.129915228763873403e-01 4.630371057324798034e-01 6.853558636382369729e-01 2.424361020822110024e-01 4.433112076513108790e-01 1.905276055919710165e-01 4.289359703078651220e-01 4.748436283145716086e-01 6.182812725903567008e-01 1.666550366024200924e-01
2.570516852355053672e-01 4.781819327219573035e-01 4.682417412728085981e-01 4.057392089784724876e-01 4.005103522797742732e-01 1.937215577584651127e-01 4.049468580812956020e-01 4.491840563392939245e-01 5.692601494182822908e-01 4.948691198040424677e-01 8.616288032406769215e-01 8.212907905811225318e-01 2.216819277743434791e-01 4.675923649113266634e-01 6.344289736995318840e-01 9.213571454124485083e-01 1.489285704118349374e-01 1.689793473988039363e-01 9.057389075996791217e-01 2.846121409606482411e-01 0.000000000000000000e+00 4.000293004832088384e-01 6.604510720044605154e-01 6.129639954861577644e-01 6.449461783707256535e-01 4.868409136764003664e-01 6.351994410507895150e-01 6.397823831767095459e-01 2.653273548434121887e-01 1.776305216594822323e-01 5.424721171215404203e-01 6.441279670980227801e-01 2.211710304341349964e-01 2.272762152253899881e-01 7.489977979622699511e-01
8.629472010430065954e-01 5.098129071856977168e-01 4.693623781464173472e-01 8.159062689939045043e-01 3.925673448710376712e-01 7.235622306718800800e-01 5.214475245290119965e-01 2.339392484153622886e-01 8.328947605347347682e-01 1.241869233410558548e-01 5.471431941427526979e-01 7.301379486474481872e-01 7.476609179406334960e-02 9.492788180220292915e-01 4.162806360291003149e-01 5.353782962248196942e-01 4.000270421986493741e-01 7.397545488496944932e-01 7.821347793097404022e-01 9.238212506260332635e-01 4.000293004832088384e-01 0.000000000000000000e+00 7.235588980292371186e-01 4.974793645831342426e-01 6.032400555063652803e-01 8.531944563654025870e-02 3.996035131216716385e-01 9.188936632003563698e-01 4.769301562583455611e-01 7.495187307772642749e-01 3.861563547047530687e-01 6.368978463712139382e-01 5.136573003789112191e-01 8.808664169875550787e-01 4.230711501127233376e-01
5.532265946114068855e-01 3.629342681750842292e-01 4.726607315437416079e-01 4.048242581587397915e-01 8.386673609544736951e-01 4.742139900028035648e-01 5.176433462107650207e-01 2.862852193018363689e-01 5.620446188788426056e-01 6.107694063264148543e-01 5.975048662978532654e-01 8.091733102373246389e-01 1.234949708191427353e-01 6.187365452023156909e-01 4.445303254951408767e-01 4.857171112207111507e-01 5.911996273297288607e-01 7.201410711743740922e-01 5.479887575329784877e-01 3.611081907346356257e-01 6.604510720044605154e-01 7.235588980292371186e-01 0.000000000000000000e+00 4.993528800352039498e-01 6.608594867108412707e-01 8.419596267947260237e-01 6.073528962132451747e-01 2.785897874750664638e-02 3.717749066057193796e-01 8.684876810350332654e-01 6.185099853854120200e-01 4.567342428796049569e-01 4.414937090194137603e-02 9.864037501853761825e-01 3.647256887464457309e-01
5.184956684040499253e-01 9.073466771749640891e-01 6.111134516191507604e-01 5.486811048616850872e-01 5.543116509773540201e-01 8.623139490752675940e-01 6.754254065953615438e-01 4.422471347686491860e-01 5.639043428233478927e-01 5.965886853724633454e-01 4.719052211860183532e-01 4.450643605687837345e-01 4.146368837053230894e-01 6.304783503048410065e-01 6.651624128401443237e-01 5.431432325950578122e-01 5.358320832373140163e-01 3.022720044401951967e-01 1.737660831007596940e-01 5.586158133482258537e-01 6.129639954861577644e-01 4.974793645831342426e-01 4.993528800352039498e-01 0.000000000000000000e+00 4.995789703131263693e-01 9.562069703841837853e-01 8.656024464144627117e-01 9.176533152218426803e-01 9.188505367327612916e-01 8.791400408723126780e-02 7.966759354298100781e-01 3.182735657372777194e-01 9.264971313190080160e-01 4.809003814860115522e-01 1.606288702956546466e-01
5.531277012344815169e-01 7.117424604584335901e-01 2.111363141669245769e-01 2.925453946836464869e-02 7.877024299003581032e-01 4.865667382732319357e-02 7.559241276203283455e-01 5.027757575705105175e-01 7.556409380958200028e-01 4.530495590674786799e-01 1.284034392037045613e-01 9.492059557391965274e-01 6.381213449889862055e-01 4.797620485395959755e-01 1.720479580352904936e-01 5.937873581394080835e-01 4.851013032284104964e-01 8.556144811740218348e-01 2.338744204365567070e-02 6.437768118899901415e-01 6.449461783707256535e-01 6.032400555063652803e-01 6.608594867108412707e-01 4.995789703131263693e-01 0.000000000000000000e+00 2.681181854554888222e-01 2.420999536802959096e-01 2.142510180366787864e-01 6.880945599875987195e-02 1.990567942496380693e-01 3.509986846281771822e-01 4.857767289291494706e-01 4.441200167193420922e-01 3.484994129547550612e-01 3.670690125905197720e-01
5.084001728118032748e-01 7.597894902075694734e-01 6.072684949483611039e-01 6.578468271161164171e-01 6.093230261891159349e-01 4.554739738019097928e-01 4.104600584380057593e-01 4.217160024107418081e-01 6.561289430635088848e-01 8.749087639742298972e-01 5.943134418347859604e-01 5.065694487833598547e-01 6.391914145680673842e-01 6.464242326541724815e-02 5.703801199201161687e-01 7.160312643262292109e-01 5.355346099012595618e-01 1.367899735711500808e-01 6.039459105903838276e-01 7.129915228763873403e-01 4.868409136764003664e-01 8.531944563654025870e-02 8.419596267947260237e-01 9.562069703841837853e-01 2.681181854554888222e-01 0.000000000000000000e+00 7.463918395096075242e-01 7.879819951413752355e-01 4.134135565869381246e-01 3.068994422618016582e-01 5.397870444127410572e-01 9.107871647177689933e-01 5.157032521061801766e-01 6.281413398573911788e-01 6.227361689513319920e-01
5.228828759824073469e-01 6.577536764949625248e-01 2.495801238911646291e-01 8.492162018600483142e-01 4.352892139643176339e-01 3.694053284751246391e-01 5.347432174027602070e-01 2.262771543143766717e-01 9.008645398567591833e-01 6.576331174416614189e-01 1.520674631194551818e-02 5.099890017228676520e-01 1.204114300941102611e-01 6.064762937606473781e-01 3.232691838651577942e-01 8.304244963903173460e-02 8.663679474747343345e-01 3.061643603687139170e-01 8.039728502065821569e-01 4.630371057324798034e-01 6.351994410507895150e-01 3.996035131216716385e-01 6.073528962132451747e-01 8.656024464144627117e-01 2.420999536802959096e-01 7.463918395096075242e-01 0.000000000000000000e+00 7.586271856251822765e-01 8.618666604195244219e-01 2.632498440438271192e-01 2.477454624102549685e-01 4.928239482806531790e-01 5.995462441132033415e-01 1.683746634106804141e-01 7.610192591731163025e-01
1.221178737078448817e-01 7.422717702947755347e-01 2.796440427061382961e-01 5.014987200805134382e-01 6.240283442777470047e-01 6.557287470909611837e-01 5.642557822565767989e-01 1.933352529623206251e-01 2.520625428356335629e-01 5.166217619770542280e-01 7.581035308080534829e-01 4.854922399154738555e-01 2.293679070312661938e-01 3.386040275173424763e-01 5.434501342645698951e-01 4.482199268444975737e-01 7.422160970017954718e-01 7.480292317880430364e-01 3.342049604831540677e-01 6.853558636382369729e-01 6.397823831767095459e-01 9.188936632003563698e-01 2.785897874750664638e-02 9.176533152218426803e-01 2.142510180366787864e-01 7.879819951413752355e-01 7.586271856251822765e-01 0.000000000000000000e+00 7.067476100532249506e-01 1.525557189385500223e-01 7.677906685894830829e-01 1.061845098949255606e-01 7.797917199811889022e-01 4.230575505960047500e-01 5.579556399473122319e-01
5.353974315251591731e-01 2.486885814025182606e-01 6.085755288232828075e-01 8.875644990308571014e-01 9.139209087341797488e-01 4.622168068766929760e-02 5.222668659936974267e-01 8.530375693184364394e-01 4.527983773970665204e-01 5.794971075412462813e-01 3.529525368628798621e-01 7.568029873079089587e-01 2.369497668192731554e-01 7.189621177133438401e-01 3.078832501669286348e-01 5.439101391253178264e-01 1.848576308137767077e-01 5.589018385466371086e-01 6.130499944634498766e-01 2.424361020822110024e-01 2.653273548434121887e-01 4.769301562583455611e-01 3.717749066057193796e-01 9.188505367327612916e-01 6.880945599875987195e-02 4.134135565869381246e-01 8.618666604195244219e-01 7.067476100532249506e-01 0.000000000000000000e+00 3.237835369430047683e-01 4.448540322104974631e-01 7.206151866320255062e-01 7.732163758520886887e-01 4.444080206461128446e-01 4.661771443584613595e-01
9.329950772488844191e-01 4.778739127739098369e-01 8.359319240921975203e-01 5.858578221867454250e-01 1.235119491874515640e-01 5.563241366910472996e-01 4.668705253725250470e-01 5.007150555594908070e-01 5.333394221448856110e-01 6.565798759295885523e-01 2.303312659647572813e-01 2.944319272318051128e-01 1.125163461913918361e-01 1.499739592828936985e-01 5.449615529785813983e-01 6.232182920276280180e-01 5.531318207140818455e-01 4.817538895082771333e-01 4.600777971573791758e-01 4.433112076513108790e-01 1.776305216594822323e-01 7.495187307772642749e-01 8.684876810350332654e-01 8.791400408723126780e-02 1.990567942496380693e-01 3.068994422618016582e-01 2.632498440438271192e-01 1.525557189385500223e-01 3.237835369430047683e-01 0.000000000000000000e+00 2.142324712326257874e-01 8.294725153937267947e-01 3.923476164163496316e-01 2.498628827426758736e-01 6.072608479570007489e-01
8.238881776957429626e-01 5.770762210735407294e-01 6.118864148346452314e-01 8.712906334020151800e-01 6.753271153615689748e-01 3.108689613540910335e-01 5.072652250713475253e-01 8.148313373621671740e-01 3.102740105555788497e-01 4.977636467910901974e-01 1.323453201950173241e-01 4.275416342832802363e-01 5.169208706322820923e-01 6.616514281738883341e-01 2.223197292009365666e-01 6.549770529379578266e-01 8.352246432038805679e-01 4.678526502077546834e-01 4.284736296562490221e-01 1.905276055919710165e-01 5.424721171215404203e-01 3.861563547047530687e-01 6.185099853854120200e-01 7.966759354298100781e-01 3.509986846281771822e-01 5.397870444127410572e-01 2.477454624102549685e-01 7.677906685894830829e-01 4.448540322104974631e-01 2.142324712326257874e-01 0.000000000000000000e+00 1.721809616506961849e-01 5.875183166930667555e-01 4.253422189413132992e-01 5.750125002965860155e-01
5.185330806468697595e-01 6.276941301077544333e-01 4.170754552101523793e-01 2.406463691209780320e-01 2.301984382722400135e-01 7.044891136803352882e-01 5.570010101016202864e-01 4.480982000623924266e-01 2.958534993751305020e-02 4.456649941456939934e-01 4.420593382579233732e-01 4.047003334751726467e-01 2.805136560875297613e-01 7.267772890959045551e-01 6.438657718181386436e-01 8.572528866620920951e-02 5.431219184724193072e-01 5.660436080431443528e-01 4.557218228895091872e-01 4.289359703078651220e-01 6.441279670980227801e-01 6.368978463712139382e-01 4.567342428796049569e-01 3.182735657372777194e-01 4.857767289291494706e-01 9.107871647177689933e-01 4.928239482806531790e-01 1.061845098949255606e-01 7.206151866320255062e-01 8.294725153937267947e-01 1.721809616506961849e-01 0.000000000000000000e+00 5.902566809370325407e-01 3.626278516826932918e-01 5.829807550188395027e-01
7.548469206578827251e-01 6.219909877473339677e-01 4.732506447284396955e-01 8.178520308639249947e-01 6.742319917161863074e-01 4.031923107383055260e-01 8.979715036765485436e-01 3.231892684021138162e-01 1.435341471327932217e-01 4.289776224119914438e-01 8.384517364345910329e-01 6.741064993870038435e-01 5.661239837613031289e-01 5.045523265679434655e-01 4.938037400293211476e-01 8.867235984025612083e-01 6.632417380019868247e-01 5.847622660581881515e-01 3.451393730665492376e-01 4.748436283145716086e-01 2.211710304341349964e-01 5.136573003789112191e-01 4.414937090194137603e-02 9.264971313190080160e-01 4.441200167193420922e-01 5.157032521061801766e-01 5.995462441132033415e-01 7.797917199811889022e-01 7.732163758520886887e-01 3.923476164163496316e-01 5.875183166930667555e-01 5.902566809370325407e-01 0.000000000000000000e+00 1.736658568623392629e-01 8.951156590406346147e-01
6.837399569194401172e-01 5.579825382928027544e-01 4.411462669018226812e-01 2.014860184163312362e-01 3.261577834328149295e-01 1.219715934964005766e-01 2.321669760649444081e-01 7.237368880259801296e-01 9.479588880908802473e-01 3.404950090947694852e-01 4.914351565894590768e-01 2.235304803036691212e-01 4.264025378898202434e-01 2.008234161614013691e-01 1.917154711218788110e-01 6.322188276145576102e-01 1.546909484367627874e-01 6.311041322052470814e-01 2.921935104953986562e-01 6.182812725903567008e-01 2.272762152253899881e-01 8.808664169875550787e-01 9.864037501853761825e-01 4.809003814860115522e-01 3.484994129547550612e-01 6.281413398573911788e-01 1.683746634106804141e-01 4.230575505960047500e-01 4.444080206461128446e-01 2.498628827426758736e-01 4.253422189413132992e-01 3.626278516826932918e-01 1.736658568623392629e-01 0.000000000000000000e+00 6.017072926262787558e-01
3.928706792465088693e-01 3.899031847344252011e-01 9.447880118402418592e-01 1.129592232182686784e-01 4.771663486088634221e-01 1.712261451387523392e-01 3.404586134118596785e-01 5.090534873040729602e-01 1.475692488812614389e-01 3.708586523067118890e-01 4.807874095116648205e-01 7.240464426679473764e-01 8.176655794822499379e-01 5.221584677692172605e-01 3.803189695933145709e-01 4.685670693469262127e-01 2.066090631791002163e-01 1.843134120137274179e-01 3.344008907646419670e-01 1.666550366024200924e-01 7.489977979622699511e-01 4.230711501127233376e-01 3.647256887464457309e-01 1.606288702956546466e-01 3.670690125905197720e-01 6.227361689513319920e-01 7.610192591731163025e-01 5.579556399473122319e-01 4.661771443584613595e-01 6.072608479570007489e-01 5.750125002965860155e-01 5.829807550188395027e-01 8.951156590406346147e-01 6.017072926262787558e-01 0.000000000000000000e+00
