0.000000000000000000e+00 4.258469531628175098e-01 7.596779006981337901e-01 5.749752186741781124e-01 3.944391401440704992e-01 6.441520811032775962e-01 4.101715398910512622e-01 5.591315365382267810e-01 5.241816586157552749e-01 5.715808173942318327e-01 8.295888427918562957e-01 6.703075390947663692e-01 3.748171682865665821e-01 5.552614273248139831e-01 4.378213059647200756e-01 4.574848061045537206e-01 4.176038025440451662e-01 3.909189672396716775e-01 5.647392069795029723e-01 8.742618311335361714e-01 7.700006337488867203e-01 1.418752397326960013e-01 2.592872406001477947e-01 6.470152382866993790e-01 7.112903786998636679e-01 6.963762239744862859e-01 4.122765880325818810e-01 1.414529092757154105e-01 5.791014088729220521e-01 3.115682453867222312e-01 6.004674515042418559e-01 5.281701718905700282e-01 2.251826232021311158e-01 8.754772381395975467e-01 3.632311635077958289e-01
4.258469531628175098e-01 0.000000000000000000e+00 6.538566263361412778e-01 5.392548638403629191e-01 7.598029494336915324e-01 2.313142507028664863e-02 6.292805213970862344e-01 3.939017154298518619e-01 4.202181025641954504e-01 4.583559484278537099e-01 4.664642793370039620e-01 8.092034860510175509e-01 8.817017702036835658e-01 4.856050924553872439e-01 3.243143147616748267e-01 7.005960750950923632e-01 5.257196143400552080e-01 4.859946611729492050e-01 4.430190598141044989e-01 1.537173149222553770e-01 2.963453333995492711e-01 4.603386084801330824e-02 2.670082885746122292e-01 5.798307594037424018e-01 1.105667820489567577e-01 2.425407755828875578e-01 4.527366951905630321e-01 6.457424842831207545e-01 4.548992166200509502e-01 2.753521532893755119e-01 6.149914750299244615e-01 9.010091253422669588e-02 2.641832777894208562e-01 1.870238563496118278e-01 6.228948100270458310e-01
7.596779006981337901e-01 6.538566263361412778e-01 0.000000000000000000e+00 5.153893622030228938e-01 6.454168867713131474e-01 4.758891538741614746e-01 5.101628020341610892e-01 4.115245110718350752e-01 6.724033228552386277e-01 1.885189004271955460e-01 6.058730719289474598e-01 4.413709636887365173e-01 6.382487217405702351e-01 3.314045710128464828e-01 6.064641430773199948e-01 3.592166452453410264e-01 5.346413400535736660e-01 5.429067397474731660e-01 4.918687376550476276e-01 2.340612899475144060e-01 3.329889364040293787e-01 4.229523166323133632e-01 7.544124914436123319e-03 5.872066203562794628e-01 4.524099778720555021e-01 7.901526935387140904e-01 7.267514119719111765e-01 2.228200546632120860e-01 4.484260252493424970e-01 5.573025881645380375e-01 3.844513446145257918e-01 8.808302690783094135e-01 5.631724719356210329e-01 5.026604385480237802e-01 4.219337829243032245e-01
5.749752186741781124e-01 5.392548638403629191e-01 5.153893622030228938e-01 0.000000000000000000e+00 1.487606758936127482e-01 8.688475278464898865e-01 3.818119557607646541e-01 2.377508366467545875e-01 2.581419936612365795e-01 1.401487925048578997e-01 4.658214207799866169e-01 3.654948152398875272e-01 4.516843061297037276e-01 6.144596760061777907e-01 6.357802573486840414e-01 3.828104091650180729e-01 6.785926483341526705e-01 6.554683668962498766e-01 7.131924058910168451e-01 6.731573044627249258e-01 4.190112073151878724e-01 9.486736939902045140e-01 2.814122903965587952e-01 1.665056218543861100e-01 3.344947344203735851e-01 6.648927829816835278e-01 7.770440622784284823e-01 4.578815925401055753e-01 3.269166009252789662e-01 4.850631283182160192e-01 5.465473341728268597e-01 3.654859769617573306e-01 2.889581258350625292e-01 2.899652591235349908e-01 3.511714317692834486e-01
3.944391401440704992e-01 7.598029494336915324e-01 6.454168867713131474e-01 1.487606758936127482e-01 0.000000000000000000e+00 4.493810895156158391e-01 3.069306575131176551e-01 4.511932774393452861e-01 7.436296866542706496e-01 4.024965911604735380e-01 7.023470180559586717e-01 2.670824938531153325e-01 5.005857851658116475e-01 4.716668151909525486e-01 8.111214109564783836e-01 6.027208358608959760e-01 4.861615210398266274e-01 7.343047269356215434e-01 1.910898086844862176e-01 5.626928697139329527e-01 7.926176656888206384e-01 5.999176213208934350e-01 4.903988508671112134e-01 7.492467181316672109e-01 3.578160829757673911e-01 1.326661494690735132e-01 6.454296067914244706e-01 4.052351234752566422e-01 4.044906877802689760e-01 4.523412755724631196e-01 3.563441951331716151e-01 7.995089836707429676e-01 3.158026173740097198e-01 5.035495775696139376e-01 2.804926717500866307e-01
6.441520811032775962e-01 2.313142507028664863e-02 4.758891538741614746e-01 8.688475278464898865e-01 4.493810895156158391e-01 0.000000000000000000e+00 3.493724087388864197e-01 5.960729078192419372e-01 5.698794233874844295e-01 7.686703564949701750e-01 7.714593540447458597e-01 4.462200290055245433e-01 3.479431591142981839e-01 8.311963612003001600e-01 4.307358758336723992e-01 6.911365835471150465e-02 8.331614953231697429e-01 4.951016990547210672e-01 7.220683468621472700e-01 3.070804080508593437e-01 2.283785513508469478e-01 5.074387061476302030e-01 7.800773712120930847e-01 5.937663523024711010e-01 1.715624432518045861e-01 3.947420809968418820e-01 3.229180295420778224e-01 6.429701178846518594e-01 6.272325539538082806e-01 2.413848797843877181e-01 2.556893175859917267e-01 5.494078360216889667e-01 7.638965005371924910e-01 5.660630973120814868e-01 1.018735561737869055e-01
4.101715398910512622e-01 6.292805213970862344e-01 5.101628020341610892e-01 3.818119557607646541e-01 3.069306575131176551e-01 3.493724087388864197e-01 0.000000000000000000e+00 5.310720958686860893e-01 1.766927636558619508e-01 2.076469932983595612e-01 2.995263553563807246e-01 2.922826379464092961e-01 5.291601927025333385e-01 7.646110698167165598e-01 4.229430926278234248e-01 7.894016941913668539e-01 2.349827603420133748e-01 3.638953608061018530e-02 3.719735723179155018e-01 5.056849005629225902e-01 6.957502698778406103e-01 4.028836314786740092e-01 4.065763688375079177e-02 8.997733500819462549e-01 8.148948164686865558e-01 5.905543225655808248e-01 3.216723421264992000e-01 7.566346391377463121e-01 4.892424365409511200e-01 1.853989739654435809e-01 8.747545385803348061e-01 3.540149691827520484e-01 8.539116982578469628e-01 4.932718958525477149e-01 2.152605656013305002e-01
5.591315365382267810e-01 3.939017154298518619e-01 4.115245110718350752e-01 2.377508366467545875e-01 4.511932774393452861e-01 5.960729078192419372e-01 5.310720958686860893e-01 0.000000000000000000e+00 7.210190630212968133e-01 6.624149190481629645e-01 7.870856523355381773e-01 5.524822310961459149e-01 7.869089593059391818e-01 7.945615434882233874e-01 5.146145861791333598e-01 1.797330676907030744e-01 7.940679553626502907e-01 5.030865293496734614e-01 4.397190824773778428e-01 4.806038720240127238e-01 5.048731123928762443e-01 7.776843479107258261e-01 4.048785800687073055e-01 5.582220793181721374e-01 7.755232650440081477e-01 4.052618053055082048e-01 4.568893837821796922e-02 3.452452115187419901e-01 6.425652334808642507e-01 6.603930271447226996e-01 6.541965450154882955e-01 5.994919410203445320e-01 4.848469260295256711e-01 6.036743803922480778e-01 4.813100681641472312e-01
5.241816586157552749e-01 4.202181025641954504e-01 6.724033228552386277e-01 2.581419936612365795e-01 7.436296866542706496e-01 5.698794233874844295e-01 1.766927636558619508e-01 7.210190630212968133e-01 0.000000000000000000e+00 1.884919827147992777e-01 5.742205993739282199e-01 5.782405440291205068e-01 5.743584655099204239e-01 1.644534018494681060e-01 3.164885784062049789e-01 6.400779922718631276e-01 3.592661635671796083e-01 8.609542953609904403e-01 6.358472985744837436e-01 3.353971368084092131e-01 2.129557804897528328e-01 5.436481798392539533e-01 3.358869395730798013e-01 5.755565472635728597e-01 4.300434091795164449e-01 5.646867526573180474e-01 4.427600138680589659e-01 5.465229272458638210e-01 1.209925668543786470e-01 7.175980981209573173e-01 4.537231068537892487e-01 3.296166279113600384e-01 8.250934743671212157e-01 6.132441381656872359e-01 7.839712634826336846e-01
5.715808173942318327e-01 4.583559484278537099e-01 1.885189004271955460e-01 1.401487925048578997e-01 4.024965911604735380e-01 7.686703564949701750e-01 2.076469932983595612e-01 6.624149190481629645e-01 1.884919827147992777e-01 0.000000000000000000e+00 5.283026196274315245e-01 4.518775882312495162e-01 6.265083135085871557e-01 4.005156327550787321e-01 8.271714438488106946e-01 1.225226416672172691e-01 6.328466320412826640e-01 3.445072937787545531e-01 8.251886841568509823e-01 5.376646211139850529e-01 6.247253706888866720e-01 7.231324201506437177e-01 8.147914142002921079e-01 2.223134570250219211e-01 8.457933226693389317e-01 5.374050142196477031e-01 7.254741288603023808e-01 6.772496899911784052e-01 2.915275441090443009e-01 5.947520882801121678e-01 6.761884575982910484e-01 4.999073021564657271e-01 6.783097317708588481e-01 7.280179815743732519e-01 2.376881836290638539e-01
8.295888427918562957e-01 4.664642793370039620e-01 6.058730719289474598e-01 4.658214207799866169e-01 7.023470180559586717e-01 7.714593540447458597e-01 2.995263553563807246e-01 7.870856523355381773e-01 5.742205993739282199e-01 5.283026196274315245e-01 0.000000000000000000e+00 9.471948039729205515e-02 7.224584673110632238e-01 1.842715392494188587e-01 4.525167762363067059e-01 6.756501985802974009e-01 6.557213748240092732e-01 5.630685460714601742e-01 9.690828266415087988e-01 4.742673011836250341e-01 6.813319951655698592e-01 2.399035893865946178e-01 7.052274341831494819e-01 7.992813352960892459e-01 2.754706586073930596e-01 5.553661100437510267e-01 5.802513241056803661e-01 4.719541659653118115e-01 4.545487837424686539e-01 7.390540453161692502e-01 5.521007762763443516e-01 3.645159429374922322e-01 4.736068265526365839e-01 4.942279473171666826e-01 4.511076867678880387e-01
6.703075390947663692e-01 8.092034860510175509e-01 4.413709636887365173e-01 3.654948152398875272e-01 2.670824938531153325e-01 4.462200290055245433e-01 2.922826379464092961e-01 5.524822310961459149e-01 5.782405440291205068e-01 4.518775882312495162e-01 9.471948039729205515e-02 0.000000000000000000e+00 9.245021214856803393e-01 5.151756913189013964e-01 7.010627963616451463e-01 5.781195081103686073e-01 7.124353644920745632e-01 5.534708864715036647e-01 3.956653685640957319e-01 6.483667075299790472e-01 3.487632996568766908e-01 6.188842809166135162e-01 4.061840266445937986e-01 4.258181890340658748e-01 2.680324395712868624e-01 7.199282004096939636e-01 4.144437245685114179e-01 3.878306044421824250e-01 4.317866533885612035e-01 3.705137626500623615e-01 4.785986209886456400e-01 6.091836362091345158e-01 5.735205601032440370e-01 6.571264831209366886e-02 5.866544865416629673e-01
3.748171682865665821e-01 8.817017702036835658e-01 6.382487217405702351e-01 4.516843061297037276e-01 5.005857851658116475e-01 3.479431591142981839e-01 5.291601927025333385e-01 7.869089593059391818e-01 5.743584655099204239e-01 6.265083135085871557e-01 7.224584673110632238e-01 9.245021214856803393e-01 0.000000000000000000e+00 6.804299563001303675e-01 5.027253167448767490e-01 3.453775393997515208e-01 4.626977236656589776e-01 5.307698919005587879e-01 5.158769126032055619e-01 5.033195051551007104e-01 1.348781451667002695e-01 2.548871515002806287e-01 7.031809330901417354e-01 7.393404392040949791e-01 3.159871443566770743e-01 2.405906689431868140e-01 6.774147583276217688e-01 1.111558853349327025e-01 8.411578444895861928e-02 8.684159041028356452e-01 4.192931292526375642e-01 7.569025915074940603e-01 3.471230403956788169e-01 5.089769730256820113e-01 2.536794662694965563e-01
5.552614273248139831e-01 4.856050924553872439e-01 3.314045710128464828e-01 6.144596760061777907e-01 4.716668151909525486e-01 8.311963612003001600e-01 7.646110698167165598e-01 7.945615434882233874e-01 1.644534018494681060e-01 4.005156327550787321e-01 1.842715392494188587e-01 5.151756913189013964e-01 6.804299563001303675e-01 0.000000000000000000e+00 8.013365725520862348e-01 6.836487424640660393e-01 4.955372193600166009e-01 6.168186003167055453e-01 6.004350940634448630e-01 6.587197487625499059e-01 7.692307761706804747e-01 2.626571564272008885e-01 1.858782264345189006e-01 3.276077967810393510e-01 5.523204860604271627e-01 2.036001492929552237e-01 5.421176675431547132e-01 3.936188377635603253e-01 5.301566675463504907e-01 8.004607257310873969e-01 4.901701110556444529e-01 4.770114815328684865e-01 4.354486590451150385e-01 8.436874848349362743e-02 2.182219975743210361e-01
4.378213059647200756e-01 3.243143147616748267e-01 6.064641430773199948e-01 6.357802573486840414e-01 8.111214109564783836e-01 4.307358758336723992e-01 4.229430926278234248e-01 5.146145861791333598e-01 3.164885784062049789e-01 8.271714438488106946e-01 4.525167762363067059e-01 7.010627963616451463e-01 5.027253167448767490e-01 8.013365725520862348e-01 0.000000000000000000e+00 6.053626585032971796e-01 1.200972032404004075e-01 6.310704591158469157e-01 5.245816059287822242e-01 1.407391373091536613e-01 5.585666323676794498e-01 5.781992708146970195e-01 3.586279746909825095e-01 1.483077313508141537e-01 5.481929137113163986e-01 4.664895008971882695e-01 9.261360416826717179e-01 5.530221387422677992e-01 5.737039727275093925e-01 5.943368878080106388e-01 6.722550583136852609e-01 5.033065276689308032e-01 5.821445952810071489e-01 4.607358096177135431e-01 5.042635372671688820e-01
4.574848061045537206e-01 7.005960750950923632e-01 3.592166452453410264e-01 3.828104091650180729e-01 6.027208358608959760e-01 6.911365835471150465e-02 7.894016941913668539e-01 1.797330676907030744e-01 6.400779922718631276e-01 1.225226416672172691e-01 6.756501985802974009e-01 5.781195081103686073e-01 3.453775393997515208e-01 6.836487424640660393e-01 6.053626585032971796e-01 0.000000000000000000e+00 7.289027425317664566e-01 1.710356168476393490e-01 3.224416209205311912e-01 6.916366544919183568e-01 2.612841494116001639e-01 7.720939716671739728e-01 1.295128043908150284e-01 3.974586358153743837e-01 3.774562269196420350e-01 9.045696434427662469e-01 8.982127333608316277e-01 1.299097971116744965e-01 5.969645373553806866e-01 9.423649514106112735e-01 6.429046295852853810e-01 6.496302413700980605e-01 5.870242067560411670e-01 8.067223327032841951e-01 2.054319281626426630e-01
4.176038025440451662e-01 5.257196143400552080e-01 5.346413400535736660e-01 6.785926483341526705e-01 4.861615210398266274e-01 8.331614953231697429e-01 2.349827603420133748e-01 7.940679553626502907e-01 3.592661635671796083e-01 6.328466320412826640e-01 6.557213748240092732e-01 7.124353644920745632e-01 4.626977236656589776e-01 4.955372193600166009e-01 1.200972032404004075e-01 7.289027425317664566e-01 0.000000000000000000e+00 2.088679519387198757e-01 7.971236155279167734e-01 6.212308460125813836e-01 2.779883057427001702e-01 4.141086955325883889e-01 3.138630700876126611e-01 4.005624669361091961e-01 5.941355526582001723e-01 4.346434318433589628e-01 7.431371352568747479e-01 5.919035916745660764e-01 5.926794417297536199e-01 4.634256066178024658e-01 3.202916901010452455e-01 5.178517323037373776e-01 2.081630393448308247e-02 4.346927158834601457e-01 5.250583115751772390e-01
3.909189672396716775e-01 4.859946611729492050e-01 5.429067397474731660e-01 6.554683668962498766e-01 7.343047269356215434e-01 4.951016990547210672e-01 3.638953608061018530e-02 5.030865293496734614e-01 8.609542953609904403e-01 3.445072937787545531e-01 5.630685460714601742e-01 5.534708864715036647e-01 5.307698919005587879e-01 6.168186003167055453e-01 6.310704591158469157e-01 1.710356168476393490e-01 2.088679519387198757e-01 0.000000000000000000e+00 7.681318766970257617e-01 3.182689497886437291e-01 6.592674009919136102e-01 4.130961440261787798e-01 4.973033822966862472e-01 2.696582003914806402e-01 2.485974562728604509e-01 5.482985220878056065e-01 5.724531165470407856e-01 4.644756861574326212e-01 5.216117816355487768e-01 4.572691607543286074e-01 8.488681035593805824e-01 2.193051960974946590e-01 7.081993659402193719e-01 6.531220136001516519e-01 6.263184715074204822e-01
5.647392069795029723e-01 4.430190598141044989e-01 4.918687376550476276e-01 7.131924058910168451e-01 1.910898086844862176e-01 7.220683468621472700e-01 3.719735723179155018e-01 4.397190824773778428e-01 6.358472985744837436e-01 8.251886841568509823e-01 9.690828266415087988e-01 3.956653685640957319e-01 5.158769126032055619e-01 6.004350940634448630e-01 5.245816059287822242e-01 3.224416209205311912e-01 7.971236155279167734e-01 7.681318766970257617e-01 0.000000000000000000e+00 7.357001740764528286e-01 9.290903596610529114e-01 4.647767038538241358e-01 6.762357910529563920e-01 6.272387921990917325e-01 7.010513456598632676e-01 3.992187886456115553e-01 5.274994563029248296e-01 7.097617118820018778e-01 7.691707617003713526e-01 4.995147488528835500e-01 2.434182827332727617e-01 5.432023582261462646e-01 3.773906329611175781e-01 3.079099469236141751e-01 6.567399730274827707e-01
8.742618311335361714e-01 1.537173149222553770e-01 2.340612899475144060e-01 6.731573044627249258e-01 5.626928697139329527e-01 3.070804080508593437e-01 5.056849005629225902e-01 4.806038720240127238e-01 3.353971368084092131e-01 5.376646211139850529e-01 4.742673011836250341e-01 6.483667075299790472e-01 5.033195051551007104e-01 6.587197487625499059e-01 1.407391373091536613e-01 6.916366544919183568e-01 6.212308460125813836e-01 3.182689497886437291e-01 7.357001740764528286e-01 0.000000000000000000e+00 3.487944013106687446e-01 3.330791095809965685e-01 3.940089771293618925e-01 6.937391519133697670e-01 7.631345919013723389e-01 5.758997574714239676e-01 6.002400367787384949e-01 5.087067265739853017e-01 6.668376767882593370e-01 1.197170972723882176e-01 4.324259711136834161e-01 9.369218826197438510e-01 4.116098282589878976e-01 6.008556649899261526e-01 7.362869955747469719e-01
7.700006337488867203e-01 2.963453333995492711e-01 3.329889364040293787e-01 4.190112073151878724e-01 7.926176656888206384e-01 2.283785513508469478e-01 6.957502698778406103e-01 5.048731123928762443e-01 2.129557804897528328e-01 6.247253706888866720e-01 6.813319951655698592e-01 3.487632996568766908e-01 1.348781451667002695e-01 7.692307761706804747e-01 5.585666323676794498e-01 2.612841494116001639e-01 2.779883057427001702e-01 6.592674009919136102e-01 9.290903596610529114e-01 3.487944013106687446e-01 0.000000000000000000e+00 4.255314320351893387e-01 6.625872798008387576e-01 3.710740094163995639e-01 3.783373029885752081e-01 5.677492201074676448e-01 7.138016998199814278e-01 4.328555861183082665e-01 7.050605218960334097e-01 7.618679915145909476e-02 6.085727587414047068e-01 7.318731763187281691e-01 8.290721451685723054e-02 2.021968844905239759e-01 8.944754176241191956e-01
1.418752397326960013e-01 4.603386084801330824e-02 4.229523166323133632e-01 9.486736939902045140e-01 5.999176213208934350e-01 5.074387061476302030e-01 4.028836314786740092e-01 7.776843479107258261e-01 5.436481798392539533e-01 7.231324201506437177e-01 2.399035893865946178e-01 6.188842809166135162e-01 2.548871515002806287e-01 2.626571564272008885e-01 5.781992708146970195e-01 7.720939716671739728e-01 4.141086955325883889e-01 4.130961440261787798e-01 4.647767038538241358e-01 3.330791095809965685e-01 4.255314320351893387e-01 0.000000000000000000e+00 9.294102157897972116e-01 5.079162445127527459e-01 4.346470372659071990e-01 9.222436282853762046e-01 9.138737614677349130e-01 5.850299601159992813e-01 4.497252353390459589e-01 6.363582174826771798e-01 6.489995179040145556e-01 3.980438204349320275e-01 4.845710309008225414e-01 6.553858897257371918e-01 2.219785475898915506e-01
2.592872406001477947e-01 2.670082885746122292e-01 7.544124914436123319e-03 2.814122903965587952e-01 4.903988508671112134e-01 7.800773712120930847e-01 4.065763688375079177e-02 4.048785800687073055e-01 3.358869395730798013e-01 8.147914142002921079e-01 7.052274341831494819e-01 4.061840266445937986e-01 7.031809330901417354e-01 1.858782264345189006e-01 3.586279746909825095e-01 1.295128043908150284e-01 3.138630700876126611e-01 4.973033822966862472e-01 6.762357910529563920e-01 3.940089771293618925e-01 6.625872798008387576e-01 9.294102157897972116e-01 0.000000000000000000e+00 6.863825829257457212e-01 5.856460523348019365e-01 8.931871042797459026e-01 3.784240337569921842e-01 8.264659741367164081e-02 5.511704046870717910e-01 5.028316164445830738e-01 2.353779989243502957e-01 4.741256465302758905e-01 7.208318861695685031e-01 4.327210904079310527e-01 3.477104974755604316e-01
6.470152382866993790e-01 5.798307594037424018e-01 5.872066203562794628e-01 1.665056218543861100e-01 7.492467181316672109e-01 5.937663523024711010e-01 8.997733500819462549e-01 5.582220793181721374e-01 5.755565472635728597e-01 2.223134570250219211e-01 7.992813352960892459e-01 4.258181890340658748e-01 7.393404392040949791e-01 3.276077967810393510e-01 1.483077313508141537e-01 3.974586358153743837e-01 4.005624669361091961e-01 2.696582003914806402e-01 6.272387921990917325e-01 6.937391519133697670e-01 3.710740094163995639e-01 5.079162445127527459e-01 6.863825829257457212e-01 0.000000000000000000e+00 2.045923503037027635e-01 8.675619289962248626e-01 8.945831822568541813e-01 5.341522404509424504e-01 6.684458326497895175e-01 2.680766643499195578e-01 4.353444287451453398e-01 1.162358913493139467e-01 1.799010390006527960e-01 3.506783790159926362e-01 7.691195569284292599e-01
7.112903786998636679e-01 1.105667820489567577e-01 4.524099778720555021e-01 3.344947344203735851e-01 3.578160829757673911e-01 1.715624432518045861e-01 8.148948164686865558e-01 7.755232650440081477e-01 4.300434091795164449e-01 8.457933226693389317e-01 2.754706586073930596e-01 2.680324395712868624e-01 3.159871443566770743e-01 5.523204860604271627e-01 5.481929137113163986e-01 3.774562269196420350e-01 5.941355526582001723e-01 2.485974562728604509e-01 7.010513456598632676e-01 7.631345919013723389e-01 3.783373029885752081e-01 4.346470372659071990e-01 5.856460523348019365e-01 2.045923503037027635e-01 0.000000000000000000e+00 3.380762390161291542e-01 6.207046247698259078e-01 8.033671908228936509e-01 3.104092424080748258e-01 8.687350871037473610e-01 5.454209076397744660e-01 5.494456186782183948e-01 3.506673356762771698e-01 6.767991573171259212e-01 1.432630467993636358e-01
6.963762239744862859e-01 2.425407755828875578e-01 7.901526935387140904e-01 6.648927829816835278e-01 1.326661494690735132e-01 3.947420809968418820e-01 5.905543225655808248e-01 4.052618053055082048e-01 5.646867526573180474e-01 5.374050142196477031e-01 5.553661100437510267e-01 7.199282004096939636e-01 2.405906689431868140e-01 2.036001492929552237e-01 4.664895008971882695e-01 9.045696434427662469e-01 4.346434318433589628e-01 5.482985220878056065e-01 3.992187886456115553e-01 5.758997574714239676e-01 5.677492201074676448e-01 9.222436282853762046e-01 8.931871042797459026e-01 8.675619289962248626e-01 3.380762390161291542e-01 0.000000000000000000e+00 3.269428939622204267e-01 5.790313915130493871e-01 9.081569858602658307e-01 6.827285088584402750e-01 8.494213524744710364e-01 8.220210213145459077e-01 8.027207153165590858e-01 7.506895670922678621e-01 6.556843178866662569e-01
4.122765880325818810e-01 4.527366951905630321e-01 7.267514119719111765e-01 7.770440622784284823e-01 6.454296067914244706e-01 3.229180295420778224e-01 3.216723421264992000e-01 4.568893837821796922e-02 4.427600138680589659e-01 7.254741288603023808e-01 5.802513241056803661e-01 4.144437245685114179e-01 6.774147583276217688e-01 5.421176675431547132e-01 9.261360416826717179e-01 8.982127333608316277e-01 7.431371352568747479e-01 5.724531165470407856e-01 5.274994563029248296e-01 6.002400367787384949e-01 7.138016998199814278e-01 9.138737614677349130e-01 3.784240337569921842e-01 8.945831822568541813e-01 6.207046247698259078e-01 3.269428939622204267e-01 0.000000000000000000e+00 5.273697911387607018e-01 2.426816736523079165e-01 2.095402178507854707e-01 7.430988866084561328e-01 5.024691212997469680e-01 7.376492907260804310e-01 5.210606941166970874e-01 6.336404155563010177e-01
1.414529092757154105e-01 6.457424842831207545e-01 2.228200546632120860e-01 4.578815925401055753e-01 4.052351234752566422e-01 6.429701178846518594e-01 7.566346391377463121e-01 3.452452115187419901e-01 5.465229272458638210e-01 6.772496899911784052e-01 4.719541659653118115e-01 3.878306044421824250e-01 1.111558853349327025e-01 3.936188377635603253e-01 5.530221387422677992e-01 1.299097971116744965e-01 5.919035916745660764e-01 4.644756861574326212e-01 7.097617118820018778e-01 5.087067265739853017e-01 4.328555861183082665e-01 5.850299601159992813e-01 8.264659741367164081e-02 5.341522404509424504e-01 8.033671908228936509e-01 5.790313915130493871e-01 5.273697911387607018e-01 0.000000000000000000e+00 6.871775558664081629e-01 3.222924187944526953e-01 8.684471450444273266e-01 5.314749702227027361e-01 7.193244090953889724e-01 4.490772113740951754e-01 5.950733836626376227e-01
5.791014088729220521e-01 4.548992166200509502e-01 4.484260252493424970e-01 3.269166009252789662e-01 4.044906877802689760e-01 6.272325539538082806e-01 4.892424365409511200e-01 6.425652334808642507e-01 1.209925668543786470e-01 2.915275441090443009e-01 4.545487837424686539e-01 4.317866533885612035e-01 8.411578444895861928e-02 5.301566675463504907e-01 5.737039727275093925e-01 5.969645373553806866e-01 5.926794417297536199e-01 5.216117816355487768e-01 7.691707617003713526e-01 6.668376767882593370e-01 7.050605218960334097e-01 4.497252353390459589e-01 5.511704046870717910e-01 6.684458326497895175e-01 3.104092424080748258e-01 9.081569858602658307e-01 2.426816736523079165e-01 6.871775558664081629e-01 0.000000000000000000e+00 5.028414049529215113e-01 2.882848689221080840e-01 2.897529239485807651e-01 1.182860211199994183e-01 5.308447277443902879e-01 3.661400562533793090e-01
3.115682453867222312e-01 2.753521532893755119e-01 5.573025881645380375e-01 4.850631283182160192e-01 4.523412755724631196e-01 2.413848797843877181e-01 1.853989739654435809e-01 6.603930271447226996e-01 7.175980981209573173e-01 5.947520882801121678e-01 7.390540453161692502e-01 3.705137626500623615e-01 8.684159041028356452e-01 8.004607257310873969e-01 5.943368878080106388e-01 9.423649514106112735e-01 4.634256066178024658e-01 4.572691607543286074e-01 4.995147488528835500e-01 1.197170972723882176e-01 7.618679915145909476e-02 6.363582174826771798e-01 5.028316164445830738e-01 2.680766643499195578e-01 8.687350871037473610e-01 6.827285088584402750e-01 2.095402178507854707e-01 3.222924187944526953e-01 5.028414049529215113e-01 0.000000000000000000e+00 6.647927320907809356e-01 8.046168768710919572e-01 5.117098679575859954e-01 4.171019319294220207e-01 6.520114378103807340e-01
6.004674515042418559e-01 6.149914750299244615e-01 3.844513446145257918e-01 5.465473341728268597e-01 3.563441951331716151e-01 2.556893175859917267e-01 8.747545385803348061e-01 6.541965450154882955e-01 4.537231068537892487e-01 6.761884575982910484e-01 5.521007762763443516e-01 4.785986209886456400e-01 4.192931292526375642e-01 4.901701110556444529e-01 6.722550583136852609e-01 6.429046295852853810e-01 3.202916901010452455e-01 8.488681035593805824e-01 2.434182827332727617e-01 4.324259711136834161e-01 6.085727587414047068e-01 6.489995179040145556e-01 2.353779989243502957e-01 4.353444287451453398e-01 5.454209076397744660e-01 8.494213524744710364e-01 7.430988866084561328e-01 8.684471450444273266e-01 2.882848689221080840e-01 6.647927320907809356e-01 0.000000000000000000e+00 5.715277906250375572e-01 4.982662361491463354e-01 5.345536859853882161e-01 7.094821246803033610e-01
5.281701718905700282e-01 9.010091253422669588e-02 8.808302690783094135e-01 3.654859769617573306e-01 7.995089836707429676e-01 5.494078360216889667e-01 3.540149691827520484e-01 5.994919410203445320e-01 3.296166279113600384e-01 4.999073021564657271e-01 3.645159429374922322e-01 6.091836362091345158e-01 7.569025915074940603e-01 4.770114815328684865e-01 5.033065276689308032e-01 6.496302413700980605e-01 5.178517323037373776e-01 2.193051960974946590e-01 5.432023582261462646e-01 9.369218826197438510e-01 7.318731763187281691e-01 3.980438204349320275e-01 4.741256465302758905e-01 1.162358913493139467e-01 5.494456186782183948e-01 8.220210213145459077e-01 5.024691212997469680e-01 5.314749702227027361e-01 2.897529239485807651e-01 8.046168768710919572e-01 5.715277906250375572e-01 0.000000000000000000e+00 7.875676757313012644e-01 7.430130491799693537e-01 4.179546858914949814e-01
2.251826232021311158e-01 2.641832777894208562e-01 5.631724719356210329e-01 2.889581258350625292e-01 3.158026173740097198e-01 7.638965005371924910e-01 8.539116982578469628e-01 4.848469260295256711e-01 8.250934743671212157e-01 6.783097317708588481e-01 4.736068265526365839e-01 5.735205601032440370e-01 3.471230403956788169e-01 4.354486590451150385e-01 5.821445952810071489e-01 5.870242067560411670e-01 2.081630393448308247e-02 7.081993659402193719e-01 3.773906329611175781e-01 4.116098282589878976e-01 8.290721451685723054e-02 4.845710309008225414e-01 7.208318861695685031e-01 1.799010390006527960e-01 3.506673356762771698e-01 8.027207153165590858e-01 7.376492907260804310e-01 7.193244090953889724e-01 1.182860211199994183e-01 5.117098679575859954e-01 4.982662361491463354e-01 7.875676757313012644e-01 0.000000000000000000e+00 4.688551359114013217e-01 3.870119092985944143e-01
8.754772381395975467e-01 1.870238563496118278e-01 5.026604385480237802e-01 2.899652591235349908e-01 5.035495775696139376e-01 5.660630973120814868e-01 4.932718958525477149e-01 6.036743803922480778e-01 6.132441381656872359e-01 7.280179815743732519e-01 4.942279473171666826e-01 6.571264831209366886e-02 5.089769730256820113e-01 8.436874848349362743e-02 4.607358096177135431e-01 8.067223327032841951e-01 4.346927158834601457e-01 6.531220136001516519e-01 3.079099469236141751e-01 6.008556649899261526e-01 2.021968844905239759e-01 6.553858897257371918e-01 4.327210904079310527e-01 3.506783790159926362e-01 6.767991573171259212e-01 7.506895670922678621e-01 5.210606941166970874e-01 4.490772113740951754e-01 5.308447277443902879e-01 4.171019319294220207e-01 5.345536859853882161e-01 7.430130491799693537e-01 4.688551359114013217e-01 0.000000000000000000e+00 8.018735186473071597e-01
3.632311635077958289e-01 6.228948100270458310e-01 4.219337829243032245e-01 3.511714317692834486e-01 2.804926717500866307e-01 1.018735561737869055e-01 2.152605656013305002e-01 4.813100681641472312e-01 7.839712634826336846e-01 2.376881836290638539e-01 4.511076867678880387e-01 5.866544865416629673e-01 2.536794662694965563e-01 2.182219975743210361e-01 5.042635372671688820e-01 2.054319281626426630e-01 5.250583115751772390e-01 6.263184715074204822e-01 6.567399730274827707e-01 7.362869955747469719e-01 8.944754176241191956e-01 2.219785475898915506e-01 3.477104974755604316e-01 7.691195569284292599e-01 1.432630467993636358e-01 6.556843178866662569e-01 6.336404155563010177e-01 5.950733836626376227e-01 3.661400562533793090e-01 6.520114378103807340e-01 7.094821246803033610e-01 4.179546858914949814e-01 3.870119092985944143e-01 8.018735186473071597e-01 0.000000000000000000e+00
