0.000000000000000000e+00 2.835923234261085168e-01 4.050181549326939967e-01 4.489003447972533811e-01 1.028727183964988079e-01 5.846870095284681934e-01 6.691380568005984575e-01 7.675886626748545938e-01 4.913997738166372420e-01 5.255278527759130736e-01 7.485534753265354890e-01 7.106242005637022352e-01 4.643416470188133638e-01 6.403460523610623456e-01 7.144813770728328794e-01 1.738475927747150651e-01 8.441497708220642160e-01 4.054740254847106207e-01 8.564662172360468784e-01 8.381420808919970433e-01 9.255160829195170358e-01 5.337907765741236599e-01 1.413389142039741531e-01 1.269587769087110463e-02 7.866580372139417854e-01 1.595132305372963799e-01 6.992714868923383120e-01 5.672179541867776731e-01 4.372341887720779807e-01 4.327321140434725599e-01 3.942019866203839706e-01 7.193211989780534665e-01 4.647326677282985763e-01 5.903960271464255838e-01 5.014344686728620104e-01
2.835923234261085168e-01 0.000000000000000000e+00 5.864712704098489215e-01 3.217554243342279907e-01 3.950286193483238950e-01 6.810803202999706762e-01 6.880455111864434148e-01 4.520743028466828184e-01 8.198182419432873402e-01 5.516902597437511879e-01 3.710411098962591581e-01 6.491180436968735368e-01 8.919184632798713430e-01 7.491902511732595471e-01 4.513639720093496899e-01 2.959860445279997032e-01 7.795799376839224193e-01 4.240468755728035166e-01 6.068127016873625657e-01 5.951131479249971434e-01 5.607200243983698762e-01 4.765790315429018209e-01 8.271161068691503804e-01 6.793693627882362307e-01 8.946240651380836795e-01 4.870393948124374095e-01 8.213250572275864192e-01 3.939778710649841642e-01 2.888095823098498771e-01 2.135450746555814794e-01 4.038888654392698840e-01 8.418958848716239229e-01 3.151494238981257245e-01 8.024967617789786622e-01 7.917018816346590437e-01
4.050181549326939967e-01 5.864712704098489215e-01 0.000000000000000000e+00 8.105862137775589060e-01 3.407077378972861448e-01 8.249255129922433705e-01 1.006014274976981815e-01 4.908946915666279609e-01 4.105498440610945710e-01 5.854417292978939535e-01 9.384784201376434876e-01 7.202603726660070649e-01 6.471894128512917232e-01 3.734007019725775200e-01 4.927730426771819161e-01 4.481601652662761115e-01 7.161206747530914907e-01 6.490462518170729833e-01 4.213484473948628795e-01 4.620903217641808558e-01 5.899890576761162020e-01 2.322604129465026812e-01 2.071042143740760011e-01 7.161692474919139073e-01 6.403534134919492971e-01 7.272658585884723692e-01 5.523319591211015567e-01 2.019301620681744902e-01 7.809742913535452358e-01 6.474698431333827386e-01 5.523265139135319357e-01 5.763692356853983290e-01 5.950343300777322098e-01 4.433150526377062084e-01 4.361546333288807142e-01
4.489003447972533811e-01 3.217554243342279907e-01 8.105862137775589060e-01 0.000000000000000000e+00 7.105615191362661953e-01 3.769712930885599222e-01 8.767608937508950540e-01 5.054448137856846213e-01 6.181599052208890388e-01 6.464262687815963693e-01 4.635798592012572161e-01 4.277895699815347230e-01 7.900037934768555647e-01 6.864644661871512898e-01 7.456923156782278017e-01 8.618730088971151559e-01 8.605417425381478580e-01 7.847967759637900498e-01 5.357324068931292871e-01 6.653662322388338435e-01 5.002403142706522976e-01 1.487814694204949717e-01 5.148856846872221782e-01 5.214134481287179268e-01 4.839959676697813684e-01 4.000026399805450272e-01 7.989571566350517351e-02 3.915426781305294535e-01 8.022958860112500146e-01 8.293451469903962980e-01 5.709420568976434351e-01 4.964145374902961816e-01 9.131560647904715111e-01 3.494855354560458260e-01 4.325152334527275211e-01
1.028727183964988079e-01 3.950286193483238950e-01 3.407077378972861448e-01 7.105615191362661953e-01 0.000000000000000000e+00 6.890512681256947269e-01 3.347436164545986026e-01 1.901191630254737142e-01 4.467407102848283129e-01 6.030502017934757930e-01 5.588086997200011341e-01 7.335088196919262726e-01 6.784062874382177366e-01 9.178169224522814140e-02 5.072382906265436864e-01 1.000078138762277025e-01 7.423111998520015575e-01 8.608918054030276767e-01 7.108913109493587568e-01 4.977203648605263986e-01 1.897489259214052426e-01 5.980810403770586703e-01 4.786591159347405311e-01 4.175654964204452702e-01 5.642616023019921823e-01 9.422644771826437227e-01 4.549256225588082514e-01 4.748175121996408565e-01 3.866041443517421738e-01 9.282791854863636782e-01 1.180771515549399187e-01 5.332211595221381106e-01 7.691330175354738063e-01 7.955832833980407415e-01 7.166472871995318572e-01
5.846870095284681934e-01 6.810803202999706762e-01 8.249255129922433705e-01 3.769712930885599222e-01 6.890512681256947269e-01 0.000000000000000000e+00 6.501477876976152759e-01 9.983127461128060709e-02 5.156693663917137904e-01 4.357574059781336162e-01 2.576027309180758951e-01 2.836290890365862349e-01 1.119067195534785286e-01 3.781470819343582535e-01 6.733899825805907957e-01 4.376864765471052965e-01 5.801564866940107645e-01 7.937697977036566321e-01 4.320923271332409166e-01 6.319297064308281309e-01 5.581618897539334379e-01 5.261526728830467903e-01 7.068113248941393367e-01 5.752008851129168931e-01 6.061211864244432368e-01 7.043122832965973412e-01 4.900224580660892948e-01 2.597819303413206882e-01 6.355825862314680164e-01 6.870397996313137856e-01 1.277782640100929568e-01 8.067811678980607581e-02 9.228877309132359485e-01 3.656577609876280333e-01 8.914414626072487691e-01
6.691380568005984575e-01 6.880455111864434148e-01 1.006014274976981815e-01 8.767608937508950540e-01 3.347436164545986026e-01 6.501477876976152759e-01 0.000000000000000000e+00 7.822162028269519229e-01 5.657274254422919313e-01 2.787329647650748088e-01 5.162474649400159432e-01 7.033260223135762157e-01 6.360720497468637102e-01 5.201930206541434121e-01 5.727256886506999489e-01 2.363835858956319091e-01 4.874537714077902262e-01 4.932301935626858258e-01 7.392278092063293560e-01 4.749975581354303200e-01 7.658875873828780989e-01 7.448727662876405420e-01 8.025375045022927756e-01 7.094327455217084299e-01 4.268890449831369560e-01 5.360081813324075739e-01 3.411177973942622899e-01 2.601071784265898135e-01 1.415457177487174922e-01 4.380291430242421180e-01 3.683175455073345872e-01 6.572902885770147696e-01 1.943814843510778267e-01 8.263151255493842440e-01 6.857166896190438621e-01
7.675886626748545938e-01 4.520743028466828184e-01 4.908946915666279609e-01 5.054448137856846213e-01 1.901191630254737142e-01 9.983127461128060709e-02 7.822162028269519229e-01 0.000000000000000000e+00 6.953580041651533650e-01 4.284416518549299391e-01 4.528235553895944565e-01 8.186496793425150909e-01 2.378390750489156047e-01 7.570202373868235579e-01 2.946169061829917446e-01 4.566939138987516911e-01 3.893540781565683062e-01 8.229061661853319665e-01 7.014364007265522227e-01 9.057960104090796438e-01 3.353992985549295591e-01 2.029125052065108292e-01 5.811222176240617987e-01 2.005265114999045251e-01 9.148541619439197747e-01 1.314177297546131884e-01 6.671235572658686941e-01 3.305121095575499490e-01 1.824115653637544687e-01 2.964621123741810749e-01 2.384060255923541316e-01 2.269151027160873912e-01 8.194940437754631990e-01 8.275576959466246496e-02 1.617111713169572251e-01
4.913997738166372420e-01 8.198182419432873402e-01 4.105498440610945710e-01 6.181599052208890388e-01 4.467407102848283129e-01 5.156693663917137904e-01 5.657274254422919313e-01 6.953580041651533650e-01 0.000000000000000000e+00 7.701090574710758307e-01 5.313079694024622768e-01 9.455812954406539461e-01 3.622784816782135264e-01 7.413184449903852391e-01 6.444751244096079690e-01 6.540367944646848786e-01 4.469370052215532185e-01 5.916531057990417342e-01 3.979921058478260720e-01 4.426910431719746075e-01 4.706053442251427188e-01 7.366749394368430348e-01 8.817023562742291043e-01 7.319118034282466878e-01 3.298189074715524582e-01 4.518310283448257469e-01 5.429310309851362870e-01 9.232193353910405076e-01 7.088228815529793447e-01 5.051135180299644034e-01 5.576536526402868787e-01 6.769366710981582491e-01 4.128060225095090963e-01 7.137659372406723879e-01 6.399473687333674388e-01
5.255278527759130736e-01 5.516902597437511879e-01 5.854417292978939535e-01 6.464262687815963693e-01 6.030502017934757930e-01 4.357574059781336162e-01 2.787329647650748088e-01 4.284416518549299391e-01 7.701090574710758307e-01 0.000000000000000000e+00 7.912990472583206758e-01 5.359318664763461637e-01 2.581335352233771196e-01 4.077309159404920447e-01 6.560749203562956655e-01 5.739477687319010091e-01 3.222656463419954487e-01 6.776495209438146983e-01 5.152034898610230451e-01 4.234070659448093688e-01 5.934019610222969199e-01 8.313176168541032141e-01 7.655134973090164108e-01 4.402926674460438949e-01 9.473999201307237161e-01 8.360278744457536604e-01 3.363381438683494817e-01 8.256246874598015539e-01 8.252940407067510531e-02 3.199783776030225013e-01 8.948872050434463210e-01 3.652648857428724138e-01 5.473150947723901538e-01 5.956973503300968531e-01 7.715494206934754295e-01
7.485534753265354890e-01 3.710411098962591581e-01 9.384784201376434876e-01 4.635798592012572161e-01 5.588086997200011341e-01 2.576027309180758951e-01 5.162474649400159432e-01 4.528235553895944565e-01 5.313079694024622768e-01 7.912990472583206758e-01 0.000000000000000000e+00 3.485731522435637775e-01 7.287375075755098131e-01 5.825521062733413080e-01 4.816857563605995152e-01 5.759944683840046986e-01 2.389141118328389490e-01 4.667778192694781447e-01 8.082718405545754603e-01 3.938881843041203701e-01 6.937564648776678444e-01 4.867071005131927697e-01 4.960826190675101666e-01 8.784172782260739609e-01 6.492263604117676223e-01 5.939776717290965458e-01 1.927867224618619035e-01 5.951095038521450054e-01 6.076618799072051047e-01 6.278230306704520869e-01 6.239183359319588895e-01 2.463981039271637696e-01 4.071210784015140693e-01 6.824895959277410551e-02 6.529234692950280916e-01
7.106242005637022352e-01 6.491180436968735368e-01 7.202603726660070649e-01 4.277895699815347230e-01 7.335088196919262726e-01 2.836290890365862349e-01 7.033260223135762157e-01 8.186496793425150909e-01 9.455812954406539461e-01 5.359318664763461637e-01 3.485731522435637775e-01 0.000000000000000000e+00 5.782670640411557983e-01 5.379765774154652291e-01 4.410867484315586506e-01 5.848503481194708975e-01 5.181154913550725105e-01 5.966049890773973408e-01 3.493968449135240739e-01 4.634744325181688884e-01 3.924092257838629472e-01 9.142243086634251892e-01 7.943001210662918865e-01 9.101691129794042823e-01 5.354723898674408344e-01 1.284509662997950774e-01 1.899802457842025838e-01 5.163809506081437073e-01 5.462720596731209799e-01 2.224287260587666237e-01 3.354896591257584548e-01 8.274804059946323509e-01 3.699095091999808349e-01 6.928070234579444264e-01 5.915348105855000593e-01
4.643416470188133638e-01 8.919184632798713430e-01 6.471894128512917232e-01 7.900037934768555647e-01 6.784062874382177366e-01 1.119067195534785286e-01 6.360720497468637102e-01 2.378390750489156047e-01 3.622784816782135264e-01 2.581335352233771196e-01 7.287375075755098131e-01 5.782670640411557983e-01 0.000000000000000000e+00 1.915991472332755352e-01 8.810440934543962710e-01 5.968965803344622456e-01 4.213184665996426714e-01 4.030335721929731996e-01 5.970796823905799577e-01 3.472970414358577118e-01 2.629612440956473618e-01 8.819721348360975988e-01 4.260651551251875557e-01 4.346686057659117086e-01 4.266707319347280425e-01 4.349443090950964041e-01 2.957886051910918468e-01 6.404968570726252697e-01 7.768563623767199555e-01 1.030868485626075248e-01 1.576587069113866146e-01 6.820099738551146373e-01 3.350532980137008732e-01 4.074845396012701793e-01 2.536387954532344224e-01
6.403460523610623456e-01 7.491902511732595471e-01 3.734007019725775200e-01 6.864644661871512898e-01 9.178169224522814140e-02 3.781470819343582535e-01 5.201930206541434121e-01 7.570202373868235579e-01 7.413184449903852391e-01 4.077309159404920447e-01 5.825521062733413080e-01 5.379765774154652291e-01 1.915991472332755352e-01 0.000000000000000000e+00 7.014477593138940259e-01 4.935330319456258663e-01 5.646564357109220555e-01 5.199710861004471774e-01 3.798100582120986224e-01 6.018317994990789455e-01 4.323451928003385625e-01 5.761346777001826736e-01 7.982692479886944747e-01 4.304776467896802572e-01 3.940910756350821109e-01 3.182554441377435372e-01 6.633256514776255663e-01 6.154674273179689958e-01 5.323582046910979582e-01 5.672851115777433062e-01 5.870010486951147133e-01 2.071033600925928919e-01 1.455718417215425831e-01 5.306786448770179909e-01 6.945232369906513270e-01
7.144813770728328794e-01 4.513639720093496899e-01 4.927730426771819161e-01 7.456923156782278017e-01 5.072382906265436864e-01 6.733899825805907957e-01 5.727256886506999489e-01 2.946169061829917446e-01 6.444751244096079690e-01 6.560749203562956655e-01 4.816857563605995152e-01 4.410867484315586506e-01 8.810440934543962710e-01 7.014477593138940259e-01 0.000000000000000000e+00 1.984817658161289189e-01 4.363121289166325134e-01 3.831065373023961884e-01 4.793742371996939089e-01 5.405492772714928229e-01 2.203106681962115065e-01 3.256507977780696006e-01 3.300587948269484428e-01 7.004606501249690531e-01 1.027122290397878279e-01 1.492380278993136189e-01 7.178591105604504863e-01 2.631692856560126081e-01 6.805391391500552611e-01 5.893499730106953605e-01 4.942025119204250805e-01 8.756420774666566764e-01 1.813941960584859459e-01 3.612155819682366653e-01 4.408183352381837006e-01
1.738475927747150651e-01 2.959860445279997032e-01 4.481601652662761115e-01 8.618730088971151559e-01 1.000078138762277025e-01 4.376864765471052965e-01 2.363835858956319091e-01 4.566939138987516911e-01 6.540367944646848786e-01 5.739477687319010091e-01 5.759944683840046986e-01 5.848503481194708975e-01 5.968965803344622456e-01 4.935330319456258663e-01 1.984817658161289189e-01 0.000000000000000000e+00 4.866849754957586205e-01 4.143743854234359647e-01 4.015334316509646118e-01 6.136095456552898009e-01 3.507230569194770831e-01 7.248129869011039617e-01 6.759765013167853276e-01 8.319731564276304780e-01 5.022775739345962664e-01 9.721248788609857527e-01 9.418177321159937332e-02 2.111610462280757439e-01 7.579429114321699634e-01 4.197240488882595932e-01 4.759499347342090458e-01 9.813998562517225466e-01 4.129614297055663741e-01 5.940190531256002160e-01 5.138482192558625483e-01
8.441497708220642160e-01 7.795799376839224193e-01 7.161206747530914907e-01 8.605417425381478580e-01 7.423111998520015575e-01 5.801564866940107645e-01 4.874537714077902262e-01 3.893540781565683062e-01 4.469370052215532185e-01 3.222656463419954487e-01 2.389141118328389490e-01 5.181154913550725105e-01 4.213184665996426714e-01 5.646564357109220555e-01 4.363121289166325134e-01 4.866849754957586205e-01 0.000000000000000000e+00 2.384665710220378321e-01 5.165484080718761861e-01 4.312471535603342732e-01 4.199829619351248544e-01 4.638173006660473163e-02 5.619397424450882639e-01 2.573871275377959122e-01 3.437927643703413416e-01 4.042458049352814498e-01 2.886634480113728918e-01 3.958025731937225289e-01 7.538876887597132370e-01 3.519922870455338693e-01 2.818030687294797998e-01 3.939589608615795546e-01 5.817006611375888925e-01 8.527687521682724148e-01 5.893084274540425493e-01
4.054740254847106207e-01 4.240468755728035166e-01 6.490462518170729833e-01 7.847967759637900498e-01 8.608918054030276767e-01 7.937697977036566321e-01 4.932301935626858258e-01 8.229061661853319665e-01 5.916531057990417342e-01 6.776495209438146983e-01 4.667778192694781447e-01 5.966049890773973408e-01 4.030335721929731996e-01 5.199710861004471774e-01 3.831065373023961884e-01 4.143743854234359647e-01 2.384665710220378321e-01 0.000000000000000000e+00 8.868323487444080833e-01 3.927380598777063803e-01 5.021716859728815319e-01 5.995575805796651281e-01 6.919602134663267456e-01 4.753571303130178505e-01 3.637501823091881525e-01 4.011894727143003880e-01 9.525577115562012809e-01 4.883034517603761504e-01 6.956273778607208191e-01 7.109969040261010509e-01 2.764686626653781731e-01 8.431175689170818943e-01 7.681417737116662536e-01 4.867124682504794242e-01 7.963216231009220269e-01
8.564662172360468784e-01 6.068127016873625657e-01 4.213484473948628795e-01 5.357324068931292871e-01 7.108913109493587568e-01 4.320923271332409166e-01 7.392278092063293560e-01 7.014364007265522227e-01 3.979921058478260720e-01 5.152034898610230451e-01 8.082718405545754603e-01 3.493968449135240739e-01 5.970796823905799577e-01 3.798100582120986224e-01 4.793742371996939089e-01 4.015334316509646118e-01 5.165484080718761861e-01 8.868323487444080833e-01 0.000000000000000000e+00 8.203364996830015965e-01 7.004510549912323913e-01 7.564222637215547440e-01 2.233943279034534823e-01 2.072083353083788992e-01 5.421304359008802809e-01 5.872131727137122059e-01 4.626002444260102764e-01 7.406662122978380225e-01 7.192987097644583105e-01 4.840016906998008128e-01 2.399918938212662889e-01 5.393749148821667116e-01 4.907825943137139046e-01 3.094047958770980711e-01 3.532624852683181604e-01
8.381420808919970433e-01 5.951131479249971434e-01 4.620903217641808558e-01 6.653662322388338435e-01 4.977203648605263986e-01 6.319297064308281309e-01 4.749975581354303200e-01 9.057960104090796438e-01 4.426910431719746075e-01 4.234070659448093688e-01 3.938881843041203701e-01 4.634744325181688884e-01 3.472970414358577118e-01 6.018317994990789455e-01 5.405492772714928229e-01 6.136095456552898009e-01 4.312471535603342732e-01 3.927380598777063803e-01 8.203364996830015965e-01 0.000000000000000000e+00 5.742510676770080646e-01 5.419876783543901011e-01 3.712528532303107642e-01 4.066060950418708964e-01 8.554350479270718122e-01 6.777362593648719180e-01 9.477198223789626841e-01 6.330830033072750718e-01 6.332806375197748139e-01 3.963448508268149761e-01 7.011183756881039786e-01 5.527496539314777912e-01 4.969288862616974001e-01 7.515089954574685205e-01 5.876822431043141615e-01
9.255160829195170358e-01 5.607200243983698762e-01 5.899890576761162020e-01 5.002403142706522976e-01 1.897489259214052426e-01 5.581618897539334379e-01 7.658875873828780989e-01 3.353992985549295591e-01 4.706053442251427188e-01 5.934019610222969199e-01 6.937564648776678444e-01 3.924092257838629472e-01 2.629612440956473618e-01 4.323451928003385625e-01 2.203106681962115065e-01 3.507230569194770831e-01 4.199829619351248544e-01 5.021716859728815319e-01 7.004510549912323913e-01 5.742510676770080646e-01 0.000000000000000000e+00 5.120250130058976445e-01 8.245919975391573509e-01 2.334697961587419712e-01 6.343997127912343048e-01 5.962830006423144313e-01 4.851782893743991631e-01 3.776455677311507109e-01 5.454788009072797372e-01 5.129485897786052462e-01 5.279000191308154122e-01 1.146453398316704675e-01 9.654172348898042433e-01 6.842133696473728932e-01 2.263353720570978611e-01
5.337907765741236599e-01 4.765790315429018209e-01 2.322604129465026812e-01 1.487814694204949717e-01 5.980810403770586703e-01 5.261526728830467903e-01 7.448727662876405420e-01 2.029125052065108292e-01 7.366749394368430348e-01 8.313176168541032141e-01 4.867071005131927697e-01 9.142243086634251892e-01 8.819721348360975988e-01 5.761346777001826736e-01 3.256507977780696006e-01 7.248129869011039617e-01 4.638173006660473163e-02 5.995575805796651281e-01 7.564222637215547440e-01 5.419876783543901011e-01 5.120250130058976445e-01 0.000000000000000000e+00 1.415790411528050630e-01 7.684592298022396850e-01 5.643277883137554074e-01 2.805879848335113280e-01 6.246530378511933046e-01 5.121726834078551560e-01 3.693560772400350523e-01 5.068987735415300122e-01 8.401902278994139994e-01 5.269428550130004218e-01 2.556831042247772467e-01 8.140967124757659823e-01 2.485602283013100822e-01
1.413389142039741531e-01 8.271161068691503804e-01 2.071042143740760011e-01 5.148856846872221782e-01 4.786591159347405311e-01 7.068113248941393367e-01 8.025375045022927756e-01 5.811222176240617987e-01 8.817023562742291043e-01 7.655134973090164108e-01 4.960826190675101666e-01 7.943001210662918865e-01 4.260651551251875557e-01 7.982692479886944747e-01 3.300587948269484428e-01 6.759765013167853276e-01 5.619397424450882639e-01 6.919602134663267456e-01 2.233943279034534823e-01 3.712528532303107642e-01 8.245919975391573509e-01 1.415790411528050630e-01 0.000000000000000000e+00 5.153866229509100894e-01 8.930189929771736868e-01 8.416404667663287542e-01 3.620607504946281030e-01 3.961912823799981220e-01 5.533870983703793600e-01 9.084160314147010640e-01 1.915839124141467398e-01 4.869674466993724748e-01 8.977803415465797077e-01 8.354396552846468094e-01 6.258394483620027815e-01
1.269587769087110463e-02 6.793693627882362307e-01 7.161692474919139073e-01 5.214134481287179268e-01 4.175654964204452702e-01 5.752008851129168931e-01 7.094327455217084299e-01 2.005265114999045251e-01 7.319118034282466878e-01 4.402926674460438949e-01 8.784172782260739609e-01 9.101691129794042823e-01 4.346686057659117086e-01 4.304776467896802572e-01 7.004606501249690531e-01 8.319731564276304780e-01 2.573871275377959122e-01 4.753571303130178505e-01 2.072083353083788992e-01 4.066060950418708964e-01 2.334697961587419712e-01 7.684592298022396850e-01 5.153866229509100894e-01 0.000000000000000000e+00 5.002134191891911552e-01 4.437688444734699811e-01 4.096306744282572909e-01 6.570280042741813986e-01 3.791405925729829374e-01 4.551895467684832219e-01 6.524707773525697529e-01 6.895385143278469631e-01 6.537681649327444777e-01 6.685414021005162688e-01 4.997923243265493531e-01
7.866580372139417854e-01 8.946240651380836795e-01 6.403534134919492971e-01 4.839959676697813684e-01 5.642616023019921823e-01 6.061211864244432368e-01 4.268890449831369560e-01 9.148541619439197747e-01 3.298189074715524582e-01 9.473999201307237161e-01 6.492263604117676223e-01 5.354723898674408344e-01 4.266707319347280425e-01 3.940910756350821109e-01 1.027122290397878279e-01 5.022775739345962664e-01 3.437927643703413416e-01 3.637501823091881525e-01 5.421304359008802809e-01 8.554350479270718122e-01 6.343997127912343048e-01 5.643277883137554074e-01 8.930189929771736868e-01 5.002134191891911552e-01 0.000000000000000000e+00 7.201386019172119068e-01 3.302959391718645055e-01 8.485497859953250455e-02 3.055412966000670139e-01 2.639925093397641476e-01 2.385331717179179079e-01 4.830479761264936944e-01 6.924012260418155318e-02 6.562551609493596505e-01 5.098081539194649903e-01
1.595132305372963799e-01 4.870393948124374095e-01 7.272658585884723692e-01 4.000026399805450272e-01 9.422644771826437227e-01 7.043122832965973412e-01 5.360081813324075739e-01 1.314177297546131884e-01 4.518310283448257469e-01 8.360278744457536604e-01 5.939776717290965458e-01 1.284509662997950774e-01 4.349443090950964041e-01 3.182554441377435372e-01 1.492380278993136189e-01 9.721248788609857527e-01 4.042458049352814498e-01 4.011894727143003880e-01 5.872131727137122059e-01 6.777362593648719180e-01 5.962830006423144313e-01 2.805879848335113280e-01 8.416404667663287542e-01 4.437688444734699811e-01 7.201386019172119068e-01 0.000000000000000000e+00 3.714247150114132756e-01 3.963869182618878773e-01 1.422676330164274194e-02 7.309562929888626659e-01 3.462545125409265956e-01 5.699550464211655676e-01 5.090897858383689467e-01 5.675556333137701248e-01 9.755032795629425824e-02
6.992714868923383120e-01 8.213250572275864192e-01 5.523319591211015567e-01 7.989571566350517351e-02 4.549256225588082514e-01 4.900224580660892948e-01 3.411177973942622899e-01 6.671235572658686941e-01 5.429310309851362870e-01 3.363381438683494817e-01 1.927867224618619035e-01 1.899802457842025838e-01 2.957886051910918468e-01 6.633256514776255663e-01 7.178591105604504863e-01 9.418177321159937332e-02 2.886634480113728918e-01 9.525577115562012809e-01 4.626002444260102764e-01 9.477198223789626841e-01 4.851782893743991631e-01 6.246530378511933046e-01 3.620607504946281030e-01 4.096306744282572909e-01 3.302959391718645055e-01 3.714247150114132756e-01 0.000000000000000000e+00 7.609406065053863077e-01 4.155618076473104328e-01 2.024955188780152571e-01 6.453715118569651743e-01 7.237611732588012936e-01 8.155501479312344815e-01 5.933549271918596713e-01 5.723899102286422735e-01
5.672179541867776731e-01 3.939778710649841642e-01 2.019301620681744902e-01 3.915426781305294535e-01 4.748175121996408565e-01 2.597819303413206882e-01 2.601071784265898135e-01 3.305121095575499490e-01 9.232193353910405076e-01 8.256246874598015539e-01 5.951095038521450054e-01 5.163809506081437073e-01 6.404968570726252697e-01 6.154674273179689958e-01 2.631692856560126081e-01 2.111610462280757439e-01 3.958025731937225289e-01 4.883034517603761504e-01 7.406662122978380225e-01 6.330830033072750718e-01 3.776455677311507109e-01 5.121726834078551560e-01 3.961912823799981220e-01 6.570280042741813986e-01 8.485497859953250455e-02 3.963869182618878773e-01 7.609406065053863077e-01 0.000000000000000000e+00 3.242425557404520764e-01 9.075470842026167606e-01 2.323857668066272586e-01 7.003401104187543247e-01 8.813999027457093405e-01 5.082618649290234769e-01 3.133328727411571757e-01
4.372341887720779807e-01 2.888095823098498771e-01 7.809742913535452358e-01 8.022958860112500146e-01 3.866041443517421738e-01 6.355825862314680164e-01 1.415457177487174922e-01 1.824115653637544687e-01 7.088228815529793447e-01 8.252940407067510531e-02 6.076618799072051047e-01 5.462720596731209799e-01 7.768563623767199555e-01 5.323582046910979582e-01 6.805391391500552611e-01 7.579429114321699634e-01 7.538876887597132370e-01 6.956273778607208191e-01 7.192987097644583105e-01 6.332806375197748139e-01 5.454788009072797372e-01 3.693560772400350523e-01 5.533870983703793600e-01 3.791405925729829374e-01 3.055412966000670139e-01 1.422676330164274194e-02 4.155618076473104328e-01 3.242425557404520764e-01 0.000000000000000000e+00 5.850783118296194463e-01 5.191662637989120643e-01 8.354825274460853102e-01 5.051682188421540154e-01 4.368814935663566934e-01 7.826920561124465214e-01
4.327321140434725599e-01 2.135450746555814794e-01 6.474698431333827386e-01 8.293451469903962980e-01 9.282791854863636782e-01 6.870397996313137856e-01 4.380291430242421180e-01 2.964621123741810749e-01 5.051135180299644034e-01 3.199783776030225013e-01 6.278230306704520869e-01 2.224287260587666237e-01 1.030868485626075248e-01 5.672851115777433062e-01 5.893499730106953605e-01 4.197240488882595932e-01 3.519922870455338693e-01 7.109969040261010509e-01 4.840016906998008128e-01 3.963448508268149761e-01 5.129485897786052462e-01 5.068987735415300122e-01 9.084160314147010640e-01 4.551895467684832219e-01 2.639925093397641476e-01 7.309562929888626659e-01 2.024955188780152571e-01 9.075470842026167606e-01 5.850783118296194463e-01 0.000000000000000000e+00 6.888756408559268962e-01 7.443595573981037772e-01 7.884481419343609687e-01 6.732613670658154081e-01 7.817182611553892269e-01
3.942019866203839706e-01 4.038888654392698840e-01 5.523265139135319357e-01 5.709420568976434351e-01 1.180771515549399187e-01 1.277782640100929568e-01 3.683175455073345872e-01 2.384060255923541316e-01 5.576536526402868787e-01 8.948872050434463210e-01 6.239183359319588895e-01 3.354896591257584548e-01 1.576587069113866146e-01 5.870010486951147133e-01 4.942025119204250805e-01 4.759499347342090458e-01 2.818030687294797998e-01 2.764686626653781731e-01 2.399918938212662889e-01 7.011183756881039786e-01 5.279000191308154122e-01 8.401902278994139994e-01 1.915839124141467398e-01 6.524707773525697529e-01 2.385331717179179079e-01 3.462545125409265956e-01 6.453715118569651743e-01 2.323857668066272586e-01 5.191662637989120643e-01 6.888756408559268962e-01 0.000000000000000000e+00 6.629071767668495152e-01 5.765548557240833816e-01 3.159080297573572116e-01 3.177111607271226323e-01
7.193211989780534665e-01 8.418958848716239229e-01 5.763692356853983290e-01 4.964145374902961816e-01 5.332211595221381106e-01 8.067811678980607581e-02 6.572902885770147696e-01 2.269151027160873912e-01 6.769366710981582491e-01 3.652648857428724138e-01 2.463981039271637696e-01 8.274804059946323509e-01 6.820099738551146373e-01 2.071033600925928919e-01 8.756420774666566764e-01 9.813998562517225466e-01 3.939589608615795546e-01 8.431175689170818943e-01 5.393749148821667116e-01 5.527496539314777912e-01 1.146453398316704675e-01 5.269428550130004218e-01 4.869674466993724748e-01 6.895385143278469631e-01 4.830479761264936944e-01 5.699550464211655676e-01 7.237611732588012936e-01 7.003401104187543247e-01 8.354825274460853102e-01 7.443595573981037772e-01 6.629071767668495152e-01 0.000000000000000000e+00 7.047693601940042685e-01 8.371263461618797530e-01 1.966586004177371394e-01
4.647326677282985763e-01 3.151494238981257245e-01 5.950343300777322098e-01 9.131560647904715111e-01 7.691330175354738063e-01 9.228877309132359485e-01 1.943814843510778267e-01 8.194940437754631990e-01 4.128060225095090963e-01 5.473150947723901538e-01 4.071210784015140693e-01 3.699095091999808349e-01 3.350532980137008732e-01 1.455718417215425831e-01 1.813941960584859459e-01 4.129614297055663741e-01 5.817006611375888925e-01 7.681417737116662536e-01 4.907825943137139046e-01 4.969288862616974001e-01 9.654172348898042433e-01 2.556831042247772467e-01 8.977803415465797077e-01 6.537681649327444777e-01 6.924012260418155318e-02 5.090897858383689467e-01 8.155501479312344815e-01 8.813999027457093405e-01 5.051682188421540154e-01 7.884481419343609687e-01 5.765548557240833816e-01 7.047693601940042685e-01 0.000000000000000000e+00 6.105214908621969805e-01 5.784753320791864439e-01
5.903960271464255838e-01 8.024967617789786622e-01 4.433150526377062084e-01 3.494855354560458260e-01 7.955832833980407415e-01 3.656577609876280333e-01 8.263151255493842440e-01 8.275576959466246496e-02 7.137659372406723879e-01 5.956973503300968531e-01 6.824895959277410551e-02 6.928070234579444264e-01 4.074845396012701793e-01 5.306786448770179909e-01 3.612155819682366653e-01 5.940190531256002160e-01 8.527687521682724148e-01 4.867124682504794242e-01 3.094047958770980711e-01 7.515089954574685205e-01 6.842133696473728932e-01 8.140967124757659823e-01 8.354396552846468094e-01 6.685414021005162688e-01 6.562551609493596505e-01 5.675556333137701248e-01 5.933549271918596713e-01 5.082618649290234769e-01 4.368814935663566934e-01 6.732613670658154081e-01 3.159080297573572116e-01 8.371263461618797530e-01 6.105214908621969805e-01 0.000000000000000000e+00 8.464576304817856833e-01
5.014344686728620104e-01 7.917018816346590437e-01 4.361546333288807142e-01 4.325152334527275211e-01 7.166472871995318572e-01 8.914414626072487691e-01 6.857166896190438621e-01 1.617111713169572251e-01 6.399473687333674388e-01 7.715494206934754295e-01 6.529234692950280916e-01 5.915348105855000593e-01 2.536387954532344224e-01 6.945232369906513270e-01 4.408183352381837006e-01 5.138482192558625483e-01 5.893084274540425493e-01 7.963216231009220269e-01 3.532624852683181604e-01 5.876822431043141615e-01 2.263353720570978611e-01 2.485602283013100822e-01 6.258394483620027815e-01 4.997923243265493531e-01 5.098081539194649903e-01 9.755032795629425824e-02 5.723899102286422735e-01 3.133328727411571757e-01 7.826920561124465214e-01 7.817182611553892269e-01 3.177111607271226323e-01 1.966586004177371394e-01 5.784753320791864439e-01 8.464576304817856833e-01 0.000000000000000000e+00
