0.000000000000000000e+00 7.515798614773967490e-01 8.263739510756719087e-01 1.698331315595863478e-01 1.928289582418661885e-01 5.009408847703561429e-01 5.116978245710250839e-01 4.586739085776058156e-01 8.728328967843986819e-01 5.506996267263879474e-01 5.884047420298751385e-01 9.255186218389173103e-01 6.852853823571161129e-01 8.464355967980852213e-01 5.179297757006904313e-01 6.799425054689200998e-01 1.620045056618865109e-01 6.289005595642477298e-01 3.740165555099302930e-01 4.257654550510145963e-01 7.305966313805583034e-01 6.608565908693674329e-01 3.516642527933391271e-01 4.589570064536299121e-01 8.406846917437005295e-01 5.651002700412026680e-01 4.086692103298231182e-01 6.128010566447882335e-01 3.760661074555737837e-01 8.385976020255687668e-01 7.623037118850983784e-01 7.298378293441558640e-01 7.682771748823548075e-01 7.748057348300962932e-01 8.127034307998848295e-02
7.515798614773967490e-01 0.000000000000000000e+00 5.483476061043734973e-01 7.847608997478519033e-01 5.882765672621492747e-01 3.680448977231062790e-01 6.892512668156773881e-01 8.154246394229391903e-01 9.049357680040386320e-01 3.843868933264447119e-01 4.567716300587768563e-01 6.294109413284476595e-01 6.969104226292410775e-01 3.795278552213203760e-01 5.360012260940525408e-01 3.069482214202330361e-01 5.991908628412838667e-01 8.262117705300046078e-01 6.755579850139008524e-01 4.902394864815540210e-01 7.192632994122432066e-01 5.307417067007450528e-01 3.430611476278662142e-01 2.557240864072394260e-01 8.816791203674350097e-01 6.515291198205386269e-02 5.466212433034201013e-01 7.782272653709696453e-01 9.043174382136642819e-01 8.755678124210987123e-01 4.444411231746843716e-01 3.972734442433159541e-01 2.963556091787555857e-02 4.956321975699694571e-01 4.891388045170284027e-01
8.263739510756719087e-01 5.483476061043734973e-01 0.000000000000000000e+00 5.478245001658590407e-01 5.491037735500767791e-01 8.704496010336608691e-01 3.628252191363680046e-01 7.367031042874667701e-01 6.108659370105140596e-01 5.206607882982117186e-01 7.268323996076916371e-01 3.713168082527065206e-01 6.859046390954032235e-01 6.878899121006537554e-01 7.830057486686539114e-01 5.620007589752478161e-01 1.692185744527144875e-01 4.501885499118947753e-01 3.118874353748509742e-01 4.702846470651322885e-01 6.275294470991894524e-01 3.904507758637019710e-01 4.790740650279957658e-01 4.133241203976626421e-01 2.997821857246052435e-02 3.995896456316287981e-01 4.963904410249302401e-01 6.789525711956019283e-01 4.229954327548188786e-01 7.675382364969361992e-01 3.211056642121692395e-01 6.024883571445255326e-01 8.680155977181918114e-01 3.667096880656383062e-01 3.541108070710659028e-01
1.698331315595863478e-01 7.847608997478519033e-01 5.478245001658590407e-01 0.000000000000000000e+00 2.591083200758647065e-01 7.443855033894155593e-01 6.663016690493881455e-01 3.537531641358383494e-01 8.411475099609175832e-01 6.438593885394827687e-02 4.052662176588395782e-01 5.520280697424809757e-01 1.476944388610206271e-01 7.322252894829530678e-01 7.954491937748099373e-01 4.799773259710993778e-01 6.456065737076065458e-01 7.157506396938446702e-01 4.372159221228849590e-01 5.038484988013183230e-01 6.971761763928160383e-01 5.423277956129455291e-01 5.410928044907648005e-01 7.862587618511418519e-01 5.253269190066840455e-01 3.518471926354035939e-01 8.552879403108342160e-01 5.294570655347250465e-01 5.579642774058051202e-01 6.885015278122527116e-01 1.716401498236932444e-01 5.785304925623759864e-01 3.104037104041816320e-01 5.012127248447536543e-01 3.023453644900743198e-01
1.928289582418661885e-01 5.882765672621492747e-01 5.491037735500767791e-01 2.591083200758647065e-01 0.000000000000000000e+00 6.532436600237803148e-01 9.119311709080546446e-02 4.783508373577760597e-01 5.788115901497691285e-01 2.128931868272622152e-01 6.162472369769873559e-01 5.706802587784722824e-01 8.513209802726322550e-01 4.812064539406849528e-01 7.127731276372467617e-01 5.069431455928579133e-01 6.949592989944647359e-01 4.939705430605331182e-01 9.058909368357470626e-02 4.504558986812195465e-01 9.053763533415504217e-02 8.117395627736926356e-01 7.609313071841247167e-01 5.363251517593516926e-01 3.476783524265414926e-01 5.260112393267377673e-01 3.777103188914006648e-01 4.679192252885003844e-01 3.844319310004744583e-01 7.932385616469106449e-01 3.291514632308771837e-01 5.373452768441941974e-01 5.112406450715925033e-01 5.542614700952562812e-01 5.167684538104637681e-01
5.009408847703561429e-01 3.680448977231062790e-01 8.704496010336608691e-01 7.443855033894155593e-01 6.532436600237803148e-01 0.000000000000000000e+00 7.416108302761069693e-01 6.907821179756062913e-01 7.453421298768421188e-01 8.056204536948214923e-01 4.599322225197760572e-01 6.237435822720123202e-01 7.065686552783282393e-01 4.366689738854683256e-01 7.097781466664954131e-01 4.831607072028981653e-01 5.037157072964285609e-01 5.903723884750735618e-01 5.771060899831721436e-01 8.858282941665482912e-01 6.398636762971692260e-01 4.872094548472250541e-01 6.714030078196092655e-01 7.581431444937467568e-01 1.589662181058701940e-01 5.668700055160498241e-01 2.387158443055054091e-01 5.333007233000880420e-01 1.113477417453094809e-01 3.254161644012109056e-01 9.755056171948380817e-01 5.973019731121749221e-01 5.714340071169882185e-01 9.059507148689835976e-01 6.465530514588267996e-01
5.116978245710250839e-01 6.892512668156773881e-01 3.628252191363680046e-01 6.663016690493881455e-01 9.119311709080546446e-02 7.416108302761069693e-01 0.000000000000000000e+00 5.964176051856425742e-01 3.165814192837469454e-01 2.040739745274701145e-01 8.931764171456992862e-01 8.593270682642264457e-01 2.894495616733452348e-01 6.827745719657121182e-01 5.468989868113125485e-01 4.525087437233533683e-01 3.895501475002594027e-01 6.246022186637182338e-01 8.386912274040677628e-01 2.639795958656873109e-01 1.537689791464035283e-01 3.293914883759682111e-01 5.133423597298677477e-01 4.487964687260519447e-01 6.127153407489942527e-01 4.548873872566691068e-01 6.753259647730505133e-01 5.912131404189920891e-01 6.046077624331134270e-01 3.894755290941697146e-01 3.303136955150520748e-01 5.995355702931022268e-01 5.597167851639721636e-01 4.550401482102184314e-01 6.582874044870823393e-01
4.586739085776058156e-01 8.154246394229391903e-01 7.367031042874667701e-01 3.537531641358383494e-01 4.783508373577760597e-01 6.907821179756062913e-01 5.964176051856425742e-01 0.000000000000000000e+00 5.752395009236116463e-01 6.493832691915604194e-01 5.642301614543498989e-01 5.069092082627727480e-01 4.997003548745854729e-01 5.365550601668129804e-01 7.908498805052586178e-01 9.191501387768625797e-01 8.345185976425946173e-01 7.491788770807721320e-01 6.123676829442248337e-01 6.519679359210840408e-01 8.849975244508503369e-01 7.979401310938221137e-01 4.519912573331332784e-01 9.693040531869248078e-01 5.842276595456321608e-01 4.968847509038467058e-01 9.205371769939937332e-01 5.923953175108203073e-01 4.372923203166341755e-01 4.927426340591632425e-01 1.799948023769643024e-01 5.318753637282140900e-01 5.365851256292097915e-01 4.813793371207747418e-01 2.768704868490063919e-01
8.728328967843986819e-01 9.049357680040386320e-01 6.108659370105140596e-01 8.411475099609175832e-01 5.788115901497691285e-01 7.453421298768421188e-01 3.165814192837469454e-01 5.752395009236116463e-01 0.000000000000000000e+00 7.009714175732120189e-01 2.043113971462003908e-01 6.140231744109536649e-01 4.179025986646817126e-01 5.838776269808714225e-01 5.514793284118892913e-01 2.933586508598367004e-01 2.510754825549976754e-01 5.069306310126788784e-01 7.932120838706613331e-01 9.342583176910397302e-01 5.219202595754613982e-01 9.795219532920638184e-01 5.474893297169876050e-01 2.142658751819364604e-01 9.276849949930838779e-01 4.865451435608303954e-01 4.535702681399087499e-01 4.346608735361514042e-01 5.346627512001307370e-01 1.481470899053843882e-01 3.310640204554144983e-01 4.770551062752471094e-01 7.909685409051913085e-01 4.574867868198991272e-01 3.813011297174720982e-01
5.506996267263879474e-01 3.843868933264447119e-01 5.206607882982117186e-01 6.438593885394827687e-02 2.128931868272622152e-01 8.056204536948214923e-01 2.040739745274701145e-01 6.493832691915604194e-01 7.009714175732120189e-01 0.000000000000000000e+00 8.530827796582400868e-01 7.056224783144128265e-01 2.766499994690538866e-01 7.649344155573705173e-01 8.939481410795212524e-01 5.471298828401616188e-01 7.135840666711270597e-01 1.160486903620679966e-01 7.866155225000541762e-01 8.654659302659808429e-01 8.469021834788106329e-01 5.435556356416679780e-01 3.398732517065394809e-01 7.032017467461018079e-01 4.943257853870488550e-01 6.704972910377224871e-01 2.486610668433287819e-01 3.248070150776849463e-02 8.705896147312648381e-01 7.018126807927362876e-01 7.847393812150134096e-01 5.600948296075223265e-01 2.121532432532438062e-01 6.478017860258913352e-01 1.115833024391644779e-01
5.884047420298751385e-01 4.567716300587768563e-01 7.268323996076916371e-01 4.052662176588395782e-01 6.162472369769873559e-01 4.599322225197760572e-01 8.931764171456992862e-01 5.642301614543498989e-01 2.043113971462003908e-01 8.530827796582400868e-01 0.000000000000000000e+00 5.888245118100794429e-01 8.329268951128643295e-01 7.409107889160286842e-01 8.097670847399600635e-01 3.289069448685356667e-01 6.249721723071175461e-01 1.393196519469962480e-01 5.715363610531609684e-01 3.617611362678966325e-01 5.254130234940981303e-01 5.007202376266659538e-01 5.057121213297159912e-01 4.964037156962059494e-01 5.348451684792683292e-01 7.613377343884830672e-01 3.043190014236693552e-01 4.982085415403674777e-01 5.651742219510409448e-01 4.193627828339910324e-01 8.973051610188829130e-01 6.665337455888195040e-01 9.411012379832841557e-01 5.075269859632608460e-01 8.699826077683546766e-01
9.255186218389173103e-01 6.294109413284476595e-01 3.713168082527065206e-01 5.520280697424809757e-01 5.706802587784722824e-01 6.237435822720123202e-01 8.593270682642264457e-01 5.069092082627727480e-01 6.140231744109536649e-01 7.056224783144128265e-01 5.888245118100794429e-01 0.000000000000000000e+00 9.297453411467615503e-01 4.416583428363705099e-01 9.547096361410469800e-01 5.757834561576704591e-01 2.187248455134349623e-01 8.047354742229305691e-01 6.678038239450299063e-01 6.357039941674408334e-01 4.301001255711847659e-01 5.716708077920197306e-01 3.465985632964804775e-01 7.936892094867564751e-01 4.632728167127163066e-01 9.141242930762252250e-01 4.319640552344028994e-01 3.718995063615543883e-01 4.558515581313397069e-01 4.149905307612490879e-01 8.444263586742966066e-01 3.146087710069401244e-01 4.351360143366161393e-01 5.404992175124854192e-01 8.404547532240236318e-01
6.852853823571161129e-01 6.969104226292410775e-01 6.859046390954032235e-01 1.476944388610206271e-01 8.513209802726322550e-01 7.065686552783282393e-01 2.894495616733452348e-01 4.997003548745854729e-01 4.179025986646817126e-01 2.766499994690538866e-01 8.329268951128643295e-01 9.297453411467615503e-01 0.000000000000000000e+00 3.367644147011925049e-01 4.035971493332862758e-01 7.074581959901138362e-02 4.704563817043111995e-01 4.078720326641686045e-01 4.310210219646772867e-01 6.536200213243593682e-01 8.492431865064549168e-01 8.717123367681294255e-01 1.357725196554674385e-01 7.850513586965428559e-01 4.681864223554840776e-01 4.852278444104929922e-01 3.653571401084980685e-01 4.541653846098012703e-01 9.636196412742847883e-02 2.619336105857126284e-01 4.822465375111799624e-01 5.133520094123094069e-01 4.761814637874222100e-01 2.571194238250548159e-01 7.100289644907675779e-01
8.464355967980852213e-01 3.795278552213203760e-01 6.878899121006537554e-01 7.322252894829530678e-01 4.812064539406849528e-01 4.366689738854683256e-01 6.827745719657121182e-01 5.365550601668129804e-01 5.838776269808714225e-01 7.649344155573705173e-01 7.409107889160286842e-01 4.416583428363705099e-01 3.367644147011925049e-01 0.000000000000000000e+00 1.109863423309375152e-01 4.315687215724359760e-01 7.533234146242291374e-01 3.819338525623607317e-01 4.484891195332638691e-01 3.580133988632287489e-01 7.302034518003845953e-01 4.426850784366352376e-01 4.095308512999729089e-01 5.866183272366343182e-01 4.900953564604076385e-01 4.284328645974445626e-01 2.065668875665879201e-01 8.752728371496847348e-01 4.360141745603877128e-01 8.207815838236646178e-01 5.740749605668903355e-01 3.920921718114224741e-01 4.864109720014689886e-01 1.272604239684339555e-01 8.297594273588472236e-01
5.179297757006904313e-01 5.360012260940525408e-01 7.830057486686539114e-01 7.954491937748099373e-01 7.127731276372467617e-01 7.097781466664954131e-01 5.468989868113125485e-01 7.908498805052586178e-01 5.514793284118892913e-01 8.939481410795212524e-01 8.097670847399600635e-01 9.547096361410469800e-01 4.035971493332862758e-01 1.109863423309375152e-01 0.000000000000000000e+00 3.797562600379816300e-01 5.863409167174848946e-01 2.760594409288114059e-01 8.399086427649520292e-01 6.894309965073759372e-01 5.425467117368636405e-01 8.309571871019822975e-01 8.245675542431940563e-01 6.194936315962665807e-01 3.524320399839783735e-01 4.350999212387596238e-02 4.576385225476874430e-01 3.199349862736834416e-01 5.656711640835703214e-01 4.954389803049217278e-01 6.931054955714627264e-01 3.698967501952242776e-01 9.101040793854511257e-01 9.549720644379571244e-01 7.654329686448968495e-01
6.799425054689200998e-01 3.069482214202330361e-01 5.620007589752478161e-01 4.799773259710993778e-01 5.069431455928579133e-01 4.831607072028981653e-01 4.525087437233533683e-01 9.191501387768625797e-01 2.933586508598367004e-01 5.471298828401616188e-01 3.289069448685356667e-01 5.757834561576704591e-01 7.074581959901138362e-02 4.315687215724359760e-01 3.797562600379816300e-01 0.000000000000000000e+00 5.154498240952062327e-01 7.291898898195918743e-01 5.298606178293143731e-01 5.163799426514167346e-01 9.243318155576927264e-01 2.055613610420135018e-01 8.835481641213580595e-01 2.587437487829240546e-01 1.217123195609441932e-01 4.743617807595706948e-01 9.530157601541215939e-01 3.815729811914456704e-01 4.918768190928645145e-01 4.987222269075895498e-01 2.956434248558699185e-01 5.240808332705102490e-01 3.357894330301882668e-01 5.225116075980318353e-01 3.174370953119143302e-01
1.620045056618865109e-01 5.991908628412838667e-01 1.692185744527144875e-01 6.456065737076065458e-01 6.949592989944647359e-01 5.037157072964285609e-01 3.895501475002594027e-01 8.345185976425946173e-01 2.510754825549976754e-01 7.135840666711270597e-01 6.249721723071175461e-01 2.187248455134349623e-01 4.704563817043111995e-01 7.533234146242291374e-01 5.863409167174848946e-01 5.154498240952062327e-01 0.000000000000000000e+00 2.533939793337359747e-01 9.750714125189299253e-01 4.896730938885442974e-01 3.225045329547303607e-01 7.652716649507560476e-01 4.382366617231159278e-02 5.750626298508789702e-01 3.574151898105419889e-01 3.316773644868749038e-01 3.613773844614158182e-01 5.577124752164466237e-01 6.549726554660127986e-01 8.575080641725266739e-01 3.960950071769579472e-01 6.951419266092997429e-01 4.432247149592918323e-01 5.762593748282633932e-01 5.604583095602099219e-01
6.289005595642477298e-01 8.262117705300046078e-01 4.501885499118947753e-01 7.157506396938446702e-01 4.939705430605331182e-01 5.903723884750735618e-01 6.246022186637182338e-01 7.491788770807721320e-01 5.069306310126788784e-01 1.160486903620679966e-01 1.393196519469962480e-01 8.047354742229305691e-01 4.078720326641686045e-01 3.819338525623607317e-01 2.760594409288114059e-01 7.291898898195918743e-01 2.533939793337359747e-01 0.000000000000000000e+00 5.233127684380114442e-01 1.012919858714361743e-01 7.529185490500925892e-01 4.971279138167478129e-01 2.004051374517291650e-01 2.236396938548060875e-01 8.003773543570935622e-01 4.004640723020317927e-01 6.672349529883886410e-01 5.017408777970400191e-01 6.090864686252420723e-01 3.329430121777284812e-01 1.517603812447907985e-01 3.120268882637364793e-01 1.739538313443804163e-01 8.445430729535197134e-02 2.393793632756489043e-01
3.740165555099302930e-01 6.755579850139008524e-01 3.118874353748509742e-01 4.372159221228849590e-01 9.058909368357470626e-02 5.771060899831721436e-01 8.386912274040677628e-01 6.123676829442248337e-01 7.932120838706613331e-01 7.866155225000541762e-01 5.715363610531609684e-01 6.678038239450299063e-01 4.310210219646772867e-01 4.484891195332638691e-01 8.399086427649520292e-01 5.298606178293143731e-01 9.750714125189299253e-01 5.233127684380114442e-01 0.000000000000000000e+00 5.406837949009248856e-01 8.865610395302879754e-01 4.004689534365220016e-01 3.988045443139958124e-01 8.022853259323525776e-01 1.820721387811189418e-01 5.733149734649671814e-01 3.301879974470531276e-01 6.222777584051751854e-01 3.257678762228183311e-01 6.024147144030129741e-01 5.438557168423714394e-01 2.012022799014094865e-01 3.427920353813121990e-01 4.325420666912355716e-01 5.369476851979748666e-01
4.257654550510145963e-01 4.902394864815540210e-01 4.702846470651322885e-01 5.038484988013183230e-01 4.504558986812195465e-01 8.858282941665482912e-01 2.639795958656873109e-01 6.519679359210840408e-01 9.342583176910397302e-01 8.654659302659808429e-01 3.617611362678966325e-01 6.357039941674408334e-01 6.536200213243593682e-01 3.580133988632287489e-01 6.894309965073759372e-01 5.163799426514167346e-01 4.896730938885442974e-01 1.012919858714361743e-01 5.406837949009248856e-01 0.000000000000000000e+00 3.325020322852634269e-02 7.203157141571268074e-01 3.056043972259915864e-01 7.677280438943190344e-02 8.009832040120501429e-01 1.489170768117613619e-01 1.436556369770282116e-01 3.665645671152865104e-01 5.263184202115587240e-01 5.218484656839139646e-01 7.897449814407483393e-01 6.272320390557162284e-01 5.181644089427548394e-01 4.481590963501867475e-01 5.827112435028449777e-01
7.305966313805583034e-01 7.192632994122432066e-01 6.275294470991894524e-01 6.971761763928160383e-01 9.053763533415504217e-02 6.398636762971692260e-01 1.537689791464035283e-01 8.849975244508503369e-01 5.219202595754613982e-01 8.469021834788106329e-01 5.254130234940981303e-01 4.301001255711847659e-01 8.492431865064549168e-01 7.302034518003845953e-01 5.425467117368636405e-01 9.243318155576927264e-01 3.225045329547303607e-01 7.529185490500925892e-01 8.865610395302879754e-01 3.325020322852634269e-02 0.000000000000000000e+00 6.402635361943513903e-01 3.916325160687151308e-01 5.068419273422770654e-01 8.646846412267443771e-01 3.051000734161579686e-01 7.293423328203441081e-02 5.306562472373403949e-01 6.661774216270428539e-01 4.368268493635517058e-01 3.894465333400968787e-01 6.294301395080077466e-01 3.641982114809212967e-01 5.798410486133180886e-01 5.879643780224468319e-01
6.608565908693674329e-01 5.307417067007450528e-01 3.904507758637019710e-01 5.423277956129455291e-01 8.117395627736926356e-01 4.872094548472250541e-01 3.293914883759682111e-01 7.979401310938221137e-01 9.795219532920638184e-01 5.435556356416679780e-01 5.007202376266659538e-01 5.716708077920197306e-01 8.717123367681294255e-01 4.426850784366352376e-01 8.309571871019822975e-01 2.055613610420135018e-01 7.652716649507560476e-01 4.971279138167478129e-01 4.004689534365220016e-01 7.203157141571268074e-01 6.402635361943513903e-01 0.000000000000000000e+00 4.443799443474626409e-01 6.281617144894702243e-01 4.049285789573751071e-01 5.046185934916050941e-01 4.985756467280160198e-01 7.540992164469954018e-01 5.921114332714181305e-01 8.024279971910243114e-01 6.360848834933241491e-01 3.284820262673180391e-01 1.828283891699182817e-01 1.927482143474112952e-01 4.647342895794649431e-01
3.516642527933391271e-01 3.430611476278662142e-01 4.790740650279957658e-01 5.410928044907648005e-01 7.609313071841247167e-01 6.714030078196092655e-01 5.133423597298677477e-01 4.519912573331332784e-01 5.474893297169876050e-01 3.398732517065394809e-01 5.057121213297159912e-01 3.465985632964804775e-01 1.357725196554674385e-01 4.095308512999729089e-01 8.245675542431940563e-01 8.835481641213580595e-01 4.382366617231159278e-02 2.004051374517291650e-01 3.988045443139958124e-01 3.056043972259915864e-01 3.916325160687151308e-01 4.443799443474626409e-01 0.000000000000000000e+00 7.702706491391200228e-01 9.197494128417016412e-01 3.793601424509830400e-01 2.409647362345549992e-01 4.528917243037294260e-01 5.357348364514002981e-01 8.563859749081028649e-01 5.146147215852944212e-01 6.641697668862932558e-01 3.379752052668446027e-01 6.653044586385306047e-01 4.745424593299215621e-01
4.589570064536299121e-01 2.557240864072394260e-01 4.133241203976626421e-01 7.862587618511418519e-01 5.363251517593516926e-01 7.581431444937467568e-01 4.487964687260519447e-01 9.693040531869248078e-01 2.142658751819364604e-01 7.032017467461018079e-01 4.964037156962059494e-01 7.936892094867564751e-01 7.850513586965428559e-01 5.866183272366343182e-01 6.194936315962665807e-01 2.587437487829240546e-01 5.750626298508789702e-01 2.236396938548060875e-01 8.022853259323525776e-01 7.677280438943190344e-02 5.068419273422770654e-01 6.281617144894702243e-01 7.702706491391200228e-01 0.000000000000000000e+00 1.978265217446200097e-01 5.659256896551283500e-01 6.177396484407694510e-01 2.659429628398009005e-01 5.824062558858986716e-01 4.927167861464125664e-01 5.950169917755165905e-01 6.686510010337194387e-01 6.860270900218990997e-01 6.672643598118004338e-01 7.513776720693581268e-01
8.406846917437005295e-01 8.816791203674350097e-01 2.997821857246052435e-02 5.253269190066840455e-01 3.476783524265414926e-01 1.589662181058701940e-01 6.127153407489942527e-01 5.842276595456321608e-01 9.276849949930838779e-01 4.943257853870488550e-01 5.348451684792683292e-01 4.632728167127163066e-01 4.681864223554840776e-01 4.900953564604076385e-01 3.524320399839783735e-01 1.217123195609441932e-01 3.574151898105419889e-01 8.003773543570935622e-01 1.820721387811189418e-01 8.009832040120501429e-01 8.646846412267443771e-01 4.049285789573751071e-01 9.197494128417016412e-01 1.978265217446200097e-01 0.000000000000000000e+00 5.721430426649743994e-01 5.201712224312232680e-01 3.440379786425893371e-01 8.271938534732278248e-01 2.354780873930514551e-01 3.273206016977193711e-01 4.677189734642589469e-01 2.173390982366052437e-01 4.834063225040934886e-01 8.490694707440141764e-01
5.651002700412026680e-01 6.515291198205386269e-02 3.995896456316287981e-01 3.518471926354035939e-01 5.260112393267377673e-01 5.668700055160498241e-01 4.548873872566691068e-01 4.968847509038467058e-01 4.865451435608303954e-01 6.704972910377224871e-01 7.613377343884830672e-01 9.141242930762252250e-01 4.852278444104929922e-01 4.284328645974445626e-01 4.350999212387596238e-02 4.743617807595706948e-01 3.316773644868749038e-01 4.004640723020317927e-01 5.733149734649671814e-01 1.489170768117613619e-01 3.051000734161579686e-01 5.046185934916050941e-01 3.793601424509830400e-01 5.659256896551283500e-01 5.721430426649743994e-01 0.000000000000000000e+00 5.427970198835889715e-01 2.535977330428772492e-01 6.019203577360086044e-01 6.521422630412729848e-01 5.968197949408375891e-01 8.548183520630738830e-01 6.488939564824368622e-01 4.733649910632201641e-01 6.964708993629271649e-01
4.086692103298231182e-01 5.466212433034201013e-01 4.963904410249302401e-01 8.552879403108342160e-01 3.777103188914006648e-01 2.387158443055054091e-01 6.753259647730505133e-01 9.205371769939937332e-01 4.535702681399087499e-01 2.486610668433287819e-01 3.043190014236693552e-01 4.319640552344028994e-01 3.653571401084980685e-01 2.065668875665879201e-01 4.576385225476874430e-01 9.530157601541215939e-01 3.613773844614158182e-01 6.672349529883886410e-01 3.301879974470531276e-01 1.436556369770282116e-01 7.293423328203441081e-02 4.985756467280160198e-01 2.409647362345549992e-01 6.177396484407694510e-01 5.201712224312232680e-01 5.427970198835889715e-01 0.000000000000000000e+00 5.728636586458573099e-01 4.054313188112853017e-01 3.064784619788171738e-01 8.270252321809425933e-01 8.235837471979846613e-01 7.427497559892179968e-01 7.106216526274597989e-01 8.685043046294250724e-01
6.128010566447882335e-01 7.782272653709696453e-01 6.789525711956019283e-01 5.294570655347250465e-01 4.679192252885003844e-01 5.333007233000880420e-01 5.912131404189920891e-01 5.923953175108203073e-01 4.346608735361514042e-01 3.248070150776849463e-02 4.982085415403674777e-01 3.718995063615543883e-01 4.541653846098012703e-01 8.752728371496847348e-01 3.199349862736834416e-01 3.815729811914456704e-01 5.577124752164466237e-01 5.017408777970400191e-01 6.222777584051751854e-01 3.665645671152865104e-01 5.306562472373403949e-01 7.540992164469954018e-01 4.528917243037294260e-01 2.659429628398009005e-01 3.440379786425893371e-01 2.535977330428772492e-01 5.728636586458573099e-01 0.000000000000000000e+00 4.915933209935901549e-01 1.482868898575205874e-01 5.481262824961566915e-01 1.378989008412607742e-01 3.412357544441269042e-01 5.998901143418499116e-01 3.073557346508674071e-01
3.760661074555737837e-01 9.043174382136642819e-01 4.229954327548188786e-01 5.579642774058051202e-01 3.844319310004744583e-01 1.113477417453094809e-01 6.046077624331134270e-01 4.372923203166341755e-01 5.346627512001307370e-01 8.705896147312648381e-01 5.651742219510409448e-01 4.558515581313397069e-01 9.636196412742847883e-02 4.360141745603877128e-01 5.656711640835703214e-01 4.918768190928645145e-01 6.549726554660127986e-01 6.090864686252420723e-01 3.257678762228183311e-01 5.263184202115587240e-01 6.661774216270428539e-01 5.921114332714181305e-01 5.357348364514002981e-01 5.824062558858986716e-01 8.271938534732278248e-01 6.019203577360086044e-01 4.054313188112853017e-01 4.915933209935901549e-01 0.000000000000000000e+00 2.368738138498849288e-01 8.912050005663431085e-01 4.773415836451294636e-01 5.808215093754400815e-01 9.255676119256239787e-01 5.104918201207555573e-01
8.385976020255687668e-01 8.755678124210987123e-01 7.675382364969361992e-01 6.885015278122527116e-01 7.932385616469106449e-01 3.254161644012109056e-01 3.894755290941697146e-01 4.927426340591632425e-01 1.481470899053843882e-01 7.018126807927362876e-01 4.193627828339910324e-01 4.149905307612490879e-01 2.619336105857126284e-01 8.207815838236646178e-01 4.954389803049217278e-01 4.987222269075895498e-01 8.575080641725266739e-01 3.329430121777284812e-01 6.024147144030129741e-01 5.218484656839139646e-01 4.368268493635517058e-01 8.024279971910243114e-01 8.563859749081028649e-01 4.927167861464125664e-01 2.354780873930514551e-01 6.521422630412729848e-01 3.064784619788171738e-01 1.482868898575205874e-01 2.368738138498849288e-01 0.000000000000000000e+00 1.461017367143980783e-01 7.231932876962257062e-01 3.598733822007431638e-01 1.331327855519971459e-01 7.185433649537104062e-01
7.623037118850983784e-01 4.444411231746843716e-01 3.211056642121692395e-01 1.716401498236932444e-01 3.291514632308771837e-01 9.755056171948380817e-01 3.303136955150520748e-01 1.799948023769643024e-01 3.310640204554144983e-01 7.847393812150134096e-01 8.973051610188829130e-01 8.444263586742966066e-01 4.822465375111799624e-01 5.740749605668903355e-01 6.931054955714627264e-01 2.956434248558699185e-01 3.960950071769579472e-01 1.517603812447907985e-01 5.438557168423714394e-01 7.897449814407483393e-01 3.894465333400968787e-01 6.360848834933241491e-01 5.146147215852944212e-01 5.950169917755165905e-01 3.273206016977193711e-01 5.968197949408375891e-01 8.270252321809425933e-01 5.481262824961566915e-01 8.912050005663431085e-01 1.461017367143980783e-01 0.000000000000000000e+00 8.137268880205013044e-01 4.514048422858474297e-01 5.013618714142921151e-01 3.114295051325792762e-01
7.298378293441558640e-01 3.972734442433159541e-01 6.024883571445255326e-01 5.785304925623759864e-01 5.373452768441941974e-01 5.973019731121749221e-01 5.995355702931022268e-01 5.318753637282140900e-01 4.770551062752471094e-01 5.600948296075223265e-01 6.665337455888195040e-01 3.146087710069401244e-01 5.133520094123094069e-01 3.920921718114224741e-01 3.698967501952242776e-01 5.240808332705102490e-01 6.951419266092997429e-01 3.120268882637364793e-01 2.012022799014094865e-01 6.272320390557162284e-01 6.294301395080077466e-01 3.284820262673180391e-01 6.641697668862932558e-01 6.686510010337194387e-01 4.677189734642589469e-01 8.548183520630738830e-01 8.235837471979846613e-01 1.378989008412607742e-01 4.773415836451294636e-01 7.231932876962257062e-01 8.137268880205013044e-01 0.000000000000000000e+00 5.130780590070936897e-01 1.931137947472769678e-01 2.929827249679483048e-01
7.682771748823548075e-01 2.963556091787555857e-02 8.680155977181918114e-01 3.104037104041816320e-01 5.112406450715925033e-01 5.714340071169882185e-01 5.597167851639721636e-01 5.365851256292097915e-01 7.909685409051913085e-01 2.121532432532438062e-01 9.411012379832841557e-01 4.351360143366161393e-01 4.761814637874222100e-01 4.864109720014689886e-01 9.101040793854511257e-01 3.357894330301882668e-01 4.432247149592918323e-01 1.739538313443804163e-01 3.427920353813121990e-01 5.181644089427548394e-01 3.641982114809212967e-01 1.828283891699182817e-01 3.379752052668446027e-01 6.860270900218990997e-01 2.173390982366052437e-01 6.488939564824368622e-01 7.427497559892179968e-01 3.412357544441269042e-01 5.808215093754400815e-01 3.598733822007431638e-01 4.514048422858474297e-01 5.130780590070936897e-01 0.000000000000000000e+00 2.066192168279785690e-01 2.070633766482109506e-01
7.748057348300962932e-01 4.956321975699694571e-01 3.667096880656383062e-01 5.012127248447536543e-01 5.542614700952562812e-01 9.059507148689835976e-01 4.550401482102184314e-01 4.813793371207747418e-01 4.574867868198991272e-01 6.478017860258913352e-01 5.075269859632608460e-01 5.404992175124854192e-01 2.571194238250548159e-01 1.272604239684339555e-01 9.549720644379571244e-01 5.225116075980318353e-01 5.762593748282633932e-01 8.445430729535197134e-02 4.325420666912355716e-01 4.481590963501867475e-01 5.798410486133180886e-01 1.927482143474112952e-01 6.653044586385306047e-01 6.672643598118004338e-01 4.834063225040934886e-01 4.733649910632201641e-01 7.106216526274597989e-01 5.998901143418499116e-01 9.255676119256239787e-01 1.331327855519971459e-01 5.013618714142921151e-01 1.931137947472769678e-01 2.066192168279785690e-01 0.000000000000000000e+00 5.656204985516282147e-01
8.127034307998848295e-02 4.891388045170284027e-01 3.541108070710659028e-01 3.023453644900743198e-01 5.167684538104637681e-01 6.465530514588267996e-01 6.582874044870823393e-01 2.768704868490063919e-01 3.813011297174720982e-01 1.115833024391644779e-01 8.699826077683546766e-01 8.404547532240236318e-01 7.100289644907675779e-01 8.297594273588472236e-01 7.654329686448968495e-01 3.174370953119143302e-01 5.604583095602099219e-01 2.393793632756489043e-01 5.369476851979748666e-01 5.827112435028449777e-01 5.879643780224468319e-01 4.647342895794649431e-01 4.745424593299215621e-01 7.513776720693581268e-01 8.490694707440141764e-01 6.964708993629271649e-01 8.685043046294250724e-01 3.073557346508674071e-01 5.104918201207555573e-01 7.185433649537104062e-01 3.114295051325792762e-01 2.929827249679483048e-01 2.070633766482109506e-01 5.656204985516282147e-01 0.000000000000000000e+00
