0.000000000000000000e+00 7.702999003097095176e-01 6.702232350017178764e-01 4.892411234367403661e-01 6.222330145653871547e-01 4.887458793995005379e-01 4.512956113153251958e-01 1.002216086235796499e-01 3.165853614496019763e-01 3.718117579952840424e-01 9.557762950902164434e-01 4.377963467705954792e-01 1.045609655379033942e-01 1.203099000458346390e-01 7.739402640068702155e-01 4.909027832516322243e-01 2.093947805016946884e-01 5.492487440322650905e-01 3.424382211890474870e-01 4.967135078171977525e-01 4.944840996165187907e-01 5.070693182172114621e-01 4.996199850408196141e-01 1.303204870311685526e-01 2.677337455195843985e-01 4.645811603895701469e-01 4.212904501332245255e-01 5.239006741773246656e-01 3.075247000680566001e-01 2.035031298966467617e-01 6.262439765878076159e-01 6.821875829876757891e-01 5.466309154744104504e-01 7.334839333019418373e-01 6.311123807653686857e-01
7.702999003097095176e-01 0.000000000000000000e+00 6.845641602987128094e-01 4.610833945749238660e-01 2.064268013924318024e-01 4.932302407206358152e-01 3.810642333312161956e-01 5.447804398124667102e-01 3.724010765795234823e-01 5.141890074732410332e-01 4.916971711556202829e-01 4.725501588033371170e-01 2.664475678696017757e-01 8.304795239938278506e-01 3.505870256033281618e-01 6.637279141195351340e-01 3.894844716582358535e-01 4.494666134619842435e-01 6.422647863666305357e-01 7.049838325886299550e-01 6.353974947954832420e-01 5.079532083010369625e-01 2.862197594658368871e-01 3.705396669070828430e-01 5.612162957514477135e-01 4.850669487143873804e-01 4.199290378949062097e-01 4.679433341413044567e-01 4.119954998561242143e-01 6.772689677991464707e-01 1.615452700932076269e-01 8.829585821589241990e-01 3.858514309017672672e-01 4.956197867200272111e-01 5.327663512756116715e-01
6.702232350017178764e-01 6.845641602987128094e-01 0.000000000000000000e+00 4.783419876863058140e-01 7.188656561350367236e-01 5.526186893485761642e-01 8.325773759246318795e-01 5.881445572462640214e-01 3.288439997228557732e-01 5.144606795729955717e-01 1.579923711471390435e-01 4.265244750332136681e-01 5.808064476668806098e-01 2.852354914108322648e-01 7.353464595220498001e-01 5.790423042742676163e-01 6.872786823985208571e-01 6.605759673574048696e-01 9.677209391794174831e-01 3.780365357557256556e-01 8.320886300511602940e-01 2.690829142505241633e-01 3.430091054303218145e-01 3.522883898542752412e-01 3.170154988672374552e-01 5.931488263143136486e-01 7.524164534080775013e-01 8.917692145245732505e-01 4.791891810102079652e-01 4.757234511644009012e-01 2.664795518566911436e-01 4.888489658692570239e-01 8.509079707328688347e-01 7.455785523902860312e-01 3.052147236222196858e-01
4.892411234367403661e-01 4.610833945749238660e-01 4.783419876863058140e-01 0.000000000000000000e+00 5.082704227354127857e-01 6.503788541913937404e-01 8.125099947823941626e-01 5.991891411450169791e-01 7.602107227254608635e-01 8.529032245326231276e-01 6.431968575283806278e-01 7.976234371901704812e-01 3.372142448894345224e-01 2.097859604564114022e-01 4.106061565134745961e-01 6.986935449037459112e-01 5.092338444104006490e-01 2.400364871812046275e-01 8.203741308562437773e-01 8.817275165636497825e-01 6.855376003553903530e-01 7.859353156942950891e-01 7.525818728663857815e-01 8.636769350413279200e-01 7.959124614389345709e-01 4.974685918673292795e-01 5.340465833019557573e-01 4.223642538934309631e-01 5.969609529217785315e-01 3.776704888383642933e-01 4.657980094151876194e-01 8.264658220362275376e-01 7.461388186549182677e-01 6.267112519808423210e-01 7.484123412608493231e-01
6.222330145653871547e-01 2.064268013924318024e-01 7.188656561350367236e-01 5.082704227354127857e-01 0.000000000000000000e+00 7.195624233625053101e-01 6.522053470022994848e-01 6.060251145429084163e-01 2.081115890016247971e-01 1.127174995049959882e-01 9.362383964661558089e-01 4.216642062926827528e-01 3.463468508594835793e-01 7.825777827981069690e-01 5.413648072826064972e-01 7.626745609327069131e-01 7.090301086790415930e-01 5.938346915151502259e-01 1.372732168589936297e-01 6.027207213849403722e-01 8.920907517892774363e-01 6.618084929693078822e-01 5.347276494686756809e-01 3.869753238145046126e-01 4.524208633831127147e-01 7.407805055143352746e-01 5.754862839158358945e-01 4.203600949517690144e-01 2.420692091794429679e-01 8.062417880374914692e-01 4.851848733796575441e-01 7.836022645607706449e-01 9.665026945064786323e-01 3.651174380225998828e-01 6.144180217352023243e-01
4.887458793995005379e-01 4.932302407206358152e-01 5.526186893485761642e-01 6.503788541913937404e-01 7.195624233625053101e-01 0.000000000000000000e+00 7.956820571070698511e-01 2.414190808820586565e-01 5.585377343504940306e-01 4.107634878616391316e-01 2.198209010597891311e-01 5.079612730209512872e-01 7.412761903522584461e-01 4.353218294751309836e-01 5.756983289457737740e-01 8.033903141473267562e-01 5.602250788925029479e-01 3.905666613053354608e-01 3.492318649721815049e-01 6.891196099431260436e-01 2.240659222755660984e-01 2.394174393842667115e-01 4.165154593431285024e-01 2.505208318711295012e-01 7.025434525841680600e-01 6.749665567224838458e-01 3.582720006563811510e-01 2.595915129312541536e-01 2.354129325577801468e-01 7.063860046468602993e-01 2.146766570414487818e-01 7.844035879525745880e-01 2.686404062959583117e-01 4.740325002190158288e-01 2.243496874812819231e-01
4.512956113153251958e-01 3.810642333312161956e-01 8.325773759246318795e-01 8.125099947823941626e-01 6.522053470022994848e-01 7.956820571070698511e-01 0.000000000000000000e+00 9.387106980509687393e-01 3.245239002755928026e-01 5.718868740486768854e-01 6.183986398963563502e-01 8.635305460041595715e-01 4.885231799465557523e-01 4.533182267789045983e-01 4.836321614327674934e-01 1.676261773823720658e-01 7.386817488377142027e-01 9.299023137041051434e-01 6.149677750017183975e-01 9.344902211298546924e-01 7.892252479520489583e-01 3.606339429822968956e-01 7.048141366406053265e-01 2.857808902082740188e-01 2.710429169257537185e-01 5.187533142211224746e-01 3.683663050153097029e-01 7.974861772239059121e-01 8.611138096424257871e-01 5.145203362090452481e-01 1.314284013745715685e-01 5.149810707885060790e-01 4.061779297709990355e-01 9.551336780394047432e-01 9.598857023116915688e-01
1.002216086235796499e-01 5.447804398124667102e-01 5.881445572462640214e-01 5.991891411450169791e-01 6.060251145429084163e-01 2.414190808820586565e-01 9.387106980509687393e-01 0.000000000000000000e+00 2.894854925272378754e-01 8.850676785488050813e-01 6.616116366443151042e-01 6.323944921380886264e-01 8.053111462620605732e-01 6.645595127697363491e-01 4.217959725208200172e-01 7.530062019445666888e-01 8.199078889453087493e-01 7.648903866322454004e-01 3.391959294661233137e-01 3.514451702921809195e-01 5.236967793000685267e-01 7.104043036459950500e-01 5.099180994078038598e-01 5.730639333841560656e-01 2.784639237334399775e-01 8.671756092276826644e-01 5.162789043722624260e-01 6.930519517001347829e-01 3.660125898690642643e-01 5.734393822811227892e-01 8.201535886539730313e-01 4.378201432099942392e-01 4.751061068376654095e-01 4.365140587711009434e-01 8.141225480914908719e-01
3.165853614496019763e-01 3.724010765795234823e-01 3.288439997228557732e-01 7.602107227254608635e-01 2.081115890016247971e-01 5.585377343504940306e-01 3.245239002755928026e-01 2.894854925272378754e-01 0.000000000000000000e+00 5.619956457273767025e-01 1.624777381602307558e-01 8.448135781042379611e-01 6.452731324551799208e-01 3.293490316625041769e-01 7.261775608518259428e-01 9.114156642205362147e-02 7.341426688833991854e-01 8.642002139892017709e-01 8.781349187575773207e-01 7.067918800065797758e-01 7.151347381466099939e-01 8.401991271228383962e-01 6.236229747022887793e-01 5.424386493619179905e-01 6.746805968913440754e-01 3.526658700248050948e-01 1.400181288882955677e-01 4.670573125471780829e-01 7.230161728219832717e-01 5.469142458841387278e-01 4.855656463190485828e-01 3.636481811213160276e-01 5.271480623795057330e-01 4.645983819250091851e-01 3.923269806835025797e-01
3.718117579952840424e-01 5.141890074732410332e-01 5.144606795729955717e-01 8.529032245326231276e-01 1.127174995049959882e-01 4.107634878616391316e-01 5.718868740486768854e-01 8.850676785488050813e-01 5.619956457273767025e-01 0.000000000000000000e+00 5.127801585146434249e-01 2.743109433802362607e-01 3.117379728070436284e-01 3.097766725108218600e-01 1.694390690848157632e-01 9.318860011591134640e-01 7.367324018036428557e-01 6.088066549549082662e-01 5.048151987366885640e-01 2.061849326311226416e-01 3.367594316321615433e-01 5.734574633375946195e-01 2.253948956737305553e-01 7.038472682533156721e-01 7.970726119023046063e-01 8.756610587144345592e-01 7.938256633055904565e-01 4.718585775727516252e-01 8.461693470094207026e-01 7.303523877542834608e-01 3.503962373238879158e-01 7.460311376011596884e-01 6.595708725086165680e-01 5.525672567130068824e-01 2.873803270573105362e-01
9.557762950902164434e-01 4.916971711556202829e-01 1.579923711471390435e-01 6.431968575283806278e-01 9.362383964661558089e-01 2.198209010597891311e-01 6.183986398963563502e-01 6.616116366443151042e-01 1.624777381602307558e-01 5.127801585146434249e-01 0.000000000000000000e+00 8.638831187676183632e-01 8.974902571583547317e-01 3.294084672340258368e-01 7.782977580047277799e-01 4.364335110237675952e-01 5.263521783085964856e-01 4.276577545069857322e-01 6.885554864500509353e-01 1.929648488741262380e-01 5.504303698742158968e-01 2.256383531331488390e-01 4.339033549056842132e-01 5.556913974339250384e-01 4.027511371613609059e-01 7.133896326695937651e-01 6.902917500611622792e-01 6.213641558892381012e-01 3.693531648340092621e-01 5.998901281809332353e-01 4.402898069678073401e-01 8.101616202164767522e-01 7.647575186086491561e-01 6.166894145350717560e-01 3.667352494898337145e-01
4.377963467705954792e-01 4.725501588033371170e-01 4.265244750332136681e-01 7.976234371901704812e-01 4.216642062926827528e-01 5.079612730209512872e-01 8.635305460041595715e-01 6.323944921380886264e-01 8.448135781042379611e-01 2.743109433802362607e-01 8.638831187676183632e-01 0.000000000000000000e+00 6.718866352177732537e-01 4.238482511388467211e-01 6.541345716877080552e-01 2.658502238393266603e-01 5.633242010675745259e-01 4.465689976456213572e-01 4.982777294832246850e-01 6.105283251407127576e-01 7.753414657331983983e-01 4.492903117000643931e-01 4.720853414404792003e-01 5.182279654696668736e-01 4.672616917685646909e-01 5.547911283359056034e-01 6.286095632485795281e-01 5.797146918903746116e-01 4.498893784787627581e-02 2.104625138990383615e-01 3.851618312489090146e-01 1.825022843172139364e-01 8.110755129213800263e-01 4.708078787355124417e-01 7.303788734545173522e-01
1.045609655379033942e-01 2.664475678696017757e-01 5.808064476668806098e-01 3.372142448894345224e-01 3.463468508594835793e-01 7.412761903522584461e-01 4.885231799465557523e-01 8.053111462620605732e-01 6.452731324551799208e-01 3.117379728070436284e-01 8.974902571583547317e-01 6.718866352177732537e-01 0.000000000000000000e+00 6.228728516194363962e-01 1.381647544475257949e-01 6.610284941096693512e-01 6.289977566514124430e-01 6.684645617681093110e-01 7.135112867892565713e-01 6.020246034049412387e-01 8.168413020162967886e-02 4.712933109689123601e-01 1.404833793934930908e-01 4.512411959923150473e-01 7.683162087581294486e-01 3.351360018923714712e-01 7.961619959572678873e-01 7.439948217554023246e-01 8.665110656456742610e-01 6.724323901848692220e-01 2.772000798671697686e-01 4.357996712197279576e-01 3.973284131016872056e-01 1.260221255986969657e-01 6.681268927060051155e-01
1.203099000458346390e-01 8.304795239938278506e-01 2.852354914108322648e-01 2.097859604564114022e-01 7.825777827981069690e-01 4.353218294751309836e-01 4.533182267789045983e-01 6.645595127697363491e-01 3.293490316625041769e-01 3.097766725108218600e-01 3.294084672340258368e-01 4.238482511388467211e-01 6.228728516194363962e-01 0.000000000000000000e+00 3.882033751544454736e-01 7.536419388158539512e-01 6.885510086327255586e-01 1.051801859504027936e-01 9.495228247654652343e-01 5.410259262342227427e-01 5.709555888394092227e-01 4.038883157906017485e-01 3.177461522644238756e-01 5.622926707888300513e-01 7.886607542595568399e-01 4.094291618680062639e-01 5.808825980927190269e-01 7.973210831322219416e-01 4.738426841953562452e-01 8.187920788375937509e-01 7.386577012969326450e-01 9.626946603572572592e-02 2.522431871688595173e-01 5.638386192559670107e-01 4.925980795273822710e-01
7.739402640068702155e-01 3.505870256033281618e-01 7.353464595220498001e-01 4.106061565134745961e-01 5.413648072826064972e-01 5.756983289457737740e-01 4.836321614327674934e-01 4.217959725208200172e-01 7.261775608518259428e-01 1.694390690848157632e-01 7.782977580047277799e-01 6.541345716877080552e-01 1.381647544475257949e-01 3.882033751544454736e-01 0.000000000000000000e+00 6.506781939619354915e-01 6.365960248600213145e-01 6.703329046560433380e-01 4.956105515963089014e-01 1.797038279831804086e-01 6.507722161120599313e-01 7.228783492409650568e-01 6.137989157029988263e-01 8.822957668271216303e-01 8.002796057376195815e-01 6.738360310296995781e-01 8.262556687897304464e-01 6.986008002124535210e-01 6.187572105826634195e-01 6.018425769206434683e-01 4.635567613059676240e-01 5.014449387891932730e-01 7.652310530650994203e-01 7.098135271482250985e-01 3.778119794970319911e-01
4.909027832516322243e-01 6.637279141195351340e-01 5.790423042742676163e-01 6.986935449037459112e-01 7.626745609327069131e-01 8.033903141473267562e-01 1.676261773823720658e-01 7.530062019445666888e-01 9.114156642205362147e-02 9.318860011591134640e-01 4.364335110237675952e-01 2.658502238393266603e-01 6.610284941096693512e-01 7.536419388158539512e-01 6.506781939619354915e-01 0.000000000000000000e+00 1.403241788818700986e-01 2.011632512656712501e-01 1.630461076104094964e-02 6.794529692389333908e-01 4.621092786497986715e-01 5.728589435764471771e-01 4.260735767562043308e-01 5.910802637651819680e-01 5.013189754767014561e-01 6.100301330607815764e-01 7.370702661382610987e-01 2.850354658387668771e-01 4.953600350580783518e-01 7.378265529735164030e-01 9.371323005729403910e-01 5.964830991212382028e-01 3.588128014080494976e-01 6.451805422017350411e-01 6.124669763459134053e-01
2.093947805016946884e-01 3.894844716582358535e-01 6.872786823985208571e-01 5.092338444104006490e-01 7.090301086790415930e-01 5.602250788925029479e-01 7.386817488377142027e-01 8.199078889453087493e-01 7.341426688833991854e-01 7.367324018036428557e-01 5.263521783085964856e-01 5.633242010675745259e-01 6.289977566514124430e-01 6.885510086327255586e-01 6.365960248600213145e-01 1.403241788818700986e-01 0.000000000000000000e+00 1.545834786588656806e-01 5.573935513236415451e-01 5.165662390291967387e-01 4.713838062416452201e-01 1.283780883565335262e-01 8.631716411289580559e-01 7.200134721374699120e-01 4.113858675247304419e-01 7.631139000577719100e-01 4.500737793366249018e-01 2.873803387116058428e-01 4.628111278432224807e-01 6.613941863762746731e-01 6.531016158629070478e-01 4.075041537408247705e-01 4.568633759274515760e-01 7.851242225321384272e-01 4.148848926059541808e-01
5.492487440322650905e-01 4.494666134619842435e-01 6.605759673574048696e-01 2.400364871812046275e-01 5.938346915151502259e-01 3.905666613053354608e-01 9.299023137041051434e-01 7.648903866322454004e-01 8.642002139892017709e-01 6.088066549549082662e-01 4.276577545069857322e-01 4.465689976456213572e-01 6.684645617681093110e-01 1.051801859504027936e-01 6.703329046560433380e-01 2.011632512656712501e-01 1.545834786588656806e-01 0.000000000000000000e+00 4.540657347256768506e-01 6.649251205931181463e-01 7.062581092882219691e-01 7.543827289576485740e-01 5.884362792503665673e-01 5.121687788927362650e-01 3.252352508002399611e-01 4.401849425545740768e-01 7.029359468186491267e-01 7.879442732302160968e-01 5.611991696780019856e-01 4.398696025721501313e-01 2.479071972832784798e-01 9.184319068889765791e-01 5.111447377432951633e-01 4.965777108981019872e-01 6.850187066397135371e-01
3.424382211890474870e-01 6.422647863666305357e-01 9.677209391794174831e-01 8.203741308562437773e-01 1.372732168589936297e-01 3.492318649721815049e-01 6.149677750017183975e-01 3.391959294661233137e-01 8.781349187575773207e-01 5.048151987366885640e-01 6.885554864500509353e-01 4.982777294832246850e-01 7.135112867892565713e-01 9.495228247654652343e-01 4.956105515963089014e-01 1.630461076104094964e-02 5.573935513236415451e-01 4.540657347256768506e-01 0.000000000000000000e+00 6.486432308298240024e-01 6.952666620286438448e-01 5.239312029436768992e-01 4.455974572995722305e-01 5.457552702015899815e-01 5.831963827396017264e-01 5.476116342359536038e-01 5.337263485599418322e-01 6.409644581806115404e-01 5.454546167357887665e-01 5.031673574897730372e-01 5.627940841476251066e-01 6.805219540016924640e-01 3.423283669527138473e-01 1.556751168705556854e-01 6.642607051710379684e-01
4.967135078171977525e-01 7.049838325886299550e-01 3.780365357557256556e-01 8.817275165636497825e-01 6.027207213849403722e-01 6.891196099431260436e-01 9.344902211298546924e-01 3.514451702921809195e-01 7.067918800065797758e-01 2.061849326311226416e-01 1.929648488741262380e-01 6.105283251407127576e-01 6.020246034049412387e-01 5.410259262342227427e-01 1.797038279831804086e-01 6.794529692389333908e-01 5.165662390291967387e-01 6.649251205931181463e-01 6.486432308298240024e-01 0.000000000000000000e+00 7.287176433685604859e-01 3.973203135773141215e-01 5.284042994983362274e-01 4.148813789100541105e-01 1.420512258480133294e-01 4.725733673602960927e-01 5.652728936968147710e-01 2.113678414838737751e-01 5.500610687445377511e-01 9.402736575425906240e-01 9.817927414366167671e-02 8.203811100869953243e-01 5.317203231824088050e-01 4.033911184578720110e-01 8.378180399598820216e-01
4.944840996165187907e-01 6.353974947954832420e-01 8.320886300511602940e-01 6.855376003553903530e-01 8.920907517892774363e-01 2.240659222755660984e-01 7.892252479520489583e-01 5.236967793000685267e-01 7.151347381466099939e-01 3.367594316321615433e-01 5.504303698742158968e-01 7.753414657331983983e-01 8.168413020162967886e-02 5.709555888394092227e-01 6.507722161120599313e-01 4.621092786497986715e-01 4.713838062416452201e-01 7.062581092882219691e-01 6.952666620286438448e-01 7.287176433685604859e-01 0.000000000000000000e+00 9.071371488343322742e-01 6.078954369713255312e-01 5.577307157178170716e-01 4.271496672632896230e-01 7.429298833416491110e-01 7.626923143974322361e-01 5.204956941492054900e-01 7.262303720659466499e-01 1.931453715467665866e-01 4.684210031247548756e-01 4.790016151942250722e-01 3.881747539118194368e-01 3.656378223799858218e-01 4.353403252106777810e-01
5.070693182172114621e-01 5.079532083010369625e-01 2.690829142505241633e-01 7.859353156942950891e-01 6.618084929693078822e-01 2.394174393842667115e-01 3.606339429822968956e-01 7.104043036459950500e-01 8.401991271228383962e-01 5.734574633375946195e-01 2.256383531331488390e-01 4.492903117000643931e-01 4.712933109689123601e-01 4.038883157906017485e-01 7.228783492409650568e-01 5.728589435764471771e-01 1.283780883565335262e-01 7.543827289576485740e-01 5.239312029436768992e-01 3.973203135773141215e-01 9.071371488343322742e-01 0.000000000000000000e+00 8.374192463014717980e-01 8.087779018447940338e-01 4.842747325222430121e-01 3.235346939914431896e-01 7.822665850050316561e-01 9.637170481443009251e-01 7.467888247497908027e-01 8.774121730497034255e-01 5.753617051531036974e-01 4.233351544031722646e-01 3.315491765766673260e-01 7.071470726279660557e-01 5.913266696041662440e-01
4.996199850408196141e-01 2.862197594658368871e-01 3.430091054303218145e-01 7.525818728663857815e-01 5.347276494686756809e-01 4.165154593431285024e-01 7.048141366406053265e-01 5.099180994078038598e-01 6.236229747022887793e-01 2.253948956737305553e-01 4.339033549056842132e-01 4.720853414404792003e-01 1.404833793934930908e-01 3.177461522644238756e-01 6.137989157029988263e-01 4.260735767562043308e-01 8.631716411289580559e-01 5.884362792503665673e-01 4.455974572995722305e-01 5.284042994983362274e-01 6.078954369713255312e-01 8.374192463014717980e-01 0.000000000000000000e+00 4.286191011625005709e-01 6.239756514611833893e-01 3.847893540638360754e-01 4.539255703090161465e-01 6.389936067559754962e-01 5.034386637837229284e-01 1.945409785907669109e-01 1.308960221751700459e-01 6.488633974755775302e-01 3.486060635235201932e-01 7.531669103028948431e-01 3.285977171979211908e-01
1.303204870311685526e-01 3.705396669070828430e-01 3.522883898542752412e-01 8.636769350413279200e-01 3.869753238145046126e-01 2.505208318711295012e-01 2.857808902082740188e-01 5.730639333841560656e-01 5.424386493619179905e-01 7.038472682533156721e-01 5.556913974339250384e-01 5.182279654696668736e-01 4.512411959923150473e-01 5.622926707888300513e-01 8.822957668271216303e-01 5.910802637651819680e-01 7.200134721374699120e-01 5.121687788927362650e-01 5.457552702015899815e-01 4.148813789100541105e-01 5.577307157178170716e-01 8.087779018447940338e-01 4.286191011625005709e-01 0.000000000000000000e+00 3.100320133475460427e-01 9.679220190492199283e-01 8.249579955318118163e-01 4.468368795987874842e-01 4.022775454370614012e-01 6.858909169952221996e-01 4.843021254263452091e-01 3.114201294589870050e-01 5.968739382174956809e-01 1.401882692163884392e-01 2.384428535335066934e-01
2.677337455195843985e-01 5.612162957514477135e-01 3.170154988672374552e-01 7.959124614389345709e-01 4.524208633831127147e-01 7.025434525841680600e-01 2.710429169257537185e-01 2.784639237334399775e-01 6.746805968913440754e-01 7.970726119023046063e-01 4.027511371613609059e-01 4.672616917685646909e-01 7.683162087581294486e-01 7.886607542595568399e-01 8.002796057376195815e-01 5.013189754767014561e-01 4.113858675247304419e-01 3.252352508002399611e-01 5.831963827396017264e-01 1.420512258480133294e-01 4.271496672632896230e-01 4.842747325222430121e-01 6.239756514611833893e-01 3.100320133475460427e-01 0.000000000000000000e+00 6.898838797785014076e-01 7.349797657842978005e-01 2.589643875409181062e-01 9.599570433205965037e-01 5.205512242109449073e-01 5.352470267112634517e-01 8.603508872121214957e-01 5.353100228419409579e-01 7.562063151660451954e-01 3.533632462069422608e-01
4.645811603895701469e-01 4.850669487143873804e-01 5.931488263143136486e-01 4.974685918673292795e-01 7.407805055143352746e-01 6.749665567224838458e-01 5.187533142211224746e-01 8.671756092276826644e-01 3.526658700248050948e-01 8.756610587144345592e-01 7.133896326695937651e-01 5.547911283359056034e-01 3.351360018923714712e-01 4.094291618680062639e-01 6.738360310296995781e-01 6.100301330607815764e-01 7.631139000577719100e-01 4.401849425545740768e-01 5.476116342359536038e-01 4.725733673602960927e-01 7.429298833416491110e-01 3.235346939914431896e-01 3.847893540638360754e-01 9.679220190492199283e-01 6.898838797785014076e-01 0.000000000000000000e+00 7.677631345490855130e-01 5.243817243687709517e-01 4.488407354681318573e-01 6.605673685447788213e-01 4.608684102361320090e-01 8.884070437124800268e-01 5.186368151007787475e-01 1.613488361437940277e-01 4.494265997014287306e-01
4.212904501332245255e-01 4.199290378949062097e-01 7.524164534080775013e-01 5.340465833019557573e-01 5.754862839158358945e-01 3.582720006563811510e-01 3.683663050153097029e-01 5.162789043722624260e-01 1.400181288882955677e-01 7.938256633055904565e-01 6.902917500611622792e-01 6.286095632485795281e-01 7.961619959572678873e-01 5.808825980927190269e-01 8.262556687897304464e-01 7.370702661382610987e-01 4.500737793366249018e-01 7.029359468186491267e-01 5.337263485599418322e-01 5.652728936968147710e-01 7.626923143974322361e-01 7.822665850050316561e-01 4.539255703090161465e-01 8.249579955318118163e-01 7.349797657842978005e-01 7.677631345490855130e-01 0.000000000000000000e+00 5.296607001332578335e-01 5.399857947286490489e-01 5.741164779739560409e-01 8.981796826537966627e-01 8.740582473017373122e-01 9.145676559960908003e-01 3.475789527392514344e-01 4.577723736584135006e-01
5.239006741773246656e-01 4.679433341413044567e-01 8.917692145245732505e-01 4.223642538934309631e-01 4.203600949517690144e-01 2.595915129312541536e-01 7.974861772239059121e-01 6.930519517001347829e-01 4.670573125471780829e-01 4.718585775727516252e-01 6.213641558892381012e-01 5.797146918903746116e-01 7.439948217554023246e-01 7.973210831322219416e-01 6.986008002124535210e-01 2.850354658387668771e-01 2.873803387116058428e-01 7.879442732302160968e-01 6.409644581806115404e-01 2.113678414838737751e-01 5.204956941492054900e-01 9.637170481443009251e-01 6.389936067559754962e-01 4.468368795987874842e-01 2.589643875409181062e-01 5.243817243687709517e-01 5.296607001332578335e-01 0.000000000000000000e+00 8.562183037084303283e-01 4.851739086642133936e-01 2.859267981805324599e-01 6.406300450798986246e-01 8.170168447769168285e-01 2.861697880955713091e-01 4.365739547781931629e-01
3.075247000680566001e-01 4.119954998561242143e-01 4.791891810102079652e-01 5.969609529217785315e-01 2.420692091794429679e-01 2.354129325577801468e-01 8.611138096424257871e-01 3.660125898690642643e-01 7.230161728219832717e-01 8.461693470094207026e-01 3.693531648340092621e-01 4.498893784787627581e-02 8.665110656456742610e-01 4.738426841953562452e-01 6.187572105826634195e-01 4.953600350580783518e-01 4.628111278432224807e-01 5.611991696780019856e-01 5.454546167357887665e-01 5.500610687445377511e-01 7.262303720659466499e-01 7.467888247497908027e-01 5.034386637837229284e-01 4.022775454370614012e-01 9.599570433205965037e-01 4.488407354681318573e-01 5.399857947286490489e-01 8.562183037084303283e-01 0.000000000000000000e+00 4.762140780906033433e-01 4.165267916170634632e-01 5.001381925636589898e-01 6.811191486369734260e-01 6.688600472764927307e-01 6.396534854327089459e-01
2.035031298966467617e-01 6.772689677991464707e-01 4.757234511644009012e-01 3.776704888383642933e-01 8.062417880374914692e-01 7.063860046468602993e-01 5.145203362090452481e-01 5.734393822811227892e-01 5.469142458841387278e-01 7.303523877542834608e-01 5.998901281809332353e-01 2.104625138990383615e-01 6.724323901848692220e-01 8.187920788375937509e-01 6.018425769206434683e-01 7.378265529735164030e-01 6.613941863762746731e-01 4.398696025721501313e-01 5.031673574897730372e-01 9.402736575425906240e-01 1.931453715467665866e-01 8.774121730497034255e-01 1.945409785907669109e-01 6.858909169952221996e-01 5.205512242109449073e-01 6.605673685447788213e-01 5.741164779739560409e-01 4.851739086642133936e-01 4.762140780906033433e-01 0.000000000000000000e+00 8.625867030385765410e-01 5.965548707079186830e-01 3.689186132817968700e-01 4.387385307860612871e-01 6.685800051670252042e-01
6.262439765878076159e-01 1.615452700932076269e-01 2.664795518566911436e-01 4.657980094151876194e-01 4.851848733796575441e-01 2.146766570414487818e-01 1.314284013745715685e-01 8.201535886539730313e-01 4.855656463190485828e-01 3.503962373238879158e-01 4.402898069678073401e-01 3.851618312489090146e-01 2.772000798671697686e-01 7.386577012969326450e-01 4.635567613059676240e-01 9.371323005729403910e-01 6.531016158629070478e-01 2.479071972832784798e-01 5.627940841476251066e-01 9.817927414366167671e-02 4.684210031247548756e-01 5.753617051531036974e-01 1.308960221751700459e-01 4.843021254263452091e-01 5.352470267112634517e-01 4.608684102361320090e-01 8.981796826537966627e-01 2.859267981805324599e-01 4.165267916170634632e-01 8.625867030385765410e-01 0.000000000000000000e+00 5.103148121712617336e-01 7.423348113617189714e-01 5.904273041208374373e-01 4.829984185136432240e-01
6.821875829876757891e-01 8.829585821589241990e-01 4.888489658692570239e-01 8.264658220362275376e-01 7.836022645607706449e-01 7.844035879525745880e-01 5.149810707885060790e-01 4.378201432099942392e-01 3.636481811213160276e-01 7.460311376011596884e-01 8.101616202164767522e-01 1.825022843172139364e-01 4.357996712197279576e-01 9.626946603572572592e-02 5.014449387891932730e-01 5.964830991212382028e-01 4.075041537408247705e-01 9.184319068889765791e-01 6.805219540016924640e-01 8.203811100869953243e-01 4.790016151942250722e-01 4.233351544031722646e-01 6.488633974755775302e-01 3.114201294589870050e-01 8.603508872121214957e-01 8.884070437124800268e-01 8.740582473017373122e-01 6.406300450798986246e-01 5.001381925636589898e-01 5.965548707079186830e-01 5.103148121712617336e-01 0.000000000000000000e+00 4.355492641918655705e-01 4.075989310409448008e-01 7.320775666942552773e-01
5.466309154744104504e-01 3.858514309017672672e-01 8.509079707328688347e-01 7.461388186549182677e-01 9.665026945064786323e-01 2.686404062959583117e-01 4.061779297709990355e-01 4.751061068376654095e-01 5.271480623795057330e-01 6.595708725086165680e-01 7.647575186086491561e-01 8.110755129213800263e-01 3.973284131016872056e-01 2.522431871688595173e-01 7.652310530650994203e-01 3.588128014080494976e-01 4.568633759274515760e-01 5.111447377432951633e-01 3.423283669527138473e-01 5.317203231824088050e-01 3.881747539118194368e-01 3.315491765766673260e-01 3.486060635235201932e-01 5.968739382174956809e-01 5.353100228419409579e-01 5.186368151007787475e-01 9.145676559960908003e-01 8.170168447769168285e-01 6.811191486369734260e-01 3.689186132817968700e-01 7.423348113617189714e-01 4.355492641918655705e-01 0.000000000000000000e+00 1.728545920241748579e-01 4.369107018215694360e-01
7.334839333019418373e-01 4.956197867200272111e-01 7.455785523902860312e-01 6.267112519808423210e-01 3.651174380225998828e-01 4.740325002190158288e-01 9.551336780394047432e-01 4.365140587711009434e-01 4.645983819250091851e-01 5.525672567130068824e-01 6.166894145350717560e-01 4.708078787355124417e-01 1.260221255986969657e-01 5.638386192559670107e-01 7.098135271482250985e-01 6.451805422017350411e-01 7.851242225321384272e-01 4.965777108981019872e-01 1.556751168705556854e-01 4.033911184578720110e-01 3.656378223799858218e-01 7.071470726279660557e-01 7.531669103028948431e-01 1.401882692163884392e-01 7.562063151660451954e-01 1.613488361437940277e-01 3.475789527392514344e-01 2.861697880955713091e-01 6.688600472764927307e-01 4.387385307860612871e-01 5.904273041208374373e-01 4.075989310409448008e-01 1.728545920241748579e-01 0.000000000000000000e+00 1.973532599004838017e-01
6.311123807653686857e-01 5.327663512756116715e-01 3.052147236222196858e-01 7.484123412608493231e-01 6.144180217352023243e-01 2.243496874812819231e-01 9.598857023116915688e-01 8.141225480914908719e-01 3.923269806835025797e-01 2.873803270573105362e-01 3.667352494898337145e-01 7.303788734545173522e-01 6.681268927060051155e-01 4.925980795273822710e-01 3.778119794970319911e-01 6.124669763459134053e-01 4.148848926059541808e-01 6.850187066397135371e-01 6.642607051710379684e-01 8.378180399598820216e-01 4.353403252106777810e-01 5.913266696041662440e-01 3.285977171979211908e-01 2.384428535335066934e-01 3.533632462069422608e-01 4.494265997014287306e-01 4.577723736584135006e-01 4.365739547781931629e-01 6.396534854327089459e-01 6.685800051670252042e-01 4.829984185136432240e-01 7.320775666942552773e-01 4.369107018215694360e-01 1.973532599004838017e-01 0.000000000000000000e+00
