0.000000000000000000e+00 5.080412959423382668e-01 6.165308450819155794e-01 6.841057695208769829e-01 5.644155659627871913e-01 9.376444944670891957e-02 6.007538332258947067e-01 5.826550978852222951e-01 1.251532115666538214e-01 1.130461586120322659e-01 9.141329685367065583e-01 7.558098717156307433e-01 5.634398321614680905e-01 1.160730631271617019e-01 1.619380982104323685e-01 8.522154894065132602e-01 4.991378932096452448e-01 2.299231117151255832e-01 7.458798254305072373e-01 8.228813128301447621e-01 3.763133631767150433e-01 7.279295064851509789e-01 7.844743603081383299e-01 7.703578548723675201e-01 6.285389104052347964e-01 4.677269515160766833e-01 5.251561994738849215e-01 4.806596576157181611e-01 5.572379234840727502e-01 8.573985862169715144e-01 6.429741861512878742e-01 3.776935727466750325e-01 4.533677911402917426e-01 6.555586524571399565e-01 6.100304582997073677e-01
5.080412959423382668e-01 0.000000000000000000e+00 4.526722517666734724e-01 6.256753415720164302e-01 8.872831425091621815e-01 5.557869402906049361e-01 6.389690951350799342e-01 7.380141999679965537e-01 7.938291621715373170e-01 9.077715482771877564e-01 9.172463744731933488e-01 4.612794933250281559e-01 3.260042738451113253e-01 5.494423627228977036e-01 3.829187757372467527e-01 3.052509933444629286e-01 2.666965803920872125e-01 5.506504584169520378e-01 4.124487880379344995e-01 6.571644021699092342e-01 6.674164228648276076e-01 3.174896362194962740e-01 4.359616073185312302e-01 8.233687880101625556e-01 2.832196377707918433e-01 4.978320458435653850e-01 5.182653180013863103e-01 3.060634862016171631e-01 1.486700304064240696e-01 8.810242033422384100e-01 6.757413180666540509e-01 6.309286002481717670e-01 1.689646911379226735e-01 4.696599359865980539e-01 5.297327344190074783e-01
6.165308450819155794e-01 4.526722517666734724e-01 0.000000000000000000e+00 6.374735878502028052e-01 4.593289728160183105e-01 4.384598515553861930e-01 2.790613841667775041e-01 8.044637653211297312e-01 4.685066763587897309e-01 8.153322919480475717e-01 4.666114530140117456e-01 5.244570993651480606e-01 3.403930203933440701e-01 5.155073790519004717e-01 7.671590183154213261e-01 7.465085883824362778e-01 5.883558491236076105e-01 7.814198630678810265e-01 7.238616476745066697e-01 3.776733622185569628e-01 4.758976016921318553e-01 4.728049773093774277e-01 8.782909045790343594e-01 3.841275052234547349e-01 6.731613307256409939e-01 8.087791110318713894e-01 7.695335065832917820e-01 4.419839715698968829e-01 6.045814745480153629e-01 2.397247533894694138e-01 7.572958789248988021e-01 5.239719014530758168e-01 7.075735999109992180e-01 3.679691929645956261e-02 4.910917758620078066e-01
6.841057695208769829e-01 6.256753415720164302e-01 6.374735878502028052e-01 0.000000000000000000e+00 9.758812338160832711e-01 7.426488093021594850e-01 3.465039611623522697e-01 8.368933355209530189e-01 7.048207466158984413e-01 5.455296967287421861e-01 4.253699211583704121e-01 3.961890801146193408e-01 4.894051568550578102e-01 7.435230720038183971e-01 6.927024865623496730e-01 2.275585841898715711e-01 6.753832486166816418e-01 8.099081994506261983e-01 6.643498320185670103e-01 9.358305015294405838e-01 8.701204324457877393e-01 5.675123411840369281e-01 4.987283786720317913e-01 5.206871529140149057e-01 6.530281201313821171e-01 8.221508738187395249e-01 8.438403310026026949e-01 8.749145920210434912e-01 6.708281130868821718e-01 3.257908565611822294e-01 5.598097288892578405e-01 4.557458199840238589e-01 2.464823642623708011e-01 6.395269874935857191e-01 2.762529243793376832e-01
5.644155659627871913e-01 8.872831425091621815e-01 4.593289728160183105e-01 9.758812338160832711e-01 0.000000000000000000e+00 4.265167966156213630e-01 4.111740093236143090e-01 8.061729660566836486e-01 2.698668240156598674e-01 6.295489252624141274e-01 7.328551876854406677e-01 8.710756416418394821e-01 7.545394065568850062e-01 1.942359387219795286e-01 8.255911081519942130e-01 4.675800782852432280e-01 4.609376879846630581e-01 7.582692600458360577e-01 5.672159576655021462e-01 4.824098686890269660e-01 6.856862099805599575e-01 1.258340800438774165e-01 5.147307973906480871e-01 9.225507315541743303e-01 6.223648741629990155e-01 4.659379299912316807e-01 5.907862992826080628e-01 6.656549665656620318e-01 5.035811604094311278e-01 4.046347143367303723e-01 4.175771294571687942e-01 5.398614385069866461e-01 7.050523305966411858e-01 8.885294468163091874e-01 8.355942289470366102e-01
9.376444944670891957e-02 5.557869402906049361e-01 4.384598515553861930e-01 7.426488093021594850e-01 4.265167966156213630e-01 0.000000000000000000e+00 8.197245124686918238e-01 3.843140877783345344e-01 1.454051415322942242e-01 5.578499331140327477e-01 3.613421439419237102e-01 6.378199798740806781e-01 4.275270843588550029e-01 4.922834336164629843e-01 8.862375347642241774e-01 7.331611099171297941e-01 9.165190782044396745e-02 5.975070109000306662e-01 5.722464722104346757e-01 3.763076559105180685e-01 3.244413561221805020e-01 4.957565698936160503e-01 5.940812408031650449e-01 6.212554455112265783e-01 7.215710733363633889e-02 3.858819548993310811e-01 6.889141860014067476e-01 4.143822496108769959e-01 6.461102390682013086e-01 8.050200742559441291e-01 8.472605332622524799e-01 5.655962060916521761e-01 7.161400296793577480e-01 3.855795910925279291e-01 5.272405888076258096e-01
6.007538332258947067e-01 6.389690951350799342e-01 2.790613841667775041e-01 3.465039611623522697e-01 4.111740093236143090e-01 8.197245124686918238e-01 0.000000000000000000e+00 4.863427703147603642e-01 3.523658474233009041e-01 4.241330652251873445e-01 4.176300743950533967e-01 5.485347788182353135e-01 4.749178507917792835e-01 5.798744794814402193e-01 5.552112087766674087e-01 8.232078428521674152e-01 8.557636768965297680e-01 7.207960319960229345e-01 5.499845525250717237e-01 1.518818514690877253e-01 8.501324717727627434e-01 3.261871112517582549e-01 8.846772345364697365e-01 4.683961474219529020e-01 5.829386778190854823e-01 6.202768550051165342e-01 2.001974264162389439e-01 4.766856795539376468e-01 4.574433168631542035e-01 3.416321558754458199e-01 6.561746644730934719e-01 6.539132458224675704e-01 9.248494134480276241e-01 4.291432934968010260e-01 4.566098145879859960e-02
5.826550978852222951e-01 7.380141999679965537e-01 8.044637653211297312e-01 8.368933355209530189e-01 8.061729660566836486e-01 3.843140877783345344e-01 4.863427703147603642e-01 0.000000000000000000e+00 4.328238035657190896e-01 7.274609890666241530e-01 4.227024667536302127e-01 3.219036294590009173e-01 8.251328985341375155e-01 5.695369370953763388e-01 5.702870650375596595e-02 8.350039685061995121e-01 8.569973296326232060e-01 8.278078281909075908e-01 4.023127295208935306e-01 4.524452430493608457e-01 6.659878052941288207e-01 7.720239666032002734e-01 3.316165528059047407e-01 3.821905324773152701e-01 7.738233388843734906e-01 6.647180537298039704e-01 5.984459410796532097e-01 4.884629745379233112e-01 5.573308134709236139e-01 3.514182230362877801e-01 7.633586207710945093e-01 5.952760647971371277e-01 3.880821413579946810e-01 7.496824237335919516e-01 4.885957288523595787e-01
1.251532115666538214e-01 7.938291621715373170e-01 4.685066763587897309e-01 7.048207466158984413e-01 2.698668240156598674e-01 1.454051415322942242e-01 3.523658474233009041e-01 4.328238035657190896e-01 0.000000000000000000e+00 2.191406836724560936e-01 5.242663459917871194e-01 8.369238947946568974e-01 4.827532725601031416e-01 5.036936193480863189e-01 6.274360810258381438e-01 4.133744119447619325e-01 8.901217865512018879e-01 4.657934440844223034e-01 5.622424534710084298e-01 6.205001582666951343e-01 3.500105885381771254e-01 7.283807072328345456e-01 3.519453244030638639e-01 9.722308181109855507e-01 2.635075253157022068e-01 4.103082058717927305e-01 7.046401701713270738e-01 7.942487944496557928e-01 3.999601885106771615e-01 3.663886447952745540e-01 3.716549326079031657e-01 7.750590911051918885e-01 7.233095323465432713e-01 7.350931178977904157e-01 5.495950897340873276e-01
1.130461586120322659e-01 9.077715482771877564e-01 8.153322919480475717e-01 5.455296967287421861e-01 6.295489252624141274e-01 5.578499331140327477e-01 4.241330652251873445e-01 7.274609890666241530e-01 2.191406836724560936e-01 0.000000000000000000e+00 4.343472677238514601e-01 5.976716155023350519e-01 1.162004539191857644e-01 9.035778125350083512e-01 8.481729511965162560e-01 4.468127789547106099e-01 5.162158798735221321e-01 3.389011323480298765e-01 5.239474479420409558e-01 7.737272306638217634e-01 1.513533361265170241e-01 7.467859530244107535e-01 3.169565453856114656e-01 7.698974935496644134e-01 7.566944997652118587e-01 7.423497657398163696e-01 2.613037184380306854e-01 7.492269430961934207e-01 6.056846597425883383e-01 5.768819813803984786e-01 3.327055200507620936e-01 3.765859765230725742e-01 6.161379082817305397e-01 9.705174482257445945e-01 9.171191565314055216e-01
9.141329685367065583e-01 9.172463744731933488e-01 4.666114530140117456e-01 4.253699211583704121e-01 7.328551876854406677e-01 3.613421439419237102e-01 4.176300743950533967e-01 4.227024667536302127e-01 5.242663459917871194e-01 4.343472677238514601e-01 0.000000000000000000e+00 4.713588665811225820e-01 3.309333834332996993e-01 6.666023842663234555e-01 6.432485342686349306e-01 1.150592066819171588e-01 4.255563638003683202e-01 4.640639327647396173e-01 6.607597786305324794e-01 5.340560646429628466e-01 7.304407445104911245e-01 9.601446065823465714e-01 5.472641316174027271e-01 5.775975808558314606e-01 6.200536979496684697e-01 3.980030103132282671e-01 8.978518270097659570e-01 4.911383400266943200e-01 7.737823363132356747e-01 7.396362465798805852e-02 8.034210292132095699e-01 3.529076278949823120e-01 8.258890846756643533e-01 8.461588261044533654e-01 8.329685542222690087e-01
7.558098717156307433e-01 4.612794933250281559e-01 5.244570993651480606e-01 3.961890801146193408e-01 8.710756416418394821e-01 6.378199798740806781e-01 5.485347788182353135e-01 3.219036294590009173e-01 8.369238947946568974e-01 5.976716155023350519e-01 4.713588665811225820e-01 0.000000000000000000e+00 4.408555474845018973e-01 4.864289366206960286e-01 3.463156257805342086e-01 2.345353178304107056e-01 1.161182718815848558e-01 2.038569158062496500e-01 7.255959288966988829e-01 7.646878210054177671e-01 3.293079317146202500e-01 8.351827518049261823e-01 4.853103391457504467e-01 3.974583537067966077e-01 6.168097496600555285e-01 4.741106648810238799e-01 6.102439563782612320e-01 6.457794216726768788e-01 4.411086411177210787e-01 4.065233611094110078e-02 5.282000431699296339e-01 4.849242884972864709e-01 3.941644377837066338e-01 5.206896220892047733e-01 5.765194963104363080e-01
5.634398321614680905e-01 3.260042738451113253e-01 3.403930203933440701e-01 4.894051568550578102e-01 7.545394065568850062e-01 4.275270843588550029e-01 4.749178507917792835e-01 8.251328985341375155e-01 4.827532725601031416e-01 1.162004539191857644e-01 3.309333834332996993e-01 4.408555474845018973e-01 0.000000000000000000e+00 4.475279211363062393e-01 8.367214562947367096e-01 7.524972814632671092e-01 4.469592995066847818e-01 6.331054703253905513e-01 7.415419323731087253e-01 8.844082481547749230e-02 7.387617464302314030e-01 2.493646669807784710e-01 9.917608122031529305e-02 9.131611904051617490e-01 8.973287542943170214e-01 3.976047673851781927e-01 9.310669270520575136e-01 4.924283781141184924e-01 6.206345699202264754e-01 7.946669116697947510e-01 2.864571713759399563e-01 3.639529633049878865e-01 6.929078284139622568e-02 8.077195353751527307e-01 5.056711836545695338e-01
1.160730631271617019e-01 5.494423627228977036e-01 5.155073790519004717e-01 7.435230720038183971e-01 1.942359387219795286e-01 4.922834336164629843e-01 5.798744794814402193e-01 5.695369370953763388e-01 5.036936193480863189e-01 9.035778125350083512e-01 6.666023842663234555e-01 4.864289366206960286e-01 4.475279211363062393e-01 0.000000000000000000e+00 7.171195059747883516e-01 6.559517499443552335e-01 7.263495021314576583e-01 8.016473390607408156e-01 3.060710303152268663e-01 4.908493324040330008e-01 1.969474827073628420e-01 3.398287615651574001e-01 4.753165438984635616e-01 6.382960476453385379e-01 9.630610232773839652e-01 4.564913465923342017e-01 4.711453780402193869e-01 8.988025345538617206e-01 4.125501793912144111e-01 8.784773276893700356e-01 7.355063665809988827e-01 3.749241462778929446e-01 4.557365266811101434e-01 3.483001384607704032e-01 4.921213712835279530e-01
1.619380982104323685e-01 3.829187757372467527e-01 7.671590183154213261e-01 6.927024865623496730e-01 8.255911081519942130e-01 8.862375347642241774e-01 5.552112087766674087e-01 5.702870650375596595e-02 6.274360810258381438e-01 8.481729511965162560e-01 6.432485342686349306e-01 3.463156257805342086e-01 8.367214562947367096e-01 7.171195059747883516e-01 0.000000000000000000e+00 7.031398300782691901e-01 4.843818747253838541e-01 4.357859996834440031e-01 4.856234989757132192e-01 8.631170682734333743e-01 3.377866504043687823e-01 6.124757108092289126e-01 1.679286998607468773e-01 8.158348740587038073e-01 3.805866427174788846e-01 9.527257320867696944e-01 4.960328229033684200e-01 7.537929946189645403e-01 4.974178257299345929e-01 3.609044547553538762e-01 7.694185985353323431e-01 3.395009152683776676e-01 5.191842184199850774e-01 4.728980089928190300e-01 7.012320239458065263e-01
8.522154894065132602e-01 3.052509933444629286e-01 7.465085883824362778e-01 2.275585841898715711e-01 4.675800782852432280e-01 7.331611099171297941e-01 8.232078428521674152e-01 8.350039685061995121e-01 4.133744119447619325e-01 4.468127789547106099e-01 1.150592066819171588e-01 2.345353178304107056e-01 7.524972814632671092e-01 6.559517499443552335e-01 7.031398300782691901e-01 0.000000000000000000e+00 6.949738304436068326e-01 4.471655382819086366e-01 8.267931385894364826e-01 4.343613055837993175e-01 4.997409761323878818e-01 8.419961543917577895e-01 5.041252364658748153e-01 6.275308265108259231e-01 8.464905474694000009e-01 5.762183255264499149e-01 7.988854689514361951e-01 6.634081590908826875e-01 6.589786326503052072e-01 1.161345525378065791e-01 6.799817565574666212e-01 2.741899992872797731e-01 3.813337777281762264e-01 1.940986104633947162e-01 7.251740751061979129e-01
4.991378932096452448e-01 2.666965803920872125e-01 5.883558491236076105e-01 6.753832486166816418e-01 4.609376879846630581e-01 9.165190782044396745e-02 8.557636768965297680e-01 8.569973296326232060e-01 8.901217865512018879e-01 5.162158798735221321e-01 4.255563638003683202e-01 1.161182718815848558e-01 4.469592995066847818e-01 7.263495021314576583e-01 4.843818747253838541e-01 6.949738304436068326e-01 0.000000000000000000e+00 5.578524393352317645e-01 8.223456783801530445e-02 4.196502413723377511e-01 5.554703577125970071e-01 7.042121463845101292e-01 6.536001115787428706e-01 3.896102862376726872e-01 7.701929499310735672e-01 8.492358897953109498e-01 4.628225820337769081e-01 1.719828474061267931e-01 3.647599498367513071e-01 5.835299403165894461e-02 5.386483232864325288e-01 7.565683405604732847e-01 3.879523113638447263e-01 8.643003187759615846e-01 6.501169345278325906e-01
2.299231117151255832e-01 5.506504584169520378e-01 7.814198630678810265e-01 8.099081994506261983e-01 7.582692600458360577e-01 5.975070109000306662e-01 7.207960319960229345e-01 8.278078281909075908e-01 4.657934440844223034e-01 3.389011323480298765e-01 4.640639327647396173e-01 2.038569158062496500e-01 6.331054703253905513e-01 8.016473390607408156e-01 4.357859996834440031e-01 4.471655382819086366e-01 5.578524393352317645e-01 0.000000000000000000e+00 3.357625671210253682e-01 7.269110065354968953e-01 1.058296170761046096e-01 4.059403938207438722e-01 6.183958759438472619e-01 7.987667283675918828e-01 3.218979574192165627e-01 2.429025979645613731e-01 5.363274773021377007e-01 9.129917763118817753e-01 6.552935444612975058e-01 3.085991135632044080e-01 4.645885440404648459e-01 9.016887894992420271e-01 9.799532686141503302e-01 4.207278290308743562e-01 5.942617361691104882e-01
7.458798254305072373e-01 4.124487880379344995e-01 7.238616476745066697e-01 6.643498320185670103e-01 5.672159576655021462e-01 5.722464722104346757e-01 5.499845525250717237e-01 4.023127295208935306e-01 5.622424534710084298e-01 5.239474479420409558e-01 6.607597786305324794e-01 7.255959288966988829e-01 7.415419323731087253e-01 3.060710303152268663e-01 4.856234989757132192e-01 8.267931385894364826e-01 8.223456783801530445e-02 3.357625671210253682e-01 0.000000000000000000e+00 7.200445855925268202e-01 5.411047961294803699e-01 3.716332472972146972e-01 4.983202790186382902e-01 6.385089988602346001e-01 8.125747324532661686e-01 3.124002278566320179e-01 9.232805416027083378e-01 7.479627146372247459e-02 6.005337822531973124e-01 7.682855203169679514e-01 6.770002762838502886e-01 5.002121855279182405e-01 5.459436637767873801e-01 7.781192916125425629e-01 6.965911954442847165e-01
8.228813128301447621e-01 6.571644021699092342e-01 3.776733622185569628e-01 9.358305015294405838e-01 4.824098686890269660e-01 3.763076559105180685e-01 1.518818514690877253e-01 4.524452430493608457e-01 6.205001582666951343e-01 7.737272306638217634e-01 5.340560646429628466e-01 7.646878210054177671e-01 8.844082481547749230e-02 4.908493324040330008e-01 8.631170682734333743e-01 4.343613055837993175e-01 4.196502413723377511e-01 7.269110065354968953e-01 7.200445855925268202e-01 0.000000000000000000e+00 2.382862566384756908e-01 3.659441579848468074e-01 4.935196475003964522e-01 8.885910462588202385e-01 4.128821702128194215e-01 3.184073285555540922e-01 4.090906883789680593e-01 3.946115063892787211e-01 2.436756172122869213e-01 7.085576665311671407e-01 9.406417131246769259e-01 9.308964526951232221e-01 8.526693386495337590e-01 6.332191334634222901e-01 8.883059734352420911e-01
3.763133631767150433e-01 6.674164228648276076e-01 4.758976016921318553e-01 8.701204324457877393e-01 6.856862099805599575e-01 3.244413561221805020e-01 8.501324717727627434e-01 6.659878052941288207e-01 3.500105885381771254e-01 1.513533361265170241e-01 7.304407445104911245e-01 3.293079317146202500e-01 7.387617464302314030e-01 1.969474827073628420e-01 3.377866504043687823e-01 4.997409761323878818e-01 5.554703577125970071e-01 1.058296170761046096e-01 5.411047961294803699e-01 2.382862566384756908e-01 0.000000000000000000e+00 4.627355515682420872e-01 2.583058002872408720e-01 5.221316810833079858e-01 8.192664561845652837e-01 2.718475531368323428e-01 8.983047212066590514e-01 5.271397399660717742e-01 8.025726864090452217e-01 8.298573499323180780e-01 5.038525982549557636e-01 5.392169317990811450e-01 3.930778931770207985e-01 7.463217829596324737e-01 7.722361469340488505e-01
7.279295064851509789e-01 3.174896362194962740e-01 4.728049773093774277e-01 5.675123411840369281e-01 1.258340800438774165e-01 4.957565698936160503e-01 3.261871112517582549e-01 7.720239666032002734e-01 7.283807072328345456e-01 7.467859530244107535e-01 9.601446065823465714e-01 8.351827518049261823e-01 2.493646669807784710e-01 3.398287615651574001e-01 6.124757108092289126e-01 8.419961543917577895e-01 7.042121463845101292e-01 4.059403938207438722e-01 3.716332472972146972e-01 3.659441579848468074e-01 4.627355515682420872e-01 0.000000000000000000e+00 4.970885603596293945e-01 8.555188579505543789e-01 6.653260987140298122e-01 8.168674728561423626e-01 7.298326542993562871e-01 3.645917845709179539e-01 6.648750220466859151e-01 8.631794197212179220e-01 5.057175563386655526e-01 8.266380792460144011e-01 3.808258565185085875e-01 5.356222760146642781e-01 8.081236864649659069e-01
7.844743603081383299e-01 4.359616073185312302e-01 8.782909045790343594e-01 4.987283786720317913e-01 5.147307973906480871e-01 5.940812408031650449e-01 8.846772345364697365e-01 3.316165528059047407e-01 3.519453244030638639e-01 3.169565453856114656e-01 5.472641316174027271e-01 4.853103391457504467e-01 9.917608122031529305e-02 4.753165438984635616e-01 1.679286998607468773e-01 5.041252364658748153e-01 6.536001115787428706e-01 6.183958759438472619e-01 4.983202790186382902e-01 4.935196475003964522e-01 2.583058002872408720e-01 4.970885603596293945e-01 0.000000000000000000e+00 3.718856018626802706e-01 3.436210535273002131e-01 7.096334872822768203e-01 4.457535146263118531e-01 7.392220454251690054e-01 1.434970553787973113e-01 8.202949495897974286e-01 4.287373550497772245e-01 4.775173733631562500e-01 9.557603842103401526e-01 8.708885605417011622e-01 1.033566568622231729e-01
7.703578548723675201e-01 8.233687880101625556e-01 3.841275052234547349e-01 5.206871529140149057e-01 9.225507315541743303e-01 6.212554455112265783e-01 4.683961474219529020e-01 3.821905324773152701e-01 9.722308181109855507e-01 7.698974935496644134e-01 5.775975808558314606e-01 3.974583537067966077e-01 9.131611904051617490e-01 6.382960476453385379e-01 8.158348740587038073e-01 6.275308265108259231e-01 3.896102862376726872e-01 7.987667283675918828e-01 6.385089988602346001e-01 8.885910462588202385e-01 5.221316810833079858e-01 8.555188579505543789e-01 3.718856018626802706e-01 0.000000000000000000e+00 5.439912928505356016e-01 5.974502962333034795e-01 1.803355971268154612e-01 8.853014583710042684e-01 6.061844931495722344e-01 2.786195122789169032e-01 7.332781332653337536e-01 6.378124037737324947e-01 3.484208004122520963e-01 5.704570657699536973e-01 2.666621873382702401e-01
6.285389104052347964e-01 2.832196377707918433e-01 6.731613307256409939e-01 6.530281201313821171e-01 6.223648741629990155e-01 7.215710733363633889e-02 5.829386778190854823e-01 7.738233388843734906e-01 2.635075253157022068e-01 7.566944997652118587e-01 6.200536979496684697e-01 6.168097496600555285e-01 8.973287542943170214e-01 9.630610232773839652e-01 3.805866427174788846e-01 8.464905474694000009e-01 7.701929499310735672e-01 3.218979574192165627e-01 8.125747324532661686e-01 4.128821702128194215e-01 8.192664561845652837e-01 6.653260987140298122e-01 3.436210535273002131e-01 5.439912928505356016e-01 0.000000000000000000e+00 7.419523095949464020e-01 8.606549027990869627e-01 1.787941659058658317e-01 3.221973053467218073e-01 5.485253594728897175e-01 4.035295784248248419e-01 8.438392547266817534e-01 5.135745332397000373e-01 6.174219918541321572e-01 4.707699227214501292e-01
4.677269515160766833e-01 4.978320458435653850e-01 8.087791110318713894e-01 8.221508738187395249e-01 4.659379299912316807e-01 3.858819548993310811e-01 6.202768550051165342e-01 6.647180537298039704e-01 4.103082058717927305e-01 7.423497657398163696e-01 3.980030103132282671e-01 4.741106648810238799e-01 3.976047673851781927e-01 4.564913465923342017e-01 9.527257320867696944e-01 5.762183255264499149e-01 8.492358897953109498e-01 2.429025979645613731e-01 3.124002278566320179e-01 3.184073285555540922e-01 2.718475531368323428e-01 8.168674728561423626e-01 7.096334872822768203e-01 5.974502962333034795e-01 7.419523095949464020e-01 0.000000000000000000e+00 5.359468543386318728e-01 1.633188827122821207e-01 3.698797938241334959e-01 7.916302219297000065e-01 6.781506937367549614e-01 2.197394899428754544e-01 7.510452837389183234e-01 8.979631884024339428e-01 2.430714347894281646e-01
5.251561994738849215e-01 5.182653180013863103e-01 7.695335065832917820e-01 8.438403310026026949e-01 5.907862992826080628e-01 6.889141860014067476e-01 2.001974264162389439e-01 5.984459410796532097e-01 7.046401701713270738e-01 2.613037184380306854e-01 8.978518270097659570e-01 6.102439563782612320e-01 9.310669270520575136e-01 4.711453780402193869e-01 4.960328229033684200e-01 7.988854689514361951e-01 4.628225820337769081e-01 5.363274773021377007e-01 9.232805416027083378e-01 4.090906883789680593e-01 8.983047212066590514e-01 7.298326542993562871e-01 4.457535146263118531e-01 1.803355971268154612e-01 8.606549027990869627e-01 5.359468543386318728e-01 0.000000000000000000e+00 8.944635758420897975e-01 6.483735964383658956e-01 7.037463070246272601e-01 5.228058599054307143e-01 9.030378946210312341e-01 5.000319651064107918e-01 2.916557247038524814e-01 7.790455315738448183e-01
4.806596576157181611e-01 3.060634862016171631e-01 4.419839715698968829e-01 8.749145920210434912e-01 6.656549665656620318e-01 4.143822496108769959e-01 4.766856795539376468e-01 4.884629745379233112e-01 7.942487944496557928e-01 7.492269430961934207e-01 4.911383400266943200e-01 6.457794216726768788e-01 4.924283781141184924e-01 8.988025345538617206e-01 7.537929946189645403e-01 6.634081590908826875e-01 1.719828474061267931e-01 9.129917763118817753e-01 7.479627146372247459e-02 3.946115063892787211e-01 5.271397399660717742e-01 3.645917845709179539e-01 7.392220454251690054e-01 8.853014583710042684e-01 1.787941659058658317e-01 1.633188827122821207e-01 8.944635758420897975e-01 0.000000000000000000e+00 7.411514075276202096e-01 4.548083920644073186e-01 2.916232105576997968e-01 3.702517330966205167e-01 7.259561138702752547e-02 6.128549245163512627e-01 8.942780808402448489e-01
5.572379234840727502e-01 1.486700304064240696e-01 6.045814745480153629e-01 6.708281130868821718e-01 5.035811604094311278e-01 6.461102390682013086e-01 4.574433168631542035e-01 5.573308134709236139e-01 3.999601885106771615e-01 6.056846597425883383e-01 7.737823363132356747e-01 4.411086411177210787e-01 6.206345699202264754e-01 4.125501793912144111e-01 4.974178257299345929e-01 6.589786326503052072e-01 3.647599498367513071e-01 6.552935444612975058e-01 6.005337822531973124e-01 2.436756172122869213e-01 8.025726864090452217e-01 6.648750220466859151e-01 1.434970553787973113e-01 6.061844931495722344e-01 3.221973053467218073e-01 3.698797938241334959e-01 6.483735964383658956e-01 7.411514075276202096e-01 0.000000000000000000e+00 3.755737158548966281e-02 7.160615390550474357e-01 7.176101706680427794e-01 3.803533019935769199e-01 4.534487681854304508e-01 4.055092749950349740e-01
8.573985862169715144e-01 8.810242033422384100e-01 2.397247533894694138e-01 3.257908565611822294e-01 4.046347143367303723e-01 8.050200742559441291e-01 3.416321558754458199e-01 3.514182230362877801e-01 3.663886447952745540e-01 5.768819813803984786e-01 7.396362465798805852e-02 4.065233611094110078e-02 7.946669116697947510e-01 8.784773276893700356e-01 3.609044547553538762e-01 1.161345525378065791e-01 5.835299403165894461e-02 3.085991135632044080e-01 7.682855203169679514e-01 7.085576665311671407e-01 8.298573499323180780e-01 8.631794197212179220e-01 8.202949495897974286e-01 2.786195122789169032e-01 5.485253594728897175e-01 7.916302219297000065e-01 7.037463070246272601e-01 4.548083920644073186e-01 3.755737158548966281e-02 0.000000000000000000e+00 4.973675112933642062e-01 4.607496734183352260e-01 5.382356537198328406e-01 3.571628650040090669e-01 8.043419084728627988e-01
6.429741861512878742e-01 6.757413180666540509e-01 7.572958789248988021e-01 5.598097288892578405e-01 4.175771294571687942e-01 8.472605332622524799e-01 6.561746644730934719e-01 7.633586207710945093e-01 3.716549326079031657e-01 3.327055200507620936e-01 8.034210292132095699e-01 5.282000431699296339e-01 2.864571713759399563e-01 7.355063665809988827e-01 7.694185985353323431e-01 6.799817565574666212e-01 5.386483232864325288e-01 4.645885440404648459e-01 6.770002762838502886e-01 9.406417131246769259e-01 5.038525982549557636e-01 5.057175563386655526e-01 4.287373550497772245e-01 7.332781332653337536e-01 4.035295784248248419e-01 6.781506937367549614e-01 5.228058599054307143e-01 2.916232105576997968e-01 7.160615390550474357e-01 4.973675112933642062e-01 0.000000000000000000e+00 8.129930817381416652e-01 5.541128935029888680e-01 5.503095789024804452e-01 7.622715369406030117e-01
3.776935727466750325e-01 6.309286002481717670e-01 5.239719014530758168e-01 4.557458199840238589e-01 5.398614385069866461e-01 5.655962060916521761e-01 6.539132458224675704e-01 5.952760647971371277e-01 7.750590911051918885e-01 3.765859765230725742e-01 3.529076278949823120e-01 4.849242884972864709e-01 3.639529633049878865e-01 3.749241462778929446e-01 3.395009152683776676e-01 2.741899992872797731e-01 7.565683405604732847e-01 9.016887894992420271e-01 5.002121855279182405e-01 9.308964526951232221e-01 5.392169317990811450e-01 8.266380792460144011e-01 4.775173733631562500e-01 6.378124037737324947e-01 8.438392547266817534e-01 2.197394899428754544e-01 9.030378946210312341e-01 3.702517330966205167e-01 7.176101706680427794e-01 4.607496734183352260e-01 8.129930817381416652e-01 0.000000000000000000e+00 5.117819679558301971e-01 7.427256396445033326e-01 5.249051018967020310e-01
4.533677911402917426e-01 1.689646911379226735e-01 7.075735999109992180e-01 2.464823642623708011e-01 7.050523305966411858e-01 7.161400296793577480e-01 9.248494134480276241e-01 3.880821413579946810e-01 7.233095323465432713e-01 6.161379082817305397e-01 8.258890846756643533e-01 3.941644377837066338e-01 6.929078284139622568e-02 4.557365266811101434e-01 5.191842184199850774e-01 3.813337777281762264e-01 3.879523113638447263e-01 9.799532686141503302e-01 5.459436637767873801e-01 8.526693386495337590e-01 3.930778931770207985e-01 3.808258565185085875e-01 9.557603842103401526e-01 3.484208004122520963e-01 5.135745332397000373e-01 7.510452837389183234e-01 5.000319651064107918e-01 7.259561138702752547e-02 3.803533019935769199e-01 5.382356537198328406e-01 5.541128935029888680e-01 5.117819679558301971e-01 0.000000000000000000e+00 4.749260261070294975e-01 4.220350697065584078e-01
6.555586524571399565e-01 4.696599359865980539e-01 3.679691929645956261e-02 6.395269874935857191e-01 8.885294468163091874e-01 3.855795910925279291e-01 4.291432934968010260e-01 7.496824237335919516e-01 7.350931178977904157e-01 9.705174482257445945e-01 8.461588261044533654e-01 5.206896220892047733e-01 8.077195353751527307e-01 3.483001384607704032e-01 4.728980089928190300e-01 1.940986104633947162e-01 8.643003187759615846e-01 4.207278290308743562e-01 7.781192916125425629e-01 6.332191334634222901e-01 7.463217829596324737e-01 5.356222760146642781e-01 8.708885605417011622e-01 5.704570657699536973e-01 6.174219918541321572e-01 8.979631884024339428e-01 2.916557247038524814e-01 6.128549245163512627e-01 4.534487681854304508e-01 3.571628650040090669e-01 5.503095789024804452e-01 7.427256396445033326e-01 4.749260261070294975e-01 0.000000000000000000e+00 5.593871276052531094e-01
6.100304582997073677e-01 5.297327344190074783e-01 4.910917758620078066e-01 2.762529243793376832e-01 8.355942289470366102e-01 5.272405888076258096e-01 4.566098145879859960e-02 4.885957288523595787e-01 5.495950897340873276e-01 9.171191565314055216e-01 8.329685542222690087e-01 5.765194963104363080e-01 5.056711836545695338e-01 4.921213712835279530e-01 7.012320239458065263e-01 7.251740751061979129e-01 6.501169345278325906e-01 5.942617361691104882e-01 6.965911954442847165e-01 8.883059734352420911e-01 7.722361469340488505e-01 8.081236864649659069e-01 1.033566568622231729e-01 2.666621873382702401e-01 4.707699227214501292e-01 2.430714347894281646e-01 7.790455315738448183e-01 8.942780808402448489e-01 4.055092749950349740e-01 8.043419084728627988e-01 7.622715369406030117e-01 5.249051018967020310e-01 4.220350697065584078e-01 5.593871276052531094e-01 0.000000000000000000e+00
