0.000000000000000000e+00 5.931091193933372141e-01 4.614547481909093141e-01 6.953716415403357054e-01 5.824482845726612901e-01 9.845516493386058388e-02 5.301740318200888202e-01 3.963312195164268581e-01 2.786821454212619065e-01 4.350885756829467321e-01 3.577649481534588838e-01 3.733371495634317805e-01 2.796132049309600909e-01 5.647602045345583299e-01 3.573510621744537819e-01 7.826287099898920907e-01 5.394100830589844131e-01 8.305918820134348124e-01 6.157891290485114633e-01 2.887660678673740766e-01 6.760931986833365048e-01 1.505460953886061937e-01 7.630108985762689144e-01 2.222620428065851250e-01 3.162087356607704569e-01 1.211639191573632424e-01 3.868894195794583268e-01 8.107909111554877368e-01 7.918367590545765111e-01 6.876929352469015599e-01 2.879712425951033161e-01 4.997970362278483791e-01 3.528683639877062683e-01 9.414166201455300698e-01 4.712153988435369145e-01
5.931091193933372141e-01 0.000000000000000000e+00 6.853629570533278370e-01 3.729545089624743404e-01 6.157232874770557363e-01 7.066496460255710099e-01 4.810392572688930724e-01 4.191878396149730790e-01 8.459340375079784646e-01 6.521230389247396619e-01 2.493075441001970094e-01 3.490778941274007008e-01 1.717226237760584029e-01 4.400099286127998610e-01 6.777367066302038001e-01 5.987848202393875052e-01 1.994040217510784085e-01 4.213848512982586447e-01 7.981127725352654689e-01 8.668104523800037597e-01 9.224335753219407019e-01 9.072148037255787223e-01 5.801093559664296517e-01 7.220253653569157493e-01 5.995553512270812568e-02 3.201434694751811305e-01 4.108110986878865667e-01 5.207012478692836233e-01 3.883647188097938963e-01 7.974237374599343342e-01 5.572235992007278371e-01 6.528938624099797083e-01 5.592532140290995546e-01 4.418981667899639643e-01 4.492882058131540401e-01
4.614547481909093141e-01 6.853629570533278370e-01 0.000000000000000000e+00 7.079562467373581303e-01 8.137372424765172418e-01 3.035156373614547043e-01 5.362980520019052788e-01 5.592451642049758309e-01 6.303514918695819480e-01 3.638949820151460290e-01 5.020561247523214199e-01 4.468207659303762291e-01 3.536964487387287415e-01 3.359325869388119501e-01 4.033568317418699256e-01 3.507922020560333420e-01 6.190807361838988054e-01 8.452389042083164883e-01 8.550402593244970095e-01 5.961149287589211365e-01 2.551046838801183103e-01 4.498045687668249526e-01 9.262492929826748878e-02 4.148905497979470391e-01 1.490665386124073732e-01 8.627598003460403842e-01 2.511327590085332684e-02 5.384918530909663659e-01 4.635606474758545703e-01 5.075248061454483706e-01 3.423489429761638614e-01 5.316046462601886624e-02 2.721826006637849682e-01 7.190062737749651767e-01 4.303603672076209419e-01
6.953716415403357054e-01 3.729545089624743404e-01 7.079562467373581303e-01 0.000000000000000000e+00 4.397691612494565305e-01 5.335602141102844254e-01 6.464488692408653092e-01 5.223979865526678923e-01 6.482476130848062734e-01 5.969298682080548257e-01 5.163670455758628819e-01 4.947679326859490412e-01 8.454034760039710328e-01 3.570870585113986584e-01 6.899887747225421641e-01 5.256582756639087695e-01 6.056793383685403764e-01 2.434454567896863209e-01 8.203083631213257121e-01 8.145689758029217575e-01 3.277959270271386671e-01 2.072493970663370488e-01 3.209418198340026063e-01 4.185414649091595551e-01 7.565350933594143790e-01 3.575203397864510357e-01 7.309627387710172508e-01 7.393819896704753036e-01 4.238822391984975457e-02 3.997721889170653964e-01 4.968958153207922446e-01 2.353299099451748866e-01 6.773052135167553223e-01 6.370077825325151100e-01 7.419013138116468120e-01
5.824482845726612901e-01 6.157232874770557363e-01 8.137372424765172418e-01 4.397691612494565305e-01 0.000000000000000000e+00 5.334736275242109027e-01 2.096917470875172551e-01 3.949243950243011003e-01 4.534556580522389746e-01 3.311551343360921162e-01 5.751414738050026898e-01 9.121429233277908999e-01 8.444787666856585773e-01 4.249162786002543268e-01 4.443427964323470869e-01 4.428494356936459875e-01 4.903005449738755406e-01 1.489683712354504808e-01 6.033589219735588927e-01 1.791626243332055668e-01 6.945906141766420294e-01 4.705972260931476914e-01 3.358377774431946516e-01 4.626997823578671287e-01 3.385210879145477136e-01 1.417696259823447713e-01 6.375108186582537639e-01 4.729840652458034977e-01 1.862173457238437413e-01 7.923819622378454053e-01 4.168230665900807264e-01 2.044576857384963198e-01 4.464501680578598086e-01 5.238926791535709615e-01 7.529620378412172910e-01
9.845516493386058388e-02 7.066496460255710099e-01 3.035156373614547043e-01 5.335602141102844254e-01 5.334736275242109027e-01 0.000000000000000000e+00 3.420580634614253102e-01 6.387935177815337040e-01 1.538209872454239235e-01 2.903294920663734291e-01 7.986655465073255744e-01 4.281379906210420749e-01 4.491005248654116322e-01 3.316557799866911016e-01 4.785359741683988810e-01 5.948479726303725901e-01 3.182070655235719192e-01 8.009118330323674595e-01 4.493443909283069138e-01 2.336527836435733363e-01 6.660688024168444077e-01 2.078080285209456535e-01 4.558540882808448380e-01 2.160914397922348851e-01 4.225309228813736162e-01 7.713333916193784168e-01 7.898142440245441431e-01 4.765404810753864906e-01 3.515032300017714162e-01 3.262114450214413930e-01 5.665857621174585912e-01 6.090205913088325707e-01 3.163313857850028055e-01 4.752201773151482067e-01 6.259988377928401571e-01
5.301740318200888202e-01 4.810392572688930724e-01 5.362980520019052788e-01 6.464488692408653092e-01 2.096917470875172551e-01 3.420580634614253102e-01 0.000000000000000000e+00 7.354973008929444056e-01 3.436635665233306325e-01 7.172742111834591316e-01 3.033542176001914337e-01 9.585161894676449412e-01 3.062785676530926926e-01 5.154498148126207546e-01 3.712870685605312859e-01 3.727576247922650965e-01 7.957838190207373597e-01 7.105674032741764456e-01 9.030431853631892825e-01 8.158448851830191195e-01 8.021611882788893810e-01 6.876005109613281263e-01 6.756826939324952486e-01 4.827249932098683360e-01 3.844157522930379267e-01 8.888195908612432916e-01 4.642369190800061940e-01 4.299780903049722491e-01 3.760065379813400943e-01 8.068807374919154674e-01 3.479925244656284500e-01 6.091721316377869400e-01 9.511893390587884412e-01 6.619302939835314259e-01 4.229806757882339507e-01
3.963312195164268581e-01 4.191878396149730790e-01 5.592451642049758309e-01 5.223979865526678923e-01 3.949243950243011003e-01 6.387935177815337040e-01 7.354973008929444056e-01 0.000000000000000000e+00 4.007259189679263089e-01 6.619535555316123920e-01 3.432769323481454360e-01 8.743080441464423647e-01 4.393195391761628432e-02 2.490892673800580992e-01 2.149385935761911059e-01 6.882469300286626623e-01 3.300761622266910056e-01 7.172169934028853611e-01 6.717422755905830822e-01 5.800132364989910583e-01 3.083672032376418848e-01 5.130614418308796498e-01 6.255709665970998756e-01 5.793961864360535063e-01 5.511221252897862133e-01 5.506144435030320139e-01 4.779919952123203308e-01 5.760266057409650919e-01 4.344258050383524306e-01 5.317661705588135890e-01 9.139606587166859697e-02 4.002077962910202125e-01 5.995358865455009401e-01 3.978197725401649842e-01 6.742381155618215605e-01
2.786821454212619065e-01 8.459340375079784646e-01 6.303514918695819480e-01 6.482476130848062734e-01 4.534556580522389746e-01 1.538209872454239235e-01 3.436635665233306325e-01 4.007259189679263089e-01 0.000000000000000000e+00 8.267774975646968727e-01 3.549750523920260914e-01 6.494598487943665788e-01 4.129862371121109099e-01 5.755527363330037449e-02 3.899141821331723046e-01 5.095021228731769769e-01 4.828469660249052886e-01 4.035271452854044538e-01 5.468879971929432315e-01 2.546363441466479305e-01 4.666869264990650135e-01 4.196763630970818948e-01 6.534272222139034803e-01 7.068310569357869610e-01 5.804046326787588583e-01 5.021996287412833215e-01 2.703847968263318746e-01 6.998463917286499303e-01 6.103097121483391785e-01 5.465690023371633233e-01 2.023512917762045893e-01 8.198740304425358172e-01 6.998329862836939474e-01 1.859578720161702559e-01 8.460716669898965536e-01
4.350885756829467321e-01 6.521230389247396619e-01 3.638949820151460290e-01 5.969298682080548257e-01 3.311551343360921162e-01 2.903294920663734291e-01 7.172742111834591316e-01 6.619535555316123920e-01 8.267774975646968727e-01 0.000000000000000000e+00 7.003958098234384089e-01 2.041410266042144039e-01 5.973292344605782844e-01 1.902987281617987136e-01 4.791404432541236935e-01 3.816558320008244243e-01 8.788914665748404076e-01 6.885654396171132507e-01 2.155286984779333781e-01 5.766421924839261193e-01 1.525937197359882314e-01 6.722224953723001661e-01 4.908033902839070706e-01 2.352532778572078431e-01 7.813421712277440756e-01 8.214367249933802739e-01 1.437120790110439916e-01 6.863811500761056728e-01 3.834382094792292417e-01 5.962165429797930960e-01 5.112269707676253550e-01 4.237046990064374241e-01 1.344583265844937481e-01 7.131849429923364792e-02 7.441497283897724468e-01
3.577649481534588838e-01 2.493075441001970094e-01 5.020561247523214199e-01 5.163670455758628819e-01 5.751414738050026898e-01 7.986655465073255744e-01 3.033542176001914337e-01 3.432769323481454360e-01 3.549750523920260914e-01 7.003958098234384089e-01 0.000000000000000000e+00 5.392023207921188277e-01 7.645602867740448616e-01 8.217348428084574330e-01 8.501029553462176036e-01 6.012327670247237243e-01 5.897656321261712797e-01 4.290489051171891832e-01 8.541663071800265072e-01 5.724572795512314904e-01 4.340514883291012316e-01 7.956031912982172161e-01 1.308426123992290080e-01 4.179501251400359330e-01 6.244771170862222220e-01 5.731756406528272230e-01 5.930031950264063045e-01 7.066135938424058516e-01 2.897927534446141928e-01 5.737470851572084030e-01 4.366032265510317312e-01 4.845368101061698907e-01 4.957637672545175955e-01 4.430583144824098984e-01 6.939390443248061313e-02
3.733371495634317805e-01 3.490778941274007008e-01 4.468207659303762291e-01 4.947679326859490412e-01 9.121429233277908999e-01 4.281379906210420749e-01 9.585161894676449412e-01 8.743080441464423647e-01 6.494598487943665788e-01 2.041410266042144039e-01 5.392023207921188277e-01 0.000000000000000000e+00 7.413760995766366380e-01 5.899747058075586192e-01 3.075614152254514400e-01 7.617390399704615511e-01 5.171348202875050148e-01 3.802976677871962030e-01 5.169707357726007757e-01 6.371036261902154330e-01 6.306933471566829041e-01 3.209907182148338256e-01 7.771783839264283511e-01 2.680750494772525805e-01 7.300652415098347614e-01 9.238040569928958057e-01 4.944670429403890122e-01 7.448176919888488401e-01 9.261736014762117497e-01 6.262848836245877848e-01 6.025117536123536510e-01 3.988863602178917001e-01 6.062812148556440128e-01 1.838563704404689303e-01 7.366738305398663478e-01
2.796132049309600909e-01 1.717226237760584029e-01 3.536964487387287415e-01 8.454034760039710328e-01 8.444787666856585773e-01 4.491005248654116322e-01 3.062785676530926926e-01 4.393195391761628432e-02 4.129862371121109099e-01 5.973292344605782844e-01 7.645602867740448616e-01 7.413760995766366380e-01 0.000000000000000000e+00 8.412395243000152512e-01 2.308411069845451857e-01 6.286116520856513956e-01 5.054358325259670215e-01 5.861474748702537596e-01 1.107386169221143968e-01 4.472575622770751380e-01 6.580492506225998905e-01 1.334359023447256876e-01 4.832184267550015955e-01 3.298645601157375040e-01 4.758925901864015651e-01 8.867637915569029916e-01 3.317667253025502472e-02 7.767977367051035475e-01 7.478968684032785141e-01 7.039116627092540934e-01 2.859184899450107897e-01 2.270600131381853015e-01 3.097437654250797534e-01 6.329003169164536535e-01 4.033660836561593355e-01
5.647602045345583299e-01 4.400099286127998610e-01 3.359325869388119501e-01 3.570870585113986584e-01 4.249162786002543268e-01 3.316557799866911016e-01 5.154498148126207546e-01 2.490892673800580992e-01 5.755527363330037449e-02 1.902987281617987136e-01 8.217348428084574330e-01 5.899747058075586192e-01 8.412395243000152512e-01 0.000000000000000000e+00 6.363723587560093931e-01 3.564725573614837550e-01 6.113915475354881890e-01 5.343344854726529425e-01 2.934818744245151212e-01 4.783541432543547689e-01 3.530650319011705007e-01 3.936667638208679598e-01 6.413969719691092752e-01 4.660617602330635045e-01 8.481262455185116789e-01 5.655940949707476406e-01 9.413125072107155766e-01 1.831228856343939393e-01 7.084793944999404625e-01 6.697718989234828779e-01 4.737035600448825656e-01 3.339125324357998803e-01 3.303906613166532891e-01 3.324392192467736096e-01 3.648264889892517404e-01
3.573510621744537819e-01 6.777367066302038001e-01 4.033568317418699256e-01 6.899887747225421641e-01 4.443427964323470869e-01 4.785359741683988810e-01 3.712870685605312859e-01 2.149385935761911059e-01 3.899141821331723046e-01 4.791404432541236935e-01 8.501029553462176036e-01 3.075614152254514400e-01 2.308411069845451857e-01 6.363723587560093931e-01 0.000000000000000000e+00 2.822088771026471932e-01 3.007357085463210344e-01 5.084172815545744406e-01 3.602842865208559786e-01 4.765516447183956728e-01 2.872860349748558306e-01 6.735350708645229112e-01 6.768739919901813895e-01 1.988553784885641607e-01 5.174893336361788831e-01 6.339461647006311429e-01 5.679648473933991415e-01 8.082917132412941186e-01 3.267318634336129346e-01 2.576846257172925592e-01 6.751171280583995182e-01 4.296610003562902347e-01 5.976064388405292194e-01 4.633610593546039214e-01 3.079114043826836622e-01
7.826287099898920907e-01 5.987848202393875052e-01 3.507922020560333420e-01 5.256582756639087695e-01 4.428494356936459875e-01 5.948479726303725901e-01 3.727576247922650965e-01 6.882469300286626623e-01 5.095021228731769769e-01 3.816558320008244243e-01 6.012327670247237243e-01 7.617390399704615511e-01 6.286116520856513956e-01 3.564725573614837550e-01 2.822088771026471932e-01 0.000000000000000000e+00 6.512075857876735707e-01 6.859836851068685792e-01 1.291794706652237279e-01 7.252633243254753559e-01 5.323000704764559998e-01 5.594558517012169219e-01 2.805598771970634342e-01 6.093747838443996923e-01 3.304861796333596891e-01 6.933296167471357796e-01 4.561770015887829377e-01 6.298827335750485368e-01 3.588300034957742080e-01 1.120001676930691970e-01 6.120678682081348576e-01 4.614919341615266180e-01 5.633522907797696710e-01 5.591919751973933872e-01 3.370783157086819637e-01
5.394100830589844131e-01 1.994040217510784085e-01 6.190807361838988054e-01 6.056793383685403764e-01 4.903005449738755406e-01 3.182070655235719192e-01 7.957838190207373597e-01 3.300761622266910056e-01 4.828469660249052886e-01 8.788914665748404076e-01 5.897656321261712797e-01 5.171348202875050148e-01 5.054358325259670215e-01 6.113915475354881890e-01 3.007357085463210344e-01 6.512075857876735707e-01 0.000000000000000000e+00 6.001318832240016832e-01 9.378099593019626479e-01 5.401068293392226050e-01 3.865043332399497045e-01 7.606946406380180603e-01 3.460438319771471649e-01 5.078071262947525533e-01 6.752193485922255434e-01 3.835401456203615944e-01 6.478299731047438836e-01 4.783216883033243882e-01 4.439529821693888323e-01 4.317907054702282421e-01 7.787376267988770362e-01 6.223092001054448819e-01 3.232206913185977637e-01 7.420190111449140868e-01 7.728897508881820144e-01
8.305918820134348124e-01 4.213848512982586447e-01 8.452389042083164883e-01 2.434454567896863209e-01 1.489683712354504808e-01 8.009118330323674595e-01 7.105674032741764456e-01 7.172169934028853611e-01 4.035271452854044538e-01 6.885654396171132507e-01 4.290489051171891832e-01 3.802976677871962030e-01 5.861474748702537596e-01 5.343344854726529425e-01 5.084172815545744406e-01 6.859836851068685792e-01 6.001318832240016832e-01 0.000000000000000000e+00 5.607492309980215417e-01 4.347693312055465054e-01 3.593076957874935529e-01 3.057734268227452201e-02 3.806619757575865348e-01 6.778879176429386533e-01 1.663357719100706511e-01 3.680088896301811907e-01 6.234769747101349679e-01 6.211209725555268957e-01 6.125954122878669583e-01 3.781672197929895063e-01 6.971587433351861263e-01 9.607406624056757938e-02 4.760177955946816031e-01 6.104759903630694318e-01 6.121611191454636725e-01
6.157891290485114633e-01 7.981127725352654689e-01 8.550402593244970095e-01 8.203083631213257121e-01 6.033589219735588927e-01 4.493443909283069138e-01 9.030431853631892825e-01 6.717422755905830822e-01 5.468879971929432315e-01 2.155286984779333781e-01 8.541663071800265072e-01 5.169707357726007757e-01 1.107386169221143968e-01 2.934818744245151212e-01 3.602842865208559786e-01 1.291794706652237279e-01 9.378099593019626479e-01 5.607492309980215417e-01 0.000000000000000000e+00 9.246314255025357420e-01 7.588354174759637250e-01 1.846515155906377492e-01 7.006270913018863844e-01 4.105457502195495323e-01 2.834684744095333775e-01 3.741875543945012428e-01 6.888415040193396344e-01 5.735013532751704890e-01 8.565985802048561304e-01 8.163814397748980767e-02 8.067163936118821876e-01 7.148805599967489322e-01 2.176697494626011475e-01 4.610546005810688408e-01 5.039835303425792556e-01
2.887660678673740766e-01 8.668104523800037597e-01 5.961149287589211365e-01 8.145689758029217575e-01 1.791626243332055668e-01 2.336527836435733363e-01 8.158448851830191195e-01 5.800132364989910583e-01 2.546363441466479305e-01 5.766421924839261193e-01 5.724572795512314904e-01 6.371036261902154330e-01 4.472575622770751380e-01 4.783541432543547689e-01 4.765516447183956728e-01 7.252633243254753559e-01 5.401068293392226050e-01 4.347693312055465054e-01 9.246314255025357420e-01 0.000000000000000000e+00 3.561773926445613858e-01 8.188962879881579449e-01 6.999611319761167572e-01 5.880929975040314339e-01 4.202776355006972997e-01 2.761163254777960763e-01 6.981668990779517081e-01 7.454996930201496230e-01 6.395123029036280382e-01 3.261126371478736408e-01 2.344489238951570076e-01 3.175711643786881533e-01 6.746717318309188860e-01 7.155348163523698179e-01 5.316960743219668606e-01
6.760931986833365048e-01 9.224335753219407019e-01 2.551046838801183103e-01 3.277959270271386671e-01 6.945906141766420294e-01 6.660688024168444077e-01 8.021611882788893810e-01 3.083672032376418848e-01 4.666869264990650135e-01 1.525937197359882314e-01 4.340514883291012316e-01 6.306933471566829041e-01 6.580492506225998905e-01 3.530650319011705007e-01 2.872860349748558306e-01 5.323000704764559998e-01 3.865043332399497045e-01 3.593076957874935529e-01 7.588354174759637250e-01 3.561773926445613858e-01 0.000000000000000000e+00 8.254511553016042891e-01 8.284936207946584918e-01 6.586223464722944509e-01 7.237920053839870249e-01 8.936613872488853305e-01 8.152452818508881816e-01 3.282969399508727237e-01 4.609902292135894530e-01 5.488710515072641183e-01 7.648229319548149885e-01 3.551982515012356290e-01 4.046993805184440074e-01 2.072292261764773214e-01 5.344571933002245645e-01
1.505460953886061937e-01 9.072148037255787223e-01 4.498045687668249526e-01 2.072493970663370488e-01 4.705972260931476914e-01 2.078080285209456535e-01 6.876005109613281263e-01 5.130614418308796498e-01 4.196763630970818948e-01 6.722224953723001661e-01 7.956031912982172161e-01 3.209907182148338256e-01 1.334359023447256876e-01 3.936667638208679598e-01 6.735350708645229112e-01 5.594558517012169219e-01 7.606946406380180603e-01 3.057734268227452201e-02 1.846515155906377492e-01 8.188962879881579449e-01 8.254511553016042891e-01 0.000000000000000000e+00 6.933422592519131733e-01 5.985504642756294125e-01 4.823127223231136185e-01 8.593884837238745522e-01 1.305264737074908199e-01 1.347562847480808790e-01 7.215214409643828652e-01 1.885829029855163874e-01 1.144358239441284342e-01 6.942438115857911818e-01 5.481907536381959156e-01 7.263665661886182789e-01 3.800615100570848837e-01
7.630108985762689144e-01 5.801093559664296517e-01 9.262492929826748878e-02 3.209418198340026063e-01 3.358377774431946516e-01 4.558540882808448380e-01 6.756826939324952486e-01 6.255709665970998756e-01 6.534272222139034803e-01 4.908033902839070706e-01 1.308426123992290080e-01 7.771783839264283511e-01 4.832184267550015955e-01 6.413969719691092752e-01 6.768739919901813895e-01 2.805598771970634342e-01 3.460438319771471649e-01 3.806619757575865348e-01 7.006270913018863844e-01 6.999611319761167572e-01 8.284936207946584918e-01 6.933422592519131733e-01 0.000000000000000000e+00 4.023289940936328746e-01 2.786225112827069861e-01 1.970091295206873871e-01 1.932884046260565647e-01 6.766020189708235044e-01 7.092487542579513082e-01 7.687195497637417940e-01 6.687752917450504597e-01 5.159247025563759026e-01 5.778350842202470972e-01 6.861433368376199660e-01 4.066858240223543142e-01
2.222620428065851250e-01 7.220253653569157493e-01 4.148905497979470391e-01 4.185414649091595551e-01 4.626997823578671287e-01 2.160914397922348851e-01 4.827249932098683360e-01 5.793961864360535063e-01 7.068310569357869610e-01 2.352532778572078431e-01 4.179501251400359330e-01 2.680750494772525805e-01 3.298645601157375040e-01 4.660617602330635045e-01 1.988553784885641607e-01 6.093747838443996923e-01 5.078071262947525533e-01 6.778879176429386533e-01 4.105457502195495323e-01 5.880929975040314339e-01 6.586223464722944509e-01 5.985504642756294125e-01 4.023289940936328746e-01 0.000000000000000000e+00 5.955430380874560115e-01 8.097017212043734480e-01 5.257721138357247526e-01 1.861034999358502362e-01 6.085125904958000875e-01 6.599395445405806804e-01 2.577346117460219688e-01 6.736108247547236694e-01 6.418746978976879181e-01 5.668666104412254381e-01 1.760316588071340060e-01
3.162087356607704569e-01 5.995553512270812568e-02 1.490665386124073732e-01 7.565350933594143790e-01 3.385210879145477136e-01 4.225309228813736162e-01 3.844157522930379267e-01 5.511221252897862133e-01 5.804046326787588583e-01 7.813421712277440756e-01 6.244771170862222220e-01 7.300652415098347614e-01 4.758925901864015651e-01 8.481262455185116789e-01 5.174893336361788831e-01 3.304861796333596891e-01 6.752193485922255434e-01 1.663357719100706511e-01 2.834684744095333775e-01 4.202776355006972997e-01 7.237920053839870249e-01 4.823127223231136185e-01 2.786225112827069861e-01 5.955430380874560115e-01 0.000000000000000000e+00 7.873151456495663947e-01 3.092926204627090003e-01 8.447842307035903220e-01 4.234454866408859375e-01 5.828669477299985857e-01 4.582054117846487973e-01 2.325925801623927591e-01 4.721063364125247519e-01 6.916330536649175631e-01 5.764885460519941773e-01
1.211639191573632424e-01 3.201434694751811305e-01 8.627598003460403842e-01 3.575203397864510357e-01 1.417696259823447713e-01 7.713333916193784168e-01 8.888195908612432916e-01 5.506144435030320139e-01 5.021996287412833215e-01 8.214367249933802739e-01 5.731756406528272230e-01 9.238040569928958057e-01 8.867637915569029916e-01 5.655940949707476406e-01 6.339461647006311429e-01 6.933296167471357796e-01 3.835401456203615944e-01 3.680088896301811907e-01 3.741875543945012428e-01 2.761163254777960763e-01 8.936613872488853305e-01 8.593884837238745522e-01 1.970091295206873871e-01 8.097017212043734480e-01 7.873151456495663947e-01 0.000000000000000000e+00 3.436866441163350938e-01 5.027715834916028914e-01 5.371961841146506433e-01 4.358020229854438488e-01 6.105018626137114213e-01 3.919432209117438282e-01 3.038496401691271886e-01 6.719635214397443601e-01 2.155680407314162217e-01
3.868894195794583268e-01 4.108110986878865667e-01 2.511327590085332684e-02 7.309627387710172508e-01 6.375108186582537639e-01 7.898142440245441431e-01 4.642369190800061940e-01 4.779919952123203308e-01 2.703847968263318746e-01 1.437120790110439916e-01 5.930031950264063045e-01 4.944670429403890122e-01 3.317667253025502472e-02 9.413125072107155766e-01 5.679648473933991415e-01 4.561770015887829377e-01 6.478299731047438836e-01 6.234769747101349679e-01 6.888415040193396344e-01 6.981668990779517081e-01 8.152452818508881816e-01 1.305264737074908199e-01 1.932884046260565647e-01 5.257721138357247526e-01 3.092926204627090003e-01 3.436866441163350938e-01 0.000000000000000000e+00 7.304647208599486241e-01 6.639686610710597847e-01 4.961445827422794053e-01 6.712421764437361826e-01 2.940938033930876605e-01 5.798483381591494901e-01 3.721078903032554730e-01 7.735261324078980261e-01
8.107909111554877368e-01 5.207012478692836233e-01 5.384918530909663659e-01 7.393819896704753036e-01 4.729840652458034977e-01 4.765404810753864906e-01 4.299780903049722491e-01 5.760266057409650919e-01 6.998463917286499303e-01 6.863811500761056728e-01 7.066135938424058516e-01 7.448176919888488401e-01 7.767977367051035475e-01 1.831228856343939393e-01 8.082917132412941186e-01 6.298827335750485368e-01 4.783216883033243882e-01 6.211209725555268957e-01 5.735013532751704890e-01 7.454996930201496230e-01 3.282969399508727237e-01 1.347562847480808790e-01 6.766020189708235044e-01 1.861034999358502362e-01 8.447842307035903220e-01 5.027715834916028914e-01 7.304647208599486241e-01 0.000000000000000000e+00 4.238107116326406687e-01 4.818565682235547709e-01 3.667681011956758219e-01 6.847077640194687564e-01 2.788910352474988086e-01 4.306886286622674254e-01 6.463732021603598721e-01
7.918367590545765111e-01 3.883647188097938963e-01 4.635606474758545703e-01 4.238822391984975457e-02 1.862173457238437413e-01 3.515032300017714162e-01 3.760065379813400943e-01 4.344258050383524306e-01 6.103097121483391785e-01 3.834382094792292417e-01 2.897927534446141928e-01 9.261736014762117497e-01 7.478968684032785141e-01 7.084793944999404625e-01 3.267318634336129346e-01 3.588300034957742080e-01 4.439529821693888323e-01 6.125954122878669583e-01 8.565985802048561304e-01 6.395123029036280382e-01 4.609902292135894530e-01 7.215214409643828652e-01 7.092487542579513082e-01 6.085125904958000875e-01 4.234454866408859375e-01 5.371961841146506433e-01 6.639686610710597847e-01 4.238107116326406687e-01 0.000000000000000000e+00 4.758590355508425240e-01 4.352392801228632813e-01 3.403250363771768150e-01 4.706961770327149353e-01 3.532927190863826006e-01 6.649638097310046625e-01
6.876929352469015599e-01 7.974237374599343342e-01 5.075248061454483706e-01 3.997721889170653964e-01 7.923819622378454053e-01 3.262114450214413930e-01 8.068807374919154674e-01 5.317661705588135890e-01 5.465690023371633233e-01 5.962165429797930960e-01 5.737470851572084030e-01 6.262848836245877848e-01 7.039116627092540934e-01 6.697718989234828779e-01 2.576846257172925592e-01 1.120001676930691970e-01 4.317907054702282421e-01 3.781672197929895063e-01 8.163814397748980767e-02 3.261126371478736408e-01 5.488710515072641183e-01 1.885829029855163874e-01 7.687195497637417940e-01 6.599395445405806804e-01 5.828669477299985857e-01 4.358020229854438488e-01 4.961445827422794053e-01 4.818565682235547709e-01 4.758590355508425240e-01 0.000000000000000000e+00 4.627602845161120637e-01 8.939273129285738584e-01 7.981240623756348240e-01 1.126466977758733834e-01 7.827973065292210819e-01
2.879712425951033161e-01 5.572235992007278371e-01 3.423489429761638614e-01 4.968958153207922446e-01 4.168230665900807264e-01 5.665857621174585912e-01 3.479925244656284500e-01 9.139606587166859697e-02 2.023512917762045893e-01 5.112269707676253550e-01 4.366032265510317312e-01 6.025117536123536510e-01 2.859184899450107897e-01 4.737035600448825656e-01 6.751171280583995182e-01 6.120678682081348576e-01 7.787376267988770362e-01 6.971587433351861263e-01 8.067163936118821876e-01 2.344489238951570076e-01 7.648229319548149885e-01 1.144358239441284342e-01 6.687752917450504597e-01 2.577346117460219688e-01 4.582054117846487973e-01 6.105018626137114213e-01 6.712421764437361826e-01 3.667681011956758219e-01 4.352392801228632813e-01 4.627602845161120637e-01 0.000000000000000000e+00 5.205749767379226345e-01 4.029264588473169262e-01 5.392637736046625996e-01 6.502330750971785367e-01
4.997970362278483791e-01 6.528938624099797083e-01 5.316046462601886624e-02 2.353299099451748866e-01 2.044576857384963198e-01 6.090205913088325707e-01 6.091721316377869400e-01 4.002077962910202125e-01 8.198740304425358172e-01 4.237046990064374241e-01 4.845368101061698907e-01 3.988863602178917001e-01 2.270600131381853015e-01 3.339125324357998803e-01 4.296610003562902347e-01 4.614919341615266180e-01 6.223092001054448819e-01 9.607406624056757938e-02 7.148805599967489322e-01 3.175711643786881533e-01 3.551982515012356290e-01 6.942438115857911818e-01 5.159247025563759026e-01 6.736108247547236694e-01 2.325925801623927591e-01 3.919432209117438282e-01 2.940938033930876605e-01 6.847077640194687564e-01 3.403250363771768150e-01 8.939273129285738584e-01 5.205749767379226345e-01 0.000000000000000000e+00 8.392205611164469392e-01 2.308146220233564527e-01 4.549338379979605551e-01
3.528683639877062683e-01 5.592532140290995546e-01 2.721826006637849682e-01 6.773052135167553223e-01 4.464501680578598086e-01 3.163313857850028055e-01 9.511893390587884412e-01 5.995358865455009401e-01 6.998329862836939474e-01 1.344583265844937481e-01 4.957637672545175955e-01 6.062812148556440128e-01 3.097437654250797534e-01 3.303906613166532891e-01 5.976064388405292194e-01 5.633522907797696710e-01 3.232206913185977637e-01 4.760177955946816031e-01 2.176697494626011475e-01 6.746717318309188860e-01 4.046993805184440074e-01 5.481907536381959156e-01 5.778350842202470972e-01 6.418746978976879181e-01 4.721063364125247519e-01 3.038496401691271886e-01 5.798483381591494901e-01 2.788910352474988086e-01 4.706961770327149353e-01 7.981240623756348240e-01 4.029264588473169262e-01 8.392205611164469392e-01 0.000000000000000000e+00 6.586760267844093963e-01 2.965315607100237338e-01
9.414166201455300698e-01 4.418981667899639643e-01 7.190062737749651767e-01 6.370077825325151100e-01 5.238926791535709615e-01 4.752201773151482067e-01 6.619302939835314259e-01 3.978197725401649842e-01 1.859578720161702559e-01 7.131849429923364792e-02 4.430583144824098984e-01 1.838563704404689303e-01 6.329003169164536535e-01 3.324392192467736096e-01 4.633610593546039214e-01 5.591919751973933872e-01 7.420190111449140868e-01 6.104759903630694318e-01 4.610546005810688408e-01 7.155348163523698179e-01 2.072292261764773214e-01 7.263665661886182789e-01 6.861433368376199660e-01 5.668666104412254381e-01 6.916330536649175631e-01 6.719635214397443601e-01 3.721078903032554730e-01 4.306886286622674254e-01 3.532927190863826006e-01 1.126466977758733834e-01 5.392637736046625996e-01 2.308146220233564527e-01 6.586760267844093963e-01 0.000000000000000000e+00 8.758844583208159618e-01
4.712153988435369145e-01 4.492882058131540401e-01 4.303603672076209419e-01 7.419013138116468120e-01 7.529620378412172910e-01 6.259988377928401571e-01 4.229806757882339507e-01 6.742381155618215605e-01 8.460716669898965536e-01 7.441497283897724468e-01 6.939390443248061313e-02 7.366738305398663478e-01 4.033660836561593355e-01 3.648264889892517404e-01 3.079114043826836622e-01 3.370783157086819637e-01 7.728897508881820144e-01 6.121611191454636725e-01 5.039835303425792556e-01 5.316960743219668606e-01 5.344571933002245645e-01 3.800615100570848837e-01 4.066858240223543142e-01 1.760316588071340060e-01 5.764885460519941773e-01 2.155680407314162217e-01 7.735261324078980261e-01 6.463732021603598721e-01 6.649638097310046625e-01 7.827973065292210819e-01 6.502330750971785367e-01 4.549338379979605551e-01 2.965315607100237338e-01 8.758844583208159618e-01 0.000000000000000000e+00
