0.000000000000000000e+00 5.052621908895003067e-01 5.029530160295792030e-02 6.696559912069730558e-01 4.752419760650306024e-01 5.084179617083512959e-01 4.430169875087463516e-01 9.506652683211760380e-01 7.803204326069994590e-01 3.978887548615211989e-01 7.226514115620445988e-01 2.822799573360429415e-01 2.641451010771105334e-01 2.860088582205131402e-01 5.085803570599155554e-01 8.599571757988904164e-01 6.546287948449447391e-02 4.335463017245012596e-01 6.785164384808956006e-01 7.066324957181809863e-01 4.051379380241082462e-01 8.359144475976965083e-01 3.978501062314378500e-01 1.171497554135079167e-01 8.553869976622183735e-01 4.734121526296564686e-01 8.029435081656139950e-01 6.595097955094635367e-01 3.960908481458722541e-01 6.609421851602472753e-01 5.196718749333684162e-01 3.871726568314872718e-01 6.354477030415794925e-01 6.203415927613258329e-01 5.619471227382217826e-01
5.052621908895003067e-01 0.000000000000000000e+00 6.653312768183541337e-01 6.170754480547584464e-01 8.452404142842085966e-01 3.869665770379191461e-01 5.185389787181662324e-01 6.189707839751417140e-01 3.766451227063039031e-01 6.162533209039484650e-01 6.156592829056442007e-01 4.964287813964460283e-01 4.276684757820157223e-01 5.661381577156111566e-01 7.111483665947089250e-01 1.368373032100055342e-01 3.836916931194607194e-01 4.069038693462476708e-01 6.427476733373640450e-01 2.876159702496743353e-01 9.551083110526369380e-01 6.488558811249571789e-01 5.047985973889012046e-01 3.904653546692794519e-01 9.091686527459823530e-01 5.533423744426876345e-01 4.707409453508420993e-01 7.394158350081482256e-01 3.888733613452403648e-01 8.701695257327642929e-01 3.811414689388142873e-01 6.888389113539266084e-01 4.473479344704579530e-01 3.934383950822084586e-01 5.158207251917854563e-01
5.029530160295792030e-02 6.653312768183541337e-01 0.000000000000000000e+00 7.862411238804563052e-01 3.566717482185325916e-01 9.109531221845394988e-01 3.982091775972554926e-01 8.417916563168774680e-01 5.451955314118532847e-01 5.622346363275305681e-01 8.057945007733340326e-01 5.470997253562324136e-01 6.953907056473822568e-01 4.665002106585442454e-01 9.386203917873963132e-01 6.873221190307048367e-01 3.987411541663732351e-01 4.339672087830700464e-01 4.803777753421656360e-01 5.874913461437167861e-01 9.980615602075260107e-02 3.401342960379674096e-01 7.241434929833697742e-01 4.524086319068875151e-01 8.376933854142074587e-01 2.398201481038448879e-01 3.633518205781662846e-01 6.826145435309080023e-01 5.738075767621368950e-01 3.708364120727151714e-01 7.792732391769946476e-01 8.511552352425533208e-01 2.752507755685138502e-01 6.379643460132495836e-01 5.625189147625497821e-01
6.696559912069730558e-01 6.170754480547584464e-01 7.862411238804563052e-01 0.000000000000000000e+00 8.290244183750794527e-01 6.224028057325927676e-01 6.060119289350891503e-01 9.353320716848796401e-01 6.037637006451416211e-01 8.686598689399698259e-01 5.143489788318963418e-01 2.260418939596967602e-01 5.173549817130459472e-01 5.589249067476773636e-01 8.833945221631758216e-01 4.538661221549396552e-01 3.265709776613433535e-01 9.341130492609173164e-02 5.077542999288018333e-01 8.995187093114358490e-01 8.500136171494643289e-01 8.905786763464478284e-01 3.616536930576808029e-01 6.325026294073897715e-01 8.429321338678068543e-01 6.542326875073994907e-01 8.914401480114764187e-01 6.730114218926739333e-01 2.429914893954832067e-01 5.430414541582451182e-01 4.143590387212735537e-01 2.259382373184307680e-01 8.754505094788800346e-01 6.673822663183351933e-01 8.213134193242623837e-01
4.752419760650306024e-01 8.452404142842085966e-01 3.566717482185325916e-01 8.290244183750794527e-01 0.000000000000000000e+00 3.868955683347853891e-01 9.456850792446260812e-01 4.889454858619563526e-01 5.221769022675362137e-01 4.369311001764412672e-01 4.750604814490356764e-01 3.758518779239348739e-01 2.715695922772426441e-01 4.314970256161879125e-01 5.311655243297075391e-02 6.385149964594438732e-02 5.561659755057100085e-01 8.202337456593633558e-02 5.584340196425026104e-01 6.564185831871687249e-01 2.404842196094775786e-01 8.102843496673721724e-01 6.413230477601025159e-01 6.866333169330446351e-01 5.802773788097758123e-01 4.899648926120900860e-01 3.316812939244260794e-01 3.598235886279091966e-01 2.634714273123114903e-01 1.764773144898810209e-01 8.103255025842788228e-01 9.402942027366139044e-01 7.221256394670509948e-01 6.938725128920740781e-01 7.572964997550118982e-01
5.084179617083512959e-01 3.869665770379191461e-01 9.109531221845394988e-01 6.224028057325927676e-01 3.868955683347853891e-01 0.000000000000000000e+00 5.545761179659577378e-01 8.013662745084678685e-01 4.947942261640691508e-01 7.339487758662901484e-01 6.220807648607893370e-01 8.217843200850042384e-01 7.037528344726802221e-01 5.860919168015951142e-01 7.137210091246999344e-01 4.535428530897562260e-01 5.100403419066588118e-01 4.800123475355254077e-01 9.191154497453689620e-01 7.471021671082589410e-01 4.701082459782073841e-01 4.253755790224696964e-01 4.576446496078996895e-01 8.095764913440717248e-01 7.957486877893823474e-01 4.597380371746567218e-01 5.423247174892107392e-01 7.613284863943341474e-01 7.539415484646571075e-01 7.705510010255759434e-01 7.548461396519013933e-01 4.705431411828768229e-01 5.961160056222194470e-01 8.637807251265512409e-01 4.527095949185380164e-01
4.430169875087463516e-01 5.185389787181662324e-01 3.982091775972554926e-01 6.060119289350891503e-01 9.456850792446260812e-01 5.545761179659577378e-01 0.000000000000000000e+00 3.016563657857981307e-01 5.893116219532714695e-01 2.631061631110024890e-01 4.424933061186699379e-01 2.786636294549895698e-01 6.188242142304081206e-01 7.799377301729935041e-01 4.776026862985054411e-01 4.550699701715527068e-01 5.974944943391699015e-01 8.940904662118585033e-01 6.212146936218340132e-01 3.558384907951794296e-01 4.107805958005644187e-01 6.719477910205073901e-02 5.080275204964682656e-01 5.029266259847282594e-01 6.489778153336455135e-01 5.285724759366705605e-01 8.022137820196439950e-01 5.644248064542181087e-01 1.769504370322771969e-02 3.614541567107123488e-01 9.980453074386153034e-02 6.189344382733025229e-01 6.096116708313026322e-01 5.123018756020072395e-01 5.831837211752317618e-01
9.506652683211760380e-01 6.189707839751417140e-01 8.417916563168774680e-01 9.353320716848796401e-01 4.889454858619563526e-01 8.013662745084678685e-01 3.016563657857981307e-01 0.000000000000000000e+00 2.849354046050956990e-01 4.547504821286441068e-01 2.068518916580514566e-01 4.475225050631808088e-01 7.833951028817405238e-01 6.595943668494748113e-01 2.564057234856992329e-01 4.045278903982355567e-01 7.655268604063045768e-01 2.465545812208383980e-01 8.989024362637103582e-01 8.349717981229582975e-01 6.199000616278211861e-01 4.704105243024392924e-01 6.872369265498985413e-01 8.138983595715505448e-01 7.910347203640395453e-01 8.871704432381180006e-01 6.883020867708435908e-01 4.236990042022379388e-01 6.158415297409636224e-01 9.269216865015312834e-01 9.719295750623289099e-01 6.851163971406418751e-01 4.284393163575833108e-01 2.372855456397447993e-01 7.756868628619799644e-01
7.803204326069994590e-01 3.766451227063039031e-01 5.451955314118532847e-01 6.037637006451416211e-01 5.221769022675362137e-01 4.947942261640691508e-01 5.893116219532714695e-01 2.849354046050956990e-01 0.000000000000000000e+00 4.070505021674910573e-01 7.542886251500524608e-01 5.702085332635294934e-01 4.677910955153197770e-01 8.158214236009215803e-01 5.983721652079029285e-01 3.790566626470983080e-01 6.424783658774970707e-01 4.614644728905079041e-01 3.719552851446911168e-01 4.221201214137677016e-01 9.066875902684554678e-01 4.095762144382159575e-01 4.711394296638393153e-01 5.718707019102091671e-01 8.792632949267435993e-01 3.680150822485164230e-01 1.513113350975825444e-01 6.729675042463465484e-01 4.178359330042556441e-01 4.508363106830809430e-01 2.995332279414398835e-01 8.946711489531351535e-01 4.442121012039765282e-01 8.271040959488958899e-01 7.185554446763461334e-01
3.978887548615211989e-01 6.162533209039484650e-01 5.622346363275305681e-01 8.686598689399698259e-01 4.369311001764412672e-01 7.339487758662901484e-01 2.631061631110024890e-01 4.547504821286441068e-01 4.070505021674910573e-01 0.000000000000000000e+00 6.344628375483345462e-01 8.984362332183130073e-01 7.326292018674729345e-02 6.332206586640318768e-01 8.424909552172218374e-01 8.226199167747458851e-01 4.119383582253755005e-01 6.848648832765695804e-01 5.951421285063842603e-01 5.618599252928018206e-01 3.361032516732413433e-01 8.758564855241044445e-01 5.804606410221128110e-01 7.010372504599080568e-01 2.969839558497783250e-01 6.926326010925542009e-01 1.170319275220915722e-01 7.178807428962445947e-01 9.079517847866043212e-01 6.221922687234222593e-01 8.359658710812802873e-01 5.444321131811933334e-01 9.005596154573553003e-01 3.015197981836976737e-01 8.261151883991673106e-01
7.226514115620445988e-01 6.156592829056442007e-01 8.057945007733340326e-01 5.143489788318963418e-01 4.750604814490356764e-01 6.220807648607893370e-01 4.424933061186699379e-01 2.068518916580514566e-01 7.542886251500524608e-01 6.344628375483345462e-01 0.000000000000000000e+00 6.852365868308336605e-01 3.035351379039568087e-01 7.539615132543473486e-01 1.983555138976683674e-01 3.357351063882862419e-01 5.583351399289828709e-01 5.440027363145043537e-01 4.088402008806215071e-01 4.283758253509890590e-01 6.754987298853725175e-01 4.092065737956542826e-01 5.169555312194424879e-01 6.680162502378022005e-01 9.026890771658304669e-01 3.310452269109768753e-01 6.228758869750226079e-01 5.965493566721545848e-01 3.738632708747768318e-01 7.192399318537106012e-01 5.825963583931250689e-01 8.170786718315568020e-01 8.340333045227796838e-01 4.730472427453252249e-01 5.792728035487866300e-01
2.822799573360429415e-01 4.964287813964460283e-01 5.470997253562324136e-01 2.260418939596967602e-01 3.758518779239348739e-01 8.217843200850042384e-01 2.786636294549895698e-01 4.475225050631808088e-01 5.702085332635294934e-01 8.984362332183130073e-01 6.852365868308336605e-01 0.000000000000000000e+00 3.443629510433632301e-01 3.474108449400883369e-01 8.196420341900045869e-01 3.981540279373192437e-01 3.699842792465489194e-01 3.343838184847371942e-01 6.545782934355155458e-01 3.804587652538197751e-01 4.459478378079818062e-01 7.987983058518177693e-01 7.198461771600027648e-01 8.051760956422582272e-01 1.282607644397135704e-01 6.564015174966403299e-01 5.437054631628976953e-01 7.696010033179531140e-01 5.353470354831921796e-01 8.155762428496324823e-01 4.758392320633242911e-01 5.265023701968953862e-01 8.048872343535866669e-01 4.568283198115599131e-01 3.424789838319443613e-01
2.641451010771105334e-01 4.276684757820157223e-01 6.953907056473822568e-01 5.173549817130459472e-01 2.715695922772426441e-01 7.037528344726802221e-01 6.188242142304081206e-01 7.833951028817405238e-01 4.677910955153197770e-01 7.326292018674729345e-02 3.035351379039568087e-01 3.443629510433632301e-01 0.000000000000000000e+00 3.806593146393171812e-01 6.848998287927183792e-01 7.309741800817284307e-01 3.999309652411463523e-01 7.975306645339297340e-01 3.426657297880788544e-01 7.096611339915899208e-01 4.038176311016898890e-01 7.834411155651239689e-01 1.257690662708755847e-01 8.492454018815968064e-01 8.204884110600196845e-01 3.188409798262257788e-01 6.819664811182550856e-01 9.735904117456575246e-01 4.749206064843388142e-01 7.950508603998585055e-01 1.110696645976658736e-01 9.121492941048542358e-01 6.995374907561972000e-01 7.612331889290773201e-01 4.990814867993726978e-01
2.860088582205131402e-01 5.661381577156111566e-01 4.665002106585442454e-01 5.589249067476773636e-01 4.314970256161879125e-01 5.860919168015951142e-01 7.799377301729935041e-01 6.595943668494748113e-01 8.158214236009215803e-01 6.332206586640318768e-01 7.539615132543473486e-01 3.474108449400883369e-01 3.806593146393171812e-01 0.000000000000000000e+00 5.363321046318149099e-01 5.689096332546553780e-01 2.241397142642586882e-01 3.116921844551454601e-01 5.616725595884537459e-01 6.778369697788726445e-01 6.769985808374844316e-01 8.266594947052133824e-01 6.774180845806219153e-01 3.918736244117302370e-01 4.641120392226030233e-01 6.987678274784799859e-01 9.202177584286106438e-01 7.026613929441994921e-01 7.983965007034595773e-01 7.592675666240369381e-01 4.018796438165056495e-01 3.441470689408111516e-01 6.563692194122873191e-01 2.449733052021851598e-01 7.398428682582158800e-01
5.085803570599155554e-01 7.111483665947089250e-01 9.386203917873963132e-01 8.833945221631758216e-01 5.311655243297075391e-02 7.137210091246999344e-01 4.776026862985054411e-01 2.564057234856992329e-01 5.983721652079029285e-01 8.424909552172218374e-01 1.983555138976683674e-01 8.196420341900045869e-01 6.848998287927183792e-01 5.363321046318149099e-01 0.000000000000000000e+00 7.132040630424696381e-01 4.454243997876605743e-01 5.139901550543558573e-01 4.799860034787688523e-01 1.405262707658814225e-01 7.672803844599211942e-01 3.562167847932021791e-01 9.379262831786872034e-01 5.992317072911950149e-01 5.945987969402131146e-01 4.249566399466293554e-01 4.733820452520935973e-01 7.877777199254332174e-01 8.333230480330300338e-01 2.862834534817537135e-01 5.456867799904642213e-01 7.276001001443404004e-01 6.343028896476468059e-01 4.639868807983245080e-01 5.053747178377102633e-01
8.599571757988904164e-01 1.368373032100055342e-01 6.873221190307048367e-01 4.538661221549396552e-01 6.385149964594438732e-02 4.535428530897562260e-01 4.550699701715527068e-01 4.045278903982355567e-01 3.790566626470983080e-01 8.226199167747458851e-01 3.357351063882862419e-01 3.981540279373192437e-01 7.309741800817284307e-01 5.689096332546553780e-01 7.132040630424696381e-01 0.000000000000000000e+00 4.568398957313281050e-01 1.573347465775403187e-01 8.909467175539806938e-01 7.882094939178061477e-01 6.269621546015198277e-01 4.764031760002169213e-01 3.181780000882348247e-01 7.439613398979999515e-01 8.514508568627721097e-01 2.737270564658049743e-01 3.045914883355831382e-01 7.884811297719347412e-01 5.149458115383054313e-01 5.943950809449205508e-01 4.165777421324097785e-01 7.391006082327463700e-01 9.070522620035899042e-01 9.150455491054747537e-01 9.222630412110304210e-01
6.546287948449447391e-02 3.836916931194607194e-01 3.987411541663732351e-01 3.265709776613433535e-01 5.561659755057100085e-01 5.100403419066588118e-01 5.974944943391699015e-01 7.655268604063045768e-01 6.424783658774970707e-01 4.119383582253755005e-01 5.583351399289828709e-01 3.699842792465489194e-01 3.999309652411463523e-01 2.241397142642586882e-01 4.454243997876605743e-01 4.568398957313281050e-01 0.000000000000000000e+00 7.088825831743801320e-01 3.679070462718562196e-01 1.017892222724652296e-01 4.847039034819277115e-01 2.440944599356318356e-01 3.584131361627611034e-01 9.427290970759047983e-01 5.170028780882525155e-01 1.672486945318388818e-01 6.141557040655416522e-01 6.708365489340859522e-01 7.447412233297894257e-01 7.790141229271720924e-01 6.678182134627919098e-02 6.716323428908504978e-01 5.475455523952434955e-01 2.537064816987437688e-01 6.562588280651893147e-02
4.335463017245012596e-01 4.069038693462476708e-01 4.339672087830700464e-01 9.341130492609173164e-02 8.202337456593633558e-02 4.800123475355254077e-01 8.940904662118585033e-01 2.465545812208383980e-01 4.614644728905079041e-01 6.848648832765695804e-01 5.440027363145043537e-01 3.343838184847371942e-01 7.975306645339297340e-01 3.116921844551454601e-01 5.139901550543558573e-01 1.573347465775403187e-01 7.088825831743801320e-01 0.000000000000000000e+00 8.390821447632678121e-01 8.288588036488363509e-01 6.630499160443386053e-01 1.149884431320327693e-01 8.671749691360968182e-01 6.346564912394645486e-01 7.034565279570429430e-01 8.390995646823025123e-01 5.034976294691420051e-01 6.321255529026585940e-01 8.593332832136890698e-01 3.609451920990902063e-01 5.709965986383601644e-01 6.205386714092663292e-01 7.873457766076759068e-01 8.319155570920502285e-01 1.526415274542110012e-01
6.785164384808956006e-01 6.427476733373640450e-01 4.803777753421656360e-01 5.077542999288018333e-01 5.584340196425026104e-01 9.191154497453689620e-01 6.212146936218340132e-01 8.989024362637103582e-01 3.719552851446911168e-01 5.951421285063842603e-01 4.088402008806215071e-01 6.545782934355155458e-01 3.426657297880788544e-01 5.616725595884537459e-01 4.799860034787688523e-01 8.909467175539806938e-01 3.679070462718562196e-01 8.390821447632678121e-01 0.000000000000000000e+00 6.428252881620079018e-01 8.734411141283373592e-01 4.833274927908713936e-01 7.629896116369488945e-01 5.903525176283215270e-01 3.627080839467612949e-01 6.916656549156611211e-01 6.611869145510200774e-01 7.662526973181864598e-01 5.932038502755314635e-01 8.030440595151993044e-01 8.493174278893305118e-01 3.060737562126777389e-01 8.157874608776344294e-01 2.842532342012352720e-01 9.245306726024560273e-02
7.066324957181809863e-01 2.876159702496743353e-01 5.874913461437167861e-01 8.995187093114358490e-01 6.564185831871687249e-01 7.471021671082589410e-01 3.558384907951794296e-01 8.349717981229582975e-01 4.221201214137677016e-01 5.618599252928018206e-01 4.283758253509890590e-01 3.804587652538197751e-01 7.096611339915899208e-01 6.778369697788726445e-01 1.405262707658814225e-01 7.882094939178061477e-01 1.017892222724652296e-01 8.288588036488363509e-01 6.428252881620079018e-01 0.000000000000000000e+00 3.221410210821366027e-01 1.022283272438675450e-01 4.133600356972570999e-01 7.471427025219696816e-01 6.963077329605776855e-01 7.833733580560873211e-01 6.337349581937117282e-01 6.559976752398084532e-01 7.222073539933293596e-02 5.950877702312679096e-01 3.863113973426335335e-02 5.338603742983223377e-01 7.244596079246751197e-01 4.604794670047102634e-01 5.818586598533702636e-01
4.051379380241082462e-01 9.551083110526369380e-01 9.980615602075260107e-02 8.500136171494643289e-01 2.404842196094775786e-01 4.701082459782073841e-01 4.107805958005644187e-01 6.199000616278211861e-01 9.066875902684554678e-01 3.361032516732413433e-01 6.754987298853725175e-01 4.459478378079818062e-01 4.038176311016898890e-01 6.769985808374844316e-01 7.672803844599211942e-01 6.269621546015198277e-01 4.847039034819277115e-01 6.630499160443386053e-01 8.734411141283373592e-01 3.221410210821366027e-01 0.000000000000000000e+00 3.639898183186740521e-01 4.137971220535301975e-01 1.931421102215656882e-01 7.536973025477786692e-01 8.700008946135331378e-01 1.278140718485391014e-01 1.556288475341972566e-01 7.160485518769821311e-01 5.126379632121639274e-01 4.565240481004295137e-01 3.949901587028753491e-01 7.144072847204285814e-01 7.437583381170447261e-01 4.869022865377530263e-01
8.359144475976965083e-01 6.488558811249571789e-01 3.401342960379674096e-01 8.905786763464478284e-01 8.102843496673721724e-01 4.253755790224696964e-01 6.719477910205073901e-02 4.704105243024392924e-01 4.095762144382159575e-01 8.758564855241044445e-01 4.092065737956542826e-01 7.987983058518177693e-01 7.834411155651239689e-01 8.266594947052133824e-01 3.562167847932021791e-01 4.764031760002169213e-01 2.440944599356318356e-01 1.149884431320327693e-01 4.833274927908713936e-01 1.022283272438675450e-01 3.639898183186740521e-01 0.000000000000000000e+00 5.653726991094432108e-01 5.046004035232511953e-01 6.800526538825986123e-01 3.358841466827514610e-01 8.747150556268044053e-01 5.693267799223045156e-01 6.330927257388778706e-01 4.864040443430635574e-01 8.085683122758891006e-01 1.558052305821168160e-01 2.851648053934231486e-01 4.585752653633045628e-01 5.941154245991473459e-01
3.978501062314378500e-01 5.047985973889012046e-01 7.241434929833697742e-01 3.616536930576808029e-01 6.413230477601025159e-01 4.576446496078996895e-01 5.080275204964682656e-01 6.872369265498985413e-01 4.711394296638393153e-01 5.804606410221128110e-01 5.169555312194424879e-01 7.198461771600027648e-01 1.257690662708755847e-01 6.774180845806219153e-01 9.379262831786872034e-01 3.181780000882348247e-01 3.584131361627611034e-01 8.671749691360968182e-01 7.629896116369488945e-01 4.133600356972570999e-01 4.137971220535301975e-01 5.653726991094432108e-01 0.000000000000000000e+00 6.354473169500013396e-01 9.180981823220613069e-01 7.867377021024567485e-01 9.451675490000965851e-01 1.913860311231030398e-01 8.369119842254322261e-01 5.649800590981468584e-01 3.561074400881203417e-02 5.433056117315626654e-01 6.245638108959292722e-01 4.842932327083331878e-01 6.060089746839056879e-01
1.171497554135079167e-01 3.904653546692794519e-01 4.524086319068875151e-01 6.325026294073897715e-01 6.866333169330446351e-01 8.095764913440717248e-01 5.029266259847282594e-01 8.138983595715505448e-01 5.718707019102091671e-01 7.010372504599080568e-01 6.680162502378022005e-01 8.051760956422582272e-01 8.492454018815968064e-01 3.918736244117302370e-01 5.992317072911950149e-01 7.439613398979999515e-01 9.427290970759047983e-01 6.346564912394645486e-01 5.903525176283215270e-01 7.471427025219696816e-01 1.931421102215656882e-01 5.046004035232511953e-01 6.354473169500013396e-01 0.000000000000000000e+00 5.384767838030711795e-01 4.676438380752005464e-01 3.652509475120183646e-01 7.144452232037915573e-01 9.545299852497619586e-01 4.397704850639395091e-01 5.170283601150749142e-01 7.301414794498684024e-01 5.184557990462352883e-01 7.937334913700410111e-01 6.108867763948857554e-01
8.553869976622183735e-01 9.091686527459823530e-01 8.376933854142074587e-01 8.429321338678068543e-01 5.802773788097758123e-01 7.957486877893823474e-01 6.489778153336455135e-01 7.910347203640395453e-01 8.792632949267435993e-01 2.969839558497783250e-01 9.026890771658304669e-01 1.282607644397135704e-01 8.204884110600196845e-01 4.641120392226030233e-01 5.945987969402131146e-01 8.514508568627721097e-01 5.170028780882525155e-01 7.034565279570429430e-01 3.627080839467612949e-01 6.963077329605776855e-01 7.536973025477786692e-01 6.800526538825986123e-01 9.180981823220613069e-01 5.384767838030711795e-01 0.000000000000000000e+00 4.390773983471571995e-01 1.338481180431968509e-01 7.571342579008722984e-01 5.865069449491201459e-01 1.340113028680117724e-01 7.547548463683619868e-01 9.587487044646403334e-01 6.800757140347629681e-01 3.200394631139418244e-01 4.007556546229802952e-01
4.734121526296564686e-01 5.533423744426876345e-01 2.398201481038448879e-01 6.542326875073994907e-01 4.899648926120900860e-01 4.597380371746567218e-01 5.285724759366705605e-01 8.871704432381180006e-01 3.680150822485164230e-01 6.926326010925542009e-01 3.310452269109768753e-01 6.564015174966403299e-01 3.188409798262257788e-01 6.987678274784799859e-01 4.249566399466293554e-01 2.737270564658049743e-01 1.672486945318388818e-01 8.390995646823025123e-01 6.916656549156611211e-01 7.833733580560873211e-01 8.700008946135331378e-01 3.358841466827514610e-01 7.867377021024567485e-01 4.676438380752005464e-01 4.390773983471571995e-01 0.000000000000000000e+00 2.112982305579163000e-01 3.351048642557012958e-01 9.454487693403432758e-01 8.159552248407009323e-02 1.494808855582654417e-01 3.165576906698006066e-01 6.432858781519499303e-01 8.279369098018838358e-01 4.284858846592292658e-01
8.029435081656139950e-01 4.707409453508420993e-01 3.633518205781662846e-01 8.914401480114764187e-01 3.316812939244260794e-01 5.423247174892107392e-01 8.022137820196439950e-01 6.883020867708435908e-01 1.513113350975825444e-01 1.170319275220915722e-01 6.228758869750226079e-01 5.437054631628976953e-01 6.819664811182550856e-01 9.202177584286106438e-01 4.733820452520935973e-01 3.045914883355831382e-01 6.141557040655416522e-01 5.034976294691420051e-01 6.611869145510200774e-01 6.337349581937117282e-01 1.278140718485391014e-01 8.747150556268044053e-01 9.451675490000965851e-01 3.652509475120183646e-01 1.338481180431968509e-01 2.112982305579163000e-01 0.000000000000000000e+00 5.577531386667827773e-01 1.394320133210656953e-01 8.829381502846522789e-01 3.883683407299747259e-01 7.453172454256067336e-01 4.939822335636036010e-01 8.188352798598403925e-01 1.275470663975795116e-01
6.595097955094635367e-01 7.394158350081482256e-01 6.826145435309080023e-01 6.730114218926739333e-01 3.598235886279091966e-01 7.613284863943341474e-01 5.644248064542181087e-01 4.236990042022379388e-01 6.729675042463465484e-01 7.178807428962445947e-01 5.965493566721545848e-01 7.696010033179531140e-01 9.735904117456575246e-01 7.026613929441994921e-01 7.877777199254332174e-01 7.884811297719347412e-01 6.708365489340859522e-01 6.321255529026585940e-01 7.662526973181864598e-01 6.559976752398084532e-01 1.556288475341972566e-01 5.693267799223045156e-01 1.913860311231030398e-01 7.144452232037915573e-01 7.571342579008722984e-01 3.351048642557012958e-01 5.577531386667827773e-01 0.000000000000000000e+00 5.900850655052664040e-01 4.056668772519324562e-01 3.916203876774242976e-01 9.429128799017780782e-01 6.465900501597873218e-01 7.374527128734915671e-01 4.223965164326844990e-01
3.960908481458722541e-01 3.888733613452403648e-01 5.738075767621368950e-01 2.429914893954832067e-01 2.634714273123114903e-01 7.539415484646571075e-01 1.769504370322771969e-02 6.158415297409636224e-01 4.178359330042556441e-01 9.079517847866043212e-01 3.738632708747768318e-01 5.353470354831921796e-01 4.749206064843388142e-01 7.983965007034595773e-01 8.333230480330300338e-01 5.149458115383054313e-01 7.447412233297894257e-01 8.593332832136890698e-01 5.932038502755314635e-01 7.222073539933293596e-02 7.160485518769821311e-01 6.330927257388778706e-01 8.369119842254322261e-01 9.545299852497619586e-01 5.865069449491201459e-01 9.454487693403432758e-01 1.394320133210656953e-01 5.900850655052664040e-01 0.000000000000000000e+00 5.363897876668450859e-01 6.665352187745956503e-01 4.931137682426225410e-01 3.428620201413438151e-01 4.519014157772693885e-01 2.156851019837491279e-01
6.609421851602472753e-01 8.701695257327642929e-01 3.708364120727151714e-01 5.430414541582451182e-01 1.764773144898810209e-01 7.705510010255759434e-01 3.614541567107123488e-01 9.269216865015312834e-01 4.508363106830809430e-01 6.221922687234222593e-01 7.192399318537106012e-01 8.155762428496324823e-01 7.950508603998585055e-01 7.592675666240369381e-01 2.862834534817537135e-01 5.943950809449205508e-01 7.790141229271720924e-01 3.609451920990902063e-01 8.030440595151993044e-01 5.950877702312679096e-01 5.126379632121639274e-01 4.864040443430635574e-01 5.649800590981468584e-01 4.397704850639395091e-01 1.340113028680117724e-01 8.159552248407009323e-02 8.829381502846522789e-01 4.056668772519324562e-01 5.363897876668450859e-01 0.000000000000000000e+00 7.639349143832754319e-01 2.233421238777525408e-01 7.876516736789722639e-01 8.011287412812575504e-01 4.357385221193284530e-01
5.196718749333684162e-01 3.811414689388142873e-01 7.792732391769946476e-01 4.143590387212735537e-01 8.103255025842788228e-01 7.548461396519013933e-01 9.980453074386153034e-02 9.719295750623289099e-01 2.995332279414398835e-01 8.359658710812802873e-01 5.825963583931250689e-01 4.758392320633242911e-01 1.110696645976658736e-01 4.018796438165056495e-01 5.456867799904642213e-01 4.165777421324097785e-01 6.678182134627919098e-02 5.709965986383601644e-01 8.493174278893305118e-01 3.863113973426335335e-02 4.565240481004295137e-01 8.085683122758891006e-01 3.561074400881203417e-02 5.170283601150749142e-01 7.547548463683619868e-01 1.494808855582654417e-01 3.883683407299747259e-01 3.916203876774242976e-01 6.665352187745956503e-01 7.639349143832754319e-01 0.000000000000000000e+00 6.937974174532888227e-01 2.182304069276930214e-01 3.229895204537872599e-01 5.565418755804725226e-01
3.871726568314872718e-01 6.888389113539266084e-01 8.511552352425533208e-01 2.259382373184307680e-01 9.402942027366139044e-01 4.705431411828768229e-01 6.189344382733025229e-01 6.851163971406418751e-01 8.946711489531351535e-01 5.444321131811933334e-01 8.170786718315568020e-01 5.265023701968953862e-01 9.121492941048542358e-01 3.441470689408111516e-01 7.276001001443404004e-01 7.391006082327463700e-01 6.716323428908504978e-01 6.205386714092663292e-01 3.060737562126777389e-01 5.338603742983223377e-01 3.949901587028753491e-01 1.558052305821168160e-01 5.433056117315626654e-01 7.301414794498684024e-01 9.587487044646403334e-01 3.165576906698006066e-01 7.453172454256067336e-01 9.429128799017780782e-01 4.931137682426225410e-01 2.233421238777525408e-01 6.937974174532888227e-01 0.000000000000000000e+00 3.558488355252517055e-01 5.725076284927996806e-01 5.516662995648564660e-01
6.354477030415794925e-01 4.473479344704579530e-01 2.752507755685138502e-01 8.754505094788800346e-01 7.221256394670509948e-01 5.961160056222194470e-01 6.096116708313026322e-01 4.284393163575833108e-01 4.442121012039765282e-01 9.005596154573553003e-01 8.340333045227796838e-01 8.048872343535866669e-01 6.995374907561972000e-01 6.563692194122873191e-01 6.343028896476468059e-01 9.070522620035899042e-01 5.475455523952434955e-01 7.873457766076759068e-01 8.157874608776344294e-01 7.244596079246751197e-01 7.144072847204285814e-01 2.851648053934231486e-01 6.245638108959292722e-01 5.184557990462352883e-01 6.800757140347629681e-01 6.432858781519499303e-01 4.939822335636036010e-01 6.465900501597873218e-01 3.428620201413438151e-01 7.876516736789722639e-01 2.182304069276930214e-01 3.558488355252517055e-01 0.000000000000000000e+00 1.114126485020218160e-01 4.306250075890924456e-01
6.203415927613258329e-01 3.934383950822084586e-01 6.379643460132495836e-01 6.673822663183351933e-01 6.938725128920740781e-01 8.637807251265512409e-01 5.123018756020072395e-01 2.372855456397447993e-01 8.271040959488958899e-01 3.015197981836976737e-01 4.730472427453252249e-01 4.568283198115599131e-01 7.612331889290773201e-01 2.449733052021851598e-01 4.639868807983245080e-01 9.150455491054747537e-01 2.537064816987437688e-01 8.319155570920502285e-01 2.842532342012352720e-01 4.604794670047102634e-01 7.437583381170447261e-01 4.585752653633045628e-01 4.842932327083331878e-01 7.937334913700410111e-01 3.200394631139418244e-01 8.279369098018838358e-01 8.188352798598403925e-01 7.374527128734915671e-01 4.519014157772693885e-01 8.011287412812575504e-01 3.229895204537872599e-01 5.725076284927996806e-01 1.114126485020218160e-01 0.000000000000000000e+00 6.856942356380981707e-01
5.619471227382217826e-01 5.158207251917854563e-01 5.625189147625497821e-01 8.213134193242623837e-01 7.572964997550118982e-01 4.527095949185380164e-01 5.831837211752317618e-01 7.756868628619799644e-01 7.185554446763461334e-01 8.261151883991673106e-01 5.792728035487866300e-01 3.424789838319443613e-01 4.990814867993726978e-01 7.398428682582158800e-01 5.053747178377102633e-01 9.222630412110304210e-01 6.562588280651893147e-02 1.526415274542110012e-01 9.245306726024560273e-02 5.818586598533702636e-01 4.869022865377530263e-01 5.941154245991473459e-01 6.060089746839056879e-01 6.108867763948857554e-01 4.007556546229802952e-01 4.284858846592292658e-01 1.275470663975795116e-01 4.223965164326844990e-01 2.156851019837491279e-01 4.357385221193284530e-01 5.565418755804725226e-01 5.516662995648564660e-01 4.306250075890924456e-01 6.856942356380981707e-01 0.000000000000000000e+00
