0.000000000000000000e+00 4.904236047637400286e-02 4.223512618947093955e-01 5.953426009343760761e-01 7.252267607635003444e-01 4.892006121968048848e-01 7.148491938363595866e-01 3.972899882819390660e-01 3.386608228775010998e-01 3.876619727885911582e-01 6.373559765645215869e-01 5.250393908019261868e-01 2.820387034007211247e-01 3.683848428656932295e-01 4.716317965961806524e-01 3.334286590612637324e-01 2.653376152100713758e-01 4.973669830155853511e-01 2.320746949603874620e-01 4.352367137729787339e-01 8.056743642554932139e-01 6.505271606724734035e-01 9.837963938213517556e-02 5.862364444356396032e-01 8.317144465278620835e-01 2.056604321863558793e-01 6.758112258701942654e-01 3.311179298860317255e-01 5.074224176014738852e-01 4.563486554325568711e-01 4.771930024987657837e-01 5.128955001214864362e-01 4.060973771334348559e-01 6.126443587515540967e-01 4.760916383284197195e-01
4.904236047637400286e-02 0.000000000000000000e+00 9.392216395526338246e-01 4.732969787265312034e-01 9.372630595021345101e-01 3.100394699367062246e-01 5.562095745274846514e-01 7.411789360275200522e-01 7.994629637359373930e-01 8.573399922280067198e-01 2.300993331559832988e-01 4.785890813147677392e-01 4.720004145697177522e-01 4.419075383143784008e-01 8.683199411813709023e-01 6.579122230938239113e-01 1.466640135918833021e-01 5.761513788362817579e-01 7.870589220830914723e-01 1.251774632823798861e-01 6.283813167001763844e-01 5.390105471050521402e-01 6.313438893308556121e-01 1.998291166696097854e-01 4.526098213985816909e-01 4.957531497482340344e-01 6.294094607025702004e-02 5.249128424586160246e-01 3.657874006618352380e-01 6.063288232977437353e-01 7.269387276194294589e-01 6.977287613129847799e-01 5.092641364535310800e-01 7.236433366389651844e-01 3.130324589444035133e-01
4.223512618947093955e-01 9.392216395526338246e-01 0.000000000000000000e+00 4.052100153512041558e-01 7.282788682985115170e-01 9.095237492419860903e-01 1.181136273302695328e-01 3.918218238566850697e-02 4.515670680206012033e-01 4.885918534325324192e-01 5.860153187005940900e-01 7.194501570602428453e-01 7.544749847586892377e-01 7.448072353996877393e-01 6.361548903537683763e-01 3.099044783502540312e-01 6.054052402535374799e-01 5.127901098492848586e-01 4.829038402962158028e-01 5.826693608692331550e-01 5.551278097354815921e-01 4.221968716831585033e-01 4.221339887217360198e-01 1.668686010252951046e-01 7.477287219529008544e-01 5.139378883524787778e-01 9.296158052720717713e-01 2.629551116895977314e-01 3.212219229532706222e-01 5.137883235386921932e-01 4.434488100261457788e-01 5.026438587668673463e-01 9.545858742050097323e-01 3.098985337463721068e-01 5.233691730797296326e-01
5.953426009343760761e-01 4.732969787265312034e-01 4.052100153512041558e-01 0.000000000000000000e+00 7.438194025780365815e-01 6.006802782625730863e-01 1.513307796278950956e-01 4.012246255252800431e-01 6.225956145015636434e-01 5.596711531326229450e-01 4.809283368733003883e-01 1.908364397632856813e-01 2.123604194121581079e-01 7.384505190504431216e-01 4.727376081970622868e-01 7.791485865954274059e-01 4.029350303132047673e-01 7.052809241390282091e-01 1.846252929968523748e-01 8.125806258395820159e-01 3.985884154217181896e-01 5.702896493788214283e-01 3.897979963902651890e-01 7.112333005968567434e-01 5.213086625337930435e-01 4.782132915955206731e-01 4.384202617688928161e-01 1.286310789927715970e-01 9.316462430718519538e-01 3.825536979122949877e-01 4.307275905535482008e-01 6.582169168142806281e-01 4.538224454714377409e-01 8.913911994652272686e-01 3.375594208197708612e-01
7.252267607635003444e-01 9.372630595021345101e-01 7.282788682985115170e-01 7.438194025780365815e-01 0.000000000000000000e+00 9.037506835354722767e-01 7.046598555106826645e-01 6.674288442089912898e-01 7.666161219744982436e-01 3.623204762673031265e-01 8.662234923621991989e-01 6.445534909003201030e-01 7.454033598093624535e-01 3.569223912014731215e-01 8.012321793095651401e-01 6.259153172711445778e-01 9.225236286237137318e-02 3.248801819565312332e-01 4.018593188027770879e-01 6.338940089507372200e-01 6.209060339736238721e-01 6.925563404561114744e-01 2.315436869648586082e-01 5.181008109143108165e-01 3.287524940104444848e-01 4.772785451495000775e-01 7.150726881960833836e-01 2.713999269740906550e-01 4.928170778346607772e-01 9.454260940495486931e-01 5.848382959994604668e-01 8.507515107489914685e-01 5.782673711656600712e-01 7.482371998345520581e-01 2.341777966003494305e-01
4.892006121968048848e-01 3.100394699367062246e-01 9.095237492419860903e-01 6.006802782625730863e-01 9.037506835354722767e-01 0.000000000000000000e+00 1.005093030610101357e-01 6.476088438282873172e-01 1.170671022223543911e-01 5.363111585602637899e-01 1.623790587960916021e-01 4.003824237168261968e-01 3.392806401294204965e-01 2.279081819425643474e-01 3.716061414911081551e-01 1.212003806632829805e-01 2.919902602839257177e-01 4.961467735940702228e-01 7.511828832859520633e-01 4.246862960528208220e-01 4.851318522994725879e-01 9.944458371778586159e-02 6.005529813666810046e-01 1.817755781609121657e-01 3.501458816805023133e-01 7.347111699148713981e-01 7.274729193904132529e-01 8.535735220445095361e-01 4.478992627365215862e-01 7.625110845602904863e-01 5.051497256524062340e-01 5.096855674173871309e-01 3.385631808476618487e-01 1.419256423619350560e-01 8.442758126622726955e-01
7.148491938363595866e-01 5.562095745274846514e-01 1.181136273302695328e-01 1.513307796278950956e-01 7.046598555106826645e-01 1.005093030610101357e-01 0.000000000000000000e+00 8.364224689236673393e-01 5.645591099660567380e-01 4.580611502650747680e-01 4.098196808790782741e-01 6.755845897970029768e-01 9.291366381505520300e-01 5.540439519170553551e-01 4.026358222043291968e-01 6.582865140781826163e-01 5.652233467860885430e-01 2.757986778110187442e-01 5.323890852249973937e-01 7.361474630793274354e-01 4.191614227716117247e-01 7.953404301618163252e-01 7.831190664799626555e-01 4.092123609968985054e-01 1.480169090497981399e-01 6.142875688818396629e-01 3.029472187795468896e-01 7.161611618411628521e-01 5.138021608110219240e-01 3.419940538805552044e-01 3.184157902454333167e-01 3.459420798155611321e-01 5.459116558437877575e-01 5.197422652177017266e-01 6.540386241303544068e-01
3.972899882819390660e-01 7.411789360275200522e-01 3.918218238566850697e-02 4.012246255252800431e-01 6.674288442089912898e-01 6.476088438282873172e-01 8.364224689236673393e-01 0.000000000000000000e+00 4.420871389387621142e-01 6.508003641170498899e-01 1.495969308293715883e-01 2.976166161536443200e-01 1.177923033410861464e-01 4.265136638758634802e-01 7.689278583355703134e-01 4.780873657496196305e-01 7.692392611957086235e-01 3.650501784512513170e-01 3.918434935739212310e-02 5.183006959028404470e-01 2.616209932377377978e-01 2.069377459758985349e-01 5.938416090000486758e-02 6.083531696153845481e-01 2.941964367265405556e-01 4.399491705437724165e-01 2.124287562667963591e-01 3.672443572249033950e-01 2.988220635636449352e-01 4.215210634483151364e-01 5.693393126271810711e-01 4.457103520143985143e-01 2.693017731373129053e-01 5.210102699456605757e-01 4.127911465259498369e-01
3.386608228775010998e-01 7.994629637359373930e-01 4.515670680206012033e-01 6.225956145015636434e-01 7.666161219744982436e-01 1.170671022223543911e-01 5.645591099660567380e-01 4.420871389387621142e-01 0.000000000000000000e+00 3.938469281649223941e-01 6.489361636238424325e-01 8.000715244240341750e-02 2.251202107180705903e-01 8.049806172383108249e-01 6.931006207771123195e-01 4.409929352343973097e-01 5.929521756832153434e-01 5.594923095911994437e-01 3.523444332665824907e-01 4.828158905537578427e-01 6.875488774249760571e-01 4.570122145634415989e-01 1.085928751862929587e-01 2.449668448096998241e-01 4.696741931266795733e-01 7.441260195258648791e-01 9.462832494746884482e-01 1.775468216517610553e-01 8.884211445140373087e-01 5.350578837350826733e-01 1.737350671461270202e-01 9.012248961245027390e-01 8.155990269968658168e-01 8.713619411172417450e-01 5.707101627783239817e-01
3.876619727885911582e-01 8.573399922280067198e-01 4.885918534325324192e-01 5.596711531326229450e-01 3.623204762673031265e-01 5.363111585602637899e-01 4.580611502650747680e-01 6.508003641170498899e-01 3.938469281649223941e-01 0.000000000000000000e+00 6.852362358019192801e-01 3.409796146885855084e-01 4.866291342505857931e-01 4.754615094192501945e-01 5.422777556287562417e-01 6.895366357843401017e-01 3.995114437598789592e-01 9.060556807035402560e-01 4.506009303749912154e-01 5.463885651986564174e-01 8.167769452487243509e-01 2.598431473770121403e-01 8.819685971544484193e-01 6.393490848000101812e-01 2.716296284392316629e-01 1.178280014691635014e-01 2.430542424184864991e-01 9.016092423638366604e-01 3.956732517099048052e-01 1.044523113853250695e-01 6.474993682973460007e-01 7.267409833856055545e-01 6.387259038566119873e-01 7.956918391756653275e-01 6.096275211525061799e-01
6.373559765645215869e-01 2.300993331559832988e-01 5.860153187005940900e-01 4.809283368733003883e-01 8.662234923621991989e-01 1.623790587960916021e-01 4.098196808790782741e-01 1.495969308293715883e-01 6.489361636238424325e-01 6.852362358019192801e-01 0.000000000000000000e+00 5.800306510657472492e-01 6.410321361287417696e-01 6.673464523261354309e-01 3.072702423883243439e-01 7.905797988313003621e-01 4.168253867525035239e-01 3.300713477871973223e-01 5.093565749999415804e-01 9.204705492307478920e-01 7.428109918698814207e-01 1.904305629616098727e-01 7.447902261445793481e-02 4.765525294877109852e-01 5.171292866138356148e-01 1.435755844539496895e-01 4.533616348964514264e-01 8.109504612062342632e-01 9.380232660715855930e-01 3.013678264924330996e-01 4.854456806332123064e-01 2.387179117853565069e-01 5.068681266851660094e-02 1.440842340541280686e-01 4.852463907678563615e-01
5.250393908019261868e-01 4.785890813147677392e-01 7.194501570602428453e-01 1.908364397632856813e-01 6.445534909003201030e-01 4.003824237168261968e-01 6.755845897970029768e-01 2.976166161536443200e-01 8.000715244240341750e-02 3.409796146885855084e-01 5.800306510657472492e-01 0.000000000000000000e+00 3.980527397040533044e-01 8.251891752698932159e-01 6.279946618136655889e-01 4.011717145236659565e-01 4.405349973881014236e-01 4.987837198381586123e-01 6.096580257616093235e-01 1.768583858515024865e-01 3.005920761897131754e-01 7.758339879959930130e-01 8.016765907979570560e-01 5.426234491122151615e-01 4.361665630083493839e-01 7.016417029787449522e-01 6.373736387987793961e-01 3.657672811256141854e-01 6.203894838491761377e-01 5.458344697991750483e-01 4.758267569735599722e-01 6.276448356290031949e-01 4.487518852014662496e-01 3.077713780801005772e-01 2.862927444138074762e-01
2.820387034007211247e-01 4.720004145697177522e-01 7.544749847586892377e-01 2.123604194121581079e-01 7.454033598093624535e-01 3.392806401294204965e-01 9.291366381505520300e-01 1.177923033410861464e-01 2.251202107180705903e-01 4.866291342505857931e-01 6.410321361287417696e-01 3.980527397040533044e-01 0.000000000000000000e+00 2.950016685356821045e-01 1.398511126225705503e-01 4.185720728104072030e-01 4.118529722443586838e-01 7.856815550564136830e-01 4.016528876404050208e-01 8.037334623411445111e-01 5.412916022073236411e-01 4.164508503030642794e-01 9.078817677792405672e-01 3.240785137716963860e-01 7.910493595492995578e-01 4.848485055395335142e-01 5.486485717353857261e-01 3.832820835076991006e-01 4.174482876270205756e-01 6.922647514179908201e-01 5.024747467060843853e-01 4.994917812432918547e-01 6.455777774882002218e-01 3.675504429380978544e-01 2.446161639109047936e-01
3.683848428656932295e-01 4.419075383143784008e-01 7.448072353996877393e-01 7.384505190504431216e-01 3.569223912014731215e-01 2.279081819425643474e-01 5.540439519170553551e-01 4.265136638758634802e-01 8.049806172383108249e-01 4.754615094192501945e-01 6.673464523261354309e-01 8.251891752698932159e-01 2.950016685356821045e-01 0.000000000000000000e+00 1.975317315792995410e-01 6.840203128931454657e-01 7.815868684726968718e-01 1.789829246662348883e-01 2.539688834076664348e-01 3.509259727022051578e-01 2.865883281715183029e-01 3.185837686033410887e-01 6.429611316414174382e-01 5.585141811750087282e-01 2.307739474610342456e-01 7.274442600631514377e-01 8.256834826398988803e-01 5.746192065649283753e-01 5.752336573699649014e-01 5.665251057134542689e-01 5.842427560089098471e-01 6.314542949916878145e-01 8.851273811058049112e-01 4.256656232454691935e-01 7.262110147746370092e-01
4.716317965961806524e-01 8.683199411813709023e-01 6.361548903537683763e-01 4.727376081970622868e-01 8.012321793095651401e-01 3.716061414911081551e-01 4.026358222043291968e-01 7.689278583355703134e-01 6.931006207771123195e-01 5.422777556287562417e-01 3.072702423883243439e-01 6.279946618136655889e-01 1.398511126225705503e-01 1.975317315792995410e-01 0.000000000000000000e+00 3.453081280460396085e-01 3.678115295302277765e-01 3.661131063650937545e-01 2.080442459576925529e-02 5.213631636133174707e-01 6.929876518973774324e-01 1.670770103072940493e-01 5.457148630919865795e-01 8.965818723825863534e-01 5.063408875762709371e-01 8.851209465689748868e-01 2.679640048155919052e-01 5.135632742952606078e-01 2.861367386561931569e-01 2.485157515107779824e-01 5.279772803718860708e-01 5.784157078979619282e-01 6.075925872297501806e-01 3.286848497489198717e-01 2.232237077735744757e-01
3.334286590612637324e-01 6.579122230938239113e-01 3.099044783502540312e-01 7.791485865954274059e-01 6.259153172711445778e-01 1.212003806632829805e-01 6.582865140781826163e-01 4.780873657496196305e-01 4.409929352343973097e-01 6.895366357843401017e-01 7.905797988313003621e-01 4.011717145236659565e-01 4.185720728104072030e-01 6.840203128931454657e-01 3.453081280460396085e-01 0.000000000000000000e+00 4.806859244176646673e-01 2.719572531258586112e-01 9.000249216393445550e-01 1.948818800621791025e-01 5.360478226125238166e-01 5.516928678989238000e-01 5.104680300942719962e-01 6.022679817793403778e-01 8.353072346517365077e-01 4.161762347021434882e-01 1.600862311919006853e-01 3.853942457488898632e-01 2.895998388031612025e-01 4.765718611592454357e-01 5.508355939205989982e-01 2.961910364765063530e-01 3.773217364820809494e-01 6.201421007625530502e-01 4.806116032059095655e-01
2.653376152100713758e-01 1.466640135918833021e-01 6.054052402535374799e-01 4.029350303132047673e-01 9.225236286237137318e-02 2.919902602839257177e-01 5.652233467860885430e-01 7.692392611957086235e-01 5.929521756832153434e-01 3.995114437598789592e-01 4.168253867525035239e-01 4.405349973881014236e-01 4.118529722443586838e-01 7.815868684726968718e-01 3.678115295302277765e-01 4.806859244176646673e-01 0.000000000000000000e+00 7.157607116367783462e-01 7.487966291761574134e-01 5.167220194192525540e-01 2.007400986298774059e-01 5.626729651310926617e-01 3.987542638420694119e-01 3.081915260409983093e-01 4.155256240320546746e-01 8.598308402898025005e-01 2.808271420906844340e-01 3.599667712477589987e-01 3.733706114130264098e-01 6.228800804208580733e-01 2.122102376884260067e-01 6.650087829842729059e-01 3.766356468634931565e-01 5.218714630845567859e-01 5.658755304175485668e-01
4.973669830155853511e-01 5.761513788362817579e-01 5.127901098492848586e-01 7.052809241390282091e-01 3.248801819565312332e-01 4.961467735940702228e-01 2.757986778110187442e-01 3.650501784512513170e-01 5.594923095911994437e-01 9.060556807035402560e-01 3.300713477871973223e-01 4.987837198381586123e-01 7.856815550564136830e-01 1.789829246662348883e-01 3.661131063650937545e-01 2.719572531258586112e-01 7.157607116367783462e-01 0.000000000000000000e+00 4.660897421264575957e-01 4.417520873746848542e-01 4.057027301614163917e-01 5.102066565125566999e-01 5.891074555642930033e-01 6.094894087327331622e-01 4.289716932972162944e-01 2.837953635983101464e-01 8.036721932827332049e-01 3.114812715596089188e-01 6.327265359137690393e-01 7.711353397785076780e-01 5.911470922362689340e-01 6.311026420845540219e-01 5.974882802243053348e-01 2.688241880791192306e-01 4.176728389957837795e-01
2.320746949603874620e-01 7.870589220830914723e-01 4.829038402962158028e-01 1.846252929968523748e-01 4.018593188027770879e-01 7.511828832859520633e-01 5.323890852249973937e-01 3.918434935739212310e-02 3.523444332665824907e-01 4.506009303749912154e-01 5.093565749999415804e-01 6.096580257616093235e-01 4.016528876404050208e-01 2.539688834076664348e-01 2.080442459576925529e-02 9.000249216393445550e-01 7.487966291761574134e-01 4.660897421264575957e-01 0.000000000000000000e+00 7.350821936436373605e-01 3.294589980816388097e-01 3.411000462003234146e-01 9.142665246808119317e-01 4.478978458235224336e-01 5.796338069155708705e-01 2.215714517512398229e-01 1.654025235829017504e-01 5.649785087605962985e-01 6.277350029640818008e-01 6.100147725714515357e-01 3.618648378227075080e-01 6.358478048057527587e-01 5.509211727449532248e-01 1.062955528875889621e-01 4.575562911023328683e-01
4.352367137729787339e-01 1.251774632823798861e-01 5.826693608692331550e-01 8.125806258395820159e-01 6.338940089507372200e-01 4.246862960528208220e-01 7.361474630793274354e-01 5.183006959028404470e-01 4.828158905537578427e-01 5.463885651986564174e-01 9.204705492307478920e-01 1.768583858515024865e-01 8.037334623411445111e-01 3.509259727022051578e-01 5.213631636133174707e-01 1.948818800621791025e-01 5.167220194192525540e-01 4.417520873746848542e-01 7.350821936436373605e-01 0.000000000000000000e+00 8.149098409616006844e-01 6.384095758717012181e-01 6.327816518650039024e-01 5.412064889157993663e-01 4.841706190769091700e-01 3.846824973443379037e-01 6.522127444432319621e-01 7.914719628891705439e-01 6.994367499462902371e-01 6.640912330522064089e-01 5.677853574465195896e-01 5.237820830630723901e-01 6.422436242883143853e-01 6.945523428667625954e-01 5.917882246361243492e-01
8.056743642554932139e-01 6.283813167001763844e-01 5.551278097354815921e-01 3.985884154217181896e-01 6.209060339736238721e-01 4.851318522994725879e-01 4.191614227716117247e-01 2.616209932377377978e-01 6.875488774249760571e-01 8.167769452487243509e-01 7.428109918698814207e-01 3.005920761897131754e-01 5.412916022073236411e-01 2.865883281715183029e-01 6.929876518973774324e-01 5.360478226125238166e-01 2.007400986298774059e-01 4.057027301614163917e-01 3.294589980816388097e-01 8.149098409616006844e-01 0.000000000000000000e+00 8.728771952932719014e-01 4.167913963376064235e-01 6.474715201794922770e-01 3.104758022690811137e-01 3.751703817708168520e-01 5.114342669771695382e-01 3.957183658800841330e-01 6.365326163433121520e-01 2.043868910276632755e-01 6.115300648094336156e-01 8.981985631072652021e-01 5.136821601239542900e-01 7.620485421235030365e-01 2.614654975455238395e-01
6.505271606724734035e-01 5.390105471050521402e-01 4.221968716831585033e-01 5.702896493788214283e-01 6.925563404561114744e-01 9.944458371778586159e-02 7.953404301618163252e-01 2.069377459758985349e-01 4.570122145634415989e-01 2.598431473770121403e-01 1.904305629616098727e-01 7.758339879959930130e-01 4.164508503030642794e-01 3.185837686033410887e-01 1.670770103072940493e-01 5.516928678989238000e-01 5.626729651310926617e-01 5.102066565125566999e-01 3.411000462003234146e-01 6.384095758717012181e-01 8.728771952932719014e-01 0.000000000000000000e+00 4.772319058834574301e-01 1.272582199826788329e-01 3.730572810408820938e-01 8.762620705399353227e-01 8.343896330191593602e-01 7.569044085144904788e-01 5.370135867576274480e-01 7.125947031634447537e-01 4.822920599850037404e-01 4.067199950101896277e-01 3.162451227113204366e-01 4.960570631725715884e-01 7.015376294303536930e-01
9.837963938213517556e-02 6.313438893308556121e-01 4.221339887217360198e-01 3.897979963902651890e-01 2.315436869648586082e-01 6.005529813666810046e-01 7.831190664799626555e-01 5.938416090000486758e-02 1.085928751862929587e-01 8.819685971544484193e-01 7.447902261445793481e-02 8.016765907979570560e-01 9.078817677792405672e-01 6.429611316414174382e-01 5.457148630919865795e-01 5.104680300942719962e-01 3.987542638420694119e-01 5.891074555642930033e-01 9.142665246808119317e-01 6.327816518650039024e-01 4.167913963376064235e-01 4.772319058834574301e-01 0.000000000000000000e+00 1.725948121948054359e-01 4.201447171918116230e-01 3.972998450257835823e-01 7.309649780298517197e-01 7.166053123708795436e-01 1.035038077266225987e-01 4.241202015974579465e-01 6.362448639387893179e-01 5.885758457919170183e-01 3.321440560368127404e-01 4.702170985304636175e-01 4.654994725642771503e-01
5.862364444356396032e-01 1.998291166696097854e-01 1.668686010252951046e-01 7.112333005968567434e-01 5.181008109143108165e-01 1.817755781609121657e-01 4.092123609968985054e-01 6.083531696153845481e-01 2.449668448096998241e-01 6.393490848000101812e-01 4.765525294877109852e-01 5.426234491122151615e-01 3.240785137716963860e-01 5.585141811750087282e-01 8.965818723825863534e-01 6.022679817793403778e-01 3.081915260409983093e-01 6.094894087327331622e-01 4.478978458235224336e-01 5.412064889157993663e-01 6.474715201794922770e-01 1.272582199826788329e-01 1.725948121948054359e-01 0.000000000000000000e+00 7.242216019895399981e-01 3.983019708585749941e-01 4.914038011441930198e-01 2.761811497438566576e-01 3.365998029485646748e-01 2.998220358731652491e-01 1.852649013982567983e-01 3.657160547153637253e-01 4.569909922957091641e-01 3.409719897343811423e-01 6.339794355162646777e-01
8.317144465278620835e-01 4.526098213985816909e-01 7.477287219529008544e-01 5.213086625337930435e-01 3.287524940104444848e-01 3.501458816805023133e-01 1.480169090497981399e-01 2.941964367265405556e-01 4.696741931266795733e-01 2.716296284392316629e-01 5.171292866138356148e-01 4.361665630083493839e-01 7.910493595492995578e-01 2.307739474610342456e-01 5.063408875762709371e-01 8.353072346517365077e-01 4.155256240320546746e-01 4.289716932972162944e-01 5.796338069155708705e-01 4.841706190769091700e-01 3.104758022690811137e-01 3.730572810408820938e-01 4.201447171918116230e-01 7.242216019895399981e-01 0.000000000000000000e+00 7.134366416972452996e-01 5.262787382442710715e-01 6.849061909474780663e-01 5.399052859757460521e-01 5.444124355996839970e-01 5.200756763268429284e-01 1.917137842979957929e-01 8.278185930418778815e-01 7.609493193794223398e-01 4.174156495416229129e-01
2.056604321863558793e-01 4.957531497482340344e-01 5.139378883524787778e-01 4.782132915955206731e-01 4.772785451495000775e-01 7.347111699148713981e-01 6.142875688818396629e-01 4.399491705437724165e-01 7.441260195258648791e-01 1.178280014691635014e-01 1.435755844539496895e-01 7.016417029787449522e-01 4.848485055395335142e-01 7.274442600631514377e-01 8.851209465689748868e-01 4.161762347021434882e-01 8.598308402898025005e-01 2.837953635983101464e-01 2.215714517512398229e-01 3.846824973443379037e-01 3.751703817708168520e-01 8.762620705399353227e-01 3.972998450257835823e-01 3.983019708585749941e-01 7.134366416972452996e-01 0.000000000000000000e+00 5.280186184701102237e-01 5.084976061991147711e-01 4.036600236218467197e-01 6.871148188192406359e-01 3.225989945320790198e-01 5.526717780008579828e-01 6.637696190423238995e-01 1.870233797754453642e-01 3.516553883058743390e-01
6.758112258701942654e-01 6.294094607025702004e-02 9.296158052720717713e-01 4.384202617688928161e-01 7.150726881960833836e-01 7.274729193904132529e-01 3.029472187795468896e-01 2.124287562667963591e-01 9.462832494746884482e-01 2.430542424184864991e-01 4.533616348964514264e-01 6.373736387987793961e-01 5.486485717353857261e-01 8.256834826398988803e-01 2.679640048155919052e-01 1.600862311919006853e-01 2.808271420906844340e-01 8.036721932827332049e-01 1.654025235829017504e-01 6.522127444432319621e-01 5.114342669771695382e-01 8.343896330191593602e-01 7.309649780298517197e-01 4.914038011441930198e-01 5.262787382442710715e-01 5.280186184701102237e-01 0.000000000000000000e+00 1.912639902088459909e-01 2.130577492018240759e-01 5.247722489202528706e-01 4.525439784875596172e-01 3.945823241381893887e-01 8.307162158522772843e-01 7.980172258991847789e-01 2.925780546335771115e-01
3.311179298860317255e-01 5.249128424586160246e-01 2.629551116895977314e-01 1.286310789927715970e-01 2.713999269740906550e-01 8.535735220445095361e-01 7.161611618411628521e-01 3.672443572249033950e-01 1.775468216517610553e-01 9.016092423638366604e-01 8.109504612062342632e-01 3.657672811256141854e-01 3.832820835076991006e-01 5.746192065649283753e-01 5.135632742952606078e-01 3.853942457488898632e-01 3.599667712477589987e-01 3.114812715596089188e-01 5.649785087605962985e-01 7.914719628891705439e-01 3.957183658800841330e-01 7.569044085144904788e-01 7.166053123708795436e-01 2.761811497438566576e-01 6.849061909474780663e-01 5.084976061991147711e-01 1.912639902088459909e-01 0.000000000000000000e+00 6.619208725677128147e-01 5.607372995677624150e-01 4.888627451372629662e-01 7.180153503673778470e-01 5.498865954801733791e-01 4.010709612981164240e-01 5.282516177796066081e-01
5.074224176014738852e-01 3.657874006618352380e-01 3.212219229532706222e-01 9.316462430718519538e-01 4.928170778346607772e-01 4.478992627365215862e-01 5.138021608110219240e-01 2.988220635636449352e-01 8.884211445140373087e-01 3.956732517099048052e-01 9.380232660715855930e-01 6.203894838491761377e-01 4.174482876270205756e-01 5.752336573699649014e-01 2.861367386561931569e-01 2.895998388031612025e-01 3.733706114130264098e-01 6.327265359137690393e-01 6.277350029640818008e-01 6.994367499462902371e-01 6.365326163433121520e-01 5.370135867576274480e-01 1.035038077266225987e-01 3.365998029485646748e-01 5.399052859757460521e-01 4.036600236218467197e-01 2.130577492018240759e-01 6.619208725677128147e-01 0.000000000000000000e+00 3.912578886965978331e-01 6.552992341868071335e-01 4.856317666290729251e-01 5.677556891972250774e-01 4.178525930158784041e-01 4.975961617739276810e-01
4.563486554325568711e-01 6.063288232977437353e-01 5.137883235386921932e-01 3.825536979122949877e-01 9.454260940495486931e-01 7.625110845602904863e-01 3.419940538805552044e-01 4.215210634483151364e-01 5.350578837350826733e-01 1.044523113853250695e-01 3.013678264924330996e-01 5.458344697991750483e-01 6.922647514179908201e-01 5.665251057134542689e-01 2.485157515107779824e-01 4.765718611592454357e-01 6.228800804208580733e-01 7.711353397785076780e-01 6.100147725714515357e-01 6.640912330522064089e-01 2.043868910276632755e-01 7.125947031634447537e-01 4.241202015974579465e-01 2.998220358731652491e-01 5.444124355996839970e-01 6.871148188192406359e-01 5.247722489202528706e-01 5.607372995677624150e-01 3.912578886965978331e-01 0.000000000000000000e+00 7.146869063902896446e-01 4.802266910543177003e-01 4.926931349688173922e-01 1.774518943063241316e-01 4.742386183769183861e-01
4.771930024987657837e-01 7.269387276194294589e-01 4.434488100261457788e-01 4.307275905535482008e-01 5.848382959994604668e-01 5.051497256524062340e-01 3.184157902454333167e-01 5.693393126271810711e-01 1.737350671461270202e-01 6.474993682973460007e-01 4.854456806332123064e-01 4.758267569735599722e-01 5.024747467060843853e-01 5.842427560089098471e-01 5.279772803718860708e-01 5.508355939205989982e-01 2.122102376884260067e-01 5.911470922362689340e-01 3.618648378227075080e-01 5.677853574465195896e-01 6.115300648094336156e-01 4.822920599850037404e-01 6.362448639387893179e-01 1.852649013982567983e-01 5.200756763268429284e-01 3.225989945320790198e-01 4.525439784875596172e-01 4.888627451372629662e-01 6.552992341868071335e-01 7.146869063902896446e-01 0.000000000000000000e+00 5.611918293824160742e-01 8.347080118635695767e-01 3.133058562506572109e-01 4.003897258364870759e-01
5.128955001214864362e-01 6.977287613129847799e-01 5.026438587668673463e-01 6.582169168142806281e-01 8.507515107489914685e-01 5.096855674173871309e-01 3.459420798155611321e-01 4.457103520143985143e-01 9.012248961245027390e-01 7.267409833856055545e-01 2.387179117853565069e-01 6.276448356290031949e-01 4.994917812432918547e-01 6.314542949916878145e-01 5.784157078979619282e-01 2.961910364765063530e-01 6.650087829842729059e-01 6.311026420845540219e-01 6.358478048057527587e-01 5.237820830630723901e-01 8.981985631072652021e-01 4.067199950101896277e-01 5.885758457919170183e-01 3.657160547153637253e-01 1.917137842979957929e-01 5.526717780008579828e-01 3.945823241381893887e-01 7.180153503673778470e-01 4.856317666290729251e-01 4.802266910543177003e-01 5.611918293824160742e-01 0.000000000000000000e+00 4.324544611335055522e-01 7.823580548299122750e-01 5.390098964414592464e-01
4.060973771334348559e-01 5.092641364535310800e-01 9.545858742050097323e-01 4.538224454714377409e-01 5.782673711656600712e-01 3.385631808476618487e-01 5.459116558437877575e-01 2.693017731373129053e-01 8.155990269968658168e-01 6.387259038566119873e-01 5.068681266851660094e-02 4.487518852014662496e-01 6.455777774882002218e-01 8.851273811058049112e-01 6.075925872297501806e-01 3.773217364820809494e-01 3.766356468634931565e-01 5.974882802243053348e-01 5.509211727449532248e-01 6.422436242883143853e-01 5.136821601239542900e-01 3.162451227113204366e-01 3.321440560368127404e-01 4.569909922957091641e-01 8.278185930418778815e-01 6.637696190423238995e-01 8.307162158522772843e-01 5.498865954801733791e-01 5.677556891972250774e-01 4.926931349688173922e-01 8.347080118635695767e-01 4.324544611335055522e-01 0.000000000000000000e+00 4.396262381708363476e-01 4.902697769504210656e-01
6.126443587515540967e-01 7.236433366389651844e-01 3.098985337463721068e-01 8.913911994652272686e-01 7.482371998345520581e-01 1.419256423619350560e-01 5.197422652177017266e-01 5.210102699456605757e-01 8.713619411172417450e-01 7.956918391756653275e-01 1.440842340541280686e-01 3.077713780801005772e-01 3.675504429380978544e-01 4.256656232454691935e-01 3.286848497489198717e-01 6.201421007625530502e-01 5.218714630845567859e-01 2.688241880791192306e-01 1.062955528875889621e-01 6.945523428667625954e-01 7.620485421235030365e-01 4.960570631725715884e-01 4.702170985304636175e-01 3.409719897343811423e-01 7.609493193794223398e-01 1.870233797754453642e-01 7.980172258991847789e-01 4.010709612981164240e-01 4.178525930158784041e-01 1.774518943063241316e-01 3.133058562506572109e-01 7.823580548299122750e-01 4.396262381708363476e-01 0.000000000000000000e+00 6.880324028198984143e-01
4.760916383284197195e-01 3.130324589444035133e-01 5.233691730797296326e-01 3.375594208197708612e-01 2.341777966003494305e-01 8.442758126622726955e-01 6.540386241303544068e-01 4.127911465259498369e-01 5.707101627783239817e-01 6.096275211525061799e-01 4.852463907678563615e-01 2.862927444138074762e-01 2.446161639109047936e-01 7.262110147746370092e-01 2.232237077735744757e-01 4.806116032059095655e-01 5.658755304175485668e-01 4.176728389957837795e-01 4.575562911023328683e-01 5.917882246361243492e-01 2.614654975455238395e-01 7.015376294303536930e-01 4.654994725642771503e-01 6.339794355162646777e-01 4.174156495416229129e-01 3.516553883058743390e-01 2.925780546335771115e-01 5.282516177796066081e-01 4.975961617739276810e-01 4.742386183769183861e-01 4.003897258364870759e-01 5.390098964414592464e-01 4.902697769504210656e-01 6.880324028198984143e-01 0.000000000000000000e+00
