0.000000000000000000e+00 7.142557303628449539e-01 9.777953881409162662e-01 1.703493174085038975e-01 3.305235325697488680e-01 9.592631404414584395e-01 8.239280660294012737e-01 3.675507499806915934e-01 4.329872175809917345e-01 7.732925066375460066e-01 5.904040448021488086e-01 7.147510634454119494e-01 5.975641849102479863e-01 7.095878932558705721e-01 9.208713857130645941e-01 9.262068796233712265e-01 6.291226288414484280e-01 3.775280163199133954e-01 2.960045047917960748e-01 7.962079467367250141e-01 3.022950064603339149e-01 8.125241559243576717e-01 6.527801761668154956e-01 4.960598315582344653e-01 6.949248402235870259e-01 2.504061647011897040e-01 8.548466453446943447e-01 4.178609976657055025e-01 1.174973851837983752e-01 4.138266616276247145e-01 6.532421424452135028e-01 6.698197571850732501e-01 6.777339961417732095e-01 5.526735346201969712e-01 6.005499607029851639e-01
7.142557303628449539e-01 0.000000000000000000e+00 3.169781595424037146e-02 1.653127137267935698e-01 4.836281288391018340e-01 1.555206307306314928e-01 6.349797176977349800e-01 8.083361499948187312e-01 6.768337359536003017e-01 8.852036791608606237e-01 4.183676033063312705e-01 7.510665478740818912e-01 5.728705135601963594e-02 6.506448885580795594e-01 5.887974542637751663e-01 1.246693159316993871e-01 5.072093033608300328e-01 2.397132386897399547e-01 8.307680849545366897e-01 2.083562788000739019e-01 5.741800435289433624e-01 5.315224584328323010e-01 4.773532463687004679e-01 4.761102239021777205e-01 7.722147938580303794e-01 6.886225318188468059e-01 1.556140668927031845e-01 4.321802606172461259e-01 4.579119862134097829e-01 5.209526179131072077e-01 4.460281045738210270e-01 5.443849588075582169e-01 8.968908849198463651e-01 7.408151729228629190e-01 5.810276865772403543e-01
9.777953881409162662e-01 3.169781595424037146e-02 0.000000000000000000e+00 8.418052703524167013e-01 4.597449256714974952e-01 5.644526831091513097e-01 4.637047416900783037e-01 4.101895019490946481e-01 8.892938938659418202e-01 5.952379742825039122e-01 5.294813315185906699e-01 2.751658364990621219e-01 9.264378658960701340e-01 5.313084893651560670e-01 5.769177616361809147e-01 9.323488702958204755e-01 7.554705517293897055e-01 6.704174847562607287e-01 4.773142664406221369e-01 7.766699341736811313e-01 4.761059469110511810e-01 7.698144477739438107e-01 4.006755421440638676e-01 4.194248641825423785e-01 4.347706788298276170e-01 4.266360904721528957e-01 4.312604957118306714e-01 7.370564957257560446e-01 4.911105201476091420e-01 6.835821151651659822e-01 1.797192894528125140e-01 3.286446363247511604e-01 5.693368858931372456e-01 9.448440852793793532e-01 4.669833137420421609e-01
1.703493174085038975e-01 1.653127137267935698e-01 8.418052703524167013e-01 0.000000000000000000e+00 8.283653229081744396e-01 7.966244221903915346e-01 7.269091861463319315e-01 9.734272188013716187e-01 3.968937912252685773e-01 7.537688143306724431e-01 3.298266755146321838e-01 7.697073327144809962e-01 4.500834306309042798e-02 8.570562368667387076e-01 4.811678855399155186e-01 8.301923292906776553e-02 4.409020797097125688e-01 7.186791277188867566e-01 5.423326640198662396e-01 6.898139278161716792e-01 2.864081262110553250e-01 4.248622132605878732e-01 3.618622010461372551e-01 8.727894864235641315e-01 7.201077810271780955e-01 6.132299802430414282e-01 6.015042255245743874e-01 4.174176148631766337e-01 9.312769770000774994e-01 4.569040414931306859e-01 5.710540324623176733e-01 8.287356824200200478e-01 4.424357543695035533e-01 8.025853309922115209e-01 7.198937547492969546e-01
3.305235325697488680e-01 4.836281288391018340e-01 4.597449256714974952e-01 8.283653229081744396e-01 0.000000000000000000e+00 4.521954018337718817e-01 6.115206841644511560e-01 4.108210553041646285e-01 2.224342827482637119e-01 5.753520199724334594e-01 4.036937222646450607e-01 2.509907410502458802e-01 8.409810447500095654e-01 5.315314832567632486e-01 6.369274404558677993e-01 6.035662861966654136e-01 7.177138534317422103e-01 8.858465833659072697e-01 7.359159334815466025e-01 5.713002993586444589e-01 4.458190916520182179e-01 5.542023254567836066e-01 7.244216800185536709e-01 9.061848996291330671e-01 9.438855952344415989e-02 5.083085380945739917e-01 4.245443070433218002e-01 5.203154435030965530e-01 5.187534389118499956e-01 7.689134096781315986e-01 8.361123028129977541e-01 5.357075516749090216e-01 7.586499811969805718e-01 4.421013082566189745e-01 5.212593977347470542e-01
9.592631404414584395e-01 1.555206307306314928e-01 5.644526831091513097e-01 7.966244221903915346e-01 4.521954018337718817e-01 0.000000000000000000e+00 4.890756242105316898e-01 1.533220961313430664e-01 2.822937990827273369e-01 6.306100876008894351e-01 6.722386951146719358e-01 7.958319741970028005e-01 6.137277626784279905e-01 3.469428635954889817e-01 8.611466890529865248e-01 7.723489903569743520e-01 8.361138416425281106e-01 9.824902969826407872e-01 2.973174326112478782e-01 4.101472922757010142e-01 8.864491230501581054e-01 6.611185890565758339e-01 5.491056414505868233e-01 3.932407667104391713e-01 6.210942855758638803e-01 6.406639826206426136e-01 4.394886058282195807e-01 5.419826646560501615e-01 4.186806023107492170e-01 8.009244693205519461e-01 4.129104287632092696e-01 4.507674408981997005e-01 2.435187043327307621e-01 6.264695516877556436e-01 5.947984002158326344e-01
8.239280660294012737e-01 6.349797176977349800e-01 4.637047416900783037e-01 7.269091861463319315e-01 6.115206841644511560e-01 4.890756242105316898e-01 0.000000000000000000e+00 5.592923829524198975e-01 2.797318972247918589e-01 6.095985892721230703e-01 8.800360812799737920e-01 8.383708983583580965e-01 5.973406498256418340e-01 5.279085719802560916e-01 7.520773446453388189e-02 6.008795355566924901e-01 6.872121611574083522e-01 4.492761076062176118e-01 7.737200839244288142e-01 4.409282436382808701e-01 7.388854005296403571e-01 4.972043861480895943e-01 1.496755757482295390e-01 7.970086478354869719e-01 5.926501235040739779e-01 8.923108250687145082e-01 8.142281172283395430e-01 4.992359289202795702e-01 4.163876708919572178e-01 7.504357789027287229e-01 7.248942439075070077e-01 4.365453561844478969e-01 3.713402945465932303e-01 7.837915140553495252e-01 6.361586050914544987e-01
3.675507499806915934e-01 8.083361499948187312e-01 4.101895019490946481e-01 9.734272188013716187e-01 4.108210553041646285e-01 1.533220961313430664e-01 5.592923829524198975e-01 0.000000000000000000e+00 7.372457918901307306e-01 3.754477027825203206e-01 6.332865859028602440e-01 4.251942563717338031e-01 9.800857741315650573e-01 5.299451645782278231e-01 5.769030837058082284e-01 9.036124069617076371e-01 4.616794454881417709e-01 7.440979017868610823e-01 5.317022635109578399e-01 4.569570296372010287e-01 2.136733001824152323e-01 3.961661372049211094e-01 7.829620473091098987e-01 3.851766286355748359e-01 4.262332783767946998e-01 8.820086967128797362e-01 4.403132954086292905e-01 2.345577372096577795e-01 2.695018988557849049e-01 5.148829173737343723e-01 5.833734812314151918e-01 8.254779042959072832e-01 3.536814477361290843e-01 6.544668578885486365e-01 8.134065209225176396e-01
4.329872175809917345e-01 6.768337359536003017e-01 8.892938938659418202e-01 3.968937912252685773e-01 2.224342827482637119e-01 2.822937990827273369e-01 2.797318972247918589e-01 7.372457918901307306e-01 0.000000000000000000e+00 5.515354789144109038e-01 7.174128604032075085e-01 7.788192807785991878e-01 6.925209237895120218e-01 8.157080515130692433e-01 2.347077051723385210e-01 3.733438742306013913e-01 8.371332862964859789e-01 5.036319986953502470e-01 4.206549503839995818e-01 2.458696724330395877e-01 5.750393427574620464e-01 4.717042668086924295e-01 6.999947970069402281e-01 1.308805841074217602e-01 7.124916665808030958e-01 7.362774909327025608e-01 8.834131745508061462e-01 7.649596077489486667e-01 6.030201280482241355e-01 7.936384757900083464e-02 4.767030437362250739e-01 4.800126249374447873e-01 4.192749890736048313e-01 6.197612154513351124e-01 5.149015225567042942e-01
7.732925066375460066e-01 8.852036791608606237e-01 5.952379742825039122e-01 7.537688143306724431e-01 5.753520199724334594e-01 6.306100876008894351e-01 6.095985892721230703e-01 3.754477027825203206e-01 5.515354789144109038e-01 0.000000000000000000e+00 5.021329266923642010e-01 8.009203470355521493e-01 5.131961151649806485e-01 6.292770386924844139e-01 8.496541158962210849e-01 7.878150106024366384e-01 6.428497460271362929e-01 7.579485774169494317e-01 9.261548714598073495e-01 6.008324463309516750e-01 4.113095242238937743e-01 8.088468132692745449e-01 8.853206182955348780e-01 4.722723654499074719e-01 4.404791501404650145e-01 4.364683588964780592e-01 7.575335757974406281e-01 5.858609059932800012e-01 4.876888065113428872e-01 3.290452380375801233e-01 4.528594256930964512e-01 6.539462695349824717e-01 2.108501651762293427e-01 4.096658345828179115e-01 8.785468990726714722e-01
5.904040448021488086e-01 4.183676033063312705e-01 5.294813315185906699e-01 3.298266755146321838e-01 4.036937222646450607e-01 6.722386951146719358e-01 8.800360812799737920e-01 6.332865859028602440e-01 7.174128604032075085e-01 5.021329266923642010e-01 0.000000000000000000e+00 6.021529791553024147e-01 7.114963322133700530e-01 5.118954740982262219e-01 1.058071093741045354e-01 4.135984544001920504e-01 6.731339842198413859e-01 8.467399246202207408e-01 8.662636626593874789e-01 6.006271828668658941e-01 4.314038738162437880e-01 2.843953795427573983e-01 4.094757193656855532e-01 9.448013684296749926e-01 5.982756512356613987e-01 4.450591232497709271e-01 6.288734745831513484e-01 8.082509191842041085e-01 4.757633418352079646e-01 4.403687009352270643e-01 6.521518435085922327e-01 5.124384664366989917e-01 4.988306709600704991e-01 5.457840184609301648e-01 5.942450748587509990e-01
7.147510634454119494e-01 7.510665478740818912e-01 2.751658364990621219e-01 7.697073327144809962e-01 2.509907410502458802e-01 7.958319741970028005e-01 8.383708983583580965e-01 4.251942563717338031e-01 7.788192807785991878e-01 8.009203470355521493e-01 6.021529791553024147e-01 0.000000000000000000e+00 4.807073333336740473e-01 3.531366452676780732e-01 3.433324503803174554e-01 5.044627295102208642e-01 5.362203734933945753e-01 4.250325008091871970e-01 1.445713605659846301e-01 6.358780513368280651e-01 3.921197556239391924e-01 5.263918777217531098e-01 6.333612993470336683e-01 3.539148395555926641e-01 4.286028213226780181e-01 4.324556924159476679e-01 7.939698921070836857e-01 7.501848333499092636e-01 4.262047607229590973e-02 5.179818983951494094e-01 5.169403067239382032e-01 4.887213511947764988e-01 7.644680187218524381e-01 7.765956749939322279e-01 3.267292644880757102e-01
5.975641849102479863e-01 5.728705135601963594e-02 9.264378658960701340e-01 4.500834306309042798e-02 8.409810447500095654e-01 6.137277626784279905e-01 5.973406498256418340e-01 9.800857741315650573e-01 6.925209237895120218e-01 5.131961151649806485e-01 7.114963322133700530e-01 4.807073333336740473e-01 0.000000000000000000e+00 4.449807832480536796e-01 6.296381363554521826e-01 6.746235679559300369e-01 6.747670092964376254e-01 7.385042325180589673e-01 2.881590610963385979e-01 1.829469336235602928e-01 1.963906574905348590e-01 4.778165942831311686e-01 7.878132809482503163e-01 4.705444485270140476e-01 5.870670959152495261e-01 8.161350595837348898e-01 9.113905369227386366e-01 9.421303865250907350e-01 5.405779073641345800e-01 6.868190002626396451e-01 3.269960520764106926e-01 2.916179984710663420e-01 8.252989331647431204e-02 1.611492532623213236e-01 8.508602599832354452e-01
7.095878932558705721e-01 6.506448885580795594e-01 5.313084893651560670e-01 8.570562368667387076e-01 5.315314832567632486e-01 3.469428635954889817e-01 5.279085719802560916e-01 5.299451645782278231e-01 8.157080515130692433e-01 6.292770386924844139e-01 5.118954740982262219e-01 3.531366452676780732e-01 4.449807832480536796e-01 0.000000000000000000e+00 4.857433943884639227e-01 6.230549088452688178e-01 4.138886092011004880e-01 5.294646790637699274e-01 3.718658260673337601e-01 5.277911041888952992e-01 1.782118215904566760e-01 4.262152933119293663e-01 1.797555780960694571e-01 2.981888407830512455e-01 4.503553854632926789e-01 6.722728008113194598e-01 7.150875506500189438e-01 1.272423497495652756e-01 7.353349773175367199e-01 1.442090224031085111e-01 8.781924801335216912e-02 6.173968319615559253e-01 7.971972845532514507e-01 7.824755499416968796e-01 5.369932939300507968e-01
9.208713857130645941e-01 5.887974542637751663e-01 5.769177616361809147e-01 4.811678855399155186e-01 6.369274404558677993e-01 8.611466890529865248e-01 7.520773446453388189e-02 5.769030837058082284e-01 2.347077051723385210e-01 8.496541158962210849e-01 1.058071093741045354e-01 3.433324503803174554e-01 6.296381363554521826e-01 4.857433943884639227e-01 0.000000000000000000e+00 1.185308772467321692e-01 2.639679354990692728e-01 6.629486112119267194e-01 7.378784387168206838e-01 3.817971605413615910e-01 5.536882256533294244e-01 6.158454084041198318e-01 7.985315760391118456e-01 1.986692961468268792e-01 1.435384631966032387e-01 7.745718093386795289e-01 5.084678144515444309e-01 4.727360847029838387e-01 8.769971549679675960e-01 8.327226860276373266e-01 6.356632909324941849e-01 5.645061092517695833e-01 4.506951262206232434e-01 5.499549204769563771e-01 4.962552674751175563e-01
9.262068796233712265e-01 1.246693159316993871e-01 9.323488702958204755e-01 8.301923292906776553e-02 6.035662861966654136e-01 7.723489903569743520e-01 6.008795355566924901e-01 9.036124069617076371e-01 3.733438742306013913e-01 7.878150106024366384e-01 4.135984544001920504e-01 5.044627295102208642e-01 6.746235679559300369e-01 6.230549088452688178e-01 1.185308772467321692e-01 0.000000000000000000e+00 7.148460904577975672e-01 8.964845948759510019e-01 5.193372239042404193e-01 4.381946998918749836e-01 4.596529770180723951e-02 5.076460243386997639e-01 5.539929810708215108e-01 4.378811620550232542e-01 9.396571919963598862e-01 8.025543473176524056e-01 2.864398394458878006e-01 3.083582703030787187e-01 7.340608848848235723e-01 5.461528385726481805e-01 4.554336425823694023e-01 6.726526159158581208e-01 2.974572811933593464e-01 3.548380538422370445e-01 9.142138733558278219e-01
6.291226288414484280e-01 5.072093033608300328e-01 7.554705517293897055e-01 4.409020797097125688e-01 7.177138534317422103e-01 8.361138416425281106e-01 6.872121611574083522e-01 4.616794454881417709e-01 8.371332862964859789e-01 6.428497460271362929e-01 6.731339842198413859e-01 5.362203734933945753e-01 6.747670092964376254e-01 4.138886092011004880e-01 2.639679354990692728e-01 7.148460904577975672e-01 0.000000000000000000e+00 6.327352234128541530e-01 7.386383859341640878e-01 2.476750696974586718e-01 5.297399917911574940e-01 4.901642603174045099e-01 5.378076800795410506e-01 7.550912860168237373e-01 4.829355706284227390e-01 7.151603620782052140e-01 6.061515113499185148e-01 3.515392667146165495e-01 4.897010853302938838e-01 6.650900592056667726e-01 7.685550819097595188e-01 6.673418943053828212e-01 4.469160475467536808e-01 4.081182283470113914e-01 7.891178756802034178e-01
3.775280163199133954e-01 2.397132386897399547e-01 6.704174847562607287e-01 7.186791277188867566e-01 8.858465833659072697e-01 9.824902969826407872e-01 4.492761076062176118e-01 7.440979017868610823e-01 5.036319986953502470e-01 7.579485774169494317e-01 8.467399246202207408e-01 4.250325008091871970e-01 7.385042325180589673e-01 5.294646790637699274e-01 6.629486112119267194e-01 8.964845948759510019e-01 6.327352234128541530e-01 0.000000000000000000e+00 3.659068386004449835e-01 2.414130734023370861e-01 7.502160251545649805e-01 7.239876926102222221e-01 3.811554436257506562e-01 6.532130932023612058e-01 4.796103512160349025e-01 5.193178492904574339e-01 7.044383742945372617e-01 5.964734164638217928e-01 6.420715612244041193e-01 2.161036601259828105e-01 6.526811435154099561e-01 9.249075929308863131e-01 4.309197189979062093e-01 4.200473178817648034e-01 8.426192457493597576e-01
2.960045047917960748e-01 8.307680849545366897e-01 4.773142664406221369e-01 5.423326640198662396e-01 7.359159334815466025e-01 2.973174326112478782e-01 7.737200839244288142e-01 5.317022635109578399e-01 4.206549503839995818e-01 9.261548714598073495e-01 8.662636626593874789e-01 1.445713605659846301e-01 2.881590610963385979e-01 3.718658260673337601e-01 7.378784387168206838e-01 5.193372239042404193e-01 7.386383859341640878e-01 3.659068386004449835e-01 0.000000000000000000e+00 7.163209553733107526e-01 4.721891622889862750e-01 7.596070238963991139e-01 7.384348488751244499e-01 4.229882267174596699e-01 2.519886399902541152e-01 4.576293771967627766e-01 8.331818950321987494e-01 5.483924182338592024e-01 4.317199236426983999e-01 7.740364049589707474e-01 4.034905701677273804e-01 4.053927250440313435e-01 4.998018131205745895e-01 4.553099241933389330e-02 7.144456855481373658e-02
7.962079467367250141e-01 2.083562788000739019e-01 7.766699341736811313e-01 6.898139278161716792e-01 5.713002993586444589e-01 4.101472922757010142e-01 4.409282436382808701e-01 4.569570296372010287e-01 2.458696724330395877e-01 6.008324463309516750e-01 6.006271828668658941e-01 6.358780513368280651e-01 1.829469336235602928e-01 5.277911041888952992e-01 3.817971605413615910e-01 4.381946998918749836e-01 2.476750696974586718e-01 2.414130734023370861e-01 7.163209553733107526e-01 0.000000000000000000e+00 5.856528623477280648e-01 8.848405262026726170e-01 8.379759173541303507e-01 2.768311456450022745e-01 2.169887097755640037e-01 8.101795834143762365e-01 2.885834228326694673e-01 1.391565943754698997e-01 3.050466687246785047e-01 6.040553344553212245e-01 6.962716222854328230e-01 4.903453757808708402e-01 7.548344598523410998e-01 8.625512590586617012e-01 8.269242098491168536e-01
3.022950064603339149e-01 5.741800435289433624e-01 4.761059469110511810e-01 2.864081262110553250e-01 4.458190916520182179e-01 8.864491230501581054e-01 7.388854005296403571e-01 2.136733001824152323e-01 5.750393427574620464e-01 4.113095242238937743e-01 4.314038738162437880e-01 3.921197556239391924e-01 1.963906574905348590e-01 1.782118215904566760e-01 5.536882256533294244e-01 4.596529770180723951e-02 5.297399917911574940e-01 7.502160251545649805e-01 4.721891622889862750e-01 5.856528623477280648e-01 0.000000000000000000e+00 6.578543056861902993e-01 9.614197313943850798e-01 2.648623544320244383e-01 2.305982378999308358e-01 5.389231237605172087e-01 5.704396670599567454e-01 7.814293588753706832e-02 2.998354769355738303e-01 7.998569079769979329e-01 6.906632280435096582e-01 7.690239349210638009e-01 7.130016171064180730e-01 7.520392878068988818e-01 8.055978065183972969e-01
8.125241559243576717e-01 5.315224584328323010e-01 7.698144477739438107e-01 4.248622132605878732e-01 5.542023254567836066e-01 6.611185890565758339e-01 4.972043861480895943e-01 3.961661372049211094e-01 4.717042668086924295e-01 8.088468132692745449e-01 2.843953795427573983e-01 5.263918777217531098e-01 4.778165942831311686e-01 4.262152933119293663e-01 6.158454084041198318e-01 5.076460243386997639e-01 4.901642603174045099e-01 7.239876926102222221e-01 7.596070238963991139e-01 8.848405262026726170e-01 6.578543056861902993e-01 0.000000000000000000e+00 5.213865794718742785e-01 5.538502403434699684e-01 5.773671743466928241e-01 4.170929125382664138e-01 7.177199126655053885e-01 6.950727285133370126e-01 4.069492009020420076e-01 4.796697780527645061e-01 4.323788765068958262e-01 3.632450172112938747e-01 5.589861825857183053e-01 3.380627438476176971e-01 7.834021096926071515e-01
6.527801761668154956e-01 4.773532463687004679e-01 4.006755421440638676e-01 3.618622010461372551e-01 7.244216800185536709e-01 5.491056414505868233e-01 1.496755757482295390e-01 7.829620473091098987e-01 6.999947970069402281e-01 8.853206182955348780e-01 4.094757193656855532e-01 6.333612993470336683e-01 7.878132809482503163e-01 1.797555780960694571e-01 7.985315760391118456e-01 5.539929810708215108e-01 5.378076800795410506e-01 3.811554436257506562e-01 7.384348488751244499e-01 8.379759173541303507e-01 9.614197313943850798e-01 5.213865794718742785e-01 0.000000000000000000e+00 5.391875748343329944e-01 4.727781705760249475e-01 9.729289324276296780e-01 1.487630229059372922e-01 6.623767452842128645e-01 9.319512653275259240e-01 4.740830979878513096e-01 5.468984659434968920e-01 3.917473494796474554e-01 4.706880908041951028e-01 5.399673228420480697e-01 6.020579046824223735e-01
4.960598315582344653e-01 4.761102239021777205e-01 4.194248641825423785e-01 8.727894864235641315e-01 9.061848996291330671e-01 3.932407667104391713e-01 7.970086478354869719e-01 3.851766286355748359e-01 1.308805841074217602e-01 4.722723654499074719e-01 9.448013684296749926e-01 3.539148395555926641e-01 4.705444485270140476e-01 2.981888407830512455e-01 1.986692961468268792e-01 4.378811620550232542e-01 7.550912860168237373e-01 6.532130932023612058e-01 4.229882267174596699e-01 2.768311456450022745e-01 2.648623544320244383e-01 5.538502403434699684e-01 5.391875748343329944e-01 0.000000000000000000e+00 2.298567290689521592e-01 7.464447037902954829e-01 5.156534208442367095e-01 5.117674031538478330e-01 3.893968331580252018e-01 8.181056696038510045e-01 1.818463955973010915e-01 6.487611452603831985e-01 4.459952389594526445e-01 6.328091700218083648e-01 7.264972323579957925e-01
6.949248402235870259e-01 7.722147938580303794e-01 4.347706788298276170e-01 7.201077810271780955e-01 9.438855952344415989e-02 6.210942855758638803e-01 5.926501235040739779e-01 4.262332783767946998e-01 7.124916665808030958e-01 4.404791501404650145e-01 5.982756512356613987e-01 4.286028213226780181e-01 5.870670959152495261e-01 4.503553854632926789e-01 1.435384631966032387e-01 9.396571919963598862e-01 4.829355706284227390e-01 4.796103512160349025e-01 2.519886399902541152e-01 2.169887097755640037e-01 2.305982378999308358e-01 5.773671743466928241e-01 4.727781705760249475e-01 2.298567290689521592e-01 0.000000000000000000e+00 5.346494168734349239e-01 8.754438574500044146e-01 5.010926418619565670e-01 8.652207997647674009e-01 4.831806935267060066e-01 4.771013850563753933e-01 2.498932843511938451e-01 7.360689147254364517e-01 6.360885380700822544e-01 6.260016604167029097e-01
2.504061647011897040e-01 6.886225318188468059e-01 4.266360904721528957e-01 6.132299802430414282e-01 5.083085380945739917e-01 6.406639826206426136e-01 8.923108250687145082e-01 8.820086967128797362e-01 7.362774909327025608e-01 4.364683588964780592e-01 4.450591232497709271e-01 4.324556924159476679e-01 8.161350595837348898e-01 6.722728008113194598e-01 7.745718093386795289e-01 8.025543473176524056e-01 7.151603620782052140e-01 5.193178492904574339e-01 4.576293771967627766e-01 8.101795834143762365e-01 5.389231237605172087e-01 4.170929125382664138e-01 9.729289324276296780e-01 7.464447037902954829e-01 5.346494168734349239e-01 0.000000000000000000e+00 5.355675501477275002e-01 4.897650365985142806e-01 8.077711794332318451e-01 1.296041559674754318e-02 4.951353351889350995e-01 3.900684148329719436e-01 4.457154786079934317e-01 5.149647267653938432e-01 5.497342819519962509e-01
8.548466453446943447e-01 1.556140668927031845e-01 4.312604957118306714e-01 6.015042255245743874e-01 4.245443070433218002e-01 4.394886058282195807e-01 8.142281172283395430e-01 4.403132954086292905e-01 8.834131745508061462e-01 7.575335757974406281e-01 6.288734745831513484e-01 7.939698921070836857e-01 9.113905369227386366e-01 7.150875506500189438e-01 5.084678144515444309e-01 2.864398394458878006e-01 6.061515113499185148e-01 7.044383742945372617e-01 8.331818950321987494e-01 2.885834228326694673e-01 5.704396670599567454e-01 7.177199126655053885e-01 1.487630229059372922e-01 5.156534208442367095e-01 8.754438574500044146e-01 5.355675501477275002e-01 0.000000000000000000e+00 7.344833408225170945e-01 5.303444340621819020e-01 8.803859380040676141e-01 4.824505933896684473e-01 4.073339877599144732e-01 4.526542922510939926e-01 5.597688236756945823e-01 5.184400765011909495e-01
4.178609976657055025e-01 4.321802606172461259e-01 7.370564957257560446e-01 4.174176148631766337e-01 5.203154435030965530e-01 5.419826646560501615e-01 4.992359289202795702e-01 2.345577372096577795e-01 7.649596077489486667e-01 5.858609059932800012e-01 8.082509191842041085e-01 7.501848333499092636e-01 9.421303865250907350e-01 1.272423497495652756e-01 4.727360847029838387e-01 3.083582703030787187e-01 3.515392667146165495e-01 5.964734164638217928e-01 5.483924182338592024e-01 1.391565943754698997e-01 7.814293588753706832e-02 6.950727285133370126e-01 6.623767452842128645e-01 5.117674031538478330e-01 5.010926418619565670e-01 4.897650365985142806e-01 7.344833408225170945e-01 0.000000000000000000e+00 7.454727490356138908e-01 4.536429689695519185e-01 8.832436122572889792e-01 3.815759937076181885e-01 3.293678918775640452e-01 6.846406858767664083e-01 7.827138815532603822e-01
1.174973851837983752e-01 4.579119862134097829e-01 4.911105201476091420e-01 9.312769770000774994e-01 5.187534389118499956e-01 4.186806023107492170e-01 4.163876708919572178e-01 2.695018988557849049e-01 6.030201280482241355e-01 4.876888065113428872e-01 4.757633418352079646e-01 4.262047607229590973e-02 5.405779073641345800e-01 7.353349773175367199e-01 8.769971549679675960e-01 7.340608848848235723e-01 4.897010853302938838e-01 6.420715612244041193e-01 4.317199236426983999e-01 3.050466687246785047e-01 2.998354769355738303e-01 4.069492009020420076e-01 9.319512653275259240e-01 3.893968331580252018e-01 8.652207997647674009e-01 8.077711794332318451e-01 5.303444340621819020e-01 7.454727490356138908e-01 0.000000000000000000e+00 7.680076575388421478e-01 5.024314309690722791e-01 6.163382934070738006e-01 4.809119588819589786e-01 4.536177024296901283e-01 9.451562728566398341e-01
4.138266616276247145e-01 5.209526179131072077e-01 6.835821151651659822e-01 4.569040414931306859e-01 7.689134096781315986e-01 8.009244693205519461e-01 7.504357789027287229e-01 5.148829173737343723e-01 7.936384757900083464e-02 3.290452380375801233e-01 4.403687009352270643e-01 5.179818983951494094e-01 6.868190002626396451e-01 1.442090224031085111e-01 8.327226860276373266e-01 5.461528385726481805e-01 6.650900592056667726e-01 2.161036601259828105e-01 7.740364049589707474e-01 6.040553344553212245e-01 7.998569079769979329e-01 4.796697780527645061e-01 4.740830979878513096e-01 8.181056696038510045e-01 4.831806935267060066e-01 1.296041559674754318e-02 8.803859380040676141e-01 4.536429689695519185e-01 7.680076575388421478e-01 0.000000000000000000e+00 7.012536592882978592e-01 7.462402949501464322e-01 4.043377040764839503e-02 4.160961299159373628e-01 8.275661926945225844e-01
6.532421424452135028e-01 4.460281045738210270e-01 1.797192894528125140e-01 5.710540324623176733e-01 8.361123028129977541e-01 4.129104287632092696e-01 7.248942439075070077e-01 5.833734812314151918e-01 4.767030437362250739e-01 4.528594256930964512e-01 6.521518435085922327e-01 5.169403067239382032e-01 3.269960520764106926e-01 8.781924801335216912e-02 6.356632909324941849e-01 4.554336425823694023e-01 7.685550819097595188e-01 6.526811435154099561e-01 4.034905701677273804e-01 6.962716222854328230e-01 6.906632280435096582e-01 4.323788765068958262e-01 5.468984659434968920e-01 1.818463955973010915e-01 4.771013850563753933e-01 4.951353351889350995e-01 4.824505933896684473e-01 8.832436122572889792e-01 5.024314309690722791e-01 7.012536592882978592e-01 0.000000000000000000e+00 4.519676141440410744e-01 2.975691838179749249e-01 4.047539798983661452e-01 5.581455749059838212e-02
6.698197571850732501e-01 5.443849588075582169e-01 3.286446363247511604e-01 8.287356824200200478e-01 5.357075516749090216e-01 4.507674408981997005e-01 4.365453561844478969e-01 8.254779042959072832e-01 4.800126249374447873e-01 6.539462695349824717e-01 5.124384664366989917e-01 4.887213511947764988e-01 2.916179984710663420e-01 6.173968319615559253e-01 5.645061092517695833e-01 6.726526159158581208e-01 6.673418943053828212e-01 9.249075929308863131e-01 4.053927250440313435e-01 4.903453757808708402e-01 7.690239349210638009e-01 3.632450172112938747e-01 3.917473494796474554e-01 6.487611452603831985e-01 2.498932843511938451e-01 3.900684148329719436e-01 4.073339877599144732e-01 3.815759937076181885e-01 6.163382934070738006e-01 7.462402949501464322e-01 4.519676141440410744e-01 0.000000000000000000e+00 8.452226445344288575e-01 7.384253154500748373e-01 6.834384632691687944e-01
6.777339961417732095e-01 8.968908849198463651e-01 5.693368858931372456e-01 4.424357543695035533e-01 7.586499811969805718e-01 2.435187043327307621e-01 3.713402945465932303e-01 3.536814477361290843e-01 4.192749890736048313e-01 2.108501651762293427e-01 4.988306709600704991e-01 7.644680187218524381e-01 8.252989331647431204e-02 7.971972845532514507e-01 4.506951262206232434e-01 2.974572811933593464e-01 4.469160475467536808e-01 4.309197189979062093e-01 4.998018131205745895e-01 7.548344598523410998e-01 7.130016171064180730e-01 5.589861825857183053e-01 4.706880908041951028e-01 4.459952389594526445e-01 7.360689147254364517e-01 4.457154786079934317e-01 4.526542922510939926e-01 3.293678918775640452e-01 4.809119588819589786e-01 4.043377040764839503e-02 2.975691838179749249e-01 8.452226445344288575e-01 0.000000000000000000e+00 7.895983798573983359e-01 7.356526237002809498e-01
5.526735346201969712e-01 7.408151729228629190e-01 9.448440852793793532e-01 8.025853309922115209e-01 4.421013082566189745e-01 6.264695516877556436e-01 7.837915140553495252e-01 6.544668578885486365e-01 6.197612154513351124e-01 4.096658345828179115e-01 5.457840184609301648e-01 7.765956749939322279e-01 1.611492532623213236e-01 7.824755499416968796e-01 5.499549204769563771e-01 3.548380538422370445e-01 4.081182283470113914e-01 4.200473178817648034e-01 4.553099241933389330e-02 8.625512590586617012e-01 7.520392878068988818e-01 3.380627438476176971e-01 5.399673228420480697e-01 6.328091700218083648e-01 6.360885380700822544e-01 5.149647267653938432e-01 5.597688236756945823e-01 6.846406858767664083e-01 4.536177024296901283e-01 4.160961299159373628e-01 4.047539798983661452e-01 7.384253154500748373e-01 7.895983798573983359e-01 0.000000000000000000e+00 6.547088873178505963e-01
6.005499607029851639e-01 5.810276865772403543e-01 4.669833137420421609e-01 7.198937547492969546e-01 5.212593977347470542e-01 5.947984002158326344e-01 6.361586050914544987e-01 8.134065209225176396e-01 5.149015225567042942e-01 8.785468990726714722e-01 5.942450748587509990e-01 3.267292644880757102e-01 8.508602599832354452e-01 5.369932939300507968e-01 4.962552674751175563e-01 9.142138733558278219e-01 7.891178756802034178e-01 8.426192457493597576e-01 7.144456855481373658e-02 8.269242098491168536e-01 8.055978065183972969e-01 7.834021096926071515e-01 6.020579046824223735e-01 7.264972323579957925e-01 6.260016604167029097e-01 5.497342819519962509e-01 5.184400765011909495e-01 7.827138815532603822e-01 9.451562728566398341e-01 8.275661926945225844e-01 5.581455749059838212e-02 6.834384632691687944e-01 7.356526237002809498e-01 6.547088873178505963e-01 0.000000000000000000e+00
