0.000000000000000000e+00 6.814039871584077757e-01 9.056005173297352329e-01 8.527009001369498797e-01 4.268366451691097407e-01 3.769159124818851625e-01 1.594676685179196030e-01 7.018565453299636658e-01 6.091296185966441623e-01 7.382699810533618345e-01 4.154818962506656721e-01 9.100334831143241932e-01 5.989359757042053145e-01 5.267700772663312936e-01 4.715007383349953951e-01 4.357394648791838021e-01 4.612089995131461451e-01 1.815499101971710383e-01 6.370847710543158238e-01 6.590813458105275746e-01 6.345387437218272808e-01 5.517963889792486532e-01 1.281076444189542807e-01 9.183684393422379966e-01 3.213354679910415679e-01 8.032930477342976605e-01 6.635829727736617389e-01 5.031805569818927903e-01 3.308366954117039072e-01 4.762563978519975816e-01 5.386693220790645942e-01 1.226575899018437221e-01 2.700585150121695976e-01 8.027748244225927365e-01 5.210204949327302826e-01
6.814039871584077757e-01 0.000000000000000000e+00 6.840739471656013260e-01 6.465668142516627359e-01 7.098402025867249776e-01 8.216324126830294450e-01 7.990368580888670413e-01 9.667540495094011366e-01 5.208909288129873749e-01 8.005720796828940111e-01 6.951479711501511449e-01 8.583445808006309186e-01 3.020411132969513801e-01 7.746673306582274598e-01 8.340411492385808589e-01 5.297908172421799122e-01 6.910404591308485500e-01 9.189198882594042939e-01 3.861737823382526136e-01 3.311368564243403201e-01 6.656098795886339348e-01 7.460801396628635729e-01 4.840135838568045967e-01 4.162535385571134450e-01 5.990749433670709001e-01 7.423879335191678752e-01 4.794056342610073518e-01 4.506378005025276634e-01 6.229747600217233616e-01 7.846652329535663828e-02 3.550156615909651481e-01 7.321701121794550460e-01 7.037875923857132010e-01 1.799767533508840334e-01 7.250076370223674793e-01
9.056005173297352329e-01 6.840739471656013260e-01 0.000000000000000000e+00 3.761772204741273273e-01 9.276447984027147431e-02 3.923603070658895353e-01 3.454665314227427508e-01 5.336207280644837958e-01 4.308368786759058655e-01 5.398984724057322993e-01 8.112727254576130864e-01 7.055026231160932415e-01 4.900667432752814356e-01 8.689555247384899150e-01 5.357735658153809366e-01 7.826594331539781235e-01 6.844585337941384573e-01 4.527438290194691906e-01 6.179275038522867858e-01 5.388398113262945488e-01 1.380003887983052291e-01 4.147557631117568255e-01 8.675132550456550184e-01 3.694551367259946706e-01 3.449358813844288774e-01 7.802365575567544731e-01 6.248167254503657064e-01 6.424058306200213231e-01 3.320381855491594258e-01 1.116560908043928713e-01 5.193846186055275371e-01 6.266952455302364777e-01 6.286687805280792851e-01 5.409275079545691201e-01 4.300683548253714239e-02
8.527009001369498797e-01 6.465668142516627359e-01 3.761772204741273273e-01 0.000000000000000000e+00 4.922655457731047735e-01 6.152678721876272405e-01 2.582175019189403287e-01 3.464848350226730211e-01 6.439122354386055402e-01 6.235304540086079594e-01 4.830469451765881383e-01 4.802913635753692234e-01 4.657860476333769983e-01 3.489911948337187653e-01 4.500472611399857215e-01 7.107770525322731903e-01 8.662785591641918304e-01 5.070426349142667100e-01 6.525594030464874074e-01 8.577544049480811950e-02 7.417407826554860417e-01 7.031390425145659373e-01 3.698151442425652302e-01 7.632600995485318007e-01 3.507820770757743567e-01 6.531658375443507580e-01 4.868117829855748702e-01 8.638049150092372841e-01 8.034346140547723447e-01 6.586063164362296884e-01 7.567332866084577336e-01 2.358075259426377912e-01 7.770303757178720350e-01 6.368676276029709982e-01 7.730488893489206870e-01
4.268366451691097407e-01 7.098402025867249776e-01 9.276447984027147431e-02 4.922655457731047735e-01 0.000000000000000000e+00 1.065242058618921517e-01 1.859415282917699086e-01 6.065966332633262459e-01 2.286787604392307438e-01 5.959549294869176395e-01 2.948642719593174144e-01 6.844758413000864294e-01 3.138352773314133648e-01 7.747185734097863374e-01 4.892192341615423379e-01 5.562581948455003200e-01 5.488587483635678499e-01 4.652786171680267646e-01 2.763325188128775700e-01 6.398779852496568887e-01 3.088492206241196802e-01 3.695956251722630759e-01 4.682393543878939912e-01 6.314923888898011928e-01 7.177319817050658024e-01 4.924532561674096476e-01 3.505338468263106133e-01 2.299110277917130185e-01 7.733864052898987707e-01 7.858424283779248398e-01 3.739100851994646146e-01 3.291432896595146707e-01 4.140098826869506032e-01 6.800649306119359583e-01 8.178468493563552100e-01
3.769159124818851625e-01 8.216324126830294450e-01 3.923603070658895353e-01 6.152678721876272405e-01 1.065242058618921517e-01 0.000000000000000000e+00 6.443078308054394077e-01 7.781353004738424950e-01 8.957609354294364667e-01 7.976480893412130069e-02 7.736958851994512054e-01 4.976030593934274715e-01 5.065718887003507476e-01 5.823576663235607853e-01 5.620220220987176551e-01 2.544648946031651260e-01 6.190846607981963512e-01 5.357695674546367748e-01 2.959109806119305519e-01 9.150820865682212091e-01 5.105852695045121070e-01 3.543674554322534531e-01 5.243739004877567833e-01 7.464517942045454379e-01 7.569653237219514663e-01 6.273767162862784463e-01 8.416695714589839117e-01 3.319957798220720679e-01 5.647494228728502375e-01 5.645719898787255886e-01 2.410778553981629546e-01 5.628426565133337611e-01 5.535146165253139738e-01 2.083306026993537730e-01 6.415919582014328881e-01
1.594676685179196030e-01 7.990368580888670413e-01 3.454665314227427508e-01 2.582175019189403287e-01 1.859415282917699086e-01 6.443078308054394077e-01 0.000000000000000000e+00 8.588058682020248691e-01 2.678580477057999065e-01 4.225244550208452909e-01 3.538609831638080960e-01 1.898119371565064606e-01 6.608135324768513730e-01 5.508525705999771649e-01 5.460469283738413893e-01 4.895149962552037826e-01 4.188659509236566381e-01 4.129592835040256649e-01 5.931612462580508893e-01 1.367836549675229829e-01 1.502068327573070627e-01 2.153806563031446242e-01 4.643091625097101049e-01 3.064054738494745855e-01 4.179761741396208485e-01 4.738489991766636766e-01 6.049286559901245752e-01 5.771291868415656667e-01 6.578198368370533622e-01 7.796401598339575134e-02 5.804285128192752108e-01 8.302196357034363761e-01 7.809741875927400656e-01 1.050076019520866932e-01 7.951845983963190534e-02
7.018565453299636658e-01 9.667540495094011366e-01 5.336207280644837958e-01 3.464848350226730211e-01 6.065966332633262459e-01 7.781353004738424950e-01 8.588058682020248691e-01 0.000000000000000000e+00 3.895552731374949951e-01 4.140979315189883270e-01 5.877704244414376777e-01 8.581722323909100059e-01 4.933760908165333303e-01 9.137587824137247683e-01 1.193081257047988730e-01 5.106877467508909030e-01 6.695121261588105055e-01 7.103832472110546137e-01 5.367002851518386519e-01 8.536943247207056107e-01 4.271816298671906598e-01 9.490608638036002187e-01 7.504352725210815533e-01 3.009973121047587741e-01 7.435335624286645295e-01 7.937668002201150319e-01 4.906448918956293204e-01 5.264813490128175122e-01 5.449996676095270054e-01 3.326353345821977392e-01 4.344753606553236613e-01 6.896896247309481920e-01 3.081511929227132018e-01 5.315302171370432927e-01 4.982154392534866583e-01
6.091296185966441623e-01 5.208909288129873749e-01 4.308368786759058655e-01 6.439122354386055402e-01 2.286787604392307438e-01 8.957609354294364667e-01 2.678580477057999065e-01 3.895552731374949951e-01 0.000000000000000000e+00 3.265116147590732543e-01 7.711168451730306961e-01 2.018748245284334719e-01 1.241171767132192572e-01 9.622900238171268050e-01 4.973394549874328163e-01 8.560164760279693752e-01 5.176169716980869584e-01 6.813593352763686051e-01 3.629088116807251407e-01 6.371480887164988616e-01 9.209807419096478487e-01 7.864797191477603810e-01 6.976230427457443817e-01 2.129707452906537402e-01 8.039493685260434841e-01 7.599879821562489646e-01 1.776968385885559498e-01 5.521596020643846359e-01 3.395080946191874061e-01 4.042576194041119786e-01 2.680581792211041425e-01 4.797466482713281799e-01 8.419306587770731820e-01 4.071775600384473504e-01 4.886306330926205033e-01
7.382699810533618345e-01 8.005720796828940111e-01 5.398984724057322993e-01 6.235304540086079594e-01 5.959549294869176395e-01 7.976480893412130069e-02 4.225244550208452909e-01 4.140979315189883270e-01 3.265116147590732543e-01 0.000000000000000000e+00 4.850124295462622803e-01 1.065749510421093449e-01 8.376835179385044849e-01 4.482642880169359634e-01 3.690863483925037047e-01 4.248765095703088690e-01 6.584579454747864213e-01 4.774731289352439623e-01 4.094400714299266664e-01 4.936183947491000201e-01 7.598309744758965367e-01 4.689767763595675820e-01 7.405290243518616311e-01 5.420070492338276980e-01 6.632739409343613168e-02 6.625591697027582994e-01 8.558167364877034000e-01 2.044277140361261957e-01 6.187950569306037707e-01 3.330069194219810180e-01 3.869944004124142856e-01 8.449023535976984967e-01 6.381497875645890661e-01 3.541035854666234606e-01 4.751237000358774498e-01
4.154818962506656721e-01 6.951479711501511449e-01 8.112727254576130864e-01 4.830469451765881383e-01 2.948642719593174144e-01 7.736958851994512054e-01 3.538609831638080960e-01 5.877704244414376777e-01 7.711168451730306961e-01 4.850124295462622803e-01 0.000000000000000000e+00 6.169871473385551974e-01 4.696379926672587524e-01 8.479565719877530938e-01 4.621274910748145448e-01 3.807333437088764039e-01 7.764284010631632427e-01 6.185879119062234199e-01 7.016979796688410653e-01 3.984874213177660995e-01 6.442246909805693367e-01 5.279934239281550701e-01 7.142171223912916478e-01 8.613779897043318812e-01 8.178438221765864657e-01 5.416536367226116866e-01 5.812127477541795262e-02 6.873512973346596056e-01 4.035787011325118190e-01 7.198461146315007220e-01 7.471547476182874847e-01 4.896692052043687959e-01 5.205096319676395522e-01 6.692115340667301737e-01 6.357022576276537551e-01
9.100334831143241932e-01 8.583445808006309186e-01 7.055026231160932415e-01 4.802913635753692234e-01 6.844758413000864294e-01 4.976030593934274715e-01 1.898119371565064606e-01 8.581722323909100059e-01 2.018748245284334719e-01 1.065749510421093449e-01 6.169871473385551974e-01 0.000000000000000000e+00 9.113365974279374893e-02 8.451562318264596030e-01 7.677721801247051614e-01 9.112299954264571067e-01 5.982831926145818491e-01 4.655801849799970915e-01 3.354416069151385793e-01 8.636288308043358342e-01 2.199228332648304196e-01 4.250480156856086822e-01 6.823756475744209293e-01 4.315248990110694405e-01 3.947733213049348100e-01 3.582601452836621236e-01 7.689135461785763237e-01 1.927392604100869322e-01 4.801367779312358808e-01 2.680239071003326923e-01 4.943714147685754901e-01 8.826990919588235673e-01 4.791073147976148139e-01 5.828225645213394035e-01 7.942527371600089925e-01
5.989359757042053145e-01 3.020411132969513801e-01 4.900667432752814356e-01 4.657860476333769983e-01 3.138352773314133648e-01 5.065718887003507476e-01 6.608135324768513730e-01 4.933760908165333303e-01 1.241171767132192572e-01 8.376835179385044849e-01 4.696379926672587524e-01 9.113365974279374893e-02 0.000000000000000000e+00 1.820323899679601731e-01 6.605358179278797426e-01 4.008376010422666780e-01 1.925792795504097654e-01 2.931420256613792574e-01 9.017606330650640434e-01 5.795218455340949149e-01 5.138917768707040867e-01 5.502159718756342022e-01 4.873779943466895470e-01 8.123004941978890781e-01 9.662126807215821733e-01 8.718598153341947654e-01 5.482257881268599586e-01 9.141218881635788662e-01 7.403652095739559069e-01 1.130864982776450534e-01 5.014714600168007630e-01 5.145921704818063880e-01 7.843126482402090760e-01 7.770121522673265613e-01 2.907208114921852049e-01
5.267700772663312936e-01 7.746673306582274598e-01 8.689555247384899150e-01 3.489911948337187653e-01 7.747185734097863374e-01 5.823576663235607853e-01 5.508525705999771649e-01 9.137587824137247683e-01 9.622900238171268050e-01 4.482642880169359634e-01 8.479565719877530938e-01 8.451562318264596030e-01 1.820323899679601731e-01 0.000000000000000000e+00 8.060886184507065622e-01 5.506105649476019659e-01 6.545692773707989520e-01 7.441709875576358879e-01 3.138621750728438631e-01 6.500536017387459342e-01 5.959749537004760400e-01 5.162074878006857048e-01 1.551654929482697565e-01 3.009462219850571607e-01 8.410897083999983037e-01 4.979961688757164606e-01 5.284609373039639291e-01 9.002178165179761660e-01 8.882424459511777393e-01 4.851347108673937369e-01 6.682684155743233712e-01 8.686380414538018568e-01 2.589119214024646620e-01 6.970978824475893010e-01 5.290013530117995133e-01
4.715007383349953951e-01 8.340411492385808589e-01 5.357735658153809366e-01 4.500472611399857215e-01 4.892192341615423379e-01 5.620220220987176551e-01 5.460469283738413893e-01 1.193081257047988730e-01 4.973394549874328163e-01 3.690863483925037047e-01 4.621274910748145448e-01 7.677721801247051614e-01 6.605358179278797426e-01 8.060886184507065622e-01 0.000000000000000000e+00 2.772636170374545572e-01 8.791592397488774413e-01 6.665941544703517518e-01 9.330077244434660244e-01 6.718277675353931944e-01 7.337783243884661299e-01 8.738323984360296670e-01 6.252998289782999430e-01 3.509757433171111218e-01 6.090938398431954282e-01 4.650514336436750717e-01 5.889672546708332179e-01 5.859429898485087884e-01 2.215525849049724272e-01 3.536551721190749342e-01 4.775740525137685544e-01 2.874506102945536545e-01 3.728813160442299157e-01 7.072195250562822721e-01 7.045419443174932850e-01
4.357394648791838021e-01 5.297908172421799122e-01 7.826594331539781235e-01 7.107770525322731903e-01 5.562581948455003200e-01 2.544648946031651260e-01 4.895149962552037826e-01 5.106877467508909030e-01 8.560164760279693752e-01 4.248765095703088690e-01 3.807333437088764039e-01 9.112299954264571067e-01 4.008376010422666780e-01 5.506105649476019659e-01 2.772636170374545572e-01 0.000000000000000000e+00 5.505831212964473753e-02 5.022900659147544467e-01 8.926406603325895972e-01 2.453969900550668770e-01 1.238236039562048418e-01 5.951731764451042572e-01 4.764342969228012037e-01 2.847249294842725265e-01 2.212343668187357615e-01 5.068210611216913408e-01 2.329825031102059629e-01 7.526783928980047556e-01 5.028956928678068872e-01 4.125871916610414636e-01 5.563668283022984440e-01 5.009430713235385468e-01 3.699560912013313274e-01 1.255531372451177408e-01 7.722736822996247863e-01
4.612089995131461451e-01 6.910404591308485500e-01 6.844585337941384573e-01 8.662785591641918304e-01 5.488587483635678499e-01 6.190846607981963512e-01 4.188659509236566381e-01 6.695121261588105055e-01 5.176169716980869584e-01 6.584579454747864213e-01 7.764284010631632427e-01 5.982831926145818491e-01 1.925792795504097654e-01 6.545692773707989520e-01 8.791592397488774413e-01 5.505831212964473753e-02 0.000000000000000000e+00 1.177368097123719926e-01 8.834738879351444751e-01 3.696716140838603448e-01 4.751827517339349827e-01 8.147743170479780916e-01 6.916106418062137884e-01 4.353025025863757058e-01 4.281293120696056387e-01 2.900663727039052286e-01 7.628162678301088073e-01 1.751280284469117765e-01 9.356491635413490826e-01 8.040290882589714583e-01 6.904792717660892531e-01 6.368212923810090409e-02 3.144820115202195954e-01 4.515019196081101471e-01 6.481532964259183460e-01
1.815499101971710383e-01 9.189198882594042939e-01 4.527438290194691906e-01 5.070426349142667100e-01 4.652786171680267646e-01 5.357695674546367748e-01 4.129592835040256649e-01 7.103832472110546137e-01 6.813593352763686051e-01 4.774731289352439623e-01 6.185879119062234199e-01 4.655801849799970915e-01 2.931420256613792574e-01 7.441709875576358879e-01 6.665941544703517518e-01 5.022900659147544467e-01 1.177368097123719926e-01 0.000000000000000000e+00 7.390301906882630334e-01 4.920733031744048969e-01 3.675785191885105885e-01 9.344848257355542476e-02 7.773451983971956247e-01 8.503735174725324253e-02 4.356956608483818494e-01 5.816175935331594493e-01 8.581629885244030920e-01 4.214240908417621334e-01 6.312224085605839807e-01 6.201801868255671923e-01 2.376605879513166431e-01 2.226574367086747164e-01 4.966692087826435897e-01 7.700785940661927231e-01 9.083043272972604054e-01
6.370847710543158238e-01 3.861737823382526136e-01 6.179275038522867858e-01 6.525594030464874074e-01 2.763325188128775700e-01 2.959109806119305519e-01 5.931612462580508893e-01 5.367002851518386519e-01 3.629088116807251407e-01 4.094400714299266664e-01 7.016979796688410653e-01 3.354416069151385793e-01 9.017606330650640434e-01 3.138621750728438631e-01 9.330077244434660244e-01 8.926406603325895972e-01 8.834738879351444751e-01 7.390301906882630334e-01 0.000000000000000000e+00 1.059215723849962210e-01 2.379873956815297120e-01 4.039999859042326946e-01 8.991543756988764624e-01 4.607714006133921680e-01 7.331354532984792893e-01 8.051397795799002388e-01 2.672985899010181798e-01 4.964389333661258230e-01 4.467289791258826082e-01 2.348145221969817342e-01 2.075959958820714213e-01 5.857732636733556930e-01 6.000320980616086208e-01 3.901580448894329534e-01 5.904754778794993886e-01
6.590813458105275746e-01 3.311368564243403201e-01 5.388398113262945488e-01 8.577544049480811950e-02 6.398779852496568887e-01 9.150820865682212091e-01 1.367836549675229829e-01 8.536943247207056107e-01 6.371480887164988616e-01 4.936183947491000201e-01 3.984874213177660995e-01 8.636288308043358342e-01 5.795218455340949149e-01 6.500536017387459342e-01 6.718277675353931944e-01 2.453969900550668770e-01 3.696716140838603448e-01 4.920733031744048969e-01 1.059215723849962210e-01 0.000000000000000000e+00 8.759168449117411548e-01 4.488103962853903783e-01 3.473488060108621545e-01 6.796548749977080472e-01 7.357176084521843684e-01 3.110694070354449448e-01 4.817771761093503358e-01 8.089401977073784611e-02 5.486050096893728689e-01 7.130775190171667610e-01 5.175710822067293160e-01 4.655763980683733094e-01 4.623311329899616462e-01 3.150890568590065666e-01 7.258571644450226845e-01
6.345387437218272808e-01 6.656098795886339348e-01 1.380003887983052291e-01 7.417407826554860417e-01 3.088492206241196802e-01 5.105852695045121070e-01 1.502068327573070627e-01 4.271816298671906598e-01 9.209807419096478487e-01 7.598309744758965367e-01 6.442246909805693367e-01 2.199228332648304196e-01 5.138917768707040867e-01 5.959749537004760400e-01 7.337783243884661299e-01 1.238236039562048418e-01 4.751827517339349827e-01 3.675785191885105885e-01 2.379873956815297120e-01 8.759168449117411548e-01 0.000000000000000000e+00 6.107866470005653969e-01 5.885018347887156498e-01 6.179785319417403500e-01 4.373317519352387106e-01 1.041825350094236491e-01 4.996826040793183599e-01 4.242244923318479466e-01 7.200012743533091841e-01 8.930016790617778533e-01 7.124382466150868121e-01 4.762307055392909771e-01 2.682064768690899381e-01 1.795749324055956331e-01 2.865221040582262013e-01
5.517963889792486532e-01 7.460801396628635729e-01 4.147557631117568255e-01 7.031390425145659373e-01 3.695956251722630759e-01 3.543674554322534531e-01 2.153806563031446242e-01 9.490608638036002187e-01 7.864797191477603810e-01 4.689767763595675820e-01 5.279934239281550701e-01 4.250480156856086822e-01 5.502159718756342022e-01 5.162074878006857048e-01 8.738323984360296670e-01 5.951731764451042572e-01 8.147743170479780916e-01 9.344848257355542476e-02 4.039999859042326946e-01 4.488103962853903783e-01 6.107866470005653969e-01 0.000000000000000000e+00 4.128695369362984091e-01 7.888532905017588970e-01 7.913525152347453684e-01 2.878895363173861188e-01 5.157141839841712372e-01 4.987309791628005695e-01 8.075568437975979563e-01 5.574858843218291060e-01 7.785974516597164996e-01 5.442735394091714474e-01 9.232929760535331098e-01 1.516208411818795732e-01 2.434489663037727736e-01
1.281076444189542807e-01 4.840135838568045967e-01 8.675132550456550184e-01 3.698151442425652302e-01 4.682393543878939912e-01 5.243739004877567833e-01 4.643091625097101049e-01 7.504352725210815533e-01 6.976230427457443817e-01 7.405290243518616311e-01 7.142171223912916478e-01 6.823756475744209293e-01 4.873779943466895470e-01 1.551654929482697565e-01 6.252998289782999430e-01 4.764342969228012037e-01 6.916106418062137884e-01 7.773451983971956247e-01 8.991543756988764624e-01 3.473488060108621545e-01 5.885018347887156498e-01 4.128695369362984091e-01 0.000000000000000000e+00 3.580674009691275916e-01 5.620512656054506007e-01 2.378257676687209887e-01 5.151362940766072152e-01 6.510660509408324748e-01 4.847380304831955256e-01 7.006190432295236192e-01 5.480689799506973658e-01 3.794157108796807343e-01 7.057921665828807978e-01 7.368849386302938065e-01 2.141461695158340950e-01
9.183684393422379966e-01 4.162535385571134450e-01 3.694551367259946706e-01 7.632600995485318007e-01 6.314923888898011928e-01 7.464517942045454379e-01 3.064054738494745855e-01 3.009973121047587741e-01 2.129707452906537402e-01 5.420070492338276980e-01 8.613779897043318812e-01 4.315248990110694405e-01 8.123004941978890781e-01 3.009462219850571607e-01 3.509757433171111218e-01 2.847249294842725265e-01 4.353025025863757058e-01 8.503735174725324253e-02 4.607714006133921680e-01 6.796548749977080472e-01 6.179785319417403500e-01 7.888532905017588970e-01 3.580674009691275916e-01 0.000000000000000000e+00 4.130316066824928911e-01 6.843313621733899677e-01 2.042224879800779158e-01 4.864947832044475562e-01 6.256941961743454073e-01 9.475947586380164545e-01 7.863526476274623755e-01 2.864875871078533809e-01 8.647746973146241967e-01 7.961622263641193742e-01 8.796039261091503914e-01
3.213354679910415679e-01 5.990749433670709001e-01 3.449358813844288774e-01 3.507820770757743567e-01 7.177319817050658024e-01 7.569653237219514663e-01 4.179761741396208485e-01 7.435335624286645295e-01 8.039493685260434841e-01 6.632739409343613168e-02 8.178438221765864657e-01 3.947733213049348100e-01 9.662126807215821733e-01 8.410897083999983037e-01 6.090938398431954282e-01 2.212343668187357615e-01 4.281293120696056387e-01 4.356956608483818494e-01 7.331354532984792893e-01 7.357176084521843684e-01 4.373317519352387106e-01 7.913525152347453684e-01 5.620512656054506007e-01 4.130316066824928911e-01 0.000000000000000000e+00 7.989242485264360649e-01 3.355635126892855258e-01 5.414482134672029545e-01 5.083711456919566274e-01 4.889453882379062866e-01 2.868052318150913216e-01 5.247216128272351732e-01 4.319241190863178925e-01 8.241398125054937296e-01 5.169740781384936090e-01
8.032930477342976605e-01 7.423879335191678752e-01 7.802365575567544731e-01 6.531658375443507580e-01 4.924532561674096476e-01 6.273767162862784463e-01 4.738489991766636766e-01 7.937668002201150319e-01 7.599879821562489646e-01 6.625591697027582994e-01 5.416536367226116866e-01 3.582601452836621236e-01 8.718598153341947654e-01 4.979961688757164606e-01 4.650514336436750717e-01 5.068210611216913408e-01 2.900663727039052286e-01 5.816175935331594493e-01 8.051397795799002388e-01 3.110694070354449448e-01 1.041825350094236491e-01 2.878895363173861188e-01 2.378257676687209887e-01 6.843313621733899677e-01 7.989242485264360649e-01 0.000000000000000000e+00 2.995287965197807045e-01 7.681373721458486514e-01 3.926754234383186271e-01 2.990205916118769958e-01 3.283392603600895354e-01 5.899189186697999521e-01 5.410732800198423398e-01 6.743801672044360540e-01 3.506746202632229914e-01
6.635829727736617389e-01 4.794056342610073518e-01 6.248167254503657064e-01 4.868117829855748702e-01 3.505338468263106133e-01 8.416695714589839117e-01 6.049286559901245752e-01 4.906448918956293204e-01 1.776968385885559498e-01 8.558167364877034000e-01 5.812127477541795262e-02 7.689135461785763237e-01 5.482257881268599586e-01 5.284609373039639291e-01 5.889672546708332179e-01 2.329825031102059629e-01 7.628162678301088073e-01 8.581629885244030920e-01 2.672985899010181798e-01 4.817771761093503358e-01 4.996826040793183599e-01 5.157141839841712372e-01 5.151362940766072152e-01 2.042224879800779158e-01 3.355635126892855258e-01 2.995287965197807045e-01 0.000000000000000000e+00 4.329240483157505981e-01 3.636474416480900418e-01 7.737742087608892039e-01 5.508901432218016314e-01 4.624103490104127800e-01 7.761793589627168366e-01 4.912597934911294706e-02 6.650665512041487037e-01
5.031805569818927903e-01 4.506378005025276634e-01 6.424058306200213231e-01 8.638049150092372841e-01 2.299110277917130185e-01 3.319957798220720679e-01 5.771291868415656667e-01 5.264813490128175122e-01 5.521596020643846359e-01 2.044277140361261957e-01 6.873512973346596056e-01 1.927392604100869322e-01 9.141218881635788662e-01 9.002178165179761660e-01 5.859429898485087884e-01 7.526783928980047556e-01 1.751280284469117765e-01 4.214240908417621334e-01 4.964389333661258230e-01 8.089401977073784611e-02 4.242244923318479466e-01 4.987309791628005695e-01 6.510660509408324748e-01 4.864947832044475562e-01 5.414482134672029545e-01 7.681373721458486514e-01 4.329240483157505981e-01 0.000000000000000000e+00 3.528733281107437891e-01 2.600050564672818920e-01 7.189373027694559992e-01 5.267661794257922914e-01 1.933595252255968511e-01 3.820842412970880675e-01 5.620268798200993565e-01
3.308366954117039072e-01 6.229747600217233616e-01 3.320381855491594258e-01 8.034346140547723447e-01 7.733864052898987707e-01 5.647494228728502375e-01 6.578198368370533622e-01 5.449996676095270054e-01 3.395080946191874061e-01 6.187950569306037707e-01 4.035787011325118190e-01 4.801367779312358808e-01 7.403652095739559069e-01 8.882424459511777393e-01 2.215525849049724272e-01 5.028956928678068872e-01 9.356491635413490826e-01 6.312224085605839807e-01 4.467289791258826082e-01 5.486050096893728689e-01 7.200012743533091841e-01 8.075568437975979563e-01 4.847380304831955256e-01 6.256941961743454073e-01 5.083711456919566274e-01 3.926754234383186271e-01 3.636474416480900418e-01 3.528733281107437891e-01 0.000000000000000000e+00 6.695980307884508154e-01 6.864424344801487443e-01 8.117700325431178587e-01 3.547053682874986569e-01 5.579940844875810324e-01 4.646048189203452194e-01
4.762563978519975816e-01 7.846652329535663828e-02 1.116560908043928713e-01 6.586063164362296884e-01 7.858424283779248398e-01 5.645719898787255886e-01 7.796401598339575134e-02 3.326353345821977392e-01 4.042576194041119786e-01 3.330069194219810180e-01 7.198461146315007220e-01 2.680239071003326923e-01 1.130864982776450534e-01 4.851347108673937369e-01 3.536551721190749342e-01 4.125871916610414636e-01 8.040290882589714583e-01 6.201801868255671923e-01 2.348145221969817342e-01 7.130775190171667610e-01 8.930016790617778533e-01 5.574858843218291060e-01 7.006190432295236192e-01 9.475947586380164545e-01 4.889453882379062866e-01 2.990205916118769958e-01 7.737742087608892039e-01 2.600050564672818920e-01 6.695980307884508154e-01 0.000000000000000000e+00 3.405804309561890619e-01 4.846336067840671946e-01 4.252206137871059610e-01 8.280705810144195489e-01 3.586975835802075352e-01
5.386693220790645942e-01 3.550156615909651481e-01 5.193846186055275371e-01 7.567332866084577336e-01 3.739100851994646146e-01 2.410778553981629546e-01 5.804285128192752108e-01 4.344753606553236613e-01 2.680581792211041425e-01 3.869944004124142856e-01 7.471547476182874847e-01 4.943714147685754901e-01 5.014714600168007630e-01 6.682684155743233712e-01 4.775740525137685544e-01 5.563668283022984440e-01 6.904792717660892531e-01 2.376605879513166431e-01 2.075959958820714213e-01 5.175710822067293160e-01 7.124382466150868121e-01 7.785974516597164996e-01 5.480689799506973658e-01 7.863526476274623755e-01 2.868052318150913216e-01 3.283392603600895354e-01 5.508901432218016314e-01 7.189373027694559992e-01 6.864424344801487443e-01 3.405804309561890619e-01 0.000000000000000000e+00 3.047499478016077457e-01 6.464384124019990630e-01 5.178095614675665148e-01 3.596368190683160160e-01
1.226575899018437221e-01 7.321701121794550460e-01 6.266952455302364777e-01 2.358075259426377912e-01 3.291432896595146707e-01 5.628426565133337611e-01 8.302196357034363761e-01 6.896896247309481920e-01 4.797466482713281799e-01 8.449023535976984967e-01 4.896692052043687959e-01 8.826990919588235673e-01 5.145921704818063880e-01 8.686380414538018568e-01 2.874506102945536545e-01 5.009430713235385468e-01 6.368212923810090409e-02 2.226574367086747164e-01 5.857732636733556930e-01 4.655763980683733094e-01 4.762307055392909771e-01 5.442735394091714474e-01 3.794157108796807343e-01 2.864875871078533809e-01 5.247216128272351732e-01 5.899189186697999521e-01 4.624103490104127800e-01 5.267661794257922914e-01 8.117700325431178587e-01 4.846336067840671946e-01 3.047499478016077457e-01 0.000000000000000000e+00 3.033000355747867971e-01 8.002344387963732375e-01 9.070062631048003698e-01
2.700585150121695976e-01 7.037875923857132010e-01 6.286687805280792851e-01 7.770303757178720350e-01 4.140098826869506032e-01 5.535146165253139738e-01 7.809741875927400656e-01 3.081511929227132018e-01 8.419306587770731820e-01 6.381497875645890661e-01 5.205096319676395522e-01 4.791073147976148139e-01 7.843126482402090760e-01 2.589119214024646620e-01 3.728813160442299157e-01 3.699560912013313274e-01 3.144820115202195954e-01 4.966692087826435897e-01 6.000320980616086208e-01 4.623311329899616462e-01 2.682064768690899381e-01 9.232929760535331098e-01 7.057921665828807978e-01 8.647746973146241967e-01 4.319241190863178925e-01 5.410732800198423398e-01 7.761793589627168366e-01 1.933595252255968511e-01 3.547053682874986569e-01 4.252206137871059610e-01 6.464384124019990630e-01 3.033000355747867971e-01 0.000000000000000000e+00 7.080701022121580479e-01 3.560022054140585257e-01
8.027748244225927365e-01 1.799767533508840334e-01 5.409275079545691201e-01 6.368676276029709982e-01 6.800649306119359583e-01 2.083306026993537730e-01 1.050076019520866932e-01 5.315302171370432927e-01 4.071775600384473504e-01 3.541035854666234606e-01 6.692115340667301737e-01 5.828225645213394035e-01 7.770121522673265613e-01 6.970978824475893010e-01 7.072195250562822721e-01 1.255531372451177408e-01 4.515019196081101471e-01 7.700785940661927231e-01 3.901580448894329534e-01 3.150890568590065666e-01 1.795749324055956331e-01 1.516208411818795732e-01 7.368849386302938065e-01 7.961622263641193742e-01 8.241398125054937296e-01 6.743801672044360540e-01 4.912597934911294706e-02 3.820842412970880675e-01 5.579940844875810324e-01 8.280705810144195489e-01 5.178095614675665148e-01 8.002344387963732375e-01 7.080701022121580479e-01 0.000000000000000000e+00 3.881837888319590868e-01
5.210204949327302826e-01 7.250076370223674793e-01 4.300683548253714239e-02 7.730488893489206870e-01 8.178468493563552100e-01 6.415919582014328881e-01 7.951845983963190534e-02 4.982154392534866583e-01 4.886306330926205033e-01 4.751237000358774498e-01 6.357022576276537551e-01 7.942527371600089925e-01 2.907208114921852049e-01 5.290013530117995133e-01 7.045419443174932850e-01 7.722736822996247863e-01 6.481532964259183460e-01 9.083043272972604054e-01 5.904754778794993886e-01 7.258571644450226845e-01 2.865221040582262013e-01 2.434489663037727736e-01 2.141461695158340950e-01 8.796039261091503914e-01 5.169740781384936090e-01 3.506746202632229914e-01 6.650665512041487037e-01 5.620268798200993565e-01 4.646048189203452194e-01 3.586975835802075352e-01 3.596368190683160160e-01 9.070062631048003698e-01 3.560022054140585257e-01 3.881837888319590868e-01 0.000000000000000000e+00
