0.000000000000000000e+00 2.253195270618274515e-01 6.283296990104070279e-01 5.341982388565331696e-01 4.473781749079446257e-01 3.611972515470013301e-01 4.848799204238657401e-01 4.685908557501043403e-01 2.872524216619978255e-01 4.390181053898534191e-01 4.905257677309430298e-01 8.136932892814525697e-01 4.991382158737048269e-01 6.663015569578076835e-01 7.679973407424089960e-01 8.922861585464472167e-01 7.552376381699038577e-01 3.869363633050034168e-01 3.495621422373628162e-01 4.327451396011576246e-01 7.106531262932113124e-01 4.267480850660810288e-01 8.376490316239310063e-01 4.965241552432323457e-01 8.538306645924735871e-01 6.440524912304270710e-01 6.108013401798779718e-01 5.858648857108823549e-01 2.848282165973984870e-01 5.789015269384850670e-01 7.176247055302817923e-01 5.163828614407193207e-01 7.592628322734729096e-01 8.375985925582781766e-01 4.899002330923646897e-01
2.253195270618274515e-01 0.000000000000000000e+00 6.033655129684508678e-01 5.272910873666259990e-01 3.826770447505088990e-01 4.063875796397032891e-01 7.567110503141181166e-01 6.537836632376700097e-01 6.033359126070485523e-01 8.678891471188168172e-01 7.540822665402977520e-01 8.263468369791160395e-01 4.418953528356759364e-01 5.273550241136607530e-01 2.259252285288295692e-01 7.082876529448998149e-01 7.935797255519225768e-01 2.603984523469957124e-01 5.190273880003312135e-01 9.441285830995835848e-01 6.401234428076911787e-01 8.957862389374724454e-01 7.722442795697483930e-01 4.759335749027840956e-01 3.917110147251884333e-01 6.307119223925012896e-01 6.033058110566302812e-01 7.007677900613726862e-01 6.309667064019051086e-01 1.852114277853434410e-01 3.751299814567098934e-01 5.098485511949337745e-01 7.937262149508178544e-01 6.198010765016626067e-01 3.966741127266630307e-01
6.283296990104070279e-01 6.033655129684508678e-01 0.000000000000000000e+00 6.777507002137168612e-01 7.258199514549472653e-01 8.498248458733643762e-01 5.863700950339730822e-01 5.465732934808535948e-01 6.420894881403811372e-01 5.500405957858169881e-01 2.581211687231104168e-01 7.698712093844051196e-01 5.787863183384271970e-01 5.581471079594608753e-01 6.224241450921323970e-01 4.429115796841593400e-01 8.789608841851301868e-01 3.970407475883191983e-01 4.467313440383330891e-01 4.735359686511873001e-01 2.953809827215547190e-01 7.395317141574044850e-01 6.704891723686190463e-01 4.564815459472552073e-01 8.135692625837690484e-01 3.862373912370675733e-01 7.760170935256138769e-01 1.333895232750603732e-01 4.221908101669782365e-01 5.367629551375978636e-01 4.408490560590488938e-01 4.614422553888456457e-01 6.240415597598720776e-01 7.360849162782479027e-01 4.722200184983801896e-01
5.341982388565331696e-01 5.272910873666259990e-01 6.777507002137168612e-01 0.000000000000000000e+00 4.992961946333635548e-01 5.016713962247739689e-01 3.876350557917979112e-01 8.441031772189094839e-01 9.393057011492482733e-01 7.199656185995377822e-01 8.128725982952351714e-01 9.092659544145953454e-02 6.834656984044427119e-01 7.656515088350202003e-01 7.239555152513726943e-01 1.794514353720395583e-01 4.877536632418089657e-01 8.634122832022995686e-01 6.777375296633272317e-01 7.846796420576321873e-01 8.391509487637937026e-01 4.144512808339175791e-01 4.671399157863050933e-01 7.704714295879685482e-01 3.965313059802628159e-01 4.455712625911920632e-01 5.255443455382837747e-01 4.929040233267851789e-01 7.644553380760712447e-01 6.663153743460570322e-01 7.504421631983810848e-01 5.831325451960863715e-01 6.534147362692349637e-01 2.513682294273366091e-01 8.482613302998808225e-01
4.473781749079446257e-01 3.826770447505088990e-01 7.258199514549472653e-01 4.992961946333635548e-01 0.000000000000000000e+00 6.660482392049571487e-01 5.290708961018473211e-01 4.382790044537762109e-01 8.276730720716027889e-01 1.868405620079776619e-01 1.193921062780437525e-01 2.804271066472826535e-01 7.759064086648899128e-01 4.952448599853049860e-01 9.832659512663279866e-01 3.976102637597763723e-01 3.514333524139875431e-01 4.121358867374526613e-01 5.045562670598009447e-01 2.271241439297131404e-01 8.564517065122507766e-01 3.703674693978906141e-01 3.410578477816440524e-01 5.639282213411502820e-01 5.475877891746989690e-01 7.499848027320465960e-01 6.613749720799074749e-01 4.084971882345009853e-01 1.848828531283626675e-01 6.546525642184727323e-01 3.356849671514138267e-01 8.619189546806620417e-01 7.744020316901281120e-01 6.745058052731331966e-01 6.568447299317807797e-01
3.611972515470013301e-01 4.063875796397032891e-01 8.498248458733643762e-01 5.016713962247739689e-01 6.660482392049571487e-01 0.000000000000000000e+00 4.248396968672046858e-01 6.120681208369656012e-01 2.937920118517934887e-01 4.588631667794584867e-01 8.295674517230546829e-01 4.427106114059644604e-01 7.327629084318711961e-01 5.836411622059627380e-01 3.305591544307162621e-02 8.785281229799259961e-01 3.932451937049586399e-01 3.391644778065557864e-01 8.079470878078209850e-01 6.384147964308801715e-01 7.942464954280002987e-01 4.439747866749698124e-01 8.319945486613014030e-01 7.182046542956952440e-01 5.174320275772722466e-01 5.896142007526392614e-01 6.525216579435477726e-01 8.247398441630943156e-01 5.989383710067111011e-01 3.908232476326307658e-01 7.886234947790964345e-01 9.585808927377303945e-01 4.962107767817383608e-01 6.960070298979641468e-01 3.243676913485897817e-01
4.848799204238657401e-01 7.567110503141181166e-01 5.863700950339730822e-01 3.876350557917979112e-01 5.290708961018473211e-01 4.248396968672046858e-01 0.000000000000000000e+00 3.171059424951991890e-01 1.944802296672147879e-01 5.004878768483207452e-01 4.538921714046343370e-01 8.063528550072628365e-01 7.822516801659482599e-01 7.706752099733630290e-01 5.051513539789473928e-01 8.488490609239113249e-01 7.080587370008970538e-01 3.985098224789299093e-01 5.250072342506910683e-01 6.894285760162308652e-01 2.233146149479050546e-01 7.727739344343035333e-01 8.349474240243546230e-01 1.769360799703434406e-02 6.592626746033650731e-01 5.203095556656942566e-01 7.141752706023409836e-01 3.416026581517371263e-01 4.659885528959460954e-01 5.975810111093007304e-01 3.393477650884588748e-01 8.737204478624851500e-01 7.970434396140578803e-01 2.880201998768658900e-01 5.420376716769383929e-01
4.685908557501043403e-01 6.537836632376700097e-01 5.465732934808535948e-01 8.441031772189094839e-01 4.382790044537762109e-01 6.120681208369656012e-01 3.171059424951991890e-01 0.000000000000000000e+00 5.176614021570407065e-01 5.409124479487050774e-01 4.609964185716390883e-01 6.330526689801324602e-01 5.252091261130611421e-01 3.246314461331492596e-01 4.812451624585935561e-01 4.300727552798465636e-01 9.330077951423512150e-01 7.756474982807438634e-01 4.402263541238325417e-01 4.313102878182782374e-01 1.380327923835014126e-01 6.920688517236166515e-01 8.129167401464741927e-01 6.096449069592915215e-01 5.184613271622753317e-01 7.507397561415140030e-01 4.793018779613926195e-01 6.962514717313937895e-01 7.029625039578497603e-01 7.592307268155005229e-01 7.538063241853317775e-01 8.022670017786747154e-01 7.035596535226684711e-01 8.871394124792479907e-01 6.128046202948139731e-01
2.872524216619978255e-01 6.033359126070485523e-01 6.420894881403811372e-01 9.393057011492482733e-01 8.276730720716027889e-01 2.937920118517934887e-01 1.944802296672147879e-01 5.176614021570407065e-01 0.000000000000000000e+00 7.185084814490965144e-01 1.590998825255290905e-01 6.966731705850205403e-01 4.950138712751286918e-01 5.603184398043672410e-01 4.440717398325570442e-01 5.618463606686422418e-01 4.952134090763788410e-01 7.879549729589365725e-01 6.365759316845619464e-01 7.645778209401336012e-01 5.429919145069934672e-01 3.607557343532595828e-01 9.258083612024690101e-01 6.753221601482228831e-01 1.375043903514080457e-01 1.622839857708059386e-01 7.670410581444669917e-01 7.923035966064293500e-01 6.768383801415305268e-01 7.429149004503852183e-01 7.700303403636159505e-01 4.306861879503390278e-01 6.683120321457235447e-01 1.397882524910820656e-01 1.110346407431787030e-01
4.390181053898534191e-01 8.678891471188168172e-01 5.500405957858169881e-01 7.199656185995377822e-01 1.868405620079776619e-01 4.588631667794584867e-01 5.004878768483207452e-01 5.409124479487050774e-01 7.185084814490965144e-01 0.000000000000000000e+00 9.819023065585610333e-01 1.067700566689837594e-01 4.472641625173950364e-01 8.725111831242458038e-01 5.003372135500147033e-01 4.204640705798320388e-01 4.564799947297864535e-01 4.261505561666213970e-01 1.981453725662261078e-01 6.132018501562184198e-01 5.773893028921515125e-01 4.680151848276741244e-01 7.652354284716181843e-01 3.920968439302239261e-01 8.241325622528772321e-02 8.804907387799252305e-01 1.597583937251449981e-01 4.537761933557356020e-01 5.111742410644890544e-01 4.731964509112357442e-01 9.732702856962738291e-02 7.532396535204477495e-01 5.720088847238462559e-01 4.389782813070701173e-01 3.132904364018522236e-01
4.905257677309430298e-01 7.540822665402977520e-01 2.581211687231104168e-01 8.128725982952351714e-01 1.193921062780437525e-01 8.295674517230546829e-01 4.538921714046343370e-01 4.609964185716390883e-01 1.590998825255290905e-01 9.819023065585610333e-01 0.000000000000000000e+00 3.487108990509421580e-01 5.926830269902455539e-01 5.126142012321137642e-01 5.940236761996229298e-01 5.433842999188263079e-01 4.262467350239451669e-01 7.573970925192952119e-01 6.376318282357575917e-01 6.970301822133109226e-01 7.428991189294309461e-01 1.247803601859635014e-01 3.851288056889202727e-01 3.100025801705768025e-01 5.713640761549834135e-01 6.352002434952451759e-01 1.949773926504307919e-01 2.984628387139883765e-01 7.173072935232072123e-01 4.842339625744334075e-01 8.065681154185515567e-01 2.070909466073596883e-01 8.578410608327988740e-01 4.820547826341580189e-01 5.658556637279926749e-01
8.136932892814525697e-01 8.263468369791160395e-01 7.698712093844051196e-01 9.092659544145953454e-02 2.804271066472826535e-01 4.427106114059644604e-01 8.063528550072628365e-01 6.330526689801324602e-01 6.966731705850205403e-01 1.067700566689837594e-01 3.487108990509421580e-01 0.000000000000000000e+00 3.540003636380533725e-01 7.900395914805093955e-01 5.897853253064671009e-01 3.923165841693840861e-01 2.832478180755544916e-01 7.632868249554876083e-01 6.753983608169512598e-01 9.022181139789317017e-01 4.083463203510638850e-01 6.415648176188561980e-01 7.382134698937237172e-01 6.990047237804131175e-02 8.463669804064513080e-01 3.299782013294975669e-01 4.465605636807660206e-01 8.501291952596130574e-01 6.426873292883545918e-01 4.572990641348922969e-01 3.127734179400003534e-01 6.698712929131207527e-01 5.845860285867153783e-01 4.761126113179667274e-01 9.338141508122412837e-01
4.991382158737048269e-01 4.418953528356759364e-01 5.787863183384271970e-01 6.834656984044427119e-01 7.759064086648899128e-01 7.327629084318711961e-01 7.822516801659482599e-01 5.252091261130611421e-01 4.950138712751286918e-01 4.472641625173950364e-01 5.926830269902455539e-01 3.540003636380533725e-01 0.000000000000000000e+00 6.032754109782048069e-01 2.729231714554538057e-01 4.832176972787343150e-01 7.273942161500197567e-01 4.660770983091359065e-01 5.673827682013030671e-01 7.521232944361164741e-01 5.622131761663590188e-01 7.346803819661684720e-01 8.172101785658631989e-01 4.950604814976995449e-01 9.187139014299714468e-01 9.671669094035098002e-01 7.033536983705908074e-01 6.925770020721500053e-01 7.672453232895499742e-01 8.848617996258862917e-01 4.466503949818851904e-01 8.715528493225537243e-01 4.525727747038881255e-01 6.965592067255044206e-02 8.218190514011270986e-01
6.663015569578076835e-01 5.273550241136607530e-01 5.581471079594608753e-01 7.656515088350202003e-01 4.952448599853049860e-01 5.836411622059627380e-01 7.706752099733630290e-01 3.246314461331492596e-01 5.603184398043672410e-01 8.725111831242458038e-01 5.126142012321137642e-01 7.900395914805093955e-01 6.032754109782048069e-01 0.000000000000000000e+00 8.190844653862040525e-01 5.869948302152643294e-01 3.670184422058472840e-01 5.224892789297088669e-01 8.101568269208612172e-01 5.217181567458366587e-01 8.472122763713478832e-01 6.966265558940651914e-01 2.786945998023128146e-01 4.926357105312901830e-01 7.067795435516163183e-01 7.072812198767733927e-01 3.555480612535494300e-01 6.217713011869105966e-01 3.578491929241113256e-01 6.765438958958153171e-01 3.657148429169367332e-01 5.610587076421653663e-01 9.342583036782003969e-02 4.110891909176658254e-01 2.319369571253739881e-01
7.679973407424089960e-01 2.259252285288295692e-01 6.224241450921323970e-01 7.239555152513726943e-01 9.832659512663279866e-01 3.305591544307162621e-02 5.051513539789473928e-01 4.812451624585935561e-01 4.440717398325570442e-01 5.003372135500147033e-01 5.940236761996229298e-01 5.897853253064671009e-01 2.729231714554538057e-01 8.190844653862040525e-01 0.000000000000000000e+00 3.059116691146285261e-01 7.134713875037128616e-01 7.405006462668425327e-01 7.222615166722020641e-01 6.521590834991818353e-01 1.246319975441746442e-01 5.097961178055777642e-01 5.471595868396021967e-01 8.762916421852452453e-01 1.503360759861501750e-01 6.591853071604203418e-01 4.033748272497464371e-01 6.270776432521567578e-01 3.069778840432431655e-01 8.760392525976972156e-01 6.109889320257140266e-01 5.910224935619275977e-01 7.527742745657188816e-01 4.963117354927890079e-01 5.903388279261474469e-01
8.922861585464472167e-01 7.082876529448998149e-01 4.429115796841593400e-01 1.794514353720395583e-01 3.976102637597763723e-01 8.785281229799259961e-01 8.488490609239113249e-01 4.300727552798465636e-01 5.618463606686422418e-01 4.204640705798320388e-01 5.433842999188263079e-01 3.923165841693840861e-01 4.832176972787343150e-01 5.869948302152643294e-01 3.059116691146285261e-01 0.000000000000000000e+00 9.408889281908024982e-01 4.996870195903416745e-01 9.337481827035631898e-01 5.017532338889231225e-01 6.235840171182287506e-01 4.840863171173215851e-01 7.426261671112851515e-01 8.412610651808558604e-01 4.127866045892785163e-01 6.994588156181051897e-01 4.352551983994756846e-01 2.045204367837279436e-01 3.920657383080889402e-01 3.058323231163043721e-01 8.539143952659039583e-01 7.601749782647061471e-01 6.890778299804396489e-01 8.047445280973846149e-01 8.140079679477951746e-01
7.552376381699038577e-01 7.935797255519225768e-01 8.789608841851301868e-01 4.877536632418089657e-01 3.514333524139875431e-01 3.932451937049586399e-01 7.080587370008970538e-01 9.330077951423512150e-01 4.952134090763788410e-01 4.564799947297864535e-01 4.262467350239451669e-01 2.832478180755544916e-01 7.273942161500197567e-01 3.670184422058472840e-01 7.134713875037128616e-01 9.408889281908024982e-01 0.000000000000000000e+00 5.102388556929603469e-01 7.412782596371748634e-01 1.373126185714135250e-01 5.057721470609835013e-01 3.681053313812781558e-01 7.512218484533779161e-01 7.237519531513253446e-01 3.034260143607221960e-01 7.957986241198898858e-01 8.645052099629761955e-01 5.070515530457405662e-01 8.981066161496460420e-01 4.865023669110762894e-01 3.624704707557944161e-01 8.144982039281569719e-01 6.513915665940541722e-01 5.389138947943764579e-01 7.837643400185437814e-01
3.869363633050034168e-01 2.603984523469957124e-01 3.970407475883191983e-01 8.634122832022995686e-01 4.121358867374526613e-01 3.391644778065557864e-01 3.985098224789299093e-01 7.756474982807438634e-01 7.879549729589365725e-01 4.261505561666213970e-01 7.573970925192952119e-01 7.632868249554876083e-01 4.660770983091359065e-01 5.224892789297088669e-01 7.405006462668425327e-01 4.996870195903416745e-01 5.102388556929603469e-01 0.000000000000000000e+00 5.459704838968542084e-01 4.060612746874482371e-01 6.416341604115917141e-01 5.655122813387604142e-01 4.077361074614981318e-01 6.285918496154474511e-01 5.110310722664904715e-01 1.246731207806645036e-01 5.195710850660957281e-01 1.312425319878353092e-01 6.551687601229064795e-01 5.719223594644538000e-01 8.376928893075185067e-01 7.411821226098385118e-01 1.307887513479822905e-01 3.722174019007177259e-01 8.612342125186587261e-01
3.495621422373628162e-01 5.190273880003312135e-01 4.467313440383330891e-01 6.777375296633272317e-01 5.045562670598009447e-01 8.079470878078209850e-01 5.250072342506910683e-01 4.402263541238325417e-01 6.365759316845619464e-01 1.981453725662261078e-01 6.376318282357575917e-01 6.753983608169512598e-01 5.673827682013030671e-01 8.101568269208612172e-01 7.222615166722020641e-01 9.337481827035631898e-01 7.412782596371748634e-01 5.459704838968542084e-01 0.000000000000000000e+00 7.675402152331581851e-01 4.713122839244576756e-01 6.011570836467187151e-01 2.868687065486443810e-01 3.672467527703697221e-01 5.398560968439581886e-01 5.980195602984539338e-01 4.353453540482380979e-01 5.184169899754939026e-01 4.506694723273267922e-01 4.127179136834417950e-01 6.315231154125994228e-01 2.667055745224528596e-01 4.856396402938855661e-01 8.245168497532351370e-02 6.283876744375320733e-01
4.327451396011576246e-01 9.441285830995835848e-01 4.735359686511873001e-01 7.846796420576321873e-01 2.271241439297131404e-01 6.384147964308801715e-01 6.894285760162308652e-01 4.313102878182782374e-01 7.645778209401336012e-01 6.132018501562184198e-01 6.970301822133109226e-01 9.022181139789317017e-01 7.521232944361164741e-01 5.217181567458366587e-01 6.521590834991818353e-01 5.017532338889231225e-01 1.373126185714135250e-01 4.060612746874482371e-01 7.675402152331581851e-01 0.000000000000000000e+00 8.126415613619215605e-01 4.314308715179263065e-01 3.563655348090100095e-01 5.328450156551794992e-01 8.291831821505533107e-01 7.780016743413238345e-01 4.419037499674266511e-01 3.775965042663496085e-01 1.988429875429378324e-01 6.001138274713215814e-01 2.491187220556507764e-01 6.133147609195643835e-01 4.827429030431116819e-01 5.616126776860559389e-01 6.584496505248615961e-02
7.106531262932113124e-01 6.401234428076911787e-01 2.953809827215547190e-01 8.391509487637937026e-01 8.564517065122507766e-01 7.942464954280002987e-01 2.233146149479050546e-01 1.380327923835014126e-01 5.429919145069934672e-01 5.773893028921515125e-01 7.428991189294309461e-01 4.083463203510638850e-01 5.622131761663590188e-01 8.472122763713478832e-01 1.246319975441746442e-01 6.235840171182287506e-01 5.057721470609835013e-01 6.416341604115917141e-01 4.713122839244576756e-01 8.126415613619215605e-01 0.000000000000000000e+00 5.778934557640571512e-01 8.790090990673519178e-01 4.014679409180130221e-01 5.827581678074762461e-01 8.788895891052993514e-01 8.446859841349909637e-01 4.251115143108342154e-01 3.442017073470149957e-01 3.904866327191610642e-01 7.572149426323340204e-01 6.111210631800177984e-01 5.340742402305429515e-01 6.603861962124971674e-01 4.848292332827122131e-01
4.267480850660810288e-01 8.957862389374724454e-01 7.395317141574044850e-01 4.144512808339175791e-01 3.703674693978906141e-01 4.439747866749698124e-01 7.727739344343035333e-01 6.920688517236166515e-01 3.607557343532595828e-01 4.680151848276741244e-01 1.247803601859635014e-01 6.415648176188561980e-01 7.346803819661684720e-01 6.966265558940651914e-01 5.097961178055777642e-01 4.840863171173215851e-01 3.681053313812781558e-01 5.655122813387604142e-01 6.011570836467187151e-01 4.314308715179263065e-01 5.778934557640571512e-01 0.000000000000000000e+00 8.257420059156650449e-01 3.671252566800874417e-01 7.005035686857813415e-01 6.709292040179015704e-01 3.812986978326580179e-01 2.263197349620644783e-01 2.071926317567861497e-01 5.211963875508988098e-01 1.350836499801780777e-01 7.518412900578621549e-01 2.605708405755404744e-01 6.397747058853495705e-01 7.443776243867417097e-01
8.376490316239310063e-01 7.722442795697483930e-01 6.704891723686190463e-01 4.671399157863050933e-01 3.410578477816440524e-01 8.319945486613014030e-01 8.349474240243546230e-01 8.129167401464741927e-01 9.258083612024690101e-01 7.652354284716181843e-01 3.851288056889202727e-01 7.382134698937237172e-01 8.172101785658631989e-01 2.786945998023128146e-01 5.471595868396021967e-01 7.426261671112851515e-01 7.512218484533779161e-01 4.077361074614981318e-01 2.868687065486443810e-01 3.563655348090100095e-01 8.790090990673519178e-01 8.257420059156650449e-01 0.000000000000000000e+00 4.685155625899719567e-01 5.179224043997303628e-01 4.598306007608631840e-01 5.199693096744932852e-01 6.345447826114399836e-01 6.140642261987818706e-01 3.495418902849848353e-01 4.785610967489544731e-01 5.668887699204125941e-01 9.307095035089245627e-01 8.136581749441682554e-01 1.320903448666287394e-01
4.965241552432323457e-01 4.759335749027840956e-01 4.564815459472552073e-01 7.704714295879685482e-01 5.639282213411502820e-01 7.182046542956952440e-01 1.769360799703434406e-02 6.096449069592915215e-01 6.753221601482228831e-01 3.920968439302239261e-01 3.100025801705768025e-01 6.990047237804131175e-02 4.950604814976995449e-01 4.926357105312901830e-01 8.762916421852452453e-01 8.412610651808558604e-01 7.237519531513253446e-01 6.285918496154474511e-01 3.672467527703697221e-01 5.328450156551794992e-01 4.014679409180130221e-01 3.671252566800874417e-01 4.685155625899719567e-01 0.000000000000000000e+00 3.255291344139016885e-01 5.673619229497455230e-01 2.221598968555069664e-01 7.937680131927422611e-01 5.421875775440676559e-02 5.922792176449453994e-02 3.738937821886938462e-01 3.784656009503508667e-01 1.174040949647395804e-01 4.491622930724114560e-01 6.479778293877369588e-01
8.538306645924735871e-01 3.917110147251884333e-01 8.135692625837690484e-01 3.965313059802628159e-01 5.475877891746989690e-01 5.174320275772722466e-01 6.592626746033650731e-01 5.184613271622753317e-01 1.375043903514080457e-01 8.241325622528772321e-02 5.713640761549834135e-01 8.463669804064513080e-01 9.187139014299714468e-01 7.067795435516163183e-01 1.503360759861501750e-01 4.127866045892785163e-01 3.034260143607221960e-01 5.110310722664904715e-01 5.398560968439581886e-01 8.291831821505533107e-01 5.827581678074762461e-01 7.005035686857813415e-01 5.179224043997303628e-01 3.255291344139016885e-01 0.000000000000000000e+00 7.333276536120663103e-01 8.921641795784984730e-02 3.672184965192460404e-01 6.357781962705784107e-01 2.390412174480324170e-01 5.486768246427847773e-01 1.357457750020873988e-01 4.536291874178370320e-01 1.419254525969525504e-01 3.279918936010401964e-01
6.440524912304270710e-01 6.307119223925012896e-01 3.862373912370675733e-01 4.455712625911920632e-01 7.499848027320465960e-01 5.896142007526392614e-01 5.203095556656942566e-01 7.507397561415140030e-01 1.622839857708059386e-01 8.804907387799252305e-01 6.352002434952451759e-01 3.299782013294975669e-01 9.671669094035098002e-01 7.072812198767733927e-01 6.591853071604203418e-01 6.994588156181051897e-01 7.957986241198898858e-01 1.246731207806645036e-01 5.980195602984539338e-01 7.780016743413238345e-01 8.788895891052993514e-01 6.709292040179015704e-01 4.598306007608631840e-01 5.673619229497455230e-01 7.333276536120663103e-01 0.000000000000000000e+00 6.744392134653223181e-01 4.849299365629546887e-01 5.432264028233950715e-01 8.230305247713112227e-01 1.906275246375614962e-01 5.243115139447512840e-01 7.235532568156316513e-01 8.977815317073105650e-01 4.032117762289411655e-01
6.108013401798779718e-01 6.033058110566302812e-01 7.760170935256138769e-01 5.255443455382837747e-01 6.613749720799074749e-01 6.525216579435477726e-01 7.141752706023409836e-01 4.793018779613926195e-01 7.670410581444669917e-01 1.597583937251449981e-01 1.949773926504307919e-01 4.465605636807660206e-01 7.033536983705908074e-01 3.555480612535494300e-01 4.033748272497464371e-01 4.352551983994756846e-01 8.645052099629761955e-01 5.195710850660957281e-01 4.353453540482380979e-01 4.419037499674266511e-01 8.446859841349909637e-01 3.812986978326580179e-01 5.199693096744932852e-01 2.221598968555069664e-01 8.921641795784984730e-02 6.744392134653223181e-01 0.000000000000000000e+00 5.360141229307266997e-01 5.849522783226914768e-01 1.939976879794830245e-01 6.274568243331808404e-01 8.438576589209390022e-02 7.526316597979492151e-01 6.936427566385665600e-01 7.504418889450950036e-01
5.858648857108823549e-01 7.007677900613726862e-01 1.333895232750603732e-01 4.929040233267851789e-01 4.084971882345009853e-01 8.247398441630943156e-01 3.416026581517371263e-01 6.962514717313937895e-01 7.923035966064293500e-01 4.537761933557356020e-01 2.984628387139883765e-01 8.501291952596130574e-01 6.925770020721500053e-01 6.217713011869105966e-01 6.270776432521567578e-01 2.045204367837279436e-01 5.070515530457405662e-01 1.312425319878353092e-01 5.184169899754939026e-01 3.775965042663496085e-01 4.251115143108342154e-01 2.263197349620644783e-01 6.345447826114399836e-01 7.937680131927422611e-01 3.672184965192460404e-01 4.849299365629546887e-01 5.360141229307266997e-01 0.000000000000000000e+00 1.942819105868336393e-01 2.343721050702061159e-01 4.014182540246753472e-01 4.020684216681935097e-01 8.007971264231064090e-01 9.452097863436312863e-01 5.844064466817984194e-01
2.848282165973984870e-01 6.309667064019051086e-01 4.221908101669782365e-01 7.644553380760712447e-01 1.848828531283626675e-01 5.989383710067111011e-01 4.659885528959460954e-01 7.029625039578497603e-01 6.768383801415305268e-01 5.111742410644890544e-01 7.173072935232072123e-01 6.426873292883545918e-01 7.672453232895499742e-01 3.578491929241113256e-01 3.069778840432431655e-01 3.920657383080889402e-01 8.981066161496460420e-01 6.551687601229064795e-01 4.506694723273267922e-01 1.988429875429378324e-01 3.442017073470149957e-01 2.071926317567861497e-01 6.140642261987818706e-01 5.421875775440676559e-02 6.357781962705784107e-01 5.432264028233950715e-01 5.849522783226914768e-01 1.942819105868336393e-01 0.000000000000000000e+00 1.100581925649626314e-01 2.625848584671579555e-01 7.572201541826044657e-01 8.324091313480210808e-01 2.378915484273884662e-01 6.858331557502621578e-01
5.789015269384850670e-01 1.852114277853434410e-01 5.367629551375978636e-01 6.663153743460570322e-01 6.546525642184727323e-01 3.908232476326307658e-01 5.975810111093007304e-01 7.592307268155005229e-01 7.429149004503852183e-01 4.731964509112357442e-01 4.842339625744334075e-01 4.572990641348922969e-01 8.848617996258862917e-01 6.765438958958153171e-01 8.760392525976972156e-01 3.058323231163043721e-01 4.865023669110762894e-01 5.719223594644538000e-01 4.127179136834417950e-01 6.001138274713215814e-01 3.904866327191610642e-01 5.211963875508988098e-01 3.495418902849848353e-01 5.922792176449453994e-02 2.390412174480324170e-01 8.230305247713112227e-01 1.939976879794830245e-01 2.343721050702061159e-01 1.100581925649626314e-01 0.000000000000000000e+00 2.861408799881022258e-01 6.854580576450943763e-01 4.764983704295023270e-01 8.401353866943217508e-02 4.529267848635800675e-01
7.176247055302817923e-01 3.751299814567098934e-01 4.408490560590488938e-01 7.504421631983810848e-01 3.356849671514138267e-01 7.886234947790964345e-01 3.393477650884588748e-01 7.538063241853317775e-01 7.700303403636159505e-01 9.732702856962738291e-02 8.065681154185515567e-01 3.127734179400003534e-01 4.466503949818851904e-01 3.657148429169367332e-01 6.109889320257140266e-01 8.539143952659039583e-01 3.624704707557944161e-01 8.376928893075185067e-01 6.315231154125994228e-01 2.491187220556507764e-01 7.572149426323340204e-01 1.350836499801780777e-01 4.785610967489544731e-01 3.738937821886938462e-01 5.486768246427847773e-01 1.906275246375614962e-01 6.274568243331808404e-01 4.014182540246753472e-01 2.625848584671579555e-01 2.861408799881022258e-01 0.000000000000000000e+00 5.003833604216367803e-01 4.287823148552794006e-01 7.162074904174329237e-01 5.116331553247529529e-01
5.163828614407193207e-01 5.098485511949337745e-01 4.614422553888456457e-01 5.831325451960863715e-01 8.619189546806620417e-01 9.585808927377303945e-01 8.737204478624851500e-01 8.022670017786747154e-01 4.306861879503390278e-01 7.532396535204477495e-01 2.070909466073596883e-01 6.698712929131207527e-01 8.715528493225537243e-01 5.610587076421653663e-01 5.910224935619275977e-01 7.601749782647061471e-01 8.144982039281569719e-01 7.411821226098385118e-01 2.667055745224528596e-01 6.133147609195643835e-01 6.111210631800177984e-01 7.518412900578621549e-01 5.668887699204125941e-01 3.784656009503508667e-01 1.357457750020873988e-01 5.243115139447512840e-01 8.438576589209390022e-02 4.020684216681935097e-01 7.572201541826044657e-01 6.854580576450943763e-01 5.003833604216367803e-01 0.000000000000000000e+00 5.229870284883647580e-01 5.219104646087979749e-01 1.877078015490417640e-01
7.592628322734729096e-01 7.937262149508178544e-01 6.240415597598720776e-01 6.534147362692349637e-01 7.744020316901281120e-01 4.962107767817383608e-01 7.970434396140578803e-01 7.035596535226684711e-01 6.683120321457235447e-01 5.720088847238462559e-01 8.578410608327988740e-01 5.845860285867153783e-01 4.525727747038881255e-01 9.342583036782003969e-02 7.527742745657188816e-01 6.890778299804396489e-01 6.513915665940541722e-01 1.307887513479822905e-01 4.856396402938855661e-01 4.827429030431116819e-01 5.340742402305429515e-01 2.605708405755404744e-01 9.307095035089245627e-01 1.174040949647395804e-01 4.536291874178370320e-01 7.235532568156316513e-01 7.526316597979492151e-01 8.007971264231064090e-01 8.324091313480210808e-01 4.764983704295023270e-01 4.287823148552794006e-01 5.229870284883647580e-01 0.000000000000000000e+00 6.072612909879022691e-01 7.815547386201474600e-01
8.375985925582781766e-01 6.198010765016626067e-01 7.360849162782479027e-01 2.513682294273366091e-01 6.745058052731331966e-01 6.960070298979641468e-01 2.880201998768658900e-01 8.871394124792479907e-01 1.397882524910820656e-01 4.389782813070701173e-01 4.820547826341580189e-01 4.761126113179667274e-01 6.965592067255044206e-02 4.110891909176658254e-01 4.963117354927890079e-01 8.047445280973846149e-01 5.389138947943764579e-01 3.722174019007177259e-01 8.245168497532351370e-02 5.616126776860559389e-01 6.603861962124971674e-01 6.397747058853495705e-01 8.136581749441682554e-01 4.491622930724114560e-01 1.419254525969525504e-01 8.977815317073105650e-01 6.936427566385665600e-01 9.452097863436312863e-01 2.378915484273884662e-01 8.401353866943217508e-02 7.162074904174329237e-01 5.219104646087979749e-01 6.072612909879022691e-01 0.000000000000000000e+00 4.666628989430575691e-01
4.899002330923646897e-01 3.966741127266630307e-01 4.722200184983801896e-01 8.482613302998808225e-01 6.568447299317807797e-01 3.243676913485897817e-01 5.420376716769383929e-01 6.128046202948139731e-01 1.110346407431787030e-01 3.132904364018522236e-01 5.658556637279926749e-01 9.338141508122412837e-01 8.218190514011270986e-01 2.319369571253739881e-01 5.903388279261474469e-01 8.140079679477951746e-01 7.837643400185437814e-01 8.612342125186587261e-01 6.283876744375320733e-01 6.584496505248615961e-02 4.848292332827122131e-01 7.443776243867417097e-01 1.320903448666287394e-01 6.479778293877369588e-01 3.279918936010401964e-01 4.032117762289411655e-01 7.504418889450950036e-01 5.844064466817984194e-01 6.858331557502621578e-01 4.529267848635800675e-01 5.116331553247529529e-01 1.877078015490417640e-01 7.815547386201474600e-01 4.666628989430575691e-01 0.000000000000000000e+00
