0.000000000000000000e+00 6.548805456815307569e-01 8.066224551000749088e-01 3.564663685032603557e-01 5.223455414133222341e-01 4.760576351215156099e-01 4.782930442072851895e-01 5.552287499849042351e-01 3.214418038592968818e-01 3.998812844312734649e-01 4.422719327446747450e-01 4.260303057919936354e-01 3.082266344055654139e-01 4.227539212713922190e-01 4.791212391313193208e-02 6.635237556544855142e-01 2.765406491566411162e-01 8.214388685007821822e-01 5.002778979127961989e-01 7.992810926804587712e-01 7.315881842459497353e-01 2.602517413728852036e-01 5.531771618250775902e-01 3.074432573637368993e-01 8.204787304572646045e-01 8.221490485034872453e-01 8.375967067970799818e-01 8.410631587581480773e-01 6.627272239594841352e-01 8.129782836208798713e-01 4.753872312805386136e-01 4.662593147353747969e-01 6.155192046555238994e-01 7.809761945541539019e-01 2.757331678998947710e-01
6.548805456815307569e-01 0.000000000000000000e+00 5.806345883525800833e-01 5.806152873890535471e-02 5.685372211538812781e-01 5.663329744043498204e-01 6.001788880123316572e-01 8.413481695012939854e-01 4.218998927630951967e-01 6.731871320092800426e-01 2.158074391675485759e-01 4.692830209443963341e-01 3.657701821666559105e-01 6.988546336861951591e-01 6.085515954504958636e-01 3.989800400976755146e-01 6.606181069710140852e-01 8.663509102475126511e-01 4.937619963012841451e-01 6.256129684317652817e-01 6.336168581671406397e-01 5.458146837756239211e-01 5.472169479421509219e-01 5.631459173111996730e-02 4.456275492354188628e-01 5.218441890644784920e-01 4.370787105977697595e-01 9.376566032290749586e-01 8.982667726352464577e-01 4.973629632308667614e-01 4.867551599576723786e-01 9.057855731721602410e-01 5.927622532650635989e-01 3.561658519029551329e-01 8.385987878967497977e-01
8.066224551000749088e-01 5.806345883525800833e-01 0.000000000000000000e+00 6.538119577722805165e-01 5.634236236089170680e-01 2.158576815640300683e-01 8.894608574692479674e-01 8.226149629354115866e-01 4.645357033057305740e-01 4.826415195952001858e-01 7.241471367964663619e-01 4.464368548236787304e-01 7.626615842367605591e-01 3.423205759833719553e-01 1.946570496513360116e-01 3.636553509114082705e-01 6.470080111001816903e-01 7.302025939977585534e-01 2.260290232621621209e-01 7.941125219634609378e-01 8.324399771987986973e-01 3.755606486730193039e-01 5.400381314498388097e-01 5.839778439378615627e-01 2.230651581221947399e-01 4.012270627936664891e-01 8.336788512677858476e-01 8.814626802518873427e-01 6.571024429390814880e-01 6.414370091979798572e-01 3.751503692512594412e-01 8.286487234407919900e-01 5.642245350394611281e-01 8.074915486415648047e-01 3.548457633956130786e-01
3.564663685032603557e-01 5.806152873890535471e-02 6.538119577722805165e-01 0.000000000000000000e+00 5.786097332717652364e-01 8.741696105673690820e-01 2.513718730951395308e-01 4.603842031999801354e-01 3.019116659736460484e-01 7.586047423844894944e-01 7.503858281058045643e-01 3.427374726194754029e-02 8.579846111278264242e-01 7.537602310552555807e-01 3.996261180121714052e-01 5.443061676502176649e-01 4.960418435498912260e-01 4.896874504327748401e-01 3.592787657876967411e-01 7.917759901232034325e-01 8.056213245442360726e-01 5.982755101735810488e-01 9.045120324344937401e-01 9.003753321424363687e-01 3.435579451265348139e-01 5.959063703705298476e-01 2.993632886852978237e-01 4.447365636369554065e-01 6.858598168961331787e-01 1.313078134733383084e-01 9.116968110035070794e-01 6.840140286684255333e-01 7.514531573103940820e-01 5.123312768829042518e-01 4.689850530100290738e-01
5.223455414133222341e-01 5.685372211538812781e-01 5.634236236089170680e-01 5.786097332717652364e-01 0.000000000000000000e+00 9.003069356875951224e-01 3.287476119829148558e-01 7.236321548757087552e-01 5.771767616366012543e-01 4.512001807757981542e-01 7.836113011967531516e-01 6.862789415984292818e-01 6.388362057408176753e-01 4.027167483671442172e-01 5.089220760227621820e-01 6.348393137148354848e-01 2.186368536097729187e-01 5.573070339059038592e-01 6.704143706195826447e-01 6.791801910590464786e-01 6.432229193643600462e-01 6.313587606347301762e-01 7.256756142722916580e-01 6.250114977812565309e-01 5.126490774470807699e-01 4.408830899920918589e-01 7.821544622039191541e-01 8.204198416174088848e-01 8.107956477226920811e-01 4.245394235075984901e-01 4.027528907296721306e-01 3.542128667341055692e-01 8.920825043404789767e-01 3.531248716440993918e-01 1.435956382653620911e-01
4.760576351215156099e-01 5.663329744043498204e-01 2.158576815640300683e-01 8.741696105673690820e-01 9.003069356875951224e-01 0.000000000000000000e+00 3.574383442028205016e-01 5.828723710922416590e-01 7.021662263947823224e-01 7.764846660865983852e-01 4.392918816149441463e-01 4.701259496179673869e-01 9.122704119204270157e-01 2.213418650058440740e-01 5.676127587872972224e-01 7.464706369109304074e-01 7.442247134439357037e-01 9.117157896603941269e-01 4.900288847719522778e-01 8.027552146252576737e-01 5.259087827251252012e-01 4.624939839369768824e-01 6.394491767366166091e-01 3.534746773143518928e-01 3.732537265903913548e-01 6.008243057014901467e-01 5.642662058664044133e-01 5.594894160587371434e-01 3.995001644648520367e-01 3.243705353234551669e-01 4.380918993051681198e-01 8.332105094748327723e-01 5.418670691691351848e-01 7.097008008496964448e-01 1.886846514996107227e-01
4.782930442072851895e-01 6.001788880123316572e-01 8.894608574692479674e-01 2.513718730951395308e-01 3.287476119829148558e-01 3.574383442028205016e-01 0.000000000000000000e+00 2.499150359239900865e-01 7.091241381666177901e-01 3.393226101272501793e-01 6.145211679899841295e-01 6.319624010523764435e-01 5.923367671168829895e-01 2.276923795023600983e-01 6.581917024279937412e-01 8.243960574768267602e-01 5.931408899706835935e-01 5.879893994403737612e-01 5.321054247477494670e-01 2.913609782605378618e-01 3.524095782251082110e-01 7.265564867583580444e-01 6.828750713715161513e-01 9.445410891985350776e-02 7.571832365590472902e-01 5.089559578019935415e-01 5.333560217136650294e-01 8.652113140581190187e-01 7.660472865360951067e-01 2.475039613715190323e-01 8.701688357869823420e-01 5.460983813713271573e-01 9.360188984381681010e-01 5.696951379406050009e-01 8.560873672872244544e-01
5.552287499849042351e-01 8.413481695012939854e-01 8.226149629354115866e-01 4.603842031999801354e-01 7.236321548757087552e-01 5.828723710922416590e-01 2.499150359239900865e-01 0.000000000000000000e+00 7.975772575814594756e-01 7.424224420284615267e-01 6.199904680684351632e-01 3.852828471563246593e-01 4.194381668812887654e-01 7.760503377935343838e-01 7.540489695589708274e-01 8.013537691145147246e-01 6.515739158248958773e-01 2.190382502561696310e-01 7.288512410080489889e-01 2.227225227309688194e-01 5.549572045627213512e-01 4.394529616960982654e-01 3.066272087701246152e-01 4.618451082058977475e-01 3.063156575726758146e-01 6.987253834133119179e-01 4.122597258123203434e-01 6.611515420918696595e-01 4.488130904352624073e-01 7.577538160225213426e-01 6.939604048534373515e-01 5.461595603993453230e-01 4.134220981814887841e-01 3.102794152734626998e-01 1.608001665310376804e-01
3.214418038592968818e-01 4.218998927630951967e-01 4.645357033057305740e-01 3.019116659736460484e-01 5.771767616366012543e-01 7.021662263947823224e-01 7.091241381666177901e-01 7.975772575814594756e-01 0.000000000000000000e+00 5.275150645783862613e-01 8.423439445649497648e-01 4.476898035321781877e-01 2.705903995304679288e-01 5.279364847491798685e-01 8.070381883952826296e-01 1.481856363013600575e-02 4.714499267825099649e-01 9.219803891730016243e-02 8.035847038537916598e-01 4.518781659341691292e-01 4.481215074575056745e-01 5.588194828650780988e-01 9.428892108206778921e-01 2.287599064651331116e-01 5.602627421405358410e-01 4.578101921737096625e-01 7.335941433269648204e-01 6.770480364203997903e-01 2.907468632435309397e-01 4.166508262275125940e-01 9.147308702386198753e-01 5.249812346706368427e-01 1.912650953789135633e-01 4.105459676825835569e-01 9.189243368263929623e-01
3.998812844312734649e-01 6.731871320092800426e-01 4.826415195952001858e-01 7.586047423844894944e-01 4.512001807757981542e-01 7.764846660865983852e-01 3.393226101272501793e-01 7.424224420284615267e-01 5.275150645783862613e-01 0.000000000000000000e+00 1.606205246361902539e-02 6.397147228183654999e-01 4.645411568967919846e-01 6.542668888363938340e-01 5.840212326699796286e-01 7.536544040408068579e-01 7.037473034472891964e-01 7.466162289897304571e-01 6.485284543965235127e-01 4.082718945491243812e-01 7.279671617478857826e-01 6.137916470975984806e-01 3.856355257549586302e-01 4.534150064825103743e-01 5.051847851027524428e-01 7.527384349599897106e-01 6.401479199681596732e-01 2.194475190453976099e-01 8.575285390128568608e-01 1.170367410928095930e-01 5.318798921702345694e-01 3.647005465805613911e-01 7.840713525411501239e-01 4.518942107961760879e-01 3.912075029581791874e-01
4.422719327446747450e-01 2.158074391675485759e-01 7.241471367964663619e-01 7.503858281058045643e-01 7.836113011967531516e-01 4.392918816149441463e-01 6.145211679899841295e-01 6.199904680684351632e-01 8.423439445649497648e-01 1.606205246361902539e-02 0.000000000000000000e+00 5.391500254954599836e-01 5.792778619182668010e-01 1.664953133310119737e-01 6.914830362801485109e-01 8.892930126027149829e-01 3.822950637064981283e-02 3.689412654399220615e-01 4.587361151120084579e-01 8.385616222283338583e-01 4.440924418647796967e-01 7.935967576490325914e-01 3.003018872202476430e-01 7.620714390623013479e-01 7.632538666557242557e-02 2.498817501708806843e-01 5.691890427709563882e-01 4.214867058359724750e-01 6.630815809780361558e-01 3.060417238442143528e-01 7.508214132155295317e-01 9.403880480641826356e-01 3.580321148512045637e-01 7.679123768513688164e-01 6.408232576779182565e-01
4.260303057919936354e-01 4.692830209443963341e-01 4.464368548236787304e-01 3.427374726194754029e-02 6.862789415984292818e-01 4.701259496179673869e-01 6.319624010523764435e-01 3.852828471563246593e-01 4.476898035321781877e-01 6.397147228183654999e-01 5.391500254954599836e-01 0.000000000000000000e+00 2.612771605169904587e-01 7.942295837705086736e-01 5.689483583309856707e-01 5.655943752037293493e-01 4.604310649241633580e-01 7.792507498603675753e-01 3.587626770757855743e-01 7.675992620669276345e-01 4.733433885992879842e-01 3.262696978666879133e-02 2.210839234369139372e-01 8.057022416896809647e-01 3.437858874171828560e-01 9.168075456799453793e-01 4.395636060989970839e-01 6.401311317643620935e-02 7.232456316748613334e-01 7.612656536598074730e-01 4.322628347467388776e-01 9.420520690310296708e-01 6.234298245053961907e-01 8.972607802860754767e-02 7.792275543411361083e-01
3.082266344055654139e-01 3.657701821666559105e-01 7.626615842367605591e-01 8.579846111278264242e-01 6.388362057408176753e-01 9.122704119204270157e-01 5.923367671168829895e-01 4.194381668812887654e-01 2.705903995304679288e-01 4.645411568967919846e-01 5.792778619182668010e-01 2.612771605169904587e-01 0.000000000000000000e+00 9.563985569396253883e-01 6.241685681506561334e-01 1.639360539843531805e-01 5.189149583691098355e-01 1.694522688728570259e-01 4.059240962978142298e-01 5.886869349716621347e-01 2.206538472729225320e-01 5.037329612583834049e-01 6.021117755735260202e-01 6.233121848747293914e-01 3.581674281638514978e-01 6.922961714725651694e-01 6.209686118909872876e-01 6.183127307292093366e-01 6.950136247551610413e-01 6.972974036718203594e-01 5.150077155663258521e-01 8.870046353487948121e-01 8.954886143434404033e-01 7.203298031311526906e-01 4.200466432426894214e-01
4.227539212713922190e-01 6.988546336861951591e-01 3.423205759833719553e-01 7.537602310552555807e-01 4.027167483671442172e-01 2.213418650058440740e-01 2.276923795023600983e-01 7.760503377935343838e-01 5.279364847491798685e-01 6.542668888363938340e-01 1.664953133310119737e-01 7.942295837705086736e-01 9.563985569396253883e-01 0.000000000000000000e+00 4.435263865104195347e-01 9.244410643161655727e-01 5.457813301506887482e-01 5.664501954036034181e-01 7.869576471321748645e-01 5.477958730454252079e-01 6.657902178145379546e-01 2.283575264995930665e-01 3.379772380009729571e-01 7.111148828367581665e-01 2.966578332839385768e-01 4.805490662789672629e-01 3.896762189906219920e-01 4.849324961047263294e-01 5.837066215555233306e-01 2.522396969073748552e-01 7.302556934198305427e-01 5.791480143039884343e-01 6.215491726354402946e-01 2.593192274954509990e-01 9.694179242640217353e-01
4.791212391313193208e-02 6.085515954504958636e-01 1.946570496513360116e-01 3.996261180121714052e-01 5.089220760227621820e-01 5.676127587872972224e-01 6.581917024279937412e-01 7.540489695589708274e-01 8.070381883952826296e-01 5.840212326699796286e-01 6.914830362801485109e-01 5.689483583309856707e-01 6.241685681506561334e-01 4.435263865104195347e-01 0.000000000000000000e+00 3.569146201969041754e-01 4.099841691086907880e-01 4.205119203530384708e-01 8.374197836372827553e-01 6.819382282619939062e-01 1.759751460477363416e-01 1.184900863899859269e-01 8.221711174961331414e-01 6.652005007864150166e-01 7.112251971161022146e-01 4.178843866439245214e-01 5.689764357764159897e-01 4.312072159335510468e-01 4.169619741176157635e-01 3.993844713584878137e-01 5.045511434751726032e-01 4.775720734801940370e-01 3.188639429591934027e-01 7.060513817886433507e-01 4.186937211916870183e-01
6.635237556544855142e-01 3.989800400976755146e-01 3.636553509114082705e-01 5.443061676502176649e-01 6.348393137148354848e-01 7.464706369109304074e-01 8.243960574768267602e-01 8.013537691145147246e-01 1.481856363013600575e-02 7.536544040408068579e-01 8.892930126027149829e-01 5.655943752037293493e-01 1.639360539843531805e-01 9.244410643161655727e-01 3.569146201969041754e-01 0.000000000000000000e+00 4.531980172020003694e-01 8.046087787516540413e-01 5.209516121046405823e-01 8.412412987571189493e-01 8.594288495318936905e-01 3.663421650759366432e-01 8.750205855634975993e-01 2.864557560660905278e-01 2.254607945437967498e-01 5.580040146771032550e-01 8.512309116655265573e-01 7.012135892890603017e-01 7.007436234955513044e-01 5.766120534204302039e-01 4.997750105904590345e-01 2.895782442913691912e-01 3.052194528896482462e-01 1.559985770721545872e-01 7.593395835177998432e-01
2.765406491566411162e-01 6.606181069710140852e-01 6.470080111001816903e-01 4.960418435498912260e-01 2.186368536097729187e-01 7.442247134439357037e-01 5.931408899706835935e-01 6.515739158248958773e-01 4.714499267825099649e-01 7.037473034472891964e-01 3.822950637064981283e-02 4.604310649241633580e-01 5.189149583691098355e-01 5.457813301506887482e-01 4.099841691086907880e-01 4.531980172020003694e-01 0.000000000000000000e+00 4.542330042551449010e-01 3.591389527634385459e-01 4.679159960795218343e-01 3.804317280655754585e-01 4.901976143389744633e-01 5.613020136911079927e-01 4.841887293742971332e-01 2.502391640059268285e-01 4.112172258267115521e-01 9.039606066328068623e-01 3.971638964275310268e-01 4.574139633909976577e-01 1.142800796711409550e-01 2.748053592697370373e-01 1.044120456015609211e-01 7.959601480974261012e-01 4.232555784166581736e-01 3.282136735864730204e-01
8.214388685007821822e-01 8.663509102475126511e-01 7.302025939977585534e-01 4.896874504327748401e-01 5.573070339059038592e-01 9.117157896603941269e-01 5.879893994403737612e-01 2.190382502561696310e-01 9.219803891730016243e-02 7.466162289897304571e-01 3.689412654399220615e-01 7.792507498603675753e-01 1.694522688728570259e-01 5.664501954036034181e-01 4.205119203530384708e-01 8.046087787516540413e-01 4.542330042551449010e-01 0.000000000000000000e+00 2.010280247537087339e-01 9.383810829182042124e-01 3.210308676634525127e-01 1.952553061062657358e-01 2.589936876047718162e-01 6.061642559245241646e-01 1.250031364547742330e-01 4.567402340956656093e-01 3.170754265614909029e-01 4.276143156035504544e-01 4.911000300200383806e-01 1.097931174011355093e-01 3.701313240479334743e-01 4.979878851161248510e-01 2.042259016736981958e-01 7.485605157286057132e-01 6.510772193830394183e-02
5.002778979127961989e-01 4.937619963012841451e-01 2.260290232621621209e-01 3.592787657876967411e-01 6.704143706195826447e-01 4.900288847719522778e-01 5.321054247477494670e-01 7.288512410080489889e-01 8.035847038537916598e-01 6.485284543965235127e-01 4.587361151120084579e-01 3.587626770757855743e-01 4.059240962978142298e-01 7.869576471321748645e-01 8.374197836372827553e-01 5.209516121046405823e-01 3.591389527634385459e-01 2.010280247537087339e-01 0.000000000000000000e+00 7.028447014816452398e-01 5.701561016203107179e-01 5.248958795901639274e-01 4.574104834807299902e-01 6.806979221955354875e-01 6.541667422503907314e-01 3.004883420419361961e-01 5.210506334746204393e-01 8.925380930082724706e-01 5.124516086748482913e-01 5.010375706814793606e-01 2.230650404299808209e-01 2.974358767509893142e-01 3.443679370131970119e-01 5.370528096483313529e-01 7.129596055642120067e-01
7.992810926804587712e-01 6.256129684317652817e-01 7.941125219634609378e-01 7.917759901232034325e-01 6.791801910590464786e-01 8.027552146252576737e-01 2.913609782605378618e-01 2.227225227309688194e-01 4.518781659341691292e-01 4.082718945491243812e-01 8.385616222283338583e-01 7.675992620669276345e-01 5.886869349716621347e-01 5.477958730454252079e-01 6.819382282619939062e-01 8.412412987571189493e-01 4.679159960795218343e-01 9.383810829182042124e-01 7.028447014816452398e-01 0.000000000000000000e+00 6.489559783844458529e-01 7.485709342628592555e-01 2.164367796899203666e-01 4.069964025746259373e-01 1.381166960076398720e-01 4.228226980877192176e-01 7.049213625937504890e-01 5.521245728537710340e-01 4.815842774618223077e-01 5.107914305034976232e-01 5.204503444203842921e-01 4.399710429829472025e-01 7.155975363415836288e-01 4.785170115690258741e-01 8.141600917502439527e-01
7.315881842459497353e-01 6.336168581671406397e-01 8.324399771987986973e-01 8.056213245442360726e-01 6.432229193643600462e-01 5.259087827251252012e-01 3.524095782251082110e-01 5.549572045627213512e-01 4.481215074575056745e-01 7.279671617478857826e-01 4.440924418647796967e-01 4.733433885992879842e-01 2.206538472729225320e-01 6.657902178145379546e-01 1.759751460477363416e-01 8.594288495318936905e-01 3.804317280655754585e-01 3.210308676634525127e-01 5.701561016203107179e-01 6.489559783844458529e-01 0.000000000000000000e+00 6.277329069864111544e-01 4.037810831036297010e-01 2.791975917012189390e-01 5.605832550143706738e-01 4.346407161865899482e-01 8.910037491745834703e-01 3.920464161330228237e-01 6.055816545415722008e-01 7.143324120170631009e-01 7.503337854215026415e-01 4.314273947257309394e-01 7.475071874232009916e-01 9.597052431018759933e-01 5.064321024023827889e-01
2.602517413728852036e-01 5.458146837756239211e-01 3.755606486730193039e-01 5.982755101735810488e-01 6.313587606347301762e-01 4.624939839369768824e-01 7.265564867583580444e-01 4.394529616960982654e-01 5.588194828650780988e-01 6.137916470975984806e-01 7.935967576490325914e-01 3.262696978666879133e-02 5.037329612583834049e-01 2.283575264995930665e-01 1.184900863899859269e-01 3.663421650759366432e-01 4.901976143389744633e-01 1.952553061062657358e-01 5.248958795901639274e-01 7.485709342628592555e-01 6.277329069864111544e-01 0.000000000000000000e+00 2.828084322991220034e-01 6.305127625789643808e-01 7.039758581009980531e-02 6.462280822942780834e-01 5.905742817071525375e-01 3.300203735038648167e-01 2.145006373201018279e-01 3.805885184373538621e-01 8.657501797120221720e-01 5.087907162264819760e-01 7.257925574283099479e-01 4.759136116300415886e-01 2.023153245411620782e-01
5.531771618250775902e-01 5.472169479421509219e-01 5.400381314498388097e-01 9.045120324344937401e-01 7.256756142722916580e-01 6.394491767366166091e-01 6.828750713715161513e-01 3.066272087701246152e-01 9.428892108206778921e-01 3.856355257549586302e-01 3.003018872202476430e-01 2.210839234369139372e-01 6.021117755735260202e-01 3.379772380009729571e-01 8.221711174961331414e-01 8.750205855634975993e-01 5.613020136911079927e-01 2.589936876047718162e-01 4.574104834807299902e-01 2.164367796899203666e-01 4.037810831036297010e-01 2.828084322991220034e-01 0.000000000000000000e+00 3.328805875062756936e-01 4.966266406813283352e-01 2.723274209204477048e-01 7.594588575752928561e-01 6.744735826884862284e-01 5.897152239193548251e-02 5.254756820013539720e-01 6.442001277541851145e-01 2.606171212139938853e-01 6.447315755026808981e-01 7.436836714373529222e-01 2.695777425431951091e-01
3.074432573637368993e-01 5.631459173111996730e-02 5.839778439378615627e-01 9.003753321424363687e-01 6.250114977812565309e-01 3.534746773143518928e-01 9.445410891985350776e-02 4.618451082058977475e-01 2.287599064651331116e-01 4.534150064825103743e-01 7.620714390623013479e-01 8.057022416896809647e-01 6.233121848747293914e-01 7.111148828367581665e-01 6.652005007864150166e-01 2.864557560660905278e-01 4.841887293742971332e-01 6.061642559245241646e-01 6.806979221955354875e-01 4.069964025746259373e-01 2.791975917012189390e-01 6.305127625789643808e-01 3.328805875062756936e-01 0.000000000000000000e+00 1.175918057056049015e-01 5.382786475093185308e-01 1.053500352488615510e-01 4.890659037143665344e-01 7.126434532531917831e-01 3.348531372803091877e-01 2.415382079156599415e-01 8.022241941438397195e-01 1.392485919922022974e-01 7.382704100838151096e-01 6.388033379398221356e-01
8.204787304572646045e-01 4.456275492354188628e-01 2.230651581221947399e-01 3.435579451265348139e-01 5.126490774470807699e-01 3.732537265903913548e-01 7.571832365590472902e-01 3.063156575726758146e-01 5.602627421405358410e-01 5.051847851027524428e-01 7.632538666557242557e-02 3.437858874171828560e-01 3.581674281638514978e-01 2.966578332839385768e-01 7.112251971161022146e-01 2.254607945437967498e-01 2.502391640059268285e-01 1.250031364547742330e-01 6.541667422503907314e-01 1.381166960076398720e-01 5.605832550143706738e-01 7.039758581009980531e-02 4.966266406813283352e-01 1.175918057056049015e-01 0.000000000000000000e+00 3.894814688671150993e-01 3.898835617766673867e-01 2.645342906366662250e-01 6.387892848281899738e-01 4.345605866197923550e-01 6.231055010341459699e-01 4.217212331271652515e-01 7.307730888992070017e-01 6.210035153992696788e-01 4.835448182965087494e-01
8.221490485034872453e-01 5.218441890644784920e-01 4.012270627936664891e-01 5.959063703705298476e-01 4.408830899920918589e-01 6.008243057014901467e-01 5.089559578019935415e-01 6.987253834133119179e-01 4.578101921737096625e-01 7.527384349599897106e-01 2.498817501708806843e-01 9.168075456799453793e-01 6.922961714725651694e-01 4.805490662789672629e-01 4.178843866439245214e-01 5.580040146771032550e-01 4.112172258267115521e-01 4.567402340956656093e-01 3.004883420419361961e-01 4.228226980877192176e-01 4.346407161865899482e-01 6.462280822942780834e-01 2.723274209204477048e-01 5.382786475093185308e-01 3.894814688671150993e-01 0.000000000000000000e+00 1.318543069534673373e-01 5.528395535752500534e-01 8.014399468108801550e-01 6.098811491443961730e-01 6.711386910684058460e-02 9.063024680963864821e-01 2.795703239853984945e-01 4.627978036090231728e-01 3.628119501281427128e-01
8.375967067970799818e-01 4.370787105977697595e-01 8.336788512677858476e-01 2.993632886852978237e-01 7.821544622039191541e-01 5.642662058664044133e-01 5.333560217136650294e-01 4.122597258123203434e-01 7.335941433269648204e-01 6.401479199681596732e-01 5.691890427709563882e-01 4.395636060989970839e-01 6.209686118909872876e-01 3.896762189906219920e-01 5.689764357764159897e-01 8.512309116655265573e-01 9.039606066328068623e-01 3.170754265614909029e-01 5.210506334746204393e-01 7.049213625937504890e-01 8.910037491745834703e-01 5.905742817071525375e-01 7.594588575752928561e-01 1.053500352488615510e-01 3.898835617766673867e-01 1.318543069534673373e-01 0.000000000000000000e+00 4.952469768576190368e-01 4.003862491601368756e-01 8.625160513190514022e-01 3.052021800112522110e-01 5.178429932187822438e-01 4.662653911824388708e-01 5.747504533189484732e-01 9.380167527513916248e-02
8.410631587581480773e-01 9.376566032290749586e-01 8.814626802518873427e-01 4.447365636369554065e-01 8.204198416174088848e-01 5.594894160587371434e-01 8.652113140581190187e-01 6.611515420918696595e-01 6.770480364203997903e-01 2.194475190453976099e-01 4.214867058359724750e-01 6.401311317643620935e-02 6.183127307292093366e-01 4.849324961047263294e-01 4.312072159335510468e-01 7.012135892890603017e-01 3.971638964275310268e-01 4.276143156035504544e-01 8.925380930082724706e-01 5.521245728537710340e-01 3.920464161330228237e-01 3.300203735038648167e-01 6.744735826884862284e-01 4.890659037143665344e-01 2.645342906366662250e-01 5.528395535752500534e-01 4.952469768576190368e-01 0.000000000000000000e+00 3.474916474529242683e-01 4.823620768425734284e-01 6.259254552010213857e-01 1.606562598353195037e-01 3.559183023297003423e-01 3.010057102091908687e-01 5.443981573726125456e-01
6.627272239594841352e-01 8.982667726352464577e-01 6.571024429390814880e-01 6.858598168961331787e-01 8.107956477226920811e-01 3.995001644648520367e-01 7.660472865360951067e-01 4.488130904352624073e-01 2.907468632435309397e-01 8.575285390128568608e-01 6.630815809780361558e-01 7.232456316748613334e-01 6.950136247551610413e-01 5.837066215555233306e-01 4.169619741176157635e-01 7.007436234955513044e-01 4.574139633909976577e-01 4.911000300200383806e-01 5.124516086748482913e-01 4.815842774618223077e-01 6.055816545415722008e-01 2.145006373201018279e-01 5.897152239193548251e-02 7.126434532531917831e-01 6.387892848281899738e-01 8.014399468108801550e-01 4.003862491601368756e-01 3.474916474529242683e-01 0.000000000000000000e+00 7.462295713847305612e-01 3.204496316063045747e-01 4.504842542878511047e-01 3.774171244921439294e-01 4.225305420885283603e-02 6.863557423789808931e-01
8.129782836208798713e-01 4.973629632308667614e-01 6.414370091979798572e-01 1.313078134733383084e-01 4.245394235075984901e-01 3.243705353234551669e-01 2.475039613715190323e-01 7.577538160225213426e-01 4.166508262275125940e-01 1.170367410928095930e-01 3.060417238442143528e-01 7.612656536598074730e-01 6.972974036718203594e-01 2.522396969073748552e-01 3.993844713584878137e-01 5.766120534204302039e-01 1.142800796711409550e-01 1.097931174011355093e-01 5.010375706814793606e-01 5.107914305034976232e-01 7.143324120170631009e-01 3.805885184373538621e-01 5.254756820013539720e-01 3.348531372803091877e-01 4.345605866197923550e-01 6.098811491443961730e-01 8.625160513190514022e-01 4.823620768425734284e-01 7.462295713847305612e-01 0.000000000000000000e+00 4.476080953601221935e-01 1.686118392395905552e-01 8.562568159671120060e-01 8.020836115420002521e-01 9.025643647184302676e-01
4.753872312805386136e-01 4.867551599576723786e-01 3.751503692512594412e-01 9.116968110035070794e-01 4.027528907296721306e-01 4.380918993051681198e-01 8.701688357869823420e-01 6.939604048534373515e-01 9.147308702386198753e-01 5.318798921702345694e-01 7.508214132155295317e-01 4.322628347467388776e-01 5.150077155663258521e-01 7.302556934198305427e-01 5.045511434751726032e-01 4.997750105904590345e-01 2.748053592697370373e-01 3.701313240479334743e-01 2.230650404299808209e-01 5.204503444203842921e-01 7.503337854215026415e-01 8.657501797120221720e-01 6.442001277541851145e-01 2.415382079156599415e-01 6.231055010341459699e-01 6.711386910684058460e-02 3.052021800112522110e-01 6.259254552010213857e-01 3.204496316063045747e-01 4.476080953601221935e-01 0.000000000000000000e+00 8.963262343673663590e-01 6.058239117167283361e-01 2.092578474099489050e-01 1.923959584504232323e-01
4.662593147353747969e-01 9.057855731721602410e-01 8.286487234407919900e-01 6.840140286684255333e-01 3.542128667341055692e-01 8.332105094748327723e-01 5.460983813713271573e-01 5.461595603993453230e-01 5.249812346706368427e-01 3.647005465805613911e-01 9.403880480641826356e-01 9.420520690310296708e-01 8.870046353487948121e-01 5.791480143039884343e-01 4.775720734801940370e-01 2.895782442913691912e-01 1.044120456015609211e-01 4.979878851161248510e-01 2.974358767509893142e-01 4.399710429829472025e-01 4.314273947257309394e-01 5.087907162264819760e-01 2.606171212139938853e-01 8.022241941438397195e-01 4.217212331271652515e-01 9.063024680963864821e-01 5.178429932187822438e-01 1.606562598353195037e-01 4.504842542878511047e-01 1.686118392395905552e-01 8.963262343673663590e-01 0.000000000000000000e+00 2.611378252550515811e-01 9.645066865735473227e-01 2.350477541672817416e-01
6.155192046555238994e-01 5.927622532650635989e-01 5.642245350394611281e-01 7.514531573103940820e-01 8.920825043404789767e-01 5.418670691691351848e-01 9.360188984381681010e-01 4.134220981814887841e-01 1.912650953789135633e-01 7.840713525411501239e-01 3.580321148512045637e-01 6.234298245053961907e-01 8.954886143434404033e-01 6.215491726354402946e-01 3.188639429591934027e-01 3.052194528896482462e-01 7.959601480974261012e-01 2.042259016736981958e-01 3.443679370131970119e-01 7.155975363415836288e-01 7.475071874232009916e-01 7.257925574283099479e-01 6.447315755026808981e-01 1.392485919922022974e-01 7.307730888992070017e-01 2.795703239853984945e-01 4.662653911824388708e-01 3.559183023297003423e-01 3.774171244921439294e-01 8.562568159671120060e-01 6.058239117167283361e-01 2.611378252550515811e-01 0.000000000000000000e+00 5.794499344057952861e-01 3.357997694270031253e-01
7.809761945541539019e-01 3.561658519029551329e-01 8.074915486415648047e-01 5.123312768829042518e-01 3.531248716440993918e-01 7.097008008496964448e-01 5.696951379406050009e-01 3.102794152734626998e-01 4.105459676825835569e-01 4.518942107961760879e-01 7.679123768513688164e-01 8.972607802860754767e-02 7.203298031311526906e-01 2.593192274954509990e-01 7.060513817886433507e-01 1.559985770721545872e-01 4.232555784166581736e-01 7.485605157286057132e-01 5.370528096483313529e-01 4.785170115690258741e-01 9.597052431018759933e-01 4.759136116300415886e-01 7.436836714373529222e-01 7.382704100838151096e-01 6.210035153992696788e-01 4.627978036090231728e-01 5.747504533189484732e-01 3.010057102091908687e-01 4.225305420885283603e-02 8.020836115420002521e-01 2.092578474099489050e-01 9.645066865735473227e-01 5.794499344057952861e-01 0.000000000000000000e+00 4.129752486130046085e-01
2.757331678998947710e-01 8.385987878967497977e-01 3.548457633956130786e-01 4.689850530100290738e-01 1.435956382653620911e-01 1.886846514996107227e-01 8.560873672872244544e-01 1.608001665310376804e-01 9.189243368263929623e-01 3.912075029581791874e-01 6.408232576779182565e-01 7.792275543411361083e-01 4.200466432426894214e-01 9.694179242640217353e-01 4.186937211916870183e-01 7.593395835177998432e-01 3.282136735864730204e-01 6.510772193830394183e-02 7.129596055642120067e-01 8.141600917502439527e-01 5.064321024023827889e-01 2.023153245411620782e-01 2.695777425431951091e-01 6.388033379398221356e-01 4.835448182965087494e-01 3.628119501281427128e-01 9.380167527513916248e-02 5.443981573726125456e-01 6.863557423789808931e-01 9.025643647184302676e-01 1.923959584504232323e-01 2.350477541672817416e-01 3.357997694270031253e-01 4.129752486130046085e-01 0.000000000000000000e+00
