0.000000000000000000e+00 8.898475811991324314e-01 7.626778696220788412e-01 3.864770702491239773e-01 2.992229858456682545e-01 6.335386444338002576e-01 4.539031780342052680e-01 8.239544394410088790e-01 3.268644334427126541e-01 8.554542191290777087e-01 3.995239845535856205e-01 7.591138432665137659e-01 4.232649825366373575e-01 6.192468818718962487e-01 5.442789188319668847e-01 3.177866480127622406e-01 2.324157716899448722e-01 5.652959217211386278e-01 4.701089535430229560e-01 5.813375413596660879e-01 6.293381017417788437e-01 7.729376987954623690e-01 8.890147717434970787e-01 5.357989897189248119e-01 8.826388593550920092e-01 3.615706315332347653e-01 7.030777434104383827e-01 4.180345022900519014e-01 7.090927391095449561e-01 7.572249176118320824e-01 9.038595664448108025e-01 4.040523915763348795e-01 4.228264145831725496e-01 5.681758719287091086e-01 2.276072565788233026e-01
8.898475811991324314e-01 0.000000000000000000e+00 5.769545570246308319e-01 1.915946061445382709e-01 6.304820889811604268e-01 5.521671524681051046e-01 4.321375509330764308e-01 4.715426507409626877e-01 5.866692725011677378e-01 3.613515097465669346e-01 5.675099889815402587e-01 8.584191226106292483e-01 2.737666585759370719e-01 4.675855072183383032e-01 7.311976879489121561e-01 3.403978005973872234e-01 4.604369768415664810e-01 4.668657614252385013e-01 7.811932667407061048e-01 5.280252827498025381e-01 2.599664114328752995e-01 6.174000813005815491e-01 6.695973955301706138e-01 1.042294259768837827e-01 3.055846251536415981e-01 7.495684236047215343e-01 5.208564300441851369e-01 3.584397349640219277e-01 5.905372300844962119e-01 6.160737042362698368e-01 8.968410857368087630e-01 3.721992618206232395e-01 4.798002775326450364e-01 4.865763018964929243e-01 7.201005636708062152e-01
7.626778696220788412e-01 5.769545570246308319e-01 0.000000000000000000e+00 5.461090420590082317e-01 1.971535346471554595e-01 5.390803819006544373e-01 2.929564009667841584e-01 5.801287203305660611e-01 7.095255871318457697e-01 5.386397898577027776e-01 6.486464867567681702e-01 4.662078859908709294e-01 1.547697941591210657e-01 4.703340081884204715e-01 6.731273436847944325e-01 5.172415025106833486e-01 2.831544352363067896e-01 1.183052769922445790e-01 1.330702506363158344e-01 4.007578687302019160e-01 5.753384982171596551e-01 4.430302604990449256e-01 3.460971661413138611e-01 3.428945872587215171e-01 4.539592460112543693e-01 6.181600374506136530e-01 3.998291438408625442e-01 1.583244164215663607e-01 2.535411674035886742e-01 8.548950085399298349e-01 6.124873990882649943e-01 7.752397800408312722e-01 5.414246297847735701e-01 6.907695013414016927e-02 5.503446809631198366e-01
3.864770702491239773e-01 1.915946061445382709e-01 5.461090420590082317e-01 0.000000000000000000e+00 7.235938970916380164e-01 5.536516831788073079e-01 6.635863653094863368e-01 5.546758329039053192e-01 9.176368794676803553e-02 7.353566476077619818e-01 5.139759329499395957e-01 7.588457105214971854e-01 5.343437981133150050e-01 5.510984466220721911e-01 3.054211537875644034e-01 4.636195765041252748e-01 9.881402624824890957e-01 6.928804153999955640e-01 8.719913846142355318e-01 6.427251814573622379e-01 7.680487295080709043e-01 8.147489784062622586e-01 4.063177741649210972e-01 1.249558237931306381e-01 3.456342943250819144e-01 4.684286071044674316e-01 7.075241926348967425e-01 6.456104782080194227e-01 6.355735753880350503e-01 2.602665314072438174e-01 6.225490131979556363e-01 4.225484261475972447e-01 5.375135846966270226e-01 4.876318384322865240e-01 6.031181713827428181e-01
2.992229858456682545e-01 6.304820889811604268e-01 1.971535346471554595e-01 7.235938970916380164e-01 0.000000000000000000e+00 2.783323138320938916e-01 6.414609405960669530e-01 7.737195664206814039e-02 6.835679489285918509e-01 7.700145404413020200e-01 4.935760518212077841e-01 3.269082229302771592e-01 3.015614076357529538e-01 5.906955600202739021e-01 7.635677528996591690e-01 1.142034646880777382e-01 4.790453412175058046e-01 4.545188792106512610e-01 4.524770286809822739e-01 3.837720553512303789e-01 3.260391660959379712e-01 7.065525632548075308e-01 4.845218943898533248e-01 2.323356879040706646e-01 5.396418132588965966e-01 4.474410206862634576e-01 6.553122595513406479e-01 2.743631420302110602e-01 9.194536407796509714e-01 5.929073662340967887e-01 6.374438883781406995e-01 9.257087680054091328e-01 5.994340941982497784e-01 1.435387337098579241e-01 8.363737615694113448e-01
6.335386444338002576e-01 5.521671524681051046e-01 5.390803819006544373e-01 5.536516831788073079e-01 2.783323138320938916e-01 0.000000000000000000e+00 2.568852039420289612e-01 9.043868620953476878e-01 5.965306348269742154e-01 1.310395229538638961e-01 6.462944518612059319e-01 6.518813228444418906e-01 1.506083092113204014e-01 8.306557264528806606e-01 3.035190560680281480e-01 3.028956608552909602e-01 6.886714700715049764e-01 9.527098192635863327e-02 6.072915328742107821e-01 5.039743813136247086e-01 8.065519604850195368e-01 5.454781023444987831e-03 5.541548610731072966e-01 5.509337731580996600e-01 2.789929333374527864e-01 4.030203399457222835e-01 4.278957514059250622e-01 7.931150981281872570e-01 7.720862709988962624e-01 3.439385612005694259e-01 4.772558536888323322e-01 5.049749035683298581e-01 6.390701334575632497e-01 4.084271686636815057e-01 4.053579198171651798e-01
4.539031780342052680e-01 4.321375509330764308e-01 2.929564009667841584e-01 6.635863653094863368e-01 6.414609405960669530e-01 2.568852039420289612e-01 0.000000000000000000e+00 6.343234583601971011e-01 5.430592979700912259e-01 3.413492196511791477e-01 4.091599439602823240e-01 4.507019093762800743e-01 7.679294694976059876e-01 3.598308845489159302e-01 3.084934694237069785e-01 7.531549184003238917e-01 4.344776003762609307e-01 8.557362741888049351e-01 9.694021207015691699e-01 6.163019326590291058e-01 4.162959468908192240e-01 6.000136713211920991e-01 5.806696420864320141e-01 1.088206617005278432e-01 4.346442136002797163e-01 3.556125880686636376e-01 3.044258684688401217e-01 7.450841492191762061e-02 5.346376154973218053e-01 9.078736046982371910e-01 1.510861893042811932e-01 1.240716694226658978e-01 7.703568730337684300e-02 3.780238784771626781e-01 6.655086795157116875e-02
8.239544394410088790e-01 4.715426507409626877e-01 5.801287203305660611e-01 5.546758329039053192e-01 7.737195664206814039e-02 9.043868620953476878e-01 6.343234583601971011e-01 0.000000000000000000e+00 3.762960272811680107e-01 3.629202170963929941e-01 6.323369769742075430e-01 2.292634608280427200e-01 3.628596260967070775e-01 6.252609545165421778e-01 3.489653900123487196e-01 7.938960665894441160e-01 6.518244010641105479e-01 5.071936458154399086e-01 2.372753112641119433e-01 5.198332740361464310e-01 7.702767361280900005e-01 1.585995855730187309e-01 1.560837207068712651e-01 4.620870638451763934e-01 5.077805356909448342e-02 6.554573022591705378e-01 6.373253296209668850e-01 7.753421490746048583e-01 1.452943571605524453e-01 6.603746192398198822e-01 4.187989734923569518e-01 5.348792961674556645e-01 1.343806230050395012e-01 7.029720273760886595e-01 5.471017051359070571e-01
3.268644334427126541e-01 5.866692725011677378e-01 7.095255871318457697e-01 9.176368794676803553e-02 6.835679489285918509e-01 5.965306348269742154e-01 5.430592979700912259e-01 3.762960272811680107e-01 0.000000000000000000e+00 7.127128627431311703e-01 7.340220537265508272e-01 6.524294885389358978e-02 1.586455715754979678e-01 1.719532516577071402e-01 7.198253385187791675e-01 3.082424514517509984e-01 8.448599715108170427e-01 7.237251974367961971e-01 3.108211783126172967e-01 7.259221544812307636e-01 4.335460747888296718e-01 3.192997824428251974e-01 2.698337074031668670e-01 3.297246972520868624e-01 5.610594926487659784e-01 4.477994738834426003e-01 1.136044466888718185e-01 8.269451801803759938e-01 5.258860454211427005e-01 3.772151558072313615e-01 8.542024392898444063e-01 7.953948537673416475e-02 7.069766857008205063e-01 3.432548871601226459e-01 4.874988259598119766e-01
8.554542191290777087e-01 3.613515097465669346e-01 5.386397898577027776e-01 7.353566476077619818e-01 7.700145404413020200e-01 1.310395229538638961e-01 3.413492196511791477e-01 3.629202170963929941e-01 7.127128627431311703e-01 0.000000000000000000e+00 4.360611558075323524e-01 8.842398142571217257e-02 8.409047234242073010e-01 1.758466771530532990e-01 5.392396340789846754e-01 1.607941794068846186e-01 7.218418871417608962e-01 6.358593664201053208e-01 6.739664986786967349e-01 2.895852040903794666e-01 3.380847250038210294e-01 6.253029544617707547e-01 7.358549736721669010e-01 2.814671217860970631e-01 7.181459598123196564e-01 2.217167455005111254e-01 3.814860142739776583e-01 3.091468815543111370e-01 6.862823602221261865e-01 4.985348348566484566e-01 6.120203966001076523e-01 4.486527904566722236e-01 4.449505162299372540e-01 6.195308337999914094e-01 3.529287171513030841e-01
3.995239845535856205e-01 5.675099889815402587e-01 6.486464867567681702e-01 5.139759329499395957e-01 4.935760518212077841e-01 6.462944518612059319e-01 4.091599439602823240e-01 6.323369769742075430e-01 7.340220537265508272e-01 4.360611558075323524e-01 0.000000000000000000e+00 4.806332737953702972e-01 8.207123734595487274e-01 4.252237642088710912e-01 2.036618443466514106e-01 4.172439808694038410e-01 4.383864783966712753e-01 3.882935951373361894e-01 7.782756100253656051e-01 6.611681278547940632e-01 1.260677577801476712e-01 6.867578592230544343e-01 3.967606339786698966e-01 2.770331078071587849e-01 7.080059364385857812e-01 4.029870014628890718e-01 4.188546018019075334e-01 3.395338725775933764e-01 6.950821665669597582e-01 4.531105177537724238e-01 1.392905453044841479e-01 6.076727430587374190e-01 2.969699178727766009e-01 4.786775128040426375e-01 3.798780625376809716e-01
7.591138432665137659e-01 8.584191226106292483e-01 4.662078859908709294e-01 7.588457105214971854e-01 3.269082229302771592e-01 6.518813228444418906e-01 4.507019093762800743e-01 2.292634608280427200e-01 6.524294885389358978e-02 8.842398142571217257e-02 4.806332737953702972e-01 0.000000000000000000e+00 7.841936642767943777e-01 3.725892690466500179e-01 4.937388782161893364e-01 3.229351936992320704e-01 4.490145576152432261e-01 4.313370784411816317e-01 6.881005329845268914e-01 5.262194173115578577e-01 5.123906927542474232e-01 4.281535440314721552e-01 4.030006126350112461e-01 5.606389999243850397e-01 8.496035774425506615e-01 4.443414523498201429e-01 7.379426043080756781e-01 7.739970432812368628e-01 2.763907141090071740e-02 6.946730889523501373e-01 4.349378910041488688e-01 3.819110359619101724e-01 2.335546861642017191e-01 4.834816719143973929e-01 8.018406527473418421e-01
4.232649825366373575e-01 2.737666585759370719e-01 1.547697941591210657e-01 5.343437981133150050e-01 3.015614076357529538e-01 1.506083092113204014e-01 7.679294694976059876e-01 3.628596260967070775e-01 1.586455715754979678e-01 8.409047234242073010e-01 8.207123734595487274e-01 7.841936642767943777e-01 0.000000000000000000e+00 8.552407517028490780e-01 8.082283445306802649e-01 8.487698251977181529e-01 7.490055967652431423e-01 5.459108091133640928e-01 5.147006930504477440e-01 4.153410808360966655e-01 3.485253709674244749e-01 5.962005718114145036e-01 9.665955114308732998e-01 4.011480529747901702e-01 4.231429338109587990e-01 5.207503724282180890e-01 6.103950561267303954e-01 4.680924205104673441e-01 1.461876721903031529e-01 8.333852464372870639e-01 1.418669328475377078e-01 6.875560724753010389e-01 4.080609805380234212e-01 2.339173733256775245e-01 5.215280833049881215e-01
6.192468818718962487e-01 4.675855072183383032e-01 4.703340081884204715e-01 5.510984466220721911e-01 5.906955600202739021e-01 8.306557264528806606e-01 3.598308845489159302e-01 6.252609545165421778e-01 1.719532516577071402e-01 1.758466771530532990e-01 4.252237642088710912e-01 3.725892690466500179e-01 8.552407517028490780e-01 0.000000000000000000e+00 8.505068903871275676e-01 2.389636110390878088e-01 7.983748433107182851e-01 3.179629377859179984e-01 3.923685756588082274e-01 4.267488579368373669e-01 9.257917523467051879e-02 4.481763338029081667e-01 7.063321956283601377e-01 3.284692693406447983e-01 5.684583370479810993e-01 5.221389962969613663e-01 4.239794685236680793e-01 8.394424989062012621e-01 4.370756034928751088e-01 2.882180855533576502e-01 8.913142676226963879e-01 4.453310508866570872e-01 5.747366064138070829e-01 8.932235303540734250e-01 3.294244261266189300e-01
5.442789188319668847e-01 7.311976879489121561e-01 6.731273436847944325e-01 3.054211537875644034e-01 7.635677528996591690e-01 3.035190560680281480e-01 3.084934694237069785e-01 3.489653900123487196e-01 7.198253385187791675e-01 5.392396340789846754e-01 2.036618443466514106e-01 4.937388782161893364e-01 8.082283445306802649e-01 8.505068903871275676e-01 0.000000000000000000e+00 3.914238457350726064e-01 5.778994293040098373e-01 4.696385001289244965e-01 3.844800113923989571e-01 8.065884585073986868e-01 8.660656707632723439e-01 5.733517696637215888e-01 5.459421902494445700e-01 5.423343697710909517e-01 5.682877231416980646e-01 6.048950796497014615e-01 2.234797244678831118e-01 6.100573675544967989e-01 5.406763765782645059e-01 4.635328497627722033e-01 4.526879613157542837e-01 1.955082668014471170e-01 3.081142057745337448e-01 4.737752136491201194e-01 2.183235041418976063e-01
3.177866480127622406e-01 3.403978005973872234e-01 5.172415025106833486e-01 4.636195765041252748e-01 1.142034646880777382e-01 3.028956608552909602e-01 7.531549184003238917e-01 7.938960665894441160e-01 3.082424514517509984e-01 1.607941794068846186e-01 4.172439808694038410e-01 3.229351936992320704e-01 8.487698251977181529e-01 2.389636110390878088e-01 3.914238457350726064e-01 0.000000000000000000e+00 1.346374431529431814e-01 8.725612551848382914e-01 7.119310920026514777e-01 5.729197023566598990e-01 3.791545283229456609e-01 8.033462435491698361e-01 5.862349572152513177e-01 4.284878336156259793e-01 6.612902395210836781e-01 7.426176815004587040e-01 3.319686801755217243e-01 4.898123398889164259e-01 4.667925359930802931e-01 4.450996380028364729e-01 4.130092992820346698e-01 6.821684008526882614e-01 6.916209726057167551e-01 4.730322189317416326e-01 2.967226872884615174e-01
2.324157716899448722e-01 4.604369768415664810e-01 2.831544352363067896e-01 9.881402624824890957e-01 4.790453412175058046e-01 6.886714700715049764e-01 4.344776003762609307e-01 6.518244010641105479e-01 8.448599715108170427e-01 7.218418871417608962e-01 4.383864783966712753e-01 4.490145576152432261e-01 7.490055967652431423e-01 7.983748433107182851e-01 5.778994293040098373e-01 1.346374431529431814e-01 0.000000000000000000e+00 5.147429567089227831e-01 4.120617115849247725e-01 3.943815063541923904e-01 1.060971884541991317e-01 2.421449131277605415e-01 5.593823538922736427e-01 4.130100316404282657e-01 8.306375226266859979e-01 2.448421071759100398e-01 5.515159637215847344e-01 4.580462733118027541e-01 2.740522323006824301e-01 5.710916155237311109e-01 8.710689939431551787e-01 2.603685313457537731e-01 5.174684299054237435e-01 4.853362547594575194e-01 8.003264617568658368e-01
5.652959217211386278e-01 4.668657614252385013e-01 1.183052769922445790e-01 6.928804153999955640e-01 4.545188792106512610e-01 9.527098192635863327e-02 8.557362741888049351e-01 5.071936458154399086e-01 7.237251974367961971e-01 6.358593664201053208e-01 3.882935951373361894e-01 4.313370784411816317e-01 5.459108091133640928e-01 3.179629377859179984e-01 4.696385001289244965e-01 8.725612551848382914e-01 5.147429567089227831e-01 0.000000000000000000e+00 5.806132016248921612e-02 7.753661687472096498e-01 4.725322806942876541e-01 4.029544020222252110e-01 7.315578923472607631e-01 4.248092381842436538e-01 8.401226363997897906e-01 8.194340272932960634e-01 4.318437078934425633e-01 5.782658370761155631e-01 7.012559367004084221e-01 9.519983364694328820e-01 8.190957174123494333e-01 8.499217517266768329e-01 2.034422601078700321e-01 4.304083938804227349e-01 3.836432708544556536e-01
4.701089535430229560e-01 7.811932667407061048e-01 1.330702506363158344e-01 8.719913846142355318e-01 4.524770286809822739e-01 6.072915328742107821e-01 9.694021207015691699e-01 2.372753112641119433e-01 3.108211783126172967e-01 6.739664986786967349e-01 7.782756100253656051e-01 6.881005329845268914e-01 5.147006930504477440e-01 3.923685756588082274e-01 3.844800113923989571e-01 7.119310920026514777e-01 4.120617115849247725e-01 5.806132016248921612e-02 0.000000000000000000e+00 1.261782585107137367e-01 6.938619868950723912e-01 6.711534895961983604e-01 3.647478032972959472e-01 4.902873961429850547e-01 2.297662714687253860e-01 6.999109960984808421e-01 8.685410120702072856e-01 7.082728278064291949e-01 9.758295525683473581e-01 6.999101294826959307e-01 7.247500423012513959e-01 6.865738415748294798e-01 5.152642161102360951e-01 6.379368938847560511e-01 4.687253742801152367e-01
5.813375413596660879e-01 5.280252827498025381e-01 4.007578687302019160e-01 6.427251814573622379e-01 3.837720553512303789e-01 5.039743813136247086e-01 6.163019326590291058e-01 5.198332740361464310e-01 7.259221544812307636e-01 2.895852040903794666e-01 6.611681278547940632e-01 5.262194173115578577e-01 4.153410808360966655e-01 4.267488579368373669e-01 8.065884585073986868e-01 5.729197023566598990e-01 3.943815063541923904e-01 7.753661687472096498e-01 1.261782585107137367e-01 0.000000000000000000e+00 5.897326376192206787e-01 4.743899529676079418e-01 8.358802559261002685e-01 4.260843515155333661e-01 1.849865544418844987e-01 7.584152400378872949e-01 6.567466182188116397e-01 7.082027928519680771e-01 8.668437139616513853e-02 3.950493767027760672e-01 7.744255752397795067e-01 8.658861375275068717e-01 8.480082215901999509e-01 2.676168620095824568e-01 1.818126120698048132e-01
6.293381017417788437e-01 2.599664114328752995e-01 5.753384982171596551e-01 7.680487295080709043e-01 3.260391660959379712e-01 8.065519604850195368e-01 4.162959468908192240e-01 7.702767361280900005e-01 4.335460747888296718e-01 3.380847250038210294e-01 1.260677577801476712e-01 5.123906927542474232e-01 3.485253709674244749e-01 9.257917523467051879e-02 8.660656707632723439e-01 3.791545283229456609e-01 1.060971884541991317e-01 4.725322806942876541e-01 6.938619868950723912e-01 5.897326376192206787e-01 0.000000000000000000e+00 2.993712976646746293e-01 6.821108057612811360e-01 6.557928552065872552e-01 8.151010857284138877e-01 4.840178448746053630e-01 6.288299957582225153e-01 4.010880196393403763e-01 3.905692250485376382e-01 3.694370002271560871e-01 3.004850526997207005e-01 4.605679273716780653e-01 1.735703997040921043e-01 1.285534497618599503e-01 3.917218496022961682e-01
7.729376987954623690e-01 6.174000813005815491e-01 4.430302604990449256e-01 8.147489784062622586e-01 7.065525632548075308e-01 5.454781023444987831e-03 6.000136713211920991e-01 1.585995855730187309e-01 3.192997824428251974e-01 6.253029544617707547e-01 6.867578592230544343e-01 4.281535440314721552e-01 5.962005718114145036e-01 4.481763338029081667e-01 5.733517696637215888e-01 8.033462435491698361e-01 2.421449131277605415e-01 4.029544020222252110e-01 6.711534895961983604e-01 4.743899529676079418e-01 2.993712976646746293e-01 0.000000000000000000e+00 2.204286920933448135e-01 7.350557114387763491e-01 9.232975446026225885e-01 6.294457943857085791e-01 5.779210214244653310e-01 2.836937544913055165e-01 4.392104000773032757e-01 2.121967669763468178e-01 8.241877455978841027e-01 6.432953420370217668e-01 2.416797094845461735e-01 2.978628074401792336e-01 4.649675397772028429e-01
8.890147717434970787e-01 6.695973955301706138e-01 3.460971661413138611e-01 4.063177741649210972e-01 4.845218943898533248e-01 5.541548610731072966e-01 5.806696420864320141e-01 1.560837207068712651e-01 2.698337074031668670e-01 7.358549736721669010e-01 3.967606339786698966e-01 4.030006126350112461e-01 9.665955114308732998e-01 7.063321956283601377e-01 5.459421902494445700e-01 5.862349572152513177e-01 5.593823538922736427e-01 7.315578923472607631e-01 3.647478032972959472e-01 8.358802559261002685e-01 6.821108057612811360e-01 2.204286920933448135e-01 0.000000000000000000e+00 3.829618040795049194e-01 4.419900569854748884e-01 2.349941721013932838e-01 7.123201593296746292e-01 5.194739564059143166e-01 2.753189392307031080e-01 6.253030856152723693e-01 4.649580926319317742e-01 6.082704090015537135e-01 5.761819639655730851e-01 7.047583051816066479e-01 8.081894280909769357e-01
5.357989897189248119e-01 1.042294259768837827e-01 3.428945872587215171e-01 1.249558237931306381e-01 2.323356879040706646e-01 5.509337731580996600e-01 1.088206617005278432e-01 4.620870638451763934e-01 3.297246972520868624e-01 2.814671217860970631e-01 2.770331078071587849e-01 5.606389999243850397e-01 4.011480529747901702e-01 3.284692693406447983e-01 5.423343697710909517e-01 4.284878336156259793e-01 4.130100316404282657e-01 4.248092381842436538e-01 4.902873961429850547e-01 4.260843515155333661e-01 6.557928552065872552e-01 7.350557114387763491e-01 3.829618040795049194e-01 0.000000000000000000e+00 5.499193207292407681e-01 2.233316811827574799e-01 3.135535824675729222e-01 8.941042844861946115e-01 2.588702289972454329e-01 7.249340847358913820e-01 8.015657289885826930e-01 6.294318788288577604e-01 6.276131509742438608e-01 5.598716797421554592e-01 5.815891767049582439e-01
8.826388593550920092e-01 3.055846251536415981e-01 4.539592460112543693e-01 3.456342943250819144e-01 5.396418132588965966e-01 2.789929333374527864e-01 4.346442136002797163e-01 5.077805356909448342e-02 5.610594926487659784e-01 7.181459598123196564e-01 7.080059364385857812e-01 8.496035774425506615e-01 4.231429338109587990e-01 5.684583370479810993e-01 5.682877231416980646e-01 6.612902395210836781e-01 8.306375226266859979e-01 8.401226363997897906e-01 2.297662714687253860e-01 1.849865544418844987e-01 8.151010857284138877e-01 9.232975446026225885e-01 4.419900569854748884e-01 5.499193207292407681e-01 0.000000000000000000e+00 6.975809790049604109e-01 5.436791956364727119e-01 4.903460482027828249e-01 7.505491367983669893e-01 6.330191787360738287e-01 2.223634370495105039e-01 4.507891428299469205e-01 5.739857568503642371e-01 5.589409653767493102e-01 5.619515694993055810e-01
3.615706315332347653e-01 7.495684236047215343e-01 6.181600374506136530e-01 4.684286071044674316e-01 4.474410206862634576e-01 4.030203399457222835e-01 3.556125880686636376e-01 6.554573022591705378e-01 4.477994738834426003e-01 2.217167455005111254e-01 4.029870014628890718e-01 4.443414523498201429e-01 5.207503724282180890e-01 5.221389962969613663e-01 6.048950796497014615e-01 7.426176815004587040e-01 2.448421071759100398e-01 8.194340272932960634e-01 6.999109960984808421e-01 7.584152400378872949e-01 4.840178448746053630e-01 6.294457943857085791e-01 2.349941721013932838e-01 2.233316811827574799e-01 6.975809790049604109e-01 0.000000000000000000e+00 7.898772063838538360e-01 7.746050795210293050e-01 5.271380750411613914e-01 3.577967374615795837e-01 8.115661156067175419e-01 6.671541916674803563e-01 8.824151712154801874e-01 1.403699393939474849e-01 5.056925220387804565e-01
7.030777434104383827e-01 5.208564300441851369e-01 3.998291438408625442e-01 7.075241926348967425e-01 6.553122595513406479e-01 4.278957514059250622e-01 3.044258684688401217e-01 6.373253296209668850e-01 1.136044466888718185e-01 3.814860142739776583e-01 4.188546018019075334e-01 7.379426043080756781e-01 6.103950561267303954e-01 4.239794685236680793e-01 2.234797244678831118e-01 3.319686801755217243e-01 5.515159637215847344e-01 4.318437078934425633e-01 8.685410120702072856e-01 6.567466182188116397e-01 6.288299957582225153e-01 5.779210214244653310e-01 7.123201593296746292e-01 3.135535824675729222e-01 5.436791956364727119e-01 7.898772063838538360e-01 0.000000000000000000e+00 6.406326995122566537e-01 1.713081120033734805e-01 4.921802104091521635e-01 2.313395922967515506e-01 2.059685953502407019e-01 3.928058985060596808e-01 7.048781781823639792e-01 5.432793711547486692e-01
4.180345022900519014e-01 3.584397349640219277e-01 1.583244164215663607e-01 6.456104782080194227e-01 2.743631420302110602e-01 7.931150981281872570e-01 7.450841492191762061e-02 7.753421490746048583e-01 8.269451801803759938e-01 3.091468815543111370e-01 3.395338725775933764e-01 7.739970432812368628e-01 4.680924205104673441e-01 8.394424989062012621e-01 6.100573675544967989e-01 4.898123398889164259e-01 4.580462733118027541e-01 5.782658370761155631e-01 7.082728278064291949e-01 7.082027928519680771e-01 4.010880196393403763e-01 2.836937544913055165e-01 5.194739564059143166e-01 8.941042844861946115e-01 4.903460482027828249e-01 7.746050795210293050e-01 6.406326995122566537e-01 0.000000000000000000e+00 1.710478780485149564e-01 5.243402163700255914e-01 4.953710894478950966e-01 1.109329535419721902e-01 3.003484841319850052e-01 2.380219662503286759e-01 5.422574995532103426e-01
7.090927391095449561e-01 5.905372300844962119e-01 2.535411674035886742e-01 6.355735753880350503e-01 9.194536407796509714e-01 7.720862709988962624e-01 5.346376154973218053e-01 1.452943571605524453e-01 5.258860454211427005e-01 6.862823602221261865e-01 6.950821665669597582e-01 2.763907141090071740e-02 1.461876721903031529e-01 4.370756034928751088e-01 5.406763765782645059e-01 4.667925359930802931e-01 2.740522323006824301e-01 7.012559367004084221e-01 9.758295525683473581e-01 8.668437139616513853e-02 3.905692250485376382e-01 4.392104000773032757e-01 2.753189392307031080e-01 2.588702289972454329e-01 7.505491367983669893e-01 5.271380750411613914e-01 1.713081120033734805e-01 1.710478780485149564e-01 0.000000000000000000e+00 4.659680807921254830e-01 5.431135513845986029e-01 5.009494177482878285e-01 5.069702921200177625e-01 2.414846683741935784e-01 7.769072204359326328e-01
7.572249176118320824e-01 6.160737042362698368e-01 8.548950085399298349e-01 2.602665314072438174e-01 5.929073662340967887e-01 3.439385612005694259e-01 9.078736046982371910e-01 6.603746192398198822e-01 3.772151558072313615e-01 4.985348348566484566e-01 4.531105177537724238e-01 6.946730889523501373e-01 8.333852464372870639e-01 2.882180855533576502e-01 4.635328497627722033e-01 4.450996380028364729e-01 5.710916155237311109e-01 9.519983364694328820e-01 6.999101294826959307e-01 3.950493767027760672e-01 3.694370002271560871e-01 2.121967669763468178e-01 6.253030856152723693e-01 7.249340847358913820e-01 6.330191787360738287e-01 3.577967374615795837e-01 4.921802104091521635e-01 5.243402163700255914e-01 4.659680807921254830e-01 0.000000000000000000e+00 8.244336937175403834e-01 6.244359921240646427e-01 4.959202014014644222e-01 3.927621261921586115e-01 2.676346859113972743e-01
9.038595664448108025e-01 8.968410857368087630e-01 6.124873990882649943e-01 6.225490131979556363e-01 6.374438883781406995e-01 4.772558536888323322e-01 1.510861893042811932e-01 4.187989734923569518e-01 8.542024392898444063e-01 6.120203966001076523e-01 1.392905453044841479e-01 4.349378910041488688e-01 1.418669328475377078e-01 8.913142676226963879e-01 4.526879613157542837e-01 4.130092992820346698e-01 8.710689939431551787e-01 8.190957174123494333e-01 7.247500423012513959e-01 7.744255752397795067e-01 3.004850526997207005e-01 8.241877455978841027e-01 4.649580926319317742e-01 8.015657289885826930e-01 2.223634370495105039e-01 8.115661156067175419e-01 2.313395922967515506e-01 4.953710894478950966e-01 5.431135513845986029e-01 8.244336937175403834e-01 0.000000000000000000e+00 5.539792087065921189e-01 6.788017427588155517e-01 3.516044284320527513e-01 2.091371167390123631e-01
4.040523915763348795e-01 3.721992618206232395e-01 7.752397800408312722e-01 4.225484261475972447e-01 9.257087680054091328e-01 5.049749035683298581e-01 1.240716694226658978e-01 5.348792961674556645e-01 7.953948537673416475e-02 4.486527904566722236e-01 6.076727430587374190e-01 3.819110359619101724e-01 6.875560724753010389e-01 4.453310508866570872e-01 1.955082668014471170e-01 6.821684008526882614e-01 2.603685313457537731e-01 8.499217517266768329e-01 6.865738415748294798e-01 8.658861375275068717e-01 4.605679273716780653e-01 6.432953420370217668e-01 6.082704090015537135e-01 6.294318788288577604e-01 4.507891428299469205e-01 6.671541916674803563e-01 2.059685953502407019e-01 1.109329535419721902e-01 5.009494177482878285e-01 6.244359921240646427e-01 5.539792087065921189e-01 0.000000000000000000e+00 6.246090894690278228e-01 9.528766438812570350e-01 4.972162639029950593e-01
4.228264145831725496e-01 4.798002775326450364e-01 5.414246297847735701e-01 5.375135846966270226e-01 5.994340941982497784e-01 6.390701334575632497e-01 7.703568730337684300e-02 1.343806230050395012e-01 7.069766857008205063e-01 4.449505162299372540e-01 2.969699178727766009e-01 2.335546861642017191e-01 4.080609805380234212e-01 5.747366064138070829e-01 3.081142057745337448e-01 6.916209726057167551e-01 5.174684299054237435e-01 2.034422601078700321e-01 5.152642161102360951e-01 8.480082215901999509e-01 1.735703997040921043e-01 2.416797094845461735e-01 5.761819639655730851e-01 6.276131509742438608e-01 5.739857568503642371e-01 8.824151712154801874e-01 3.928058985060596808e-01 3.003484841319850052e-01 5.069702921200177625e-01 4.959202014014644222e-01 6.788017427588155517e-01 6.246090894690278228e-01 0.000000000000000000e+00 3.229387307826301345e-01 1.514846086082052290e-01
5.681758719287091086e-01 4.865763018964929243e-01 6.907695013414016927e-02 4.876318384322865240e-01 1.435387337098579241e-01 4.084271686636815057e-01 3.780238784771626781e-01 7.029720273760886595e-01 3.432548871601226459e-01 6.195308337999914094e-01 4.786775128040426375e-01 4.834816719143973929e-01 2.339173733256775245e-01 8.932235303540734250e-01 4.737752136491201194e-01 4.730322189317416326e-01 4.853362547594575194e-01 4.304083938804227349e-01 6.379368938847560511e-01 2.676168620095824568e-01 1.285534497618599503e-01 2.978628074401792336e-01 7.047583051816066479e-01 5.598716797421554592e-01 5.589409653767493102e-01 1.403699393939474849e-01 7.048781781823639792e-01 2.380219662503286759e-01 2.414846683741935784e-01 3.927621261921586115e-01 3.516044284320527513e-01 9.528766438812570350e-01 3.229387307826301345e-01 0.000000000000000000e+00 2.687560749563310258e-01
2.276072565788233026e-01 7.201005636708062152e-01 5.503446809631198366e-01 6.031181713827428181e-01 8.363737615694113448e-01 4.053579198171651798e-01 6.655086795157116875e-02 5.471017051359070571e-01 4.874988259598119766e-01 3.529287171513030841e-01 3.798780625376809716e-01 8.018406527473418421e-01 5.215280833049881215e-01 3.294244261266189300e-01 2.183235041418976063e-01 2.967226872884615174e-01 8.003264617568658368e-01 3.836432708544556536e-01 4.687253742801152367e-01 1.818126120698048132e-01 3.917218496022961682e-01 4.649675397772028429e-01 8.081894280909769357e-01 5.815891767049582439e-01 5.619515694993055810e-01 5.056925220387804565e-01 5.432793711547486692e-01 5.422574995532103426e-01 7.769072204359326328e-01 2.676346859113972743e-01 2.091371167390123631e-01 4.972162639029950593e-01 1.514846086082052290e-01 2.687560749563310258e-01 0.000000000000000000e+00
