0.000000000000000000e+00 6.549402312308825191e-01 2.965781459590172142e-01 5.227180981085490785e-01 6.776530040904377161e-01 5.676865879777923674e-01 6.204327842042574037e-01 6.871418082958110629e-01 7.241318197169432924e-01 1.140629706743359062e-01 4.252671219107069800e-01 5.625140743283102429e-01 7.371636696109968856e-01 4.425462361608412110e-01 4.797170207283376620e-01 5.586273567477725299e-01 5.030177320386921558e-01 6.575628919199423272e-01 4.387497463775484330e-01 7.435628922219950088e-02 6.396791428672310431e-01 5.179322719717193158e-01 4.903235580962440610e-01 5.589272595131296040e-01 9.070533097198759664e-01 1.883551363166536263e-01 5.311541936138162168e-01 4.965832111932443893e-01 7.011851020109892696e-01 6.207402642172203944e-01 6.930945706631074232e-01 3.193343240971199259e-01 6.365438107993038885e-01 9.248905341532311919e-01 8.147840698682271565e-01
6.549402312308825191e-01 0.000000000000000000e+00 3.962576621470758065e-01 5.941185710264778042e-01 3.747317638171936416e-01 1.671692278156795552e-01 3.768905242648444842e-01 7.981027066073270726e-01 7.186567851861551670e-01 6.079930120533705296e-01 9.438307657560200958e-01 5.620108486140913406e-01 1.551170926709466436e-01 7.058030980469305327e-01 4.737981520437915539e-01 7.309144845008019864e-02 6.526384936691842498e-02 5.070079084544998338e-01 4.933556054469669383e-01 2.806775487553589965e-01 8.038586097107900397e-01 5.272035402861042774e-01 7.457103775031309612e-01 1.942545586218352716e-01 5.009132322767235745e-01 7.693454931440573130e-01 5.647201542282339615e-01 1.607229519451063848e-01 6.869712143569151053e-01 5.264594929639152543e-01 8.641510678575528015e-01 3.588289450278805970e-01 6.601020652830932312e-01 8.688510068935466624e-01 5.283261594474961687e-01
2.965781459590172142e-01 3.962576621470758065e-01 0.000000000000000000e+00 5.264033092789068835e-01 5.139880085547967603e-01 3.204494860918845056e-01 7.680631497058943991e-01 5.940786140885589983e-02 4.091076622698653353e-01 6.383916984233801717e-01 6.948392745928667624e-01 4.546024660241965165e-01 5.906684290201834608e-01 6.806741540314844574e-01 8.262083038235692456e-01 4.612485664116668382e-01 3.522262784654028867e-01 3.024709835960153193e-01 5.275095773242111097e-01 4.665490337109087782e-01 3.211393019199220156e-01 6.011434151996462028e-01 4.677404748029437842e-01 4.127424312951605279e-01 2.781960714958340297e-01 5.616640594911841422e-01 8.468668819910978307e-01 2.998269795797359194e-01 7.117605948489122980e-01 1.632123006475690863e-01 2.673997055815626744e-01 5.570032131548072751e-01 1.797528924959830299e-01 4.235709865196677359e-01 2.519594583299529233e-01
5.227180981085490785e-01 5.941185710264778042e-01 5.264033092789068835e-01 0.000000000000000000e+00 2.982867974370942976e-01 5.444947625413710801e-01 2.501589048001606752e-01 2.368503607899967722e-01 4.326365290614864190e-01 8.631935517426125859e-01 7.532542922781185757e-01 4.110628499303786154e-01 5.869746066587173683e-01 4.518930655574053268e-01 3.544376570143204508e-01 5.984386482950359021e-01 6.898376536928525482e-01 5.074094171382955709e-01 3.359864821680788038e-01 6.340464090020683230e-01 5.162207133039828921e-01 4.596080182334320030e-01 8.503665364214321176e-01 6.186721774100456539e-01 4.818228960265509286e-01 5.157376831445159571e-01 4.562021011048297270e-01 4.350181264646938439e-01 4.908736661411378654e-01 9.057268054348242003e-01 7.532581491147303243e-01 2.640527948894221821e-01 5.874613213827042379e-01 9.181130878756852409e-01 5.279703519487445318e-01
6.776530040904377161e-01 3.747317638171936416e-01 5.139880085547967603e-01 2.982867974370942976e-01 0.000000000000000000e+00 4.077237798984711947e-01 7.329606526949399292e-01 5.647105282998252651e-01 2.534564180752157947e-01 1.864480324674604450e-01 4.708646795942048602e-01 4.291153053772918113e-01 4.232410279774915240e-01 4.339700507608048596e-01 4.524961010417011820e-01 6.993529485951982538e-01 5.123842087022103531e-01 3.674008141591317833e-01 6.486248970880099662e-01 6.543589263528213351e-01 3.507088064426924223e-01 4.344059524535729411e-01 3.588175427816162055e-01 3.829017005919265193e-01 9.326690145505771579e-01 3.542520321101212399e-01 8.866132872892669159e-01 4.229739091124270489e-01 2.221925417097181943e-01 1.973373807904517663e-01 7.270513937515951097e-01 7.484316402338284657e-01 8.451962251797685566e-01 5.096917261092914764e-01 9.159497282880191271e-02
5.676865879777923674e-01 1.671692278156795552e-01 3.204494860918845056e-01 5.444947625413710801e-01 4.077237798984711947e-01 0.000000000000000000e+00 8.461591950147921981e-01 5.121432474164118176e-01 2.520547970835329554e-01 2.522674495028547348e-01 3.668098921815535207e-01 3.632671413918920900e-01 8.669209986510764132e-01 4.015759352001919691e-01 4.470884901583250803e-01 2.975274086451670241e-01 5.020763768269708160e-01 5.567414839756907874e-01 7.215429742584797967e-01 5.306551130968342189e-01 5.176385570072077336e-01 3.694366063751428619e-01 3.023618555670231078e-01 3.928854659145004646e-01 2.883906708204192482e-01 9.283556742215059998e-01 6.106062228860228425e-01 5.761351849791518376e-01 4.516187644550364033e-01 6.298480833103471399e-01 7.219891461500211882e-01 8.113151849889980172e-01 5.436108074100551857e-01 6.155888460441321097e-01 6.676101394407423228e-01
6.204327842042574037e-01 3.768905242648444842e-01 7.680631497058943991e-01 2.501589048001606752e-01 7.329606526949399292e-01 8.461591950147921981e-01 0.000000000000000000e+00 3.799624408289237198e-01 5.284385371101492090e-01 3.360495593457286656e-01 9.078386136337743828e-01 1.018245156123273043e-01 8.655570125375344759e-01 6.162828675439260273e-01 5.381104458522731893e-01 3.310146719066973109e-01 4.271472960460757085e-01 7.303464650364153155e-01 7.638581848782977080e-01 6.607660635518095571e-01 6.029467668300940719e-01 3.395884666671614149e-01 5.651328652483069703e-01 4.437449741264463121e-01 7.636891134466274877e-01 4.623874374997131720e-01 3.402816592117390293e-01 1.501565909135136323e-01 1.818186696482364528e-01 4.683612445072163344e-01 1.449911525400433554e-01 6.726602679768884929e-01 7.279041907500253261e-01 6.029480402585827292e-01 7.120709304004771978e-01
6.871418082958110629e-01 7.981027066073270726e-01 5.940786140885589983e-02 2.368503607899967722e-01 5.647105282998252651e-01 5.121432474164118176e-01 3.799624408289237198e-01 0.000000000000000000e+00 2.220842319754398331e-01 3.216768142729383717e-01 8.622098745820253596e-01 6.088571844280834533e-01 4.145235590876834575e-01 9.045280201234668915e-01 4.010933975995853440e-01 4.198334570788367914e-01 4.904949631030537938e-01 6.220009590711630398e-01 3.976703946300422787e-01 3.440088821062636804e-02 6.358107175920733045e-01 6.158464913587818890e-01 4.754426736962742428e-01 1.404697332399702514e-01 1.349602374734686361e-01 7.473508245968549790e-01 6.259038246971528885e-01 5.721018397847912329e-01 5.405245573499797285e-01 5.109027104536179031e-01 6.504734227402355629e-01 3.455910496335077298e-01 4.077486475424644818e-01 1.214960308228015817e-01 8.974038542416651332e-02
7.241318197169432924e-01 7.186567851861551670e-01 4.091076622698653353e-01 4.326365290614864190e-01 2.534564180752157947e-01 2.520547970835329554e-01 5.284385371101492090e-01 2.220842319754398331e-01 0.000000000000000000e+00 4.795935996155613057e-01 1.837821715312453197e-01 6.961189400068642508e-01 6.545412978373126300e-01 4.429339184191726786e-01 1.874465782862687613e-01 7.133897240638928938e-01 4.891551794130528652e-01 7.469974962011447506e-01 6.514604170172397790e-01 7.755095998799764745e-01 1.740301593489083087e-01 2.625151444489230435e-01 4.843128294077889695e-01 5.050221097182536756e-01 7.242817710360380801e-01 4.211655759697201518e-01 3.851427951760231227e-01 3.432814842012509304e-01 5.636681150747069324e-01 5.793053591790886525e-01 4.349687318932464741e-01 1.709475698515425801e-01 6.615737767570999406e-01 4.292286331425760881e-01 1.040440761606808984e-01
1.140629706743359062e-01 6.079930120533705296e-01 6.383916984233801717e-01 8.631935517426125859e-01 1.864480324674604450e-01 2.522674495028547348e-01 3.360495593457286656e-01 3.216768142729383717e-01 4.795935996155613057e-01 0.000000000000000000e+00 4.386270005192284827e-01 5.107138296722487647e-01 6.275479954926037607e-01 4.203984570316756653e-01 6.146146324953809525e-01 4.421814905010036378e-01 6.127630373000159114e-01 2.776083624090843749e-01 5.873596813064573263e-01 6.697037825210880868e-01 8.427645221077062487e-01 6.371709260090919758e-01 7.424388616946021591e-01 4.830224853651415295e-01 2.611284044975233920e-01 7.438392165663895161e-01 1.790905183208823526e-01 1.596468485539972448e-01 2.611035077190510534e-01 2.692393906705584650e-01 6.244626952756828775e-01 1.768402927243514222e-01 4.919365987531534312e-01 1.580299900619682729e-01 5.314934291360007279e-01
4.252671219107069800e-01 9.438307657560200958e-01 6.948392745928667624e-01 7.532542922781185757e-01 4.708646795942048602e-01 3.668098921815535207e-01 9.078386136337743828e-01 8.622098745820253596e-01 1.837821715312453197e-01 4.386270005192284827e-01 0.000000000000000000e+00 7.287933661118278783e-02 8.522630786036449191e-01 6.639425471754405450e-01 7.394506688496550462e-01 2.160765868933894884e-01 3.733526383323141351e-01 8.330930146960258131e-01 2.393802899649080107e-01 7.195187844735499993e-01 5.780246665787699412e-01 4.230730022137625945e-01 7.939631137838798480e-01 2.882986109417688958e-01 6.120261686620405150e-01 3.691397334260568264e-01 6.346609483083811565e-01 7.807219864718701885e-01 6.806768626235129016e-01 8.719456939971907961e-01 6.130024175821982002e-01 1.110812677142337668e-01 4.270355372256975368e-01 4.958543152982997637e-01 6.039588320148894240e-01
5.625140743283102429e-01 5.620108486140913406e-01 4.546024660241965165e-01 4.110628499303786154e-01 4.291153053772918113e-01 3.632671413918920900e-01 1.018245156123273043e-01 6.088571844280834533e-01 6.961189400068642508e-01 5.107138296722487647e-01 7.287933661118278783e-02 0.000000000000000000e+00 6.273629380705200154e-01 4.516144400952646354e-01 5.515959363240563462e-01 2.150569620715495622e-01 8.820620069417255404e-01 8.375701565419716443e-01 5.546846571063634990e-02 2.443595828217898225e-01 2.307189347582174754e-01 6.208565370231792224e-01 6.657162425120187743e-01 6.604132510471523165e-01 3.617487637800806954e-01 2.517346815888789058e-01 6.346262405340468149e-01 1.670599302269475395e-01 5.231396125117622198e-01 9.252413331014939235e-01 5.991506339832244343e-01 5.974857431354809734e-01 8.939923755241319103e-01 8.679959646100438020e-01 4.044907040863531256e-01
7.371636696109968856e-01 1.551170926709466436e-01 5.906684290201834608e-01 5.869746066587173683e-01 4.232410279774915240e-01 8.669209986510764132e-01 8.655570125375344759e-01 4.145235590876834575e-01 6.545412978373126300e-01 6.275479954926037607e-01 8.522630786036449191e-01 6.273629380705200154e-01 0.000000000000000000e+00 4.160660516008477527e-01 8.600676923279746422e-01 1.136882307090354427e-01 4.549825668414217983e-01 8.115906155150178769e-01 7.397283890528870698e-01 7.271202489190039531e-01 8.046091551433296463e-01 5.526882001943504985e-01 4.537642287722394863e-01 3.793715360982103380e-01 2.629132274324712526e-01 2.946162714649018799e-01 1.057352525303904001e-01 5.299738610879509704e-01 6.872728488510592149e-01 5.233289927490406557e-01 4.925141671159390944e-01 4.148399609879591665e-01 6.721679748757205530e-01 7.908827693173126061e-02 5.825161329974948288e-01
4.425462361608412110e-01 7.058030980469305327e-01 6.806741540314844574e-01 4.518930655574053268e-01 4.339700507608048596e-01 4.015759352001919691e-01 6.162828675439260273e-01 9.045280201234668915e-01 4.429339184191726786e-01 4.203984570316756653e-01 6.639425471754405450e-01 4.516144400952646354e-01 4.160660516008477527e-01 0.000000000000000000e+00 5.945971084753143288e-01 4.448779691397717340e-01 5.312213680007800143e-01 2.804547192508534126e-01 7.568481618141601475e-01 8.400249983205069215e-01 4.304179609962329733e-01 2.778957083594402189e-01 3.088602298813981073e-01 6.095549674501237192e-01 6.371511199827117888e-02 1.465202007334988066e-01 2.538271881468672220e-01 4.894264810269541299e-01 5.075270641160516405e-01 5.064738660089680433e-01 4.453097523055247198e-01 4.484903768117863287e-01 4.778133220550744298e-01 1.080351520065148119e-01 7.438108988370353281e-01
4.797170207283376620e-01 4.737981520437915539e-01 8.262083038235692456e-01 3.544376570143204508e-01 4.524961010417011820e-01 4.470884901583250803e-01 5.381104458522731893e-01 4.010933975995853440e-01 1.874465782862687613e-01 6.146146324953809525e-01 7.394506688496550462e-01 5.515959363240563462e-01 8.600676923279746422e-01 5.945971084753143288e-01 0.000000000000000000e+00 5.662052238388139980e-01 3.666674185585196977e-01 6.077270476184362114e-01 3.740455646439597714e-01 3.600519741137818142e-01 8.006496722860184656e-01 7.602678853896194244e-01 5.691108013125141252e-01 2.756879132627225726e-01 5.525668659166612651e-01 8.873040333491541976e-01 9.100653324960298329e-01 7.425502470357323581e-01 7.899655028738519214e-01 9.444548593713325557e-02 1.995159408754554331e-01 7.524820985804782092e-01 4.795216646716194964e-01 1.545573475532770469e-01 7.169288320090264621e-01
5.586273567477725299e-01 7.309144845008019864e-02 4.612485664116668382e-01 5.984386482950359021e-01 6.993529485951982538e-01 2.975274086451670241e-01 3.310146719066973109e-01 4.198334570788367914e-01 7.133897240638928938e-01 4.421814905010036378e-01 2.160765868933894884e-01 2.150569620715495622e-01 1.136882307090354427e-01 4.448779691397717340e-01 5.662052238388139980e-01 0.000000000000000000e+00 6.459497776131624125e-01 4.686880012766614922e-01 9.005550089624374532e-01 5.847616182560760878e-01 4.169516208934510582e-01 3.259309453702112780e-01 7.087548446506934940e-01 1.997204666988904309e-01 4.147176465286249170e-01 4.352035354645252818e-01 8.057836866608384385e-01 3.845713476417224608e-01 8.502593024214680772e-01 8.698170251728896130e-01 5.036408787709489854e-01 3.508400733220039536e-01 2.415168020147795691e-01 6.151419738636617618e-01 1.724365882199448974e-01
5.030177320386921558e-01 6.526384936691842498e-02 3.522262784654028867e-01 6.898376536928525482e-01 5.123842087022103531e-01 5.020763768269708160e-01 4.271472960460757085e-01 4.904949631030537938e-01 4.891551794130528652e-01 6.127630373000159114e-01 3.733526383323141351e-01 8.820620069417255404e-01 4.549825668414217983e-01 5.312213680007800143e-01 3.666674185585196977e-01 6.459497776131624125e-01 0.000000000000000000e+00 6.924498710685768055e-01 1.512354897412515609e-01 6.745845610782446045e-01 8.544599963929784270e-01 6.678651734372844651e-01 7.909452085737207483e-01 5.039813296745836446e-01 3.303238159932243012e-01 2.044421005119235746e-01 7.784895168057718307e-01 9.542495887582358449e-02 5.275096315186318385e-01 8.004326128476061397e-01 3.022172767651840619e-01 8.023080901623095285e-01 4.594797334842001257e-01 6.883328521414923129e-01 2.179179962500473744e-01
6.575628919199423272e-01 5.070079084544998338e-01 3.024709835960153193e-01 5.074094171382955709e-01 3.674008141591317833e-01 5.567414839756907874e-01 7.303464650364153155e-01 6.220009590711630398e-01 7.469974962011447506e-01 2.776083624090843749e-01 8.330930146960258131e-01 8.375701565419716443e-01 8.115906155150178769e-01 2.804547192508534126e-01 6.077270476184362114e-01 4.686880012766614922e-01 6.924498710685768055e-01 0.000000000000000000e+00 8.676944880843173724e-01 4.425310059438538057e-01 2.926813577456961468e-01 4.523114143542206755e-01 8.494465562893154242e-01 3.435902762820276513e-01 3.071809513465290076e-01 6.234578182716473682e-01 1.825034489880221766e-01 3.351742302005356056e-01 6.508992242110422932e-01 8.963238579399698258e-01 6.880918459321538894e-01 9.540598192130739230e-01 6.629072981555694799e-01 5.362018084585513655e-01 3.837576566483000828e-01
4.387497463775484330e-01 4.933556054469669383e-01 5.275095773242111097e-01 3.359864821680788038e-01 6.486248970880099662e-01 7.215429742584797967e-01 7.638581848782977080e-01 3.976703946300422787e-01 6.514604170172397790e-01 5.873596813064573263e-01 2.393802899649080107e-01 5.546846571063634990e-02 7.397283890528870698e-01 7.568481618141601475e-01 3.740455646439597714e-01 9.005550089624374532e-01 1.512354897412515609e-01 8.676944880843173724e-01 0.000000000000000000e+00 2.608624492326769850e-01 3.252980145247554855e-01 4.938468532011459633e-01 1.786317826970894584e-01 3.145836415101304073e-01 1.838455223739883237e-01 5.302084552879779977e-01 8.699345303760313008e-01 3.583621362329569848e-01 3.632856716719455870e-01 4.790948872430438876e-01 4.026177828338370901e-01 2.544931371653745833e-01 1.665089482500238249e-01 7.808736865308512076e-01 4.620193140450326030e-01
7.435628922219950088e-02 2.806775487553589965e-01 4.665490337109087782e-01 6.340464090020683230e-01 6.543589263528213351e-01 5.306551130968342189e-01 6.607660635518095571e-01 3.440088821062636804e-02 7.755095998799764745e-01 6.697037825210880868e-01 7.195187844735499993e-01 2.443595828217898225e-01 7.271202489190039531e-01 8.400249983205069215e-01 3.600519741137818142e-01 5.847616182560760878e-01 6.745845610782446045e-01 4.425310059438538057e-01 2.608624492326769850e-01 0.000000000000000000e+00 3.364683611574963429e-01 5.541280764321775409e-01 6.867015402930014556e-01 4.147507440882031715e-01 5.572321542083937818e-01 3.377035300190759370e-01 8.834245186464273480e-01 6.107711664077278835e-01 5.614602013540473946e-01 9.889910031619908448e-02 3.698539855473045312e-01 9.169551858898556951e-01 5.207471522491673444e-01 6.065213114989369547e-01 5.235915407777431696e-01
6.396791428672310431e-01 8.038586097107900397e-01 3.211393019199220156e-01 5.162207133039828921e-01 3.507088064426924223e-01 5.176385570072077336e-01 6.029467668300940719e-01 6.358107175920733045e-01 1.740301593489083087e-01 8.427645221077062487e-01 5.780246665787699412e-01 2.307189347582174754e-01 8.046091551433296463e-01 4.304179609962329733e-01 8.006496722860184656e-01 4.169516208934510582e-01 8.544599963929784270e-01 2.926813577456961468e-01 3.252980145247554855e-01 3.364683611574963429e-01 0.000000000000000000e+00 4.691665602682884573e-01 4.948558099125105469e-01 7.326813026903209458e-01 4.177715504841462701e-01 4.156677205884000692e-01 4.904558163343514798e-01 4.327873511841109355e-01 8.907830220423007539e-01 5.881966954707424922e-01 5.376131894711333459e-01 7.829477576486396639e-01 3.328617243138929926e-01 5.927364809566040282e-01 5.068506619080133113e-01
5.179322719717193158e-01 5.272035402861042774e-01 6.011434151996462028e-01 4.596080182334320030e-01 4.344059524535729411e-01 3.694366063751428619e-01 3.395884666671614149e-01 6.158464913587818890e-01 2.625151444489230435e-01 6.371709260090919758e-01 4.230730022137625945e-01 6.208565370231792224e-01 5.526882001943504985e-01 2.778957083594402189e-01 7.602678853896194244e-01 3.259309453702112780e-01 6.678651734372844651e-01 4.523114143542206755e-01 4.938468532011459633e-01 5.541280764321775409e-01 4.691665602682884573e-01 0.000000000000000000e+00 4.027885878651569218e-01 3.858232434040962944e-01 8.641777949819969828e-01 4.213219032528828234e-01 4.635426689200421446e-01 3.389603870468543834e-01 5.693058258397929450e-01 2.234012158571170303e-01 7.988672845391731059e-01 4.056239828123934799e-01 6.152598576356159699e-01 6.124338579608539224e-01 7.515827986656076209e-02
4.903235580962440610e-01 7.457103775031309612e-01 4.677404748029437842e-01 8.503665364214321176e-01 3.588175427816162055e-01 3.023618555670231078e-01 5.651328652483069703e-01 4.754426736962742428e-01 4.843128294077889695e-01 7.424388616946021591e-01 7.939631137838798480e-01 6.657162425120187743e-01 4.537642287722394863e-01 3.088602298813981073e-01 5.691108013125141252e-01 7.087548446506934940e-01 7.909452085737207483e-01 8.494465562893154242e-01 1.786317826970894584e-01 6.867015402930014556e-01 4.948558099125105469e-01 4.027885878651569218e-01 0.000000000000000000e+00 7.095984354441948749e-01 4.362847058341612350e-01 6.316634756298418196e-01 4.535908622641580679e-01 9.160289832496386619e-01 4.523190839584320111e-01 1.007487751518176822e-01 6.783530586798507400e-01 5.200152276952143549e-01 4.794763539750016568e-01 7.240217515867769515e-01 6.051286711505273752e-01
5.589272595131296040e-01 1.942545586218352716e-01 4.127424312951605279e-01 6.186721774100456539e-01 3.829017005919265193e-01 3.928854659145004646e-01 4.437449741264463121e-01 1.404697332399702514e-01 5.050221097182536756e-01 4.830224853651415295e-01 2.882986109417688958e-01 6.604132510471523165e-01 3.793715360982103380e-01 6.095549674501237192e-01 2.756879132627225726e-01 1.997204666988904309e-01 5.039813296745836446e-01 3.435902762820276513e-01 3.145836415101304073e-01 4.147507440882031715e-01 7.326813026903209458e-01 3.858232434040962944e-01 7.095984354441948749e-01 0.000000000000000000e+00 8.798407857500953888e-01 5.109683277762052667e-01 6.714936987527374557e-01 6.183826043777680415e-01 3.459910674281772014e-01 6.257412898953301772e-01 8.673492818264110227e-01 3.858983156929336467e-01 5.707332685933432792e-01 3.683267495694787508e-01 5.525462018829432331e-01
9.070533097198759664e-01 5.009132322767235745e-01 2.781960714958340297e-01 4.818228960265509286e-01 9.326690145505771579e-01 2.883906708204192482e-01 7.636891134466274877e-01 1.349602374734686361e-01 7.242817710360380801e-01 2.611284044975233920e-01 6.120261686620405150e-01 3.617487637800806954e-01 2.629132274324712526e-01 6.371511199827117888e-02 5.525668659166612651e-01 4.147176465286249170e-01 3.303238159932243012e-01 3.071809513465290076e-01 1.838455223739883237e-01 5.572321542083937818e-01 4.177715504841462701e-01 8.641777949819969828e-01 4.362847058341612350e-01 8.798407857500953888e-01 0.000000000000000000e+00 6.086485762768146790e-01 5.927382208182874201e-02 8.943315016368371673e-01 5.343722874819241131e-01 6.608876298113215420e-01 2.828183703973947694e-01 5.254148243330624135e-01 2.006742898660432428e-01 4.773212971866498955e-01 7.644193847594802360e-01
1.883551363166536263e-01 7.693454931440573130e-01 5.616640594911841422e-01 5.157376831445159571e-01 3.542520321101212399e-01 9.283556742215059998e-01 4.623874374997131720e-01 7.473508245968549790e-01 4.211655759697201518e-01 7.438392165663895161e-01 3.691397334260568264e-01 2.517346815888789058e-01 2.946162714649018799e-01 1.465202007334988066e-01 8.873040333491541976e-01 4.352035354645252818e-01 2.044421005119235746e-01 6.234578182716473682e-01 5.302084552879779977e-01 3.377035300190759370e-01 4.156677205884000692e-01 4.213219032528828234e-01 6.316634756298418196e-01 5.109683277762052667e-01 6.086485762768146790e-01 0.000000000000000000e+00 5.749500226423358562e-01 5.773327135403319987e-01 3.041942526195965391e-01 5.794393305405025618e-01 3.642067564059504603e-01 6.107221377760801984e-01 6.271924989524790828e-01 9.444799119879012661e-01 4.612960979578002441e-01
5.311541936138162168e-01 5.647201542282339615e-01 8.468668819910978307e-01 4.562021011048297270e-01 8.866132872892669159e-01 6.106062228860228425e-01 3.402816592117390293e-01 6.259038246971528885e-01 3.851427951760231227e-01 1.790905183208823526e-01 6.346609483083811565e-01 6.346262405340468149e-01 1.057352525303904001e-01 2.538271881468672220e-01 9.100653324960298329e-01 8.057836866608384385e-01 7.784895168057718307e-01 1.825034489880221766e-01 8.699345303760313008e-01 8.834245186464273480e-01 4.904558163343514798e-01 4.635426689200421446e-01 4.535908622641580679e-01 6.714936987527374557e-01 5.927382208182874201e-02 5.749500226423358562e-01 0.000000000000000000e+00 2.238524533952044315e-01 5.065572866065941593e-01 4.799855122125448736e-01 5.342217055263063230e-01 5.445990582942070724e-01 5.308096194697036196e-01 9.121563960841616581e-01 8.701359029385866695e-01
4.965832111932443893e-01 1.607229519451063848e-01 2.998269795797359194e-01 4.350181264646938439e-01 4.229739091124270489e-01 5.761351849791518376e-01 1.501565909135136323e-01 5.721018397847912329e-01 3.432814842012509304e-01 1.596468485539972448e-01 7.807219864718701885e-01 1.670599302269475395e-01 5.299738610879509704e-01 4.894264810269541299e-01 7.425502470357323581e-01 3.845713476417224608e-01 9.542495887582358449e-02 3.351742302005356056e-01 3.583621362329569848e-01 6.107711664077278835e-01 4.327873511841109355e-01 3.389603870468543834e-01 9.160289832496386619e-01 6.183826043777680415e-01 8.943315016368371673e-01 5.773327135403319987e-01 2.238524533952044315e-01 0.000000000000000000e+00 7.544716985801747100e-01 9.155559606089460623e-01 8.471403100192667068e-01 3.816925421730938961e-01 7.026354439352737735e-01 6.008428170729847029e-01 9.823110416752169893e-01
7.011851020109892696e-01 6.869712143569151053e-01 7.117605948489122980e-01 4.908736661411378654e-01 2.221925417097181943e-01 4.516187644550364033e-01 1.818186696482364528e-01 5.405245573499797285e-01 5.636681150747069324e-01 2.611035077190510534e-01 6.806768626235129016e-01 5.231396125117622198e-01 6.872728488510592149e-01 5.075270641160516405e-01 7.899655028738519214e-01 8.502593024214680772e-01 5.275096315186318385e-01 6.508992242110422932e-01 3.632856716719455870e-01 5.614602013540473946e-01 8.907830220423007539e-01 5.693058258397929450e-01 4.523190839584320111e-01 3.459910674281772014e-01 5.343722874819241131e-01 3.041942526195965391e-01 5.065572866065941593e-01 7.544716985801747100e-01 0.000000000000000000e+00 3.819807252247314766e-01 7.881025219873383225e-01 2.482026338863384529e-01 4.081299505398636729e-01 6.926157914231385604e-01 6.346762196930364475e-01
6.207402642172203944e-01 5.264594929639152543e-01 1.632123006475690863e-01 9.057268054348242003e-01 1.973373807904517663e-01 6.298480833103471399e-01 4.683612445072163344e-01 5.109027104536179031e-01 5.793053591790886525e-01 2.692393906705584650e-01 8.719456939971907961e-01 9.252413331014939235e-01 5.233289927490406557e-01 5.064738660089680433e-01 9.444548593713325557e-02 8.698170251728896130e-01 8.004326128476061397e-01 8.963238579399698258e-01 4.790948872430438876e-01 9.889910031619908448e-02 5.881966954707424922e-01 2.234012158571170303e-01 1.007487751518176822e-01 6.257412898953301772e-01 6.608876298113215420e-01 5.794393305405025618e-01 4.799855122125448736e-01 9.155559606089460623e-01 3.819807252247314766e-01 0.000000000000000000e+00 5.602694433653443440e-01 7.695308661147315377e-01 6.902709644477161843e-01 9.328707161662710412e-01 4.369214060446702241e-01
6.930945706631074232e-01 8.641510678575528015e-01 2.673997055815626744e-01 7.532581491147303243e-01 7.270513937515951097e-01 7.219891461500211882e-01 1.449911525400433554e-01 6.504734227402355629e-01 4.349687318932464741e-01 6.244626952756828775e-01 6.130024175821982002e-01 5.991506339832244343e-01 4.925141671159390944e-01 4.453097523055247198e-01 1.995159408754554331e-01 5.036408787709489854e-01 3.022172767651840619e-01 6.880918459321538894e-01 4.026177828338370901e-01 3.698539855473045312e-01 5.376131894711333459e-01 7.988672845391731059e-01 6.783530586798507400e-01 8.673492818264110227e-01 2.828183703973947694e-01 3.642067564059504603e-01 5.342217055263063230e-01 8.471403100192667068e-01 7.881025219873383225e-01 5.602694433653443440e-01 0.000000000000000000e+00 1.348968870321235469e-01 1.235167413861587571e-01 4.316007454925042675e-01 7.808397572408309895e-02
3.193343240971199259e-01 3.588289450278805970e-01 5.570032131548072751e-01 2.640527948894221821e-01 7.484316402338284657e-01 8.113151849889980172e-01 6.726602679768884929e-01 3.455910496335077298e-01 1.709475698515425801e-01 1.768402927243514222e-01 1.110812677142337668e-01 5.974857431354809734e-01 4.148399609879591665e-01 4.484903768117863287e-01 7.524820985804782092e-01 3.508400733220039536e-01 8.023080901623095285e-01 9.540598192130739230e-01 2.544931371653745833e-01 9.169551858898556951e-01 7.829477576486396639e-01 4.056239828123934799e-01 5.200152276952143549e-01 3.858983156929336467e-01 5.254148243330624135e-01 6.107221377760801984e-01 5.445990582942070724e-01 3.816925421730938961e-01 2.482026338863384529e-01 7.695308661147315377e-01 1.348968870321235469e-01 0.000000000000000000e+00 6.884304691878786464e-01 6.230021156938448934e-01 9.025474218740745513e-01
6.365438107993038885e-01 6.601020652830932312e-01 1.797528924959830299e-01 5.874613213827042379e-01 8.451962251797685566e-01 5.436108074100551857e-01 7.279041907500253261e-01 4.077486475424644818e-01 6.615737767570999406e-01 4.919365987531534312e-01 4.270355372256975368e-01 8.939923755241319103e-01 6.721679748757205530e-01 4.778133220550744298e-01 4.795216646716194964e-01 2.415168020147795691e-01 4.594797334842001257e-01 6.629072981555694799e-01 1.665089482500238249e-01 5.207471522491673444e-01 3.328617243138929926e-01 6.152598576356159699e-01 4.794763539750016568e-01 5.707332685933432792e-01 2.006742898660432428e-01 6.271924989524790828e-01 5.308096194697036196e-01 7.026354439352737735e-01 4.081299505398636729e-01 6.902709644477161843e-01 1.235167413861587571e-01 6.884304691878786464e-01 0.000000000000000000e+00 6.985661549931827530e-01 4.796963746126648442e-01
9.248905341532311919e-01 8.688510068935466624e-01 4.235709865196677359e-01 9.181130878756852409e-01 5.096917261092914764e-01 6.155888460441321097e-01 6.029480402585827292e-01 1.214960308228015817e-01 4.292286331425760881e-01 1.580299900619682729e-01 4.958543152982997637e-01 8.679959646100438020e-01 7.908827693173126061e-02 1.080351520065148119e-01 1.545573475532770469e-01 6.151419738636617618e-01 6.883328521414923129e-01 5.362018084585513655e-01 7.808736865308512076e-01 6.065213114989369547e-01 5.927364809566040282e-01 6.124338579608539224e-01 7.240217515867769515e-01 3.683267495694787508e-01 4.773212971866498955e-01 9.444799119879012661e-01 9.121563960841616581e-01 6.008428170729847029e-01 6.926157914231385604e-01 9.328707161662710412e-01 4.316007454925042675e-01 6.230021156938448934e-01 6.985661549931827530e-01 0.000000000000000000e+00 2.971982981380218991e-01
8.147840698682271565e-01 5.283261594474961687e-01 2.519594583299529233e-01 5.279703519487445318e-01 9.159497282880191271e-02 6.676101394407423228e-01 7.120709304004771978e-01 8.974038542416651332e-02 1.040440761606808984e-01 5.314934291360007279e-01 6.039588320148894240e-01 4.044907040863531256e-01 5.825161329974948288e-01 7.438108988370353281e-01 7.169288320090264621e-01 1.724365882199448974e-01 2.179179962500473744e-01 3.837576566483000828e-01 4.620193140450326030e-01 5.235915407777431696e-01 5.068506619080133113e-01 7.515827986656076209e-02 6.051286711505273752e-01 5.525462018829432331e-01 7.644193847594802360e-01 4.612960979578002441e-01 8.701359029385866695e-01 9.823110416752169893e-01 6.346762196930364475e-01 4.369214060446702241e-01 7.808397572408309895e-02 9.025474218740745513e-01 4.796963746126648442e-01 2.971982981380218991e-01 0.000000000000000000e+00
