0.000000000000000000e+00 3.976673579093263911e-01 4.436154768062702813e-01 3.262218456220895568e-01 7.855639101798478352e-01 3.774905971923767090e-01 4.894674444688740245e-01 8.512357328027178038e-01 8.740876540831853392e-01 7.955842460983969522e-01 6.092855069203766405e-01 3.943070216822540108e-01 5.408490431658893316e-01 7.163671536413396268e-01 8.530988467678968235e-01 3.951341598273091504e-01 8.606229664961732029e-01 1.948993064004155285e-01 4.629664514309053125e-01 5.877293760189375993e-01 4.439032552254331132e-01 6.474491136081419462e-01 4.059743940777710836e-01 8.512883450785979633e-02 6.528783719463839841e-01 7.250273350497835612e-01 5.415157513875004103e-01 5.747458361373902758e-01 7.812327460294732351e-01 2.608247096027360712e-01 4.849879512824600281e-01 5.803497075684946882e-01 8.961342355940237203e-01 5.845022049289494426e-01 7.721555528143024816e-01
3.976673579093263911e-01 0.000000000000000000e+00 5.259560413821013913e-01 8.831938628657765022e-01 5.356210232233413748e-01 7.843543793921481377e-01 9.629581883278761634e-01 4.932625806892469988e-01 2.471480345831257308e-01 4.652191457505448491e-01 5.190675376327040791e-01 3.006199895953416412e-01 3.275864282828050422e-01 3.151130977453122650e-01 9.947467234402684877e-02 6.168107109386544717e-01 4.812097014241422666e-01 5.752874619249208621e-01 2.561278954342171010e-01 3.024834329184834525e-01 9.139205284644122962e-01 4.922941941782008612e-01 6.627282577959863197e-01 3.004521299654880351e-01 4.887847586916627129e-01 8.905922282593001782e-01 4.852828670334773942e-01 6.823335092155158321e-01 4.275244073198645745e-01 5.204350532125376905e-01 3.951244799103996730e-01 8.783804312689548199e-01 4.241955584870875096e-01 7.867152831193076068e-01 7.713871675769361502e-01
4.436154768062702813e-01 5.259560413821013913e-01 0.000000000000000000e+00 4.150607208508589885e-01 5.024194139711027907e-01 3.125424848055519123e-01 9.842724583177703268e-01 1.508600686852953343e-01 6.441054028965831346e-01 2.554292293454202278e-01 6.875546898040880706e-01 4.661271542937567292e-01 6.996093992103286086e-01 3.162292262416849242e-01 5.129773365461907098e-01 6.163675612946276638e-01 9.101671357517235883e-01 7.740107393488604437e-01 7.359828585479217811e-01 7.054365730622438324e-01 1.708951595382067756e-01 5.762071208128036748e-01 7.367425197657377911e-01 4.556476743602397850e-01 9.382441899772875349e-01 4.309053334799146096e-01 2.641952627562675904e-01 4.745441680280287344e-01 1.336116208521427318e-01 7.783945333897663854e-01 5.276928426034228625e-01 4.613824340196134854e-01 4.765848269122706649e-01 5.132839511485656203e-01 4.212298309056015100e-01
3.262218456220895568e-01 8.831938628657765022e-01 4.150607208508589885e-01 0.000000000000000000e+00 6.463683242753186509e-01 7.584254751010230944e-01 3.262636088183467065e-01 9.256581019997791593e-01 8.702458513171780208e-01 7.990684288624514409e-01 8.261573167631561798e-01 4.893398005476395363e-01 3.602330961295804324e-01 7.088104063437283830e-01 7.910593490973560904e-01 4.499273887362600921e-01 3.714702210704501906e-01 8.136038995633640969e-01 3.049148928165038575e-01 4.827412509404953034e-01 6.068891051364151412e-01 4.851367830990622187e-01 5.062311760333895183e-01 6.425576526699905422e-01 4.896176123703540606e-01 5.680435591150820862e-01 4.351695628209170108e-01 7.391554112364937534e-01 5.132742556510182519e-01 4.615336193536868081e-01 6.732365067911586509e-01 6.267353596515592429e-01 7.272790961372768148e-01 8.324206573449726143e-01 2.159115357603350605e-01
7.855639101798478352e-01 5.356210232233413748e-01 5.024194139711027907e-01 6.463683242753186509e-01 0.000000000000000000e+00 5.834459577315125323e-01 8.709267452526050501e-01 5.264323723626030960e-01 7.265708726509569892e-01 5.597350412330933667e-01 4.615435090466664114e-01 5.008789764193044558e-01 1.885436065359064051e-01 5.180178434743504257e-01 9.588997562770453786e-01 6.456374000376233768e-01 7.665500793530147794e-01 5.499488851948608481e-01 4.538611055337227196e-01 3.283569960245265040e-01 7.543765802243337371e-01 7.293256973948548660e-01 6.616585945199096042e-01 6.845986668506263140e-01 5.176035881362213154e-01 4.273697875252682743e-01 3.836285563886906447e-01 4.889539443913231698e-01 1.473732289976570353e-02 8.195546531840081084e-01 6.969085069459095561e-01 3.804804739881864628e-01 4.938448153422790865e-01 8.475663357636326056e-01 4.841390242087100226e-01
3.774905971923767090e-01 7.843543793921481377e-01 3.125424848055519123e-01 7.584254751010230944e-01 5.834459577315125323e-01 0.000000000000000000e+00 5.639133798657935959e-01 7.025246622053163970e-01 3.625239564966094008e-01 3.808483606736308702e-01 6.496797048778799599e-01 1.934254021641261256e-01 6.549635604300205749e-01 5.352829739492170891e-01 4.175441814808097396e-01 9.631164960772753414e-02 3.875599758895690861e-01 5.621829386233030412e-01 4.513048557015740814e-01 4.299487463873791215e-01 2.695007583526465300e-01 7.909538123557969813e-01 4.828706574983023248e-01 1.900684510771859514e-01 9.552639428316092030e-01 6.825640905160932359e-01 5.539983616749974971e-01 1.044174211797140872e-01 8.134843715902284611e-01 6.561315296548214659e-01 8.967348779269885828e-01 6.055463982826581049e-01 7.353186603215370321e-01 5.194124490452471932e-01 7.543117821543253720e-01
4.894674444688740245e-01 9.629581883278761634e-01 9.842724583177703268e-01 3.262636088183467065e-01 8.709267452526050501e-01 5.639133798657935959e-01 0.000000000000000000e+00 5.775555119902473500e-01 1.171090867849389205e-02 2.219854660177394967e-01 6.882267014141085770e-02 5.547353066135269906e-01 6.585853023645555915e-01 3.062598311681883900e-01 7.336347404805884098e-01 6.643133621380624687e-01 4.877525738974963221e-01 2.222238127520514417e-01 4.917084952815374277e-01 5.149362233848197024e-01 8.581216510221845173e-01 7.631736777607935895e-01 7.360666753928248873e-01 6.064287940898076545e-01 9.295164731866804031e-01 7.207936033979899237e-01 8.099545552969874551e-01 1.189577133547869980e-01 5.845111601514775268e-01 5.250733401672178502e-01 5.884493234383818550e-01 9.314480405481065928e-01 7.792998369928769709e-01 7.890022787896061596e-01 3.744677033666906629e-01
8.512357328027178038e-01 4.932625806892469988e-01 1.508600686852953343e-01 9.256581019997791593e-01 5.264323723626030960e-01 7.025246622053163970e-01 5.775555119902473500e-01 0.000000000000000000e+00 8.861007546909916988e-01 4.012527443735656174e-01 8.740196391173828960e-01 7.876362582468101614e-01 2.605173282327819528e-01 5.523727044363777594e-01 2.816290263579008801e-01 6.882707755485819590e-01 9.269699186436125560e-01 2.855891893653260682e-01 1.171941486493065510e-01 9.211250039384486499e-01 5.571482909635723235e-01 4.123561166768146546e-01 6.097487116162131349e-01 1.713508080270564893e-01 5.451164683872987693e-01 4.760785603443377645e-01 3.585694014000833652e-01 4.281706280131917230e-01 6.918167170845433978e-01 1.576947017356071790e-01 8.426664340334819592e-01 6.596823600158944201e-01 6.751021115239996817e-01 4.657241795360733683e-02 5.077129199675936011e-01
8.740876540831853392e-01 2.471480345831257308e-01 6.441054028965831346e-01 8.702458513171780208e-01 7.265708726509569892e-01 3.625239564966094008e-01 1.171090867849389205e-02 8.861007546909916988e-01 0.000000000000000000e+00 3.252653980226322128e-01 7.073845121957561544e-01 8.647962069404881991e-01 9.841138254667703977e-01 4.601875697517214814e-01 7.114565042142638740e-01 4.588914892687319114e-01 8.016624024459619857e-01 6.907990172844319376e-01 7.785125286012049006e-01 3.111217651952461472e-01 5.816669524180770878e-01 4.606719585407764717e-01 5.235927083409703808e-01 3.823528057046638451e-01 4.546488836064311867e-01 3.378041418688942366e-01 4.637933160523947107e-01 5.108866498962845171e-01 4.303298311360157502e-01 2.878397731547462923e-01 6.391438319207325414e-01 5.464244132103273088e-01 5.627560572622921642e-01 7.620431050005365137e-01 5.786708079647899794e-01
7.955842460983969522e-01 4.652191457505448491e-01 2.554292293454202278e-01 7.990684288624514409e-01 5.597350412330933667e-01 3.808483606736308702e-01 2.219854660177394967e-01 4.012527443735656174e-01 3.252653980226322128e-01 0.000000000000000000e+00 8.360257883641472043e-01 5.311067430508591425e-01 7.354683739372055440e-01 5.818039434779972430e-01 6.361344242018819317e-01 6.337516220530032829e-01 6.262360797217786379e-01 5.755246941372906821e-01 5.834785858319668783e-01 5.626118718326759138e-01 6.400905740792921517e-01 2.089629553241241222e-01 5.783653664249858162e-01 6.216273700362477950e-01 5.287784630295337962e-01 3.773444491740367002e-01 6.633463373060720647e-01 4.441359892709758062e-01 7.091541713466658070e-01 2.923591910571483043e-01 8.341148466748098400e-01 7.782209155636875542e-01 8.226543900416602995e-01 8.907697558240691427e-01 4.938963435273089897e-01
6.092855069203766405e-01 5.190675376327040791e-01 6.875546898040880706e-01 8.261573167631561798e-01 4.615435090466664114e-01 6.496797048778799599e-01 6.882267014141085770e-02 8.740196391173828960e-01 7.073845121957561544e-01 8.360257883641472043e-01 0.000000000000000000e+00 8.156444642931601763e-01 7.902147261718750482e-01 5.019171641111442872e-01 4.534527766666327508e-01 9.525097503579877944e-01 6.765939250067656285e-01 6.818832457651848866e-01 5.723235472864856010e-01 4.587205078525894431e-01 5.190188234510403342e-01 5.454752643422826619e-01 6.390249626837418706e-02 4.472097048147413711e-01 1.674789848610203080e-01 6.155313285761276898e-01 4.237736736716562480e-01 9.269459961399759695e-01 1.174918235205838490e-01 3.265179840000662637e-01 1.172453102386517010e-01 9.383206267757466801e-01 3.304439895494375445e-01 2.947287805167889685e-01 5.943307172887641876e-01
3.943070216822540108e-01 3.006199895953416412e-01 4.661271542937567292e-01 4.893398005476395363e-01 5.008789764193044558e-01 1.934254021641261256e-01 5.547353066135269906e-01 7.876362582468101614e-01 8.647962069404881991e-01 5.311067430508591425e-01 8.156444642931601763e-01 0.000000000000000000e+00 3.368670197327904292e-01 5.615560799780574541e-01 7.192685785911042684e-01 9.370239087269086609e-01 4.101061261562587434e-01 5.286355156263700117e-01 5.188994539811263573e-01 4.731533007284247638e-01 6.766301964302539051e-01 3.463833913503323592e-01 5.374937334543644640e-01 5.332468130958712971e-01 4.825618455538353557e-01 7.572246316427206914e-01 9.318616005391476831e-01 6.321408972192996689e-01 7.676505241182801642e-01 1.807866653989578243e-01 7.734074683329443811e-01 8.566433129479360531e-01 5.518442989796820131e-01 4.407832805405795251e-01 3.593713978879746751e-01
5.408490431658893316e-01 3.275864282828050422e-01 6.996093992103286086e-01 3.602330961295804324e-01 1.885436065359064051e-01 6.549635604300205749e-01 6.585853023645555915e-01 2.605173282327819528e-01 9.841138254667703977e-01 7.354683739372055440e-01 7.902147261718750482e-01 3.368670197327904292e-01 0.000000000000000000e+00 2.287127437128362306e-01 4.099595286967832042e-01 2.263450951874969863e-01 4.602689709419324759e-01 6.500676408860925903e-01 1.912839370870323408e-01 5.948051790165576058e-01 6.363047520424450765e-01 7.276294390761428588e-02 8.292572123884702773e-01 5.566027087035982923e-01 7.235886149207412243e-01 1.578342421103816617e-01 6.131256251459856754e-01 4.948724652871093754e-01 6.999105325940149225e-01 6.340330310177512141e-01 2.276228280175085494e-02 9.082740681649931203e-01 4.583917633313913664e-01 5.874616354090255177e-01 5.423772805778216410e-01
7.163671536413396268e-01 3.151130977453122650e-01 3.162292262416849242e-01 7.088104063437283830e-01 5.180178434743504257e-01 5.352829739492170891e-01 3.062598311681883900e-01 5.523727044363777594e-01 4.601875697517214814e-01 5.818039434779972430e-01 5.019171641111442872e-01 5.615560799780574541e-01 2.287127437128362306e-01 0.000000000000000000e+00 4.703184135034047531e-01 6.631626927046531117e-01 6.176253349902294243e-01 8.281096643487545483e-01 4.180034539063516297e-01 9.364368331041081905e-01 5.361837689893131920e-01 7.983836132883571635e-01 2.619235619977562379e-01 5.531971705422757957e-01 8.497883938279816585e-01 7.034957771914502889e-01 6.507432634070795530e-01 7.685037945388973890e-01 3.719082816328043162e-01 7.992622092006929080e-01 8.866314074657510869e-01 1.765518088618414083e-01 9.740165783145215972e-02 1.936252030321510276e-01 4.984951318324745695e-01
8.530988467678968235e-01 9.947467234402684877e-02 5.129773365461907098e-01 7.910593490973560904e-01 9.588997562770453786e-01 4.175441814808097396e-01 7.336347404805884098e-01 2.816290263579008801e-01 7.114565042142638740e-01 6.361344242018819317e-01 4.534527766666327508e-01 7.192685785911042684e-01 4.099595286967832042e-01 4.703184135034047531e-01 0.000000000000000000e+00 5.333637977215053283e-01 9.063578636006657252e-01 5.174595960583561194e-01 1.060177344888070250e-01 3.662874751405657547e-01 4.097740263833891672e-01 4.594330532918693422e-01 8.938602545322198445e-01 2.577916977640412055e-01 5.206279638541752020e-01 5.730627549334479376e-01 3.874361892822809628e-01 7.224963631509473405e-01 3.843726840357816199e-01 4.170147051726976750e-01 7.485632151005691126e-01 7.426836661898655878e-01 4.867768617486303295e-01 6.679251302534463530e-01 3.999638215186307466e-01
3.951341598273091504e-01 6.168107109386544717e-01 6.163675612946276638e-01 4.499273887362600921e-01 6.456374000376233768e-01 9.631164960772753414e-02 6.643133621380624687e-01 6.882707755485819590e-01 4.588914892687319114e-01 6.337516220530032829e-01 9.525097503579877944e-01 9.370239087269086609e-01 2.263450951874969863e-01 6.631626927046531117e-01 5.333637977215053283e-01 0.000000000000000000e+00 6.963936491712603427e-01 3.870206644269303942e-01 7.323702989310086897e-01 3.939456576188898884e-01 4.662443116411750799e-01 6.703876922598384080e-01 4.288685381588158152e-01 9.405926639665536104e-01 7.645716892589515812e-01 9.080431555646584219e-01 3.267514994910557524e-01 5.215277128600008805e-01 5.989982473379125150e-01 3.201806422329154245e-01 3.921090314547187594e-01 5.206801016958841899e-01 5.083787587318560064e-01 1.319980370971873818e-01 5.214231509426772160e-01
8.606229664961732029e-01 4.812097014241422666e-01 9.101671357517235883e-01 3.714702210704501906e-01 7.665500793530147794e-01 3.875599758895690861e-01 4.877525738974963221e-01 9.269699186436125560e-01 8.016624024459619857e-01 6.262360797217786379e-01 6.765939250067656285e-01 4.101061261562587434e-01 4.602689709419324759e-01 6.176253349902294243e-01 9.063578636006657252e-01 6.963936491712603427e-01 0.000000000000000000e+00 8.067909365806031907e-01 5.158732913964700906e-01 5.276218819273914562e-01 7.791636308901193075e-01 7.812626723496333137e-01 8.414630372827098803e-01 6.101669414847463724e-01 7.703862785247479472e-01 7.177480274516119252e-01 4.133756253395671765e-01 6.891111857918017503e-01 1.842510426019078329e-01 4.535494664690301048e-01 5.199151925555193232e-01 6.645793433504303405e-01 7.516323484768216989e-01 6.950265020006822780e-01 5.911998192018286247e-01
1.948993064004155285e-01 5.752874619249208621e-01 7.740107393488604437e-01 8.136038995633640969e-01 5.499488851948608481e-01 5.621829386233030412e-01 2.222238127520514417e-01 2.855891893653260682e-01 6.907990172844319376e-01 5.755246941372906821e-01 6.818832457651848866e-01 5.286355156263700117e-01 6.500676408860925903e-01 8.281096643487545483e-01 5.174595960583561194e-01 3.870206644269303942e-01 8.067909365806031907e-01 0.000000000000000000e+00 2.736901016242556661e-01 8.046477652278178905e-01 7.355809439383560466e-01 6.726650032788754618e-01 4.436190551134174265e-01 2.338820192261730213e-01 2.544488570217197099e-01 8.425458653277342336e-01 9.753811022533853681e-02 5.946123626670902773e-01 3.635487994353944763e-01 5.145673105630271804e-01 7.250200743030880135e-01 7.029937786576387904e-01 4.071448685919023536e-01 1.544641645278774789e-01 4.870962579637049261e-01
4.629664514309053125e-01 2.561278954342171010e-01 7.359828585479217811e-01 3.049148928165038575e-01 4.538611055337227196e-01 4.513048557015740814e-01 4.917084952815374277e-01 1.171941486493065510e-01 7.785125286012049006e-01 5.834785858319668783e-01 5.723235472864856010e-01 5.188994539811263573e-01 1.912839370870323408e-01 4.180034539063516297e-01 1.060177344888070250e-01 7.323702989310086897e-01 5.158732913964700906e-01 2.736901016242556661e-01 0.000000000000000000e+00 7.957254263949857798e-01 8.710246185710943667e-01 5.194970344886314928e-01 3.806933202759262835e-01 8.562065026833443060e-01 9.120596393466763319e-01 5.177763403281834265e-01 6.311170020862670871e-01 7.946224344664387651e-01 5.194747528919685386e-01 7.739610939327086214e-01 2.045822739457263673e-01 6.037352044926169725e-01 6.532464446363349664e-01 6.508212743521455401e-01 4.970485054613332787e-01
5.877293760189375993e-01 3.024834329184834525e-01 7.054365730622438324e-01 4.827412509404953034e-01 3.283569960245265040e-01 4.299487463873791215e-01 5.149362233848197024e-01 9.211250039384486499e-01 3.111217651952461472e-01 5.626118718326759138e-01 4.587205078525894431e-01 4.731533007284247638e-01 5.948051790165576058e-01 9.364368331041081905e-01 3.662874751405657547e-01 3.939456576188898884e-01 5.276218819273914562e-01 8.046477652278178905e-01 7.957254263949857798e-01 0.000000000000000000e+00 7.429060953944752743e-01 3.519442926775748770e-01 5.331996401703229527e-01 3.760717022337833892e-01 9.050084690386630548e-01 6.716414492071427489e-01 7.078935083385626825e-01 4.118262243835710268e-01 5.315937294160067994e-01 4.929794431237370378e-01 6.105819575637070340e-01 9.152157504127602650e-01 7.778259147830823839e-01 1.812869587096566648e-01 4.609498675984614602e-01
4.439032552254331132e-01 9.139205284644122962e-01 1.708951595382067756e-01 6.068891051364151412e-01 7.543765802243337371e-01 2.695007583526465300e-01 8.581216510221845173e-01 5.571482909635723235e-01 5.816669524180770878e-01 6.400905740792921517e-01 5.190188234510403342e-01 6.766301964302539051e-01 6.363047520424450765e-01 5.361837689893131920e-01 4.097740263833891672e-01 4.662443116411750799e-01 7.791636308901193075e-01 7.355809439383560466e-01 8.710246185710943667e-01 7.429060953944752743e-01 0.000000000000000000e+00 8.815819412798495680e-01 5.454406550661842212e-01 7.399625647095410264e-01 8.749623830516272127e-01 4.015030139433136136e-01 2.647176235872106265e-01 9.539584077597613732e-01 1.887620395768011550e-01 3.610828125986854653e-01 7.465138667887742940e-01 2.988840815108647075e-01 9.057733045103292246e-01 5.293968522905260210e-01 3.978055511483541418e-01
6.474491136081419462e-01 4.922941941782008612e-01 5.762071208128036748e-01 4.851367830990622187e-01 7.293256973948548660e-01 7.909538123557969813e-01 7.631736777607935895e-01 4.123561166768146546e-01 4.606719585407764717e-01 2.089629553241241222e-01 5.454752643422826619e-01 3.463833913503323592e-01 7.276294390761428588e-02 7.983836132883571635e-01 4.594330532918693422e-01 6.703876922598384080e-01 7.812626723496333137e-01 6.726650032788754618e-01 5.194970344886314928e-01 3.519442926775748770e-01 8.815819412798495680e-01 0.000000000000000000e+00 7.956625583656905532e-01 7.266919655675962986e-01 4.907805099200847065e-01 4.706757224929781214e-01 8.452283180173205679e-01 7.374682782349819554e-01 4.248952323683737875e-01 8.363818625446054478e-01 2.498844323549933022e-01 8.609898510249784920e-01 8.213542940517404300e-01 3.827388215103671998e-01 8.174854886703044610e-01
4.059743940777710836e-01 6.627282577959863197e-01 7.367425197657377911e-01 5.062311760333895183e-01 6.616585945199096042e-01 4.828706574983023248e-01 7.360666753928248873e-01 6.097487116162131349e-01 5.235927083409703808e-01 5.783653664249858162e-01 6.390249626837418706e-02 5.374937334543644640e-01 8.292572123884702773e-01 2.619235619977562379e-01 8.938602545322198445e-01 4.288685381588158152e-01 8.414630372827098803e-01 4.436190551134174265e-01 3.806933202759262835e-01 5.331996401703229527e-01 5.454406550661842212e-01 7.956625583656905532e-01 0.000000000000000000e+00 7.805626444871675007e-01 6.911919529114266547e-01 4.460487141531891409e-01 3.973223856096788076e-01 3.211729377686192155e-01 3.967562506068940120e-01 8.452407549200106063e-01 5.824233965278742264e-01 5.102546588431621233e-01 5.602810422347348496e-01 3.231090879701481455e-01 7.565148240620918063e-01
8.512883450785979633e-02 3.004521299654880351e-01 4.556476743602397850e-01 6.425576526699905422e-01 6.845986668506263140e-01 1.900684510771859514e-01 6.064287940898076545e-01 1.713508080270564893e-01 3.823528057046638451e-01 6.216273700362477950e-01 4.472097048147413711e-01 5.332468130958712971e-01 5.566027087035982923e-01 5.531971705422757957e-01 2.577916977640412055e-01 9.405926639665536104e-01 6.101669414847463724e-01 2.338820192261730213e-01 8.562065026833443060e-01 3.760717022337833892e-01 7.399625647095410264e-01 7.266919655675962986e-01 7.805626444871675007e-01 0.000000000000000000e+00 6.067877135357429008e-01 6.249398655444060591e-02 8.106407852420818294e-01 4.829801233961293905e-01 3.138964835941697729e-01 2.254189066487156390e-01 8.341815934462408766e-01 6.891567932684337094e-01 4.628662294382325237e-01 3.988100986588751784e-01 6.594229186675801824e-01
6.528783719463839841e-01 4.887847586916627129e-01 9.382441899772875349e-01 4.896176123703540606e-01 5.176035881362213154e-01 9.552639428316092030e-01 9.295164731866804031e-01 5.451164683872987693e-01 4.546488836064311867e-01 5.287784630295337962e-01 1.674789848610203080e-01 4.825618455538353557e-01 7.235886149207412243e-01 8.497883938279816585e-01 5.206279638541752020e-01 7.645716892589515812e-01 7.703862785247479472e-01 2.544488570217197099e-01 9.120596393466763319e-01 9.050084690386630548e-01 8.749623830516272127e-01 4.907805099200847065e-01 6.911919529114266547e-01 6.067877135357429008e-01 0.000000000000000000e+00 7.322844865009968673e-01 5.442403403975855092e-01 3.875213078018470703e-01 6.993011918690068551e-01 8.491572526395370080e-01 5.948679030632326725e-01 4.453536650929857399e-01 3.072635836290653621e-01 8.099898640153470053e-01 7.263377418683245601e-01
7.250273350497835612e-01 8.905922282593001782e-01 4.309053334799146096e-01 5.680435591150820862e-01 4.273697875252682743e-01 6.825640905160932359e-01 7.207936033979899237e-01 4.760785603443377645e-01 3.378041418688942366e-01 3.773444491740367002e-01 6.155313285761276898e-01 7.572246316427206914e-01 1.578342421103816617e-01 7.034957771914502889e-01 5.730627549334479376e-01 9.080431555646584219e-01 7.177480274516119252e-01 8.425458653277342336e-01 5.177763403281834265e-01 6.716414492071427489e-01 4.015030139433136136e-01 4.706757224929781214e-01 4.460487141531891409e-01 6.249398655444060591e-02 7.322844865009968673e-01 0.000000000000000000e+00 4.787707839348238070e-01 3.754379785852762219e-01 5.160672262448153802e-01 9.147406353069629237e-01 1.674234251143101870e-01 7.640485450036660353e-01 3.735066799778198332e-01 6.257340396734580867e-01 2.082951494426074079e-01
5.415157513875004103e-01 4.852828670334773942e-01 2.641952627562675904e-01 4.351695628209170108e-01 3.836285563886906447e-01 5.539983616749974971e-01 8.099545552969874551e-01 3.585694014000833652e-01 4.637933160523947107e-01 6.633463373060720647e-01 4.237736736716562480e-01 9.318616005391476831e-01 6.131256251459856754e-01 6.507432634070795530e-01 3.874361892822809628e-01 3.267514994910557524e-01 4.133756253395671765e-01 9.753811022533853681e-02 6.311170020862670871e-01 7.078935083385626825e-01 2.647176235872106265e-01 8.452283180173205679e-01 3.973223856096788076e-01 8.106407852420818294e-01 5.442403403975855092e-01 4.787707839348238070e-01 0.000000000000000000e+00 5.409817732656139189e-01 2.221922031015236276e-01 7.108309137688146873e-01 3.568782895021047619e-01 3.115235853280423628e-01 8.430158043243001220e-01 7.553592410602268936e-01 3.939329211742071957e-01
5.747458361373902758e-01 6.823335092155158321e-01 4.745441680280287344e-01 7.391554112364937534e-01 4.889539443913231698e-01 1.044174211797140872e-01 1.189577133547869980e-01 4.281706280131917230e-01 5.108866498962845171e-01 4.441359892709758062e-01 9.269459961399759695e-01 6.321408972192996689e-01 4.948724652871093754e-01 7.685037945388973890e-01 7.224963631509473405e-01 5.215277128600008805e-01 6.891111857918017503e-01 5.946123626670902773e-01 7.946224344664387651e-01 4.118262243835710268e-01 9.539584077597613732e-01 7.374682782349819554e-01 3.211729377686192155e-01 4.829801233961293905e-01 3.875213078018470703e-01 3.754379785852762219e-01 5.409817732656139189e-01 0.000000000000000000e+00 7.554424963527877068e-01 6.485904939791651280e-01 4.174394605579426765e-01 7.773659213615673469e-01 4.594990184917049358e-01 3.646309610930150158e-01 9.309134895635721163e-01
7.812327460294732351e-01 4.275244073198645745e-01 1.336116208521427318e-01 5.132742556510182519e-01 1.473732289976570353e-02 8.134843715902284611e-01 5.845111601514775268e-01 6.918167170845433978e-01 4.303298311360157502e-01 7.091541713466658070e-01 1.174918235205838490e-01 7.676505241182801642e-01 6.999105325940149225e-01 3.719082816328043162e-01 3.843726840357816199e-01 5.989982473379125150e-01 1.842510426019078329e-01 3.635487994353944763e-01 5.194747528919685386e-01 5.315937294160067994e-01 1.887620395768011550e-01 4.248952323683737875e-01 3.967562506068940120e-01 3.138964835941697729e-01 6.993011918690068551e-01 5.160672262448153802e-01 2.221922031015236276e-01 7.554424963527877068e-01 0.000000000000000000e+00 5.772851748893628177e-01 4.380936219191252645e-01 3.419023416503691459e-01 5.246150900870071299e-01 3.479456848037748573e-01 6.542520141041596737e-01
2.608247096027360712e-01 5.204350532125376905e-01 7.783945333897663854e-01 4.615336193536868081e-01 8.195546531840081084e-01 6.561315296548214659e-01 5.250733401672178502e-01 1.576947017356071790e-01 2.878397731547462923e-01 2.923591910571483043e-01 3.265179840000662637e-01 1.807866653989578243e-01 6.340330310177512141e-01 7.992622092006929080e-01 4.170147051726976750e-01 3.201806422329154245e-01 4.535494664690301048e-01 5.145673105630271804e-01 7.739610939327086214e-01 4.929794431237370378e-01 3.610828125986854653e-01 8.363818625446054478e-01 8.452407549200106063e-01 2.254189066487156390e-01 8.491572526395370080e-01 9.147406353069629237e-01 7.108309137688146873e-01 6.485904939791651280e-01 5.772851748893628177e-01 0.000000000000000000e+00 5.075229467572174302e-01 7.838523037265117122e-01 3.483292917461262572e-01 8.315206246054807071e-01 2.173543173599026268e-01
4.849879512824600281e-01 3.951244799103996730e-01 5.276928426034228625e-01 6.732365067911586509e-01 6.969085069459095561e-01 8.967348779269885828e-01 5.884493234383818550e-01 8.426664340334819592e-01 6.391438319207325414e-01 8.341148466748098400e-01 1.172453102386517010e-01 7.734074683329443811e-01 2.276228280175085494e-02 8.866314074657510869e-01 7.485632151005691126e-01 3.921090314547187594e-01 5.199151925555193232e-01 7.250200743030880135e-01 2.045822739457263673e-01 6.105819575637070340e-01 7.465138667887742940e-01 2.498844323549933022e-01 5.824233965278742264e-01 8.341815934462408766e-01 5.948679030632326725e-01 1.674234251143101870e-01 3.568782895021047619e-01 4.174394605579426765e-01 4.380936219191252645e-01 5.075229467572174302e-01 0.000000000000000000e+00 7.976423758289725718e-01 4.512565092346886297e-01 4.183894569557382592e-01 4.958949037210923505e-01
5.803497075684946882e-01 8.783804312689548199e-01 4.613824340196134854e-01 6.267353596515592429e-01 3.804804739881864628e-01 6.055463982826581049e-01 9.314480405481065928e-01 6.596823600158944201e-01 5.464244132103273088e-01 7.782209155636875542e-01 9.383206267757466801e-01 8.566433129479360531e-01 9.082740681649931203e-01 1.765518088618414083e-01 7.426836661898655878e-01 5.206801016958841899e-01 6.645793433504303405e-01 7.029937786576387904e-01 6.037352044926169725e-01 9.152157504127602650e-01 2.988840815108647075e-01 8.609898510249784920e-01 5.102546588431621233e-01 6.891567932684337094e-01 4.453536650929857399e-01 7.640485450036660353e-01 3.115235853280423628e-01 7.773659213615673469e-01 3.419023416503691459e-01 7.838523037265117122e-01 7.976423758289725718e-01 0.000000000000000000e+00 5.348097687251643917e-01 7.261198868901073133e-01 4.771925707086384638e-01
8.961342355940237203e-01 4.241955584870875096e-01 4.765848269122706649e-01 7.272790961372768148e-01 4.938448153422790865e-01 7.353186603215370321e-01 7.792998369928769709e-01 6.751021115239996817e-01 5.627560572622921642e-01 8.226543900416602995e-01 3.304439895494375445e-01 5.518442989796820131e-01 4.583917633313913664e-01 9.740165783145215972e-02 4.867768617486303295e-01 5.083787587318560064e-01 7.516323484768216989e-01 4.071448685919023536e-01 6.532464446363349664e-01 7.778259147830823839e-01 9.057733045103292246e-01 8.213542940517404300e-01 5.602810422347348496e-01 4.628662294382325237e-01 3.072635836290653621e-01 3.735066799778198332e-01 8.430158043243001220e-01 4.594990184917049358e-01 5.246150900870071299e-01 3.483292917461262572e-01 4.512565092346886297e-01 5.348097687251643917e-01 0.000000000000000000e+00 3.908917276651484585e-01 3.566749413241827038e-01
5.845022049289494426e-01 7.867152831193076068e-01 5.132839511485656203e-01 8.324206573449726143e-01 8.475663357636326056e-01 5.194124490452471932e-01 7.890022787896061596e-01 4.657241795360733683e-02 7.620431050005365137e-01 8.907697558240691427e-01 2.947287805167889685e-01 4.407832805405795251e-01 5.874616354090255177e-01 1.936252030321510276e-01 6.679251302534463530e-01 1.319980370971873818e-01 6.950265020006822780e-01 1.544641645278774789e-01 6.508212743521455401e-01 1.812869587096566648e-01 5.293968522905260210e-01 3.827388215103671998e-01 3.231090879701481455e-01 3.988100986588751784e-01 8.099898640153470053e-01 6.257340396734580867e-01 7.553592410602268936e-01 3.646309610930150158e-01 3.479456848037748573e-01 8.315206246054807071e-01 4.183894569557382592e-01 7.261198868901073133e-01 3.908917276651484585e-01 0.000000000000000000e+00 6.670346646397951051e-02
7.721555528143024816e-01 7.713871675769361502e-01 4.212298309056015100e-01 2.159115357603350605e-01 4.841390242087100226e-01 7.543117821543253720e-01 3.744677033666906629e-01 5.077129199675936011e-01 5.786708079647899794e-01 4.938963435273089897e-01 5.943307172887641876e-01 3.593713978879746751e-01 5.423772805778216410e-01 4.984951318324745695e-01 3.999638215186307466e-01 5.214231509426772160e-01 5.911998192018286247e-01 4.870962579637049261e-01 4.970485054613332787e-01 4.609498675984614602e-01 3.978055511483541418e-01 8.174854886703044610e-01 7.565148240620918063e-01 6.594229186675801824e-01 7.263377418683245601e-01 2.082951494426074079e-01 3.939329211742071957e-01 9.309134895635721163e-01 6.542520141041596737e-01 2.173543173599026268e-01 4.958949037210923505e-01 4.771925707086384638e-01 3.566749413241827038e-01 6.670346646397951051e-02 0.000000000000000000e+00
