0.000000000000000000e+00 6.223794074022084288e-01 8.252670948512046412e-01 3.105920183902089460e-01 7.136313988253466523e-01 3.732648074107304259e-01 3.892430696363000653e-01 4.779516308057298324e-01 5.720666239098377570e-01 5.176800018235887535e-01 3.736915801623335587e-01 8.303682099152387419e-01 5.107081470137375678e-01 5.187013107580293880e-01 6.858790565146085649e-01 6.158198622970046943e-01 4.384401297346880444e-01 5.564712146592859510e-01 5.702958807785868389e-01 4.632099467637207368e-01 5.960467879624251619e-01 3.728491975609505849e-01 3.282191983437978688e-01 4.947586441539426061e-01 4.244760450605692959e-01 3.835050959717499208e-01 8.028728939770805040e-01 5.971055656749784113e-01 7.532699173022001649e-01 5.201704248617359250e-01 8.324198102770010710e-01 2.095484159741319852e-01 1.368944729421793238e-01 6.268399085019915606e-02 4.485204830409896815e-01
6.223794074022084288e-01 0.000000000000000000e+00 5.760306875969192220e-01 3.687746110821514822e-01 8.297869925098437793e-01 5.362594751092877310e-01 3.632839204343133455e-01 8.494551076048317828e-01 5.234800969350449362e-01 5.157257999772111301e-01 1.938604412262457943e-01 6.280562391616756335e-01 7.786901822557925623e-01 5.127227854836685639e-01 1.291430485620383983e-01 7.825388571100322377e-01 1.852834193810029006e-01 3.636893997316503757e-01 4.636735169159334480e-01 6.364798443914319037e-01 7.310048975880657496e-01 2.105314401275751868e-01 6.855837669354573061e-01 3.885361448404962559e-01 4.935909651875519111e-01 5.855215000696932792e-01 1.525279182060088612e-01 5.222011761532097118e-01 3.876069871210320872e-01 3.504792644226544240e-01 6.555111305117515830e-01 7.153259816015473671e-01 4.308176358648880822e-01 5.000731372221467463e-01 1.843379632754629238e-01
8.252670948512046412e-01 5.760306875969192220e-01 0.000000000000000000e+00 2.502700696069767305e-01 9.617909776194419891e-01 4.472486748467747741e-01 2.701892544084479875e-01 4.653745839751384228e-01 6.914511553875876126e-01 7.768534732545404609e-01 8.357200063505647591e-01 3.596772392593501344e-01 8.878120180909556680e-01 5.460590466494491535e-01 9.609801187168232062e-02 6.646685336333166827e-01 8.709147698975949758e-01 6.686190235419091632e-01 1.221717512555509089e-01 7.976092662978596648e-01 3.425844939395601418e-01 5.663947515279672551e-01 5.583453906011879297e-01 3.559602452910393677e-01 3.670766575159155609e-01 5.590927698742096386e-01 7.928881525457052160e-01 5.702888069117890701e-01 2.506134976095626965e-01 6.107373051886431092e-01 8.892402535390487861e-01 4.268641958142824766e-01 6.572217363167760507e-01 2.910009365435333173e-01 7.384334876146954052e-01
3.105920183902089460e-01 3.687746110821514822e-01 2.502700696069767305e-01 0.000000000000000000e+00 4.135733544386991367e-01 5.102342039911457183e-01 4.617071325017608197e-01 2.614350936165863448e-01 5.535141229208087044e-01 2.027716110341918343e-01 2.840128483339257603e-01 6.526617779436051370e-01 5.520436690483379039e-01 7.285041957023410397e-01 8.724621312818788832e-01 1.226793188462370621e-01 4.348543589171242618e-01 4.385869662880862441e-01 1.752505469380419845e-01 9.211566777119566396e-01 7.914549157619972242e-01 7.030897857196365397e-01 8.781787610514366627e-01 7.757441560532682967e-01 7.353036552578404716e-01 6.885119755342944403e-01 8.354219950965472430e-01 1.214088935521876467e-01 1.993404466260932928e-01 2.214745949314922413e-01 2.529824057555226657e-01 8.842585231649136013e-01 7.798555739773580520e-01 1.477079153781631904e-01 4.581604518620945310e-01
7.136313988253466523e-01 8.297869925098437793e-01 9.617909776194419891e-01 4.135733544386991367e-01 0.000000000000000000e+00 3.219350914747365344e-01 4.365469084436399694e-01 4.246881305639492732e-01 3.857328354761030420e-01 2.534387377549062181e-01 6.133978815170553212e-01 3.423177200195843262e-01 9.536582365192125543e-02 5.081013781336939372e-01 4.668580708584252337e-01 9.007145285478919128e-01 3.446449298756197321e-01 8.643665980923644909e-01 8.734210717794471668e-01 2.615782088552191520e-01 6.674319238451353886e-01 3.186701619801167729e-01 5.740320403480763112e-01 5.424027795774268856e-01 1.512225728545504300e-01 5.960260697970871657e-01 5.653660524309925828e-01 6.307642980161811685e-01 5.730395833500938618e-01 3.439684254999123003e-01 6.135662053682009454e-01 3.904325494731827884e-01 5.829260216060478950e-01 4.408419717940691429e-01 8.086444017351344105e-01
3.732648074107304259e-01 5.362594751092877310e-01 4.472486748467747741e-01 5.102342039911457183e-01 3.219350914747365344e-01 0.000000000000000000e+00 5.924437294168278800e-01 6.035328190944770910e-01 4.799833299668449516e-01 6.782248546983999926e-01 4.951913344767346348e-01 4.872629702714473265e-01 4.463003540429473226e-01 2.094483755036380956e-01 6.045882829115435397e-01 6.222514694286516157e-01 6.158503917065711875e-01 5.488622435339863825e-01 8.108642580703377956e-01 7.153408261922986622e-01 4.402413763789385648e-01 3.872857851976578836e-01 4.788581457929199092e-01 5.500283803438984487e-01 4.817378916868685357e-01 5.991952284389199246e-01 6.852426756495031412e-01 4.280431447757088170e-01 3.214205675623280078e-01 3.715455519278819674e-01 4.896544921996571764e-01 3.701445646468878303e-01 6.190361087882381153e-01 9.149227535567550085e-01 3.148435856882080830e-01
3.892430696363000653e-01 3.632839204343133455e-01 2.701892544084479875e-01 4.617071325017608197e-01 4.365469084436399694e-01 5.924437294168278800e-01 0.000000000000000000e+00 2.398444645340682135e-01 1.694724866046182221e-01 1.637000084843495129e-01 3.824262603790296589e-01 7.179290588866158451e-01 8.166910293723429470e-01 5.712662432503040622e-01 8.301221571431641744e-01 7.699647370882337638e-01 2.896688669824182827e-01 8.523960377425174872e-01 4.532696144776997560e-01 3.614528332801941746e-02 7.606668055170890952e-01 5.124299724874272766e-01 1.593478408034727511e-01 6.287593679795446810e-01 9.504809346916343049e-02 7.395173482223262873e-01 5.124638818047506650e-01 2.364178150109187415e-01 3.359434280699417075e-01 3.414202329078154241e-01 4.055572998220110525e-01 3.712468628874758259e-01 2.930719413880704671e-01 4.677141781174741220e-01 5.324210321676301483e-01
4.779516308057298324e-01 8.494551076048317828e-01 4.653745839751384228e-01 2.614350936165863448e-01 4.246881305639492732e-01 6.035328190944770910e-01 2.398444645340682135e-01 0.000000000000000000e+00 1.419712725438859735e-01 7.468873810509248923e-01 3.531211290090671140e-01 7.081136480926180088e-01 3.490685451953737806e-01 4.423636774469478228e-01 4.982515443465430627e-01 5.505163366730158048e-01 5.621631797514801132e-01 5.163450213307785308e-01 4.573434947418780205e-01 7.760675469525872838e-01 4.700553975000940077e-01 8.740736069321566326e-01 7.291227880002082440e-01 2.731348331995607781e-01 8.007663341728163964e-01 2.206431037394850914e-01 4.540999920608020934e-01 6.860680845517852511e-01 5.158742687009993944e-01 4.499187050799978160e-01 1.862688333856672429e-01 6.248170186533081871e-01 6.588645127471435270e-01 2.486838533811445151e-01 2.344335347558528793e-01
5.720666239098377570e-01 5.234800969350449362e-01 6.914511553875876126e-01 5.535141229208087044e-01 3.857328354761030420e-01 4.799833299668449516e-01 1.694724866046182221e-01 1.419712725438859735e-01 0.000000000000000000e+00 2.890310302964530509e-01 3.028883102993397136e-01 5.750834571566306730e-01 8.749234319709318086e-01 6.328555278491252434e-01 3.465346886003282667e-01 5.111767176222653530e-01 6.627395872790062814e-01 2.806042767356003997e-01 5.654115853698009619e-01 5.036210329581212175e-01 3.917758869179538417e-01 4.293186932321888527e-01 9.112266832912079284e-01 5.027741185293721493e-01 4.058406602135443131e-01 1.816020384394780862e-01 5.746033573057700572e-01 6.148444888550645970e-01 6.846130207892747732e-01 2.423738789797796889e-01 8.715033443203283881e-01 4.953189264837489780e-01 5.904594737342006017e-01 7.241376779158141819e-01 4.731246443804630886e-01
5.176800018235887535e-01 5.157257999772111301e-01 7.768534732545404609e-01 2.027716110341918343e-01 2.534387377549062181e-01 6.782248546983999926e-01 1.637000084843495129e-01 7.468873810509248923e-01 2.890310302964530509e-01 0.000000000000000000e+00 3.635481491137497190e-01 4.960794939134181014e-01 6.043807815746875534e-01 4.539813449919102850e-01 8.891604231212825171e-01 5.615163896945796207e-01 5.248213020411869323e-01 5.088294728960474078e-01 2.069185231945739334e-01 6.002310711236453766e-01 5.812444115775706743e-01 4.791137457657632659e-01 3.782218713947495536e-01 5.713621905836847592e-01 6.061996566207026316e-01 8.025828177174234579e-01 1.480763061613598053e-01 8.852192387371804472e-01 4.639382803038233916e-01 3.694765930308583357e-01 6.426604181192434595e-01 7.750483131744548837e-01 4.835454281866491399e-01 5.319163779150259952e-02 9.231223104968854232e-01
3.736915801623335587e-01 1.938604412262457943e-01 8.357200063505647591e-01 2.840128483339257603e-01 6.133978815170553212e-01 4.951913344767346348e-01 3.824262603790296589e-01 3.531211290090671140e-01 3.028883102993397136e-01 3.635481491137497190e-01 0.000000000000000000e+00 3.560522070069935263e-01 2.674229063286930885e-01 6.757227797970326577e-01 5.919712527389446866e-01 7.193185439892559874e-01 4.567674913678224646e-01 3.404892613061586415e-01 8.775234476068378697e-01 4.631846749569534794e-01 3.733638928023393921e-01 6.238931282151022328e-01 4.016559109736375088e-01 4.453943862370987050e-01 4.175908661549821987e-01 5.672448986337657040e-01 2.703583773449447225e-01 5.168737367395358495e-01 5.915999242485087128e-01 4.559035779163196911e-01 5.166486312322036145e-01 4.854054923047552150e-01 1.346723132358500497e-01 1.851715617613692300e-01 2.793765915933953403e-01
8.303682099152387419e-01 6.280562391616756335e-01 3.596772392593501344e-01 6.526617779436051370e-01 3.423177200195843262e-01 4.872629702714473265e-01 7.179290588866158451e-01 7.081136480926180088e-01 5.750834571566306730e-01 4.960794939134181014e-01 3.560522070069935263e-01 0.000000000000000000e+00 7.941361369919308633e-01 1.464473064055417106e-01 6.977792610633712922e-01 8.985419891635023637e-01 6.192670579747259207e-01 4.412378652624313613e-01 4.425519331148474178e-01 6.368840664551645991e-01 5.536445889365342321e-01 7.855042055858310057e-01 3.416853070792302827e-01 4.242001189371086278e-01 4.471087094571655207e-01 6.095444179186151334e-01 6.189245028832104367e-01 3.960806323603845991e-01 1.597276976531962767e-01 4.728723600072951561e-01 6.354116940955484294e-01 4.607301255682854646e-01 8.331476414383338636e-01 3.563505902864553265e-01 5.723857535281993147e-01
5.107081470137375678e-01 7.786901822557925623e-01 8.878120180909556680e-01 5.520436690483379039e-01 9.536582365192125543e-02 4.463003540429473226e-01 8.166910293723429470e-01 3.490685451953737806e-01 8.749234319709318086e-01 6.043807815746875534e-01 2.674229063286930885e-01 7.941361369919308633e-01 0.000000000000000000e+00 1.140086461158762443e-01 1.675725164919162902e-01 7.723783290305814564e-01 3.539191598454681786e-01 2.985599732610575430e-01 4.950076872569399988e-01 7.546823035284964121e-01 3.872049861394976089e-01 2.751965027222318394e-01 6.104488388703586121e-01 6.434244702966210872e-01 9.223327133714007697e-01 6.436812026500552397e-01 4.632199658558671107e-01 6.113767011307320587e-01 5.374613125900938870e-01 3.121211123377859997e-01 3.033100020081361814e-01 3.933669306301563195e-01 3.711195784963879918e-01 5.114236633918275432e-01 4.319895108316615939e-01
5.187013107580293880e-01 5.127227854836685639e-01 5.460590466494491535e-01 7.285041957023410397e-01 5.081013781336939372e-01 2.094483755036380956e-01 5.712662432503040622e-01 4.423636774469478228e-01 6.328555278491252434e-01 4.539813449919102850e-01 6.757227797970326577e-01 1.464473064055417106e-01 1.140086461158762443e-01 0.000000000000000000e+00 6.307755755974827627e-01 5.383132242614203644e-01 5.777429303947074768e-01 1.899607136931749096e-01 3.897289493049206910e-01 5.375636726232023710e-01 4.201050511248510255e-01 7.083914689752170979e-01 4.291338824136070595e-01 3.540260854371171662e-01 3.820153357423926033e-01 1.391529694939911965e-01 4.051760031600009082e-01 3.579144451579919783e-01 4.093677861612951552e-01 1.499281144186109804e-01 5.170572466764791209e-01 5.389084493729042746e-01 5.403712942645505501e-01 5.585428025108252204e-02 7.688992564622356696e-01
6.858790565146085649e-01 1.291430485620383983e-01 9.609801187168232062e-02 8.724621312818788832e-01 4.668580708584252337e-01 6.045882829115435397e-01 8.301221571431641744e-01 4.982515443465430627e-01 3.465346886003282667e-01 8.891604231212825171e-01 5.919712527389446866e-01 6.977792610633712922e-01 1.675725164919162902e-01 6.307755755974827627e-01 0.000000000000000000e+00 3.513908619850520387e-01 1.002807494131269239e-01 2.837506453731784006e-01 7.638785942496687520e-01 6.460661534691451990e-01 2.550669519503223626e-01 4.041653377690047066e-01 8.640220199593200423e-01 5.757731370809782145e-01 6.641329509790065977e-01 8.365180584609159808e-01 2.249478072792018279e-01 6.743296887223619862e-01 6.776929826753019803e-01 2.064962213773212096e-01 8.585102548934369082e-01 7.188108023384371936e-01 7.697167211092037498e-01 4.143612044487119395e-01 8.396939582511072642e-01
6.158198622970046943e-01 7.825388571100322377e-01 6.646685336333166827e-01 1.226793188462370621e-01 9.007145285478919128e-01 6.222514694286516157e-01 7.699647370882337638e-01 5.505163366730158048e-01 5.111767176222653530e-01 5.615163896945796207e-01 7.193185439892559874e-01 8.985419891635023637e-01 7.723783290305814564e-01 5.383132242614203644e-01 3.513908619850520387e-01 0.000000000000000000e+00 7.722359143331625209e-02 6.752926651820523318e-01 5.984894185666953526e-01 4.715491047171767036e-01 3.095301360061676332e-01 3.489553554241097144e-01 8.302470676576396702e-01 5.992745744121150686e-01 6.205322077258879077e-01 6.419713975649201654e-01 5.303353876100295183e-01 2.432782728001148254e-02 4.989929969747498584e-01 7.010949137083697380e-01 4.068147973317527977e-01 7.841934713164651072e-01 4.832234428014834382e-01 5.031427084751614043e-01 5.022381896988359351e-01
4.384401297346880444e-01 1.852834193810029006e-01 8.709147698975949758e-01 4.348543589171242618e-01 3.446449298756197321e-01 6.158503917065711875e-01 2.896688669824182827e-01 5.621631797514801132e-01 6.627395872790062814e-01 5.248213020411869323e-01 4.567674913678224646e-01 6.192670579747259207e-01 3.539191598454681786e-01 5.777429303947074768e-01 1.002807494131269239e-01 7.722359143331625209e-02 0.000000000000000000e+00 1.629600372439408140e-01 3.486022370617696264e-01 8.571115388456229667e-01 5.375799158927853094e-01 6.775989715373993416e-01 3.923654530058311996e-01 6.295355149732531075e-01 7.320929783111298494e-01 3.439659664584555077e-01 3.046088560387389399e-01 6.999551487385492488e-01 6.595796761563733623e-01 3.819455098579262464e-01 5.639412158855311441e-01 4.684193734356529859e-01 5.574273993831200258e-01 8.002369092850176724e-01 5.370446853494978967e-01
5.564712146592859510e-01 3.636893997316503757e-01 6.686190235419091632e-01 4.385869662880862441e-01 8.643665980923644909e-01 5.488622435339863825e-01 8.523960377425174872e-01 5.163450213307785308e-01 2.806042767356003997e-01 5.088294728960474078e-01 3.404892613061586415e-01 4.412378652624313613e-01 2.985599732610575430e-01 1.899607136931749096e-01 2.837506453731784006e-01 6.752926651820523318e-01 1.629600372439408140e-01 0.000000000000000000e+00 4.829779796932193170e-01 2.970357262390707076e-01 3.491827524369963132e-01 3.031502793091634951e-01 8.348751444496793628e-01 1.969738674305243631e-01 3.299045737736543971e-01 4.392480401225447029e-01 6.730741099791146542e-01 6.195715986267259501e-01 5.100873415917056564e-01 1.619079677274581908e-01 6.225792279992072853e-01 2.338386936540630678e-01 6.749647826917845039e-01 4.991496141581541757e-01 3.580935464191370432e-01
5.702958807785868389e-01 4.636735169159334480e-01 1.221717512555509089e-01 1.752505469380419845e-01 8.734210717794471668e-01 8.108642580703377956e-01 4.532696144776997560e-01 4.573434947418780205e-01 5.654115853698009619e-01 2.069185231945739334e-01 8.775234476068378697e-01 4.425519331148474178e-01 4.950076872569399988e-01 3.897289493049206910e-01 7.638785942496687520e-01 5.984894185666953526e-01 3.486022370617696264e-01 4.829779796932193170e-01 0.000000000000000000e+00 2.449781272747589000e-01 4.393557057711430236e-01 6.653251033625089406e-01 6.113716926073309299e-01 4.645158708084080601e-01 8.730145150307844215e-01 1.752344506008276515e-01 4.686158774736482457e-01 1.271992086127549104e-01 5.488617194126110821e-01 2.074535724826570005e-01 7.317266808735902739e-01 4.019456439688782190e-01 3.326091126156013322e-01 8.602995893919789250e-01 4.634742793218389889e-01
4.632099467637207368e-01 6.364798443914319037e-01 7.976092662978596648e-01 9.211566777119566396e-01 2.615782088552191520e-01 7.153408261922986622e-01 3.614528332801941746e-02 7.760675469525872838e-01 5.036210329581212175e-01 6.002310711236453766e-01 4.631846749569534794e-01 6.368840664551645991e-01 7.546823035284964121e-01 5.375636726232023710e-01 6.460661534691451990e-01 4.715491047171767036e-01 8.571115388456229667e-01 2.970357262390707076e-01 2.449781272747589000e-01 0.000000000000000000e+00 2.468534286007773859e-01 3.565027921705242742e-01 9.106091705047012486e-01 6.365784343634689479e-01 3.512382326598192384e-01 8.243047336334906605e-01 4.209367639521439663e-01 5.136386040813024634e-01 8.020886716153696749e-01 8.199572163612389719e-01 8.805484782414956246e-01 5.412802015171389591e-01 5.670238714301348848e-01 5.556486941323027784e-01 8.852317984860182953e-01
5.960467879624251619e-01 7.310048975880657496e-01 3.425844939395601418e-01 7.914549157619972242e-01 6.674319238451353886e-01 4.402413763789385648e-01 7.606668055170890952e-01 4.700553975000940077e-01 3.917758869179538417e-01 5.812444115775706743e-01 3.733638928023393921e-01 5.536445889365342321e-01 3.872049861394976089e-01 4.201050511248510255e-01 2.550669519503223626e-01 3.095301360061676332e-01 5.375799158927853094e-01 3.491827524369963132e-01 4.393557057711430236e-01 2.468534286007773859e-01 0.000000000000000000e+00 2.950504292879763679e-01 6.263001733119251124e-01 4.390956813795812708e-01 5.588437775871241131e-01 2.781106332107210477e-01 6.940097746070597040e-01 7.300412761388991312e-01 3.905413040198413288e-01 4.744458959466307246e-01 5.500949519089115558e-01 7.504573170743589206e-01 4.320926906669950163e-01 2.255113728969759812e-02 8.664350528434444643e-01
3.728491975609505849e-01 2.105314401275751868e-01 5.663947515279672551e-01 7.030897857196365397e-01 3.186701619801167729e-01 3.872857851976578836e-01 5.124299724874272766e-01 8.740736069321566326e-01 4.293186932321888527e-01 4.791137457657632659e-01 6.238931282151022328e-01 7.855042055858310057e-01 2.751965027222318394e-01 7.083914689752170979e-01 4.041653377690047066e-01 3.489553554241097144e-01 6.775989715373993416e-01 3.031502793091634951e-01 6.653251033625089406e-01 3.565027921705242742e-01 2.950504292879763679e-01 0.000000000000000000e+00 5.330577833626390927e-01 6.311971088346939318e-01 6.178141287817870975e-01 6.811188600780899716e-01 6.452971578292563404e-01 7.058569110676111702e-01 5.396876343064500592e-01 7.975184710330560645e-01 2.723460482137007865e-01 2.768078341223654260e-01 7.461430177051142643e-01 7.133109702976043742e-01 8.199617941540606747e-01
3.282191983437978688e-01 6.855837669354573061e-01 5.583453906011879297e-01 8.781787610514366627e-01 5.740320403480763112e-01 4.788581457929199092e-01 1.593478408034727511e-01 7.291227880002082440e-01 9.112266832912079284e-01 3.782218713947495536e-01 4.016559109736375088e-01 3.416853070792302827e-01 6.104488388703586121e-01 4.291338824136070595e-01 8.640220199593200423e-01 8.302470676576396702e-01 3.923654530058311996e-01 8.348751444496793628e-01 6.113716926073309299e-01 9.106091705047012486e-01 6.263001733119251124e-01 5.330577833626390927e-01 0.000000000000000000e+00 3.009383084981421819e-01 2.907034995095916230e-01 4.628478997826953045e-01 6.270116557534856083e-01 2.758588221320948941e-01 6.316899731415372976e-01 8.073290931779950608e-01 5.505122004673298486e-01 2.140424178825038326e-01 1.401379342353197277e-01 5.027481466689315281e-01 2.769620475820306904e-01
4.947586441539426061e-01 3.885361448404962559e-01 3.559602452910393677e-01 7.757441560532682967e-01 5.424027795774268856e-01 5.500283803438984487e-01 6.287593679795446810e-01 2.731348331995607781e-01 5.027741185293721493e-01 5.713621905836847592e-01 4.453943862370987050e-01 4.242001189371086278e-01 6.434244702966210872e-01 3.540260854371171662e-01 5.757731370809782145e-01 5.992745744121150686e-01 6.295355149732531075e-01 1.969738674305243631e-01 4.645158708084080601e-01 6.365784343634689479e-01 4.390956813795812708e-01 6.311971088346939318e-01 3.009383084981421819e-01 0.000000000000000000e+00 1.217435617082368582e-01 8.774154445628332688e-01 6.782566557776612548e-01 4.528745315682227712e-01 4.059392992116193088e-01 4.292300909036350642e-01 3.171631429506035493e-01 4.727323771698727084e-01 5.041920950433160797e-01 3.252983383791960836e-01 8.571431411966896619e-01
4.244760450605692959e-01 4.935909651875519111e-01 3.670766575159155609e-01 7.353036552578404716e-01 1.512225728545504300e-01 4.817378916868685357e-01 9.504809346916343049e-02 8.007663341728163964e-01 4.058406602135443131e-01 6.061996566207026316e-01 4.175908661549821987e-01 4.471087094571655207e-01 9.223327133714007697e-01 3.820153357423926033e-01 6.641329509790065977e-01 6.205322077258879077e-01 7.320929783111298494e-01 3.299045737736543971e-01 8.730145150307844215e-01 3.512382326598192384e-01 5.588437775871241131e-01 6.178141287817870975e-01 2.907034995095916230e-01 1.217435617082368582e-01 0.000000000000000000e+00 4.606977684416354579e-01 1.337735188837815836e-01 8.668489697378536363e-01 3.861912655243003867e-01 6.689164498135047321e-01 8.523379219298793386e-01 5.418624511431417989e-01 4.989859121352543947e-01 4.384380926873339690e-01 2.707855973252092374e-01
3.835050959717499208e-01 5.855215000696932792e-01 5.590927698742096386e-01 6.885119755342944403e-01 5.960260697970871657e-01 5.991952284389199246e-01 7.395173482223262873e-01 2.206431037394850914e-01 1.816020384394780862e-01 8.025828177174234579e-01 5.672448986337657040e-01 6.095444179186151334e-01 6.436812026500552397e-01 1.391529694939911965e-01 8.365180584609159808e-01 6.419713975649201654e-01 3.439659664584555077e-01 4.392480401225447029e-01 1.752344506008276515e-01 8.243047336334906605e-01 2.781106332107210477e-01 6.811188600780899716e-01 4.628478997826953045e-01 8.774154445628332688e-01 4.606977684416354579e-01 0.000000000000000000e+00 5.354234792482712724e-01 4.288651094919286866e-01 2.294852604076255131e-01 5.943015999159875218e-01 2.448627008537007099e-01 5.901796250238587893e-01 4.971378714049174419e-01 2.250253944132631911e-01 4.277791878862653441e-01
8.028728939770805040e-01 1.525279182060088612e-01 7.928881525457052160e-01 8.354219950965472430e-01 5.653660524309925828e-01 6.852426756495031412e-01 5.124638818047506650e-01 4.540999920608020934e-01 5.746033573057700572e-01 1.480763061613598053e-01 2.703583773449447225e-01 6.189245028832104367e-01 4.632199658558671107e-01 4.051760031600009082e-01 2.249478072792018279e-01 5.303353876100295183e-01 3.046088560387389399e-01 6.730741099791146542e-01 4.686158774736482457e-01 4.209367639521439663e-01 6.940097746070597040e-01 6.452971578292563404e-01 6.270116557534856083e-01 6.782566557776612548e-01 1.337735188837815836e-01 5.354234792482712724e-01 0.000000000000000000e+00 3.853526628097957429e-01 3.792561494882922823e-01 7.774896452087659560e-01 5.565904078457327708e-01 4.764440102571145808e-01 4.441163040616705748e-01 6.935788462382259656e-01 3.054434814458777403e-01
5.971055656749784113e-01 5.222011761532097118e-01 5.702888069117890701e-01 1.214088935521876467e-01 6.307642980161811685e-01 4.280431447757088170e-01 2.364178150109187415e-01 6.860680845517852511e-01 6.148444888550645970e-01 8.852192387371804472e-01 5.168737367395358495e-01 3.960806323603845991e-01 6.113767011307320587e-01 3.579144451579919783e-01 6.743296887223619862e-01 2.432782728001148254e-02 6.999551487385492488e-01 6.195715986267259501e-01 1.271992086127549104e-01 5.136386040813024634e-01 7.300412761388991312e-01 7.058569110676111702e-01 2.758588221320948941e-01 4.528745315682227712e-01 8.668489697378536363e-01 4.288651094919286866e-01 3.853526628097957429e-01 0.000000000000000000e+00 3.371357748762046080e-01 7.102670090095242195e-01 7.454405498576743838e-01 2.289443087545507405e-01 4.988934369989836415e-01 2.366508576338964831e-01 2.347929973737245823e-01
7.532699173022001649e-01 3.876069871210320872e-01 2.506134976095626965e-01 1.993404466260932928e-01 5.730395833500938618e-01 3.214205675623280078e-01 3.359434280699417075e-01 5.158742687009993944e-01 6.846130207892747732e-01 4.639382803038233916e-01 5.915999242485087128e-01 1.597276976531962767e-01 5.374613125900938870e-01 4.093677861612951552e-01 6.776929826753019803e-01 4.989929969747498584e-01 6.595796761563733623e-01 5.100873415917056564e-01 5.488617194126110821e-01 8.020886716153696749e-01 3.905413040198413288e-01 5.396876343064500592e-01 6.316899731415372976e-01 4.059392992116193088e-01 3.861912655243003867e-01 2.294852604076255131e-01 3.792561494882922823e-01 3.371357748762046080e-01 0.000000000000000000e+00 8.465954316462434015e-01 7.313136820900795199e-01 5.212067105601783101e-01 5.263059109418333215e-01 8.640924186147157515e-01 7.569694663043204930e-01
5.201704248617359250e-01 3.504792644226544240e-01 6.107373051886431092e-01 2.214745949314922413e-01 3.439684254999123003e-01 3.715455519278819674e-01 3.414202329078154241e-01 4.499187050799978160e-01 2.423738789797796889e-01 3.694765930308583357e-01 4.559035779163196911e-01 4.728723600072951561e-01 3.121211123377859997e-01 1.499281144186109804e-01 2.064962213773212096e-01 7.010949137083697380e-01 3.819455098579262464e-01 1.619079677274581908e-01 2.074535724826570005e-01 8.199572163612389719e-01 4.744458959466307246e-01 7.975184710330560645e-01 8.073290931779950608e-01 4.292300909036350642e-01 6.689164498135047321e-01 5.943015999159875218e-01 7.774896452087659560e-01 7.102670090095242195e-01 8.465954316462434015e-01 0.000000000000000000e+00 2.603783703184864295e-01 2.262425985860821998e-01 8.560263116756752222e-01 2.797588187644695634e-01 5.378880953712448232e-01
8.324198102770010710e-01 6.555111305117515830e-01 8.892402535390487861e-01 2.529824057555226657e-01 6.135662053682009454e-01 4.896544921996571764e-01 4.055572998220110525e-01 1.862688333856672429e-01 8.715033443203283881e-01 6.426604181192434595e-01 5.166486312322036145e-01 6.354116940955484294e-01 3.033100020081361814e-01 5.170572466764791209e-01 8.585102548934369082e-01 4.068147973317527977e-01 5.639412158855311441e-01 6.225792279992072853e-01 7.317266808735902739e-01 8.805484782414956246e-01 5.500949519089115558e-01 2.723460482137007865e-01 5.505122004673298486e-01 3.171631429506035493e-01 8.523379219298793386e-01 2.448627008537007099e-01 5.565904078457327708e-01 7.454405498576743838e-01 7.313136820900795199e-01 2.603783703184864295e-01 0.000000000000000000e+00 3.670763481569108699e-01 1.052176964816124993e-01 7.854745909200511189e-01 6.789434159925366030e-01
2.095484159741319852e-01 7.153259816015473671e-01 4.268641958142824766e-01 8.842585231649136013e-01 3.904325494731827884e-01 3.701445646468878303e-01 3.712468628874758259e-01 6.248170186533081871e-01 4.953189264837489780e-01 7.750483131744548837e-01 4.854054923047552150e-01 4.607301255682854646e-01 3.933669306301563195e-01 5.389084493729042746e-01 7.188108023384371936e-01 7.841934713164651072e-01 4.684193734356529859e-01 2.338386936540630678e-01 4.019456439688782190e-01 5.412802015171389591e-01 7.504573170743589206e-01 2.768078341223654260e-01 2.140424178825038326e-01 4.727323771698727084e-01 5.418624511431417989e-01 5.901796250238587893e-01 4.764440102571145808e-01 2.289443087545507405e-01 5.212067105601783101e-01 2.262425985860821998e-01 3.670763481569108699e-01 0.000000000000000000e+00 3.787849354850071348e-01 7.694409487757719601e-02 4.903992331298464569e-01
1.368944729421793238e-01 4.308176358648880822e-01 6.572217363167760507e-01 7.798555739773580520e-01 5.829260216060478950e-01 6.190361087882381153e-01 2.930719413880704671e-01 6.588645127471435270e-01 5.904594737342006017e-01 4.835454281866491399e-01 1.346723132358500497e-01 8.331476414383338636e-01 3.711195784963879918e-01 5.403712942645505501e-01 7.697167211092037498e-01 4.832234428014834382e-01 5.574273993831200258e-01 6.749647826917845039e-01 3.326091126156013322e-01 5.670238714301348848e-01 4.320926906669950163e-01 7.461430177051142643e-01 1.401379342353197277e-01 5.041920950433160797e-01 4.989859121352543947e-01 4.971378714049174419e-01 4.441163040616705748e-01 4.988934369989836415e-01 5.263059109418333215e-01 8.560263116756752222e-01 1.052176964816124993e-01 3.787849354850071348e-01 0.000000000000000000e+00 5.488734244287323261e-01 7.760852462935114993e-01
6.268399085019915606e-02 5.000731372221467463e-01 2.910009365435333173e-01 1.477079153781631904e-01 4.408419717940691429e-01 9.149227535567550085e-01 4.677141781174741220e-01 2.486838533811445151e-01 7.241376779158141819e-01 5.319163779150259952e-02 1.851715617613692300e-01 3.563505902864553265e-01 5.114236633918275432e-01 5.585428025108252204e-02 4.143612044487119395e-01 5.031427084751614043e-01 8.002369092850176724e-01 4.991496141581541757e-01 8.602995893919789250e-01 5.556486941323027784e-01 2.255113728969759812e-02 7.133109702976043742e-01 5.027481466689315281e-01 3.252983383791960836e-01 4.384380926873339690e-01 2.250253944132631911e-01 6.935788462382259656e-01 2.366508576338964831e-01 8.640924186147157515e-01 2.797588187644695634e-01 7.854745909200511189e-01 7.694409487757719601e-02 5.488734244287323261e-01 0.000000000000000000e+00 6.239789653386578205e-01
4.485204830409896815e-01 1.843379632754629238e-01 7.384334876146954052e-01 4.581604518620945310e-01 8.086444017351344105e-01 3.148435856882080830e-01 5.324210321676301483e-01 2.344335347558528793e-01 4.731246443804630886e-01 9.231223104968854232e-01 2.793765915933953403e-01 5.723857535281993147e-01 4.319895108316615939e-01 7.688992564622356696e-01 8.396939582511072642e-01 5.022381896988359351e-01 5.370446853494978967e-01 3.580935464191370432e-01 4.634742793218389889e-01 8.852317984860182953e-01 8.664350528434444643e-01 8.199617941540606747e-01 2.769620475820306904e-01 8.571431411966896619e-01 2.707855973252092374e-01 4.277791878862653441e-01 3.054434814458777403e-01 2.347929973737245823e-01 7.569694663043204930e-01 5.378880953712448232e-01 6.789434159925366030e-01 4.903992331298464569e-01 7.760852462935114993e-01 6.239789653386578205e-01 0.000000000000000000e+00
