0.000000000000000000e+00 5.612005341832848604e-01 7.345075875573259250e-01 6.556002196142796112e-01 9.117470885941496572e-01 5.076310372667679482e-01 3.910045826690943249e-01 8.074075856352773695e-01 4.781519395680421392e-01 1.055130498866269084e-01 5.598458954834452106e-01 3.779006224765550370e-01 3.194463257336220829e-01 6.822337168837464549e-01 9.291263095540351902e-01 5.753513078241190293e-01 6.374143489532556606e-01 4.578194274785959972e-01 7.998440459124251944e-01 4.381948901018573039e-01 6.220537649646495915e-01 1.251418198264087067e-01 6.511230896441582150e-01 7.712340310334335758e-01 8.719823115631228916e-01 5.096268730897707266e-01 5.183857747978790620e-01 9.122408473972349885e-01 4.260962996345359910e-01 8.401615555161441318e-01 4.972189410960082823e-01 8.945535450531214572e-01 6.015542646945792882e-01 9.769297392193470042e-01 7.623194335166487701e-01
5.612005341832848604e-01 0.000000000000000000e+00 4.086764189651734824e-01 1.349203209889509036e-01 6.830956906819041219e-02 6.927444500993518162e-01 3.202023377919337443e-01 4.473418330970854728e-01 3.952706983989290324e-01 5.960964325817839082e-01 2.350801493619972815e-01 6.479765929941961877e-01 5.442188532480594088e-01 5.666334827861996271e-01 9.151598390544075645e-01 4.500160757841886738e-02 3.021976629467127973e-01 5.322562468253942969e-01 1.373380547814324615e-01 7.080624906733923307e-01 8.040377463611694253e-01 4.663246913749024558e-01 4.613545298009982254e-01 5.633108038413137120e-01 6.005095602792047682e-01 5.993992105456169561e-01 7.785047211313880222e-01 2.389500039195701087e-01 3.767143670928808641e-01 4.124816340418271943e-01 4.633819842541166967e-01 4.927923946470076366e-01 3.942105623481156895e-01 5.243560676294843903e-01 8.010118597543811614e-01
7.345075875573259250e-01 4.086764189651734824e-01 0.000000000000000000e+00 1.138323864385725193e-01 4.971028106219160803e-01 5.169827665000179540e-01 9.238143223564475592e-01 8.707459633992367110e-01 4.335289068715813543e-01 4.382905156770162680e-01 4.896367355049588976e-01 6.963462377039996154e-01 4.805809176896903012e-01 7.535897504052748719e-01 7.608720190568698527e-01 2.972001247614753927e-01 7.769569261123024928e-01 5.929311820355136486e-01 1.689485313180625337e-01 9.410090962440182949e-01 5.268460223192418246e-01 3.411267448304536876e-01 3.079067185639099424e-01 5.494565749346000949e-01 7.319288182097254403e-01 3.570697861940141937e-01 5.310302882648239020e-01 1.925445222993805716e-01 5.283635188759452372e-01 6.395607709032209431e-01 7.624505627460893553e-01 9.357027869269625153e-01 2.542807596609009124e-01 7.039438201704339981e-01 6.454900416277913333e-01
6.556002196142796112e-01 1.349203209889509036e-01 1.138323864385725193e-01 0.000000000000000000e+00 7.344368034914892096e-01 5.638365291438374172e-02 6.387768570004039859e-01 6.256795891057103098e-01 1.382742188362153790e-01 7.853657318756047667e-01 4.578553657399323518e-01 5.090174607203050705e-01 5.319139651619539944e-01 6.537602147553027709e-01 7.147863800732541240e-01 8.923841765486997257e-01 3.659174524803621154e-01 5.931514575930081357e-01 5.016204555322874015e-01 2.925443864208851497e-01 6.735561475835735168e-01 8.389824700790018408e-01 6.248609411386240042e-01 8.754700511400959062e-01 4.409823831383428150e-01 3.397842496013437907e-01 3.927407912311482452e-01 4.708244062383915574e-01 5.776627017163349365e-01 5.766901432080278056e-01 3.545501435769283782e-01 2.807256863693601279e-01 4.571750865313380374e-01 3.941502795269847814e-01 8.347181864268514717e-01
9.117470885941496572e-01 6.830956906819041219e-02 4.971028106219160803e-01 7.344368034914892096e-01 0.000000000000000000e+00 2.943439839672856717e-02 5.313752025046042382e-01 2.452898351014997091e-01 3.625419880854240939e-01 5.678006499064147672e-01 5.256785615930035238e-01 5.184975003267330296e-01 5.876617840324707132e-01 1.029766385768737802e-01 6.215836395572869044e-01 4.684799552271602385e-01 3.927640879956386666e-01 7.928529669053777651e-01 3.285536501580816893e-01 8.546778479638723613e-01 4.732980902129416134e-01 9.100980501314996918e-01 1.933475147839913699e-01 3.352673687800515889e-01 4.760840123366105736e-02 6.902597101453152861e-01 7.750604209996760918e-01 7.583102759702977647e-01 4.307800186223507133e-01 4.231061176549638092e-01 7.575072314155757436e-01 6.179980591950282598e-01 4.355009782980890365e-01 8.310691721329266368e-01 3.122206637793331074e-01
5.076310372667679482e-01 6.927444500993518162e-01 5.169827665000179540e-01 5.638365291438374172e-02 2.943439839672856717e-02 0.000000000000000000e+00 2.555288195735884171e-01 5.318712399358924703e-01 5.293473954845904217e-01 4.613724489225547454e-01 5.520050286034319242e-01 8.189768305837068496e-01 5.823804560237708650e-01 8.495203416157386389e-01 7.033604414048227893e-01 8.665192912070582842e-01 8.680831373473174573e-01 6.970330105714117597e-01 9.864547725190222494e-01 6.901797554699691251e-01 6.725211248546538734e-01 6.071071145109913081e-01 9.918055202113524871e-01 8.281276474366376927e-01 4.443579985553980372e-01 8.181502338714364830e-01 6.999633860430664045e-01 8.114050279425966128e-02 3.892589040985224846e-01 3.051562966252118203e-01 8.912219607148261780e-01 8.833325402424678785e-01 8.252392528866392407e-01 5.300476716600712734e-01 7.134835886591808229e-01
3.910045826690943249e-01 3.202023377919337443e-01 9.238143223564475592e-01 6.387768570004039859e-01 5.313752025046042382e-01 2.555288195735884171e-01 0.000000000000000000e+00 4.350259832702494389e-01 4.267528357277809437e-01 7.142042350909458825e-01 7.532761238095238010e-01 4.465196805185537299e-01 4.144295996436110907e-01 6.463996446479359781e-01 2.051454181276999300e-01 6.762175624214454839e-01 5.134036146262990208e-01 5.328696772041237040e-01 1.592490362544016769e-01 5.448405012711174944e-01 4.223769271341155651e-01 6.022613498656139708e-01 8.098806087344494475e-01 1.799453543710311521e-01 1.357221964693275940e-01 2.933145764783878784e-01 8.149714592157102366e-01 4.216805057190480821e-01 5.483659147457028427e-01 3.590664692856873619e-01 7.619705863984780336e-01 5.398351111411960890e-01 6.934511384298314152e-01 8.258740981273758885e-01 8.320302899925040574e-01
8.074075856352773695e-01 4.473418330970854728e-01 8.707459633992367110e-01 6.256795891057103098e-01 2.452898351014997091e-01 5.318712399358924703e-01 4.350259832702494389e-01 0.000000000000000000e+00 5.548612860260861979e-01 1.596708944030276189e-01 3.642083012986266355e-01 4.745626904039942362e-01 5.495117699357946472e-01 7.850321513645261984e-01 1.994595668021251766e-01 8.106050876466546207e-01 8.724439839733526547e-01 6.756439218565718496e-01 2.124541928645941047e-01 6.894126204889774456e-01 3.865589141718117627e-01 4.076502742067339424e-01 5.073906525453590888e-01 5.724419346714748613e-02 4.996380077228877448e-01 7.836626075926012014e-01 9.047754877053379996e-01 4.285586626669530275e-01 7.485043781661082640e-01 3.517158415132047855e-01 7.349136429961566908e-01 8.290340300881100521e-01 5.618532650920283755e-01 3.066185284791450028e-01 2.753565647791511584e-01
4.781519395680421392e-01 3.952706983989290324e-01 4.335289068715813543e-01 1.382742188362153790e-01 3.625419880854240939e-01 5.293473954845904217e-01 4.267528357277809437e-01 5.548612860260861979e-01 0.000000000000000000e+00 8.528696984628345579e-01 3.759560398278753990e-01 3.515019934680836400e-01 8.172963675402493688e-01 5.608732891677092880e-01 5.443061876523029863e-01 2.117497387859298419e-01 6.725877849498118621e-01 5.216724434201183147e-01 7.162216600252756527e-01 4.585287586108449109e-01 8.318222352930627617e-01 7.764209944030535659e-01 4.085325176690224880e-01 2.673081671411650095e-01 4.005376252076269239e-01 5.708202675369706824e-01 5.345665685439129344e-01 8.025858496446826029e-01 3.298578755057682832e-01 7.185431745388606295e-01 5.391848881491806411e-01 4.269874326453356184e-01 3.420279591357044957e-02 8.052145221542177378e-01 5.234223881624581187e-01
1.055130498866269084e-01 5.960964325817839082e-01 4.382905156770162680e-01 7.853657318756047667e-01 5.678006499064147672e-01 4.613724489225547454e-01 7.142042350909458825e-01 1.596708944030276189e-01 8.528696984628345579e-01 0.000000000000000000e+00 2.644375637200317986e-01 7.378570540690625457e-01 5.365597122090974835e-01 7.358029072156657691e-01 4.376671718478291062e-01 3.666415069294436391e-01 5.227052410882253586e-01 6.605185074378883137e-01 5.160643225581742488e-01 5.747228690069589030e-01 5.363608275394746716e-01 5.915430882759459275e-01 7.768476395160297532e-01 3.326895562037310849e-01 6.254227658545532531e-01 6.810011489968144094e-01 8.214342872156932263e-01 6.688222229208510283e-01 7.106506722315343305e-01 5.943551435351641654e-01 3.851224861070046135e-01 6.086833996563311144e-01 7.619387652981340908e-01 9.400456293032162236e-01 7.302054250389142798e-01
5.598458954834452106e-01 2.350801493619972815e-01 4.896367355049588976e-01 4.578553657399323518e-01 5.256785615930035238e-01 5.520050286034319242e-01 7.532761238095238010e-01 3.642083012986266355e-01 3.759560398278753990e-01 2.644375637200317986e-01 0.000000000000000000e+00 8.002115639321947249e-01 6.852269725258629540e-01 2.167310808624927643e-01 6.693671201476192323e-01 8.380681515256005465e-01 8.087608066772276061e-01 4.800249927244522041e-01 8.207696161083433140e-01 5.867346164896046767e-01 6.606099041211838108e-01 6.284396687081014177e-01 3.132589322962034961e-01 9.184056291431823560e-01 5.862641142450153442e-01 2.996485103688533158e-01 5.785286427803963960e-01 2.925320580224634592e-01 5.765222431027474670e-01 3.678783623304010542e-01 8.974023125761447783e-01 5.755419261969266786e-01 6.977052729165742484e-01 3.325137243378588070e-01 3.567008982902697967e-01
3.779006224765550370e-01 6.479765929941961877e-01 6.963462377039996154e-01 5.090174607203050705e-01 5.184975003267330296e-01 8.189768305837068496e-01 4.465196805185537299e-01 4.745626904039942362e-01 3.515019934680836400e-01 7.378570540690625457e-01 8.002115639321947249e-01 0.000000000000000000e+00 5.300892900939837560e-01 6.126065434016159106e-01 2.951233797579985163e-01 5.650673301978011986e-01 4.007720201187325859e-01 8.873700400326753890e-01 5.183370858684496207e-01 7.739632298420466849e-01 4.328200743384815197e-01 1.816527930000317870e-01 7.396099706496531700e-01 2.502261443056654766e-01 4.131414826558898468e-01 7.451890046688642855e-01 5.614440017655536463e-01 3.543378434414797828e-01 4.677148802105229874e-01 4.004923091509705602e-01 7.568891030050641788e-01 3.871859160910525177e-01 2.252039043420450692e-01 3.841471933366567559e-01 8.106003909932437690e-01
3.194463257336220829e-01 5.442188532480594088e-01 4.805809176896903012e-01 5.319139651619539944e-01 5.876617840324707132e-01 5.823804560237708650e-01 4.144295996436110907e-01 5.495117699357946472e-01 8.172963675402493688e-01 5.365597122090974835e-01 6.852269725258629540e-01 5.300892900939837560e-01 0.000000000000000000e+00 5.533416103640627082e-01 1.780934719377751385e-01 9.239195312261851978e-01 7.343626345777518605e-01 5.849984117963856756e-01 6.355861042455022147e-01 5.034745871559433983e-01 1.893077119303717692e-01 3.390102898936987463e-01 5.050471024221261374e-01 9.256103141154190528e-01 4.654507387593284640e-01 6.358281486911844249e-01 8.995433218737640679e-01 7.868210588746660239e-01 7.177123620753091959e-01 5.807563617301584324e-01 5.008597466570727796e-01 9.219077514036431165e-01 5.139680324222350993e-01 4.817277470359583313e-01 5.872330054238517061e-01
6.822337168837464549e-01 5.666334827861996271e-01 7.535897504052748719e-01 6.537602147553027709e-01 1.029766385768737802e-01 8.495203416157386389e-01 6.463996446479359781e-01 7.850321513645261984e-01 5.608732891677092880e-01 7.358029072156657691e-01 2.167310808624927643e-01 6.126065434016159106e-01 5.533416103640627082e-01 0.000000000000000000e+00 3.527641939371132240e-01 3.666432425971744014e-02 4.187629110039768898e-01 6.376732769590212069e-01 6.646915097719918730e-02 6.297861238188950939e-01 2.209359982938307043e-01 6.706925727270690585e-01 8.081536772692869963e-01 3.142055571194989905e-01 7.232972512017039612e-01 6.042526829305772118e-02 3.787549732810067127e-01 7.085786357542993574e-01 6.318488241629910407e-01 4.488821349088980006e-01 4.731394661577292271e-01 7.214205953361120249e-01 2.095250173439975327e-01 6.714372761664364475e-01 3.274693548246758734e-01
9.291263095540351902e-01 9.151598390544075645e-01 7.608720190568698527e-01 7.147863800732541240e-01 6.215836395572869044e-01 7.033604414048227893e-01 2.051454181276999300e-01 1.994595668021251766e-01 5.443061876523029863e-01 4.376671718478291062e-01 6.693671201476192323e-01 2.951233797579985163e-01 1.780934719377751385e-01 3.527641939371132240e-01 0.000000000000000000e+00 5.275051918047599653e-01 8.866014918953744051e-01 5.980689949826412111e-01 6.538806184337258021e-01 7.913556863250483797e-01 7.987266246547390924e-01 3.929433336196801463e-01 3.694979518122573636e-01 4.933453256042427681e-01 5.497260774028536190e-01 3.884538108878762830e-01 5.271889108312373118e-01 7.974181876275052705e-01 1.825230208146750854e-01 5.917049425938111229e-01 4.939281437235676919e-01 8.944680435634995153e-01 6.512678889177446750e-01 5.897918684204499495e-01 3.220298740867294507e-01
5.753513078241190293e-01 4.500160757841886738e-02 2.972001247614753927e-01 8.923841765486997257e-01 4.684799552271602385e-01 8.665192912070582842e-01 6.762175624214454839e-01 8.106050876466546207e-01 2.117497387859298419e-01 3.666415069294436391e-01 8.380681515256005465e-01 5.650673301978011986e-01 9.239195312261851978e-01 3.666432425971744014e-02 5.275051918047599653e-01 0.000000000000000000e+00 2.241318943331530034e-01 4.925100349945656930e-01 2.654732748281238286e-01 8.701121483034192083e-01 4.353823007934796152e-01 8.264990057052488126e-01 6.664783561765819098e-02 7.596387130292032719e-01 4.217589686366037816e-01 9.531543804441263701e-01 8.197209219087517873e-01 5.767735553013493277e-01 9.106801933871290222e-01 7.449810721360230481e-01 3.551430679535833579e-01 3.289680151843784595e-01 7.862182286758336858e-01 6.593410043426238820e-01 6.714853228674874108e-01
6.374143489532556606e-01 3.021976629467127973e-01 7.769569261123024928e-01 3.659174524803621154e-01 3.927640879956386666e-01 8.680831373473174573e-01 5.134036146262990208e-01 8.724439839733526547e-01 6.725877849498118621e-01 5.227052410882253586e-01 8.087608066772276061e-01 4.007720201187325859e-01 7.343626345777518605e-01 4.187629110039768898e-01 8.866014918953744051e-01 2.241318943331530034e-01 0.000000000000000000e+00 3.642536636388335469e-01 6.678203997157444727e-01 1.733784748005811061e-01 5.434919383455267816e-01 8.163726380497614565e-01 4.252290526181659036e-01 5.509580869028031236e-01 2.043046418299031552e-01 3.949005818363993114e-01 4.114355392233842723e-01 5.430261367516688864e-01 5.367293257600035394e-01 6.043370933639709008e-01 6.047652581865918808e-01 4.113459876322709818e-01 4.136365789736831111e-01 3.136040377989887107e-01 2.028849293089934891e-01
4.578194274785959972e-01 5.322562468253942969e-01 5.929311820355136486e-01 5.931514575930081357e-01 7.928529669053777651e-01 6.970330105714117597e-01 5.328696772041237040e-01 6.756439218565718496e-01 5.216724434201183147e-01 6.605185074378883137e-01 4.800249927244522041e-01 8.873700400326753890e-01 5.849984117963856756e-01 6.376732769590212069e-01 5.980689949826412111e-01 4.925100349945656930e-01 3.642536636388335469e-01 0.000000000000000000e+00 5.031118552895916807e-01 5.473882362315858341e-01 6.045502352725797834e-01 3.080781329049769868e-02 6.387423049893465876e-01 4.426408153416052649e-01 8.350505757735658952e-01 5.672246446267936726e-01 4.803427720178033988e-01 5.535954607733826194e-01 6.556089971089584800e-01 6.071445594149560421e-01 2.900477170200433941e-01 8.778012448075154239e-01 6.211137919414763120e-01 6.407390506316179568e-01 5.169431179300929546e-01
7.998440459124251944e-01 1.373380547814324615e-01 1.689485313180625337e-01 5.016204555322874015e-01 3.285536501580816893e-01 9.864547725190222494e-01 1.592490362544016769e-01 2.124541928645941047e-01 7.162216600252756527e-01 5.160643225581742488e-01 8.207696161083433140e-01 5.183370858684496207e-01 6.355861042455022147e-01 6.646915097719918730e-02 6.538806184337258021e-01 2.654732748281238286e-01 6.678203997157444727e-01 5.031118552895916807e-01 0.000000000000000000e+00 6.551698688476137455e-01 4.238278914123525531e-01 1.234324326658000626e-01 4.484924641937568235e-01 7.322872528491870536e-01 5.060404350918001892e-01 6.526397508082371068e-01 6.752845716167039658e-01 6.966198189045991196e-01 8.702303272406055612e-01 8.709756215382749023e-01 7.119380265166314059e-01 9.049772014070405213e-01 7.555329547017957115e-01 4.774660641910605241e-01 3.309678204731897333e-01
4.381948901018573039e-01 7.080624906733923307e-01 9.410090962440182949e-01 2.925443864208851497e-01 8.546778479638723613e-01 6.901797554699691251e-01 5.448405012711174944e-01 6.894126204889774456e-01 4.585287586108449109e-01 5.747228690069589030e-01 5.867346164896046767e-01 7.739632298420466849e-01 5.034745871559433983e-01 6.297861238188950939e-01 7.913556863250483797e-01 8.701121483034192083e-01 1.733784748005811061e-01 5.473882362315858341e-01 6.551698688476137455e-01 0.000000000000000000e+00 4.452970934534698499e-01 4.530063950632716718e-01 5.600144764268000230e-02 4.688413873081049288e-01 5.874837155839004454e-01 8.028504314864386426e-01 8.303221692263963449e-01 4.042350472698956754e-01 8.665380724928961609e-01 7.824079143429985006e-01 4.597187110452641834e-01 5.811578756876134566e-02 6.546588889684611390e-01 7.424652225562340391e-01 8.189211674110996597e-01
6.220537649646495915e-01 8.040377463611694253e-01 5.268460223192418246e-01 6.735561475835735168e-01 4.732980902129416134e-01 6.725211248546538734e-01 4.223769271341155651e-01 3.865589141718117627e-01 8.318222352930627617e-01 5.363608275394746716e-01 6.606099041211838108e-01 4.328200743384815197e-01 1.893077119303717692e-01 2.209359982938307043e-01 7.987266246547390924e-01 4.353823007934796152e-01 5.434919383455267816e-01 6.045502352725797834e-01 4.238278914123525531e-01 4.452970934534698499e-01 0.000000000000000000e+00 3.011370668164968234e-01 1.689230918474448062e-01 4.005129879911443203e-01 8.097223279631078352e-01 6.862737913582113158e-01 4.037982595463041058e-02 5.866061989266119214e-01 4.637029406578334068e-01 3.645231334555995018e-01 5.241606623171883861e-01 4.726694885162091575e-01 2.499219771802632106e-01 4.589467285716317679e-01 4.141333765528968369e-01
1.251418198264087067e-01 4.663246913749024558e-01 3.411267448304536876e-01 8.389824700790018408e-01 9.100980501314996918e-01 6.071071145109913081e-01 6.022613498656139708e-01 4.076502742067339424e-01 7.764209944030535659e-01 5.915430882759459275e-01 6.284396687081014177e-01 1.816527930000317870e-01 3.390102898936987463e-01 6.706925727270690585e-01 3.929433336196801463e-01 8.264990057052488126e-01 8.163726380497614565e-01 3.080781329049769868e-02 1.234324326658000626e-01 4.530063950632716718e-01 3.011370668164968234e-01 0.000000000000000000e+00 3.652452921362259741e-01 9.731680612277245901e-01 5.942539883377921939e-01 3.700052484841738210e-01 3.107863441742058641e-01 7.370327113446737410e-01 9.425779974352632706e-01 5.849660316826446049e-01 1.251422276565796743e-01 4.305525446442666215e-01 8.264107541006369129e-01 3.342182551695495052e-01 6.468522042265372196e-01
6.511230896441582150e-01 4.613545298009982254e-01 3.079067185639099424e-01 6.248609411386240042e-01 1.933475147839913699e-01 9.918055202113524871e-01 8.098806087344494475e-01 5.073906525453590888e-01 4.085325176690224880e-01 7.768476395160297532e-01 3.132589322962034961e-01 7.396099706496531700e-01 5.050471024221261374e-01 8.081536772692869963e-01 3.694979518122573636e-01 6.664783561765819098e-02 4.252290526181659036e-01 6.387423049893465876e-01 4.484924641937568235e-01 5.600144764268000230e-02 1.689230918474448062e-01 3.652452921362259741e-01 0.000000000000000000e+00 6.183957833339450705e-01 8.205552561821014557e-01 6.299654613383922630e-01 8.474737714890392404e-01 6.834497302464322965e-01 6.932676907059300841e-01 5.570796568066589405e-01 2.971957526526706195e-01 3.380333642845129161e-01 6.887184175708765954e-01 1.585498387075773286e-01 8.296894858694162656e-01
7.712340310334335758e-01 5.633108038413137120e-01 5.494565749346000949e-01 8.754700511400959062e-01 3.352673687800515889e-01 8.281276474366376927e-01 1.799453543710311521e-01 5.724419346714748613e-02 2.673081671411650095e-01 3.326895562037310849e-01 9.184056291431823560e-01 2.502261443056654766e-01 9.256103141154190528e-01 3.142055571194989905e-01 4.933453256042427681e-01 7.596387130292032719e-01 5.509580869028031236e-01 4.426408153416052649e-01 7.322872528491870536e-01 4.688413873081049288e-01 4.005129879911443203e-01 9.731680612277245901e-01 6.183957833339450705e-01 0.000000000000000000e+00 4.847715938356640941e-01 8.978286901391396846e-02 8.430956341504320939e-01 4.880964017051517834e-01 5.645609830694744424e-01 5.945730987556596681e-01 8.271177189575885658e-01 5.932546962448961292e-01 7.739149961352540519e-01 3.221524420728166249e-01 5.168913532226940832e-01
8.719823115631228916e-01 6.005095602792047682e-01 7.319288182097254403e-01 4.409823831383428150e-01 4.760840123366105736e-02 4.443579985553980372e-01 1.357221964693275940e-01 4.996380077228877448e-01 4.005376252076269239e-01 6.254227658545532531e-01 5.862641142450153442e-01 4.131414826558898468e-01 4.654507387593284640e-01 7.232972512017039612e-01 5.497260774028536190e-01 4.217589686366037816e-01 2.043046418299031552e-01 8.350505757735658952e-01 5.060404350918001892e-01 5.874837155839004454e-01 8.097223279631078352e-01 5.942539883377921939e-01 8.205552561821014557e-01 4.847715938356640941e-01 0.000000000000000000e+00 1.389839117737716734e-01 2.648470276909262733e-01 5.129129894071920992e-01 6.493533440825894898e-01 5.182983923731081521e-01 8.835240637795349627e-02 5.455335698865788618e-01 6.223593896119458124e-01 5.040207186991089161e-01 4.847917160519793489e-01
5.096268730897707266e-01 5.993992105456169561e-01 3.570697861940141937e-01 3.397842496013437907e-01 6.902597101453152861e-01 8.181502338714364830e-01 2.933145764783878784e-01 7.836626075926012014e-01 5.708202675369706824e-01 6.810011489968144094e-01 2.996485103688533158e-01 7.451890046688642855e-01 6.358281486911844249e-01 6.042526829305772118e-02 3.884538108878762830e-01 9.531543804441263701e-01 3.949005818363993114e-01 5.672246446267936726e-01 6.526397508082371068e-01 8.028504314864386426e-01 6.862737913582113158e-01 3.700052484841738210e-01 6.299654613383922630e-01 8.978286901391396846e-02 1.389839117737716734e-01 0.000000000000000000e+00 6.949902592451098204e-01 5.401995553318661436e-01 5.375134321234851242e-01 3.597010204767883135e-01 8.913379055535119999e-01 8.198025845656766730e-01 5.214680934705471227e-01 3.337793857513143836e-01 7.367911887978976226e-01
5.183857747978790620e-01 7.785047211313880222e-01 5.310302882648239020e-01 3.927407912311482452e-01 7.750604209996760918e-01 6.999633860430664045e-01 8.149714592157102366e-01 9.047754877053379996e-01 5.345665685439129344e-01 8.214342872156932263e-01 5.785286427803963960e-01 5.614440017655536463e-01 8.995433218737640679e-01 3.787549732810067127e-01 5.271889108312373118e-01 8.197209219087517873e-01 4.114355392233842723e-01 4.803427720178033988e-01 6.752845716167039658e-01 8.303221692263963449e-01 4.037982595463041058e-02 3.107863441742058641e-01 8.474737714890392404e-01 8.430956341504320939e-01 2.648470276909262733e-01 6.949902592451098204e-01 0.000000000000000000e+00 5.188838080552671261e-01 8.030655440521338173e-01 2.851069235047792860e-01 4.119710725883157232e-01 1.075122182346048838e-01 7.613419957264022653e-01 9.338078288168681906e-01 6.896829906455047565e-01
9.122408473972349885e-01 2.389500039195701087e-01 1.925445222993805716e-01 4.708244062383915574e-01 7.583102759702977647e-01 8.114050279425966128e-02 4.216805057190480821e-01 4.285586626669530275e-01 8.025858496446826029e-01 6.688222229208510283e-01 2.925320580224634592e-01 3.543378434414797828e-01 7.868210588746660239e-01 7.085786357542993574e-01 7.974181876275052705e-01 5.767735553013493277e-01 5.430261367516688864e-01 5.535954607733826194e-01 6.966198189045991196e-01 4.042350472698956754e-01 5.866061989266119214e-01 7.370327113446737410e-01 6.834497302464322965e-01 4.880964017051517834e-01 5.129129894071920992e-01 5.401995553318661436e-01 5.188838080552671261e-01 0.000000000000000000e+00 8.728207493332145184e-01 3.876496959227683226e-01 4.401633593651758658e-01 8.346444807750487138e-01 1.016353399621954257e-01 4.237393182228009203e-01 6.431774106188996587e-01
4.260962996345359910e-01 3.767143670928808641e-01 5.283635188759452372e-01 5.776627017163349365e-01 4.307800186223507133e-01 3.892589040985224846e-01 5.483659147457028427e-01 7.485043781661082640e-01 3.298578755057682832e-01 7.106506722315343305e-01 5.765222431027474670e-01 4.677148802105229874e-01 7.177123620753091959e-01 6.318488241629910407e-01 1.825230208146750854e-01 9.106801933871290222e-01 5.367293257600035394e-01 6.556089971089584800e-01 8.702303272406055612e-01 8.665380724928961609e-01 4.637029406578334068e-01 9.425779974352632706e-01 6.932676907059300841e-01 5.645609830694744424e-01 6.493533440825894898e-01 5.375134321234851242e-01 8.030655440521338173e-01 8.728207493332145184e-01 0.000000000000000000e+00 1.656332020609974087e-01 6.282807978977669183e-01 8.851638640533887603e-01 4.096819307914484343e-01 1.855971204295814303e-02 3.977953604663984066e-01
8.401615555161441318e-01 4.124816340418271943e-01 6.395607709032209431e-01 5.766901432080278056e-01 4.231061176549638092e-01 3.051562966252118203e-01 3.590664692856873619e-01 3.517158415132047855e-01 7.185431745388606295e-01 5.943551435351641654e-01 3.678783623304010542e-01 4.004923091509705602e-01 5.807563617301584324e-01 4.488821349088980006e-01 5.917049425938111229e-01 7.449810721360230481e-01 6.043370933639709008e-01 6.071445594149560421e-01 8.709756215382749023e-01 7.824079143429985006e-01 3.645231334555995018e-01 5.849660316826446049e-01 5.570796568066589405e-01 5.945730987556596681e-01 5.182983923731081521e-01 3.597010204767883135e-01 2.851069235047792860e-01 3.876496959227683226e-01 1.656332020609974087e-01 0.000000000000000000e+00 3.423637781317217521e-01 7.552280353959455184e-01 4.162555425733859837e-01 7.548727093293654544e-01 3.703734659917585215e-01
4.972189410960082823e-01 4.633819842541166967e-01 7.624505627460893553e-01 3.545501435769283782e-01 7.575072314155757436e-01 8.912219607148261780e-01 7.619705863984780336e-01 7.349136429961566908e-01 5.391848881491806411e-01 3.851224861070046135e-01 8.974023125761447783e-01 7.568891030050641788e-01 5.008597466570727796e-01 4.731394661577292271e-01 4.939281437235676919e-01 3.551430679535833579e-01 6.047652581865918808e-01 2.900477170200433941e-01 7.119380265166314059e-01 4.597187110452641834e-01 5.241606623171883861e-01 1.251422276565796743e-01 2.971957526526706195e-01 8.271177189575885658e-01 8.835240637795349627e-02 8.913379055535119999e-01 4.119710725883157232e-01 4.401633593651758658e-01 6.282807978977669183e-01 3.423637781317217521e-01 0.000000000000000000e+00 7.280600485224997254e-01 6.763897121975170901e-01 4.750572300833849626e-01 1.097518082498877279e-01
8.945535450531214572e-01 4.927923946470076366e-01 9.357027869269625153e-01 2.807256863693601279e-01 6.179980591950282598e-01 8.833325402424678785e-01 5.398351111411960890e-01 8.290340300881100521e-01 4.269874326453356184e-01 6.086833996563311144e-01 5.755419261969266786e-01 3.871859160910525177e-01 9.219077514036431165e-01 7.214205953361120249e-01 8.944680435634995153e-01 3.289680151843784595e-01 4.113459876322709818e-01 8.778012448075154239e-01 9.049772014070405213e-01 5.811578756876134566e-02 4.726694885162091575e-01 4.305525446442666215e-01 3.380333642845129161e-01 5.932546962448961292e-01 5.455335698865788618e-01 8.198025845656766730e-01 1.075122182346048838e-01 8.346444807750487138e-01 8.851638640533887603e-01 7.552280353959455184e-01 7.280600485224997254e-01 0.000000000000000000e+00 6.401197384723505968e-01 2.357759145496228226e-01 4.801036486346827448e-01
6.015542646945792882e-01 3.942105623481156895e-01 2.542807596609009124e-01 4.571750865313380374e-01 4.355009782980890365e-01 8.252392528866392407e-01 6.934511384298314152e-01 5.618532650920283755e-01 3.420279591357044957e-02 7.619387652981340908e-01 6.977052729165742484e-01 2.252039043420450692e-01 5.139680324222350993e-01 2.095250173439975327e-01 6.512678889177446750e-01 7.862182286758336858e-01 4.136365789736831111e-01 6.211137919414763120e-01 7.555329547017957115e-01 6.546588889684611390e-01 2.499219771802632106e-01 8.264107541006369129e-01 6.887184175708765954e-01 7.739149961352540519e-01 6.223593896119458124e-01 5.214680934705471227e-01 7.613419957264022653e-01 1.016353399621954257e-01 4.096819307914484343e-01 4.162555425733859837e-01 6.763897121975170901e-01 6.401197384723505968e-01 0.000000000000000000e+00 8.671536763746907628e-01 3.745326679578344642e-01
9.769297392193470042e-01 5.243560676294843903e-01 7.039438201704339981e-01 3.941502795269847814e-01 8.310691721329266368e-01 5.300476716600712734e-01 8.258740981273758885e-01 3.066185284791450028e-01 8.052145221542177378e-01 9.400456293032162236e-01 3.325137243378588070e-01 3.841471933366567559e-01 4.817277470359583313e-01 6.714372761664364475e-01 5.897918684204499495e-01 6.593410043426238820e-01 3.136040377989887107e-01 6.407390506316179568e-01 4.774660641910605241e-01 7.424652225562340391e-01 4.589467285716317679e-01 3.342182551695495052e-01 1.585498387075773286e-01 3.221524420728166249e-01 5.040207186991089161e-01 3.337793857513143836e-01 9.338078288168681906e-01 4.237393182228009203e-01 1.855971204295814303e-02 7.548727093293654544e-01 4.750572300833849626e-01 2.357759145496228226e-01 8.671536763746907628e-01 0.000000000000000000e+00 9.615998033021679881e-01
7.623194335166487701e-01 8.010118597543811614e-01 6.454900416277913333e-01 8.347181864268514717e-01 3.122206637793331074e-01 7.134835886591808229e-01 8.320302899925040574e-01 2.753565647791511584e-01 5.234223881624581187e-01 7.302054250389142798e-01 3.567008982902697967e-01 8.106003909932437690e-01 5.872330054238517061e-01 3.274693548246758734e-01 3.220298740867294507e-01 6.714853228674874108e-01 2.028849293089934891e-01 5.169431179300929546e-01 3.309678204731897333e-01 8.189211674110996597e-01 4.141333765528968369e-01 6.468522042265372196e-01 8.296894858694162656e-01 5.168913532226940832e-01 4.847917160519793489e-01 7.367911887978976226e-01 6.896829906455047565e-01 6.431774106188996587e-01 3.977953604663984066e-01 3.703734659917585215e-01 1.097518082498877279e-01 4.801036486346827448e-01 3.745326679578344642e-01 9.615998033021679881e-01 0.000000000000000000e+00
