0.000000000000000000e+00 1.141826064772653027e-01 7.840123637648543919e-01 3.583070902334061225e-01 6.532996178575288804e-01 6.905877817973428145e-01 6.902991923922491280e-01 6.188702385518890514e-01 5.096535177273451289e-01 6.314237300912155515e-01 4.582533188526056733e-01 4.145237521180195062e-01 3.395843926948326486e-01 2.447641720129152820e-01 5.779053242543950031e-01 8.497391584615479054e-01 7.440396858488529386e-01 3.502685360927819680e-01 3.057250920382402759e-01 5.809753552096958984e-01 5.214107305407160720e-01 4.241979711665336272e-01 7.228002509549364962e-01 8.910942584334915484e-01 4.587684712265350240e-01 5.437467085686273904e-01 7.214884447856209082e-01 1.604467959360192930e-01 3.642372238846359744e-01 6.547418151638584316e-01 2.366744916305423274e-01 5.658577521940653110e-01 2.817361495628473711e-01 2.280789222816193007e-01 5.345945513138077310e-01
1.141826064772653027e-01 0.000000000000000000e+00 2.203029182806944264e-01 4.423839893525683964e-01 8.765426961333135925e-01 4.071795178517796376e-01 4.520436542378176714e-01 4.183945512627280650e-01 5.952755448824660345e-01 4.790485058629686543e-01 5.513807156501954188e-01 8.719037307143204796e-01 6.258517919896058324e-01 3.733205792779437093e-01 1.191781933430611229e-01 7.020351751040622146e-01 4.114080072639502150e-01 7.716629473163478803e-01 4.512545613739394335e-01 4.902907367770971692e-01 1.653301968940071864e-01 3.216502229120393741e-01 5.658285616985593292e-01 5.559491545605952378e-01 6.134885895797362876e-01 4.008969816166080280e-01 5.319395175886242333e-01 4.564804579564269993e-01 5.212353278952227553e-01 7.117122880265775997e-01 3.621645617200972000e-01 7.989284608106829166e-01 8.080282994372688377e-01 7.825806848506201563e-01 5.622190846855934510e-01
7.840123637648543919e-01 2.203029182806944264e-01 0.000000000000000000e+00 6.871535434098954287e-01 5.907411754569886764e-01 2.224220612766648064e-01 7.537749131717905726e-01 7.869062206515144986e-01 2.267492286710098837e-01 5.330143391629937888e-01 2.447096001931619025e-01 6.886354730706756300e-01 4.845377429614901588e-01 6.547103370825368973e-01 5.103507082694116459e-01 8.024358851622759303e-01 8.796669096408989974e-01 5.293883679034419032e-01 3.896008953277187992e-01 3.740554270776377810e-01 3.602099334786125762e-01 6.181208996639812048e-01 5.956793337006138778e-02 8.446808086004993221e-01 3.548643074949909271e-01 9.237247296950343856e-01 7.410004634646161215e-02 1.855629744650497681e-01 3.699578697971339092e-01 4.925812591940564866e-01 6.308850162058718958e-01 5.457522422729695899e-01 4.800437490204952917e-01 3.845376772142846677e-01 6.593917490835399242e-01
3.583070902334061225e-01 4.423839893525683964e-01 6.871535434098954287e-01 0.000000000000000000e+00 1.544179244153229269e-01 7.931923597189642905e-01 5.116572077338266133e-01 5.596129114315306907e-01 4.323754734054193749e-01 6.255206588416174496e-01 5.552478419459729864e-01 3.846880004250458063e-01 6.954519565422476735e-01 9.606921460612023456e-01 3.712620212653778284e-01 4.255097265237157700e-01 6.294909369014962675e-01 1.712059919816463216e-01 5.151997807517086914e-01 1.469867122811606697e-01 7.058148553865990493e-01 1.664886242915131209e-01 3.375396747352780169e-01 1.125541020335303344e-01 5.111956806651725138e-01 6.639252260476624645e-02 7.779724779984320548e-01 7.427187799053480699e-01 9.784798783800180422e-01 7.799037241682119648e-01 3.261379681958832544e-01 4.298168224220398903e-01 7.397377081587497294e-01 9.931790804046346510e-01 4.487527871551640901e-01
6.532996178575288804e-01 8.765426961333135925e-01 5.907411754569886764e-01 1.544179244153229269e-01 0.000000000000000000e+00 4.831044842633713254e-01 5.779774063417433272e-01 3.200128503830494964e-01 2.678484114131490790e-01 5.871739308857706341e-01 8.894395493284059651e-01 5.109078721713806726e-01 3.911616949487628503e-01 4.093646156913878786e-01 6.866306857855658530e-01 4.354674273422842745e-01 5.804001549179762520e-01 7.088844065459964927e-01 6.691955719657505242e-01 7.227952929351429967e-01 7.687958771704701544e-01 6.859378466983174771e-01 5.766011914181374820e-01 3.574020096689282111e-01 3.921153974600238290e-01 5.997967890955269166e-01 4.505129845580986836e-01 8.617795417249374257e-01 5.026392078373014272e-01 7.356626984492056209e-01 5.611389122220824532e-01 9.054364571031762177e-01 5.313221756936568063e-01 5.009318037580650085e-01 6.671947051359998770e-01
6.905877817973428145e-01 4.071795178517796376e-01 2.224220612766648064e-01 7.931923597189642905e-01 4.831044842633713254e-01 0.000000000000000000e+00 4.763224250388677361e-01 4.352763857165087291e-01 3.462262168216906355e-01 8.645608947639935593e-01 5.586201578647858046e-01 1.290209085118665389e-01 7.186425159784106675e-01 5.732282481704331634e-01 3.589956492649700737e-01 8.326686507017354577e-01 3.460879791145223816e-01 2.222162982178587098e-01 7.918387556728050392e-01 7.519741161126411999e-01 5.734279580735550663e-01 9.494589399656114814e-01 7.605957537925756018e-01 6.265072697683293779e-01 3.124580625300987791e-01 3.070678728196065688e-01 7.575788449372322653e-01 9.213289017888353083e-01 2.148165838940893080e-01 2.576967020249577578e-01 1.054954826470038132e-01 4.832656565852728181e-01 8.848453520481491807e-01 6.098716203019375337e-01 4.277121067594630843e-01
6.902991923922491280e-01 4.520436542378176714e-01 7.537749131717905726e-01 5.116572077338266133e-01 5.779774063417433272e-01 4.763224250388677361e-01 0.000000000000000000e+00 6.149787874182218728e-01 5.080386460818618888e-01 3.746310226394049536e-01 5.017890661565469479e-01 4.522155501858299287e-01 4.311553655933639817e-01 4.710671029562324974e-01 3.261796581258651351e-01 6.188649633450847842e-01 3.451723534443663644e-01 4.865751976866267148e-01 5.572783637105129806e-01 1.062857724515224866e-01 6.359265089592247566e-01 4.221214769565159175e-01 5.619442360640732881e-01 6.447595310105083133e-01 6.445591439120494925e-01 1.500356658602371995e-01 2.113984053217532466e-01 6.847758750352216373e-01 5.933188355286663773e-01 4.130281437918458254e-01 3.588249788407112950e-01 5.418629928710565480e-01 5.615480422771184088e-01 4.550875936568192781e-01 7.510884384499543209e-01
6.188702385518890514e-01 4.183945512627280650e-01 7.869062206515144986e-01 5.596129114315306907e-01 3.200128503830494964e-01 4.352763857165087291e-01 6.149787874182218728e-01 0.000000000000000000e+00 4.472643717154737297e-01 3.562390338117124022e-01 6.145774367145568906e-01 6.975124700138175537e-01 6.327856623299106253e-01 8.725838519998525555e-01 5.486335331598650722e-01 9.550130063434214556e-01 5.701848668930324937e-01 6.918154074011251264e-01 9.188397898330957769e-01 5.091683120476789837e-01 8.537716508562417372e-01 5.470071942265997134e-01 8.427205335561993582e-01 7.753716662930240089e-01 2.474550900220563454e-01 4.324654238435465814e-01 8.163123504532510122e-01 4.911706194767522238e-01 4.861929063084058367e-01 9.117141192524790272e-01 2.042110002489914145e-01 8.266751907445923919e-01 5.969565030801269323e-01 2.608660681398448089e-01 2.704505344769176922e-01
5.096535177273451289e-01 5.952755448824660345e-01 2.267492286710098837e-01 4.323754734054193749e-01 2.678484114131490790e-01 3.462262168216906355e-01 5.080386460818618888e-01 4.472643717154737297e-01 0.000000000000000000e+00 7.879945431771202546e-01 8.769604222943219174e-01 2.064797576980850202e-01 5.564325830980103582e-01 4.990198853130501933e-01 4.805425731662198441e-01 1.183738478614716483e-01 5.450622663477366903e-01 6.759027625098148473e-01 4.792971451565954388e-01 8.133692216197109248e-01 5.921144467313015358e-01 4.983309398543728785e-01 9.189086202688683258e-01 2.663690072674587683e-01 6.850254534015445262e-01 4.453877234129729468e-01 5.070795841681209337e-01 5.014469563677890207e-01 9.672672772247157269e-01 6.207370730591614816e-01 2.393270040411441535e-01 4.661410611409634863e-01 1.444822701406514032e-01 8.407322924197241365e-01 7.430095311442110884e-01
6.314237300912155515e-01 4.790485058629686543e-01 5.330143391629937888e-01 6.255206588416174496e-01 5.871739308857706341e-01 8.645608947639935593e-01 3.746310226394049536e-01 3.562390338117124022e-01 7.879945431771202546e-01 0.000000000000000000e+00 6.707836951622851984e-01 5.262964106007161913e-01 5.008167014620081847e-01 4.878979886415444334e-01 4.449255201905348844e-01 4.219738782852547887e-01 6.882042982562127653e-01 4.606923502605487775e-01 2.065649600154063625e-01 7.751496603837120247e-01 6.298377660668760258e-01 7.407499458462527553e-01 2.566369540183526254e-01 3.114686252463216842e-01 7.208327267714975672e-01 7.633133777235365791e-01 2.611221285399558667e-01 3.751092044320439300e-01 5.368554872999951044e-01 1.084799638560599577e-01 6.878639951679110798e-01 8.671107343056658756e-01 5.717519197391029984e-01 4.939597126169214536e-01 5.140221777218056953e-01
4.582533188526056733e-01 5.513807156501954188e-01 2.447096001931619025e-01 5.552478419459729864e-01 8.894395493284059651e-01 5.586201578647858046e-01 5.017890661565469479e-01 6.145774367145568906e-01 8.769604222943219174e-01 6.707836951622851984e-01 0.000000000000000000e+00 4.422348263217055209e-01 7.706366164913278638e-01 9.656122666712056990e-01 3.991400463272093413e-01 6.650084463107797106e-01 2.596182702623875960e-01 4.535451337945590744e-01 4.156648567830131813e-01 8.901949843948209207e-01 2.501084467287848501e-01 9.846892965830444933e-02 5.478756069787642513e-01 6.159347127318550719e-01 7.143164444870535590e-01 6.435565602225807869e-01 2.732623619386380653e-01 3.714230149886826871e-01 3.937687175581776611e-01 3.789943767476977032e-01 1.965821682590777053e-01 2.686482787682623607e-01 6.931354578978672354e-01 6.403135733126796847e-01 6.802901948889656936e-01
4.145237521180195062e-01 8.719037307143204796e-01 6.886354730706756300e-01 3.846880004250458063e-01 5.109078721713806726e-01 1.290209085118665389e-01 4.522155501858299287e-01 6.975124700138175537e-01 2.064797576980850202e-01 5.262964106007161913e-01 4.422348263217055209e-01 0.000000000000000000e+00 3.248149916767355538e-01 6.211462112055243789e-01 2.580629896237491283e-01 4.948383953725193352e-01 2.696046102521812982e-01 7.017488225940031743e-01 7.926134606934500670e-01 8.863992741118285057e-01 8.378539409061114274e-01 3.646791844837672936e-01 5.193390723268564990e-01 5.344210607311133954e-01 6.695017302988559571e-01 5.462524188404400682e-01 4.491345170748642923e-01 6.040292847590411629e-01 4.811632782154149357e-01 7.886472799949924006e-01 6.107618930524340017e-01 4.733312933839026737e-01 3.853042834583073617e-01 4.985852394874084048e-01 5.225510669481807646e-01
3.395843926948326486e-01 6.258517919896058324e-01 4.845377429614901588e-01 6.954519565422476735e-01 3.911616949487628503e-01 7.186425159784106675e-01 4.311553655933639817e-01 6.327856623299106253e-01 5.564325830980103582e-01 5.008167014620081847e-01 7.706366164913278638e-01 3.248149916767355538e-01 0.000000000000000000e+00 7.568539534391504064e-01 1.875178330310876551e-01 8.306941386693319496e-01 4.141498012460127498e-01 4.474358219438896445e-01 3.818621568780833364e-01 6.048981035061162803e-02 7.188041331089883856e-01 8.118604040676494771e-01 2.652367049034164981e-01 5.030478823963079327e-01 4.528766953301873177e-01 6.584687458080835665e-01 8.232132884887737312e-01 7.802093880751022059e-01 3.872909093888136089e-01 3.354148059360873013e-01 4.939985783664664343e-01 4.177125652211486351e-01 4.782931447331455477e-01 7.247728639580859333e-01 3.563698463205522415e-01
2.447641720129152820e-01 3.733205792779437093e-01 6.547103370825368973e-01 9.606921460612023456e-01 4.093646156913878786e-01 5.732282481704331634e-01 4.710671029562324974e-01 8.725838519998525555e-01 4.990198853130501933e-01 4.878979886415444334e-01 9.656122666712056990e-01 6.211462112055243789e-01 7.568539534391504064e-01 0.000000000000000000e+00 6.268565469712228388e-02 2.381733504252251388e-01 8.876020666328733322e-01 8.789365876506870512e-01 7.101367557344118175e-01 8.471667732505427928e-01 5.021032664283681113e-01 3.947546077079614468e-01 4.058409366260037343e-01 2.678209619555292909e-01 5.627764599914164556e-01 4.968006496400638738e-01 1.782780763770894228e-01 6.624467754399157027e-01 8.848301662258142297e-01 4.824956822630522280e-01 3.114565961586439613e-01 6.344808937007044847e-01 4.319267470757576777e-01 4.100546496630494420e-01 7.040994643785185580e-01
5.779053242543950031e-01 1.191781933430611229e-01 5.103507082694116459e-01 3.712620212653778284e-01 6.866306857855658530e-01 3.589956492649700737e-01 3.261796581258651351e-01 5.486335331598650722e-01 4.805425731662198441e-01 4.449255201905348844e-01 3.991400463272093413e-01 2.580629896237491283e-01 1.875178330310876551e-01 6.268565469712228388e-02 0.000000000000000000e+00 5.056837618275259461e-01 1.600783537038776849e-01 3.113382364469657326e-01 3.302764958709617504e-01 5.785658822884190977e-01 8.105778283670874718e-01 8.461573269380495699e-02 5.301975026926666335e-01 5.599336329722433003e-01 2.859164788619115716e-01 6.869973544697718371e-01 8.925518673132142311e-01 7.086056086670120546e-01 2.766921267092995462e-01 4.305455785172954131e-01 4.299314642323897040e-01 7.827036415536313685e-01 4.983766710258474841e-01 4.700380166366178725e-01 8.160563109696403750e-01
8.497391584615479054e-01 7.020351751040622146e-01 8.024358851622759303e-01 4.255097265237157700e-01 4.354674273422842745e-01 8.326686507017354577e-01 6.188649633450847842e-01 9.550130063434214556e-01 1.183738478614716483e-01 4.219738782852547887e-01 6.650084463107797106e-01 4.948383953725193352e-01 8.306941386693319496e-01 2.381733504252251388e-01 5.056837618275259461e-01 0.000000000000000000e+00 5.910694593407974651e-01 7.186348325738306508e-01 6.071574146894256341e-01 4.203381217582458085e-02 3.399742409600408632e-01 5.408297985372436667e-01 4.434054846301044295e-01 3.220931923928350704e-01 4.599788460182820393e-01 7.384167240773251706e-01 4.477755028158891815e-01 3.651827564434651507e-01 4.133375077279864418e-01 6.276281751551147092e-01 3.686512573245259716e-01 4.839547347777120034e-01 3.852015397548159692e-01 4.976581173306730554e-01 5.005755234642399465e-01
7.440396858488529386e-01 4.114080072639502150e-01 8.796669096408989974e-01 6.294909369014962675e-01 5.804001549179762520e-01 3.460879791145223816e-01 3.451723534443663644e-01 5.701848668930324937e-01 5.450622663477366903e-01 6.882042982562127653e-01 2.596182702623875960e-01 2.696046102521812982e-01 4.141498012460127498e-01 8.876020666328733322e-01 1.600783537038776849e-01 5.910694593407974651e-01 0.000000000000000000e+00 6.807927342939801285e-01 8.647185658500416983e-01 6.030773917175075161e-02 6.603698177579183648e-01 2.772838770861951740e-01 9.160054202310110583e-01 9.418324574919310077e-01 4.152373686637400585e-01 3.011851501641673590e-01 4.137974424054933209e-01 7.002827283695211014e-01 8.614620592965724910e-01 7.340814553078336413e-01 7.790023090006432671e-01 2.897902322835429478e-01 4.329970551105811749e-01 3.778999242876563969e-01 1.038288842230666864e-01
3.502685360927819680e-01 7.716629473163478803e-01 5.293883679034419032e-01 1.712059919816463216e-01 7.088844065459964927e-01 2.222162982178587098e-01 4.865751976866267148e-01 6.918154074011251264e-01 6.759027625098148473e-01 4.606923502605487775e-01 4.535451337945590744e-01 7.017488225940031743e-01 4.474358219438896445e-01 8.789365876506870512e-01 3.113382364469657326e-01 7.186348325738306508e-01 6.807927342939801285e-01 0.000000000000000000e+00 3.772084090670303480e-01 9.618729564352170858e-01 4.974344289070479208e-01 6.840461048801675936e-01 2.750519384421072910e-01 4.278740557155532587e-01 2.670042863849929615e-01 4.663826542964112365e-01 2.747640911359433558e-01 6.765960207147093675e-01 9.141060728644159195e-01 6.746673294239926566e-01 3.678400129613370595e-01 6.693512177080365166e-01 5.889514992663984483e-01 4.945272493223848431e-01 5.120319088262588192e-01
3.057250920382402759e-01 4.512545613739394335e-01 3.896008953277187992e-01 5.151997807517086914e-01 6.691955719657505242e-01 7.918387556728050392e-01 5.572783637105129806e-01 9.188397898330957769e-01 4.792971451565954388e-01 2.065649600154063625e-01 4.156648567830131813e-01 7.926134606934500670e-01 3.818621568780833364e-01 7.101367557344118175e-01 3.302764958709617504e-01 6.071574146894256341e-01 8.647185658500416983e-01 3.772084090670303480e-01 0.000000000000000000e+00 7.242575116961686987e-01 1.017162080099152099e-01 4.041800495486581046e-01 9.111487456240503491e-01 8.089023688103316179e-01 8.704025131489221412e-01 4.976580380987095653e-01 8.325982149529584930e-01 5.063978458870392885e-01 6.345426616556624211e-01 5.614399354628096805e-01 6.429154717509300010e-01 4.274514030345410442e-01 4.279474882674375036e-01 2.712100612362972618e-01 8.071485493150276636e-02
5.809753552096958984e-01 4.902907367770971692e-01 3.740554270776377810e-01 1.469867122811606697e-01 7.227952929351429967e-01 7.519741161126411999e-01 1.062857724515224866e-01 5.091683120476789837e-01 8.133692216197109248e-01 7.751496603837120247e-01 8.901949843948209207e-01 8.863992741118285057e-01 6.048981035061162803e-02 8.471667732505427928e-01 5.785658822884190977e-01 4.203381217582458085e-02 6.030773917175075161e-02 9.618729564352170858e-01 7.242575116961686987e-01 0.000000000000000000e+00 4.323137653668677194e-01 6.359724871875909180e-01 4.460738770034331502e-01 5.698016263716769725e-01 1.691473260410447654e-02 2.558429564568204251e-01 6.430049228931900007e-01 3.680603260121723674e-01 3.005610328507303253e-01 9.386031200582154455e-01 2.839881962792713543e-01 6.483334972172948296e-01 8.704118718788391718e-01 6.305799934904049442e-02 6.577906025506357057e-01
5.214107305407160720e-01 1.653301968940071864e-01 3.602099334786125762e-01 7.058148553865990493e-01 7.687958771704701544e-01 5.734279580735550663e-01 6.359265089592247566e-01 8.537716508562417372e-01 5.921144467313015358e-01 6.298377660668760258e-01 2.501084467287848501e-01 8.378539409061114274e-01 7.188041331089883856e-01 5.021032664283681113e-01 8.105778283670874718e-01 3.399742409600408632e-01 6.603698177579183648e-01 4.974344289070479208e-01 1.017162080099152099e-01 4.323137653668677194e-01 0.000000000000000000e+00 2.701013545990164078e-01 1.964549768017749276e-01 3.199276771407485453e-01 7.971247552820377447e-01 6.360650152253434220e-01 9.639329676037444727e-02 3.826759106370194452e-01 9.303588006746610350e-02 1.773487600204662895e-01 2.695214849739199225e-01 1.204613353136454457e-01 2.060116694081488564e-01 3.662172853809345652e-01 6.587596343252504205e-01
4.241979711665336272e-01 3.216502229120393741e-01 6.181208996639812048e-01 1.664886242915131209e-01 6.859378466983174771e-01 9.494589399656114814e-01 4.221214769565159175e-01 5.470071942265997134e-01 4.983309398543728785e-01 7.407499458462527553e-01 9.846892965830444933e-02 3.646791844837672936e-01 8.118604040676494771e-01 3.947546077079614468e-01 8.461573269380495699e-02 5.408297985372436667e-01 2.772838770861951740e-01 6.840461048801675936e-01 4.041800495486581046e-01 6.359724871875909180e-01 2.701013545990164078e-01 0.000000000000000000e+00 5.813062526074035397e-01 9.701450251686795090e-01 4.787986628760745322e-01 6.090284000079224658e-01 8.036619366878684501e-01 5.121608895168676678e-01 3.000788338955867607e-01 6.403160345290692668e-01 8.026325887422821603e-01 4.556803081625818708e-01 2.645044020881192059e-01 4.295040009631450606e-01 8.993812431678280817e-01
7.228002509549364962e-01 5.658285616985593292e-01 5.956793337006138778e-02 3.375396747352780169e-01 5.766011914181374820e-01 7.605957537925756018e-01 5.619442360640732881e-01 8.427205335561993582e-01 9.189086202688683258e-01 2.566369540183526254e-01 5.478756069787642513e-01 5.193390723268564990e-01 2.652367049034164981e-01 4.058409366260037343e-01 5.301975026926666335e-01 4.434054846301044295e-01 9.160054202310110583e-01 2.750519384421072910e-01 9.111487456240503491e-01 4.460738770034331502e-01 1.964549768017749276e-01 5.813062526074035397e-01 0.000000000000000000e+00 5.373404514658075559e-01 5.529911633999303744e-01 5.516206434373565060e-01 3.817485666281487111e-01 7.823517340318848490e-01 7.463080358801286174e-01 3.623859043537945857e-01 1.174683186149390046e-01 8.725594972492864976e-01 6.758126482404513968e-01 3.659040306201842840e-01 6.923215025875097961e-01
8.910942584334915484e-01 5.559491545605952378e-01 8.446808086004993221e-01 1.125541020335303344e-01 3.574020096689282111e-01 6.265072697683293779e-01 6.447595310105083133e-01 7.753716662930240089e-01 2.663690072674587683e-01 3.114686252463216842e-01 6.159347127318550719e-01 5.344210607311133954e-01 5.030478823963079327e-01 2.678209619555292909e-01 5.599336329722433003e-01 3.220931923928350704e-01 9.418324574919310077e-01 4.278740557155532587e-01 8.089023688103316179e-01 5.698016263716769725e-01 3.199276771407485453e-01 9.701450251686795090e-01 5.373404514658075559e-01 0.000000000000000000e+00 3.946409563998513059e-01 8.279752236241759711e-01 2.493223924184421181e-01 4.173035386631822052e-01 1.296645596162799841e-01 4.392172296513006113e-01 5.345368613680088199e-01 9.234633377125855969e-02 6.464404892108470690e-01 4.822643731859121430e-01 9.057928816597500266e-01
4.587684712265350240e-01 6.134885895797362876e-01 3.548643074949909271e-01 5.111956806651725138e-01 3.921153974600238290e-01 3.124580625300987791e-01 6.445591439120494925e-01 2.474550900220563454e-01 6.850254534015445262e-01 7.208327267714975672e-01 7.143164444870535590e-01 6.695017302988559571e-01 4.528766953301873177e-01 5.627764599914164556e-01 2.859164788619115716e-01 4.599788460182820393e-01 4.152373686637400585e-01 2.670042863849929615e-01 8.704025131489221412e-01 1.691473260410447654e-02 7.971247552820377447e-01 4.787986628760745322e-01 5.529911633999303744e-01 3.946409563998513059e-01 0.000000000000000000e+00 9.233475129569694850e-01 3.728758409549671748e-01 6.700403517357464978e-01 6.448604387837040264e-01 5.037753230203997346e-01 1.454973318537956528e-01 4.229661500288340870e-01 7.246572719054813483e-01 4.732151499289631302e-01 7.323108340103308134e-01
5.437467085686273904e-01 4.008969816166080280e-01 9.237247296950343856e-01 6.639252260476624645e-02 5.997967890955269166e-01 3.070678728196065688e-01 1.500356658602371995e-01 4.324654238435465814e-01 4.453877234129729468e-01 7.633133777235365791e-01 6.435565602225807869e-01 5.462524188404400682e-01 6.584687458080835665e-01 4.968006496400638738e-01 6.869973544697718371e-01 7.384167240773251706e-01 3.011851501641673590e-01 4.663826542964112365e-01 4.976580380987095653e-01 2.558429564568204251e-01 6.360650152253434220e-01 6.090284000079224658e-01 5.516206434373565060e-01 8.279752236241759711e-01 9.233475129569694850e-01 0.000000000000000000e+00 7.199990517132437429e-01 7.504164305335296881e-01 5.166624408458552198e-01 1.752121286310757142e-01 4.217635079523004427e-01 3.536041551495112678e-01 8.552264696318111481e-01 6.267998452745370264e-01 2.059437871401565423e-01
7.214884447856209082e-01 5.319395175886242333e-01 7.410004634646161215e-02 7.779724779984320548e-01 4.505129845580986836e-01 7.575788449372322653e-01 2.113984053217532466e-01 8.163123504532510122e-01 5.070795841681209337e-01 2.611221285399558667e-01 2.732623619386380653e-01 4.491345170748642923e-01 8.232132884887737312e-01 1.782780763770894228e-01 8.925518673132142311e-01 4.477755028158891815e-01 4.137974424054933209e-01 2.747640911359433558e-01 8.325982149529584930e-01 6.430049228931900007e-01 9.639329676037444727e-02 8.036619366878684501e-01 3.817485666281487111e-01 2.493223924184421181e-01 3.728758409549671748e-01 7.199990517132437429e-01 0.000000000000000000e+00 7.033556993867515761e-01 1.599456889459104358e-01 4.713247513469224770e-01 6.711974201609971491e-01 4.183950893383567293e-01 5.877464271044876565e-01 1.096213978421659574e-01 5.450882311212847942e-01
1.604467959360192930e-01 4.564804579564269993e-01 1.855629744650497681e-01 7.427187799053480699e-01 8.617795417249374257e-01 9.213289017888353083e-01 6.847758750352216373e-01 4.911706194767522238e-01 5.014469563677890207e-01 3.751092044320439300e-01 3.714230149886826871e-01 6.040292847590411629e-01 7.802093880751022059e-01 6.624467754399157027e-01 7.086056086670120546e-01 3.651827564434651507e-01 7.002827283695211014e-01 6.765960207147093675e-01 5.063978458870392885e-01 3.680603260121723674e-01 3.826759106370194452e-01 5.121608895168676678e-01 7.823517340318848490e-01 4.173035386631822052e-01 6.700403517357464978e-01 7.504164305335296881e-01 7.033556993867515761e-01 0.000000000000000000e+00 5.213296294365296069e-01 5.652602457988316065e-01 7.685065065742324730e-01 4.510106256349795117e-01 6.557220135529302496e-01 4.513832688709861762e-01 2.153178205079492313e-01
3.642372238846359744e-01 5.212353278952227553e-01 3.699578697971339092e-01 9.784798783800180422e-01 5.026392078373014272e-01 2.148165838940893080e-01 5.933188355286663773e-01 4.861929063084058367e-01 9.672672772247157269e-01 5.368554872999951044e-01 3.937687175581776611e-01 4.811632782154149357e-01 3.872909093888136089e-01 8.848301662258142297e-01 2.766921267092995462e-01 4.133375077279864418e-01 8.614620592965724910e-01 9.141060728644159195e-01 6.345426616556624211e-01 3.005610328507303253e-01 9.303588006746610350e-02 3.000788338955867607e-01 7.463080358801286174e-01 1.296645596162799841e-01 6.448604387837040264e-01 5.166624408458552198e-01 1.599456889459104358e-01 5.213296294365296069e-01 0.000000000000000000e+00 5.206928263456439554e-01 5.073893287551010101e-01 6.926352527312225060e-01 9.425137908235574624e-01 6.392484620873111201e-01 6.800815786799134788e-01
6.547418151638584316e-01 7.117122880265775997e-01 4.925812591940564866e-01 7.799037241682119648e-01 7.356626984492056209e-01 2.576967020249577578e-01 4.130281437918458254e-01 9.117141192524790272e-01 6.207370730591614816e-01 1.084799638560599577e-01 3.789943767476977032e-01 7.886472799949924006e-01 3.354148059360873013e-01 4.824956822630522280e-01 4.305455785172954131e-01 6.276281751551147092e-01 7.340814553078336413e-01 6.746673294239926566e-01 5.614399354628096805e-01 9.386031200582154455e-01 1.773487600204662895e-01 6.403160345290692668e-01 3.623859043537945857e-01 4.392172296513006113e-01 5.037753230203997346e-01 1.752121286310757142e-01 4.713247513469224770e-01 5.652602457988316065e-01 5.206928263456439554e-01 0.000000000000000000e+00 6.144775313874850653e-01 3.358962447685573949e-01 1.750016814019934586e-01 3.912641788465201498e-01 3.060669165119296320e-01
2.366744916305423274e-01 3.621645617200972000e-01 6.308850162058718958e-01 3.261379681958832544e-01 5.611389122220824532e-01 1.054954826470038132e-01 3.588249788407112950e-01 2.042110002489914145e-01 2.393270040411441535e-01 6.878639951679110798e-01 1.965821682590777053e-01 6.107618930524340017e-01 4.939985783664664343e-01 3.114565961586439613e-01 4.299314642323897040e-01 3.686512573245259716e-01 7.790023090006432671e-01 3.678400129613370595e-01 6.429154717509300010e-01 2.839881962792713543e-01 2.695214849739199225e-01 8.026325887422821603e-01 1.174683186149390046e-01 5.345368613680088199e-01 1.454973318537956528e-01 4.217635079523004427e-01 6.711974201609971491e-01 7.685065065742324730e-01 5.073893287551010101e-01 6.144775313874850653e-01 0.000000000000000000e+00 4.644002296629489157e-01 1.696103350644480590e-01 5.021550258261791022e-01 1.898518316748930568e-01
5.658577521940653110e-01 7.989284608106829166e-01 5.457522422729695899e-01 4.298168224220398903e-01 9.054364571031762177e-01 4.832656565852728181e-01 5.418629928710565480e-01 8.266751907445923919e-01 4.661410611409634863e-01 8.671107343056658756e-01 2.686482787682623607e-01 4.733312933839026737e-01 4.177125652211486351e-01 6.344808937007044847e-01 7.827036415536313685e-01 4.839547347777120034e-01 2.897902322835429478e-01 6.693512177080365166e-01 4.274514030345410442e-01 6.483334972172948296e-01 1.204613353136454457e-01 4.556803081625818708e-01 8.725594972492864976e-01 9.234633377125855969e-02 4.229661500288340870e-01 3.536041551495112678e-01 4.183950893383567293e-01 4.510106256349795117e-01 6.926352527312225060e-01 3.358962447685573949e-01 4.644002296629489157e-01 0.000000000000000000e+00 9.364444755521308394e-01 8.244719649086236224e-01 3.934278840246276387e-01
2.817361495628473711e-01 8.080282994372688377e-01 4.800437490204952917e-01 7.397377081587497294e-01 5.313221756936568063e-01 8.848453520481491807e-01 5.615480422771184088e-01 5.969565030801269323e-01 1.444822701406514032e-01 5.717519197391029984e-01 6.931354578978672354e-01 3.853042834583073617e-01 4.782931447331455477e-01 4.319267470757576777e-01 4.983766710258474841e-01 3.852015397548159692e-01 4.329970551105811749e-01 5.889514992663984483e-01 4.279474882674375036e-01 8.704118718788391718e-01 2.060116694081488564e-01 2.645044020881192059e-01 6.758126482404513968e-01 6.464404892108470690e-01 7.246572719054813483e-01 8.552264696318111481e-01 5.877464271044876565e-01 6.557220135529302496e-01 9.425137908235574624e-01 1.750016814019934586e-01 1.696103350644480590e-01 9.364444755521308394e-01 0.000000000000000000e+00 5.369830795467802620e-01 5.137691868613999402e-01
2.280789222816193007e-01 7.825806848506201563e-01 3.845376772142846677e-01 9.931790804046346510e-01 5.009318037580650085e-01 6.098716203019375337e-01 4.550875936568192781e-01 2.608660681398448089e-01 8.407322924197241365e-01 4.939597126169214536e-01 6.403135733126796847e-01 4.985852394874084048e-01 7.247728639580859333e-01 4.100546496630494420e-01 4.700380166366178725e-01 4.976581173306730554e-01 3.778999242876563969e-01 4.945272493223848431e-01 2.712100612362972618e-01 6.305799934904049442e-02 3.662172853809345652e-01 4.295040009631450606e-01 3.659040306201842840e-01 4.822643731859121430e-01 4.732151499289631302e-01 6.267998452745370264e-01 1.096213978421659574e-01 4.513832688709861762e-01 6.392484620873111201e-01 3.912641788465201498e-01 5.021550258261791022e-01 8.244719649086236224e-01 5.369830795467802620e-01 0.000000000000000000e+00 6.089670915123130968e-01
5.345945513138077310e-01 5.622190846855934510e-01 6.593917490835399242e-01 4.487527871551640901e-01 6.671947051359998770e-01 4.277121067594630843e-01 7.510884384499543209e-01 2.704505344769176922e-01 7.430095311442110884e-01 5.140221777218056953e-01 6.802901948889656936e-01 5.225510669481807646e-01 3.563698463205522415e-01 7.040994643785185580e-01 8.160563109696403750e-01 5.005755234642399465e-01 1.038288842230666864e-01 5.120319088262588192e-01 8.071485493150276636e-02 6.577906025506357057e-01 6.587596343252504205e-01 8.993812431678280817e-01 6.923215025875097961e-01 9.057928816597500266e-01 7.323108340103308134e-01 2.059437871401565423e-01 5.450882311212847942e-01 2.153178205079492313e-01 6.800815786799134788e-01 3.060669165119296320e-01 1.898518316748930568e-01 3.934278840246276387e-01 5.137691868613999402e-01 6.089670915123130968e-01 0.000000000000000000e+00
