0.000000000000000000e+00 6.464749197787831303e-01 7.375862248754385675e-01 7.636878089393734914e-01 8.729559854382429318e-01 5.827180480960669762e-01 4.287290592975853687e-01 5.825404045959119426e-01 7.363481544209753427e-01 4.419435933603225175e-01 7.961184717399909516e-01 6.299550544424422638e-01 4.740397820141784013e-01 6.792477276507664641e-01 8.125676920779167922e-01 4.393499091503848542e-01 5.634387819259433217e-01 3.293769585984818171e-01 7.469384868720017057e-01 1.444713249307478797e-01 8.339089312653650277e-01 4.047397201418871937e-01 8.587826075776798795e-01 3.115161093789322599e-01 5.869877187631300508e-01 9.319763697159224591e-01 3.455144704139151979e-01 6.316134441367875496e-01 2.525603672060634519e-01 3.122568361549111216e-01 2.497251815647378304e-01 8.532854422954025964e-01 4.709392001813266226e-01 6.894035894563417255e-01 3.378383823381844175e-01
6.464749197787831303e-01 0.000000000000000000e+00 6.161644048570710241e-01 4.454008145390396800e-01 3.985352437319346630e-01 6.582043960080832257e-01 5.776712132158979829e-01 5.200616378388197569e-01 4.846473215170137294e-01 4.597582434926595907e-01 7.343764786678215195e-01 5.772887060838016726e-01 7.284749858481720519e-01 6.873787573761573899e-01 8.453716280030154628e-01 2.580935096419770813e-01 5.295534397492380752e-01 7.585471458039665382e-01 6.132213651048050718e-01 4.963941902521179506e-01 9.552980397109744892e-01 8.387624480594307874e-01 7.635002743091365840e-01 1.420140612943488478e-01 6.945366907998065109e-01 3.780780862534178222e-01 1.286093645339525526e-01 8.348252284793153954e-01 7.605520234414900882e-01 1.321585530214517412e-01 7.203547310074995824e-01 2.983738182615023327e-01 9.025399496558853540e-01 8.247583293119387093e-01 2.425995420309604023e-01
7.375862248754385675e-01 6.161644048570710241e-01 0.000000000000000000e+00 3.392195820599375744e-01 6.377833313136099802e-01 9.019747508077521347e-01 8.726507989544449728e-01 2.646880287751176009e-01 9.275206948855737599e-01 9.170010308556719725e-02 3.324566723377886390e-01 6.641945181406938570e-01 2.925398300797628082e-01 7.325492058900691106e-01 5.862111275535357713e-01 1.348427527324870256e-01 8.236200995855169626e-01 4.003334161418753423e-01 9.466187051572279021e-01 5.389448394377724938e-01 4.986589784518384305e-01 4.364807385482223356e-01 6.980592011196331548e-01 9.247829507537480564e-01 3.155066688733046409e-01 5.625686328826809968e-01 6.181058616792454163e-01 4.042098676686823322e-01 8.121379005240145776e-01 4.988519697909423734e-01 2.208881739060413740e-01 8.528952329291920043e-01 4.498268807816155346e-01 8.663189788690459636e-01 2.678657958833350894e-01
7.636878089393734914e-01 4.454008145390396800e-01 3.392195820599375744e-01 0.000000000000000000e+00 7.365203611723102339e-01 4.233450511657336213e-01 5.118259847554916808e-01 8.304872762345660853e-01 5.863203259061913197e-01 6.379050870356839376e-01 5.186716125317631931e-01 4.441718259533014579e-01 4.281022783210827187e-01 4.462581199248633057e-01 7.380137192243806377e-01 4.450045982797740662e-01 5.222726244103086390e-01 2.138238701730198477e-01 3.861148717843583267e-01 4.769497166854564929e-01 3.886370143470905258e-01 7.835995888159712486e-01 9.079900330445347389e-01 4.931165792924197544e-01 3.688000612239253351e-01 5.178938305966893640e-01 5.984440463875739802e-01 4.151976975635411349e-01 3.939943651763131438e-01 3.937622791564324709e-01 7.731652766467509430e-01 4.756057938004207841e-01 5.233261914362338230e-01 5.215098053165490022e-01 4.069735676210582409e-01
8.729559854382429318e-01 3.985352437319346630e-01 6.377833313136099802e-01 7.365203611723102339e-01 0.000000000000000000e+00 6.811727962747096132e-01 7.208337841477456820e-01 1.028927235257630635e-01 9.151448325757054469e-01 6.919279878575192999e-01 4.895039024611447798e-01 6.608040622229934824e-01 3.459085144258132738e-01 3.181513851938954085e-01 1.096942223910464254e-01 4.745091890181776795e-01 5.376797342697654525e-01 2.806520861417597934e-01 3.417343392227805698e-01 3.168433431572104109e-01 6.669187382472276937e-01 8.686539822358108065e-01 6.042671625820931203e-01 8.087525560532113911e-01 3.752558929162732038e-01 5.014977986879917138e-01 8.099236632047495110e-01 1.849726629117925958e-01 7.743086765599251908e-01 5.057667899758346852e-01 6.029841554260904068e-01 3.514549628337071963e-01 5.765562326378435021e-01 3.855688594930457569e-01 8.413611556332818431e-01
5.827180480960669762e-01 6.582043960080832257e-01 9.019747508077521347e-01 4.233450511657336213e-01 6.811727962747096132e-01 0.000000000000000000e+00 7.663119237963098573e-01 1.091319928296164976e-01 5.915612721735511448e-01 6.392341000595324063e-01 4.496486487058565795e-01 3.518241797274420657e-01 7.748865516561858069e-01 5.738541861137187450e-01 4.223918213050040782e-01 3.599738839678501279e-02 4.966575891669072207e-01 2.757249908025849461e-01 4.849300069991889783e-01 8.746061915467870929e-01 5.714557781368977407e-01 6.945479422494663657e-01 1.995780297860471064e-01 6.167730521782277542e-01 2.959272793175878880e-01 8.790960685370881045e-01 6.930701998735387948e-01 3.613414874906817897e-01 4.861484884478995960e-01 8.534613641264703343e-01 5.570163329489530302e-01 3.481049015655795498e-01 6.075869247774312587e-01 4.996117549046824036e-01 6.117745608645837052e-01
4.287290592975853687e-01 5.776712132158979829e-01 8.726507989544449728e-01 5.118259847554916808e-01 7.208337841477456820e-01 7.663119237963098573e-01 0.000000000000000000e+00 7.638363485741157533e-01 3.344112605617303169e-01 2.413877350390107313e-01 8.952300066529395028e-01 8.695505799066998165e-01 4.415561792306089695e-01 3.054215368789018892e-01 4.616034820317940768e-01 3.246852893855245448e-02 7.360818690050617841e-01 4.519144742165730477e-01 1.890815511060425225e-01 5.844671720981415852e-01 4.381826835656816299e-01 3.456614951787099765e-01 5.659526688630169833e-01 4.574705880466441998e-01 3.165185479961158399e-01 6.070026465098945501e-01 3.923067344468504913e-01 3.003245197424467272e-01 5.806942642730910098e-01 5.355645343026065319e-01 5.750940673364904887e-01 3.631272613797768001e-01 5.536866643065110338e-01 2.905106138222607326e-01 5.943385803706286996e-01
5.825404045959119426e-01 5.200616378388197569e-01 2.646880287751176009e-01 8.304872762345660853e-01 1.028927235257630635e-01 1.091319928296164976e-01 7.638363485741157533e-01 0.000000000000000000e+00 4.477938123413044424e-01 7.505420763407110174e-01 2.282353179248302055e-01 8.467207397549239012e-01 1.114432845470391675e-01 4.454541479195776033e-01 6.057262021604743474e-01 7.016697872735102592e-01 6.010286055488323065e-01 1.869014184306926341e-01 7.260349015094035297e-01 5.065581440505867450e-01 7.404454336757346766e-01 6.439934526604518261e-01 1.444747796814214169e-01 3.927678618608891337e-01 7.997769408972283944e-01 5.626231762282896121e-01 6.549214098984272869e-01 5.386998726331693188e-01 2.437696524786909791e-01 1.838587816407493136e-01 8.218845385184638808e-01 4.670257621829394523e-01 6.465443883203840780e-01 8.815209018227783133e-01 4.676628432532317081e-01
7.363481544209753427e-01 4.846473215170137294e-01 9.275206948855737599e-01 5.863203259061913197e-01 9.151448325757054469e-01 5.915612721735511448e-01 3.344112605617303169e-01 4.477938123413044424e-01 0.000000000000000000e+00 5.315600467608254664e-01 9.187386598612450328e-01 7.904270444554373221e-01 6.372058607714565781e-01 4.513055955707729883e-01 4.532411781260063943e-01 7.955475613125422285e-01 2.202879872455736354e-01 2.061193351414710717e-01 8.065688038851077657e-01 3.818058003552091684e-01 9.543922801538131662e-01 2.764434395640620323e-01 8.316138643138248909e-02 4.042821479845746246e-01 8.592072760946951604e-01 3.571712214063864632e-01 8.561028491091521309e-01 7.555093379161880174e-01 7.287969324556744510e-01 8.386718952170120200e-01 7.307197228239958875e-01 5.476652161707484812e-02 3.233075260944124896e-01 7.994511572069988858e-01 4.559394923648976139e-01
4.419435933603225175e-01 4.597582434926595907e-01 9.170010308556719725e-02 6.379050870356839376e-01 6.919279878575192999e-01 6.392341000595324063e-01 2.413877350390107313e-01 7.505420763407110174e-01 5.315600467608254664e-01 0.000000000000000000e+00 3.660569789812531671e-01 4.381861256796704129e-01 6.244172975076809351e-01 4.870504172644176677e-01 4.491102095051971443e-01 6.367582172005532559e-01 3.923500391037452184e-01 7.393075668389177402e-01 4.541337036083069600e-01 6.911222529870448827e-01 8.737106498658860909e-01 4.667000146627274804e-01 4.852750675508457068e-01 4.995978314575494905e-01 7.469695851869069259e-01 8.505577375250819028e-01 4.141828931505178724e-01 3.493078678385900249e-01 4.796778660908804226e-01 2.617403786366708784e-01 5.844936151062924967e-01 8.921097897672503052e-01 4.834719375003784791e-01 7.910703050163663264e-01 8.093029313558183224e-01
7.961184717399909516e-01 7.343764786678215195e-01 3.324566723377886390e-01 5.186716125317631931e-01 4.895039024611447798e-01 4.496486487058565795e-01 8.952300066529395028e-01 2.282353179248302055e-01 9.187386598612450328e-01 3.660569789812531671e-01 0.000000000000000000e+00 5.383267958280761878e-01 4.239920068696083622e-01 8.109777023721638223e-01 4.592236784814316963e-01 2.882275818145699775e-01 7.831373404878869682e-01 1.263523714528508313e-01 6.248678014566023675e-01 7.475401188405104147e-01 8.121930313632079734e-01 6.775923320602800226e-01 7.650978355433751821e-01 5.912647401427639782e-01 3.840538059635389967e-01 6.663873849479995393e-01 3.032794600908833571e-01 6.554531856801522061e-01 6.460082014924370952e-01 1.465545982054999863e-01 4.315499706446100370e-01 6.021371873233782868e-02 4.620987343314155171e-01 5.821614810625855840e-01 6.271466548088044934e-01
6.299550544424422638e-01 5.772887060838016726e-01 6.641945181406938570e-01 4.441718259533014579e-01 6.608040622229934824e-01 3.518241797274420657e-01 8.695505799066998165e-01 8.467207397549239012e-01 7.904270444554373221e-01 4.381861256796704129e-01 5.383267958280761878e-01 0.000000000000000000e+00 2.413511080024227096e-01 4.578595379569877499e-01 4.619398521263179958e-01 8.338249462626128317e-01 6.851650695011806125e-01 4.398902406982067026e-01 5.409683375358886881e-01 4.817112203232363776e-01 8.694421680743558145e-02 7.739643279933634545e-01 3.506063228531184350e-01 4.579903442263330016e-01 4.057407737240594781e-01 6.607284483665185615e-01 6.217525281402830339e-01 4.399061623663970133e-01 6.126646833313578178e-01 7.500685229569747925e-01 6.908354295482840302e-01 5.444823256457262950e-01 3.574648474054535896e-01 6.824538421457208015e-01 3.374422149285892791e-01
4.740397820141784013e-01 7.284749858481720519e-01 2.925398300797628082e-01 4.281022783210827187e-01 3.459085144258132738e-01 7.748865516561858069e-01 4.415561792306089695e-01 1.114432845470391675e-01 6.372058607714565781e-01 6.244172975076809351e-01 4.239920068696083622e-01 2.413511080024227096e-01 0.000000000000000000e+00 6.766710561731372753e-01 8.198207612024464019e-01 9.904156636810945713e-02 8.378792414751980999e-01 8.250633626919738894e-01 4.598039856626137678e-01 7.669559404483834442e-01 8.420576322828581262e-01 4.943877416388016144e-01 8.388184871113472107e-01 7.037014261129221904e-01 6.647524616729190150e-01 2.135913096458564586e-01 4.045651596474255651e-01 5.299582809530025695e-01 5.725508630436108026e-01 4.283312696669139830e-01 6.619570469714927130e-01 6.906680241197856729e-01 7.265313718674050181e-01 6.177097220656331267e-01 6.347304413854899519e-01
6.792477276507664641e-01 6.873787573761573899e-01 7.325492058900691106e-01 4.462581199248633057e-01 3.181513851938954085e-01 5.738541861137187450e-01 3.054215368789018892e-01 4.454541479195776033e-01 4.513055955707729883e-01 4.870504172644176677e-01 8.109777023721638223e-01 4.578595379569877499e-01 6.766710561731372753e-01 0.000000000000000000e+00 7.777077586759060246e-01 4.665007271664307620e-01 2.281817476943179268e-01 3.833662135553386197e-01 6.214704081713722239e-01 1.163955922183813607e-01 7.109734699561325311e-01 9.137973757077746395e-01 5.173814305628439136e-01 4.613636793974016381e-01 9.929565075969704058e-02 7.563099768322524286e-01 4.939841186837947151e-01 2.896440344771497033e-01 4.850787780710924535e-01 3.361987769422861705e-01 8.110833777542714174e-01 8.144758853023222889e-01 6.759829999682243074e-02 8.276468354628169211e-01 5.613055601018818175e-01
8.125676920779167922e-01 8.453716280030154628e-01 5.862111275535357713e-01 7.380137192243806377e-01 1.096942223910464254e-01 4.223918213050040782e-01 4.616034820317940768e-01 6.057262021604743474e-01 4.532411781260063943e-01 4.491102095051971443e-01 4.592236784814316963e-01 4.619398521263179958e-01 8.198207612024464019e-01 7.777077586759060246e-01 0.000000000000000000e+00 4.144317935491684812e-01 5.060015221180893530e-01 4.893084213848050146e-01 3.894451081195823283e-01 4.559079561073130504e-01 6.099452364144875016e-01 5.922738461764794904e-01 5.519948037417694575e-01 4.615046616926276046e-01 5.469305766103680355e-01 8.044843773768040052e-01 8.516116120816099588e-01 9.106927607903358979e-01 2.480136801842429684e-01 5.161636597740778543e-01 2.841335732523968538e-01 4.990569060391891187e-01 2.445756511663412236e-01 5.741235907114659032e-01 7.872837393622550417e-01
4.393499091503848542e-01 2.580935096419770813e-01 1.348427527324870256e-01 4.450045982797740662e-01 4.745091890181776795e-01 3.599738839678501279e-02 3.246852893855245448e-02 7.016697872735102592e-01 7.955475613125422285e-01 6.367582172005532559e-01 2.882275818145699775e-01 8.338249462626128317e-01 9.904156636810945713e-02 4.665007271664307620e-01 4.144317935491684812e-01 0.000000000000000000e+00 1.447562140729338198e-01 3.907171280486789744e-01 6.069513429396748982e-01 3.664345772261490830e-01 6.932886023382744956e-01 4.242173887568326807e-01 2.025288093841430825e-01 7.328100431068420573e-01 5.010784385568494148e-01 8.918791669244141573e-02 1.647094126064624353e-01 5.498563849271675963e-01 4.167735513203519870e-01 4.718371789118741000e-01 2.623024990026834313e-01 4.951486155581798498e-01 7.577890937038294084e-01 6.244364595852146538e-01 1.565884084324510317e-01
5.634387819259433217e-01 5.295534397492380752e-01 8.236200995855169626e-01 5.222726244103086390e-01 5.376797342697654525e-01 4.966575891669072207e-01 7.360818690050617841e-01 6.010286055488323065e-01 2.202879872455736354e-01 3.923500391037452184e-01 7.831373404878869682e-01 6.851650695011806125e-01 8.378792414751980999e-01 2.281817476943179268e-01 5.060015221180893530e-01 1.447562140729338198e-01 0.000000000000000000e+00 6.165868238265018730e-01 4.078194966698363011e-01 6.248044863400824545e-01 4.069034668789475173e-01 6.133434808284167206e-01 4.499032289140940666e-01 4.739494930311187182e-01 9.079656202541728227e-01 5.695216946530070601e-01 4.758690362587862932e-01 6.966951661415546893e-01 2.415194295694328419e-01 5.158477754084344058e-01 6.573901499800816062e-01 4.595976840125067797e-01 4.137099913746525304e-01 4.383777290701635354e-01 2.305111157397456978e-01
3.293769585984818171e-01 7.585471458039665382e-01 4.003334161418753423e-01 2.138238701730198477e-01 2.806520861417597934e-01 2.757249908025849461e-01 4.519144742165730477e-01 1.869014184306926341e-01 2.061193351414710717e-01 7.393075668389177402e-01 1.263523714528508313e-01 4.398902406982067026e-01 8.250633626919738894e-01 3.833662135553386197e-01 4.893084213848050146e-01 3.907171280486789744e-01 6.165868238265018730e-01 0.000000000000000000e+00 7.865127341761473101e-01 2.803737812939074425e-01 4.861718508964248953e-01 4.781085957326232094e-01 5.789410042904041820e-01 6.660146876715955511e-01 7.984794100368304282e-01 6.947446410258789617e-01 2.495083688548126455e-01 5.857684613898179737e-01 2.008874886659953729e-01 7.046253451836094195e-01 5.080129859615342136e-01 3.212137153637419917e-01 2.320250503263843189e-01 7.211422117173811319e-01 5.778123286040421913e-01
7.469384868720017057e-01 6.132213651048050718e-01 9.466187051572279021e-01 3.861148717843583267e-01 3.417343392227805698e-01 4.849300069991889783e-01 1.890815511060425225e-01 7.260349015094035297e-01 8.065688038851077657e-01 4.541337036083069600e-01 6.248678014566023675e-01 5.409683375358886881e-01 4.598039856626137678e-01 6.214704081713722239e-01 3.894451081195823283e-01 6.069513429396748982e-01 4.078194966698363011e-01 7.865127341761473101e-01 0.000000000000000000e+00 8.247905246193519835e-01 4.829257878341454702e-01 2.646832140307741055e-01 3.812860332979137179e-01 8.029373218082301866e-01 9.623297344699204281e-01 3.931104329055769009e-01 5.130260269799691297e-01 2.318229715895568088e-01 6.824398654991761237e-01 4.789337204066507758e-01 4.511994396297477894e-01 4.316853605221170342e-01 6.178123057961137921e-01 5.896828804302297611e-01 9.153486987378910422e-01
1.444713249307478797e-01 4.963941902521179506e-01 5.389448394377724938e-01 4.769497166854564929e-01 3.168433431572104109e-01 8.746061915467870929e-01 5.844671720981415852e-01 5.065581440505867450e-01 3.818058003552091684e-01 6.911222529870448827e-01 7.475401188405104147e-01 4.817112203232363776e-01 7.669559404483834442e-01 1.163955922183813607e-01 4.559079561073130504e-01 3.664345772261490830e-01 6.248044863400824545e-01 2.803737812939074425e-01 8.247905246193519835e-01 0.000000000000000000e+00 1.603718460933633017e-01 5.093559669233183040e-01 7.335373505231058688e-01 4.002293053871975870e-01 8.479068225692379945e-01 7.895406252410249737e-01 4.030566191827020806e-01 4.388520344156562891e-01 7.458570487686263517e-01 2.630820225689882719e-01 6.040425200024353014e-01 2.116480925244729194e-01 6.926735615957491099e-01 9.248554104026048828e-01 5.064309055746460952e-01
8.339089312653650277e-01 9.552980397109744892e-01 4.986589784518384305e-01 3.886370143470905258e-01 6.669187382472276937e-01 5.714557781368977407e-01 4.381826835656816299e-01 7.404454336757346766e-01 9.543922801538131662e-01 8.737106498658860909e-01 8.121930313632079734e-01 8.694421680743558145e-02 8.420576322828581262e-01 7.109734699561325311e-01 6.099452364144875016e-01 6.932886023382744956e-01 4.069034668789475173e-01 4.861718508964248953e-01 4.829257878341454702e-01 1.603718460933633017e-01 0.000000000000000000e+00 5.346336047571409456e-01 8.684699094214309856e-01 3.958296817160391057e-01 8.486066213764581478e-01 6.642545046023976552e-01 8.214154299841914808e-01 1.461024918153922547e-01 3.478916294806984055e-01 3.031140482234548350e-01 3.727929596531999179e-01 5.479264454974491771e-01 4.843724629024451223e-01 4.144338291397476337e-01 6.588598289016160958e-01
4.047397201418871937e-01 8.387624480594307874e-01 4.364807385482223356e-01 7.835995888159712486e-01 8.686539822358108065e-01 6.945479422494663657e-01 3.456614951787099765e-01 6.439934526604518261e-01 2.764434395640620323e-01 4.667000146627274804e-01 6.775923320602800226e-01 7.739643279933634545e-01 4.943877416388016144e-01 9.137973757077746395e-01 5.922738461764794904e-01 4.242173887568326807e-01 6.133434808284167206e-01 4.781085957326232094e-01 2.646832140307741055e-01 5.093559669233183040e-01 5.346336047571409456e-01 0.000000000000000000e+00 6.049908466095191839e-01 4.013269553274281254e-01 2.787575529910333305e-01 8.558214936409636042e-01 6.697640051083282309e-01 3.488754211854963039e-01 6.963713230497240447e-01 8.193126871668516831e-01 6.553675237772222939e-01 6.107381937216479484e-01 7.260203272871887936e-01 4.714732343503450496e-01 6.024627003659056568e-01
8.587826075776798795e-01 7.635002743091365840e-01 6.980592011196331548e-01 9.079900330445347389e-01 6.042671625820931203e-01 1.995780297860471064e-01 5.659526688630169833e-01 1.444747796814214169e-01 8.316138643138248909e-02 4.852750675508457068e-01 7.650978355433751821e-01 3.506063228531184350e-01 8.388184871113472107e-01 5.173814305628439136e-01 5.519948037417694575e-01 2.025288093841430825e-01 4.499032289140940666e-01 5.789410042904041820e-01 3.812860332979137179e-01 7.335373505231058688e-01 8.684699094214309856e-01 6.049908466095191839e-01 0.000000000000000000e+00 8.532716231793914252e-01 7.913704307104898472e-01 6.120893029725055223e-01 5.302342847068504117e-01 7.216289034755383192e-01 9.291906140009231763e-01 6.808490559548594501e-01 4.468694676819257028e-01 8.990194087414981050e-01 4.612257703945677467e-01 5.199823150436598818e-01 5.263820559881886574e-01
3.115161093789322599e-01 1.420140612943488478e-01 9.247829507537480564e-01 4.931165792924197544e-01 8.087525560532113911e-01 6.167730521782277542e-01 4.574705880466441998e-01 3.927678618608891337e-01 4.042821479845746246e-01 4.995978314575494905e-01 5.912647401427639782e-01 4.579903442263330016e-01 7.037014261129221904e-01 4.613636793974016381e-01 4.615046616926276046e-01 7.328100431068420573e-01 4.739494930311187182e-01 6.660146876715955511e-01 8.029373218082301866e-01 4.002293053871975870e-01 3.958296817160391057e-01 4.013269553274281254e-01 8.532716231793914252e-01 0.000000000000000000e+00 6.106218997689435435e-01 4.596925158129473998e-01 3.478341168435856723e-01 5.117306191678094862e-02 7.498423804215936794e-02 4.510873493222572472e-01 7.759163574225960147e-01 7.861138370367509731e-01 8.773528600703800473e-01 4.947982868447812765e-01 8.216711803766698630e-01
5.869877187631300508e-01 6.945366907998065109e-01 3.155066688733046409e-01 3.688000612239253351e-01 3.752558929162732038e-01 2.959272793175878880e-01 3.165185479961158399e-01 7.997769408972283944e-01 8.592072760946951604e-01 7.469695851869069259e-01 3.840538059635389967e-01 4.057407737240594781e-01 6.647524616729190150e-01 9.929565075969704058e-02 5.469305766103680355e-01 5.010784385568494148e-01 9.079656202541728227e-01 7.984794100368304282e-01 9.623297344699204281e-01 8.479068225692379945e-01 8.486066213764581478e-01 2.787575529910333305e-01 7.913704307104898472e-01 6.106218997689435435e-01 0.000000000000000000e+00 5.381337656518103696e-02 7.825246512147454592e-01 8.192906690170831396e-01 8.445650888863927008e-01 8.796213911763102189e-01 4.401192628041227239e-01 9.711058492973103640e-01 7.473373172027130140e-01 5.290102499587578944e-01 8.502330237860671325e-01
9.319763697159224591e-01 3.780780862534178222e-01 5.625686328826809968e-01 5.178938305966893640e-01 5.014977986879917138e-01 8.790960685370881045e-01 6.070026465098945501e-01 5.626231762282896121e-01 3.571712214063864632e-01 8.505577375250819028e-01 6.663873849479995393e-01 6.607284483665185615e-01 2.135913096458564586e-01 7.563099768322524286e-01 8.044843773768040052e-01 8.918791669244141573e-02 5.695216946530070601e-01 6.947446410258789617e-01 3.931104329055769009e-01 7.895406252410249737e-01 6.642545046023976552e-01 8.558214936409636042e-01 6.120893029725055223e-01 4.596925158129473998e-01 5.381337656518103696e-02 0.000000000000000000e+00 7.990195596997202721e-01 7.478757255057060238e-01 3.103180599926436134e-01 4.186257067338584603e-01 4.884280334522714262e-01 3.656736199524218689e-01 8.271499629771530415e-01 8.545956503714544628e-01 8.235105721941116119e-01
3.455144704139151979e-01 1.286093645339525526e-01 6.181058616792454163e-01 5.984440463875739802e-01 8.099236632047495110e-01 6.930701998735387948e-01 3.923067344468504913e-01 6.549214098984272869e-01 8.561028491091521309e-01 4.141828931505178724e-01 3.032794600908833571e-01 6.217525281402830339e-01 4.045651596474255651e-01 4.939841186837947151e-01 8.516116120816099588e-01 1.647094126064624353e-01 4.758690362587862932e-01 2.495083688548126455e-01 5.130260269799691297e-01 4.030566191827020806e-01 8.214154299841914808e-01 6.697640051083282309e-01 5.302342847068504117e-01 3.478341168435856723e-01 7.825246512147454592e-01 7.990195596997202721e-01 0.000000000000000000e+00 6.346104686463081013e-01 8.141843305757134885e-01 9.065549824718093230e-01 5.000514683982347774e-01 7.373594983425095784e-01 5.330025100061182020e-01 9.256917092020834348e-01 4.021598744737838738e-01
6.316134441367875496e-01 8.348252284793153954e-01 4.042098676686823322e-01 4.151976975635411349e-01 1.849726629117925958e-01 3.613414874906817897e-01 3.003245197424467272e-01 5.386998726331693188e-01 7.555093379161880174e-01 3.493078678385900249e-01 6.554531856801522061e-01 4.399061623663970133e-01 5.299582809530025695e-01 2.896440344771497033e-01 9.106927607903358979e-01 5.498563849271675963e-01 6.966951661415546893e-01 5.857684613898179737e-01 2.318229715895568088e-01 4.388520344156562891e-01 1.461024918153922547e-01 3.488754211854963039e-01 7.216289034755383192e-01 5.117306191678094862e-02 8.192906690170831396e-01 7.478757255057060238e-01 6.346104686463081013e-01 0.000000000000000000e+00 3.036514125955899202e-01 9.131550295928297922e-01 3.138133813318128573e-01 6.213213599771583162e-01 5.566621358980712309e-01 5.297230084567058350e-01 4.562019425583274668e-01
2.525603672060634519e-01 7.605520234414900882e-01 8.121379005240145776e-01 3.939943651763131438e-01 7.743086765599251908e-01 4.861484884478995960e-01 5.806942642730910098e-01 2.437696524786909791e-01 7.287969324556744510e-01 4.796778660908804226e-01 6.460082014924370952e-01 6.126646833313578178e-01 5.725508630436108026e-01 4.850787780710924535e-01 2.480136801842429684e-01 4.167735513203519870e-01 2.415194295694328419e-01 2.008874886659953729e-01 6.824398654991761237e-01 7.458570487686263517e-01 3.478916294806984055e-01 6.963713230497240447e-01 9.291906140009231763e-01 7.498423804215936794e-02 8.445650888863927008e-01 3.103180599926436134e-01 8.141843305757134885e-01 3.036514125955899202e-01 0.000000000000000000e+00 5.423065971875939972e-01 4.310637128526404460e-01 6.418605140346513860e-01 6.474451565682073362e-01 3.461478270987057848e-01 6.820429705081598737e-01
3.122568361549111216e-01 1.321585530214517412e-01 4.988519697909423734e-01 3.937622791564324709e-01 5.057667899758346852e-01 8.534613641264703343e-01 5.355645343026065319e-01 1.838587816407493136e-01 8.386718952170120200e-01 2.617403786366708784e-01 1.465545982054999863e-01 7.500685229569747925e-01 4.283312696669139830e-01 3.361987769422861705e-01 5.161636597740778543e-01 4.718371789118741000e-01 5.158477754084344058e-01 7.046253451836094195e-01 4.789337204066507758e-01 2.630820225689882719e-01 3.031140482234548350e-01 8.193126871668516831e-01 6.808490559548594501e-01 4.510873493222572472e-01 8.796213911763102189e-01 4.186257067338584603e-01 9.065549824718093230e-01 9.131550295928297922e-01 5.423065971875939972e-01 0.000000000000000000e+00 7.690791765137939828e-01 3.812346759295044407e-01 6.378743408818355887e-01 2.105598538147045451e-01 7.434733796848247422e-01
2.497251815647378304e-01 7.203547310074995824e-01 2.208881739060413740e-01 7.731652766467509430e-01 6.029841554260904068e-01 5.570163329489530302e-01 5.750940673364904887e-01 8.218845385184638808e-01 7.307197228239958875e-01 5.844936151062924967e-01 4.315499706446100370e-01 6.908354295482840302e-01 6.619570469714927130e-01 8.110833777542714174e-01 2.841335732523968538e-01 2.623024990026834313e-01 6.573901499800816062e-01 5.080129859615342136e-01 4.511994396297477894e-01 6.040425200024353014e-01 3.727929596531999179e-01 6.553675237772222939e-01 4.468694676819257028e-01 7.759163574225960147e-01 4.401192628041227239e-01 4.884280334522714262e-01 5.000514683982347774e-01 3.138133813318128573e-01 4.310637128526404460e-01 7.690791765137939828e-01 0.000000000000000000e+00 7.273818016240949369e-01 8.688373118001719853e-01 6.886193463166550011e-01 4.276777960943333734e-01
8.532854422954025964e-01 2.983738182615023327e-01 8.528952329291920043e-01 4.756057938004207841e-01 3.514549628337071963e-01 3.481049015655795498e-01 3.631272613797768001e-01 4.670257621829394523e-01 5.476652161707484812e-02 8.921097897672503052e-01 6.021371873233782868e-02 5.444823256457262950e-01 6.906680241197856729e-01 8.144758853023222889e-01 4.990569060391891187e-01 4.951486155581798498e-01 4.595976840125067797e-01 3.212137153637419917e-01 4.316853605221170342e-01 2.116480925244729194e-01 5.479264454974491771e-01 6.107381937216479484e-01 8.990194087414981050e-01 7.861138370367509731e-01 9.711058492973103640e-01 3.656736199524218689e-01 7.373594983425095784e-01 6.213213599771583162e-01 6.418605140346513860e-01 3.812346759295044407e-01 7.273818016240949369e-01 0.000000000000000000e+00 7.406798808000373269e-01 5.956207267721274068e-01 7.994375766500496638e-01
4.709392001813266226e-01 9.025399496558853540e-01 4.498268807816155346e-01 5.233261914362338230e-01 5.765562326378435021e-01 6.075869247774312587e-01 5.536866643065110338e-01 6.465443883203840780e-01 3.233075260944124896e-01 4.834719375003784791e-01 4.620987343314155171e-01 3.574648474054535896e-01 7.265313718674050181e-01 6.759829999682243074e-02 2.445756511663412236e-01 7.577890937038294084e-01 4.137099913746525304e-01 2.320250503263843189e-01 6.178123057961137921e-01 6.926735615957491099e-01 4.843724629024451223e-01 7.260203272871887936e-01 4.612257703945677467e-01 8.773528600703800473e-01 7.473373172027130140e-01 8.271499629771530415e-01 5.330025100061182020e-01 5.566621358980712309e-01 6.474451565682073362e-01 6.378743408818355887e-01 8.688373118001719853e-01 7.406798808000373269e-01 0.000000000000000000e+00 5.217701705019590630e-01 2.242255275330751196e-01
6.894035894563417255e-01 8.247583293119387093e-01 8.663189788690459636e-01 5.215098053165490022e-01 3.855688594930457569e-01 4.996117549046824036e-01 2.905106138222607326e-01 8.815209018227783133e-01 7.994511572069988858e-01 7.910703050163663264e-01 5.821614810625855840e-01 6.824538421457208015e-01 6.177097220656331267e-01 8.276468354628169211e-01 5.741235907114659032e-01 6.244364595852146538e-01 4.383777290701635354e-01 7.211422117173811319e-01 5.896828804302297611e-01 9.248554104026048828e-01 4.144338291397476337e-01 4.714732343503450496e-01 5.199823150436598818e-01 4.947982868447812765e-01 5.290102499587578944e-01 8.545956503714544628e-01 9.256917092020834348e-01 5.297230084567058350e-01 3.461478270987057848e-01 2.105598538147045451e-01 6.886193463166550011e-01 5.956207267721274068e-01 5.217701705019590630e-01 0.000000000000000000e+00 2.420538515824474102e-01
3.378383823381844175e-01 2.425995420309604023e-01 2.678657958833350894e-01 4.069735676210582409e-01 8.413611556332818431e-01 6.117745608645837052e-01 5.943385803706286996e-01 4.676628432532317081e-01 4.559394923648976139e-01 8.093029313558183224e-01 6.271466548088044934e-01 3.374422149285892791e-01 6.347304413854899519e-01 5.613055601018818175e-01 7.872837393622550417e-01 1.565884084324510317e-01 2.305111157397456978e-01 5.778123286040421913e-01 9.153486987378910422e-01 5.064309055746460952e-01 6.588598289016160958e-01 6.024627003659056568e-01 5.263820559881886574e-01 8.216711803766698630e-01 8.502330237860671325e-01 8.235105721941116119e-01 4.021598744737838738e-01 4.562019425583274668e-01 6.820429705081598737e-01 7.434733796848247422e-01 4.276777960943333734e-01 7.994375766500496638e-01 2.242255275330751196e-01 2.420538515824474102e-01 0.000000000000000000e+00
