0.000000000000000000e+00 4.459635113630346925e-01 3.616501334912369803e-01 4.110968343360507649e-01 6.164849245877372930e-01 5.386430774652164466e-01 8.419547377440882441e-01 2.609627760095436511e-01 6.529488656028548110e-02 5.183976755274822823e-01 1.242867855542675315e-01 5.252252083234554281e-01 6.695338301664064407e-01 6.183568641560257539e-01 7.664086581984661528e-01 1.914203374467219332e-01 3.884662475808932092e-01 6.117880269740945121e-01 9.390498997758444100e-01 8.156427507774407504e-01 3.029999310728026529e-01 6.647758662655011141e-01 7.375527703209063812e-01 2.695849224340191030e-01 4.790554560765672987e-01 8.708585600836069585e-01 5.604755399029426322e-01 4.802775084338299916e-01 1.822529985464511615e-01 4.753609394193112347e-01 2.404850844108187558e-01 8.664560780273733442e-01 8.211775008666450937e-01 2.568275289856791210e-01 5.277660725653592344e-01
4.459635113630346925e-01 0.000000000000000000e+00 8.719963385202038619e-01 1.285723735070889440e-01 2.823032892855393827e-01 1.403545816271495328e-01 7.944496395106106501e-01 6.838549260251626238e-01 2.734328170899462118e-01 6.653735030655111293e-01 6.306974058751195766e-01 5.452950664121178903e-01 7.208056784841722076e-01 8.052376608883660136e-01 7.036843981098160894e-01 4.729775420501784455e-01 5.431314306925103530e-01 7.058508013367359446e-01 7.660021288866164513e-01 4.594527727459798983e-01 2.806810487014721467e-02 6.598517537190914384e-01 3.075570920738657232e-01 3.622214891144754922e-01 3.998770118396086648e-01 3.499341814279424145e-01 5.512795604135858341e-01 7.920625297244716645e-01 6.482218586035022323e-01 3.455077155376914400e-01 7.490481364809831177e-01 5.555093692379167170e-01 4.292600953247819318e-01 5.463396653413401527e-01 4.414328321643365416e-01
3.616501334912369803e-01 8.719963385202038619e-01 0.000000000000000000e+00 7.020592056876785447e-01 8.273095547169415642e-01 4.153200803979247846e-01 6.116417965828464531e-01 2.674820921172910149e-01 6.068877082501972220e-01 3.768046315382860278e-01 4.781347077145169933e-01 7.659143299489847845e-01 3.568027030943072830e-01 4.886983913908761745e-01 5.424042674999557390e-01 2.602393665007116108e-01 5.109866016053774551e-01 8.962467432362819508e-02 3.306458819505608826e-01 6.391666146741793453e-01 5.985040151771048311e-01 3.640939859362029019e-01 5.141370057212929501e-01 5.279214646161214386e-01 2.524784596764607647e-01 4.229093055391259792e-01 2.995466068208799681e-01 5.095759231257853683e-01 3.465752895627453034e-01 3.942669022556651304e-01 4.016654206978696462e-01 6.191028645527825169e-01 3.219132852844095449e-01 4.546045901622988716e-01 3.408532011852582477e-01
4.110968343360507649e-01 1.285723735070889440e-01 7.020592056876785447e-01 0.000000000000000000e+00 4.908576038272267072e-01 6.770574821409545141e-01 5.693007104795992923e-01 8.007847394404205010e-01 9.009338248504428215e-02 6.772249610598732872e-01 7.250522281240082689e-01 3.404340144407105306e-01 7.171872873892211064e-01 8.139701361300475391e-01 7.969366283312304677e-01 5.884138551101310011e-01 3.721975215323004571e-01 3.953693585104185448e-01 4.912523558182326777e-01 5.237515184839054427e-01 2.627658450969350135e-01 5.879638107506716116e-01 7.448717582574375662e-01 6.718670657335995555e-01 7.634741143087598880e-01 7.804129836802470299e-01 1.075175668825838482e-01 1.437674307520961370e-01 2.835237771149232699e-01 1.181072765978450345e-01 7.641553087254305821e-01 7.262353720569567628e-01 8.673837424701891230e-01 7.802167210260610997e-01 7.331691851803309179e-01
6.164849245877372930e-01 2.823032892855393827e-01 8.273095547169415642e-01 4.908576038272267072e-01 0.000000000000000000e+00 1.973206217441415555e-01 2.942560370610862730e-01 1.143960490634685634e-01 6.185302991374727055e-01 4.863551421951305409e-01 5.280605782437369777e-01 4.623314603369105269e-01 7.127250167935592629e-01 8.081286576864161741e-01 5.500932886822272883e-01 2.836193836401076362e-01 6.121535138844553803e-01 6.088221306188835724e-01 4.910420862259948227e-01 4.179002739908385111e-01 4.371437126354841274e-01 7.322270517968139103e-01 2.706156919959527007e-01 5.160818459124156821e-01 3.821559729909977943e-01 5.237966434938388094e-01 5.583003477327147523e-01 5.261836052064325919e-01 6.214339409279439064e-01 3.666935354202349173e-01 3.743703883496345419e-01 6.243692095306587753e-01 4.894451079036550856e-01 4.535103449289814570e-01 4.667670658747886114e-01
5.386430774652164466e-01 1.403545816271495328e-01 4.153200803979247846e-01 6.770574821409545141e-01 1.973206217441415555e-01 0.000000000000000000e+00 4.311564658925269855e-01 5.093159130608576612e-01 3.152461426630913666e-01 9.841254488029298475e-01 3.920428523349108185e-01 4.429531544110001384e-01 2.758883431296715871e-01 4.760893367362498685e-01 6.740050901823048113e-01 7.985745422718898423e-01 5.444582142835869831e-01 8.707822328488568075e-01 4.727156763307228116e-01 6.705292242419358395e-01 1.464800333927294140e-01 3.300866669019968946e-01 8.195124868184683331e-01 5.265814986310543011e-01 4.282160765333546948e-01 8.988504756168189669e-01 4.153661790236919948e-01 8.101282036264325637e-01 8.170978713960770357e-01 5.106765748455122100e-01 8.858109298544127874e-01 6.316218204795476243e-01 4.866403085431190156e-01 6.089036715973229485e-01 3.910422606149751013e-01
8.419547377440882441e-01 7.944496395106106501e-01 6.116417965828464531e-01 5.693007104795992923e-01 2.942560370610862730e-01 4.311564658925269855e-01 0.000000000000000000e+00 3.933150822500605659e-01 3.724415749279766930e-01 1.718486748898240268e-02 5.598390548830541880e-01 6.699236460070624455e-01 8.115489785113246812e-01 7.512106936492343179e-01 6.718964844756347699e-01 3.043336111608613281e-01 1.869721983141388599e-01 3.655362925534356711e-01 4.862693726118950122e-01 3.040851781195206271e-01 6.842639144080501223e-01 2.617943216950818774e-01 4.437621493174325193e-01 5.752656388145976907e-01 7.542628291223771875e-01 1.123002133087276921e-01 8.525969512257542959e-01 1.548652084322018618e-01 4.967631642026457683e-01 7.246098027793796970e-01 8.477265951469359351e-01 3.834048569737501522e-01 2.021164475164877183e-01 5.994419899664222839e-01 7.513156443342043911e-01
2.609627760095436511e-01 6.838549260251626238e-01 2.674820921172910149e-01 8.007847394404205010e-01 1.143960490634685634e-01 5.093159130608576612e-01 3.933150822500605659e-01 0.000000000000000000e+00 7.242950911855090546e-01 6.541115296750854569e-01 3.620275442521226905e-01 7.644870100211089703e-01 5.217762478646648105e-01 9.080092006129668603e-01 3.862614241181093755e-01 4.205045508678576516e-01 6.454385851079792458e-01 2.659734682029415986e-01 5.779099150523447914e-01 6.535536084905942955e-01 6.254514279662317655e-01 1.886677664210482108e-01 3.495018506299362171e-01 6.647124945737983293e-01 6.324151846751253636e-01 8.104781635729737532e-01 6.684888536181423646e-01 8.875827918442715792e-01 4.544081499150348646e-01 4.924609570481469079e-01 4.213756052152305420e-01 4.592163122811661058e-01 7.466694475070846382e-01 2.051244021900645587e-01 4.956037236489083120e-01
6.529488656028548110e-02 2.734328170899462118e-01 6.068877082501972220e-01 9.009338248504428215e-02 6.185302991374727055e-01 3.152461426630913666e-01 3.724415749279766930e-01 7.242950911855090546e-01 0.000000000000000000e+00 7.914530233630217015e-01 6.452913798089496833e-01 5.082437810235391762e-01 3.659824998753645753e-01 5.344571600950254187e-01 1.665560371669410067e-01 8.508848587657147355e-01 4.707730101814474044e-01 6.292340771285862555e-01 3.694247536452064939e-01 6.953409731335742361e-01 5.729212543473665153e-01 5.521950574571359294e-01 1.298978709499907791e-01 8.423950997973200794e-02 1.725580523431942126e-01 8.369574917025301986e-01 6.664711826052029942e-01 6.429459548035252325e-01 5.989769796072001995e-01 4.866064746839393607e-01 3.138426933903554761e-01 1.175532977963535397e-01 4.929077969118763614e-01 9.489519704005935363e-01 5.709572609687445510e-01
5.183976755274822823e-01 6.653735030655111293e-01 3.768046315382860278e-01 6.772249610598732872e-01 4.863551421951305409e-01 9.841254488029298475e-01 1.718486748898240268e-02 6.541115296750854569e-01 7.914530233630217015e-01 0.000000000000000000e+00 5.124321282470911676e-01 6.152320107113635750e-01 7.063640205459301713e-01 3.315563918574248037e-01 8.921361443691029347e-01 3.719174085531922747e-01 6.588704333417320091e-01 4.419196432552998099e-01 4.366494064523108176e-01 5.480409553404076428e-01 3.048828809454507405e-01 4.097092832819779762e-01 1.599905535335880424e-01 4.637745695854976757e-01 8.320302227546694240e-01 3.381189798982600081e-01 3.155101539090904850e-01 5.200150826608382904e-01 5.414344323063149389e-01 7.231523738998186790e-01 8.113961324374889816e-01 7.817449298434147043e-01 7.468476331506989085e-01 4.126156550810734513e-01 7.782881440772311255e-01
1.242867855542675315e-01 6.306974058751195766e-01 4.781347077145169933e-01 7.250522281240082689e-01 5.280605782437369777e-01 3.920428523349108185e-01 5.598390548830541880e-01 3.620275442521226905e-01 6.452913798089496833e-01 5.124321282470911676e-01 0.000000000000000000e+00 2.207925159419822370e-01 2.914249020439772520e-01 6.901558637934432916e-01 5.834346508420311661e-01 3.011104717445489687e-01 6.670574449256676530e-01 4.889255367793370888e-01 4.307680546617793094e-01 5.967883540558482913e-01 5.036271314312577019e-01 1.307877009069507990e-01 3.820125981616714350e-01 6.522203659907326312e-01 7.280370461704884777e-01 3.969892378648711140e-01 4.257690550373318672e-01 7.257156606726702375e-01 4.411640912258572578e-01 5.087571565041857369e-01 4.342271345882443012e-01 6.982663501380698134e-01 9.160705322880619006e-01 7.300012601911893828e-01 4.390293688372176595e-01
5.252252083234554281e-01 5.452950664121178903e-01 7.659143299489847845e-01 3.404340144407105306e-01 4.623314603369105269e-01 4.429531544110001384e-01 6.699236460070624455e-01 7.644870100211089703e-01 5.082437810235391762e-01 6.152320107113635750e-01 2.207925159419822370e-01 0.000000000000000000e+00 1.936163862896671528e-01 7.932450932417143274e-01 7.475769234180511535e-01 5.652085696300128692e-01 5.043994524702712923e-01 5.601017834907429105e-01 5.115422823870294788e-01 5.079202473578008359e-01 4.909831664777491445e-01 7.106932182868574976e-01 2.824258496925857731e-01 4.509644212137250419e-01 1.160992485621372694e-01 9.527907823025000278e-01 3.982557287998591544e-01 8.663164519545218933e-01 6.704262603360017225e-01 4.283412647663354389e-01 3.336979403472032368e-01 5.097783830392899063e-02 5.556052876583060796e-01 4.130440378176691296e-01 4.900646345120551195e-01
6.695338301664064407e-01 7.208056784841722076e-01 3.568027030943072830e-01 7.171872873892211064e-01 7.127250167935592629e-01 2.758883431296715871e-01 8.115489785113246812e-01 5.217762478646648105e-01 3.659824998753645753e-01 7.063640205459301713e-01 2.914249020439772520e-01 1.936163862896671528e-01 0.000000000000000000e+00 7.441154148390809464e-01 6.934584643464039022e-01 8.880355227688665476e-01 2.771867374809948714e-01 5.637800250009007419e-01 4.585194698072898589e-01 1.881265385781270560e-01 1.675272508301004493e-01 6.784787057672886368e-01 6.084499077061698014e-01 7.767235904976360628e-01 5.001703884059016669e-01 7.697749103141467986e-01 4.876510621420953040e-01 6.708836598842149446e-01 5.111821762026516058e-01 5.859404783041045617e-01 5.813422127153804464e-01 5.764168968324514530e-01 7.801638483323654061e-01 5.782671130076975086e-01 7.659070114048172062e-02
6.183568641560257539e-01 8.052376608883660136e-01 4.886983913908761745e-01 8.139701361300475391e-01 8.081286576864161741e-01 4.760893367362498685e-01 7.512106936492343179e-01 9.080092006129668603e-01 5.344571600950254187e-01 3.315563918574248037e-01 6.901558637934432916e-01 7.932450932417143274e-01 7.441154148390809464e-01 0.000000000000000000e+00 5.071464295989573934e-01 5.553348946424399024e-01 4.836364068589729670e-01 4.989058685905447543e-01 3.076090276467204898e-01 3.484631106724956906e-01 7.227313692030878922e-01 7.080217960033794444e-01 4.824325196976959607e-01 6.225858807814121931e-01 5.021254297980601855e-01 8.891465516211621845e-01 8.498495582883455191e-01 7.475583422528253585e-01 5.320549949026078806e-01 5.969137294066690913e-01 2.478183547775221207e-01 3.604697161384006199e-01 4.690810775213293260e-01 5.019146181733701306e-01 4.452254149514652259e-01
7.664086581984661528e-01 7.036843981098160894e-01 5.424042674999557390e-01 7.969366283312304677e-01 5.500932886822272883e-01 6.740050901823048113e-01 6.718964844756347699e-01 3.862614241181093755e-01 1.665560371669410067e-01 8.921361443691029347e-01 5.834346508420311661e-01 7.475769234180511535e-01 6.934584643464039022e-01 5.071464295989573934e-01 0.000000000000000000e+00 2.535111903354136387e-01 5.219939711625225520e-01 2.999420898101903266e-01 8.561951874425279829e-01 8.139179252375774443e-01 4.473782623657187596e-01 9.067928447665899450e-01 8.806171027098843584e-01 5.021070593274459259e-01 1.625215571960143546e-01 2.598886111726776971e-01 8.454292150577616960e-01 4.056768811029902722e-01 6.101618314134691357e-01 7.109502687501860763e-01 3.446812909562092520e-01 7.268353137298768640e-01 5.056146997924623188e-01 4.654782914965282514e-01 1.405712020373002247e-01
1.914203374467219332e-01 4.729775420501784455e-01 2.602393665007116108e-01 5.884138551101310011e-01 2.836193836401076362e-01 7.985745422718898423e-01 3.043336111608613281e-01 4.205045508678576516e-01 8.508848587657147355e-01 3.719174085531922747e-01 3.011104717445489687e-01 5.652085696300128692e-01 8.880355227688665476e-01 5.553348946424399024e-01 2.535111903354136387e-01 0.000000000000000000e+00 6.051039590582314442e-01 3.755665873682427769e-01 2.568843806178723321e-01 7.720572127354952130e-02 4.714792468831673355e-01 3.607560091825350312e-01 6.022434782101045991e-01 1.286767842271512863e-01 6.921626997611057819e-01 2.959859924909727935e-01 7.225142571723833784e-01 5.480062141836157252e-01 9.136625978073154020e-01 4.443551609756972165e-01 6.375826785899152416e-01 5.831637243367258083e-01 1.636271292757234264e-01 5.013926914602661045e-01 4.249235265618263035e-01
3.884662475808932092e-01 5.431314306925103530e-01 5.109866016053774551e-01 3.721975215323004571e-01 6.121535138844553803e-01 5.444582142835869831e-01 1.869721983141388599e-01 6.454385851079792458e-01 4.707730101814474044e-01 6.588704333417320091e-01 6.670574449256676530e-01 5.043994524702712923e-01 2.771867374809948714e-01 4.836364068589729670e-01 5.219939711625225520e-01 6.051039590582314442e-01 0.000000000000000000e+00 2.109111274528991942e-01 1.390793209085973148e-01 1.917701615283643468e-01 5.344644797334645592e-01 6.689620218923253425e-01 2.056184838606477383e-01 5.018203988024746431e-01 4.561621314931665894e-01 5.346747158853317750e-01 2.636256153190930651e-01 7.097854926488234018e-01 7.671946478002533709e-02 7.659737738293388443e-01 4.949734406187722979e-01 5.479711484361724505e-01 7.141350024246371220e-01 8.232634856174845250e-01 7.684725506603514722e-01
6.117880269740945121e-01 7.058508013367359446e-01 8.962467432362819508e-02 3.953693585104185448e-01 6.088221306188835724e-01 8.707822328488568075e-01 3.655362925534356711e-01 2.659734682029415986e-01 6.292340771285862555e-01 4.419196432552998099e-01 4.889255367793370888e-01 5.601017834907429105e-01 5.637800250009007419e-01 4.989058685905447543e-01 2.999420898101903266e-01 3.755665873682427769e-01 2.109111274528991942e-01 0.000000000000000000e+00 7.478068534223973884e-01 3.665560889187517990e-01 4.519176022910020851e-01 4.901290540761595316e-01 7.072287501566946188e-01 6.328906482731512240e-01 8.538977936111658007e-02 2.473711585301571203e-01 5.117238073243475238e-01 4.849467706989790128e-01 2.836552084579213040e-01 5.914196787499159669e-01 3.724121561995398233e-01 3.668816873309659887e-01 7.633260688104845926e-01 1.335863124728646767e-01 4.828158011187965726e-01
9.390498997758444100e-01 7.660021288866164513e-01 3.306458819505608826e-01 4.912523558182326777e-01 4.910420862259948227e-01 4.727156763307228116e-01 4.862693726118950122e-01 5.779099150523447914e-01 3.694247536452064939e-01 4.366494064523108176e-01 4.307680546617793094e-01 5.115422823870294788e-01 4.585194698072898589e-01 3.076090276467204898e-01 8.561951874425279829e-01 2.568843806178723321e-01 1.390793209085973148e-01 7.478068534223973884e-01 0.000000000000000000e+00 7.787873539870613371e-01 2.583423070084027717e-01 4.747074946138450935e-01 3.631313129861071798e-01 6.814768243874824716e-02 3.780230413511513343e-01 4.865783066061062367e-01 3.385960458554267971e-01 4.851602332970088027e-01 6.382887832620310897e-01 5.732440452289832011e-01 3.461904146781518143e-01 8.963388936208760427e-01 3.632510480050776813e-01 7.774387305318717356e-01 2.358659266934618470e-01
8.156427507774407504e-01 4.594527727459798983e-01 6.391666146741793453e-01 5.237515184839054427e-01 4.179002739908385111e-01 6.705292242419358395e-01 3.040851781195206271e-01 6.535536084905942955e-01 6.953409731335742361e-01 5.480409553404076428e-01 5.967883540558482913e-01 5.079202473578008359e-01 1.881265385781270560e-01 3.484631106724956906e-01 8.139179252375774443e-01 7.720572127354952130e-02 1.917701615283643468e-01 3.665560889187517990e-01 7.787873539870613371e-01 0.000000000000000000e+00 3.195949230459602664e-01 8.192648383143510404e-01 5.412324236965029289e-01 3.774409170100176958e-01 5.518116082242873199e-01 3.227248693489950804e-01 3.805953797493270008e-01 7.149046973669924698e-01 4.699594467425808331e-01 5.591369155908907373e-01 8.555546158980786853e-01 5.118440743729200104e-01 3.930944416875417069e-01 5.413998532049147938e-01 5.990817175152487462e-01
3.029999310728026529e-01 2.806810487014721467e-02 5.985040151771048311e-01 2.627658450969350135e-01 4.371437126354841274e-01 1.464800333927294140e-01 6.842639144080501223e-01 6.254514279662317655e-01 5.729212543473665153e-01 3.048828809454507405e-01 5.036271314312577019e-01 4.909831664777491445e-01 1.675272508301004493e-01 7.227313692030878922e-01 4.473782623657187596e-01 4.714792468831673355e-01 5.344644797334645592e-01 4.519176022910020851e-01 2.583423070084027717e-01 3.195949230459602664e-01 0.000000000000000000e+00 4.394004205911961058e-01 3.792562937106555010e-01 4.938322426553523048e-01 5.173475538365287507e-01 2.793196502740727949e-01 5.201764979042092785e-01 2.973727753309594046e-01 5.287837401219698252e-01 8.214056148987118888e-01 7.271097859280616360e-01 5.733755566812391846e-01 6.616829211709571723e-01 7.222317143108163418e-01 7.854656866515640212e-01
6.647758662655011141e-01 6.598517537190914384e-01 3.640939859362029019e-01 5.879638107506716116e-01 7.322270517968139103e-01 3.300866669019968946e-01 2.617943216950818774e-01 1.886677664210482108e-01 5.521950574571359294e-01 4.097092832819779762e-01 1.307877009069507990e-01 7.106932182868574976e-01 6.784787057672886368e-01 7.080217960033794444e-01 9.067928447665899450e-01 3.607560091825350312e-01 6.689620218923253425e-01 4.901290540761595316e-01 4.747074946138450935e-01 8.192648383143510404e-01 4.394004205911961058e-01 0.000000000000000000e+00 4.670821117652982357e-01 1.113978185203651217e-01 3.354431638316464070e-01 8.998134110693273291e-02 6.828638716921251461e-01 7.895203660054466166e-01 8.792551954228478017e-01 3.614412065160713672e-01 7.706412785395665432e-01 7.183562940040364442e-01 2.878969259982538942e-01 5.133333729422269176e-01 8.383311288801021943e-01
7.375527703209063812e-01 3.075570920738657232e-01 5.141370057212929501e-01 7.448717582574375662e-01 2.706156919959527007e-01 8.195124868184683331e-01 4.437621493174325193e-01 3.495018506299362171e-01 1.298978709499907791e-01 1.599905535335880424e-01 3.820125981616714350e-01 2.824258496925857731e-01 6.084499077061698014e-01 4.824325196976959607e-01 8.806171027098843584e-01 6.022434782101045991e-01 2.056184838606477383e-01 7.072287501566946188e-01 3.631313129861071798e-01 5.412324236965029289e-01 3.792562937106555010e-01 4.670821117652982357e-01 0.000000000000000000e+00 6.309157547701059743e-01 9.370618515383583036e-01 3.531772066268802912e-01 4.491826915554786304e-01 7.236992764661325239e-01 7.245906849631351676e-01 5.244731736554156809e-01 5.387045415868084719e-01 4.225560676930352755e-01 2.294304912492353132e-01 4.340273694820150352e-01 8.035182470962974888e-01
2.695849224340191030e-01 3.622214891144754922e-01 5.279214646161214386e-01 6.718670657335995555e-01 5.160818459124156821e-01 5.265814986310543011e-01 5.752656388145976907e-01 6.647124945737983293e-01 8.423950997973200794e-02 4.637745695854976757e-01 6.522203659907326312e-01 4.509644212137250419e-01 7.767235904976360628e-01 6.225858807814121931e-01 5.021070593274459259e-01 1.286767842271512863e-01 5.018203988024746431e-01 6.328906482731512240e-01 6.814768243874824716e-02 3.774409170100176958e-01 4.938322426553523048e-01 1.113978185203651217e-01 6.309157547701059743e-01 0.000000000000000000e+00 7.235234774856349471e-01 5.523704109586140554e-01 5.038186396963462155e-01 7.555216687726764579e-01 8.478005346986433599e-01 7.615120480896580002e-01 5.366026666867407258e-01 7.947857152569205441e-01 8.153320598288579246e-01 7.084489013569001958e-01 2.373900502889532138e-01
4.790554560765672987e-01 3.998770118396086648e-01 2.524784596764607647e-01 7.634741143087598880e-01 3.821559729909977943e-01 4.282160765333546948e-01 7.542628291223771875e-01 6.324151846751253636e-01 1.725580523431942126e-01 8.320302227546694240e-01 7.280370461704884777e-01 1.160992485621372694e-01 5.001703884059016669e-01 5.021254297980601855e-01 1.625215571960143546e-01 6.921626997611057819e-01 4.561621314931665894e-01 8.538977936111658007e-02 3.780230413511513343e-01 5.518116082242873199e-01 5.173475538365287507e-01 3.354431638316464070e-01 9.370618515383583036e-01 7.235234774856349471e-01 0.000000000000000000e+00 5.326889426130547722e-01 4.017750597526660306e-01 5.017839450290912939e-01 7.293072421338654410e-01 6.599045290499593319e-01 6.475685525859142810e-01 6.781333077618862948e-01 2.958161541241794978e-01 4.661364921309325560e-01 5.100266732761591371e-01
8.708585600836069585e-01 3.499341814279424145e-01 4.229093055391259792e-01 7.804129836802470299e-01 5.237966434938388094e-01 8.988504756168189669e-01 1.123002133087276921e-01 8.104781635729737532e-01 8.369574917025301986e-01 3.381189798982600081e-01 3.969892378648711140e-01 9.527907823025000278e-01 7.697749103141467986e-01 8.891465516211621845e-01 2.598886111726776971e-01 2.959859924909727935e-01 5.346747158853317750e-01 2.473711585301571203e-01 4.865783066061062367e-01 3.227248693489950804e-01 2.793196502740727949e-01 8.998134110693273291e-02 3.531772066268802912e-01 5.523704109586140554e-01 5.326889426130547722e-01 0.000000000000000000e+00 1.723596946235507188e-01 5.769293226500755711e-01 8.565291729127355591e-01 7.857460155245212796e-01 7.498593715411984162e-01 3.816067417037853904e-01 2.897566071817417876e-01 7.516683491569902120e-01 5.210312308057090114e-01
5.604755399029426322e-01 5.512795604135858341e-01 2.995466068208799681e-01 1.075175668825838482e-01 5.583003477327147523e-01 4.153661790236919948e-01 8.525969512257542959e-01 6.684888536181423646e-01 6.664711826052029942e-01 3.155101539090904850e-01 4.257690550373318672e-01 3.982557287998591544e-01 4.876510621420953040e-01 8.498495582883455191e-01 8.454292150577616960e-01 7.225142571723833784e-01 2.636256153190930651e-01 5.117238073243475238e-01 3.385960458554267971e-01 3.805953797493270008e-01 5.201764979042092785e-01 6.828638716921251461e-01 4.491826915554786304e-01 5.038186396963462155e-01 4.017750597526660306e-01 1.723596946235507188e-01 0.000000000000000000e+00 9.165537192848389747e-01 3.194990555723110637e-01 6.207186645103942579e-01 4.859540319545653242e-01 5.666819790113445388e-01 3.070979850806776490e-01 2.600939461829266941e-01 4.962668334619123600e-01
4.802775084338299916e-01 7.920625297244716645e-01 5.095759231257853683e-01 1.437674307520961370e-01 5.261836052064325919e-01 8.101282036264325637e-01 1.548652084322018618e-01 8.875827918442715792e-01 6.429459548035252325e-01 5.200150826608382904e-01 7.257156606726702375e-01 8.663164519545218933e-01 6.708836598842149446e-01 7.475583422528253585e-01 4.056768811029902722e-01 5.480062141836157252e-01 7.097854926488234018e-01 4.849467706989790128e-01 4.851602332970088027e-01 7.149046973669924698e-01 2.973727753309594046e-01 7.895203660054466166e-01 7.236992764661325239e-01 7.555216687726764579e-01 5.017839450290912939e-01 5.769293226500755711e-01 9.165537192848389747e-01 0.000000000000000000e+00 9.658676460467129354e-01 3.662603167597910381e-01 8.319912310198478433e-01 3.546494648280794082e-01 8.132397838658158573e-01 2.598030543400858816e-01 3.000684071867090186e-01
1.822529985464511615e-01 6.482218586035022323e-01 3.465752895627453034e-01 2.835237771149232699e-01 6.214339409279439064e-01 8.170978713960770357e-01 4.967631642026457683e-01 4.544081499150348646e-01 5.989769796072001995e-01 5.414344323063149389e-01 4.411640912258572578e-01 6.704262603360017225e-01 5.111821762026516058e-01 5.320549949026078806e-01 6.101618314134691357e-01 9.136625978073154020e-01 7.671946478002533709e-02 2.836552084579213040e-01 6.382887832620310897e-01 4.699594467425808331e-01 5.287837401219698252e-01 8.792551954228478017e-01 7.245906849631351676e-01 8.478005346986433599e-01 7.293072421338654410e-01 8.565291729127355591e-01 3.194990555723110637e-01 9.658676460467129354e-01 0.000000000000000000e+00 8.512364017622067180e-01 3.250448458018654341e-01 4.152449252279043490e-01 2.007324125062983633e-01 8.534690607112838112e-01 5.281309544693572056e-01
4.753609394193112347e-01 3.455077155376914400e-01 3.942669022556651304e-01 1.181072765978450345e-01 3.666935354202349173e-01 5.106765748455122100e-01 7.246098027793796970e-01 4.924609570481469079e-01 4.866064746839393607e-01 7.231523738998186790e-01 5.087571565041857369e-01 4.283412647663354389e-01 5.859404783041045617e-01 5.969137294066690913e-01 7.109502687501860763e-01 4.443551609756972165e-01 7.659737738293388443e-01 5.914196787499159669e-01 5.732440452289832011e-01 5.591369155908907373e-01 8.214056148987118888e-01 3.614412065160713672e-01 5.244731736554156809e-01 7.615120480896580002e-01 6.599045290499593319e-01 7.857460155245212796e-01 6.207186645103942579e-01 3.662603167597910381e-01 8.512364017622067180e-01 0.000000000000000000e+00 7.181698419310849069e-01 6.701459383761598776e-01 4.272692497144315316e-01 2.873532199428757705e-01 8.603188443605616076e-01
2.404850844108187558e-01 7.490481364809831177e-01 4.016654206978696462e-01 7.641553087254305821e-01 3.743703883496345419e-01 8.858109298544127874e-01 8.477265951469359351e-01 4.213756052152305420e-01 3.138426933903554761e-01 8.113961324374889816e-01 4.342271345882443012e-01 3.336979403472032368e-01 5.813422127153804464e-01 2.478183547775221207e-01 3.446812909562092520e-01 6.375826785899152416e-01 4.949734406187722979e-01 3.724121561995398233e-01 3.461904146781518143e-01 8.555546158980786853e-01 7.271097859280616360e-01 7.706412785395665432e-01 5.387045415868084719e-01 5.366026666867407258e-01 6.475685525859142810e-01 7.498593715411984162e-01 4.859540319545653242e-01 8.319912310198478433e-01 3.250448458018654341e-01 7.181698419310849069e-01 0.000000000000000000e+00 5.239887461732593010e-01 7.947003021974046177e-01 2.774489468353864563e-01 6.998667145409620538e-02
8.664560780273733442e-01 5.555093692379167170e-01 6.191028645527825169e-01 7.262353720569567628e-01 6.243692095306587753e-01 6.316218204795476243e-01 3.834048569737501522e-01 4.592163122811661058e-01 1.175532977963535397e-01 7.817449298434147043e-01 6.982663501380698134e-01 5.097783830392899063e-02 5.764168968324514530e-01 3.604697161384006199e-01 7.268353137298768640e-01 5.831637243367258083e-01 5.479711484361724505e-01 3.668816873309659887e-01 8.963388936208760427e-01 5.118440743729200104e-01 5.733755566812391846e-01 7.183562940040364442e-01 4.225560676930352755e-01 7.947857152569205441e-01 6.781333077618862948e-01 3.816067417037853904e-01 5.666819790113445388e-01 3.546494648280794082e-01 4.152449252279043490e-01 6.701459383761598776e-01 5.239887461732593010e-01 0.000000000000000000e+00 4.157428965028642232e-02 1.755360537915054975e-01 5.186590503061938584e-01
8.211775008666450937e-01 4.292600953247819318e-01 3.219132852844095449e-01 8.673837424701891230e-01 4.894451079036550856e-01 4.866403085431190156e-01 2.021164475164877183e-01 7.466694475070846382e-01 4.929077969118763614e-01 7.468476331506989085e-01 9.160705322880619006e-01 5.556052876583060796e-01 7.801638483323654061e-01 4.690810775213293260e-01 5.056146997924623188e-01 1.636271292757234264e-01 7.141350024246371220e-01 7.633260688104845926e-01 3.632510480050776813e-01 3.930944416875417069e-01 6.616829211709571723e-01 2.878969259982538942e-01 2.294304912492353132e-01 8.153320598288579246e-01 2.958161541241794978e-01 2.897566071817417876e-01 3.070979850806776490e-01 8.132397838658158573e-01 2.007324125062983633e-01 4.272692497144315316e-01 7.947003021974046177e-01 4.157428965028642232e-02 0.000000000000000000e+00 4.907247710436126176e-01 4.895403044911267321e-01
2.568275289856791210e-01 5.463396653413401527e-01 4.546045901622988716e-01 7.802167210260610997e-01 4.535103449289814570e-01 6.089036715973229485e-01 5.994419899664222839e-01 2.051244021900645587e-01 9.489519704005935363e-01 4.126156550810734513e-01 7.300012601911893828e-01 4.130440378176691296e-01 5.782671130076975086e-01 5.019146181733701306e-01 4.654782914965282514e-01 5.013926914602661045e-01 8.232634856174845250e-01 1.335863124728646767e-01 7.774387305318717356e-01 5.413998532049147938e-01 7.222317143108163418e-01 5.133333729422269176e-01 4.340273694820150352e-01 7.084489013569001958e-01 4.661364921309325560e-01 7.516683491569902120e-01 2.600939461829266941e-01 2.598030543400858816e-01 8.534690607112838112e-01 2.873532199428757705e-01 2.774489468353864563e-01 1.755360537915054975e-01 4.907247710436126176e-01 0.000000000000000000e+00 8.618199087765452404e-01
5.277660725653592344e-01 4.414328321643365416e-01 3.408532011852582477e-01 7.331691851803309179e-01 4.667670658747886114e-01 3.910422606149751013e-01 7.513156443342043911e-01 4.956037236489083120e-01 5.709572609687445510e-01 7.782881440772311255e-01 4.390293688372176595e-01 4.900646345120551195e-01 7.659070114048172062e-02 4.452254149514652259e-01 1.405712020373002247e-01 4.249235265618263035e-01 7.684725506603514722e-01 4.828158011187965726e-01 2.358659266934618470e-01 5.990817175152487462e-01 7.854656866515640212e-01 8.383311288801021943e-01 8.035182470962974888e-01 2.373900502889532138e-01 5.100266732761591371e-01 5.210312308057090114e-01 4.962668334619123600e-01 3.000684071867090186e-01 5.281309544693572056e-01 8.603188443605616076e-01 6.998667145409620538e-02 5.186590503061938584e-01 4.895403044911267321e-01 8.618199087765452404e-01 0.000000000000000000e+00
