0.000000000000000000e+00 3.251572863225911658e-01 4.566258974003371551e-01 9.541631299124148091e-01 8.588464515591172077e-01 4.575266559996835625e-01 6.099626295863618264e-01 7.874519712497864976e-01 1.954057953686820781e-01 4.958222471803229170e-01 3.360412092643850768e-01 7.877760649790165326e-01 7.624616762053548769e-01 3.341221757702593775e-01 8.224172106743237176e-01 1.811920939559236721e-01 2.884297132220625670e-01 7.029714971955723923e-01 8.558517231772563294e-01 3.677445215286158642e-01 9.708941269993383028e-01 7.063720719878863186e-02 5.759257747801049820e-01 5.765705446523170519e-01 6.033081048705482008e-01 5.268741598419228733e-01 2.166912821700580638e-01 5.490271439834722988e-01 3.204969836457854937e-01 8.900366525449165955e-01 4.958572136646993700e-01 7.552937621655295697e-01 4.577728123235290658e-01 5.876062916895156141e-01 4.768715828848652527e-01
3.251572863225911658e-01 0.000000000000000000e+00 4.222563526292913982e-01 5.909963112746048353e-01 6.345090236380312998e-01 2.381729050313277085e-01 4.701322414776264447e-01 5.138414440916467818e-01 5.179526303491361894e-01 8.230722440612525670e-01 3.025837334609992602e-01 6.482757721317734534e-01 6.181175352930070588e-01 7.242878615257415387e-01 5.600809363670941066e-01 3.402681377821736852e-01 6.177123198642764379e-01 7.247378464117408825e-01 4.949164534332743948e-01 4.821111684932422037e-01 4.015119194704888095e-01 5.526455695361720544e-01 9.117827892634919884e-01 5.975229468965443935e-01 5.918440258962187617e-01 4.151869726635967206e-01 6.224794708262560983e-01 3.315068434677274634e-01 3.043710186861759981e-01 6.335295676725956060e-01 2.642122523030527859e-01 3.062798778616161455e-01 9.111876940947778447e-01 8.189546386249340060e-01 5.913352987787151571e-01
4.566258974003371551e-01 4.222563526292913982e-01 0.000000000000000000e+00 7.546482824919366061e-01 4.440608520445546437e-01 5.500232281027650494e-01 7.127720559548862411e-01 7.008161430277809467e-01 5.206509000531334141e-01 4.374816379849559289e-01 3.980040031030604997e-01 8.250396126673409380e-02 2.441071465402313012e-01 2.642974310609639832e-01 7.099853933659190375e-01 6.276033044529611971e-01 3.143225238847226488e-01 4.337095036935316728e-01 6.718832640349479135e-01 3.743007824933686778e-01 4.535062265217026933e-01 3.919500267053740439e-01 2.211110762984706546e-01 8.663894480510385687e-01 6.137089731403360116e-01 5.512737118350211629e-01 9.868672833148385282e-01 4.942452980825438047e-01 5.331873187392583979e-01 4.530476241773314650e-01 4.139465394115823260e-01 9.323235172037942498e-01 3.863442491766065356e-01 5.238653531265381469e-01 1.549777505030580649e-01
9.541631299124148091e-01 5.909963112746048353e-01 7.546482824919366061e-01 0.000000000000000000e+00 8.121572596557498080e-01 3.462947100153664914e-01 3.149861911307142437e-01 5.420565830403156760e-01 7.156533383961616313e-01 6.770178006468360321e-01 1.497444237591757377e-01 6.975742105961784123e-01 4.108332748372928167e-01 7.578198417983920132e-01 6.529850985572144273e-01 9.361490581415518042e-01 6.308379415392573186e-01 4.640460881966128603e-01 4.920761472461889219e-01 1.348130953054159087e-01 3.556121736936545541e-01 8.071877298566709769e-01 9.082624724217330803e-01 6.549906017027780081e-01 4.291392592321870980e-01 5.320671309705164997e-01 4.137202978047319624e-01 5.334041758267991096e-01 4.409074270775585336e-01 3.171534608546702771e-01 4.118477537740706240e-01 4.471735842712829534e-01 2.643202864231152804e-01 7.227272201164958165e-02 6.269926688991014352e-01
8.588464515591172077e-01 6.345090236380312998e-01 4.440608520445546437e-01 8.121572596557498080e-01 0.000000000000000000e+00 6.222626081510758134e-01 1.610563831727834794e-01 9.569662309642417153e-01 4.482033306725536348e-01 5.537519556724441738e-01 3.838492562588260437e-01 8.145571732932970210e-01 4.956567160416577300e-01 4.387612830873381942e-01 4.164370239723910183e-01 1.400298735250385951e-01 6.553830896844099474e-01 3.997592084725459793e-01 6.525199550678646432e-01 4.042117769929288729e-01 7.407005479776973544e-02 6.138389888001984929e-01 7.152666870453999737e-01 3.228668105027878710e-01 4.192978018167206056e-01 5.919204867344425303e-01 4.828571933039443320e-01 7.792359556825932954e-01 2.761502647614770822e-01 3.936290256190431713e-01 5.608660922386419223e-01 5.358229795056701494e-01 3.941344729312844519e-01 2.939583144545629967e-01 3.766246296362735224e-01
4.575266559996835625e-01 2.381729050313277085e-01 5.500232281027650494e-01 3.462947100153664914e-01 6.222626081510758134e-01 0.000000000000000000e+00 2.193831290785771548e-01 1.103137534692638644e-01 1.745331297658846426e-01 5.879325950267242362e-01 5.287804925960739588e-01 3.586684669146071314e-01 4.831342754229103198e-01 4.295066349993926225e-01 4.252026612146733164e-01 4.256597873900488938e-01 5.472404300548895373e-01 3.725710412970436591e-01 6.184630597915432570e-01 7.193471657080299231e-01 7.550973627447764569e-01 9.846974701214579184e-01 5.977556996251752741e-01 3.290809708416502222e-01 5.700084485846856897e-02 5.834260469566786567e-01 7.703118160131030567e-01 6.113831046459977658e-01 3.406106725410150693e-01 5.115736990702599574e-01 5.043700213891402218e-01 3.984893080670637300e-01 7.700548263451145736e-01 3.034869819979330030e-01 7.978137644376674942e-01
6.099626295863618264e-01 4.701322414776264447e-01 7.127720559548862411e-01 3.149861911307142437e-01 1.610563831727834794e-01 2.193831290785771548e-01 0.000000000000000000e+00 6.904289682715047949e-01 3.592727475721473329e-01 6.445686475540501892e-01 6.623361334333637274e-01 5.106785139283216424e-01 4.431332586722605549e-01 7.821855269014086343e-01 6.149274627231176016e-01 4.149001368345694440e-01 5.677679392785103252e-01 6.464452695447869823e-01 4.183105305137748142e-01 4.805315128517435030e-01 7.325615799911798787e-01 3.507519974802716378e-01 7.691719726455102935e-01 4.035970253697834798e-01 5.786283878222723276e-01 5.955360475462198044e-01 6.787352681261421550e-01 4.875323937957365406e-01 7.820765964520447477e-01 1.759755061481305116e-01 8.504629959074885281e-01 1.530242741595744249e-01 5.078214349948818596e-01 4.296615315965212623e-01 6.204770469148048750e-01
7.874519712497864976e-01 5.138414440916467818e-01 7.008161430277809467e-01 5.420565830403156760e-01 9.569662309642417153e-01 1.103137534692638644e-01 6.904289682715047949e-01 0.000000000000000000e+00 6.102230722624260029e-01 1.730838866078787674e-01 7.307899864148079683e-01 5.292180117825595609e-02 6.840406397870563149e-01 4.651498987820876785e-01 3.160061374099983889e-01 8.104248792018484693e-01 3.991436414437394276e-01 7.264945302001781791e-01 6.381802388717272567e-01 5.284762836303995570e-01 7.432623127709589994e-01 3.670629870188716337e-01 9.691306094235520030e-01 7.551015921018903176e-01 4.746063418908783582e-01 4.134163970834755508e-01 5.185597237885353206e-01 6.343660310217962284e-01 2.928011456270921409e-01 6.923875405792399018e-01 6.868931207642232639e-01 5.953708583551037270e-01 6.068845755218812421e-01 2.452284431158207045e-01 5.113428423632899733e-01
1.954057953686820781e-01 5.179526303491361894e-01 5.206509000531334141e-01 7.156533383961616313e-01 4.482033306725536348e-01 1.745331297658846426e-01 3.592727475721473329e-01 6.102230722624260029e-01 0.000000000000000000e+00 7.163283794996340159e-01 5.419480508654932471e-01 2.894352451454623165e-01 5.940147645337476856e-01 5.288929803282292896e-01 6.580349170771879752e-01 2.991097934462881858e-01 6.301010570237580710e-01 1.600264237325524919e-01 3.513107141103912756e-01 2.507046026908490988e-01 6.653022380986881590e-01 2.908139545996978326e-01 7.942008393437637315e-01 4.084550797917248510e-01 7.395135764698184122e-01 7.362949286068694033e-01 2.526098264866227239e-01 6.833138338499219477e-01 5.503807453314146780e-01 2.169282083300106967e-01 9.424022699970233674e-01 8.186133715801862110e-01 9.525347642494830236e-02 6.134480606459458141e-01 7.175107988459616948e-01
4.958222471803229170e-01 8.230722440612525670e-01 4.374816379849559289e-01 6.770178006468360321e-01 5.537519556724441738e-01 5.879325950267242362e-01 6.445686475540501892e-01 1.730838866078787674e-01 7.163283794996340159e-01 0.000000000000000000e+00 4.516674220568568932e-01 4.800595300716563041e-01 3.626789938963044801e-01 7.204047872166885469e-01 9.040388928616224229e-01 5.423947596803678772e-01 6.200211498870844551e-01 8.474938998063412665e-01 3.007002278015623586e-01 5.735317857343453785e-01 7.083648879376125418e-01 5.103498549354804625e-01 5.651700557900845023e-01 3.690542505024740905e-02 1.884709665575556858e-01 5.464197103779043774e-01 7.594963201998401470e-01 6.685177779599389414e-01 3.682180564602712813e-01 6.302709968042812250e-01 6.501199219973434751e-01 8.253535067304003103e-01 3.080829015563730788e-01 5.590180447278276787e-01 7.311030540243179665e-01
3.360412092643850768e-01 3.025837334609992602e-01 3.980040031030604997e-01 1.497444237591757377e-01 3.838492562588260437e-01 5.287804925960739588e-01 6.623361334333637274e-01 7.307899864148079683e-01 5.419480508654932471e-01 4.516674220568568932e-01 0.000000000000000000e+00 4.420977049165454309e-01 4.440947881080830051e-01 4.644901322894082751e-01 5.707249746345137709e-01 1.846873934213980606e-01 5.695013379391055119e-01 4.808059591606357874e-01 8.047096729962612827e-01 5.611411650489853686e-01 7.207043297598278997e-01 3.116163519859479480e-01 2.213016068273461201e-01 1.371612450402712180e-01 6.100858886011781834e-01 5.042675895403182507e-01 4.419110410890876306e-01 6.907601515875517739e-01 5.395171575007611242e-01 3.618104610622354667e-01 2.745828885199602665e-01 4.690986969756851810e-01 3.945029633319152018e-01 7.154248872675309512e-01 3.112569749202503955e-01
7.877760649790165326e-01 6.482757721317734534e-01 8.250396126673409380e-02 6.975742105961784123e-01 8.145571732932970210e-01 3.586684669146071314e-01 5.106785139283216424e-01 5.292180117825595609e-02 2.894352451454623165e-01 4.800595300716563041e-01 4.420977049165454309e-01 0.000000000000000000e+00 8.559186258719158058e-01 1.797292205086796768e-01 1.174296367332410274e-01 8.601783270348103416e-01 6.261566270403571277e-01 5.205910565127600531e-01 7.327550088897216707e-01 5.457836623999117176e-01 8.507484636422735225e-02 8.277965467847833159e-01 2.338526649670594759e-01 5.424418769295663578e-01 2.587144049457892336e-01 5.971088065336971340e-01 6.771077221897039422e-01 4.321671211321980732e-01 6.538683100383996250e-02 3.111175587216098992e-01 3.644588008601873375e-01 4.913395352212757139e-01 2.012070106647486090e-01 1.675766007961998483e-01 6.239755795502623936e-01
7.624616762053548769e-01 6.181175352930070588e-01 2.441071465402313012e-01 4.108332748372928167e-01 4.956567160416577300e-01 4.831342754229103198e-01 4.431332586722605549e-01 6.840406397870563149e-01 5.940147645337476856e-01 3.626789938963044801e-01 4.440947881080830051e-01 8.559186258719158058e-01 0.000000000000000000e+00 4.939217977923655023e-01 6.020332154020214821e-01 7.400490641523995716e-01 6.293082902063074080e-01 2.830752673879717296e-01 5.697444118172011462e-01 5.701691788190424992e-01 4.980902237790424958e-01 5.628251138695909983e-01 6.021526420335839846e-01 6.415821369988847778e-01 4.875875179966404072e-01 4.856729837709098385e-01 6.267215109208863488e-01 4.487166328828149364e-01 3.647037506815138941e-01 5.310164835527755312e-01 4.361939081639391591e-01 1.546428825436007015e-01 6.616052924580527739e-01 4.907019138414752124e-01 6.454974511897715317e-01
3.341221757702593775e-01 7.242878615257415387e-01 2.642974310609639832e-01 7.578198417983920132e-01 4.387612830873381942e-01 4.295066349993926225e-01 7.821855269014086343e-01 4.651498987820876785e-01 5.288929803282292896e-01 7.204047872166885469e-01 4.644901322894082751e-01 1.797292205086796768e-01 4.939217977923655023e-01 0.000000000000000000e+00 9.197878291527469274e-01 4.306918656057481809e-01 6.556287481420064456e-01 5.651489489271503963e-01 6.832604087732072617e-01 5.743113429319783858e-01 4.169607906502322270e-01 6.524612700065129944e-01 3.134449356077240179e-01 4.079572319935831359e-01 2.278696868482488203e-01 2.721277715202397030e-01 3.663459104643742581e-01 3.844034774197899740e-01 4.579001161474387516e-01 5.943556246968418888e-01 1.934797234412169997e-01 3.832056599158664145e-01 5.247934888862464398e-01 6.940661451400095272e-01 5.983245923675993838e-01
8.224172106743237176e-01 5.600809363670941066e-01 7.099853933659190375e-01 6.529850985572144273e-01 4.164370239723910183e-01 4.252026612146733164e-01 6.149274627231176016e-01 3.160061374099983889e-01 6.580349170771879752e-01 9.040388928616224229e-01 5.707249746345137709e-01 1.174296367332410274e-01 6.020332154020214821e-01 9.197878291527469274e-01 0.000000000000000000e+00 8.009514891425026928e-01 4.884981760204284984e-01 4.625539830774418326e-01 7.101875575998510826e-01 4.088227153865153785e-01 5.856250365826438653e-01 8.873822483615965151e-01 4.451721904763712989e-01 7.711792519024831538e-01 5.497064460658646068e-01 2.514699406119169645e-01 6.965966838910173653e-01 2.464448649199388885e-01 6.882277030326133804e-01 8.282195098852717097e-01 2.251307085012309028e-01 3.373535485727008343e-01 3.578456127477769311e-01 6.964349221808847634e-01 2.758333683103318945e-01
1.811920939559236721e-01 3.402681377821736852e-01 6.276033044529611971e-01 9.361490581415518042e-01 1.400298735250385951e-01 4.256597873900488938e-01 4.149001368345694440e-01 8.104248792018484693e-01 2.991097934462881858e-01 5.423947596803678772e-01 1.846873934213980606e-01 8.601783270348103416e-01 7.400490641523995716e-01 4.306918656057481809e-01 8.009514891425026928e-01 0.000000000000000000e+00 8.099731364302558134e-01 4.627814504132680140e-01 6.006059923107702758e-01 4.952623250777416497e-01 6.627691991874595789e-01 3.004264402995810990e-01 6.849013391088645264e-01 3.700337694887846363e-01 9.075150831955609565e-01 5.824478208124298506e-01 4.013009233575928203e-01 1.859268921992104362e-01 1.200120439896329438e-01 4.757725851060535804e-01 6.093820940881339299e-01 7.911152828134921933e-01 8.614464638899377302e-02 8.115437619988405960e-01 8.804712809566312970e-01
2.884297132220625670e-01 6.177123198642764379e-01 3.143225238847226488e-01 6.308379415392573186e-01 6.553830896844099474e-01 5.472404300548895373e-01 5.677679392785103252e-01 3.991436414437394276e-01 6.301010570237580710e-01 6.200211498870844551e-01 5.695013379391055119e-01 6.261566270403571277e-01 6.293082902063074080e-01 6.556287481420064456e-01 4.884981760204284984e-01 8.099731364302558134e-01 0.000000000000000000e+00 2.639394860982589019e-01 5.319319929778920653e-01 5.340983672393138093e-01 2.822670580833276377e-01 5.167109928105760863e-01 3.531844654720710519e-01 1.001946355055386428e-01 3.969137662017732104e-01 2.718121031979660041e-01 3.921382997577858021e-01 1.668971113013922869e-01 6.489801400816720411e-01 6.899992731998350060e-01 9.053873610331978350e-01 5.239974177736007599e-01 4.660051249437783816e-01 9.294674086078691388e-01 6.732180679971845327e-01
7.029714971955723923e-01 7.247378464117408825e-01 4.337095036935316728e-01 4.640460881966128603e-01 3.997592084725459793e-01 3.725710412970436591e-01 6.464452695447869823e-01 7.264945302001781791e-01 1.600264237325524919e-01 8.474938998063412665e-01 4.808059591606357874e-01 5.205910565127600531e-01 2.830752673879717296e-01 5.651489489271503963e-01 4.625539830774418326e-01 4.627814504132680140e-01 2.639394860982589019e-01 0.000000000000000000e+00 3.630000027167422649e-01 6.703746988726162481e-01 7.018691165439692181e-01 6.158448006263641528e-01 4.792495497843258789e-01 2.689560633837405068e-01 8.155948200274549809e-01 6.770849089447863456e-01 1.212861269405985931e-01 2.458359726295221981e-01 5.860335870284383297e-01 6.335316918480793369e-01 7.777858050604014029e-01 1.364491880498425180e-01 5.556337874127352805e-01 1.062998344316217758e-01 5.111476089079781682e-01
8.558517231772563294e-01 4.949164534332743948e-01 6.718832640349479135e-01 4.920761472461889219e-01 6.525199550678646432e-01 6.184630597915432570e-01 4.183105305137748142e-01 6.381802388717272567e-01 3.513107141103912756e-01 3.007002278015623586e-01 8.047096729962612827e-01 7.327550088897216707e-01 5.697444118172011462e-01 6.832604087732072617e-01 7.101875575998510826e-01 6.006059923107702758e-01 5.319319929778920653e-01 3.630000027167422649e-01 0.000000000000000000e+00 8.041800392295901379e-01 1.731672576897551052e-01 7.313893562424274020e-01 2.682755258078191041e-01 8.349137417644554304e-01 6.189784988954716294e-01 4.758812145795801030e-01 7.116890043276249411e-01 3.464711221894674065e-01 1.148402619504214073e-01 5.219975797188826094e-01 5.447316549771190619e-01 5.809273726878767530e-01 4.965614913393927576e-01 5.835849468389131545e-01 6.118550049860951301e-01
3.677445215286158642e-01 4.821111684932422037e-01 3.743007824933686778e-01 1.348130953054159087e-01 4.042117769929288729e-01 7.193471657080299231e-01 4.805315128517435030e-01 5.284762836303995570e-01 2.507046026908490988e-01 5.735317857343453785e-01 5.611411650489853686e-01 5.457836623999117176e-01 5.701691788190424992e-01 5.743113429319783858e-01 4.088227153865153785e-01 4.952623250777416497e-01 5.340983672393138093e-01 6.703746988726162481e-01 8.041800392295901379e-01 0.000000000000000000e+00 6.757442929465531378e-01 3.215681774268343562e-01 7.690001176987875109e-01 5.934890973655002622e-01 7.414705329019550817e-01 1.709857793966547690e-01 4.141861751908940681e-01 2.651218641495756145e-01 5.904538538923314039e-01 4.565195311641810916e-01 8.828924493357699355e-01 1.844290515509847683e-01 8.329071322716348202e-01 7.126030111527803523e-01 5.793410198543674783e-01
9.708941269993383028e-01 4.015119194704888095e-01 4.535062265217026933e-01 3.556121736936545541e-01 7.407005479776973544e-02 7.550973627447764569e-01 7.325615799911798787e-01 7.432623127709589994e-01 6.653022380986881590e-01 7.083648879376125418e-01 7.207043297598278997e-01 8.507484636422735225e-02 4.980902237790424958e-01 4.169607906502322270e-01 5.856250365826438653e-01 6.627691991874595789e-01 2.822670580833276377e-01 7.018691165439692181e-01 1.731672576897551052e-01 6.757442929465531378e-01 0.000000000000000000e+00 7.353401827597931817e-01 8.586286866428132214e-01 6.447418657111023688e-01 4.171393084430952136e-01 1.774425582056560202e-01 3.590982759050597162e-01 5.626469883887451617e-01 2.999857094370603772e-01 9.377890058049136446e-01 2.814414939651231906e-01 7.536596418231014116e-01 2.709811479999211237e-01 3.081653222202968556e-01 5.042725607370628360e-01
7.063720719878863186e-02 5.526455695361720544e-01 3.919500267053740439e-01 8.071877298566709769e-01 6.138389888001984929e-01 9.846974701214579184e-01 3.507519974802716378e-01 3.670629870188716337e-01 2.908139545996978326e-01 5.103498549354804625e-01 3.116163519859479480e-01 8.277965467847833159e-01 5.628251138695909983e-01 6.524612700065129944e-01 8.873822483615965151e-01 3.004264402995810990e-01 5.167109928105760863e-01 6.158448006263641528e-01 7.313893562424274020e-01 3.215681774268343562e-01 7.353401827597931817e-01 0.000000000000000000e+00 7.990151353845401649e-01 8.097574826085403021e-01 8.611072146349754153e-01 9.338406147264746160e-01 6.332955141096282548e-01 5.181692756949409784e-01 6.588687872974501314e-01 5.682325615949180841e-01 4.034263012207299770e-01 6.061653484711428952e-01 5.848825294227502081e-01 8.711819971029055587e-02 4.331553055974651234e-01
5.759257747801049820e-01 9.117827892634919884e-01 2.211110762984706546e-01 9.082624724217330803e-01 7.152666870453999737e-01 5.977556996251752741e-01 7.691719726455102935e-01 9.691306094235520030e-01 7.942008393437637315e-01 5.651700557900845023e-01 2.213016068273461201e-01 2.338526649670594759e-01 6.021526420335839846e-01 3.134449356077240179e-01 4.451721904763712989e-01 6.849013391088645264e-01 3.531844654720710519e-01 4.792495497843258789e-01 2.682755258078191041e-01 7.690001176987875109e-01 8.586286866428132214e-01 7.990151353845401649e-01 0.000000000000000000e+00 6.121410102362202510e-01 6.218931963794580575e-01 5.486774755978792717e-01 6.606033077936936948e-01 2.791856296954099426e-01 5.468834398850852541e-01 5.469233581876670192e-01 5.502432582054167520e-01 5.291749026151019164e-01 8.481039341455099967e-01 6.241787196937558235e-01 5.493752431829963534e-01
5.765705446523170519e-01 5.975229468965443935e-01 8.663894480510385687e-01 6.549906017027780081e-01 3.228668105027878710e-01 3.290809708416502222e-01 4.035970253697834798e-01 7.551015921018903176e-01 4.084550797917248510e-01 3.690542505024740905e-02 1.371612450402712180e-01 5.424418769295663578e-01 6.415821369988847778e-01 4.079572319935831359e-01 7.711792519024831538e-01 3.700337694887846363e-01 1.001946355055386428e-01 2.689560633837405068e-01 8.349137417644554304e-01 5.934890973655002622e-01 6.447418657111023688e-01 8.097574826085403021e-01 6.121410102362202510e-01 0.000000000000000000e+00 1.415857413142598276e-01 4.889888923363094886e-01 7.194749074064696881e-01 5.453597377682011249e-01 8.812577805292307609e-01 7.029636548045119504e-01 2.794232841473277551e-01 3.721920214781214153e-01 9.529236529985076753e-01 7.264940842739204818e-01 8.132300207454987717e-01
6.033081048705482008e-01 5.918440258962187617e-01 6.137089731403360116e-01 4.291392592321870980e-01 4.192978018167206056e-01 5.700084485846856897e-02 5.786283878222723276e-01 4.746063418908783582e-01 7.395135764698184122e-01 1.884709665575556858e-01 6.100858886011781834e-01 2.587144049457892336e-01 4.875875179966404072e-01 2.278696868482488203e-01 5.497064460658646068e-01 9.075150831955609565e-01 3.969137662017732104e-01 8.155948200274549809e-01 6.189784988954716294e-01 7.414705329019550817e-01 4.171393084430952136e-01 8.611072146349754153e-01 6.218931963794580575e-01 1.415857413142598276e-01 0.000000000000000000e+00 4.740481424323960691e-01 7.445298114876806039e-01 3.766011100738692052e-01 7.193149452381645270e-01 5.019716051914800969e-01 9.204814270146779442e-01 4.349921618110789145e-01 5.617610904612190259e-01 2.764352744897703440e-01 6.123704581328663910e-01
5.268741598419228733e-01 4.151869726635967206e-01 5.512737118350211629e-01 5.320671309705164997e-01 5.919204867344425303e-01 5.834260469566786567e-01 5.955360475462198044e-01 4.134163970834755508e-01 7.362949286068694033e-01 5.464197103779043774e-01 5.042675895403182507e-01 5.971088065336971340e-01 4.856729837709098385e-01 2.721277715202397030e-01 2.514699406119169645e-01 5.824478208124298506e-01 2.718121031979660041e-01 6.770849089447863456e-01 4.758812145795801030e-01 1.709857793966547690e-01 1.774425582056560202e-01 9.338406147264746160e-01 5.486774755978792717e-01 4.889888923363094886e-01 4.740481424323960691e-01 0.000000000000000000e+00 4.556452171184579569e-01 3.266927994712910399e-01 7.526132648002465952e-01 4.567913040487756593e-01 7.663895939787568334e-01 3.020191392868216695e-01 5.234355221220907683e-01 5.559899446210064822e-01 4.970177450298409738e-01
2.166912821700580638e-01 6.224794708262560983e-01 9.868672833148385282e-01 4.137202978047319624e-01 4.828571933039443320e-01 7.703118160131030567e-01 6.787352681261421550e-01 5.185597237885353206e-01 2.526098264866227239e-01 7.594963201998401470e-01 4.419110410890876306e-01 6.771077221897039422e-01 6.267215109208863488e-01 3.663459104643742581e-01 6.965966838910173653e-01 4.013009233575928203e-01 3.921382997577858021e-01 1.212861269405985931e-01 7.116890043276249411e-01 4.141861751908940681e-01 3.590982759050597162e-01 6.332955141096282548e-01 6.606033077936936948e-01 7.194749074064696881e-01 7.445298114876806039e-01 4.556452171184579569e-01 0.000000000000000000e+00 7.155040559028102987e-02 8.402063058624726910e-01 6.136083255150162064e-01 5.401223269556136852e-01 8.404802176016482607e-01 5.501364926238734299e-01 4.829327423622395976e-01 3.597933026036699289e-01
5.490271439834722988e-01 3.315068434677274634e-01 4.942452980825438047e-01 5.334041758267991096e-01 7.792359556825932954e-01 6.113831046459977658e-01 4.875323937957365406e-01 6.343660310217962284e-01 6.833138338499219477e-01 6.685177779599389414e-01 6.907601515875517739e-01 4.321671211321980732e-01 4.487166328828149364e-01 3.844034774197899740e-01 2.464448649199388885e-01 1.859268921992104362e-01 1.668971113013922869e-01 2.458359726295221981e-01 3.464711221894674065e-01 2.651218641495756145e-01 5.626469883887451617e-01 5.181692756949409784e-01 2.791856296954099426e-01 5.453597377682011249e-01 3.766011100738692052e-01 3.266927994712910399e-01 7.155040559028102987e-02 0.000000000000000000e+00 9.063288907963896746e-01 4.473422573849229478e-01 7.762823779191294626e-01 2.141284051281677758e-01 7.326691987089101188e-01 2.415797827050486513e-01 4.327182278873659138e-01
3.204969836457854937e-01 3.043710186861759981e-01 5.331873187392583979e-01 4.409074270775585336e-01 2.761502647614770822e-01 3.406106725410150693e-01 7.820765964520447477e-01 2.928011456270921409e-01 5.503807453314146780e-01 3.682180564602712813e-01 5.395171575007611242e-01 6.538683100383996250e-02 3.647037506815138941e-01 4.579001161474387516e-01 6.882277030326133804e-01 1.200120439896329438e-01 6.489801400816720411e-01 5.860335870284383297e-01 1.148402619504214073e-01 5.904538538923314039e-01 2.999857094370603772e-01 6.588687872974501314e-01 5.468834398850852541e-01 8.812577805292307609e-01 7.193149452381645270e-01 7.526132648002465952e-01 8.402063058624726910e-01 9.063288907963896746e-01 0.000000000000000000e+00 6.773593341904668996e-01 6.664556902391697291e-01 3.790261778364615308e-01 5.247716531934890627e-01 8.393234124983068867e-01 3.807456874330742425e-01
8.900366525449165955e-01 6.335295676725956060e-01 4.530476241773314650e-01 3.171534608546702771e-01 3.936290256190431713e-01 5.115736990702599574e-01 1.759755061481305116e-01 6.923875405792399018e-01 2.169282083300106967e-01 6.302709968042812250e-01 3.618104610622354667e-01 3.111175587216098992e-01 5.310164835527755312e-01 5.943556246968418888e-01 8.282195098852717097e-01 4.757725851060535804e-01 6.899992731998350060e-01 6.335316918480793369e-01 5.219975797188826094e-01 4.565195311641810916e-01 9.377890058049136446e-01 5.682325615949180841e-01 5.469233581876670192e-01 7.029636548045119504e-01 5.019716051914800969e-01 4.567913040487756593e-01 6.136083255150162064e-01 4.473422573849229478e-01 6.773593341904668996e-01 0.000000000000000000e+00 6.048876612513447437e-01 5.826466457845227431e-01 3.489445654495249016e-01 5.037316010616164075e-01 5.625887318252831282e-01
4.958572136646993700e-01 2.642122523030527859e-01 4.139465394115823260e-01 4.118477537740706240e-01 5.608660922386419223e-01 5.043700213891402218e-01 8.504629959074885281e-01 6.868931207642232639e-01 9.424022699970233674e-01 6.501199219973434751e-01 2.745828885199602665e-01 3.644588008601873375e-01 4.361939081639391591e-01 1.934797234412169997e-01 2.251307085012309028e-01 6.093820940881339299e-01 9.053873610331978350e-01 7.777858050604014029e-01 5.447316549771190619e-01 8.828924493357699355e-01 2.814414939651231906e-01 4.034263012207299770e-01 5.502432582054167520e-01 2.794232841473277551e-01 9.204814270146779442e-01 7.663895939787568334e-01 5.401223269556136852e-01 7.762823779191294626e-01 6.664556902391697291e-01 6.048876612513447437e-01 0.000000000000000000e+00 4.838789765807938181e-01 5.520099016824749905e-01 7.262062922354234340e-01 8.874770866823888937e-01
7.552937621655295697e-01 3.062798778616161455e-01 9.323235172037942498e-01 4.471735842712829534e-01 5.358229795056701494e-01 3.984893080670637300e-01 1.530242741595744249e-01 5.953708583551037270e-01 8.186133715801862110e-01 8.253535067304003103e-01 4.690986969756851810e-01 4.913395352212757139e-01 1.546428825436007015e-01 3.832056599158664145e-01 3.373535485727008343e-01 7.911152828134921933e-01 5.239974177736007599e-01 1.364491880498425180e-01 5.809273726878767530e-01 1.844290515509847683e-01 7.536596418231014116e-01 6.061653484711428952e-01 5.291749026151019164e-01 3.721920214781214153e-01 4.349921618110789145e-01 3.020191392868216695e-01 8.404802176016482607e-01 2.141284051281677758e-01 3.790261778364615308e-01 5.826466457845227431e-01 4.838789765807938181e-01 0.000000000000000000e+00 4.181764406999644024e-01 7.308162418720884901e-01 7.997000275649126522e-01
4.577728123235290658e-01 9.111876940947778447e-01 3.863442491766065356e-01 2.643202864231152804e-01 3.941344729312844519e-01 7.700548263451145736e-01 5.078214349948818596e-01 6.068845755218812421e-01 9.525347642494830236e-02 3.080829015563730788e-01 3.945029633319152018e-01 2.012070106647486090e-01 6.616052924580527739e-01 5.247934888862464398e-01 3.578456127477769311e-01 8.614464638899377302e-02 4.660051249437783816e-01 5.556337874127352805e-01 4.965614913393927576e-01 8.329071322716348202e-01 2.709811479999211237e-01 5.848825294227502081e-01 8.481039341455099967e-01 9.529236529985076753e-01 5.617610904612190259e-01 5.234355221220907683e-01 5.501364926238734299e-01 7.326691987089101188e-01 5.247716531934890627e-01 3.489445654495249016e-01 5.520099016824749905e-01 4.181764406999644024e-01 0.000000000000000000e+00 4.384270047636205647e-01 8.053090861729375050e-01
5.876062916895156141e-01 8.189546386249340060e-01 5.238653531265381469e-01 7.227272201164958165e-02 2.939583144545629967e-01 3.034869819979330030e-01 4.296615315965212623e-01 2.452284431158207045e-01 6.134480606459458141e-01 5.590180447278276787e-01 7.154248872675309512e-01 1.675766007961998483e-01 4.907019138414752124e-01 6.940661451400095272e-01 6.964349221808847634e-01 8.115437619988405960e-01 9.294674086078691388e-01 1.062998344316217758e-01 5.835849468389131545e-01 7.126030111527803523e-01 3.081653222202968556e-01 8.711819971029055587e-02 6.241787196937558235e-01 7.264940842739204818e-01 2.764352744897703440e-01 5.559899446210064822e-01 4.829327423622395976e-01 2.415797827050486513e-01 8.393234124983068867e-01 5.037316010616164075e-01 7.262062922354234340e-01 7.308162418720884901e-01 4.384270047636205647e-01 0.000000000000000000e+00 4.891399750967080906e-01
4.768715828848652527e-01 5.913352987787151571e-01 1.549777505030580649e-01 6.269926688991014352e-01 3.766246296362735224e-01 7.978137644376674942e-01 6.204770469148048750e-01 5.113428423632899733e-01 7.175107988459616948e-01 7.311030540243179665e-01 3.112569749202503955e-01 6.239755795502623936e-01 6.454974511897715317e-01 5.983245923675993838e-01 2.758333683103318945e-01 8.804712809566312970e-01 6.732180679971845327e-01 5.111476089079781682e-01 6.118550049860951301e-01 5.793410198543674783e-01 5.042725607370628360e-01 4.331553055974651234e-01 5.493752431829963534e-01 8.132300207454987717e-01 6.123704581328663910e-01 4.970177450298409738e-01 3.597933026036699289e-01 4.327182278873659138e-01 3.807456874330742425e-01 5.625887318252831282e-01 8.874770866823888937e-01 7.997000275649126522e-01 8.053090861729375050e-01 4.891399750967080906e-01 0.000000000000000000e+00
