0.000000000000000000e+00 5.177671488163693159e-01 5.749916454392017817e-01 3.931566361421701128e-02 8.144128184563718120e-01 5.993227007175394583e-01 1.956275024853273425e-01 4.796594198377768237e-02 1.847069967864455320e-01 3.710746787073453401e-01 5.564983252141946224e-01 9.158896369586171371e-01 6.764382611736370343e-01 4.666577621261505104e-01 5.196439116733815311e-01 4.652426820688049247e-02 6.032620010440485903e-01 8.529575661043446999e-01 5.895184106971070870e-01 6.297006571242325101e-01 4.887101947334734908e-01 1.097904566430542017e-01 1.968094735170325960e-01 2.130910715931219057e-01 5.923520536922257662e-01 1.274585051435989103e-01 8.835129808626496217e-01 6.148783579991146109e-01 4.796483512741419042e-01 8.884058032602140109e-01 4.614709347817089746e-01 6.189034107464495005e-01 7.254603164672878135e-01 5.113343753703258887e-01 5.677578818357847945e-01
5.177671488163693159e-01 0.000000000000000000e+00 6.347269164160682653e-01 8.646234088106672377e-01 8.942926545534944927e-01 1.995365394257714309e-01 7.663260680762876698e-01 1.747887935225592715e-01 4.050055805127064090e-01 8.010843180324372925e-01 5.733431734647942424e-01 2.512208726152554417e-01 6.285535119952172511e-01 4.325535484782283557e-01 8.386785226533525206e-01 4.304289705833477808e-01 6.864786117431258550e-01 2.363703917892512330e-01 7.542458443009831814e-01 4.950879448117774251e-01 4.464369128463211989e-01 4.650228206824756905e-01 5.487609025663857665e-01 4.028998849958158601e-01 3.626814182868157710e-01 9.203014620006058077e-01 8.087536480732824273e-01 5.010976229064147969e-01 4.792535060419852444e-01 8.732303899153892601e-01 3.556044049882965963e-01 4.718715400974353713e-01 1.928041903225827802e-01 8.854055843186869890e-02 5.625120705275009625e-01
5.749916454392017817e-01 6.347269164160682653e-01 0.000000000000000000e+00 3.279451212779893043e-01 6.638072017385080459e-01 6.450320947111152226e-01 1.086472968552922858e-01 5.255302113698252509e-01 9.695984626547881069e-01 2.966795375364901233e-01 7.021425358661488314e-01 3.045514618528676887e-01 3.597688327413454679e-01 6.926022010321595257e-01 7.294791285512587375e-01 4.187111496676774736e-01 3.659972456984760814e-01 2.871742506938824713e-01 8.067777819710105769e-01 5.584034881514678972e-01 2.355220678690028713e-01 4.569329460626532224e-01 8.641071333493093309e-01 4.716854016033136254e-01 4.303171091833925543e-01 8.939547613880556298e-01 4.431577163212789272e-01 5.817635918657504401e-01 3.708808993061021297e-01 1.800824116165604671e-01 4.475203577738638971e-01 6.703416490169498143e-01 9.140781506912126764e-01 8.297727280102638048e-01 4.291391577178416683e-01
3.931566361421701128e-02 8.646234088106672377e-01 3.279451212779893043e-01 0.000000000000000000e+00 6.303760958760733502e-01 2.906193138399723042e-01 6.851813397099257852e-01 1.562800318306569736e-01 6.299129184211801347e-01 7.965614764641106849e-01 8.579109567906195721e-01 6.043567976661583518e-01 8.922366373666381634e-01 7.046694024860234995e-01 5.607624630285608092e-01 7.394132300620706033e-01 8.131252704893745520e-01 2.850364789722547032e-01 5.665121052041440786e-01 6.739782191188680160e-01 8.433876648518638941e-01 6.863945254303138732e-02 4.550538876220494577e-01 5.054804620600559240e-01 8.546385302965809894e-01 6.340181861192610846e-01 2.614322589180966827e-01 3.200973248364231138e-01 1.521738733344303318e-01 4.241720810012993836e-01 7.218288597749259461e-01 4.011618208528194285e-01 8.750392402796725033e-02 2.338679704747897992e-01 7.530399712666042689e-01
8.144128184563718120e-01 8.942926545534944927e-01 6.638072017385080459e-01 6.303760958760733502e-01 0.000000000000000000e+00 3.311678279977743888e-01 3.543687412230246414e-01 4.663204875713795050e-01 5.301222223071044848e-01 1.959380163658064333e-01 5.199712108067205962e-01 5.855932879020451232e-01 7.320731445349196731e-01 3.064362982450155037e-01 5.899956548255955724e-01 7.391637444756347097e-01 2.559411235507541571e-01 6.199046049250986901e-01 5.177442880927388691e-01 7.307315568793038008e-01 4.110644778304538560e-01 9.712579253209752128e-02 4.037503320945080576e-01 4.208339873928358399e-01 3.543214197413442346e-01 9.347038311232231944e-01 5.071046918020566396e-01 6.729566915188266440e-01 3.192386256719174087e-01 5.361652314965494881e-01 4.052118420799578624e-01 5.479476138671192098e-01 1.229947557078108211e-01 4.741719803428186553e-01 3.170027919852520526e-01
5.993227007175394583e-01 1.995365394257714309e-01 6.450320947111152226e-01 2.906193138399723042e-01 3.311678279977743888e-01 0.000000000000000000e+00 9.914347825978773177e-01 4.487755435337623111e-01 6.482025445036339040e-01 3.662639919769909991e-01 8.308632230583974376e-01 2.862361965067600211e-01 7.332031654151591749e-01 7.038726828350345688e-01 6.797379173736222135e-01 6.406098602013399201e-01 7.618535415017377854e-01 7.104841163540244198e-01 7.098401205509028422e-01 7.717718559543134127e-01 6.436205353616069047e-01 6.272126522942076399e-01 7.633279384308384596e-01 5.167697606754496631e-01 4.981548334811404799e-01 5.337632019210130085e-01 3.764183303268741065e-01 3.873261848352093084e-01 8.787647400598332936e-01 6.481692589507321856e-01 9.136991180280502611e-01 2.540068295732502701e-01 6.071594945074908489e-01 4.431596610523743096e-01 6.887230992918100814e-01
1.956275024853273425e-01 7.663260680762876698e-01 1.086472968552922858e-01 6.851813397099257852e-01 3.543687412230246414e-01 9.914347825978773177e-01 0.000000000000000000e+00 3.700983972472856043e-01 7.259163436612380282e-01 5.558149038879121040e-01 2.651654186566093641e-01 8.535113936340863461e-01 1.340958546406377794e-01 5.208474991288787326e-01 4.411609038708886321e-01 5.048286856350798768e-01 2.124856802047509485e-01 6.267882311168488929e-01 3.310444540289957382e-01 4.755081607004656985e-01 8.806882424281785582e-01 5.845052884964532236e-01 6.796099124365972965e-01 4.252803589378941762e-01 3.733891274999066034e-01 8.275103024867714874e-01 7.921713555262590578e-01 3.934430190525843307e-01 5.546457981271419868e-01 3.423384783872436277e-01 5.827700985433630354e-01 6.282751359977983840e-01 4.490637878695651897e-01 5.139655747813631770e-01 9.052833728201713503e-01
4.796594198377768237e-02 1.747887935225592715e-01 5.255302113698252509e-01 1.562800318306569736e-01 4.663204875713795050e-01 4.487755435337623111e-01 3.700983972472856043e-01 0.000000000000000000e+00 5.379162909613013355e-01 1.667984213269452232e-01 3.234283080254787279e-01 3.093506342069619608e-01 2.360917789518112153e-01 1.379424037248659918e-01 7.403873448123315937e-01 2.152904772987929150e-01 3.759076237390139852e-01 4.679770934982570574e-01 3.060855166621887502e-01 7.179982740758044102e-01 5.916118312804261592e-01 8.406175433780596062e-01 3.449835963787500903e-01 4.620677490572391299e-01 7.299083315465590971e-01 5.266432799316635993e-01 5.544175576423451268e-01 3.712521313487960883e-01 4.389077144896922356e-01 3.706599413714293245e-01 3.329552504285654413e-01 6.764129142001273909e-01 6.544532317916880171e-01 8.415925425333770082e-01 5.891534468763681698e-01
1.847069967864455320e-01 4.050055805127064090e-01 9.695984626547881069e-01 6.299129184211801347e-01 5.301222223071044848e-01 6.482025445036339040e-01 7.259163436612380282e-01 5.379162909613013355e-01 0.000000000000000000e+00 6.178791619396744039e-01 2.821988984259450883e-01 6.257912408672765547e-01 4.456992459494014680e-01 5.499969284122150359e-01 3.913633763008461663e-01 7.854123230125390487e-01 5.364031615252307095e-01 7.019212285765383808e-01 4.309497700192460590e-01 1.294097088950181274e-01 6.476861905535233888e-01 5.737378865195257305e-01 3.868324507868570183e-02 8.245893942982596148e-01 4.888013329976577670e-01 8.197752818476118364e-01 8.896913894486311314e-01 7.187127650785806177e-01 8.791659860130335291e-01 5.991795141842617411e-01 4.561189086088801581e-01 1.977379218152074958e-01 2.818318489151327988e-01 5.359754394116537091e-01 4.129080519940734328e-01
3.710746787073453401e-01 8.010843180324372925e-01 2.966795375364901233e-01 7.965614764641106849e-01 1.959380163658064333e-01 3.662639919769909991e-01 5.558149038879121040e-01 1.667984213269452232e-01 6.178791619396744039e-01 0.000000000000000000e+00 1.389908874122169902e-01 5.844225408980716630e-01 9.674164715121221780e-01 5.576073786319768466e-01 1.662609633317853053e-01 3.634159592761802005e-01 6.364838302021287308e-01 4.018972337138443929e-01 6.645775146088632734e-01 5.160897351671340783e-01 3.589340485080975141e-01 5.275044462610793961e-01 4.982517635735883021e-01 5.852641711779612566e-01 5.379915090697068303e-01 1.724776657511595812e-01 3.430203879071502815e-01 8.364015287374746421e-01 2.917821694351208084e-01 5.460516709670677482e-01 9.485829211983514142e-01 6.958930229067665785e-01 3.742410974980531213e-01 7.871154648432812095e-01 1.457810783222643902e-01
5.564983252141946224e-01 5.733431734647942424e-01 7.021425358661488314e-01 8.579109567906195721e-01 5.199712108067205962e-01 8.308632230583974376e-01 2.651654186566093641e-01 3.234283080254787279e-01 2.821988984259450883e-01 1.389908874122169902e-01 0.000000000000000000e+00 8.475946370134755936e-01 6.354927562955906550e-01 5.384124351781802709e-01 8.646547006156835025e-01 4.960295750162898587e-01 1.682357684982148105e-01 6.297025380415166573e-01 9.242089616931650209e-01 2.610328990926796822e-01 3.659058277515563895e-01 7.740890981749454225e-01 5.508876387880400349e-01 3.819663642865179232e-01 4.635912978441065202e-01 8.739799844942657270e-01 8.089399966102869266e-01 4.652082987212735610e-01 5.340496017006606255e-01 3.464151510924295962e-01 9.071806857195252594e-02 7.591756205902042698e-01 3.872420445154366453e-01 7.873818203464331145e-01 4.064484462635465367e-01
9.158896369586171371e-01 2.512208726152554417e-01 3.045514618528676887e-01 6.043567976661583518e-01 5.855932879020451232e-01 2.862361965067600211e-01 8.535113936340863461e-01 3.093506342069619608e-01 6.257912408672765547e-01 5.844225408980716630e-01 8.475946370134755936e-01 0.000000000000000000e+00 6.368559316260548053e-01 4.250969178129159198e-01 3.529312218054089234e-01 3.389959626350727007e-01 8.478312826059497542e-01 2.113722589803318508e-01 8.314884185837607689e-01 8.209574450646749399e-01 4.649174509560369262e-01 5.252227964095868007e-01 2.195101734167248519e-01 5.588070249599530470e-01 2.976260713803021707e-01 8.323620249991984243e-01 8.780755978372758452e-01 6.342849271490907936e-01 7.239160811766189862e-01 7.174479539987477228e-01 2.426327713615420434e-01 8.590879969469893407e-01 4.477064640481689950e-01 6.488789320974019947e-01 7.975561153844199502e-01
6.764382611736370343e-01 6.285535119952172511e-01 3.597688327413454679e-01 8.922366373666381634e-01 7.320731445349196731e-01 7.332031654151591749e-01 1.340958546406377794e-01 2.360917789518112153e-01 4.456992459494014680e-01 9.674164715121221780e-01 6.354927562955906550e-01 6.368559316260548053e-01 0.000000000000000000e+00 9.267222734499198644e-01 4.414819980115466391e-01 5.543908064980571648e-01 6.288717758812758518e-01 4.548451554021298859e-01 2.241847646659050897e-01 6.938835751986680567e-01 7.261743348418989719e-01 3.516365304907023148e-01 3.675540605134284822e-01 3.414385368292520706e-01 5.775683611508380944e-01 5.255218513385235823e-01 7.077299357643191957e-01 8.373534953735595199e-01 6.237151520487614897e-01 2.773456398708005755e-01 4.429001823102786117e-01 2.317206797540908303e-01 5.924764282668459892e-01 1.503795344761376107e-01 2.995385269408729068e-01
4.666577621261505104e-01 4.325535484782283557e-01 6.926022010321595257e-01 7.046694024860234995e-01 3.064362982450155037e-01 7.038726828350345688e-01 5.208474991288787326e-01 1.379424037248659918e-01 5.499969284122150359e-01 5.576073786319768466e-01 5.384124351781802709e-01 4.250969178129159198e-01 9.267222734499198644e-01 0.000000000000000000e+00 7.671414769926443444e-01 6.978665685784239958e-01 1.422661721615579022e-01 8.239151892081515438e-01 7.528359993497564240e-01 2.631728233548824014e-01 1.797132171689586055e-01 5.035879638193795360e-01 7.700405144552964209e-01 4.156080978581885854e-01 7.369031283379823272e-01 2.649738545197877215e-01 4.498424594029799550e-01 7.388636357864004633e-01 5.089853037529290525e-01 5.126218119214493996e-01 7.269908790120006570e-01 1.226266616677993415e-01 8.312620686602942843e-01 4.383478285206370284e-01 4.424785924594744069e-01
5.196439116733815311e-01 8.386785226533525206e-01 7.294791285512587375e-01 5.607624630285608092e-01 5.899956548255955724e-01 6.797379173736222135e-01 4.411609038708886321e-01 7.403873448123315937e-01 3.913633763008461663e-01 1.662609633317853053e-01 8.646547006156835025e-01 3.529312218054089234e-01 4.414819980115466391e-01 7.671414769926443444e-01 0.000000000000000000e+00 2.241644784313507888e-01 2.009032988966198419e-01 5.079664236996330740e-01 4.014805825894899316e-01 2.127455242547287018e-01 7.517886173040839726e-01 8.300434172781261388e-01 3.537989613683095724e-01 4.352474793815153675e-01 5.303179273851286180e-01 6.995440594339583651e-01 4.057860360503855457e-01 4.936432778251504949e-01 2.897814854183247135e-01 3.056919175469062777e-01 7.250640054265411472e-02 5.900181165491916735e-01 4.630072936415514095e-01 4.484700587313376063e-01 4.715122927393813335e-01
4.652426820688049247e-02 4.304289705833477808e-01 4.187111496676774736e-01 7.394132300620706033e-01 7.391637444756347097e-01 6.406098602013399201e-01 5.048286856350798768e-01 2.152904772987929150e-01 7.854123230125390487e-01 3.634159592761802005e-01 4.960295750162898587e-01 3.389959626350727007e-01 5.543908064980571648e-01 6.978665685784239958e-01 2.241644784313507888e-01 0.000000000000000000e+00 4.882267523940870824e-01 5.810763419856306289e-01 3.830151189972558212e-01 5.313301671316144059e-01 8.739220997278283054e-01 3.547695903247688465e-01 7.482190865286790782e-01 6.519854265534317239e-01 1.117324601626056291e-01 4.283620560912134168e-01 8.764352314383003772e-01 1.457782605822079969e-01 7.497497026741624104e-01 3.198502714310985651e-01 9.661062360084993195e-02 4.572372532900274567e-01 8.323460296308138329e-01 3.086555046784518197e-01 5.585060907303123212e-01
6.032620010440485903e-01 6.864786117431258550e-01 3.659972456984760814e-01 8.131252704893745520e-01 2.559411235507541571e-01 7.618535415017377854e-01 2.124856802047509485e-01 3.759076237390139852e-01 5.364031615252307095e-01 6.364838302021287308e-01 1.682357684982148105e-01 8.478312826059497542e-01 6.288717758812758518e-01 1.422661721615579022e-01 2.009032988966198419e-01 4.882267523940870824e-01 0.000000000000000000e+00 3.779648172944137796e-01 6.248752945896067779e-01 7.335645032001139043e-01 2.320710211541205936e-01 2.390124664687938161e-01 4.564144553200082943e-01 4.897984127251117092e-01 5.876214519433471395e-01 9.721415496187768568e-02 8.553364388555095843e-01 2.851854448262080011e-01 1.586233422593323894e-01 7.622786772574030589e-01 4.009587270482708465e-01 7.713908468068673141e-01 7.549554510091083248e-01 4.341254398251519486e-01 4.041113947230895453e-01
8.529575661043446999e-01 2.363703917892512330e-01 2.871742506938824713e-01 2.850364789722547032e-01 6.199046049250986901e-01 7.104841163540244198e-01 6.267882311168488929e-01 4.679770934982570574e-01 7.019212285765383808e-01 4.018972337138443929e-01 6.297025380415166573e-01 2.113722589803318508e-01 4.548451554021298859e-01 8.239151892081515438e-01 5.079664236996330740e-01 5.810763419856306289e-01 3.779648172944137796e-01 0.000000000000000000e+00 7.672264608200700664e-01 1.910206126361878587e-01 3.990265983485432599e-01 8.700188591880232414e-01 5.287829446888931972e-01 4.374235319397631327e-01 6.589290738425013227e-01 3.980529138629096408e-01 8.588077186855835876e-01 5.612683726663998396e-01 7.044731160105384138e-01 8.549560086844283369e-01 8.324209836710444455e-01 9.042699008970032093e-01 8.484985373853748403e-02 7.137559464946565679e-01 6.328756419540435552e-01
5.895184106971070870e-01 7.542458443009831814e-01 8.067777819710105769e-01 5.665121052041440786e-01 5.177442880927388691e-01 7.098401205509028422e-01 3.310444540289957382e-01 3.060855166621887502e-01 4.309497700192460590e-01 6.645775146088632734e-01 9.242089616931650209e-01 8.314884185837607689e-01 2.241847646659050897e-01 7.528359993497564240e-01 4.014805825894899316e-01 3.830151189972558212e-01 6.248752945896067779e-01 7.672264608200700664e-01 0.000000000000000000e+00 4.365082778565272936e-01 1.999991999057371128e-01 7.688495374274794125e-01 3.865487079328402409e-01 5.458443132467361014e-01 6.887767547170643434e-01 6.936634961351295647e-01 9.845875618264339213e-01 6.330494726474833467e-01 5.593422833532593064e-01 5.978038398846907686e-01 8.128159952197200333e-01 5.416819469981285495e-01 3.174726732824014741e-01 8.622332159003481822e-01 7.566147574873798298e-01
6.297006571242325101e-01 4.950879448117774251e-01 5.584034881514678972e-01 6.739782191188680160e-01 7.307315568793038008e-01 7.717718559543134127e-01 4.755081607004656985e-01 7.179982740758044102e-01 1.294097088950181274e-01 5.160897351671340783e-01 2.610328990926796822e-01 8.209574450646749399e-01 6.938835751986680567e-01 2.631728233548824014e-01 2.127455242547287018e-01 5.313301671316144059e-01 7.335645032001139043e-01 1.910206126361878587e-01 4.365082778565272936e-01 0.000000000000000000e+00 8.300617433457491146e-01 4.797839930387733376e-01 1.219443074924723147e-01 6.849398880597263872e-01 8.279031446552653772e-01 9.175100850344560799e-01 5.132040466937992651e-01 3.397325654509003590e-01 3.868210544089285552e-01 4.930915763946619457e-01 5.495761678068681322e-01 8.717887025754280650e-01 9.152648086769539226e-01 8.179195556090228525e-01 3.258642767771990911e-01
4.887101947334734908e-01 4.464369128463211989e-01 2.355220678690028713e-01 8.433876648518638941e-01 4.110644778304538560e-01 6.436205353616069047e-01 8.806882424281785582e-01 5.916118312804261592e-01 6.476861905535233888e-01 3.589340485080975141e-01 3.659058277515563895e-01 4.649174509560369262e-01 7.261743348418989719e-01 1.797132171689586055e-01 7.517886173040839726e-01 8.739220997278283054e-01 2.320710211541205936e-01 3.990265983485432599e-01 1.999991999057371128e-01 8.300617433457491146e-01 0.000000000000000000e+00 2.415635264329164533e-01 7.213256440543640569e-01 4.554737580002217179e-01 7.909893775020135909e-01 5.390556254376234202e-01 4.032340892220799278e-01 9.188402113303490992e-01 4.141648037268509386e-01 5.820987618725720347e-01 3.400035312509149810e-01 8.203347949098291902e-01 9.290897980016461499e-01 1.259983702342349909e-01 8.877085214451128081e-01
1.097904566430542017e-01 4.650228206824756905e-01 4.569329460626532224e-01 6.863945254303138732e-02 9.712579253209752128e-02 6.272126522942076399e-01 5.845052884964532236e-01 8.406175433780596062e-01 5.737378865195257305e-01 5.275044462610793961e-01 7.740890981749454225e-01 5.252227964095868007e-01 3.516365304907023148e-01 5.035879638193795360e-01 8.300434172781261388e-01 3.547695903247688465e-01 2.390124664687938161e-01 8.700188591880232414e-01 7.688495374274794125e-01 4.797839930387733376e-01 2.415635264329164533e-01 0.000000000000000000e+00 7.502104879020570216e-01 7.138453761544212295e-01 3.461100155089034125e-01 8.744744167186322414e-01 7.286022771469096160e-01 7.847680725315034911e-01 6.390554017100196216e-01 6.802036598812539747e-01 2.807627890472084720e-01 2.547308973922730591e-01 7.032650654135719215e-01 5.252815180869458977e-01 1.014088306639745474e-01
1.968094735170325960e-01 5.487609025663857665e-01 8.641071333493093309e-01 4.550538876220494577e-01 4.037503320945080576e-01 7.633279384308384596e-01 6.796099124365972965e-01 3.449835963787500903e-01 3.868324507868570183e-02 4.982517635735883021e-01 5.508876387880400349e-01 2.195101734167248519e-01 3.675540605134284822e-01 7.700405144552964209e-01 3.537989613683095724e-01 7.482190865286790782e-01 4.564144553200082943e-01 5.287829446888931972e-01 3.865487079328402409e-01 1.219443074924723147e-01 7.213256440543640569e-01 7.502104879020570216e-01 0.000000000000000000e+00 7.664089861861389519e-01 5.782038036805519088e-01 7.482173679639030350e-01 4.760126274528595491e-01 4.837810629374031390e-01 4.279608794488032331e-01 4.464337697791195270e-01 5.738399941251106640e-01 7.318364391568881189e-01 3.280425759114476980e-01 6.426611545203066989e-01 2.706023651558376875e-01
2.130910715931219057e-01 4.028998849958158601e-01 4.716854016033136254e-01 5.054804620600559240e-01 4.208339873928358399e-01 5.167697606754496631e-01 4.252803589378941762e-01 4.620677490572391299e-01 8.245893942982596148e-01 5.852641711779612566e-01 3.819663642865179232e-01 5.588070249599530470e-01 3.414385368292520706e-01 4.156080978581885854e-01 4.352474793815153675e-01 6.519854265534317239e-01 4.897984127251117092e-01 4.374235319397631327e-01 5.458443132467361014e-01 6.849398880597263872e-01 4.554737580002217179e-01 7.138453761544212295e-01 7.664089861861389519e-01 0.000000000000000000e+00 5.459566534794497716e-01 5.053674816678281889e-01 9.147109201195531281e-01 4.652309414295670020e-01 4.832194866885325402e-01 5.118162287223191331e-01 8.998195310196963614e-01 3.452654211948428808e-01 5.130990700205644295e-01 4.589496157866060910e-01 5.238469270968340030e-01
5.923520536922257662e-01 3.626814182868157710e-01 4.303171091833925543e-01 8.546385302965809894e-01 3.543214197413442346e-01 4.981548334811404799e-01 3.733891274999066034e-01 7.299083315465590971e-01 4.888013329976577670e-01 5.379915090697068303e-01 4.635912978441065202e-01 2.976260713803021707e-01 5.775683611508380944e-01 7.369031283379823272e-01 5.303179273851286180e-01 1.117324601626056291e-01 5.876214519433471395e-01 6.589290738425013227e-01 6.887767547170643434e-01 8.279031446552653772e-01 7.909893775020135909e-01 3.461100155089034125e-01 5.782038036805519088e-01 5.459566534794497716e-01 0.000000000000000000e+00 5.810572124541498740e-01 4.232536394152275339e-01 4.834192759714484033e-01 4.272833624809007080e-01 3.095911471121948200e-01 5.951751194793489796e-01 1.932091121299972514e-01 6.643400980461136029e-01 5.069200019615257569e-01 3.000425803115095436e-01
1.274585051435989103e-01 9.203014620006058077e-01 8.939547613880556298e-01 6.340181861192610846e-01 9.347038311232231944e-01 5.337632019210130085e-01 8.275103024867714874e-01 5.266432799316635993e-01 8.197752818476118364e-01 1.724776657511595812e-01 8.739799844942657270e-01 8.323620249991984243e-01 5.255218513385235823e-01 2.649738545197877215e-01 6.995440594339583651e-01 4.283620560912134168e-01 9.721415496187768568e-02 3.980529138629096408e-01 6.936634961351295647e-01 9.175100850344560799e-01 5.390556254376234202e-01 8.744744167186322414e-01 7.482173679639030350e-01 5.053674816678281889e-01 5.810572124541498740e-01 0.000000000000000000e+00 3.527329598266597532e-01 5.082605464867062661e-01 4.760586217459093494e-01 8.023815248084829044e-01 3.561670503449903546e-01 8.249488949286702955e-01 5.114188726389079509e-01 7.160162118347903615e-01 4.448160784611428498e-01
8.835129808626496217e-01 8.087536480732824273e-01 4.431577163212789272e-01 2.614322589180966827e-01 5.071046918020566396e-01 3.764183303268741065e-01 7.921713555262590578e-01 5.544175576423451268e-01 8.896913894486311314e-01 3.430203879071502815e-01 8.089399966102869266e-01 8.780755978372758452e-01 7.077299357643191957e-01 4.498424594029799550e-01 4.057860360503855457e-01 8.764352314383003772e-01 8.553364388555095843e-01 8.588077186855835876e-01 9.845875618264339213e-01 5.132040466937992651e-01 4.032340892220799278e-01 7.286022771469096160e-01 4.760126274528595491e-01 9.147109201195531281e-01 4.232536394152275339e-01 3.527329598266597532e-01 0.000000000000000000e+00 7.422518715164396763e-01 9.179170722240441727e-01 4.590581846208336980e-01 9.435955904679909079e-01 9.548045960578288582e-01 7.704790553495908245e-01 6.257950416670123861e-01 4.598623326941151390e-01
6.148783579991146109e-01 5.010976229064147969e-01 5.817635918657504401e-01 3.200973248364231138e-01 6.729566915188266440e-01 3.873261848352093084e-01 3.934430190525843307e-01 3.712521313487960883e-01 7.187127650785806177e-01 8.364015287374746421e-01 4.652082987212735610e-01 6.342849271490907936e-01 8.373534953735595199e-01 7.388636357864004633e-01 4.936432778251504949e-01 1.457782605822079969e-01 2.851854448262080011e-01 5.612683726663998396e-01 6.330494726474833467e-01 3.397325654509003590e-01 9.188402113303490992e-01 7.847680725315034911e-01 4.837810629374031390e-01 4.652309414295670020e-01 4.834192759714484033e-01 5.082605464867062661e-01 7.422518715164396763e-01 0.000000000000000000e+00 7.178904436940916067e-01 5.853392605400647986e-01 6.926681000307123304e-01 3.758218107466062552e-01 2.792684188820674374e-01 2.032673171753192065e-01 9.004959263029934657e-01
4.796483512741419042e-01 4.792535060419852444e-01 3.708808993061021297e-01 1.521738733344303318e-01 3.192386256719174087e-01 8.787647400598332936e-01 5.546457981271419868e-01 4.389077144896922356e-01 8.791659860130335291e-01 2.917821694351208084e-01 5.340496017006606255e-01 7.239160811766189862e-01 6.237151520487614897e-01 5.089853037529290525e-01 2.897814854183247135e-01 7.497497026741624104e-01 1.586233422593323894e-01 7.044731160105384138e-01 5.593422833532593064e-01 3.868210544089285552e-01 4.141648037268509386e-01 6.390554017100196216e-01 4.279608794488032331e-01 4.832194866885325402e-01 4.272833624809007080e-01 4.760586217459093494e-01 9.179170722240441727e-01 7.178904436940916067e-01 0.000000000000000000e+00 1.540366603865860329e-01 4.165677272483293558e-01 7.673087816365111724e-01 7.561475265890504893e-01 6.065729872489831198e-01 4.436547756279088373e-01
8.884058032602140109e-01 8.732303899153892601e-01 1.800824116165604671e-01 4.241720810012993836e-01 5.361652314965494881e-01 6.481692589507321856e-01 3.423384783872436277e-01 3.706599413714293245e-01 5.991795141842617411e-01 5.460516709670677482e-01 3.464151510924295962e-01 7.174479539987477228e-01 2.773456398708005755e-01 5.126218119214493996e-01 3.056919175469062777e-01 3.198502714310985651e-01 7.622786772574030589e-01 8.549560086844283369e-01 5.978038398846907686e-01 4.930915763946619457e-01 5.820987618725720347e-01 6.802036598812539747e-01 4.464337697791195270e-01 5.118162287223191331e-01 3.095911471121948200e-01 8.023815248084829044e-01 4.590581846208336980e-01 5.853392605400647986e-01 1.540366603865860329e-01 0.000000000000000000e+00 5.063111679711562729e-01 7.784756327020536659e-01 7.218776439504146492e-01 8.419376792608574966e-01 5.401289014966565993e-01
4.614709347817089746e-01 3.556044049882965963e-01 4.475203577738638971e-01 7.218288597749259461e-01 4.052118420799578624e-01 9.136991180280502611e-01 5.827700985433630354e-01 3.329552504285654413e-01 4.561189086088801581e-01 9.485829211983514142e-01 9.071806857195252594e-02 2.426327713615420434e-01 4.429001823102786117e-01 7.269908790120006570e-01 7.250640054265411472e-02 9.661062360084993195e-02 4.009587270482708465e-01 8.324209836710444455e-01 8.128159952197200333e-01 5.495761678068681322e-01 3.400035312509149810e-01 2.807627890472084720e-01 5.738399941251106640e-01 8.998195310196963614e-01 5.951751194793489796e-01 3.561670503449903546e-01 9.435955904679909079e-01 6.926681000307123304e-01 4.165677272483293558e-01 5.063111679711562729e-01 0.000000000000000000e+00 8.997195503445043485e-01 4.213270366446648096e-01 2.737864163162979647e-01 4.882647584109230388e-01
6.189034107464495005e-01 4.718715400974353713e-01 6.703416490169498143e-01 4.011618208528194285e-01 5.479476138671192098e-01 2.540068295732502701e-01 6.282751359977983840e-01 6.764129142001273909e-01 1.977379218152074958e-01 6.958930229067665785e-01 7.591756205902042698e-01 8.590879969469893407e-01 2.317206797540908303e-01 1.226266616677993415e-01 5.900181165491916735e-01 4.572372532900274567e-01 7.713908468068673141e-01 9.042699008970032093e-01 5.416819469981285495e-01 8.717887025754280650e-01 8.203347949098291902e-01 2.547308973922730591e-01 7.318364391568881189e-01 3.452654211948428808e-01 1.932091121299972514e-01 8.249488949286702955e-01 9.548045960578288582e-01 3.758218107466062552e-01 7.673087816365111724e-01 7.784756327020536659e-01 8.997195503445043485e-01 0.000000000000000000e+00 3.787829805163624997e-01 2.550296655011039526e-01 5.246755939947274072e-01
7.254603164672878135e-01 1.928041903225827802e-01 9.140781506912126764e-01 8.750392402796725033e-02 1.229947557078108211e-01 6.071594945074908489e-01 4.490637878695651897e-01 6.544532317916880171e-01 2.818318489151327988e-01 3.742410974980531213e-01 3.872420445154366453e-01 4.477064640481689950e-01 5.924764282668459892e-01 8.312620686602942843e-01 4.630072936415514095e-01 8.323460296308138329e-01 7.549554510091083248e-01 8.484985373853748403e-02 3.174726732824014741e-01 9.152648086769539226e-01 9.290897980016461499e-01 7.032650654135719215e-01 3.280425759114476980e-01 5.130990700205644295e-01 6.643400980461136029e-01 5.114188726389079509e-01 7.704790553495908245e-01 2.792684188820674374e-01 7.561475265890504893e-01 7.218776439504146492e-01 4.213270366446648096e-01 3.787829805163624997e-01 0.000000000000000000e+00 4.295393620306341420e-01 3.282768689855146693e-01
5.113343753703258887e-01 8.854055843186869890e-02 8.297727280102638048e-01 2.338679704747897992e-01 4.741719803428186553e-01 4.431596610523743096e-01 5.139655747813631770e-01 8.415925425333770082e-01 5.359754394116537091e-01 7.871154648432812095e-01 7.873818203464331145e-01 6.488789320974019947e-01 1.503795344761376107e-01 4.383478285206370284e-01 4.484700587313376063e-01 3.086555046784518197e-01 4.341254398251519486e-01 7.137559464946565679e-01 8.622332159003481822e-01 8.179195556090228525e-01 1.259983702342349909e-01 5.252815180869458977e-01 6.426611545203066989e-01 4.589496157866060910e-01 5.069200019615257569e-01 7.160162118347903615e-01 6.257950416670123861e-01 2.032673171753192065e-01 6.065729872489831198e-01 8.419376792608574966e-01 2.737864163162979647e-01 2.550296655011039526e-01 4.295393620306341420e-01 0.000000000000000000e+00 3.949884628944269060e-01
5.677578818357847945e-01 5.625120705275009625e-01 4.291391577178416683e-01 7.530399712666042689e-01 3.170027919852520526e-01 6.887230992918100814e-01 9.052833728201713503e-01 5.891534468763681698e-01 4.129080519940734328e-01 1.457810783222643902e-01 4.064484462635465367e-01 7.975561153844199502e-01 2.995385269408729068e-01 4.424785924594744069e-01 4.715122927393813335e-01 5.585060907303123212e-01 4.041113947230895453e-01 6.328756419540435552e-01 7.566147574873798298e-01 3.258642767771990911e-01 8.877085214451128081e-01 1.014088306639745474e-01 2.706023651558376875e-01 5.238469270968340030e-01 3.000425803115095436e-01 4.448160784611428498e-01 4.598623326941151390e-01 9.004959263029934657e-01 4.436547756279088373e-01 5.401289014966565993e-01 4.882647584109230388e-01 5.246755939947274072e-01 3.282768689855146693e-01 3.949884628944269060e-01 0.000000000000000000e+00
