0.000000000000000000e+00 7.502501933584139193e-01 2.714304695417811830e-01 4.626595237618983947e-01 8.802349496258656814e-01 2.470217814820172553e-01 6.719258426850428512e-01 4.241367101244392090e-02 4.001311628575566770e-01 1.226134709182583604e-01 6.458481961933225657e-01 9.304991774695690054e-01 3.858755517671103030e-01 5.176988314480797104e-01 3.361826386340683315e-01 8.694371066866343201e-01 3.285276333817923611e-01 4.303209093043366407e-01 5.308886761334465909e-01 5.312399413471660115e-01 5.117852986199691312e-01 2.645562240237505636e-01 5.121970113672691394e-01 5.330539580449118464e-01 3.345082909488003020e-01 3.405151405911454043e-01 8.262130837127308336e-01 2.400888609000944030e-01 8.161026080338752431e-01 9.541740030119616467e-01 7.190120138315203580e-01 3.680600560467980897e-01 1.500721240094267106e-01 4.544205192249945457e-01 5.738777280931695035e-01
7.502501933584139193e-01 0.000000000000000000e+00 9.517784459833933397e-01 5.237504970638872104e-01 3.055164064967101356e-01 8.014221095444955534e-01 4.309003875541970174e-01 5.682690413278559394e-01 4.346354981316833399e-01 5.017623918011633322e-01 5.807917325698279676e-01 4.791726125946352277e-01 5.562111218219953912e-01 1.890591193245957369e-01 6.623319863786196748e-01 3.975129071864236252e-01 3.907661621701916110e-01 3.037959260536722272e-01 5.049722147618712631e-01 8.289661614900922793e-01 3.054498705489602228e-01 5.219861498291251678e-01 7.719560737688363483e-02 5.162197107757116044e-02 6.964996326085126643e-01 1.329085755281077530e-01 5.319833149820263341e-01 3.206632683107357717e-01 2.833716096305044507e-01 8.495324006978031139e-01 3.964012033716711181e-01 3.565400240296864864e-01 1.923533065799560293e-01 5.581943871362001763e-01 6.286639789063778183e-01
2.714304695417811830e-01 9.517784459833933397e-01 0.000000000000000000e+00 5.644363475323534995e-01 2.244591362490592212e-01 4.387628890865036824e-01 7.230836830881337551e-01 3.248244648999825124e-01 4.967431891907398978e-01 8.479688311072386409e-01 2.862913401786462142e-01 6.335180051932725043e-01 7.805477942649465817e-01 2.701027514229381032e-01 7.062803157737196358e-01 3.348523101571607707e-01 6.462631746655520537e-01 4.784657505662641697e-01 5.871125950954276806e-01 4.484545012370492745e-01 8.598086764267642845e-01 4.707748579134092282e-01 7.197315788994691488e-01 8.091211665532671571e-02 6.074298075460650148e-01 9.070718682058011018e-01 5.306909413209590642e-01 5.172076457751557665e-01 1.487283366112799321e-01 4.555051976164812277e-01 5.051024474587328950e-01 6.815007539165183204e-01 5.616923945688013786e-01 7.961900368128695948e-01 3.152977861581957586e-01
4.626595237618983947e-01 5.237504970638872104e-01 5.644363475323534995e-01 0.000000000000000000e+00 6.936031376565936490e-01 9.511153429198735409e-01 5.614611066482826374e-01 4.884729171303501816e-01 5.136375342955397105e-01 4.160731319761430402e-01 4.706708149074507186e-01 8.697827896833301153e-01 2.535153003890415757e-01 4.178515549138438478e-01 6.380059509155417974e-01 5.188765469886795767e-01 5.453029246820528808e-01 9.090227779545674291e-01 5.443550232702388803e-01 5.032218944130883997e-01 7.180106671378803096e-01 5.027788772004191387e-01 6.864207965889325136e-01 3.997390295282486905e-01 6.582233994109913944e-01 3.162056734979348249e-01 4.326488678391499643e-01 5.324498153024155300e-01 4.138398595026526183e-01 6.306811576289488297e-01 8.083953339749535560e-01 3.771113646960123633e-01 4.918646804292854391e-01 8.988789071410705489e-01 4.374686782580516908e-01
8.802349496258656814e-01 3.055164064967101356e-01 2.244591362490592212e-01 6.936031376565936490e-01 0.000000000000000000e+00 6.487585877325365846e-01 3.254201760532969834e-01 7.400944952255414933e-01 8.882493338215649015e-01 1.496263538355804279e-01 7.450914884512570557e-01 5.745904897692807323e-01 2.462062054498599939e-01 7.541234086590544727e-01 7.392333929921423019e-01 6.096186898204138949e-01 9.510393999999531278e-01 4.582245795676834210e-01 6.788879148686951526e-01 7.852015409620586306e-01 6.682349889456142833e-01 8.279371008093305839e-01 5.122999878867147139e-01 5.917672236394394547e-01 6.063701779884984600e-01 4.539703784301861722e-01 8.765813422569335156e-01 4.400454075219641936e-01 4.492875930747879387e-01 9.402577417326449805e-01 7.110129779993339394e-01 6.923907777754014781e-01 5.612331692222374269e-01 7.029883915577503917e-01 3.799088918261561698e-02
2.470217814820172553e-01 8.014221095444955534e-01 4.387628890865036824e-01 9.511153429198735409e-01 6.487585877325365846e-01 0.000000000000000000e+00 8.608814573784306923e-01 8.505457246738836741e-01 6.723595868039482504e-01 4.984043032013680263e-01 3.912476660046050880e-01 4.915403493003573931e-01 3.715316733712602515e-01 8.097160281331930998e-01 7.800836263736803389e-01 3.610419869406357174e-01 8.717168790110781940e-01 4.313343078100539962e-02 7.692527057719525940e-01 4.631151050995377938e-01 2.308299507774377313e-01 4.959269281345590752e-01 7.484574259538618879e-01 4.052725588673239399e-02 7.047841863393403683e-01 6.565917877356088894e-01 3.228527136493152261e-01 6.078644120051037714e-01 6.815384058945499479e-01 5.375535677283068692e-01 6.285839828913866167e-01 6.246989550922201762e-01 3.681348928717267377e-01 2.827154660782024154e-01 4.831664672571367447e-01
6.719258426850428512e-01 4.309003875541970174e-01 7.230836830881337551e-01 5.614611066482826374e-01 3.254201760532969834e-01 8.608814573784306923e-01 0.000000000000000000e+00 3.986635099604064481e-01 8.614598080577344774e-01 4.219588897131166250e-01 4.570930987436454540e-01 5.879943485325459518e-01 3.025610010384810478e-01 7.356763047818613011e-01 5.613867801892069576e-01 8.710543760479663167e-01 5.471259052013375257e-01 4.695465918180861120e-01 7.903282418643380325e-01 6.250452238328376708e-01 7.601039214715473724e-01 4.945126784412677279e-01 3.825168492248214314e-01 4.150508385657778465e-01 6.282782708123054727e-01 6.310399119458612871e-01 4.299742614925040618e-01 2.608011045677384176e-01 1.487839213669071015e-01 2.318677947985727794e-01 7.381378573832804157e-01 3.151128456293106339e-02 1.420969550730726283e-01 5.873464027471387849e-01 9.361124974787671249e-01
4.241367101244392090e-02 5.682690413278559394e-01 3.248244648999825124e-01 4.884729171303501816e-01 7.400944952255414933e-01 8.505457246738836741e-01 3.986635099604064481e-01 0.000000000000000000e+00 7.878898236613836037e-01 7.362466528861533188e-01 7.845230488221908161e-01 3.573991594038770647e-01 3.578439298280476910e-01 3.411676548518885466e-01 3.661105387391819788e-01 6.258416810620237580e-01 6.053509698011874107e-01 3.269575914097874736e-01 3.919692039208643175e-01 5.521106982101059435e-01 4.085383690820921232e-01 2.891309418813944321e-01 7.172762679136881481e-01 3.928508779066998136e-01 1.157677308170815822e-01 4.959143390092764503e-01 8.122505368301249362e-01 6.164404690040086177e-01 6.335303732998833759e-01 6.450401354515049590e-01 3.086372446610718967e-01 4.785542265701098752e-01 5.191413026306639367e-01 9.065702732341495151e-01 4.303681218264855390e-01
4.001311628575566770e-01 4.346354981316833399e-01 4.967431891907398978e-01 5.136375342955397105e-01 8.882493338215649015e-01 6.723595868039482504e-01 8.614598080577344774e-01 7.878898236613836037e-01 0.000000000000000000e+00 5.348000731502182692e-01 4.662659323884089657e-01 6.563466413347148753e-01 7.675710203481891369e-01 3.531027401089227857e-01 4.705609154669102567e-01 5.331282417120772887e-01 4.896586679060199732e-01 3.630410420218932455e-01 6.952797513787798422e-01 4.467187876173693284e-01 1.671639928781203377e-01 6.389598180248536874e-01 4.833023685204009823e-01 3.875771896645933134e-01 1.755991899947457746e-01 8.995655993682658558e-01 6.861844739638052193e-01 6.186733730965335853e-01 8.446692180749759693e-01 5.882850010322506762e-01 7.184122392927151379e-01 6.293646418849264679e-01 6.342477244378399437e-01 3.296257808024848357e-01 8.133590329085991222e-01
1.226134709182583604e-01 5.017623918011633322e-01 8.479688311072386409e-01 4.160731319761430402e-01 1.496263538355804279e-01 4.984043032013680263e-01 4.219588897131166250e-01 7.362466528861533188e-01 5.348000731502182692e-01 0.000000000000000000e+00 3.496988368893292343e-01 4.949496562428024049e-01 2.425025467010114566e-01 2.946080411287235190e-01 8.913220487691999594e-01 3.633254125398766021e-01 3.793666026371056432e-01 8.770211699484727896e-01 5.026527040296747684e-01 6.111032041453841046e-01 6.458768336134271815e-01 5.054164522618456168e-01 3.997662407427569620e-01 5.083953538263916716e-01 7.623589148084053413e-02 5.256903321951122976e-01 4.659475359721310661e-01 4.329548945515026004e-01 7.671255201728591766e-01 4.182104621169457914e-02 6.523570233908467797e-01 6.569804581640276142e-01 3.131041119202994105e-01 6.100308618434296948e-01 4.600207395633250096e-01
6.458481961933225657e-01 5.807917325698279676e-01 2.862913401786462142e-01 4.706708149074507186e-01 7.450914884512570557e-01 3.912476660046050880e-01 4.570930987436454540e-01 7.845230488221908161e-01 4.662659323884089657e-01 3.496988368893292343e-01 0.000000000000000000e+00 5.682851117305917077e-01 2.928581284259538786e-01 5.780561634107186375e-01 5.136507838778968660e-01 5.335128878200906533e-01 4.935693134748369015e-01 2.093593465573699852e-01 8.390060860892212258e-01 9.041987779741101905e-01 4.369164661920670323e-01 9.228610911393750893e-01 5.610585648967854056e-01 8.032012865956015268e-01 3.784289043961289734e-01 8.119775228048264903e-01 9.133151188917346675e-01 3.459972212587103524e-01 6.723201054823009226e-01 3.454536103386919299e-01 6.717384860370796407e-01 4.795661015591696219e-01 5.102296452867987053e-01 2.135253539601335016e-01 6.302726728269728573e-01
9.304991774695690054e-01 4.791726125946352277e-01 6.335180051932725043e-01 8.697827896833301153e-01 5.745904897692807323e-01 4.915403493003573931e-01 5.879943485325459518e-01 3.573991594038770647e-01 6.563466413347148753e-01 4.949496562428024049e-01 5.682851117305917077e-01 0.000000000000000000e+00 8.186077235134336938e-01 5.421874175271601537e-01 5.893049182626626248e-01 2.630247093814036541e-01 8.579815521055315086e-01 7.071266554218329503e-01 9.660066805720333161e-01 1.109103479696789130e-01 5.623257160362611362e-01 8.856316875270883182e-01 7.083372336873143826e-01 6.220957161815885428e-01 5.511309348150918996e-01 5.330416474132686488e-01 5.745434265382711736e-01 5.577872919979176558e-01 8.144943045577532903e-01 3.092036033374594428e-01 1.428439522063642553e-01 6.182332735526827605e-01 5.246105966178173929e-01 8.264341706128424114e-01 2.233131228665568013e-01
3.858755517671103030e-01 5.562111218219953912e-01 7.805477942649465817e-01 2.535153003890415757e-01 2.462062054498599939e-01 3.715316733712602515e-01 3.025610010384810478e-01 3.578439298280476910e-01 7.675710203481891369e-01 2.425025467010114566e-01 2.928581284259538786e-01 8.186077235134336938e-01 0.000000000000000000e+00 4.116164781764743985e-01 7.003531009785429751e-01 9.077607935645255477e-01 5.492077872416818440e-01 7.651168872790790054e-01 4.781375172105426508e-01 7.166018028123384287e-01 5.504299950843375422e-01 7.155961329545397209e-01 5.830836584411775991e-01 6.851873757199408166e-01 4.940537559612912522e-01 2.111070550178341110e-01 8.835041430050944999e-01 4.034202940008396188e-01 3.514199021901374120e-01 6.748641440013630755e-01 4.359610079053929388e-01 7.810002666515332148e-01 8.726488456296471741e-01 7.310891219227957372e-01 7.990833515546974519e-01
5.176988314480797104e-01 1.890591193245957369e-01 2.701027514229381032e-01 4.178515549138438478e-01 7.541234086590544727e-01 8.097160281331930998e-01 7.356763047818613011e-01 3.411676548518885466e-01 3.531027401089227857e-01 2.946080411287235190e-01 5.780561634107186375e-01 5.421874175271601537e-01 4.116164781764743985e-01 0.000000000000000000e+00 7.076732825756189005e-01 3.465369449476351504e-01 5.624173017806370911e-01 5.574851683013227754e-01 4.476258732340021029e-01 9.101915133398894575e-01 2.136436279497343493e-01 2.041919246906152008e-01 4.816726247678915218e-01 2.117912535287941878e-01 8.782172107119834426e-01 3.680909368589126429e-01 4.640400877124086776e-01 4.635914960505072568e-01 6.790808330101937296e-01 9.799459952759317360e-01 8.002131135770962356e-02 3.499768762937708333e-01 8.241602309620783551e-01 5.621962828506865684e-02 3.479826304612800847e-01
3.361826386340683315e-01 6.623319863786196748e-01 7.062803157737196358e-01 6.380059509155417974e-01 7.392333929921423019e-01 7.800836263736803389e-01 5.613867801892069576e-01 3.661105387391819788e-01 4.705609154669102567e-01 8.913220487691999594e-01 5.136507838778968660e-01 5.893049182626626248e-01 7.003531009785429751e-01 7.076732825756189005e-01 0.000000000000000000e+00 3.445878955791147891e-01 4.769924262379552915e-01 7.277046942636891114e-01 4.431115186372502901e-01 4.762215933066802354e-01 4.870490407315826720e-01 3.621704246239775271e-01 5.897187600402867824e-01 5.004435894265421014e-01 7.738569656074706371e-01 6.392187743604680339e-01 7.217385814713779268e-01 2.189078179951577940e-01 5.131901032780279426e-01 3.160855067584599776e-01 8.429166843413915533e-01 6.888401168888117487e-01 3.662660196331448681e-01 2.206526450453628607e-01 7.197182667815725798e-01
8.694371066866343201e-01 3.975129071864236252e-01 3.348523101571607707e-01 5.188765469886795767e-01 6.096186898204138949e-01 3.610419869406357174e-01 8.710543760479663167e-01 6.258416810620237580e-01 5.331282417120772887e-01 3.633254125398766021e-01 5.335128878200906533e-01 2.630247093814036541e-01 9.077607935645255477e-01 3.465369449476351504e-01 3.445878955791147891e-01 0.000000000000000000e+00 8.407702800101478635e-01 7.918669578795454189e-01 6.920666575113012531e-01 7.219733182272827232e-01 4.937802880958922502e-01 9.819204114113844195e-02 2.841019368839439174e-01 6.539414094062654392e-01 8.443317133954320042e-01 6.911245720090903877e-01 8.171093020033426413e-01 9.087332760688611177e-01 3.505743781060444708e-01 7.922383608817565870e-01 5.398831078363850455e-01 5.484570327985531790e-01 1.117135645556623924e-01 4.695643603095615015e-01 9.061571199795296350e-01
3.285276333817923611e-01 3.907661621701916110e-01 6.462631746655520537e-01 5.453029246820528808e-01 9.510393999999531278e-01 8.717168790110781940e-01 5.471259052013375257e-01 6.053509698011874107e-01 4.896586679060199732e-01 3.793666026371056432e-01 4.935693134748369015e-01 8.579815521055315086e-01 5.492077872416818440e-01 5.624173017806370911e-01 4.769924262379552915e-01 8.407702800101478635e-01 0.000000000000000000e+00 5.990639035570277660e-01 2.177692766580874295e-01 4.622087874734962520e-01 2.693160437657571293e-01 5.415220317508029346e-01 5.109238649874605631e-01 5.503036602903579322e-01 1.706424772875028140e-01 1.562725348257087976e-01 9.713587859487533560e-01 3.626099311070187792e-01 4.023196044978344377e-01 5.592243253956230564e-01 4.792922050346394847e-01 4.665993898008972129e-01 3.812338460191938005e-01 5.167821913271676282e-01 4.834989409958971862e-01
4.303209093043366407e-01 3.037959260536722272e-01 4.784657505662641697e-01 9.090227779545674291e-01 4.582245795676834210e-01 4.313343078100539962e-02 4.695465918180861120e-01 3.269575914097874736e-01 3.630410420218932455e-01 8.770211699484727896e-01 2.093593465573699852e-01 7.071266554218329503e-01 7.651168872790790054e-01 5.574851683013227754e-01 7.277046942636891114e-01 7.918669578795454189e-01 5.990639035570277660e-01 0.000000000000000000e+00 6.851741507663926534e-01 7.907252582896685533e-01 5.199086601193920743e-01 3.703072669322559074e-01 5.272405427157950131e-01 6.827195450439622615e-01 4.339151057122860866e-01 8.254826936417385408e-01 5.870430520766224403e-01 8.276338651678305514e-01 3.365937071752949095e-01 6.904629847929544262e-01 5.796935230232573844e-01 3.008031303438070125e-01 8.928488669887155726e-01 3.266457635916843460e-01 9.612994426864018838e-01
5.308886761334465909e-01 5.049722147618712631e-01 5.871125950954276806e-01 5.443550232702388803e-01 6.788879148686951526e-01 7.692527057719525940e-01 7.903282418643380325e-01 3.919692039208643175e-01 6.952797513787798422e-01 5.026527040296747684e-01 8.390060860892212258e-01 9.660066805720333161e-01 4.781375172105426508e-01 4.476258732340021029e-01 4.431115186372502901e-01 6.920666575113012531e-01 2.177692766580874295e-01 6.851741507663926534e-01 0.000000000000000000e+00 4.542347694246016698e-01 6.882370872013706675e-01 2.983178621611419223e-01 4.834023857867755236e-01 8.688539033348557927e-01 5.953719398119731165e-01 4.293296318346968010e-01 6.251738730627057761e-01 1.554749365109868720e-01 4.691723174515564088e-01 4.684035013636346778e-01 4.083859196377614964e-02 1.566119617571396505e-01 5.983919971122249049e-01 5.513663336090883771e-01 7.729183593796726814e-01
5.312399413471660115e-01 8.289661614900922793e-01 4.484545012370492745e-01 5.032218944130883997e-01 7.852015409620586306e-01 4.631151050995377938e-01 6.250452238328376708e-01 5.521106982101059435e-01 4.467187876173693284e-01 6.111032041453841046e-01 9.041987779741101905e-01 1.109103479696789130e-01 7.166018028123384287e-01 9.101915133398894575e-01 4.762215933066802354e-01 7.219733182272827232e-01 4.622087874734962520e-01 7.907252582896685533e-01 4.542347694246016698e-01 0.000000000000000000e+00 4.959029256732383484e-01 6.857690578485033939e-01 8.498762050921264688e-01 2.819436339230053656e-01 2.373466279255384004e-01 4.217403695610202896e-01 7.021008369977485009e-01 5.580744132875558039e-01 1.087730993015226799e-01 7.799564494315860408e-01 6.842839417031145732e-01 4.887266575526132417e-01 6.279270172542270601e-01 1.133158967787397109e-01 6.398802084065859930e-01
5.117852986199691312e-01 3.054498705489602228e-01 8.598086764267642845e-01 7.180106671378803096e-01 6.682349889456142833e-01 2.308299507774377313e-01 7.601039214715473724e-01 4.085383690820921232e-01 1.671639928781203377e-01 6.458768336134271815e-01 4.369164661920670323e-01 5.623257160362611362e-01 5.504299950843375422e-01 2.136436279497343493e-01 4.870490407315826720e-01 4.937802880958922502e-01 2.693160437657571293e-01 5.199086601193920743e-01 6.882370872013706675e-01 4.959029256732383484e-01 0.000000000000000000e+00 5.932546740379366357e-01 4.724155055980870932e-01 1.620642703142110008e-01 5.540964771357639318e-01 6.214835385295258696e-01 6.755101954880082804e-01 4.862056128649249187e-01 2.029554825169028742e-01 3.207598797691098014e-01 7.265573898608468362e-01 2.102199129630888397e-01 5.856405969911191445e-01 4.816338562562748615e-01 7.674604128596572705e-01
2.645562240237505636e-01 5.219861498291251678e-01 4.707748579134092282e-01 5.027788772004191387e-01 8.279371008093305839e-01 4.959269281345590752e-01 4.945126784412677279e-01 2.891309418813944321e-01 6.389598180248536874e-01 5.054164522618456168e-01 9.228610911393750893e-01 8.856316875270883182e-01 7.155961329545397209e-01 2.041919246906152008e-01 3.621704246239775271e-01 9.819204114113844195e-02 5.415220317508029346e-01 3.703072669322559074e-01 2.983178621611419223e-01 6.857690578485033939e-01 5.932546740379366357e-01 0.000000000000000000e+00 7.274016573122074059e-01 8.083688920151417268e-01 3.988797959704302731e-01 4.389107340010683922e-01 4.519698643214436484e-01 5.174232954426263298e-01 9.136267529139356913e-01 5.061196878814673283e-01 3.607839007626056360e-01 5.523903580259704738e-01 4.387892141714460070e-01 6.659724784815860277e-01 4.854025552112336550e-01
5.121970113672691394e-01 7.719560737688363483e-02 7.197315788994691488e-01 6.864207965889325136e-01 5.122999878867147139e-01 7.484574259538618879e-01 3.825168492248214314e-01 7.172762679136881481e-01 4.833023685204009823e-01 3.997662407427569620e-01 5.610585648967854056e-01 7.083372336873143826e-01 5.830836584411775991e-01 4.816726247678915218e-01 5.897187600402867824e-01 2.841019368839439174e-01 5.109238649874605631e-01 5.272405427157950131e-01 4.834023857867755236e-01 8.498762050921264688e-01 4.724155055980870932e-01 7.274016573122074059e-01 0.000000000000000000e+00 5.057019764916972360e-01 5.857463836888218145e-01 7.839090190186075446e-01 8.505137244103576633e-01 8.346823727039125451e-01 6.335882571287626552e-01 7.393195054880599137e-01 8.585196222393294274e-01 7.625847601323978431e-01 8.179516064221313831e-01 5.020280022842346090e-01 2.708168902306995474e-01
5.330539580449118464e-01 5.162197107757116044e-02 8.091211665532671571e-02 3.997390295282486905e-01 5.917672236394394547e-01 4.052725588673239399e-02 4.150508385657778465e-01 3.928508779066998136e-01 3.875771896645933134e-01 5.083953538263916716e-01 8.032012865956015268e-01 6.220957161815885428e-01 6.851873757199408166e-01 2.117912535287941878e-01 5.004435894265421014e-01 6.539414094062654392e-01 5.503036602903579322e-01 6.827195450439622615e-01 8.688539033348557927e-01 2.819436339230053656e-01 1.620642703142110008e-01 8.083688920151417268e-01 5.057019764916972360e-01 0.000000000000000000e+00 5.866985921757961187e-01 3.306184698863008364e-01 2.694269654234826561e-01 7.158993844711096788e-01 4.206070608070332506e-01 8.402722817108621012e-01 6.398636573452772813e-01 8.262917985295227252e-01 1.666813386320765700e-01 4.319469575341184919e-01 6.690491098742639142e-01
3.345082909488003020e-01 6.964996326085126643e-01 6.074298075460650148e-01 6.582233994109913944e-01 6.063701779884984600e-01 7.047841863393403683e-01 6.282782708123054727e-01 1.157677308170815822e-01 1.755991899947457746e-01 7.623589148084053413e-02 3.784289043961289734e-01 5.511309348150918996e-01 4.940537559612912522e-01 8.782172107119834426e-01 7.738569656074706371e-01 8.443317133954320042e-01 1.706424772875028140e-01 4.339151057122860866e-01 5.953719398119731165e-01 2.373466279255384004e-01 5.540964771357639318e-01 3.988797959704302731e-01 5.857463836888218145e-01 5.866985921757961187e-01 0.000000000000000000e+00 4.827031263349806922e-01 5.027090024019660319e-01 5.210478995111760270e-01 8.695857348920534857e-01 2.211746991311395738e-01 6.820846875683215238e-01 5.514695309513248933e-01 2.918833947731594991e-01 2.900357693870703191e-02 3.693442333350140938e-01
3.405151405911454043e-01 1.329085755281077530e-01 9.070718682058011018e-01 3.162056734979348249e-01 4.539703784301861722e-01 6.565917877356088894e-01 6.310399119458612871e-01 4.959143390092764503e-01 8.995655993682658558e-01 5.256903321951122976e-01 8.119775228048264903e-01 5.330416474132686488e-01 2.111070550178341110e-01 3.680909368589126429e-01 6.392187743604680339e-01 6.911245720090903877e-01 1.562725348257087976e-01 8.254826936417385408e-01 4.293296318346968010e-01 4.217403695610202896e-01 6.214835385295258696e-01 4.389107340010683922e-01 7.839090190186075446e-01 3.306184698863008364e-01 4.827031263349806922e-01 0.000000000000000000e+00 1.351668432271384557e-01 6.486418469929686736e-01 4.669800659265805898e-01 4.799130309883429257e-01 9.126700880599687427e-01 9.469477280133598018e-01 4.805142528113702793e-01 6.497525740888354662e-01 4.748240466297916074e-01
8.262130837127308336e-01 5.319833149820263341e-01 5.306909413209590642e-01 4.326488678391499643e-01 8.765813422569335156e-01 3.228527136493152261e-01 4.299742614925040618e-01 8.122505368301249362e-01 6.861844739638052193e-01 4.659475359721310661e-01 9.133151188917346675e-01 5.745434265382711736e-01 8.835041430050944999e-01 4.640400877124086776e-01 7.217385814713779268e-01 8.171093020033426413e-01 9.713587859487533560e-01 5.870430520766224403e-01 6.251738730627057761e-01 7.021008369977485009e-01 6.755101954880082804e-01 4.519698643214436484e-01 8.505137244103576633e-01 2.694269654234826561e-01 5.027090024019660319e-01 1.351668432271384557e-01 0.000000000000000000e+00 6.343296120970962626e-01 7.799623963167354734e-01 5.189146078854016686e-01 9.369444688509636077e-01 8.130064617431813634e-01 4.695770553154147153e-01 5.450866551052043762e-01 3.108035306866626102e-01
2.400888609000944030e-01 3.206632683107357717e-01 5.172076457751557665e-01 5.324498153024155300e-01 4.400454075219641936e-01 6.078644120051037714e-01 2.608011045677384176e-01 6.164404690040086177e-01 6.186733730965335853e-01 4.329548945515026004e-01 3.459972212587103524e-01 5.577872919979176558e-01 4.034202940008396188e-01 4.635914960505072568e-01 2.189078179951577940e-01 9.087332760688611177e-01 3.626099311070187792e-01 8.276338651678305514e-01 1.554749365109868720e-01 5.580744132875558039e-01 4.862056128649249187e-01 5.174232954426263298e-01 8.346823727039125451e-01 7.158993844711096788e-01 5.210478995111760270e-01 6.486418469929686736e-01 6.343296120970962626e-01 0.000000000000000000e+00 5.353355520278999524e-01 5.267782890320900080e-01 5.562620931149337977e-01 8.396578948660302633e-01 6.183380458788123590e-01 5.120461525155332039e-01 1.310891523846490214e-01
8.161026080338752431e-01 2.833716096305044507e-01 1.487283366112799321e-01 4.138398595026526183e-01 4.492875930747879387e-01 6.815384058945499479e-01 1.487839213669071015e-01 6.335303732998833759e-01 8.446692180749759693e-01 7.671255201728591766e-01 6.723201054823009226e-01 8.144943045577532903e-01 3.514199021901374120e-01 6.790808330101937296e-01 5.131901032780279426e-01 3.505743781060444708e-01 4.023196044978344377e-01 3.365937071752949095e-01 4.691723174515564088e-01 1.087730993015226799e-01 2.029554825169028742e-01 9.136267529139356913e-01 6.335882571287626552e-01 4.206070608070332506e-01 8.695857348920534857e-01 4.669800659265805898e-01 7.799623963167354734e-01 5.353355520278999524e-01 0.000000000000000000e+00 5.284396793273119508e-01 4.257794469083329703e-01 5.078340299374424216e-01 9.439117726984138645e-01 3.123799839341741547e-01 8.274801917263479023e-01
9.541740030119616467e-01 8.495324006978031139e-01 4.555051976164812277e-01 6.306811576289488297e-01 9.402577417326449805e-01 5.375535677283068692e-01 2.318677947985727794e-01 6.450401354515049590e-01 5.882850010322506762e-01 4.182104621169457914e-02 3.454536103386919299e-01 3.092036033374594428e-01 6.748641440013630755e-01 9.799459952759317360e-01 3.160855067584599776e-01 7.922383608817565870e-01 5.592243253956230564e-01 6.904629847929544262e-01 4.684035013636346778e-01 7.799564494315860408e-01 3.207598797691098014e-01 5.061196878814673283e-01 7.393195054880599137e-01 8.402722817108621012e-01 2.211746991311395738e-01 4.799130309883429257e-01 5.189146078854016686e-01 5.267782890320900080e-01 5.284396793273119508e-01 0.000000000000000000e+00 2.145475643581014058e-01 7.270086221901936874e-01 6.444388303006294283e-01 7.972287379994078549e-01 5.690940489674117808e-01
7.190120138315203580e-01 3.964012033716711181e-01 5.051024474587328950e-01 8.083953339749535560e-01 7.110129779993339394e-01 6.285839828913866167e-01 7.381378573832804157e-01 3.086372446610718967e-01 7.184122392927151379e-01 6.523570233908467797e-01 6.717384860370796407e-01 1.428439522063642553e-01 4.359610079053929388e-01 8.002131135770962356e-02 8.429166843413915533e-01 5.398831078363850455e-01 4.792922050346394847e-01 5.796935230232573844e-01 4.083859196377614964e-02 6.842839417031145732e-01 7.265573898608468362e-01 3.607839007626056360e-01 8.585196222393294274e-01 6.398636573452772813e-01 6.820846875683215238e-01 9.126700880599687427e-01 9.369444688509636077e-01 5.562620931149337977e-01 4.257794469083329703e-01 2.145475643581014058e-01 0.000000000000000000e+00 7.857042070308468684e-01 8.595355072541656094e-01 3.916370590366525795e-01 8.277420848734906578e-02
3.680600560467980897e-01 3.565400240296864864e-01 6.815007539165183204e-01 3.771113646960123633e-01 6.923907777754014781e-01 6.246989550922201762e-01 3.151128456293106339e-02 4.785542265701098752e-01 6.293646418849264679e-01 6.569804581640276142e-01 4.795661015591696219e-01 6.182332735526827605e-01 7.810002666515332148e-01 3.499768762937708333e-01 6.888401168888117487e-01 5.484570327985531790e-01 4.665993898008972129e-01 3.008031303438070125e-01 1.566119617571396505e-01 4.887266575526132417e-01 2.102199129630888397e-01 5.523903580259704738e-01 7.625847601323978431e-01 8.262917985295227252e-01 5.514695309513248933e-01 9.469477280133598018e-01 8.130064617431813634e-01 8.396578948660302633e-01 5.078340299374424216e-01 7.270086221901936874e-01 7.857042070308468684e-01 0.000000000000000000e+00 4.119752370414712650e-01 6.421858774648500079e-01 9.384537979987166434e-01
1.500721240094267106e-01 1.923533065799560293e-01 5.616923945688013786e-01 4.918646804292854391e-01 5.612331692222374269e-01 3.681348928717267377e-01 1.420969550730726283e-01 5.191413026306639367e-01 6.342477244378399437e-01 3.131041119202994105e-01 5.102296452867987053e-01 5.246105966178173929e-01 8.726488456296471741e-01 8.241602309620783551e-01 3.662660196331448681e-01 1.117135645556623924e-01 3.812338460191938005e-01 8.928488669887155726e-01 5.983919971122249049e-01 6.279270172542270601e-01 5.856405969911191445e-01 4.387892141714460070e-01 8.179516064221313831e-01 1.666813386320765700e-01 2.918833947731594991e-01 4.805142528113702793e-01 4.695770553154147153e-01 6.183380458788123590e-01 9.439117726984138645e-01 6.444388303006294283e-01 8.595355072541656094e-01 4.119752370414712650e-01 0.000000000000000000e+00 7.183318926809142413e-01 8.247806645520532332e-01
4.544205192249945457e-01 5.581943871362001763e-01 7.961900368128695948e-01 8.988789071410705489e-01 7.029883915577503917e-01 2.827154660782024154e-01 5.873464027471387849e-01 9.065702732341495151e-01 3.296257808024848357e-01 6.100308618434296948e-01 2.135253539601335016e-01 8.264341706128424114e-01 7.310891219227957372e-01 5.621962828506865684e-02 2.206526450453628607e-01 4.695643603095615015e-01 5.167821913271676282e-01 3.266457635916843460e-01 5.513663336090883771e-01 1.133158967787397109e-01 4.816338562562748615e-01 6.659724784815860277e-01 5.020280022842346090e-01 4.319469575341184919e-01 2.900357693870703191e-02 6.497525740888354662e-01 5.450866551052043762e-01 5.120461525155332039e-01 3.123799839341741547e-01 7.972287379994078549e-01 3.916370590366525795e-01 6.421858774648500079e-01 7.183318926809142413e-01 0.000000000000000000e+00 5.213085178668928066e-01
5.738777280931695035e-01 6.286639789063778183e-01 3.152977861581957586e-01 4.374686782580516908e-01 3.799088918261561698e-02 4.831664672571367447e-01 9.361124974787671249e-01 4.303681218264855390e-01 8.133590329085991222e-01 4.600207395633250096e-01 6.302726728269728573e-01 2.233131228665568013e-01 7.990833515546974519e-01 3.479826304612800847e-01 7.197182667815725798e-01 9.061571199795296350e-01 4.834989409958971862e-01 9.612994426864018838e-01 7.729183593796726814e-01 6.398802084065859930e-01 7.674604128596572705e-01 4.854025552112336550e-01 2.708168902306995474e-01 6.690491098742639142e-01 3.693442333350140938e-01 4.748240466297916074e-01 3.108035306866626102e-01 1.310891523846490214e-01 8.274801917263479023e-01 5.690940489674117808e-01 8.277420848734906578e-02 9.384537979987166434e-01 8.247806645520532332e-01 5.213085178668928066e-01 0.000000000000000000e+00
