0.000000000000000000e+00 3.988400500707539598e-01 4.655669088145798495e-01 4.672692347833267146e-01 3.586867702502601896e-01 8.617943656014976916e-01 7.662401867623228613e-01 5.437063302037055124e-01 9.012019263059924956e-01 2.929134712694203557e-01 9.382036817750331048e-01 4.412023697447763348e-01 3.712064776520458409e-01 2.965055371293826569e-01 1.396834929048422769e-01 6.109387052302435173e-01 7.598272022651642033e-01 8.723577043609185289e-01 1.927430867718605834e-01 6.808824554950990704e-01 8.721895920630857724e-01 3.154385168253377447e-01 5.594044475303567854e-01 3.577132846485179263e-01 3.659238053314851635e-01 3.857056786753778610e-01 7.900986674400836129e-01 6.919653598465720368e-01 3.351684443341194086e-01 9.500051804728854021e-01 8.906587769295288837e-01 2.178575685004735529e-01 2.686436607907941587e-01 6.368619510470808764e-01 5.187706519432080388e-01
3.988400500707539598e-01 0.000000000000000000e+00 3.679042722573454549e-01 5.176881216452675627e-01 5.711120933090034768e-01 5.145391289636611631e-01 8.689949332498549950e-01 4.231614597253884336e-01 2.799251859471785231e-01 3.907398829006299978e-01 4.955817458165775458e-01 3.707904357603921675e-01 5.307511422992098327e-01 4.280107955475410120e-01 6.755414650036672963e-01 7.670871406834408601e-01 8.303735018787359312e-01 2.976176383064571551e-01 7.582416774603808474e-01 7.886849801662666470e-01 3.696883886787323270e-01 8.973116657115971506e-01 1.706932860389325235e-01 5.222887403587861410e-01 4.144593031952641393e-01 3.028499451585002777e-01 2.452392067118038810e-01 2.538275546751920242e-01 7.581903811001922122e-01 5.426240908542225849e-01 5.593894547230340297e-01 6.397834192697502420e-01 7.383274651365956398e-02 4.974670206898051950e-01 3.131276565821752289e-01
4.655669088145798495e-01 3.679042722573454549e-01 0.000000000000000000e+00 8.415987169236657239e-01 5.514486235506763645e-01 4.850703260182241960e-01 4.626943593578241587e-01 6.113550825023721380e-01 5.599197730251286309e-01 4.375249120468253650e-01 2.403802059633299848e-01 8.754817531672007824e-01 1.373703932714671616e-01 4.010829813763326923e-01 5.565659435554926038e-01 4.924482157153921014e-01 2.718610951863795200e-01 5.568480550097398840e-01 8.222558039765590632e-01 7.013046411988471673e-02 6.965811269681387863e-01 5.028929970907611846e-01 8.423986357684368764e-01 7.927598434583865705e-01 8.697132888339635937e-01 2.707446494274525772e-01 2.081555805782910884e-01 7.078841702295279870e-02 4.286452274240193372e-01 3.809406148673887271e-01 5.947972773523164669e-01 2.338803550608667958e-01 7.201405108671056210e-01 2.241617869983656419e-01 7.163374587021564821e-02
4.672692347833267146e-01 5.176881216452675627e-01 8.415987169236657239e-01 0.000000000000000000e+00 4.127656394215614144e-01 5.519174880962340879e-01 9.623129226862365826e-01 7.320794524712477269e-01 9.072481520317694503e-01 9.370123626238275882e-01 3.571064211991850090e-01 2.862813906461399993e-01 8.982206314131767622e-01 7.090245645982279354e-01 8.549493455382465301e-01 4.296896895188290211e-01 3.488075973803748120e-01 3.441102712987652024e-01 5.130510527629137396e-01 7.917858467781577758e-01 7.579436317571308646e-01 5.247496990129112415e-01 8.222334496895545852e-01 5.369893212077530009e-01 1.148901765618784987e-01 2.714259484303827019e-01 2.007150609826801047e-01 3.471391603360993172e-01 8.194131898014659354e-01 4.801507830941358357e-01 3.787675982733038627e-01 3.980667385011929515e-01 3.919414695898531531e-01 6.385884541990676233e-01 5.187896095519011208e-01
3.586867702502601896e-01 5.711120933090034768e-01 5.514486235506763645e-01 4.127656394215614144e-01 0.000000000000000000e+00 8.556356118557704171e-01 3.153877966013836631e-01 8.178179665312469426e-01 5.806756638157873907e-01 8.086577811224803236e-01 9.390015946440967154e-01 3.276986139773329088e-01 7.375779695299812255e-01 8.674476110591740063e-01 5.034200154425241269e-01 9.680241035723557985e-01 8.320532678025855944e-01 7.968382629543100393e-01 9.049077913157852482e-01 7.970752149970756761e-01 4.557270365890845332e-01 8.087848473948369143e-01 7.544399281542392144e-01 5.144040063544417229e-01 4.378943658359233382e-01 5.607450500083615008e-01 7.379008935915620793e-01 4.516056522342167256e-01 9.058698348879037354e-01 8.492141677239430919e-01 2.903708455058717774e-01 5.909340138681373755e-01 4.912129220711002331e-01 2.013116366063177898e-01 7.478635482818793978e-01
8.617943656014976916e-01 5.145391289636611631e-01 4.850703260182241960e-01 5.519174880962340879e-01 8.556356118557704171e-01 0.000000000000000000e+00 4.670382008717480216e-01 2.286549354615324825e-01 6.430187116170140715e-01 8.532512550574706811e-01 6.658301556527030929e-01 4.317796002555647217e-01 8.353571869063911581e-01 6.453699279699673941e-01 5.844486842692273587e-01 8.426880739451766411e-01 4.230479308250102988e-01 5.582236328611510645e-01 4.722469622656752519e-01 2.190076413879652462e-01 8.860382598429271672e-01 3.452673057377093069e-01 4.021535702354780417e-01 5.798157270815611497e-01 6.785135270125915996e-01 5.212806028926968427e-01 4.464699680783369429e-01 4.266931899030458331e-01 8.292822867454150426e-01 7.622985273328268807e-01 8.532289352173627606e-01 1.832306915401689107e-01 9.350914604990594459e-01 4.307262974789543009e-01 6.036361845527066228e-01
7.662401867623228613e-01 8.689949332498549950e-01 4.626943593578241587e-01 9.623129226862365826e-01 3.153877966013836631e-01 4.670382008717480216e-01 0.000000000000000000e+00 8.857918160991695711e-01 9.583893761631830932e-01 8.782111023965597507e-01 4.293415236240358257e-01 5.215343428328100828e-01 9.711575100873253152e-01 3.330740924759392207e-01 5.120081371673518289e-01 8.699846708314720178e-01 4.930721373429559629e-01 5.435058220285359232e-01 8.803331279935719955e-01 5.570174653177835111e-01 7.517839200176341663e-01 3.088327680251223839e-01 8.510899674792410385e-01 8.864860564265817366e-01 3.536325913252387765e-01 1.541610628352392265e-01 6.290147916459820632e-01 6.013835645945714292e-01 4.510929564795018165e-01 4.614675258906195121e-01 4.613875757286016177e-01 3.657312628308483915e-01 1.485524738694509184e-01 7.768988776130159035e-01 5.330834654786138493e-01
5.437063302037055124e-01 4.231614597253884336e-01 6.113550825023721380e-01 7.320794524712477269e-01 8.178179665312469426e-01 2.286549354615324825e-01 8.857918160991695711e-01 0.000000000000000000e+00 3.261393657741445962e-01 4.069115361931341934e-01 7.535266601461085845e-01 2.490865485806692536e-01 4.907172724679450537e-01 9.114154795736912895e-01 2.605537796330185674e-01 6.489235440615479522e-01 7.244430931354992609e-01 4.803647175278648596e-01 6.773227656759497339e-01 7.080043594438926169e-01 8.503081303734683072e-01 4.801766523287669952e-01 4.493528601282035240e-01 2.850302462644140333e-01 4.244758834942392589e-01 2.718029383233978580e-01 4.896456740330484836e-01 8.274432389054808823e-01 7.942889046825740706e-02 5.436992098695967446e-01 1.557149478944838128e-01 4.691886281551733151e-01 2.584494389418642291e-01 5.793369978304477863e-01 3.940655590929429408e-01
9.012019263059924956e-01 2.799251859471785231e-01 5.599197730251286309e-01 9.072481520317694503e-01 5.806756638157873907e-01 6.430187116170140715e-01 9.583893761631830932e-01 3.261393657741445962e-01 0.000000000000000000e+00 8.544118817885315575e-01 9.079750231389427384e-01 4.317241547127915746e-01 3.656111621571107029e-01 2.834467898086173721e-01 4.881630581567498184e-01 2.076233775275025950e-01 3.743084356051309958e-01 8.652760240082043586e-01 7.275699219365525661e-01 9.119530834985569712e-01 5.333286292174748144e-01 7.066476756223118993e-01 4.125409273538293564e-01 5.883636233051572351e-01 8.154245168147434830e-01 4.518115623703295447e-01 4.707422611851336813e-01 5.037484451555793719e-01 5.591379931943216697e-01 7.462725157184335600e-01 6.363531608842585285e-01 4.346568330337493014e-01 7.080081101944675215e-01 4.536263922095171708e-01 8.572513464147197837e-01
2.929134712694203557e-01 3.907398829006299978e-01 4.375249120468253650e-01 9.370123626238275882e-01 8.086577811224803236e-01 8.532512550574706811e-01 8.782111023965597507e-01 4.069115361931341934e-01 8.544118817885315575e-01 0.000000000000000000e+00 6.798213048316718021e-01 5.511472122509716298e-01 3.352162720541848051e-01 5.598709298262783962e-01 5.672182548818118786e-01 5.571534726676516946e-01 1.532491180377187900e-01 3.518334957795221651e-01 3.604207372209433657e-01 5.991120125947091424e-01 6.219046822764622284e-01 5.006257580380599759e-01 4.907770135613788720e-01 6.827650493720061053e-01 6.769876966811025909e-01 6.031704804405400022e-01 5.913674324661667425e-01 8.001803863837124720e-01 3.950637021204745913e-01 8.991695088848984385e-01 1.169959953620475224e-01 6.730782661084453444e-01 4.253171886089814890e-01 3.531239806686212734e-01 3.939465194345732613e-01
9.382036817750331048e-01 4.955817458165775458e-01 2.403802059633299848e-01 3.571064211991850090e-01 9.390015946440967154e-01 6.658301556527030929e-01 4.293415236240358257e-01 7.535266601461085845e-01 9.079750231389427384e-01 6.798213048316718021e-01 0.000000000000000000e+00 8.690433716092420546e-01 2.899294175851039324e-01 4.319427073401478356e-01 7.844445922883822586e-01 4.599245030480945684e-01 9.360150671981535275e-01 7.628696728245266678e-01 9.835095204424639803e-01 9.225282880462526425e-02 6.944943009292111613e-01 6.837666266291999584e-01 8.211122095682295008e-01 3.190009596834162409e-01 8.487163072519828821e-01 1.234957604162194578e-01 8.498957790226480125e-01 9.104288073105180068e-01 6.699122301622256748e-01 7.671077092742440984e-01 9.052922584042224496e-01 7.400621301978993483e-01 8.805925273143864196e-01 9.209690035655082596e-01 4.708081708407902966e-01
4.412023697447763348e-01 3.707904357603921675e-01 8.754817531672007824e-01 2.862813906461399993e-01 3.276986139773329088e-01 4.317796002555647217e-01 5.215343428328100828e-01 2.490865485806692536e-01 4.317241547127915746e-01 5.511472122509716298e-01 8.690433716092420546e-01 0.000000000000000000e+00 5.221856436852911898e-01 8.673231923316260250e-01 6.132699326339783319e-01 7.597138981807942670e-01 2.119259102362247571e-01 7.469700918035732107e-01 4.715428448060200450e-01 5.508489292402150017e-01 5.412124167760294924e-01 6.938982050793629508e-01 3.423786834665047962e-01 4.327346420506842373e-01 5.718082260908127212e-01 4.668965503472289891e-01 5.436917078831877692e-01 4.760456491948258373e-01 9.364663662191099469e-01 5.886984496879410500e-02 8.268826077234154859e-01 8.673935011229372272e-01 7.081653378943500998e-01 3.009946925612878577e-01 8.345916095814222002e-01
3.712064776520458409e-01 5.307511422992098327e-01 1.373703932714671616e-01 8.982206314131767622e-01 7.375779695299812255e-01 8.353571869063911581e-01 9.711575100873253152e-01 4.907172724679450537e-01 3.656111621571107029e-01 3.352162720541848051e-01 2.899294175851039324e-01 5.221856436852911898e-01 0.000000000000000000e+00 7.333547495592163123e-01 3.859760041321776969e-01 4.951401026456300758e-01 4.283855041285210552e-01 8.336624547433759691e-01 7.359968734726562989e-01 8.081020309992927864e-01 7.808898603426954743e-01 8.378923664994359921e-01 6.636781247805272343e-01 5.132241250228621876e-01 9.250707029229917611e-01 3.648516940153271326e-01 4.526840974606119450e-01 5.237832617365061338e-01 6.275676632113891262e-01 6.186843876573135947e-01 8.073612963348859584e-01 7.573734534279678021e-01 4.222114287731892346e-01 7.954491805162975382e-01 8.941381682363902517e-01
2.965055371293826569e-01 4.280107955475410120e-01 4.010829813763326923e-01 7.090245645982279354e-01 8.674476110591740063e-01 6.453699279699673941e-01 3.330740924759392207e-01 9.114154795736912895e-01 2.834467898086173721e-01 5.598709298262783962e-01 4.319427073401478356e-01 8.673231923316260250e-01 7.333547495592163123e-01 0.000000000000000000e+00 4.400873114442578893e-01 6.944800992941443374e-01 2.915551207637707143e-01 4.944066356798616502e-01 1.126996949532589332e-01 8.890348603987170417e-01 5.407001647172755554e-01 8.517716554105102533e-01 7.020496149731793034e-01 1.375883936864576995e-01 5.883777201505993038e-01 2.037232936423847840e-01 3.939361394191853716e-01 4.851468151070661428e-01 5.002314879615620269e-01 8.632144354455877355e-01 3.570110057990116825e-01 5.857972841021923394e-01 4.989291686344385357e-01 8.109349879186872334e-01 3.362929122797265746e-01
1.396834929048422769e-01 6.755414650036672963e-01 5.565659435554926038e-01 8.549493455382465301e-01 5.034200154425241269e-01 5.844486842692273587e-01 5.120081371673518289e-01 2.605537796330185674e-01 4.881630581567498184e-01 5.672182548818118786e-01 7.844445922883822586e-01 6.132699326339783319e-01 3.859760041321776969e-01 4.400873114442578893e-01 0.000000000000000000e+00 6.963937977200362894e-01 6.206098489543372398e-01 4.262295389468499507e-01 3.247017197301762526e-01 1.613820186036621918e-01 8.317258579831725562e-01 3.268796005305011909e-01 3.745685588937354149e-01 3.405792341758429043e-01 4.646483904324709702e-01 2.471023747746899923e-01 9.063930674248449337e-01 5.613870163363186006e-01 6.778758955765060712e-01 4.468577576596919898e-01 5.030498410542264542e-01 4.848878469441180727e-01 1.904395668150323795e-01 4.878233019744846466e-01 9.825015103892720258e-02
6.109387052302435173e-01 7.670871406834408601e-01 4.924482157153921014e-01 4.296896895188290211e-01 9.680241035723557985e-01 8.426880739451766411e-01 8.699846708314720178e-01 6.489235440615479522e-01 2.076233775275025950e-01 5.571534726676516946e-01 4.599245030480945684e-01 7.597138981807942670e-01 4.951401026456300758e-01 6.944800992941443374e-01 6.963937977200362894e-01 0.000000000000000000e+00 5.544151665263692408e-01 7.940923202932133051e-01 5.516760086603287316e-01 1.619763514131381532e-01 5.657488324599739826e-01 4.532695810588160401e-01 7.283328002766213949e-01 3.752355030350925658e-01 3.822538713529350929e-01 9.076392446444809803e-01 2.050319218986519365e-01 2.209970691827178868e-01 5.549480435087245089e-01 6.975253980527340580e-01 3.510155381888043769e-01 6.404596074348365420e-01 5.899982542940065411e-01 7.511114307552576586e-01 6.987716139692087269e-01
7.598272022651642033e-01 8.303735018787359312e-01 2.718610951863795200e-01 3.488075973803748120e-01 8.320532678025855944e-01 4.230479308250102988e-01 4.930721373429559629e-01 7.244430931354992609e-01 3.743084356051309958e-01 1.532491180377187900e-01 9.360150671981535275e-01 2.119259102362247571e-01 4.283855041285210552e-01 2.915551207637707143e-01 6.206098489543372398e-01 5.544151665263692408e-01 0.000000000000000000e+00 6.950824523226251106e-01 6.020046661411135869e-01 5.305511232161008728e-01 7.087331482407019934e-01 5.878358975992565849e-01 1.429206580586346309e-01 7.124129405501924417e-01 3.425292332487418490e-01 5.904497884471748836e-01 4.367771838998947276e-01 7.895991008208838036e-01 4.412120148097901651e-01 5.560478195374654042e-01 6.872436344777433925e-01 7.330165070393835913e-01 6.677292891200936609e-01 9.430924759783300138e-01 5.903878162152702558e-01
8.723577043609185289e-01 2.976176383064571551e-01 5.568480550097398840e-01 3.441102712987652024e-01 7.968382629543100393e-01 5.582236328611510645e-01 5.435058220285359232e-01 4.803647175278648596e-01 8.652760240082043586e-01 3.518334957795221651e-01 7.628696728245266678e-01 7.469700918035732107e-01 8.336624547433759691e-01 4.944066356798616502e-01 4.262295389468499507e-01 7.940923202932133051e-01 6.950824523226251106e-01 0.000000000000000000e+00 6.594442285338556475e-01 4.443065611386389779e-01 6.777806053634183314e-01 5.864246739687335452e-01 5.529794758699606572e-01 8.793273045114329278e-01 4.894702159181198997e-01 3.523899944188877420e-01 2.383412686978069184e-01 6.510566442973955148e-01 7.512298385664238909e-01 2.211280324816515264e-01 1.820151823065938035e-01 6.217557253060326250e-01 7.328040993568322170e-01 4.797626931653373727e-01 2.031025420558956185e-01
1.927430867718605834e-01 7.582416774603808474e-01 8.222558039765590632e-01 5.130510527629137396e-01 9.049077913157852482e-01 4.722469622656752519e-01 8.803331279935719955e-01 6.773227656759497339e-01 7.275699219365525661e-01 3.604207372209433657e-01 9.835095204424639803e-01 4.715428448060200450e-01 7.359968734726562989e-01 1.126996949532589332e-01 3.247017197301762526e-01 5.516760086603287316e-01 6.020046661411135869e-01 6.594442285338556475e-01 0.000000000000000000e+00 3.590514471082182912e-01 4.812979954527388804e-01 8.424943398538285999e-01 3.816020278468191251e-01 4.473173164700454674e-01 4.258411976817937927e-01 1.605405624156455713e-01 5.135770172461596728e-01 5.137597309783191735e-01 7.638544917232794607e-01 4.653828950678906562e-02 5.373892792145307240e-01 5.339190439913580333e-01 4.361168167557590847e-01 2.152562452617499122e-01 3.738867396241303265e-01
6.808824554950990704e-01 7.886849801662666470e-01 7.013046411988471673e-02 7.917858467781577758e-01 7.970752149970756761e-01 2.190076413879652462e-01 5.570174653177835111e-01 7.080043594438926169e-01 9.119530834985569712e-01 5.991120125947091424e-01 9.225282880462526425e-02 5.508489292402150017e-01 8.081020309992927864e-01 8.890348603987170417e-01 1.613820186036621918e-01 1.619763514131381532e-01 5.305511232161008728e-01 4.443065611386389779e-01 3.590514471082182912e-01 0.000000000000000000e+00 4.914272341725722248e-01 6.263051753597302929e-01 3.121453643507414721e-01 4.353083120642300408e-01 2.727895757759792317e-01 7.375019555064132870e-01 9.623357023913572394e-01 3.181572410655253424e-01 8.768701220516664785e-01 6.083509054982609854e-01 6.012167235378367280e-01 5.968236709973134824e-01 8.128754930113728516e-01 6.095823263059310104e-01 2.834751417099173887e-01
8.721895920630857724e-01 3.696883886787323270e-01 6.965811269681387863e-01 7.579436317571308646e-01 4.557270365890845332e-01 8.860382598429271672e-01 7.517839200176341663e-01 8.503081303734683072e-01 5.333286292174748144e-01 6.219046822764622284e-01 6.944943009292111613e-01 5.412124167760294924e-01 7.808898603426954743e-01 5.407001647172755554e-01 8.317258579831725562e-01 5.657488324599739826e-01 7.087331482407019934e-01 6.777806053634183314e-01 4.812979954527388804e-01 4.914272341725722248e-01 0.000000000000000000e+00 9.225606032543687274e-02 8.091416558959574346e-01 8.980668375454166075e-01 8.074133406229331289e-01 7.468267783116185887e-01 7.615892574385803027e-01 2.491213608516844591e-01 5.504787589880679732e-01 4.770437503236901744e-01 5.282501191715647249e-01 9.229319914165504679e-01 7.326441871694775454e-01 9.940934203569939953e-02 5.752735350688404914e-01
3.154385168253377447e-01 8.973116657115971506e-01 5.028929970907611846e-01 5.247496990129112415e-01 8.087848473948369143e-01 3.452673057377093069e-01 3.088327680251223839e-01 4.801766523287669952e-01 7.066476756223118993e-01 5.006257580380599759e-01 6.837666266291999584e-01 6.938982050793629508e-01 8.378923664994359921e-01 8.517716554105102533e-01 3.268796005305011909e-01 4.532695810588160401e-01 5.878358975992565849e-01 5.864246739687335452e-01 8.424943398538285999e-01 6.263051753597302929e-01 9.225606032543687274e-02 0.000000000000000000e+00 5.954965499493511949e-01 2.846649337098868249e-01 1.225649758329532268e-01 3.634428072382208108e-01 5.949644029315168670e-01 4.897127620527769176e-01 7.865759863715637845e-01 7.841654493317333774e-01 4.898505887731671726e-01 5.840856824445901374e-01 4.112506007379159723e-01 7.650551872294153455e-01 8.455381521703038139e-01
5.594044475303567854e-01 1.706932860389325235e-01 8.423986357684368764e-01 8.222334496895545852e-01 7.544399281542392144e-01 4.021535702354780417e-01 8.510899674792410385e-01 4.493528601282035240e-01 4.125409273538293564e-01 4.907770135613788720e-01 8.211122095682295008e-01 3.423786834665047962e-01 6.636781247805272343e-01 7.020496149731793034e-01 3.745685588937354149e-01 7.283328002766213949e-01 1.429206580586346309e-01 5.529794758699606572e-01 3.816020278468191251e-01 3.121453643507414721e-01 8.091416558959574346e-01 5.954965499493511949e-01 0.000000000000000000e+00 7.377773453441504037e-01 7.893870531110049882e-01 6.137884481750965904e-01 5.069360896534772509e-01 7.704870393019970232e-01 5.024734853368808540e-01 6.587018973315350578e-01 9.431282057647822903e-01 5.388750088000260341e-02 6.368738962672275683e-01 8.202788216378378294e-01 8.573925013243777205e-01
3.577132846485179263e-01 5.222887403587861410e-01 7.927598434583865705e-01 5.369893212077530009e-01 5.144040063544417229e-01 5.798157270815611497e-01 8.864860564265817366e-01 2.850302462644140333e-01 5.883636233051572351e-01 6.827650493720061053e-01 3.190009596834162409e-01 4.327346420506842373e-01 5.132241250228621876e-01 1.375883936864576995e-01 3.405792341758429043e-01 3.752355030350925658e-01 7.124129405501924417e-01 8.793273045114329278e-01 4.473173164700454674e-01 4.353083120642300408e-01 8.980668375454166075e-01 2.846649337098868249e-01 7.377773453441504037e-01 0.000000000000000000e+00 5.123031440565907202e-01 5.221689516124754515e-01 7.124859287009428499e-01 3.129636930637049730e-01 7.143281505810652465e-01 5.937949262942334716e-01 6.762614606447050480e-01 8.101283434684805052e-01 5.434146778665502886e-01 7.109295612764565675e-01 2.619119172755257630e-01
3.659238053314851635e-01 4.144593031952641393e-01 8.697132888339635937e-01 1.148901765618784987e-01 4.378943658359233382e-01 6.785135270125915996e-01 3.536325913252387765e-01 4.244758834942392589e-01 8.154245168147434830e-01 6.769876966811025909e-01 8.487163072519828821e-01 5.718082260908127212e-01 9.250707029229917611e-01 5.883777201505993038e-01 4.646483904324709702e-01 3.822538713529350929e-01 3.425292332487418490e-01 4.894702159181198997e-01 4.258411976817937927e-01 2.727895757759792317e-01 8.074133406229331289e-01 1.225649758329532268e-01 7.893870531110049882e-01 5.123031440565907202e-01 0.000000000000000000e+00 5.033590478544383018e-01 7.850506763016571465e-01 8.901669132453600142e-01 6.658458869624311882e-01 9.263832666475474431e-01 4.776063192699326887e-01 6.575690579130928359e-01 5.188999858483706040e-01 7.517316108842349021e-01 5.300909083805693811e-01
3.857056786753778610e-01 3.028499451585002777e-01 2.707446494274525772e-01 2.714259484303827019e-01 5.607450500083615008e-01 5.212806028926968427e-01 1.541610628352392265e-01 2.718029383233978580e-01 4.518115623703295447e-01 6.031704804405400022e-01 1.234957604162194578e-01 4.668965503472289891e-01 3.648516940153271326e-01 2.037232936423847840e-01 2.471023747746899923e-01 9.076392446444809803e-01 5.904497884471748836e-01 3.523899944188877420e-01 1.605405624156455713e-01 7.375019555064132870e-01 7.468267783116185887e-01 3.634428072382208108e-01 6.137884481750965904e-01 5.221689516124754515e-01 5.033590478544383018e-01 0.000000000000000000e+00 8.557784683144494808e-01 8.382107172233648207e-01 6.928898469159925355e-01 6.637460467784520590e-01 8.548158731473136651e-01 3.816431811384932704e-01 6.727815628012172589e-01 5.793722526966157416e-01 3.133538222165257459e-01
7.900986674400836129e-01 2.452392067118038810e-01 2.081555805782910884e-01 2.007150609826801047e-01 7.379008935915620793e-01 4.464699680783369429e-01 6.290147916459820632e-01 4.896456740330484836e-01 4.707422611851336813e-01 5.913674324661667425e-01 8.498957790226480125e-01 5.436917078831877692e-01 4.526840974606119450e-01 3.939361394191853716e-01 9.063930674248449337e-01 2.050319218986519365e-01 4.367771838998947276e-01 2.383412686978069184e-01 5.135770172461596728e-01 9.623357023913572394e-01 7.615892574385803027e-01 5.949644029315168670e-01 5.069360896534772509e-01 7.124859287009428499e-01 7.850506763016571465e-01 8.557784683144494808e-01 0.000000000000000000e+00 6.270247342792760747e-01 7.128819598968885174e-01 5.387646353961641488e-01 4.152744743793217452e-01 6.888448266701479028e-01 5.747671174207981126e-01 4.833750042771969291e-01 2.345988150712178255e-01
6.919653598465720368e-01 2.538275546751920242e-01 7.078841702295279870e-02 3.471391603360993172e-01 4.516056522342167256e-01 4.266931899030458331e-01 6.013835645945714292e-01 8.274432389054808823e-01 5.037484451555793719e-01 8.001803863837124720e-01 9.104288073105180068e-01 4.760456491948258373e-01 5.237832617365061338e-01 4.851468151070661428e-01 5.613870163363186006e-01 2.209970691827178868e-01 7.895991008208838036e-01 6.510566442973955148e-01 5.137597309783191735e-01 3.181572410655253424e-01 2.491213608516844591e-01 4.897127620527769176e-01 7.704870393019970232e-01 3.129636930637049730e-01 8.901669132453600142e-01 8.382107172233648207e-01 6.270247342792760747e-01 0.000000000000000000e+00 3.476341104030645779e-01 6.158895161903599202e-01 3.232793482026394827e-01 1.344258997311028603e-01 7.480668960457016459e-01 8.200652934352978818e-01 4.685777344676084755e-01
3.351684443341194086e-01 7.581903811001922122e-01 4.286452274240193372e-01 8.194131898014659354e-01 9.058698348879037354e-01 8.292822867454150426e-01 4.510929564795018165e-01 7.942889046825740706e-02 5.591379931943216697e-01 3.950637021204745913e-01 6.699122301622256748e-01 9.364663662191099469e-01 6.275676632113891262e-01 5.002314879615620269e-01 6.778758955765060712e-01 5.549480435087245089e-01 4.412120148097901651e-01 7.512298385664238909e-01 7.638544917232794607e-01 8.768701220516664785e-01 5.504787589880679732e-01 7.865759863715637845e-01 5.024734853368808540e-01 7.143281505810652465e-01 6.658458869624311882e-01 6.928898469159925355e-01 7.128819598968885174e-01 3.476341104030645779e-01 0.000000000000000000e+00 2.614412112314198344e-01 4.077644248539822325e-01 4.780616222436083751e-01 6.899568584636710522e-01 7.241682609114874491e-01 5.643525932315438531e-01
9.500051804728854021e-01 5.426240908542225849e-01 3.809406148673887271e-01 4.801507830941358357e-01 8.492141677239430919e-01 7.622985273328268807e-01 4.614675258906195121e-01 5.436992098695967446e-01 7.462725157184335600e-01 8.991695088848984385e-01 7.671077092742440984e-01 5.886984496879410500e-02 6.186843876573135947e-01 8.632144354455877355e-01 4.468577576596919898e-01 6.975253980527340580e-01 5.560478195374654042e-01 2.211280324816515264e-01 4.653828950678906562e-02 6.083509054982609854e-01 4.770437503236901744e-01 7.841654493317333774e-01 6.587018973315350578e-01 5.937949262942334716e-01 9.263832666475474431e-01 6.637460467784520590e-01 5.387646353961641488e-01 6.158895161903599202e-01 2.614412112314198344e-01 0.000000000000000000e+00 2.108121796069483134e-01 5.330774676171996518e-01 6.079682010916825918e-01 4.643853352043682547e-01 2.563957162376772070e-01
8.906587769295288837e-01 5.593894547230340297e-01 5.947972773523164669e-01 3.787675982733038627e-01 2.903708455058717774e-01 8.532289352173627606e-01 4.613875757286016177e-01 1.557149478944838128e-01 6.363531608842585285e-01 1.169959953620475224e-01 9.052922584042224496e-01 8.268826077234154859e-01 8.073612963348859584e-01 3.570110057990116825e-01 5.030498410542264542e-01 3.510155381888043769e-01 6.872436344777433925e-01 1.820151823065938035e-01 5.373892792145307240e-01 6.012167235378367280e-01 5.282501191715647249e-01 4.898505887731671726e-01 9.431282057647822903e-01 6.762614606447050480e-01 4.776063192699326887e-01 8.548158731473136651e-01 4.152744743793217452e-01 3.232793482026394827e-01 4.077644248539822325e-01 2.108121796069483134e-01 0.000000000000000000e+00 7.499977401865906002e-01 3.818102035269165806e-01 5.936591232296537513e-01 8.083864967959089043e-01
2.178575685004735529e-01 6.397834192697502420e-01 2.338803550608667958e-01 3.980667385011929515e-01 5.909340138681373755e-01 1.832306915401689107e-01 3.657312628308483915e-01 4.691886281551733151e-01 4.346568330337493014e-01 6.730782661084453444e-01 7.400621301978993483e-01 8.673935011229372272e-01 7.573734534279678021e-01 5.857972841021923394e-01 4.848878469441180727e-01 6.404596074348365420e-01 7.330165070393835913e-01 6.217557253060326250e-01 5.339190439913580333e-01 5.968236709973134824e-01 9.229319914165504679e-01 5.840856824445901374e-01 5.388750088000260341e-02 8.101283434684805052e-01 6.575690579130928359e-01 3.816431811384932704e-01 6.888448266701479028e-01 1.344258997311028603e-01 4.780616222436083751e-01 5.330774676171996518e-01 7.499977401865906002e-01 0.000000000000000000e+00 2.605017284427867397e-01 7.225517190674212165e-01 3.727619437189597096e-01
2.686436607907941587e-01 7.383274651365956398e-02 7.201405108671056210e-01 3.919414695898531531e-01 4.912129220711002331e-01 9.350914604990594459e-01 1.485524738694509184e-01 2.584494389418642291e-01 7.080081101944675215e-01 4.253171886089814890e-01 8.805925273143864196e-01 7.081653378943500998e-01 4.222114287731892346e-01 4.989291686344385357e-01 1.904395668150323795e-01 5.899982542940065411e-01 6.677292891200936609e-01 7.328040993568322170e-01 4.361168167557590847e-01 8.128754930113728516e-01 7.326441871694775454e-01 4.112506007379159723e-01 6.368738962672275683e-01 5.434146778665502886e-01 5.188999858483706040e-01 6.727815628012172589e-01 5.747671174207981126e-01 7.480668960457016459e-01 6.899568584636710522e-01 6.079682010916825918e-01 3.818102035269165806e-01 2.605017284427867397e-01 0.000000000000000000e+00 9.058323348501311489e-01 5.100995626052930998e-01
6.368619510470808764e-01 4.974670206898051950e-01 2.241617869983656419e-01 6.385884541990676233e-01 2.013116366063177898e-01 4.307262974789543009e-01 7.768988776130159035e-01 5.793369978304477863e-01 4.536263922095171708e-01 3.531239806686212734e-01 9.209690035655082596e-01 3.009946925612878577e-01 7.954491805162975382e-01 8.109349879186872334e-01 4.878233019744846466e-01 7.511114307552576586e-01 9.430924759783300138e-01 4.797626931653373727e-01 2.152562452617499122e-01 6.095823263059310104e-01 9.940934203569939953e-02 7.650551872294153455e-01 8.202788216378378294e-01 7.109295612764565675e-01 7.517316108842349021e-01 5.793722526966157416e-01 4.833750042771969291e-01 8.200652934352978818e-01 7.241682609114874491e-01 4.643853352043682547e-01 5.936591232296537513e-01 7.225517190674212165e-01 9.058323348501311489e-01 0.000000000000000000e+00 7.012075725110733515e-01
5.187706519432080388e-01 3.131276565821752289e-01 7.163374587021564821e-02 5.187896095519011208e-01 7.478635482818793978e-01 6.036361845527066228e-01 5.330834654786138493e-01 3.940655590929429408e-01 8.572513464147197837e-01 3.939465194345732613e-01 4.708081708407902966e-01 8.345916095814222002e-01 8.941381682363902517e-01 3.362929122797265746e-01 9.825015103892720258e-02 6.987716139692087269e-01 5.903878162152702558e-01 2.031025420558956185e-01 3.738867396241303265e-01 2.834751417099173887e-01 5.752735350688404914e-01 8.455381521703038139e-01 8.573925013243777205e-01 2.619119172755257630e-01 5.300909083805693811e-01 3.133538222165257459e-01 2.345988150712178255e-01 4.685777344676084755e-01 5.643525932315438531e-01 2.563957162376772070e-01 8.083864967959089043e-01 3.727619437189597096e-01 5.100995626052930998e-01 7.012075725110733515e-01 0.000000000000000000e+00
