0.000000000000000000e+00 3.738544067618131406e-01 4.058108238580984128e-01 5.615431484855992750e-02 8.030992869411093249e-01 2.300149164733988061e-01 2.512870069465333867e-01 7.107619656520094420e-01 9.048113689160963702e-02 4.923390421600812306e-01 4.894437296989175290e-01 4.354793153882678958e-01 4.389809398125261719e-01 5.279008815501387009e-01 4.712969969601249476e-01 8.684433053804014868e-01 7.611925495099083339e-01 4.095079553989255938e-01 6.415916207879768240e-01 5.874842308759694598e-01 5.981742766923026089e-01 6.782060023669733706e-01 3.729002390853162208e-01 8.634472247245639220e-01 2.592691439180403457e-01 8.012531413213681564e-01 6.915565718425589203e-01 8.430058588311342138e-01 2.358753410187757193e-01 1.660174503842158922e-01 3.289162586542749844e-01 6.646976000367263993e-01 4.708290849422359647e-01 7.075541699975785859e-01 6.834935090374296696e-01
3.738544067618131406e-01 0.000000000000000000e+00 6.202299667025642504e-01 5.544117852417007608e-01 4.648292589177133172e-01 5.153372516122967095e-01 9.631051517908075787e-01 5.180018058866560082e-01 4.751055544701227040e-01 6.025869624232375044e-01 5.725317509976428632e-01 4.737753335831211832e-01 4.149498315858131114e-01 7.253202682254316080e-01 5.483308289566015681e-01 4.469686993552110521e-01 7.547839000181274516e-01 7.897328892084392038e-01 1.499293417201010836e-01 9.738170924874743895e-01 3.678170871891540683e-01 7.806280351506600379e-01 4.527334185686318624e-01 4.470005256834184704e-01 7.966287574091834855e-01 1.555082856471554642e-01 5.056724088832148523e-01 4.313918159421831211e-01 5.369229034776775711e-01 4.098608181040738208e-01 4.419273809875374770e-01 5.463454265179349401e-01 8.812237028093037328e-01 6.218608732063248823e-01 2.402971778913157719e-01
4.058108238580984128e-01 6.202299667025642504e-01 0.000000000000000000e+00 4.495284341963315944e-01 3.428752914581822409e-01 3.836330953013038503e-01 2.538103905401811744e-02 6.690173744763749930e-01 6.740227723533092075e-01 3.719014892839412889e-01 4.273900169888860678e-01 7.729813077124896292e-01 3.042510953023543907e-01 6.612132886637684948e-01 7.162592257609909918e-01 5.251758382909812450e-01 6.238801750279441283e-01 5.907246659433664782e-01 2.943131157555838873e-01 7.285826391114920142e-01 6.208048701915533929e-01 2.892410475974483419e-01 3.571601233238566042e-01 5.036591003849073545e-01 6.382456662668699598e-01 1.870292534395247008e-01 8.584415747549016817e-01 5.873157530065460374e-01 8.147436324378012351e-01 6.399611046722238905e-01 2.699022365741041707e-01 2.423230057324950448e-01 7.853444254667205637e-01 7.297960568837773554e-01 2.210167820634861835e-01
5.615431484855992750e-02 5.544117852417007608e-01 4.495284341963315944e-01 0.000000000000000000e+00 7.461978592972353663e-01 6.106892443972280482e-01 5.995086301025939202e-01 5.567596461285844178e-01 5.463511701121481767e-01 8.855638123401035067e-01 8.378074996819276921e-01 5.790496492597762002e-01 3.744348078310077987e-01 7.956392541077850211e-01 4.527677769598536517e-01 8.207979985409536994e-01 8.409071342078034972e-01 6.373995827680696280e-01 5.863735197495389961e-01 4.490449468804108002e-01 5.786953971467048152e-01 4.234676149775370435e-01 6.768552032153178910e-01 6.133187442150237478e-01 9.000871088961794886e-01 7.839138994731046362e-01 1.054403992410981594e-01 6.808003763396832664e-01 4.007365878637142442e-01 7.656534297021007074e-01 6.973380632865284756e-01 6.906949002210911459e-01 6.400653508884356357e-01 9.187365612041679119e-01 9.458758565195054535e-01
8.030992869411093249e-01 4.648292589177133172e-01 3.428752914581822409e-01 7.461978592972353663e-01 0.000000000000000000e+00 4.821001458259389638e-01 3.880678489734231684e-01 4.911270720313650751e-01 4.253327544332634047e-01 6.674278738676642231e-01 5.882864616312373229e-01 5.066487026880052147e-01 6.703609412589152106e-01 6.519445811947979230e-01 9.225698677007989623e-01 5.531106623541807155e-01 6.463087651325796212e-01 5.711566313376216231e-01 3.200508907793813140e-01 8.484176190997549938e-02 6.766969307058939842e-01 5.472775203317373771e-01 6.082794060721745666e-01 7.711249082595121873e-01 9.135473941949543430e-01 9.628916367993698433e-01 6.240439380971734007e-01 4.902152067554310655e-01 8.144849922391983466e-01 3.053011946149341016e-01 3.892138296719706014e-01 6.063437193355131205e-01 4.416848706586663509e-01 4.725250982978564940e-01 8.894302506386184692e-01
2.300149164733988061e-01 5.153372516122967095e-01 3.836330953013038503e-01 6.106892443972280482e-01 4.821001458259389638e-01 0.000000000000000000e+00 4.368545712202558384e-01 9.816159147063888701e-01 8.330655849021386672e-01 1.910385365984095252e-01 7.531583545127837898e-01 5.310977694872869304e-01 8.383133285388728595e-01 4.164894008134301107e-01 7.476581449517106792e-01 8.167786765294833273e-01 3.963267654508812465e-01 4.046519573026836625e-01 4.766813940740536881e-01 5.035369736700199272e-01 7.950285548088340537e-01 5.387602300927896160e-01 2.657957930909269351e-01 6.749687258907277609e-01 7.522874832056984928e-01 7.587373703083448717e-01 7.930149407702502540e-01 8.552145147210874487e-01 4.823375638378566976e-01 5.940654280778234764e-01 5.755358496564704218e-01 5.223277527403105136e-01 5.730453504803454390e-01 9.212265924926190674e-01 7.179335361782466229e-01
2.512870069465333867e-01 9.631051517908075787e-01 2.538103905401811744e-02 5.995086301025939202e-01 3.880678489734231684e-01 4.368545712202558384e-01 0.000000000000000000e+00 7.603627352595571098e-01 8.640940078944876479e-01 9.686698777809863437e-01 8.097627509972205040e-01 6.413629432392574659e-01 4.591291668529371983e-01 5.930412426418973926e-01 5.100005759189617516e-01 7.871292922135756376e-01 6.136350276355460043e-01 7.024637281330448069e-01 4.425376377844134068e-01 6.846056124069024307e-01 3.753080682107362009e-01 1.369622541679332839e-01 5.786457749649989157e-01 4.011370388922760322e-01 4.129112964334126223e-01 4.925080334918784941e-01 6.141147354022296057e-01 3.464691376581638949e-01 5.830538102055147220e-01 1.912234860719354002e-01 8.455420513385998316e-01 8.700231201913318779e-01 7.785802155223007226e-01 5.519767462177164186e-01 6.689287539284056727e-01
7.107619656520094420e-01 5.180018058866560082e-01 6.690173744763749930e-01 5.567596461285844178e-01 4.911270720313650751e-01 9.816159147063888701e-01 7.603627352595571098e-01 0.000000000000000000e+00 3.793234854865629169e-01 6.012196216226577405e-01 4.821601548301819307e-01 5.814161830125049724e-01 2.530472147505633540e-01 3.869332170181933872e-01 5.655083490625412157e-01 5.432622571697974800e-01 4.434881834083983509e-01 8.600206367605823798e-01 7.875238719388968356e-01 3.260424496440880171e-01 5.698817759912634395e-01 8.682395697049226646e-01 8.730023796794230684e-01 6.438920757591271027e-01 5.326586251513034664e-01 2.461489762138688309e-01 4.140773316766416245e-01 6.742969101978737445e-01 1.133633067920987170e-01 3.001435380206842751e-01 2.427789096028476479e-01 4.919178106624017555e-01 5.805057178285291108e-01 8.355719429897314754e-01 6.124560959909752800e-01
9.048113689160963702e-02 4.751055544701227040e-01 6.740227723533092075e-01 5.463511701121481767e-01 4.253327544332634047e-01 8.330655849021386672e-01 8.640940078944876479e-01 3.793234854865629169e-01 0.000000000000000000e+00 7.831884671038693568e-01 3.533929312440005077e-01 9.244495081494692457e-01 5.252522077668707601e-01 8.150962633015725878e-01 4.434131957368600552e-01 9.590022684517816032e-01 5.129410784317929295e-01 3.885292105875551849e-01 8.285444915592522497e-01 8.382541963947862662e-01 5.215275619346808611e-01 5.924328348025341695e-01 5.444640354395857695e-02 3.708193704988059780e-01 2.921273537680064702e-01 7.786708580176513461e-01 4.534893972562846765e-01 3.440413621909947928e-01 5.898243053748182252e-01 9.238678086983571625e-01 5.926626832578634207e-01 1.560433017817182133e-01 4.616473760976800844e-01 4.516960645299363808e-01 8.027166478585221476e-01
4.923390421600812306e-01 6.025869624232375044e-01 3.719014892839412889e-01 8.855638123401035067e-01 6.674278738676642231e-01 1.910385365984095252e-01 9.686698777809863437e-01 6.012196216226577405e-01 7.831884671038693568e-01 0.000000000000000000e+00 6.381114022659195584e-01 1.680933422820328205e-01 3.090929579055995968e-01 1.386886560271402002e-01 7.723673207050741896e-01 5.624050936711852966e-01 9.086392128354909836e-01 5.227637179123016953e-01 7.152298480109775536e-02 2.177460763785612485e-01 8.477978568820491168e-01 3.246671170821548991e-01 3.873172777974121517e-01 6.422101265736188669e-01 8.701262055863789868e-01 4.779003572119057131e-01 9.537964503100209157e-01 3.218147594772038378e-01 2.293152902590087638e-01 5.669306988034394923e-01 4.769549501948061043e-01 3.496429999905117381e-01 5.827581735074877090e-01 4.021621964784554693e-01 8.416708214927031140e-01
4.894437296989175290e-01 5.725317509976428632e-01 4.273900169888860678e-01 8.378074996819276921e-01 5.882864616312373229e-01 7.531583545127837898e-01 8.097627509972205040e-01 4.821601548301819307e-01 3.533929312440005077e-01 6.381114022659195584e-01 0.000000000000000000e+00 4.946384383872021728e-01 5.120883696888007819e-01 5.200175158266284736e-02 4.723624305019193392e-01 4.391210135591261388e-01 5.730938406515035943e-01 6.563083622872059042e-01 7.426155316306897181e-01 3.984374601668521643e-01 7.349874686261890222e-01 4.680341838046402914e-01 5.220147398293129015e-02 4.087298335622839840e-01 8.123818494161765269e-01 4.345091070742009842e-01 1.871118322673732681e-01 6.755913159681503632e-01 6.771823493308618547e-01 5.501175979309359532e-01 4.660318405011530385e-01 8.051702390158108624e-01 7.897680919909702002e-01 5.823478829732269269e-01 4.812966493805750368e-01
4.354793153882678958e-01 4.737753335831211832e-01 7.729813077124896292e-01 5.790496492597762002e-01 5.066487026880052147e-01 5.310977694872869304e-01 6.413629432392574659e-01 5.814161830125049724e-01 9.244495081494692457e-01 1.680933422820328205e-01 4.946384383872021728e-01 0.000000000000000000e+00 5.057782141379683072e-01 4.434568029276112489e-01 2.104638821262710124e-01 7.807858329067740577e-01 4.913924368121452835e-01 8.307472589316819978e-01 2.591829518316042247e-01 3.206385508060523026e-01 5.301155999495332782e-02 3.119111361096249535e-01 7.124895889130481441e-01 5.122612672249792221e-01 8.473866738341222504e-01 2.937604710768307870e-01 5.635025588510944594e-01 7.164878092895548001e-01 1.933923907614538140e-01 5.101155412824758262e-01 4.067064368575475375e-01 5.322964922829516166e-01 6.433149892079582655e-01 4.492728492149127839e-01 2.115245293759170364e-01
4.389809398125261719e-01 4.149498315858131114e-01 3.042510953023543907e-01 3.744348078310077987e-01 6.703609412589152106e-01 8.383133285388728595e-01 4.591291668529371983e-01 2.530472147505633540e-01 5.252522077668707601e-01 3.090929579055995968e-01 5.120883696888007819e-01 5.057782141379683072e-01 0.000000000000000000e+00 8.618354725995491794e-01 5.077537694030551663e-01 5.017513621582986305e-01 7.601790281171072472e-01 4.535949353679182838e-01 4.174879808834774386e-01 9.270363779934007731e-01 2.904806589734495459e-01 9.059486695569647363e-01 5.167334882225003145e-01 5.856955991103585113e-02 2.195964199692704844e-01 5.867105921200330698e-01 6.745178582231035058e-01 7.217322509010395404e-01 3.959050584463085776e-01 3.508904561463734861e-01 8.623915507935455693e-01 6.114489040025339328e-01 7.184267967801041266e-01 6.786525762694071151e-01 7.035865665911016364e-01
5.279008815501387009e-01 7.253202682254316080e-01 6.612132886637684948e-01 7.956392541077850211e-01 6.519445811947979230e-01 4.164894008134301107e-01 5.930412426418973926e-01 3.869332170181933872e-01 8.150962633015725878e-01 1.386886560271402002e-01 5.200175158266284736e-02 4.434568029276112489e-01 8.618354725995491794e-01 0.000000000000000000e+00 3.827102055182818874e-01 4.908160697675601480e-01 4.926808236846638711e-01 6.295035699409198271e-01 4.789807211724260161e-01 4.965970308981235704e-01 9.844189443720747779e-01 6.594556910806088634e-01 7.454182115715688450e-01 5.173303379995698448e-01 6.840519694186084632e-01 1.300774479074530143e-01 3.083266155392610508e-01 2.490157445132789027e-01 6.387152591372572408e-01 6.911926961505112654e-01 5.981315360219908728e-01 2.328648056363484820e-01 8.413401510524444182e-01 5.466184777534311978e-01 2.220239086551977215e-01
4.712969969601249476e-01 5.483308289566015681e-01 7.162592257609909918e-01 4.527677769598536517e-01 9.225698677007989623e-01 7.476581449517106792e-01 5.100005759189617516e-01 5.655083490625412157e-01 4.434131957368600552e-01 7.723673207050741896e-01 4.723624305019193392e-01 2.104638821262710124e-01 5.077537694030551663e-01 3.827102055182818874e-01 0.000000000000000000e+00 2.133555268898861268e-01 6.607063080434869562e-01 5.921761536275272908e-01 5.905762075692704283e-01 3.090731764011332983e-01 6.695891819925801070e-01 1.576515905262395600e-01 4.968525225005832047e-01 5.361915630216977924e-01 8.292257915781595656e-01 8.370360231252305105e-01 6.154225200708667298e-01 6.645276262754661323e-01 8.247560511097296043e-01 5.466736239704321765e-01 1.776214975224317261e-01 6.081482006680614116e-01 7.208933428171098168e-01 3.840032549223966196e-01 3.048423862466816958e-01
8.684433053804014868e-01 4.469686993552110521e-01 5.251758382909812450e-01 8.207979985409536994e-01 5.531106623541807155e-01 8.167786765294833273e-01 7.871292922135756376e-01 5.432622571697974800e-01 9.590022684517816032e-01 5.624050936711852966e-01 4.391210135591261388e-01 7.807858329067740577e-01 5.017513621582986305e-01 4.908160697675601480e-01 2.133555268898861268e-01 0.000000000000000000e+00 3.282781401642064223e-01 4.436954909239456124e-01 3.741269857869143900e-01 4.144814245235491357e-01 3.700587817607364771e-01 5.002140960121684854e-01 4.200796210998847258e-01 3.182901872848306057e-01 1.041295639469254075e-01 4.678988669429496872e-01 5.119918028641061714e-01 6.970434950555935982e-01 5.813500966470828146e-01 8.821669374313223511e-02 3.986766575175548777e-01 6.903219434184835190e-01 7.716570675956904157e-01 1.431767586986711915e-01 3.973130769419259689e-01
7.611925495099083339e-01 7.547839000181274516e-01 6.238801750279441283e-01 8.409071342078034972e-01 6.463087651325796212e-01 3.963267654508812465e-01 6.136350276355460043e-01 4.434881834083983509e-01 5.129410784317929295e-01 9.086392128354909836e-01 5.730938406515035943e-01 4.913924368121452835e-01 7.601790281171072472e-01 4.926808236846638711e-01 6.607063080434869562e-01 3.282781401642064223e-01 0.000000000000000000e+00 1.294808012397360431e-01 1.277528591571653882e-01 1.975027607209328684e-01 6.897903918704644255e-01 8.438217197789825708e-01 1.750396177150986277e-01 6.849606797225248345e-01 6.833333116814287456e-01 3.618793513238303117e-01 9.325562162506308983e-01 5.327542038996246898e-01 6.023676676276134012e-01 2.894047914414658029e-01 2.351699921730341369e-01 8.920763959415156652e-02 2.814554421820475993e-01 8.959953442832578885e-01 3.991066281254171955e-01
4.095079553989255938e-01 7.897328892084392038e-01 5.907246659433664782e-01 6.373995827680696280e-01 5.711566313376216231e-01 4.046519573026836625e-01 7.024637281330448069e-01 8.600206367605823798e-01 3.885292105875551849e-01 5.227637179123016953e-01 6.563083622872059042e-01 8.307472589316819978e-01 4.535949353679182838e-01 6.295035699409198271e-01 5.921761536275272908e-01 4.436954909239456124e-01 1.294808012397360431e-01 0.000000000000000000e+00 8.860550751725244645e-01 5.218413928130662960e-01 6.303120411250611177e-01 4.038135646654171795e-01 7.788718010370088152e-01 5.818909112377501636e-01 6.653427595927284832e-01 1.054579257572607620e-01 1.510204978412422738e-01 5.368709013650285744e-01 6.679525706446236555e-01 6.549141357901321348e-01 5.936448874799353792e-01 5.226679683844590585e-01 5.795810515524291162e-01 2.884774822887609114e-01 4.136398134244703151e-01
6.415916207879768240e-01 1.499293417201010836e-01 2.943131157555838873e-01 5.863735197495389961e-01 3.200508907793813140e-01 4.766813940740536881e-01 4.425376377844134068e-01 7.875238719388968356e-01 8.285444915592522497e-01 7.152298480109775536e-02 7.426155316306897181e-01 2.591829518316042247e-01 4.174879808834774386e-01 4.789807211724260161e-01 5.905762075692704283e-01 3.741269857869143900e-01 1.277528591571653882e-01 8.860550751725244645e-01 0.000000000000000000e+00 5.598573192713426350e-01 1.745622203847865261e-01 5.881489029893606224e-01 3.194557668438380293e-01 3.519326950992152092e-01 7.252473308739897373e-01 6.144522845148963075e-01 4.661711575963385368e-01 2.551972257819353218e-01 9.195401558534508357e-01 5.818245053099058151e-01 1.090546149478680560e-01 3.165107280186524319e-01 5.967471821522580822e-01 5.006928553487114408e-01 4.064846273702941715e-01
5.874842308759694598e-01 9.738170924874743895e-01 7.285826391114920142e-01 4.490449468804108002e-01 8.484176190997549938e-02 5.035369736700199272e-01 6.846056124069024307e-01 3.260424496440880171e-01 8.382541963947862662e-01 2.177460763785612485e-01 3.984374601668521643e-01 3.206385508060523026e-01 9.270363779934007731e-01 4.965970308981235704e-01 3.090731764011332983e-01 4.144814245235491357e-01 1.975027607209328684e-01 5.218413928130662960e-01 5.598573192713426350e-01 0.000000000000000000e+00 4.204297972613077472e-01 4.501877017393608460e-01 4.834760481715457692e-01 8.657061807347559146e-01 8.029347049259150104e-02 2.569190558965319671e-01 3.123844606458393569e-01 8.311848932200610607e-01 6.399907841686491849e-01 5.012401967251367552e-01 5.784710948027760313e-01 4.496088451844998390e-01 1.870583878652006815e-01 5.009371656064850464e-01 4.868614273874233289e-01
5.981742766923026089e-01 3.678170871891540683e-01 6.208048701915533929e-01 5.786953971467048152e-01 6.766969307058939842e-01 7.950285548088340537e-01 3.753080682107362009e-01 5.698817759912634395e-01 5.215275619346808611e-01 8.477978568820491168e-01 7.349874686261890222e-01 5.301155999495332782e-02 2.904806589734495459e-01 9.844189443720747779e-01 6.695891819925801070e-01 3.700587817607364771e-01 6.897903918704644255e-01 6.303120411250611177e-01 1.745622203847865261e-01 4.204297972613077472e-01 0.000000000000000000e+00 7.534455632580983053e-01 4.383735132149955138e-01 5.546725677716553005e-01 5.307663963135857976e-01 3.998535327710611709e-01 4.737043619541920214e-01 4.752686285662033328e-01 2.243929283249814777e-01 7.260581700906341140e-01 4.013033563907548174e-01 1.040063491562846498e-01 6.785139060343656769e-01 2.353993485668534058e-01 5.055244081501479858e-01
6.782060023669733706e-01 7.806280351506600379e-01 2.892410475974483419e-01 4.234676149775370435e-01 5.472775203317373771e-01 5.387602300927896160e-01 1.369622541679332839e-01 8.682395697049226646e-01 5.924328348025341695e-01 3.246671170821548991e-01 4.680341838046402914e-01 3.119111361096249535e-01 9.059486695569647363e-01 6.594556910806088634e-01 1.576515905262395600e-01 5.002140960121684854e-01 8.438217197789825708e-01 4.038135646654171795e-01 5.881489029893606224e-01 4.501877017393608460e-01 7.534455632580983053e-01 0.000000000000000000e+00 7.419087147107550351e-01 1.765678239161786456e-01 2.188683084567152326e-01 6.464870990250108918e-01 1.259170375553181898e-01 5.860987082941501169e-01 7.931596928315010064e-02 2.154693318317472128e-01 5.818770765268443945e-01 4.758361077985415744e-01 9.572950846407346503e-02 2.558798486238273995e-01 3.549290374163875939e-01
3.729002390853162208e-01 4.527334185686318624e-01 3.571601233238566042e-01 6.768552032153178910e-01 6.082794060721745666e-01 2.657957930909269351e-01 5.786457749649989157e-01 8.730023796794230684e-01 5.444640354395857695e-02 3.873172777974121517e-01 5.220147398293129015e-02 7.124895889130481441e-01 5.167334882225003145e-01 7.454182115715688450e-01 4.968525225005832047e-01 4.200796210998847258e-01 1.750396177150986277e-01 7.788718010370088152e-01 3.194557668438380293e-01 4.834760481715457692e-01 4.383735132149955138e-01 7.419087147107550351e-01 0.000000000000000000e+00 9.173833742483858966e-01 5.122855970727482333e-01 9.642589770665664917e-01 2.240162456463001828e-02 8.424255091354058145e-01 4.086514569974127875e-01 3.263633488708659325e-01 8.681707440934582909e-01 4.865414887814650813e-01 1.354255302598549315e-01 5.207083639765927030e-01 8.832747069864654854e-01
8.634472247245639220e-01 4.470005256834184704e-01 5.036591003849073545e-01 6.133187442150237478e-01 7.711249082595121873e-01 6.749687258907277609e-01 4.011370388922760322e-01 6.438920757591271027e-01 3.708193704988059780e-01 6.422101265736188669e-01 4.087298335622839840e-01 5.122612672249792221e-01 5.856955991103585113e-02 5.173303379995698448e-01 5.361915630216977924e-01 3.182901872848306057e-01 6.849606797225248345e-01 5.818909112377501636e-01 3.519326950992152092e-01 8.657061807347559146e-01 5.546725677716553005e-01 1.765678239161786456e-01 9.173833742483858966e-01 0.000000000000000000e+00 5.208457186386380444e-01 7.207726419244728788e-01 5.672740314755428948e-01 5.896985572886623839e-01 6.448997637826725526e-02 8.111347224945525403e-01 5.027893935692858696e-01 3.495561076432575076e-01 8.816535769704114678e-01 5.417925845942468399e-01 3.118723314639406663e-01
2.592691439180403457e-01 7.966287574091834855e-01 6.382456662668699598e-01 9.000871088961794886e-01 9.135473941949543430e-01 7.522874832056984928e-01 4.129112964334126223e-01 5.326586251513034664e-01 2.921273537680064702e-01 8.701262055863789868e-01 8.123818494161765269e-01 8.473866738341222504e-01 2.195964199692704844e-01 6.840519694186084632e-01 8.292257915781595656e-01 1.041295639469254075e-01 6.833333116814287456e-01 6.653427595927284832e-01 7.252473308739897373e-01 8.029347049259150104e-02 5.307663963135857976e-01 2.188683084567152326e-01 5.122855970727482333e-01 5.208457186386380444e-01 0.000000000000000000e+00 4.152553871087054649e-01 8.614409745316834455e-01 8.098117167242098180e-01 6.760331364067049265e-01 8.099842912785093496e-01 8.200745388027586014e-01 8.393104600047319730e-01 6.664012287220040243e-01 3.125190849937622972e-01 5.731246650073046345e-01
8.012531413213681564e-01 1.555082856471554642e-01 1.870292534395247008e-01 7.839138994731046362e-01 9.628916367993698433e-01 7.587373703083448717e-01 4.925080334918784941e-01 2.461489762138688309e-01 7.786708580176513461e-01 4.779003572119057131e-01 4.345091070742009842e-01 2.937604710768307870e-01 5.867105921200330698e-01 1.300774479074530143e-01 8.370360231252305105e-01 4.678988669429496872e-01 3.618793513238303117e-01 1.054579257572607620e-01 6.144522845148963075e-01 2.569190558965319671e-01 3.998535327710611709e-01 6.464870990250108918e-01 9.642589770665664917e-01 7.207726419244728788e-01 4.152553871087054649e-01 0.000000000000000000e+00 9.131523054613646107e-01 4.897830661399159013e-01 8.527327384671234967e-01 1.694091055278768021e-02 6.190740231617883893e-01 3.895670022435889779e-01 5.648686224733909800e-01 4.576804080897231009e-01 5.568938852140821183e-01
6.915565718425589203e-01 5.056724088832148523e-01 8.584415747549016817e-01 1.054403992410981594e-01 6.240439380971734007e-01 7.930149407702502540e-01 6.141147354022296057e-01 4.140773316766416245e-01 4.534893972562846765e-01 9.537964503100209157e-01 1.871118322673732681e-01 5.635025588510944594e-01 6.745178582231035058e-01 3.083266155392610508e-01 6.154225200708667298e-01 5.119918028641061714e-01 9.325562162506308983e-01 1.510204978412422738e-01 4.661711575963385368e-01 3.123844606458393569e-01 4.737043619541920214e-01 1.259170375553181898e-01 2.240162456463001828e-02 5.672740314755428948e-01 8.614409745316834455e-01 9.131523054613646107e-01 0.000000000000000000e+00 2.237248426959483893e-01 5.519974609826856504e-01 4.974392762089229203e-01 4.846578773321522648e-01 6.636145341049592972e-01 7.374724281895483902e-01 7.511596867122856125e-01 4.849506945564984184e-01
8.430058588311342138e-01 4.313918159421831211e-01 5.873157530065460374e-01 6.808003763396832664e-01 4.902152067554310655e-01 8.552145147210874487e-01 3.464691376581638949e-01 6.742969101978737445e-01 3.440413621909947928e-01 3.218147594772038378e-01 6.755913159681503632e-01 7.164878092895548001e-01 7.217322509010395404e-01 2.490157445132789027e-01 6.645276262754661323e-01 6.970434950555935982e-01 5.327542038996246898e-01 5.368709013650285744e-01 2.551972257819353218e-01 8.311848932200610607e-01 4.752686285662033328e-01 5.860987082941501169e-01 8.424255091354058145e-01 5.896985572886623839e-01 8.098117167242098180e-01 4.897830661399159013e-01 2.237248426959483893e-01 0.000000000000000000e+00 4.379488616039088345e-01 3.961372532963816084e-01 3.974967945783874357e-01 7.330617413575555297e-01 7.039034827837291619e-01 7.936903934516664760e-01 6.592035208990898454e-01
2.358753410187757193e-01 5.369229034776775711e-01 8.147436324378012351e-01 4.007365878637142442e-01 8.144849922391983466e-01 4.823375638378566976e-01 5.830538102055147220e-01 1.133633067920987170e-01 5.898243053748182252e-01 2.293152902590087638e-01 6.771823493308618547e-01 1.933923907614538140e-01 3.959050584463085776e-01 6.387152591372572408e-01 8.247560511097296043e-01 5.813500966470828146e-01 6.023676676276134012e-01 6.679525706446236555e-01 9.195401558534508357e-01 6.399907841686491849e-01 2.243929283249814777e-01 7.931596928315010064e-02 4.086514569974127875e-01 6.448997637826725526e-02 6.760331364067049265e-01 8.527327384671234967e-01 5.519974609826856504e-01 4.379488616039088345e-01 0.000000000000000000e+00 4.646389736560396777e-01 4.174935406123501669e-01 7.483877399360585603e-01 8.943274690159648266e-01 4.167991901057166992e-01 2.967709934972020402e-01
1.660174503842158922e-01 4.098608181040738208e-01 6.399611046722238905e-01 7.656534297021007074e-01 3.053011946149341016e-01 5.940654280778234764e-01 1.912234860719354002e-01 3.001435380206842751e-01 9.238678086983571625e-01 5.669306988034394923e-01 5.501175979309359532e-01 5.101155412824758262e-01 3.508904561463734861e-01 6.911926961505112654e-01 5.466736239704321765e-01 8.821669374313223511e-02 2.894047914414658029e-01 6.549141357901321348e-01 5.818245053099058151e-01 5.012401967251367552e-01 7.260581700906341140e-01 2.154693318317472128e-01 3.263633488708659325e-01 8.111347224945525403e-01 8.099842912785093496e-01 1.694091055278768021e-02 4.974392762089229203e-01 3.961372532963816084e-01 4.646389736560396777e-01 0.000000000000000000e+00 2.152908775924415874e-01 6.984471203900415315e-01 3.215475130892478939e-01 7.983438943575205116e-01 5.371123436131353124e-01
3.289162586542749844e-01 4.419273809875374770e-01 2.699022365741041707e-01 6.973380632865284756e-01 3.892138296719706014e-01 5.755358496564704218e-01 8.455420513385998316e-01 2.427789096028476479e-01 5.926626832578634207e-01 4.769549501948061043e-01 4.660318405011530385e-01 4.067064368575475375e-01 8.623915507935455693e-01 5.981315360219908728e-01 1.776214975224317261e-01 3.986766575175548777e-01 2.351699921730341369e-01 5.936448874799353792e-01 1.090546149478680560e-01 5.784710948027760313e-01 4.013033563907548174e-01 5.818770765268443945e-01 8.681707440934582909e-01 5.027893935692858696e-01 8.200745388027586014e-01 6.190740231617883893e-01 4.846578773321522648e-01 3.974967945783874357e-01 4.174935406123501669e-01 2.152908775924415874e-01 0.000000000000000000e+00 1.167887618648028036e-01 2.874374598176376860e-01 1.190619643849826215e-01 6.296147027737064583e-01
6.646976000367263993e-01 5.463454265179349401e-01 2.423230057324950448e-01 6.906949002210911459e-01 6.063437193355131205e-01 5.223277527403105136e-01 8.700231201913318779e-01 4.919178106624017555e-01 1.560433017817182133e-01 3.496429999905117381e-01 8.051702390158108624e-01 5.322964922829516166e-01 6.114489040025339328e-01 2.328648056363484820e-01 6.081482006680614116e-01 6.903219434184835190e-01 8.920763959415156652e-02 5.226679683844590585e-01 3.165107280186524319e-01 4.496088451844998390e-01 1.040063491562846498e-01 4.758361077985415744e-01 4.865414887814650813e-01 3.495561076432575076e-01 8.393104600047319730e-01 3.895670022435889779e-01 6.636145341049592972e-01 7.330617413575555297e-01 7.483877399360585603e-01 6.984471203900415315e-01 1.167887618648028036e-01 0.000000000000000000e+00 9.692533961763586392e-01 4.294730109786589201e-01 9.188038743504394201e-01
4.708290849422359647e-01 8.812237028093037328e-01 7.853444254667205637e-01 6.400653508884356357e-01 4.416848706586663509e-01 5.730453504803454390e-01 7.785802155223007226e-01 5.805057178285291108e-01 4.616473760976800844e-01 5.827581735074877090e-01 7.897680919909702002e-01 6.433149892079582655e-01 7.184267967801041266e-01 8.413401510524444182e-01 7.208933428171098168e-01 7.716570675956904157e-01 2.814554421820475993e-01 5.795810515524291162e-01 5.967471821522580822e-01 1.870583878652006815e-01 6.785139060343656769e-01 9.572950846407346503e-02 1.354255302598549315e-01 8.816535769704114678e-01 6.664012287220040243e-01 5.648686224733909800e-01 7.374724281895483902e-01 7.039034827837291619e-01 8.943274690159648266e-01 3.215475130892478939e-01 2.874374598176376860e-01 9.692533961763586392e-01 0.000000000000000000e+00 5.392218890083569915e-01 4.532076149120363162e-01
7.075541699975785859e-01 6.218608732063248823e-01 7.297960568837773554e-01 9.187365612041679119e-01 4.725250982978564940e-01 9.212265924926190674e-01 5.519767462177164186e-01 8.355719429897314754e-01 4.516960645299363808e-01 4.021621964784554693e-01 5.823478829732269269e-01 4.492728492149127839e-01 6.786525762694071151e-01 5.466184777534311978e-01 3.840032549223966196e-01 1.431767586986711915e-01 8.959953442832578885e-01 2.884774822887609114e-01 5.006928553487114408e-01 5.009371656064850464e-01 2.353993485668534058e-01 2.558798486238273995e-01 5.207083639765927030e-01 5.417925845942468399e-01 3.125190849937622972e-01 4.576804080897231009e-01 7.511596867122856125e-01 7.936903934516664760e-01 4.167991901057166992e-01 7.983438943575205116e-01 1.190619643849826215e-01 4.294730109786589201e-01 5.392218890083569915e-01 0.000000000000000000e+00 5.122446663659474542e-01
6.834935090374296696e-01 2.402971778913157719e-01 2.210167820634861835e-01 9.458758565195054535e-01 8.894302506386184692e-01 7.179335361782466229e-01 6.689287539284056727e-01 6.124560959909752800e-01 8.027166478585221476e-01 8.416708214927031140e-01 4.812966493805750368e-01 2.115245293759170364e-01 7.035865665911016364e-01 2.220239086551977215e-01 3.048423862466816958e-01 3.973130769419259689e-01 3.991066281254171955e-01 4.136398134244703151e-01 4.064846273702941715e-01 4.868614273874233289e-01 5.055244081501479858e-01 3.549290374163875939e-01 8.832747069864654854e-01 3.118723314639406663e-01 5.731246650073046345e-01 5.568938852140821183e-01 4.849506945564984184e-01 6.592035208990898454e-01 2.967709934972020402e-01 5.371123436131353124e-01 6.296147027737064583e-01 9.188038743504394201e-01 4.532076149120363162e-01 5.122446663659474542e-01 0.000000000000000000e+00
