0.000000000000000000e+00 4.732564848761358633e-01 7.578975110177468277e-01 2.013982795612123677e-01 3.095786527883891415e-01 6.203970688299655922e-01 4.700844008042742161e-01 8.224159714004483090e-01 1.423820269189155496e-01 5.061853882065536769e-01 4.493160181959997002e-01 3.542186401316291255e-01 5.556364218812519518e-01 4.940931748075318986e-01 5.832332824875274824e-01 3.592874400286114600e-01 4.016934141306107708e-01 4.463190356758462429e-01 5.114006910364525815e-01 9.296569679443638101e-01 2.200905336693345093e-01 9.002676750123639327e-02 2.322729656608250037e-01 3.741935536745311097e-01 2.610606732320318590e-01 4.961580928832342030e-01 4.695447143253463906e-01 6.445728670980359620e-01 3.998930250049054225e-01 9.210368048214834236e-01 7.176924765262457928e-01 8.414657647910923632e-01 5.389602139903326705e-01 7.050796007090409656e-01 3.250640100437337532e-01
4.732564848761358633e-01 0.000000000000000000e+00 3.128737283816281356e-01 1.255038660769736136e-01 1.058320754294562738e-01 6.931954242934448285e-01 6.287896420666697628e-01 3.780625348765011551e-01 7.911301035395186254e-01 7.395941147527731463e-01 4.071229222560339700e-01 6.067149222748188242e-01 7.986164504726562807e-01 7.292252348858661026e-01 5.854674238585555468e-01 7.650348206265411566e-01 1.040409084297118647e-01 3.943879642456864509e-01 4.303997543710811335e-01 5.025675476846936940e-01 8.635319798393186197e-01 6.262791350162608683e-01 8.817958328311509275e-02 2.912329548500144361e-01 3.994517323570581091e-01 1.487609082724327125e-01 3.846491179949756978e-01 4.181124386979820362e-01 6.128262096099310607e-01 1.085451398021282099e-01 7.974741973713501686e-01 4.765507387392805549e-01 4.656780539605618330e-01 3.815721663365037597e-01 8.187700739000440819e-01
7.578975110177468277e-01 3.128737283816281356e-01 0.000000000000000000e+00 1.480017465614692496e-01 1.582921127836987019e-01 3.766345022333584813e-01 7.536150223572490869e-01 4.346760451253826041e-01 4.795011922373438318e-01 5.668294692633646381e-01 4.758162632786737678e-01 4.634918782875885879e-01 3.281353535798456900e-01 2.942057107216430323e-01 4.791200826749403840e-01 1.609702335298424103e-01 4.164651600013146160e-01 5.107010780656007221e-01 9.512220901637116199e-01 5.402260610930390561e-01 4.177228089651376930e-01 5.101355710703234791e-01 5.130800458579675150e-01 7.328504246824603108e-01 4.167814096003699120e-01 3.387381895888687544e-01 9.507420637134944563e-02 1.700282619191211264e-01 5.060111072472295302e-02 3.566166616880714901e-01 6.686626206413689433e-01 1.959226968779834710e-01 6.620603142721528389e-01 3.731739552819728356e-01 3.075028568814985874e-01
2.013982795612123677e-01 1.255038660769736136e-01 1.480017465614692496e-01 0.000000000000000000e+00 9.884044973987371474e-01 6.639403980372498015e-01 8.975701764624315349e-01 5.068330146806458991e-01 7.573641074925161476e-01 5.793823361239105463e-01 4.706800099813653881e-01 1.485834850534755169e-01 4.615072097853122335e-01 7.589400495992457696e-01 5.395092915535570910e-02 8.531544431685020857e-01 4.967121904084681461e-01 1.446125319585455093e-01 5.263093853325073734e-01 3.196799195982144015e-01 5.385519000318241822e-01 3.872971679217694918e-01 9.204250091577801385e-01 4.479158521891564715e-01 7.114346370703719113e-01 5.510966037292814867e-01 5.154215927040175504e-01 4.003750642805395943e-01 4.851876526211434948e-01 3.592177850572675357e-01 5.489510720139150202e-01 4.967965044434052291e-01 2.296581008639111410e-01 1.597268272517210486e-01 5.098447949005612267e-01
3.095786527883891415e-01 1.058320754294562738e-01 1.582921127836987019e-01 9.884044973987371474e-01 0.000000000000000000e+00 2.830299775717389776e-01 6.318677627595767898e-01 7.569761090556224037e-01 4.705178740390380532e-01 8.298937035198306056e-01 5.307002941138135865e-01 5.352779802429303846e-01 8.124700355116984962e-01 2.504168344730391405e-01 4.447501742712462458e-01 5.446780745066244211e-01 8.528450998145320483e-02 7.630774780970103199e-01 3.274280149190319511e-01 3.849259403848067085e-01 3.016660038495120322e-01 4.828923441800782035e-01 7.154089775610996682e-01 4.435592707103922505e-01 2.500179068116596959e-01 7.357506997428573392e-01 7.865703665332115513e-01 5.439459552533558728e-01 4.116111373672244333e-01 4.286417431359743624e-01 7.416033316048953328e-01 2.955324015609094301e-01 4.361055388198130101e-01 1.949570024559053039e-01 6.642058698764982116e-01
6.203970688299655922e-01 6.931954242934448285e-01 3.766345022333584813e-01 6.639403980372498015e-01 2.830299775717389776e-01 0.000000000000000000e+00 4.464625156614174806e-01 8.482445914199239212e-01 1.625215412562629469e-01 5.943836909962157966e-01 2.249364504825688282e-01 6.454993212196074026e-01 3.382266243666306460e-01 5.856828048960083244e-01 4.838551502437510310e-01 8.163324805115610427e-01 4.283100485933643009e-01 9.195368660640134140e-01 5.131525341450444699e-01 7.912440335038692929e-01 7.694811087208249800e-01 3.766321963630033798e-01 4.642866027416866492e-01 5.575836302127694655e-01 2.316469552622344441e-01 7.934210454935273216e-01 4.565710206139593774e-01 2.244644969087317143e-01 6.333069965677300406e-01 2.780670476651211365e-01 5.926325703007796486e-01 5.232795450527958359e-01 7.119990574800253436e-01 4.854570510222653290e-01 2.674754108209406178e-01
4.700844008042742161e-01 6.287896420666697628e-01 7.536150223572490869e-01 8.975701764624315349e-01 6.318677627595767898e-01 4.464625156614174806e-01 0.000000000000000000e+00 3.312973834889302305e-01 2.630335695587157074e-01 3.626410652120415357e-01 5.149518760798896810e-01 9.783964312085335902e-02 3.420682346756237502e-01 7.230337805529150064e-01 4.433684535264970084e-01 1.951704439500038801e-01 3.526588344895431604e-02 6.019640324663247943e-01 5.095944493197621661e-01 1.837686965970967146e-01 5.596819500923697621e-01 5.356997023352084719e-01 5.702181497137963628e-01 8.490811656434795740e-01 7.006882915516623456e-01 3.336207343366559552e-01 5.338168005891924528e-01 4.799418994976916153e-01 5.523868734267487479e-01 9.811286549783293509e-02 4.492163884008953945e-01 5.059737790428076032e-01 4.330472485960551454e-01 4.441920509318695864e-01 2.968522515937885853e-01
8.224159714004483090e-01 3.780625348765011551e-01 4.346760451253826041e-01 5.068330146806458991e-01 7.569761090556224037e-01 8.482445914199239212e-01 3.312973834889302305e-01 0.000000000000000000e+00 4.273171378815949772e-01 6.524562764504659995e-01 3.838214947319117387e-01 5.511921857420951643e-01 2.615141106795774162e-01 4.924592357563953859e-01 7.765585625417434912e-01 5.594780896638278378e-01 3.402596850121967220e-01 5.805767998526183415e-01 2.055196523259811281e-01 7.622566773091277170e-01 4.927638362771528113e-01 1.529446272975597543e-01 7.138716251573428151e-01 3.824264978981632979e-01 9.449962438611320126e-01 6.514035447491268727e-01 3.525353357439200419e-01 7.196429655805959280e-01 5.657017783034001823e-02 8.180444107466694481e-01 6.772344970012231791e-01 3.320708931184002122e-01 4.914967532273474271e-01 3.973098139864811307e-01 6.272919378292645121e-01
1.423820269189155496e-01 7.911301035395186254e-01 4.795011922373438318e-01 7.573641074925161476e-01 4.705178740390380532e-01 1.625215412562629469e-01 2.630335695587157074e-01 4.273171378815949772e-01 0.000000000000000000e+00 3.672003594244757085e-01 1.703095491040917953e-01 4.024157461630336052e-01 5.810006701734036216e-01 3.396184268628134606e-01 7.708592383248620283e-01 9.505803647695247882e-01 5.432846647132640872e-01 5.116577729705573674e-01 4.130552420075603859e-01 4.992510094012119204e-01 8.596156244205224173e-01 6.521825708896146212e-01 6.309637571692008340e-01 8.437358704244843910e-01 7.156969871566738473e-01 4.594774527241864970e-01 8.770203389468502753e-01 5.150531948865583187e-01 7.598097892750412807e-01 5.343636746326179132e-01 6.068939729768144664e-01 6.100809924747556678e-01 7.438399664599257832e-01 4.909569084260583804e-01 3.872016642634014127e-01
5.061853882065536769e-01 7.395941147527731463e-01 5.668294692633646381e-01 5.793823361239105463e-01 8.298937035198306056e-01 5.943836909962157966e-01 3.626410652120415357e-01 6.524562764504659995e-01 3.672003594244757085e-01 0.000000000000000000e+00 6.659919034912243907e-01 5.544884800379399348e-01 6.811766279931541490e-02 2.306216092352277869e-01 8.693384576582685597e-01 5.092872624930196990e-01 6.131690268381273512e-02 7.472253921864655535e-01 4.581226557801268973e-01 6.446729408407403383e-01 7.633235405268226081e-01 2.091555352317013838e-01 5.831342626748927671e-01 5.115807775915129918e-01 5.781764868485265163e-01 6.285211004486568331e-01 7.109550656439252991e-01 4.471226018123060642e-01 5.780093126265145598e-01 5.074781044956393483e-01 4.499234390448477727e-01 6.524886794228286213e-01 6.841966202971567768e-01 9.433324839767580627e-01 3.731918766375750818e-01
4.493160181959997002e-01 4.071229222560339700e-01 4.758162632786737678e-01 4.706800099813653881e-01 5.307002941138135865e-01 2.249364504825688282e-01 5.149518760798896810e-01 3.838214947319117387e-01 1.703095491040917953e-01 6.659919034912243907e-01 0.000000000000000000e+00 4.917013995300322238e-01 5.603995820132749994e-01 4.365218210023659173e-01 8.386768937690153303e-01 4.664039591577492927e-01 3.895276924750909475e-01 3.391324410761779040e-01 4.985041179865314920e-01 4.549909543849971483e-01 5.647469851254078854e-01 6.217442987329655502e-01 4.509368529200433739e-01 6.794591362765880493e-01 5.960350339107909345e-01 9.136112772935025550e-01 4.753828141602582380e-01 5.419680993838627003e-01 5.748279947841798965e-01 5.291321791311975886e-01 4.163801334076814298e-01 3.530458505527380164e-01 4.404651691464745444e-01 7.841951639238097238e-01 2.939337410433222608e-01
3.542186401316291255e-01 6.067149222748188242e-01 4.634918782875885879e-01 1.485834850534755169e-01 5.352779802429303846e-01 6.454993212196074026e-01 9.783964312085335902e-02 5.511921857420951643e-01 4.024157461630336052e-01 5.544884800379399348e-01 4.917013995300322238e-01 0.000000000000000000e+00 2.780257361888820444e-01 3.365648943508777191e-01 5.799475947099752560e-01 7.914291975337305329e-01 4.629654988583764563e-01 7.533296237626708747e-01 3.422741728600713351e-01 5.157681511205864933e-01 5.180966805204333392e-01 5.421661077669575057e-01 1.937745005966153289e-01 2.412602277772573078e-01 6.132558123844844555e-01 1.381416113410777191e-01 3.163127895646259402e-01 4.750572100460789815e-01 7.590084315598921716e-01 6.259944593231467902e-01 1.360877981418832094e-01 7.444407845449521055e-01 3.006998530786770818e-01 4.097010044389677308e-01 7.871954866092238934e-01
5.556364218812519518e-01 7.986164504726562807e-01 3.281353535798456900e-01 4.615072097853122335e-01 8.124700355116984962e-01 3.382266243666306460e-01 3.420682346756237502e-01 2.615141106795774162e-01 5.810006701734036216e-01 6.811766279931541490e-02 5.603995820132749994e-01 2.780257361888820444e-01 0.000000000000000000e+00 6.881764939323659069e-02 5.425016595615466120e-01 2.584320604268869892e-01 6.059933639951071704e-01 7.859893570975893251e-01 4.057063332641016595e-01 6.490242012841547226e-01 4.951492852427434865e-01 5.616419461399168034e-01 5.454531998262635017e-01 8.508794257945693218e-01 2.242717886572429542e-01 3.231277555185914641e-01 4.897281669817222793e-01 5.028972603347152681e-01 1.151469780661097397e-01 5.694891750247026430e-01 6.276765624020634871e-01 3.369578223337334477e-01 4.849717366739164648e-01 4.198105901260913986e-01 5.714362381953590475e-01
4.940931748075318986e-01 7.292252348858661026e-01 2.942057107216430323e-01 7.589400495992457696e-01 2.504168344730391405e-01 5.856828048960083244e-01 7.230337805529150064e-01 4.924592357563953859e-01 3.396184268628134606e-01 2.306216092352277869e-01 4.365218210023659173e-01 3.365648943508777191e-01 6.881764939323659069e-02 0.000000000000000000e+00 6.237911579536841167e-01 4.337081208784361319e-01 4.698137636608712420e-01 4.227711184518895826e-01 4.132116320057160896e-01 5.100518980315542628e-01 6.620232818170426192e-01 6.286170385660215798e-01 4.057830904762001478e-01 7.678639906178759134e-01 4.074126923895796670e-01 6.496313821309506187e-01 6.301057644161652815e-01 6.472342382657019222e-01 7.996434142067322393e-01 9.289493726432439535e-01 5.445041396847640769e-01 7.198847846940882311e-01 4.516821365502853847e-01 4.156645982728852107e-01 4.957878687419917663e-01
5.832332824875274824e-01 5.854674238585555468e-01 4.791200826749403840e-01 5.395092915535570910e-02 4.447501742712462458e-01 4.838551502437510310e-01 4.433684535264970084e-01 7.765585625417434912e-01 7.708592383248620283e-01 8.693384576582685597e-01 8.386768937690153303e-01 5.799475947099752560e-01 5.425016595615466120e-01 6.237911579536841167e-01 0.000000000000000000e+00 4.949601653466809137e-01 4.310140305696986696e-01 5.666574927727685562e-01 1.986054828305350295e-01 4.530492121797738969e-01 6.046265042355598585e-01 4.793733459371377625e-01 3.860002804858653769e-01 4.860995906706711001e-01 4.438469343415329948e-02 4.831699072865965894e-01 4.663565231894116758e-01 1.221032886220265734e-01 2.429849331957357750e-01 7.100501738104414429e-01 8.724913081271623572e-02 4.515923662544592543e-01 7.918207155431606914e-01 6.606734238027897055e-01 1.751671195005830572e-01
3.592874400286114600e-01 7.650348206265411566e-01 1.609702335298424103e-01 8.531544431685020857e-01 5.446780745066244211e-01 8.163324805115610427e-01 1.951704439500038801e-01 5.594780896638278378e-01 9.505803647695247882e-01 5.092872624930196990e-01 4.664039591577492927e-01 7.914291975337305329e-01 2.584320604268869892e-01 4.337081208784361319e-01 4.949601653466809137e-01 0.000000000000000000e+00 2.783045235827236175e-01 7.702248595512064533e-01 7.578548678623829860e-01 3.191679090065641100e-01 1.610449870917474158e-02 2.812890454399882834e-01 4.489802614916463819e-01 4.525918857209432211e-01 6.541671692568085117e-01 3.231121963360152893e-01 6.734942249975193196e-01 6.015344294654957347e-01 5.468385009654437301e-01 7.340341260844022164e-01 7.343703631468557758e-01 2.932967916777343698e-01 5.431106301239956302e-01 7.682964396736529089e-01 4.679191949263862282e-01
4.016934141306107708e-01 1.040409084297118647e-01 4.164651600013146160e-01 4.967121904084681461e-01 8.528450998145320483e-02 4.283100485933643009e-01 3.526588344895431604e-02 3.402596850121967220e-01 5.432846647132640872e-01 6.131690268381273512e-02 3.895276924750909475e-01 4.629654988583764563e-01 6.059933639951071704e-01 4.698137636608712420e-01 4.310140305696986696e-01 2.783045235827236175e-01 0.000000000000000000e+00 6.418349207034723669e-01 5.764968383121011897e-01 3.413316931014539479e-01 3.044182428798801743e-01 4.679574044061758364e-01 7.061933530723054631e-01 3.420608591208432747e-01 5.826387538667003874e-01 2.353824048445981587e-01 3.439677049488846228e-01 7.597170512855360158e-01 4.040085516378619790e-01 5.486745171921378894e-01 6.884935225401023207e-01 8.688115855064266757e-01 5.248142514763187716e-01 2.432002094400049219e-01 6.314212263878659082e-01
4.463190356758462429e-01 3.943879642456864509e-01 5.107010780656007221e-01 1.446125319585455093e-01 7.630774780970103199e-01 9.195368660640134140e-01 6.019640324663247943e-01 5.805767998526183415e-01 5.116577729705573674e-01 7.472253921864655535e-01 3.391324410761779040e-01 7.533296237626708747e-01 7.859893570975893251e-01 4.227711184518895826e-01 5.666574927727685562e-01 7.702248595512064533e-01 6.418349207034723669e-01 0.000000000000000000e+00 7.838951188728617847e-01 5.873262824411501493e-01 3.710503648713490144e-01 3.700650032527729727e-01 8.713672327880886970e-01 3.817564872455950775e-01 3.326841583294209981e-01 5.828398238118143171e-01 5.137718473618038129e-01 4.968283851676614793e-01 6.004891411386894529e-01 4.114695846975615634e-01 2.642738538269624460e-01 6.416143763612256468e-01 1.796823861004086531e-01 8.403879712942051716e-01 6.259512585453672617e-01
5.114006910364525815e-01 4.303997543710811335e-01 9.512220901637116199e-01 5.263093853325073734e-01 3.274280149190319511e-01 5.131525341450444699e-01 5.095944493197621661e-01 2.055196523259811281e-01 4.130552420075603859e-01 4.581226557801268973e-01 4.985041179865314920e-01 3.422741728600713351e-01 4.057063332641016595e-01 4.132116320057160896e-01 1.986054828305350295e-01 7.578548678623829860e-01 5.764968383121011897e-01 7.838951188728617847e-01 0.000000000000000000e+00 1.369629106121478257e-01 5.511136151499799185e-01 8.171639069870356709e-01 1.717825872511739016e-01 4.272987923549379508e-01 3.594656162384123332e-01 4.805728235360243739e-01 6.495247497955185523e-01 5.511029790456452027e-01 6.544618676963703807e-01 3.275418000675743846e-01 5.016750445580415718e-01 4.452959564546214444e-01 6.071349226961458845e-01 2.687775192095612775e-01 2.194741928220784177e-01
9.296569679443638101e-01 5.025675476846936940e-01 5.402260610930390561e-01 3.196799195982144015e-01 3.849259403848067085e-01 7.912440335038692929e-01 1.837686965970967146e-01 7.622566773091277170e-01 4.992510094012119204e-01 6.446729408407403383e-01 4.549909543849971483e-01 5.157681511205864933e-01 6.490242012841547226e-01 5.100518980315542628e-01 4.530492121797738969e-01 3.191679090065641100e-01 3.413316931014539479e-01 5.873262824411501493e-01 1.369629106121478257e-01 0.000000000000000000e+00 7.370539894133204539e-01 5.035704579380910761e-01 4.268347778302706841e-01 7.377835279879219055e-01 5.478241183756531463e-01 6.595834677716700956e-01 3.220158153351826424e-02 3.389098207816377828e-01 9.061042299814494605e-01 5.772834916162263852e-01 6.834598710324171211e-01 8.417717126434663966e-01 8.161249855786838481e-01 7.442999456040410022e-01 5.508905876279966973e-01
2.200905336693345093e-01 8.635319798393186197e-01 4.177228089651376930e-01 5.385519000318241822e-01 3.016660038495120322e-01 7.694811087208249800e-01 5.596819500923697621e-01 4.927638362771528113e-01 8.596156244205224173e-01 7.633235405268226081e-01 5.647469851254078854e-01 5.180966805204333392e-01 4.951492852427434865e-01 6.620232818170426192e-01 6.046265042355598585e-01 1.610449870917474158e-02 3.044182428798801743e-01 3.710503648713490144e-01 5.511136151499799185e-01 7.370539894133204539e-01 0.000000000000000000e+00 4.318354304124186194e-01 1.149565600759543393e-01 1.584221609152232091e-01 9.233486074609386085e-01 6.674936036372816073e-01 5.694990292166282053e-01 5.389195834664777252e-01 4.216994946298834313e-01 4.080099570432506040e-01 3.765408567368409565e-01 5.930281120200127098e-01 4.666795267021984772e-01 6.054045491424089320e-01 5.315379458494777776e-01
9.002676750123639327e-02 6.262791350162608683e-01 5.101355710703234791e-01 3.872971679217694918e-01 4.828923441800782035e-01 3.766321963630033798e-01 5.356997023352084719e-01 1.529446272975597543e-01 6.521825708896146212e-01 2.091555352317013838e-01 6.217442987329655502e-01 5.421661077669575057e-01 5.616419461399168034e-01 6.286170385660215798e-01 4.793733459371377625e-01 2.812890454399882834e-01 4.679574044061758364e-01 3.700650032527729727e-01 8.171639069870356709e-01 5.035704579380910761e-01 4.318354304124186194e-01 0.000000000000000000e+00 2.832159640216607155e-01 5.980042675125445406e-01 3.751098257991895557e-01 1.486855633618881511e-01 3.835465768623108063e-01 4.480959622386851970e-01 6.486972429085049452e-01 2.845127062925164596e-01 2.653384192822580423e-01 5.712297058163153807e-01 5.193429267449393150e-01 5.451027019608936097e-01 3.700027120322385565e-01
2.322729656608250037e-01 8.817958328311509275e-02 5.130800458579675150e-01 9.204250091577801385e-01 7.154089775610996682e-01 4.642866027416866492e-01 5.702181497137963628e-01 7.138716251573428151e-01 6.309637571692008340e-01 5.831342626748927671e-01 4.509368529200433739e-01 1.937745005966153289e-01 5.454531998262635017e-01 4.057830904762001478e-01 3.860002804858653769e-01 4.489802614916463819e-01 7.061933530723054631e-01 8.713672327880886970e-01 1.717825872511739016e-01 4.268347778302706841e-01 1.149565600759543393e-01 2.832159640216607155e-01 0.000000000000000000e+00 5.754681408441870705e-01 6.221129746396595328e-01 7.438522449288706984e-01 2.200742084007925037e-01 5.609487730822706464e-01 4.836943987416400526e-01 4.876149288729118569e-01 8.023613341927992026e-01 2.766330189308524590e-01 7.761625467686636970e-01 2.317717876283140743e-01 5.695549200628116093e-01
3.741935536745311097e-01 2.912329548500144361e-01 7.328504246824603108e-01 4.479158521891564715e-01 4.435592707103922505e-01 5.575836302127694655e-01 8.490811656434795740e-01 3.824264978981632979e-01 8.437358704244843910e-01 5.115807775915129918e-01 6.794591362765880493e-01 2.412602277772573078e-01 8.508794257945693218e-01 7.678639906178759134e-01 4.860995906706711001e-01 4.525918857209432211e-01 3.420608591208432747e-01 3.817564872455950775e-01 4.272987923549379508e-01 7.377835279879219055e-01 1.584221609152232091e-01 5.980042675125445406e-01 5.754681408441870705e-01 0.000000000000000000e+00 8.786017182244245660e-01 4.172927407375148778e-01 3.591128196634193470e-01 3.133863130273393249e-01 3.614734810371318385e-01 4.814115963010282551e-01 4.169417290567725143e-01 3.124154737449445496e-01 2.169038180878103406e-01 7.016117692466053990e-01 7.544563523109043546e-02
2.610606732320318590e-01 3.994517323570581091e-01 4.167814096003699120e-01 7.114346370703719113e-01 2.500179068116596959e-01 2.316469552622344441e-01 7.006882915516623456e-01 9.449962438611320126e-01 7.156969871566738473e-01 5.781764868485265163e-01 5.960350339107909345e-01 6.132558123844844555e-01 2.242717886572429542e-01 4.074126923895796670e-01 4.438469343415329948e-02 6.541671692568085117e-01 5.826387538667003874e-01 3.326841583294209981e-01 3.594656162384123332e-01 5.478241183756531463e-01 9.233486074609386085e-01 3.751098257991895557e-01 6.221129746396595328e-01 8.786017182244245660e-01 0.000000000000000000e+00 6.624078295676401051e-01 2.814553052950372614e-01 5.239822938747373815e-01 8.231335078880230860e-01 6.051730810350520740e-01 6.980959941404756286e-01 4.764697111723257827e-01 2.213888233295551178e-01 4.208929038100645004e-01 7.287943694700232955e-01
4.961580928832342030e-01 1.487609082724327125e-01 3.387381895888687544e-01 5.510966037292814867e-01 7.357506997428573392e-01 7.934210454935273216e-01 3.336207343366559552e-01 6.514035447491268727e-01 4.594774527241864970e-01 6.285211004486568331e-01 9.136112772935025550e-01 1.381416113410777191e-01 3.231277555185914641e-01 6.496313821309506187e-01 4.831699072865965894e-01 3.231121963360152893e-01 2.353824048445981587e-01 5.828398238118143171e-01 4.805728235360243739e-01 6.595834677716700956e-01 6.674936036372816073e-01 1.486855633618881511e-01 7.438522449288706984e-01 4.172927407375148778e-01 6.624078295676401051e-01 0.000000000000000000e+00 2.308098462069733126e-01 4.697709162904228908e-01 9.518285073015981812e-01 2.284419860082381182e-01 6.130686843149230070e-01 6.153868597969821552e-01 2.202594546332371506e-01 8.281825322744434947e-02 5.032899524457822293e-01
4.695447143253463906e-01 3.846491179949756978e-01 9.507420637134944563e-02 5.154215927040175504e-01 7.865703665332115513e-01 4.565710206139593774e-01 5.338168005891924528e-01 3.525353357439200419e-01 8.770203389468502753e-01 7.109550656439252991e-01 4.753828141602582380e-01 3.163127895646259402e-01 4.897281669817222793e-01 6.301057644161652815e-01 4.663565231894116758e-01 6.734942249975193196e-01 3.439677049488846228e-01 5.137718473618038129e-01 6.495247497955185523e-01 3.220158153351826424e-02 5.694990292166282053e-01 3.835465768623108063e-01 2.200742084007925037e-01 3.591128196634193470e-01 2.814553052950372614e-01 2.308098462069733126e-01 0.000000000000000000e+00 4.184395042894217820e-01 6.051589491096843743e-01 3.293541132479370637e-01 5.902420407305124517e-01 4.701501862890151151e-01 4.329422537510392854e-01 8.396435639620312141e-01 4.956820850859033900e-01
6.445728670980359620e-01 4.181124386979820362e-01 1.700282619191211264e-01 4.003750642805395943e-01 5.439459552533558728e-01 2.244644969087317143e-01 4.799418994976916153e-01 7.196429655805959280e-01 5.150531948865583187e-01 4.471226018123060642e-01 5.419680993838627003e-01 4.750572100460789815e-01 5.028972603347152681e-01 6.472342382657019222e-01 1.221032886220265734e-01 6.015344294654957347e-01 7.597170512855360158e-01 4.968283851676614793e-01 5.511029790456452027e-01 3.389098207816377828e-01 5.389195834664777252e-01 4.480959622386851970e-01 5.609487730822706464e-01 3.133863130273393249e-01 5.239822938747373815e-01 4.697709162904228908e-01 4.184395042894217820e-01 0.000000000000000000e+00 7.102293322277162257e-01 6.994099374565786453e-01 5.098924522220722455e-01 1.678393161934922384e-01 8.994800470265331693e-01 7.655668095532848216e-01 2.368530413209242735e-01
3.998930250049054225e-01 6.128262096099310607e-01 5.060111072472295302e-02 4.851876526211434948e-01 4.116111373672244333e-01 6.333069965677300406e-01 5.523868734267487479e-01 5.657017783034001823e-02 7.598097892750412807e-01 5.780093126265145598e-01 5.748279947841798965e-01 7.590084315598921716e-01 1.151469780661097397e-01 7.996434142067322393e-01 2.429849331957357750e-01 5.468385009654437301e-01 4.040085516378619790e-01 6.004891411386894529e-01 6.544618676963703807e-01 9.061042299814494605e-01 4.216994946298834313e-01 6.486972429085049452e-01 4.836943987416400526e-01 3.614734810371318385e-01 8.231335078880230860e-01 9.518285073015981812e-01 6.051589491096843743e-01 7.102293322277162257e-01 0.000000000000000000e+00 1.625489144484624227e-01 9.625665808576553406e-01 2.812322828298787769e-01 4.304756781547572908e-01 5.140031216598190955e-01 4.008335297887839488e-01
9.210368048214834236e-01 1.085451398021282099e-01 3.566166616880714901e-01 3.592177850572675357e-01 4.286417431359743624e-01 2.780670476651211365e-01 9.811286549783293509e-02 8.180444107466694481e-01 5.343636746326179132e-01 5.074781044956393483e-01 5.291321791311975886e-01 6.259944593231467902e-01 5.694891750247026430e-01 9.289493726432439535e-01 7.100501738104414429e-01 7.340341260844022164e-01 5.486745171921378894e-01 4.114695846975615634e-01 3.275418000675743846e-01 5.772834916162263852e-01 4.080099570432506040e-01 2.845127062925164596e-01 4.876149288729118569e-01 4.814115963010282551e-01 6.051730810350520740e-01 2.284419860082381182e-01 3.293541132479370637e-01 6.994099374565786453e-01 1.625489144484624227e-01 0.000000000000000000e+00 3.991053272236111393e-01 4.355471071536075045e-01 3.244932509530190634e-01 8.793711467528988468e-01 4.115335057274024377e-01
7.176924765262457928e-01 7.974741973713501686e-01 6.686626206413689433e-01 5.489510720139150202e-01 7.416033316048953328e-01 5.926325703007796486e-01 4.492163884008953945e-01 6.772344970012231791e-01 6.068939729768144664e-01 4.499234390448477727e-01 4.163801334076814298e-01 1.360877981418832094e-01 6.276765624020634871e-01 5.445041396847640769e-01 8.724913081271623572e-02 7.343703631468557758e-01 6.884935225401023207e-01 2.642738538269624460e-01 5.016750445580415718e-01 6.834598710324171211e-01 3.765408567368409565e-01 2.653384192822580423e-01 8.023613341927992026e-01 4.169417290567725143e-01 6.980959941404756286e-01 6.130686843149230070e-01 5.902420407305124517e-01 5.098924522220722455e-01 9.625665808576553406e-01 3.991053272236111393e-01 0.000000000000000000e+00 4.985620824140923890e-01 4.527140021806614900e-01 6.241726990090666893e-01 4.711484816787333552e-01
8.414657647910923632e-01 4.765507387392805549e-01 1.959226968779834710e-01 4.967965044434052291e-01 2.955324015609094301e-01 5.232795450527958359e-01 5.059737790428076032e-01 3.320708931184002122e-01 6.100809924747556678e-01 6.524886794228286213e-01 3.530458505527380164e-01 7.444407845449521055e-01 3.369578223337334477e-01 7.198847846940882311e-01 4.515923662544592543e-01 2.932967916777343698e-01 8.688115855064266757e-01 6.416143763612256468e-01 4.452959564546214444e-01 8.417717126434663966e-01 5.930281120200127098e-01 5.712297058163153807e-01 2.766330189308524590e-01 3.124154737449445496e-01 4.764697111723257827e-01 6.153868597969821552e-01 4.701501862890151151e-01 1.678393161934922384e-01 2.812322828298787769e-01 4.355471071536075045e-01 4.985620824140923890e-01 0.000000000000000000e+00 6.145108048333589590e-01 9.325229575106790403e-01 2.813588175475262299e-01
5.389602139903326705e-01 4.656780539605618330e-01 6.620603142721528389e-01 2.296581008639111410e-01 4.361055388198130101e-01 7.119990574800253436e-01 4.330472485960551454e-01 4.914967532273474271e-01 7.438399664599257832e-01 6.841966202971567768e-01 4.404651691464745444e-01 3.006998530786770818e-01 4.849717366739164648e-01 4.516821365502853847e-01 7.918207155431606914e-01 5.431106301239956302e-01 5.248142514763187716e-01 1.796823861004086531e-01 6.071349226961458845e-01 8.161249855786838481e-01 4.666795267021984772e-01 5.193429267449393150e-01 7.761625467686636970e-01 2.169038180878103406e-01 2.213888233295551178e-01 2.202594546332371506e-01 4.329422537510392854e-01 8.994800470265331693e-01 4.304756781547572908e-01 3.244932509530190634e-01 4.527140021806614900e-01 6.145108048333589590e-01 0.000000000000000000e+00 5.685376997889428630e-01 8.227328936600786236e-01
7.050796007090409656e-01 3.815721663365037597e-01 3.731739552819728356e-01 1.597268272517210486e-01 1.949570024559053039e-01 4.854570510222653290e-01 4.441920509318695864e-01 3.973098139864811307e-01 4.909569084260583804e-01 9.433324839767580627e-01 7.841951639238097238e-01 4.097010044389677308e-01 4.198105901260913986e-01 4.156645982728852107e-01 6.606734238027897055e-01 7.682964396736529089e-01 2.432002094400049219e-01 8.403879712942051716e-01 2.687775192095612775e-01 7.442999456040410022e-01 6.054045491424089320e-01 5.451027019608936097e-01 2.317717876283140743e-01 7.016117692466053990e-01 4.208929038100645004e-01 8.281825322744434947e-02 8.396435639620312141e-01 7.655668095532848216e-01 5.140031216598190955e-01 8.793711467528988468e-01 6.241726990090666893e-01 9.325229575106790403e-01 5.685376997889428630e-01 0.000000000000000000e+00 2.318453442448129564e-01
3.250640100437337532e-01 8.187700739000440819e-01 3.075028568814985874e-01 5.098447949005612267e-01 6.642058698764982116e-01 2.674754108209406178e-01 2.968522515937885853e-01 6.272919378292645121e-01 3.872016642634014127e-01 3.731918766375750818e-01 2.939337410433222608e-01 7.871954866092238934e-01 5.714362381953590475e-01 4.957878687419917663e-01 1.751671195005830572e-01 4.679191949263862282e-01 6.314212263878659082e-01 6.259512585453672617e-01 2.194741928220784177e-01 5.508905876279966973e-01 5.315379458494777776e-01 3.700027120322385565e-01 5.695549200628116093e-01 7.544563523109043546e-02 7.287943694700232955e-01 5.032899524457822293e-01 4.956820850859033900e-01 2.368530413209242735e-01 4.008335297887839488e-01 4.115335057274024377e-01 4.711484816787333552e-01 2.813588175475262299e-01 8.227328936600786236e-01 2.318453442448129564e-01 0.000000000000000000e+00
