0.000000000000000000e+00 6.147734787839080894e-01 2.616663542673950404e-01 4.281549721516650919e-01 6.798305631103047642e-01 4.660065428423241229e-01 3.900999278931452374e-01 2.163438330578466573e-01 4.899930596711232766e-03 5.242225415552217438e-01 6.847050618001799815e-01 5.411534726998222800e-01 4.788885053494141286e-01 6.121168124279424694e-01 5.194312003093823904e-01 3.227606282089543477e-01 5.982180086007456987e-01 2.293161413080770372e-01 4.878012686493873318e-01 5.616991749252298050e-01 4.820943468823712386e-01 5.945567221095184873e-01 4.596874243183898257e-01 2.618843140900639632e-01 4.942798323727711218e-01 7.652140017563517915e-01 3.922862615269361308e-01 8.033501542616108271e-01 7.960752326303033310e-01 3.055888088886907217e-01 7.506894041769736070e-01 1.771564143704902339e-01 1.467726978075154509e-01 5.591334210646838887e-01 3.620316895644255517e-01
6.147734787839080894e-01 0.000000000000000000e+00 5.202307108261929880e-01 2.701035103073020638e-01 4.903938252718238466e-01 2.643161668169883849e-01 9.436594097846477958e-01 4.124408771815172292e-01 2.332212686354219189e-01 4.726692958390139587e-01 3.048678502931837508e-01 1.691673172681077419e-01 3.020730171651396789e-01 5.347556655831799954e-01 3.951521175105758843e-01 1.336600178233431357e-01 6.077221847377876074e-01 3.879331387296214295e-01 6.809994361800963958e-01 4.274046541839015001e-01 8.797024893120298783e-01 5.275597498634447824e-01 9.343096771085728225e-01 8.287554615175884987e-01 5.416962123519720729e-01 3.838838018312390465e-01 7.250578812886531166e-01 6.639873218942440314e-01 5.987672278940987525e-01 1.407262672183684504e-02 6.700488348874140687e-01 6.534781228173354162e-01 8.038044125479573143e-01 4.901882259448406831e-01 4.727276624422740436e-01
2.616663542673950404e-01 5.202307108261929880e-01 0.000000000000000000e+00 4.681083882485638226e-01 6.412574525132079817e-01 4.562789330095043949e-01 6.694981681193900025e-01 7.903451048337646334e-01 4.653376766581961976e-01 2.633755241250076429e-01 2.201798712457833651e-01 8.060076426033404573e-01 5.507745978006822751e-01 3.768739612442789655e-01 5.195112460364651463e-01 7.194336575018094315e-01 5.870079530953720148e-01 4.260753129576587139e-01 7.296260298440373493e-01 4.805676608763503888e-01 5.845927363731762139e-01 4.160440716569698827e-01 3.706073694468574597e-01 6.124300761509191560e-01 7.336311561123477487e-01 3.118878331751394617e-01 1.445668346543382832e-01 3.957004636994007063e-01 4.495504294299247361e-01 6.641630468336375825e-01 4.926053481563754666e-01 5.313351331600498773e-01 5.060310090094003455e-01 6.115967813623960359e-01 6.962041002203583906e-01
4.281549721516650919e-01 2.701035103073020638e-01 4.681083882485638226e-01 0.000000000000000000e+00 7.559448209860921697e-01 3.907534965729637655e-01 4.519434316670252194e-01 4.619509167253679216e-01 1.022551303969144176e-01 2.709110978992667063e-01 7.779457462831671499e-01 7.786238418865626398e-01 5.081676510271107006e-01 4.252068206988941501e-01 8.031550844268686706e-01 4.389033607661649294e-01 7.713506268707306379e-01 9.572293978697752337e-01 4.943307140411691281e-01 7.813541867725793955e-01 6.604886856387499616e-01 9.348615530619288627e-01 6.842666980339522365e-01 7.393515341602829860e-01 4.998539120912549594e-01 4.382442428777391097e-01 5.045627362518536607e-01 5.508835048868330198e-01 2.600114563905378540e-01 6.377386567152592001e-01 6.727292724370519394e-01 7.416942220750566417e-01 4.590599961374878801e-01 3.336338404606997154e-01 3.001417493845229822e-01
6.798305631103047642e-01 4.903938252718238466e-01 6.412574525132079817e-01 7.559448209860921697e-01 0.000000000000000000e+00 1.951863405943013996e-01 4.909925183976479590e-01 4.259018036642688854e-01 7.506168551026352054e-01 5.366040174978018440e-01 2.029859220141804199e-01 7.834401321973591958e-01 3.788173146200666253e-01 4.148377710595667622e-01 6.397148878626528479e-01 5.280230002214233442e-01 2.055606521066034587e-01 8.307818057418852042e-01 7.444245141123114751e-01 8.695838242481338520e-01 1.927596380452097358e-01 5.720184481296597401e-01 2.558625552353844812e-01 5.418590860032965750e-01 8.461585556518715912e-01 5.149131374210604850e-01 2.762929820485930943e-01 4.883756271376017422e-01 5.545738083973790200e-01 4.893629707615785307e-01 5.090377696226811022e-01 6.856879461151507149e-01 7.533696074946147903e-01 5.234988146736800907e-01 5.821871140084816654e-01
4.660065428423241229e-01 2.643161668169883849e-01 4.562789330095043949e-01 3.907534965729637655e-01 1.951863405943013996e-01 0.000000000000000000e+00 4.020091742185583072e-01 4.105874661727245689e-01 7.798864454151970271e-01 7.845663831529336996e-01 6.895940978034376112e-01 4.489836730354886951e-01 7.182895968475289106e-01 6.562151912667764098e-01 6.634081277335031057e-01 2.314920889641631507e-01 3.844018937841265360e-01 2.915659077027803470e-01 1.025282445809665433e-01 7.790570255943614075e-01 2.498997330725540311e-01 4.782161285535736495e-01 3.387035481018835226e-01 2.848759350295536619e-01 4.360988670008596468e-01 5.324614730876765512e-01 4.534109468265379861e-01 5.407596572030370918e-02 3.068102516858727258e-01 3.083956177533967447e-01 2.445066162960178868e-01 5.972081998430236460e-01 1.759498486479655899e-01 5.312512116903561621e-01 6.018572477114477737e-01
3.900999278931452374e-01 9.436594097846477958e-01 6.694981681193900025e-01 4.519434316670252194e-01 4.909925183976479590e-01 4.020091742185583072e-01 0.000000000000000000e+00 7.060650488675646042e-01 3.432751429584234293e-01 4.159245501391811151e-01 7.048251059134518215e-01 4.623548226292054641e-01 6.891318672651056687e-01 4.132601403129227413e-01 2.190639448317764915e-01 7.335457281926013318e-01 6.599723129200470995e-01 1.466257548742013195e-01 5.338244570155982194e-01 5.248474600174313220e-01 5.547932256902765591e-01 4.753310345393530478e-01 8.001273981558927328e-01 3.060825963073224854e-01 8.965176914301181688e-01 2.459900992512583651e-01 8.503673343351011438e-01 1.612075222843144529e-01 4.633183562827854485e-01 4.725212109351084044e-01 7.777832257858013909e-01 4.512686452811170978e-01 6.785651308147266914e-01 4.269918270659177617e-01 8.277308025947709424e-01
2.163438330578466573e-01 4.124408771815172292e-01 7.903451048337646334e-01 4.619509167253679216e-01 4.259018036642688854e-01 4.105874661727245689e-01 7.060650488675646042e-01 0.000000000000000000e+00 5.308523718373063804e-01 3.301587965290142535e-01 3.621824207453993028e-01 4.215465826971990237e-01 4.066759852854120449e-01 3.916232740367511234e-01 4.840522211758793159e-01 7.183342170580535591e-01 4.046742180104668241e-01 7.921813090814764369e-01 3.009187456849790610e-01 4.678468556607481288e-01 4.962049370358212474e-01 6.466766371127996571e-01 8.622170802679418600e-02 6.790761540186323053e-01 3.414773377111475217e-01 5.009197432588248233e-01 4.454003909418186025e-01 5.167190935360870263e-01 4.734715096207438023e-01 3.648519318984071447e-01 4.959879381346201654e-01 3.844321159825097034e-01 4.272486807330319047e-01 5.055637866171591721e-01 6.099497018998020215e-01
4.899930596711232766e-03 2.332212686354219189e-01 4.653376766581961976e-01 1.022551303969144176e-01 7.506168551026352054e-01 7.798864454151970271e-01 3.432751429584234293e-01 5.308523718373063804e-01 0.000000000000000000e+00 9.061248686968121913e-01 2.799265059492785923e-01 5.496784707277635462e-01 8.159957692890500436e-01 4.073626037777165476e-01 6.042353905997657204e-01 8.549447970245900308e-01 1.016183458484799518e-01 4.494895880245479702e-01 4.081271382271225434e-01 3.599300928749074036e-01 6.285304565567721991e-01 4.244629999153126665e-01 5.859553069248324420e-01 5.247768443363800550e-01 5.260012506989413250e-01 3.730377241689195600e-01 5.038047504739113780e-01 9.928306814988852036e-02 4.406490618740064313e-01 5.584317871658701637e-01 9.949017186404740531e-02 1.953309781447192250e-01 4.518252791465715568e-01 5.241503881066824633e-01 5.097787081370888096e-01
5.242225415552217438e-01 4.726692958390139587e-01 2.633755241250076429e-01 2.709110978992667063e-01 5.366040174978018440e-01 7.845663831529336996e-01 4.159245501391811151e-01 3.301587965290142535e-01 9.061248686968121913e-01 0.000000000000000000e+00 5.236171122608179740e-01 2.248252581767483660e-01 1.148179195166348920e-01 2.076955835948656182e-01 3.830048440753922590e-01 4.930549369849698271e-01 5.348538290596200895e-01 9.621277789381696977e-01 7.698849768300450869e-01 6.687451720566415236e-01 4.472531280669439502e-01 5.896578358053459201e-01 4.810856962859444419e-01 4.405407412255109012e-01 8.772275671091626092e-01 5.330973925238796651e-01 6.978684095051896907e-01 2.679849237471900736e-01 5.743433605744490134e-01 5.657144947364687315e-01 4.228037665718430982e-01 6.933476926998566325e-01 8.770837261864985468e-01 2.956479267697798008e-01 7.023353114264452302e-01
6.847050618001799815e-01 3.048678502931837508e-01 2.201798712457833651e-01 7.779457462831671499e-01 2.029859220141804199e-01 6.895940978034376112e-01 7.048251059134518215e-01 3.621824207453993028e-01 2.799265059492785923e-01 5.236171122608179740e-01 0.000000000000000000e+00 4.496567462939597970e-01 8.048470618167526958e-01 5.727018210521579444e-01 8.043089813468788929e-01 7.008384962333267243e-01 5.744382865538880667e-01 8.437761300850548096e-01 5.591602133626724092e-01 9.319377603511835861e-02 6.644429290803051114e-01 6.259904793228480147e-01 8.327604206844293477e-01 3.181113893685865168e-01 2.919593989256291100e-01 9.102743013748773038e-01 6.418948602738920872e-01 1.677696107552251181e-01 8.250168558043922129e-01 6.159382842215127551e-01 2.140717292112728209e-01 5.272849734265111499e-01 3.579990658900025213e-01 7.528379465786483316e-01 4.186136193437010045e-01
5.411534726998222800e-01 1.691673172681077419e-01 8.060076426033404573e-01 7.786238418865626398e-01 7.834401321973591958e-01 4.489836730354886951e-01 4.623548226292054641e-01 4.215465826971990237e-01 5.496784707277635462e-01 2.248252581767483660e-01 4.496567462939597970e-01 0.000000000000000000e+00 7.988564178366004409e-01 3.377495232044446238e-01 5.789161705623031562e-01 6.334015573937810117e-01 4.941813055817445011e-01 5.054187695239591438e-01 2.328470759422863190e-01 6.628189202315253326e-01 9.059823894868983540e-01 8.787907436578863418e-01 5.535100879252442541e-01 7.437390903289943234e-01 4.862751587368511208e-01 8.523120780489147341e-01 4.525432809504096321e-01 1.713048737698315005e-01 3.804379660924450124e-01 7.866870693241569956e-01 7.018500356591265144e-01 7.852825061077812752e-01 7.623772094648550990e-02 6.966336729111273218e-01 5.409557774748483538e-01
4.788885053494141286e-01 3.020730171651396789e-01 5.507745978006822751e-01 5.081676510271107006e-01 3.788173146200666253e-01 7.182895968475289106e-01 6.891318672651056687e-01 4.066759852854120449e-01 8.159957692890500436e-01 1.148179195166348920e-01 8.048470618167526958e-01 7.988564178366004409e-01 0.000000000000000000e+00 2.814221192070740507e-01 3.543948332251858346e-01 6.325904577655292460e-01 4.010551821924335236e-01 5.643156248381122619e-01 5.416056256687424852e-01 7.880159390567480493e-01 3.895375835415267884e-01 5.320656328276368585e-01 3.496401069054868582e-01 5.653709952107206504e-01 4.261645257410324739e-01 8.094538976270901909e-01 5.802426405063243475e-01 7.337988833332593774e-01 3.379829058602411562e-01 9.147956140595258079e-01 4.610009980345575187e-01 2.601661992066944817e-01 4.567213760859696325e-01 2.385227897199122260e-01 4.484684648615724356e-01
6.121168124279424694e-01 5.347556655831799954e-01 3.768739612442789655e-01 4.252068206988941501e-01 4.148377710595667622e-01 6.562151912667764098e-01 4.132601403129227413e-01 3.916232740367511234e-01 4.073626037777165476e-01 2.076955835948656182e-01 5.727018210521579444e-01 3.377495232044446238e-01 2.814221192070740507e-01 0.000000000000000000e+00 5.895247666242433571e-01 2.456869212723604701e-01 5.104573293928997835e-01 7.598118010594625549e-01 3.725501069396034981e-01 2.575681214240310712e-01 7.000017716478088570e-01 4.027162883603448984e-01 2.276833187677957393e-01 3.946293837697796292e-01 2.073765916268367482e-01 5.042033512395723838e-01 6.575832373672865216e-01 8.307565383334940545e-01 3.120610150669667071e-01 7.286252135959767617e-01 7.269430238651912735e-01 3.801514248490487358e-01 6.592939541823410465e-01 1.566908886229505526e-01 9.364927572351844365e-02
5.194312003093823904e-01 3.951521175105758843e-01 5.195112460364651463e-01 8.031550844268686706e-01 6.397148878626528479e-01 6.634081277335031057e-01 2.190639448317764915e-01 4.840522211758793159e-01 6.042353905997657204e-01 3.830048440753922590e-01 8.043089813468788929e-01 5.789161705623031562e-01 3.543948332251858346e-01 5.895247666242433571e-01 0.000000000000000000e+00 4.409574543220305953e-01 6.290689424393950402e-01 4.522660886054259421e-01 7.910163972653032616e-01 5.054016101952083506e-01 5.703458973498467532e-01 2.191642418065653519e-01 3.621376762815314843e-01 4.701206395933095750e-01 8.644284584644885694e-01 5.113855286875257367e-01 3.400487975297947219e-01 4.018770097420835130e-01 4.077228085106707756e-01 6.729408543688254474e-01 4.538805841214696990e-01 8.880730622332688728e-01 6.274169884008504727e-01 3.768030575227838685e-01 7.748218585408763737e-01
3.227606282089543477e-01 1.336600178233431357e-01 7.194336575018094315e-01 4.389033607661649294e-01 5.280230002214233442e-01 2.314920889641631507e-01 7.335457281926013318e-01 7.183342170580535591e-01 8.549447970245900308e-01 4.930549369849698271e-01 7.008384962333267243e-01 6.334015573937810117e-01 6.325904577655292460e-01 2.456869212723604701e-01 4.409574543220305953e-01 0.000000000000000000e+00 6.498042556940575309e-01 3.248898367707999668e-01 3.994393424025567407e-01 5.980189567737368428e-01 5.145067150712172577e-01 2.366703077303917713e-01 6.740205203898843589e-01 9.455033691152494590e-01 4.142860219299870916e-01 5.165798706047297628e-01 3.412507612824272618e-01 4.804926545038742391e-01 6.140790326858935888e-01 1.300322088620384786e-01 3.306347055652798517e-01 5.100278431928921830e-01 3.174522182849723873e-01 6.986506264835055102e-01 6.535251891310012162e-01
5.982180086007456987e-01 6.077221847377876074e-01 5.870079530953720148e-01 7.713506268707306379e-01 2.055606521066034587e-01 3.844018937841265360e-01 6.599723129200470995e-01 4.046742180104668241e-01 1.016183458484799518e-01 5.348538290596200895e-01 5.744382865538880667e-01 4.941813055817445011e-01 4.010551821924335236e-01 5.104573293928997835e-01 6.290689424393950402e-01 6.498042556940575309e-01 0.000000000000000000e+00 9.076813275413022630e-01 6.053871584930206051e-01 5.577332087778004155e-01 3.015640539045382207e-01 6.756430415001364320e-01 7.389739902928105231e-01 7.089235658286412445e-01 4.440716202493406040e-01 5.126997047228372129e-01 8.938468340294427605e-01 5.764746727593715869e-01 3.683991840601054113e-01 5.593491654135518409e-02 3.994543242031001196e-01 5.567137134140869303e-01 5.593999417588378931e-01 5.175423130561211948e-01 3.315285736597604060e-01
2.293161413080770372e-01 3.879331387296214295e-01 4.260753129576587139e-01 9.572293978697752337e-01 8.307818057418852042e-01 2.915659077027803470e-01 1.466257548742013195e-01 7.921813090814764369e-01 4.494895880245479702e-01 9.621277789381696977e-01 8.437761300850548096e-01 5.054187695239591438e-01 5.643156248381122619e-01 7.598118010594625549e-01 4.522660886054259421e-01 3.248898367707999668e-01 9.076813275413022630e-01 0.000000000000000000e+00 6.686204069104005887e-01 8.497918798866456180e-01 1.271939139070571434e-01 4.515613385461917928e-01 4.223257569082748408e-01 1.276698837321277313e-01 7.210047037697309147e-01 4.836294794222073534e-01 5.848193677878134045e-01 3.736718513259903451e-01 6.932542624638866613e-01 5.070535422319704111e-01 1.542338559706748491e-01 1.338660822347418344e-01 7.125057050628651467e-01 5.449006203766890710e-01 7.705954262412983979e-01
4.878012686493873318e-01 6.809994361800963958e-01 7.296260298440373493e-01 4.943307140411691281e-01 7.444245141123114751e-01 1.025282445809665433e-01 5.338244570155982194e-01 3.009187456849790610e-01 4.081271382271225434e-01 7.698849768300450869e-01 5.591602133626724092e-01 2.328470759422863190e-01 5.416056256687424852e-01 3.725501069396034981e-01 7.910163972653032616e-01 3.994393424025567407e-01 6.053871584930206051e-01 6.686204069104005887e-01 0.000000000000000000e+00 4.949409358736454045e-01 1.079474988884880915e-01 6.106461118374095776e-03 4.472722942158285364e-01 6.893251763273258170e-01 5.102701803352505117e-01 6.100911147746319596e-01 6.525619989834119394e-01 3.271679121992595030e-01 3.381807329512384053e-01 6.119160252780740938e-01 2.375848900860639823e-01 7.356584475510815624e-01 5.570922382434351228e-01 9.018909372505219402e-01 2.078373799256496568e-01
5.616991749252298050e-01 4.274046541839015001e-01 4.805676608763503888e-01 7.813541867725793955e-01 8.695838242481338520e-01 7.790570255943614075e-01 5.248474600174313220e-01 4.678468556607481288e-01 3.599300928749074036e-01 6.687451720566415236e-01 9.319377603511835861e-02 6.628189202315253326e-01 7.880159390567480493e-01 2.575681214240310712e-01 5.054016101952083506e-01 5.980189567737368428e-01 5.577332087778004155e-01 8.497918798866456180e-01 4.949409358736454045e-01 0.000000000000000000e+00 8.509678308542567571e-01 3.984029015863889134e-01 4.071372414084782898e-01 5.377405521932820953e-01 4.325750679126960652e-01 3.011883902575933636e-01 4.056384059285674804e-01 5.532997728771773538e-01 4.974404770939574449e-01 4.778607050111027266e-01 1.350095953404532589e-01 5.897555535272342997e-01 2.656816135541234525e-01 9.311469347759868675e-01 5.178773522164504817e-01
4.820943468823712386e-01 8.797024893120298783e-01 5.845927363731762139e-01 6.604886856387499616e-01 1.927596380452097358e-01 2.498997330725540311e-01 5.547932256902765591e-01 4.962049370358212474e-01 6.285304565567721991e-01 4.472531280669439502e-01 6.644429290803051114e-01 9.059823894868983540e-01 3.895375835415267884e-01 7.000017716478088570e-01 5.703458973498467532e-01 5.145067150712172577e-01 3.015640539045382207e-01 1.271939139070571434e-01 1.079474988884880915e-01 8.509678308542567571e-01 0.000000000000000000e+00 6.262121691168551774e-01 2.553477541336254264e-01 6.692977602184114749e-01 7.685451724967859999e-01 6.843771971997641979e-01 1.225716965769497735e-01 7.718233936270563200e-01 5.181739820838328070e-01 2.475788381305317198e-01 7.211301971747839934e-01 2.020316810376161509e-01 3.423259261179837920e-01 2.543070537700716782e-01 7.835403985044857578e-01
5.945567221095184873e-01 5.275597498634447824e-01 4.160440716569698827e-01 9.348615530619288627e-01 5.720184481296597401e-01 4.782161285535736495e-01 4.753310345393530478e-01 6.466766371127996571e-01 4.244629999153126665e-01 5.896578358053459201e-01 6.259904793228480147e-01 8.787907436578863418e-01 5.320656328276368585e-01 4.027162883603448984e-01 2.191642418065653519e-01 2.366703077303917713e-01 6.756430415001364320e-01 4.515613385461917928e-01 6.106461118374095776e-03 3.984029015863889134e-01 6.262121691168551774e-01 0.000000000000000000e+00 4.918298784643189703e-01 4.098898747934541231e-01 7.666671265664916080e-01 4.027140871034813330e-01 6.897998648957774925e-01 5.593711450565113097e-01 3.673282213304058796e-01 6.938477117556804963e-01 6.569267721374706381e-01 6.597252908157047457e-02 8.597768074361322732e-02 2.144227118311144986e-01 4.692839084222127921e-01
4.596874243183898257e-01 9.343096771085728225e-01 3.706073694468574597e-01 6.842666980339522365e-01 2.558625552353844812e-01 3.387035481018835226e-01 8.001273981558927328e-01 8.622170802679418600e-02 5.859553069248324420e-01 4.810856962859444419e-01 8.327604206844293477e-01 5.535100879252442541e-01 3.496401069054868582e-01 2.276833187677957393e-01 3.621376762815314843e-01 6.740205203898843589e-01 7.389739902928105231e-01 4.223257569082748408e-01 4.472722942158285364e-01 4.071372414084782898e-01 2.553477541336254264e-01 4.918298784643189703e-01 0.000000000000000000e+00 2.242436429582789215e-01 9.292023011308274683e-01 6.230690596825478877e-01 5.852421753822815154e-01 4.357880932319910805e-01 8.446858703678774560e-01 8.369340765712844910e-01 9.074038091230646197e-01 4.255293910633689003e-01 3.446630722558784443e-01 7.342166117352324495e-01 3.451346847494927150e-01
2.618843140900639632e-01 8.287554615175884987e-01 6.124300761509191560e-01 7.393515341602829860e-01 5.418590860032965750e-01 2.848759350295536619e-01 3.060825963073224854e-01 6.790761540186323053e-01 5.247768443363800550e-01 4.405407412255109012e-01 3.181113893685865168e-01 7.437390903289943234e-01 5.653709952107206504e-01 3.946293837697796292e-01 4.701206395933095750e-01 9.455033691152494590e-01 7.089235658286412445e-01 1.276698837321277313e-01 6.893251763273258170e-01 5.377405521932820953e-01 6.692977602184114749e-01 4.098898747934541231e-01 2.242436429582789215e-01 0.000000000000000000e+00 3.152706778786342756e-01 1.098664936025436356e-01 4.186899401988352087e-01 5.616435744446279799e-02 5.015000895475618670e-01 7.974252688648013621e-01 2.876057701225223084e-01 7.506152067274173278e-01 5.208225989840915560e-01 6.013272549042543158e-01 3.929681218719054958e-01
4.942798323727711218e-01 5.416962123519720729e-01 7.336311561123477487e-01 4.998539120912549594e-01 8.461585556518715912e-01 4.360988670008596468e-01 8.965176914301181688e-01 3.414773377111475217e-01 5.260012506989413250e-01 8.772275671091626092e-01 2.919593989256291100e-01 4.862751587368511208e-01 4.261645257410324739e-01 2.073765916268367482e-01 8.644284584644885694e-01 4.142860219299870916e-01 4.440716202493406040e-01 7.210047037697309147e-01 5.102701803352505117e-01 4.325750679126960652e-01 7.685451724967859999e-01 7.666671265664916080e-01 9.292023011308274683e-01 3.152706778786342756e-01 0.000000000000000000e+00 6.281783557510702831e-01 1.678171583283771806e-01 1.183391905583514037e-01 3.921967349600501418e-01 5.722532058329241611e-01 3.249243481513875986e-01 6.856843111928373480e-01 5.197393764677872285e-01 9.059156601114810581e-01 2.758239153780965847e-01
7.652140017563517915e-01 3.838838018312390465e-01 3.118878331751394617e-01 4.382442428777391097e-01 5.149131374210604850e-01 5.324614730876765512e-01 2.459900992512583651e-01 5.009197432588248233e-01 3.730377241689195600e-01 5.330973925238796651e-01 9.102743013748773038e-01 8.523120780489147341e-01 8.094538976270901909e-01 5.042033512395723838e-01 5.113855286875257367e-01 5.165798706047297628e-01 5.126997047228372129e-01 4.836294794222073534e-01 6.100911147746319596e-01 3.011883902575933636e-01 6.843771971997641979e-01 4.027140871034813330e-01 6.230690596825478877e-01 1.098664936025436356e-01 6.281783557510702831e-01 0.000000000000000000e+00 5.731798721475908076e-01 4.280830057120337262e-01 5.756432447807450226e-01 4.986093039679402317e-01 2.666213030663034944e-01 7.699881686577448869e-01 5.874239742167630673e-01 5.871596986162725962e-01 4.088575088291774851e-01
3.922862615269361308e-01 7.250578812886531166e-01 1.445668346543382832e-01 5.045627362518536607e-01 2.762929820485930943e-01 4.534109468265379861e-01 8.503673343351011438e-01 4.454003909418186025e-01 5.038047504739113780e-01 6.978684095051896907e-01 6.418948602738920872e-01 4.525432809504096321e-01 5.802426405063243475e-01 6.575832373672865216e-01 3.400487975297947219e-01 3.412507612824272618e-01 8.938468340294427605e-01 5.848193677878134045e-01 6.525619989834119394e-01 4.056384059285674804e-01 1.225716965769497735e-01 6.897998648957774925e-01 5.852421753822815154e-01 4.186899401988352087e-01 1.678171583283771806e-01 5.731798721475908076e-01 0.000000000000000000e+00 5.607929067227159781e-01 1.711113411838842691e-01 6.217069655707507803e-01 8.958656163673892614e-01 6.105548925229047352e-01 4.132715065016818179e-01 5.962498371968505406e-01 7.717461973865872293e-01
8.033501542616108271e-01 6.639873218942440314e-01 3.957004636994007063e-01 5.508835048868330198e-01 4.883756271376017422e-01 5.407596572030370918e-02 1.612075222843144529e-01 5.167190935360870263e-01 9.928306814988852036e-02 2.679849237471900736e-01 1.677696107552251181e-01 1.713048737698315005e-01 7.337988833332593774e-01 8.307565383334940545e-01 4.018770097420835130e-01 4.804926545038742391e-01 5.764746727593715869e-01 3.736718513259903451e-01 3.271679121992595030e-01 5.532997728771773538e-01 7.718233936270563200e-01 5.593711450565113097e-01 4.357880932319910805e-01 5.616435744446279799e-02 1.183391905583514037e-01 4.280830057120337262e-01 5.607929067227159781e-01 0.000000000000000000e+00 3.600368921291944302e-01 5.761433183579427464e-01 7.263987824967657048e-01 6.414969656071394244e-01 1.274573292918903533e-01 7.040068572001838554e-01 6.368906517944983303e-01
7.960752326303033310e-01 5.987672278940987525e-01 4.495504294299247361e-01 2.600114563905378540e-01 5.545738083973790200e-01 3.068102516858727258e-01 4.633183562827854485e-01 4.734715096207438023e-01 4.406490618740064313e-01 5.743433605744490134e-01 8.250168558043922129e-01 3.804379660924450124e-01 3.379829058602411562e-01 3.120610150669667071e-01 4.077228085106707756e-01 6.140790326858935888e-01 3.683991840601054113e-01 6.932542624638866613e-01 3.381807329512384053e-01 4.974404770939574449e-01 5.181739820838328070e-01 3.673282213304058796e-01 8.446858703678774560e-01 5.015000895475618670e-01 3.921967349600501418e-01 5.756432447807450226e-01 1.711113411838842691e-01 3.600368921291944302e-01 0.000000000000000000e+00 7.294532097462645970e-01 7.052541348362665330e-01 2.923184237224399906e-01 4.071569305045174003e-01 8.994080921373828197e-01 8.994483222826443747e-02
3.055888088886907217e-01 1.407262672183684504e-02 6.641630468336375825e-01 6.377386567152592001e-01 4.893629707615785307e-01 3.083956177533967447e-01 4.725212109351084044e-01 3.648519318984071447e-01 5.584317871658701637e-01 5.657144947364687315e-01 6.159382842215127551e-01 7.866870693241569956e-01 9.147956140595258079e-01 7.286252135959767617e-01 6.729408543688254474e-01 1.300322088620384786e-01 5.593491654135518409e-02 5.070535422319704111e-01 6.119160252780740938e-01 4.778607050111027266e-01 2.475788381305317198e-01 6.938477117556804963e-01 8.369340765712844910e-01 7.974252688648013621e-01 5.722532058329241611e-01 4.986093039679402317e-01 6.217069655707507803e-01 5.761433183579427464e-01 7.294532097462645970e-01 0.000000000000000000e+00 3.870009173210889886e-01 3.399002652226595922e-01 5.374746836774959569e-01 5.806836012637520694e-01 7.985058485926959104e-01
7.506894041769736070e-01 6.700488348874140687e-01 4.926053481563754666e-01 6.727292724370519394e-01 5.090377696226811022e-01 2.445066162960178868e-01 7.777832257858013909e-01 4.959879381346201654e-01 9.949017186404740531e-02 4.228037665718430982e-01 2.140717292112728209e-01 7.018500356591265144e-01 4.610009980345575187e-01 7.269430238651912735e-01 4.538805841214696990e-01 3.306347055652798517e-01 3.994543242031001196e-01 1.542338559706748491e-01 2.375848900860639823e-01 1.350095953404532589e-01 7.211301971747839934e-01 6.569267721374706381e-01 9.074038091230646197e-01 2.876057701225223084e-01 3.249243481513875986e-01 2.666213030663034944e-01 8.958656163673892614e-01 7.263987824967657048e-01 7.052541348362665330e-01 3.870009173210889886e-01 0.000000000000000000e+00 2.887524191523324069e-01 4.505544434049162383e-01 6.525392069394455596e-01 6.582954850870208485e-01
1.771564143704902339e-01 6.534781228173354162e-01 5.313351331600498773e-01 7.416942220750566417e-01 6.856879461151507149e-01 5.972081998430236460e-01 4.512686452811170978e-01 3.844321159825097034e-01 1.953309781447192250e-01 6.933476926998566325e-01 5.272849734265111499e-01 7.852825061077812752e-01 2.601661992066944817e-01 3.801514248490487358e-01 8.880730622332688728e-01 5.100278431928921830e-01 5.567137134140869303e-01 1.338660822347418344e-01 7.356584475510815624e-01 5.897555535272342997e-01 2.020316810376161509e-01 6.597252908157047457e-02 4.255293910633689003e-01 7.506152067274173278e-01 6.856843111928373480e-01 7.699881686577448869e-01 6.105548925229047352e-01 6.414969656071394244e-01 2.923184237224399906e-01 3.399002652226595922e-01 2.887524191523324069e-01 0.000000000000000000e+00 4.370719410654281267e-01 4.373837996016597396e-01 8.146561868055244293e-01
1.467726978075154509e-01 8.038044125479573143e-01 5.060310090094003455e-01 4.590599961374878801e-01 7.533696074946147903e-01 1.759498486479655899e-01 6.785651308147266914e-01 4.272486807330319047e-01 4.518252791465715568e-01 8.770837261864985468e-01 3.579990658900025213e-01 7.623772094648550990e-02 4.567213760859696325e-01 6.592939541823410465e-01 6.274169884008504727e-01 3.174522182849723873e-01 5.593999417588378931e-01 7.125057050628651467e-01 5.570922382434351228e-01 2.656816135541234525e-01 3.423259261179837920e-01 8.597768074361322732e-02 3.446630722558784443e-01 5.208225989840915560e-01 5.197393764677872285e-01 5.874239742167630673e-01 4.132715065016818179e-01 1.274573292918903533e-01 4.071569305045174003e-01 5.374746836774959569e-01 4.505544434049162383e-01 4.370719410654281267e-01 0.000000000000000000e+00 7.509241548581235826e-02 7.770040870633221353e-01
5.591334210646838887e-01 4.901882259448406831e-01 6.115967813623960359e-01 3.336338404606997154e-01 5.234988146736800907e-01 5.312512116903561621e-01 4.269918270659177617e-01 5.055637866171591721e-01 5.241503881066824633e-01 2.956479267697798008e-01 7.528379465786483316e-01 6.966336729111273218e-01 2.385227897199122260e-01 1.566908886229505526e-01 3.768030575227838685e-01 6.986506264835055102e-01 5.175423130561211948e-01 5.449006203766890710e-01 9.018909372505219402e-01 9.311469347759868675e-01 2.543070537700716782e-01 2.144227118311144986e-01 7.342166117352324495e-01 6.013272549042543158e-01 9.059156601114810581e-01 5.871596986162725962e-01 5.962498371968505406e-01 7.040068572001838554e-01 8.994080921373828197e-01 5.806836012637520694e-01 6.525392069394455596e-01 4.373837996016597396e-01 7.509241548581235826e-02 0.000000000000000000e+00 6.576165690574353739e-01
3.620316895644255517e-01 4.727276624422740436e-01 6.962041002203583906e-01 3.001417493845229822e-01 5.821871140084816654e-01 6.018572477114477737e-01 8.277308025947709424e-01 6.099497018998020215e-01 5.097787081370888096e-01 7.023353114264452302e-01 4.186136193437010045e-01 5.409557774748483538e-01 4.484684648615724356e-01 9.364927572351844365e-02 7.748218585408763737e-01 6.535251891310012162e-01 3.315285736597604060e-01 7.705954262412983979e-01 2.078373799256496568e-01 5.178773522164504817e-01 7.835403985044857578e-01 4.692839084222127921e-01 3.451346847494927150e-01 3.929681218719054958e-01 2.758239153780965847e-01 4.088575088291774851e-01 7.717461973865872293e-01 6.368906517944983303e-01 8.994483222826443747e-02 7.985058485926959104e-01 6.582954850870208485e-01 8.146561868055244293e-01 7.770040870633221353e-01 6.576165690574353739e-01 0.000000000000000000e+00
