0.000000000000000000e+00 8.041146322278711622e-01 6.896371464441523047e-01 8.285442166740419889e-01 2.368260250496137531e-01 4.728421447185193749e-01 7.434582439268971887e-01 4.135937724911771252e-01 2.771452302026480297e-01 6.795769898128469766e-01 6.396514324468052237e-01 8.868437187108574316e-01 3.826126811076256962e-01 7.921669789070651113e-02 6.222960778820035843e-01 4.423582024633843091e-02 7.606799418131270363e-01 1.868456097030827268e-01 5.723825260349755251e-01 7.952238619858896795e-01 8.437295780811140400e-01 3.741102975017581156e-01 5.076980950123252123e-01 4.465894241114458096e-01 4.033706397311277447e-01 6.272605377489186562e-01 5.225567980498052600e-01 4.225322761921103121e-01 4.488214421988608871e-01 5.868809947559021634e-01 6.869361025260039000e-01 4.980175646519298116e-01 7.459957676609478838e-01 7.287740853551860631e-01 4.583897904058283901e-01
8.041146322278711622e-01 0.000000000000000000e+00 2.597356020454532066e-01 4.615561484389928970e-01 7.292952216362602602e-01 7.842901953655733172e-01 6.558396313581265069e-01 1.013205205781831930e-01 4.532226716317955262e-01 5.581429027616406913e-01 6.140006481216340184e-01 2.957932657845216973e-01 2.347405710761740205e-01 8.257653870292573917e-01 5.993432037782828736e-01 5.043288064360845757e-01 2.814740658629010239e-01 6.126101678460581512e-01 5.102191535482335505e-01 7.610137303875359471e-01 2.861790087286792961e-01 7.761812456248631253e-01 9.075771266998160502e-01 7.753127698388249112e-01 5.588247180206332709e-01 7.812145142119433228e-01 6.025916783236600072e-01 1.800697647905709076e-01 2.379406036940621139e-01 4.928542913299199801e-01 3.733546482240944764e-01 8.679874345944265102e-01 1.389840082772018093e-01 3.921128948319702601e-01 4.595216295212497526e-01
6.896371464441523047e-01 2.597356020454532066e-01 0.000000000000000000e+00 1.960584561013187788e-01 5.170139599772700656e-01 2.610876675310179196e-01 6.892209157963999910e-01 5.352392142343727066e-01 5.822802224734373588e-01 5.371690692764458097e-01 2.591069449660042823e-01 7.238846003043001298e-01 7.906728908831439639e-01 3.436467460790122996e-01 9.028342564975442297e-01 5.757680039095856017e-01 7.336100101826551478e-01 8.617644522286705966e-01 5.293272738400734978e-01 4.482619726795670223e-01 5.720920969698336522e-01 8.013745269899431589e-01 5.323375769552100012e-01 2.163160610094340131e-01 6.364569445856116392e-01 4.620288183592227149e-01 6.227930626326129149e-01 4.952881772641068436e-01 2.583612166354450901e-01 4.711567624941213617e-01 8.681846158602652963e-01 7.734573580386097102e-01 7.554483811522918479e-01 4.950050877447348951e-01 5.855350819861007139e-01
8.285442166740419889e-01 4.615561484389928970e-01 1.960584561013187788e-01 0.000000000000000000e+00 5.571853994851547753e-01 6.682887944635895749e-01 2.454198932948515877e-01 2.560227985388390248e-01 5.302935506980410718e-01 2.480228400852955151e-01 5.491173394682160591e-01 7.258877387437588924e-01 9.164144106775704568e-01 8.416784141195647884e-01 5.172959022896961301e-01 6.397128030244874086e-01 7.288197346160524281e-01 3.312032558557009287e-01 3.632387347093465335e-01 3.708645710233619552e-01 4.460442106325169798e-01 7.034672282833710488e-01 5.833218257558921982e-01 2.521923616175242300e-01 8.407159751012771576e-01 4.017484051863290384e-01 7.034561750593635310e-01 6.133339802282211650e-01 5.494409719239436996e-01 6.423660385440654874e-01 3.687514917701817385e-01 5.220262449723901410e-01 6.980335075360767361e-01 2.202818463774435798e-01 8.293914093166844248e-01
2.368260250496137531e-01 7.292952216362602602e-01 5.170139599772700656e-01 5.571853994851547753e-01 0.000000000000000000e+00 5.636993548242428265e-01 2.353191833806708155e-01 4.019287687145179921e-01 7.622904404350614449e-01 3.544765396919689060e-01 5.109138758414587533e-01 7.239204790193320971e-01 3.855824233739865159e-01 5.487422063542803929e-01 8.874082424714082595e-01 3.514562828972786490e-01 2.940299271391917935e-01 3.134832194292980767e-01 5.869508741353134385e-01 8.437556680547204646e-01 5.592513927091313786e-01 4.528888826368118181e-01 4.725310883302586973e-01 5.010436683888352949e-01 2.910871206915513487e-01 4.068073781335626027e-01 8.343322444307078589e-01 4.434358159285962664e-01 1.707561749294638220e-01 5.254557351700135381e-01 7.442065719371726562e-01 1.680357897476033591e-01 8.267360553244988974e-01 5.618778868244302949e-01 4.475554177836409964e-01
4.728421447185193749e-01 7.842901953655733172e-01 2.610876675310179196e-01 6.682887944635895749e-01 5.636993548242428265e-01 0.000000000000000000e+00 5.039716832998959450e-01 8.391957716006903656e-01 4.645737467165917955e-01 4.678170186762590221e-01 4.344999352484196775e-01 5.398620858430522862e-01 3.736231592980370220e-01 5.144757345149555405e-01 6.225911313433316607e-01 3.922381730295285140e-01 4.824923790490202036e-01 4.183995086631289162e-01 7.289120420812353895e-01 4.740682973975048897e-01 6.981923746454476998e-01 8.199395353079673709e-01 4.913070100579540189e-01 5.704519401208087981e-01 7.946242772120538644e-01 4.682976819112159017e-01 3.946672913138207228e-01 4.187146791450747085e-01 6.850499763332258407e-01 2.114354364333291825e-01 5.653474707133121502e-01 2.804077253236091360e-01 5.198397979095747967e-01 7.455904157976964708e-01 2.265496483339348721e-01
7.434582439268971887e-01 6.558396313581265069e-01 6.892209157963999910e-01 2.454198932948515877e-01 2.353191833806708155e-01 5.039716832998959450e-01 0.000000000000000000e+00 4.311267917350652956e-01 3.660315958204278797e-01 7.070946068261998452e-01 3.248331127851077360e-01 4.310979235150506628e-01 3.406477761091070700e-01 1.841764843648452388e-01 4.846821172730239047e-01 6.688366752057858244e-01 1.993675672699118939e-01 2.028778921567997440e-01 1.462829621832608673e-01 5.489095752641914849e-01 5.004612363833879085e-01 7.509713309879866294e-01 7.110450613594796465e-01 2.741943287454841061e-01 6.256457667113775045e-01 3.487102908289644865e-01 2.430265071072758021e-01 6.589474077871747548e-01 6.244241480863546023e-01 8.964489525653482893e-01 7.732214790390430359e-01 3.228387270102411888e-01 5.654471420874510601e-01 3.156171877241777945e-01 6.105575129847256033e-01
4.135937724911771252e-01 1.013205205781831930e-01 5.352392142343727066e-01 2.560227985388390248e-01 4.019287687145179921e-01 8.391957716006903656e-01 4.311267917350652956e-01 0.000000000000000000e+00 8.097724254311738923e-01 2.019886985832285431e-01 7.211617965812979758e-01 8.443271374876646362e-01 8.631918587902679407e-01 5.557234845217970953e-01 3.358879550520257884e-01 4.692513309166697621e-01 5.577349389632955123e-01 3.014408806374161420e-01 3.736209336370442946e-01 1.316481374119082837e-01 4.155051276141267236e-01 1.183306208724631547e-01 7.453213083241964076e-01 5.969601483727631219e-01 4.994622390879341900e-01 4.273795436233650546e-01 2.435566084848105328e-01 7.555406172629932637e-01 8.509590975243861433e-01 3.771376735206598552e-01 4.497897812445577626e-01 7.695987340932008980e-02 3.211236712891133438e-01 3.775757587912456636e-01 3.498932677034907179e-01
2.771452302026480297e-01 4.532226716317955262e-01 5.822802224734373588e-01 5.302935506980410718e-01 7.622904404350614449e-01 4.645737467165917955e-01 3.660315958204278797e-01 8.097724254311738923e-01 0.000000000000000000e+00 3.475462155898093597e-01 2.898344237947740876e-01 6.672887383138383921e-01 6.392702788314261753e-01 8.433384583968466242e-01 6.209306597410505502e-01 2.844383017467102537e-01 6.579240982707430518e-01 6.861589637352116799e-01 5.216090030482862794e-01 2.270223430825204503e-01 1.946551411315913249e-01 4.352739738386876001e-01 3.149659867380871225e-01 3.340728360902579519e-01 6.411699391773286738e-01 8.091468089189269852e-01 2.903492507617528862e-01 2.604068946276242302e-01 7.576861535433867534e-01 3.970154705810209905e-01 5.045455066592440252e-01 3.879017611701422452e-01 3.886495373986015855e-01 6.166349207019425904e-01 3.196966136474137521e-01
6.795769898128469766e-01 5.581429027616406913e-01 5.371690692764458097e-01 2.480228400852955151e-01 3.544765396919689060e-01 4.678170186762590221e-01 7.070946068261998452e-01 2.019886985832285431e-01 3.475462155898093597e-01 0.000000000000000000e+00 4.941838722830317887e-01 8.294082833872091776e-01 4.981629940410312596e-01 6.250028592171430475e-01 5.913119563216104879e-01 7.122190292656745969e-01 4.783611972359245734e-01 8.453374249132072915e-01 1.770176593710307555e-01 3.502603157524240007e-01 4.677364268454373697e-01 3.542531048541351923e-01 6.217494635062257302e-01 2.824972282495050724e-01 4.090458670780802164e-01 1.580264450965314094e-01 5.445980844770884621e-01 6.078909407605608273e-01 7.770272911942230909e-01 6.859579371747216436e-01 3.887593443229008239e-01 5.571899198411556231e-01 6.080316696934261467e-01 3.461053198545752108e-01 4.985430402728202592e-01
6.396514324468052237e-01 6.140006481216340184e-01 2.591069449660042823e-01 5.491173394682160591e-01 5.109138758414587533e-01 4.344999352484196775e-01 3.248331127851077360e-01 7.211617965812979758e-01 2.898344237947740876e-01 4.941838722830317887e-01 0.000000000000000000e+00 9.242184205218031412e-01 5.802472618807592575e-01 7.747469028729876417e-01 1.056448188853440495e-01 4.449076099313861721e-01 7.724450326307854553e-01 5.378470056189758042e-01 1.490877027779734521e-01 1.055210292136621320e-01 7.428084349903207873e-01 4.016507813327968579e-01 5.634976250489360794e-01 7.888256252536210988e-01 1.661005300116228378e-01 8.531120899585280526e-01 5.455380281137605092e-01 6.410266185402769823e-01 7.285287853790767265e-01 2.515612250114375170e-01 5.548128509346391679e-01 3.229713513580676487e-01 8.640481281689398330e-01 2.874149386116182092e-01 4.547986093946676522e-01
8.868437187108574316e-01 2.957932657845216973e-01 7.238846003043001298e-01 7.258877387437588924e-01 7.239204790193320971e-01 5.398620858430522862e-01 4.310979235150506628e-01 8.443271374876646362e-01 6.672887383138383921e-01 8.294082833872091776e-01 9.242184205218031412e-01 0.000000000000000000e+00 2.278440467323342156e-01 7.390007073990663145e-01 4.715525228988300399e-01 3.343426133444287185e-01 6.520414033656237729e-01 5.404545627781094375e-01 4.756347383564856757e-01 7.531137066740465347e-01 8.807489436627988777e-01 4.986263333866307046e-01 4.088575136906388297e-01 4.613805100700489881e-01 6.104627169456944280e-01 4.038501626842371239e-01 7.059974445966874512e-01 5.367328790821097595e-01 3.081237281431314923e-01 2.598415946256844578e-01 4.252281555318455641e-01 9.840122456543706209e-01 3.139438126248889072e-01 6.986646650127775748e-01 7.177510786851746261e-01
3.826126811076256962e-01 2.347405710761740205e-01 7.906728908831439639e-01 9.164144106775704568e-01 3.855824233739865159e-01 3.736231592980370220e-01 3.406477761091070700e-01 8.631918587902679407e-01 6.392702788314261753e-01 4.981629940410312596e-01 5.802472618807592575e-01 2.278440467323342156e-01 0.000000000000000000e+00 2.225354618602474188e-01 5.094322610253221306e-01 8.935002057891421323e-01 5.939335759143693494e-01 6.871478070007401850e-01 5.678736349166042530e-01 6.210391294788172312e-01 5.109627920275020552e-01 4.784116703734706544e-01 4.698225736781073136e-01 2.784369363098458949e-01 4.624640959459717093e-01 8.207409277751097632e-01 7.370295151225358943e-01 5.350340954777663693e-01 6.734906695907975083e-01 5.173978127881750932e-02 8.590314313405640334e-01 6.901011227225682942e-01 1.445604817247765350e-01 7.150184793259690696e-01 7.225274076231702480e-01
7.921669789070651113e-02 8.257653870292573917e-01 3.436467460790122996e-01 8.416784141195647884e-01 5.487422063542803929e-01 5.144757345149555405e-01 1.841764843648452388e-01 5.557234845217970953e-01 8.433384583968466242e-01 6.250028592171430475e-01 7.747469028729876417e-01 7.390007073990663145e-01 2.225354618602474188e-01 0.000000000000000000e+00 8.727284904601042559e-01 1.100564111775362841e-01 1.345728721969875474e-01 7.008942744491546417e-01 4.719632356746328306e-01 5.135347331693423945e-01 6.136553464977261285e-01 4.352270216329458541e-01 6.882276437312853101e-01 4.949262608364264349e-01 6.094414877506707517e-01 3.810521057802629397e-01 4.869891225400120316e-01 4.837404145972123426e-01 2.952131388622052377e-01 1.215121676091120984e-01 7.904606171686421323e-01 5.409385638045329792e-01 2.421718304904442176e-01 5.148683177092521213e-01 4.824159583989549027e-01
6.222960778820035843e-01 5.993432037782828736e-01 9.028342564975442297e-01 5.172959022896961301e-01 8.874082424714082595e-01 6.225911313433316607e-01 4.846821172730239047e-01 3.358879550520257884e-01 6.209306597410505502e-01 5.913119563216104879e-01 1.056448188853440495e-01 4.715525228988300399e-01 5.094322610253221306e-01 8.727284904601042559e-01 0.000000000000000000e+00 4.341485091449189260e-01 3.536147124281668885e-01 5.973274739651931453e-01 5.283221750245393755e-01 1.306936125869497811e-01 1.330002259113070018e-01 6.294374439665019194e-01 2.988670644896683770e-01 4.026704468098452061e-01 4.189554803778022807e-01 7.876868713633133900e-01 8.248622862613499418e-01 6.857034924469459503e-01 4.624031695628990080e-01 9.398817032796404902e-01 2.397477320933774081e-01 7.713263586433607433e-01 3.120918504423921824e-01 8.503517574303869342e-01 8.657484617891597622e-01
4.423582024633843091e-02 5.043288064360845757e-01 5.757680039095856017e-01 6.397128030244874086e-01 3.514562828972786490e-01 3.922381730295285140e-01 6.688366752057858244e-01 4.692513309166697621e-01 2.844383017467102537e-01 7.122190292656745969e-01 4.449076099313861721e-01 3.343426133444287185e-01 8.935002057891421323e-01 1.100564111775362841e-01 4.341485091449189260e-01 0.000000000000000000e+00 4.485173330462413066e-01 6.174456621042445637e-01 4.121594502242252878e-01 4.257422215739504745e-01 2.904098045058752797e-01 5.423731924738643961e-01 3.816655951632348942e-01 4.395969171298860223e-01 5.348814363976492903e-01 3.672527887770387078e-01 5.568924348383657019e-01 1.281952394828124175e-01 3.999367120350471039e-01 1.629865281670095367e-02 3.846173592375323746e-01 8.174285228769395673e-02 4.288444227954799626e-01 3.225811310927296782e-01 1.967146560813902156e-01
7.606799418131270363e-01 2.814740658629010239e-01 7.336100101826551478e-01 7.288197346160524281e-01 2.940299271391917935e-01 4.824923790490202036e-01 1.993675672699118939e-01 5.577349389632955123e-01 6.579240982707430518e-01 4.783611972359245734e-01 7.724450326307854553e-01 6.520414033656237729e-01 5.939335759143693494e-01 1.345728721969875474e-01 3.536147124281668885e-01 4.485173330462413066e-01 0.000000000000000000e+00 2.594318366525094066e-01 3.294418347840900596e-01 1.890015861641123340e-01 6.022064521308876373e-01 6.459198091442839296e-01 5.205497362168887143e-01 8.221090575771243802e-01 7.255593108476090514e-01 5.605932033303179240e-01 5.868600109137989129e-01 8.836036860024315542e-01 5.509813884751264546e-01 6.445072103955926668e-01 5.094035987368377150e-01 1.282928977046203789e-01 3.686223577053389100e-01 6.785312618146290831e-01 6.193434612312437304e-01
1.868456097030827268e-01 6.126101678460581512e-01 8.617644522286705966e-01 3.312032558557009287e-01 3.134832194292980767e-01 4.183995086631289162e-01 2.028778921567997440e-01 3.014408806374161420e-01 6.861589637352116799e-01 8.453374249132072915e-01 5.378470056189758042e-01 5.404545627781094375e-01 6.871478070007401850e-01 7.008942744491546417e-01 5.973274739651931453e-01 6.174456621042445637e-01 2.594318366525094066e-01 0.000000000000000000e+00 5.190764997731789343e-01 5.097401972281516702e-01 8.836619745132694437e-01 1.738770925155704861e-01 6.519269627883574891e-01 4.068514534019235240e-01 7.053636504351781245e-01 6.478625435970271074e-01 4.918595102015067000e-01 2.668908150224105769e-01 2.229819576858410590e-01 4.127194617218106210e-01 2.366521952337159451e-01 5.831479314201275521e-01 5.657048336923841125e-01 2.200808458397618406e-01 4.987394137039756759e-01
5.723825260349755251e-01 5.102191535482335505e-01 5.293272738400734978e-01 3.632387347093465335e-01 5.869508741353134385e-01 7.289120420812353895e-01 1.462829621832608673e-01 3.736209336370442946e-01 5.216090030482862794e-01 1.770176593710307555e-01 1.490877027779734521e-01 4.756347383564856757e-01 5.678736349166042530e-01 4.719632356746328306e-01 5.283221750245393755e-01 4.121594502242252878e-01 3.294418347840900596e-01 5.190764997731789343e-01 0.000000000000000000e+00 5.521283035878467027e-01 4.197793109325967387e-01 6.199842293483805999e-01 9.172746123503359161e-01 7.344764938323475878e-01 7.256750138853336196e-01 5.862258987035833258e-01 4.207454235306630208e-01 4.783683185267607607e-01 5.591936395009418082e-01 1.394280629834735441e-01 5.640665799796360513e-01 6.710363655925368764e-01 6.634026516017696995e-01 6.187939485028499664e-01 4.940175029864091183e-02
7.952238619858896795e-01 7.610137303875359471e-01 4.482619726795670223e-01 3.708645710233619552e-01 8.437556680547204646e-01 4.740682973975048897e-01 5.489095752641914849e-01 1.316481374119082837e-01 2.270223430825204503e-01 3.502603157524240007e-01 1.055210292136621320e-01 7.531137066740465347e-01 6.210391294788172312e-01 5.135347331693423945e-01 1.306936125869497811e-01 4.257422215739504745e-01 1.890015861641123340e-01 5.097401972281516702e-01 5.521283035878467027e-01 0.000000000000000000e+00 7.184899504314599117e-01 4.616242524014431692e-01 2.969855078095650636e-01 4.895509145554954866e-01 4.024922860332157959e-01 2.250444603195533855e-02 4.978219246754800320e-01 6.405433796386296175e-01 2.311357087244528263e-01 3.759475032031925901e-01 7.149122984580384976e-01 6.126843123718352935e-01 8.132617902190153458e-01 5.149141128311160998e-01 4.311391792639103215e-01
8.437295780811140400e-01 2.861790087286792961e-01 5.720920969698336522e-01 4.460442106325169798e-01 5.592513927091313786e-01 6.981923746454476998e-01 5.004612363833879085e-01 4.155051276141267236e-01 1.946551411315913249e-01 4.677364268454373697e-01 7.428084349903207873e-01 8.807489436627988777e-01 5.109627920275020552e-01 6.136553464977261285e-01 1.330002259113070018e-01 2.904098045058752797e-01 6.022064521308876373e-01 8.836619745132694437e-01 4.197793109325967387e-01 7.184899504314599117e-01 0.000000000000000000e+00 3.479857168065633166e-01 8.375616264657903542e-02 6.529096296763512441e-01 9.210311513794134930e-01 8.428265112329188513e-01 7.880987721406709223e-01 5.470828243893843812e-01 2.453375537864606604e-01 2.247431326495054060e-01 6.900924350297585885e-01 2.044074359934002216e-01 4.338219901967594883e-01 1.796976093815269016e-01 8.137243377438913017e-01
3.741102975017581156e-01 7.761812456248631253e-01 8.013745269899431589e-01 7.034672282833710488e-01 4.528888826368118181e-01 8.199395353079673709e-01 7.509713309879866294e-01 1.183306208724631547e-01 4.352739738386876001e-01 3.542531048541351923e-01 4.016507813327968579e-01 4.986263333866307046e-01 4.784116703734706544e-01 4.352270216329458541e-01 6.294374439665019194e-01 5.423731924738643961e-01 6.459198091442839296e-01 1.738770925155704861e-01 6.199842293483805999e-01 4.616242524014431692e-01 3.479857168065633166e-01 0.000000000000000000e+00 4.803245358895265049e-01 1.635229507642173008e-01 6.690081367929463507e-01 7.749617203765143403e-01 5.754132823385869067e-01 7.455143165426285634e-01 4.158014264550459194e-01 3.330578509349297889e-01 4.699278743033783456e-01 6.142103043341939905e-01 6.153008937600977779e-01 3.357968738425186617e-01 9.822576384622517809e-01
5.076980950123252123e-01 9.075771266998160502e-01 5.323375769552100012e-01 5.833218257558921982e-01 4.725310883302586973e-01 4.913070100579540189e-01 7.110450613594796465e-01 7.453213083241964076e-01 3.149659867380871225e-01 6.217494635062257302e-01 5.634976250489360794e-01 4.088575136906388297e-01 4.698225736781073136e-01 6.882276437312853101e-01 2.988670644896683770e-01 3.816655951632348942e-01 5.205497362168887143e-01 6.519269627883574891e-01 9.172746123503359161e-01 2.969855078095650636e-01 8.375616264657903542e-02 4.803245358895265049e-01 0.000000000000000000e+00 5.289297082108931347e-01 3.034440180578981128e-01 6.048333922326762924e-01 4.703259922255763614e-01 6.317967033730496063e-01 3.959493038894520422e-01 6.121085366241768577e-01 3.165879704843224118e-01 9.860517224093812150e-02 5.196320166989270017e-01 3.574262853012665220e-01 7.920112339475104957e-01
4.465894241114458096e-01 7.753127698388249112e-01 2.163160610094340131e-01 2.521923616175242300e-01 5.010436683888352949e-01 5.704519401208087981e-01 2.741943287454841061e-01 5.969601483727631219e-01 3.340728360902579519e-01 2.824972282495050724e-01 7.888256252536210988e-01 4.613805100700489881e-01 2.784369363098458949e-01 4.949262608364264349e-01 4.026704468098452061e-01 4.395969171298860223e-01 8.221090575771243802e-01 4.068514534019235240e-01 7.344764938323475878e-01 4.895509145554954866e-01 6.529096296763512441e-01 1.635229507642173008e-01 5.289297082108931347e-01 0.000000000000000000e+00 7.648702636080157991e-01 4.854879296859718196e-01 4.976777422299654141e-01 3.040928959236166573e-02 8.060994560063423631e-01 1.416501478259689639e-01 3.641363976844924633e-01 5.183207658968588261e-01 7.767491320232080554e-01 4.886778971660735715e-01 6.996958619993516315e-01
4.033706397311277447e-01 5.588247180206332709e-01 6.364569445856116392e-01 8.407159751012771576e-01 2.910871206915513487e-01 7.946242772120538644e-01 6.256457667113775045e-01 4.994622390879341900e-01 6.411699391773286738e-01 4.090458670780802164e-01 1.661005300116228378e-01 6.104627169456944280e-01 4.624640959459717093e-01 6.094414877506707517e-01 4.189554803778022807e-01 5.348814363976492903e-01 7.255593108476090514e-01 7.053636504351781245e-01 7.256750138853336196e-01 4.024922860332157959e-01 9.210311513794134930e-01 6.690081367929463507e-01 3.034440180578981128e-01 7.648702636080157991e-01 0.000000000000000000e+00 3.097530063498611375e-01 1.716202800747631541e-01 4.275118200056683415e-01 2.660841974580763214e-01 6.630895740049002063e-01 4.403550185067061085e-01 7.695515022665855298e-01 6.914009566382179894e-01 2.787786688067411811e-01 3.058033210389209944e-01
6.272605377489186562e-01 7.812145142119433228e-01 4.620288183592227149e-01 4.017484051863290384e-01 4.068073781335626027e-01 4.682976819112159017e-01 3.487102908289644865e-01 4.273795436233650546e-01 8.091468089189269852e-01 1.580264450965314094e-01 8.531120899585280526e-01 4.038501626842371239e-01 8.207409277751097632e-01 3.810521057802629397e-01 7.876868713633133900e-01 3.672527887770387078e-01 5.605932033303179240e-01 6.478625435970271074e-01 5.862258987035833258e-01 2.250444603195533855e-02 8.428265112329188513e-01 7.749617203765143403e-01 6.048333922326762924e-01 4.854879296859718196e-01 3.097530063498611375e-01 0.000000000000000000e+00 5.811106351517323354e-01 4.458398804977031227e-01 7.199971116015571049e-01 1.273253909882345880e-01 5.262274144363965345e-01 5.903417788492946183e-01 5.406296576645557295e-01 7.600967107688783031e-02 8.771533843291107191e-01
5.225567980498052600e-01 6.025916783236600072e-01 6.227930626326129149e-01 7.034561750593635310e-01 8.343322444307078589e-01 3.946672913138207228e-01 2.430265071072758021e-01 2.435566084848105328e-01 2.903492507617528862e-01 5.445980844770884621e-01 5.455380281137605092e-01 7.059974445966874512e-01 7.370295151225358943e-01 4.869891225400120316e-01 8.248622862613499418e-01 5.568924348383657019e-01 5.868600109137989129e-01 4.918595102015067000e-01 4.207454235306630208e-01 4.978219246754800320e-01 7.880987721406709223e-01 5.754132823385869067e-01 4.703259922255763614e-01 4.976777422299654141e-01 1.716202800747631541e-01 5.811106351517323354e-01 0.000000000000000000e+00 2.921806317186748658e-01 6.684231505391874384e-01 6.060438462595754139e-01 6.265644913090944179e-01 3.694684748591625656e-01 4.713963410286054478e-01 3.867435794914997893e-01 7.761110905902443013e-01
4.225322761921103121e-01 1.800697647905709076e-01 4.952881772641068436e-01 6.133339802282211650e-01 4.434358159285962664e-01 4.187146791450747085e-01 6.589474077871747548e-01 7.555406172629932637e-01 2.604068946276242302e-01 6.078909407605608273e-01 6.410266185402769823e-01 5.367328790821097595e-01 5.350340954777663693e-01 4.837404145972123426e-01 6.857034924469459503e-01 1.281952394828124175e-01 8.836036860024315542e-01 2.668908150224105769e-01 4.783683185267607607e-01 6.405433796386296175e-01 5.470828243893843812e-01 7.455143165426285634e-01 6.317967033730496063e-01 3.040928959236166573e-02 4.275118200056683415e-01 4.458398804977031227e-01 2.921806317186748658e-01 0.000000000000000000e+00 6.416714262168382588e-01 7.677105682367179051e-01 2.354061891973351361e-01 8.305193034363407278e-01 7.821298363421116395e-01 6.826007259056454668e-01 4.420009413836351042e-01
4.488214421988608871e-01 2.379406036940621139e-01 2.583612166354450901e-01 5.494409719239436996e-01 1.707561749294638220e-01 6.850499763332258407e-01 6.244241480863546023e-01 8.509590975243861433e-01 7.576861535433867534e-01 7.770272911942230909e-01 7.285287853790767265e-01 3.081237281431314923e-01 6.734906695907975083e-01 2.952131388622052377e-01 4.624031695628990080e-01 3.999367120350471039e-01 5.509813884751264546e-01 2.229819576858410590e-01 5.591936395009418082e-01 2.311357087244528263e-01 2.453375537864606604e-01 4.158014264550459194e-01 3.959493038894520422e-01 8.060994560063423631e-01 2.660841974580763214e-01 7.199971116015571049e-01 6.684231505391874384e-01 6.416714262168382588e-01 0.000000000000000000e+00 7.871899520235570158e-01 5.591412422676635963e-01 4.659914435556273271e-01 3.558759214290087014e-01 6.599143234981998951e-01 5.699653128439370331e-01
5.868809947559021634e-01 4.928542913299199801e-01 4.711567624941213617e-01 6.423660385440654874e-01 5.254557351700135381e-01 2.114354364333291825e-01 8.964489525653482893e-01 3.771376735206598552e-01 3.970154705810209905e-01 6.859579371747216436e-01 2.515612250114375170e-01 2.598415946256844578e-01 5.173978127881750932e-02 1.215121676091120984e-01 9.398817032796404902e-01 1.629865281670095367e-02 6.445072103955926668e-01 4.127194617218106210e-01 1.394280629834735441e-01 3.759475032031925901e-01 2.247431326495054060e-01 3.330578509349297889e-01 6.121085366241768577e-01 1.416501478259689639e-01 6.630895740049002063e-01 1.273253909882345880e-01 6.060438462595754139e-01 7.677105682367179051e-01 7.871899520235570158e-01 0.000000000000000000e+00 7.941633695229844969e-01 3.877614040565405817e-01 6.061744707507641383e-01 4.931743605831839794e-02 6.955091072164463206e-01
6.869361025260039000e-01 3.733546482240944764e-01 8.681846158602652963e-01 3.687514917701817385e-01 7.442065719371726562e-01 5.653474707133121502e-01 7.732214790390430359e-01 4.497897812445577626e-01 5.045455066592440252e-01 3.887593443229008239e-01 5.548128509346391679e-01 4.252281555318455641e-01 8.590314313405640334e-01 7.904606171686421323e-01 2.397477320933774081e-01 3.846173592375323746e-01 5.094035987368377150e-01 2.366521952337159451e-01 5.640665799796360513e-01 7.149122984580384976e-01 6.900924350297585885e-01 4.699278743033783456e-01 3.165879704843224118e-01 3.641363976844924633e-01 4.403550185067061085e-01 5.262274144363965345e-01 6.265644913090944179e-01 2.354061891973351361e-01 5.591412422676635963e-01 7.941633695229844969e-01 0.000000000000000000e+00 7.437563873744805765e-01 7.392560622152906102e-01 5.981595410672870816e-01 5.622709891323893761e-01
4.980175646519298116e-01 8.679874345944265102e-01 7.734573580386097102e-01 5.220262449723901410e-01 1.680357897476033591e-01 2.804077253236091360e-01 3.228387270102411888e-01 7.695987340932008980e-02 3.879017611701422452e-01 5.571899198411556231e-01 3.229713513580676487e-01 9.840122456543706209e-01 6.901011227225682942e-01 5.409385638045329792e-01 7.713263586433607433e-01 8.174285228769395673e-02 1.282928977046203789e-01 5.831479314201275521e-01 6.710363655925368764e-01 6.126843123718352935e-01 2.044074359934002216e-01 6.142103043341939905e-01 9.860517224093812150e-02 5.183207658968588261e-01 7.695515022665855298e-01 5.903417788492946183e-01 3.694684748591625656e-01 8.305193034363407278e-01 4.659914435556273271e-01 3.877614040565405817e-01 7.437563873744805765e-01 0.000000000000000000e+00 8.567530273561734244e-01 4.536810081919651627e-01 5.571095439109553515e-01
7.459957676609478838e-01 1.389840082772018093e-01 7.554483811522918479e-01 6.980335075360767361e-01 8.267360553244988974e-01 5.198397979095747967e-01 5.654471420874510601e-01 3.211236712891133438e-01 3.886495373986015855e-01 6.080316696934261467e-01 8.640481281689398330e-01 3.139438126248889072e-01 1.445604817247765350e-01 2.421718304904442176e-01 3.120918504423921824e-01 4.288444227954799626e-01 3.686223577053389100e-01 5.657048336923841125e-01 6.634026516017696995e-01 8.132617902190153458e-01 4.338219901967594883e-01 6.153008937600977779e-01 5.196320166989270017e-01 7.767491320232080554e-01 6.914009566382179894e-01 5.406296576645557295e-01 4.713963410286054478e-01 7.821298363421116395e-01 3.558759214290087014e-01 6.061744707507641383e-01 7.392560622152906102e-01 8.567530273561734244e-01 0.000000000000000000e+00 5.666040562773035916e-01 6.954503121529747034e-01
7.287740853551860631e-01 3.921128948319702601e-01 4.950050877447348951e-01 2.202818463774435798e-01 5.618778868244302949e-01 7.455904157976964708e-01 3.156171877241777945e-01 3.775757587912456636e-01 6.166349207019425904e-01 3.461053198545752108e-01 2.874149386116182092e-01 6.986646650127775748e-01 7.150184793259690696e-01 5.148683177092521213e-01 8.503517574303869342e-01 3.225811310927296782e-01 6.785312618146290831e-01 2.200808458397618406e-01 6.187939485028499664e-01 5.149141128311160998e-01 1.796976093815269016e-01 3.357968738425186617e-01 3.574262853012665220e-01 4.886778971660735715e-01 2.787786688067411811e-01 7.600967107688783031e-02 3.867435794914997893e-01 6.826007259056454668e-01 6.599143234981998951e-01 4.931743605831839794e-02 5.981595410672870816e-01 4.536810081919651627e-01 5.666040562773035916e-01 0.000000000000000000e+00 5.729717144349604219e-01
4.583897904058283901e-01 4.595216295212497526e-01 5.855350819861007139e-01 8.293914093166844248e-01 4.475554177836409964e-01 2.265496483339348721e-01 6.105575129847256033e-01 3.498932677034907179e-01 3.196966136474137521e-01 4.985430402728202592e-01 4.547986093946676522e-01 7.177510786851746261e-01 7.225274076231702480e-01 4.824159583989549027e-01 8.657484617891597622e-01 1.967146560813902156e-01 6.193434612312437304e-01 4.987394137039756759e-01 4.940175029864091183e-02 4.311391792639103215e-01 8.137243377438913017e-01 9.822576384622517809e-01 7.920112339475104957e-01 6.996958619993516315e-01 3.058033210389209944e-01 8.771533843291107191e-01 7.761110905902443013e-01 4.420009413836351042e-01 5.699653128439370331e-01 6.955091072164463206e-01 5.622709891323893761e-01 5.571095439109553515e-01 6.954503121529747034e-01 5.729717144349604219e-01 0.000000000000000000e+00
