0.000000000000000000e+00 7.571203904534647977e-01 5.232431740243991269e-01 7.422752104907874848e-01 3.029400292766449843e-01 5.566873874481541584e-01 5.978578085508062800e-01 8.378587884420721776e-01 4.756242789814389971e-01 5.419510581297959373e-01 6.265114185472469011e-01 7.369848562448613194e-01 8.325684337872854002e-01 2.965487259334899095e-01 4.138257219599098535e-01 9.319331263590053815e-01 5.524883824769196705e-01 3.038797183476255048e-01 5.683106612252361023e-01 1.597032169461148898e-01 6.037120658060187717e-01 4.497101548091794188e-01 6.679465663186292534e-01 5.979415501190032955e-01 9.363334796616709088e-01 7.058131201042476821e-01 5.689668760695754113e-01 6.101077574938358339e-01 6.510893945437863373e-01 3.390591390370052416e-01 8.710829818947317671e-01 2.675562676808402318e-01 7.861048173237861203e-02 3.529390947812841572e-01 3.922333559278702309e-01
7.571203904534647977e-01 0.000000000000000000e+00 5.300063316533250024e-01 4.458084290692432838e-01 9.170556620649770174e-01 6.233097830341145507e-01 1.173655848683934355e-01 2.466531256821111462e-01 1.764151468415918189e-01 4.339218653897664590e-01 3.422192340381998710e-01 6.504880478433487934e-01 9.540769334984794403e-01 6.838685564197086730e-01 3.174368985998138326e-01 3.002025463696491592e-01 2.903148360156809771e-01 7.996603616556011707e-01 5.450133665736622834e-01 2.053975050963907645e-01 2.741637061760787697e-01 5.273567537114938197e-01 5.566630444088211949e-01 6.136202865102962090e-01 8.349448416521532135e-01 4.981520309507621591e-01 5.955135803179745224e-01 2.516263716165629827e-01 8.727822650166218166e-01 2.585561201435111478e-01 5.173838540033353084e-01 4.253271541259520672e-01 3.190460074221627140e-01 8.287578884184927386e-01 8.910497859511705698e-01
5.232431740243991269e-01 5.300063316533250024e-01 0.000000000000000000e+00 3.558062541005201362e-01 4.487980726520104935e-01 7.952606752491837572e-01 7.965308134044040145e-01 7.709882525297490075e-01 6.788800270579875562e-01 4.066394380601309200e-01 4.220392815995670510e-01 5.129566906593118203e-01 7.503450157432594025e-01 5.288644425707399455e-01 5.817058303153630483e-01 6.202293166727347318e-01 7.722978059768559334e-01 7.572307107466917930e-01 6.852700125245052565e-01 1.320013385879988954e-01 7.355965711781480287e-01 6.285458067912514935e-01 5.318800496537265943e-01 3.558290707085439708e-01 6.501780925176166015e-01 1.471508254968594276e-01 5.754627164061481004e-01 3.770862818102534431e-01 5.744370844300921153e-01 3.897980620037940769e-01 5.144646291296008922e-01 6.000425036130199175e-01 3.939071047482503585e-01 6.924245622241266274e-01 6.137807710665816874e-01
7.422752104907874848e-01 4.458084290692432838e-01 3.558062541005201362e-01 0.000000000000000000e+00 4.184535969683652601e-01 3.731580587140597149e-01 4.634215780218307046e-01 6.683882282007274078e-01 4.805851289698526152e-02 9.511235045551478251e-01 3.057098171044727586e-01 8.189886393098423367e-01 7.814273165623017992e-01 7.150358009918196256e-01 5.815217092848301572e-01 7.766601683593694627e-01 8.877414694090841607e-01 9.146949858621966634e-01 8.483525839403076585e-01 5.504596448505086892e-01 7.932095905776588296e-01 6.387641775663039923e-01 1.958096692971331709e-01 4.891666286612189052e-01 7.481149702551948000e-01 8.236341417028572032e-01 4.753508151868391929e-01 5.300149005785514955e-01 7.024819241804244330e-01 5.232644078975769997e-01 5.114252640439520547e-01 2.002828713134304772e-01 6.287355324156580494e-01 6.106234724929746616e-01 1.858678582858859230e-01
3.029400292766449843e-01 9.170556620649770174e-01 4.487980726520104935e-01 4.184535969683652601e-01 0.000000000000000000e+00 7.852729058422127650e-01 9.449822652869954709e-01 3.131304490437660792e-01 8.488035564365369323e-01 8.132116169585736909e-01 4.302835514158504515e-01 4.781355312058362950e-01 3.078827284489450422e-01 8.610736556797448094e-01 7.444930499591402295e-01 6.628375736383426142e-01 1.348260713469385808e-01 1.677896537920867681e-01 4.955747923017355117e-01 3.067732564931873185e-01 6.534406466714228756e-01 1.618690257618959905e-01 7.700765612142246308e-02 6.069574210286834415e-01 8.467448115966873523e-01 6.479160249103947944e-01 7.930495044753015366e-01 4.186680946341898024e-01 8.342827517472216625e-01 7.090335153877564967e-01 4.260451134611780710e-01 2.192360470670793315e-01 3.869814095028516476e-01 4.821036558949063355e-01 4.052751913642621551e-01
5.566873874481541584e-01 6.233097830341145507e-01 7.952606752491837572e-01 3.731580587140597149e-01 7.852729058422127650e-01 0.000000000000000000e+00 5.943205822269743699e-01 5.400214484434118223e-01 7.598709485470998004e-01 8.926873281567686558e-01 3.830115498676112118e-02 6.811935100685631017e-01 1.718305537564610574e-01 8.499226506774442136e-01 5.301380069320199562e-01 6.420576099289510008e-02 5.560846399390264594e-01 4.404211914877370071e-01 7.910025637052411351e-01 1.956146407251815322e-01 3.045836926101766484e-01 9.212311812062108363e-01 8.480962670220220101e-01 7.819186118350673897e-02 4.350475006517640075e-01 8.686092980964801313e-01 3.138195829142028104e-01 4.529206767286396706e-01 3.679661124741984146e-01 5.739523233433136973e-01 6.732039893066367187e-01 3.459565705026990678e-01 8.384950999255541548e-01 7.482776080966180299e-01 8.730563680491520984e-02
5.978578085508062800e-01 1.173655848683934355e-01 7.965308134044040145e-01 4.634215780218307046e-01 9.449822652869954709e-01 5.943205822269743699e-01 0.000000000000000000e+00 6.253747341469955145e-01 9.710890149447959363e-02 2.173108333825906902e-01 6.700894723954129439e-01 7.441499894347133326e-01 3.155098584233660963e-01 2.328225744417777854e-01 6.561913444235144555e-01 6.921116042134285440e-01 3.680509663550463051e-01 7.228815751646140431e-01 6.071743592463577643e-01 3.536148228168287666e-01 5.917569061921608142e-01 3.788747262153477902e-01 4.633312117429664867e-01 8.216528676226122485e-01 3.714271084507524412e-01 4.343984474141122654e-01 7.997805083745556098e-01 6.117146338489051205e-01 4.160989986880853087e-01 2.174394326048472159e-01 2.635141249447368050e-01 1.804427922570697174e-01 5.235641684299423559e-01 2.944683173129994946e-01 6.910713388979131677e-01
8.378587884420721776e-01 2.466531256821111462e-01 7.709882525297490075e-01 6.683882282007274078e-01 3.131304490437660792e-01 5.400214484434118223e-01 6.253747341469955145e-01 0.000000000000000000e+00 1.515561137886080045e-01 5.262042566741388372e-01 8.290015950459732608e-01 5.885686764170842133e-01 6.963382625317173780e-01 6.096695237530274092e-01 4.358845218099818841e-01 7.476850650686658328e-01 3.912491855581262112e-01 2.236100535237761644e-01 3.155813116068693081e-01 9.129874207808280628e-01 6.192181746085756444e-01 7.035827492119006710e-01 8.580257352093796364e-01 3.190043228354527693e-01 2.890450653047611507e-01 3.042023089226455479e-01 4.192413466033148572e-01 1.586154627518794324e-01 5.099080875323720452e-01 1.965047759447001718e-01 5.042102186751357129e-01 8.312094617026659638e-01 6.479536303822438503e-01 4.600619922432916953e-01 4.749880184019891205e-01
4.756242789814389971e-01 1.764151468415918189e-01 6.788800270579875562e-01 4.805851289698526152e-02 8.488035564365369323e-01 7.598709485470998004e-01 9.710890149447959363e-02 1.515561137886080045e-01 0.000000000000000000e+00 5.169483326327637407e-01 6.742173023270485732e-01 6.825161406688300403e-01 1.602689834304771299e-01 4.720436289920932893e-01 5.392801300112710639e-01 3.918215887693751731e-01 5.840399140758085750e-01 3.469071508372195689e-01 4.487183395033975120e-01 5.053379818563519255e-01 4.151603226085543441e-01 8.014915351735218962e-01 7.212010636255186125e-01 8.702717769495138533e-01 4.617832016255869476e-01 7.955719539492109860e-01 6.676510447186251307e-01 8.943031178196817477e-01 4.920099222826339047e-01 6.158680446009660026e-01 1.461475355992296610e-01 3.755632023287532872e-01 7.110023341844996514e-01 6.237016506527867099e-01 3.585625150271806172e-01
5.419510581297959373e-01 4.339218653897664590e-01 4.066394380601309200e-01 9.511235045551478251e-01 8.132116169585736909e-01 8.926873281567686558e-01 2.173108333825906902e-01 5.262042566741388372e-01 5.169483326327637407e-01 0.000000000000000000e+00 7.902988239609984866e-01 9.296076043780873155e-01 2.327682820245334794e-01 2.422790180555851325e-01 8.702882315916383726e-01 8.181881885468966775e-01 4.956067203948416600e-01 1.863371027713645045e-02 6.904267765188543127e-01 2.429491555096143229e-01 5.209579284546100864e-01 7.752636763430179601e-01 6.393044888651597812e-01 7.532346137202972081e-01 4.264882876997641015e-01 8.839251848214418894e-01 7.074732880303696847e-01 8.694919652128287879e-01 6.034907945324434753e-01 1.806508704202729465e-01 7.911722749394061172e-01 3.266780863047543670e-01 6.815547678686526556e-01 4.818338698606023929e-01 2.088822172959489132e-01
6.265114185472469011e-01 3.422192340381998710e-01 4.220392815995670510e-01 3.057098171044727586e-01 4.302835514158504515e-01 3.830115498676112118e-02 6.700894723954129439e-01 8.290015950459732608e-01 6.742173023270485732e-01 7.902988239609984866e-01 0.000000000000000000e+00 5.172890515816003232e-01 5.285453738247045674e-01 5.779109112092835066e-01 3.737654148664831810e-01 6.912390535288497340e-01 4.252496034480581777e-01 6.166633682703158703e-01 8.963118905982314644e-01 4.339861987742432703e-01 2.717596516394129580e-01 8.888230485372083933e-01 4.420847091720898070e-01 6.496179271101978348e-01 6.611083696067275861e-01 5.999172629526725586e-01 8.214574952120807794e-01 7.900935605355952074e-01 3.429200661827300767e-01 6.145703001293004730e-01 3.891313035285948185e-01 1.662994457000545045e-01 4.331993502080269676e-01 4.302469624597782816e-01 6.387023189911681387e-01
7.369848562448613194e-01 6.504880478433487934e-01 5.129566906593118203e-01 8.189886393098423367e-01 4.781355312058362950e-01 6.811935100685631017e-01 7.441499894347133326e-01 5.885686764170842133e-01 6.825161406688300403e-01 9.296076043780873155e-01 5.172890515816003232e-01 0.000000000000000000e+00 1.756385397834159257e-02 4.492722733785015077e-02 6.471245413790512879e-01 8.938188720658757358e-01 9.032619341392431611e-01 2.285252253921546961e-01 4.711483833526062259e-01 3.741031741418318068e-01 3.671723202815308507e-01 5.882613340480735697e-01 5.602228102130166754e-01 6.107385254020294418e-01 6.701836386733035500e-01 6.621273769624695937e-01 6.225079859810240812e-01 8.206999353894137705e-01 2.229333172963717247e-01 5.344107979716518075e-01 2.827941718940125138e-01 5.034675839093680771e-01 8.405442242512238815e-01 6.480050819098001069e-01 8.811165287039153249e-01
8.325684337872854002e-01 9.540769334984794403e-01 7.503450157432594025e-01 7.814273165623017992e-01 3.078827284489450422e-01 1.718305537564610574e-01 3.155098584233660963e-01 6.963382625317173780e-01 1.602689834304771299e-01 2.327682820245334794e-01 5.285453738247045674e-01 1.756385397834159257e-02 0.000000000000000000e+00 2.812107155139247361e-01 4.908328922250254078e-01 5.571622395017385987e-01 6.694659795377149170e-01 6.849085412980283616e-01 5.165542744547706455e-01 8.534860244569937304e-01 6.527069111171779348e-01 9.741398253774964378e-01 5.921199042107418986e-01 4.222660964964817243e-01 6.773963533160899386e-01 6.456595328986080018e-01 3.920065650180120653e-01 3.764765794963060852e-01 6.609358025371103729e-01 1.736915941018911669e-01 7.298503371444858834e-01 4.372131602422475449e-01 2.241543241029007039e-01 5.607742919275449101e-01 8.582226322250744444e-01
2.965487259334899095e-01 6.838685564197086730e-01 5.288644425707399455e-01 7.150358009918196256e-01 8.610736556797448094e-01 8.499226506774442136e-01 2.328225744417777854e-01 6.096695237530274092e-01 4.720436289920932893e-01 2.422790180555851325e-01 5.779109112092835066e-01 4.492722733785015077e-02 2.812107155139247361e-01 0.000000000000000000e+00 7.247147959641706549e-01 7.670974005547828156e-01 6.437292805651628758e-02 8.759879226771303262e-01 5.397953095496019760e-01 2.761783292414253244e-01 4.517994600680182993e-01 6.163616137094549696e-01 5.596739873326486148e-01 5.284821638863629323e-01 9.790513777135116946e-01 5.215754035755892914e-01 4.833570716443876814e-01 3.120221876758193513e-01 9.055456729577415764e-01 3.498874471572389622e-01 3.260899217730915955e-01 9.348250974482041897e-01 7.208027751657959392e-01 4.788706100627142526e-01 3.382189667373383113e-01
4.138257219599098535e-01 3.174368985998138326e-01 5.817058303153630483e-01 5.815217092848301572e-01 7.444930499591402295e-01 5.301380069320199562e-01 6.561913444235144555e-01 4.358845218099818841e-01 5.392801300112710639e-01 8.702882315916383726e-01 3.737654148664831810e-01 6.471245413790512879e-01 4.908328922250254078e-01 7.247147959641706549e-01 0.000000000000000000e+00 9.013197869790092742e-01 2.898091951018586521e-01 9.459412688583455076e-01 7.026934475863915175e-01 3.423422357523234205e-01 7.139921317819755142e-01 4.610425729914945925e-01 5.691091494407247708e-01 7.434005228508371310e-01 5.052274735941020278e-01 8.302115173626548605e-01 4.338774887607652619e-01 6.549854732587554462e-01 4.803038908669666207e-01 6.163288213422002393e-02 9.093823909815585971e-01 3.739359048494026450e-01 7.736507132576897483e-01 5.574031272702428819e-01 2.559217023099557009e-01
9.319331263590053815e-01 3.002025463696491592e-01 6.202293166727347318e-01 7.766601683593694627e-01 6.628375736383426142e-01 6.420576099289510008e-02 6.921116042134285440e-01 7.476850650686658328e-01 3.918215887693751731e-01 8.181881885468966775e-01 6.912390535288497340e-01 8.938188720658757358e-01 5.571622395017385987e-01 7.670974005547828156e-01 9.013197869790092742e-01 0.000000000000000000e+00 4.804981120957553253e-01 9.261602717112549232e-01 7.342012633479864103e-01 6.081328721105611068e-01 5.223006066070590148e-01 2.337415838306065030e-01 6.057002441543437588e-01 4.693435585748254590e-01 1.388160387146119001e-01 2.381069340597363748e-01 2.519229678896871549e-01 5.497649872839394103e-01 3.341705709404979019e-01 9.255555262794039617e-01 5.888638695177826898e-01 3.794186610615863930e-01 2.076310274108124077e-01 5.394257966823862160e-01 7.844929012323175188e-01
5.524883824769196705e-01 2.903148360156809771e-01 7.722978059768559334e-01 8.877414694090841607e-01 1.348260713469385808e-01 5.560846399390264594e-01 3.680509663550463051e-01 3.912491855581262112e-01 5.840399140758085750e-01 4.956067203948416600e-01 4.252496034480581777e-01 9.032619341392431611e-01 6.694659795377149170e-01 6.437292805651628758e-02 2.898091951018586521e-01 4.804981120957553253e-01 0.000000000000000000e+00 3.457235015202578254e-01 8.002946867575750911e-01 3.511787058094554270e-01 5.369678187611873765e-01 5.791204009545819487e-01 4.229195712533988516e-01 6.412280176653248898e-01 3.930500511851493517e-01 3.871185579572972157e-01 7.982961185948462823e-01 6.991280913165915933e-01 5.313932826358696015e-01 7.632141979663060738e-01 3.106441466544268559e-01 6.133741973518693769e-01 5.699526232740723675e-01 4.018941095193193092e-01 9.559949222933900037e-02
3.038797183476255048e-01 7.996603616556011707e-01 7.572307107466917930e-01 9.146949858621966634e-01 1.677896537920867681e-01 4.404211914877370071e-01 7.228815751646140431e-01 2.236100535237761644e-01 3.469071508372195689e-01 1.863371027713645045e-02 6.166633682703158703e-01 2.285252253921546961e-01 6.849085412980283616e-01 8.759879226771303262e-01 9.459412688583455076e-01 9.261602717112549232e-01 3.457235015202578254e-01 0.000000000000000000e+00 8.884867279451699185e-01 8.877191818817602442e-01 8.453522507618578263e-01 3.779198299919617199e-01 8.351594432387616784e-01 5.736879559366635517e-01 3.507186375479382501e-01 1.100734154715210522e-01 6.868118353041432478e-01 5.913639915652590950e-01 7.688880382023489668e-01 6.960796310373217333e-01 5.775821039450598215e-01 8.741865323517551412e-01 3.890250632153682275e-01 1.493641412779009858e-01 6.849871977777418630e-01
5.683106612252361023e-01 5.450133665736622834e-01 6.852700125245052565e-01 8.483525839403076585e-01 4.955747923017355117e-01 7.910025637052411351e-01 6.071743592463577643e-01 3.155813116068693081e-01 4.487183395033975120e-01 6.904267765188543127e-01 8.963118905982314644e-01 4.711483833526062259e-01 5.165542744547706455e-01 5.397953095496019760e-01 7.026934475863915175e-01 7.342012633479864103e-01 8.002946867575750911e-01 8.884867279451699185e-01 0.000000000000000000e+00 3.063531096052507507e-01 5.276824672690452189e-01 4.316537540650420279e-01 3.056284826566042501e-01 4.637752127147002357e-01 4.052321203543047257e-01 7.532943710091390965e-01 7.957632522253327290e-01 5.179044237655630045e-01 6.621675333549330578e-01 1.274694282178190363e-01 1.690702382023903105e-01 1.026455238193325625e-01 6.240529432824664102e-01 6.853688381674485353e-01 1.354979699319857067e-01
1.597032169461148898e-01 2.053975050963907645e-01 1.320013385879988954e-01 5.504596448505086892e-01 3.067732564931873185e-01 1.956146407251815322e-01 3.536148228168287666e-01 9.129874207808280628e-01 5.053379818563519255e-01 2.429491555096143229e-01 4.339861987742432703e-01 3.741031741418318068e-01 8.534860244569937304e-01 2.761783292414253244e-01 3.423422357523234205e-01 6.081328721105611068e-01 3.511787058094554270e-01 8.877191818817602442e-01 3.063531096052507507e-01 0.000000000000000000e+00 5.871021671564986555e-01 4.792891543584120173e-01 7.683963057538817365e-01 6.471706412102433692e-01 5.718393649539474932e-01 8.889966137725169304e-01 5.067613502975096829e-01 7.860527036159878911e-01 1.257255545112533901e-01 7.033391181897190592e-01 6.655400364989778605e-01 7.418768586738851978e-01 4.387226843940675303e-01 9.142745392606091981e-01 2.083207799339308330e-01
6.037120658060187717e-01 2.741637061760787697e-01 7.355965711781480287e-01 7.932095905776588296e-01 6.534406466714228756e-01 3.045836926101766484e-01 5.917569061921608142e-01 6.192181746085756444e-01 4.151603226085543441e-01 5.209579284546100864e-01 2.717596516394129580e-01 3.671723202815308507e-01 6.527069111171779348e-01 4.517994600680182993e-01 7.139921317819755142e-01 5.223006066070590148e-01 5.369678187611873765e-01 8.453522507618578263e-01 5.276824672690452189e-01 5.871021671564986555e-01 0.000000000000000000e+00 7.177284937216450444e-01 4.166233702120960558e-01 4.979392898333528383e-01 1.242006582388228697e-01 3.556544107140138244e-01 6.444715365749413838e-01 3.005225885767274230e-01 3.990254587280928078e-02 4.475689055183103560e-01 7.328034856055125612e-01 5.317336058263533172e-01 3.594693634803226012e-01 5.466034545610536366e-01 3.598836090271002597e-01
4.497101548091794188e-01 5.273567537114938197e-01 6.285458067912514935e-01 6.387641775663039923e-01 1.618690257618959905e-01 9.212311812062108363e-01 3.788747262153477902e-01 7.035827492119006710e-01 8.014915351735218962e-01 7.752636763430179601e-01 8.888230485372083933e-01 5.882613340480735697e-01 9.741398253774964378e-01 6.163616137094549696e-01 4.610425729914945925e-01 2.337415838306065030e-01 5.791204009545819487e-01 3.779198299919617199e-01 4.316537540650420279e-01 4.792891543584120173e-01 7.177284937216450444e-01 0.000000000000000000e+00 1.390161248757418866e-01 1.135424374768944089e-01 5.094824155549906308e-01 6.446724834805545035e-01 8.386328300493963717e-01 8.550568482899744138e-01 6.270205213861099747e-01 4.947642124995818569e-01 8.553211604963923964e-01 5.362091747862236524e-01 2.132094641926786105e-01 8.236153416270597383e-02 6.033635375467847339e-01
6.679465663186292534e-01 5.566630444088211949e-01 5.318800496537265943e-01 1.958096692971331709e-01 7.700765612142246308e-02 8.480962670220220101e-01 4.633312117429664867e-01 8.580257352093796364e-01 7.212010636255186125e-01 6.393044888651597812e-01 4.420847091720898070e-01 5.602228102130166754e-01 5.921199042107418986e-01 5.596739873326486148e-01 5.691091494407247708e-01 6.057002441543437588e-01 4.229195712533988516e-01 8.351594432387616784e-01 3.056284826566042501e-01 7.683963057538817365e-01 4.166233702120960558e-01 1.390161248757418866e-01 0.000000000000000000e+00 7.820769038902855019e-01 9.016637393259385735e-01 6.084565226730775933e-01 6.599473714522157142e-01 6.456579639103565693e-01 4.284721856730551726e-01 3.816125155214221687e-01 4.189664386758003567e-01 8.444549879560661054e-01 6.056446482691393296e-01 2.961521808273458456e-01 6.906663759874320796e-01
5.979415501190032955e-01 6.136202865102962090e-01 3.558290707085439708e-01 4.891666286612189052e-01 6.069574210286834415e-01 7.819186118350673897e-02 8.216528676226122485e-01 3.190043228354527693e-01 8.702717769495138533e-01 7.532346137202972081e-01 6.496179271101978348e-01 6.107385254020294418e-01 4.222660964964817243e-01 5.284821638863629323e-01 7.434005228508371310e-01 4.693435585748254590e-01 6.412280176653248898e-01 5.736879559366635517e-01 4.637752127147002357e-01 6.471706412102433692e-01 4.979392898333528383e-01 1.135424374768944089e-01 7.820769038902855019e-01 0.000000000000000000e+00 7.632594826565202162e-01 2.005974306347527714e-01 5.126724078019019304e-01 8.220627498971538882e-01 6.016704676008353125e-01 4.386415997430649916e-01 5.789735878230845012e-01 2.826369925853641218e-01 5.179999299159758763e-01 3.040568864531479898e-01 4.400914463404700938e-01
9.363334796616709088e-01 8.349448416521532135e-01 6.501780925176166015e-01 7.481149702551948000e-01 8.467448115966873523e-01 4.350475006517640075e-01 3.714271084507524412e-01 2.890450653047611507e-01 4.617832016255869476e-01 4.264882876997641015e-01 6.611083696067275861e-01 6.701836386733035500e-01 6.773963533160899386e-01 9.790513777135116946e-01 5.052274735941020278e-01 1.388160387146119001e-01 3.930500511851493517e-01 3.507186375479382501e-01 4.052321203543047257e-01 5.718393649539474932e-01 1.242006582388228697e-01 5.094824155549906308e-01 9.016637393259385735e-01 7.632594826565202162e-01 0.000000000000000000e+00 2.760433999397950977e-01 2.648447882271123266e-01 7.563572925146582193e-01 8.608843006538534626e-01 6.492493371842810168e-01 1.388189492078309994e-01 3.243654391060557529e-01 9.515238153585028336e-01 5.267068495186797428e-01 8.439364891622118670e-01
7.058131201042476821e-01 4.981520309507621591e-01 1.471508254968594276e-01 8.236341417028572032e-01 6.479160249103947944e-01 8.686092980964801313e-01 4.343984474141122654e-01 3.042023089226455479e-01 7.955719539492109860e-01 8.839251848214418894e-01 5.999172629526725586e-01 6.621273769624695937e-01 6.456595328986080018e-01 5.215754035755892914e-01 8.302115173626548605e-01 2.381069340597363748e-01 3.871185579572972157e-01 1.100734154715210522e-01 7.532943710091390965e-01 8.889966137725169304e-01 3.556544107140138244e-01 6.446724834805545035e-01 6.084565226730775933e-01 2.005974306347527714e-01 2.760433999397950977e-01 0.000000000000000000e+00 5.510563857767218909e-01 7.410846072590632216e-01 1.377241423041941637e-01 5.694118600894563231e-01 4.607190992337824587e-01 1.814038279737828496e-02 7.818742979755752831e-01 7.246344018519116359e-01 6.896459025411911803e-01
5.689668760695754113e-01 5.955135803179745224e-01 5.754627164061481004e-01 4.753508151868391929e-01 7.930495044753015366e-01 3.138195829142028104e-01 7.997805083745556098e-01 4.192413466033148572e-01 6.676510447186251307e-01 7.074732880303696847e-01 8.214574952120807794e-01 6.225079859810240812e-01 3.920065650180120653e-01 4.833570716443876814e-01 4.338774887607652619e-01 2.519229678896871549e-01 7.982961185948462823e-01 6.868118353041432478e-01 7.957632522253327290e-01 5.067613502975096829e-01 6.444715365749413838e-01 8.386328300493963717e-01 6.599473714522157142e-01 5.126724078019019304e-01 2.648447882271123266e-01 5.510563857767218909e-01 0.000000000000000000e+00 5.801784807853551662e-01 4.948382782215582365e-01 4.810996176781527911e-01 4.754049590340736486e-01 5.336784834777990039e-01 6.080966001233893969e-01 8.193658985323510890e-01 8.205400358175631848e-01
6.101077574938358339e-01 2.516263716165629827e-01 3.770862818102534431e-01 5.300149005785514955e-01 4.186680946341898024e-01 4.529206767286396706e-01 6.117146338489051205e-01 1.586154627518794324e-01 8.943031178196817477e-01 8.694919652128287879e-01 7.900935605355952074e-01 8.206999353894137705e-01 3.764765794963060852e-01 3.120221876758193513e-01 6.549854732587554462e-01 5.497649872839394103e-01 6.991280913165915933e-01 5.913639915652590950e-01 5.179044237655630045e-01 7.860527036159878911e-01 3.005225885767274230e-01 8.550568482899744138e-01 6.456579639103565693e-01 8.220627498971538882e-01 7.563572925146582193e-01 7.410846072590632216e-01 5.801784807853551662e-01 0.000000000000000000e+00 5.648508948627166681e-01 3.067620852701145595e-01 2.538802294816338567e-01 8.465011869626256624e-01 3.866694484070529736e-01 8.410764923672977567e-01 1.011469250519819729e-01
6.510893945437863373e-01 8.727822650166218166e-01 5.744370844300921153e-01 7.024819241804244330e-01 8.342827517472216625e-01 3.679661124741984146e-01 4.160989986880853087e-01 5.099080875323720452e-01 4.920099222826339047e-01 6.034907945324434753e-01 3.429200661827300767e-01 2.229333172963717247e-01 6.609358025371103729e-01 9.055456729577415764e-01 4.803038908669666207e-01 3.341705709404979019e-01 5.313932826358696015e-01 7.688880382023489668e-01 6.621675333549330578e-01 1.257255545112533901e-01 3.990254587280928078e-02 6.270205213861099747e-01 4.284721856730551726e-01 6.016704676008353125e-01 8.608843006538534626e-01 1.377241423041941637e-01 4.948382782215582365e-01 5.648508948627166681e-01 0.000000000000000000e+00 4.288672819573665640e-01 4.988721732902698935e-01 4.797002307710579450e-01 4.496439910886016467e-01 7.852222203003050849e-01 7.334989547021132372e-01
3.390591390370052416e-01 2.585561201435111478e-01 3.897980620037940769e-01 5.232644078975769997e-01 7.090335153877564967e-01 5.739523233433136973e-01 2.174394326048472159e-01 1.965047759447001718e-01 6.158680446009660026e-01 1.806508704202729465e-01 6.145703001293004730e-01 5.344107979716518075e-01 1.736915941018911669e-01 3.498874471572389622e-01 6.163288213422002393e-02 9.255555262794039617e-01 7.632141979663060738e-01 6.960796310373217333e-01 1.274694282178190363e-01 7.033391181897190592e-01 4.475689055183103560e-01 4.947642124995818569e-01 3.816125155214221687e-01 4.386415997430649916e-01 6.492493371842810168e-01 5.694118600894563231e-01 4.810996176781527911e-01 3.067620852701145595e-01 4.288672819573665640e-01 0.000000000000000000e+00 4.309072195624877866e-01 1.781699178693388341e-01 7.219402055961845477e-01 3.368526098076370379e-01 6.844185773201034717e-01
8.710829818947317671e-01 5.173838540033353084e-01 5.144646291296008922e-01 5.114252640439520547e-01 4.260451134611780710e-01 6.732039893066367187e-01 2.635141249447368050e-01 5.042102186751357129e-01 1.461475355992296610e-01 7.911722749394061172e-01 3.891313035285948185e-01 2.827941718940125138e-01 7.298503371444858834e-01 3.260899217730915955e-01 9.093823909815585971e-01 5.888638695177826898e-01 3.106441466544268559e-01 5.775821039450598215e-01 1.690702382023903105e-01 6.655400364989778605e-01 7.328034856055125612e-01 8.553211604963923964e-01 4.189664386758003567e-01 5.789735878230845012e-01 1.388189492078309994e-01 4.607190992337824587e-01 4.754049590340736486e-01 2.538802294816338567e-01 4.988721732902698935e-01 4.309072195624877866e-01 0.000000000000000000e+00 7.732842055113107183e-01 3.681946165078385236e-01 5.318797221069526682e-01 3.214372360344978086e-01
2.675562676808402318e-01 4.253271541259520672e-01 6.000425036130199175e-01 2.002828713134304772e-01 2.192360470670793315e-01 3.459565705026990678e-01 1.804427922570697174e-01 8.312094617026659638e-01 3.755632023287532872e-01 3.266780863047543670e-01 1.662994457000545045e-01 5.034675839093680771e-01 4.372131602422475449e-01 9.348250974482041897e-01 3.739359048494026450e-01 3.794186610615863930e-01 6.133741973518693769e-01 8.741865323517551412e-01 1.026455238193325625e-01 7.418768586738851978e-01 5.317336058263533172e-01 5.362091747862236524e-01 8.444549879560661054e-01 2.826369925853641218e-01 3.243654391060557529e-01 1.814038279737828496e-02 5.336784834777990039e-01 8.465011869626256624e-01 4.797002307710579450e-01 1.781699178693388341e-01 7.732842055113107183e-01 0.000000000000000000e+00 5.341709469937689914e-01 4.950170462037569163e-01 6.438132356560681835e-01
7.861048173237861203e-02 3.190460074221627140e-01 3.939071047482503585e-01 6.287355324156580494e-01 3.869814095028516476e-01 8.384950999255541548e-01 5.235641684299423559e-01 6.479536303822438503e-01 7.110023341844996514e-01 6.815547678686526556e-01 4.331993502080269676e-01 8.405442242512238815e-01 2.241543241029007039e-01 7.208027751657959392e-01 7.736507132576897483e-01 2.076310274108124077e-01 5.699526232740723675e-01 3.890250632153682275e-01 6.240529432824664102e-01 4.387226843940675303e-01 3.594693634803226012e-01 2.132094641926786105e-01 6.056446482691393296e-01 5.179999299159758763e-01 9.515238153585028336e-01 7.818742979755752831e-01 6.080966001233893969e-01 3.866694484070529736e-01 4.496439910886016467e-01 7.219402055961845477e-01 3.681946165078385236e-01 5.341709469937689914e-01 0.000000000000000000e+00 3.325060320321073237e-01 9.449166402075259708e-01
3.529390947812841572e-01 8.287578884184927386e-01 6.924245622241266274e-01 6.106234724929746616e-01 4.821036558949063355e-01 7.482776080966180299e-01 2.944683173129994946e-01 4.600619922432916953e-01 6.237016506527867099e-01 4.818338698606023929e-01 4.302469624597782816e-01 6.480050819098001069e-01 5.607742919275449101e-01 4.788706100627142526e-01 5.574031272702428819e-01 5.394257966823862160e-01 4.018941095193193092e-01 1.493641412779009858e-01 6.853688381674485353e-01 9.142745392606091981e-01 5.466034545610536366e-01 8.236153416270597383e-02 2.961521808273458456e-01 3.040568864531479898e-01 5.267068495186797428e-01 7.246344018519116359e-01 8.193658985323510890e-01 8.410764923672977567e-01 7.852222203003050849e-01 3.368526098076370379e-01 5.318797221069526682e-01 4.950170462037569163e-01 3.325060320321073237e-01 0.000000000000000000e+00 7.299408185458162723e-01
3.922333559278702309e-01 8.910497859511705698e-01 6.137807710665816874e-01 1.858678582858859230e-01 4.052751913642621551e-01 8.730563680491520984e-02 6.910713388979131677e-01 4.749880184019891205e-01 3.585625150271806172e-01 2.088822172959489132e-01 6.387023189911681387e-01 8.811165287039153249e-01 8.582226322250744444e-01 3.382189667373383113e-01 2.559217023099557009e-01 7.844929012323175188e-01 9.559949222933900037e-02 6.849871977777418630e-01 1.354979699319857067e-01 2.083207799339308330e-01 3.598836090271002597e-01 6.033635375467847339e-01 6.906663759874320796e-01 4.400914463404700938e-01 8.439364891622118670e-01 6.896459025411911803e-01 8.205400358175631848e-01 1.011469250519819729e-01 7.334989547021132372e-01 6.844185773201034717e-01 3.214372360344978086e-01 6.438132356560681835e-01 9.449166402075259708e-01 7.299408185458162723e-01 0.000000000000000000e+00
