0.000000000000000000e+00 8.472493001805778690e-01 4.953494247650408466e-01 6.393853310302242132e-01 6.952182209309103467e-01 3.624767274331497369e-01 4.737446489199194088e-01 3.092553625178348642e-01 9.239593235089118561e-01 6.436160631197703763e-01 7.361182768775920149e-01 7.865709306946339074e-01 5.462800204132320925e-01 5.697111612573838579e-01 6.373392749575941263e-01 5.732316594475901361e-01 5.077017613740028024e-01 4.631549844129261295e-01 5.634768349928750419e-01 4.867954974299664728e-01 4.825263588333251197e-01 4.499260909218644744e-01 4.743241950930471296e-01 4.410371453029662270e-01 2.171470872363338023e-01 6.288094391033463015e-01 1.449036445076850588e-01 4.071297382978904533e-01 6.381907525200012365e-01 7.249394735431442527e-01 4.549372248672815533e-01 2.301519494570964941e-01 5.870607782647008221e-02 6.491387032984488048e-01 3.601745966136380428e-01
8.472493001805778690e-01 0.000000000000000000e+00 1.088677417368478784e-01 6.540676140132452021e-01 5.309182578049540524e-01 7.349416867862879066e-01 5.949308690653856146e-01 4.267396180331184397e-01 7.269521109171088735e-01 9.295114130258271823e-01 4.384671998487698064e-01 6.642526903790991755e-01 5.179216540629902887e-01 6.341045414783541556e-02 8.456301279538058768e-01 5.848623482491275283e-01 7.376555308564891611e-01 1.571161679349050155e-01 2.254976752343415825e-01 5.849758560077679137e-01 2.138847474641161206e-01 3.602389799927461778e-01 6.023357372553015399e-01 6.585130088400836801e-02 5.480879660093569417e-01 6.297504888598077777e-01 5.369695077910014991e-01 2.430692168914124762e-01 6.997386774133905751e-01 5.715414406199421649e-01 5.036223565752928621e-01 3.271520469275879806e-01 4.850668988062357689e-01 2.462965566029389208e-01 2.725294259891725690e-01
4.953494247650408466e-01 1.088677417368478784e-01 0.000000000000000000e+00 2.722106981795049951e-01 1.281679301476937871e-01 8.701659319703006767e-01 8.388987656980956276e-02 2.000435440905809492e-01 4.786775321297352948e-01 6.805153654729645396e-01 5.662394972656272785e-01 6.689693703922221513e-01 7.519851331164171260e-01 2.496324958275720762e-01 5.724398620448374331e-01 3.582451919264396656e-01 1.976906324557888839e-01 6.458268532977782250e-01 6.407774128107299738e-01 5.483577245438645553e-01 5.908331277195946196e-01 7.286468015494274031e-01 2.751468791635873212e-01 6.413101529317613014e-01 4.005975474948254567e-01 3.840931986038804702e-01 5.922062012274852405e-01 4.830409342641989179e-01 2.114231059003569557e-01 6.997345654247162372e-01 7.020698341183273516e-02 5.408688956684984950e-01 4.874653546412864857e-01 7.493507977620941229e-01 4.148166773414675434e-01
6.393853310302242132e-01 6.540676140132452021e-01 2.722106981795049951e-01 0.000000000000000000e+00 7.210686527767047327e-01 9.376456685497935872e-01 8.607454565396708279e-01 2.994501133868794351e-01 5.075306288728700377e-01 5.275919205759880271e-01 5.723274319622619899e-01 8.922488282832690132e-01 8.883308573850707823e-01 1.766636377803122437e-01 8.274183553717650019e-01 5.975900081793382723e-01 6.989322604814185436e-01 4.179956216969064609e-01 6.676941681989672084e-01 2.997526733796475051e-01 3.861664656527730166e-01 2.427908912128578789e-01 6.847044420028756129e-01 2.629016068662083927e-01 4.058247002649473245e-01 7.513344400914747645e-01 6.855444728101121044e-01 6.751776701174904138e-01 5.062806250199681779e-01 6.508730346907842801e-02 6.403042286411915196e-01 4.295622217031871415e-01 4.873004255746355984e-01 5.466587978938080017e-01 5.007436325709463398e-01
6.952182209309103467e-01 5.309182578049540524e-01 1.281679301476937871e-01 7.210686527767047327e-01 0.000000000000000000e+00 6.285372289621669051e-01 9.099700486178863290e-02 3.185029837943933462e-01 3.994468775128687810e-01 9.072309611982765087e-02 1.907958633922333669e-01 7.998913474728230888e-01 4.551596401355039179e-01 6.245210528087312696e-01 6.155497587757889910e-01 5.968802087977909121e-01 7.844737900285331245e-01 5.294500533104699036e-01 8.637846710769109260e-01 6.811887353290331237e-01 3.774408095462048474e-01 4.657057892412881372e-01 4.398826674448272911e-01 8.022744633213094723e-01 4.138514637942135033e-01 1.631018626453658027e-01 5.996497149125583626e-01 4.388309722558809134e-01 4.719431388130758132e-01 8.172514214569939206e-01 7.606609523285468022e-01 6.282824962966142568e-01 4.427700271456440628e-01 3.450945144566600620e-01 9.511623081745517183e-01
3.624767274331497369e-01 7.349416867862879066e-01 8.701659319703006767e-01 9.376456685497935872e-01 6.285372289621669051e-01 0.000000000000000000e+00 6.265349851760844135e-01 4.239854906309113991e-01 6.350243690000825225e-01 7.005976499934976065e-01 4.031717860599759451e-01 2.875310550537152343e-01 6.545446887258263846e-01 6.468099119374122186e-01 1.560104810065070513e-01 4.086487363497844361e-01 5.326972495713859779e-01 7.822288041550883309e-01 5.235222087863897755e-01 8.162872662583879890e-01 5.071702335738496048e-01 4.608957429834351638e-01 8.467127714377125081e-01 4.399285769630593146e-01 3.792625165384877484e-01 8.334300928510511852e-01 7.881703749303767825e-01 6.007270392323026398e-01 6.747600405162732518e-01 8.163805888968562741e-01 3.685656201145166566e-01 5.328434016329812728e-01 3.193006982658039283e-01 9.268491578209401283e-01 5.852562278666382234e-01
4.737446489199194088e-01 5.949308690653856146e-01 8.388987656980956276e-02 8.607454565396708279e-01 9.099700486178863290e-02 6.265349851760844135e-01 0.000000000000000000e+00 4.266273996216644049e-01 5.910440077180064700e-01 3.567366992428441796e-01 3.801732363235188483e-01 6.439635089696886805e-01 5.947226509770484615e-01 5.892982355272293749e-01 5.929470247965660246e-01 9.397117813053799118e-01 6.217867691226002247e-01 4.999336766802909282e-01 5.561505600887324263e-01 6.810826287716238436e-01 5.148191021958167246e-01 2.604829343072528891e-01 1.373515702370864400e-01 2.150870921455888540e-01 2.533454272064164514e-01 8.360072138791834195e-01 3.128074711076900827e-01 9.715250698237833937e-01 6.488656097431485525e-01 5.517135845562104457e-01 3.104806946290592506e-01 8.969673205490223955e-01 4.843876048611751584e-01 6.482801091367508262e-01 7.900314118369244909e-02
3.092553625178348642e-01 4.267396180331184397e-01 2.000435440905809492e-01 2.994501133868794351e-01 3.185029837943933462e-01 4.239854906309113991e-01 4.266273996216644049e-01 0.000000000000000000e+00 8.263818299156282521e-01 5.556948202904242740e-01 8.195010880860464919e-02 6.354307952331845755e-01 9.899368769041614335e-01 3.600748460633882986e-01 3.830558671943368187e-01 4.945407469170947645e-01 1.889367600645985856e-01 3.649206769273261042e-01 6.840413177964423941e-01 5.289433449063342119e-01 6.508278397937989901e-01 5.819903840838908105e-01 4.994994547544081565e-01 6.500304501946086999e-01 6.555429567539217128e-01 7.277513517935267906e-01 9.637451664193610323e-01 4.887964577718924009e-01 7.007971839368674072e-01 7.284536126157745706e-01 7.147004836672006256e-01 4.199621252022555651e-01 5.049707217610421850e-01 4.137661223520837650e-01 6.300891905243009017e-01
9.239593235089118561e-01 7.269521109171088735e-01 4.786775321297352948e-01 5.075306288728700377e-01 3.994468775128687810e-01 6.350243690000825225e-01 5.910440077180064700e-01 8.263818299156282521e-01 0.000000000000000000e+00 6.116911774029336613e-01 5.436338501683004587e-01 3.289810381851520082e-01 4.936828389913587301e-01 1.127682919168080389e-01 2.998615388330542197e-01 7.981039344998437368e-01 6.007286014456723056e-01 2.529651693913704813e-01 7.667637422878430531e-01 7.777503448144054143e-01 2.710691887758029384e-01 8.491165908536622009e-01 9.690630481260009699e-01 6.110033722827361569e-01 5.556797974882965452e-01 5.321460595001032967e-01 8.108040899339600260e-01 4.830967937465547313e-01 5.335512992920479203e-01 6.799281048126819549e-01 6.997599792239174166e-01 3.970141528143705800e-01 6.476800013402052025e-01 6.127141499082306986e-01 6.484218738482132594e-01
6.436160631197703763e-01 9.295114130258271823e-01 6.805153654729645396e-01 5.275919205759880271e-01 9.072309611982765087e-02 7.005976499934976065e-01 3.567366992428441796e-01 5.556948202904242740e-01 6.116911774029336613e-01 0.000000000000000000e+00 6.713671034714095986e-01 5.792988316332136067e-01 1.061541112728797698e-01 6.153205808408359623e-01 5.795463036368782017e-01 7.263771602488695578e-01 3.097332028397727921e-01 7.312943850538382584e-01 2.847347241924187977e-01 3.744454471564503395e-01 3.795781665483114464e-01 4.787652854109375467e-01 5.602119719335698633e-01 8.327922528347102560e-01 8.559023909740259839e-02 6.636402461782432427e-01 6.862771420610900286e-01 7.707583388302134964e-01 4.262122891832431648e-01 3.585009076564602548e-01 4.906945047029849238e-01 4.108262440103204738e-01 3.527351158158301692e-01 6.465171578564149479e-01 6.266091658172546763e-01
7.361182768775920149e-01 4.384671998487698064e-01 5.662394972656272785e-01 5.723274319622619899e-01 1.907958633922333669e-01 4.031717860599759451e-01 3.801732363235188483e-01 8.195010880860464919e-02 5.436338501683004587e-01 6.713671034714095986e-01 0.000000000000000000e+00 8.488778259727887132e-01 3.739431927694036317e-01 6.833014848331325775e-01 8.437580224325449407e-01 5.986331541609546392e-01 6.694556044881192491e-01 1.906997204952263214e-01 4.585429817253963702e-01 4.362278784635142403e-01 5.534723253017467259e-01 2.092829689333316201e-01 3.583768863470258026e-01 1.167835901991323699e-01 4.732810701058687286e-01 9.151341551969014443e-01 3.383700535146914046e-01 5.806295454302156100e-01 7.171470796177434881e-01 5.173869816873325478e-01 8.458162707424572435e-01 2.421267451831833895e-01 3.893964488365497245e-01 1.679050939832223976e-01 8.313233545794473933e-01
7.865709306946339074e-01 6.642526903790991755e-01 6.689693703922221513e-01 8.922488282832690132e-01 7.998913474728230888e-01 2.875310550537152343e-01 6.439635089696886805e-01 6.354307952331845755e-01 3.289810381851520082e-01 5.792988316332136067e-01 8.488778259727887132e-01 0.000000000000000000e+00 6.692429653658895639e-01 3.207206806496455398e-01 8.742768434551537737e-01 4.420447168808462890e-01 9.803380683754012725e-01 3.446662194419113923e-01 4.609037515744939806e-01 6.685653629150167809e-01 3.128505003957418040e-01 2.483585903145244522e-01 5.210622587580509002e-01 1.822868965639281025e-01 8.224176715146854777e-01 4.581041956522832748e-01 5.166442306719175592e-01 2.688354961190354553e-01 7.276992238541151181e-01 5.165123881221803659e-01 4.999043324679742772e-01 5.280132218947040101e-01 5.948632992793339014e-01 1.297808817028308637e-01 5.280764501246214548e-01
5.462800204132320925e-01 5.179216540629902887e-01 7.519851331164171260e-01 8.883308573850707823e-01 4.551596401355039179e-01 6.545446887258263846e-01 5.947226509770484615e-01 9.899368769041614335e-01 4.936828389913587301e-01 1.061541112728797698e-01 3.739431927694036317e-01 6.692429653658895639e-01 0.000000000000000000e+00 3.568780820453659186e-01 6.285052418793446449e-01 5.904657603532856847e-01 6.770502222828682637e-01 3.772514112280835330e-01 2.996359524484336068e-01 4.254769405307697316e-01 4.871490355362236291e-01 7.698574044909812786e-01 3.349278714854761474e-01 4.752173557740488885e-01 3.304283398693946272e-01 4.306597150236701754e-01 5.059309549912089921e-01 7.064231639519282790e-01 2.975419352545543017e-01 2.512916770589903592e-01 8.956647288792649597e-01 4.239046792719541323e-01 1.816887088539412831e-01 2.895929256576140753e-01 7.168124453558892828e-01
5.697111612573838579e-01 6.341045414783541556e-02 2.496324958275720762e-01 1.766636377803122437e-01 6.245210528087312696e-01 6.468099119374122186e-01 5.892982355272293749e-01 3.600748460633882986e-01 1.127682919168080389e-01 6.153205808408359623e-01 6.833014848331325775e-01 3.207206806496455398e-01 3.568780820453659186e-01 0.000000000000000000e+00 3.763123586379681917e-01 4.095867409054145258e-01 3.903384726956029005e-01 7.574796641161860578e-01 5.671615797449134355e-01 7.578541291405910263e-01 5.550915262537169381e-01 6.828161304212920779e-01 4.820445532800274879e-01 4.648860889681428743e-01 4.471240237857824207e-01 4.576094749413661678e-01 6.581487285854833447e-01 9.516218830231790715e-01 7.170398208539110474e-01 3.177054952527892384e-01 2.835505525245742287e-01 4.533922047005016776e-01 1.672186676609742628e-01 4.742506535919908117e-01 5.437803244348273779e-01
6.373392749575941263e-01 8.456301279538058768e-01 5.724398620448374331e-01 8.274183553717650019e-01 6.155497587757889910e-01 1.560104810065070513e-01 5.929470247965660246e-01 3.830558671943368187e-01 2.998615388330542197e-01 5.795463036368782017e-01 8.437580224325449407e-01 8.742768434551537737e-01 6.285052418793446449e-01 3.763123586379681917e-01 0.000000000000000000e+00 4.690934047207927504e-01 5.155192310643272879e-01 7.244580263067024184e-01 8.920617087034177217e-02 5.458301325124239600e-01 6.202366522974375185e-01 2.375477229018524428e-01 8.420291303802571736e-01 8.276587888048814179e-02 5.060678858593824492e-01 4.330243031058755854e-01 3.160344484027209910e-01 6.469756472755556764e-01 4.595069736436285801e-02 4.770054232969447305e-01 9.523665581338693897e-01 1.525913650216813577e-01 5.075560834393684218e-01 6.094341002982315292e-01 4.352721647529610993e-01
5.732316594475901361e-01 5.848623482491275283e-01 3.582451919264396656e-01 5.975900081793382723e-01 5.968802087977909121e-01 4.086487363497844361e-01 9.397117813053799118e-01 4.945407469170947645e-01 7.981039344998437368e-01 7.263771602488695578e-01 5.986331541609546392e-01 4.420447168808462890e-01 5.904657603532856847e-01 4.095867409054145258e-01 4.690934047207927504e-01 0.000000000000000000e+00 8.971326595788755576e-01 4.277309729095410962e-01 7.350528107593996552e-01 2.149681052446597573e-01 3.661280097518903043e-01 4.896156722939966621e-01 3.803052074872251831e-01 3.765281854296875230e-01 1.801541880561519093e-02 4.611573382362992302e-01 7.982270919090526107e-01 1.521758111471613883e-01 2.343894495867089312e-01 7.005259429324687259e-01 6.708480660485078850e-01 6.430127118927495555e-01 8.421503660861693330e-01 5.556244814571598134e-01 6.751667526221583060e-03
5.077017613740028024e-01 7.376555308564891611e-01 1.976906324557888839e-01 6.989322604814185436e-01 7.844737900285331245e-01 5.326972495713859779e-01 6.217867691226002247e-01 1.889367600645985856e-01 6.007286014456723056e-01 3.097332028397727921e-01 6.694556044881192491e-01 9.803380683754012725e-01 6.770502222828682637e-01 3.903384726956029005e-01 5.155192310643272879e-01 8.971326595788755576e-01 0.000000000000000000e+00 9.007117053062019263e-01 8.025060282291598401e-01 6.193751440454453583e-02 5.165650917417834442e-01 5.739306200650824419e-01 3.248570372505297232e-01 7.089620427958162052e-01 8.821253375348276915e-01 3.245668396710719716e-01 3.957644585437501972e-01 6.309317718882549997e-01 7.027616709378298188e-01 7.828816740424568987e-01 4.899369645416179475e-01 8.181381461612644568e-01 5.679103660222065697e-01 3.931402687023390907e-01 6.285515696033325828e-01
4.631549844129261295e-01 1.571161679349050155e-01 6.458268532977782250e-01 4.179956216969064609e-01 5.294500533104699036e-01 7.822288041550883309e-01 4.999336766802909282e-01 3.649206769273261042e-01 2.529651693913704813e-01 7.312943850538382584e-01 1.906997204952263214e-01 3.446662194419113923e-01 3.772514112280835330e-01 7.574796641161860578e-01 7.244580263067024184e-01 4.277309729095410962e-01 9.007117053062019263e-01 0.000000000000000000e+00 6.711492814931263595e-01 3.452680237548321207e-01 7.977937696699926029e-01 3.565605045314906851e-01 5.480818764232672224e-01 3.834741171951047134e-01 8.664695054793054574e-01 3.197292293470780367e-01 8.749792967535652277e-01 5.078657176033054554e-01 6.605184352817288218e-01 2.867201905750372815e-01 6.202353443177912595e-01 7.293304892462523226e-01 7.741132695706585132e-01 4.291936549817335633e-01 7.890217139702303539e-01
5.634768349928750419e-01 2.254976752343415825e-01 6.407774128107299738e-01 6.676941681989672084e-01 8.637846710769109260e-01 5.235222087863897755e-01 5.561505600887324263e-01 6.840413177964423941e-01 7.667637422878430531e-01 2.847347241924187977e-01 4.585429817253963702e-01 4.609037515744939806e-01 2.996359524484336068e-01 5.671615797449134355e-01 8.920617087034177217e-02 7.350528107593996552e-01 8.025060282291598401e-01 6.711492814931263595e-01 0.000000000000000000e+00 7.281772230156030590e-01 9.823186946896966809e-01 7.688252097253568396e-01 3.137775738937199632e-01 8.430977376367587706e-01 4.565799467932220024e-01 4.402335430877924449e-01 2.532519451381906039e-01 6.875983378687317016e-01 5.187141618461501569e-01 5.965076688229756785e-01 4.787770505718718095e-01 7.810695991251342951e-01 3.811725251008629689e-01 4.158986060648007799e-01 5.446624054525670555e-01
4.867954974299664728e-01 5.849758560077679137e-01 5.483577245438645553e-01 2.997526733796475051e-01 6.811887353290331237e-01 8.162872662583879890e-01 6.810826287716238436e-01 5.289433449063342119e-01 7.777503448144054143e-01 3.744454471564503395e-01 4.362278784635142403e-01 6.685653629150167809e-01 4.254769405307697316e-01 7.578541291405910263e-01 5.458301325124239600e-01 2.149681052446597573e-01 6.193751440454453583e-02 3.452680237548321207e-01 7.281772230156030590e-01 0.000000000000000000e+00 1.933672896192849544e-01 8.328795996975004723e-01 3.869981752332370406e-01 3.702845697758366805e-01 8.473322870184356592e-01 3.000167835399431548e-01 5.352631530306647401e-01 7.712024002665737177e-01 2.195890089549621393e-01 7.167055302448107623e-01 5.906408992868292795e-01 3.251235704441065577e-01 3.874740794801844190e-01 8.044910369475500866e-01 8.040275491878401404e-02
4.825263588333251197e-01 2.138847474641161206e-01 5.908331277195946196e-01 3.861664656527730166e-01 3.774408095462048474e-01 5.071702335738496048e-01 5.148191021958167246e-01 6.508278397937989901e-01 2.710691887758029384e-01 3.795781665483114464e-01 5.534723253017467259e-01 3.128505003957418040e-01 4.871490355362236291e-01 5.550915262537169381e-01 6.202366522974375185e-01 3.661280097518903043e-01 5.165650917417834442e-01 7.977937696699926029e-01 9.823186946896966809e-01 1.933672896192849544e-01 0.000000000000000000e+00 5.651657047043994186e-01 3.982507205756191104e-01 4.280255083752833034e-01 7.058145676072690167e-01 7.481917101845689810e-01 8.773311903717317950e-01 3.619821830690813091e-01 2.148790936398997375e-01 5.296563945940626628e-01 4.276620963695252353e-01 6.920354417188626650e-01 7.365959994271542577e-01 6.445395380812184438e-01 8.223066607480888912e-01
4.499260909218644744e-01 3.602389799927461778e-01 7.286468015494274031e-01 2.427908912128578789e-01 4.657057892412881372e-01 4.608957429834351638e-01 2.604829343072528891e-01 5.819903840838908105e-01 8.491165908536622009e-01 4.787652854109375467e-01 2.092829689333316201e-01 2.483585903145244522e-01 7.698574044909812786e-01 6.828161304212920779e-01 2.375477229018524428e-01 4.896156722939966621e-01 5.739306200650824419e-01 3.565605045314906851e-01 7.688252097253568396e-01 8.328795996975004723e-01 5.651657047043994186e-01 0.000000000000000000e+00 9.048167257411567910e-01 4.419308455855246454e-01 1.524120643970986455e-01 8.833954728579648252e-01 4.451945297005408531e-01 3.628852874723123567e-01 6.200338777701794868e-01 2.184509058716114227e-01 1.939319566086938895e-01 4.380531101425857443e-01 6.023824645925952570e-01 1.262799130647532797e-01 3.894977141535673759e-01
4.743241950930471296e-01 6.023357372553015399e-01 2.751468791635873212e-01 6.847044420028756129e-01 4.398826674448272911e-01 8.467127714377125081e-01 1.373515702370864400e-01 4.994994547544081565e-01 9.690630481260009699e-01 5.602119719335698633e-01 3.583768863470258026e-01 5.210622587580509002e-01 3.349278714854761474e-01 4.820445532800274879e-01 8.420291303802571736e-01 3.803052074872251831e-01 3.248570372505297232e-01 5.480818764232672224e-01 3.137775738937199632e-01 3.869981752332370406e-01 3.982507205756191104e-01 9.048167257411567910e-01 0.000000000000000000e+00 3.730117178005335488e-01 1.859960245874914264e-01 8.793396463840186250e-01 2.004787829388939846e-01 3.890308042101338626e-01 4.357308589497367324e-01 5.556709714845575743e-01 2.738904048952683912e-01 7.005374419767003147e-01 5.471230882372322135e-01 5.048300352199958096e-01 4.597507097432697032e-01
4.410371453029662270e-01 6.585130088400836801e-02 6.413101529317613014e-01 2.629016068662083927e-01 8.022744633213094723e-01 4.399285769630593146e-01 2.150870921455888540e-01 6.500304501946086999e-01 6.110033722827361569e-01 8.327922528347102560e-01 1.167835901991323699e-01 1.822868965639281025e-01 4.752173557740488885e-01 4.648860889681428743e-01 8.276587888048814179e-02 3.765281854296875230e-01 7.089620427958162052e-01 3.834741171951047134e-01 8.430977376367587706e-01 3.702845697758366805e-01 4.280255083752833034e-01 4.419308455855246454e-01 3.730117178005335488e-01 0.000000000000000000e+00 4.669761298989953402e-01 4.984445615106180005e-01 9.471617298472243540e-01 6.863490875034512495e-01 7.301619162788997031e-01 3.270410053194445776e-01 3.802212784443430582e-01 6.514651935540894945e-01 6.488218471841344925e-01 5.574623524246695716e-01 4.301973152767373243e-01
2.171470872363338023e-01 5.480879660093569417e-01 4.005975474948254567e-01 4.058247002649473245e-01 4.138514637942135033e-01 3.792625165384877484e-01 2.533454272064164514e-01 6.555429567539217128e-01 5.556797974882965452e-01 8.559023909740259839e-02 4.732810701058687286e-01 8.224176715146854777e-01 3.304283398693946272e-01 4.471240237857824207e-01 5.060678858593824492e-01 1.801541880561519093e-02 8.821253375348276915e-01 8.664695054793054574e-01 4.565799467932220024e-01 8.473322870184356592e-01 7.058145676072690167e-01 1.524120643970986455e-01 1.859960245874914264e-01 4.669761298989953402e-01 0.000000000000000000e+00 6.642246161803513349e-01 4.265781795548316824e-01 8.778946023608571458e-01 3.778581447066798327e-01 5.622402556395464934e-01 4.915972360230621563e-01 6.807683440114479234e-01 9.028046245232490552e-02 5.366727715964405565e-01 4.095791023344390602e-01
6.288094391033463015e-01 6.297504888598077777e-01 3.840931986038804702e-01 7.513344400914747645e-01 1.631018626453658027e-01 8.334300928510511852e-01 8.360072138791834195e-01 7.277513517935267906e-01 5.321460595001032967e-01 6.636402461782432427e-01 9.151341551969014443e-01 4.581041956522832748e-01 4.306597150236701754e-01 4.576094749413661678e-01 4.330243031058755854e-01 4.611573382362992302e-01 3.245668396710719716e-01 3.197292293470780367e-01 4.402335430877924449e-01 3.000167835399431548e-01 7.481917101845689810e-01 8.833954728579648252e-01 8.793396463840186250e-01 4.984445615106180005e-01 6.642246161803513349e-01 0.000000000000000000e+00 8.493403965039716397e-01 6.426033923914739043e-01 8.043678798298312671e-01 2.635654537384070628e-01 7.219422456317662329e-01 4.112972645041513275e-01 5.915568191218730787e-01 3.494829264721924789e-01 5.382050843435775001e-01
1.449036445076850588e-01 5.369695077910014991e-01 5.922062012274852405e-01 6.855444728101121044e-01 5.996497149125583626e-01 7.881703749303767825e-01 3.128074711076900827e-01 9.637451664193610323e-01 8.108040899339600260e-01 6.862771420610900286e-01 3.383700535146914046e-01 5.166442306719175592e-01 5.059309549912089921e-01 6.581487285854833447e-01 3.160344484027209910e-01 7.982270919090526107e-01 3.957644585437501972e-01 8.749792967535652277e-01 2.532519451381906039e-01 5.352631530306647401e-01 8.773311903717317950e-01 4.451945297005408531e-01 2.004787829388939846e-01 9.471617298472243540e-01 4.265781795548316824e-01 8.493403965039716397e-01 0.000000000000000000e+00 4.365935909181568597e-01 3.035997408747957982e-01 5.103297520827607681e-01 4.922106007047659104e-01 4.421816554536546207e-01 2.673895636209053794e-01 5.484987476110434468e-01 7.263777689365662482e-01
4.071297382978904533e-01 2.430692168914124762e-01 4.830409342641989179e-01 6.751776701174904138e-01 4.388309722558809134e-01 6.007270392323026398e-01 9.715250698237833937e-01 4.887964577718924009e-01 4.830967937465547313e-01 7.707583388302134964e-01 5.806295454302156100e-01 2.688354961190354553e-01 7.064231639519282790e-01 9.516218830231790715e-01 6.469756472755556764e-01 1.521758111471613883e-01 6.309317718882549997e-01 5.078657176033054554e-01 6.875983378687317016e-01 7.712024002665737177e-01 3.619821830690813091e-01 3.628852874723123567e-01 3.890308042101338626e-01 6.863490875034512495e-01 8.778946023608571458e-01 6.426033923914739043e-01 4.365935909181568597e-01 0.000000000000000000e+00 6.360939894301116393e-01 4.486855137547046124e-01 7.078349360646041255e-01 9.377678632880634968e-01 3.968988352770574379e-01 4.119245423802427863e-01 2.818751341818958589e-01
6.381907525200012365e-01 6.997386774133905751e-01 2.114231059003569557e-01 5.062806250199681779e-01 4.719431388130758132e-01 6.747600405162732518e-01 6.488656097431485525e-01 7.007971839368674072e-01 5.335512992920479203e-01 4.262122891832431648e-01 7.171470796177434881e-01 7.276992238541151181e-01 2.975419352545543017e-01 7.170398208539110474e-01 4.595069736436285801e-02 2.343894495867089312e-01 7.027616709378298188e-01 6.605184352817288218e-01 5.187141618461501569e-01 2.195890089549621393e-01 2.148790936398997375e-01 6.200338777701794868e-01 4.357308589497367324e-01 7.301619162788997031e-01 3.778581447066798327e-01 8.043678798298312671e-01 3.035997408747957982e-01 6.360939894301116393e-01 0.000000000000000000e+00 3.594353516186773456e-01 4.830799127976672658e-01 4.876937110411087017e-01 3.540433877788233819e-01 9.579133707374786200e-01 9.413260740610522870e-01
7.249394735431442527e-01 5.715414406199421649e-01 6.997345654247162372e-01 6.508730346907842801e-02 8.172514214569939206e-01 8.163805888968562741e-01 5.517135845562104457e-01 7.284536126157745706e-01 6.799281048126819549e-01 3.585009076564602548e-01 5.173869816873325478e-01 5.165123881221803659e-01 2.512916770589903592e-01 3.177054952527892384e-01 4.770054232969447305e-01 7.005259429324687259e-01 7.828816740424568987e-01 2.867201905750372815e-01 5.965076688229756785e-01 7.167055302448107623e-01 5.296563945940626628e-01 2.184509058716114227e-01 5.556709714845575743e-01 3.270410053194445776e-01 5.622402556395464934e-01 2.635654537384070628e-01 5.103297520827607681e-01 4.486855137547046124e-01 3.594353516186773456e-01 0.000000000000000000e+00 7.757045954621808459e-01 6.513156450068524617e-01 5.261929471546439308e-01 6.082317798562553168e-01 6.201410230253692202e-01
4.549372248672815533e-01 5.036223565752928621e-01 7.020698341183273516e-02 6.403042286411915196e-01 7.606609523285468022e-01 3.685656201145166566e-01 3.104806946290592506e-01 7.147004836672006256e-01 6.997599792239174166e-01 4.906945047029849238e-01 8.458162707424572435e-01 4.999043324679742772e-01 8.956647288792649597e-01 2.835505525245742287e-01 9.523665581338693897e-01 6.708480660485078850e-01 4.899369645416179475e-01 6.202353443177912595e-01 4.787770505718718095e-01 5.906408992868292795e-01 4.276620963695252353e-01 1.939319566086938895e-01 2.738904048952683912e-01 3.802212784443430582e-01 4.915972360230621563e-01 7.219422456317662329e-01 4.922106007047659104e-01 7.078349360646041255e-01 4.830799127976672658e-01 7.757045954621808459e-01 0.000000000000000000e+00 6.557998798057863565e-01 4.759405222448473971e-01 7.486648485563109912e-01 4.498119541281275779e-01
2.301519494570964941e-01 3.271520469275879806e-01 5.408688956684984950e-01 4.295622217031871415e-01 6.282824962966142568e-01 5.328434016329812728e-01 8.969673205490223955e-01 4.199621252022555651e-01 3.970141528143705800e-01 4.108262440103204738e-01 2.421267451831833895e-01 5.280132218947040101e-01 4.239046792719541323e-01 4.533922047005016776e-01 1.525913650216813577e-01 6.430127118927495555e-01 8.181381461612644568e-01 7.293304892462523226e-01 7.810695991251342951e-01 3.251235704441065577e-01 6.920354417188626650e-01 4.380531101425857443e-01 7.005374419767003147e-01 6.514651935540894945e-01 6.807683440114479234e-01 4.112972645041513275e-01 4.421816554536546207e-01 9.377678632880634968e-01 4.876937110411087017e-01 6.513156450068524617e-01 6.557998798057863565e-01 0.000000000000000000e+00 7.071289309124791922e-01 6.806344941463088327e-01 4.484944177797220433e-01
5.870607782647008221e-02 4.850668988062357689e-01 4.874653546412864857e-01 4.873004255746355984e-01 4.427700271456440628e-01 3.193006982658039283e-01 4.843876048611751584e-01 5.049707217610421850e-01 6.476800013402052025e-01 3.527351158158301692e-01 3.893964488365497245e-01 5.948632992793339014e-01 1.816887088539412831e-01 1.672186676609742628e-01 5.075560834393684218e-01 8.421503660861693330e-01 5.679103660222065697e-01 7.741132695706585132e-01 3.811725251008629689e-01 3.874740794801844190e-01 7.365959994271542577e-01 6.023824645925952570e-01 5.471230882372322135e-01 6.488218471841344925e-01 9.028046245232490552e-02 5.915568191218730787e-01 2.673895636209053794e-01 3.968988352770574379e-01 3.540433877788233819e-01 5.261929471546439308e-01 4.759405222448473971e-01 7.071289309124791922e-01 0.000000000000000000e+00 7.305464639966607887e-01 4.180578409382059712e-01
6.491387032984488048e-01 2.462965566029389208e-01 7.493507977620941229e-01 5.466587978938080017e-01 3.450945144566600620e-01 9.268491578209401283e-01 6.482801091367508262e-01 4.137661223520837650e-01 6.127141499082306986e-01 6.465171578564149479e-01 1.679050939832223976e-01 1.297808817028308637e-01 2.895929256576140753e-01 4.742506535919908117e-01 6.094341002982315292e-01 5.556244814571598134e-01 3.931402687023390907e-01 4.291936549817335633e-01 4.158986060648007799e-01 8.044910369475500866e-01 6.445395380812184438e-01 1.262799130647532797e-01 5.048300352199958096e-01 5.574623524246695716e-01 5.366727715964405565e-01 3.494829264721924789e-01 5.484987476110434468e-01 4.119245423802427863e-01 9.579133707374786200e-01 6.082317798562553168e-01 7.486648485563109912e-01 6.806344941463088327e-01 7.305464639966607887e-01 0.000000000000000000e+00 6.473379064315339937e-01
3.601745966136380428e-01 2.725294259891725690e-01 4.148166773414675434e-01 5.007436325709463398e-01 9.511623081745517183e-01 5.852562278666382234e-01 7.900314118369244909e-02 6.300891905243009017e-01 6.484218738482132594e-01 6.266091658172546763e-01 8.313233545794473933e-01 5.280764501246214548e-01 7.168124453558892828e-01 5.437803244348273779e-01 4.352721647529610993e-01 6.751667526221583060e-03 6.285515696033325828e-01 7.890217139702303539e-01 5.446624054525670555e-01 8.040275491878401404e-02 8.223066607480888912e-01 3.894977141535673759e-01 4.597507097432697032e-01 4.301973152767373243e-01 4.095791023344390602e-01 5.382050843435775001e-01 7.263777689365662482e-01 2.818751341818958589e-01 9.413260740610522870e-01 6.201410230253692202e-01 4.498119541281275779e-01 4.484944177797220433e-01 4.180578409382059712e-01 6.473379064315339937e-01 0.000000000000000000e+00
