0.000000000000000000e+00 1.221174763132177876e-01 2.008842996025255179e-01 6.975502978889920325e-01 4.330786142476100720e-01 6.580869144663868964e-01 7.756978844748103619e-01 2.270319179052862069e-01 2.732046990889973603e-01 5.623482393481984420e-01 7.544088695638652142e-01 4.761971417662919093e-01 5.755486927129360719e-01 1.905100433316748165e-01 5.720361173714061387e-01 4.494982249768202376e-01 1.314204148439084285e-01 5.271038939173200433e-01 5.563051765666262582e-01 8.293425536023746325e-01 4.158700528624142412e-01 4.952306608833891288e-01 5.173736878412575901e-01 2.143149188962052976e-01 2.855266551069993719e-01 1.884078466833760124e-01 3.705560941701508959e-01 6.774649247131714347e-01 5.265132948566118021e-01 2.078167856684380865e-01 4.719202233972525917e-01 6.300672616869913423e-01 6.129261166097015323e-01 1.714085227637737185e-01 5.565392928539558692e-02
1.221174763132177876e-01 0.000000000000000000e+00 7.370104291576150546e-01 4.737703880847008442e-01 3.714749681617004473e-01 5.419981105574565028e-01 3.172655007286471207e-01 4.473518425917371033e-01 8.040070751973924512e-01 5.449101677279677425e-01 6.702003066829164135e-01 8.723933846557905269e-01 4.050627711680813148e-01 9.313795345573772089e-02 2.498160363623940228e-01 2.354758817652358172e-02 8.137868456745231960e-01 3.042635962655390047e-01 7.940900402373787248e-01 3.318085719714178872e-01 5.133874197716536969e-01 2.746716869782888093e-01 7.655137763826078690e-01 8.710958247035616164e-02 1.108745460298256047e-01 2.430376915251553083e-01 5.231708508640815491e-01 6.320094785577543561e-01 4.840975580464540462e-01 2.500158037058505811e-01 5.898462650673386154e-02 5.217347904891177501e-01 2.082248420425278912e-01 7.895006892205895799e-01 3.734451097885764792e-01
2.008842996025255179e-01 7.370104291576150546e-01 0.000000000000000000e+00 4.958819420155145541e-01 5.215943157166501587e-01 3.449501719665832855e-01 2.533818862619245937e-01 3.275918754975191138e-01 4.835871931819821223e-01 4.568180134738699660e-01 8.393238930750046567e-02 4.322423932539113389e-01 7.820059402194492471e-01 8.805091733859577996e-01 2.106421093714163639e-01 4.864384460409760802e-01 5.195521627071768567e-01 7.713451712894214829e-01 8.790130513442533378e-01 3.584403955924061469e-01 6.784293009621149562e-01 5.686776597745006878e-01 6.796853873306186733e-01 8.211995230774437049e-01 3.410549724911450253e-01 6.137680106182960005e-01 5.429468899395151205e-02 4.954345951378830715e-01 4.718403346310437452e-01 3.768239834522102427e-01 7.037738784366920353e-01 1.230502809408621223e-01 3.549699855868462262e-01 9.076389616885796041e-01 5.933508062761234658e-01
6.975502978889920325e-01 4.737703880847008442e-01 4.958819420155145541e-01 0.000000000000000000e+00 8.372837790963487681e-01 8.412747565565369401e-01 4.455936904990295266e-01 4.798933425947032316e-01 7.399655462128443828e-01 6.071840441419958934e-01 5.080850260788087880e-01 7.148365411004378167e-01 6.683772946463029108e-01 5.164233795725045040e-01 1.266362613713131191e-01 4.893467104995553041e-01 4.775354186945400814e-01 4.092660863802086157e-01 3.867250733474510982e-01 6.553425267820920386e-01 4.346688869427144386e-01 8.942088043005280706e-02 8.433277417962410372e-01 8.619604927413928586e-01 5.358203864971293751e-01 4.327719540954209076e-01 7.576912546054089814e-01 3.031849022296505547e-01 3.807822508715684728e-01 2.574825912483806878e-01 2.112916660788726197e-01 4.999960399265441224e-01 2.245679944938876460e-01 3.069033727433934100e-01 9.187125520257303224e-01
4.330786142476100720e-01 3.714749681617004473e-01 5.215943157166501587e-01 8.372837790963487681e-01 0.000000000000000000e+00 6.924998671932962591e-01 4.611987480505211900e-01 7.709011496493181070e-01 9.326498502489368736e-01 6.900820595274959057e-01 7.633779804024016791e-01 7.757109546126367272e-01 4.213579375374974512e-01 7.940336882813591179e-01 7.499936983815235214e-01 5.267146187574790472e-01 1.764779713120911975e-02 6.018145124028554394e-01 5.935434055238970608e-01 4.479240845251534209e-01 7.967375225050037368e-01 9.268504557228991469e-01 4.473434995375593637e-01 4.590861724350598361e-01 7.903619012967993962e-01 9.073761013461496550e-01 5.670885412480928256e-01 5.090351286200291980e-01 6.349840990327260126e-01 5.474159975125743038e-01 4.765980493948271945e-01 2.764596082864020365e-01 7.950810181314675873e-01 5.396300103214828336e-01 4.445897353872702018e-01
6.580869144663868964e-01 5.419981105574565028e-01 3.449501719665832855e-01 8.412747565565369401e-01 6.924998671932962591e-01 0.000000000000000000e+00 4.398009898163218190e-01 6.868379104972672788e-01 3.347823363094086790e-01 1.747615452498482158e-01 4.150326290253832928e-01 7.982689173442407693e-01 5.216485264350421147e-01 1.535851715494915837e-01 5.770542918631995644e-01 5.660013152216791799e-01 4.670374712848519572e-01 7.974143440607166511e-01 4.857846522536009015e-01 4.128731241319263390e-01 2.242619711216904399e-01 4.197629116731000920e-01 1.150767025518587561e-01 3.596809707321759753e-01 8.477412032268232256e-01 2.169104432858118825e-01 7.133446865616410726e-01 6.037535557667422781e-01 6.831378439965918314e-01 5.024156992403734368e-01 8.250124600508015327e-01 2.155211551425004757e-01 2.142446122893012506e-01 2.178398120334674726e-01 2.786981504356424999e-01
7.756978844748103619e-01 3.172655007286471207e-01 2.533818862619245937e-01 4.455936904990295266e-01 4.611987480505211900e-01 4.398009898163218190e-01 0.000000000000000000e+00 6.704466489568675636e-01 7.370574103369880170e-01 7.467337955454074194e-01 4.603882194008912521e-01 6.694546173690040236e-01 6.432346754469875361e-01 7.392953364526502202e-01 2.497272632835096928e-01 6.687747388279874361e-01 9.702399333585320917e-02 4.830567448863642976e-02 5.256894820929746137e-01 5.215023856868277186e-01 2.767058807399199183e-01 3.988326854993642367e-01 9.782731291345463376e-01 3.321625957224311199e-01 5.213186204551635283e-01 1.104803682778361384e-01 2.379912859638461109e-01 3.810473609074857548e-01 2.735803479415709338e-01 4.155106044878579818e-01 8.257206856355463476e-01 2.517376967380984265e-01 2.978466739994534151e-01 8.984550092454806069e-01 2.301221415404329784e-01
2.270319179052862069e-01 4.473518425917371033e-01 3.275918754975191138e-01 4.798933425947032316e-01 7.709011496493181070e-01 6.868379104972672788e-01 6.704466489568675636e-01 0.000000000000000000e+00 9.117143287106960203e-01 4.198420092652839219e-01 1.424038729165262307e-01 3.387091971200985041e-01 8.345109502963137249e-01 1.003448748129247559e-01 6.165191963227034666e-01 7.474406549607716110e-01 4.394247580279653231e-01 7.952765984985030734e-01 5.628880330573684532e-01 8.229779678466391246e-01 5.227570911537957610e-01 8.485458657198163834e-01 5.360441308353207646e-01 4.131825250457964449e-01 8.761075059305948320e-01 5.542431170623711711e-01 7.750751787095417900e-01 2.562984920740890571e-01 4.846725827472814219e-01 7.220086495835478235e-01 7.224252123764356437e-01 4.934952503380683475e-01 4.159460195515872760e-01 5.617358611438845184e-01 4.524252725991679824e-01
2.732046990889973603e-01 8.040070751973924512e-01 4.835871931819821223e-01 7.399655462128443828e-01 9.326498502489368736e-01 3.347823363094086790e-01 7.370574103369880170e-01 9.117143287106960203e-01 0.000000000000000000e+00 5.765765115436651822e-01 7.238065219507423542e-01 2.929541402872989364e-01 8.527983110645527276e-01 8.360396015662778790e-01 5.273645251639216269e-01 5.845291076973803124e-01 2.754621315228326650e-01 1.571548374780059598e-01 4.593419474103456746e-01 3.441368774727888713e-01 8.960236518334723232e-01 2.432594424827911883e-01 4.697862212038493857e-01 2.614377194128922333e-01 2.212639213856931741e-01 5.212280010040220013e-01 8.764332990227363673e-02 4.110877157036397223e-01 9.528174727273996947e-01 6.320560676025189784e-01 3.574693592822341115e-01 5.310385829253744250e-01 5.624878510140592924e-01 5.770908457565750993e-01 4.603254828712144420e-01
5.623482393481984420e-01 5.449101677279677425e-01 4.568180134738699660e-01 6.071840441419958934e-01 6.900820595274959057e-01 1.747615452498482158e-01 7.467337955454074194e-01 4.198420092652839219e-01 5.765765115436651822e-01 0.000000000000000000e+00 4.011356321408632297e-01 5.552031225627234168e-01 9.564568321464332890e-01 6.260184438658017436e-01 1.467531465447138306e-01 5.327826849286447786e-01 4.400119122342901479e-01 6.030132095561113736e-01 6.200612934343177063e-01 4.590754519489536056e-01 1.511568622081648217e-01 6.311353759917592843e-01 6.880029961855272935e-01 9.634661537642630336e-01 1.671182224569391916e-01 7.686138875516936864e-01 5.575726230826331120e-01 5.521276086853035281e-01 4.193092142601697603e-01 4.482070417741834123e-01 3.827429507624788840e-01 1.828738292007185962e-01 4.420893739904521169e-01 5.247864546376489470e-01 8.849272393442111362e-01
7.544088695638652142e-01 6.702003066829164135e-01 8.393238930750046567e-02 5.080850260788087880e-01 7.633779804024016791e-01 4.150326290253832928e-01 4.603882194008912521e-01 1.424038729165262307e-01 7.238065219507423542e-01 4.011356321408632297e-01 0.000000000000000000e+00 1.867725713786497765e-01 3.857145447708115737e-01 5.521173709069469027e-01 4.385301413012071547e-01 6.301339747433414296e-01 5.341392442387274953e-01 5.813978467281297746e-01 8.897664620429199811e-01 7.183764532711984785e-01 5.531410288250842022e-01 7.052741333590873962e-01 8.706028980106272908e-01 5.949397079138363242e-01 2.304180469435770928e-01 3.771755075154552550e-01 4.598608949140908786e-01 3.772442200151078784e-01 5.779240201612764194e-01 6.778064312064693286e-01 1.673200575780239285e-01 7.251917533252274506e-01 4.703036173181376345e-01 7.493875191064679475e-01 3.219554853481462198e-01
4.761971417662919093e-01 8.723933846557905269e-01 4.322423932539113389e-01 7.148365411004378167e-01 7.757109546126367272e-01 7.982689173442407693e-01 6.694546173690040236e-01 3.387091971200985041e-01 2.929541402872989364e-01 5.552031225627234168e-01 1.867725713786497765e-01 0.000000000000000000e+00 1.728254384336662675e-01 7.026376440552679625e-01 6.702762726203348453e-01 7.538245563138430416e-01 4.375589979651418049e-01 2.200969158541346005e-01 3.176232111965588967e-01 5.392573943639265011e-01 7.064309406956601478e-01 6.668402589495218136e-01 8.451979041247577040e-01 4.409357311153765391e-01 1.097602317241792580e-01 5.209095994705204014e-01 8.250234743022566430e-02 5.253241984389964703e-01 7.049064494636541056e-01 5.261022328355396960e-01 2.593694316964358926e-01 6.363434958471345659e-01 8.496931440422477166e-01 1.110918350223194517e-01 8.517257459027398614e-01
5.755486927129360719e-01 4.050627711680813148e-01 7.820059402194492471e-01 6.683772946463029108e-01 4.213579375374974512e-01 5.216485264350421147e-01 6.432346754469875361e-01 8.345109502963137249e-01 8.527983110645527276e-01 9.564568321464332890e-01 3.857145447708115737e-01 1.728254384336662675e-01 0.000000000000000000e+00 1.841358983488896595e-01 2.977612058195791001e-01 4.825497450250176290e-01 7.752391599314524262e-01 2.504603180253510697e-01 1.701858323884363200e-01 2.764392552345124043e-01 7.900915683473286322e-01 6.115782672167756617e-01 6.436309906299038097e-01 5.282418735022138545e-01 8.931704383825425086e-01 1.935010275100397248e-01 9.704388798327752141e-01 3.940705461039904489e-01 4.058062551069036017e-01 5.622861459514056914e-01 6.976676709549849420e-01 6.720358664764553014e-01 3.850121681740662494e-01 8.832981679937326192e-01 7.278888179664079194e-01
1.905100433316748165e-01 9.313795345573772089e-02 8.805091733859577996e-01 5.164233795725045040e-01 7.940336882813591179e-01 1.535851715494915837e-01 7.392953364526502202e-01 1.003448748129247559e-01 8.360396015662778790e-01 6.260184438658017436e-01 5.521173709069469027e-01 7.026376440552679625e-01 1.841358983488896595e-01 0.000000000000000000e+00 9.325126894989843596e-02 5.707070911725379281e-01 6.286227738102296847e-01 4.679480408071624020e-01 7.852965522361982087e-01 1.841637913107944113e-01 5.499305823822094874e-01 2.422804634944935587e-01 4.431371682442836191e-01 3.440608940906326740e-01 5.790453435440032770e-01 4.815968998262186718e-01 6.808273258920612969e-01 4.165239706667888120e-01 3.925442372989946249e-01 5.777236070854774308e-01 5.403321530951591400e-01 5.736562810098266851e-01 5.897520120840687996e-01 2.936132533713791126e-01 8.150438152809464931e-01
5.720361173714061387e-01 2.498160363623940228e-01 2.106421093714163639e-01 1.266362613713131191e-01 7.499936983815235214e-01 5.770542918631995644e-01 2.497272632835096928e-01 6.165191963227034666e-01 5.273645251639216269e-01 1.467531465447138306e-01 4.385301413012071547e-01 6.702762726203348453e-01 2.977612058195791001e-01 9.325126894989843596e-02 0.000000000000000000e+00 5.171639767271758448e-01 7.525985896236278005e-01 4.774013165290221239e-01 2.587897700060838302e-01 2.115146434710714063e-01 8.364720253456693344e-01 7.476914782016097494e-01 3.868585098089288854e-01 3.194101708230582259e-01 6.150337030581711772e-01 6.460138506922004087e-01 7.229526412062099450e-01 6.474605141046906320e-01 8.762094131265882879e-01 7.390784906406786536e-01 6.756444177657336958e-01 1.790744644555759546e-01 2.689412671351981698e-01 7.024558184560069085e-01 1.791407686607784377e-01
4.494982249768202376e-01 2.354758817652358172e-02 4.864384460409760802e-01 4.893467104995553041e-01 5.267146187574790472e-01 5.660013152216791799e-01 6.687747388279874361e-01 7.474406549607716110e-01 5.845291076973803124e-01 5.327826849286447786e-01 6.301339747433414296e-01 7.538245563138430416e-01 4.825497450250176290e-01 5.707070911725379281e-01 5.171639767271758448e-01 0.000000000000000000e+00 4.330776206185001920e-01 7.579561917956034733e-01 3.321905221316899803e-01 3.411339605126016972e-01 9.252272778221071192e-01 9.329393465536672814e-02 7.176485391804738878e-01 8.687237668564824489e-01 8.470869660348907537e-01 4.447924046338370130e-01 4.816120121214884087e-01 7.553585626847956203e-01 1.693230948811679237e-01 4.846036945769525706e-01 2.807181130941490688e-01 6.691324440806839524e-01 6.928406973225009757e-02 6.226991688685581394e-01 6.680363974413938699e-01
1.314204148439084285e-01 8.137868456745231960e-01 5.195521627071768567e-01 4.775354186945400814e-01 1.764779713120911975e-02 4.670374712848519572e-01 9.702399333585320917e-02 4.394247580279653231e-01 2.754621315228326650e-01 4.400119122342901479e-01 5.341392442387274953e-01 4.375589979651418049e-01 7.752391599314524262e-01 6.286227738102296847e-01 7.525985896236278005e-01 4.330776206185001920e-01 0.000000000000000000e+00 6.354878708350926164e-01 7.330477475090035888e-01 8.344448058193099094e-01 6.515534069605984913e-01 5.430908935691490802e-01 3.824008943070660860e-01 5.079715073781283508e-01 4.762454679300637261e-01 4.693279118873584510e-01 8.144864908252475999e-01 6.451197463073142790e-01 1.364261746469662695e-01 5.973023397207494201e-01 4.061114247257454068e-01 6.836369359977407800e-01 3.833196171056678092e-01 3.954930618396136355e-01 5.925881336578601166e-01
5.271038939173200433e-01 3.042635962655390047e-01 7.713451712894214829e-01 4.092660863802086157e-01 6.018145124028554394e-01 7.974143440607166511e-01 4.830567448863642976e-02 7.952765984985030734e-01 1.571548374780059598e-01 6.030132095561113736e-01 5.813978467281297746e-01 2.200969158541346005e-01 2.504603180253510697e-01 4.679480408071624020e-01 4.774013165290221239e-01 7.579561917956034733e-01 6.354878708350926164e-01 0.000000000000000000e+00 7.134497419132188600e-01 4.117543715502188229e-01 4.302674769799301746e-01 3.171733854840302902e-01 7.649999713774623400e-01 1.095728865245292338e-01 1.803632310298998731e-01 3.858863073335745408e-01 4.832468601509827266e-01 4.692502314814820386e-01 1.907487026874717939e-01 6.157827834259370636e-01 7.433072507212401536e-02 5.621574735970897851e-01 2.727646714254776672e-01 6.223199224441350319e-01 8.921703511232880190e-01
5.563051765666262582e-01 7.940900402373787248e-01 8.790130513442533378e-01 3.867250733474510982e-01 5.935434055238970608e-01 4.857846522536009015e-01 5.256894820929746137e-01 5.628880330573684532e-01 4.593419474103456746e-01 6.200612934343177063e-01 8.897664620429199811e-01 3.176232111965588967e-01 1.701858323884363200e-01 7.852965522361982087e-01 2.587897700060838302e-01 3.321905221316899803e-01 7.330477475090035888e-01 7.134497419132188600e-01 0.000000000000000000e+00 5.588840648310965387e-01 7.689741175458952860e-01 4.533025572067649334e-01 4.678085564817079378e-01 2.853441130622339506e-01 3.200226139660758973e-01 6.177474213431598526e-01 6.419793659048458334e-01 5.726863473598713394e-01 5.254088523732238780e-01 4.263261635867776622e-02 3.602233985863909638e-01 3.844849802535066363e-01 6.972522533708385151e-01 2.896097712113417932e-01 2.375346850329858039e-01
8.293425536023746325e-01 3.318085719714178872e-01 3.584403955924061469e-01 6.553425267820920386e-01 4.479240845251534209e-01 4.128731241319263390e-01 5.215023856868277186e-01 8.229779678466391246e-01 3.441368774727888713e-01 4.590754519489536056e-01 7.183764532711984785e-01 5.392573943639265011e-01 2.764392552345124043e-01 1.841637913107944113e-01 2.115146434710714063e-01 3.411339605126016972e-01 8.344448058193099094e-01 4.117543715502188229e-01 5.588840648310965387e-01 0.000000000000000000e+00 5.697819152726097958e-01 1.920197453044967251e-01 3.620225699474236003e-01 1.503630485131017824e-01 2.588988098149098693e-01 5.730327165328080730e-01 1.272586179461703271e-01 7.429081304636278027e-01 7.469553013079610615e-01 4.361250973950676069e-01 5.304991656095410235e-01 3.541551270415042030e-01 3.082440168657186175e-01 3.462735681387923425e-01 6.691662908657796116e-01
4.158700528624142412e-01 5.133874197716536969e-01 6.784293009621149562e-01 4.346688869427144386e-01 7.967375225050037368e-01 2.242619711216904399e-01 2.767058807399199183e-01 5.227570911537957610e-01 8.960236518334723232e-01 1.511568622081648217e-01 5.531410288250842022e-01 7.064309406956601478e-01 7.900915683473286322e-01 5.499305823822094874e-01 8.364720253456693344e-01 9.252272778221071192e-01 6.515534069605984913e-01 4.302674769799301746e-01 7.689741175458952860e-01 5.697819152726097958e-01 0.000000000000000000e+00 4.094613039195695858e-01 7.104699254062805114e-01 4.950390781003408680e-01 4.140852909813890204e-01 2.683234671962060336e-01 2.176506457704191488e-01 6.210599611710916346e-01 4.874414541436982162e-01 5.367546542105793295e-01 4.916731317566885862e-01 2.137375396273121231e-01 8.403553349190114874e-01 2.149157278938518267e-01 1.571012633695866301e-01
4.952306608833891288e-01 2.746716869782888093e-01 5.686776597745006878e-01 8.942088043005280706e-02 9.268504557228991469e-01 4.197629116731000920e-01 3.988326854993642367e-01 8.485458657198163834e-01 2.432594424827911883e-01 6.311353759917592843e-01 7.052741333590873962e-01 6.668402589495218136e-01 6.115782672167756617e-01 2.422804634944935587e-01 7.476914782016097494e-01 9.329393465536672814e-02 5.430908935691490802e-01 3.171733854840302902e-01 4.533025572067649334e-01 1.920197453044967251e-01 4.094613039195695858e-01 0.000000000000000000e+00 2.822571577999577475e-01 8.232273551662281363e-01 6.909568272897304020e-01 5.671440433270360515e-01 6.640404807023110312e-01 4.352746380486641198e-01 6.921243606319171793e-01 6.649916355135159218e-01 8.527495498493243842e-01 3.512844649670703312e-01 6.307328445334262623e-01 4.214622284478832248e-01 5.563776223523132503e-01
5.173736878412575901e-01 7.655137763826078690e-01 6.796853873306186733e-01 8.433277417962410372e-01 4.473434995375593637e-01 1.150767025518587561e-01 9.782731291345463376e-01 5.360441308353207646e-01 4.697862212038493857e-01 6.880029961855272935e-01 8.706028980106272908e-01 8.451979041247577040e-01 6.436309906299038097e-01 4.431371682442836191e-01 3.868585098089288854e-01 7.176485391804738878e-01 3.824008943070660860e-01 7.649999713774623400e-01 4.678085564817079378e-01 3.620225699474236003e-01 7.104699254062805114e-01 2.822571577999577475e-01 0.000000000000000000e+00 6.236333545660855959e-01 6.122549952365270443e-01 7.895163897038179890e-01 7.354564597891029010e-01 7.341791786438540690e-01 8.523296320048319163e-01 5.814098504959483993e-01 5.435102041290468255e-01 8.599342549956345838e-01 5.132134898984237470e-01 5.679034987061249984e-01 7.587431882655064630e-01
2.143149188962052976e-01 8.710958247035616164e-02 8.211995230774437049e-01 8.619604927413928586e-01 4.590861724350598361e-01 3.596809707321759753e-01 3.321625957224311199e-01 4.131825250457964449e-01 2.614377194128922333e-01 9.634661537642630336e-01 5.949397079138363242e-01 4.409357311153765391e-01 5.282418735022138545e-01 3.440608940906326740e-01 3.194101708230582259e-01 8.687237668564824489e-01 5.079715073781283508e-01 1.095728865245292338e-01 2.853441130622339506e-01 1.503630485131017824e-01 4.950390781003408680e-01 8.232273551662281363e-01 6.236333545660855959e-01 0.000000000000000000e+00 5.913162122435491330e-01 5.961169256379893477e-01 8.889644314370788170e-01 5.170345140919246907e-01 4.308213172888767373e-01 8.674908872506172930e-01 6.750007281870009646e-01 9.074320732083649421e-01 8.222062168612369604e-01 6.790353006826921334e-01 2.227970495260197525e-01
2.855266551069993719e-01 1.108745460298256047e-01 3.410549724911450253e-01 5.358203864971293751e-01 7.903619012967993962e-01 8.477412032268232256e-01 5.213186204551635283e-01 8.761075059305948320e-01 2.212639213856931741e-01 1.671182224569391916e-01 2.304180469435770928e-01 1.097602317241792580e-01 8.931704383825425086e-01 5.790453435440032770e-01 6.150337030581711772e-01 8.470869660348907537e-01 4.762454679300637261e-01 1.803632310298998731e-01 3.200226139660758973e-01 2.588988098149098693e-01 4.140852909813890204e-01 6.909568272897304020e-01 6.122549952365270443e-01 5.913162122435491330e-01 0.000000000000000000e+00 1.401606683683738197e-01 5.546056926700422274e-01 5.556227302512796173e-01 9.546156738044082601e-01 2.320526758432632786e-01 4.480478137866797383e-01 4.303273592948251292e-01 3.232347449167408682e-01 6.281593462322505594e-01 6.636769218579268159e-01
1.884078466833760124e-01 2.430376915251553083e-01 6.137680106182960005e-01 4.327719540954209076e-01 9.073761013461496550e-01 2.169104432858118825e-01 1.104803682778361384e-01 5.542431170623711711e-01 5.212280010040220013e-01 7.686138875516936864e-01 3.771755075154552550e-01 5.209095994705204014e-01 1.935010275100397248e-01 4.815968998262186718e-01 6.460138506922004087e-01 4.447924046338370130e-01 4.693279118873584510e-01 3.858863073335745408e-01 6.177474213431598526e-01 5.730327165328080730e-01 2.683234671962060336e-01 5.671440433270360515e-01 7.895163897038179890e-01 5.961169256379893477e-01 1.401606683683738197e-01 0.000000000000000000e+00 3.268350028099538673e-01 5.412954383751098497e-01 6.631870273245523695e-01 1.659554342459174103e-01 2.625010448034208466e-01 2.189591764257352580e-01 7.197311065848719380e-01 2.974824214718757576e-01 4.452998941723689263e-01
3.705560941701508959e-01 5.231708508640815491e-01 5.429468899395151205e-02 7.576912546054089814e-01 5.670885412480928256e-01 7.133446865616410726e-01 2.379912859638461109e-01 7.750751787095417900e-01 8.764332990227363673e-02 5.575726230826331120e-01 4.598608949140908786e-01 8.250234743022566430e-02 9.704388798327752141e-01 6.808273258920612969e-01 7.229526412062099450e-01 4.816120121214884087e-01 8.144864908252475999e-01 4.832468601509827266e-01 6.419793659048458334e-01 1.272586179461703271e-01 2.176506457704191488e-01 6.640404807023110312e-01 7.354564597891029010e-01 8.889644314370788170e-01 5.546056926700422274e-01 3.268350028099538673e-01 0.000000000000000000e+00 7.242681326154780663e-01 2.870362893253066705e-01 4.155349249204391415e-01 8.261516811376059533e-01 5.239448448559502758e-03 3.290754056403503158e-01 5.380873354849218249e-01 6.728903551983551612e-01
6.774649247131714347e-01 6.320094785577543561e-01 4.954345951378830715e-01 3.031849022296505547e-01 5.090351286200291980e-01 6.037535557667422781e-01 3.810473609074857548e-01 2.562984920740890571e-01 4.110877157036397223e-01 5.521276086853035281e-01 3.772442200151078784e-01 5.253241984389964703e-01 3.940705461039904489e-01 4.165239706667888120e-01 6.474605141046906320e-01 7.553585626847956203e-01 6.451197463073142790e-01 4.692502314814820386e-01 5.726863473598713394e-01 7.429081304636278027e-01 6.210599611710916346e-01 4.352746380486641198e-01 7.341791786438540690e-01 5.170345140919246907e-01 5.556227302512796173e-01 5.412954383751098497e-01 7.242681326154780663e-01 0.000000000000000000e+00 9.415491262096850056e-01 6.927870186202658154e-01 1.420436858482705400e-01 5.483886843300493918e-01 4.385760949303014744e-01 4.618254788587995430e-01 4.346746843968930518e-01
5.265132948566118021e-01 4.840975580464540462e-01 4.718403346310437452e-01 3.807822508715684728e-01 6.349840990327260126e-01 6.831378439965918314e-01 2.735803479415709338e-01 4.846725827472814219e-01 9.528174727273996947e-01 4.193092142601697603e-01 5.779240201612764194e-01 7.049064494636541056e-01 4.058062551069036017e-01 3.925442372989946249e-01 8.762094131265882879e-01 1.693230948811679237e-01 1.364261746469662695e-01 1.907487026874717939e-01 5.254088523732238780e-01 7.469553013079610615e-01 4.874414541436982162e-01 6.921243606319171793e-01 8.523296320048319163e-01 4.308213172888767373e-01 9.546156738044082601e-01 6.631870273245523695e-01 2.870362893253066705e-01 9.415491262096850056e-01 0.000000000000000000e+00 4.247434598810717610e-01 5.583960635225668767e-01 4.823741513268978709e-01 7.475886452657565240e-01 6.819271344050148453e-02 4.957919948631507312e-01
2.078167856684380865e-01 2.500158037058505811e-01 3.768239834522102427e-01 2.574825912483806878e-01 5.474159975125743038e-01 5.024156992403734368e-01 4.155106044878579818e-01 7.220086495835478235e-01 6.320560676025189784e-01 4.482070417741834123e-01 6.778064312064693286e-01 5.261022328355396960e-01 5.622861459514056914e-01 5.777236070854774308e-01 7.390784906406786536e-01 4.846036945769525706e-01 5.973023397207494201e-01 6.157827834259370636e-01 4.263261635867776622e-02 4.361250973950676069e-01 5.367546542105793295e-01 6.649916355135159218e-01 5.814098504959483993e-01 8.674908872506172930e-01 2.320526758432632786e-01 1.659554342459174103e-01 4.155349249204391415e-01 6.927870186202658154e-01 4.247434598810717610e-01 0.000000000000000000e+00 4.482517178377734557e-01 6.181429287160923325e-01 3.501959037289366083e-01 6.312927888922896802e-01 1.755468491614551318e-01
4.719202233972525917e-01 5.898462650673386154e-02 7.037738784366920353e-01 2.112916660788726197e-01 4.765980493948271945e-01 8.250124600508015327e-01 8.257206856355463476e-01 7.224252123764356437e-01 3.574693592822341115e-01 3.827429507624788840e-01 1.673200575780239285e-01 2.593694316964358926e-01 6.976676709549849420e-01 5.403321530951591400e-01 6.756444177657336958e-01 2.807181130941490688e-01 4.061114247257454068e-01 7.433072507212401536e-02 3.602233985863909638e-01 5.304991656095410235e-01 4.916731317566885862e-01 8.527495498493243842e-01 5.435102041290468255e-01 6.750007281870009646e-01 4.480478137866797383e-01 2.625010448034208466e-01 8.261516811376059533e-01 1.420436858482705400e-01 5.583960635225668767e-01 4.482517178377734557e-01 0.000000000000000000e+00 7.997826554033674595e-01 4.272957747749175916e-01 4.879317082828722452e-01 4.702837069748214693e-01
6.300672616869913423e-01 5.217347904891177501e-01 1.230502809408621223e-01 4.999960399265441224e-01 2.764596082864020365e-01 2.155211551425004757e-01 2.517376967380984265e-01 4.934952503380683475e-01 5.310385829253744250e-01 1.828738292007185962e-01 7.251917533252274506e-01 6.363434958471345659e-01 6.720358664764553014e-01 5.736562810098266851e-01 1.790744644555759546e-01 6.691324440806839524e-01 6.836369359977407800e-01 5.621574735970897851e-01 3.844849802535066363e-01 3.541551270415042030e-01 2.137375396273121231e-01 3.512844649670703312e-01 8.599342549956345838e-01 9.074320732083649421e-01 4.303273592948251292e-01 2.189591764257352580e-01 5.239448448559502758e-03 5.483886843300493918e-01 4.823741513268978709e-01 6.181429287160923325e-01 7.997826554033674595e-01 0.000000000000000000e+00 7.503718512934983709e-01 5.445025739808007081e-01 7.322715521132461269e-01
6.129261166097015323e-01 2.082248420425278912e-01 3.549699855868462262e-01 2.245679944938876460e-01 7.950810181314675873e-01 2.142446122893012506e-01 2.978466739994534151e-01 4.159460195515872760e-01 5.624878510140592924e-01 4.420893739904521169e-01 4.703036173181376345e-01 8.496931440422477166e-01 3.850121681740662494e-01 5.897520120840687996e-01 2.689412671351981698e-01 6.928406973225009757e-02 3.833196171056678092e-01 2.727646714254776672e-01 6.972522533708385151e-01 3.082440168657186175e-01 8.403553349190114874e-01 6.307328445334262623e-01 5.132134898984237470e-01 8.222062168612369604e-01 3.232347449167408682e-01 7.197311065848719380e-01 3.290754056403503158e-01 4.385760949303014744e-01 7.475886452657565240e-01 3.501959037289366083e-01 4.272957747749175916e-01 7.503718512934983709e-01 0.000000000000000000e+00 5.219710330512834506e-01 4.714503805852303109e-01
1.714085227637737185e-01 7.895006892205895799e-01 9.076389616885796041e-01 3.069033727433934100e-01 5.396300103214828336e-01 2.178398120334674726e-01 8.984550092454806069e-01 5.617358611438845184e-01 5.770908457565750993e-01 5.247864546376489470e-01 7.493875191064679475e-01 1.110918350223194517e-01 8.832981679937326192e-01 2.936132533713791126e-01 7.024558184560069085e-01 6.226991688685581394e-01 3.954930618396136355e-01 6.223199224441350319e-01 2.896097712113417932e-01 3.462735681387923425e-01 2.149157278938518267e-01 4.214622284478832248e-01 5.679034987061249984e-01 6.790353006826921334e-01 6.281593462322505594e-01 2.974824214718757576e-01 5.380873354849218249e-01 4.618254788587995430e-01 6.819271344050148453e-02 6.312927888922896802e-01 4.879317082828722452e-01 5.445025739808007081e-01 5.219710330512834506e-01 0.000000000000000000e+00 5.169050290612809961e-01
5.565392928539558692e-02 3.734451097885764792e-01 5.933508062761234658e-01 9.187125520257303224e-01 4.445897353872702018e-01 2.786981504356424999e-01 2.301221415404329784e-01 4.524252725991679824e-01 4.603254828712144420e-01 8.849272393442111362e-01 3.219554853481462198e-01 8.517257459027398614e-01 7.278888179664079194e-01 8.150438152809464931e-01 1.791407686607784377e-01 6.680363974413938699e-01 5.925881336578601166e-01 8.921703511232880190e-01 2.375346850329858039e-01 6.691662908657796116e-01 1.571012633695866301e-01 5.563776223523132503e-01 7.587431882655064630e-01 2.227970495260197525e-01 6.636769218579268159e-01 4.452998941723689263e-01 6.728903551983551612e-01 4.346746843968930518e-01 4.957919948631507312e-01 1.755468491614551318e-01 4.702837069748214693e-01 7.322715521132461269e-01 4.714503805852303109e-01 5.169050290612809961e-01 0.000000000000000000e+00
