0.000000000000000000e+00 3.856387009692332501e-01 4.440211755196697974e-01 4.490265050758347476e-01 2.903607652759716551e-01 7.419297947956537964e-02 4.602238804712702747e-01 3.069694053706639725e-01 4.940821533303720869e-01 2.202460475186677202e-01 1.092404584340839757e-01 1.722894004324159178e-01 5.640649500823241569e-01 7.756658948306135448e-01 9.272395218180917720e-01 3.238029268294534413e-01 3.003859047395919801e-01 4.578322018442535501e-01 3.769475515822585665e-01 3.313664721683654557e-01 5.640063076526082853e-01 4.952454856400372307e-01 2.048469479234891200e-01 4.084665325945171510e-01 5.713359318563433487e-01 3.254487556865863218e-01 2.623434257470831366e-01 5.739883640045595481e-01 3.334694143167841185e-01 9.497978688471018227e-01 6.818544868301180673e-01 7.372509058490781531e-01 7.780215243321022545e-01 5.347759497058047762e-01 7.511203218921663760e-01
3.856387009692332501e-01 0.000000000000000000e+00 4.149736551887887592e-01 3.887419586669336180e-01 4.698911186525256412e-01 6.554471849208514111e-01 3.099326082960331963e-01 3.448103303847373513e-01 7.132603763969806998e-01 6.854499547630467093e-01 8.182474886402606451e-01 5.539568865890128757e-01 6.329891219453904760e-01 8.609426098938406380e-01 2.782715433438014974e-01 2.725909930729901731e-01 2.009987024547670309e-01 7.893812870696808037e-01 5.940544961988836192e-01 5.702591139385077001e-01 9.820204291797929308e-02 6.412401485524044098e-01 5.836908996739869071e-01 6.660685686833192065e-01 3.596133960248832917e-01 3.753310867226633540e-01 5.509017782738663271e-01 3.772682451773574641e-01 4.392744610736320499e-01 3.836669880762797469e-01 3.484887258074420568e-01 8.834131411143080204e-01 2.976315547021666230e-01 8.318816261059833739e-01 1.652907262346549611e-01
4.440211755196697974e-01 4.149736551887887592e-01 0.000000000000000000e+00 3.558085661380135933e-01 4.935581076858303606e-01 5.117535444110050680e-01 8.073316030282858824e-01 6.044679809784504476e-01 6.644264611641070850e-01 3.548903321314317849e-01 5.452191889979505213e-01 3.615487024800991822e-01 4.883129007553828060e-01 3.541086439040110334e-01 5.971464519561171524e-01 2.176220122713400373e-01 3.025610038763516529e-01 5.681550322328020597e-01 7.069388580515438836e-01 6.154699458012151680e-01 2.043797094515857893e-01 7.013403506498943063e-01 5.403101959289404732e-01 1.590294900014780910e-01 7.460962372825856725e-01 6.202981192074923378e-01 1.365351767826956664e-01 5.108951817832927400e-01 5.038414809503992675e-01 3.197245529287933152e-01 9.176506283745204939e-01 5.733207468895480385e-01 8.107056101732801334e-01 8.024299745590783850e-01 6.826473485950466102e-01
4.490265050758347476e-01 3.887419586669336180e-01 3.558085661380135933e-01 0.000000000000000000e+00 8.120597511319214146e-01 5.038702611947635246e-01 6.143157117432147540e-01 3.778137485493362480e-01 1.716527363864327471e-01 5.102571473469965646e-01 4.015013035474802039e-01 6.997991454466072625e-01 6.861160323491817259e-01 8.324231671701061153e-01 6.058707820432832625e-01 4.737623145124317259e-01 7.283297413667781939e-01 5.507377220214461078e-01 6.802213633462987907e-01 3.032736091301341808e-01 5.600028066366026236e-01 3.546948944975027995e-01 1.070913809712237263e-01 3.944648114845892284e-01 8.909633844070463660e-01 7.157118125419398291e-02 8.380369313257607367e-01 7.004828894783341475e-01 5.052110356451429141e-01 2.105044573153512788e-01 5.732410513774096605e-01 6.776992905566359138e-01 3.131693251762404095e-01 7.810697778504706035e-01 4.929852482278475057e-01
2.903607652759716551e-01 4.698911186525256412e-01 4.935581076858303606e-01 8.120597511319214146e-01 0.000000000000000000e+00 7.222476901428447338e-01 2.529796836427369300e-01 5.218573860733528580e-01 8.595270189058099586e-01 3.500788769718439220e-01 9.152085049320834997e-02 1.866319825051385717e-01 6.805535302195737657e-01 7.781838630312177818e-01 2.832581433122463022e-01 1.674708886516221851e-01 4.021317037358502211e-01 3.389527835409936740e-01 8.031139922622014815e-01 7.626776361184290920e-01 9.062866174483734660e-01 4.378850585548069163e-01 6.388801938542888470e-01 5.850735113998783987e-01 5.982607284441294748e-01 1.088386107345603593e-01 8.993552575452123943e-01 3.354380313978885253e-01 5.723678497451014646e-01 6.844401820661270008e-01 8.501925383467530128e-01 1.936132702546753959e-01 2.798658702112728491e-01 8.741542215761191059e-01 2.118165432658212222e-01
7.419297947956537964e-02 6.554471849208514111e-01 5.117535444110050680e-01 5.038702611947635246e-01 7.222476901428447338e-01 0.000000000000000000e+00 3.888148370434331147e-01 4.427140919345252112e-01 3.030085088051311937e-01 3.844575023057650309e-01 6.371564448370616862e-01 4.883066951618410534e-01 4.663876348998712840e-01 1.884269250006527230e-01 1.082673842705131895e-01 7.669690797693673456e-01 2.493709138430574013e-01 7.043942829919833670e-01 5.822771105768640432e-01 8.453826502005759025e-01 8.307905301554299182e-01 2.689681626480867616e-01 4.562638541179961926e-01 4.571532304041420747e-01 1.824972066939636317e-01 6.607388757116967604e-01 5.751642138378987301e-01 6.973178523347630664e-01 6.205256290321576884e-01 7.797833898870319969e-01 7.625875205394632150e-01 3.597137387967987987e-01 5.597626006928883013e-01 2.053153510231235934e-01 9.616625000853297189e-01
4.602238804712702747e-01 3.099326082960331963e-01 8.073316030282858824e-01 6.143157117432147540e-01 2.529796836427369300e-01 3.888148370434331147e-01 0.000000000000000000e+00 8.096985186501906018e-01 5.667133785113624977e-01 1.754384247178220058e-01 7.522085759967518381e-01 7.396219160003780768e-01 2.299165730615963521e-01 8.839129251222470618e-01 3.631655205285118093e-01 4.707016151181236951e-01 7.642447600504614913e-01 6.677220550905715868e-01 8.619575135167159008e-01 4.449654492624649516e-01 4.341478167477236805e-01 5.367065672683697386e-01 2.703534958971730573e-01 9.370748732083138410e-01 5.820708770550128142e-01 4.922172483164917178e-01 3.004051603416556526e-01 6.915349385838958085e-01 6.465494767153661115e-01 3.134068270012025925e-01 5.090891309659416608e-01 8.135978646857122687e-02 5.443731804735727486e-01 5.772073323041252424e-01 5.129917933471793701e-01
3.069694053706639725e-01 3.448103303847373513e-01 6.044679809784504476e-01 3.778137485493362480e-01 5.218573860733528580e-01 4.427140919345252112e-01 8.096985186501906018e-01 0.000000000000000000e+00 5.125205885153594210e-01 1.504139222698441802e-01 6.010398029977592760e-01 5.580197812996723350e-02 4.677798408737414149e-01 6.178065278418621853e-01 4.718368063819436964e-01 3.419051873007262210e-01 6.709380767566758275e-01 3.907779463623695104e-01 2.596561432097915234e-01 3.284319433266122967e-01 5.612027884746001449e-01 8.196791981476697631e-01 3.157453665928926512e-01 6.483596782853651153e-01 1.501495575431970320e-01 7.153277776148162515e-01 5.807382584036966389e-01 5.018234076703020907e-01 5.125414097855773843e-01 8.358485275380286295e-01 8.862277233976354474e-01 5.261815812308832108e-01 4.330136594605041300e-01 5.105848995952798619e-01 6.546940627212612940e-01
4.940821533303720869e-01 7.132603763969806998e-01 6.644264611641070850e-01 1.716527363864327471e-01 8.595270189058099586e-01 3.030085088051311937e-01 5.667133785113624977e-01 5.125205885153594210e-01 0.000000000000000000e+00 5.659864626901958129e-01 5.623311855719358432e-01 8.475718768765017064e-01 8.094238445022663431e-01 5.294094352087832522e-01 2.480431917843846645e-01 6.264659264801569760e-01 5.874368091886508214e-01 4.713576481736678758e-01 5.398278970205022675e-01 8.293592759870844766e-01 5.887069138730893769e-01 8.276318812084799692e-01 5.160271728695245974e-01 6.217342853981673301e-01 5.491776266886856384e-01 4.421977678556773261e-01 3.733366611892868225e-01 1.669576580773940444e-01 8.530626657399964508e-01 3.865929186968408704e-01 6.023908704530608338e-01 1.663538600687752833e-01 3.421404620217129988e-01 2.767212932723758789e-01 5.028185733705498039e-01
2.202460475186677202e-01 6.854499547630467093e-01 3.548903321314317849e-01 5.102571473469965646e-01 3.500788769718439220e-01 3.844575023057650309e-01 1.754384247178220058e-01 1.504139222698441802e-01 5.659864626901958129e-01 0.000000000000000000e+00 6.802257038120467225e-01 7.344278280358311761e-01 2.884223722965536529e-01 6.905631431118086638e-01 6.275945950140254803e-01 7.338344204947045979e-01 3.214625258811083519e-01 6.849614051817085603e-01 2.438758273602811832e-01 5.547292276073991779e-01 6.616237839977880952e-01 6.065635242683509176e-01 9.593908972548469416e-01 5.210039440527387544e-01 7.138045402145252183e-01 1.017968293940472169e-01 6.943827575688661380e-01 9.334778546764126439e-01 6.669433593521076897e-01 8.235207407620450670e-01 3.112131747782281854e-01 3.186235609175034345e-01 2.782971848688883254e-01 5.155013192432045255e-01 7.635511810263649890e-01
1.092404584340839757e-01 8.182474886402606451e-01 5.452191889979505213e-01 4.015013035474802039e-01 9.152085049320834997e-02 6.371564448370616862e-01 7.522085759967518381e-01 6.010398029977592760e-01 5.623311855719358432e-01 6.802257038120467225e-01 0.000000000000000000e+00 3.851382069673215947e-01 7.001559617657020507e-01 8.620796166066979627e-02 2.165285815822161619e-01 6.585376102478279758e-01 3.715282086615668833e-01 4.992956189118072929e-01 4.342020126330659591e-01 4.840654854395081141e-01 1.248789861164641968e-01 7.922746257777019130e-01 4.355211057795236318e-01 4.526216697062876992e-01 6.544909167355429380e-01 5.974950590808408846e-01 5.012666222732703458e-01 1.638157609195790010e-01 4.337942850841117748e-01 4.959230101163284443e-01 8.307361373823647366e-01 5.849878161109883790e-01 1.402374827130011825e-01 5.676264481690077579e-01 2.698369753101637625e-01
1.722894004324159178e-01 5.539568865890128757e-01 3.615487024800991822e-01 6.997991454466072625e-01 1.866319825051385717e-01 4.883066951618410534e-01 7.396219160003780768e-01 5.580197812996723350e-02 8.475718768765017064e-01 7.344278280358311761e-01 3.851382069673215947e-01 0.000000000000000000e+00 6.026032778837715487e-01 1.185404202840487642e-01 2.754547552158377322e-01 7.405513089871447185e-01 7.524354942403175261e-01 1.473203880579074809e-01 4.589944198177079993e-01 4.008110098959974943e-01 4.143775344444303732e-01 6.335536720199526073e-01 2.421201591719610857e-01 5.186469155750396132e-01 5.491333176557998685e-01 7.424489035865753372e-01 2.262266154503823068e-01 6.005759581645364609e-02 3.328058451485755853e-01 6.563614007404174888e-01 5.703141192717722241e-01 4.531365851776552045e-01 7.279919137997381551e-01 7.634396629414410551e-01 6.077594240074588594e-01
5.640649500823241569e-01 6.329891219453904760e-01 4.883129007553828060e-01 6.861160323491817259e-01 6.805535302195737657e-01 4.663876348998712840e-01 2.299165730615963521e-01 4.677798408737414149e-01 8.094238445022663431e-01 2.884223722965536529e-01 7.001559617657020507e-01 6.026032778837715487e-01 0.000000000000000000e+00 7.719236263960695954e-01 7.302354949673239837e-01 2.699453838283822349e-01 8.369884183641327358e-01 3.388363940571456068e-01 2.472784895814793549e-01 6.350084100082652450e-01 1.128416180349280373e-01 5.793263665353669545e-01 2.801479933088030227e-01 2.622984951284813571e-01 1.193765918051257757e-01 5.567152611163885823e-01 1.703383010410168819e-01 7.663402636132539136e-01 5.531722417521113266e-01 5.231773482909038986e-01 3.425807126680002757e-01 4.012931164713451349e-01 6.229049750263053742e-01 2.656145514818223363e-01 4.733056927114205337e-01
7.756658948306135448e-01 8.609426098938406380e-01 3.541086439040110334e-01 8.324231671701061153e-01 7.781838630312177818e-01 1.884269250006527230e-01 8.839129251222470618e-01 6.178065278418621853e-01 5.294094352087832522e-01 6.905631431118086638e-01 8.620796166066979627e-02 1.185404202840487642e-01 7.719236263960695954e-01 0.000000000000000000e+00 3.302877924321787617e-01 1.460440865451881898e-01 8.751644129888431767e-01 4.278651720444720530e-01 7.808259421927972177e-01 2.887488634848757174e-01 6.819855588949005343e-01 2.653585165317889905e-01 6.445802359824654992e-01 7.451177438840392853e-01 4.777467287956869146e-01 5.017678519635184742e-01 6.314367266805185341e-01 7.773969262924400603e-01 3.792263197069295488e-01 3.418728528762874364e-01 2.907899125559034736e-01 2.739783759033356247e-01 4.689650201474348523e-01 3.822781774701305424e-01 5.312894011983233522e-01
9.272395218180917720e-01 2.782715433438014974e-01 5.971464519561171524e-01 6.058707820432832625e-01 2.832581433122463022e-01 1.082673842705131895e-01 3.631655205285118093e-01 4.718368063819436964e-01 2.480431917843846645e-01 6.275945950140254803e-01 2.165285815822161619e-01 2.754547552158377322e-01 7.302354949673239837e-01 3.302877924321787617e-01 0.000000000000000000e+00 7.397140985029673210e-01 4.097744563932628203e-01 1.751117000903882892e-01 5.699024485727872680e-01 4.042608941533069045e-01 7.690852016184976936e-01 5.693107211156231973e-01 3.467307808737523089e-01 9.239372324500352285e-01 4.192965320828668796e-01 4.827782538908136911e-01 8.776343129756697392e-01 6.754268646308795310e-01 5.444694609404124863e-01 3.839343234106085134e-02 8.066649283858996489e-01 5.270953115496359587e-01 8.012121492758181862e-01 4.651923619850408809e-01 6.060808307928591265e-01
3.238029268294534413e-01 2.725909930729901731e-01 2.176220122713400373e-01 4.737623145124317259e-01 1.674708886516221851e-01 7.669690797693673456e-01 4.707016151181236951e-01 3.419051873007262210e-01 6.264659264801569760e-01 7.338344204947045979e-01 6.585376102478279758e-01 7.405513089871447185e-01 2.699453838283822349e-01 1.460440865451881898e-01 7.397140985029673210e-01 0.000000000000000000e+00 3.162571968640166542e-01 2.101387163916372813e-01 2.861073723805851454e-02 7.051661438601192211e-01 7.454415356109973523e-01 7.053319345071653590e-01 3.812393391121324249e-01 6.810246888237043716e-01 5.055728040493039366e-01 5.504653629630051892e-01 3.464901794627909259e-01 6.528279033677945042e-01 7.985498427335422367e-01 3.130039578267294065e-01 6.837408612162068078e-01 4.407363268995968530e-01 6.379818521135753873e-01 3.091698489442281095e-01 6.948578335798720751e-01
3.003859047395919801e-01 2.009987024547670309e-01 3.025610038763516529e-01 7.283297413667781939e-01 4.021317037358502211e-01 2.493709138430574013e-01 7.642447600504614913e-01 6.709380767566758275e-01 5.874368091886508214e-01 3.214625258811083519e-01 3.715282086615668833e-01 7.524354942403175261e-01 8.369884183641327358e-01 8.751644129888431767e-01 4.097744563932628203e-01 3.162571968640166542e-01 0.000000000000000000e+00 5.196267620913379570e-01 7.771744129829354364e-01 2.890890392369540596e-01 4.797075021939330997e-01 6.877241516315695247e-01 2.791311029747916006e-01 5.860793821646538282e-01 4.320232519647208558e-01 6.858750509805658924e-01 5.052776269376864082e-01 4.706645780765593701e-01 6.220759677578961977e-01 5.311609295080172988e-01 5.617235193850400599e-01 6.564064256424191335e-01 5.855218712401709658e-01 4.028699537351890236e-01 5.368386236401958556e-01
4.578322018442535501e-01 7.893812870696808037e-01 5.681550322328020597e-01 5.507377220214461078e-01 3.389527835409936740e-01 7.043942829919833670e-01 6.677220550905715868e-01 3.907779463623695104e-01 4.713576481736678758e-01 6.849614051817085603e-01 4.992956189118072929e-01 1.473203880579074809e-01 3.388363940571456068e-01 4.278651720444720530e-01 1.751117000903882892e-01 2.101387163916372813e-01 5.196267620913379570e-01 0.000000000000000000e+00 4.896057149527957564e-01 9.056494572001680954e-01 1.990706031316790137e-01 1.809620232933637496e-01 4.905202601172348187e-01 6.332055664687078478e-01 6.785177822541716974e-01 7.634365272910808020e-01 4.143803793746145270e-01 6.571482536540651509e-01 5.751836229710842741e-01 8.048588136289543948e-01 5.245610117819134999e-01 8.255314239841282653e-01 8.335220919351864488e-01 3.642984361972763097e-01 7.230434995712509139e-01
3.769475515822585665e-01 5.940544961988836192e-01 7.069388580515438836e-01 6.802213633462987907e-01 8.031139922622014815e-01 5.822771105768640432e-01 8.619575135167159008e-01 2.596561432097915234e-01 5.398278970205022675e-01 2.438758273602811832e-01 4.342020126330659591e-01 4.589944198177079993e-01 2.472784895814793549e-01 7.808259421927972177e-01 5.699024485727872680e-01 2.861073723805851454e-02 7.771744129829354364e-01 4.896057149527957564e-01 0.000000000000000000e+00 9.843346184273782384e-02 8.415929333091908271e-01 6.879779865354326285e-01 6.150090021419529762e-01 5.441668050568064796e-01 3.367195631355689445e-01 5.960008446112643465e-01 2.528683844558744509e-01 4.122361764532267436e-01 7.390658140667901721e-01 3.457627467036508695e-01 4.419556857918597315e-01 4.958841344010704311e-01 5.527589203795908457e-01 5.316070661040472878e-01 5.974025527952320225e-01
3.313664721683654557e-01 5.702591139385077001e-01 6.154699458012151680e-01 3.032736091301341808e-01 7.626776361184290920e-01 8.453826502005759025e-01 4.449654492624649516e-01 3.284319433266122967e-01 8.293592759870844766e-01 5.547292276073991779e-01 4.840654854395081141e-01 4.008110098959974943e-01 6.350084100082652450e-01 2.887488634848757174e-01 4.042608941533069045e-01 7.051661438601192211e-01 2.890890392369540596e-01 9.056494572001680954e-01 9.843346184273782384e-02 0.000000000000000000e+00 8.074795897240305553e-01 6.682440585048531334e-01 5.978468673590096039e-01 3.726159593883365817e-01 2.187116888250228985e-01 3.943934148742339607e-01 7.580974802827061820e-01 7.068012582703040447e-01 4.151483701855315789e-01 2.260089240285151346e-01 8.355319992035863397e-01 7.972500554608719092e-01 9.556713535235812351e-01 7.521927516067391517e-01 2.204532409478676125e-01
5.640063076526082853e-01 9.820204291797929308e-02 2.043797094515857893e-01 5.600028066366026236e-01 9.062866174483734660e-01 8.307905301554299182e-01 4.341478167477236805e-01 5.612027884746001449e-01 5.887069138730893769e-01 6.616237839977880952e-01 1.248789861164641968e-01 4.143775344444303732e-01 1.128416180349280373e-01 6.819855588949005343e-01 7.690852016184976936e-01 7.454415356109973523e-01 4.797075021939330997e-01 1.990706031316790137e-01 8.415929333091908271e-01 8.074795897240305553e-01 0.000000000000000000e+00 7.331517403289533608e-01 3.029437506825496396e-01 7.104003642635517979e-01 8.067579287674526700e-01 5.792620676612090236e-01 2.897057712165739263e-01 8.065639796023422736e-01 5.663521410196030725e-01 6.370307278506601723e-01 3.082024297856921224e-01 1.344307881060474719e-01 6.600416892747643649e-01 2.185719398446348549e-01 4.824799856882202032e-01
4.952454856400372307e-01 6.412401485524044098e-01 7.013403506498943063e-01 3.546948944975027995e-01 4.378850585548069163e-01 2.689681626480867616e-01 5.367065672683697386e-01 8.196791981476697631e-01 8.276318812084799692e-01 6.065635242683509176e-01 7.922746257777019130e-01 6.335536720199526073e-01 5.793263665353669545e-01 2.653585165317889905e-01 5.693107211156231973e-01 7.053319345071653590e-01 6.877241516315695247e-01 1.809620232933637496e-01 6.879779865354326285e-01 6.682440585048531334e-01 7.331517403289533608e-01 0.000000000000000000e+00 8.918602442553341669e-01 6.158254963225711087e-01 5.466880302220531451e-01 6.074952988069666215e-01 6.668469845805123919e-01 4.232019777460309662e-01 3.928944989227765028e-01 1.872700553895866316e-01 7.008695662611297283e-01 6.442906201798211940e-01 6.525747531429482162e-01 6.417396837985316349e-01 7.575154043074276977e-01
2.048469479234891200e-01 5.836908996739869071e-01 5.403101959289404732e-01 1.070913809712237263e-01 6.388801938542888470e-01 4.562638541179961926e-01 2.703534958971730573e-01 3.157453665928926512e-01 5.160271728695245974e-01 9.593908972548469416e-01 4.355211057795236318e-01 2.421201591719610857e-01 2.801479933088030227e-01 6.445802359824654992e-01 3.467307808737523089e-01 3.812393391121324249e-01 2.791311029747916006e-01 4.905202601172348187e-01 6.150090021419529762e-01 5.978468673590096039e-01 3.029437506825496396e-01 8.918602442553341669e-01 0.000000000000000000e+00 1.452006174203713806e-01 2.655490341870871962e-01 6.201957620050613240e-01 6.423599251755323092e-01 5.397466961032110211e-01 4.475694005981029067e-01 2.974339785739782416e-01 4.541698269396242105e-01 6.547780966945448977e-01 3.313157595364470964e-01 1.396382373792612319e-01 3.921420015052603514e-01
4.084665325945171510e-01 6.660685686833192065e-01 1.590294900014780910e-01 3.944648114845892284e-01 5.850735113998783987e-01 4.571532304041420747e-01 9.370748732083138410e-01 6.483596782853651153e-01 6.217342853981673301e-01 5.210039440527387544e-01 4.526216697062876992e-01 5.186469155750396132e-01 2.622984951284813571e-01 7.451177438840392853e-01 9.239372324500352285e-01 6.810246888237043716e-01 5.860793821646538282e-01 6.332055664687078478e-01 5.441668050568064796e-01 3.726159593883365817e-01 7.104003642635517979e-01 6.158254963225711087e-01 1.452006174203713806e-01 0.000000000000000000e+00 5.316496432202874045e-01 2.583887639070916453e-01 5.521775151391909997e-01 3.593432210010196748e-01 3.425595803363792324e-01 3.826984465024925175e-01 7.356735232037128203e-01 4.712217275061258981e-01 7.953768441208783901e-01 5.495631518896118006e-01 5.527727681533820547e-01
5.713359318563433487e-01 3.596133960248832917e-01 7.460962372825856725e-01 8.909633844070463660e-01 5.982607284441294748e-01 1.824972066939636317e-01 5.820708770550128142e-01 1.501495575431970320e-01 5.491776266886856384e-01 7.138045402145252183e-01 6.544909167355429380e-01 5.491333176557998685e-01 1.193765918051257757e-01 4.777467287956869146e-01 4.192965320828668796e-01 5.055728040493039366e-01 4.320232519647208558e-01 6.785177822541716974e-01 3.367195631355689445e-01 2.187116888250228985e-01 8.067579287674526700e-01 5.466880302220531451e-01 2.655490341870871962e-01 5.316496432202874045e-01 0.000000000000000000e+00 4.903303387705167937e-01 4.304929703764733828e-01 3.136747291921013758e-01 4.969593439716696315e-01 3.204613636436118851e-01 8.445260935115073142e-01 4.271849933088901485e-01 5.984129313112813708e-01 7.012225231459557895e-01 3.982966299577033187e-01
3.254487556865863218e-01 3.753310867226633540e-01 6.202981192074923378e-01 7.157118125419398291e-02 1.088386107345603593e-01 6.607388757116967604e-01 4.922172483164917178e-01 7.153277776148162515e-01 4.421977678556773261e-01 1.017968293940472169e-01 5.974950590808408846e-01 7.424489035865753372e-01 5.567152611163885823e-01 5.017678519635184742e-01 4.827782538908136911e-01 5.504653629630051892e-01 6.858750509805658924e-01 7.634365272910808020e-01 5.960008446112643465e-01 3.943934148742339607e-01 5.792620676612090236e-01 6.074952988069666215e-01 6.201957620050613240e-01 2.583887639070916453e-01 4.903303387705167937e-01 0.000000000000000000e+00 5.571755598888878946e-01 9.153856954010386460e-01 5.782540255174239974e-01 4.665650934587541876e-01 3.739349979823793912e-01 6.222664398332232727e-01 8.107084527816301733e-01 4.935260899784556510e-01 4.850941733542171175e-01
2.623434257470831366e-01 5.509017782738663271e-01 1.365351767826956664e-01 8.380369313257607367e-01 8.993552575452123943e-01 5.751642138378987301e-01 3.004051603416556526e-01 5.807382584036966389e-01 3.733366611892868225e-01 6.943827575688661380e-01 5.012666222732703458e-01 2.262266154503823068e-01 1.703383010410168819e-01 6.314367266805185341e-01 8.776343129756697392e-01 3.464901794627909259e-01 5.052776269376864082e-01 4.143803793746145270e-01 2.528683844558744509e-01 7.580974802827061820e-01 2.897057712165739263e-01 6.668469845805123919e-01 6.423599251755323092e-01 5.521775151391909997e-01 4.304929703764733828e-01 5.571755598888878946e-01 0.000000000000000000e+00 6.073172231132999421e-01 4.948442989343437848e-01 5.470064717603113635e-01 4.965654996144563960e-01 6.361229321538472981e-01 5.364415982172688890e-01 5.855721822775152852e-01 2.913988489790849679e-01
5.739883640045595481e-01 3.772682451773574641e-01 5.108951817832927400e-01 7.004828894783341475e-01 3.354380313978885253e-01 6.973178523347630664e-01 6.915349385838958085e-01 5.018234076703020907e-01 1.669576580773940444e-01 9.334778546764126439e-01 1.638157609195790010e-01 6.005759581645364609e-02 7.663402636132539136e-01 7.773969262924400603e-01 6.754268646308795310e-01 6.528279033677945042e-01 4.706645780765593701e-01 6.571482536540651509e-01 4.122361764532267436e-01 7.068012582703040447e-01 8.065639796023422736e-01 4.232019777460309662e-01 5.397466961032110211e-01 3.593432210010196748e-01 3.136747291921013758e-01 9.153856954010386460e-01 6.073172231132999421e-01 0.000000000000000000e+00 4.478932056415676488e-01 6.046625686677082889e-01 4.950230760486048487e-01 3.263192430947091660e-01 4.816828170258377062e-01 4.597752124678118335e-01 4.451434057449204507e-01
3.334694143167841185e-01 4.392744610736320499e-01 5.038414809503992675e-01 5.052110356451429141e-01 5.723678497451014646e-01 6.205256290321576884e-01 6.465494767153661115e-01 5.125414097855773843e-01 8.530626657399964508e-01 6.669433593521076897e-01 4.337942850841117748e-01 3.328058451485755853e-01 5.531722417521113266e-01 3.792263197069295488e-01 5.444694609404124863e-01 7.985498427335422367e-01 6.220759677578961977e-01 5.751836229710842741e-01 7.390658140667901721e-01 4.151483701855315789e-01 5.663521410196030725e-01 3.928944989227765028e-01 4.475694005981029067e-01 3.425595803363792324e-01 4.969593439716696315e-01 5.782540255174239974e-01 4.948442989343437848e-01 4.478932056415676488e-01 0.000000000000000000e+00 7.104211033164922195e-01 5.963189032558431357e-01 5.517240817316084733e-01 5.052689847271654155e-01 5.119410638336763242e-01 4.511966182998515817e-01
9.497978688471018227e-01 3.836669880762797469e-01 3.197245529287933152e-01 2.105044573153512788e-01 6.844401820661270008e-01 7.797833898870319969e-01 3.134068270012025925e-01 8.358485275380286295e-01 3.865929186968408704e-01 8.235207407620450670e-01 4.959230101163284443e-01 6.563614007404174888e-01 5.231773482909038986e-01 3.418728528762874364e-01 3.839343234106085134e-02 3.130039578267294065e-01 5.311609295080172988e-01 8.048588136289543948e-01 3.457627467036508695e-01 2.260089240285151346e-01 6.370307278506601723e-01 1.872700553895866316e-01 2.974339785739782416e-01 3.826984465024925175e-01 3.204613636436118851e-01 4.665650934587541876e-01 5.470064717603113635e-01 6.046625686677082889e-01 7.104211033164922195e-01 0.000000000000000000e+00 7.791693975783836601e-01 4.246483785798814692e-01 6.154763665588489641e-01 4.507934263281316301e-01 5.923127833902803729e-01
6.818544868301180673e-01 3.484887258074420568e-01 9.176506283745204939e-01 5.732410513774096605e-01 8.501925383467530128e-01 7.625875205394632150e-01 5.090891309659416608e-01 8.862277233976354474e-01 6.023908704530608338e-01 3.112131747782281854e-01 8.307361373823647366e-01 5.703141192717722241e-01 3.425807126680002757e-01 2.907899125559034736e-01 8.066649283858996489e-01 6.837408612162068078e-01 5.617235193850400599e-01 5.245610117819134999e-01 4.419556857918597315e-01 8.355319992035863397e-01 3.082024297856921224e-01 7.008695662611297283e-01 4.541698269396242105e-01 7.356735232037128203e-01 8.445260935115073142e-01 3.739349979823793912e-01 4.965654996144563960e-01 4.950230760486048487e-01 5.963189032558431357e-01 7.791693975783836601e-01 0.000000000000000000e+00 5.491943664593607055e-01 4.086349102438592840e-01 2.973457204581217428e-01 5.941575171769639674e-01
7.372509058490781531e-01 8.834131411143080204e-01 5.733207468895480385e-01 6.776992905566359138e-01 1.936132702546753959e-01 3.597137387967987987e-01 8.135978646857122687e-02 5.261815812308832108e-01 1.663538600687752833e-01 3.186235609175034345e-01 5.849878161109883790e-01 4.531365851776552045e-01 4.012931164713451349e-01 2.739783759033356247e-01 5.270953115496359587e-01 4.407363268995968530e-01 6.564064256424191335e-01 8.255314239841282653e-01 4.958841344010704311e-01 7.972500554608719092e-01 1.344307881060474719e-01 6.442906201798211940e-01 6.547780966945448977e-01 4.712217275061258981e-01 4.271849933088901485e-01 6.222664398332232727e-01 6.361229321538472981e-01 3.263192430947091660e-01 5.517240817316084733e-01 4.246483785798814692e-01 5.491943664593607055e-01 0.000000000000000000e+00 5.933761272648377938e-01 5.830572520536305703e-01 3.491265587110885527e-01
7.780215243321022545e-01 2.976315547021666230e-01 8.107056101732801334e-01 3.131693251762404095e-01 2.798658702112728491e-01 5.597626006928883013e-01 5.443731804735727486e-01 4.330136594605041300e-01 3.421404620217129988e-01 2.782971848688883254e-01 1.402374827130011825e-01 7.279919137997381551e-01 6.229049750263053742e-01 4.689650201474348523e-01 8.012121492758181862e-01 6.379818521135753873e-01 5.855218712401709658e-01 8.335220919351864488e-01 5.527589203795908457e-01 9.556713535235812351e-01 6.600416892747643649e-01 6.525747531429482162e-01 3.313157595364470964e-01 7.953768441208783901e-01 5.984129313112813708e-01 8.107084527816301733e-01 5.364415982172688890e-01 4.816828170258377062e-01 5.052689847271654155e-01 6.154763665588489641e-01 4.086349102438592840e-01 5.933761272648377938e-01 0.000000000000000000e+00 9.595031373023841237e-01 4.427089867663437928e-01
5.347759497058047762e-01 8.318816261059833739e-01 8.024299745590783850e-01 7.810697778504706035e-01 8.741542215761191059e-01 2.053153510231235934e-01 5.772073323041252424e-01 5.105848995952798619e-01 2.767212932723758789e-01 5.155013192432045255e-01 5.676264481690077579e-01 7.634396629414410551e-01 2.656145514818223363e-01 3.822781774701305424e-01 4.651923619850408809e-01 3.091698489442281095e-01 4.028699537351890236e-01 3.642984361972763097e-01 5.316070661040472878e-01 7.521927516067391517e-01 2.185719398446348549e-01 6.417396837985316349e-01 1.396382373792612319e-01 5.495631518896118006e-01 7.012225231459557895e-01 4.935260899784556510e-01 5.855721822775152852e-01 4.597752124678118335e-01 5.119410638336763242e-01 4.507934263281316301e-01 2.973457204581217428e-01 5.830572520536305703e-01 9.595031373023841237e-01 0.000000000000000000e+00 7.721223230352067812e-01
7.511203218921663760e-01 1.652907262346549611e-01 6.826473485950466102e-01 4.929852482278475057e-01 2.118165432658212222e-01 9.616625000853297189e-01 5.129917933471793701e-01 6.546940627212612940e-01 5.028185733705498039e-01 7.635511810263649890e-01 2.698369753101637625e-01 6.077594240074588594e-01 4.733056927114205337e-01 5.312894011983233522e-01 6.060808307928591265e-01 6.948578335798720751e-01 5.368386236401958556e-01 7.230434995712509139e-01 5.974025527952320225e-01 2.204532409478676125e-01 4.824799856882202032e-01 7.575154043074276977e-01 3.921420015052603514e-01 5.527727681533820547e-01 3.982966299577033187e-01 4.850941733542171175e-01 2.913988489790849679e-01 4.451434057449204507e-01 4.511966182998515817e-01 5.923127833902803729e-01 5.941575171769639674e-01 3.491265587110885527e-01 4.427089867663437928e-01 7.721223230352067812e-01 0.000000000000000000e+00
