0.000000000000000000e+00 1.677841235254705632e-01 7.981741120611376417e-01 7.620013010895776429e-02 6.623591555224330740e-01 2.332677631446322675e-02 7.337845540567247138e-01 8.826431805576662182e-01 5.081056403469892402e-01 4.280932361066839276e-01 3.928239376473148803e-01 4.785330692692801868e-01 4.890911840378147635e-01 7.192807825886227135e-01 5.587687113401405004e-01 3.180846489881567485e-01 7.781240313407998821e-01 5.967775737376193046e-01 7.079888032231375083e-01 7.410654720163422082e-01 6.131824509149473856e-01 3.916755790686057281e-01 7.003131280105882039e-01 5.561779342785905245e-01 7.014691999526654342e-01 1.121933969753409199e-01 5.125960592134221061e-01 2.959573260942623407e-01 6.853230580207564371e-01 6.969437781153420275e-01 2.073679381780647590e-01 8.522492108237169628e-01 6.006073903435394934e-01 8.996467913172896402e-01 5.022357193504738415e-01
1.677841235254705632e-01 0.000000000000000000e+00 4.577137580773473768e-01 2.746138614857267513e-01 8.122460121730463722e-01 8.557679931193449274e-01 5.030791701257726345e-01 5.087458667891793240e-01 4.686690028313701961e-01 5.008339294915196138e-01 3.263242538613482235e-01 2.252198815349292227e-01 4.723647753379894287e-01 8.225023798581134749e-01 4.272913239117167583e-01 4.676315429708304827e-01 6.669235457610809270e-01 6.250581108380217632e-01 1.789129089538539219e-01 5.433705169642073507e-01 7.645949490213602706e-01 8.058092231636987401e-01 4.842799953971145821e-01 5.701794014344006012e-01 8.909168932364222027e-01 5.266121016219850182e-01 4.082598725294912523e-01 6.564107829374546954e-01 4.998300323391554056e-01 2.906951153386104769e-01 5.052106297862395401e-01 8.885552250178445632e-01 8.983353971865288834e-01 6.323178246934560987e-01 5.191243809014054467e-01
7.981741120611376417e-01 4.577137580773473768e-01 0.000000000000000000e+00 8.224779263279380359e-01 6.240661885454485969e-01 6.359669489840766854e-01 7.234424567470689738e-01 3.234258850631969162e-01 5.015165942617383354e-01 2.832833143246107355e-01 5.184023628560604502e-01 4.218507780972819976e-01 4.233473671487552603e-01 5.771121164784251967e-01 8.772371120362211228e-01 7.794790079426441309e-01 5.491704976761968560e-01 1.572648112797897513e-01 5.176181805791577606e-01 7.051333082687702980e-01 7.681219712178080083e-01 8.618371574223486764e-01 7.691386554855701441e-01 7.412023865895447372e-01 8.973010926526572284e-01 5.780900048087573850e-01 6.268611914656923023e-01 7.170573711749839152e-01 6.685210460898843854e-01 6.655348869721946503e-01 9.147587201883273789e-01 6.922460848697448155e-01 7.827097761927225283e-01 9.019017816543777322e-01 1.925883880744247989e-01
7.620013010895776429e-02 2.746138614857267513e-01 8.224779263279380359e-01 0.000000000000000000e+00 4.878806117184530389e-01 3.683837492961715698e-01 5.919527122017389509e-01 4.429712281734889956e-01 6.845805292889128868e-01 3.185886623467482637e-01 6.084172205974540670e-01 8.336865066345275910e-01 4.228352857378194218e-01 5.900506702591941099e-01 7.797819115836848169e-01 3.979295857585390395e-01 9.687176649540585327e-01 5.082834773052693489e-01 5.037566958761705571e-01 1.270113057090979103e-01 1.815903774045678487e-01 5.709283537649993967e-01 2.586338599132522731e-01 5.706135797613424154e-01 2.269225479727224881e-01 4.690022369157620385e-02 3.290862314800439004e-01 4.305591986904452328e-01 1.596999490013756295e-01 4.979891001266820716e-01 8.133076754638948191e-01 7.728898062128828350e-01 6.414213610450535397e-01 8.825033722196984343e-02 3.363367570738330925e-01
6.623591555224330740e-01 8.122460121730463722e-01 6.240661885454485969e-01 4.878806117184530389e-01 0.000000000000000000e+00 2.141651120852989809e-01 8.559305821907998713e-01 7.378098795287101330e-01 3.697029642055326137e-01 8.869536515572244983e-01 8.310127343968932712e-01 7.623247567200555075e-01 3.935326334629237754e-01 4.405325272772472323e-01 4.035739462264273381e-01 4.033356061929863623e-01 4.484353851552789760e-01 3.817999610859208470e-01 7.472214832422086062e-01 2.261001175497747706e-01 7.104581393174940196e-01 4.539669673525006388e-01 4.062320405366989240e-01 6.168655255419908112e-01 3.869027233368361185e-01 3.535738748030026191e-01 3.904359022548220537e-01 2.754666771543088366e-01 4.984077873225098987e-01 5.115664255994775145e-01 5.506380080014654510e-01 3.937739031442130111e-01 7.059966271921112035e-01 8.950123410393404644e-01 1.446826872480760917e-01
2.332677631446322675e-02 8.557679931193449274e-01 6.359669489840766854e-01 3.683837492961715698e-01 2.141651120852989809e-01 0.000000000000000000e+00 5.143737441972546787e-01 6.841917752444166556e-01 9.430413418423594374e-01 8.551656672849896612e-01 3.628218037838938925e-01 3.827500469672585615e-01 9.683869247217311571e-01 6.213532999344510976e-01 6.088667718478251167e-01 7.977832332465014664e-01 7.060306789785042447e-02 4.668198416792327388e-01 3.361158520808915084e-01 7.389310243902385000e-01 1.105973506669486461e-01 6.135321721927617933e-01 4.080422674923303017e-01 8.391835056777703361e-01 6.037543016474861135e-01 7.579337349504980947e-01 8.291125492497348759e-01 4.254561055462877661e-01 5.698637654602611846e-01 5.518625145110211960e-01 4.087271727938037724e-01 5.296469933166257915e-01 7.998011367803548044e-02 6.055853456882356323e-01 4.227645818669791278e-01
7.337845540567247138e-01 5.030791701257726345e-01 7.234424567470689738e-01 5.919527122017389509e-01 8.559305821907998713e-01 5.143737441972546787e-01 0.000000000000000000e+00 4.797594603933665880e-01 8.641428796536452239e-01 7.809902981718908066e-01 4.524027330855124318e-01 7.661404852797992771e-01 5.077791225331207414e-01 6.432085114154560967e-01 6.547732908877248459e-01 7.794673844631477833e-01 6.390331165386201606e-01 7.963410050676760221e-01 2.317477839575129428e-01 8.767395047575932132e-01 2.522299444333829799e-01 7.191009124358993532e-01 4.622511440323141541e-01 5.536202748680962848e-02 5.516209849657336406e-01 5.789171129078598543e-01 8.978241940625497630e-01 7.716229298312755613e-01 3.873019083468655088e-01 3.685277771332069463e-01 8.868291165055357528e-01 5.368741991007521808e-01 6.344604023810340721e-01 8.643365951794917956e-01 8.301078630948552917e-01
8.826431805576662182e-01 5.087458667891793240e-01 3.234258850631969162e-01 4.429712281734889956e-01 7.378098795287101330e-01 6.841917752444166556e-01 4.797594603933665880e-01 0.000000000000000000e+00 6.621699667373515119e-01 4.544624450561394191e-01 4.413904325633432046e-01 5.213675831732744737e-01 2.378444559045384266e-01 4.360495530341779724e-01 2.193719755142861105e-01 2.797031410815187247e-01 5.723918497171566200e-01 4.226736592384469637e-01 6.675226401791469755e-01 7.808161991448170358e-01 3.619075569716726504e-01 7.788417288902186320e-01 4.135323974889332233e-01 7.158376389214466951e-01 1.917190560655351872e-01 6.620243554214224613e-01 4.362857710892985574e-01 6.528121390866646889e-01 5.359899370419953790e-01 6.287716098312872148e-01 7.692671509027955157e-01 7.453632348091276949e-01 6.317229656694729467e-01 7.541388062036546991e-01 4.610443545695455669e-01
5.081056403469892402e-01 4.686690028313701961e-01 5.015165942617383354e-01 6.845805292889128868e-01 3.697029642055326137e-01 9.430413418423594374e-01 8.641428796536452239e-01 6.621699667373515119e-01 0.000000000000000000e+00 6.237842417368428816e-01 4.923851986457907781e-01 7.357756387156062505e-01 8.848561664004492844e-01 4.789844153187640674e-01 6.624103195613773032e-01 3.638875070623086572e-01 1.467024080949441700e-02 8.550975059476650930e-01 8.980552800876260289e-01 2.167227975217690394e-01 6.148950522225160586e-01 8.582434953142037415e-01 4.474516831009236473e-01 4.713140214801804229e-01 8.139381819864054401e-01 3.795225900981321621e-01 5.854252002492803530e-01 5.322802303147784464e-01 2.651499517391326943e-01 6.688579249492216938e-01 3.587366497430474754e-01 8.622980608242662992e-01 7.138220701182076411e-01 7.109671092726088659e-03 9.265630099729480484e-01
4.280932361066839276e-01 5.008339294915196138e-01 2.832833143246107355e-01 3.185886623467482637e-01 8.869536515572244983e-01 8.551656672849896612e-01 7.809902981718908066e-01 4.544624450561394191e-01 6.237842417368428816e-01 0.000000000000000000e+00 6.275909616178623196e-01 2.552418090714984045e-01 5.276724881280306922e-01 6.595187997081335407e-01 4.010248638712063940e-01 4.755986620190113534e-01 4.887403715465276077e-01 5.620863217002756151e-01 9.150529440791729252e-01 2.948536537879652419e-01 1.512518164395689757e-01 3.182343098193663455e-01 4.524560989854770066e-01 7.489950889434336956e-01 3.616248732745055428e-01 4.455091877575467763e-01 3.531624988563588641e-01 6.415698374240544899e-01 7.600446581474754604e-01 4.046973327525361652e-01 6.595603861757222131e-01 7.622205091979837865e-01 7.074999925234690679e-01 4.785714070790663688e-01 6.165098410404978857e-02
3.928239376473148803e-01 3.263242538613482235e-01 5.184023628560604502e-01 6.084172205974540670e-01 8.310127343968932712e-01 3.628218037838938925e-01 4.524027330855124318e-01 4.413904325633432046e-01 4.923851986457907781e-01 6.275909616178623196e-01 0.000000000000000000e+00 4.409337702293934513e-01 8.922287986624570788e-01 7.331197062287793109e-01 6.828406789304082292e-01 5.223821217511557258e-01 6.249747997456791548e-01 5.025446119612286822e-01 8.704131694584504864e-02 5.526143915402645934e-01 8.983637445323231496e-01 7.253238138152360293e-01 8.338294185401518011e-01 2.937942453858298775e-01 7.458604118188472132e-02 4.798838909994529445e-02 5.561155469950097574e-01 5.308216220518644501e-01 6.467252597245380930e-01 3.789585004993025197e-01 3.124238973471574199e-01 3.089789759909949418e-01 8.889830003296459449e-01 7.658547409504188330e-01 4.073527474170522411e-01
4.785330692692801868e-01 2.252198815349292227e-01 4.218507780972819976e-01 8.336865066345275910e-01 7.623247567200555075e-01 3.827500469672585615e-01 7.661404852797992771e-01 5.213675831732744737e-01 7.357756387156062505e-01 2.552418090714984045e-01 4.409337702293934513e-01 0.000000000000000000e+00 7.525125744236547121e-01 5.519932626517742857e-02 6.365470411867544254e-01 4.590798076796140381e-01 4.035775734943590209e-01 4.681432525594639849e-01 4.900884369908693472e-01 3.785869661333043368e-01 6.966941895920539807e-01 6.969654917609838796e-01 2.921132034224194207e-02 5.395484155512857427e-01 8.753118779308812769e-01 4.391066247959730107e-01 5.128914097480958834e-01 5.910282045916170901e-02 5.194286733189834582e-01 5.131192640711095265e-01 9.708509066499888540e-01 3.625233786879916709e-01 6.965579973096637234e-01 5.125276067837931659e-01 6.438878273468222613e-01
4.890911840378147635e-01 4.723647753379894287e-01 4.233473671487552603e-01 4.228352857378194218e-01 3.935326334629237754e-01 9.683869247217311571e-01 5.077791225331207414e-01 2.378444559045384266e-01 8.848561664004492844e-01 5.276724881280306922e-01 8.922287986624570788e-01 7.525125744236547121e-01 0.000000000000000000e+00 9.284105563564812869e-01 4.354454909031191812e-01 4.638808929073532372e-01 6.735508514809402936e-01 4.702887242821388036e-01 4.953061913465177102e-01 2.643305658486050369e-01 8.189982166791092144e-01 4.558742156476999208e-01 5.676806755307951535e-01 7.315761352703280540e-01 4.032729374796613087e-01 4.083262570632633093e-01 3.364099259542011056e-01 8.740415394884116784e-01 7.437100390236091041e-01 9.667314010129843815e-01 4.219626517521478659e-01 6.840198915219599662e-01 1.859944354060257821e-01 3.786879666346980033e-01 4.753329052118548392e-01
7.192807825886227135e-01 8.225023798581134749e-01 5.771121164784251967e-01 5.900506702591941099e-01 4.405325272772472323e-01 6.213532999344510976e-01 6.432085114154560967e-01 4.360495530341779724e-01 4.789844153187640674e-01 6.595187997081335407e-01 7.331197062287793109e-01 5.519932626517742857e-02 9.284105563564812869e-01 0.000000000000000000e+00 1.718547065352565850e-01 5.739148832440928993e-01 7.980799856115616819e-01 8.864431188466235234e-01 5.031116383323386287e-01 1.764592744760169474e-01 5.418072820083355001e-01 8.787931320146169512e-01 3.934156992361227956e-01 5.972017303673865518e-01 6.744524950203819591e-01 7.727152382638339256e-01 1.357888642378531907e-01 9.033717824768495719e-01 8.700626481886335473e-01 7.049629602660678618e-01 2.309401523973838577e-01 5.742947962454967303e-01 9.319787260571119614e-01 5.666121556631977807e-01 5.701441330276222352e-01
5.587687113401405004e-01 4.272913239117167583e-01 8.772371120362211228e-01 7.797819115836848169e-01 4.035739462264273381e-01 6.088667718478251167e-01 6.547732908877248459e-01 2.193719755142861105e-01 6.624103195613773032e-01 4.010248638712063940e-01 6.828406789304082292e-01 6.365470411867544254e-01 4.354454909031191812e-01 1.718547065352565850e-01 0.000000000000000000e+00 3.732781370276042066e-01 3.950940146371967332e-01 4.965953023804518529e-01 9.134083917952899867e-01 8.116411164809180789e-01 6.419564818854016641e-01 8.873692191500179849e-01 2.050680098593528067e-01 1.236383695953723327e-01 6.092845371074842031e-01 9.785804865470622005e-01 5.963116942057635761e-01 6.960276023968222647e-01 8.026203521292272214e-01 1.720068074749666609e-01 8.217290739525937582e-01 6.971870055556408374e-01 6.302581591064009281e-01 4.026303876115566727e-01 5.620621660428886113e-01
3.180846489881567485e-01 4.676315429708304827e-01 7.794790079426441309e-01 3.979295857585390395e-01 4.033356061929863623e-01 7.977832332465014664e-01 7.794673844631477833e-01 2.797031410815187247e-01 3.638875070623086572e-01 4.755986620190113534e-01 5.223821217511557258e-01 4.590798076796140381e-01 4.638808929073532372e-01 5.739148832440928993e-01 3.732781370276042066e-01 0.000000000000000000e+00 8.023994295128176191e-01 6.940979350044844676e-01 4.638955046959046813e-01 7.581212635273339995e-01 4.090949133671851201e-01 7.483862265218104159e-01 4.535883747807118449e-01 4.666139607198774852e-01 5.958890776109271314e-02 5.698627049849103177e-01 4.421713883307849535e-01 5.336357522269974396e-01 6.699548044951356696e-01 5.849764320943213747e-01 3.765130285529266763e-01 7.820516034781986869e-01 4.875035122040090041e-01 3.378894984479720032e-01 5.993390609482316389e-01
7.781240313407998821e-01 6.669235457610809270e-01 5.491704976761968560e-01 9.687176649540585327e-01 4.484353851552789760e-01 7.060306789785042447e-02 6.390331165386201606e-01 5.723918497171566200e-01 1.467024080949441700e-02 4.887403715465276077e-01 6.249747997456791548e-01 4.035775734943590209e-01 6.735508514809402936e-01 7.980799856115616819e-01 3.950940146371967332e-01 8.023994295128176191e-01 0.000000000000000000e+00 8.879374654856533322e-01 6.112621380642737634e-01 3.312671315801223315e-01 4.665339763994897915e-01 6.968114818317594494e-01 2.023886692501638829e-01 3.272184510770164145e-01 4.285594820982365216e-01 4.675854518717358910e-01 7.737677081720006900e-01 8.563975819005279488e-01 4.080313385524096947e-01 4.284685171457345287e-01 6.893665430294376728e-01 4.116204788165716000e-01 4.800827602363290092e-01 3.341277921561046638e-01 6.938656284383636352e-01
5.967775737376193046e-01 6.250581108380217632e-01 1.572648112797897513e-01 5.082834773052693489e-01 3.817999610859208470e-01 4.668198416792327388e-01 7.963410050676760221e-01 4.226736592384469637e-01 8.550975059476650930e-01 5.620863217002756151e-01 5.025446119612286822e-01 4.681432525594639849e-01 4.702887242821388036e-01 8.864431188466235234e-01 4.965953023804518529e-01 6.940979350044844676e-01 8.879374654856533322e-01 0.000000000000000000e+00 1.841998788154373123e-01 7.069635314319657748e-01 2.524185683171241146e-01 5.466288504757934597e-01 5.366493208760498845e-01 4.597297529107184921e-01 2.814994152766832070e-01 4.098849618974587106e-01 9.389663358625960354e-01 6.293938211133851546e-01 6.335717468391077745e-01 3.315072697874556495e-01 5.344398017490772368e-01 7.718818770492075210e-01 3.423810118737188324e-01 6.057229342485251911e-01 7.258829714911270159e-01
7.079888032231375083e-01 1.789129089538539219e-01 5.176181805791577606e-01 5.037566958761705571e-01 7.472214832422086062e-01 3.361158520808915084e-01 2.317477839575129428e-01 6.675226401791469755e-01 8.980552800876260289e-01 9.150529440791729252e-01 8.704131694584504864e-02 4.900884369908693472e-01 4.953061913465177102e-01 5.031116383323386287e-01 9.134083917952899867e-01 4.638955046959046813e-01 6.112621380642737634e-01 1.841998788154373123e-01 0.000000000000000000e+00 4.641286150853261572e-01 9.591668651260520928e-01 7.642428649058025103e-01 1.568836183343524926e-01 7.174559397714301845e-01 8.345533090640220308e-01 3.211713403064762051e-01 8.135173254012536548e-01 4.522520583212183976e-01 5.806670017469025558e-01 5.065862558216888134e-01 3.497646688338992838e-01 7.922054328376428867e-01 5.240517865333820247e-01 3.235101109108527440e-01 4.707291679691698039e-01
7.410654720163422082e-01 5.433705169642073507e-01 7.051333082687702980e-01 1.270113057090979103e-01 2.261001175497747706e-01 7.389310243902385000e-01 8.767395047575932132e-01 7.808161991448170358e-01 2.167227975217690394e-01 2.948536537879652419e-01 5.526143915402645934e-01 3.785869661333043368e-01 2.643305658486050369e-01 1.764592744760169474e-01 8.116411164809180789e-01 7.581212635273339995e-01 3.312671315801223315e-01 7.069635314319657748e-01 4.641286150853261572e-01 0.000000000000000000e+00 5.150269068618480439e-01 5.520889685633558752e-01 8.789103304693787200e-01 7.762211092910906718e-01 7.473310315919070579e-01 4.593624327206977664e-01 8.334756124509228314e-01 8.885530813360920099e-01 6.533342778518582694e-01 8.754989436410276493e-02 2.121498302689946991e-01 7.408782132176289226e-01 4.779908983190939153e-01 8.094086097243646805e-01 5.589215519970809343e-01
6.131824509149473856e-01 7.645949490213602706e-01 7.681219712178080083e-01 1.815903774045678487e-01 7.104581393174940196e-01 1.105973506669486461e-01 2.522299444333829799e-01 3.619075569716726504e-01 6.148950522225160586e-01 1.512518164395689757e-01 8.983637445323231496e-01 6.966941895920539807e-01 8.189982166791092144e-01 5.418072820083355001e-01 6.419564818854016641e-01 4.090949133671851201e-01 4.665339763994897915e-01 2.524185683171241146e-01 9.591668651260520928e-01 5.150269068618480439e-01 0.000000000000000000e+00 7.510156832736849530e-01 5.348597993358534808e-01 5.628173074202874604e-01 3.391939806858972339e-01 2.471662760209016874e-01 5.157752766397382116e-01 5.244638287154783640e-01 4.824250500470401715e-01 3.554771542222249225e-01 4.605960176001487882e-01 7.882077368413534790e-01 5.593490752036125446e-01 2.471476065926021537e-01 5.040977737975930184e-01
3.916755790686057281e-01 8.058092231636987401e-01 8.618371574223486764e-01 5.709283537649993967e-01 4.539669673525006388e-01 6.135321721927617933e-01 7.191009124358993532e-01 7.788417288902186320e-01 8.582434953142037415e-01 3.182343098193663455e-01 7.253238138152360293e-01 6.969654917609838796e-01 4.558742156476999208e-01 8.787931320146169512e-01 8.873692191500179849e-01 7.483862265218104159e-01 6.968114818317594494e-01 5.466288504757934597e-01 7.642428649058025103e-01 5.520889685633558752e-01 7.510156832736849530e-01 0.000000000000000000e+00 4.905644775763101095e-01 8.031393756186603339e-01 3.240779557000513789e-01 5.372083400079950000e-01 7.359536456762932888e-01 5.936737310765799469e-01 8.868607827383021558e-01 7.838407956348456551e-01 5.588552942422551073e-01 5.932671905389497180e-01 6.942316543865902911e-01 3.467268400302589981e-01 6.325738427274025799e-01
7.003131280105882039e-01 4.842799953971145821e-01 7.691386554855701441e-01 2.586338599132522731e-01 4.062320405366989240e-01 4.080422674923303017e-01 4.622511440323141541e-01 4.135323974889332233e-01 4.474516831009236473e-01 4.524560989854770066e-01 8.338294185401518011e-01 2.921132034224194207e-02 5.676806755307951535e-01 3.934156992361227956e-01 2.050680098593528067e-01 4.535883747807118449e-01 2.023886692501638829e-01 5.366493208760498845e-01 1.568836183343524926e-01 8.789103304693787200e-01 5.348597993358534808e-01 4.905644775763101095e-01 0.000000000000000000e+00 4.772857822920430482e-01 4.612679610754531478e-01 4.699147447005572742e-01 7.260172805519646833e-01 5.528153478776447471e-01 8.495278738950564623e-01 4.738058564272368267e-01 8.439117072179032064e-01 6.064936802493305912e-01 3.708620982609571182e-01 2.937312439007147002e-01 3.670337187744271423e-01
5.561779342785905245e-01 5.701794014344006012e-01 7.412023865895447372e-01 5.706135797613424154e-01 6.168655255419908112e-01 8.391835056777703361e-01 5.536202748680962848e-02 7.158376389214466951e-01 4.713140214801804229e-01 7.489950889434336956e-01 2.937942453858298775e-01 5.395484155512857427e-01 7.315761352703280540e-01 5.972017303673865518e-01 1.236383695953723327e-01 4.666139607198774852e-01 3.272184510770164145e-01 4.597297529107184921e-01 7.174559397714301845e-01 7.762211092910906718e-01 5.628173074202874604e-01 8.031393756186603339e-01 4.772857822920430482e-01 0.000000000000000000e+00 2.628987237046700454e-01 7.610913011638684722e-01 4.679656699046642609e-01 2.834138856899760528e-01 7.832194948523101274e-01 4.059790310590993823e-01 8.702593443120443251e-01 7.854783654496941825e-01 8.388298990772453667e-01 8.052750198063391984e-01 5.825021505867344906e-02
7.014691999526654342e-01 8.909168932364222027e-01 8.973010926526572284e-01 2.269225479727224881e-01 3.869027233368361185e-01 6.037543016474861135e-01 5.516209849657336406e-01 1.917190560655351872e-01 8.139381819864054401e-01 3.616248732745055428e-01 7.458604118188472132e-02 8.753118779308812769e-01 4.032729374796613087e-01 6.744524950203819591e-01 6.092845371074842031e-01 5.958890776109271314e-02 4.285594820982365216e-01 2.814994152766832070e-01 8.345533090640220308e-01 7.473310315919070579e-01 3.391939806858972339e-01 3.240779557000513789e-01 4.612679610754531478e-01 2.628987237046700454e-01 0.000000000000000000e+00 5.118244763838118994e-01 7.500965786820882331e-01 8.503344780420318827e-01 8.269140022563492565e-01 1.068920584553054720e-01 4.611500011120189813e-01 8.487015541790554618e-01 5.470175591048234143e-01 7.910995725741408746e-01 4.986512704856336242e-01
1.121933969753409199e-01 5.266121016219850182e-01 5.780900048087573850e-01 4.690022369157620385e-02 3.535738748030026191e-01 7.579337349504980947e-01 5.789171129078598543e-01 6.620243554214224613e-01 3.795225900981321621e-01 4.455091877575467763e-01 4.798838909994529445e-02 4.391066247959730107e-01 4.083262570632633093e-01 7.727152382638339256e-01 9.785804865470622005e-01 5.698627049849103177e-01 4.675854518717358910e-01 4.098849618974587106e-01 3.211713403064762051e-01 4.593624327206977664e-01 2.471662760209016874e-01 5.372083400079950000e-01 4.699147447005572742e-01 7.610913011638684722e-01 5.118244763838118994e-01 0.000000000000000000e+00 8.442635515474672392e-01 8.459167231391975239e-01 5.260603262566782012e-01 7.648528906574929564e-01 8.557513991298155709e-01 2.636513017692923011e-01 5.912850239972653466e-01 1.062120037931377770e-01 1.325030434641077948e-01
5.125960592134221061e-01 4.082598725294912523e-01 6.268611914656923023e-01 3.290862314800439004e-01 3.904359022548220537e-01 8.291125492497348759e-01 8.978241940625497630e-01 4.362857710892985574e-01 5.854252002492803530e-01 3.531624988563588641e-01 5.561155469950097574e-01 5.128914097480958834e-01 3.364099259542011056e-01 1.357888642378531907e-01 5.963116942057635761e-01 4.421713883307849535e-01 7.737677081720006900e-01 9.389663358625960354e-01 8.135173254012536548e-01 8.334756124509228314e-01 5.157752766397382116e-01 7.359536456762932888e-01 7.260172805519646833e-01 4.679656699046642609e-01 7.500965786820882331e-01 8.442635515474672392e-01 0.000000000000000000e+00 5.442581660864967974e-01 4.248896726285194547e-01 1.729725435581098703e-01 3.336619443255637307e-01 7.194161491607059533e-01 5.709582404050876914e-01 6.485250199137447824e-01 6.268349790954428347e-01
2.959573260942623407e-01 6.564107829374546954e-01 7.170573711749839152e-01 4.305591986904452328e-01 2.754666771543088366e-01 4.254561055462877661e-01 7.716229298312755613e-01 6.528121390866646889e-01 5.322802303147784464e-01 6.415698374240544899e-01 5.308216220518644501e-01 5.910282045916170901e-02 8.740415394884116784e-01 9.033717824768495719e-01 6.960276023968222647e-01 5.336357522269974396e-01 8.563975819005279488e-01 6.293938211133851546e-01 4.522520583212183976e-01 8.885530813360920099e-01 5.244638287154783640e-01 5.936737310765799469e-01 5.528153478776447471e-01 2.834138856899760528e-01 8.503344780420318827e-01 8.459167231391975239e-01 5.442581660864967974e-01 0.000000000000000000e+00 1.182169002322160933e-01 9.456803834340632431e-01 4.374782017749900831e-02 7.925554499173559364e-01 6.117508130600196603e-01 4.249668991313257926e-01 5.333897494185980692e-01
6.853230580207564371e-01 4.998300323391554056e-01 6.685210460898843854e-01 1.596999490013756295e-01 4.984077873225098987e-01 5.698637654602611846e-01 3.873019083468655088e-01 5.359899370419953790e-01 2.651499517391326943e-01 7.600446581474754604e-01 6.467252597245380930e-01 5.194286733189834582e-01 7.437100390236091041e-01 8.700626481886335473e-01 8.026203521292272214e-01 6.699548044951356696e-01 4.080313385524096947e-01 6.335717468391077745e-01 5.806670017469025558e-01 6.533342778518582694e-01 4.824250500470401715e-01 8.868607827383021558e-01 8.495278738950564623e-01 7.832194948523101274e-01 8.269140022563492565e-01 5.260603262566782012e-01 4.248896726285194547e-01 1.182169002322160933e-01 0.000000000000000000e+00 5.716563474349972696e-01 5.110261111493451525e-01 5.702081397284968212e-01 1.226063496281346588e-01 6.287643648705709687e-01 8.533709704501211135e-01
6.969437781153420275e-01 2.906951153386104769e-01 6.655348869721946503e-01 4.979891001266820716e-01 5.115664255994775145e-01 5.518625145110211960e-01 3.685277771332069463e-01 6.287716098312872148e-01 6.688579249492216938e-01 4.046973327525361652e-01 3.789585004993025197e-01 5.131192640711095265e-01 9.667314010129843815e-01 7.049629602660678618e-01 1.720068074749666609e-01 5.849764320943213747e-01 4.284685171457345287e-01 3.315072697874556495e-01 5.065862558216888134e-01 8.754989436410276493e-02 3.554771542222249225e-01 7.838407956348456551e-01 4.738058564272368267e-01 4.059790310590993823e-01 1.068920584553054720e-01 7.648528906574929564e-01 1.729725435581098703e-01 9.456803834340632431e-01 5.716563474349972696e-01 0.000000000000000000e+00 6.709130019006974699e-01 4.596299744026607348e-01 5.008891098280461307e-01 9.616447370896716862e-01 6.010484477964133099e-01
2.073679381780647590e-01 5.052106297862395401e-01 9.147587201883273789e-01 8.133076754638948191e-01 5.506380080014654510e-01 4.087271727938037724e-01 8.868291165055357528e-01 7.692671509027955157e-01 3.587366497430474754e-01 6.595603861757222131e-01 3.124238973471574199e-01 9.708509066499888540e-01 4.219626517521478659e-01 2.309401523973838577e-01 8.217290739525937582e-01 3.765130285529266763e-01 6.893665430294376728e-01 5.344398017490772368e-01 3.497646688338992838e-01 2.121498302689946991e-01 4.605960176001487882e-01 5.588552942422551073e-01 8.439117072179032064e-01 8.702593443120443251e-01 4.611500011120189813e-01 8.557513991298155709e-01 3.336619443255637307e-01 4.374782017749900831e-02 5.110261111493451525e-01 6.709130019006974699e-01 0.000000000000000000e+00 1.873308208555427568e-01 7.088662192580261756e-01 7.582116181344098482e-01 3.743585707191660061e-01
8.522492108237169628e-01 8.885552250178445632e-01 6.922460848697448155e-01 7.728898062128828350e-01 3.937739031442130111e-01 5.296469933166257915e-01 5.368741991007521808e-01 7.453632348091276949e-01 8.622980608242662992e-01 7.622205091979837865e-01 3.089789759909949418e-01 3.625233786879916709e-01 6.840198915219599662e-01 5.742947962454967303e-01 6.971870055556408374e-01 7.820516034781986869e-01 4.116204788165716000e-01 7.718818770492075210e-01 7.922054328376428867e-01 7.408782132176289226e-01 7.882077368413534790e-01 5.932671905389497180e-01 6.064936802493305912e-01 7.854783654496941825e-01 8.487015541790554618e-01 2.636513017692923011e-01 7.194161491607059533e-01 7.925554499173559364e-01 5.702081397284968212e-01 4.596299744026607348e-01 1.873308208555427568e-01 0.000000000000000000e+00 4.080783054598782211e-01 9.219949978443944261e-01 1.610380810761735670e-01
6.006073903435394934e-01 8.983353971865288834e-01 7.827097761927225283e-01 6.414213610450535397e-01 7.059966271921112035e-01 7.998011367803548044e-02 6.344604023810340721e-01 6.317229656694729467e-01 7.138220701182076411e-01 7.074999925234690679e-01 8.889830003296459449e-01 6.965579973096637234e-01 1.859944354060257821e-01 9.319787260571119614e-01 6.302581591064009281e-01 4.875035122040090041e-01 4.800827602363290092e-01 3.423810118737188324e-01 5.240517865333820247e-01 4.779908983190939153e-01 5.593490752036125446e-01 6.942316543865902911e-01 3.708620982609571182e-01 8.388298990772453667e-01 5.470175591048234143e-01 5.912850239972653466e-01 5.709582404050876914e-01 6.117508130600196603e-01 1.226063496281346588e-01 5.008891098280461307e-01 7.088662192580261756e-01 4.080783054598782211e-01 0.000000000000000000e+00 4.115195273898711870e-01 7.266241074818962087e-01
8.996467913172896402e-01 6.323178246934560987e-01 9.019017816543777322e-01 8.825033722196984343e-02 8.950123410393404644e-01 6.055853456882356323e-01 8.643365951794917956e-01 7.541388062036546991e-01 7.109671092726088659e-03 4.785714070790663688e-01 7.658547409504188330e-01 5.125276067837931659e-01 3.786879666346980033e-01 5.666121556631977807e-01 4.026303876115566727e-01 3.378894984479720032e-01 3.341277921561046638e-01 6.057229342485251911e-01 3.235101109108527440e-01 8.094086097243646805e-01 2.471476065926021537e-01 3.467268400302589981e-01 2.937312439007147002e-01 8.052750198063391984e-01 7.910995725741408746e-01 1.062120037931377770e-01 6.485250199137447824e-01 4.249668991313257926e-01 6.287643648705709687e-01 9.616447370896716862e-01 7.582116181344098482e-01 9.219949978443944261e-01 4.115195273898711870e-01 0.000000000000000000e+00 1.906079401046021360e-01
5.022357193504738415e-01 5.191243809014054467e-01 1.925883880744247989e-01 3.363367570738330925e-01 1.446826872480760917e-01 4.227645818669791278e-01 8.301078630948552917e-01 4.610443545695455669e-01 9.265630099729480484e-01 6.165098410404978857e-02 4.073527474170522411e-01 6.438878273468222613e-01 4.753329052118548392e-01 5.701441330276222352e-01 5.620621660428886113e-01 5.993390609482316389e-01 6.938656284383636352e-01 7.258829714911270159e-01 4.707291679691698039e-01 5.589215519970809343e-01 5.040977737975930184e-01 6.325738427274025799e-01 3.670337187744271423e-01 5.825021505867344906e-02 4.986512704856336242e-01 1.325030434641077948e-01 6.268349790954428347e-01 5.333897494185980692e-01 8.533709704501211135e-01 6.010484477964133099e-01 3.743585707191660061e-01 1.610380810761735670e-01 7.266241074818962087e-01 1.906079401046021360e-01 0.000000000000000000e+00
