0.000000000000000000e+00 3.330393364691808245e-01 4.135062331330072727e-01 4.067070912504081592e-01 2.550643906572133135e-01 8.816023083069138844e-01 3.742425147857196821e-01 4.060770848979898817e-01 5.763967679379455866e-01 3.137405086919937136e-01 4.909587640214470028e-01 3.585620503583520358e-01 3.833552707727367337e-01 6.044843647657495156e-01 6.590207606965823306e-01 5.333231143038992261e-01 3.524203305912284034e-01 7.108816141125424704e-01 6.277334980422567545e-01 4.263027549355650203e-01 8.564791361274530779e-01 5.810260177931116932e-01 2.943734758444456756e-01 6.645395704086685118e-01 5.980933288256974345e-01 8.451643995352714489e-01 7.685435416418525678e-01 6.552101392821703119e-01 8.376433760922450400e-01 4.766185107135830767e-01 5.916117585763670528e-01 5.921808598243898381e-01 5.689165449131974306e-01 6.753627363287058039e-01 5.331442886651692747e-01
3.330393364691808245e-01 0.000000000000000000e+00 1.706813579137892445e-01 2.904553516714269978e-01 6.040577650275325006e-01 4.676136726660188314e-01 5.310831988329069997e-01 2.721353583736588755e-01 5.647400407478830875e-01 2.669140688885447976e-01 5.818112233505098319e-01 7.550610042429448665e-01 4.818417600607893259e-01 5.407826017925961848e-01 5.077356665658709911e-01 4.817509016880540673e-01 8.275584010660680390e-01 1.130149229946356693e-01 2.353382978285861737e-01 1.544910359439913838e-01 3.557909538428353224e-01 7.640699370123471557e-01 6.006640012789005167e-01 5.113080303076908972e-01 1.687623903759407629e-01 7.962400987211142311e-01 7.448340958979481341e-01 3.939737912275431686e-01 4.268457734514434776e-01 4.070413139413465720e-01 8.852571718082938856e-01 7.755914132434849062e-01 4.950557218715649355e-01 3.732619492750566259e-01 5.844860247681847865e-01
4.135062331330072727e-01 1.706813579137892445e-01 0.000000000000000000e+00 5.876309735403295598e-01 7.283642944216157655e-01 8.470190683836404943e-01 7.778838396673319888e-01 9.053307466896239886e-01 5.834253543882328419e-01 4.522869281012494858e-01 8.484293132171807361e-01 1.162125457238071258e-01 4.670922870073800359e-01 5.704505854909367457e-01 5.846358386281687025e-01 3.631619541953688968e-01 5.439422120974242159e-01 7.431581943954684855e-01 5.887184256323112486e-01 8.355076623565236282e-01 8.473383977007749035e-01 5.718442864627758526e-01 7.404725204073817624e-01 5.756693195208686387e-01 5.106639665947436679e-01 7.184216232118533219e-01 6.471537063588382876e-01 6.912310399094117042e-01 8.104364208346446219e-01 5.219938980659446504e-01 2.767230154504737305e-01 3.089276853821839586e-01 3.503985859481170140e-01 5.595561581742295454e-01 8.248856652063211170e-01
4.067070912504081592e-01 2.904553516714269978e-01 5.876309735403295598e-01 0.000000000000000000e+00 3.644640273782125961e-01 3.153777662154281236e-01 7.085906030954751689e-01 5.483628992758952103e-01 7.284033033076287023e-02 1.881804015119055706e-01 7.678559169646037574e-01 2.053460021215585130e-01 4.016284979706915004e-01 7.988122988505588218e-01 3.488244072457145073e-01 1.090922813205704722e-01 7.319610468891597499e-01 8.683363436556785775e-01 7.535208267596347209e-01 2.443744361730725290e-01 7.103567104116277342e-01 5.248968124026964777e-02 5.502626197053653856e-01 2.197810931753130248e-01 3.126333572656456727e-01 8.395648291742463520e-01 5.947509483549795473e-01 5.181469751963542203e-01 2.105035486110693466e-01 5.198563937386492251e-01 9.498154105052865059e-01 7.194363435047854693e-01 6.640468180738398063e-01 2.016042703240091827e-01 7.557255314406090552e-01
2.550643906572133135e-01 6.040577650275325006e-01 7.283642944216157655e-01 3.644640273782125961e-01 0.000000000000000000e+00 7.183511151188601840e-01 7.397934196635556070e-01 3.715111285625183335e-01 7.427910154471706328e-01 3.721156988993362669e-01 3.999934510923621733e-01 3.372368101578221977e-01 5.048129012856119591e-01 6.479773269982624928e-01 4.474911322444320438e-01 4.422193280989435982e-01 7.198329973173800411e-01 5.666847671918626705e-01 2.547181067401942389e-01 5.573821362199049556e-01 4.952145696638264316e-01 8.714589643625938464e-01 8.125764569550364413e-01 4.401994090674578586e-01 1.500552831031571888e-01 5.773733009383625880e-01 1.710957298769194557e-01 4.824235560438552284e-01 4.297127598041801666e-01 4.859747175781610196e-01 4.007622864983572120e-01 4.516261990932434744e-01 5.542748670346255846e-01 4.677416132518210645e-01 4.417667018933752465e-01
8.816023083069138844e-01 4.676136726660188314e-01 8.470190683836404943e-01 3.153777662154281236e-01 7.183511151188601840e-01 0.000000000000000000e+00 7.310172012428398647e-01 6.998229694982462945e-01 6.041043120410710676e-01 8.391448970647115146e-01 3.359200030852753649e-01 4.979894218288549168e-01 6.510265451786534374e-01 2.447877513900957869e-01 8.745314258124834428e-01 6.116870509459448879e-01 6.099620410363594258e-01 4.836080029149001369e-01 2.785110904190608583e-01 6.031990494872252473e-01 3.863679331789715565e-01 2.553116969337300701e-01 7.316280590797339389e-01 8.345100060607097969e-01 5.521122737427258675e-01 2.958041071903637076e-01 8.565650570869333125e-01 6.454890670373869543e-01 5.594521390166152797e-01 1.544840101937118293e-01 4.438474807879195794e-01 4.480835191310998944e-01 4.486794340221995636e-01 6.379572934337378598e-01 8.061902843336122837e-01
3.742425147857196821e-01 5.310831988329069997e-01 7.778838396673319888e-01 7.085906030954751689e-01 7.397934196635556070e-01 7.310172012428398647e-01 0.000000000000000000e+00 1.814191522699050152e-01 5.467551180454365278e-01 6.031381720167239280e-02 6.834308378309139620e-01 5.680667784046661284e-01 4.584894497503777533e-01 2.981410119333360864e-01 6.577563247886741848e-01 2.982936701245079147e-01 4.812131428445441950e-01 4.522528511869396417e-01 5.752544386684075306e-01 5.775863662048499325e-01 2.162412555397199565e-01 4.970507057433815046e-02 5.302462625238291150e-01 2.965062259850002047e-01 1.780400925429195258e-01 6.345654727591998334e-01 2.332360057554090371e-01 2.918172112509288540e-01 2.195203415748698816e-01 6.321271142532087772e-01 6.358783574220334689e-01 9.758260074166864584e-01 4.987750713513585676e-01 8.459611339787499462e-01 7.285195124427275015e-01
4.060770848979898817e-01 2.721353583736588755e-01 9.053307466896239886e-01 5.483628992758952103e-01 3.715111285625183335e-01 6.998229694982462945e-01 1.814191522699050152e-01 0.000000000000000000e+00 5.275764011054167035e-01 5.792819769170607369e-01 4.676286602759184285e-01 8.611349694638702479e-01 5.172690875177188286e-01 3.960188720680309915e-01 4.132972294297318494e-01 2.802882749280558028e-01 2.628082344806718096e-01 5.194215436582108048e-01 3.981081315267116505e-01 6.700659843978606922e-01 4.422585443147041273e-01 6.130057082972534266e-01 3.277080385120050288e-01 8.664475929558790313e-02 5.983160397358047167e-01 7.002801551594426410e-01 1.204475539241815496e-01 3.001622903150978905e-01 8.400771375055757773e-01 9.904898507257398066e-02 6.533724023376966672e-01 8.106589094240581606e-01 4.229033137231572037e-01 6.019279015879431816e-01 9.837605666895290479e-01
5.763967679379455866e-01 5.647400407478830875e-01 5.834253543882328419e-01 7.284033033076287023e-02 7.427910154471706328e-01 6.041043120410710676e-01 5.467551180454365278e-01 5.275764011054167035e-01 0.000000000000000000e+00 4.301376496033676999e-01 4.019780322378155857e-01 5.142212835216043443e-01 6.792713169254873673e-01 3.395198820717196808e-01 6.712645397183925056e-01 4.031422925075299757e-01 7.986574431028432564e-01 9.543790542147039258e-01 8.007213578734710957e-01 4.100363029295444051e-01 7.435477209708080126e-01 1.823619019911622563e-01 8.514294756881852777e-01 3.027136830169534498e-01 4.632433499843426339e-01 1.535983499811277575e-01 3.956419034149258884e-01 3.172341580539662642e-01 7.755306554620062798e-01 3.909354003844771608e-01 6.401492220450378801e-01 5.718788171828801392e-01 9.349719631144963738e-01 3.670010437907044731e-01 8.801854078486111010e-01
3.137405086919937136e-01 2.669140688885447976e-01 4.522869281012494858e-01 1.881804015119055706e-01 3.721156988993362669e-01 8.391448970647115146e-01 6.031381720167239280e-02 5.792819769170607369e-01 4.301376496033676999e-01 0.000000000000000000e+00 5.146199229941262887e-01 9.503829370098944018e-01 3.399806030159802095e-01 5.277149638612217419e-01 8.134942428664622138e-01 3.930378192905734647e-01 8.003529518200198645e-01 7.365266450099257067e-01 5.293917145181132877e-01 7.825133228408380770e-01 2.924381742910791004e-01 7.522430408698681514e-01 3.425257153946167921e-01 5.420223225890746788e-01 3.818645489985588726e-01 9.584450404823029457e-01 2.458928033317508977e-02 6.834280645002643872e-01 9.523167590556815831e-01 4.099978205058560921e-01 6.301519869807212793e-01 6.494754357537531053e-01 5.524260019377058573e-01 1.932396098618586189e-01 4.445021784464020520e-01
4.909587640214470028e-01 5.818112233505098319e-01 8.484293132171807361e-01 7.678559169646037574e-01 3.999934510923621733e-01 3.359200030852753649e-01 6.834308378309139620e-01 4.676286602759184285e-01 4.019780322378155857e-01 5.146199229941262887e-01 0.000000000000000000e+00 4.300969716295335865e-01 3.228069811460034799e-01 3.624522635945595095e-01 4.649337514855436115e-01 4.244003408986108394e-01 8.648935034137983369e-01 4.299096052917836808e-01 8.683891595442628786e-01 4.794102250792309228e-02 3.574048296654315227e-01 6.373523174013375758e-01 8.721754909738406170e-01 7.553174456174971407e-01 8.590586731354229455e-01 8.907129939080480341e-01 6.784118162914751782e-01 5.765691526394742805e-01 4.689935496776721502e-01 2.301654816361661249e-01 1.017035427354755495e-01 1.075385542326290356e-01 4.598555305515547031e-01 4.259263143375945360e-01 4.135902945651225293e-01
3.585620503583520358e-01 7.550610042429448665e-01 1.162125457238071258e-01 2.053460021215585130e-01 3.372368101578221977e-01 4.979894218288549168e-01 5.680667784046661284e-01 8.611349694638702479e-01 5.142212835216043443e-01 9.503829370098944018e-01 4.300969716295335865e-01 0.000000000000000000e+00 6.415544573729354827e-01 4.804683514761270424e-01 5.503229309416655113e-01 4.366620726657517992e-01 6.857863700559373443e-01 4.125432263759770679e-01 7.080325326501597516e-01 7.523889585963652316e-01 2.269125781514891582e-01 2.444626421359042956e-01 4.712600067811614224e-01 8.556795233466700790e-01 6.991333268102876142e-01 3.471961624803036606e-01 5.872613408968815341e-01 3.430378940468467031e-01 6.134732889892762220e-01 6.043541412203727869e-01 5.918028259062415586e-01 6.831009549201538800e-01 3.337421430765219466e-01 8.828362818536847900e-01 7.777984369411274912e-01
3.833552707727367337e-01 4.818417600607893259e-01 4.670922870073800359e-01 4.016284979706915004e-01 5.048129012856119591e-01 6.510265451786534374e-01 4.584894497503777533e-01 5.172690875177188286e-01 6.792713169254873673e-01 3.399806030159802095e-01 3.228069811460034799e-01 6.415544573729354827e-01 0.000000000000000000e+00 7.923027529299646599e-01 1.536071817381424731e-01 5.595582198532702556e-01 5.352893347905409716e-01 8.930918654463971817e-01 4.764340550321034540e-01 3.951903285559200674e-01 4.861681762714779031e-01 4.242574651987947032e-01 5.174744201932368615e-01 6.250523669680844163e-01 4.923292982820867691e-01 2.940550479213472901e-01 6.745836758752927764e-01 5.239269647361859406e-01 5.689743941626030921e-01 2.710320182112538889e-01 4.778193074813206209e-01 7.263742387307940973e-01 5.356008551400595064e-01 4.476101038102396901e-01 4.789441833226127931e-01
6.044843647657495156e-01 5.407826017925961848e-01 5.704505854909367457e-01 7.988122988505588218e-01 6.479773269982624928e-01 2.447877513900957869e-01 2.981410119333360864e-01 3.960188720680309915e-01 3.395198820717196808e-01 5.277149638612217419e-01 3.624522635945595095e-01 4.804683514761270424e-01 7.923027529299646599e-01 0.000000000000000000e+00 6.604505572255546797e-01 4.186601593257323062e-01 5.717894716032235758e-01 4.991670360919061022e-01 1.181625263151147021e-01 6.619870276614387983e-01 5.368872829512558731e-01 6.974980358575658679e-01 5.859720377223454069e-02 5.452933037819518436e-01 5.289792652791420746e-01 6.889076169728289845e-01 2.871523520435073085e-01 2.588952088072755120e-01 4.667020347249750678e-01 4.068362123959705645e-01 6.188602923346440132e-01 4.329571291504193953e-01 5.987508975581696813e-01 4.767770074689159365e-01 3.561543889530077722e-01
6.590207606965823306e-01 5.077356665658709911e-01 5.846358386281687025e-01 3.488244072457145073e-01 4.474911322444320438e-01 8.745314258124834428e-01 6.577563247886741848e-01 4.132972294297318494e-01 6.712645397183925056e-01 8.134942428664622138e-01 4.649337514855436115e-01 5.503229309416655113e-01 1.536071817381424731e-01 6.604505572255546797e-01 0.000000000000000000e+00 5.248252610430810261e-01 6.119297241710757174e-01 2.523864410980050099e-01 5.166276214331672056e-01 2.821205773598691735e-01 7.861529448445609969e-01 7.514364404515558871e-01 6.436647845115600619e-01 4.837808740396103424e-01 4.692928427528250124e-01 2.999365490649663069e-01 5.082851200113169821e-01 3.069002964828991264e-01 3.741399024121102590e-01 1.684457661219884717e-01 7.439967166879852822e-01 4.594374039346525440e-01 6.023146860647884404e-01 7.888969476443516982e-01 8.826024998794290699e-01
5.333231143038992261e-01 4.817509016880540673e-01 3.631619541953688968e-01 1.090922813205704722e-01 4.422193280989435982e-01 6.116870509459448879e-01 2.982936701245079147e-01 2.802882749280558028e-01 4.031422925075299757e-01 3.930378192905734647e-01 4.244003408986108394e-01 4.366620726657517992e-01 5.595582198532702556e-01 4.186601593257323062e-01 5.248252610430810261e-01 0.000000000000000000e+00 4.210941180445205712e-01 5.696081669981092332e-01 2.575471473777837250e-01 1.680870778481146077e-01 4.045229465838835470e-01 7.928258750357620732e-01 3.036589176176416327e-01 6.715406599440010282e-01 6.498683860218307240e-01 8.549081645146390240e-01 6.707641951122438329e-01 7.386279362590966180e-01 4.602516622767707233e-01 9.059740616295512972e-01 7.255359308828732701e-01 6.290896343324402507e-01 4.819958173679049773e-01 9.309175161734326576e-01 3.671454047388842401e-01
3.524203305912284034e-01 8.275584010660680390e-01 5.439422120974242159e-01 7.319610468891597499e-01 7.198329973173800411e-01 6.099620410363594258e-01 4.812131428445441950e-01 2.628082344806718096e-01 7.986574431028432564e-01 8.003529518200198645e-01 8.648935034137983369e-01 6.857863700559373443e-01 5.352893347905409716e-01 5.717894716032235758e-01 6.119297241710757174e-01 4.210941180445205712e-01 0.000000000000000000e+00 8.234040731064382612e-01 6.549053304171725820e-01 5.612114347891634658e-01 5.792095076657750585e-01 1.201310515079190289e-01 6.130106134781043714e-01 5.370350108289669855e-01 4.180058265492666569e-01 8.499568916648249095e-01 4.597371781369759547e-01 7.037917364104946394e-01 3.419279542598970822e-01 8.534558807101118028e-01 4.798640482915562666e-01 5.780113397587384183e-01 7.455546308129012978e-01 7.512349742239587957e-02 3.518713202222124581e-01
7.108816141125424704e-01 1.130149229946356693e-01 7.431581943954684855e-01 8.683363436556785775e-01 5.666847671918626705e-01 4.836080029149001369e-01 4.522528511869396417e-01 5.194215436582108048e-01 9.543790542147039258e-01 7.365266450099257067e-01 4.299096052917836808e-01 4.125432263759770679e-01 8.930918654463971817e-01 4.991670360919061022e-01 2.523864410980050099e-01 5.696081669981092332e-01 8.234040731064382612e-01 0.000000000000000000e+00 6.085188538143699866e-01 6.781379166247587520e-01 9.158180577350949481e-01 1.224231467082586011e-01 7.113268411722215578e-01 7.467965557572716628e-01 6.664230359956830885e-01 3.923247658471375465e-01 3.666977414293690618e-01 9.671348013013594258e-01 2.999581722217261603e-01 6.144061774871145687e-02 9.288311772170795289e-01 9.278939123324301264e-01 5.263676480133978597e-01 5.178356981557400429e-01 5.900183218645618233e-01
6.277334980422567545e-01 2.353382978285861737e-01 5.887184256323112486e-01 7.535208267596347209e-01 2.547181067401942389e-01 2.785110904190608583e-01 5.752544386684075306e-01 3.981081315267116505e-01 8.007213578734710957e-01 5.293917145181132877e-01 8.683891595442628786e-01 7.080325326501597516e-01 4.764340550321034540e-01 1.181625263151147021e-01 5.166276214331672056e-01 2.575471473777837250e-01 6.549053304171725820e-01 6.085188538143699866e-01 0.000000000000000000e+00 2.650145939583348209e-01 3.097974642161389625e-01 8.106698607158246972e-01 1.674396962397975974e-01 5.628709096500791320e-01 8.120571247807659709e-01 5.424953023532830265e-02 4.646916120078623536e-01 4.584329468502861826e-01 7.037985631147074539e-01 7.198328103264357569e-01 8.495939835404130447e-01 5.478466726684736443e-01 2.099310917830550238e-01 3.829455592074303971e-01 5.042534353706550343e-01
4.263027549355650203e-01 1.544910359439913838e-01 8.355076623565236282e-01 2.443744361730725290e-01 5.573821362199049556e-01 6.031990494872252473e-01 5.775863662048499325e-01 6.700659843978606922e-01 4.100363029295444051e-01 7.825133228408380770e-01 4.794102250792309228e-02 7.523889585963652316e-01 3.951903285559200674e-01 6.619870276614387983e-01 2.821205773598691735e-01 1.680870778481146077e-01 5.612114347891634658e-01 6.781379166247587520e-01 2.650145939583348209e-01 0.000000000000000000e+00 4.151617442747430053e-01 5.188470028364513542e-01 2.686577812588852865e-02 1.921259159135367822e-01 7.173064113739328063e-01 4.181281896489454919e-01 7.888844975630899814e-01 5.215297405066922076e-01 4.933258194830446586e-01 3.696849621319896473e-01 5.279603559012191472e-01 4.946250793573890303e-01 4.798264047563002288e-01 3.768342239205336730e-01 4.131364728732291880e-01
8.564791361274530779e-01 3.557909538428353224e-01 8.473383977007749035e-01 7.103567104116277342e-01 4.952145696638264316e-01 3.863679331789715565e-01 2.162412555397199565e-01 4.422585443147041273e-01 7.435477209708080126e-01 2.924381742910791004e-01 3.574048296654315227e-01 2.269125781514891582e-01 4.861681762714779031e-01 5.368872829512558731e-01 7.861529448445609969e-01 4.045229465838835470e-01 5.792095076657750585e-01 9.158180577350949481e-01 3.097974642161389625e-01 4.151617442747430053e-01 0.000000000000000000e+00 6.264401761106178634e-01 2.173831904991788133e-01 8.717963154068835152e-01 8.003610900871760414e-01 6.404214910165695329e-01 5.569099306004119398e-01 3.940854237593678366e-01 4.798236229067515679e-01 4.136751869548461746e-01 4.086239043816275451e-01 2.671520319696552015e-01 3.131361205561687400e-01 3.989315271703947618e-01 8.625160416441539635e-01
5.810260177931116932e-01 7.640699370123471557e-01 5.718442864627758526e-01 5.248968124026964777e-02 8.714589643625938464e-01 2.553116969337300701e-01 4.970507057433815046e-02 6.130057082972534266e-01 1.823619019911622563e-01 7.522430408698681514e-01 6.373523174013375758e-01 2.444626421359042956e-01 4.242574651987947032e-01 6.974980358575658679e-01 7.514364404515558871e-01 7.928258750357620732e-01 1.201310515079190289e-01 1.224231467082586011e-01 8.106698607158246972e-01 5.188470028364513542e-01 6.264401761106178634e-01 0.000000000000000000e+00 6.395006960561531173e-01 4.305793568927001602e-01 1.904140562553157667e-01 5.390800715527663822e-01 3.909290839322410172e-01 7.809829302806150508e-01 6.780431370715193085e-01 3.850194034007397015e-01 3.981280324566366380e-01 1.266607205279118853e-01 5.479466523574010317e-01 3.507604091772593136e-01 6.827349631626473681e-01
2.943734758444456756e-01 6.006640012789005167e-01 7.404725204073817624e-01 5.502626197053653856e-01 8.125764569550364413e-01 7.316280590797339389e-01 5.302462625238291150e-01 3.277080385120050288e-01 8.514294756881852777e-01 3.425257153946167921e-01 8.721754909738406170e-01 4.712600067811614224e-01 5.174744201932368615e-01 5.859720377223454069e-02 6.436647845115600619e-01 3.036589176176416327e-01 6.130106134781043714e-01 7.113268411722215578e-01 1.674396962397975974e-01 2.686577812588852865e-02 2.173831904991788133e-01 6.395006960561531173e-01 0.000000000000000000e+00 6.511323347087517588e-01 2.986426488478053920e-01 3.932168011821425835e-01 5.195760061797591867e-01 3.385728752512657813e-01 8.024356695576602139e-01 6.949328350579522251e-01 5.182357718917258715e-01 4.606197368508964662e-01 5.422729103085260904e-01 7.714121706172384352e-01 4.223160278405739820e-01
6.645395704086685118e-01 5.113080303076908972e-01 5.756693195208686387e-01 2.197810931753130248e-01 4.401994090674578586e-01 8.345100060607097969e-01 2.965062259850002047e-01 8.664475929558790313e-02 3.027136830169534498e-01 5.420223225890746788e-01 7.553174456174971407e-01 8.556795233466700790e-01 6.250523669680844163e-01 5.452933037819518436e-01 4.837808740396103424e-01 6.715406599440010282e-01 5.370350108289669855e-01 7.467965557572716628e-01 5.628709096500791320e-01 1.921259159135367822e-01 8.717963154068835152e-01 4.305793568927001602e-01 6.511323347087517588e-01 0.000000000000000000e+00 5.735539699291718474e-01 2.217228501460536405e-01 5.648338896791191832e-01 7.215987896680878810e-01 6.278418655274140558e-01 7.286520022331111068e-01 7.019226758499685914e-02 5.221910199573044364e-01 2.745569709843562745e-01 5.469488712352439386e-01 5.024260264113662444e-01
5.980933288256974345e-01 1.687623903759407629e-01 5.106639665947436679e-01 3.126333572656456727e-01 1.500552831031571888e-01 5.521122737427258675e-01 1.780400925429195258e-01 5.983160397358047167e-01 4.632433499843426339e-01 3.818645489985588726e-01 8.590586731354229455e-01 6.991333268102876142e-01 4.923292982820867691e-01 5.289792652791420746e-01 4.692928427528250124e-01 6.498683860218307240e-01 4.180058265492666569e-01 6.664230359956830885e-01 8.120571247807659709e-01 7.173064113739328063e-01 8.003610900871760414e-01 1.904140562553157667e-01 2.986426488478053920e-01 5.735539699291718474e-01 0.000000000000000000e+00 5.310004676989931172e-01 3.025026058601744117e-01 5.144070009903417562e-01 2.969400998879720421e-01 6.771663480884355657e-01 5.617715752190883816e-01 7.482518169859444512e-01 5.558690791487649330e-01 9.720196750216076875e-01 2.053400952208068730e-01
8.451643995352714489e-01 7.962400987211142311e-01 7.184216232118533219e-01 8.395648291742463520e-01 5.773733009383625880e-01 2.958041071903637076e-01 6.345654727591998334e-01 7.002801551594426410e-01 1.535983499811277575e-01 9.584450404823029457e-01 8.907129939080480341e-01 3.471961624803036606e-01 2.940550479213472901e-01 6.889076169728289845e-01 2.999365490649663069e-01 8.549081645146390240e-01 8.499568916648249095e-01 3.923247658471375465e-01 5.424953023532830265e-02 4.181281896489454919e-01 6.404214910165695329e-01 5.390800715527663822e-01 3.932168011821425835e-01 2.217228501460536405e-01 5.310004676989931172e-01 0.000000000000000000e+00 3.762929880560973994e-01 4.977013547956415929e-01 4.825702803757710990e-01 3.814903291836924115e-01 6.769404864909023267e-01 6.375117840465961416e-01 5.577801280578889020e-01 5.579633611925821635e-01 5.084117567047761188e-01
7.685435416418525678e-01 7.448340958979481341e-01 6.471537063588382876e-01 5.947509483549795473e-01 1.710957298769194557e-01 8.565650570869333125e-01 2.332360057554090371e-01 1.204475539241815496e-01 3.956419034149258884e-01 2.458928033317508977e-02 6.784118162914751782e-01 5.872613408968815341e-01 6.745836758752927764e-01 2.871523520435073085e-01 5.082851200113169821e-01 6.707641951122438329e-01 4.597371781369759547e-01 3.666977414293690618e-01 4.646916120078623536e-01 7.888844975630899814e-01 5.569099306004119398e-01 3.909290839322410172e-01 5.195760061797591867e-01 5.648338896791191832e-01 3.025026058601744117e-01 3.762929880560973994e-01 0.000000000000000000e+00 4.265617064004367798e-01 7.717286039241523232e-01 7.567553130349810031e-01 8.988068114336560388e-01 4.351746466824427673e-01 5.082974202387825491e-01 5.541443913672944310e-01 7.477101790459486086e-01
6.552101392821703119e-01 3.939737912275431686e-01 6.912310399094117042e-01 5.181469751963542203e-01 4.824235560438552284e-01 6.454890670373869543e-01 2.918172112509288540e-01 3.001622903150978905e-01 3.172341580539662642e-01 6.834280645002643872e-01 5.765691526394742805e-01 3.430378940468467031e-01 5.239269647361859406e-01 2.588952088072755120e-01 3.069002964828991264e-01 7.386279362590966180e-01 7.037917364104946394e-01 9.671348013013594258e-01 4.584329468502861826e-01 5.215297405066922076e-01 3.940854237593678366e-01 7.809829302806150508e-01 3.385728752512657813e-01 7.215987896680878810e-01 5.144070009903417562e-01 4.977013547956415929e-01 4.265617064004367798e-01 0.000000000000000000e+00 4.826856549832153065e-01 3.939135765478448681e-01 5.086337858622983488e-01 7.537414997697653440e-01 8.154561556323782767e-01 5.874841469623539592e-01 8.431154049002120843e-02
8.376433760922450400e-01 4.268457734514434776e-01 8.104364208346446219e-01 2.105035486110693466e-01 4.297127598041801666e-01 5.594521390166152797e-01 2.195203415748698816e-01 8.400771375055757773e-01 7.755306554620062798e-01 9.523167590556815831e-01 4.689935496776721502e-01 6.134732889892762220e-01 5.689743941626030921e-01 4.667020347249750678e-01 3.741399024121102590e-01 4.602516622767707233e-01 3.419279542598970822e-01 2.999581722217261603e-01 7.037985631147074539e-01 4.933258194830446586e-01 4.798236229067515679e-01 6.780431370715193085e-01 8.024356695576602139e-01 6.278418655274140558e-01 2.969400998879720421e-01 4.825702803757710990e-01 7.717286039241523232e-01 4.826856549832153065e-01 0.000000000000000000e+00 3.557247864739701004e-01 2.101886673266336047e-01 8.484083736589337343e-01 5.477559971258996185e-01 2.472573813499565620e-01 3.649325710091638197e-01
4.766185107135830767e-01 4.070413139413465720e-01 5.219938980659446504e-01 5.198563937386492251e-01 4.859747175781610196e-01 1.544840101937118293e-01 6.321271142532087772e-01 9.904898507257398066e-02 3.909354003844771608e-01 4.099978205058560921e-01 2.301654816361661249e-01 6.043541412203727869e-01 2.710320182112538889e-01 4.068362123959705645e-01 1.684457661219884717e-01 9.059740616295512972e-01 8.534558807101118028e-01 6.144061774871145687e-02 7.198328103264357569e-01 3.696849621319896473e-01 4.136751869548461746e-01 3.850194034007397015e-01 6.949328350579522251e-01 7.286520022331111068e-01 6.771663480884355657e-01 3.814903291836924115e-01 7.567553130349810031e-01 3.939135765478448681e-01 3.557247864739701004e-01 0.000000000000000000e+00 2.410622878921777623e-01 5.608436632704412173e-01 5.906093011871091925e-01 6.870031766093773751e-01 5.655200209012960499e-01
5.916117585763670528e-01 8.852571718082938856e-01 2.767230154504737305e-01 9.498154105052865059e-01 4.007622864983572120e-01 4.438474807879195794e-01 6.358783574220334689e-01 6.533724023376966672e-01 6.401492220450378801e-01 6.301519869807212793e-01 1.017035427354755495e-01 5.918028259062415586e-01 4.778193074813206209e-01 6.188602923346440132e-01 7.439967166879852822e-01 7.255359308828732701e-01 4.798640482915562666e-01 9.288311772170795289e-01 8.495939835404130447e-01 5.279603559012191472e-01 4.086239043816275451e-01 3.981280324566366380e-01 5.182357718917258715e-01 7.019226758499685914e-02 5.617715752190883816e-01 6.769404864909023267e-01 8.988068114336560388e-01 5.086337858622983488e-01 2.101886673266336047e-01 2.410622878921777623e-01 0.000000000000000000e+00 5.287295570065546624e-01 9.675342074192929687e-01 5.884507690838591820e-01 1.440867566219801166e-01
5.921808598243898381e-01 7.755914132434849062e-01 3.089276853821839586e-01 7.194363435047854693e-01 4.516261990932434744e-01 4.480835191310998944e-01 9.758260074166864584e-01 8.106589094240581606e-01 5.718788171828801392e-01 6.494754357537531053e-01 1.075385542326290356e-01 6.831009549201538800e-01 7.263742387307940973e-01 4.329571291504193953e-01 4.594374039346525440e-01 6.290896343324402507e-01 5.780113397587384183e-01 9.278939123324301264e-01 5.478466726684736443e-01 4.946250793573890303e-01 2.671520319696552015e-01 1.266607205279118853e-01 4.606197368508964662e-01 5.221910199573044364e-01 7.482518169859444512e-01 6.375117840465961416e-01 4.351746466824427673e-01 7.537414997697653440e-01 8.484083736589337343e-01 5.608436632704412173e-01 5.287295570065546624e-01 0.000000000000000000e+00 2.429946201120595228e-01 4.179601116911484393e-01 3.449802917124136226e-01
5.689165449131974306e-01 4.950557218715649355e-01 3.503985859481170140e-01 6.640468180738398063e-01 5.542748670346255846e-01 4.486794340221995636e-01 4.987750713513585676e-01 4.229033137231572037e-01 9.349719631144963738e-01 5.524260019377058573e-01 4.598555305515547031e-01 3.337421430765219466e-01 5.356008551400595064e-01 5.987508975581696813e-01 6.023146860647884404e-01 4.819958173679049773e-01 7.455546308129012978e-01 5.263676480133978597e-01 2.099310917830550238e-01 4.798264047563002288e-01 3.131361205561687400e-01 5.479466523574010317e-01 5.422729103085260904e-01 2.745569709843562745e-01 5.558690791487649330e-01 5.577801280578889020e-01 5.082974202387825491e-01 8.154561556323782767e-01 5.477559971258996185e-01 5.906093011871091925e-01 9.675342074192929687e-01 2.429946201120595228e-01 0.000000000000000000e+00 6.992101178814096318e-01 5.572933801455450809e-01
6.753627363287058039e-01 3.732619492750566259e-01 5.595561581742295454e-01 2.016042703240091827e-01 4.677416132518210645e-01 6.379572934337378598e-01 8.459611339787499462e-01 6.019279015879431816e-01 3.670010437907044731e-01 1.932396098618586189e-01 4.259263143375945360e-01 8.828362818536847900e-01 4.476101038102396901e-01 4.767770074689159365e-01 7.888969476443516982e-01 9.309175161734326576e-01 7.512349742239587957e-02 5.178356981557400429e-01 3.829455592074303971e-01 3.768342239205336730e-01 3.989315271703947618e-01 3.507604091772593136e-01 7.714121706172384352e-01 5.469488712352439386e-01 9.720196750216076875e-01 5.579633611925821635e-01 5.541443913672944310e-01 5.874841469623539592e-01 2.472573813499565620e-01 6.870031766093773751e-01 5.884507690838591820e-01 4.179601116911484393e-01 6.992101178814096318e-01 0.000000000000000000e+00 4.590080503644390353e-01
5.331442886651692747e-01 5.844860247681847865e-01 8.248856652063211170e-01 7.557255314406090552e-01 4.417667018933752465e-01 8.061902843336122837e-01 7.285195124427275015e-01 9.837605666895290479e-01 8.801854078486111010e-01 4.445021784464020520e-01 4.135902945651225293e-01 7.777984369411274912e-01 4.789441833226127931e-01 3.561543889530077722e-01 8.826024998794290699e-01 3.671454047388842401e-01 3.518713202222124581e-01 5.900183218645618233e-01 5.042534353706550343e-01 4.131364728732291880e-01 8.625160416441539635e-01 6.827349631626473681e-01 4.223160278405739820e-01 5.024260264113662444e-01 2.053400952208068730e-01 5.084117567047761188e-01 7.477101790459486086e-01 8.431154049002120843e-02 3.649325710091638197e-01 5.655200209012960499e-01 1.440867566219801166e-01 3.449802917124136226e-01 5.572933801455450809e-01 4.590080503644390353e-01 0.000000000000000000e+00
