0.000000000000000000e+00 7.120112423006330626e-01 5.300343481051617012e-01 4.947977201832491900e-01 7.809487561899328689e-01 6.513733711964835305e-01 5.651654512919910278e-01 4.020590819099596480e-01 8.730144006540413448e-01 4.332162272100830713e-01 4.157973855549190745e-01 3.780594197848469173e-01 4.695781206719918943e-01 2.789066688949167760e-01 4.047239220717985808e-01 4.152385491748051827e-01 3.636600065367729950e-01 8.136008459914521040e-01 2.680665749171289303e-01 2.659674006419908698e-01 2.847726009738321684e-01 4.821697698189410519e-01 8.165545880122145883e-01 7.520554681889062287e-01 3.371717982825768178e-01 7.962543360335294640e-01 8.673947267344584988e-01 4.404119593482155315e-01 1.517200854547675615e-01 6.359633308109150507e-01 9.009627095473189407e-01 5.238235140233611364e-01 4.924753465743441083e-01 7.678354707512176081e-01 4.743292184100574849e-01
7.120112423006330626e-01 0.000000000000000000e+00 6.558562023517907624e-01 7.050843493168681420e-01 4.981884471815805071e-01 4.740454244857636446e-01 3.066209074097013820e-01 3.764567957751219218e-01 7.347408907236632203e-01 7.647294811847948903e-01 8.527935994232900274e-01 3.755042357891977267e-01 7.617165478225159658e-01 7.614158105047146297e-01 7.601679966458485538e-01 5.221502161665224628e-01 5.789957554810161167e-01 4.482605913032233769e-01 8.384845889724734658e-01 4.122087155324819507e-01 5.739537227520468132e-01 6.434520753698388384e-01 4.745281201016161576e-01 6.702830720035461987e-01 7.637054047503236687e-01 6.445365636275508514e-01 6.493878272051283318e-01 6.147476077622431312e-01 7.919527796237909589e-01 3.341831919236725179e-01 4.567032997450521936e-01 2.267061797529273948e-01 1.139394164398254139e-01 3.098048250582282614e-01 8.999270975361377545e-01
5.300343481051617012e-01 6.558562023517907624e-01 0.000000000000000000e+00 5.178712767461757238e-01 2.252538012786762245e-01 6.280175401248844214e-01 1.319221304358889624e-01 3.825662499878543787e-01 2.815264463415682039e-01 7.116627749756521126e-02 7.897999828592718874e-01 1.755712239060587265e-01 5.320291053547612226e-01 5.475385498084279767e-01 3.569783713571775818e-01 4.259658406985027401e-01 6.700825623887047833e-01 8.088422346851467104e-01 6.759796654185605824e-01 7.134526990682859005e-01 7.367875670449712810e-01 5.805625569488142013e-01 2.430347786657180431e-01 5.718715121693912495e-01 5.334420373627165590e-01 7.970193004601093811e-01 4.153377008469518739e-01 6.796840144820788243e-01 3.944372655632580327e-01 6.861808117685310737e-01 9.007306508607340056e-01 8.033845881296375335e-01 6.402434782622762333e-01 3.904160290783924014e-01 2.085713892159417604e-01
4.947977201832491900e-01 7.050843493168681420e-01 5.178712767461757238e-01 0.000000000000000000e+00 4.707722972756153701e-01 9.293644934317649708e-01 3.137790767576265627e-01 6.255137302394673249e-01 2.439232482383884015e-01 2.721207564786555233e-01 5.261159461887834343e-01 6.523761025284795512e-01 4.507916880843224616e-01 4.492424292734265578e-01 3.973974691661871228e-01 5.753962155154862534e-01 3.232295014295867852e-01 5.000614155562221885e-01 6.279381257442542275e-01 6.031353730873847407e-01 6.581246863203449315e-01 3.074248703631856650e-01 5.450948686458332304e-01 4.644794269633138462e-01 3.514901671298136243e-01 8.071980179900721808e-01 7.094065714918529331e-01 4.938015068028540622e-01 4.220565332837830641e-01 8.319638953483847743e-01 2.332280818654434429e-01 5.742674111075363186e-01 2.394480850210681799e-01 4.945601505530763942e-01 6.759311225971598169e-01
7.809487561899328689e-01 4.981884471815805071e-01 2.252538012786762245e-01 4.707722972756153701e-01 0.000000000000000000e+00 8.947016526786820689e-01 3.003330368344325763e-02 5.608601115268739834e-01 7.570791723846512777e-01 8.183480684711130770e-01 9.153077415514925264e-01 1.175257988730812331e-01 7.447870393411772927e-01 5.065588581669236978e-01 8.070000406561269601e-01 5.803542580286678021e-01 4.608866996844135921e-01 4.467085816607265225e-01 7.806355424322748426e-01 1.745696197972707586e-01 5.389138046916696068e-01 8.939140492233219604e-01 6.799647099057818389e-01 4.540289397062866050e-01 2.572976815014834662e-01 5.867349652548700112e-01 6.399773402114508070e-01 5.559975027811898673e-01 3.981503738385712143e-01 5.319023580579238519e-01 4.926698560729694254e-01 5.407000016243662666e-01 5.210538915818381245e-01 8.854217019318695314e-01 9.481354456317001578e-01
6.513733711964835305e-01 4.740454244857636446e-01 6.280175401248844214e-01 9.293644934317649708e-01 8.947016526786820689e-01 0.000000000000000000e+00 5.292097157855329970e-01 4.560646605392860153e-01 4.699842051337366211e-01 2.618834730041409431e-01 6.728634234901861300e-01 5.399566474537226268e-01 8.097488677946746982e-01 5.324314182131868467e-01 9.401438880943382426e-01 6.975744747349424957e-01 5.270096771653849377e-01 3.695456410872721698e-01 5.536534041949142670e-01 8.292328887267241821e-01 7.534588879728907340e-01 7.035192475499784104e-01 7.098123924674492047e-01 5.288864010193974341e-01 4.733981481187672369e-01 6.056337279012211638e-01 4.274171632254383235e-01 6.761115648694617786e-01 5.310305366228256219e-01 1.299758157041355222e-01 6.157834445632552889e-01 6.777811866756410231e-01 7.735775446839604497e-01 4.846586138962131751e-01 4.183734666135618951e-01
5.651654512919910278e-01 3.066209074097013820e-01 1.319221304358889624e-01 3.137790767576265627e-01 3.003330368344325763e-02 5.292097157855329970e-01 0.000000000000000000e+00 2.178782242825357818e-01 3.523710842987950453e-01 7.001468940469579572e-01 3.526751226848630072e-01 5.645682522178114837e-01 3.149091047034857649e-01 5.990746531920561058e-01 4.152843463318143247e-01 8.795742399595372074e-01 2.043235330830527330e-01 3.965166234519927890e-01 6.657129647954475038e-01 3.430336544463293280e-01 7.632310772716455194e-01 4.413543482933077189e-01 5.376365126474824674e-01 5.314527200960514897e-01 5.944155103708621546e-01 1.407678045079957529e-01 3.081172292437672766e-01 4.446445198632688056e-01 4.933146908933755959e-01 8.484235551664964792e-01 8.296840325332407451e-01 1.028140093044925818e-01 4.640899266452457317e-01 5.062461803237446878e-01 8.156862506315714079e-01
4.020590819099596480e-01 3.764567957751219218e-01 3.825662499878543787e-01 6.255137302394673249e-01 5.608601115268739834e-01 4.560646605392860153e-01 2.178782242825357818e-01 0.000000000000000000e+00 1.573638833889079436e-01 8.154355448196999312e-01 9.171263106197153903e-01 2.799536961122192080e-01 9.083767414726779954e-01 8.143475145085896649e-01 8.921664303816052577e-01 7.286467846993940345e-01 7.586788600274736449e-01 6.354041191186481363e-01 1.544438537750167928e-01 6.005455058022496351e-01 4.216377841790978076e-01 7.384803553186316538e-01 3.576625489282753145e-01 4.900705005043019535e-01 6.651682929623899954e-01 8.551711438965390322e-01 3.913819242804558174e-01 5.472517226653826894e-01 6.726560176185152340e-01 1.971800199179302715e-01 5.143383980632454389e-01 4.983085092285455264e-01 4.500766131449286389e-01 4.873004534252645681e-01 6.874631207241443942e-01
8.730144006540413448e-01 7.347408907236632203e-01 2.815264463415682039e-01 2.439232482383884015e-01 7.570791723846512777e-01 4.699842051337366211e-01 3.523710842987950453e-01 1.573638833889079436e-01 0.000000000000000000e+00 4.102098954479015402e-01 4.303071679952831796e-01 8.025520819571038134e-01 9.178921665853596590e-01 7.126091338088739180e-01 2.206707867608119211e-01 1.639802336385045578e-01 5.330268246749070293e-01 4.548438372863387591e-01 8.263140148412624342e-01 4.117463910142307726e-01 2.629962492001476360e-01 2.793015952837133997e-01 8.050091687345739544e-02 7.903444477629422149e-01 5.040710280940338128e-01 6.137905737421232022e-01 6.551518342196109845e-01 7.711312548497453179e-01 9.326423120535830558e-01 5.206223585413802812e-01 4.329599402919892537e-01 8.618037629723340753e-01 1.728777926718241265e-01 4.574417550829967816e-01 5.194967530314338333e-01
4.332162272100830713e-01 7.647294811847948903e-01 7.116627749756521126e-02 2.721207564786555233e-01 8.183480684711130770e-01 2.618834730041409431e-01 7.001468940469579572e-01 8.154355448196999312e-01 4.102098954479015402e-01 0.000000000000000000e+00 4.592784813351643569e-01 8.438455110291445127e-01 7.285016446119800815e-01 8.966802635960657852e-01 4.952779609563916496e-01 4.317831538060981633e-01 2.400373509768500280e-01 9.140709266806543720e-01 7.620438768563163601e-01 4.542210377584262604e-01 5.610338401003729381e-01 8.329091081008033193e-01 7.904920318682879810e-01 6.832453899592034752e-01 3.226141937896616074e-01 7.634476563813311634e-01 7.420220695715840087e-01 2.111302310002407534e-01 5.219759560605182758e-01 6.884995980971819751e-01 8.114552952598480529e-01 5.722923876802599175e-01 9.030860561543686549e-01 4.840444038071596289e-01 6.418934960121203126e-01
4.157973855549190745e-01 8.527935994232900274e-01 7.897999828592718874e-01 5.261159461887834343e-01 9.153077415514925264e-01 6.728634234901861300e-01 3.526751226848630072e-01 9.171263106197153903e-01 4.303071679952831796e-01 4.592784813351643569e-01 0.000000000000000000e+00 2.789832564787582125e-01 4.492114455675769169e-01 4.190048119687621031e-01 2.521511610939176640e-01 4.659696699780466189e-01 2.390110918717813782e-01 4.997354444594705458e-01 9.968788837384101598e-02 4.470144976396493441e-01 5.917351812889140028e-01 3.755377222930145198e-01 4.331590104187253987e-01 3.508863891340280317e-01 7.690430408064542478e-01 3.066018342094867233e-02 3.404733817837307663e-01 1.844299137982854386e-01 1.009699396615233447e-01 7.755901749303172332e-01 7.517724217874415249e-01 2.205889916168810028e-01 6.707407378107199669e-01 4.700806842766906413e-01 8.194256421717214245e-01
3.780594197848469173e-01 3.755042357891977267e-01 1.755712239060587265e-01 6.523761025284795512e-01 1.175257988730812331e-01 5.399566474537226268e-01 5.645682522178114837e-01 2.799536961122192080e-01 8.025520819571038134e-01 8.438455110291445127e-01 2.789832564787582125e-01 0.000000000000000000e+00 1.556488710837125033e-01 7.872169559174608811e-01 4.537981068801589246e-01 3.978785574932492963e-01 3.661908786930545556e-01 4.124706730936870680e-01 8.408591782615237875e-01 8.310364678797454996e-01 5.326114648791573369e-01 4.365688307884308950e-01 4.982392914774330106e-01 6.560974433785654591e-01 5.743355881091396498e-01 4.956665947522038707e-01 4.679135647142841914e-01 5.390305862161653971e-01 3.763147097451646217e-01 5.307531763356344578e-01 5.735096880230261540e-01 6.120391346445814840e-01 5.333028423211975122e-01 3.288455092831030768e-01 6.233883068938435024e-01
4.695781206719918943e-01 7.617165478225159658e-01 5.320291053547612226e-01 4.507916880843224616e-01 7.447870393411772927e-01 8.097488677946746982e-01 3.149091047034857649e-01 9.083767414726779954e-01 9.178921665853596590e-01 7.285016446119800815e-01 4.492114455675769169e-01 1.556488710837125033e-01 0.000000000000000000e+00 7.241347971711951104e-01 8.002210027772843626e-01 3.166959700213092255e-01 7.130832618651008481e-01 8.345662920060442636e-01 6.252198844041076953e-01 3.618919657706413107e-01 4.626961761649553972e-01 7.700092970372340861e-01 5.174347608116272035e-01 3.261220885311556517e-01 5.592694295842746133e-01 5.212108919735177759e-01 8.761175916448390444e-01 9.635253464185749017e-01 4.277157802697706401e-01 4.134650271460216242e-01 8.481807821231053257e-01 6.941003900576192542e-02 8.551555427399220033e-01 5.781556577006193853e-01 7.980576217244435000e-01
2.789066688949167760e-01 7.614158105047146297e-01 5.475385498084279767e-01 4.492424292734265578e-01 5.065588581669236978e-01 5.324314182131868467e-01 5.990746531920561058e-01 8.143475145085896649e-01 7.126091338088739180e-01 8.966802635960657852e-01 4.190048119687621031e-01 7.872169559174608811e-01 7.241347971711951104e-01 0.000000000000000000e+00 7.587317916953095764e-01 2.838392683543287109e-01 6.522626713811983112e-01 8.241951380458436560e-01 5.153438367244221885e-01 1.552111375855681485e-01 4.673805704184687548e-01 4.220318173359881575e-01 5.204237074082466163e-01 1.621593175667603859e-01 6.847940312575027111e-01 3.815995220823936718e-01 5.328916841480493272e-01 1.711573511560996463e-01 6.238882230466302747e-01 6.174851354586882168e-01 7.569739746391042079e-01 4.089403755391649020e-01 4.357335801385921470e-01 4.247330278239391799e-01 3.897151469724565165e-01
4.047239220717985808e-01 7.601679966458485538e-01 3.569783713571775818e-01 3.973974691661871228e-01 8.070000406561269601e-01 9.401438880943382426e-01 4.152843463318143247e-01 8.921664303816052577e-01 2.206707867608119211e-01 4.952779609563916496e-01 2.521511610939176640e-01 4.537981068801589246e-01 8.002210027772843626e-01 7.587317916953095764e-01 0.000000000000000000e+00 4.393362555931531466e-01 5.114955914226011480e-01 5.088177654951294704e-01 1.244778885444838279e-01 7.605144267748847886e-01 4.835500950844460744e-01 5.054799800034477375e-01 1.539190988675021021e-01 6.505388320165028659e-02 4.608726678919736197e-01 6.728760451108831697e-01 7.246783149003357405e-01 9.607019120701666415e-01 4.483648009290943648e-01 8.733816695640173045e-01 6.848983497522251884e-01 4.776114515861740184e-01 8.355806025659704428e-01 7.478413578472895562e-01 6.596761584295589564e-01
4.152385491748051827e-01 5.221502161665224628e-01 4.259658406985027401e-01 5.753962155154862534e-01 5.803542580286678021e-01 6.975744747349424957e-01 8.795742399595372074e-01 7.286467846993940345e-01 1.639802336385045578e-01 4.317831538060981633e-01 4.659696699780466189e-01 3.978785574932492963e-01 3.166959700213092255e-01 2.838392683543287109e-01 4.393362555931531466e-01 0.000000000000000000e+00 8.010686352717626413e-01 4.524868919493659769e-01 5.091438876529574831e-01 1.368664397428654977e-01 7.114402276250700874e-01 8.516740723645255251e-01 5.388923478585176952e-01 8.201892981227714152e-01 7.743792848454413846e-01 4.621401373057246742e-01 9.053915530802988387e-01 7.505830094272285535e-01 2.082732455314363351e-01 5.879484230415801260e-01 4.545047739390798425e-01 3.508220545428818449e-01 3.671134836909292765e-01 4.633364321021866128e-01 6.453356697176906298e-01
3.636600065367729950e-01 5.789957554810161167e-01 6.700825623887047833e-01 3.232295014295867852e-01 4.608866996844135921e-01 5.270096771653849377e-01 2.043235330830527330e-01 7.586788600274736449e-01 5.330268246749070293e-01 2.400373509768500280e-01 2.390110918717813782e-01 3.661908786930545556e-01 7.130832618651008481e-01 6.522626713811983112e-01 5.114955914226011480e-01 8.010686352717626413e-01 0.000000000000000000e+00 6.006131307942312869e-01 4.303734533095215364e-01 6.981182869175093231e-01 6.392272863420718210e-01 8.037809499085208920e-01 8.606808263749549104e-01 7.245171379208936724e-01 5.253648071840052447e-01 7.181951916691671212e-01 5.410673921449008494e-01 7.898277366148920287e-01 6.750120246149819980e-01 7.208295889789508859e-01 5.498751712111716872e-01 5.755817022358040713e-01 5.597821053575300354e-01 6.403265983814999673e-01 5.243996481634234375e-01
8.136008459914521040e-01 4.482605913032233769e-01 8.088422346851467104e-01 5.000614155562221885e-01 4.467085816607265225e-01 3.695456410872721698e-01 3.965166234519927890e-01 6.354041191186481363e-01 4.548438372863387591e-01 9.140709266806543720e-01 4.997354444594705458e-01 4.124706730936870680e-01 8.345662920060442636e-01 8.241951380458436560e-01 5.088177654951294704e-01 4.524868919493659769e-01 6.006131307942312869e-01 0.000000000000000000e+00 6.731704473238577791e-01 9.540370611532920098e-01 9.077588112078680549e-01 6.569528105665145556e-02 1.721906800162025242e-01 3.944412411132756091e-01 7.291113977292521531e-01 8.187979202721137328e-01 5.803035439213186653e-01 8.489120222562771545e-01 7.287188038552456781e-01 2.606646400330667745e-01 7.586975983777173305e-01 9.314568211805660525e-01 4.907090109432001301e-01 7.258223542940858142e-01 5.033145931789643202e-01
2.680665749171289303e-01 8.384845889724734658e-01 6.759796654185605824e-01 6.279381257442542275e-01 7.806355424322748426e-01 5.536534041949142670e-01 6.657129647954475038e-01 1.544438537750167928e-01 8.263140148412624342e-01 7.620438768563163601e-01 9.968788837384101598e-02 8.408591782615237875e-01 6.252198844041076953e-01 5.153438367244221885e-01 1.244778885444838279e-01 5.091438876529574831e-01 4.303734533095215364e-01 6.731704473238577791e-01 0.000000000000000000e+00 1.608442696625139723e-01 7.815650254391035556e-01 3.273784097790762848e-01 5.533323402626727505e-01 3.701694562765830421e-01 4.387786719282491532e-01 5.860432275844930095e-01 5.245104829495392806e-01 1.706002167426279303e-01 1.019301847282014784e-01 4.692903120503396641e-01 4.283145324499078588e-01 9.077575251348111163e-01 4.510496642282366131e-01 7.568895872607726005e-01 4.349405590597645310e-01
2.659674006419908698e-01 4.122087155324819507e-01 7.134526990682859005e-01 6.031353730873847407e-01 1.745696197972707586e-01 8.292328887267241821e-01 3.430336544463293280e-01 6.005455058022496351e-01 4.117463910142307726e-01 4.542210377584262604e-01 4.470144976396493441e-01 8.310364678797454996e-01 3.618919657706413107e-01 1.552111375855681485e-01 7.605144267748847886e-01 1.368664397428654977e-01 6.981182869175093231e-01 9.540370611532920098e-01 1.608442696625139723e-01 0.000000000000000000e+00 2.861339710638497458e-01 4.481797383717553429e-01 6.267881927476479653e-01 2.171743540776972514e-01 5.479103119310562153e-01 5.086900702866583579e-01 2.835042782000675166e-01 8.381668009980280942e-01 2.240063882226610015e-01 8.534842228479249115e-01 3.621087870207635451e-01 7.508781290479196180e-01 5.400272101816019354e-01 4.807446838819072754e-01 6.428509577436751776e-01
2.847726009738321684e-01 5.739537227520468132e-01 7.367875670449712810e-01 6.581246863203449315e-01 5.389138046916696068e-01 7.534588879728907340e-01 7.632310772716455194e-01 4.216377841790978076e-01 2.629962492001476360e-01 5.610338401003729381e-01 5.917351812889140028e-01 5.326114648791573369e-01 4.626961761649553972e-01 4.673805704184687548e-01 4.835500950844460744e-01 7.114402276250700874e-01 6.392272863420718210e-01 9.077588112078680549e-01 7.815650254391035556e-01 2.861339710638497458e-01 0.000000000000000000e+00 6.790649747780727052e-01 9.220876001229345587e-01 1.833059507082988038e-01 7.717894216328172741e-01 5.939590317788695506e-01 9.104465169201000352e-01 7.010434580575755081e-01 6.218845077634009844e-01 1.463339058059451858e-01 4.546790526821486433e-01 4.304887383733187467e-01 1.062857910158804264e-01 7.865804409497312299e-01 8.737712340573782210e-01
4.821697698189410519e-01 6.434520753698388384e-01 5.805625569488142013e-01 3.074248703631856650e-01 8.939140492233219604e-01 7.035192475499784104e-01 4.413543482933077189e-01 7.384803553186316538e-01 2.793015952837133997e-01 8.329091081008033193e-01 3.755377222930145198e-01 4.365688307884308950e-01 7.700092970372340861e-01 4.220318173359881575e-01 5.054799800034477375e-01 8.516740723645255251e-01 8.037809499085208920e-01 6.569528105665145556e-02 3.273784097790762848e-01 4.481797383717553429e-01 6.790649747780727052e-01 0.000000000000000000e+00 3.382083476359045715e-01 4.576363484102438095e-01 3.270114679365905275e-01 5.787642756157720392e-01 5.457012492491160049e-01 7.839968043736306180e-01 7.233382577841481753e-01 9.284921166414012994e-01 7.877014882706485643e-01 7.419780460598562888e-01 3.603685485156385426e-01 4.976179511606623751e-01 4.897381668603530969e-01
8.165545880122145883e-01 4.745281201016161576e-01 2.430347786657180431e-01 5.450948686458332304e-01 6.799647099057818389e-01 7.098123924674492047e-01 5.376365126474824674e-01 3.576625489282753145e-01 8.050091687345739544e-02 7.904920318682879810e-01 4.331590104187253987e-01 4.982392914774330106e-01 5.174347608116272035e-01 5.204237074082466163e-01 1.539190988675021021e-01 5.388923478585176952e-01 8.606808263749549104e-01 1.721906800162025242e-01 5.533323402626727505e-01 6.267881927476479653e-01 9.220876001229345587e-01 3.382083476359045715e-01 0.000000000000000000e+00 8.309407048565442544e-01 3.834695897812236964e-01 6.000705883532380103e-01 3.256502705413535370e-01 8.465697936059795037e-01 1.929801884420838110e-01 4.792855026313840305e-01 1.289231743947462094e-01 4.354061684317909742e-01 9.376805819513618356e-01 6.799019226973663788e-01 6.607330525333903193e-01
7.520554681889062287e-01 6.702830720035461987e-01 5.718715121693912495e-01 4.644794269633138462e-01 4.540289397062866050e-01 5.288864010193974341e-01 5.314527200960514897e-01 4.900705005043019535e-01 7.903444477629422149e-01 6.832453899592034752e-01 3.508863891340280317e-01 6.560974433785654591e-01 3.261220885311556517e-01 1.621593175667603859e-01 6.505388320165028659e-02 8.201892981227714152e-01 7.245171379208936724e-01 3.944412411132756091e-01 3.701694562765830421e-01 2.171743540776972514e-01 1.833059507082988038e-01 4.576363484102438095e-01 8.309407048565442544e-01 0.000000000000000000e+00 4.950462834799269629e-01 7.719156430293647730e-01 2.046386299609921910e-01 3.648872581745596921e-01 6.256487076528997049e-01 3.038576462042128501e-01 8.436667944033029443e-01 7.918860902014064340e-01 1.779136791777518600e-01 2.715983857942777524e-01 4.294047506399157332e-01
3.371717982825768178e-01 7.637054047503236687e-01 5.334420373627165590e-01 3.514901671298136243e-01 2.572976815014834662e-01 4.733981481187672369e-01 5.944155103708621546e-01 6.651682929623899954e-01 5.040710280940338128e-01 3.226141937896616074e-01 7.690430408064542478e-01 5.743355881091396498e-01 5.592694295842746133e-01 6.847940312575027111e-01 4.608726678919736197e-01 7.743792848454413846e-01 5.253648071840052447e-01 7.291113977292521531e-01 4.387786719282491532e-01 5.479103119310562153e-01 7.717894216328172741e-01 3.270114679365905275e-01 3.834695897812236964e-01 4.950462834799269629e-01 0.000000000000000000e+00 7.515933535053032077e-01 6.911747200975194572e-01 1.073071096995600326e-01 9.894294940667580640e-02 2.916266221988410567e-01 7.365244535689732253e-01 5.118659511904044557e-01 8.817211373070541480e-01 4.240469358227467733e-01 4.385180110348524951e-01
7.962543360335294640e-01 6.445365636275508514e-01 7.970193004601093811e-01 8.071980179900721808e-01 5.867349652548700112e-01 6.056337279012211638e-01 1.407678045079957529e-01 8.551711438965390322e-01 6.137905737421232022e-01 7.634476563813311634e-01 3.066018342094867233e-02 4.956665947522038707e-01 5.212108919735177759e-01 3.815995220823936718e-01 6.728760451108831697e-01 4.621401373057246742e-01 7.181951916691671212e-01 8.187979202721137328e-01 5.860432275844930095e-01 5.086900702866583579e-01 5.939590317788695506e-01 5.787642756157720392e-01 6.000705883532380103e-01 7.719156430293647730e-01 7.515933535053032077e-01 0.000000000000000000e+00 9.823150803122244756e-01 3.609241692510556376e-02 5.729765938757505062e-01 2.592940445742833999e-01 6.873876792160619198e-01 4.041157272526552102e-01 3.515009967017075354e-01 7.716651819421861402e-01 8.331397515117218155e-01
8.673947267344584988e-01 6.493878272051283318e-01 4.153377008469518739e-01 7.094065714918529331e-01 6.399773402114508070e-01 4.274171632254383235e-01 3.081172292437672766e-01 3.913819242804558174e-01 6.551518342196109845e-01 7.420220695715840087e-01 3.404733817837307663e-01 4.679135647142841914e-01 8.761175916448390444e-01 5.328916841480493272e-01 7.246783149003357405e-01 9.053915530802988387e-01 5.410673921449008494e-01 5.803035439213186653e-01 5.245104829495392806e-01 2.835042782000675166e-01 9.104465169201000352e-01 5.457012492491160049e-01 3.256502705413535370e-01 2.046386299609921910e-01 6.911747200975194572e-01 9.823150803122244756e-01 0.000000000000000000e+00 7.951594396142886989e-01 4.606284573192790943e-01 4.131453776605227279e-01 9.075183612384138954e-01 3.631416352438066042e-01 8.161048978052630742e-01 4.366876953226248581e-01 1.502752556477753298e-01
4.404119593482155315e-01 6.147476077622431312e-01 6.796840144820788243e-01 4.938015068028540622e-01 5.559975027811898673e-01 6.761115648694617786e-01 4.446445198632688056e-01 5.472517226653826894e-01 7.711312548497453179e-01 2.111302310002407534e-01 1.844299137982854386e-01 5.390305862161653971e-01 9.635253464185749017e-01 1.711573511560996463e-01 9.607019120701666415e-01 7.505830094272285535e-01 7.898277366148920287e-01 8.489120222562771545e-01 1.706002167426279303e-01 8.381668009980280942e-01 7.010434580575755081e-01 7.839968043736306180e-01 8.465697936059795037e-01 3.648872581745596921e-01 1.073071096995600326e-01 3.609241692510556376e-02 7.951594396142886989e-01 0.000000000000000000e+00 7.402468864308029417e-01 8.415735958989283283e-01 4.566718813510267094e-01 5.429211273067793275e-01 7.780853862764183226e-01 8.447645113658033278e-01 7.149162893603988600e-01
1.517200854547675615e-01 7.919527796237909589e-01 3.944372655632580327e-01 4.220565332837830641e-01 3.981503738385712143e-01 5.310305366228256219e-01 4.933146908933755959e-01 6.726560176185152340e-01 9.326423120535830558e-01 5.219759560605182758e-01 1.009699396615233447e-01 3.763147097451646217e-01 4.277157802697706401e-01 6.238882230466302747e-01 4.483648009290943648e-01 2.082732455314363351e-01 6.750120246149819980e-01 7.287188038552456781e-01 1.019301847282014784e-01 2.240063882226610015e-01 6.218845077634009844e-01 7.233382577841481753e-01 1.929801884420838110e-01 6.256487076528997049e-01 9.894294940667580640e-02 5.729765938757505062e-01 4.606284573192790943e-01 7.402468864308029417e-01 0.000000000000000000e+00 3.547767410019013745e-01 8.244190331117644543e-01 5.363960928705420184e-01 4.403488215953619833e-01 3.663528924534155129e-01 4.132610972079414635e-01
6.359633308109150507e-01 3.341831919236725179e-01 6.861808117685310737e-01 8.319638953483847743e-01 5.319023580579238519e-01 1.299758157041355222e-01 8.484235551664964792e-01 1.971800199179302715e-01 5.206223585413802812e-01 6.884995980971819751e-01 7.755901749303172332e-01 5.307531763356344578e-01 4.134650271460216242e-01 6.174851354586882168e-01 8.733816695640173045e-01 5.879484230415801260e-01 7.208295889789508859e-01 2.606646400330667745e-01 4.692903120503396641e-01 8.534842228479249115e-01 1.463339058059451858e-01 9.284921166414012994e-01 4.792855026313840305e-01 3.038576462042128501e-01 2.916266221988410567e-01 2.592940445742833999e-01 4.131453776605227279e-01 8.415735958989283283e-01 3.547767410019013745e-01 0.000000000000000000e+00 5.183206675195789481e-01 9.086983209875991729e-01 4.711431057826814262e-01 7.433321072399223794e-01 5.229650976289235143e-01
9.009627095473189407e-01 4.567032997450521936e-01 9.007306508607340056e-01 2.332280818654434429e-01 4.926698560729694254e-01 6.157834445632552889e-01 8.296840325332407451e-01 5.143383980632454389e-01 4.329599402919892537e-01 8.114552952598480529e-01 7.517724217874415249e-01 5.735096880230261540e-01 8.481807821231053257e-01 7.569739746391042079e-01 6.848983497522251884e-01 4.545047739390798425e-01 5.498751712111716872e-01 7.586975983777173305e-01 4.283145324499078588e-01 3.621087870207635451e-01 4.546790526821486433e-01 7.877014882706485643e-01 1.289231743947462094e-01 8.436667944033029443e-01 7.365244535689732253e-01 6.873876792160619198e-01 9.075183612384138954e-01 4.566718813510267094e-01 8.244190331117644543e-01 5.183206675195789481e-01 0.000000000000000000e+00 3.037027434355521471e-02 6.047779456881711146e-01 4.049324705402962965e-01 5.868826252286720724e-01
5.238235140233611364e-01 2.267061797529273948e-01 8.033845881296375335e-01 5.742674111075363186e-01 5.407000016243662666e-01 6.777811866756410231e-01 1.028140093044925818e-01 4.983085092285455264e-01 8.618037629723340753e-01 5.722923876802599175e-01 2.205889916168810028e-01 6.120391346445814840e-01 6.941003900576192542e-02 4.089403755391649020e-01 4.776114515861740184e-01 3.508220545428818449e-01 5.755817022358040713e-01 9.314568211805660525e-01 9.077575251348111163e-01 7.508781290479196180e-01 4.304887383733187467e-01 7.419780460598562888e-01 4.354061684317909742e-01 7.918860902014064340e-01 5.118659511904044557e-01 4.041157272526552102e-01 3.631416352438066042e-01 5.429211273067793275e-01 5.363960928705420184e-01 9.086983209875991729e-01 3.037027434355521471e-02 0.000000000000000000e+00 9.208141998045762389e-01 7.428017861826963220e-01 4.387993247686248766e-01
4.924753465743441083e-01 1.139394164398254139e-01 6.402434782622762333e-01 2.394480850210681799e-01 5.210538915818381245e-01 7.735775446839604497e-01 4.640899266452457317e-01 4.500766131449286389e-01 1.728777926718241265e-01 9.030860561543686549e-01 6.707407378107199669e-01 5.333028423211975122e-01 8.551555427399220033e-01 4.357335801385921470e-01 8.355806025659704428e-01 3.671134836909292765e-01 5.597821053575300354e-01 4.907090109432001301e-01 4.510496642282366131e-01 5.400272101816019354e-01 1.062857910158804264e-01 3.603685485156385426e-01 9.376805819513618356e-01 1.779136791777518600e-01 8.817211373070541480e-01 3.515009967017075354e-01 8.161048978052630742e-01 7.780853862764183226e-01 4.403488215953619833e-01 4.711431057826814262e-01 6.047779456881711146e-01 9.208141998045762389e-01 0.000000000000000000e+00 4.748407312602253016e-01 8.256504789109653242e-01
7.678354707512176081e-01 3.098048250582282614e-01 3.904160290783924014e-01 4.945601505530763942e-01 8.854217019318695314e-01 4.846586138962131751e-01 5.062461803237446878e-01 4.873004534252645681e-01 4.574417550829967816e-01 4.840444038071596289e-01 4.700806842766906413e-01 3.288455092831030768e-01 5.781556577006193853e-01 4.247330278239391799e-01 7.478413578472895562e-01 4.633364321021866128e-01 6.403265983814999673e-01 7.258223542940858142e-01 7.568895872607726005e-01 4.807446838819072754e-01 7.865804409497312299e-01 4.976179511606623751e-01 6.799019226973663788e-01 2.715983857942777524e-01 4.240469358227467733e-01 7.716651819421861402e-01 4.366876953226248581e-01 8.447645113658033278e-01 3.663528924534155129e-01 7.433321072399223794e-01 4.049324705402962965e-01 7.428017861826963220e-01 4.748407312602253016e-01 0.000000000000000000e+00 6.741173308634723638e-01
4.743292184100574849e-01 8.999270975361377545e-01 2.085713892159417604e-01 6.759311225971598169e-01 9.481354456317001578e-01 4.183734666135618951e-01 8.156862506315714079e-01 6.874631207241443942e-01 5.194967530314338333e-01 6.418934960121203126e-01 8.194256421717214245e-01 6.233883068938435024e-01 7.980576217244435000e-01 3.897151469724565165e-01 6.596761584295589564e-01 6.453356697176906298e-01 5.243996481634234375e-01 5.033145931789643202e-01 4.349405590597645310e-01 6.428509577436751776e-01 8.737712340573782210e-01 4.897381668603530969e-01 6.607330525333903193e-01 4.294047506399157332e-01 4.385180110348524951e-01 8.331397515117218155e-01 1.502752556477753298e-01 7.149162893603988600e-01 4.132610972079414635e-01 5.229650976289235143e-01 5.868826252286720724e-01 4.387993247686248766e-01 8.256504789109653242e-01 6.741173308634723638e-01 0.000000000000000000e+00
