0.000000000000000000e+00 8.085154546742558956e-01 4.963134262109719086e-01 8.304643285657682394e-01 5.646359427501603800e-01 1.975704043907320906e-01 4.360134506765356854e-01 4.938767827528987020e-01 4.372445177066916489e-01 3.382053860463577477e-01 8.918883125797694156e-01 7.799438510559797422e-01 7.869729176673196935e-01 5.318300156102919729e-01 6.559649471368835805e-01 6.698872059113256672e-01 4.044921640969885157e-01 4.132079627239316766e-01 4.713709498797832298e-01 7.660676889642406007e-01 7.736526823316416390e-01 2.157039755907489420e-01 6.109523503708828018e-01 7.796811959215538268e-01 7.073778474994950605e-01 4.521035633902714679e-01 6.271368525067628763e-01 8.220206920652212146e-01 6.107517169563864146e-01 4.371918101363634901e-01 4.673022334714923010e-01 8.864073487519094074e-01 5.545779590046884255e-01 9.934694233094054638e-02 9.475682685135161654e-01
8.085154546742558956e-01 0.000000000000000000e+00 8.764819847314884171e-01 5.889288670809743609e-01 2.716768346508218746e-01 3.315690012328605940e-01 3.494320571334770253e-01 2.249516996898909271e-01 7.853285102397018491e-01 2.457016681515018508e-01 5.460634238121812034e-01 5.083402607689504471e-01 8.272894872265059707e-01 8.579573563985727347e-01 4.898303110500357160e-02 5.336459243752631476e-01 4.832251258341802580e-01 8.716085372294621880e-01 8.749807674708256489e-01 2.068146772328602889e-01 8.440432519444802661e-01 5.253297747652192484e-01 4.539369634920379371e-01 8.817621398920614251e-01 6.758393192367478930e-01 1.332545294061755481e-01 1.570170662404464235e-01 7.769940535860553332e-01 5.485675137564092196e-01 8.423712407642877098e-01 6.166849174925150834e-01 7.888378563000917332e-01 7.002414793032037954e-01 7.114182388356502518e-01 3.011678041220214874e-01
4.963134262109719086e-01 8.764819847314884171e-01 0.000000000000000000e+00 7.401723131306279235e-01 3.692550497986785696e-01 4.690570286084165819e-01 4.434296182423070887e-01 3.285361916272416805e-01 6.750990444421338665e-01 8.279877026997239930e-01 7.319232131485116088e-01 6.579511325901059582e-01 3.713659658408872688e-01 1.021093946752369419e-01 2.685619653916858640e-01 4.102244275550877006e-01 4.963831079844169825e-01 4.414322422550382985e-01 4.343389811371942688e-01 7.703676878161240804e-01 5.104509605823872587e-01 9.463943363201750003e-01 6.862846246412643847e-01 6.769602381529642443e-01 6.834583545359957935e-01 4.896314416903415623e-01 4.687599512335547947e-01 2.277616675675261382e-01 6.721988873572903866e-01 8.615021307519671323e-01 7.053888070378522279e-01 7.836870405386421323e-01 6.714193506811426682e-01 2.594225483052107206e-01 6.785062271681167045e-01
8.304643285657682394e-01 5.889288670809743609e-01 7.401723131306279235e-01 0.000000000000000000e+00 1.729395342906105970e-01 8.498349811970429268e-01 4.383633224060730083e-01 9.106101378090911691e-01 2.290069018950937063e-01 3.437274349157957709e-01 8.224678617372800371e-01 6.817325953890462920e-01 6.577258069387794670e-01 5.830224080934547359e-01 2.430686393696048775e-01 5.349037881011957651e-01 3.961959467220546594e-01 7.632789442634928534e-01 4.052151666545820152e-01 5.694456745656448771e-01 3.376196800955207356e-01 5.364679126404789944e-01 1.181265924074627049e-01 3.617157665295709923e-01 6.717562531897011135e-01 8.139937458286976568e-01 8.916117761835018474e-01 6.941511458687448233e-01 5.225069203780264848e-01 6.451946975340624446e-01 2.658177828609041282e-01 9.093512134930494817e-01 4.977130170427516154e-01 3.818665434939159109e-01 9.065947765466875197e-02
5.646359427501603800e-01 2.716768346508218746e-01 3.692550497986785696e-01 1.729395342906105970e-01 0.000000000000000000e+00 9.106958855183572288e-01 9.506521439362759507e-01 2.879016743937784506e-01 4.447954659125465393e-01 8.668615218802920852e-01 3.120410447372387042e-01 7.765756459897891206e-01 1.488955691805591286e-01 2.584087680308327917e-01 5.404568459268511704e-01 5.433885070640533943e-01 8.411140518956330414e-01 3.261731287463605078e-01 5.286561846751052229e-01 2.560932098797273904e-01 8.053556613826687860e-01 5.418399753715852363e-01 5.146872436537224260e-01 6.975264425259315448e-01 5.175302132905659214e-01 7.168800751756081446e-01 7.399272547720481263e-01 5.090149325154065263e-01 8.745906622942607456e-01 1.541417143920317256e-01 5.949110512025033159e-01 6.129166205161143965e-01 6.630176021363929362e-01 4.147572852339312943e-01 8.439309073571528153e-01
1.975704043907320906e-01 3.315690012328605940e-01 4.690570286084165819e-01 8.498349811970429268e-01 9.106958855183572288e-01 0.000000000000000000e+00 5.765470470720597262e-01 7.711576048073474077e-01 4.976290105528806684e-01 7.838314015280537506e-01 5.946931990860542250e-01 6.230395445704266510e-01 1.504518609358660441e-01 2.955034878352368333e-01 8.449897811640414425e-01 5.166971958611975557e-01 7.333140170253147350e-01 6.010308535474750968e-01 6.560476134907015089e-01 8.904104429879772242e-02 5.837520621641711926e-01 6.936066672058363025e-01 1.804181169709532240e-01 4.418189448084606785e-01 4.539275651411737722e-01 6.577879481634307801e-01 7.152431708042746861e-01 7.048768166852971140e-01 4.647884793570735695e-01 6.285748400165495076e-01 2.448970790943458820e-01 7.173126061630041850e-01 5.878631613565191705e-01 6.236070881303545921e-01 9.052950796302735581e-01
4.360134506765356854e-01 3.494320571334770253e-01 4.434296182423070887e-01 4.383633224060730083e-01 9.506521439362759507e-01 5.765470470720597262e-01 0.000000000000000000e+00 4.570772155061713082e-01 5.136165683557216699e-01 2.648057709251343539e-01 1.626116699034196866e-01 5.451636241527448856e-01 7.563852939314983370e-01 4.192740818217877141e-01 5.041060060704233292e-01 4.707250197829834781e-01 5.135823846289353511e-01 5.942907489627973217e-01 4.175401908122512440e-01 4.470682926985729555e-01 2.979602252868492895e-01 9.707717882953554867e-01 7.061144932653425910e-01 4.313174670702749069e-01 3.373423672835861309e-01 2.746765618855290247e-01 2.883733186884002153e-01 8.312885263633985611e-01 5.620860297828043084e-01 5.415085557563430463e-01 4.135422216228554215e-01 4.877348432819704205e-01 8.814776450368975169e-01 4.974965615001866737e-01 1.841794528260697339e-01
4.938767827528987020e-01 2.249516996898909271e-01 3.285361916272416805e-01 9.106101378090911691e-01 2.879016743937784506e-01 7.711576048073474077e-01 4.570772155061713082e-01 0.000000000000000000e+00 5.407516089637486312e-01 8.401506053447336253e-01 6.842261093687425078e-01 4.200540302562197348e-01 5.540598650266804759e-01 7.514334907163306987e-01 8.387068055392498112e-01 5.819656363238934205e-01 6.323669765479527083e-01 4.739528170813124830e-01 8.841295817043950400e-01 1.604935126098441245e-01 1.605529664052687266e-01 3.623312690484925547e-01 4.195759641215905389e-01 9.005349992172110296e-01 6.244231170747320814e-01 6.393203020369149225e-01 3.322281169687101299e-01 4.724249336627743268e-01 7.706267411813784163e-01 5.483672695939234565e-01 3.845549761589619475e-01 7.531448062886785255e-01 7.924065306517646956e-01 4.720675596019672238e-01 9.139319129960914445e-01
4.372445177066916489e-01 7.853285102397018491e-01 6.750990444421338665e-01 2.290069018950937063e-01 4.447954659125465393e-01 4.976290105528806684e-01 5.136165683557216699e-01 5.407516089637486312e-01 0.000000000000000000e+00 6.221607066512473416e-01 6.245405141015818451e-01 5.090801718084487781e-01 8.986084248576664546e-02 6.378171953476283740e-01 6.316441994617452149e-01 2.069022687254232773e-01 7.783761317871580321e-01 4.876741979926147996e-01 7.834785591441930652e-01 8.137468495950141989e-01 4.509100185337868161e-01 3.771228899823027003e-01 5.536352230495376059e-01 1.664008678395233476e-01 4.440011632706893918e-01 5.310577431485092870e-01 2.619042984017139197e-02 5.037501128401358219e-01 4.276757539013603115e-01 2.675503144557135338e-01 6.691849092347633698e-01 8.221987263983707717e-01 3.170121333111347028e-01 6.538457439923444081e-01 6.513152427878927675e-01
3.382053860463577477e-01 2.457016681515018508e-01 8.279877026997239930e-01 3.437274349157957709e-01 8.668615218802920852e-01 7.838314015280537506e-01 2.648057709251343539e-01 8.401506053447336253e-01 6.221607066512473416e-01 0.000000000000000000e+00 5.303768465441387470e-01 8.468562324077677506e-01 4.034481500444644375e-01 3.936357507377178377e-01 3.016877096033905303e-01 6.534665449727168340e-01 1.911137414709925819e-01 5.880465430628748491e-01 8.020550660607310700e-01 6.956587589539784400e-01 8.441919043359584762e-01 7.354444103721518022e-01 2.210964559201626378e-01 5.075165874817226808e-01 7.758851243613815729e-01 5.657566426917146618e-01 1.611306420305179676e-01 4.488945305675652309e-01 5.486837571911729050e-01 5.763004440718089150e-01 8.151909081257326939e-01 7.126472038997704317e-01 3.846165498995386400e-01 6.129572607239031079e-01 5.350445056920424269e-01
8.918883125797694156e-01 5.460634238121812034e-01 7.319232131485116088e-01 8.224678617372800371e-01 3.120410447372387042e-01 5.946931990860542250e-01 1.626116699034196866e-01 6.842261093687425078e-01 6.245405141015818451e-01 5.303768465441387470e-01 0.000000000000000000e+00 4.949850403864421433e-01 6.648814290342957012e-01 9.027587807761612293e-01 8.740382786287622663e-01 3.821540628103536341e-01 2.370341300913376692e-01 7.754218764903282324e-01 7.590435529574645068e-01 7.590695452847512348e-01 4.472214877383223208e-01 8.022709775131657839e-01 7.238001983997578437e-01 9.389207284406688725e-01 8.341124043939645016e-01 2.435582510258333389e-01 3.698800539921204278e-01 5.958065977617044151e-01 7.811654740447302459e-01 4.716102960184088144e-01 5.125757152133363359e-01 3.041318481082367908e-01 2.875286869710940163e-01 3.370080873585614700e-01 1.838146328525873674e-01
7.799438510559797422e-01 5.083402607689504471e-01 6.579511325901059582e-01 6.817325953890462920e-01 7.765756459897891206e-01 6.230395445704266510e-01 5.451636241527448856e-01 4.200540302562197348e-01 5.090801718084487781e-01 8.468562324077677506e-01 4.949850403864421433e-01 0.000000000000000000e+00 2.662446712122401582e-02 6.879359505335997937e-01 4.441656641286502727e-01 6.414901124378816766e-01 4.685523339815065857e-01 2.991407538564885837e-01 6.643254470467474526e-01 7.512666889698489392e-01 7.911002025831992412e-02 4.837179080957924593e-01 4.079226238519202408e-01 9.143324673978838746e-01 2.725020606586892047e-01 9.247827740970111510e-01 8.474977431546489859e-01 4.317954263575840557e-01 4.326393388592760791e-01 7.786430205546617245e-01 6.821540146059384968e-01 7.384741902080915743e-01 6.480412109198105952e-01 5.350988752468874843e-01 8.418130934599569182e-01
7.869729176673196935e-01 8.272894872265059707e-01 3.713659658408872688e-01 6.577258069387794670e-01 1.488955691805591286e-01 1.504518609358660441e-01 7.563852939314983370e-01 5.540598650266804759e-01 8.986084248576664546e-02 4.034481500444644375e-01 6.648814290342957012e-01 2.662446712122401582e-02 0.000000000000000000e+00 3.297680564674447812e-01 6.694265033711269686e-01 7.663555472763043941e-01 4.797166269018021123e-01 5.328636084311124677e-01 6.166398176448648627e-01 4.554151250903429871e-01 7.765069472137586803e-02 7.683305742794264148e-01 4.736453188924655833e-01 6.067709089333207517e-01 4.945967776515981518e-01 2.041315573637663139e-01 1.766066619067410137e-01 6.565897429869657076e-01 7.095554424330906551e-01 2.773678151564142880e-01 5.425078967495529092e-01 2.738283004793202746e-01 6.348987502839846808e-01 4.243009145809526483e-01 5.626030692843061454e-01
5.318300156102919729e-01 8.579573563985727347e-01 1.021093946752369419e-01 5.830224080934547359e-01 2.584087680308327917e-01 2.955034878352368333e-01 4.192740818217877141e-01 7.514334907163306987e-01 6.378171953476283740e-01 3.936357507377178377e-01 9.027587807761612293e-01 6.879359505335997937e-01 3.297680564674447812e-01 0.000000000000000000e+00 5.326938572454026355e-01 3.640127856299050224e-01 5.853315388216503434e-01 7.702005505615920899e-01 4.264173334571854657e-01 7.109475594700407353e-01 8.834891480833209076e-01 7.003092621035467147e-01 2.922939899464344071e-01 4.896382776155567829e-01 5.009438996360955354e-01 4.833478218188348996e-01 4.670974576830052571e-01 6.821184460965964425e-01 4.692310402390802992e-01 5.125944064371432685e-01 3.964425428101389093e-01 7.845219238545492191e-01 3.664896695795086812e-01 4.839968686879860815e-01 5.224856798622308229e-01
6.559649471368835805e-01 4.898303110500357160e-02 2.685619653916858640e-01 2.430686393696048775e-01 5.404568459268511704e-01 8.449897811640414425e-01 5.041060060704233292e-01 8.387068055392498112e-01 6.316441994617452149e-01 3.016877096033905303e-01 8.740382786287622663e-01 4.441656641286502727e-01 6.694265033711269686e-01 5.326938572454026355e-01 0.000000000000000000e+00 5.268629194575111807e-01 4.324163558589891876e-01 7.711846838217455424e-01 5.198407860081758480e-01 5.397637648722402037e-01 6.280250666083709854e-01 5.146117307928592677e-01 4.845649821444944494e-01 7.172294747663464642e-01 4.255293109020900633e-01 9.187069301632150298e-01 2.079667753176787093e-01 8.381749017953432634e-02 8.334182872731634717e-01 9.207201612922890632e-01 8.204142347707850114e-01 4.772455321433202724e-01 3.874372292435394050e-01 4.166766836452624467e-01 6.685612217718019945e-01
6.698872059113256672e-01 5.336459243752631476e-01 4.102244275550877006e-01 5.349037881011957651e-01 5.433885070640533943e-01 5.166971958611975557e-01 4.707250197829834781e-01 5.819656363238934205e-01 2.069022687254232773e-01 6.534665449727168340e-01 3.821540628103536341e-01 6.414901124378816766e-01 7.663555472763043941e-01 3.640127856299050224e-01 5.268629194575111807e-01 0.000000000000000000e+00 7.743441329918483440e-01 3.911191649857234109e-01 2.914851683740817267e-01 5.459698803621798602e-01 4.153832188968928363e-01 2.213500385095051037e-01 7.550547221273302689e-01 3.544803520956703036e-01 4.380326279403391476e-01 6.124609713425883672e-01 8.592665488700652610e-01 8.728436959678758100e-01 8.065979461729377853e-01 4.967567049844549554e-01 6.359671666087012287e-01 4.427884101423817387e-01 1.841614610108566197e-01 6.801221974165551076e-01 2.317598352514385618e-01
4.044921640969885157e-01 4.832251258341802580e-01 4.963831079844169825e-01 3.961959467220546594e-01 8.411140518956330414e-01 7.333140170253147350e-01 5.135823846289353511e-01 6.323669765479527083e-01 7.783761317871580321e-01 1.911137414709925819e-01 2.370341300913376692e-01 4.685523339815065857e-01 4.797166269018021123e-01 5.853315388216503434e-01 4.324163558589891876e-01 7.743441329918483440e-01 0.000000000000000000e+00 3.193459504975389440e-01 1.941081702798020947e-01 4.027591752808242775e-01 5.616625341736757315e-01 4.283011425615411150e-01 5.122236347607521667e-01 7.038381796582333649e-01 7.554191928843945192e-01 1.493428209450488042e-01 2.036784429522757733e-01 1.655871924495758707e-01 7.602304807058044567e-01 4.045423262409382215e-01 4.411303567440437723e-01 8.313830880738527496e-01 3.632017727951483144e-01 4.258704247924663955e-01 5.300377279915383655e-01
4.132079627239316766e-01 8.716085372294621880e-01 4.414322422550382985e-01 7.632789442634928534e-01 3.261731287463605078e-01 6.010308535474750968e-01 5.942907489627973217e-01 4.739528170813124830e-01 4.876741979926147996e-01 5.880465430628748491e-01 7.754218764903282324e-01 2.991407538564885837e-01 5.328636084311124677e-01 7.702005505615920899e-01 7.711846838217455424e-01 3.911191649857234109e-01 3.193459504975389440e-01 0.000000000000000000e+00 6.154307936246830035e-01 5.432317860026742995e-01 7.668850631441705978e-01 6.064193584730033226e-01 8.916792759227116782e-01 8.362460922009729014e-01 8.020037491995266610e-01 7.145417885983820216e-01 7.649368109141236882e-01 2.771782260528417030e-01 9.113733206678924503e-01 1.299031600072884096e-01 2.198031282994767910e-01 1.594467639328758235e-01 3.827243747785904482e-01 6.384552108621643907e-01 4.660069003846442626e-01
4.713709498797832298e-01 8.749807674708256489e-01 4.343389811371942688e-01 4.052151666545820152e-01 5.286561846751052229e-01 6.560476134907015089e-01 4.175401908122512440e-01 8.841295817043950400e-01 7.834785591441930652e-01 8.020550660607310700e-01 7.590435529574645068e-01 6.643254470467474526e-01 6.166398176448648627e-01 4.264173334571854657e-01 5.198407860081758480e-01 2.914851683740817267e-01 1.941081702798020947e-01 6.154307936246830035e-01 0.000000000000000000e+00 5.187709449559616548e-01 4.769485985208632428e-02 3.310726403504902216e-01 4.947019855701100255e-01 8.675179444115008742e-01 7.774089309509224499e-02 2.487164647352109736e-01 5.724821921703771022e-01 8.232051497160215447e-01 5.039452171509382072e-01 3.416387592090223135e-01 3.500142396709117754e-01 3.986387650408061978e-01 2.836651594210079508e-01 6.011880364217330186e-01 1.560849690415727631e-01
7.660676889642406007e-01 2.068146772328602889e-01 7.703676878161240804e-01 5.694456745656448771e-01 2.560932098797273904e-01 8.904104429879772242e-02 4.470682926985729555e-01 1.604935126098441245e-01 8.137468495950141989e-01 6.956587589539784400e-01 7.590695452847512348e-01 7.512666889698489392e-01 4.554151250903429871e-01 7.109475594700407353e-01 5.397637648722402037e-01 5.459698803621798602e-01 4.027591752808242775e-01 5.432317860026742995e-01 5.187709449559616548e-01 0.000000000000000000e+00 2.257037561807497816e-01 4.837138820445118226e-01 5.317561219943323092e-01 7.645702204023776538e-01 8.394821068087710003e-01 3.015245111150917090e-01 4.467052965856055935e-01 3.891023539800860798e-01 7.763310713198736668e-01 7.355849838956474152e-02 4.781366017237658750e-01 6.705138032653301661e-01 8.273004306857045798e-01 9.351587294574597031e-01 3.851755631631355037e-01
7.736526823316416390e-01 8.440432519444802661e-01 5.104509605823872587e-01 3.376196800955207356e-01 8.053556613826687860e-01 5.837520621641711926e-01 2.979602252868492895e-01 1.605529664052687266e-01 4.509100185337868161e-01 8.441919043359584762e-01 4.472214877383223208e-01 7.911002025831992412e-02 7.765069472137586803e-02 8.834891480833209076e-01 6.280250666083709854e-01 4.153832188968928363e-01 5.616625341736757315e-01 7.668850631441705978e-01 4.769485985208632428e-02 2.257037561807497816e-01 0.000000000000000000e+00 6.782305753794117820e-01 1.866132246337875999e-01 6.715987201456585787e-01 2.245446448989740773e-01 7.723891920680607814e-01 6.071358552349329640e-01 2.909995679709714844e-01 4.918123201788090482e-01 5.077478952457719075e-01 2.102957116141817018e-01 2.716790451765557224e-01 7.075663390079194315e-01 6.479484188969231173e-01 1.953124968396870442e-01
2.157039755907489420e-01 5.253297747652192484e-01 9.463943363201750003e-01 5.364679126404789944e-01 5.418399753715852363e-01 6.936066672058363025e-01 9.707717882953554867e-01 3.623312690484925547e-01 3.771228899823027003e-01 7.354444103721518022e-01 8.022709775131657839e-01 4.837179080957924593e-01 7.683305742794264148e-01 7.003092621035467147e-01 5.146117307928592677e-01 2.213500385095051037e-01 4.283011425615411150e-01 6.064193584730033226e-01 3.310726403504902216e-01 4.837138820445118226e-01 6.782305753794117820e-01 0.000000000000000000e+00 2.792129810507868459e-01 7.156243278399833097e-01 1.250769999059925808e-01 4.423475703980179197e-01 4.254407905495471987e-01 3.909162425984825662e-01 3.541369025667056025e-01 7.941772817391934414e-01 7.756958551661767842e-01 2.762258585360554131e-01 8.509572679211796498e-01 8.642004866020946974e-01 4.520921477274103539e-01
6.109523503708828018e-01 4.539369634920379371e-01 6.862846246412643847e-01 1.181265924074627049e-01 5.146872436537224260e-01 1.804181169709532240e-01 7.061144932653425910e-01 4.195759641215905389e-01 5.536352230495376059e-01 2.210964559201626378e-01 7.238001983997578437e-01 4.079226238519202408e-01 4.736453188924655833e-01 2.922939899464344071e-01 4.845649821444944494e-01 7.550547221273302689e-01 5.122236347607521667e-01 8.916792759227116782e-01 4.947019855701100255e-01 5.317561219943323092e-01 1.866132246337875999e-01 2.792129810507868459e-01 0.000000000000000000e+00 5.317862921600804427e-01 9.322412352869740015e-01 6.708125162098957928e-01 7.549197281669677295e-01 6.890697999348113223e-01 8.355472311726077628e-01 4.569055242269816630e-01 1.317914799925001823e-01 8.024082580233007356e-01 8.104776305911801648e-01 6.878752320326423364e-01 4.744178074493383135e-01
7.796811959215538268e-01 8.817621398920614251e-01 6.769602381529642443e-01 3.617157665295709923e-01 6.975264425259315448e-01 4.418189448084606785e-01 4.313174670702749069e-01 9.005349992172110296e-01 1.664008678395233476e-01 5.075165874817226808e-01 9.389207284406688725e-01 9.143324673978838746e-01 6.067709089333207517e-01 4.896382776155567829e-01 7.172294747663464642e-01 3.544803520956703036e-01 7.038381796582333649e-01 8.362460922009729014e-01 8.675179444115008742e-01 7.645702204023776538e-01 6.715987201456585787e-01 7.156243278399833097e-01 5.317862921600804427e-01 0.000000000000000000e+00 7.263350015448695185e-01 7.706326129771061684e-01 8.167871369582742069e-01 5.943087010150192029e-01 6.081224024489582103e-01 7.192816935356134422e-01 5.518307485568006987e-01 5.757582982559192875e-01 2.914883005860225973e-01 4.349777997985209144e-01 8.776845494178830975e-02
7.073778474994950605e-01 6.758393192367478930e-01 6.834583545359957935e-01 6.717562531897011135e-01 5.175302132905659214e-01 4.539275651411737722e-01 3.373423672835861309e-01 6.244231170747320814e-01 4.440011632706893918e-01 7.758851243613815729e-01 8.341124043939645016e-01 2.725020606586892047e-01 4.945967776515981518e-01 5.009438996360955354e-01 4.255293109020900633e-01 4.380326279403391476e-01 7.554191928843945192e-01 8.020037491995266610e-01 7.774089309509224499e-02 8.394821068087710003e-01 2.245446448989740773e-01 1.250769999059925808e-01 9.322412352869740015e-01 7.263350015448695185e-01 0.000000000000000000e+00 5.486361007601381345e-01 8.958547437593163965e-01 5.911871179607807170e-01 9.097794186427621277e-01 8.091359398843408490e-01 8.423668062467950524e-01 2.399582500315826650e-01 7.706525035701878856e-01 4.848909018700431339e-01 4.152108950849716651e-01
4.521035633902714679e-01 1.332545294061755481e-01 4.896314416903415623e-01 8.139937458286976568e-01 7.168800751756081446e-01 6.577879481634307801e-01 2.746765618855290247e-01 6.393203020369149225e-01 5.310577431485092870e-01 5.657566426917146618e-01 2.435582510258333389e-01 9.247827740970111510e-01 2.041315573637663139e-01 4.833478218188348996e-01 9.187069301632150298e-01 6.124609713425883672e-01 1.493428209450488042e-01 7.145417885983820216e-01 2.487164647352109736e-01 3.015245111150917090e-01 7.723891920680607814e-01 4.423475703980179197e-01 6.708125162098957928e-01 7.706326129771061684e-01 5.486361007601381345e-01 0.000000000000000000e+00 9.142266666917817641e-01 7.793285579629816162e-01 6.004480631698978499e-01 5.119376883814505952e-01 8.433898414971887636e-01 4.502030543374021532e-01 5.852266799586317569e-01 4.738528111309482926e-01 5.846839368246202762e-01
6.271368525067628763e-01 1.570170662404464235e-01 4.687599512335547947e-01 8.916117761835018474e-01 7.399272547720481263e-01 7.152431708042746861e-01 2.883733186884002153e-01 3.322281169687101299e-01 2.619042984017139197e-02 1.611306420305179676e-01 3.698800539921204278e-01 8.474977431546489859e-01 1.766066619067410137e-01 4.670974576830052571e-01 2.079667753176787093e-01 8.592665488700652610e-01 2.036784429522757733e-01 7.649368109141236882e-01 5.724821921703771022e-01 4.467052965856055935e-01 6.071358552349329640e-01 4.254407905495471987e-01 7.549197281669677295e-01 8.167871369582742069e-01 8.958547437593163965e-01 9.142266666917817641e-01 0.000000000000000000e+00 7.339632481459676949e-01 8.733061708063416528e-02 3.951826807707899958e-01 4.538451031741582709e-01 8.686664704441466878e-01 9.271534877526155238e-02 2.304174760876210870e-01 5.472096315589330962e-01
8.220206920652212146e-01 7.769940535860553332e-01 2.277616675675261382e-01 6.941511458687448233e-01 5.090149325154065263e-01 7.048768166852971140e-01 8.312885263633985611e-01 4.724249336627743268e-01 5.037501128401358219e-01 4.488945305675652309e-01 5.958065977617044151e-01 4.317954263575840557e-01 6.565897429869657076e-01 6.821184460965964425e-01 8.381749017953432634e-02 8.728436959678758100e-01 1.655871924495758707e-01 2.771782260528417030e-01 8.232051497160215447e-01 3.891023539800860798e-01 2.909995679709714844e-01 3.909162425984825662e-01 6.890697999348113223e-01 5.943087010150192029e-01 5.911871179607807170e-01 7.793285579629816162e-01 7.339632481459676949e-01 0.000000000000000000e+00 4.418711645850081915e-02 5.180101208368684818e-01 4.278259480396969794e-01 5.104777052459922304e-01 8.230924196075704025e-01 7.932839923394613413e-01 5.191242210135820212e-01
6.107517169563864146e-01 5.485675137564092196e-01 6.721988873572903866e-01 5.225069203780264848e-01 8.745906622942607456e-01 4.647884793570735695e-01 5.620860297828043084e-01 7.706267411813784163e-01 4.276757539013603115e-01 5.486837571911729050e-01 7.811654740447302459e-01 4.326393388592760791e-01 7.095554424330906551e-01 4.692310402390802992e-01 8.334182872731634717e-01 8.065979461729377853e-01 7.602304807058044567e-01 9.113733206678924503e-01 5.039452171509382072e-01 7.763310713198736668e-01 4.918123201788090482e-01 3.541369025667056025e-01 8.355472311726077628e-01 6.081224024489582103e-01 9.097794186427621277e-01 6.004480631698978499e-01 8.733061708063416528e-02 4.418711645850081915e-02 0.000000000000000000e+00 4.790358112567795756e-01 5.482175030929357096e-01 7.034689328222694105e-01 4.475442946954253376e-01 7.087830278595217415e-01 4.429405404978499217e-01
4.371918101363634901e-01 8.423712407642877098e-01 8.615021307519671323e-01 6.451946975340624446e-01 1.541417143920317256e-01 6.285748400165495076e-01 5.415085557563430463e-01 5.483672695939234565e-01 2.675503144557135338e-01 5.763004440718089150e-01 4.716102960184088144e-01 7.786430205546617245e-01 2.773678151564142880e-01 5.125944064371432685e-01 9.207201612922890632e-01 4.967567049844549554e-01 4.045423262409382215e-01 1.299031600072884096e-01 3.416387592090223135e-01 7.355849838956474152e-02 5.077478952457719075e-01 7.941772817391934414e-01 4.569055242269816630e-01 7.192816935356134422e-01 8.091359398843408490e-01 5.119376883814505952e-01 3.951826807707899958e-01 5.180101208368684818e-01 4.790358112567795756e-01 0.000000000000000000e+00 4.346049922848271296e-01 3.472614622283043406e-02 1.397368878369170675e-01 5.262819817923192200e-01 3.973115741507881049e-01
4.673022334714923010e-01 6.166849174925150834e-01 7.053888070378522279e-01 2.658177828609041282e-01 5.949110512025033159e-01 2.448970790943458820e-01 4.135422216228554215e-01 3.845549761589619475e-01 6.691849092347633698e-01 8.151909081257326939e-01 5.125757152133363359e-01 6.821540146059384968e-01 5.425078967495529092e-01 3.964425428101389093e-01 8.204142347707850114e-01 6.359671666087012287e-01 4.411303567440437723e-01 2.198031282994767910e-01 3.500142396709117754e-01 4.781366017237658750e-01 2.102957116141817018e-01 7.756958551661767842e-01 1.317914799925001823e-01 5.518307485568006987e-01 8.423668062467950524e-01 8.433898414971887636e-01 4.538451031741582709e-01 4.278259480396969794e-01 5.482175030929357096e-01 4.346049922848271296e-01 0.000000000000000000e+00 2.688593064991895432e-01 6.156429479841394325e-01 2.311763487191528799e-01 4.163938422968149755e-01
8.864073487519094074e-01 7.888378563000917332e-01 7.836870405386421323e-01 9.093512134930494817e-01 6.129166205161143965e-01 7.173126061630041850e-01 4.877348432819704205e-01 7.531448062886785255e-01 8.221987263983707717e-01 7.126472038997704317e-01 3.041318481082367908e-01 7.384741902080915743e-01 2.738283004793202746e-01 7.845219238545492191e-01 4.772455321433202724e-01 4.427884101423817387e-01 8.313830880738527496e-01 1.594467639328758235e-01 3.986387650408061978e-01 6.705138032653301661e-01 2.716790451765557224e-01 2.762258585360554131e-01 8.024082580233007356e-01 5.757582982559192875e-01 2.399582500315826650e-01 4.502030543374021532e-01 8.686664704441466878e-01 5.104777052459922304e-01 7.034689328222694105e-01 3.472614622283043406e-02 2.688593064991895432e-01 0.000000000000000000e+00 4.617088542364153336e-01 5.722547327640827852e-01 4.537608078935130296e-01
5.545779590046884255e-01 7.002414793032037954e-01 6.714193506811426682e-01 4.977130170427516154e-01 6.630176021363929362e-01 5.878631613565191705e-01 8.814776450368975169e-01 7.924065306517646956e-01 3.170121333111347028e-01 3.846165498995386400e-01 2.875286869710940163e-01 6.480412109198105952e-01 6.348987502839846808e-01 3.664896695795086812e-01 3.874372292435394050e-01 1.841614610108566197e-01 3.632017727951483144e-01 3.827243747785904482e-01 2.836651594210079508e-01 8.273004306857045798e-01 7.075663390079194315e-01 8.509572679211796498e-01 8.104776305911801648e-01 2.914883005860225973e-01 7.706525035701878856e-01 5.852266799586317569e-01 9.271534877526155238e-02 8.230924196075704025e-01 4.475442946954253376e-01 1.397368878369170675e-01 6.156429479841394325e-01 4.617088542364153336e-01 0.000000000000000000e+00 8.261993458639486088e-01 6.401944908706211912e-01
9.934694233094054638e-02 7.114182388356502518e-01 2.594225483052107206e-01 3.818665434939159109e-01 4.147572852339312943e-01 6.236070881303545921e-01 4.974965615001866737e-01 4.720675596019672238e-01 6.538457439923444081e-01 6.129572607239031079e-01 3.370080873585614700e-01 5.350988752468874843e-01 4.243009145809526483e-01 4.839968686879860815e-01 4.166766836452624467e-01 6.801221974165551076e-01 4.258704247924663955e-01 6.384552108621643907e-01 6.011880364217330186e-01 9.351587294574597031e-01 6.479484188969231173e-01 8.642004866020946974e-01 6.878752320326423364e-01 4.349777997985209144e-01 4.848909018700431339e-01 4.738528111309482926e-01 2.304174760876210870e-01 7.932839923394613413e-01 7.087830278595217415e-01 5.262819817923192200e-01 2.311763487191528799e-01 5.722547327640827852e-01 8.261993458639486088e-01 0.000000000000000000e+00 2.861023667733836873e-01
9.475682685135161654e-01 3.011678041220214874e-01 6.785062271681167045e-01 9.065947765466875197e-02 8.439309073571528153e-01 9.052950796302735581e-01 1.841794528260697339e-01 9.139319129960914445e-01 6.513152427878927675e-01 5.350445056920424269e-01 1.838146328525873674e-01 8.418130934599569182e-01 5.626030692843061454e-01 5.224856798622308229e-01 6.685612217718019945e-01 2.317598352514385618e-01 5.300377279915383655e-01 4.660069003846442626e-01 1.560849690415727631e-01 3.851755631631355037e-01 1.953124968396870442e-01 4.520921477274103539e-01 4.744178074493383135e-01 8.776845494178830975e-02 4.152108950849716651e-01 5.846839368246202762e-01 5.472096315589330962e-01 5.191242210135820212e-01 4.429405404978499217e-01 3.973115741507881049e-01 4.163938422968149755e-01 4.537608078935130296e-01 6.401944908706211912e-01 2.861023667733836873e-01 0.000000000000000000e+00
