0.000000000000000000e+00 3.996663359876284627e-02 6.516520772894268676e-01 5.398930353616772093e-01 3.953656496729399672e-01 1.458959804678159333e-01 1.329408835710551573e-01 3.212346966253245562e-01 5.610078443121122582e-01 3.159600295730613517e-01 8.898442121042633435e-01 6.672192526513347488e-01 3.382484479689177315e-01 3.749310200821713845e-01 4.897097714549241698e-01 7.382929285175401368e-01 5.440292020117215577e-01 3.877374242413624827e-01 7.031858002310333866e-01 7.396171653671945734e-01 8.014849767408382952e-01 6.837857633429440529e-01 3.227116983765846436e-01 4.933247291542351420e-01 9.622933170121097390e-01 4.104582244450435402e-01 7.109889969801903575e-01 5.501463990773518553e-01 2.307840687920949541e-01 6.845333412938121587e-01 3.785124348684358875e-01 4.762658441830719958e-01 1.735845700210529863e-01 3.554065272714269641e-01 3.980913244741302592e-01
3.996663359876284627e-02 0.000000000000000000e+00 7.415747473764281450e-01 4.082221755351426173e-01 8.952652899918679408e-01 4.124277961084963362e-01 7.878690693681195123e-01 2.083869138754727568e-01 4.722177871425013995e-01 1.306334714438175393e-01 5.183472024259178079e-01 6.413107971005422847e-01 6.360932744018421570e-01 8.070539496731654605e-01 2.127594127225602705e-01 6.599999357320140980e-01 3.961956193488358480e-01 8.145299746492035142e-01 3.289980090142361480e-01 7.448256658614356152e-01 7.227955063031863414e-01 2.576231065526973785e-01 6.717754855949624737e-01 6.171910584040407599e-01 5.474006905732324846e-01 3.274218082754346559e-01 3.633469831770000935e-01 8.403747065479404421e-01 7.555980575650577125e-01 4.367309319139488499e-01 7.238586195808272006e-01 3.206116358038965108e-01 8.597673242016081741e-01 3.951118713273020777e-01 2.481617675547422852e-01
6.516520772894268676e-01 7.415747473764281450e-01 0.000000000000000000e+00 4.898018331123655256e-01 4.814340054649178802e-01 5.715383893786843972e-01 3.599964800468867798e-01 4.933454757283415870e-01 6.903815377533339959e-02 4.386396915332542168e-01 4.325058565920856801e-01 9.102409330468111959e-01 4.310770525238898365e-01 4.449900483530726536e-01 5.151978632597672414e-01 5.822392446941893063e-01 8.940115681797805580e-01 4.234366985791402360e-01 4.961094480904429949e-01 4.475672504938152940e-01 4.337022752275358495e-01 7.557962198070269366e-01 7.808821488232858821e-01 7.084034168887727301e-01 5.074884979032155963e-01 6.005696285094430653e-01 5.660786277362099828e-01 2.899188344026768505e-01 3.561865582401024799e-01 7.976483176103188466e-01 5.416322546535572435e-01 4.075417895764099629e-01 5.301056653188310763e-01 7.875299650852006783e-01 3.181848874071135924e-02
5.398930353616772093e-01 4.082221755351426173e-01 4.898018331123655256e-01 0.000000000000000000e+00 3.515171710190217458e-01 4.570088377312696570e-01 1.510385110797749508e-01 3.136655520256901308e-01 5.327200300050247694e-01 5.424821458082759174e-01 6.054597150759404300e-01 6.167914303320470859e-01 9.415935419722412103e-01 7.888276596417771458e-01 5.433926297922861970e-01 4.696244465059156714e-01 3.958297643149715217e-01 5.134794203558366021e-01 7.524024403185871623e-01 9.007558853850476943e-01 4.471416273550843923e-01 2.758596689039183314e-01 1.691494234146302400e-01 4.112690359715519550e-01 8.112954638196921975e-01 1.302257709652983042e-01 5.360484430953605939e-01 6.093236738423246646e-01 8.179206368362321733e-01 4.367951049276337927e-01 8.189556765637027169e-01 3.852465807604260606e-01 5.283909816956164907e-01 4.909120644676804313e-01 2.076685158803090459e-01
3.953656496729399672e-01 8.952652899918679408e-01 4.814340054649178802e-01 3.515171710190217458e-01 0.000000000000000000e+00 6.218532137441488139e-01 4.533355315148669962e-01 6.425442761325931285e-01 6.162428577689051945e-01 4.101041725631126011e-01 8.444148160673778936e-01 2.687654600901145385e-01 5.077037096783363346e-01 9.237788921092602301e-01 7.843327676964017003e-01 6.218329690686801303e-01 8.357077426087531347e-01 7.870173746211237553e-01 6.278074250884663199e-01 6.911631340078012720e-01 3.126628162127434996e-01 3.598022548661260478e-01 3.262638758559395225e-01 5.984413888376329815e-01 4.522062859943485336e-01 5.938073750082558666e-01 3.462821278282713910e-01 3.387808518233528243e-01 6.457274574522324784e-01 5.902575354867374280e-01 8.580657430599325508e-02 6.444222740528908755e-01 7.280321823290452077e-01 3.411043148921827362e-02 8.337885720010489443e-01
1.458959804678159333e-01 4.124277961084963362e-01 5.715383893786843972e-01 4.570088377312696570e-01 6.218532137441488139e-01 0.000000000000000000e+00 7.489151559407635217e-01 4.648793320532079720e-01 5.249724712321437448e-01 4.450233307059663912e-01 2.387105244370710810e-01 6.608001005454370302e-01 5.508377934439731005e-01 6.649462801580763305e-01 1.964947378227294150e-01 5.514248513154181852e-01 7.407722852729865526e-01 3.644630952020797565e-01 7.549132390161761297e-01 4.155227201035370244e-01 3.917400962004520260e-01 3.637269219678200827e-01 4.619272476222808232e-01 5.937081423787243795e-01 4.481209067798291312e-01 7.207328686539624663e-01 4.964396364104045611e-01 6.117151183937781234e-01 8.621347829012631081e-01 2.762445001535853151e-01 2.976206118931818967e-01 9.648613381871140593e-02 6.807435272538086002e-01 5.963834577220579192e-01 4.083979086736063135e-01
1.329408835710551573e-01 7.878690693681195123e-01 3.599964800468867798e-01 1.510385110797749508e-01 4.533355315148669962e-01 7.489151559407635217e-01 0.000000000000000000e+00 5.734798812574679605e-01 5.774181372572121385e-01 5.442201396912186295e-01 8.760088129877992014e-01 2.976267132358715872e-01 8.785310043754619436e-01 5.454367769029921931e-01 7.846112042266235598e-01 5.104153337528315459e-01 5.684646255773687651e-01 3.557067024708177039e-01 7.677201399902910950e-01 4.785123835071821707e-01 5.210246717812538897e-01 6.835731286643398352e-02 5.984537533223348582e-01 5.166406505604048682e-01 9.270565168145510349e-01 7.302049890445464486e-01 2.456318400479884367e-01 5.062930423574367733e-01 6.714297972215372834e-01 6.859069504227754965e-01 4.250327745983234484e-01 8.728033762412934493e-01 3.605965321012105651e-01 2.637705725712352622e-01 5.318846483636272549e-01
3.212346966253245562e-01 2.083869138754727568e-01 4.933454757283415870e-01 3.136655520256901308e-01 6.425442761325931285e-01 4.648793320532079720e-01 5.734798812574679605e-01 0.000000000000000000e+00 9.007907793096430193e-01 2.226109833141476368e-01 7.487202093843692285e-01 4.490909636327022891e-01 4.789990741940351460e-01 7.113219808917876641e-01 5.106761539541979644e-01 4.525542728481084520e-01 1.543987668865793861e-01 4.165165903737297337e-01 3.756599066639892959e-01 2.819144647443867502e-01 6.907808197261466887e-02 2.769982580911919401e-01 7.891104647624833657e-01 3.686192209128629216e-01 1.591807765201082026e-01 8.812278302353134807e-01 5.750742914151747431e-01 4.992780539747938007e-01 7.793003343451833098e-01 6.764418659505047060e-01 5.042438411486545036e-01 9.500542321944114299e-01 6.149051806695671196e-01 4.152091373826591880e-01 6.460307039368041737e-01
5.610078443121122582e-01 4.722177871425013995e-01 6.903815377533339959e-02 5.327200300050247694e-01 6.162428577689051945e-01 5.249724712321437448e-01 5.774181372572121385e-01 9.007907793096430193e-01 0.000000000000000000e+00 8.273841365535152814e-01 6.577725448946076803e-01 7.578599685631162153e-01 4.725599501595909580e-01 5.254687356910580087e-01 6.279287844790532036e-01 8.139849614367218322e-01 3.896456220252273450e-01 7.529108004753742867e-01 7.721135832694985268e-01 5.902789282204458088e-01 6.096226555826504967e-01 2.463503251756181678e-01 4.998037525662044067e-01 4.036413660217712529e-01 4.608616064242574417e-01 7.663072806623033584e-01 6.536773127694072150e-01 1.762833792969882296e-01 7.927722686251061912e-01 1.045310363265794518e-01 2.703818201196097615e-01 6.311786660954268324e-01 5.572990770035428643e-01 4.180041897101505199e-02 4.020069960424562661e-01
3.159600295730613517e-01 1.306334714438175393e-01 4.386396915332542168e-01 5.424821458082759174e-01 4.101041725631126011e-01 4.450233307059663912e-01 5.442201396912186295e-01 2.226109833141476368e-01 8.273841365535152814e-01 0.000000000000000000e+00 6.753398384473904281e-01 7.313172404119591130e-01 1.985451899344951032e-01 3.290465423969402003e-01 1.215405881537858779e-01 5.556098259003117157e-01 5.819126769743416805e-01 5.499059751066972535e-01 8.305822794312459623e-01 7.312696828901958934e-01 7.171908547961256541e-01 1.540574168532178323e-01 5.044909613149741734e-01 3.825488800399802214e-01 8.400562099054930121e-01 1.487884446636018598e-01 9.716916675664787340e-01 4.499721417088797804e-02 2.921414158545581063e-01 8.024995477272021116e-01 8.803939434847651846e-02 4.627649035083757356e-01 6.912885797130792209e-01 3.983869946018664399e-01 5.206262243635990661e-01
8.898442121042633435e-01 5.183472024259178079e-01 4.325058565920856801e-01 6.054597150759404300e-01 8.444148160673778936e-01 2.387105244370710810e-01 8.760088129877992014e-01 7.487202093843692285e-01 6.577725448946076803e-01 6.753398384473904281e-01 0.000000000000000000e+00 7.604397118584774740e-01 4.335910814984377804e-01 8.243322492411322422e-01 5.003034835507710332e-01 6.361616733989164940e-01 3.489504946109014405e-01 5.633271193946879363e-01 7.092735266494997193e-01 5.522604192620432784e-01 3.418865764285303754e-01 2.760077910503311305e-02 5.714425654392627507e-01 6.852948083630787668e-01 4.870807689013484931e-01 2.243986490630351938e-01 7.882606440518860058e-01 6.532055995893389921e-01 5.633348324589885214e-01 5.954519643476010593e-01 6.330484872250081718e-01 6.616323400725472315e-01 3.950883104904586163e-01 6.134208553452036305e-01 6.184015629840615702e-01
6.672192526513347488e-01 6.413107971005422847e-01 9.102409330468111959e-01 6.167914303320470859e-01 2.687654600901145385e-01 6.608001005454370302e-01 2.976267132358715872e-01 4.490909636327022891e-01 7.578599685631162153e-01 7.313172404119591130e-01 7.604397118584774740e-01 0.000000000000000000e+00 7.303169658919723695e-01 2.851043555042540589e-01 8.121254995115839703e-01 5.836152402863106214e-01 5.253726525421393845e-01 4.915689158320178387e-01 8.535463653999183498e-01 7.120667481754249240e-01 5.900244019277165464e-01 8.554256211190891523e-01 3.207703846754719201e-01 4.154144305468575604e-01 8.541772419613453682e-01 5.165113917796376741e-01 6.544394536474638091e-01 5.443325660736513250e-01 3.651527830841800881e-01 3.669227700247358337e-01 2.290219920332651204e-01 7.184890004193926760e-01 2.045035593606432389e-01 5.602639072961896893e-01 2.072803423928435418e-01
3.382484479689177315e-01 6.360932744018421570e-01 4.310770525238898365e-01 9.415935419722412103e-01 5.077037096783363346e-01 5.508377934439731005e-01 8.785310043754619436e-01 4.789990741940351460e-01 4.725599501595909580e-01 1.985451899344951032e-01 4.335910814984377804e-01 7.303169658919723695e-01 0.000000000000000000e+00 5.219545179602181895e-01 3.809193835266622141e-01 7.454329622741830974e-01 7.064555993243857301e-01 7.402501619932471133e-01 6.007733067465335086e-01 3.611932939795821640e-01 7.052246876357757266e-01 6.991745724643627646e-01 4.990937458665499760e-01 4.842914550450403977e-01 5.912440324168706240e-01 1.984037962138552880e-01 8.971728874539384169e-01 6.181825034688031018e-01 4.851995426997950389e-01 1.854838653520792802e-01 8.608750431470004738e-01 6.955792295942764270e-01 7.930379901665672859e-01 7.331736107247349699e-01 5.005356691269099434e-01
3.749310200821713845e-01 8.070539496731654605e-01 4.449900483530726536e-01 7.888276596417771458e-01 9.237788921092602301e-01 6.649462801580763305e-01 5.454367769029921931e-01 7.113219808917876641e-01 5.254687356910580087e-01 3.290465423969402003e-01 8.243322492411322422e-01 2.851043555042540589e-01 5.219545179602181895e-01 0.000000000000000000e+00 4.588170408503849940e-01 8.180660658492189263e-01 4.900172149771713781e-01 5.498523930633543166e-01 8.763521891593903934e-01 5.801991402694749445e-01 7.308798747353134617e-01 2.315558478482385441e-01 5.011463266522004911e-01 8.118343269199697065e-01 9.127919434497255846e-02 4.583941935601282269e-01 4.031232009430388841e-01 7.914605382536912259e-01 5.681660185536105967e-01 3.160049416068543282e-01 4.666602941870414134e-01 3.846834456631466614e-01 4.605944858175704537e-01 5.367985217607236237e-01 6.534524519296445177e-01
4.897097714549241698e-01 2.127594127225602705e-01 5.151978632597672414e-01 5.433926297922861970e-01 7.843327676964017003e-01 1.964947378227294150e-01 7.846112042266235598e-01 5.106761539541979644e-01 6.279287844790532036e-01 1.215405881537858779e-01 5.003034835507710332e-01 8.121254995115839703e-01 3.809193835266622141e-01 4.588170408503849940e-01 0.000000000000000000e+00 7.829758558357744480e-01 5.039784425721851591e-01 7.554289375502594162e-01 7.609497904637699817e-01 4.585202479813227927e-01 5.223776392485406372e-01 9.629321539183930412e-01 7.099589936837463755e-01 3.301105818134944525e-01 7.290763788356693365e-01 1.318406374842387985e-01 7.249760512138452295e-01 6.588443156427501446e-01 1.563343425522737418e-01 4.055144330858403423e-01 6.289108915723023996e-01 4.607147020043841912e-01 4.718306568201172668e-01 6.723119817665452747e-01 5.232069271851890191e-01
7.382929285175401368e-01 6.599999357320140980e-01 5.822392446941893063e-01 4.696244465059156714e-01 6.218329690686801303e-01 5.514248513154181852e-01 5.104153337528315459e-01 4.525542728481084520e-01 8.139849614367218322e-01 5.556098259003117157e-01 6.361616733989164940e-01 5.836152402863106214e-01 7.454329622741830974e-01 8.180660658492189263e-01 7.829758558357744480e-01 0.000000000000000000e+00 4.144034275805270617e-01 8.615126088402302873e-02 2.797484501577736093e-01 4.166211630379988984e-01 3.762725594276336016e-01 5.648905222519245983e-01 4.907403657220700266e-01 3.134678112864943689e-01 6.839670045898065265e-01 7.830509251018979988e-01 4.108249462967731858e-01 3.505326104832757750e-01 6.939348187698135551e-01 7.540324303358383329e-01 7.322087121307642166e-01 5.276899906725573963e-02 6.128434156527799992e-01 4.964831154443790084e-01 1.595913342048003170e-01
5.440292020117215577e-01 3.961956193488358480e-01 8.940115681797805580e-01 3.958297643149715217e-01 8.357077426087531347e-01 7.407722852729865526e-01 5.684646255773687651e-01 1.543987668865793861e-01 3.896456220252273450e-01 5.819126769743416805e-01 3.489504946109014405e-01 5.253726525421393845e-01 7.064555993243857301e-01 4.900172149771713781e-01 5.039784425721851591e-01 4.144034275805270617e-01 0.000000000000000000e+00 8.239706560887194442e-02 8.147091856653796427e-01 7.795548321102307998e-01 4.011451911403919879e-01 8.819961770592157357e-01 6.898291064465200684e-01 8.486434088056897806e-01 7.740489486642156969e-01 6.108336001930021464e-01 6.904854993371707383e-01 4.194202962948169744e-01 3.294434579706582156e-01 3.905023963310129131e-01 8.995481571096253237e-02 6.509705876698408389e-01 8.697900681824303204e-01 5.864344575239722746e-01 4.077145060831286472e-01
3.877374242413624827e-01 8.145299746492035142e-01 4.234366985791402360e-01 5.134794203558366021e-01 7.870173746211237553e-01 3.644630952020797565e-01 3.557067024708177039e-01 4.165165903737297337e-01 7.529108004753742867e-01 5.499059751066972535e-01 5.633271193946879363e-01 4.915689158320178387e-01 7.402501619932471133e-01 5.498523930633543166e-01 7.554289375502594162e-01 8.615126088402302873e-02 8.239706560887194442e-02 0.000000000000000000e+00 7.453766778013668493e-01 3.705711743953900017e-01 7.176598036287029636e-02 3.445246121050280497e-01 3.749005653595129939e-01 5.451789531951232171e-01 6.790433107451746553e-01 1.152994883892644040e-01 6.158176611773605869e-01 3.554938616447717026e-01 3.922677584315312216e-01 3.270391117475003329e-01 6.278098864898407072e-01 8.366159994681566792e-01 7.925724394514319648e-01 6.265102148841013019e-01 5.093253498857117645e-01
7.031858002310333866e-01 3.289980090142361480e-01 4.961094480904429949e-01 7.524024403185871623e-01 6.278074250884663199e-01 7.549132390161761297e-01 7.677201399902910950e-01 3.756599066639892959e-01 7.721135832694985268e-01 8.305822794312459623e-01 7.092735266494997193e-01 8.535463653999183498e-01 6.007733067465335086e-01 8.763521891593903934e-01 7.609497904637699817e-01 2.797484501577736093e-01 8.147091856653796427e-01 7.453766778013668493e-01 0.000000000000000000e+00 7.209556971596635666e-01 4.855512290360287087e-01 8.518585976450676611e-01 9.670312393123523531e-01 3.891109073381334715e-01 4.732121624284634231e-01 6.492371103579395175e-01 4.818217136607391704e-01 3.981231138812285630e-01 7.594280191592871487e-01 7.672781562106483211e-01 7.484260373416726786e-01 1.836133245822232363e-01 6.112499733088603282e-01 5.048026966073405619e-01 1.722810944339588923e-01
7.396171653671945734e-01 7.448256658614356152e-01 4.475672504938152940e-01 9.007558853850476943e-01 6.911631340078012720e-01 4.155227201035370244e-01 4.785123835071821707e-01 2.819144647443867502e-01 5.902789282204458088e-01 7.312696828901958934e-01 5.522604192620432784e-01 7.120667481754249240e-01 3.611932939795821640e-01 5.801991402694749445e-01 4.585202479813227927e-01 4.166211630379988984e-01 7.795548321102307998e-01 3.705711743953900017e-01 7.209556971596635666e-01 0.000000000000000000e+00 8.463702635432088783e-01 7.950936480372778892e-01 1.115155667594357469e-01 4.439918556930884108e-01 6.106763674607922354e-01 4.512365198591568594e-01 5.168465256367920091e-01 4.779542720331225736e-01 4.721242382986814978e-01 4.803940225529330088e-01 4.864708856372094159e-01 2.861751831661349943e-01 7.665789627319961053e-01 8.076811764257947335e-01 8.114940216049835175e-01
8.014849767408382952e-01 7.227955063031863414e-01 4.337022752275358495e-01 4.471416273550843923e-01 3.126628162127434996e-01 3.917400962004520260e-01 5.210246717812538897e-01 6.907808197261466887e-02 6.096226555826504967e-01 7.171908547961256541e-01 3.418865764285303754e-01 5.900244019277165464e-01 7.052246876357757266e-01 7.308798747353134617e-01 5.223776392485406372e-01 3.762725594276336016e-01 4.011451911403919879e-01 7.176598036287029636e-02 4.855512290360287087e-01 8.463702635432088783e-01 0.000000000000000000e+00 6.194413316787801271e-01 2.842129474074877593e-01 1.054787455418146891e-01 5.025117391109140685e-01 2.283773175372340036e-01 4.770262572177855209e-01 2.329779924399830726e-01 7.854977544487058427e-01 6.251758075713982343e-01 6.446484903791542820e-01 6.369208855036780914e-01 8.145226797410578534e-01 5.938156778307092099e-01 5.045631182674447102e-01
6.837857633429440529e-01 2.576231065526973785e-01 7.557962198070269366e-01 2.758596689039183314e-01 3.598022548661260478e-01 3.637269219678200827e-01 6.835731286643398352e-02 2.769982580911919401e-01 2.463503251756181678e-01 1.540574168532178323e-01 2.760077910503311305e-02 8.554256211190891523e-01 6.991745724643627646e-01 2.315558478482385441e-01 9.629321539183930412e-01 5.648905222519245983e-01 8.819961770592157357e-01 3.445246121050280497e-01 8.518585976450676611e-01 7.950936480372778892e-01 6.194413316787801271e-01 0.000000000000000000e+00 4.324657731418621309e-01 2.626416199956869701e-01 6.825496060682705313e-01 5.407236245365031335e-01 4.729432612613385101e-01 3.198667061376629928e-01 7.197899825894156223e-01 5.539194483603706587e-01 5.232267649881735538e-01 4.924619785733023170e-01 3.785260625609981333e-01 3.035006194948464131e-01 5.108654394531206844e-01
3.227116983765846436e-01 6.717754855949624737e-01 7.808821488232858821e-01 1.691494234146302400e-01 3.262638758559395225e-01 4.619272476222808232e-01 5.984537533223348582e-01 7.891104647624833657e-01 4.998037525662044067e-01 5.044909613149741734e-01 5.714425654392627507e-01 3.207703846754719201e-01 4.990937458665499760e-01 5.011463266522004911e-01 7.099589936837463755e-01 4.907403657220700266e-01 6.898291064465200684e-01 3.749005653595129939e-01 9.670312393123523531e-01 1.115155667594357469e-01 2.842129474074877593e-01 4.324657731418621309e-01 0.000000000000000000e+00 7.404928305903268893e-01 6.657153836639286837e-01 3.358380638864115753e-01 5.368678934677558745e-01 3.240997307915657322e-01 5.438491159833319655e-01 6.312785644840577248e-01 2.986846089224214906e-01 7.104601649388900819e-01 7.149557111618272121e-01 8.519314884993725023e-01 5.321762178475046845e-01
4.933247291542351420e-01 6.171910584040407599e-01 7.084034168887727301e-01 4.112690359715519550e-01 5.984413888376329815e-01 5.937081423787243795e-01 5.166406505604048682e-01 3.686192209128629216e-01 4.036413660217712529e-01 3.825488800399802214e-01 6.852948083630787668e-01 4.154144305468575604e-01 4.842914550450403977e-01 8.118343269199697065e-01 3.301105818134944525e-01 3.134678112864943689e-01 8.486434088056897806e-01 5.451789531951232171e-01 3.891109073381334715e-01 4.439918556930884108e-01 1.054787455418146891e-01 2.626416199956869701e-01 7.404928305903268893e-01 0.000000000000000000e+00 5.344915662237438303e-01 4.707511363788143277e-01 7.081793463169352432e-01 2.822721526503058076e-02 5.839535269497915237e-01 4.002260343675301812e-01 3.014061683754236665e-01 5.942047290453600361e-01 6.092550492981123611e-01 4.696939956101062186e-01 2.404510513445203834e-01
9.622933170121097390e-01 5.474006905732324846e-01 5.074884979032155963e-01 8.112954638196921975e-01 4.522062859943485336e-01 4.481209067798291312e-01 9.270565168145510349e-01 1.591807765201082026e-01 4.608616064242574417e-01 8.400562099054930121e-01 4.870807689013484931e-01 8.541772419613453682e-01 5.912440324168706240e-01 9.127919434497255846e-02 7.290763788356693365e-01 6.839670045898065265e-01 7.740489486642156969e-01 6.790433107451746553e-01 4.732121624284634231e-01 6.106763674607922354e-01 5.025117391109140685e-01 6.825496060682705313e-01 6.657153836639286837e-01 5.344915662237438303e-01 0.000000000000000000e+00 1.391628006346397051e-01 6.050493332469160102e-01 4.347690475252200537e-01 7.989006485535579127e-01 9.070460979997341244e-02 1.489017587368554052e-01 1.161354687207436509e-01 5.160804884480667543e-01 5.099794840889488867e-01 6.288155082889026470e-01
4.104582244450435402e-01 3.274218082754346559e-01 6.005696285094430653e-01 1.302257709652983042e-01 5.938073750082558666e-01 7.207328686539624663e-01 7.302049890445464486e-01 8.812278302353134807e-01 7.663072806623033584e-01 1.487884446636018598e-01 2.243986490630351938e-01 5.165113917796376741e-01 1.984037962138552880e-01 4.583941935601282269e-01 1.318406374842387985e-01 7.830509251018979988e-01 6.108336001930021464e-01 1.152994883892644040e-01 6.492371103579395175e-01 4.512365198591568594e-01 2.283773175372340036e-01 5.407236245365031335e-01 3.358380638864115753e-01 4.707511363788143277e-01 1.391628006346397051e-01 0.000000000000000000e+00 5.745220585461812135e-01 4.381415385865046752e-01 5.751936292295514175e-01 7.144348617907819721e-01 4.798654408046956754e-01 4.388125124409904543e-01 6.029268420480464741e-01 5.688881950647594055e-01 4.439464678473015735e-01
7.109889969801903575e-01 3.633469831770000935e-01 5.660786277362099828e-01 5.360484430953605939e-01 3.462821278282713910e-01 4.964396364104045611e-01 2.456318400479884367e-01 5.750742914151747431e-01 6.536773127694072150e-01 9.716916675664787340e-01 7.882606440518860058e-01 6.544394536474638091e-01 8.971728874539384169e-01 4.031232009430388841e-01 7.249760512138452295e-01 4.108249462967731858e-01 6.904854993371707383e-01 6.158176611773605869e-01 4.818217136607391704e-01 5.168465256367920091e-01 4.770262572177855209e-01 4.729432612613385101e-01 5.368678934677558745e-01 7.081793463169352432e-01 6.050493332469160102e-01 5.745220585461812135e-01 0.000000000000000000e+00 5.649741785717363740e-01 6.527635397176706489e-01 4.959350194270899514e-01 4.136885132172073432e-01 5.020358955905748211e-01 6.169625455044375206e-01 5.513279937273360964e-01 9.011125457142277195e-01
5.501463990773518553e-01 8.403747065479404421e-01 2.899188344026768505e-01 6.093236738423246646e-01 3.387808518233528243e-01 6.117151183937781234e-01 5.062930423574367733e-01 4.992780539747938007e-01 1.762833792969882296e-01 4.499721417088797804e-02 6.532055995893389921e-01 5.443325660736513250e-01 6.181825034688031018e-01 7.914605382536912259e-01 6.588443156427501446e-01 3.505326104832757750e-01 4.194202962948169744e-01 3.554938616447717026e-01 3.981231138812285630e-01 4.779542720331225736e-01 2.329779924399830726e-01 3.198667061376629928e-01 3.240997307915657322e-01 2.822721526503058076e-02 4.347690475252200537e-01 4.381415385865046752e-01 5.649741785717363740e-01 0.000000000000000000e+00 4.909907913357661191e-01 7.276124088821174229e-01 6.763043668384333129e-01 3.029678935814024143e-01 3.732344260366206035e-01 1.482882905582346145e-01 7.051514550907779233e-01
2.307840687920949541e-01 7.555980575650577125e-01 3.561865582401024799e-01 8.179206368362321733e-01 6.457274574522324784e-01 8.621347829012631081e-01 6.714297972215372834e-01 7.793003343451833098e-01 7.927722686251061912e-01 2.921414158545581063e-01 5.633348324589885214e-01 3.651527830841800881e-01 4.851995426997950389e-01 5.681660185536105967e-01 1.563343425522737418e-01 6.939348187698135551e-01 3.294434579706582156e-01 3.922677584315312216e-01 7.594280191592871487e-01 4.721242382986814978e-01 7.854977544487058427e-01 7.197899825894156223e-01 5.438491159833319655e-01 5.839535269497915237e-01 7.989006485535579127e-01 5.751936292295514175e-01 6.527635397176706489e-01 4.909907913357661191e-01 0.000000000000000000e+00 4.030866420752915458e-01 2.939804365318222645e-01 3.656055388060328593e-01 3.112197024059770722e-02 1.354858281740375370e-01 4.138476372102755096e-01
6.845333412938121587e-01 4.367309319139488499e-01 7.976483176103188466e-01 4.367951049276337927e-01 5.902575354867374280e-01 2.762445001535853151e-01 6.859069504227754965e-01 6.764418659505047060e-01 1.045310363265794518e-01 8.024995477272021116e-01 5.954519643476010593e-01 3.669227700247358337e-01 1.854838653520792802e-01 3.160049416068543282e-01 4.055144330858403423e-01 7.540324303358383329e-01 3.905023963310129131e-01 3.270391117475003329e-01 7.672781562106483211e-01 4.803940225529330088e-01 6.251758075713982343e-01 5.539194483603706587e-01 6.312785644840577248e-01 4.002260343675301812e-01 9.070460979997341244e-02 7.144348617907819721e-01 4.959350194270899514e-01 7.276124088821174229e-01 4.030866420752915458e-01 0.000000000000000000e+00 3.988385111176572240e-01 8.777608421248219717e-01 8.341833013976887035e-01 1.551475038982332300e-01 5.753896644317435527e-01
3.785124348684358875e-01 7.238586195808272006e-01 5.416322546535572435e-01 8.189556765637027169e-01 8.580657430599325508e-02 2.976206118931818967e-01 4.250327745983234484e-01 5.042438411486545036e-01 2.703818201196097615e-01 8.803939434847651846e-02 6.330484872250081718e-01 2.290219920332651204e-01 8.608750431470004738e-01 4.666602941870414134e-01 6.289108915723023996e-01 7.322087121307642166e-01 8.995481571096253237e-02 6.278098864898407072e-01 7.484260373416726786e-01 4.864708856372094159e-01 6.446484903791542820e-01 5.232267649881735538e-01 2.986846089224214906e-01 3.014061683754236665e-01 1.489017587368554052e-01 4.798654408046956754e-01 4.136885132172073432e-01 6.763043668384333129e-01 2.939804365318222645e-01 3.988385111176572240e-01 0.000000000000000000e+00 5.336124472616512460e-01 5.099893223773040996e-01 6.893851667937361816e-01 6.171539954924025739e-01
4.762658441830719958e-01 3.206116358038965108e-01 4.075417895764099629e-01 3.852465807604260606e-01 6.444222740528908755e-01 9.648613381871140593e-02 8.728033762412934493e-01 9.500542321944114299e-01 6.311786660954268324e-01 4.627649035083757356e-01 6.616323400725472315e-01 7.184890004193926760e-01 6.955792295942764270e-01 3.846834456631466614e-01 4.607147020043841912e-01 5.276899906725573963e-02 6.509705876698408389e-01 8.366159994681566792e-01 1.836133245822232363e-01 2.861751831661349943e-01 6.369208855036780914e-01 4.924619785733023170e-01 7.104601649388900819e-01 5.942047290453600361e-01 1.161354687207436509e-01 4.388125124409904543e-01 5.020358955905748211e-01 3.029678935814024143e-01 3.656055388060328593e-01 8.777608421248219717e-01 5.336124472616512460e-01 0.000000000000000000e+00 8.451588788114322570e-01 1.296092415729402925e-01 6.081942222989669133e-01
1.735845700210529863e-01 8.597673242016081741e-01 5.301056653188310763e-01 5.283909816956164907e-01 7.280321823290452077e-01 6.807435272538086002e-01 3.605965321012105651e-01 6.149051806695671196e-01 5.572990770035428643e-01 6.912885797130792209e-01 3.950883104904586163e-01 2.045035593606432389e-01 7.930379901665672859e-01 4.605944858175704537e-01 4.718306568201172668e-01 6.128434156527799992e-01 8.697900681824303204e-01 7.925724394514319648e-01 6.112499733088603282e-01 7.665789627319961053e-01 8.145226797410578534e-01 3.785260625609981333e-01 7.149557111618272121e-01 6.092550492981123611e-01 5.160804884480667543e-01 6.029268420480464741e-01 6.169625455044375206e-01 3.732344260366206035e-01 3.112197024059770722e-02 8.341833013976887035e-01 5.099893223773040996e-01 8.451588788114322570e-01 0.000000000000000000e+00 6.622305372778466426e-01 7.368835105901212490e-01
3.554065272714269641e-01 3.951118713273020777e-01 7.875299650852006783e-01 4.909120644676804313e-01 3.411043148921827362e-02 5.963834577220579192e-01 2.637705725712352622e-01 4.152091373826591880e-01 4.180041897101505199e-02 3.983869946018664399e-01 6.134208553452036305e-01 5.602639072961896893e-01 7.331736107247349699e-01 5.367985217607236237e-01 6.723119817665452747e-01 4.964831154443790084e-01 5.864344575239722746e-01 6.265102148841013019e-01 5.048026966073405619e-01 8.076811764257947335e-01 5.938156778307092099e-01 3.035006194948464131e-01 8.519314884993725023e-01 4.696939956101062186e-01 5.099794840889488867e-01 5.688881950647594055e-01 5.513279937273360964e-01 1.482882905582346145e-01 1.354858281740375370e-01 1.551475038982332300e-01 6.893851667937361816e-01 1.296092415729402925e-01 6.622305372778466426e-01 0.000000000000000000e+00 2.375350280140159365e-01
3.980913244741302592e-01 2.481617675547422852e-01 3.181848874071135924e-02 2.076685158803090459e-01 8.337885720010489443e-01 4.083979086736063135e-01 5.318846483636272549e-01 6.460307039368041737e-01 4.020069960424562661e-01 5.206262243635990661e-01 6.184015629840615702e-01 2.072803423928435418e-01 5.005356691269099434e-01 6.534524519296445177e-01 5.232069271851890191e-01 1.595913342048003170e-01 4.077145060831286472e-01 5.093253498857117645e-01 1.722810944339588923e-01 8.114940216049835175e-01 5.045631182674447102e-01 5.108654394531206844e-01 5.321762178475046845e-01 2.404510513445203834e-01 6.288155082889026470e-01 4.439464678473015735e-01 9.011125457142277195e-01 7.051514550907779233e-01 4.138476372102755096e-01 5.753896644317435527e-01 6.171539954924025739e-01 6.081942222989669133e-01 7.368835105901212490e-01 2.375350280140159365e-01 0.000000000000000000e+00
