0.000000000000000000e+00 4.259068123641377990e-01 7.799720905011520156e-01 5.048322058613559093e-01 3.159983121934894501e-01 1.860653516185037937e-01 3.605137770845685541e-01 7.819232735164207693e-01 2.403516716558266042e-01 5.726785752609540037e-01 4.673849281357353447e-01 4.205601540466795685e-01 3.702700804834265780e-01 4.057444197604408442e-01 6.610606416883887393e-01 1.148777033356161992e-01 6.513252475222713889e-01 4.400914762318172690e-01 7.229693736792567327e-01 6.432347522342292123e-01 3.924736612098222999e-01 4.963634377823055166e-01 8.268885372648293597e-01 8.444621492190084178e-01 6.188179524280301713e-01 4.989777309818165252e-01 5.565617126493811462e-01 6.151091679220861419e-01 3.783279728061266223e-01 3.771282375826442435e-01 5.610806158572358981e-01 4.798169684120791034e-01 3.487542615406884483e-01 7.026504044552406292e-02 2.352001164792547616e-01
4.259068123641377990e-01 0.000000000000000000e+00 4.714385575921214988e-01 1.846928809878983779e-01 4.595412121762283975e-01 5.261784248357526117e-01 3.955828576940768615e-01 4.098982316480714316e-01 7.098839777541934293e-01 5.080379184430495743e-01 4.172310924104495333e-01 5.901054552991510382e-01 7.511989005861617885e-01 1.164446188600231080e-01 6.680632466092669697e-01 8.978627252168137618e-01 4.193252327958879033e-01 4.199248497079394737e-01 4.955640090275381660e-01 4.912246583815450540e-01 4.493164228059153831e-01 1.605361622627887730e-01 8.699777769734873267e-01 7.501731976027179449e-01 8.726059837955177922e-01 4.106475976986399545e-01 6.668324840498207617e-01 7.519417755450792384e-01 7.139684657720282157e-01 6.525197776808986383e-01 4.296961620914705460e-01 2.822397587114388040e-01 4.838364278739880620e-01 3.378745325690168944e-01 4.745717304471121500e-01
7.799720905011520156e-01 4.714385575921214988e-01 0.000000000000000000e+00 1.778940206623160769e-01 5.810563816214181498e-01 4.668661704544481705e-01 6.405941061948662307e-01 3.954233794665924506e-01 6.345098048502586519e-01 7.163650764285497408e-01 6.538078787120038537e-01 8.111865789294536722e-01 2.210319937147238178e-01 4.115565190623053926e-01 6.470276731319478669e-01 5.315361670762207558e-01 2.076674258391759675e-01 5.360744114787256986e-01 1.719019286425866877e-01 7.544619019840870244e-01 3.294864077186122064e-01 5.014410424065788296e-01 7.669063110441507458e-01 6.529196730994577536e-01 3.376094315656613665e-01 8.196639848070719214e-01 2.944284590511454525e-01 3.294252734185517673e-01 7.726177744610887022e-01 5.314967518976942973e-01 4.501065073446802733e-01 2.878150412733546659e-01 2.808032220659884004e-01 4.018576818067105538e-01 7.113032987526480833e-01
5.048322058613559093e-01 1.846928809878983779e-01 1.778940206623160769e-01 0.000000000000000000e+00 5.686953439858196679e-01 8.038723968327647906e-01 3.635131607380338581e-01 7.826367007869494685e-02 3.865806394983776761e-01 4.844797834457793551e-01 5.263742230889663087e-01 3.805957706039935218e-01 6.257948936386521499e-01 1.539253959278903960e-01 1.323141410956121256e-01 4.728493074918462824e-01 5.974164514535514892e-01 4.003330958448837462e-01 6.184689598769745889e-01 5.706191246143617057e-01 5.324277655517966057e-01 3.063081843189188191e-01 6.276258136161754209e-01 9.539099182993984183e-01 8.683603086654803072e-01 5.625405654556064894e-02 7.993648859725601685e-01 1.511331089939389472e-01 4.854918130773492324e-01 7.613614862296856911e-01 4.841628298031351307e-01 8.422252843614504991e-01 4.789510835288012247e-01 6.013150008647312195e-01 9.539440591632697419e-02
3.159983121934894501e-01 4.595412121762283975e-01 5.810563816214181498e-01 5.686953439858196679e-01 0.000000000000000000e+00 8.193420571929256324e-01 7.323571089474827378e-01 2.291918797209723246e-01 6.900377960526755672e-01 5.332903903705448201e-01 2.718703420610758537e-01 2.790191123910973348e-01 3.422281938661679845e-01 5.859051983914334016e-01 4.848987648497121716e-01 4.121363743049016315e-01 4.345951105596468356e-01 1.242021747421448996e-01 4.425054144239366494e-01 4.779532756562914209e-01 2.174897925809517463e-01 4.248502925284579623e-01 6.105554822353377320e-01 5.540420283730189688e-01 6.359349171533070777e-01 7.679605499973525262e-01 5.981846534824473149e-01 5.675933976113629598e-01 7.312631307458415941e-01 8.265099728412819147e-01 6.321479917253648440e-01 9.374754500301252236e-02 1.822825951253566057e-01 7.671779752166130173e-01 1.976459807394437274e-01
1.860653516185037937e-01 5.261784248357526117e-01 4.668661704544481705e-01 8.038723968327647906e-01 8.193420571929256324e-01 0.000000000000000000e+00 2.789670932386702495e-01 3.503427807800655325e-01 4.220623174986970483e-01 6.147308963540920601e-01 4.039556822293196570e-01 1.523129843662101024e-01 2.707956142742524164e-01 8.014430897853184188e-01 6.191626497344770996e-01 8.243445249633274408e-01 5.965691047124150881e-01 7.859674781880419125e-01 5.055293552182746897e-01 7.256395724209203646e-01 3.139294900803952237e-01 7.225881218198719758e-01 6.242064940137582729e-01 5.524808314575389012e-01 4.699083220278402750e-01 8.481659940777666051e-01 4.035571967378840941e-01 8.334904866858778849e-01 4.858381908628266466e-01 4.079765068975590436e-01 8.097996550230881496e-01 6.046441830250026683e-01 2.239179429992816939e-01 4.497484866208866228e-01 8.548948984229080006e-01
3.605137770845685541e-01 3.955828576940768615e-01 6.405941061948662307e-01 3.635131607380338581e-01 7.323571089474827378e-01 2.789670932386702495e-01 0.000000000000000000e+00 8.560963653551905139e-01 4.891270926824896059e-01 4.219920599743259837e-01 6.238826064399658478e-01 3.308596021631323714e-01 5.547501955122898787e-01 9.462655309141473348e-01 6.044855016812877846e-01 3.031714645467235014e-01 2.684114914030724663e-01 2.664094689321968579e-01 5.349262745857931156e-01 5.873585768434456122e-01 5.054829667442160002e-01 8.021765003741375688e-01 5.657037687018766636e-01 4.737227320939133568e-01 8.883641834944744353e-02 2.675007942125565141e-01 7.093497634986464240e-01 8.286481724704473084e-01 1.179274857689900369e-01 4.251164270981404592e-01 2.986338302565059166e-01 5.764383350227598735e-01 5.700379471857347502e-01 9.386818238563900962e-01 4.063029704937459741e-02
7.819232735164207693e-01 4.098982316480714316e-01 3.954233794665924506e-01 7.826367007869494685e-02 2.291918797209723246e-01 3.503427807800655325e-01 8.560963653551905139e-01 0.000000000000000000e+00 8.505115510574356996e-01 4.574043794214936454e-01 4.918047661665027048e-01 4.983922488870848877e-01 2.753312541276165537e-01 9.957143747266761213e-02 7.112850580979013237e-01 4.223215761212470998e-01 1.309157145915258447e-01 5.897045150076322129e-01 4.949389404551318150e-01 7.482113468777908949e-01 6.639715270112227508e-01 3.006278194672597492e-01 5.069067273280039032e-01 6.338305793142888778e-01 3.661708437224092116e-01 5.744049696603903410e-01 5.271863757869227340e-01 4.938244403198265298e-01 4.858658665117892572e-01 7.683721576622597471e-01 4.648569164208462556e-01 6.513824619474817279e-01 8.717838067178054207e-01 5.564348687576409214e-01 7.507504137549054768e-01
2.403516716558266042e-01 7.098839777541934293e-01 6.345098048502586519e-01 3.865806394983776761e-01 6.900377960526755672e-01 4.220623174986970483e-01 4.891270926824896059e-01 8.505115510574356996e-01 0.000000000000000000e+00 5.262605555417256831e-01 9.033330318999641673e-01 7.561456369339362160e-01 3.470008187918189879e-01 6.351666522349247446e-01 6.096341394795321555e-01 3.916934028777948607e-01 4.749080529897220515e-01 3.277286402022160927e-01 5.846275510861529412e-01 5.134102885820632789e-01 4.112360446076498421e-01 8.229259657264269556e-01 6.223899460577266840e-01 4.687528518707440028e-01 5.705341269376773550e-01 4.437911187429292581e-01 3.941628441567158747e-01 3.161026627839962355e-01 8.170623942140488039e-01 7.188609661197942202e-01 6.251698646140522175e-01 8.323894795939135172e-01 5.198194374285833863e-01 7.399334675717157417e-01 3.142800272545505091e-01
5.726785752609540037e-01 5.080379184430495743e-01 7.163650764285497408e-01 4.844797834457793551e-01 5.332903903705448201e-01 6.147308963540920601e-01 4.219920599743259837e-01 4.574043794214936454e-01 5.262605555417256831e-01 0.000000000000000000e+00 4.999205803850836349e-01 6.019597552871425172e-01 3.724400585803461228e-01 3.486919867846208776e-01 4.828450644842452455e-01 3.927284534144789285e-01 3.495687889994163466e-01 3.743420559595902475e-01 8.211406663209932510e-01 5.059087184842089302e-01 4.546226724600636593e-01 8.133277493958857018e-01 2.555727085403418086e-01 6.441103913818722049e-01 3.542514229020827798e-01 1.421701460152685614e-01 5.868113687435549952e-01 8.422649054396794677e-01 8.494256938814905844e-01 5.398833291716993443e-01 3.751570132762859777e-01 2.412183728727848586e-01 8.885227386679523942e-01 3.318637280201649498e-01 1.896258167701422304e-01
4.673849281357353447e-01 4.172310924104495333e-01 6.538078787120038537e-01 5.263742230889663087e-01 2.718703420610758537e-01 4.039556822293196570e-01 6.238826064399658478e-01 4.918047661665027048e-01 9.033330318999641673e-01 4.999205803850836349e-01 0.000000000000000000e+00 3.194299166940508528e-01 1.576286838135522173e-01 3.223591700479629951e-01 7.524149554080933333e-01 3.097010241138643538e-01 1.846276626468019710e-01 6.661059823313744133e-01 6.613510382840872559e-01 7.812928259898006544e-01 5.306051316224504877e-01 1.178663919135674032e-01 2.465453313457619533e-01 6.746130262422641577e-01 5.497803943465248144e-01 4.540457770421663097e-01 9.675507062721071527e-01 2.885770379184986467e-01 2.687470177271916727e-01 2.838768424140356572e-01 4.150937729328237347e-01 5.500721376043798960e-01 3.471782705069492714e-01 6.354634793733560105e-01 1.170391906884857836e-01
4.205601540466795685e-01 5.901054552991510382e-01 8.111865789294536722e-01 3.805957706039935218e-01 2.790191123910973348e-01 1.523129843662101024e-01 3.308596021631323714e-01 4.983922488870848877e-01 7.561456369339362160e-01 6.019597552871425172e-01 3.194299166940508528e-01 0.000000000000000000e+00 3.640557578271508277e-01 5.786116438942374707e-01 2.134476581739488399e-01 8.261245860011905418e-01 8.043107863958565140e-03 2.171621976804768428e-01 4.210096666029133905e-01 8.928136883169880411e-01 2.836689504768688530e-01 8.023400919884415838e-02 4.601284522394034626e-01 8.349190092395518681e-01 8.774562374105391305e-01 7.244908296568914885e-01 7.065890224785690288e-01 6.455061777618351648e-01 4.772358384660644326e-01 6.367082639832669644e-01 4.712949272378686993e-01 2.729234470044852312e-01 3.496857252384604209e-01 3.085565148767648314e-01 5.730850503418444264e-01
3.702700804834265780e-01 7.511989005861617885e-01 2.210319937147238178e-01 6.257948936386521499e-01 3.422281938661679845e-01 2.707956142742524164e-01 5.547501955122898787e-01 2.753312541276165537e-01 3.470008187918189879e-01 3.724400585803461228e-01 1.576286838135522173e-01 3.640557578271508277e-01 0.000000000000000000e+00 3.021813887885835825e-01 5.533733148533512836e-01 5.499822324404816110e-01 7.282426197253311084e-01 4.431348564939951440e-01 2.718566541690486948e-01 5.287015286470980735e-01 9.109868257410634884e-01 2.073281553380339481e-01 2.334741115412810597e-01 6.789642092490004721e-01 4.123882780166689965e-01 9.050143438641600202e-01 3.345539167613876819e-01 4.656296195436512297e-01 3.462847697257683821e-01 4.901470303760904756e-01 1.464284510439586295e-01 1.118881347232856260e-01 5.523385810467260626e-01 7.847218793620943655e-01 5.126975272673421902e-01
4.057444197604408442e-01 1.164446188600231080e-01 4.115565190623053926e-01 1.539253959278903960e-01 5.859051983914334016e-01 8.014430897853184188e-01 9.462655309141473348e-01 9.957143747266761213e-02 6.351666522349247446e-01 3.486919867846208776e-01 3.223591700479629951e-01 5.786116438942374707e-01 3.021813887885835825e-01 0.000000000000000000e+00 5.502213808323934696e-01 9.651056208172004158e-02 4.812999940575381497e-01 6.547372366302233182e-01 8.694400766658483271e-02 7.386417265021261169e-01 7.337851937547001935e-01 4.107297490390269812e-01 6.878762224987624574e-01 6.619827525260755241e-01 4.440027999703038408e-01 8.380897191326186491e-01 5.575962092528989889e-01 3.908051522737571726e-01 9.141722269893572950e-01 8.817522665315058461e-01 2.635638122246753978e-01 3.886691119152929086e-01 9.211528715999883765e-01 7.293682463953510275e-01 3.763384375195558684e-01
6.610606416883887393e-01 6.680632466092669697e-01 6.470276731319478669e-01 1.323141410956121256e-01 4.848987648497121716e-01 6.191626497344770996e-01 6.044855016812877846e-01 7.112850580979013237e-01 6.096341394795321555e-01 4.828450644842452455e-01 7.524149554080933333e-01 2.134476581739488399e-01 5.533733148533512836e-01 5.502213808323934696e-01 0.000000000000000000e+00 5.018428441350228919e-01 5.350275316790101821e-01 4.522743976075330741e-01 5.639380355089425034e-01 2.021760681935427240e-01 4.187664020656898800e-01 3.037735591357315634e-01 2.858246906489463335e-01 5.983079815527038159e-01 1.174927691454050738e-01 7.510306918320941438e-02 2.157968505348648591e-01 6.618962117763242947e-01 4.245676269528091407e-01 4.882955356801855218e-01 7.358793155030913802e-01 3.123840127791941423e-01 7.836819177300624606e-01 3.903558442544562412e-01 9.046275812663544524e-01
1.148777033356161992e-01 8.978627252168137618e-01 5.315361670762207558e-01 4.728493074918462824e-01 4.121363743049016315e-01 8.243445249633274408e-01 3.031714645467235014e-01 4.223215761212470998e-01 3.916934028777948607e-01 3.927284534144789285e-01 3.097010241138643538e-01 8.261245860011905418e-01 5.499822324404816110e-01 9.651056208172004158e-02 5.018428441350228919e-01 0.000000000000000000e+00 8.224860232898637546e-01 2.563558089944741880e-01 6.823418640444283145e-01 3.670437759166649827e-01 3.016680917754744895e-01 8.445228043795922623e-01 7.696915623712714538e-01 4.778097176289723413e-01 4.739755274995420820e-01 7.749672864579222331e-01 4.123117909868355135e-01 4.705489892958359399e-01 8.463882279119514518e-01 4.771908360169324070e-01 4.716329557563236907e-01 4.561460536867861792e-01 8.588108606013973301e-01 5.071874147824728674e-01 1.146308717039594693e-01
6.513252475222713889e-01 4.193252327958879033e-01 2.076674258391759675e-01 5.974164514535514892e-01 4.345951105596468356e-01 5.965691047124150881e-01 2.684114914030724663e-01 1.309157145915258447e-01 4.749080529897220515e-01 3.495687889994163466e-01 1.846276626468019710e-01 8.043107863958565140e-03 7.282426197253311084e-01 4.812999940575381497e-01 5.350275316790101821e-01 8.224860232898637546e-01 0.000000000000000000e+00 6.445214266518550783e-01 1.847641113176093919e-01 7.169768476548070701e-01 7.693854975147694786e-01 4.894749056803113230e-01 1.851688897123580091e-01 5.547234753521155248e-01 2.209356546182773551e-01 2.463262173973492786e-01 5.118842846968791882e-01 3.514872811121985130e-01 6.941166242871634751e-01 8.810868506726680094e-01 2.052575965787968304e-01 4.898977199088871415e-01 2.044974745349612544e-01 7.888361622443124110e-01 4.511194001935960873e-01
4.400914762318172690e-01 4.199248497079394737e-01 5.360744114787256986e-01 4.003330958448837462e-01 1.242021747421448996e-01 7.859674781880419125e-01 2.664094689321968579e-01 5.897045150076322129e-01 3.277286402022160927e-01 3.743420559595902475e-01 6.661059823313744133e-01 2.171621976804768428e-01 4.431348564939951440e-01 6.547372366302233182e-01 4.522743976075330741e-01 2.563558089944741880e-01 6.445214266518550783e-01 0.000000000000000000e+00 2.954638885917658664e-01 8.746279569049888458e-01 3.272488448354565205e-01 6.838742475695771539e-01 4.811869638116226255e-01 5.534702847222576771e-01 5.057611389983165395e-01 4.453980389215421720e-01 4.569894393271874966e-01 4.963990011532607993e-01 3.297654048683802408e-01 9.209901369023927309e-01 6.335043459382221354e-01 5.627953051012783980e-01 4.503589706359664713e-01 3.561557919169840991e-01 5.637475700985653537e-01
7.229693736792567327e-01 4.955640090275381660e-01 1.719019286425866877e-01 6.184689598769745889e-01 4.425054144239366494e-01 5.055293552182746897e-01 5.349262745857931156e-01 4.949389404551318150e-01 5.846275510861529412e-01 8.211406663209932510e-01 6.613510382840872559e-01 4.210096666029133905e-01 2.718566541690486948e-01 8.694400766658483271e-02 5.639380355089425034e-01 6.823418640444283145e-01 1.847641113176093919e-01 2.954638885917658664e-01 0.000000000000000000e+00 6.098061373092684700e-01 8.558562332186085975e-01 6.178189329743067892e-01 7.050419091169813912e-01 7.619974517223784272e-01 6.855679665838255721e-01 7.014544131773579050e-01 3.121292840134249347e-01 1.963461176706235989e-01 5.441877412239788381e-01 3.187311175608782965e-01 4.498286757461488761e-01 6.499681961698557942e-01 6.888072844570459763e-01 4.662777575544491127e-01 7.988172420646519889e-01
6.432347522342292123e-01 4.912246583815450540e-01 7.544619019840870244e-01 5.706191246143617057e-01 4.779532756562914209e-01 7.256395724209203646e-01 5.873585768434456122e-01 7.482113468777908949e-01 5.134102885820632789e-01 5.059087184842089302e-01 7.812928259898006544e-01 8.928136883169880411e-01 5.287015286470980735e-01 7.386417265021261169e-01 2.021760681935427240e-01 3.670437759166649827e-01 7.169768476548070701e-01 8.746279569049888458e-01 6.098061373092684700e-01 0.000000000000000000e+00 5.983669691048885131e-01 4.676590931332478829e-01 5.801060700024195382e-01 3.729767316061023963e-01 3.428341657775149098e-01 2.040393696268779644e-01 8.378650945425114571e-02 4.129835782193360671e-01 1.628075474914927323e-01 8.337615017676754947e-01 4.796556293387801984e-01 1.746104175735408992e-01 4.291467000519705310e-01 3.766507970351120616e-01 9.005958174067636435e-01
3.924736612098222999e-01 4.493164228059153831e-01 3.294864077186122064e-01 5.324277655517966057e-01 2.174897925809517463e-01 3.139294900803952237e-01 5.054829667442160002e-01 6.639715270112227508e-01 4.112360446076498421e-01 4.546226724600636593e-01 5.306051316224504877e-01 2.836689504768688530e-01 9.109868257410634884e-01 7.337851937547001935e-01 4.187664020656898800e-01 3.016680917754744895e-01 7.693854975147694786e-01 3.272488448354565205e-01 8.558562332186085975e-01 5.983669691048885131e-01 0.000000000000000000e+00 5.687597030433626522e-01 5.727452392898997324e-01 9.642259967172763790e-01 4.738487855400536630e-01 1.656209951281349402e-01 1.617263307755709145e-01 1.041330125786046890e-01 8.971095841917915426e-01 5.580849531408674791e-01 5.241066846347368635e-01 4.982217279211134664e-01 5.011970989795797582e-01 4.839395748492177907e-01 2.336100662636774183e-01
4.963634377823055166e-01 1.605361622627887730e-01 5.014410424065788296e-01 3.063081843189188191e-01 4.248502925284579623e-01 7.225881218198719758e-01 8.021765003741375688e-01 3.006278194672597492e-01 8.229259657264269556e-01 8.133277493958857018e-01 1.178663919135674032e-01 8.023400919884415838e-02 2.073281553380339481e-01 4.107297490390269812e-01 3.037735591357315634e-01 8.445228043795922623e-01 4.894749056803113230e-01 6.838742475695771539e-01 6.178189329743067892e-01 4.676590931332478829e-01 5.687597030433626522e-01 0.000000000000000000e+00 5.048472943072058738e-01 7.175389622166549186e-01 2.226418104163858658e-01 7.422783326696177353e-01 6.684134335924736270e-01 7.197329985673470709e-01 1.316130055628793594e-01 4.909773461183979393e-01 3.790931537851520705e-01 3.790919217303957978e-01 4.570938127046856314e-01 8.805001433804520161e-01 5.145390672120497833e-02
8.268885372648293597e-01 8.699777769734873267e-01 7.669063110441507458e-01 6.276258136161754209e-01 6.105554822353377320e-01 6.242064940137582729e-01 5.657037687018766636e-01 5.069067273280039032e-01 6.223899460577266840e-01 2.555727085403418086e-01 2.465453313457619533e-01 4.601284522394034626e-01 2.334741115412810597e-01 6.878762224987624574e-01 2.858246906489463335e-01 7.696915623712714538e-01 1.851688897123580091e-01 4.811869638116226255e-01 7.050419091169813912e-01 5.801060700024195382e-01 5.727452392898997324e-01 5.048472943072058738e-01 0.000000000000000000e+00 5.779446417128639713e-01 6.869718536474220816e-01 1.013582059240749622e-01 5.877340198122005255e-01 5.136862698575017649e-01 4.491717949829468481e-01 3.618361889429115852e-01 1.449426943986285576e-01 3.759164654033129160e-01 7.346159722737748421e-01 3.372897417848000901e-01 7.032742524236531567e-01
8.444621492190084178e-01 7.501731976027179449e-01 6.529196730994577536e-01 9.539099182993984183e-01 5.540420283730189688e-01 5.524808314575389012e-01 4.737227320939133568e-01 6.338305793142888778e-01 4.687528518707440028e-01 6.441103913818722049e-01 6.746130262422641577e-01 8.349190092395518681e-01 6.789642092490004721e-01 6.619827525260755241e-01 5.983079815527038159e-01 4.778097176289723413e-01 5.547234753521155248e-01 5.534702847222576771e-01 7.619974517223784272e-01 3.729767316061023963e-01 9.642259967172763790e-01 7.175389622166549186e-01 5.779446417128639713e-01 0.000000000000000000e+00 5.898450084307287344e-01 5.257043491308412975e-01 6.471097597571635607e-01 2.409474002782847624e-01 6.346915797771854884e-01 3.758809251609505075e-01 3.738503701310751381e-01 4.501419711536830404e-01 8.256096210389258783e-01 6.931385487745551632e-01 4.289576960897227842e-01
6.188179524280301713e-01 8.726059837955177922e-01 3.376094315656613665e-01 8.683603086654803072e-01 6.359349171533070777e-01 4.699083220278402750e-01 8.883641834944744353e-02 3.661708437224092116e-01 5.705341269376773550e-01 3.542514229020827798e-01 5.497803943465248144e-01 8.774562374105391305e-01 4.123882780166689965e-01 4.440027999703038408e-01 1.174927691454050738e-01 4.739755274995420820e-01 2.209356546182773551e-01 5.057611389983165395e-01 6.855679665838255721e-01 3.428341657775149098e-01 4.738487855400536630e-01 2.226418104163858658e-01 6.869718536474220816e-01 5.898450084307287344e-01 0.000000000000000000e+00 1.986958106481864217e-01 3.943310268414711439e-01 3.210709940082124847e-01 5.327179707952809373e-01 2.900624648051437493e-01 2.366316181422059017e-01 4.908414185805650698e-01 7.516381955123037084e-01 4.835537162330599270e-01 6.227205381762039860e-01
4.989777309818165252e-01 4.106475976986399545e-01 8.196639848070719214e-01 5.625405654556064894e-02 7.679605499973525262e-01 8.481659940777666051e-01 2.675007942125565141e-01 5.744049696603903410e-01 4.437911187429292581e-01 1.421701460152685614e-01 4.540457770421663097e-01 7.244908296568914885e-01 9.050143438641600202e-01 8.380897191326186491e-01 7.510306918320941438e-02 7.749672864579222331e-01 2.463262173973492786e-01 4.453980389215421720e-01 7.014544131773579050e-01 2.040393696268779644e-01 1.656209951281349402e-01 7.422783326696177353e-01 1.013582059240749622e-01 5.257043491308412975e-01 1.986958106481864217e-01 0.000000000000000000e+00 3.591095481653513444e-01 6.204938016790469968e-01 6.682733704534569164e-01 1.161648353566843150e-01 5.540252990286311796e-01 4.545618566716794762e-01 3.293543949541141158e-01 4.394764625516068834e-01 4.080766048108920296e-01
5.565617126493811462e-01 6.668324840498207617e-01 2.944284590511454525e-01 7.993648859725601685e-01 5.981846534824473149e-01 4.035571967378840941e-01 7.093497634986464240e-01 5.271863757869227340e-01 3.941628441567158747e-01 5.868113687435549952e-01 9.675507062721071527e-01 7.065890224785690288e-01 3.345539167613876819e-01 5.575962092528989889e-01 2.157968505348648591e-01 4.123117909868355135e-01 5.118842846968791882e-01 4.569894393271874966e-01 3.121292840134249347e-01 8.378650945425114571e-02 1.617263307755709145e-01 6.684134335924736270e-01 5.877340198122005255e-01 6.471097597571635607e-01 3.943310268414711439e-01 3.591095481653513444e-01 0.000000000000000000e+00 8.978248875137205820e-01 4.939332486760890650e-01 4.217860784794362772e-01 4.105813416854326992e-01 3.497257731549912596e-01 6.222134472588174425e-01 6.603564160849946241e-01 2.725116061169242654e-01
6.151091679220861419e-01 7.519417755450792384e-01 3.294252734185517673e-01 1.511331089939389472e-01 5.675933976113629598e-01 8.334904866858778849e-01 8.286481724704473084e-01 4.938244403198265298e-01 3.161026627839962355e-01 8.422649054396794677e-01 2.885770379184986467e-01 6.455061777618351648e-01 4.656296195436512297e-01 3.908051522737571726e-01 6.618962117763242947e-01 4.705489892958359399e-01 3.514872811121985130e-01 4.963990011532607993e-01 1.963461176706235989e-01 4.129835782193360671e-01 1.041330125786046890e-01 7.197329985673470709e-01 5.136862698575017649e-01 2.409474002782847624e-01 3.210709940082124847e-01 6.204938016790469968e-01 8.978248875137205820e-01 0.000000000000000000e+00 6.624749767208973905e-01 4.014199382205529965e-01 3.481317181640444791e-01 7.717232559509883405e-01 2.690818313643935644e-01 4.401789466868883949e-01 3.352729321994238343e-01
3.783279728061266223e-01 7.139684657720282157e-01 7.726177744610887022e-01 4.854918130773492324e-01 7.312631307458415941e-01 4.858381908628266466e-01 1.179274857689900369e-01 4.858658665117892572e-01 8.170623942140488039e-01 8.494256938814905844e-01 2.687470177271916727e-01 4.772358384660644326e-01 3.462847697257683821e-01 9.141722269893572950e-01 4.245676269528091407e-01 8.463882279119514518e-01 6.941166242871634751e-01 3.297654048683802408e-01 5.441877412239788381e-01 1.628075474914927323e-01 8.971095841917915426e-01 1.316130055628793594e-01 4.491717949829468481e-01 6.346915797771854884e-01 5.327179707952809373e-01 6.682733704534569164e-01 4.939332486760890650e-01 6.624749767208973905e-01 0.000000000000000000e+00 6.549795873585613215e-01 7.332171918534716726e-01 4.750059096366975320e-01 5.371044229142940551e-01 6.884404093126013091e-01 6.359792358381886057e-01
3.771282375826442435e-01 6.525197776808986383e-01 5.314967518976942973e-01 7.613614862296856911e-01 8.265099728412819147e-01 4.079765068975590436e-01 4.251164270981404592e-01 7.683721576622597471e-01 7.188609661197942202e-01 5.398833291716993443e-01 2.838768424140356572e-01 6.367082639832669644e-01 4.901470303760904756e-01 8.817522665315058461e-01 4.882955356801855218e-01 4.771908360169324070e-01 8.810868506726680094e-01 9.209901369023927309e-01 3.187311175608782965e-01 8.337615017676754947e-01 5.580849531408674791e-01 4.909773461183979393e-01 3.618361889429115852e-01 3.758809251609505075e-01 2.900624648051437493e-01 1.161648353566843150e-01 4.217860784794362772e-01 4.014199382205529965e-01 6.549795873585613215e-01 0.000000000000000000e+00 2.507938862734030439e-01 6.963447594131053631e-01 2.905028396407398628e-01 3.642486273693745780e-01 6.643249684780783149e-01
5.610806158572358981e-01 4.296961620914705460e-01 4.501065073446802733e-01 4.841628298031351307e-01 6.321479917253648440e-01 8.097996550230881496e-01 2.986338302565059166e-01 4.648569164208462556e-01 6.251698646140522175e-01 3.751570132762859777e-01 4.150937729328237347e-01 4.712949272378686993e-01 1.464284510439586295e-01 2.635638122246753978e-01 7.358793155030913802e-01 4.716329557563236907e-01 2.052575965787968304e-01 6.335043459382221354e-01 4.498286757461488761e-01 4.796556293387801984e-01 5.241066846347368635e-01 3.790931537851520705e-01 1.449426943986285576e-01 3.738503701310751381e-01 2.366316181422059017e-01 5.540252990286311796e-01 4.105813416854326992e-01 3.481317181640444791e-01 7.332171918534716726e-01 2.507938862734030439e-01 0.000000000000000000e+00 5.226959939259943067e-01 6.020570119717474356e-01 2.973975347774243105e-01 5.188797851185409371e-01
4.798169684120791034e-01 2.822397587114388040e-01 2.878150412733546659e-01 8.422252843614504991e-01 9.374754500301252236e-02 6.046441830250026683e-01 5.764383350227598735e-01 6.513824619474817279e-01 8.323894795939135172e-01 2.412183728727848586e-01 5.500721376043798960e-01 2.729234470044852312e-01 1.118881347232856260e-01 3.886691119152929086e-01 3.123840127791941423e-01 4.561460536867861792e-01 4.898977199088871415e-01 5.627953051012783980e-01 6.499681961698557942e-01 1.746104175735408992e-01 4.982217279211134664e-01 3.790919217303957978e-01 3.759164654033129160e-01 4.501419711536830404e-01 4.908414185805650698e-01 4.545618566716794762e-01 3.497257731549912596e-01 7.717232559509883405e-01 4.750059096366975320e-01 6.963447594131053631e-01 5.226959939259943067e-01 0.000000000000000000e+00 5.116454364085216699e-01 8.359857097370269052e-01 3.162452643404909391e-01
3.487542615406884483e-01 4.838364278739880620e-01 2.808032220659884004e-01 4.789510835288012247e-01 1.822825951253566057e-01 2.239179429992816939e-01 5.700379471857347502e-01 8.717838067178054207e-01 5.198194374285833863e-01 8.885227386679523942e-01 3.471782705069492714e-01 3.496857252384604209e-01 5.523385810467260626e-01 9.211528715999883765e-01 7.836819177300624606e-01 8.588108606013973301e-01 2.044974745349612544e-01 4.503589706359664713e-01 6.888072844570459763e-01 4.291467000519705310e-01 5.011970989795797582e-01 4.570938127046856314e-01 7.346159722737748421e-01 8.256096210389258783e-01 7.516381955123037084e-01 3.293543949541141158e-01 6.222134472588174425e-01 2.690818313643935644e-01 5.371044229142940551e-01 2.905028396407398628e-01 6.020570119717474356e-01 5.116454364085216699e-01 0.000000000000000000e+00 7.808912984540220537e-01 4.388220382918046059e-01
7.026504044552406292e-02 3.378745325690168944e-01 4.018576818067105538e-01 6.013150008647312195e-01 7.671779752166130173e-01 4.497484866208866228e-01 9.386818238563900962e-01 5.564348687576409214e-01 7.399334675717157417e-01 3.318637280201649498e-01 6.354634793733560105e-01 3.085565148767648314e-01 7.847218793620943655e-01 7.293682463953510275e-01 3.903558442544562412e-01 5.071874147824728674e-01 7.888361622443124110e-01 3.561557919169840991e-01 4.662777575544491127e-01 3.766507970351120616e-01 4.839395748492177907e-01 8.805001433804520161e-01 3.372897417848000901e-01 6.931385487745551632e-01 4.835537162330599270e-01 4.394764625516068834e-01 6.603564160849946241e-01 4.401789466868883949e-01 6.884404093126013091e-01 3.642486273693745780e-01 2.973975347774243105e-01 8.359857097370269052e-01 7.808912984540220537e-01 0.000000000000000000e+00 5.049247353120633885e-01
2.352001164792547616e-01 4.745717304471121500e-01 7.113032987526480833e-01 9.539440591632697419e-02 1.976459807394437274e-01 8.548948984229080006e-01 4.063029704937459741e-02 7.507504137549054768e-01 3.142800272545505091e-01 1.896258167701422304e-01 1.170391906884857836e-01 5.730850503418444264e-01 5.126975272673421902e-01 3.763384375195558684e-01 9.046275812663544524e-01 1.146308717039594693e-01 4.511194001935960873e-01 5.637475700985653537e-01 7.988172420646519889e-01 9.005958174067636435e-01 2.336100662636774183e-01 5.145390672120497833e-02 7.032742524236531567e-01 4.289576960897227842e-01 6.227205381762039860e-01 4.080766048108920296e-01 2.725116061169242654e-01 3.352729321994238343e-01 6.359792358381886057e-01 6.643249684780783149e-01 5.188797851185409371e-01 3.162452643404909391e-01 4.388220382918046059e-01 5.049247353120633885e-01 0.000000000000000000e+00
