0.000000000000000000e+00 1.475815784132867292e-01 5.607496494564698786e-01 3.878436301739869863e-01 1.670899577481901321e-01 5.475304550414858973e-01 5.348835562785960729e-01 5.136705716405189914e-01 3.675831453472082622e-01 4.542174834443472031e-01 6.454591496610351253e-01 7.995575686138680638e-01 9.163430757678125982e-01 5.261476032852153706e-01 2.548850681163598586e-01 7.452674950054914982e-01 2.709649699718886806e-01 6.039407276284081139e-02 1.344254225902679067e-01 8.661551423536453242e-01 3.998647836630436769e-01 9.221945227780339316e-01 7.305277610958063050e-01 8.655153300479654366e-01 8.478835785572097494e-01 6.167766956961852065e-01 4.919099248432527993e-01 3.107696945463023219e-01 6.257853183521923102e-01 5.647527254232755922e-01 7.317359344037581703e-01 3.778811490650400007e-01 4.920105634855438947e-01 5.475786176495593960e-01 4.337376990455039660e-01
1.475815784132867292e-01 0.000000000000000000e+00 4.297868178007331341e-01 8.406097976166206909e-01 5.533021665722989146e-01 4.425559111647003885e-02 8.730568578529904755e-01 6.403541024371617318e-01 3.130576168335585385e-01 4.338448111869473434e-01 7.585866753113050809e-01 3.051827514917434536e-01 1.366319473431917286e-01 4.141496301910898570e-01 7.028220503743944914e-01 6.889341444465209019e-01 5.942037311000921695e-01 4.365832813148667335e-01 4.320028828104803820e-01 2.466999579719312274e-01 5.082403691871009155e-01 7.615887235956053658e-01 1.113019430169844837e-01 4.901637139722130332e-01 8.350623964330425864e-01 4.272822522499305498e-01 5.655762457718648273e-01 8.102247857377287144e-01 4.630517060835199761e-01 2.066067963315771916e-01 7.472192944304856255e-02 8.473133261150627149e-01 6.166703806776985264e-02 7.053033459048688725e-01 5.602137527192895261e-01
5.607496494564698786e-01 4.297868178007331341e-01 0.000000000000000000e+00 4.681371534582371430e-01 4.007525786639074550e-01 5.921835102552868157e-01 6.702779023743226094e-01 6.890285210406650318e-01 6.837085663133541935e-01 6.485307917450301440e-01 6.571001540668828245e-01 7.441144394541827634e-01 6.253058623009269956e-01 2.815598009615446484e-01 6.653451372843340872e-01 4.594101883914469275e-01 8.578592175106244389e-01 4.523052728492908403e-01 4.861568037227279593e-01 6.604820540389266803e-01 8.334611029112080072e-01 4.606977792352320300e-01 5.083291989576134151e-01 1.408462630166945062e-01 7.992294933980836902e-01 1.703569649592102664e-01 4.336348910265095391e-01 7.335057176329107254e-01 6.642715268956321806e-01 6.617832765503913750e-01 2.185320192892511448e-01 3.593892259933358369e-01 1.227802612193862331e-01 5.881120339677671227e-01 7.186638931383010354e-01
3.878436301739869863e-01 8.406097976166206909e-01 4.681371534582371430e-01 0.000000000000000000e+00 1.506696761025916320e-01 5.715234932849639904e-01 5.981020227063897909e-01 2.800445324039146922e-02 6.408249886302370690e-01 3.312269492866902754e-01 3.373775839044778069e-01 9.080968669637023982e-02 7.627954327839725490e-01 1.056910760639266922e-01 4.639168468121134814e-01 4.665028425882432606e-01 3.003334706533094534e-01 5.388672238743090759e-01 5.278071416610885525e-01 3.939076567231223347e-01 6.590792925899044974e-01 8.636845089041000900e-01 7.421286550098237234e-01 1.452815873623478637e-01 1.810533874473203575e-01 3.774279648757877803e-01 2.284232657435283365e-01 1.700712858410219352e-01 4.135589543423692227e-01 2.349137622774983836e-01 7.969256261068267122e-01 1.991587415000303785e-01 7.894329827639523511e-01 8.481156755129528602e-01 7.256452015042489379e-01
1.670899577481901321e-01 5.533021665722989146e-01 4.007525786639074550e-01 1.506696761025916320e-01 0.000000000000000000e+00 5.688496452198634756e-01 1.494281680714706906e-01 8.812975696631932809e-01 3.145458631384543957e-01 5.367160388747285182e-01 8.447616831935811366e-01 6.382625221586575304e-01 2.879389609652486803e-01 1.107490418995088488e-01 3.397983445116069534e-01 3.623603437174769404e-01 8.566258733475931031e-01 7.319587040147910173e-01 4.181504983838523204e-01 6.908000571227855824e-01 1.125047178802973669e-01 8.295023658557350021e-01 4.198080985821553424e-01 5.258311299341565936e-01 5.759567408204757655e-01 5.026149181159638157e-01 6.884841361002171922e-01 7.004617280891616282e-01 5.435671484494691841e-01 5.438267866359376423e-01 4.142525867671768003e-01 8.423712833398075972e-01 2.820259665398202609e-01 3.593059972143855529e-01 6.612981414620786591e-01
5.475304550414858973e-01 4.425559111647003885e-02 5.921835102552868157e-01 5.715234932849639904e-01 5.688496452198634756e-01 0.000000000000000000e+00 4.350194218019388659e-01 3.665027644644802685e-01 5.489207574596858263e-01 5.368371553291748643e-01 4.091225820645362221e-01 3.561704064284045845e-01 6.331117243347763601e-01 7.273522882171336024e-01 4.195913822417171035e-01 7.196875948355386798e-01 1.729165968608505910e-01 7.286563871223683542e-01 7.361818945155271798e-01 8.246834973540400071e-01 2.677661924760574852e-01 7.911715638855798538e-01 1.390991444409359068e-01 8.121161329271842089e-01 8.849176267578264810e-01 6.593682951077017851e-01 3.697434367518795950e-01 3.499388739520873370e-01 5.628378913787859261e-01 1.847367781032432932e-01 7.683884039046195991e-01 7.801312967556071065e-01 4.835110668647885634e-01 5.170649943622611655e-01 6.759018600416125677e-01
5.348835562785960729e-01 8.730568578529904755e-01 6.702779023743226094e-01 5.981020227063897909e-01 1.494281680714706906e-01 4.350194218019388659e-01 0.000000000000000000e+00 9.432829161026856646e-02 3.147929558220052826e-01 3.157415432977753733e-01 3.348329834660849769e-01 4.976050315900724108e-01 4.032645084655880896e-01 1.966033327606636627e-01 6.680404897951006671e-01 9.913009291949548274e-02 2.635568233895828616e-01 1.529444587160875280e-01 5.365650357183773256e-01 2.970445622773069116e-01 7.273012641957739000e-01 7.511532771237914297e-01 3.621061353598449273e-01 6.083552842656423376e-01 7.949228780978754294e-01 6.979807041883019370e-01 4.894287571347711308e-01 9.695375579621267059e-01 3.822410189967196392e-01 5.865855291645515335e-01 6.251795928872518893e-01 3.556315946870970413e-01 3.802345321608495698e-01 2.021745092820362855e-01 7.202825604094199585e-01
5.136705716405189914e-01 6.403541024371617318e-01 6.890285210406650318e-01 2.800445324039146922e-02 8.812975696631932809e-01 3.665027644644802685e-01 9.432829161026856646e-02 0.000000000000000000e+00 5.977051925586279735e-01 6.069439222732930794e-02 7.068760021828268680e-01 8.128214628036704026e-01 4.245645635879577440e-01 3.463950623991168265e-01 5.096028610058561670e-01 5.447814376122984692e-01 6.371685459982097122e-01 3.110750265450875629e-01 4.827867989937297821e-01 2.313037411905196628e-01 1.960912539246483233e-01 3.595738648386219705e-01 2.015520768447023325e-01 3.418499150891868288e-01 5.984782693311287982e-01 7.533752904467689859e-01 8.130710300915866551e-01 5.042295182444285206e-01 2.340606051788480801e-01 6.442880700269199012e-01 6.265168829991472066e-01 4.509402473494759644e-01 9.419113131387395477e-01 3.000481515100189567e-01 4.889924756017209329e-01
3.675831453472082622e-01 3.130576168335585385e-01 6.837085663133541935e-01 6.408249886302370690e-01 3.145458631384543957e-01 5.489207574596858263e-01 3.147929558220052826e-01 5.977051925586279735e-01 0.000000000000000000e+00 5.817361622582465364e-01 9.026743304710105331e-01 7.048008225766040358e-01 1.700924203858628081e-01 8.115652975311146156e-01 8.100417451095440757e-01 8.624520312647930842e-01 4.282777997370716960e-01 3.703653753881784860e-01 3.705527219307720999e-01 3.139297889176290157e-01 4.421890783437866235e-01 6.449391641992749946e-01 6.911411439829590053e-01 4.774264183313193799e-01 2.541357749487090367e-01 8.788078681688742400e-01 4.607092472919037118e-01 4.571417190446843692e-01 7.025115186935895206e-01 6.152752706156068285e-01 8.208636671039255539e-01 3.427752644518548553e-01 4.780281261812346916e-02 6.589130521581191280e-01 4.957520331205198527e-01
4.542174834443472031e-01 4.338448111869473434e-01 6.485307917450301440e-01 3.312269492866902754e-01 5.367160388747285182e-01 5.368371553291748643e-01 3.157415432977753733e-01 6.069439222732930794e-02 5.817361622582465364e-01 0.000000000000000000e+00 5.990805132442591496e-01 2.551508170755067972e-01 5.841570114151445337e-01 5.475152778277934118e-01 7.346610603603904721e-01 6.153034346636638841e-01 8.966061331030669157e-01 5.186477536748257400e-01 5.861761051591268812e-01 2.203222313269750376e-01 3.514306407877008098e-01 1.372258436955685612e-01 8.068897675391918378e-01 4.344992160816291138e-01 2.811047478468885474e-01 2.384427618681658201e-01 3.871544644498795540e-01 1.681885156566804707e-01 1.903202862964901154e-01 4.277650088912882120e-01 4.001646119960940995e-01 5.521242854879510054e-01 6.247131755501551531e-01 5.860089202324512136e-01 2.625678877090571461e-01
6.454591496610351253e-01 7.585866753113050809e-01 6.571001540668828245e-01 3.373775839044778069e-01 8.447616831935811366e-01 4.091225820645362221e-01 3.348329834660849769e-01 7.068760021828268680e-01 9.026743304710105331e-01 5.990805132442591496e-01 0.000000000000000000e+00 5.741781452283640785e-01 9.330387769957970701e-01 5.103612503240042564e-01 3.023649628379732057e-01 4.991718488277145371e-01 6.355577353902558402e-01 4.686882739971904299e-01 2.657602287770672866e-01 1.926843421186212879e-01 5.753926522568092450e-01 7.027057009968782353e-01 5.849139339971861640e-01 4.393916750982450048e-01 6.826786023000003256e-01 8.333153431184117110e-01 2.571481653847210724e-01 5.684448187398445373e-01 4.769708441997304038e-01 5.758048344838739840e-01 5.988227732292887850e-01 5.985347713331058417e-01 5.419954317572857061e-01 6.208227610826602128e-01 1.782846404190951972e-01
7.995575686138680638e-01 3.051827514917434536e-01 7.441144394541827634e-01 9.080968669637023982e-02 6.382625221586575304e-01 3.561704064284045845e-01 4.976050315900724108e-01 8.128214628036704026e-01 7.048008225766040358e-01 2.551508170755067972e-01 5.741781452283640785e-01 0.000000000000000000e+00 4.794857666212426484e-01 2.331289976158091859e-01 5.980837054558956201e-01 4.480368993936426625e-01 3.371969490020044757e-01 5.576221762847051178e-01 5.299342060820189104e-01 6.757716659183888863e-01 7.032555666404447514e-01 9.320991612269675652e-01 5.932082114532576389e-01 6.651598141767841588e-01 3.949325755833550389e-01 6.438506322787671543e-01 5.049838591364530505e-02 4.212979137075161806e-01 4.585645039305197290e-01 7.603986562138167482e-01 5.170247406963012216e-01 4.121217502127616505e-01 7.696097142902796895e-01 8.626176289231002325e-01 9.227619303614931212e-02
9.163430757678125982e-01 1.366319473431917286e-01 6.253058623009269956e-01 7.627954327839725490e-01 2.879389609652486803e-01 6.331117243347763601e-01 4.032645084655880896e-01 4.245645635879577440e-01 1.700924203858628081e-01 5.841570114151445337e-01 9.330387769957970701e-01 4.794857666212426484e-01 0.000000000000000000e+00 1.551745820455188163e-01 4.286905614914824358e-01 8.963992869010212194e-01 1.899400289789628937e-01 5.092973223237695635e-01 5.961690542863704589e-01 8.521018722881052998e-01 4.203027428950971700e-01 4.114407153137966677e-01 3.386800256284204225e-01 3.864972591498895271e-01 2.003823343314852234e-01 4.628648541493373680e-01 6.049125127988081996e-01 6.663458354598688071e-01 5.718901962126604621e-01 2.798733534890196495e-01 8.840756062792175518e-01 3.885585876465103006e-01 1.738077781699935431e-01 4.418132127307257684e-01 5.230508617365957624e-01
5.261476032852153706e-01 4.141496301910898570e-01 2.815598009615446484e-01 1.056910760639266922e-01 1.107490418995088488e-01 7.273522882171336024e-01 1.966033327606636627e-01 3.463950623991168265e-01 8.115652975311146156e-01 5.475152778277934118e-01 5.103612503240042564e-01 2.331289976158091859e-01 1.551745820455188163e-01 0.000000000000000000e+00 4.409545429167034403e-01 5.601762847881425200e-01 3.457052395557635438e-01 5.866763069799827424e-01 6.458520526093067815e-01 4.476997388483058282e-01 5.059438737474777348e-01 7.203517877523895052e-01 6.519096544459495046e-01 3.287986771308707423e-01 5.264471899543556876e-01 7.377379884809782684e-01 9.110873831606198792e-01 5.439353924783693062e-01 2.494721133477114106e-01 3.685219724950343223e-01 5.161220957915513274e-01 4.166439266153072474e-01 7.340455606553004664e-01 7.133673388381014391e-01 5.798749698348382164e-01
2.548850681163598586e-01 7.028220503743944914e-01 6.653451372843340872e-01 4.639168468121134814e-01 3.397983445116069534e-01 4.195913822417171035e-01 6.680404897951006671e-01 5.096028610058561670e-01 8.100417451095440757e-01 7.346610603603904721e-01 3.023649628379732057e-01 5.980837054558956201e-01 4.286905614914824358e-01 4.409545429167034403e-01 0.000000000000000000e+00 3.899784458067533932e-01 4.946231067665414205e-01 2.153016801681171821e-01 2.253439081651895104e-01 2.401902449099222459e-01 1.429698487220467662e-01 6.399125457945170625e-01 8.612950338896052660e-02 4.509865552489286111e-01 5.350305677758728784e-01 9.106336734278490663e-01 4.323374080886343562e-01 3.616196977542090463e-01 5.886994833975237595e-01 8.226548069768282456e-01 7.007066836789723752e-01 5.581247398270516857e-01 7.278344924109541036e-01 7.165498148256743693e-01 4.425324177859253916e-01
7.452674950054914982e-01 6.889341444465209019e-01 4.594101883914469275e-01 4.665028425882432606e-01 3.623603437174769404e-01 7.196875948355386798e-01 9.913009291949548274e-02 5.447814376122984692e-01 8.624520312647930842e-01 6.153034346636638841e-01 4.991718488277145371e-01 4.480368993936426625e-01 8.963992869010212194e-01 5.601762847881425200e-01 3.899784458067533932e-01 0.000000000000000000e+00 4.751986840047766059e-01 7.074215998724290300e-01 6.036562769679696405e-01 5.686469595049821191e-01 7.478592113151588672e-01 6.534113819200572104e-01 4.843127132815280289e-01 4.853087695028374116e-01 4.335710038846919967e-01 5.797319692783822198e-01 3.407564822112525982e-01 4.801651171664560458e-01 4.660287323829406247e-01 3.979696592697531399e-01 2.407344992844082099e-01 1.811737808799985250e-01 5.722103800541652463e-01 6.461751209745463242e-01 8.701842303738641649e-01
2.709649699718886806e-01 5.942037311000921695e-01 8.578592175106244389e-01 3.003334706533094534e-01 8.566258733475931031e-01 1.729165968608505910e-01 2.635568233895828616e-01 6.371685459982097122e-01 4.282777997370716960e-01 8.966061331030669157e-01 6.355577353902558402e-01 3.371969490020044757e-01 1.899400289789628937e-01 3.457052395557635438e-01 4.946231067665414205e-01 4.751986840047766059e-01 0.000000000000000000e+00 5.911350113287815455e-01 5.581060044739587500e-01 4.707103496394105524e-01 3.054170383042127401e-01 3.061684887684893441e-01 1.986579195755447946e-01 3.166226166429851885e-01 4.581629049499618689e-01 8.520835222811267151e-01 3.768048017904080949e-01 1.265580878664752662e-01 7.381630123432187940e-01 5.276432803988780895e-01 8.468399895008926759e-01 7.338264426221808856e-01 5.494086228652561577e-01 7.295960201185938132e-01 3.444812230344984627e-01
6.039407276284081139e-02 4.365832813148667335e-01 4.523052728492908403e-01 5.388672238743090759e-01 7.319587040147910173e-01 7.286563871223683542e-01 1.529444587160875280e-01 3.110750265450875629e-01 3.703653753881784860e-01 5.186477536748257400e-01 4.686882739971904299e-01 5.576221762847051178e-01 5.092973223237695635e-01 5.866763069799827424e-01 2.153016801681171821e-01 7.074215998724290300e-01 5.911350113287815455e-01 0.000000000000000000e+00 6.804225388634090876e-01 6.612129852418325848e-01 5.412824572631258491e-01 6.952655698260294947e-01 5.469725855269776948e-01 6.086327742039325805e-01 9.131465736973286562e-01 3.186736029367883694e-01 7.698289508055637942e-01 2.558437869845046064e-01 5.702491432677445626e-01 7.622800781429035499e-01 5.924504288674400376e-01 6.977560362562179597e-01 7.107830915283501749e-01 4.185197338589418115e-01 4.022540743325245804e-01
1.344254225902679067e-01 4.320028828104803820e-01 4.861568037227279593e-01 5.278071416610885525e-01 4.181504983838523204e-01 7.361818945155271798e-01 5.365650357183773256e-01 4.827867989937297821e-01 3.705527219307720999e-01 5.861761051591268812e-01 2.657602287770672866e-01 5.299342060820189104e-01 5.961690542863704589e-01 6.458520526093067815e-01 2.253439081651895104e-01 6.036562769679696405e-01 5.581060044739587500e-01 6.804225388634090876e-01 0.000000000000000000e+00 4.864112332130025029e-01 2.806679785930957793e-01 5.573120496400618684e-02 5.842452840562180061e-01 5.772823466316996388e-01 8.700420074950182547e-01 3.205477600065764210e-01 2.888395825693890195e-01 8.109364756582011502e-01 5.817903153878001277e-01 6.431740376803258830e-01 8.799990463545162012e-01 3.467249626416327724e-01 8.184197744375023564e-01 3.339557792700879046e-01 4.663881373336390412e-01
8.661551423536453242e-01 2.466999579719312274e-01 6.604820540389266803e-01 3.939076567231223347e-01 6.908000571227855824e-01 8.246834973540400071e-01 2.970445622773069116e-01 2.313037411905196628e-01 3.139297889176290157e-01 2.203222313269750376e-01 1.926843421186212879e-01 6.757716659183888863e-01 8.521018722881052998e-01 4.476997388483058282e-01 2.401902449099222459e-01 5.686469595049821191e-01 4.707103496394105524e-01 6.612129852418325848e-01 4.864112332130025029e-01 0.000000000000000000e+00 1.861169288594407556e-01 1.993746522719694880e-01 6.739424711805015455e-01 2.988727349138351475e-01 6.262505740617064776e-01 5.645137834575220115e-01 7.554652529480236911e-01 4.524006507022754753e-01 8.100673969772169691e-01 6.855339176043666605e-01 3.643638236361488314e-01 4.092176455080684949e-01 3.740132786126458830e-01 7.413004648093751703e-01 2.940711885105995460e-01
3.998647836630436769e-01 5.082403691871009155e-01 8.334611029112080072e-01 6.590792925899044974e-01 1.125047178802973669e-01 2.677661924760574852e-01 7.273012641957739000e-01 1.960912539246483233e-01 4.421890783437866235e-01 3.514306407877008098e-01 5.753926522568092450e-01 7.032555666404447514e-01 4.203027428950971700e-01 5.059438737474777348e-01 1.429698487220467662e-01 7.478592113151588672e-01 3.054170383042127401e-01 5.412824572631258491e-01 2.806679785930957793e-01 1.861169288594407556e-01 0.000000000000000000e+00 2.311710360584764423e-01 5.883467906746531195e-01 3.605465403739160357e-01 5.256363411157354282e-01 4.294638187205709889e-01 4.856174831315142604e-01 3.379913462892000786e-01 3.548962643419890095e-01 1.830204341080069463e-01 5.064412670766622604e-01 5.929474793585443049e-01 1.720464625043768292e-01 3.092392139084707559e-01 1.383955767497151434e-01
9.221945227780339316e-01 7.615887235956053658e-01 4.606977792352320300e-01 8.636845089041000900e-01 8.295023658557350021e-01 7.911715638855798538e-01 7.511532771237914297e-01 3.595738648386219705e-01 6.449391641992749946e-01 1.372258436955685612e-01 7.027057009968782353e-01 9.320991612269675652e-01 4.114407153137966677e-01 7.203517877523895052e-01 6.399125457945170625e-01 6.534113819200572104e-01 3.061684887684893441e-01 6.952655698260294947e-01 5.573120496400618684e-02 1.993746522719694880e-01 2.311710360584764423e-01 0.000000000000000000e+00 5.209943807262766846e-01 6.932029854966693661e-01 4.844506658807236077e-01 3.501424300388777944e-02 2.799051565840706690e-01 7.421322383267003886e-01 6.052291594498330207e-01 1.901642650921042677e-01 3.108628912400024924e-01 4.478355591889937592e-01 9.268547781928293539e-02 6.531774908413424674e-01 5.665504548511312022e-01
7.305277610958063050e-01 1.113019430169844837e-01 5.083291989576134151e-01 7.421286550098237234e-01 4.198080985821553424e-01 1.390991444409359068e-01 3.621061353598449273e-01 2.015520768447023325e-01 6.911411439829590053e-01 8.068897675391918378e-01 5.849139339971861640e-01 5.932082114532576389e-01 3.386800256284204225e-01 6.519096544459495046e-01 8.612950338896052660e-02 4.843127132815280289e-01 1.986579195755447946e-01 5.469725855269776948e-01 5.842452840562180061e-01 6.739424711805015455e-01 5.883467906746531195e-01 5.209943807262766846e-01 0.000000000000000000e+00 3.500856153601490384e-01 6.926035424749302782e-01 6.406834559247602812e-01 4.669826443543686478e-01 8.830470578167146645e-01 3.626580150961504767e-01 3.106048752805464219e-01 8.762622555711462313e-01 5.114488557766216914e-01 5.172211620532506382e-01 7.890444001640599669e-01 5.127995217215027823e-01
8.655153300479654366e-01 4.901637139722130332e-01 1.408462630166945062e-01 1.452815873623478637e-01 5.258311299341565936e-01 8.121161329271842089e-01 6.083552842656423376e-01 3.418499150891868288e-01 4.774264183313193799e-01 4.344992160816291138e-01 4.393916750982450048e-01 6.651598141767841588e-01 3.864972591498895271e-01 3.287986771308707423e-01 4.509865552489286111e-01 4.853087695028374116e-01 3.166226166429851885e-01 6.086327742039325805e-01 5.772823466316996388e-01 2.988727349138351475e-01 3.605465403739160357e-01 6.932029854966693661e-01 3.500856153601490384e-01 0.000000000000000000e+00 6.401545591482332709e-01 1.814452408665432337e-01 2.893327606551049369e-01 5.365788991830618970e-01 7.506658406553521345e-01 6.301645663774312345e-01 5.157189269319448766e-01 3.093733844097094066e-01 1.131389878660208348e-01 7.547358873519161016e-01 8.155980943710432474e-01
8.478835785572097494e-01 8.350623964330425864e-01 7.992294933980836902e-01 1.810533874473203575e-01 5.759567408204757655e-01 8.849176267578264810e-01 7.949228780978754294e-01 5.984782693311287982e-01 2.541357749487090367e-01 2.811047478468885474e-01 6.826786023000003256e-01 3.949325755833550389e-01 2.003823343314852234e-01 5.264471899543556876e-01 5.350305677758728784e-01 4.335710038846919967e-01 4.581629049499618689e-01 9.131465736973286562e-01 8.700420074950182547e-01 6.262505740617064776e-01 5.256363411157354282e-01 4.844506658807236077e-01 6.926035424749302782e-01 6.401545591482332709e-01 0.000000000000000000e+00 6.706260642714145792e-02 8.682882583051458880e-01 1.261049655124341085e-01 5.112345531259034903e-01 5.800167812237528864e-01 4.953760641600993830e-01 3.924503060769047869e-01 9.882509934509213778e-01 3.348392988288841909e-01 4.966884057863407698e-01
6.167766956961852065e-01 4.272822522499305498e-01 1.703569649592102664e-01 3.774279648757877803e-01 5.026149181159638157e-01 6.593682951077017851e-01 6.979807041883019370e-01 7.533752904467689859e-01 8.788078681688742400e-01 2.384427618681658201e-01 8.333153431184117110e-01 6.438506322787671543e-01 4.628648541493373680e-01 7.377379884809782684e-01 9.106336734278490663e-01 5.797319692783822198e-01 8.520835222811267151e-01 3.186736029367883694e-01 3.205477600065764210e-01 5.645137834575220115e-01 4.294638187205709889e-01 3.501424300388777944e-02 6.406834559247602812e-01 1.814452408665432337e-01 6.706260642714145792e-02 0.000000000000000000e+00 5.264850420519111562e-01 7.653757468634431183e-01 8.817091092486204484e-01 3.980492368657125857e-01 3.903891579939296474e-01 2.531810899194903985e-01 4.603359135764135135e-01 4.917408449862403774e-02 6.750484508369423153e-01
4.919099248432527993e-01 5.655762457718648273e-01 4.336348910265095391e-01 2.284232657435283365e-01 6.884841361002171922e-01 3.697434367518795950e-01 4.894287571347711308e-01 8.130710300915866551e-01 4.607092472919037118e-01 3.871544644498795540e-01 2.571481653847210724e-01 5.049838591364530505e-02 6.049125127988081996e-01 9.110873831606198792e-01 4.323374080886343562e-01 3.407564822112525982e-01 3.768048017904080949e-01 7.698289508055637942e-01 2.888395825693890195e-01 7.554652529480236911e-01 4.856174831315142604e-01 2.799051565840706690e-01 4.669826443543686478e-01 2.893327606551049369e-01 8.682882583051458880e-01 5.264850420519111562e-01 0.000000000000000000e+00 8.080651857474161481e-01 3.587340158175223448e-01 3.549879572587242293e-01 8.876774599030394786e-01 4.835354735085347633e-01 1.841216278991683053e-01 4.975022490959322141e-01 5.330659567856961267e-01
3.107696945463023219e-01 8.102247857377287144e-01 7.335057176329107254e-01 1.700712858410219352e-01 7.004617280891616282e-01 3.499388739520873370e-01 9.695375579621267059e-01 5.042295182444285206e-01 4.571417190446843692e-01 1.681885156566804707e-01 5.684448187398445373e-01 4.212979137075161806e-01 6.663458354598688071e-01 5.439353924783693062e-01 3.616196977542090463e-01 4.801651171664560458e-01 1.265580878664752662e-01 2.558437869845046064e-01 8.109364756582011502e-01 4.524006507022754753e-01 3.379913462892000786e-01 7.421322383267003886e-01 8.830470578167146645e-01 5.365788991830618970e-01 1.261049655124341085e-01 7.653757468634431183e-01 8.080651857474161481e-01 0.000000000000000000e+00 1.766477255788286849e-01 6.821770163317730784e-01 7.063943208310462518e-01 2.953418350551104687e-01 4.102115348293896568e-01 6.973886261969033384e-01 4.781215810891709661e-01
6.257853183521923102e-01 4.630517060835199761e-01 6.642715268956321806e-01 4.135589543423692227e-01 5.435671484494691841e-01 5.628378913787859261e-01 3.822410189967196392e-01 2.340606051788480801e-01 7.025115186935895206e-01 1.903202862964901154e-01 4.769708441997304038e-01 4.585645039305197290e-01 5.718901962126604621e-01 2.494721133477114106e-01 5.886994833975237595e-01 4.660287323829406247e-01 7.381630123432187940e-01 5.702491432677445626e-01 5.817903153878001277e-01 8.100673969772169691e-01 3.548962643419890095e-01 6.052291594498330207e-01 3.626580150961504767e-01 7.506658406553521345e-01 5.112345531259034903e-01 8.817091092486204484e-01 3.587340158175223448e-01 1.766477255788286849e-01 0.000000000000000000e+00 4.550224430855857594e-01 4.917709235333947992e-01 4.140003293856146516e-01 3.236300004600941582e-01 3.563373928923084244e-01 1.795611128979422988e-01
5.647527254232755922e-01 2.066067963315771916e-01 6.617832765503913750e-01 2.349137622774983836e-01 5.438267866359376423e-01 1.847367781032432932e-01 5.865855291645515335e-01 6.442880700269199012e-01 6.152752706156068285e-01 4.277650088912882120e-01 5.758048344838739840e-01 7.603986562138167482e-01 2.798733534890196495e-01 3.685219724950343223e-01 8.226548069768282456e-01 3.979696592697531399e-01 5.276432803988780895e-01 7.622800781429035499e-01 6.431740376803258830e-01 6.855339176043666605e-01 1.830204341080069463e-01 1.901642650921042677e-01 3.106048752805464219e-01 6.301645663774312345e-01 5.800167812237528864e-01 3.980492368657125857e-01 3.549879572587242293e-01 6.821770163317730784e-01 4.550224430855857594e-01 0.000000000000000000e+00 1.935653711523307452e-01 6.097249813444742816e-01 4.271536921217453653e-01 5.058698396543093168e-01 7.753282479434155938e-01
7.317359344037581703e-01 7.472192944304856255e-02 2.185320192892511448e-01 7.969256261068267122e-01 4.142525867671768003e-01 7.683884039046195991e-01 6.251795928872518893e-01 6.265168829991472066e-01 8.208636671039255539e-01 4.001646119960940995e-01 5.988227732292887850e-01 5.170247406963012216e-01 8.840756062792175518e-01 5.161220957915513274e-01 7.007066836789723752e-01 2.407344992844082099e-01 8.468399895008926759e-01 5.924504288674400376e-01 8.799990463545162012e-01 3.643638236361488314e-01 5.064412670766622604e-01 3.108628912400024924e-01 8.762622555711462313e-01 5.157189269319448766e-01 4.953760641600993830e-01 3.903891579939296474e-01 8.876774599030394786e-01 7.063943208310462518e-01 4.917709235333947992e-01 1.935653711523307452e-01 0.000000000000000000e+00 6.379015808812468213e-01 5.140713253370077229e-01 5.881232909556861621e-01 3.847649305065814485e-01
3.778811490650400007e-01 8.473133261150627149e-01 3.593892259933358369e-01 1.991587415000303785e-01 8.423712833398075972e-01 7.801312967556071065e-01 3.556315946870970413e-01 4.509402473494759644e-01 3.427752644518548553e-01 5.521242854879510054e-01 5.985347713331058417e-01 4.121217502127616505e-01 3.885585876465103006e-01 4.166439266153072474e-01 5.581247398270516857e-01 1.811737808799985250e-01 7.338264426221808856e-01 6.977560362562179597e-01 3.467249626416327724e-01 4.092176455080684949e-01 5.929474793585443049e-01 4.478355591889937592e-01 5.114488557766216914e-01 3.093733844097094066e-01 3.924503060769047869e-01 2.531810899194903985e-01 4.835354735085347633e-01 2.953418350551104687e-01 4.140003293856146516e-01 6.097249813444742816e-01 6.379015808812468213e-01 0.000000000000000000e+00 4.975331156396755605e-01 5.524088549782029123e-01 4.309090556927429594e-01
4.920105634855438947e-01 6.166703806776985264e-02 1.227802612193862331e-01 7.894329827639523511e-01 2.820259665398202609e-01 4.835110668647885634e-01 3.802345321608495698e-01 9.419113131387395477e-01 4.780281261812346916e-02 6.247131755501551531e-01 5.419954317572857061e-01 7.696097142902796895e-01 1.738077781699935431e-01 7.340455606553004664e-01 7.278344924109541036e-01 5.722103800541652463e-01 5.494086228652561577e-01 7.107830915283501749e-01 8.184197744375023564e-01 3.740132786126458830e-01 1.720464625043768292e-01 9.268547781928293539e-02 5.172211620532506382e-01 1.131389878660208348e-01 9.882509934509213778e-01 4.603359135764135135e-01 1.841216278991683053e-01 4.102115348293896568e-01 3.236300004600941582e-01 4.271536921217453653e-01 5.140713253370077229e-01 4.975331156396755605e-01 0.000000000000000000e+00 7.152078966295454254e-01 2.308814737393722893e-01
5.475786176495593960e-01 7.053033459048688725e-01 5.881120339677671227e-01 8.481156755129528602e-01 3.593059972143855529e-01 5.170649943622611655e-01 2.021745092820362855e-01 3.000481515100189567e-01 6.589130521581191280e-01 5.860089202324512136e-01 6.208227610826602128e-01 8.626176289231002325e-01 4.418132127307257684e-01 7.133673388381014391e-01 7.165498148256743693e-01 6.461751209745463242e-01 7.295960201185938132e-01 4.185197338589418115e-01 3.339557792700879046e-01 7.413004648093751703e-01 3.092392139084707559e-01 6.531774908413424674e-01 7.890444001640599669e-01 7.547358873519161016e-01 3.348392988288841909e-01 4.917408449862403774e-02 4.975022490959322141e-01 6.973886261969033384e-01 3.563373928923084244e-01 5.058698396543093168e-01 5.881232909556861621e-01 5.524088549782029123e-01 7.152078966295454254e-01 0.000000000000000000e+00 8.683070070994638456e-01
4.337376990455039660e-01 5.602137527192895261e-01 7.186638931383010354e-01 7.256452015042489379e-01 6.612981414620786591e-01 6.759018600416125677e-01 7.202825604094199585e-01 4.889924756017209329e-01 4.957520331205198527e-01 2.625678877090571461e-01 1.782846404190951972e-01 9.227619303614931212e-02 5.230508617365957624e-01 5.798749698348382164e-01 4.425324177859253916e-01 8.701842303738641649e-01 3.444812230344984627e-01 4.022540743325245804e-01 4.663881373336390412e-01 2.940711885105995460e-01 1.383955767497151434e-01 5.665504548511312022e-01 5.127995217215027823e-01 8.155980943710432474e-01 4.966884057863407698e-01 6.750484508369423153e-01 5.330659567856961267e-01 4.781215810891709661e-01 1.795611128979422988e-01 7.753282479434155938e-01 3.847649305065814485e-01 4.309090556927429594e-01 2.308814737393722893e-01 8.683070070994638456e-01 0.000000000000000000e+00
