0.000000000000000000e+00 5.495081135689252605e-01 6.755306364428876886e-01 3.634423322450414107e-01 5.422976838429345303e-01 2.506733609031342458e-01 6.597275289396602460e-01 3.174722402216088035e-01 9.105899864455321291e-01 4.513725792525679070e-01 4.942219938714141336e-01 4.502192559905919822e-01 7.851449014013787142e-01 6.580373653223712260e-01 4.389457772936580238e-01 6.047777282330911719e-01 8.230844240406838264e-01 8.210970660132161925e-01 7.463325557635713814e-02 5.069625570997531305e-01 5.617675931617378549e-01 7.383330036472773861e-01 4.057456603462049616e-01 6.637892131157514530e-01 2.685899124693085227e-01 7.663072852359671394e-01 6.424163522371310053e-01 7.060039027086136842e-01 2.254754468564978964e-01 8.696784163968442893e-01 4.580792973940610580e-01 3.724672390238145114e-01 5.554850652624895302e-01 8.009933493713083941e-02 2.691635210083409557e-01
5.495081135689252605e-01 0.000000000000000000e+00 2.180168189690861458e-01 3.041510187178939617e-01 1.876647247984843947e-01 4.710277730712074118e-01 9.638564581721498215e-02 4.539607673423453615e-01 3.082091178889314054e-01 5.415256522659812610e-01 6.443794297117309000e-01 5.271429002266683206e-01 5.046048162089100675e-01 1.722611459464408745e-01 7.892555722930612028e-01 5.793642673036440982e-01 5.613735438228282248e-01 5.472617678821786180e-01 7.103794924032493796e-01 5.128677457772350401e-01 4.767917843710639536e-01 5.298054378152972088e-01 3.232186515069969679e-01 5.246814550536107458e-01 3.147085200515219450e-01 8.295868415789875439e-01 4.559039049048954073e-01 5.425665254071916355e-01 3.547039982209720943e-02 6.575141033118574452e-01 8.041657734176710370e-01 2.190154283137064617e-01 9.577264844834147972e-01 6.009103989146865610e-01 5.893191527277941155e-01
6.755306364428876886e-01 2.180168189690861458e-01 0.000000000000000000e+00 1.221488676650286376e-01 7.581295378323117395e-01 9.874815875990047287e-01 7.062653455744316577e-01 6.036691440852193224e-01 5.253342484508933818e-01 5.042775131345138551e-01 3.120655089642399571e-01 3.902788733549954481e-01 5.141879181554835920e-01 4.330829292141221143e-01 6.577082351046170672e-01 3.227575550864432152e-01 2.150851043886515823e-01 5.122358079667663766e-01 6.467935414565153529e-01 8.497641214959417155e-01 2.966452033597963833e-01 5.586854174935453887e-01 5.391528590342817839e-01 9.653659541488796014e-01 1.635074762676093085e-01 5.291598223086788622e-01 4.328896084851063808e-01 6.755218214345557470e-01 5.694376518982944280e-01 5.498899222717263946e-01 4.024065951786599538e-01 5.245617082194109493e-01 3.615546992036793306e-01 3.435079316395457383e-01 6.641567146147600020e-01
3.634423322450414107e-01 3.041510187178939617e-01 1.221488676650286376e-01 0.000000000000000000e+00 6.188036325500083645e-01 3.598614974672231792e-02 4.829815480743657741e-01 2.267007178073041640e-01 1.770926522476665710e-01 6.111212581119609411e-01 8.673729303848296546e-01 8.812896985999774113e-01 6.268475631957228789e-01 2.105024541114551284e-01 7.196452710821490406e-01 6.900963749831421357e-01 6.321159902221724636e-01 1.720279325818251381e-01 3.804347405515710601e-01 8.004238698262058360e-01 4.915342451213997599e-01 6.911751194332647064e-01 3.632011809276262104e-01 6.537936053474241449e-01 6.512007156420382969e-01 6.887234436458762321e-01 4.996221533312175112e-01 8.035298180578753779e-01 6.150423565720453123e-02 3.628924373209160281e-01 2.868572013256448505e-01 4.606196067320534326e-01 4.447393757360486588e-01 4.108430572456692742e-01 4.740212021074081683e-01
5.422976838429345303e-01 1.876647247984843947e-01 7.581295378323117395e-01 6.188036325500083645e-01 0.000000000000000000e+00 6.798890554312576606e-01 4.478026137673239981e-01 4.194732718012544881e-01 6.538384758006141606e-01 5.107888768762862686e-01 7.781093076556607757e-01 9.247548783841528230e-01 4.757581419868986417e-01 4.057846716958612987e-01 4.470752886640706469e-01 3.304558939298170017e-01 6.458797948524974686e-01 3.591562814678847526e-01 4.803751446248409329e-01 5.660874650955581844e-01 3.445092794381673373e-01 3.133071518818045242e-01 7.341306437333015023e-01 3.756798230077799117e-01 8.931618601177707673e-01 3.987596272713299639e-01 4.522846039758043335e-01 6.162684888758103163e-01 2.658113937878670008e-02 4.705008472141171683e-01 7.011248562490703939e-01 4.816938665874936909e-01 6.950806417402540793e-01 1.637563589531441099e-01 3.542730938685129116e-01
2.506733609031342458e-01 4.710277730712074118e-01 9.874815875990047287e-01 3.598614974672231792e-02 6.798890554312576606e-01 0.000000000000000000e+00 5.381034198733936069e-01 3.042241492531007063e-01 8.357919787400338585e-01 7.249736945058303794e-01 5.488286140251052991e-01 4.780842835495555665e-01 4.769141514072783306e-02 7.849648763919130356e-01 3.933585413380432660e-01 2.878057032459415687e-01 4.695125737548984657e-01 1.686997227979925018e-01 6.267821577501800911e-01 3.659450727864895780e-01 1.985279307397257442e-01 2.671175761269981574e-01 7.031940854438563093e-01 1.928713564027908500e-01 7.670470530250321772e-01 5.867795851376277350e-01 2.067397670844601798e-01 6.087763440574713858e-01 5.479108889354790124e-01 5.846168004666358886e-01 5.973042477204433265e-01 7.598009897213948705e-01 2.356541431924562557e-01 4.347320078563363666e-01 8.258876862215287495e-01
6.597275289396602460e-01 9.638564581721498215e-02 7.062653455744316577e-01 4.829815480743657741e-01 4.478026137673239981e-01 5.381034198733936069e-01 0.000000000000000000e+00 5.817144088628904974e-01 2.606317377183612893e-01 5.025010793435125134e-01 6.073568572051486480e-01 1.738737233468907739e-01 3.710568993635328106e-01 7.446019497360465422e-01 5.924874408648921342e-01 7.922959129614736140e-01 5.997945122676904273e-01 5.905962583714499115e-01 4.084341474137694883e-01 6.212052573246608089e-01 1.300803151819589498e-01 7.569671875966739183e-01 4.194101949438803767e-01 2.142629430551684644e-01 6.562963139612916219e-01 5.570804835661891108e-01 5.597602683073326091e-01 5.120098680963659499e-01 1.799588020081511197e-01 5.449049330866067020e-01 2.323913340294889718e-01 8.307163710270675239e-01 5.340613655807171511e-01 5.370814855564405299e-01 4.495680439805240236e-01
3.174722402216088035e-01 4.539607673423453615e-01 6.036691440852193224e-01 2.267007178073041640e-01 4.194732718012544881e-01 3.042241492531007063e-01 5.817144088628904974e-01 0.000000000000000000e+00 8.162928185589848340e-01 4.172527405692254554e-01 2.605140822079110019e-01 3.346943790005968422e-01 3.629087996000340821e-01 4.687794428885747600e-01 4.515993272818662474e-01 9.005893098856601053e-01 4.736326373506314913e-01 7.252327942261371785e-02 3.860806207880160823e-01 7.144956513648653695e-01 5.949409472899085394e-01 2.686462380739923494e-01 4.648358875630669296e-01 4.416771733263348265e-01 5.152193513596476926e-01 5.745496274803962855e-01 3.544673235506828890e-01 5.023252037069578790e-01 8.140484172529123263e-01 1.014225378097556862e-01 8.338200494007905750e-01 7.222701321063864643e-01 6.682564444821572636e-01 7.761776494788239500e-01 5.236164733653679848e-01
9.105899864455321291e-01 3.082091178889314054e-01 5.253342484508933818e-01 1.770926522476665710e-01 6.538384758006141606e-01 8.357919787400338585e-01 2.606317377183612893e-01 8.162928185589848340e-01 0.000000000000000000e+00 5.235813378060608647e-01 2.198932272342026817e-01 7.724387539849408846e-01 8.348882236811625557e-01 4.205760629762822500e-01 7.193361983128122583e-01 3.198825279374903352e-01 6.252421022456084998e-01 2.996254331745730193e-01 6.666877591933844105e-01 1.852575066614062793e-01 4.828574259393492718e-01 5.502659763773845025e-01 4.713659589643365289e-01 2.840102195113726191e-01 6.672697893604155883e-01 5.176807980327403635e-01 4.825852669751947710e-01 2.528902147563184544e-01 4.049515968813545697e-01 2.110699325036264895e-01 2.520412209472224774e-01 4.861015406941411321e-01 6.147354068887114220e-01 7.239472172956242790e-01 5.131416360772889096e-01
4.513725792525679070e-01 5.415256522659812610e-01 5.042775131345138551e-01 6.111212581119609411e-01 5.107888768762862686e-01 7.249736945058303794e-01 5.025010793435125134e-01 4.172527405692254554e-01 5.235813378060608647e-01 0.000000000000000000e+00 1.331373954779130342e-01 5.337725566674260680e-01 2.974833842841701492e-01 6.666607618918424238e-01 7.031134769962341657e-01 3.382881384921250234e-01 2.177172628368890805e-01 6.897894536215812833e-01 3.752045509575829829e-01 4.668011518336824262e-01 6.126603962188628127e-01 3.430128027296867055e-01 1.911111829170351051e-01 4.590613879467542180e-01 5.469597306308293660e-01 7.899152844111878569e-01 4.300598187312403287e-01 8.053808406376963269e-01 5.816146428334308949e-01 4.744687130660090735e-01 4.594608769209372334e-01 2.092832242670919496e-01 3.196893694370664951e-01 2.608591908204578314e-01 7.654033083943294624e-01
4.942219938714141336e-01 6.443794297117309000e-01 3.120655089642399571e-01 8.673729303848296546e-01 7.781093076556607757e-01 5.488286140251052991e-01 6.073568572051486480e-01 2.605140822079110019e-01 2.198932272342026817e-01 1.331373954779130342e-01 0.000000000000000000e+00 7.224237127891777188e-01 4.249204860377008286e-01 3.567651067970921686e-01 6.565166000624358400e-01 3.215857612419552591e-01 3.232163917842622025e-01 8.488881422740058857e-01 6.832299070354483916e-01 1.817917289329785691e-01 4.734109112800027330e-01 4.503048822242274873e-01 7.089693843381522642e-01 3.616137745458417041e-01 3.189400690450585052e-01 2.173735370320079019e-01 4.996388131856224768e-01 4.830272498061749520e-01 3.009171930251195448e-01 4.981144478561509992e-01 3.919651331855341647e-01 4.266586839797861241e-01 8.892699156525809556e-01 2.119641299179907401e-01 5.384529848902079863e-01
4.502192559905919822e-01 5.271429002266683206e-01 3.902788733549954481e-01 8.812896985999774113e-01 9.247548783841528230e-01 4.780842835495555665e-01 1.738737233468907739e-01 3.346943790005968422e-01 7.724387539849408846e-01 5.337725566674260680e-01 7.224237127891777188e-01 0.000000000000000000e+00 4.838122648151911287e-01 4.097896911579230750e-01 6.287428797547764958e-01 4.322870140896130642e-01 6.753496317239775504e-01 4.252331430089291153e-01 1.928620395651782227e-01 5.773136814102481917e-01 4.237227345525553801e-01 7.753155981145888331e-01 8.140445051980682578e-02 3.264672849509532293e-01 6.709986685194042622e-01 5.386605999122061617e-01 5.126168451483035238e-01 4.847137034673060785e-01 6.973749037790167860e-01 6.575411728666427091e-01 8.272063757344206847e-01 2.010801117862497933e-01 4.581315749954644190e-01 6.449441298790961064e-01 7.224217041201860257e-01
7.851449014013787142e-01 5.046048162089100675e-01 5.141879181554835920e-01 6.268475631957228789e-01 4.757581419868986417e-01 4.769141514072783306e-02 3.710568993635328106e-01 3.629087996000340821e-01 8.348882236811625557e-01 2.974833842841701492e-01 4.249204860377008286e-01 4.838122648151911287e-01 0.000000000000000000e+00 1.123679986381391771e-01 5.602480887346317218e-01 8.297090895552551304e-01 5.453340863865073773e-01 2.486753236001441048e-01 5.449378914808511443e-01 7.939584996357271773e-01 6.948271525966353002e-01 5.043216291496017689e-01 7.756800798930129082e-01 2.921016358963144377e-01 4.008228297700824339e-01 4.923743874988584790e-01 5.528390113177632514e-01 1.131711329844753422e-01 8.305430049824937822e-01 8.697028782008484615e-01 4.524006173750341198e-01 6.486972910725369301e-01 6.017532076566675103e-01 4.947914294495336929e-01 1.406148630559163060e-01
6.580373653223712260e-01 1.722611459464408745e-01 4.330829292141221143e-01 2.105024541114551284e-01 4.057846716958612987e-01 7.849648763919130356e-01 7.446019497360465422e-01 4.687794428885747600e-01 4.205760629762822500e-01 6.666607618918424238e-01 3.567651067970921686e-01 4.097896911579230750e-01 1.123679986381391771e-01 0.000000000000000000e+00 2.697043058957996342e-01 4.975864581440052059e-01 5.205684905398519913e-01 5.275606617282477817e-01 2.273246387890043296e-01 3.287356116526113925e-01 5.926439117766739706e-01 3.578554062417131920e-01 7.792265849955399837e-01 9.367563977780435369e-02 6.835074078065594971e-01 9.546748322071187953e-01 6.667482599956731093e-01 4.092185848759880562e-01 7.563721660996143292e-01 6.303393900150774387e-01 6.556364399508829433e-01 5.047471121110098657e-01 5.880524039357037935e-02 1.459452021773092190e-01 1.800895878188261134e-01
4.389457772936580238e-01 7.892555722930612028e-01 6.577082351046170672e-01 7.196452710821490406e-01 4.470752886640706469e-01 3.933585413380432660e-01 5.924874408648921342e-01 4.515993272818662474e-01 7.193361983128122583e-01 7.031134769962341657e-01 6.565166000624358400e-01 6.287428797547764958e-01 5.602480887346317218e-01 2.697043058957996342e-01 0.000000000000000000e+00 5.551124652973178364e-01 7.076287947388282262e-01 5.257217331025171303e-01 7.903431294327905032e-01 2.964040552304423315e-01 5.001846042194740827e-01 8.295635094612081595e-01 3.305754586570352482e-01 4.994728845697365971e-01 8.661449902010669444e-01 3.870160188579110372e-01 3.223702770988694510e-01 4.319166211589238191e-01 5.839762870031734998e-01 3.841019021558879087e-01 6.466711579446527969e-01 6.241487998751878985e-01 5.203571825767614456e-01 5.660554318581667577e-01 7.171690765062525008e-01
6.047777282330911719e-01 5.793642673036440982e-01 3.227575550864432152e-01 6.900963749831421357e-01 3.304558939298170017e-01 2.878057032459415687e-01 7.922959129614736140e-01 9.005893098856601053e-01 3.198825279374903352e-01 3.382881384921250234e-01 3.215857612419552591e-01 4.322870140896130642e-01 8.297090895552551304e-01 4.975864581440052059e-01 5.551124652973178364e-01 0.000000000000000000e+00 4.868197696507400307e-01 4.278403122889764543e-01 4.519574449690462736e-01 3.057230303193040344e-01 4.888613395931052930e-01 6.437460531658496521e-01 6.583645331076040108e-01 3.744879355038708280e-01 2.035296336881194934e-01 5.287450241865757627e-01 5.082768400398196551e-01 2.278945073157120638e-01 5.277857765859534922e-01 2.905331345114073871e-01 8.791446518599023152e-01 8.818703427807045303e-02 5.014433526428155874e-01 2.780462527562787001e-01 2.168007256942077188e-01
8.230844240406838264e-01 5.613735438228282248e-01 2.150851043886515823e-01 6.321159902221724636e-01 6.458797948524974686e-01 4.695125737548984657e-01 5.997945122676904273e-01 4.736326373506314913e-01 6.252421022456084998e-01 2.177172628368890805e-01 3.232163917842622025e-01 6.753496317239775504e-01 5.453340863865073773e-01 5.205684905398519913e-01 7.076287947388282262e-01 4.868197696507400307e-01 0.000000000000000000e+00 4.650025139694651255e-01 1.631751912399754811e-01 5.027149834591708721e-01 5.877224661263360517e-01 7.842029250118082162e-01 3.020321455701203139e-01 4.767167272210126039e-01 6.341482782048238898e-01 5.720542992186704589e-01 6.916554606600542332e-01 7.438898517599590310e-01 2.763469094585894181e-01 8.075035297497529241e-01 7.761197221148320446e-01 6.799256605613511750e-01 2.390595359363532069e-01 7.834922252720226687e-01 6.360396892304085448e-01
8.210970660132161925e-01 5.472617678821786180e-01 5.122358079667663766e-01 1.720279325818251381e-01 3.591562814678847526e-01 1.686997227979925018e-01 5.905962583714499115e-01 7.252327942261371785e-02 2.996254331745730193e-01 6.897894536215812833e-01 8.488881422740058857e-01 4.252331430089291153e-01 2.486753236001441048e-01 5.275606617282477817e-01 5.257217331025171303e-01 4.278403122889764543e-01 4.650025139694651255e-01 0.000000000000000000e+00 5.000551931460801569e-01 7.676697917079180478e-01 5.290459395734976589e-01 7.687291291642860402e-01 5.750486199996577286e-01 1.941629164090250548e-01 7.515922352160502307e-01 5.031576850092380759e-01 8.065087810396098789e-01 5.150127835769389151e-01 5.598280366746175574e-01 5.699447406453245213e-01 4.635166474248637591e-01 5.922354435969534592e-01 7.359026740901559727e-01 5.920103406661864076e-01 8.081172858573089091e-01
7.463325557635713814e-02 7.103794924032493796e-01 6.467935414565153529e-01 3.804347405515710601e-01 4.803751446248409329e-01 6.267821577501800911e-01 4.084341474137694883e-01 3.860806207880160823e-01 6.666877591933844105e-01 3.752045509575829829e-01 6.832299070354483916e-01 1.928620395651782227e-01 5.449378914808511443e-01 2.273246387890043296e-01 7.903431294327905032e-01 4.519574449690462736e-01 1.631751912399754811e-01 5.000551931460801569e-01 0.000000000000000000e+00 2.136061106926625541e-01 5.832223833416964043e-01 4.844635128754244402e-01 1.971321213224115354e-01 1.499806700619105704e-01 4.448545867040593627e-01 6.613429839066737870e-01 6.083480816241814138e-01 5.478304952365034008e-01 7.515453091523089935e-01 6.079160664176445072e-01 5.449607215891527634e-01 4.531500093234869242e-01 4.892694483169126585e-01 7.454582549820072401e-01 6.163203238689541896e-01
5.069625570997531305e-01 5.128677457772350401e-01 8.497641214959417155e-01 8.004238698262058360e-01 5.660874650955581844e-01 3.659450727864895780e-01 6.212052573246608089e-01 7.144956513648653695e-01 1.852575066614062793e-01 4.668011518336824262e-01 1.817917289329785691e-01 5.773136814102481917e-01 7.939584996357271773e-01 3.287356116526113925e-01 2.964040552304423315e-01 3.057230303193040344e-01 5.027149834591708721e-01 7.676697917079180478e-01 2.136061106926625541e-01 0.000000000000000000e+00 4.655430570094926113e-01 7.413691610877451987e-01 4.409819367379081423e-01 1.916662821272147044e-01 2.702338157475504543e-01 2.621737016922138230e-01 6.868969631476193882e-01 6.404391719608558686e-01 4.385592801057196510e-01 8.156479808215808536e-01 5.634133835717283212e-01 5.792356626140688913e-01 4.286955044425612149e-01 6.888409912253323775e-01 7.961602758197010576e-01
5.617675931617378549e-01 4.767917843710639536e-01 2.966452033597963833e-01 4.915342451213997599e-01 3.445092794381673373e-01 1.985279307397257442e-01 1.300803151819589498e-01 5.949409472899085394e-01 4.828574259393492718e-01 6.126603962188628127e-01 4.734109112800027330e-01 4.237227345525553801e-01 6.948271525966353002e-01 5.926439117766739706e-01 5.001846042194740827e-01 4.888613395931052930e-01 5.877224661263360517e-01 5.290459395734976589e-01 5.832223833416964043e-01 4.655430570094926113e-01 0.000000000000000000e+00 5.045115332077054759e-01 4.725271023775228785e-01 7.372360395041358538e-01 4.542911021626492296e-01 5.069893844978122788e-01 3.902892119221912370e-01 5.177690860866346334e-01 7.462142794323840533e-01 7.034475603256258314e-01 5.249458903368655616e-01 6.058712654826139410e-01 4.858589497532788126e-01 3.037054561764866989e-01 6.055808021919788509e-01
7.383330036472773861e-01 5.298054378152972088e-01 5.586854174935453887e-01 6.911751194332647064e-01 3.133071518818045242e-01 2.671175761269981574e-01 7.569671875966739183e-01 2.686462380739923494e-01 5.502659763773845025e-01 3.430128027296867055e-01 4.503048822242274873e-01 7.753155981145888331e-01 5.043216291496017689e-01 3.578554062417131920e-01 8.295635094612081595e-01 6.437460531658496521e-01 7.842029250118082162e-01 7.687291291642860402e-01 4.844635128754244402e-01 7.413691610877451987e-01 5.045115332077054759e-01 0.000000000000000000e+00 2.706435187793413411e-01 5.885355792234641115e-01 5.951597400510668656e-01 5.843615503781651732e-01 9.227988998673252174e-01 5.747355010010289922e-01 6.853196902149247816e-01 8.006067865689409091e-01 5.528105983144466773e-01 4.016742963407153866e-01 8.668564797513966802e-01 6.692631743425885293e-01 5.040057817645814398e-01
4.057456603462049616e-01 3.232186515069969679e-01 5.391528590342817839e-01 3.632011809276262104e-01 7.341306437333015023e-01 7.031940854438563093e-01 4.194101949438803767e-01 4.648358875630669296e-01 4.713659589643365289e-01 1.911111829170351051e-01 7.089693843381522642e-01 8.140445051980682578e-02 7.756800798930129082e-01 7.792265849955399837e-01 3.305754586570352482e-01 6.583645331076040108e-01 3.020321455701203139e-01 5.750486199996577286e-01 1.971321213224115354e-01 4.409819367379081423e-01 4.725271023775228785e-01 2.706435187793413411e-01 0.000000000000000000e+00 5.593413246518450510e-01 3.542506338304632907e-01 5.625762895530488361e-01 4.626400303128849201e-01 6.296803357275705393e-01 5.206162454822593766e-01 8.338723378014307741e-01 7.821137751653400860e-02 6.046809882233963318e-01 5.972902721225719080e-01 6.597179517330393761e-01 2.877975649641004718e-01
6.637892131157514530e-01 5.246814550536107458e-01 9.653659541488796014e-01 6.537936053474241449e-01 3.756798230077799117e-01 1.928713564027908500e-01 2.142629430551684644e-01 4.416771733263348265e-01 2.840102195113726191e-01 4.590613879467542180e-01 3.616137745458417041e-01 3.264672849509532293e-01 2.921016358963144377e-01 9.367563977780435369e-02 4.994728845697365971e-01 3.744879355038708280e-01 4.767167272210126039e-01 1.941629164090250548e-01 1.499806700619105704e-01 1.916662821272147044e-01 7.372360395041358538e-01 5.885355792234641115e-01 5.593413246518450510e-01 0.000000000000000000e+00 6.605081793909226562e-01 1.181061811483790636e-01 3.927076518169091424e-01 7.640355825849158844e-01 7.544954346725714078e-01 5.627001972123570894e-01 2.282906114711031886e-01 2.648804267899171894e-01 6.963250033593307853e-01 5.088721250179186750e-01 3.545807264773223055e-01
2.685899124693085227e-01 3.147085200515219450e-01 1.635074762676093085e-01 6.512007156420382969e-01 8.931618601177707673e-01 7.670470530250321772e-01 6.562963139612916219e-01 5.152193513596476926e-01 6.672697893604155883e-01 5.469597306308293660e-01 3.189400690450585052e-01 6.709986685194042622e-01 4.008228297700824339e-01 6.835074078065594971e-01 8.661449902010669444e-01 2.035296336881194934e-01 6.341482782048238898e-01 7.515922352160502307e-01 4.448545867040593627e-01 2.702338157475504543e-01 4.542911021626492296e-01 5.951597400510668656e-01 3.542506338304632907e-01 6.605081793909226562e-01 0.000000000000000000e+00 8.541365252541328612e-01 3.600051035021101242e-01 6.663915171559935402e-01 5.257474563704309656e-01 1.465956157497841361e-01 1.595789746985464275e-01 3.045285701705047199e-01 5.388729238521771103e-01 5.557386038806034767e-01 4.663968387420895922e-01
7.663072852359671394e-01 8.295868415789875439e-01 5.291598223086788622e-01 6.887234436458762321e-01 3.987596272713299639e-01 5.867795851376277350e-01 5.570804835661891108e-01 5.745496274803962855e-01 5.176807980327403635e-01 7.899152844111878569e-01 2.173735370320079019e-01 5.386605999122061617e-01 4.923743874988584790e-01 9.546748322071187953e-01 3.870160188579110372e-01 5.287450241865757627e-01 5.720542992186704589e-01 5.031576850092380759e-01 6.613429839066737870e-01 2.621737016922138230e-01 5.069893844978122788e-01 5.843615503781651732e-01 5.625762895530488361e-01 1.181061811483790636e-01 8.541365252541328612e-01 0.000000000000000000e+00 2.240282117949235485e-01 1.572833450104542119e-01 2.532210951573334867e-01 7.645509345992066441e-01 2.977041272812462891e-01 5.391061935910457237e-01 1.257013910388079525e-01 1.807514667075934001e-01 9.115087968288124731e-01
6.424163522371310053e-01 4.559039049048954073e-01 4.328896084851063808e-01 4.996221533312175112e-01 4.522846039758043335e-01 2.067397670844601798e-01 5.597602683073326091e-01 3.544673235506828890e-01 4.825852669751947710e-01 4.300598187312403287e-01 4.996388131856224768e-01 5.126168451483035238e-01 5.528390113177632514e-01 6.667482599956731093e-01 3.223702770988694510e-01 5.082768400398196551e-01 6.916554606600542332e-01 8.065087810396098789e-01 6.083480816241814138e-01 6.868969631476193882e-01 3.902892119221912370e-01 9.227988998673252174e-01 4.626400303128849201e-01 3.927076518169091424e-01 3.600051035021101242e-01 2.240282117949235485e-01 0.000000000000000000e+00 3.610308801197436024e-01 9.119315212420082695e-01 6.428106917679721199e-02 9.320471287610352373e-01 4.664708497449063795e-01 5.108891059796628609e-01 2.328786394558551853e-01 6.757406142229001045e-01
7.060039027086136842e-01 5.425665254071916355e-01 6.755218214345557470e-01 8.035298180578753779e-01 6.162684888758103163e-01 6.087763440574713858e-01 5.120098680963659499e-01 5.023252037069578790e-01 2.528902147563184544e-01 8.053808406376963269e-01 4.830272498061749520e-01 4.847137034673060785e-01 1.131711329844753422e-01 4.092185848759880562e-01 4.319166211589238191e-01 2.278945073157120638e-01 7.438898517599590310e-01 5.150127835769389151e-01 5.478304952365034008e-01 6.404391719608558686e-01 5.177690860866346334e-01 5.747355010010289922e-01 6.296803357275705393e-01 7.640355825849158844e-01 6.663915171559935402e-01 1.572833450104542119e-01 3.610308801197436024e-01 0.000000000000000000e+00 4.081535267463844430e-01 9.067881274029804262e-01 4.462166275056958509e-01 4.979652513262787239e-01 4.790097257515988916e-01 1.617411389217227047e-01 5.175290304234823058e-01
2.254754468564978964e-01 3.547039982209720943e-02 5.694376518982944280e-01 6.150423565720453123e-02 2.658113937878670008e-02 5.479108889354790124e-01 1.799588020081511197e-01 8.140484172529123263e-01 4.049515968813545697e-01 5.816146428334308949e-01 3.009171930251195448e-01 6.973749037790167860e-01 8.305430049824937822e-01 7.563721660996143292e-01 5.839762870031734998e-01 5.277857765859534922e-01 2.763469094585894181e-01 5.598280366746175574e-01 7.515453091523089935e-01 4.385592801057196510e-01 7.462142794323840533e-01 6.853196902149247816e-01 5.206162454822593766e-01 7.544954346725714078e-01 5.257474563704309656e-01 2.532210951573334867e-01 9.119315212420082695e-01 4.081535267463844430e-01 0.000000000000000000e+00 7.689424321168877308e-01 6.038357270542353827e-01 5.392674131188359699e-01 1.812158578039915202e-01 5.580277548445886637e-01 4.292947777509897311e-01
8.696784163968442893e-01 6.575141033118574452e-01 5.498899222717263946e-01 3.628924373209160281e-01 4.705008472141171683e-01 5.846168004666358886e-01 5.449049330866067020e-01 1.014225378097556862e-01 2.110699325036264895e-01 4.744687130660090735e-01 4.981144478561509992e-01 6.575411728666427091e-01 8.697028782008484615e-01 6.303393900150774387e-01 3.841019021558879087e-01 2.905331345114073871e-01 8.075035297497529241e-01 5.699447406453245213e-01 6.079160664176445072e-01 8.156479808215808536e-01 7.034475603256258314e-01 8.006067865689409091e-01 8.338723378014307741e-01 5.627001972123570894e-01 1.465956157497841361e-01 7.645509345992066441e-01 6.428106917679721199e-02 9.067881274029804262e-01 7.689424321168877308e-01 0.000000000000000000e+00 8.444966904196655744e-01 7.230787906196612935e-01 6.271983735574353513e-01 2.857490897493595305e-01 2.830840708722369703e-01
4.580792973940610580e-01 8.041657734176710370e-01 4.024065951786599538e-01 2.868572013256448505e-01 7.011248562490703939e-01 5.973042477204433265e-01 2.323913340294889718e-01 8.338200494007905750e-01 2.520412209472224774e-01 4.594608769209372334e-01 3.919651331855341647e-01 8.272063757344206847e-01 4.524006173750341198e-01 6.556364399508829433e-01 6.466711579446527969e-01 8.791446518599023152e-01 7.761197221148320446e-01 4.635166474248637591e-01 5.449607215891527634e-01 5.634133835717283212e-01 5.249458903368655616e-01 5.528105983144466773e-01 7.821137751653400860e-02 2.282906114711031886e-01 1.595789746985464275e-01 2.977041272812462891e-01 9.320471287610352373e-01 4.462166275056958509e-01 6.038357270542353827e-01 8.444966904196655744e-01 0.000000000000000000e+00 4.888404646530997155e-01 4.070437844105750935e-01 2.680348928725080349e-01 5.236657489148957012e-01
3.724672390238145114e-01 2.190154283137064617e-01 5.245617082194109493e-01 4.606196067320534326e-01 4.816938665874936909e-01 7.598009897213948705e-01 8.307163710270675239e-01 7.222701321063864643e-01 4.861015406941411321e-01 2.092832242670919496e-01 4.266586839797861241e-01 2.010801117862497933e-01 6.486972910725369301e-01 5.047471121110098657e-01 6.241487998751878985e-01 8.818703427807045303e-02 6.799256605613511750e-01 5.922354435969534592e-01 4.531500093234869242e-01 5.792356626140688913e-01 6.058712654826139410e-01 4.016742963407153866e-01 6.046809882233963318e-01 2.648804267899171894e-01 3.045285701705047199e-01 5.391061935910457237e-01 4.664708497449063795e-01 4.979652513262787239e-01 5.392674131188359699e-01 7.230787906196612935e-01 4.888404646530997155e-01 0.000000000000000000e+00 2.563302542442557064e-01 4.837759924212228224e-01 7.676840961382755957e-01
5.554850652624895302e-01 9.577264844834147972e-01 3.615546992036793306e-01 4.447393757360486588e-01 6.950806417402540793e-01 2.356541431924562557e-01 5.340613655807171511e-01 6.682564444821572636e-01 6.147354068887114220e-01 3.196893694370664951e-01 8.892699156525809556e-01 4.581315749954644190e-01 6.017532076566675103e-01 5.880524039357037935e-02 5.203571825767614456e-01 5.014433526428155874e-01 2.390595359363532069e-01 7.359026740901559727e-01 4.892694483169126585e-01 4.286955044425612149e-01 4.858589497532788126e-01 8.668564797513966802e-01 5.972902721225719080e-01 6.963250033593307853e-01 5.388729238521771103e-01 1.257013910388079525e-01 5.108891059796628609e-01 4.790097257515988916e-01 1.812158578039915202e-01 6.271983735574353513e-01 4.070437844105750935e-01 2.563302542442557064e-01 0.000000000000000000e+00 3.359890924299965276e-01 7.209439733631600733e-01
8.009933493713083941e-02 6.009103989146865610e-01 3.435079316395457383e-01 4.108430572456692742e-01 1.637563589531441099e-01 4.347320078563363666e-01 5.370814855564405299e-01 7.761776494788239500e-01 7.239472172956242790e-01 2.608591908204578314e-01 2.119641299179907401e-01 6.449441298790961064e-01 4.947914294495336929e-01 1.459452021773092190e-01 5.660554318581667577e-01 2.780462527562787001e-01 7.834922252720226687e-01 5.920103406661864076e-01 7.454582549820072401e-01 6.888409912253323775e-01 3.037054561764866989e-01 6.692631743425885293e-01 6.597179517330393761e-01 5.088721250179186750e-01 5.557386038806034767e-01 1.807514667075934001e-01 2.328786394558551853e-01 1.617411389217227047e-01 5.580277548445886637e-01 2.857490897493595305e-01 2.680348928725080349e-01 4.837759924212228224e-01 3.359890924299965276e-01 0.000000000000000000e+00 5.083724176746314827e-01
2.691635210083409557e-01 5.893191527277941155e-01 6.641567146147600020e-01 4.740212021074081683e-01 3.542730938685129116e-01 8.258876862215287495e-01 4.495680439805240236e-01 5.236164733653679848e-01 5.131416360772889096e-01 7.654033083943294624e-01 5.384529848902079863e-01 7.224217041201860257e-01 1.406148630559163060e-01 1.800895878188261134e-01 7.171690765062525008e-01 2.168007256942077188e-01 6.360396892304085448e-01 8.081172858573089091e-01 6.163203238689541896e-01 7.961602758197010576e-01 6.055808021919788509e-01 5.040057817645814398e-01 2.877975649641004718e-01 3.545807264773223055e-01 4.663968387420895922e-01 9.115087968288124731e-01 6.757406142229001045e-01 5.175290304234823058e-01 4.292947777509897311e-01 2.830840708722369703e-01 5.236657489148957012e-01 7.676840961382755957e-01 7.209439733631600733e-01 5.083724176746314827e-01 0.000000000000000000e+00
