0.000000000000000000e+00 5.387487024812025460e-01 4.756352944934253424e-01 6.116231236849201114e-01 8.695602150757399951e-01 3.566282762568139253e-01 4.794897832557480366e-01 3.711964023381456590e-01 3.831888690340039538e-01 3.287471826593414415e-01 5.425923034377638787e-01 4.003272840076372296e-01 4.521124574370212201e-01 1.098357025526558450e-01 9.675678492270567421e-01 1.144803403145151499e-01 3.845655308588680765e-01 7.609173693748729761e-01 1.415978771858529273e-01 5.732465269321433965e-01 5.593709620776871061e-01 3.481038014110540146e-01 2.757727168912265103e-01 8.773611656853228524e-01 3.293943711592408619e-01 5.247930859309144491e-01 1.943602530262276140e-01 5.332400055809494166e-01 4.091739018820853557e-01 2.510952407316843216e-01 1.590362598316725773e-01 6.787026979316943542e-01 5.969927871903986105e-01 9.280225482353663402e-01 2.923820614564451303e-01
5.387487024812025460e-01 0.000000000000000000e+00 6.817337289952482005e-01 8.097870463022331933e-01 6.945719359006238269e-01 3.172093480388905595e-01 2.086424279212993893e-01 7.418354104922869618e-01 5.379440939224103824e-01 9.032207961076982317e-01 6.345554572529867876e-01 4.859719116605432654e-01 4.968074644651568894e-01 4.591861961237704293e-01 5.627137785157448890e-01 4.116301934875907786e-01 2.352802144855058453e-01 7.176390308484794645e-01 7.414086414629185162e-01 7.752333392099680642e-01 7.911090741236793678e-01 6.407071881134258629e-01 5.084904276769774967e-01 5.153703395701668688e-01 6.825021433086457812e-01 4.328859149401795836e-01 4.269754622324575255e-01 4.068706920868059851e-01 3.385723094690557544e-01 7.306946565712331143e-01 4.893771767558006136e-01 3.060624518412208839e-01 5.710764070040911244e-01 3.932180343202194006e-01 5.595225630460196609e-01
4.756352944934253424e-01 6.817337289952482005e-01 0.000000000000000000e+00 3.162277869157180676e-01 5.635017583046260103e-01 5.128543593522374433e-01 5.925483681456862328e-01 2.178523022288902378e-01 4.507428185506087703e-01 4.973638615513323313e-01 8.329148918656696932e-01 8.844855301031882000e-01 3.953470909622542884e-01 5.124490353946868915e-01 7.310339485878508681e-01 4.076443825975283874e-01 4.720386127977156399e-01 2.842129813917130265e-01 5.969459030915977849e-01 1.078012341775546057e-01 4.585402706078943180e-01 3.972350996174292548e-01 2.440389625915014848e-01 3.766252127314069220e-01 6.485549610494774075e-01 3.542492561373830062e-01 7.380317485415475165e-01 7.743317011004647865e-01 7.404512217503739224e-01 6.609035566840115727e-01 3.379140903803163898e-01 4.488294715018993353e-01 6.103359348571950616e-01 7.220213762167000393e-01 5.712440182443569991e-01
6.116231236849201114e-01 8.097870463022331933e-01 3.162277869157180676e-01 0.000000000000000000e+00 8.878189071452976533e-01 2.915756032251523022e-01 8.585278612624613892e-01 4.578155502100901830e-01 4.594279707957765746e-01 1.882023168757296361e-01 4.429413543414034149e-01 4.385525308822554869e-01 6.248752764009679606e-01 2.324169215695474078e-01 4.819792341533776781e-01 3.513906895313537726e-01 3.629053538178591554e-01 3.851142473011712752e-01 8.730151496349912721e-01 1.886918104915021877e-01 2.606919993692519144e-01 4.680656788328784734e-01 9.147955972324572915e-02 4.889429222506775918e-01 3.273880365990648467e-01 7.449098963654068317e-01 6.790913229934676387e-01 7.804676820962638262e-01 4.137233247943946646e-01 3.156452238880339545e-01 5.199066379896166712e-01 4.853102373118818313e-01 7.357386826506411293e-01 4.297004449502955237e-01 9.064145130252432292e-01
8.695602150757399951e-01 6.945719359006238269e-01 5.635017583046260103e-01 8.878189071452976533e-01 0.000000000000000000e+00 3.799261474961489471e-01 3.281677533188681606e-01 4.035769541703601582e-01 4.045105809165458477e-01 5.062955641381043925e-01 6.803638393166213660e-01 5.033506033334711471e-01 7.116219553821867549e-01 3.973471780393508235e-01 3.347105179003713182e-01 4.080131882878696992e-01 3.667911030927012428e-01 6.308220839453420048e-01 5.883902510554031018e-01 6.897487960805757101e-01 4.812929839733240955e-01 5.555722725684221208e-01 5.081810722584674256e-01 5.829203610579298811e-01 7.371446494754870793e-01 4.845198828075858999e-01 6.418282427262030909e-01 1.594084265820875368e-01 9.156619249901920554e-02 5.486154334465132010e-01 6.615963462691658581e-01 7.011228438845741318e-01 9.258551597905977371e-01 7.428189513905328889e-01 8.966039880119878180e-01
3.566282762568139253e-01 3.172093480388905595e-01 5.128543593522374433e-01 2.915756032251523022e-01 3.799261474961489471e-01 0.000000000000000000e+00 2.404466646731125701e-01 5.307057564683264062e-01 4.085082286353508563e-01 6.486590393991347181e-01 3.891329609289277958e-01 8.517720083333095715e-01 8.252115338034557990e-01 9.006314373732549061e-01 6.979016334228038687e-01 3.876834209881562798e-01 4.350294415636082324e-01 3.508915694425094323e-01 7.042689989581690790e-01 2.321544987535003046e-01 7.709979422584924968e-01 2.399458906859988083e-01 4.411619654095220167e-01 4.909109608221945975e-01 6.932523774444716569e-01 4.832597442500486951e-01 4.040516323725195091e-01 3.387325069967370705e-01 5.726207292983651609e-01 4.893117234837287555e-01 5.064510698181947657e-01 9.033691701749098080e-01 5.693034477488885248e-01 8.218134249297683880e-01 7.913354506947312128e-02
4.794897832557480366e-01 2.086424279212993893e-01 5.925483681456862328e-01 8.585278612624613892e-01 3.281677533188681606e-01 2.404466646731125701e-01 0.000000000000000000e+00 7.852947357821906671e-01 8.430251685893810354e-01 4.051070385266148932e-01 4.757023193599307920e-01 2.828115885694703069e-01 7.606369836580403332e-01 6.823474335994852424e-01 7.505398064860883123e-01 8.011552643042747501e-01 8.346279366810314126e-01 6.465146948234934410e-01 3.555178215028588218e-01 2.617956746576037275e-01 4.659495427164427328e-01 5.932146249484109291e-01 4.884325056332993742e-01 5.735694670678068707e-01 6.703714222818069057e-01 1.660095734538706846e-01 8.569504888985965962e-01 8.618660805810145487e-01 8.371039941825377806e-01 1.511659754664873567e-01 5.745513453302873996e-01 3.248978944262713719e-01 6.450516754451871559e-01 4.234982813559766690e-01 3.301341660837326941e-01
3.711964023381456590e-01 7.418354104922869618e-01 2.178523022288902378e-01 4.578155502100901830e-01 4.035769541703601582e-01 5.307057564683264062e-01 7.852947357821906671e-01 0.000000000000000000e+00 4.825174475633342563e-01 2.129602776229422290e-01 1.314974124754770823e-01 2.077599818787826402e-01 6.626333182786612319e-01 4.753862006871925616e-01 7.304195491288908437e-01 2.701151741847797605e-01 1.694206550811819811e-01 5.710492765810676330e-01 5.743119972990755606e-01 6.472643041921175566e-01 2.476949021632783854e-01 6.947765511984155262e-01 9.045447299676226960e-01 4.439082707747815659e-01 7.018844798920664818e-02 4.074021888789440826e-01 4.846424365922024635e-01 6.061085280635094552e-01 7.792040126392754118e-01 6.401940423394396618e-01 2.760798986101242747e-01 5.150868287297227788e-02 7.180798535253880566e-01 3.300191422223093252e-01 5.600065952334786212e-01
3.831888690340039538e-01 5.379440939224103824e-01 4.507428185506087703e-01 4.594279707957765746e-01 4.045105809165458477e-01 4.085082286353508563e-01 8.430251685893810354e-01 4.825174475633342563e-01 0.000000000000000000e+00 3.559920656109510917e-01 2.858527351306734410e-01 6.346032529845747616e-01 2.629334428086479436e-01 5.687967306832516501e-01 2.428483742707469861e-01 4.912308525642170576e-01 3.656151888536505190e-01 3.395167991330920731e-01 6.122468407599639395e-01 2.750666774201859788e-01 2.454700488158727545e-01 7.904377573472695095e-01 5.113562339117126987e-01 8.053769213363994872e-01 5.462048989036034641e-01 4.336139289909390904e-01 4.122381759774070287e-01 9.004078804038244677e-01 2.979791337349287916e-01 5.392461056482498183e-01 3.265728232113261353e-01 8.718275983013217267e-01 6.810877872516736264e-01 4.265815437936895660e-01 5.177672397665382675e-01
3.287471826593414415e-01 9.032207961076982317e-01 4.973638615513323313e-01 1.882023168757296361e-01 5.062955641381043925e-01 6.486590393991347181e-01 4.051070385266148932e-01 2.129602776229422290e-01 3.559920656109510917e-01 0.000000000000000000e+00 5.952445043688467941e-01 3.523613836745566608e-01 4.964575028117484412e-01 7.635147967429274374e-01 6.695133527514696148e-02 5.536801502302468592e-02 3.878118849306195770e-01 3.762105918090790091e-01 3.211605178455890219e-01 4.184366822216510906e-01 4.486614697014250641e-01 3.562985411175068062e-01 4.641516876796816238e-01 4.409351251048725939e-01 7.656068919020013741e-01 3.502133086330025957e-01 2.434553702780932749e-01 2.585049610729415193e-01 2.863677457382285407e-01 5.677329766875061079e-01 8.217843333353546109e-01 5.244183303830158849e-01 6.616879370842017050e-01 1.638776400804670685e-01 4.962629121393479226e-01
5.425923034377638787e-01 6.345554572529867876e-01 8.329148918656696932e-01 4.429413543414034149e-01 6.803638393166213660e-01 3.891329609289277958e-01 4.757023193599307920e-01 1.314974124754770823e-01 2.858527351306734410e-01 5.952445043688467941e-01 0.000000000000000000e+00 4.656490094487496512e-01 3.975414524629048985e-01 4.459165240696452703e-01 3.530503309441695992e-01 2.056472543437490863e-01 7.117744919685121685e-01 2.616250688917026168e-01 7.598222430389134363e-01 8.622837497505048132e-01 4.138664957976284087e-01 2.185660402004510061e-01 5.961411332689283693e-01 8.139290575467524880e-01 5.260384625078976528e-01 4.913331894271927847e-01 4.523143185528321619e-01 1.054212476452370817e-01 6.398519195294223305e-01 5.736694493841736353e-01 7.315914839628339106e-01 4.222799058116407100e-01 8.596345110867514849e-01 4.027094747577134037e-01 3.918395583737913634e-01
4.003272840076372296e-01 4.859719116605432654e-01 8.844855301031882000e-01 4.385525308822554869e-01 5.033506033334711471e-01 8.517720083333095715e-01 2.828115885694703069e-01 2.077599818787826402e-01 6.346032529845747616e-01 3.523613836745566608e-01 4.656490094487496512e-01 0.000000000000000000e+00 6.341926934142197991e-01 6.521162221307681417e-01 3.718028897695160317e-01 8.221686817745494924e-01 5.481275488385990435e-01 5.152636916764209429e-01 4.015625539810871447e-01 4.517927662918966858e-01 5.799644115007087652e-01 4.275900620168973099e-01 1.636116455325533625e-01 1.798198576856082642e-01 3.610936098417478757e-01 8.109674366249507438e-01 7.304564012996380695e-01 2.353031416061177605e-01 2.475495644011557472e-01 5.089614291883507446e-01 7.381375273976150675e-01 4.408730711381416700e-01 8.127917728397658914e-01 5.017739289935367886e-01 5.190690218343952944e-01
4.521124574370212201e-01 4.968074644651568894e-01 3.953470909622542884e-01 6.248752764009679606e-01 7.116219553821867549e-01 8.252115338034557990e-01 7.606369836580403332e-01 6.626333182786612319e-01 2.629334428086479436e-01 4.964575028117484412e-01 3.975414524629048985e-01 6.341926934142197991e-01 0.000000000000000000e+00 8.760986991096209042e-01 3.055303530508763910e-01 2.872938208602723864e-01 9.465662225082572823e-01 6.347577789816296612e-01 1.326401676793347306e-01 5.279289712874013496e-01 5.431386241736417819e-01 6.007704948320680138e-02 6.565604607774213619e-01 4.476665549452679138e-01 6.565761021170690714e-01 7.054096893851589112e-01 1.791018941191885872e-01 4.056824132664398341e-01 4.859772847891020708e-01 6.663534878837243935e-01 6.272918353809384673e-01 2.810245375994648853e-01 8.376775468213923936e-01 6.187640641748997083e-01 1.921051465179830497e-01
1.098357025526558450e-01 4.591861961237704293e-01 5.124490353946868915e-01 2.324169215695474078e-01 3.973471780393508235e-01 9.006314373732549061e-01 6.823474335994852424e-01 4.753862006871925616e-01 5.687967306832516501e-01 7.635147967429274374e-01 4.459165240696452703e-01 6.521162221307681417e-01 8.760986991096209042e-01 0.000000000000000000e+00 4.473425189206547969e-01 1.204166713661609656e-01 4.496620675325694316e-01 5.071162677341309877e-01 3.991012615199964753e-01 5.191413152472561521e-01 4.383086891663897644e-01 4.429987939174269140e-01 8.353646374506507044e-01 4.110548165429354084e-01 5.387678538003515261e-01 6.409471303868699010e-01 7.988758563495603759e-01 8.296520842645653815e-01 5.826398679688502558e-01 1.276962136826872429e-01 8.421591187469210649e-01 2.999311990751521995e-01 8.155145672615395913e-01 3.460227939139951525e-01 4.920315724646935895e-01
9.675678492270567421e-01 5.627137785157448890e-01 7.310339485878508681e-01 4.819792341533776781e-01 3.347105179003713182e-01 6.979016334228038687e-01 7.505398064860883123e-01 7.304195491288908437e-01 2.428483742707469861e-01 6.695133527514696148e-02 3.530503309441695992e-01 3.718028897695160317e-01 3.055303530508763910e-01 4.473425189206547969e-01 0.000000000000000000e+00 1.467398943437326908e-01 3.728820593595845168e-01 7.569138179011029033e-01 2.111308673652859957e-01 3.575118069463373294e-01 6.686826447535298978e-01 1.832881961983491292e-01 9.487627701180890716e-01 4.968109337854786922e-01 4.722710751120580142e-01 8.720362367229914646e-01 2.041094500174036597e-01 4.156778771521813520e-01 4.725920776544593749e-01 5.740305754816591444e-01 4.322858579301684934e-01 5.080737397646009068e-01 8.387831255705854305e-01 5.072087120506321156e-01 5.316767022792847630e-01
1.144803403145151499e-01 4.116301934875907786e-01 4.076443825975283874e-01 3.513906895313537726e-01 4.080131882878696992e-01 3.876834209881562798e-01 8.011552643042747501e-01 2.701151741847797605e-01 4.912308525642170576e-01 5.536801502302468592e-02 2.056472543437490863e-01 8.221686817745494924e-01 2.872938208602723864e-01 1.204166713661609656e-01 1.467398943437326908e-01 0.000000000000000000e+00 4.370714508040338120e-01 4.817156414775089490e-01 3.777667243245058648e-01 3.598690133124112789e-01 2.744625630226117385e-01 6.111105204792421919e-01 4.696110441578364436e-01 9.088069881946551076e-01 3.783169337413526123e-01 6.265893274356393317e-01 1.493974532841557679e-02 4.902037062170506165e-01 7.649046615383171543e-01 4.761887161393095758e-01 5.166184643825175726e-01 4.860534012866598030e-01 5.417827539154117522e-01 2.951391675070221265e-01 5.108280334042953896e-01
3.845655308588680765e-01 2.352802144855058453e-01 4.720386127977156399e-01 3.629053538178591554e-01 3.667911030927012428e-01 4.350294415636082324e-01 8.346279366810314126e-01 1.694206550811819811e-01 3.656151888536505190e-01 3.878118849306195770e-01 7.117744919685121685e-01 5.481275488385990435e-01 9.465662225082572823e-01 4.496620675325694316e-01 3.728820593595845168e-01 4.370714508040338120e-01 0.000000000000000000e+00 5.438512454374534455e-01 9.358099919414889500e-01 6.169049746157025949e-01 8.222149113332896109e-01 5.283725681841560107e-01 5.220727820443578082e-01 7.007969299996069656e-01 9.222958272305369354e-01 2.009890166260838162e-01 7.629378801768417206e-01 3.292969161905093811e-01 8.706066392756039996e-02 5.033714080184115147e-01 4.690675312146697085e-01 5.195578044569891807e-01 4.933388808798565006e-01 4.024509531306973420e-01 7.697370939614845975e-01
7.609173693748729761e-01 7.176390308484794645e-01 2.842129813917130265e-01 3.851142473011712752e-01 6.308220839453420048e-01 3.508915694425094323e-01 6.465146948234934410e-01 5.710492765810676330e-01 3.395167991330920731e-01 3.762105918090790091e-01 2.616250688917026168e-01 5.152636916764209429e-01 6.347577789816296612e-01 5.071162677341309877e-01 7.569138179011029033e-01 4.817156414775089490e-01 5.438512454374534455e-01 0.000000000000000000e+00 5.823507266401743987e-01 5.266900447581461808e-01 6.026204430733385076e-01 4.759498574962087725e-01 5.056393398638326930e-01 4.219594746137914076e-01 6.462859773958821163e-01 3.609950359542705156e-01 7.317176006867354143e-01 4.368318904367205491e-01 1.857734703903556328e-01 6.199751548036402937e-01 8.039111576768409595e-02 5.179133431142943778e-01 8.843608479238364017e-01 6.081743711674548747e-01 3.212628880043102431e-01
1.415978771858529273e-01 7.414086414629185162e-01 5.969459030915977849e-01 8.730151496349912721e-01 5.883902510554031018e-01 7.042689989581690790e-01 3.555178215028588218e-01 5.743119972990755606e-01 6.122468407599639395e-01 3.211605178455890219e-01 7.598222430389134363e-01 4.015625539810871447e-01 1.326401676793347306e-01 3.991012615199964753e-01 2.111308673652859957e-01 3.777667243245058648e-01 9.358099919414889500e-01 5.823507266401743987e-01 0.000000000000000000e+00 5.791935839526565211e-01 5.874911693097948362e-01 1.862625184564543623e-01 2.390370349845931663e-01 3.007774510910056764e-01 7.993575724244172953e-01 8.819425247622991737e-01 1.867145705849174719e-01 5.922916230422988759e-01 5.484142644238878539e-01 2.272960686454746360e-01 5.775928493483124537e-01 5.132664815311777096e-01 1.857050517366256592e-01 5.926857696220295679e-01 3.329011198983019559e-01
5.732465269321433965e-01 7.752333392099680642e-01 1.078012341775546057e-01 1.886918104915021877e-01 6.897487960805757101e-01 2.321544987535003046e-01 2.617956746576037275e-01 6.472643041921175566e-01 2.750666774201859788e-01 4.184366822216510906e-01 8.622837497505048132e-01 4.517927662918966858e-01 5.279289712874013496e-01 5.191413152472561521e-01 3.575118069463373294e-01 3.598690133124112789e-01 6.169049746157025949e-01 5.266900447581461808e-01 5.791935839526565211e-01 0.000000000000000000e+00 8.170863579182413572e-01 8.181583824951638162e-01 5.627993216565378987e-01 3.263697125395392806e-01 2.842349882105122960e-01 8.127035282085790513e-01 5.938776676404093902e-01 3.243438018915404397e-01 6.438344050111306505e-01 5.949739737006961571e-01 8.158198831419207764e-01 7.138960379440746351e-01 5.486994390219961382e-01 3.970702778376656306e-01 1.873926141963205838e-01
5.593709620776871061e-01 7.911090741236793678e-01 4.585402706078943180e-01 2.606919993692519144e-01 4.812929839733240955e-01 7.709979422584924968e-01 4.659495427164427328e-01 2.476949021632783854e-01 2.454700488158727545e-01 4.486614697014250641e-01 4.138664957976284087e-01 5.799644115007087652e-01 5.431386241736417819e-01 4.383086891663897644e-01 6.686826447535298978e-01 2.744625630226117385e-01 8.222149113332896109e-01 6.026204430733385076e-01 5.874911693097948362e-01 8.170863579182413572e-01 0.000000000000000000e+00 2.941271960474637348e-01 8.880995881919790946e-01 3.271119895919931686e-01 8.048337356265637954e-01 5.990971668475897349e-01 5.870547729333217557e-01 5.432619733735860601e-01 8.126400252997824092e-01 7.701939793935781431e-01 5.735443693822381839e-01 8.863233457237672530e-01 1.683961642860647423e-01 6.572623154629544384e-01 5.044624698127396778e-01
3.481038014110540146e-01 6.407071881134258629e-01 3.972350996174292548e-01 4.680656788328784734e-01 5.555722725684221208e-01 2.399458906859988083e-01 5.932146249484109291e-01 6.947765511984155262e-01 7.904377573472695095e-01 3.562985411175068062e-01 2.185660402004510061e-01 4.275900620168973099e-01 6.007704948320680138e-02 4.429987939174269140e-01 1.832881961983491292e-01 6.111105204792421919e-01 5.283725681841560107e-01 4.759498574962087725e-01 1.862625184564543623e-01 8.181583824951638162e-01 2.941271960474637348e-01 0.000000000000000000e+00 6.167976597520326010e-01 7.526468869642782833e-01 4.011082168183264240e-01 5.138365910761093502e-01 2.588958332471273383e-01 2.911976570500323103e-01 2.495632998065939745e-01 3.161445112787597544e-01 6.977532889880535549e-01 1.263339129816755113e-01 3.854714970224120685e-01 8.300731620853056825e-01 3.497878448050761868e-01
2.757727168912265103e-01 5.084904276769774967e-01 2.440389625915014848e-01 9.147955972324572915e-02 5.081810722584674256e-01 4.411619654095220167e-01 4.884325056332993742e-01 9.045447299676226960e-01 5.113562339117126987e-01 4.641516876796816238e-01 5.961411332689283693e-01 1.636116455325533625e-01 6.565604607774213619e-01 8.353646374506507044e-01 9.487627701180890716e-01 4.696110441578364436e-01 5.220727820443578082e-01 5.056393398638326930e-01 2.390370349845931663e-01 5.627993216565378987e-01 8.880995881919790946e-01 6.167976597520326010e-01 0.000000000000000000e+00 6.905327173623441173e-01 2.940639692388455906e-01 3.225077567364056375e-01 6.997273413130633557e-02 8.663828273922281609e-01 7.931989343829102257e-01 5.189546394383586225e-01 5.267488056220825943e-01 5.283546256720706991e-01 7.431576082407318484e-01 6.642124311926098645e-01 5.100038824291432960e-01
8.773611656853228524e-01 5.153703395701668688e-01 3.766252127314069220e-01 4.889429222506775918e-01 5.829203610579298811e-01 4.909109608221945975e-01 5.735694670678068707e-01 4.439082707747815659e-01 8.053769213363994872e-01 4.409351251048725939e-01 8.139290575467524880e-01 1.798198576856082642e-01 4.476665549452679138e-01 4.110548165429354084e-01 4.968109337854786922e-01 9.088069881946551076e-01 7.007969299996069656e-01 4.219594746137914076e-01 3.007774510910056764e-01 3.263697125395392806e-01 3.271119895919931686e-01 7.526468869642782833e-01 6.905327173623441173e-01 0.000000000000000000e+00 5.530994822059353000e-01 9.235111615250123362e-01 8.969837416827649568e-01 5.453433285895451510e-01 8.688870300418263248e-01 1.355021699609376684e-01 4.854651741987040525e-01 4.395152631800873788e-01 8.956418635640732706e-01 2.469792886385022701e-01 5.738902133540532136e-01
3.293943711592408619e-01 6.825021433086457812e-01 6.485549610494774075e-01 3.273880365990648467e-01 7.371446494754870793e-01 6.932523774444716569e-01 6.703714222818069057e-01 7.018844798920664818e-02 5.462048989036034641e-01 7.656068919020013741e-01 5.260384625078976528e-01 3.610936098417478757e-01 6.565761021170690714e-01 5.387678538003515261e-01 4.722710751120580142e-01 3.783169337413526123e-01 9.222958272305369354e-01 6.462859773958821163e-01 7.993575724244172953e-01 2.842349882105122960e-01 8.048337356265637954e-01 4.011082168183264240e-01 2.940639692388455906e-01 5.530994822059353000e-01 0.000000000000000000e+00 4.044133809981748651e-01 1.732204789652883603e-01 5.253501501531948614e-01 3.705021006464181421e-01 4.985671106253868334e-01 8.728819532078195831e-01 2.217475850639213375e-01 7.945250816256637094e-01 4.918623784692500722e-01 7.263522951815726270e-02
5.247930859309144491e-01 4.328859149401795836e-01 3.542492561373830062e-01 7.449098963654068317e-01 4.845198828075858999e-01 4.832597442500486951e-01 1.660095734538706846e-01 4.074021888789440826e-01 4.336139289909390904e-01 3.502133086330025957e-01 4.913331894271927847e-01 8.109674366249507438e-01 7.054096893851589112e-01 6.409471303868699010e-01 8.720362367229914646e-01 6.265893274356393317e-01 2.009890166260838162e-01 3.609950359542705156e-01 8.819425247622991737e-01 8.127035282085790513e-01 5.990971668475897349e-01 5.138365910761093502e-01 3.225077567364056375e-01 9.235111615250123362e-01 4.044133809981748651e-01 0.000000000000000000e+00 6.018913493012949534e-01 7.661242652912961804e-01 3.657144433177672016e-01 8.204071218773036911e-01 1.554492482849690882e-01 7.386040518940952815e-01 1.399670420603252863e-01 4.370428377744391413e-01 5.302975291234233168e-01
1.943602530262276140e-01 4.269754622324575255e-01 7.380317485415475165e-01 6.790913229934676387e-01 6.418282427262030909e-01 4.040516323725195091e-01 8.569504888985965962e-01 4.846424365922024635e-01 4.122381759774070287e-01 2.434553702780932749e-01 4.523143185528321619e-01 7.304564012996380695e-01 1.791018941191885872e-01 7.988758563495603759e-01 2.041094500174036597e-01 1.493974532841557679e-02 7.629378801768417206e-01 7.317176006867354143e-01 1.867145705849174719e-01 5.938776676404093902e-01 5.870547729333217557e-01 2.588958332471273383e-01 6.997273413130633557e-02 8.969837416827649568e-01 1.732204789652883603e-01 6.018913493012949534e-01 0.000000000000000000e+00 8.136172714011609131e-01 8.718000974353651289e-01 9.352014846810072779e-01 7.625076846358308513e-01 4.471609610196743412e-01 5.429122700310651251e-01 6.731524854217176834e-01 7.654774502127695834e-01
5.332400055809494166e-01 4.068706920868059851e-01 7.743317011004647865e-01 7.804676820962638262e-01 1.594084265820875368e-01 3.387325069967370705e-01 8.618660805810145487e-01 6.061085280635094552e-01 9.004078804038244677e-01 2.585049610729415193e-01 1.054212476452370817e-01 2.353031416061177605e-01 4.056824132664398341e-01 8.296520842645653815e-01 4.156778771521813520e-01 4.902037062170506165e-01 3.292969161905093811e-01 4.368318904367205491e-01 5.922916230422988759e-01 3.243438018915404397e-01 5.432619733735860601e-01 2.911976570500323103e-01 8.663828273922281609e-01 5.453433285895451510e-01 5.253501501531948614e-01 7.661242652912961804e-01 8.136172714011609131e-01 0.000000000000000000e+00 4.356450282659578566e-01 7.196135750636011297e-01 7.642876667893265807e-01 5.640246843290770418e-01 3.694359165816983870e-01 4.866775104457276013e-01 5.515059743029526729e-01
4.091739018820853557e-01 3.385723094690557544e-01 7.404512217503739224e-01 4.137233247943946646e-01 9.156619249901920554e-02 5.726207292983651609e-01 8.371039941825377806e-01 7.792040126392754118e-01 2.979791337349287916e-01 2.863677457382285407e-01 6.398519195294223305e-01 2.475495644011557472e-01 4.859772847891020708e-01 5.826398679688502558e-01 4.725920776544593749e-01 7.649046615383171543e-01 8.706066392756039996e-02 1.857734703903556328e-01 5.484142644238878539e-01 6.438344050111306505e-01 8.126400252997824092e-01 2.495632998065939745e-01 7.931989343829102257e-01 8.688870300418263248e-01 3.705021006464181421e-01 3.657144433177672016e-01 8.718000974353651289e-01 4.356450282659578566e-01 0.000000000000000000e+00 3.220109014033872841e-01 4.365312972311233275e-01 7.216114968285414211e-01 3.833630286747827243e-01 6.525487919845329721e-01 3.203940355486123992e-01
2.510952407316843216e-01 7.306946565712331143e-01 6.609035566840115727e-01 3.156452238880339545e-01 5.486154334465132010e-01 4.893117234837287555e-01 1.511659754664873567e-01 6.401940423394396618e-01 5.392461056482498183e-01 5.677329766875061079e-01 5.736694493841736353e-01 5.089614291883507446e-01 6.663534878837243935e-01 1.276962136826872429e-01 5.740305754816591444e-01 4.761887161393095758e-01 5.033714080184115147e-01 6.199751548036402937e-01 2.272960686454746360e-01 5.949739737006961571e-01 7.701939793935781431e-01 3.161445112787597544e-01 5.189546394383586225e-01 1.355021699609376684e-01 4.985671106253868334e-01 8.204071218773036911e-01 9.352014846810072779e-01 7.196135750636011297e-01 3.220109014033872841e-01 0.000000000000000000e+00 1.707560868303192869e-02 5.198836244475382173e-01 1.858433186381696078e-01 3.815468660919634769e-01 1.587403512781285775e-01
1.590362598316725773e-01 4.893771767558006136e-01 3.379140903803163898e-01 5.199066379896166712e-01 6.615963462691658581e-01 5.064510698181947657e-01 5.745513453302873996e-01 2.760798986101242747e-01 3.265728232113261353e-01 8.217843333353546109e-01 7.315914839628339106e-01 7.381375273976150675e-01 6.272918353809384673e-01 8.421591187469210649e-01 4.322858579301684934e-01 5.166184643825175726e-01 4.690675312146697085e-01 8.039111576768409595e-02 5.775928493483124537e-01 8.158198831419207764e-01 5.735443693822381839e-01 6.977532889880535549e-01 5.267488056220825943e-01 4.854651741987040525e-01 8.728819532078195831e-01 1.554492482849690882e-01 7.625076846358308513e-01 7.642876667893265807e-01 4.365312972311233275e-01 1.707560868303192869e-02 0.000000000000000000e+00 9.285176883497519018e-01 4.394458732638886755e-01 5.509528584145239050e-01 4.853981341711082198e-01
6.787026979316943542e-01 3.060624518412208839e-01 4.488294715018993353e-01 4.853102373118818313e-01 7.011228438845741318e-01 9.033691701749098080e-01 3.248978944262713719e-01 5.150868287297227788e-02 8.718275983013217267e-01 5.244183303830158849e-01 4.222799058116407100e-01 4.408730711381416700e-01 2.810245375994648853e-01 2.999311990751521995e-01 5.080737397646009068e-01 4.860534012866598030e-01 5.195578044569891807e-01 5.179133431142943778e-01 5.132664815311777096e-01 7.138960379440746351e-01 8.863233457237672530e-01 1.263339129816755113e-01 5.283546256720706991e-01 4.395152631800873788e-01 2.217475850639213375e-01 7.386040518940952815e-01 4.471609610196743412e-01 5.640246843290770418e-01 7.216114968285414211e-01 5.198836244475382173e-01 9.285176883497519018e-01 0.000000000000000000e+00 3.096343028005769105e-01 4.987553869553601471e-01 6.797511249941921019e-01
5.969927871903986105e-01 5.710764070040911244e-01 6.103359348571950616e-01 7.357386826506411293e-01 9.258551597905977371e-01 5.693034477488885248e-01 6.450516754451871559e-01 7.180798535253880566e-01 6.810877872516736264e-01 6.616879370842017050e-01 8.596345110867514849e-01 8.127917728397658914e-01 8.376775468213923936e-01 8.155145672615395913e-01 8.387831255705854305e-01 5.417827539154117522e-01 4.933388808798565006e-01 8.843608479238364017e-01 1.857050517366256592e-01 5.486994390219961382e-01 1.683961642860647423e-01 3.854714970224120685e-01 7.431576082407318484e-01 8.956418635640732706e-01 7.945250816256637094e-01 1.399670420603252863e-01 5.429122700310651251e-01 3.694359165816983870e-01 3.833630286747827243e-01 1.858433186381696078e-01 4.394458732638886755e-01 3.096343028005769105e-01 0.000000000000000000e+00 5.498678848902560645e-01 6.703849469472891176e-01
9.280225482353663402e-01 3.932180343202194006e-01 7.220213762167000393e-01 4.297004449502955237e-01 7.428189513905328889e-01 8.218134249297683880e-01 4.234982813559766690e-01 3.300191422223093252e-01 4.265815437936895660e-01 1.638776400804670685e-01 4.027094747577134037e-01 5.017739289935367886e-01 6.187640641748997083e-01 3.460227939139951525e-01 5.072087120506321156e-01 2.951391675070221265e-01 4.024509531306973420e-01 6.081743711674548747e-01 5.926857696220295679e-01 3.970702778376656306e-01 6.572623154629544384e-01 8.300731620853056825e-01 6.642124311926098645e-01 2.469792886385022701e-01 4.918623784692500722e-01 4.370428377744391413e-01 6.731524854217176834e-01 4.866775104457276013e-01 6.525487919845329721e-01 3.815468660919634769e-01 5.509528584145239050e-01 4.987553869553601471e-01 5.498678848902560645e-01 0.000000000000000000e+00 4.011075481575384072e-01
2.923820614564451303e-01 5.595225630460196609e-01 5.712440182443569991e-01 9.064145130252432292e-01 8.966039880119878180e-01 7.913354506947312128e-02 3.301341660837326941e-01 5.600065952334786212e-01 5.177672397665382675e-01 4.962629121393479226e-01 3.918395583737913634e-01 5.190690218343952944e-01 1.921051465179830497e-01 4.920315724646935895e-01 5.316767022792847630e-01 5.108280334042953896e-01 7.697370939614845975e-01 3.212628880043102431e-01 3.329011198983019559e-01 1.873926141963205838e-01 5.044624698127396778e-01 3.497878448050761868e-01 5.100038824291432960e-01 5.738902133540532136e-01 7.263522951815726270e-02 5.302975291234233168e-01 7.654774502127695834e-01 5.515059743029526729e-01 3.203940355486123992e-01 1.587403512781285775e-01 4.853981341711082198e-01 6.797511249941921019e-01 6.703849469472891176e-01 4.011075481575384072e-01 0.000000000000000000e+00
