0.000000000000000000e+00 6.331593406631996768e-01 4.516628946328050120e-01 7.965896772653326963e-01 5.274809439643535214e-01 7.286491006570239293e-01 9.118409119380954664e-02 6.743489549742556211e-01 1.952238733924593905e-01 1.988599296098726432e-01 8.492472201774504681e-01 6.173639574828901910e-01 1.532125680659743860e-01 5.127857574119507600e-01 8.320033232787511501e-01 2.180156132999722385e-01 3.954004988280624411e-01 2.111171764752532709e-01 7.451644840894566801e-01 7.568274873376554801e-01 5.096846712626217357e-01 8.793418597374782486e-01 4.241774529565680019e-01 5.728842250577963480e-01 8.137639391414033252e-01 8.617669397796711150e-01 5.034778624839646444e-01 6.947855321176110710e-01 7.498566556326166088e-01 4.891425030085913561e-01 3.208737765028480404e-01 6.732836236553967346e-01 5.582146207348932521e-01 9.856533491466763497e-01 6.920924922322946315e-01
6.331593406631996768e-01 0.000000000000000000e+00 4.884301452381021869e-01 5.292761195297837062e-01 9.159268323394709199e-02 6.187090938311812227e-01 5.655166916634353225e-01 4.815130938938499972e-01 6.137527412766875523e-01 2.744643928129316679e-01 4.194955801428517095e-01 7.965936900519029473e-01 4.994691826011973812e-01 6.607381991027546642e-01 4.019227932125551961e-01 4.291484948204870031e-01 4.950355670789343687e-01 4.398491552954678085e-01 5.902306646417114777e-01 4.930492303572109325e-01 3.776361798505745160e-01 6.558073365424242906e-01 7.364464489002852110e-01 1.448526097091559217e-01 2.872234800908459174e-01 7.585596955205300418e-01 4.360763711058268099e-01 3.672740412442094815e-01 8.007859953238868345e-01 4.205410047204545254e-01 7.909894517522577662e-01 6.623325142520730680e-01 8.719465651432017905e-01 4.611337338719631584e-01 6.144513096399981666e-01
4.516628946328050120e-01 4.884301452381021869e-01 0.000000000000000000e+00 9.753538838555813051e-01 3.877499566536314890e-01 4.798372530001801528e-01 4.288144840284311421e-01 7.830182795053447498e-01 8.702045419655640712e-01 5.652233524672987119e-01 7.114371213976913300e-01 7.044196672041418417e-01 8.203212457539217350e-01 5.532459914180496430e-01 4.268723358415884572e-01 8.501771277100489410e-01 8.324689620439498228e-01 9.741942199116460088e-02 2.636274184822443023e-01 7.331177188651409882e-01 4.893565801316606678e-01 9.484707891266743740e-01 2.993789921248932728e-01 2.587923730776923170e-01 7.362097101732584248e-01 4.888681876069179699e-01 8.178501019690384011e-01 4.690525515966093018e-01 5.396666419260967018e-01 5.211692651139858690e-01 2.901252455321791102e-01 6.605786420107029322e-01 7.814044748576105537e-01 2.170586974443262651e-01 6.236075127514602023e-01
7.965896772653326963e-01 5.292761195297837062e-01 9.753538838555813051e-01 0.000000000000000000e+00 6.666940418389568634e-01 3.715956318696271854e-01 4.858782039536077568e-01 5.701799183185976005e-01 4.592530855974614745e-01 6.366594856319935936e-01 6.682374850530022892e-01 5.995652842098828650e-01 7.183055991985977107e-01 4.448978477033977974e-01 8.717382221280629562e-01 6.029892977850312974e-01 8.049095253652699400e-01 5.722047494702344750e-01 7.422647354216131976e-01 4.840061984759675973e-01 8.280736480240762365e-01 7.562997408736602534e-01 4.859321748296152599e-01 4.460304312019975348e-01 5.138675636245830791e-01 5.030316546575244185e-01 5.688228573210547534e-01 6.561792611151402443e-01 3.535869170816778873e-01 2.480934605020544970e-01 1.409886518281370238e-01 8.745361573869697702e-01 4.178689476522856605e-01 7.393075049827764200e-01 1.688461174786239916e-01
5.274809439643535214e-01 9.159268323394709199e-02 3.877499566536314890e-01 6.666940418389568634e-01 0.000000000000000000e+00 5.749594610351479451e-01 5.735817570601071669e-01 5.134671186379783370e-01 4.980016992124578490e-01 6.982968051118327857e-01 7.628186913423080640e-01 8.398036254038567794e-01 6.064034858500251257e-01 5.274249829407371415e-01 5.540003214952360366e-01 2.352412976333106975e-01 6.145710737220818620e-01 6.709430534610956176e-01 3.309325703864946511e-01 6.764287649875954100e-01 6.520349973598622562e-01 5.392798246761274505e-01 6.239412394079826285e-01 4.730768946326158186e-01 1.621415485713663118e-01 7.523104055000909840e-01 8.418915771650250512e-01 7.209776679471737726e-01 6.152171280775758921e-01 4.764034715317014279e-01 9.139668002105802991e-01 3.197163866631608231e-01 3.904841396070843351e-01 1.620106311691914547e-01 7.716749596237437725e-01
7.286491006570239293e-01 6.187090938311812227e-01 4.798372530001801528e-01 3.715956318696271854e-01 5.749594610351479451e-01 0.000000000000000000e+00 5.391047300121035724e-01 5.312663358445864903e-01 8.146186274701980867e-01 5.553439739035691547e-01 9.199907931156078300e-01 9.092722606154626241e-01 7.754927164202269907e-01 3.510918587891726506e-01 8.175472162054020497e-01 2.804945853750157037e-01 3.964728865184723450e-01 4.740674057630612781e-01 4.117890554655352364e-01 4.448241088783033148e-01 1.203941490154746274e-01 4.966030490288909083e-01 5.137504339585126090e-01 9.688058880557024466e-01 4.748705624303793948e-01 8.864386940715041074e-01 6.878852146291642988e-01 6.331512283013129849e-01 5.961616879246184331e-01 6.203494370476878572e-01 4.458734722940614348e-01 1.575346973425014729e-01 4.991792863911261868e-01 8.050218091491023742e-01 5.720469485310631930e-01
9.118409119380954664e-02 5.655166916634353225e-01 4.288144840284311421e-01 4.858782039536077568e-01 5.735817570601071669e-01 5.391047300121035724e-01 0.000000000000000000e+00 3.795782955030049255e-01 6.877200735864021919e-01 7.318251115785021632e-01 6.308426069842720807e-01 8.788952594118017991e-01 7.468121543105947779e-01 6.362068200162183107e-01 5.508380565422841268e-01 5.520798749784092685e-01 4.709898019091285359e-01 3.874873999687622472e-01 5.131804976101894677e-01 5.682747471982805276e-01 8.483152931040571776e-01 1.296434124166064850e-01 9.723628278966778282e-01 7.268429444886969071e-01 2.875376367770915431e-01 2.982787091154026626e-01 5.587145679322310654e-01 3.108336987809190988e-01 7.242307578569096016e-01 1.704003575080767496e-01 5.003440680918480599e-01 5.057509714960771730e-01 5.521132448053628350e-01 5.682758239011784784e-01 3.370614164107309518e-01
6.743489549742556211e-01 4.815130938938499972e-01 7.830182795053447498e-01 5.701799183185976005e-01 5.134671186379783370e-01 5.312663358445864903e-01 3.795782955030049255e-01 0.000000000000000000e+00 7.136652608052820312e-01 7.982839442586719958e-02 3.782142503639773223e-01 5.762061553708597295e-02 6.120202847988707173e-01 5.266930927347768243e-02 4.173993738423471545e-01 5.939570861972183202e-01 7.245928919714045291e-01 7.808347715286823032e-03 8.522761175758175600e-01 3.003188920723496302e-01 4.985845330415443755e-01 5.523233307489581190e-01 8.955632867948684073e-01 1.223409411158996596e-01 8.136854576025699393e-01 6.415249383544168182e-01 5.376918992164470001e-01 5.789168610628691036e-01 6.701525855593820635e-01 1.722091378179695931e-01 2.942063089213763361e-01 7.412929244557726616e-01 6.233776579378972338e-01 5.272166587586741837e-01 7.482023294197597263e-01
1.952238733924593905e-01 6.137527412766875523e-01 8.702045419655640712e-01 4.592530855974614745e-01 4.980016992124578490e-01 8.146186274701980867e-01 6.877200735864021919e-01 7.136652608052820312e-01 0.000000000000000000e+00 2.187763577753222277e-01 6.078884335616661083e-01 5.435382667610282326e-01 6.551718301128277577e-01 4.005099022149455346e-01 8.369980236566771925e-01 5.563382610714748822e-01 1.191809561501521175e-01 1.889571706978712129e-01 3.450259903081034363e-01 4.606445039714318623e-01 7.542529997026159450e-01 7.858711855077089581e-01 5.067907792012997792e-01 7.349570411039967333e-01 4.987223519409637595e-01 5.658865409642679367e-01 9.058597779537386208e-01 6.521317927945723403e-01 9.628413043121089032e-01 4.752424683175385800e-01 4.054196488205829008e-01 4.474889290685365451e-01 4.977727961895306863e-01 4.937475195509469228e-01 2.187993843163374974e-01
1.988599296098726432e-01 2.744643928129316679e-01 5.652233524672987119e-01 6.366594856319935936e-01 6.982968051118327857e-01 5.553439739035691547e-01 7.318251115785021632e-01 7.982839442586719958e-02 2.187763577753222277e-01 0.000000000000000000e+00 3.726328635064225514e-01 6.156321448418522468e-01 4.991273885354210460e-01 2.520031607374351168e-01 3.176259379367948332e-01 2.346539944677207279e-01 5.924477187300672965e-01 5.524009460041914288e-01 4.530644287073701815e-01 4.472099234208111729e-01 4.495968164327390770e-01 5.434432676263505346e-01 7.961559838016611934e-01 2.880175760574409383e-01 7.037748752149481923e-01 3.586615233090208466e-01 7.820597986273396529e-01 6.355044713646007537e-01 3.807612939755200543e-01 2.056659401717165769e-01 6.790089567780196456e-01 3.590689780217607985e-01 9.181730555045016784e-01 6.489464050282287566e-01 5.185807839970337785e-01
8.492472201774504681e-01 4.194955801428517095e-01 7.114371213976913300e-01 6.682374850530022892e-01 7.628186913423080640e-01 9.199907931156078300e-01 6.308426069842720807e-01 3.782142503639773223e-01 6.078884335616661083e-01 3.726328635064225514e-01 0.000000000000000000e+00 8.817545611776196335e-01 2.801967850062209164e-01 8.157391073040460849e-01 8.190737944713873953e-01 8.037332897333082649e-01 2.526421513490364479e-01 5.986560961052507235e-01 4.557593003959652389e-01 7.709566106981825540e-01 6.792705466233617262e-01 6.979167478894925392e-01 1.739698798274398328e-01 9.231627690115751239e-01 4.986745620215800034e-01 8.503705896389481822e-01 4.820449660131607694e-01 7.680915183886326547e-01 4.819103049673047479e-01 6.294906937991127105e-01 4.019280484375458706e-01 4.106991965490905949e-01 6.318058200435683336e-01 5.317545416692226468e-01 5.443703125256256214e-01
6.173639574828901910e-01 7.965936900519029473e-01 7.044196672041418417e-01 5.995652842098828650e-01 8.398036254038567794e-01 9.092722606154626241e-01 8.788952594118017991e-01 5.762061553708597295e-02 5.435382667610282326e-01 6.156321448418522468e-01 8.817545611776196335e-01 0.000000000000000000e+00 7.311795769092033215e-02 8.735381243457125411e-01 4.233970064903522235e-01 3.145767614164540760e-01 2.269787657562670757e-01 8.254347990211173824e-01 3.951601881436669905e-01 5.020837707007992368e-01 8.504282258662354543e-01 1.949451962722983378e-01 5.098083749089764583e-01 3.683702119506481187e-01 9.154495866990164377e-01 6.157322605256143611e-01 6.361454477324307577e-01 4.425461116783453996e-01 5.663005079964571475e-01 4.818508269019896040e-01 3.759150483472815107e-01 2.040709980562869230e-01 8.859852736668007989e-01 5.048198104294356892e-01 4.932766877236949843e-01
1.532125680659743860e-01 4.994691826011973812e-01 8.203212457539217350e-01 7.183055991985977107e-01 6.064034858500251257e-01 7.754927164202269907e-01 7.468121543105947779e-01 6.120202847988707173e-01 6.551718301128277577e-01 4.991273885354210460e-01 2.801967850062209164e-01 7.311795769092033215e-02 0.000000000000000000e+00 9.435081581481135071e-01 5.333604650673906544e-01 2.385202287069709826e-02 6.342514316856170398e-01 8.872992900962206608e-02 8.801023056536940725e-01 8.101837452025708597e-01 3.949244832456231813e-01 8.461471758672127752e-01 4.429217590921988856e-01 6.025994327349144530e-01 8.473069785437772339e-01 7.037873600927001538e-01 3.962972886414006801e-01 7.402478507275032094e-01 8.656245351175246849e-01 7.348274928284337371e-01 7.491851377221102615e-01 6.852476644545113516e-01 6.463744511486728683e-01 4.364204343392089069e-01 2.259741108723303249e-01
5.127857574119507600e-01 6.607381991027546642e-01 5.532459914180496430e-01 4.448978477033977974e-01 5.274249829407371415e-01 3.510918587891726506e-01 6.362068200162183107e-01 5.266930927347768243e-02 4.005099022149455346e-01 2.520031607374351168e-01 8.157391073040460849e-01 8.735381243457125411e-01 9.435081581481135071e-01 0.000000000000000000e+00 4.245397300289701636e-01 8.816787317285175174e-01 2.622534259538268353e-01 6.895513961890815668e-01 5.833504386655863350e-01 6.214582176727768692e-01 7.827023755891930890e-01 3.484733962158517162e-01 1.398420359660781376e-01 5.473858541153726609e-01 7.463848693911470100e-01 6.180898553498582748e-01 5.614528902643550756e-01 7.893425388263410891e-01 6.291186881412963450e-01 3.177893560691016361e-01 4.549459039337337418e-01 2.896505817434995578e-01 1.716479097578523794e-01 7.919765203926888431e-01 1.120300152032011054e-01
8.320033232787511501e-01 4.019227932125551961e-01 4.268723358415884572e-01 8.717382221280629562e-01 5.540003214952360366e-01 8.175472162054020497e-01 5.508380565422841268e-01 4.173993738423471545e-01 8.369980236566771925e-01 3.176259379367948332e-01 8.190737944713873953e-01 4.233970064903522235e-01 5.333604650673906544e-01 4.245397300289701636e-01 0.000000000000000000e+00 4.641591888179552594e-01 5.076783473322598050e-01 5.617691672642988188e-02 7.114143042458169752e-01 4.016093880751107070e-01 8.239721062519769212e-01 9.456513726089952332e-01 3.311615084719634616e-01 6.667210997986594556e-01 1.709798712842846014e-01 4.391320294921496892e-01 7.652087147092372366e-01 5.440780246151890598e-01 5.620329177816996147e-01 4.001351043591532264e-01 9.861797803848371125e-02 8.219805388359273657e-01 5.196424074180934216e-01 6.591622311527286504e-01 9.106091278413519507e-02
2.180156132999722385e-01 4.291484948204870031e-01 8.501771277100489410e-01 6.029892977850312974e-01 2.352412976333106975e-01 2.804945853750157037e-01 5.520798749784092685e-01 5.939570861972183202e-01 5.563382610714748822e-01 2.346539944677207279e-01 8.037332897333082649e-01 3.145767614164540760e-01 2.385202287069709826e-02 8.816787317285175174e-01 4.641591888179552594e-01 0.000000000000000000e+00 8.792717751899997713e-01 4.612797540073348967e-02 5.846558892017765796e-01 4.915865245338619238e-01 6.459576264712414417e-01 3.834371399497127353e-01 6.612644707430546109e-01 6.791485731877870968e-01 6.135530839094627265e-01 5.199598574370896120e-01 1.266913406153977739e-01 6.424525390154898208e-01 7.565498869503187729e-01 7.285312498976550533e-01 2.687862147101629517e-01 1.688930174067747592e-01 5.040387968081407877e-01 2.889858534682957503e-01 6.682674064991579455e-01
3.954004988280624411e-01 4.950355670789343687e-01 8.324689620439498228e-01 8.049095253652699400e-01 6.145710737220818620e-01 3.964728865184723450e-01 4.709898019091285359e-01 7.245928919714045291e-01 1.191809561501521175e-01 5.924477187300672965e-01 2.526421513490364479e-01 2.269787657562670757e-01 6.342514316856170398e-01 2.622534259538268353e-01 5.076783473322598050e-01 8.792717751899997713e-01 0.000000000000000000e+00 2.621462559276765969e-01 5.261490391141054879e-01 4.682771739536781830e-01 3.820550952486885810e-01 1.907161256111201686e-01 5.096081183839813455e-01 3.650125460995303772e-01 8.326851050620845962e-01 7.157691281587915677e-01 3.206257440483298859e-01 4.764273002172549898e-01 5.479598163918342202e-01 3.252558953947832787e-01 1.129452880534844716e-01 8.452985046633370025e-01 8.815821587397010273e-01 5.299812341188627762e-01 3.227637916068633595e-01
2.111171764752532709e-01 4.398491552954678085e-01 9.741942199116460088e-02 5.722047494702344750e-01 6.709430534610956176e-01 4.740674057630612781e-01 3.874873999687622472e-01 7.808347715286823032e-03 1.889571706978712129e-01 5.524009460041914288e-01 5.986560961052507235e-01 8.254347990211173824e-01 8.872992900962206608e-02 6.895513961890815668e-01 5.617691672642988188e-02 4.612797540073348967e-02 2.621462559276765969e-01 0.000000000000000000e+00 8.630902104491759985e-01 1.890639656941015545e-01 5.832527073543090079e-01 8.326067561802659167e-01 5.351268677056673084e-01 5.258921055290098900e-01 3.090008269412447550e-01 8.693416976999364110e-01 5.079176017331377135e-01 4.767853804702744114e-01 3.550090448792184716e-01 9.569324785012820467e-01 4.905671339973823319e-01 4.614632283407185120e-01 8.432387614185467006e-01 4.728942030614379233e-01 6.928043780627863857e-01
7.451644840894566801e-01 5.902306646417114777e-01 2.636274184822443023e-01 7.422647354216131976e-01 3.309325703864946511e-01 4.117890554655352364e-01 5.131804976101894677e-01 8.522761175758175600e-01 3.450259903081034363e-01 4.530644287073701815e-01 4.557593003959652389e-01 3.951601881436669905e-01 8.801023056536940725e-01 5.833504386655863350e-01 7.114143042458169752e-01 5.846558892017765796e-01 5.261490391141054879e-01 8.630902104491759985e-01 0.000000000000000000e+00 8.859741743304390127e-01 7.657329304285452887e-01 1.388845201832737963e-01 4.260887810413775401e-01 6.725539324727149992e-01 6.918424301580464730e-01 9.344032733158176285e-01 8.850390214421974822e-01 8.832541203381378825e-01 9.856261199750360191e-01 6.347886272841779531e-01 5.456415168633546031e-01 3.740286671885553194e-01 8.612510136645056269e-01 3.840286947515627602e-01 5.198848366959876177e-01
7.568274873376554801e-01 4.930492303572109325e-01 7.331177188651409882e-01 4.840061984759675973e-01 6.764287649875954100e-01 4.448241088783033148e-01 5.682747471982805276e-01 3.003188920723496302e-01 4.606445039714318623e-01 4.472099234208111729e-01 7.709566106981825540e-01 5.020837707007992368e-01 8.101837452025708597e-01 6.214582176727768692e-01 4.016093880751107070e-01 4.915865245338619238e-01 4.682771739536781830e-01 1.890639656941015545e-01 8.859741743304390127e-01 0.000000000000000000e+00 3.364031097661290826e-01 7.393618927911973504e-01 7.238040422447796773e-01 4.235621672268454763e-01 7.366582956025216067e-01 9.709165792354645941e-01 7.421346961888395377e-01 6.215747388684372821e-01 8.427371165901254013e-01 6.609057460613566581e-01 7.306156444757412327e-01 8.940890467343530768e-01 8.610569846997255805e-01 6.790820467721652154e-01 3.736400495579262904e-01
5.096846712626217357e-01 3.776361798505745160e-01 4.893565801316606678e-01 8.280736480240762365e-01 6.520349973598622562e-01 1.203941490154746274e-01 8.483152931040571776e-01 4.985845330415443755e-01 7.542529997026159450e-01 4.495968164327390770e-01 6.792705466233617262e-01 8.504282258662354543e-01 3.949244832456231813e-01 7.827023755891930890e-01 8.239721062519769212e-01 6.459576264712414417e-01 3.820550952486885810e-01 5.832527073543090079e-01 7.657329304285452887e-01 3.364031097661290826e-01 0.000000000000000000e+00 5.456371361132135167e-01 7.433330258899938370e-01 6.928369387669393031e-01 2.582338544386523216e-01 5.257922393103657832e-01 6.568683213969993551e-01 3.637549131774474587e-01 3.935048179335668417e-01 7.627982163653740377e-01 2.093315478140095331e-01 5.199156472340911161e-01 2.188315892153692710e-01 6.459805959651219176e-01 7.551301557903936645e-01
8.793418597374782486e-01 6.558073365424242906e-01 9.484707891266743740e-01 7.562997408736602534e-01 5.392798246761274505e-01 4.966030490288909083e-01 1.296434124166064850e-01 5.523233307489581190e-01 7.858711855077089581e-01 5.434432676263505346e-01 6.979167478894925392e-01 1.949451962722983378e-01 8.461471758672127752e-01 3.484733962158517162e-01 9.456513726089952332e-01 3.834371399497127353e-01 1.907161256111201686e-01 8.326067561802659167e-01 1.388845201832737963e-01 7.393618927911973504e-01 5.456371361132135167e-01 0.000000000000000000e+00 8.184567697533811081e-01 5.285981176639281687e-01 1.234688852443284190e-01 7.736810372525571022e-01 9.202427351529400834e-01 7.332306117706793858e-01 8.872047685123796157e-02 7.230771783640088657e-01 3.868116487336027420e-01 2.850875775796851141e-01 1.325491968109329122e-01 5.984477218325037207e-01 1.254386026467004811e-01
4.241774529565680019e-01 7.364464489002852110e-01 2.993789921248932728e-01 4.859321748296152599e-01 6.239412394079826285e-01 5.137504339585126090e-01 9.723628278966778282e-01 8.955632867948684073e-01 5.067907792012997792e-01 7.961559838016611934e-01 1.739698798274398328e-01 5.098083749089764583e-01 4.429217590921988856e-01 1.398420359660781376e-01 3.311615084719634616e-01 6.612644707430546109e-01 5.096081183839813455e-01 5.351268677056673084e-01 4.260887810413775401e-01 7.238040422447796773e-01 7.433330258899938370e-01 8.184567697533811081e-01 0.000000000000000000e+00 4.560959667839973863e-01 8.256920506002967119e-01 6.460002255443382246e-01 6.946664706881934270e-01 2.892285481064467145e-01 3.351453150669935765e-01 8.481352015513115017e-01 5.545552305525234260e-01 5.203868721342896908e-02 3.333394858268540206e-01 8.461397887085855274e-01 6.468740583384046117e-01
5.728842250577963480e-01 1.448526097091559217e-01 2.587923730776923170e-01 4.460304312019975348e-01 4.730768946326158186e-01 9.688058880557024466e-01 7.268429444886969071e-01 1.223409411158996596e-01 7.349570411039967333e-01 2.880175760574409383e-01 9.231627690115751239e-01 3.683702119506481187e-01 6.025994327349144530e-01 5.473858541153726609e-01 6.667210997986594556e-01 6.791485731877870968e-01 3.650125460995303772e-01 5.258921055290098900e-01 6.725539324727149992e-01 4.235621672268454763e-01 6.928369387669393031e-01 5.285981176639281687e-01 4.560959667839973863e-01 0.000000000000000000e+00 6.505508706556852871e-01 4.869181623650818969e-01 2.292589814544337690e-01 3.291835276227578211e-01 4.292353555366573703e-01 5.004784464190568105e-01 7.482076651666554890e-01 4.041994252507266072e-01 4.573179102167908017e-01 3.047181153527067643e-01 4.915197295348657791e-01
8.137639391414033252e-01 2.872234800908459174e-01 7.362097101732584248e-01 5.138675636245830791e-01 1.621415485713663118e-01 4.748705624303793948e-01 2.875376367770915431e-01 8.136854576025699393e-01 4.987223519409637595e-01 7.037748752149481923e-01 4.986745620215800034e-01 9.154495866990164377e-01 8.473069785437772339e-01 7.463848693911470100e-01 1.709798712842846014e-01 6.135530839094627265e-01 8.326851050620845962e-01 3.090008269412447550e-01 6.918424301580464730e-01 7.366582956025216067e-01 2.582338544386523216e-01 1.234688852443284190e-01 8.256920506002967119e-01 6.505508706556852871e-01 0.000000000000000000e+00 2.442961778031915721e-02 5.124311451023555453e-01 6.963522055265775057e-01 8.790826899629491376e-01 4.717570578422001226e-01 5.911308894018996174e-01 8.180027231210214023e-01 2.149720218657307225e-01 2.194043105817272687e-01 5.815221995906116881e-01
8.617669397796711150e-01 7.585596955205300418e-01 4.888681876069179699e-01 5.030316546575244185e-01 7.523104055000909840e-01 8.864386940715041074e-01 2.982787091154026626e-01 6.415249383544168182e-01 5.658865409642679367e-01 3.586615233090208466e-01 8.503705896389481822e-01 6.157322605256143611e-01 7.037873600927001538e-01 6.180898553498582748e-01 4.391320294921496892e-01 5.199598574370896120e-01 7.157691281587915677e-01 8.693416976999364110e-01 9.344032733158176285e-01 9.709165792354645941e-01 5.257922393103657832e-01 7.736810372525571022e-01 6.460002255443382246e-01 4.869181623650818969e-01 2.442961778031915721e-02 0.000000000000000000e+00 3.229711484685168221e-01 5.838336503159820001e-01 4.500510904988584970e-01 8.714584525290188788e-01 6.316922707992209673e-01 8.398931509420746178e-01 4.887805771096809249e-01 7.813364359722037022e-01 3.014343376242481498e-01
5.034778624839646444e-01 4.360763711058268099e-01 8.178501019690384011e-01 5.688228573210547534e-01 8.418915771650250512e-01 6.878852146291642988e-01 5.587145679322310654e-01 5.376918992164470001e-01 9.058597779537386208e-01 7.820597986273396529e-01 4.820449660131607694e-01 6.361454477324307577e-01 3.962972886414006801e-01 5.614528902643550756e-01 7.652087147092372366e-01 1.266913406153977739e-01 3.206257440483298859e-01 5.079176017331377135e-01 8.850390214421974822e-01 7.421346961888395377e-01 6.568683213969993551e-01 9.202427351529400834e-01 6.946664706881934270e-01 2.292589814544337690e-01 5.124311451023555453e-01 3.229711484685168221e-01 0.000000000000000000e+00 4.538496972315361200e-01 6.913175661405055461e-01 2.163636870529286327e-01 9.142288031315690677e-01 1.326182110350228038e-01 3.704626291845596331e-01 8.956136539537784547e-01 1.570280347794994480e-01
6.947855321176110710e-01 3.672740412442094815e-01 4.690525515966093018e-01 6.561792611151402443e-01 7.209776679471737726e-01 6.331512283013129849e-01 3.108336987809190988e-01 5.789168610628691036e-01 6.521317927945723403e-01 6.355044713646007537e-01 7.680915183886326547e-01 4.425461116783453996e-01 7.402478507275032094e-01 7.893425388263410891e-01 5.440780246151890598e-01 6.424525390154898208e-01 4.764273002172549898e-01 4.767853804702744114e-01 8.832541203381378825e-01 6.215747388684372821e-01 3.637549131774474587e-01 7.332306117706793858e-01 2.892285481064467145e-01 3.291835276227578211e-01 6.963522055265775057e-01 5.838336503159820001e-01 4.538496972315361200e-01 0.000000000000000000e+00 4.096423941582004180e-01 1.773762376621622616e-01 5.207227060652728223e-01 3.616613816903616052e-01 8.280285417161663553e-01 4.492098599931672043e-01 3.226963370268353115e-01
7.498566556326166088e-01 8.007859953238868345e-01 5.396666419260967018e-01 3.535869170816778873e-01 6.152171280775758921e-01 5.961616879246184331e-01 7.242307578569096016e-01 6.701525855593820635e-01 9.628413043121089032e-01 3.807612939755200543e-01 4.819103049673047479e-01 5.663005079964571475e-01 8.656245351175246849e-01 6.291186881412963450e-01 5.620329177816996147e-01 7.565498869503187729e-01 5.479598163918342202e-01 3.550090448792184716e-01 9.856261199750360191e-01 8.427371165901254013e-01 3.935048179335668417e-01 8.872047685123796157e-02 3.351453150669935765e-01 4.292353555366573703e-01 8.790826899629491376e-01 4.500510904988584970e-01 6.913175661405055461e-01 4.096423941582004180e-01 0.000000000000000000e+00 4.623130112835706074e-01 1.802206064378391037e-01 8.716789362177006506e-01 5.811986645271141061e-01 5.483608530705332829e-01 4.992061712832359666e-01
4.891425030085913561e-01 4.205410047204545254e-01 5.211692651139858690e-01 2.480934605020544970e-01 4.764034715317014279e-01 6.203494370476878572e-01 1.704003575080767496e-01 1.722091378179695931e-01 4.752424683175385800e-01 2.056659401717165769e-01 6.294906937991127105e-01 4.818508269019896040e-01 7.348274928284337371e-01 3.177893560691016361e-01 4.001351043591532264e-01 7.285312498976550533e-01 3.252558953947832787e-01 9.569324785012820467e-01 6.347886272841779531e-01 6.609057460613566581e-01 7.627982163653740377e-01 7.230771783640088657e-01 8.481352015513115017e-01 5.004784464190568105e-01 4.717570578422001226e-01 8.714584525290188788e-01 2.163636870529286327e-01 1.773762376621622616e-01 4.623130112835706074e-01 0.000000000000000000e+00 6.874502256015735391e-01 2.123230842746077762e-01 4.760779271100893939e-01 3.628916263089947969e-01 7.593084236296520073e-01
3.208737765028480404e-01 7.909894517522577662e-01 2.901252455321791102e-01 1.409886518281370238e-01 9.139668002105802991e-01 4.458734722940614348e-01 5.003440680918480599e-01 2.942063089213763361e-01 4.054196488205829008e-01 6.790089567780196456e-01 4.019280484375458706e-01 3.759150483472815107e-01 7.491851377221102615e-01 4.549459039337337418e-01 9.861797803848371125e-02 2.687862147101629517e-01 1.129452880534844716e-01 4.905671339973823319e-01 5.456415168633546031e-01 7.306156444757412327e-01 2.093315478140095331e-01 3.868116487336027420e-01 5.545552305525234260e-01 7.482076651666554890e-01 5.911308894018996174e-01 6.316922707992209673e-01 9.142288031315690677e-01 5.207227060652728223e-01 1.802206064378391037e-01 6.874502256015735391e-01 0.000000000000000000e+00 4.627822304345150517e-01 4.302753167050061833e-01 8.351988414673595651e-01 5.861479445654487197e-01
6.732836236553967346e-01 6.623325142520730680e-01 6.605786420107029322e-01 8.745361573869697702e-01 3.197163866631608231e-01 1.575346973425014729e-01 5.057509714960771730e-01 7.412929244557726616e-01 4.474889290685365451e-01 3.590689780217607985e-01 4.106991965490905949e-01 2.040709980562869230e-01 6.852476644545113516e-01 2.896505817434995578e-01 8.219805388359273657e-01 1.688930174067747592e-01 8.452985046633370025e-01 4.614632283407185120e-01 3.740286671885553194e-01 8.940890467343530768e-01 5.199156472340911161e-01 2.850875775796851141e-01 5.203868721342896908e-02 4.041994252507266072e-01 8.180027231210214023e-01 8.398931509420746178e-01 1.326182110350228038e-01 3.616613816903616052e-01 8.716789362177006506e-01 2.123230842746077762e-01 4.627822304345150517e-01 0.000000000000000000e+00 5.891710323172800745e-01 6.111803887653749490e-01 7.003570011238486881e-01
5.582146207348932521e-01 8.719465651432017905e-01 7.814044748576105537e-01 4.178689476522856605e-01 3.904841396070843351e-01 4.991792863911261868e-01 5.521132448053628350e-01 6.233776579378972338e-01 4.977727961895306863e-01 9.181730555045016784e-01 6.318058200435683336e-01 8.859852736668007989e-01 6.463744511486728683e-01 1.716479097578523794e-01 5.196424074180934216e-01 5.040387968081407877e-01 8.815821587397010273e-01 8.432387614185467006e-01 8.612510136645056269e-01 8.610569846997255805e-01 2.188315892153692710e-01 1.325491968109329122e-01 3.333394858268540206e-01 4.573179102167908017e-01 2.149720218657307225e-01 4.887805771096809249e-01 3.704626291845596331e-01 8.280285417161663553e-01 5.811986645271141061e-01 4.760779271100893939e-01 4.302753167050061833e-01 5.891710323172800745e-01 0.000000000000000000e+00 5.463660912767519529e-01 5.591015942673918104e-01
9.856533491466763497e-01 4.611337338719631584e-01 2.170586974443262651e-01 7.393075049827764200e-01 1.620106311691914547e-01 8.050218091491023742e-01 5.682758239011784784e-01 5.272166587586741837e-01 4.937475195509469228e-01 6.489464050282287566e-01 5.317545416692226468e-01 5.048198104294356892e-01 4.364204343392089069e-01 7.919765203926888431e-01 6.591622311527286504e-01 2.889858534682957503e-01 5.299812341188627762e-01 4.728942030614379233e-01 3.840286947515627602e-01 6.790820467721652154e-01 6.459805959651219176e-01 5.984477218325037207e-01 8.461397887085855274e-01 3.047181153527067643e-01 2.194043105817272687e-01 7.813364359722037022e-01 8.956136539537784547e-01 4.492098599931672043e-01 5.483608530705332829e-01 3.628916263089947969e-01 8.351988414673595651e-01 6.111803887653749490e-01 5.463660912767519529e-01 0.000000000000000000e+00 6.380014288329315386e-01
6.920924922322946315e-01 6.144513096399981666e-01 6.236075127514602023e-01 1.688461174786239916e-01 7.716749596237437725e-01 5.720469485310631930e-01 3.370614164107309518e-01 7.482023294197597263e-01 2.187993843163374974e-01 5.185807839970337785e-01 5.443703125256256214e-01 4.932766877236949843e-01 2.259741108723303249e-01 1.120300152032011054e-01 9.106091278413519507e-02 6.682674064991579455e-01 3.227637916068633595e-01 6.928043780627863857e-01 5.198848366959876177e-01 3.736400495579262904e-01 7.551301557903936645e-01 1.254386026467004811e-01 6.468740583384046117e-01 4.915197295348657791e-01 5.815221995906116881e-01 3.014343376242481498e-01 1.570280347794994480e-01 3.226963370268353115e-01 4.992061712832359666e-01 7.593084236296520073e-01 5.861479445654487197e-01 7.003570011238486881e-01 5.591015942673918104e-01 6.380014288329315386e-01 0.000000000000000000e+00
