0.000000000000000000e+00 6.303567548689609223e-01 2.199188779095002655e-01 4.461320561373106619e-01 4.107332540784778274e-01 1.869402211988725471e-01 4.760393257816853962e-01 4.630161444860436681e-01 8.609263392014505634e-01 8.589381624017617956e-01 2.698346552690049638e-01 8.268729567357051558e-01 3.620616502292742789e-01 2.962503051967317891e-01 5.285496502124469309e-01 1.877964453381156806e-01 6.175823753708016284e-01 3.421635057521104084e-01 9.543954021735632232e-01 7.790683846915923416e-01 5.444022164292394717e-01 7.142484214877945492e-01 4.949556964030387141e-01 3.135392437930352161e-01 5.948246045874383547e-01 3.985137432085736342e-01 6.569800558374516708e-01 4.343138624679073190e-01 6.814989048919390946e-01 5.135743108650805411e-01 9.175155132334298358e-01 4.851993712538926751e-02 5.271176379546869128e-01 4.697267008705658387e-01 5.011432528474630832e-01
6.303567548689609223e-01 0.000000000000000000e+00 4.658722065342627561e-01 5.756593456224672334e-01 3.870049921703040408e-01 1.270887573873668019e-01 8.196437780551848462e-01 2.882747846690328353e-01 6.264016376128109798e-01 5.965509120124442566e-01 6.981995568512235906e-01 3.311637901014088392e-01 1.159285800999654281e-02 2.129760266849333727e-01 6.351466893859578633e-01 1.528905789783796543e-02 6.411823765551318832e-01 7.689979884197841731e-01 5.051318340152730624e-01 7.811224682983209933e-01 3.628070224460335225e-01 3.164001915083345939e-01 5.030779745941297287e-01 6.854536134229765043e-01 4.438229998030207013e-01 6.061753819556638945e-01 7.307084832778821815e-01 2.715223187006100547e-01 5.720942030403382006e-01 5.576783650949023174e-01 5.993695509728094173e-01 8.287775905813873356e-01 5.184019439390912254e-01 5.412354317348277988e-01 3.075557176352694544e-01
2.199188779095002655e-01 4.658722065342627561e-01 0.000000000000000000e+00 8.201981245860018310e-01 5.556876164051143263e-01 4.139464815346806104e-01 6.061938524631181879e-01 3.194792324457653709e-01 9.008814890924972119e-01 9.379130000423770985e-01 4.223822959799039545e-02 2.988114455500646693e-01 5.301678281973758455e-01 4.999029647286022948e-01 8.971434304759698941e-01 2.200587732994409018e-01 4.244924622074802700e-01 4.644248416013729841e-01 7.124101265605005118e-01 8.456217790585016658e-01 6.767014573406822109e-01 6.078722413427615212e-01 5.350066316933019817e-01 4.451778490512590114e-01 2.782110845075024819e-01 3.907900380877212254e-01 2.117923042857161597e-01 7.035639670166535797e-01 4.789280480039663779e-01 3.326729665119564361e-01 8.910881831397523545e-01 7.838218107898893283e-01 2.555547302749796579e-01 3.745843253641930048e-01 3.265281363740100140e-01
4.461320561373106619e-01 5.756593456224672334e-01 8.201981245860018310e-01 0.000000000000000000e+00 3.878191950721932013e-01 7.458869677730717296e-01 8.768366511524339213e-02 3.193287050113417513e-01 9.429977628969823389e-01 3.784745883146966028e-01 5.041188228262043491e-01 7.123019672059198726e-01 7.706580897781745154e-01 4.255512263439761855e-01 2.521821360711339333e-01 7.059517777394248572e-01 3.816942631707258005e-01 3.633778307588009238e-01 4.861368232729384453e-01 7.169078975639906481e-01 7.920034441427695748e-01 8.478347653417667162e-01 4.103277684492568911e-01 4.567166995166936916e-01 1.897959948352645476e-01 7.009263518153133754e-01 2.809588194959475871e-01 5.436439989621454361e-01 5.786671730804121561e-01 2.914995909761564086e-01 5.692604606338522721e-01 4.383316358108317878e-01 5.569025746664402199e-01 6.422506443302822277e-01 3.834689240651402153e-01
4.107332540784778274e-01 3.870049921703040408e-01 5.556876164051143263e-01 3.878191950721932013e-01 0.000000000000000000e+00 7.987745244962525248e-01 5.124171236387802253e-01 3.525734965535618493e-01 5.834184819079736295e-01 4.933812468482597358e-01 7.413803719130429570e-02 5.840178399835769252e-01 5.297809427434854168e-01 5.027934866677866710e-01 7.149557779849884387e-01 4.664330411788281117e-01 5.959418058171848109e-01 4.634993249718948882e-01 3.558808028412209223e-01 1.561425841606186582e-01 8.181725929433137923e-01 5.330097741914826548e-01 4.344832880465432368e-01 5.503478052257646524e-01 7.532111272792857415e-02 3.551623190551219111e-01 2.724518437460577980e-01 6.440839762380012878e-01 1.923669024115287618e-01 3.745781288130766162e-01 4.225403569466668063e-01 4.287420378116243436e-01 5.187615946222529084e-01 5.056908878984817113e-01 4.960101687470852561e-01
1.869402211988725471e-01 1.270887573873668019e-01 4.139464815346806104e-01 7.458869677730717296e-01 7.987745244962525248e-01 0.000000000000000000e+00 8.272733871937093530e-01 4.210601742970832007e-02 4.793102464263571671e-01 5.742621992109206985e-01 6.920339123879120091e-01 8.858917483152517480e-02 1.808521662167609234e-01 3.529760126540096854e-01 6.242403883888825167e-01 5.207471793784694825e-01 2.996063355428602581e-01 6.916557594774358497e-01 4.246164246210620274e-01 5.807724798468099081e-01 6.528120098413759953e-01 7.708848480053811514e-01 9.175200927115985117e-01 5.319392037485231040e-01 3.750020982994030083e-01 7.523930576277585436e-01 8.690014448971510319e-01 5.347702538172685038e-01 5.948196319398459941e-01 6.788591742143065266e-01 2.904626450522675984e-01 2.887874763276163104e-01 3.118662782266714562e-01 3.442777041746601374e-01 4.066743825090943787e-01
4.760393257816853962e-01 8.196437780551848462e-01 6.061938524631181879e-01 8.768366511524339213e-02 5.124171236387802253e-01 8.272733871937093530e-01 0.000000000000000000e+00 4.064170055084851962e-01 6.239444242256141360e-01 8.634363752612026488e-01 7.782956664314540918e-01 5.183797557900018393e-01 6.693301843456748168e-01 6.809978946894253982e-01 7.406612926261522123e-01 8.518426162708743199e-01 5.706721433529707843e-01 8.269287875866238036e-02 7.328972131446673810e-01 7.715677280112722691e-01 1.509518207824451785e-01 2.233649272988991186e-01 6.739770406889472598e-01 6.382979331173095350e-01 5.531321143108907101e-01 4.238320074173176910e-01 6.239625453155468460e-01 4.949443203187827711e-01 8.053910997398354699e-01 4.245637617459538937e-01 5.338833030069936036e-01 6.676800010154458898e-01 3.903202427590330981e-01 2.132074877870783203e-01 9.274550559810340600e-01
4.630161444860436681e-01 2.882747846690328353e-01 3.194792324457653709e-01 3.193287050113417513e-01 3.525734965535618493e-01 4.210601742970832007e-02 4.064170055084851962e-01 0.000000000000000000e+00 5.203891226248971158e-01 4.470562026600960470e-01 5.733631780996505389e-01 6.820219826344713354e-01 7.517086479894687923e-01 4.179732740901727084e-01 1.916414544705983269e-01 6.493104189521641256e-01 3.916565691260278648e-01 5.132272604186399745e-01 6.568563740501280890e-01 4.044855112741402303e-01 3.775868663011875404e-01 3.269041009124165065e-01 3.385989100625104165e-01 8.325499531862419200e-01 3.591396996135335362e-01 7.866951122750511782e-01 4.916800017403065159e-01 5.907723364688299839e-01 9.736604052803368159e-01 4.979677427317497074e-02 6.369993585370170575e-01 3.907849374044606305e-01 7.076352659828590852e-01 6.294506760202362994e-01 5.953502101154357629e-01
8.609263392014505634e-01 6.264016376128109798e-01 9.008814890924972119e-01 9.429977628969823389e-01 5.834184819079736295e-01 4.793102464263571671e-01 6.239444242256141360e-01 5.203891226248971158e-01 0.000000000000000000e+00 8.600657451305654400e-01 7.168700117433383090e-01 3.416777277482092590e-01 7.074613952389392502e-01 5.461771858774039368e-01 5.368054209250929798e-01 8.175392687115832224e-01 5.977861935992256903e-02 6.490859743727953601e-01 7.553011373886751034e-01 5.189253375842221017e-01 9.509116293100891015e-01 5.775276660270424189e-01 3.228393507879951940e-01 8.638636818033429421e-01 7.187703837650692984e-01 6.748342107519407218e-01 8.976692643701440488e-01 5.794983205581888397e-01 5.569649401126024468e-01 8.910180530632756390e-01 8.222625226056026193e-01 3.190057015452815170e-01 8.869152322821722834e-01 4.498050569417791911e-01 5.313464145894487567e-01
8.589381624017617956e-01 5.965509120124442566e-01 9.379130000423770985e-01 3.784745883146966028e-01 4.933812468482597358e-01 5.742621992109206985e-01 8.634363752612026488e-01 4.470562026600960470e-01 8.600657451305654400e-01 0.000000000000000000e+00 6.126829476309745282e-01 3.253764809162003058e-01 3.158776529597717708e-01 4.098271945386604553e-01 2.743101869168611540e-01 8.851256967834748579e-01 3.551105006434864819e-01 6.416762229753443236e-01 6.870030564411649943e-01 3.569518447205958234e-01 5.609038179390166690e-01 1.927936005714501189e-01 7.357505884984696376e-01 6.556643808521290806e-01 8.587401261110548800e-01 5.993359406576856951e-01 3.313300398956716686e-01 6.728820245695522617e-01 3.327514304490779562e-01 3.851284853624277749e-01 1.737803505370942303e-01 6.575625454585616314e-01 8.171334280572373210e-01 1.055366794160218502e-01 3.565509203173380937e-01
2.698346552690049638e-01 6.981995568512235906e-01 4.223822959799039545e-02 5.041188228262043491e-01 7.413803719130429570e-02 6.920339123879120091e-01 7.782956664314540918e-01 5.733631780996505389e-01 7.168700117433383090e-01 6.126829476309745282e-01 0.000000000000000000e+00 6.160212047262106916e-01 8.194070197122069743e-01 5.883941518594578701e-01 7.734673170365331529e-01 1.343737019700063096e-01 4.207845116840141508e-01 3.212718054478556073e-01 3.522708124868665358e-01 6.879643551325702600e-01 3.447452023901489415e-01 7.012193385443796778e-01 7.055330253077902736e-01 5.795538443157249864e-01 5.787496588551248600e-01 3.349612294105648314e-01 5.423837537765622274e-01 1.566441593382970066e-01 3.303423521947661534e-01 5.817206662860079369e-01 7.016714976096014578e-01 7.181933443201731215e-01 8.765315251087089088e-01 5.191456128411064963e-01 3.687895178657484840e-01
8.268729567357051558e-01 3.311637901014088392e-01 2.988114455500646693e-01 7.123019672059198726e-01 5.840178399835769252e-01 8.858917483152517480e-02 5.183797557900018393e-01 6.820219826344713354e-01 3.416777277482092590e-01 3.253764809162003058e-01 6.160212047262106916e-01 0.000000000000000000e+00 5.246928771605571251e-01 4.060437611109660727e-01 8.386552918470145945e-01 5.645259678532676961e-01 7.816170942742516337e-01 5.238089278125830361e-01 7.172767076552311050e-01 4.052897626625621696e-01 7.854874516082184233e-01 7.055444343769441407e-01 3.658465217703528172e-01 2.884718740388136360e-01 3.612005646521977420e-01 3.894084816389141723e-01 5.332029610035936562e-01 5.802623250692533485e-01 7.017857080460263575e-01 5.512745521953008598e-01 7.119416845850152775e-01 8.907617538148060454e-01 5.388394456323727377e-01 7.817597393771773540e-01 6.845310674985741750e-01
3.620616502292742789e-01 1.159285800999654281e-02 5.301678281973758455e-01 7.706580897781745154e-01 5.297809427434854168e-01 1.808521662167609234e-01 6.693301843456748168e-01 7.517086479894687923e-01 7.074613952389392502e-01 3.158776529597717708e-01 8.194070197122069743e-01 5.246928771605571251e-01 0.000000000000000000e+00 1.337274463048131468e-01 6.943340330279764716e-01 4.902163132082997254e-01 6.752789477693568188e-01 1.489137642838666009e-01 3.698373108279291444e-01 4.712151667589349890e-01 9.366100769995863162e-01 9.049684109636858542e-01 3.052254473094811460e-01 7.180483563798645275e-01 7.885906064026710904e-01 7.726346662566014878e-01 4.101227396567479477e-01 1.250140155541312748e-01 4.450617870052760994e-01 6.516471197155955242e-01 3.849769403571895454e-01 6.744742324758441487e-01 9.241860523492801960e-01 5.781585920710343718e-01 4.743264882017158013e-01
2.962503051967317891e-01 2.129760266849333727e-01 4.999029647286022948e-01 4.255512263439761855e-01 5.027934866677866710e-01 3.529760126540096854e-01 6.809978946894253982e-01 4.179732740901727084e-01 5.461771858774039368e-01 4.098271945386604553e-01 5.883941518594578701e-01 4.060437611109660727e-01 1.337274463048131468e-01 0.000000000000000000e+00 7.000147285429340061e-01 3.004412874614039719e-01 8.227941629437960369e-01 5.674548590750640997e-01 7.937859277433617633e-01 3.301537547235527947e-01 1.080754083680758315e-01 6.953192080541795717e-01 4.953720024930576837e-01 4.366078669690846015e-01 4.044276792883952920e-01 2.827723148891789773e-01 3.245197091977320425e-01 6.556470509153216053e-01 1.239929948527156434e-01 4.880270985094696257e-01 5.059025116003919020e-01 7.713135969997308994e-01 5.624029090954585364e-01 5.342631706660185831e-01 8.583668268718555039e-01
5.285496502124469309e-01 6.351466893859578633e-01 8.971434304759698941e-01 2.521821360711339333e-01 7.149557779849884387e-01 6.242403883888825167e-01 7.406612926261522123e-01 1.916414544705983269e-01 5.368054209250929798e-01 2.743101869168611540e-01 7.734673170365331529e-01 8.386552918470145945e-01 6.943340330279764716e-01 7.000147285429340061e-01 0.000000000000000000e+00 8.786139674793617127e-01 6.555203981390312906e-01 1.078599585819174367e-01 4.580463305882752079e-01 5.090592135889899783e-01 8.869504250619781871e-01 3.492883998243961896e-01 3.618266711428467786e-01 7.762360749890774292e-01 5.673665944738248701e-01 9.296687491435917661e-01 4.952603134561561204e-01 7.988170762289354965e-01 7.352147267698491140e-01 6.425266947028132059e-01 9.237324019501018668e-01 6.529161577091456836e-01 5.924520975907897613e-01 5.402184451680094313e-01 8.151873506243592082e-01
1.877964453381156806e-01 1.528905789783796543e-02 2.200587732994409018e-01 7.059517777394248572e-01 4.664330411788281117e-01 5.207471793784694825e-01 8.518426162708743199e-01 6.493104189521641256e-01 8.175392687115832224e-01 8.851256967834748579e-01 1.343737019700063096e-01 5.645259678532676961e-01 4.902163132082997254e-01 3.004412874614039719e-01 8.786139674793617127e-01 0.000000000000000000e+00 2.120909551181631159e-01 3.386316044410374593e-01 4.513447283653118092e-01 5.466847790506689231e-01 3.747011989446489832e-01 9.029998250781586799e-01 8.230155180147884497e-01 1.443663419121775648e-01 6.549638098962842214e-01 2.061490213666452576e-01 4.260089939961603234e-01 8.364784258960467067e-02 1.430667423129260429e-01 1.739304872505842425e-01 4.434606576785912746e-01 4.873872670504599269e-01 3.963077262584766003e-01 6.410730096348272733e-01 7.405115424244591571e-01
6.175823753708016284e-01 6.411823765551318832e-01 4.244924622074802700e-01 3.816942631707258005e-01 5.959418058171848109e-01 2.996063355428602581e-01 5.706721433529707843e-01 3.916565691260278648e-01 5.977861935992256903e-02 3.551105006434864819e-01 4.207845116840141508e-01 7.816170942742516337e-01 6.752789477693568188e-01 8.227941629437960369e-01 6.555203981390312906e-01 2.120909551181631159e-01 0.000000000000000000e+00 8.707914377247337745e-01 7.317680214030430896e-02 3.055663628613558558e-01 5.632716740832591773e-01 6.890946648970448507e-01 2.902325784091285832e-01 4.922459677232220443e-01 6.911208040588950885e-01 8.230216639043054228e-01 5.799309791557101246e-01 1.967582036716232219e-01 5.007018952043585935e-01 6.581519868818249686e-01 7.426756787308985697e-01 2.848514600089746551e-01 4.797828638300862814e-01 8.379439141068589780e-01 4.672172486213240217e-01
3.421635057521104084e-01 7.689979884197841731e-01 4.644248416013729841e-01 3.633778307588009238e-01 4.634993249718948882e-01 6.916557594774358497e-01 8.269287875866238036e-02 5.132272604186399745e-01 6.490859743727953601e-01 6.416762229753443236e-01 3.212718054478556073e-01 5.238089278125830361e-01 1.489137642838666009e-01 5.674548590750640997e-01 1.078599585819174367e-01 3.386316044410374593e-01 8.707914377247337745e-01 0.000000000000000000e+00 8.696221357059141788e-01 6.023087977658208025e-01 5.697140359347745431e-01 7.392786305598875174e-01 3.283512097491108062e-01 5.466554694375074241e-01 4.223477192858706153e-01 5.898978830920875716e-01 3.947727332925880517e-01 9.621111919151130731e-01 4.798100909631340394e-01 5.823695291043085032e-01 8.956522423687420797e-01 3.954656025481133597e-01 1.624803950654378770e-01 1.263158019774618390e-01 3.279011093491532303e-01
9.543954021735632232e-01 5.051318340152730624e-01 7.124101265605005118e-01 4.861368232729384453e-01 3.558808028412209223e-01 4.246164246210620274e-01 7.328972131446673810e-01 6.568563740501280890e-01 7.553011373886751034e-01 6.870030564411649943e-01 3.522708124868665358e-01 7.172767076552311050e-01 3.698373108279291444e-01 7.937859277433617633e-01 4.580463305882752079e-01 4.513447283653118092e-01 7.317680214030430896e-02 8.696221357059141788e-01 0.000000000000000000e+00 6.403042790714367216e-01 2.325609056421132914e-01 3.701592636254750768e-01 3.637380940366908844e-01 9.164861517975093630e-01 8.204048147537148505e-01 5.894297909720971340e-01 4.289196140838624771e-02 1.591001461546669438e-01 4.783307013974215094e-01 4.949261981521990705e-01 1.390051461990806647e-01 4.298655468361924914e-01 7.775258820432331408e-01 4.860125336533469564e-01 6.555502210956452025e-01
7.790683846915923416e-01 7.811224682983209933e-01 8.456217790585016658e-01 7.169078975639906481e-01 1.561425841606186582e-01 5.807724798468099081e-01 7.715677280112722691e-01 4.044855112741402303e-01 5.189253375842221017e-01 3.569518447205958234e-01 6.879643551325702600e-01 4.052897626625621696e-01 4.712151667589349890e-01 3.301537547235527947e-01 5.090592135889899783e-01 5.466847790506689231e-01 3.055663628613558558e-01 6.023087977658208025e-01 6.403042790714367216e-01 0.000000000000000000e+00 3.886532323461259208e-01 3.695189311058345583e-01 5.755185989812579006e-01 5.779883509870943348e-01 5.337699014553669574e-01 6.280882321635374854e-01 4.570074542092039671e-01 4.064995107278515651e-01 4.184088228354870820e-01 6.263202359596466984e-01 6.801043311903471889e-01 4.854384751566004907e-01 5.094706628146465910e-01 3.057345444724335892e-01 6.798098436611498263e-01
5.444022164292394717e-01 3.628070224460335225e-01 6.767014573406822109e-01 7.920034441427695748e-01 8.181725929433137923e-01 6.528120098413759953e-01 1.509518207824451785e-01 3.775868663011875404e-01 9.509116293100891015e-01 5.609038179390166690e-01 3.447452023901489415e-01 7.854874516082184233e-01 9.366100769995863162e-01 1.080754083680758315e-01 8.869504250619781871e-01 3.747011989446489832e-01 5.632716740832591773e-01 5.697140359347745431e-01 2.325609056421132914e-01 3.886532323461259208e-01 0.000000000000000000e+00 4.244573346261299451e-01 2.256651981301958654e-01 6.848173152226024740e-01 3.048095029489104046e-01 8.486309804886724706e-01 7.562902509581215238e-01 3.132196882666614113e-01 5.467889071344884666e-01 5.556546094685401727e-01 8.673839162033935013e-01 1.277736080532234642e-01 1.890740851675545287e-01 3.541851003599684189e-01 6.988175050157784396e-01
7.142484214877945492e-01 3.164001915083345939e-01 6.078722413427615212e-01 8.478347653417667162e-01 5.330097741914826548e-01 7.708848480053811514e-01 2.233649272988991186e-01 3.269041009124165065e-01 5.775276660270424189e-01 1.927936005714501189e-01 7.012193385443796778e-01 7.055444343769441407e-01 9.049684109636858542e-01 6.953192080541795717e-01 3.492883998243961896e-01 9.029998250781586799e-01 6.890946648970448507e-01 7.392786305598875174e-01 3.701592636254750768e-01 3.695189311058345583e-01 4.244573346261299451e-01 0.000000000000000000e+00 5.252115836822954797e-01 5.771413082545160389e-01 5.151664757108251891e-01 5.373466889454096007e-01 9.401336874175822977e-01 1.342525746829925648e-01 6.438122647343862415e-01 4.746597411894958873e-01 3.793987581100455309e-02 3.527124247896408771e-01 4.493634871332095049e-01 4.930862937947197433e-01 4.870091589118791808e-01
4.949556964030387141e-01 5.030779745941297287e-01 5.350066316933019817e-01 4.103277684492568911e-01 4.344832880465432368e-01 9.175200927115985117e-01 6.739770406889472598e-01 3.385989100625104165e-01 3.228393507879951940e-01 7.357505884984696376e-01 7.055330253077902736e-01 3.658465217703528172e-01 3.052254473094811460e-01 4.953720024930576837e-01 3.618266711428467786e-01 8.230155180147884497e-01 2.902325784091285832e-01 3.283512097491108062e-01 3.637380940366908844e-01 5.755185989812579006e-01 2.256651981301958654e-01 5.252115836822954797e-01 0.000000000000000000e+00 1.707367506058203865e-01 1.343226049913064379e-01 5.925128181580994191e-01 6.391256215372722593e-01 3.996018636604063978e-01 3.869053824762095362e-01 8.902605779264954888e-01 3.823890028291674348e-01 2.732125446124229473e-01 4.337746675198333457e-01 8.507234484502955718e-01 4.429241756575001410e-01
3.135392437930352161e-01 6.854536134229765043e-01 4.451778490512590114e-01 4.567166995166936916e-01 5.503478052257646524e-01 5.319392037485231040e-01 6.382979331173095350e-01 8.325499531862419200e-01 8.638636818033429421e-01 6.556643808521290806e-01 5.795538443157249864e-01 2.884718740388136360e-01 7.180483563798645275e-01 4.366078669690846015e-01 7.762360749890774292e-01 1.443663419121775648e-01 4.922459677232220443e-01 5.466554694375074241e-01 9.164861517975093630e-01 5.779883509870943348e-01 6.848173152226024740e-01 5.771413082545160389e-01 1.707367506058203865e-01 0.000000000000000000e+00 4.430473291647417655e-01 5.642023753114434603e-01 7.982791013582994921e-01 1.974149259918323573e-01 7.434285908786421038e-01 7.387364713320241361e-01 2.783097086676576959e-01 6.063245618837812545e-01 9.526910255934275540e-01 5.686720380324000734e-01 5.474785372886890045e-01
5.948246045874383547e-01 4.438229998030207013e-01 2.782110845075024819e-01 1.897959948352645476e-01 7.532111272792857415e-02 3.750020982994030083e-01 5.531321143108907101e-01 3.591396996135335362e-01 7.187703837650692984e-01 8.587401261110548800e-01 5.787496588551248600e-01 3.612005646521977420e-01 7.885906064026710904e-01 4.044276792883952920e-01 5.673665944738248701e-01 6.549638098962842214e-01 6.911208040588950885e-01 4.223477192858706153e-01 8.204048147537148505e-01 5.337699014553669574e-01 3.048095029489104046e-01 5.151664757108251891e-01 1.343226049913064379e-01 4.430473291647417655e-01 0.000000000000000000e+00 5.141785863075110097e-01 3.343926650344580809e-01 6.676569269901277970e-02 2.870142508183822772e-01 2.465263456802558317e-01 2.767553446590064192e-01 3.540471610027133842e-01 5.870025100230438220e-01 1.909931943408950117e-01 3.276179635746588881e-01
3.985137432085736342e-01 6.061753819556638945e-01 3.907900380877212254e-01 7.009263518153133754e-01 3.551623190551219111e-01 7.523930576277585436e-01 4.238320074173176910e-01 7.866951122750511782e-01 6.748342107519407218e-01 5.993359406576856951e-01 3.349612294105648314e-01 3.894084816389141723e-01 7.726346662566014878e-01 2.827723148891789773e-01 9.296687491435917661e-01 2.061490213666452576e-01 8.230216639043054228e-01 5.898978830920875716e-01 5.894297909720971340e-01 6.280882321635374854e-01 8.486309804886724706e-01 5.373466889454096007e-01 5.925128181580994191e-01 5.642023753114434603e-01 5.141785863075110097e-01 0.000000000000000000e+00 7.969274555549658023e-01 8.802111522495863483e-01 8.614668448203131046e-01 1.054699504526879217e-02 5.909453349015501011e-01 1.429509999983424873e-01 9.222771906839982714e-01 6.139712761434286126e-01 3.308153465214045963e-01
6.569800558374516708e-01 7.307084832778821815e-01 2.117923042857161597e-01 2.809588194959475871e-01 2.724518437460577980e-01 8.690014448971510319e-01 6.239625453155468460e-01 4.916800017403065159e-01 8.976692643701440488e-01 3.313300398956716686e-01 5.423837537765622274e-01 5.332029610035936562e-01 4.101227396567479477e-01 3.245197091977320425e-01 4.952603134561561204e-01 4.260089939961603234e-01 5.799309791557101246e-01 3.947727332925880517e-01 4.289196140838624771e-02 4.570074542092039671e-01 7.562902509581215238e-01 9.401336874175822977e-01 6.391256215372722593e-01 7.982791013582994921e-01 3.343926650344580809e-01 7.969274555549658023e-01 0.000000000000000000e+00 2.847374870158529969e-01 7.033846388685138784e-02 5.398042264983791139e-01 7.744564272132477001e-01 8.999156946021138470e-01 8.763003437997554101e-01 5.305251916955350255e-01 9.233713002656650515e-01
4.343138624679073190e-01 2.715223187006100547e-01 7.035639670166535797e-01 5.436439989621454361e-01 6.440839762380012878e-01 5.347702538172685038e-01 4.949443203187827711e-01 5.907723364688299839e-01 5.794983205581888397e-01 6.728820245695522617e-01 1.566441593382970066e-01 5.802623250692533485e-01 1.250140155541312748e-01 6.556470509153216053e-01 7.988170762289354965e-01 8.364784258960467067e-02 1.967582036716232219e-01 9.621111919151130731e-01 1.591001461546669438e-01 4.064995107278515651e-01 3.132196882666614113e-01 1.342525746829925648e-01 3.996018636604063978e-01 1.974149259918323573e-01 6.676569269901277970e-02 8.802111522495863483e-01 2.847374870158529969e-01 0.000000000000000000e+00 4.557586937677299277e-01 4.291811705098329544e-01 4.792227424661614776e-01 9.231792591641521106e-01 4.229781451828408256e-01 3.559743349265419576e-01 4.376919673467052352e-01
6.814989048919390946e-01 5.720942030403382006e-01 4.789280480039663779e-01 5.786671730804121561e-01 1.923669024115287618e-01 5.948196319398459941e-01 8.053910997398354699e-01 9.736604052803368159e-01 5.569649401126024468e-01 3.327514304490779562e-01 3.303423521947661534e-01 7.017857080460263575e-01 4.450617870052760994e-01 1.239929948527156434e-01 7.352147267698491140e-01 1.430667423129260429e-01 5.007018952043585935e-01 4.798100909631340394e-01 4.783307013974215094e-01 4.184088228354870820e-01 5.467889071344884666e-01 6.438122647343862415e-01 3.869053824762095362e-01 7.434285908786421038e-01 2.870142508183822772e-01 8.614668448203131046e-01 7.033846388685138784e-02 4.557586937677299277e-01 0.000000000000000000e+00 4.881746579819096210e-01 4.333321708480364354e-02 4.435992113053830455e-01 5.680903030902733075e-01 4.217949496294562395e-01 7.582976095054851928e-01
5.135743108650805411e-01 5.576783650949023174e-01 3.326729665119564361e-01 2.914995909761564086e-01 3.745781288130766162e-01 6.788591742143065266e-01 4.245637617459538937e-01 4.979677427317497074e-02 8.910180530632756390e-01 3.851284853624277749e-01 5.817206662860079369e-01 5.512745521953008598e-01 6.516471197155955242e-01 4.880270985094696257e-01 6.425266947028132059e-01 1.739304872505842425e-01 6.581519868818249686e-01 5.823695291043085032e-01 4.949261981521990705e-01 6.263202359596466984e-01 5.556546094685401727e-01 4.746597411894958873e-01 8.902605779264954888e-01 7.387364713320241361e-01 2.465263456802558317e-01 1.054699504526879217e-02 5.398042264983791139e-01 4.291811705098329544e-01 4.881746579819096210e-01 0.000000000000000000e+00 8.509894276477949493e-01 5.033859338643075221e-01 6.369098010153400047e-01 2.387679769382562434e-01 4.987282507311874280e-01
9.175155132334298358e-01 5.993695509728094173e-01 8.910881831397523545e-01 5.692604606338522721e-01 4.225403569466668063e-01 2.904626450522675984e-01 5.338833030069936036e-01 6.369993585370170575e-01 8.222625226056026193e-01 1.737803505370942303e-01 7.016714976096014578e-01 7.119416845850152775e-01 3.849769403571895454e-01 5.059025116003919020e-01 9.237324019501018668e-01 4.434606576785912746e-01 7.426756787308985697e-01 8.956522423687420797e-01 1.390051461990806647e-01 6.801043311903471889e-01 8.673839162033935013e-01 3.793987581100455309e-02 3.823890028291674348e-01 2.783097086676576959e-01 2.767553446590064192e-01 5.909453349015501011e-01 7.744564272132477001e-01 4.792227424661614776e-01 4.333321708480364354e-02 8.509894276477949493e-01 0.000000000000000000e+00 7.987759645224856708e-01 5.745485494932310866e-01 5.102796621699594581e-01 4.113949615728036413e-01
4.851993712538926751e-02 8.287775905813873356e-01 7.838218107898893283e-01 4.383316358108317878e-01 4.287420378116243436e-01 2.887874763276163104e-01 6.676800010154458898e-01 3.907849374044606305e-01 3.190057015452815170e-01 6.575625454585616314e-01 7.181933443201731215e-01 8.907617538148060454e-01 6.744742324758441487e-01 7.713135969997308994e-01 6.529161577091456836e-01 4.873872670504599269e-01 2.848514600089746551e-01 3.954656025481133597e-01 4.298655468361924914e-01 4.854384751566004907e-01 1.277736080532234642e-01 3.527124247896408771e-01 2.732125446124229473e-01 6.063245618837812545e-01 3.540471610027133842e-01 1.429509999983424873e-01 8.999156946021138470e-01 9.231792591641521106e-01 4.435992113053830455e-01 5.033859338643075221e-01 7.987759645224856708e-01 0.000000000000000000e+00 4.605438256786043572e-01 5.560229688346255417e-01 4.338838846975356933e-01
5.271176379546869128e-01 5.184019439390912254e-01 2.555547302749796579e-01 5.569025746664402199e-01 5.187615946222529084e-01 3.118662782266714562e-01 3.903202427590330981e-01 7.076352659828590852e-01 8.869152322821722834e-01 8.171334280572373210e-01 8.765315251087089088e-01 5.388394456323727377e-01 9.241860523492801960e-01 5.624029090954585364e-01 5.924520975907897613e-01 3.963077262584766003e-01 4.797828638300862814e-01 1.624803950654378770e-01 7.775258820432331408e-01 5.094706628146465910e-01 1.890740851675545287e-01 4.493634871332095049e-01 4.337746675198333457e-01 9.526910255934275540e-01 5.870025100230438220e-01 9.222771906839982714e-01 8.763003437997554101e-01 4.229781451828408256e-01 5.680903030902733075e-01 6.369098010153400047e-01 5.745485494932310866e-01 4.605438256786043572e-01 0.000000000000000000e+00 3.611234493886706920e-01 1.569748989618954260e-01
4.697267008705658387e-01 5.412354317348277988e-01 3.745843253641930048e-01 6.422506443302822277e-01 5.056908878984817113e-01 3.442777041746601374e-01 2.132074877870783203e-01 6.294506760202362994e-01 4.498050569417791911e-01 1.055366794160218502e-01 5.191456128411064963e-01 7.817597393771773540e-01 5.781585920710343718e-01 5.342631706660185831e-01 5.402184451680094313e-01 6.410730096348272733e-01 8.379439141068589780e-01 1.263158019774618390e-01 4.860125336533469564e-01 3.057345444724335892e-01 3.541851003599684189e-01 4.930862937947197433e-01 8.507234484502955718e-01 5.686720380324000734e-01 1.909931943408950117e-01 6.139712761434286126e-01 5.305251916955350255e-01 3.559743349265419576e-01 4.217949496294562395e-01 2.387679769382562434e-01 5.102796621699594581e-01 5.560229688346255417e-01 3.611234493886706920e-01 0.000000000000000000e+00 8.985417861040296827e-01
5.011432528474630832e-01 3.075557176352694544e-01 3.265281363740100140e-01 3.834689240651402153e-01 4.960101687470852561e-01 4.066743825090943787e-01 9.274550559810340600e-01 5.953502101154357629e-01 5.313464145894487567e-01 3.565509203173380937e-01 3.687895178657484840e-01 6.845310674985741750e-01 4.743264882017158013e-01 8.583668268718555039e-01 8.151873506243592082e-01 7.405115424244591571e-01 4.672172486213240217e-01 3.279011093491532303e-01 6.555502210956452025e-01 6.798098436611498263e-01 6.988175050157784396e-01 4.870091589118791808e-01 4.429241756575001410e-01 5.474785372886890045e-01 3.276179635746588881e-01 3.308153465214045963e-01 9.233713002656650515e-01 4.376919673467052352e-01 7.582976095054851928e-01 4.987282507311874280e-01 4.113949615728036413e-01 4.338838846975356933e-01 1.569748989618954260e-01 8.985417861040296827e-01 0.000000000000000000e+00
