0.000000000000000000e+00 1.974147052209725972e-01 5.424302274280657921e-01 5.051102788035619628e-01 7.890569066767745277e-01 5.530135552469919169e-01 2.268808927199418290e-01 6.335269019045030037e-01 7.663379686589348871e-01 9.116063838249053308e-01 6.982455679050908470e-01 2.414809781745056450e-01 7.718862679759892487e-01 7.869276185601881135e-01 6.935938188426254980e-01 2.122893294945845111e-01 5.665947372261233017e-01 4.719085904726684211e-01 3.209865577000964310e-01 5.795625388929430688e-01 5.273573650691665282e-01 1.528689962235094679e-01 8.951848015899892541e-01 1.339207399228726780e-01 6.625169226214788765e-01 7.861120849830409707e-01 2.916872124016482992e-01 5.148862101427684745e-01 5.740431830706653749e-01 4.111817249739063707e-01 1.050675742598714546e-01 5.322104354002010762e-01 5.067356128465817511e-01 5.560177559761856347e-01 4.165753800368403592e-01
1.974147052209725972e-01 0.000000000000000000e+00 3.954099023445348804e-01 7.074373944634683165e-01 4.111339550267105181e-01 4.151738950434719633e-01 6.280332020410555049e-01 3.307083478119561271e-01 7.168032068088586728e-01 2.047508194751028743e-01 3.403094322126458682e-01 2.020013068326002026e-01 2.715017162988282995e-01 5.125574001970680804e-01 5.196520392103003427e-01 6.557637739570491009e-01 4.677085461981823067e-01 5.483118965457659533e-01 6.499377824503012047e-01 4.575026031194130982e-01 8.593288759206341165e-02 3.272771087124135558e-01 3.736446091383769375e-01 5.918214186367212193e-01 5.225103184853857607e-01 3.395495597610126426e-01 5.000687427851948641e-01 2.790616895339820269e-01 7.015787487484603790e-01 8.015211617099262664e-01 7.739534837728538896e-01 6.353849323503770741e-01 4.520830787976278242e-01 4.921706924818526341e-01 4.299761313038488186e-01
5.424302274280657921e-01 3.954099023445348804e-01 0.000000000000000000e+00 3.329324766026819926e-01 8.450421389304114683e-01 6.701102257280301400e-01 4.605636566527787634e-01 1.583839771664648510e-01 7.899849352964278815e-01 5.684102843436121821e-01 8.744699211744056955e-01 5.078731962799469812e-01 2.719498352931985496e-01 8.530407165313584894e-01 5.465201628742850648e-01 4.808361047220692797e-01 5.484548187461715241e-01 6.739664549653030523e-01 3.094770714444298743e-01 2.889159817638980998e-01 7.355704629177777232e-01 6.310337167294178817e-01 4.300118889074536765e-01 8.579157472561460551e-02 8.149622231401936201e-01 7.798367185889334419e-01 5.981958234810793584e-01 7.213908311799007711e-01 5.561304287976012173e-01 2.580051952169776230e-01 8.434507361863532449e-01 4.638919204589863066e-01 3.000025039609786059e-01 5.322952083601686368e-01 5.805400562477494031e-01
5.051102788035619628e-01 7.074373944634683165e-01 3.329324766026819926e-01 0.000000000000000000e+00 6.021153531683749449e-01 6.452209473713363952e-01 4.347866683242540553e-01 6.693701979000067359e-01 9.829860666288614546e-02 4.849688880903484933e-01 2.073525014113147824e-01 3.183038499580767011e-01 7.788592364335350515e-01 3.799158186079586441e-01 4.403203288649295555e-01 1.008905180825169223e-01 4.854964600991268364e-01 5.390568513882056934e-01 6.932407722307933895e-01 3.450754445225841516e-01 1.318084091519863832e-01 4.176543493283462749e-01 4.074616989244391752e-01 2.851400214297605817e-01 3.487349199547082890e-01 3.100778553575370688e-01 7.098332554273194539e-01 4.645213182663038287e-01 4.965923238423687325e-01 4.891422977139324724e-01 8.707047167166948043e-01 7.324866740113129548e-01 5.945084933796771498e-01 3.526754108413672206e-01 5.129008672286821113e-01
7.890569066767745277e-01 4.111339550267105181e-01 8.450421389304114683e-01 6.021153531683749449e-01 0.000000000000000000e+00 6.619223752421474760e-01 5.369451668612774675e-01 8.141466912583206206e-02 6.262686734169534697e-01 4.426661007141477477e-01 2.090156849046689302e-01 6.169067936337286895e-01 9.551543697333009231e-01 3.791450089193451056e-01 9.132656212087533198e-01 2.645827359913555110e-01 5.419381753902013932e-01 9.180432665083431143e-01 4.174862800535670271e-01 3.815473070399216238e-01 7.013145503587802088e-01 8.054213311605429304e-02 4.469764700828414705e-01 7.688960218247783418e-01 8.253335535045398519e-01 8.141579515928637489e-02 4.644531448578389510e-01 3.062656642880583480e-01 2.929399694523449060e-01 3.820767628291665829e-02 3.470225707800449477e-01 5.205779645415429258e-01 5.049493739240171752e-01 3.325303447957265179e-01 6.771755125082306037e-01
5.530135552469919169e-01 4.151738950434719633e-01 6.701102257280301400e-01 6.452209473713363952e-01 6.619223752421474760e-01 0.000000000000000000e+00 8.196074269350568375e-01 4.729040063326085397e-01 6.351839288062960387e-01 8.510583899022788890e-01 7.453701087918105372e-01 5.124874201872458013e-01 2.450446684088398719e-01 4.405359042701051941e-01 6.723270560470686608e-01 3.173867077183816776e-01 7.826054788848493260e-01 9.393668688209787510e-01 4.695971808753834909e-01 3.551059033459872394e-01 1.562204506845987773e-01 5.873673921921214180e-01 3.956644421309507553e-01 1.567316082432443913e-01 3.416838978784253467e-01 1.330730357444249723e-01 4.410691364764017797e-01 4.469586603738869290e-01 8.601763026125710532e-01 1.178769622836296493e-01 4.233002268659381007e-01 5.359201582381962758e-01 3.375356154765826733e-01 6.667651196473184383e-01 4.397548212607673701e-01
2.268808927199418290e-01 6.280332020410555049e-01 4.605636566527787634e-01 4.347866683242540553e-01 5.369451668612774675e-01 8.196074269350568375e-01 0.000000000000000000e+00 8.460144854292475092e-01 4.022222709543514241e-01 3.054637073390265023e-01 8.380884926647029776e-01 5.208425389511506243e-01 7.380634972821745743e-01 3.765173670349643009e-01 6.032592922028465754e-01 5.356106527111952342e-01 7.413604162640239359e-01 1.213310507148015471e-01 6.676050900120786835e-01 5.097673300356606596e-01 6.832434679935501798e-01 5.574002785310874231e-01 5.103087568163630072e-01 8.040055007603951198e-01 3.426206604776571574e-01 6.419382440151208957e-01 4.852217837223408159e-01 2.210910315091343392e-01 4.719292478187869788e-01 4.199259254047595369e-01 3.735362297144961818e-02 1.993623112996740776e-01 3.748973244687294759e-01 2.595962843882184679e-01 5.463453204247672446e-01
6.335269019045030037e-01 3.307083478119561271e-01 1.583839771664648510e-01 6.693701979000067359e-01 8.141466912583206206e-02 4.729040063326085397e-01 8.460144854292475092e-01 0.000000000000000000e+00 7.325563561619137243e-01 7.655017011399234406e-01 8.632580977724364502e-01 5.373879107153605172e-01 8.033180877807530873e-01 6.832439517212433033e-01 4.123829551788333880e-01 4.053800376540042105e-01 8.929882552048433730e-01 5.411360123503127229e-01 8.495044818260522046e-02 6.750716883881695551e-01 7.075055403720584835e-01 5.029350084786410324e-01 2.697541724010177333e-01 7.412234362512659658e-01 6.017060578153448080e-01 8.443953874759690947e-02 2.172614844530901257e-01 5.207712851731741699e-01 1.447026335255618967e-01 2.642518029290233383e-01 7.960227849592174110e-01 7.545358389470917526e-01 7.023811647931945679e-01 3.212685508628204678e-01 4.678979300889422044e-01
7.663379686589348871e-01 7.168032068088586728e-01 7.899849352964278815e-01 9.829860666288614546e-02 6.262686734169534697e-01 6.351839288062960387e-01 4.022222709543514241e-01 7.325563561619137243e-01 0.000000000000000000e+00 1.036469449575228019e-01 5.137403184533839706e-01 5.923274079438602957e-01 8.855052273256818207e-01 7.997798142387100295e-01 1.991962881198322544e-01 5.389231304205890360e-01 6.580630690607174316e-01 6.577139499233994879e-01 2.096887130771876162e-01 4.331359564400499296e-01 5.472461657844465144e-01 9.695860814926562377e-01 3.380490477812341243e-01 4.548138841784382658e-01 5.948970803358487602e-01 6.632219719152168125e-01 3.898677158398931586e-01 1.387823619328453773e-01 4.669012964245415898e-01 5.719658205304034571e-01 4.670925456953468613e-01 3.508714013842433310e-01 8.434451600053656239e-01 4.357742789218509438e-01 3.572906961014147287e-01
9.116063838249053308e-01 2.047508194751028743e-01 5.684102843436121821e-01 4.849688880903484933e-01 4.426661007141477477e-01 8.510583899022788890e-01 3.054637073390265023e-01 7.655017011399234406e-01 1.036469449575228019e-01 0.000000000000000000e+00 3.374950136307881543e-01 8.286938471956027952e-01 1.428804041631606125e-01 4.757675785202230001e-01 6.287646426004322997e-01 6.847020412868003447e-01 8.725283021921648174e-02 1.291617044862574115e-01 6.173680916615755798e-01 6.875774345246586927e-01 1.642972192225134465e-01 5.909207845576627260e-01 5.409591295328000093e-01 4.481972786686301280e-01 6.614415844345202800e-01 2.291755407107002318e-01 3.855431998920608727e-01 5.471959020826029363e-01 6.245670641625125086e-01 6.317978158121035914e-01 2.691311534549464257e-01 5.146158326753094148e-01 2.590154580927195305e-01 5.758390915208388972e-01 8.470420898651302988e-01
6.982455679050908470e-01 3.403094322126458682e-01 8.744699211744056955e-01 2.073525014113147824e-01 2.090156849046689302e-01 7.453701087918105372e-01 8.380884926647029776e-01 8.632580977724364502e-01 5.137403184533839706e-01 3.374950136307881543e-01 0.000000000000000000e+00 4.670243904994711981e-01 6.014151506102091149e-01 5.432699577379660472e-01 4.670386101910297127e-01 1.839266039807577746e-01 5.939022991475726432e-01 5.719571047072044001e-01 8.291515571403733631e-01 6.779624706298796877e-01 4.685447826579314246e-01 5.819571989769762865e-01 8.333398657551166488e-01 8.980342002146146640e-01 1.703853910898452950e-01 6.704261913312536958e-01 8.812430900497010278e-01 5.322027925280512495e-01 2.448420774932155708e-01 7.479246126539891293e-01 4.420912586343658246e-01 3.407248395272360897e-01 4.051645891548931178e-01 5.397477575911239223e-01 3.861578651257275840e-01
2.414809781745056450e-01 2.020013068326002026e-01 5.078731962799469812e-01 3.183038499580767011e-01 6.169067936337286895e-01 5.124874201872458013e-01 5.208425389511506243e-01 5.373879107153605172e-01 5.923274079438602957e-01 8.286938471956027952e-01 4.670243904994711981e-01 0.000000000000000000e+00 2.120073807881449612e-01 4.675242042983210333e-01 4.501281160238886914e-01 2.327164208258234446e-01 2.404610221469041242e-01 7.177824689965972560e-01 4.559777047473990708e-01 2.687683606238613909e-01 5.293884075251080734e-01 4.122958533982721274e-01 5.166741694661557416e-01 5.746832611228671617e-01 6.046412969708100382e-01 5.395353053989996317e-01 7.043297589980156426e-01 1.441741481591995999e-01 5.878116885102218081e-01 7.550352691600683563e-01 4.947267116995279768e-01 7.886747739274283520e-01 7.775628043961410052e-01 4.634815266552159696e-01 3.673051409644592091e-01
7.718862679759892487e-01 2.715017162988282995e-01 2.719498352931985496e-01 7.788592364335350515e-01 9.551543697333009231e-01 2.450446684088398719e-01 7.380634972821745743e-01 8.033180877807530873e-01 8.855052273256818207e-01 1.428804041631606125e-01 6.014151506102091149e-01 2.120073807881449612e-01 0.000000000000000000e+00 3.377154546570320104e-01 7.002131241005296047e-01 7.383940144856279142e-01 8.348086967732475383e-01 7.064168312204719413e-01 3.758086817025610427e-01 8.904466373066188822e-01 6.036065041591056612e-01 5.392849852271710542e-01 6.452005753909386687e-01 5.046967213833267740e-01 3.148773114415428509e-01 6.499337342900917136e-01 5.873634838342576270e-01 6.590063208874943346e-01 9.106636695202741105e-01 3.850361474563168684e-01 6.748160334629409451e-01 5.345420147697241831e-01 5.252860538534129820e-01 8.909744711429095076e-01 4.301181409919990206e-01
7.869276185601881135e-01 5.125574001970680804e-01 8.530407165313584894e-01 3.799158186079586441e-01 3.791450089193451056e-01 4.405359042701051941e-01 3.765173670349643009e-01 6.832439517212433033e-01 7.997798142387100295e-01 4.757675785202230001e-01 5.432699577379660472e-01 4.675242042983210333e-01 3.377154546570320104e-01 0.000000000000000000e+00 2.399551891973881190e-01 1.977882769859790058e-01 8.364270848473918107e-01 5.918864549954551135e-01 4.519103171700830091e-01 4.779688244227691118e-01 6.275098259892482044e-01 6.674115162283162928e-01 7.539853282634485510e-01 1.376806841296939199e-01 4.616929602254981613e-01 4.335709067749921042e-01 6.125130307580406441e-01 3.726066443582957133e-01 7.636522223491479799e-01 2.611108774585813030e-01 5.244011283875744667e-01 4.596201649091020136e-01 2.406346863921365875e-01 7.915751158319943581e-01 4.990188852820428567e-01
6.935938188426254980e-01 5.196520392103003427e-01 5.465201628742850648e-01 4.403203288649295555e-01 9.132656212087533198e-01 6.723270560470686608e-01 6.032592922028465754e-01 4.123829551788333880e-01 1.991962881198322544e-01 6.287646426004322997e-01 4.670386101910297127e-01 4.501281160238886914e-01 7.002131241005296047e-01 2.399551891973881190e-01 0.000000000000000000e+00 5.528075430342864749e-01 7.645001021686244069e-01 1.591959013373487331e-01 8.412687227046697913e-01 5.106010245411936044e-01 5.201422565868616399e-01 6.413490604601354006e-01 5.376507299501599446e-01 5.911319879120935372e-01 4.861303058472489780e-01 2.686953787834441831e-01 3.674315763510955790e-01 8.158911381881628344e-01 5.181749007621447856e-01 6.931468037666823623e-01 3.482515762877659293e-01 4.777868244601985448e-01 5.282584911836071262e-01 2.983476914699038085e-01 3.676601221200279102e-01
2.122893294945845111e-01 6.557637739570491009e-01 4.808361047220692797e-01 1.008905180825169223e-01 2.645827359913555110e-01 3.173867077183816776e-01 5.356106527111952342e-01 4.053800376540042105e-01 5.389231304205890360e-01 6.847020412868003447e-01 1.839266039807577746e-01 2.327164208258234446e-01 7.383940144856279142e-01 1.977882769859790058e-01 5.528075430342864749e-01 0.000000000000000000e+00 5.372175033514412501e-01 3.890870699789261700e-02 7.209617757252440029e-02 5.405705101320219530e-01 3.862329018445012641e-01 8.192024449351811288e-01 2.328109065146531931e-01 6.689243273099182430e-01 4.954788734777899606e-01 3.038068906536453007e-01 6.523309618499051332e-01 8.182359480082255221e-01 7.176575858617173509e-01 3.890429859741008634e-01 6.063294168053001698e-01 8.334692406455792568e-01 3.845436953483827858e-01 8.611109423692386855e-01 7.179697312867898695e-01
5.665947372261233017e-01 4.677085461981823067e-01 5.484548187461715241e-01 4.854964600991268364e-01 5.419381753902013932e-01 7.826054788848493260e-01 7.413604162640239359e-01 8.929882552048433730e-01 6.580630690607174316e-01 8.725283021921648174e-02 5.939022991475726432e-01 2.404610221469041242e-01 8.348086967732475383e-01 8.364270848473918107e-01 7.645001021686244069e-01 5.372175033514412501e-01 0.000000000000000000e+00 6.335966605567362464e-01 6.439509350015998335e-01 4.977588627224528439e-01 3.502502684694669965e-01 2.452550728789919532e-01 8.019492484835812895e-01 4.206670133261454225e-01 9.538769560452430296e-01 1.863893084737934802e-01 7.986772525280458890e-01 3.357043138523758685e-01 4.109263146201059258e-01 6.448534106200991545e-01 1.861947188944124143e-01 2.092079779458431155e-01 6.661299823853711333e-01 4.032513183212917962e-01 6.625682077282391003e-02
4.719085904726684211e-01 5.483118965457659533e-01 6.739664549653030523e-01 5.390568513882056934e-01 9.180432665083431143e-01 9.393668688209787510e-01 1.213310507148015471e-01 5.411360123503127229e-01 6.577139499233994879e-01 1.291617044862574115e-01 5.719571047072044001e-01 7.177824689965972560e-01 7.064168312204719413e-01 5.918864549954551135e-01 1.591959013373487331e-01 3.890870699789261700e-02 6.335966605567362464e-01 0.000000000000000000e+00 4.651142867379938761e-01 2.765238808767394585e-01 5.185044346575825580e-01 3.925777110706737405e-01 5.118033320954959997e-01 5.941793147779714790e-01 6.200862719825578351e-01 6.908196407550806217e-01 2.478990199841007991e-01 3.053425456698778961e-01 8.829322297009001286e-01 5.501868504180768005e-01 9.292664070618761318e-02 1.264034605158086411e-01 1.814449298841399050e-01 1.363750116759113729e-01 7.634762020616758793e-01
3.209865577000964310e-01 6.499377824503012047e-01 3.094770714444298743e-01 6.932407722307933895e-01 4.174862800535670271e-01 4.695971808753834909e-01 6.676050900120786835e-01 8.495044818260522046e-02 2.096887130771876162e-01 6.173680916615755798e-01 8.291515571403733631e-01 4.559777047473990708e-01 3.758086817025610427e-01 4.519103171700830091e-01 8.412687227046697913e-01 7.209617757252440029e-02 6.439509350015998335e-01 4.651142867379938761e-01 0.000000000000000000e+00 2.780241446183382426e-01 4.291839172826921178e-01 8.800405799150678998e-01 6.698043490488486684e-01 4.592094123346120438e-01 4.578148707418011609e-01 2.111843896004529930e-01 5.623535558215808638e-01 6.445197564472089358e-01 6.468804331930677609e-01 6.994752422732882779e-01 6.318451171830907764e-01 1.179696620204474522e-01 4.334036073847331583e-01 3.082132343763857030e-01 4.224884294816305674e-01
5.795625388929430688e-01 4.575026031194130982e-01 2.889159817638980998e-01 3.450754445225841516e-01 3.815473070399216238e-01 3.551059033459872394e-01 5.097673300356606596e-01 6.750716883881695551e-01 4.331359564400499296e-01 6.875774345246586927e-01 6.779624706298796877e-01 2.687683606238613909e-01 8.904466373066188822e-01 4.779688244227691118e-01 5.106010245411936044e-01 5.405705101320219530e-01 4.977588627224528439e-01 2.765238808767394585e-01 2.780241446183382426e-01 0.000000000000000000e+00 5.322690842386392784e-01 2.671647337932165911e-01 6.310106119362834942e-01 6.819007679505884045e-01 8.185788228485952889e-01 5.134926975976361607e-01 5.345732706104903142e-01 1.154182936470974363e-01 3.398664581168953092e-01 8.609602512797770446e-01 4.643426052039219543e-01 4.838805972602152616e-01 4.356226563349964165e-01 4.996065811867286266e-01 7.776404744019360660e-02
5.273573650691665282e-01 8.593288759206341165e-02 7.355704629177777232e-01 1.318084091519863832e-01 7.013145503587802088e-01 1.562204506845987773e-01 6.832434679935501798e-01 7.075055403720584835e-01 5.472461657844465144e-01 1.642972192225134465e-01 4.685447826579314246e-01 5.293884075251080734e-01 6.036065041591056612e-01 6.275098259892482044e-01 5.201422565868616399e-01 3.862329018445012641e-01 3.502502684694669965e-01 5.185044346575825580e-01 4.291839172826921178e-01 5.322690842386392784e-01 0.000000000000000000e+00 5.897075273554303054e-01 1.635139044831039890e-01 5.959007918832208706e-01 5.459277266625395253e-01 2.531853377321552911e-01 5.765091803148413296e-01 4.157883250137697217e-01 5.325579859903009083e-01 6.447468466889827443e-01 1.805795639804018693e-01 4.550406192540034089e-01 4.776188587244510897e-01 5.272234228248482424e-01 2.508483936002162684e-01
1.528689962235094679e-01 3.272771087124135558e-01 6.310337167294178817e-01 4.176543493283462749e-01 8.054213311605429304e-02 5.873673921921214180e-01 5.574002785310874231e-01 5.029350084786410324e-01 9.695860814926562377e-01 5.909207845576627260e-01 5.819571989769762865e-01 4.122958533982721274e-01 5.392849852271710542e-01 6.674115162283162928e-01 6.413490604601354006e-01 8.192024449351811288e-01 2.452550728789919532e-01 3.925777110706737405e-01 8.800405799150678998e-01 2.671647337932165911e-01 5.897075273554303054e-01 0.000000000000000000e+00 2.390114240889085195e-01 5.597493239916258023e-01 2.816906724869451262e-01 3.868905113719481870e-01 7.579831317504841515e-01 4.574450243120357085e-01 7.249041921979486602e-01 5.424183550368384399e-01 3.896658551100629087e-01 4.982260456708287877e-01 5.120147349399344350e-01 4.316309090098909285e-01 3.270906954256389554e-01
8.951848015899892541e-01 3.736446091383769375e-01 4.300118889074536765e-01 4.074616989244391752e-01 4.469764700828414705e-01 3.956644421309507553e-01 5.103087568163630072e-01 2.697541724010177333e-01 3.380490477812341243e-01 5.409591295328000093e-01 8.333398657551166488e-01 5.166741694661557416e-01 6.452005753909386687e-01 7.539853282634485510e-01 5.376507299501599446e-01 2.328109065146531931e-01 8.019492484835812895e-01 5.118033320954959997e-01 6.698043490488486684e-01 6.310106119362834942e-01 1.635139044831039890e-01 2.390114240889085195e-01 0.000000000000000000e+00 4.456537934267885692e-01 2.438838665906251091e-01 1.349783418788197409e-01 8.644503164912673565e-01 6.543247033108365862e-01 2.766087894941720027e-01 1.516223483721947929e-01 4.199377902407470664e-01 4.839696401436789919e-01 7.487021355858231031e-01 4.762355575932664675e-01 5.596412951732783192e-01
1.339207399228726780e-01 5.918214186367212193e-01 8.579157472561460551e-02 2.851400214297605817e-01 7.688960218247783418e-01 1.567316082432443913e-01 8.040055007603951198e-01 7.412234362512659658e-01 4.548138841784382658e-01 4.481972786686301280e-01 8.980342002146146640e-01 5.746832611228671617e-01 5.046967213833267740e-01 1.376806841296939199e-01 5.911319879120935372e-01 6.689243273099182430e-01 4.206670133261454225e-01 5.941793147779714790e-01 4.592094123346120438e-01 6.819007679505884045e-01 5.959007918832208706e-01 5.597493239916258023e-01 4.456537934267885692e-01 0.000000000000000000e+00 3.047509026014236788e-01 7.466267655583549434e-01 5.922595434073789633e-01 8.037951567726762114e-01 8.228754778384288482e-01 4.564517853393825764e-01 3.796425154001353275e-01 1.984046800763010765e-01 6.718207223830952035e-01 7.971174455460150465e-01 2.039500995384555537e-01
6.625169226214788765e-01 5.225103184853857607e-01 8.149622231401936201e-01 3.487349199547082890e-01 8.253335535045398519e-01 3.416838978784253467e-01 3.426206604776571574e-01 6.017060578153448080e-01 5.948970803358487602e-01 6.614415844345202800e-01 1.703853910898452950e-01 6.046412969708100382e-01 3.148773114415428509e-01 4.616929602254981613e-01 4.861303058472489780e-01 4.954788734777899606e-01 9.538769560452430296e-01 6.200862719825578351e-01 4.578148707418011609e-01 8.185788228485952889e-01 5.459277266625395253e-01 2.816906724869451262e-01 2.438838665906251091e-01 3.047509026014236788e-01 0.000000000000000000e+00 2.173778304023977204e-01 2.322271564982558711e-01 4.551626397499253240e-01 6.525880855998220653e-01 5.571425178002644696e-01 9.223744238117620453e-01 1.554203287697686342e-01 4.821917729748833592e-01 6.240803097310761993e-01 7.185470784829828261e-02
7.861120849830409707e-01 3.395495597610126426e-01 7.798367185889334419e-01 3.100778553575370688e-01 8.141579515928637489e-02 1.330730357444249723e-01 6.419382440151208957e-01 8.443953874759690947e-02 6.632219719152168125e-01 2.291755407107002318e-01 6.704261913312536958e-01 5.395353053989996317e-01 6.499337342900917136e-01 4.335709067749921042e-01 2.686953787834441831e-01 3.038068906536453007e-01 1.863893084737934802e-01 6.908196407550806217e-01 2.111843896004529930e-01 5.134926975976361607e-01 2.531853377321552911e-01 3.868905113719481870e-01 1.349783418788197409e-01 7.466267655583549434e-01 2.173778304023977204e-01 0.000000000000000000e+00 5.253289394147470093e-01 8.573549341723549766e-01 6.442795856223988427e-01 1.769647514283771983e-01 5.182797635913334311e-01 3.995774552715475325e-01 4.827138858170830771e-01 6.169904762821534216e-01 3.564114488551850535e-01
2.916872124016482992e-01 5.000687427851948641e-01 5.981958234810793584e-01 7.098332554273194539e-01 4.644531448578389510e-01 4.410691364764017797e-01 4.852217837223408159e-01 2.172614844530901257e-01 3.898677158398931586e-01 3.855431998920608727e-01 8.812430900497010278e-01 7.043297589980156426e-01 5.873634838342576270e-01 6.125130307580406441e-01 3.674315763510955790e-01 6.523309618499051332e-01 7.986772525280458890e-01 2.478990199841007991e-01 5.623535558215808638e-01 5.345732706104903142e-01 5.765091803148413296e-01 7.579831317504841515e-01 8.644503164912673565e-01 5.922595434073789633e-01 2.322271564982558711e-01 5.253289394147470093e-01 0.000000000000000000e+00 4.840432766977846857e-01 2.682052769035142004e-01 7.537465488164334371e-01 2.558479777427491442e-01 5.520419473458517690e-01 5.903144094136961728e-01 3.114378678951907897e-01 7.472032425108960929e-01
5.148862101427684745e-01 2.790616895339820269e-01 7.213908311799007711e-01 4.645213182663038287e-01 3.062656642880583480e-01 4.469586603738869290e-01 2.210910315091343392e-01 5.207712851731741699e-01 1.387823619328453773e-01 5.471959020826029363e-01 5.322027925280512495e-01 1.441741481591995999e-01 6.590063208874943346e-01 3.726066443582957133e-01 8.158911381881628344e-01 8.182359480082255221e-01 3.357043138523758685e-01 3.053425456698778961e-01 6.445197564472089358e-01 1.154182936470974363e-01 4.157883250137697217e-01 4.574450243120357085e-01 6.543247033108365862e-01 8.037951567726762114e-01 4.551626397499253240e-01 8.573549341723549766e-01 4.840432766977846857e-01 0.000000000000000000e+00 4.856081841319743742e-01 7.034061953138717183e-01 4.195576226304019163e-01 9.463716885170262438e-01 3.427821664057020268e-01 5.323904682667455202e-01 4.910678805984510786e-01
5.740431830706653749e-01 7.015787487484603790e-01 5.561304287976012173e-01 4.965923238423687325e-01 2.929399694523449060e-01 8.601763026125710532e-01 4.719292478187869788e-01 1.447026335255618967e-01 4.669012964245415898e-01 6.245670641625125086e-01 2.448420774932155708e-01 5.878116885102218081e-01 9.106636695202741105e-01 7.636522223491479799e-01 5.181749007621447856e-01 7.176575858617173509e-01 4.109263146201059258e-01 8.829322297009001286e-01 6.468804331930677609e-01 3.398664581168953092e-01 5.325579859903009083e-01 7.249041921979486602e-01 2.766087894941720027e-01 8.228754778384288482e-01 6.525880855998220653e-01 6.442795856223988427e-01 2.682052769035142004e-01 4.856081841319743742e-01 0.000000000000000000e+00 8.671935906004764050e-01 5.744524338801886287e-01 4.981068901430842355e-01 4.634821829722917674e-01 5.232985450225109414e-01 6.352672824006360131e-01
4.111817249739063707e-01 8.015211617099262664e-01 2.580051952169776230e-01 4.891422977139324724e-01 3.820767628291665829e-02 1.178769622836296493e-01 4.199259254047595369e-01 2.642518029290233383e-01 5.719658205304034571e-01 6.317978158121035914e-01 7.479246126539891293e-01 7.550352691600683563e-01 3.850361474563168684e-01 2.611108774585813030e-01 6.931468037666823623e-01 3.890429859741008634e-01 6.448534106200991545e-01 5.501868504180768005e-01 6.994752422732882779e-01 8.609602512797770446e-01 6.447468466889827443e-01 5.424183550368384399e-01 1.516223483721947929e-01 4.564517853393825764e-01 5.571425178002644696e-01 1.769647514283771983e-01 7.537465488164334371e-01 7.034061953138717183e-01 8.671935906004764050e-01 0.000000000000000000e+00 7.773281931199385042e-01 2.824785317765417525e-01 2.737266417209555103e-01 7.529484324285095065e-01 3.111482335477756545e-01
1.050675742598714546e-01 7.739534837728538896e-01 8.434507361863532449e-01 8.707047167166948043e-01 3.470225707800449477e-01 4.233002268659381007e-01 3.735362297144961818e-02 7.960227849592174110e-01 4.670925456953468613e-01 2.691311534549464257e-01 4.420912586343658246e-01 4.947267116995279768e-01 6.748160334629409451e-01 5.244011283875744667e-01 3.482515762877659293e-01 6.063294168053001698e-01 1.861947188944124143e-01 9.292664070618761318e-02 6.318451171830907764e-01 4.643426052039219543e-01 1.805795639804018693e-01 3.896658551100629087e-01 4.199377902407470664e-01 3.796425154001353275e-01 9.223744238117620453e-01 5.182797635913334311e-01 2.558479777427491442e-01 4.195576226304019163e-01 5.744524338801886287e-01 7.773281931199385042e-01 0.000000000000000000e+00 7.599972194974813355e-01 5.676484916049162610e-01 4.170299446570835400e-01 5.658635857915321754e-01
5.322104354002010762e-01 6.353849323503770741e-01 4.638919204589863066e-01 7.324866740113129548e-01 5.205779645415429258e-01 5.359201582381962758e-01 1.993623112996740776e-01 7.545358389470917526e-01 3.508714013842433310e-01 5.146158326753094148e-01 3.407248395272360897e-01 7.886747739274283520e-01 5.345420147697241831e-01 4.596201649091020136e-01 4.777868244601985448e-01 8.334692406455792568e-01 2.092079779458431155e-01 1.264034605158086411e-01 1.179696620204474522e-01 4.838805972602152616e-01 4.550406192540034089e-01 4.982260456708287877e-01 4.839696401436789919e-01 1.984046800763010765e-01 1.554203287697686342e-01 3.995774552715475325e-01 5.520419473458517690e-01 9.463716885170262438e-01 4.981068901430842355e-01 2.824785317765417525e-01 7.599972194974813355e-01 0.000000000000000000e+00 8.770880802297387202e-02 3.415042582973387697e-01 4.331439772857546000e-01
5.067356128465817511e-01 4.520830787976278242e-01 3.000025039609786059e-01 5.945084933796771498e-01 5.049493739240171752e-01 3.375356154765826733e-01 3.748973244687294759e-01 7.023811647931945679e-01 8.434451600053656239e-01 2.590154580927195305e-01 4.051645891548931178e-01 7.775628043961410052e-01 5.252860538534129820e-01 2.406346863921365875e-01 5.282584911836071262e-01 3.845436953483827858e-01 6.661299823853711333e-01 1.814449298841399050e-01 4.334036073847331583e-01 4.356226563349964165e-01 4.776188587244510897e-01 5.120147349399344350e-01 7.487021355858231031e-01 6.718207223830952035e-01 4.821917729748833592e-01 4.827138858170830771e-01 5.903144094136961728e-01 3.427821664057020268e-01 4.634821829722917674e-01 2.737266417209555103e-01 5.676484916049162610e-01 8.770880802297387202e-02 0.000000000000000000e+00 2.313676830040566901e-01 4.782849370524543398e-01
5.560177559761856347e-01 4.921706924818526341e-01 5.322952083601686368e-01 3.526754108413672206e-01 3.325303447957265179e-01 6.667651196473184383e-01 2.595962843882184679e-01 3.212685508628204678e-01 4.357742789218509438e-01 5.758390915208388972e-01 5.397477575911239223e-01 4.634815266552159696e-01 8.909744711429095076e-01 7.915751158319943581e-01 2.983476914699038085e-01 8.611109423692386855e-01 4.032513183212917962e-01 1.363750116759113729e-01 3.082132343763857030e-01 4.996065811867286266e-01 5.272234228248482424e-01 4.316309090098909285e-01 4.762355575932664675e-01 7.971174455460150465e-01 6.240803097310761993e-01 6.169904762821534216e-01 3.114378678951907897e-01 5.323904682667455202e-01 5.232985450225109414e-01 7.529484324285095065e-01 4.170299446570835400e-01 3.415042582973387697e-01 2.313676830040566901e-01 0.000000000000000000e+00 4.854610101575367320e-01
4.165753800368403592e-01 4.299761313038488186e-01 5.805400562477494031e-01 5.129008672286821113e-01 6.771755125082306037e-01 4.397548212607673701e-01 5.463453204247672446e-01 4.678979300889422044e-01 3.572906961014147287e-01 8.470420898651302988e-01 3.861578651257275840e-01 3.673051409644592091e-01 4.301181409919990206e-01 4.990188852820428567e-01 3.676601221200279102e-01 7.179697312867898695e-01 6.625682077282391003e-02 7.634762020616758793e-01 4.224884294816305674e-01 7.776404744019360660e-02 2.508483936002162684e-01 3.270906954256389554e-01 5.596412951732783192e-01 2.039500995384555537e-01 7.185470784829828261e-02 3.564114488551850535e-01 7.472032425108960929e-01 4.910678805984510786e-01 6.352672824006360131e-01 3.111482335477756545e-01 5.658635857915321754e-01 4.331439772857546000e-01 4.782849370524543398e-01 4.854610101575367320e-01 0.000000000000000000e+00
