0.000000000000000000e+00 4.408456733799110960e-01 7.902352796292577697e-01 2.334856999995306159e-01 3.389344796470354360e-01 6.414732819896088456e-01 3.807383254793827998e-01 7.999414210304436335e-01 2.214632785901441414e-01 5.863495638557739698e-01 7.586311376588856792e-01 2.424913197815821153e-01 6.820754633392831501e-01 5.395886460393851669e-01 6.492346784861660058e-01 4.903908499164723600e-01 5.140209623561412533e-01 5.259947584800093168e-01 2.221356160021080717e-01 4.319281305188528153e-01 5.100443313853122440e-01 5.103940086045417601e-01 4.647739968910679087e-01 4.799550667384017699e-01 2.681498186802462325e-01 3.979636730372271280e-01 1.401156683760784727e-01 2.857120669728533402e-01 4.295424948236440388e-01 5.338197810742597582e-01 3.037339293673840257e-01 3.332433684840036547e-01 1.661203629070918120e-01 7.426110252629716246e-01 5.511544591103272328e-01
4.408456733799110960e-01 0.000000000000000000e+00 4.943317591515461462e-02 7.635937187509203028e-01 6.353055056680562140e-01 1.642068516212987772e-01 6.981441448452373466e-01 3.201822606339420618e-01 3.739808904940826739e-01 6.867870760933882934e-01 2.779138371307331989e-01 5.114304054765996810e-01 4.988379863642981027e-01 3.102471308191933064e-01 7.733058388350111390e-01 2.780877677829507455e-01 2.896438514705041434e-01 5.050580849996751942e-01 4.703725738760036190e-01 2.628549097596922790e-01 8.321064262359506580e-01 3.811564545162225426e-01 4.660492364668490373e-01 4.205357051784631706e-01 4.465328924226273366e-01 8.989315318482332673e-01 4.487990758936015734e-01 4.723619508023201297e-01 5.714016899495685253e-01 8.574821707749800126e-01 3.801102461998933091e-01 5.819535269547644329e-01 5.621134533781074749e-01 6.665239196357160001e-01 8.512440097116734661e-01
7.902352796292577697e-01 4.943317591515461462e-02 0.000000000000000000e+00 1.790850046515947147e-01 5.235803375693525163e-01 6.998752715045883921e-01 3.829536141760875312e-01 4.056112482297341559e-01 5.219077188133378620e-01 4.036507309745703265e-01 2.642076111056136378e-01 2.475941112297116442e-01 1.819350214462129856e-01 4.955129390283757873e-01 6.870052395287242764e-01 4.914509129051713443e-01 7.213994018924869689e-01 7.498079550959890760e-01 5.496231326298485209e-01 4.680652729464729322e-01 4.458416468487648165e-01 4.132194495198421857e-01 7.869892590540896737e-01 2.702603947623417602e-01 1.738284220437864569e-01 2.836940465543534851e-01 2.928964146612123010e-01 4.723171894187560005e-01 6.738496409082290750e-01 7.710074127888788542e-01 8.751710751104452291e-01 9.130214867146524416e-01 6.485741202371168024e-01 9.020971345013641951e-01 4.244911301566463013e-01
2.334856999995306159e-01 7.635937187509203028e-01 1.790850046515947147e-01 0.000000000000000000e+00 3.694886911629010617e-01 3.849844453636718233e-01 4.911142008956271843e-01 5.168805001189524795e-01 5.125401674563756504e-01 2.747292837731822868e-01 2.424836396671755656e-01 2.926362505628669064e-01 5.457792281990692107e-01 3.270597635206372589e-01 7.846903598993746343e-01 3.572416570104433031e-01 6.610552621759271386e-01 3.202983383333032341e-01 4.556395973408958744e-01 2.519677873023054571e-01 7.408068298128607232e-01 5.198522636094846661e-01 4.535963390370766901e-01 7.126633605406603733e-01 6.228594847612249907e-01 7.211658963927489729e-01 9.672508862437262378e-01 9.445634567649355828e-01 6.120159113530079242e-01 2.827639166036269858e-01 6.312565199219830614e-01 5.738685969080004057e-01 4.768038750795601244e-01 5.512831845422447863e-01 7.050612560798874551e-01
3.389344796470354360e-01 6.353055056680562140e-01 5.235803375693525163e-01 3.694886911629010617e-01 0.000000000000000000e+00 6.607061652491545978e-01 7.045889299546292950e-01 9.418751172428613261e-01 7.326232682882285463e-01 5.350583323686898263e-01 7.625864283705925395e-01 1.406979369213625652e-01 5.858254695977336279e-01 8.708272119814148837e-01 3.489137993395210469e-01 5.574085487612929768e-01 3.989650419113541790e-01 9.345697020766451368e-01 3.296840895819741490e-02 7.035935454608097661e-01 5.537373836491179535e-01 8.627209814923775255e-01 5.153394896745755460e-01 2.859579924230422066e-01 5.541073742043498562e-01 5.922093775928036763e-01 5.203527374438683406e-01 6.819070315789230730e-01 8.070954332006622378e-01 2.331675929308374418e-02 4.704061142099243975e-01 6.308709369842420145e-01 3.322514132816619670e-01 4.343478091117066731e-01 7.115003544805355018e-01
6.414732819896088456e-01 1.642068516212987772e-01 6.998752715045883921e-01 3.849844453636718233e-01 6.607061652491545978e-01 0.000000000000000000e+00 3.560091536654819144e-01 8.928430122843555861e-02 4.935816045822660758e-01 6.731805228053985291e-01 4.232608271444968095e-01 4.245099648582828511e-01 3.142749470111698140e-01 9.672733740336599828e-01 5.210309209983776668e-01 7.192759830097046336e-01 8.379185968691758024e-01 8.198408144702455935e-01 5.964569059593003431e-01 4.993777715174604892e-01 3.716391703683241676e-01 5.984836319524682313e-01 5.955385318552141038e-01 6.655424099551869865e-01 7.766030169449094078e-01 2.836973333138448350e-01 6.704292463879624187e-01 3.863115987085254388e-01 1.779688064294975280e-01 7.892868373697952133e-01 5.046222070166704876e-01 4.681357035149015799e-01 4.157254174651886514e-01 6.763623842358972293e-01 4.744513585044112802e-01
3.807383254793827998e-01 6.981441448452373466e-01 3.829536141760875312e-01 4.911142008956271843e-01 7.045889299546292950e-01 3.560091536654819144e-01 0.000000000000000000e+00 6.544350018772788768e-01 6.719091553817505558e-01 2.063358954401937062e-01 1.800660874594757210e-01 5.005725492732597814e-01 8.862763002456315320e-01 4.963833116825799308e-01 5.971565375215369675e-01 8.893009958756465938e-01 5.788252668530140532e-01 4.531319155102225826e-01 2.046277070900316408e-01 8.088525954645808813e-01 6.741640275997231591e-01 5.272327694922891439e-01 9.592935928687899017e-01 5.519784398017369975e-01 6.347067983137648639e-01 5.463440442797021790e-01 1.176564481110862204e-01 7.505254618276990808e-02 8.128183102136239402e-01 5.156008125234743389e-01 6.110646120362602796e-01 6.549336253926911766e-01 8.354553180444637128e-01 8.978557753451544832e-01 5.208675913760676401e-01
7.999414210304436335e-01 3.201822606339420618e-01 4.056112482297341559e-01 5.168805001189524795e-01 9.418751172428613261e-01 8.928430122843555861e-02 6.544350018772788768e-01 0.000000000000000000e+00 6.356327084666504312e-01 7.759553106486450913e-01 6.158305350926331911e-01 2.434940571520817221e-01 4.002535054577006646e-01 5.179654744348953788e-01 7.377833173677827983e-01 6.585640739349751804e-01 7.342276732572332598e-01 6.083173131195436234e-01 2.816046048338878283e-01 3.425236535761682077e-01 4.537324439280880917e-01 5.819914694249292975e-01 8.123941454554244324e-01 5.109652795074903775e-01 5.188772162239370100e-01 6.457088437595468466e-01 8.269457806944582323e-01 8.412369269106675373e-01 5.545583107254294930e-01 7.252825639744076014e-01 8.003345259839611536e-01 4.272963540037453267e-01 6.251681528194069637e-01 3.486221314826855044e-01 2.283119566686317992e-01
2.214632785901441414e-01 3.739808904940826739e-01 5.219077188133378620e-01 5.125401674563756504e-01 7.326232682882285463e-01 4.935816045822660758e-01 6.719091553817505558e-01 6.356327084666504312e-01 0.000000000000000000e+00 8.408143758248948219e-01 4.992773956549353409e-01 4.947392718983343318e-01 2.495107056427973147e-01 5.384602617507036060e-01 4.599254607399574923e-01 4.731711491225690236e-01 5.931584494214493519e-01 6.345078404105859438e-01 4.301977413929933824e-01 9.789638512712184326e-02 9.565278637531311468e-01 7.949835209255905477e-01 9.183335943913113475e-01 2.102128384031358710e-01 5.841511531797642931e-01 8.639199518512159504e-01 5.616383882169975195e-01 4.143768473026211430e-01 4.549772924202085123e-01 5.822363477251161212e-01 6.062919162889712776e-01 6.567535659449901253e-01 5.676120365503067866e-01 4.434829182450404361e-01 5.918815809942190587e-01
5.863495638557739698e-01 6.867870760933882934e-01 4.036507309745703265e-01 2.747292837731822868e-01 5.350583323686898263e-01 6.731805228053985291e-01 2.063358954401937062e-01 7.759553106486450913e-01 8.408143758248948219e-01 0.000000000000000000e+00 2.658344005431230728e-01 9.144953093853364079e-01 3.899406420018105557e-01 7.668894134948982533e-01 3.334971055597714118e-01 4.407195605398522842e-01 7.146850246044234023e-01 9.525551459208867477e-01 2.589940455158218358e-01 7.890029261414339690e-01 3.425842819117508320e-01 4.846094812457880652e-01 3.754200024522653667e-01 7.189279814656641676e-01 8.361814500816355800e-01 4.731156381110990239e-01 2.875512954378325881e-01 7.985463389060437622e-01 3.007036733052230737e-01 5.402324498256947383e-01 7.656636328968802196e-01 7.530974684355631332e-01 4.588580203708783611e-01 2.187111815032929396e-01 3.059818758052899046e-01
7.586311376588856792e-01 2.779138371307331989e-01 2.642076111056136378e-01 2.424836396671755656e-01 7.625864283705925395e-01 4.232608271444968095e-01 1.800660874594757210e-01 6.158305350926331911e-01 4.992773956549353409e-01 2.658344005431230728e-01 0.000000000000000000e+00 5.249048139777416910e-01 3.718677293769850900e-01 6.930328143253026152e-01 4.969977857898967843e-01 6.024364084953288678e-01 6.390421180893639530e-01 7.607803956777048349e-02 5.240977361260504841e-01 7.525914001883244886e-01 7.679790801164694258e-01 5.429842404944701384e-01 9.312877726079945573e-01 3.344995270713847502e-01 5.042153159736763035e-01 9.622321951577562649e-01 3.067108697337076473e-01 7.877777776634453666e-01 3.999745090003335446e-01 8.258935232335657961e-01 6.082382251283188213e-01 4.735825975436514512e-01 3.518369543894463991e-01 4.665751536726037152e-01 3.167513067800487025e-01
2.424913197815821153e-01 5.114304054765996810e-01 2.475941112297116442e-01 2.926362505628669064e-01 1.406979369213625652e-01 4.245099648582828511e-01 5.005725492732597814e-01 2.434940571520817221e-01 4.947392718983343318e-01 9.144953093853364079e-01 5.249048139777416910e-01 0.000000000000000000e+00 8.805025840684510552e-02 5.492977528039367785e-01 5.427176956024049037e-01 4.296306174683249823e-01 7.362939742461263037e-01 3.932619177762373130e-01 7.944451798104814610e-01 8.007747059008403223e-01 4.031026922253723721e-01 8.211539140242840595e-01 5.789799483710889039e-01 8.795811573840608411e-01 7.827417678161380232e-01 4.811305761449179985e-01 6.052982760460288159e-01 7.357315557178656373e-01 6.408859940712869907e-01 7.236339215359832711e-01 6.312948229751722540e-01 5.550035122316667735e-01 5.919547015819149882e-01 6.682364926847024211e-01 4.736338074963155620e-01
6.820754633392831501e-01 4.988379863642981027e-01 1.819350214462129856e-01 5.457792281990692107e-01 5.858254695977336279e-01 3.142749470111698140e-01 8.862763002456315320e-01 4.002535054577006646e-01 2.495107056427973147e-01 3.899406420018105557e-01 3.718677293769850900e-01 8.805025840684510552e-02 0.000000000000000000e+00 4.734657656082292276e-01 5.147213354023452148e-01 7.920065906609230488e-01 7.496584725709976027e-01 4.779838596120024596e-01 9.438337109501829802e-01 3.927560202967700920e-01 1.460660482734197352e-01 7.271947872085893216e-02 1.374882175697915709e-01 1.582014328488352550e-01 9.176613344643889114e-01 8.666216980859384744e-01 8.394666539071916622e-01 5.733866157807868680e-01 3.455994367628519859e-01 4.396609301168422079e-01 4.914942425577464857e-01 4.313906761953376079e-01 4.761332527054238928e-01 7.492724125454739426e-01 5.329118882569264803e-01
5.395886460393851669e-01 3.102471308191933064e-01 4.955129390283757873e-01 3.270597635206372589e-01 8.708272119814148837e-01 9.672733740336599828e-01 4.963833116825799308e-01 5.179654744348953788e-01 5.384602617507036060e-01 7.668894134948982533e-01 6.930328143253026152e-01 5.492977528039367785e-01 4.734657656082292276e-01 0.000000000000000000e+00 6.499509172639037491e-01 4.902342585578263745e-01 5.060351112331835655e-01 5.231273961862261679e-01 6.065987189474500996e-01 5.275667056213004802e-01 5.490423346451381859e-01 3.258901079344559970e-01 6.818694387553037028e-01 6.578262415871972690e-01 2.016442699797472704e-01 8.758724683844409942e-01 6.781595078372985030e-01 6.370073457547196227e-01 4.599717670757014210e-01 9.281511506122928079e-01 7.226065995797514852e-01 1.632324012413227665e-01 2.155622537461635013e-01 4.733881745357493842e-01 3.446110556519143553e-01
6.492346784861660058e-01 7.733058388350111390e-01 6.870052395287242764e-01 7.846903598993746343e-01 3.489137993395210469e-01 5.210309209983776668e-01 5.971565375215369675e-01 7.377833173677827983e-01 4.599254607399574923e-01 3.334971055597714118e-01 4.969977857898967843e-01 5.427176956024049037e-01 5.147213354023452148e-01 6.499509172639037491e-01 0.000000000000000000e+00 4.389156216401194355e-01 8.010679784302381368e-01 6.895990501517654803e-01 4.825269433333387314e-01 4.428589510631669723e-01 2.817290034879966765e-01 5.702086004284345755e-01 2.727088569848544752e-01 7.649596031049594735e-01 7.354737831750001176e-01 4.630448921241308580e-01 2.919619267387177919e-01 8.666422147806513987e-01 6.335428915846623710e-01 5.555816712695635928e-01 2.488414037315639371e-01 6.945826508556506296e-01 1.922027566316778513e-01 2.041500772426999566e-01 5.548365668282768670e-01
4.903908499164723600e-01 2.780877677829507455e-01 4.914509129051713443e-01 3.572416570104433031e-01 5.574085487612929768e-01 7.192759830097046336e-01 8.893009958756465938e-01 6.585640739349751804e-01 4.731711491225690236e-01 4.407195605398522842e-01 6.024364084953288678e-01 4.296306174683249823e-01 7.920065906609230488e-01 4.902342585578263745e-01 4.389156216401194355e-01 0.000000000000000000e+00 6.797825644082347019e-01 4.964588240542607833e-01 8.843385468074901334e-01 9.664958325050687638e-02 4.452060119282208461e-01 4.462084500723749181e-01 2.498387063846183587e-01 1.495909316092826069e-01 6.478366194309382875e-01 7.350413512344619038e-01 5.175396344724332298e-01 4.347337307004440765e-01 3.883592283074227547e-01 5.993283524276300511e-01 5.748357134398907053e-01 4.940057257830726689e-01 1.808856133155872792e-01 4.559782579546564629e-01 1.308451987083103507e-02
5.140209623561412533e-01 2.896438514705041434e-01 7.213994018924869689e-01 6.610552621759271386e-01 3.989650419113541790e-01 8.379185968691758024e-01 5.788252668530140532e-01 7.342276732572332598e-01 5.931584494214493519e-01 7.146850246044234023e-01 6.390421180893639530e-01 7.362939742461263037e-01 7.496584725709976027e-01 5.060351112331835655e-01 8.010679784302381368e-01 6.797825644082347019e-01 0.000000000000000000e+00 6.750272375050683227e-01 6.054724616246722757e-01 4.771766959766073901e-01 2.868716577974406157e-01 5.845646700964164388e-01 7.642434964012134735e-02 4.581824131790870336e-01 4.981203422488859611e-01 5.583536944202118768e-01 6.141276411482798903e-01 1.707067832665605245e-01 7.132765452309373089e-01 6.228355823726099416e-01 8.966367056325097451e-01 4.731381087942919117e-01 7.671071549955178481e-01 8.754925532594044491e-01 4.061474953133127341e-01
5.259947584800093168e-01 5.050580849996751942e-01 7.498079550959890760e-01 3.202983383333032341e-01 9.345697020766451368e-01 8.198408144702455935e-01 4.531319155102225826e-01 6.083173131195436234e-01 6.345078404105859438e-01 9.525551459208867477e-01 7.607803956777048349e-02 3.932619177762373130e-01 4.779838596120024596e-01 5.231273961862261679e-01 6.895990501517654803e-01 4.964588240542607833e-01 6.750272375050683227e-01 0.000000000000000000e+00 4.047721886096039556e-01 5.981589549506740600e-01 3.112855052481103835e-01 3.405493114491414119e-01 1.812505189872745115e-01 1.896601035269830371e-01 3.878577627009421880e-01 5.503843404914698922e-01 5.949709852684428313e-01 9.410259554432481854e-01 9.167709350511590305e-01 4.601158566351918888e-01 3.862374325943850328e-01 6.823861445089786093e-01 2.284543915776288125e-01 5.589344798917779134e-01 7.156970469381063182e-01
2.221356160021080717e-01 4.703725738760036190e-01 5.496231326298485209e-01 4.556395973408958744e-01 3.296840895819741490e-02 5.964569059593003431e-01 2.046277070900316408e-01 2.816046048338878283e-01 4.301977413929933824e-01 2.589940455158218358e-01 5.240977361260504841e-01 7.944451798104814610e-01 9.438337109501829802e-01 6.065987189474500996e-01 4.825269433333387314e-01 8.843385468074901334e-01 6.054724616246722757e-01 4.047721886096039556e-01 0.000000000000000000e+00 5.348216178710015756e-01 4.311058968691600657e-01 3.124667216175737172e-01 5.060139767560450919e-01 1.656610714563107045e-01 2.877124176093339147e-01 7.950581578867861321e-01 4.107432053513271342e-01 7.876081375457367750e-01 5.451608639479996743e-01 3.017740002452516945e-01 2.985325249365486378e-01 5.465070107150815648e-01 3.887152191619559494e-01 4.472437324279037729e-01 7.306254525216451245e-01
4.319281305188528153e-01 2.628549097596922790e-01 4.680652729464729322e-01 2.519677873023054571e-01 7.035935454608097661e-01 4.993777715174604892e-01 8.088525954645808813e-01 3.425236535761682077e-01 9.789638512712184326e-02 7.890029261414339690e-01 7.525914001883244886e-01 8.007747059008403223e-01 3.927560202967700920e-01 5.275667056213004802e-01 4.428589510631669723e-01 9.664958325050687638e-02 4.771766959766073901e-01 5.981589549506740600e-01 5.348216178710015756e-01 0.000000000000000000e+00 2.695353536808248185e-01 8.123573153141421255e-01 1.880406347090992636e-01 2.605073068406448256e-01 6.464710339300899777e-01 4.984278160507621402e-01 5.203586557434518589e-01 3.204635673527019835e-01 8.663307493329923670e-01 5.927831442479216673e-01 7.321598063350087671e-01 8.329065134471500542e-01 2.490991931804695247e-01 1.160121495207446785e-01 8.429593778919461933e-01
5.100443313853122440e-01 8.321064262359506580e-01 4.458416468487648165e-01 7.408068298128607232e-01 5.537373836491179535e-01 3.716391703683241676e-01 6.741640275997231591e-01 4.537324439280880917e-01 9.565278637531311468e-01 3.425842819117508320e-01 7.679790801164694258e-01 4.031026922253723721e-01 1.460660482734197352e-01 5.490423346451381859e-01 2.817290034879966765e-01 4.452060119282208461e-01 2.868716577974406157e-01 3.112855052481103835e-01 4.311058968691600657e-01 2.695353536808248185e-01 0.000000000000000000e+00 4.109751029818025092e-01 7.318313604142577811e-01 4.921660637099165014e-01 2.630304828782078497e-01 8.527872613391977996e-01 1.157033530310506153e-01 1.362103588504680607e-01 6.790729195713067767e-01 4.819742951661819541e-01 8.060389143112944854e-02 8.594764582474723191e-01 5.257280407749144180e-01 8.367891264588775968e-01 1.703119607635307231e-01
5.103940086045417601e-01 3.811564545162225426e-01 4.132194495198421857e-01 5.198522636094846661e-01 8.627209814923775255e-01 5.984836319524682313e-01 5.272327694922891439e-01 5.819914694249292975e-01 7.949835209255905477e-01 4.846094812457880652e-01 5.429842404944701384e-01 8.211539140242840595e-01 7.271947872085893216e-02 3.258901079344559970e-01 5.702086004284345755e-01 4.462084500723749181e-01 5.845646700964164388e-01 3.405493114491414119e-01 3.124667216175737172e-01 8.123573153141421255e-01 4.109751029818025092e-01 0.000000000000000000e+00 4.152036864737030930e-01 3.310456793089153749e-01 5.221441820572030323e-01 8.537080659059395060e-01 4.475725465519492796e-01 8.108083705963639032e-01 3.549696271333399600e-01 5.101510940597111521e-01 4.313895935696707151e-01 1.682201204288562568e-01 5.273716069138900675e-01 4.684619636685877775e-01 5.212232790354101031e-01
4.647739968910679087e-01 4.660492364668490373e-01 7.869892590540896737e-01 4.535963390370766901e-01 5.153394896745755460e-01 5.955385318552141038e-01 9.592935928687899017e-01 8.123941454554244324e-01 9.183335943913113475e-01 3.754200024522653667e-01 9.312877726079945573e-01 5.789799483710889039e-01 1.374882175697915709e-01 6.818694387553037028e-01 2.727088569848544752e-01 2.498387063846183587e-01 7.642434964012134735e-02 1.812505189872745115e-01 5.060139767560450919e-01 1.880406347090992636e-01 7.318313604142577811e-01 4.152036864737030930e-01 0.000000000000000000e+00 8.647693579620596704e-01 8.854789523932318218e-01 6.651932319988778097e-01 4.297281879902046242e-01 4.226627794142366890e-01 1.704934819935872703e-01 7.999216440281240459e-01 4.141039805577901856e-01 3.294681433342765975e-01 5.843212366236043565e-01 6.910072136537432907e-01 3.419002688154317848e-01
4.799550667384017699e-01 4.205357051784631706e-01 2.702603947623417602e-01 7.126633605406603733e-01 2.859579924230422066e-01 6.655424099551869865e-01 5.519784398017369975e-01 5.109652795074903775e-01 2.102128384031358710e-01 7.189279814656641676e-01 3.344995270713847502e-01 8.795811573840608411e-01 1.582014328488352550e-01 6.578262415871972690e-01 7.649596031049594735e-01 1.495909316092826069e-01 4.581824131790870336e-01 1.896601035269830371e-01 1.656610714563107045e-01 2.605073068406448256e-01 4.921660637099165014e-01 3.310456793089153749e-01 8.647693579620596704e-01 0.000000000000000000e+00 5.487708324696164430e-01 4.914612629716374470e-01 5.438270628870292001e-01 5.679508083496704884e-01 6.438944530133710042e-01 7.715035717379727931e-01 3.493015676313964146e-01 8.777685129498891126e-02 5.186264721150560808e-01 6.098412712714562645e-02 7.915189791001309150e-01
2.681498186802462325e-01 4.465328924226273366e-01 1.738284220437864569e-01 6.228594847612249907e-01 5.541073742043498562e-01 7.766030169449094078e-01 6.347067983137648639e-01 5.188772162239370100e-01 5.841511531797642931e-01 8.361814500816355800e-01 5.042153159736763035e-01 7.827417678161380232e-01 9.176613344643889114e-01 2.016442699797472704e-01 7.354737831750001176e-01 6.478366194309382875e-01 4.981203422488859611e-01 3.878577627009421880e-01 2.877124176093339147e-01 6.464710339300899777e-01 2.630304828782078497e-01 5.221441820572030323e-01 8.854789523932318218e-01 5.487708324696164430e-01 0.000000000000000000e+00 1.322244964635409525e-01 5.414029378093221379e-01 3.626623250575043977e-01 3.705247335023948985e-01 5.508120597857824041e-01 3.505458075679722674e-01 1.555209071263740084e-01 4.628406357490378875e-01 5.560663695273397877e-01 6.568835550123838241e-01
3.979636730372271280e-01 8.989315318482332673e-01 2.836940465543534851e-01 7.211658963927489729e-01 5.922093775928036763e-01 2.836973333138448350e-01 5.463440442797021790e-01 6.457088437595468466e-01 8.639199518512159504e-01 4.731156381110990239e-01 9.622321951577562649e-01 4.811305761449179985e-01 8.666216980859384744e-01 8.758724683844409942e-01 4.630448921241308580e-01 7.350413512344619038e-01 5.583536944202118768e-01 5.503843404914698922e-01 7.950581578867861321e-01 4.984278160507621402e-01 8.527872613391977996e-01 8.537080659059395060e-01 6.651932319988778097e-01 4.914612629716374470e-01 1.322244964635409525e-01 0.000000000000000000e+00 5.033070698365319506e-01 7.484816933867272093e-01 4.453093682639073791e-01 3.448727865985583008e-01 7.629357566183160300e-01 8.837544508552932498e-01 5.267019091823432753e-01 5.141592640848484663e-01 5.930485343186366887e-01
1.401156683760784727e-01 4.487990758936015734e-01 2.928964146612123010e-01 9.672508862437262378e-01 5.203527374438683406e-01 6.704292463879624187e-01 1.176564481110862204e-01 8.269457806944582323e-01 5.616383882169975195e-01 2.875512954378325881e-01 3.067108697337076473e-01 6.052982760460288159e-01 8.394666539071916622e-01 6.781595078372985030e-01 2.919619267387177919e-01 5.175396344724332298e-01 6.141276411482798903e-01 5.949709852684428313e-01 4.107432053513271342e-01 5.203586557434518589e-01 1.157033530310506153e-01 4.475725465519492796e-01 4.297281879902046242e-01 5.438270628870292001e-01 5.414029378093221379e-01 5.033070698365319506e-01 0.000000000000000000e+00 3.311463957114921253e-01 6.997375720226295392e-01 7.949176514267637383e-01 8.043370132686287199e-01 8.316506736465603122e-01 8.126463546990956299e-01 6.171619434821871142e-01 8.668869035590005545e-01
2.857120669728533402e-01 4.723619508023201297e-01 4.723171894187560005e-01 9.445634567649355828e-01 6.819070315789230730e-01 3.863115987085254388e-01 7.505254618276990808e-02 8.412369269106675373e-01 4.143768473026211430e-01 7.985463389060437622e-01 7.877777776634453666e-01 7.357315557178656373e-01 5.733866157807868680e-01 6.370073457547196227e-01 8.666422147806513987e-01 4.347337307004440765e-01 1.707067832665605245e-01 9.410259554432481854e-01 7.876081375457367750e-01 3.204635673527019835e-01 1.362103588504680607e-01 8.108083705963639032e-01 4.226627794142366890e-01 5.679508083496704884e-01 3.626623250575043977e-01 7.484816933867272093e-01 3.311463957114921253e-01 0.000000000000000000e+00 1.301254263384922227e-01 4.528249724109735252e-01 6.016125722238239160e-01 8.592150838307269778e-01 3.486163919585463788e-01 4.658652967746733098e-01 5.605214808531102655e-01
4.295424948236440388e-01 5.714016899495685253e-01 6.738496409082290750e-01 6.120159113530079242e-01 8.070954332006622378e-01 1.779688064294975280e-01 8.128183102136239402e-01 5.545583107254294930e-01 4.549772924202085123e-01 3.007036733052230737e-01 3.999745090003335446e-01 6.408859940712869907e-01 3.455994367628519859e-01 4.599717670757014210e-01 6.335428915846623710e-01 3.883592283074227547e-01 7.132765452309373089e-01 9.167709350511590305e-01 5.451608639479996743e-01 8.663307493329923670e-01 6.790729195713067767e-01 3.549696271333399600e-01 1.704934819935872703e-01 6.438944530133710042e-01 3.705247335023948985e-01 4.453093682639073791e-01 6.997375720226295392e-01 1.301254263384922227e-01 0.000000000000000000e+00 5.532428270051641395e-01 5.101281501040242361e-01 4.256475093539637822e-01 8.870621827532527703e-01 4.683816001080836067e-01 3.974937228932177158e-01
5.338197810742597582e-01 8.574821707749800126e-01 7.710074127888788542e-01 2.827639166036269858e-01 2.331675929308374418e-02 7.892868373697952133e-01 5.156008125234743389e-01 7.252825639744076014e-01 5.822363477251161212e-01 5.402324498256947383e-01 8.258935232335657961e-01 7.236339215359832711e-01 4.396609301168422079e-01 9.281511506122928079e-01 5.555816712695635928e-01 5.993283524276300511e-01 6.228355823726099416e-01 4.601158566351918888e-01 3.017740002452516945e-01 5.927831442479216673e-01 4.819742951661819541e-01 5.101510940597111521e-01 7.999216440281240459e-01 7.715035717379727931e-01 5.508120597857824041e-01 3.448727865985583008e-01 7.949176514267637383e-01 4.528249724109735252e-01 5.532428270051641395e-01 0.000000000000000000e+00 7.285451622265902705e-01 1.032356912820734385e-01 3.099343727379798574e-01 6.032224037426339169e-01 4.145334906083932847e-01
3.037339293673840257e-01 3.801102461998933091e-01 8.751710751104452291e-01 6.312565199219830614e-01 4.704061142099243975e-01 5.046222070166704876e-01 6.110646120362602796e-01 8.003345259839611536e-01 6.062919162889712776e-01 7.656636328968802196e-01 6.082382251283188213e-01 6.312948229751722540e-01 4.914942425577464857e-01 7.226065995797514852e-01 2.488414037315639371e-01 5.748357134398907053e-01 8.966367056325097451e-01 3.862374325943850328e-01 2.985325249365486378e-01 7.321598063350087671e-01 8.060389143112944854e-02 4.313895935696707151e-01 4.141039805577901856e-01 3.493015676313964146e-01 3.505458075679722674e-01 7.629357566183160300e-01 8.043370132686287199e-01 6.016125722238239160e-01 5.101281501040242361e-01 7.285451622265902705e-01 0.000000000000000000e+00 5.624238651037880565e-01 2.129673049220147663e-01 5.689045663949817699e-01 4.171151726826595185e-01
3.332433684840036547e-01 5.819535269547644329e-01 9.130214867146524416e-01 5.738685969080004057e-01 6.308709369842420145e-01 4.681357035149015799e-01 6.549336253926911766e-01 4.272963540037453267e-01 6.567535659449901253e-01 7.530974684355631332e-01 4.735825975436514512e-01 5.550035122316667735e-01 4.313906761953376079e-01 1.632324012413227665e-01 6.945826508556506296e-01 4.940057257830726689e-01 4.731381087942919117e-01 6.823861445089786093e-01 5.465070107150815648e-01 8.329065134471500542e-01 8.594764582474723191e-01 1.682201204288562568e-01 3.294681433342765975e-01 8.777685129498891126e-02 1.555209071263740084e-01 8.837544508552932498e-01 8.316506736465603122e-01 8.592150838307269778e-01 4.256475093539637822e-01 1.032356912820734385e-01 5.624238651037880565e-01 0.000000000000000000e+00 8.324070592378851607e-01 7.612614850259411536e-01 1.193740805251124470e-01
1.661203629070918120e-01 5.621134533781074749e-01 6.485741202371168024e-01 4.768038750795601244e-01 3.322514132816619670e-01 4.157254174651886514e-01 8.354553180444637128e-01 6.251681528194069637e-01 5.676120365503067866e-01 4.588580203708783611e-01 3.518369543894463991e-01 5.919547015819149882e-01 4.761332527054238928e-01 2.155622537461635013e-01 1.922027566316778513e-01 1.808856133155872792e-01 7.671071549955178481e-01 2.284543915776288125e-01 3.887152191619559494e-01 2.490991931804695247e-01 5.257280407749144180e-01 5.273716069138900675e-01 5.843212366236043565e-01 5.186264721150560808e-01 4.628406357490378875e-01 5.267019091823432753e-01 8.126463546990956299e-01 3.486163919585463788e-01 8.870621827532527703e-01 3.099343727379798574e-01 2.129673049220147663e-01 8.324070592378851607e-01 0.000000000000000000e+00 4.705108046526010335e-01 8.157676875598225408e-01
7.426110252629716246e-01 6.665239196357160001e-01 9.020971345013641951e-01 5.512831845422447863e-01 4.343478091117066731e-01 6.763623842358972293e-01 8.978557753451544832e-01 3.486221314826855044e-01 4.434829182450404361e-01 2.187111815032929396e-01 4.665751536726037152e-01 6.682364926847024211e-01 7.492724125454739426e-01 4.733881745357493842e-01 2.041500772426999566e-01 4.559782579546564629e-01 8.754925532594044491e-01 5.589344798917779134e-01 4.472437324279037729e-01 1.160121495207446785e-01 8.367891264588775968e-01 4.684619636685877775e-01 6.910072136537432907e-01 6.098412712714562645e-02 5.560663695273397877e-01 5.141592640848484663e-01 6.171619434821871142e-01 4.658652967746733098e-01 4.683816001080836067e-01 6.032224037426339169e-01 5.689045663949817699e-01 7.612614850259411536e-01 4.705108046526010335e-01 0.000000000000000000e+00 5.508332975040444168e-01
5.511544591103272328e-01 8.512440097116734661e-01 4.244911301566463013e-01 7.050612560798874551e-01 7.115003544805355018e-01 4.744513585044112802e-01 5.208675913760676401e-01 2.283119566686317992e-01 5.918815809942190587e-01 3.059818758052899046e-01 3.167513067800487025e-01 4.736338074963155620e-01 5.329118882569264803e-01 3.446110556519143553e-01 5.548365668282768670e-01 1.308451987083103507e-02 4.061474953133127341e-01 7.156970469381063182e-01 7.306254525216451245e-01 8.429593778919461933e-01 1.703119607635307231e-01 5.212232790354101031e-01 3.419002688154317848e-01 7.915189791001309150e-01 6.568835550123838241e-01 5.930485343186366887e-01 8.668869035590005545e-01 5.605214808531102655e-01 3.974937228932177158e-01 4.145334906083932847e-01 4.171151726826595185e-01 1.193740805251124470e-01 8.157676875598225408e-01 5.508332975040444168e-01 0.000000000000000000e+00
